{
  "metadata": {
    "armature_name": "KIM_caucasian_male",
    "export_time": "2026-01-13T21:05:30.619037",
    "blender_version": "4.4.1",
    "bone_count": 56,
    "end_bone_count": 13,
    "spaces_included": [
      "LOCAL_CHANNELS",
      "ARMATURE_SPACE",
      "WORLD_SPACE"
    ],
    "note": "LOCAL matches Transform panel; replay pose via local.matrix_basis for best fidelity."
  },
  "bones": {
    "Root": {
      "name": "Root",
      "local": {
        "location": {
          "x": 0.0,
          "y": 0.0,
          "z": 0.0
        },
        "rotation_quaternion": {
          "w": 0.9994286298751831,
          "x": 0.008806681260466576,
          "y": 0.014226977713406086,
          "z": 0.029367221519351006
        },
        "scale": {
          "x": 1.0,
          "y": 1.0,
          "z": 1.0
        },
        "matrix_basis": [
          [
            0.9978703260421753,
            -0.05845030024647713,
            0.02895495295524597,
            0.0
          ],
          [
            0.05895146727561951,
            0.9981200098991394,
            -0.016767684370279312,
            0.0
          ],
          [
            -0.027920441702008247,
            0.0184389129281044,
            0.99944007396698,
            0.0
          ],
          [
            0.0,
            0.0,
            0.0,
            1.0
          ]
        ],
        "rotation_mode": "QUATERNION"
      },
      "armature_space": {
        "head": {
          "x": 0.0,
          "y": 0.07072800397872925,
          "z": -0.009595036506652832
        },
        "tail": {
          "x": -0.004171940963715315,
          "y": -4.395097494125366e-05,
          "z": -0.001322195865213871
        }
      },
      "world_space": {
        "head": {
          "x": 0.0,
          "y": 0.13397200405597687,
          "z": 0.9402589797973633
        },
        "tail": {
          "x": -0.004171940963715315,
          "y": 0.06320004910230637,
          "z": 0.9485318064689636
        },
        "rotation_quaternion": {
          "w": 0.05854249745607376,
          "x": 0.9977514743804932,
          "y": -0.02834206633269787,
          "z": 0.016173064708709717
        },
        "matrix": [
          [
            0.9978703260421753,
            -0.05845030024647713,
            0.02895495295524597,
            0.0
          ],
          [
            -0.05466303601861,
            -0.991538941860199,
            -0.11773893982172012,
            0.13397200405597687
          ],
          [
            0.03559203818440437,
            0.1159052923321724,
            -0.9926294088363647,
            0.9402589797973633
          ],
          [
            0.0,
            0.0,
            0.0,
            1.0
          ]
        ]
      },
      "bone_length_armature_space": 0.07137586813611224,
      "parent": null,
      "has_children": true,
      "is_end_bone": false
    },
    "spine_01": {
      "name": "spine_01",
      "local": {
        "location": {
          "x": 0.0,
          "y": 0.0,
          "z": 0.0
        },
        "rotation_quaternion": {
          "w": 0.9999014139175415,
          "x": -0.008269248530268669,
          "y": 0.0021289996802806854,
          "z": 0.011155502870678902
        },
        "scale": {
          "x": 1.0,
          "y": 1.0,
          "z": 1.0
        },
        "matrix_basis": [
          [
            0.9997420310974121,
            -0.022344017401337624,
            0.004073084332048893,
            0.0
          ],
          [
            0.02227359637618065,
            0.9996143579483032,
            0.0165843665599823,
            0.0
          ],
          [
            -0.004442074801772833,
            -0.016489366069436073,
            0.9998541474342346,
            0.0
          ],
          [
            0.0,
            0.0,
            0.0,
            1.0
          ]
        ],
        "rotation_mode": "QUATERNION"
      },
      "armature_space": {
        "head": {
          "x": -0.004171940963715315,
          "y": -4.395097494125366e-05,
          "z": -0.001322195865213871
        },
        "tail": {
          "x": -0.03118269518017769,
          "y": 0.023245878517627716,
          "z": 0.4853774607181549
        }
      },
      "world_space": {
        "head": {
          "x": -0.004171940963715315,
          "y": 0.06320004910230637,
          "z": 0.9485318064689636
        },
        "tail": {
          "x": -0.03118269518017769,
          "y": 0.08648987859487534,
          "z": 1.4352314472198486
        },
        "rotation_quaternion": {
          "w": 0.7227848172187805,
          "x": 0.6900244951248169,
          "y": -0.038004517555236816,
          "z": 0.0020072897896170616
        },
        "matrix": [
          [
            0.997103214263916,
            -0.055349767208099365,
            -0.05216765031218529,
            -0.004171940963715315
          ],
          [
            -0.0495460145175457,
            0.04772493988275528,
            -0.9976309537887573,
            0.06320004910230637
          ],
          [
            0.05770869180560112,
            0.9973328709602356,
            0.04484371840953827,
            0.9485318064689636
          ],
          [
            0.0,
            0.0,
            0.0,
            1.0
          ]
        ]
      },
      "bone_length_armature_space": 0.4880046713240613,
      "parent": "Root",
      "has_children": true,
      "is_end_bone": false
    },
    "neck_01": {
      "name": "neck_01",
      "local": {
        "location": {
          "x": 0.0,
          "y": 0.0,
          "z": 0.0
        },
        "rotation_quaternion": {
          "w": 0.987871527671814,
          "x": -0.11280685663223267,
          "y": -0.07210852205753326,
          "z": -0.07864435762166977
        },
        "scale": {
          "x": 1.0,
          "y": 1.0,
          "z": 1.0
        },
        "matrix_basis": [
          [
            0.9772308468818665,
            0.17164970934391022,
            -0.12472466379404068,
            0.0
          ],
          [
            -0.13911236822605133,
            0.9621793627738953,
            0.23421922326087952,
            0.0
          ],
          [
            0.16021116077899933,
            -0.2115355134010315,
            0.9641499519348145,
            0.0
          ],
          [
            0.0,
            0.0,
            0.0,
            1.0
          ]
        ],
        "rotation_mode": "QUATERNION"
      },
      "armature_space": {
        "head": {
          "x": -0.03704451769590378,
          "y": -0.007858054712414742,
          "z": 0.5599558353424072
        },
        "tail": {
          "x": -0.025875937193632126,
          "y": -0.02138539031147957,
          "z": 0.6609659194946289
        }
      },
      "world_space": {
        "head": {
          "x": -0.03704451769590378,
          "y": 0.05538594722747803,
          "z": 1.5098098516464233
        },
        "tail": {
          "x": -0.025875937193632126,
          "y": 0.04185860976576805,
          "z": 1.610819935798645
        },
        "rotation_quaternion": {
          "w": 0.6586322784423828,
          "x": 0.7456533908843994,
          "y": -0.015167738310992718,
          "z": -0.09987277537584305
        },
        "matrix": [
          [
            0.979590892791748,
            0.10893909633159637,
            -0.16892005503177643,
            -0.03704451769590378
          ],
          [
            -0.15417787432670593,
            -0.13194654881954193,
            -0.9791933298110962,
            0.05538594722747803
          ],
          [
            -0.12896192073822021,
            0.9852593541145325,
            -0.11245939135551453,
            1.5098098516464233
          ],
          [
            0.0,
            0.0,
            0.0,
            1.0
          ]
        ]
      },
      "bone_length_armature_space": 0.10252201422531826,
      "parent": "spine_01",
      "has_children": true,
      "is_end_bone": false
    },
    "head": {
      "name": "head",
      "local": {
        "location": {
          "x": 0.0,
          "y": 0.0,
          "z": 0.0
        },
        "rotation_quaternion": {
          "w": 0.9977881908416748,
          "x": -0.023475324735045433,
          "y": 0.06219042092561722,
          "z": -0.0003550738620106131
        },
        "scale": {
          "x": 1.0,
          "y": 1.0,
          "z": 1.0
        },
        "matrix_basis": [
          [
            0.992264449596405,
            -0.0022113036829978228,
            0.12412240356206894,
            0.0
          ],
          [
            -0.0036284576635807753,
            0.9988975524902344,
            0.046802639961242676,
            0.0
          ],
          [
            -0.1240890622138977,
            -0.04689096659421921,
            0.9911625385284424,
            0.0
          ],
          [
            0.0,
            0.0,
            0.0,
            1.0
          ]
        ],
        "rotation_mode": "QUATERNION"
      },
      "armature_space": {
        "head": {
          "x": -0.025875970721244812,
          "y": -0.02138553559780121,
          "z": 0.6609658598899841
        },
        "tail": {
          "x": -0.0002315286546945572,
          "y": 0.02144574373960495,
          "z": 0.8078030347824097
        }
      },
      "world_space": {
        "head": {
          "x": -0.025875970721244812,
          "y": 0.04185846447944641,
          "z": 1.6108198165893555
        },
        "tail": {
          "x": -0.0002315286546945572,
          "y": 0.08468974381685257,
          "z": 1.7576570510864258
        },
        "rotation_quaternion": {
          "w": 0.7970104217529297,
          "x": 0.5982228517532349,
          "y": 0.05347185581922531,
          "z": -0.06359735131263733
        },
        "matrix": [
          [
            0.9861923456192017,
            0.1653517782688141,
            0.009143516421318054,
            -0.025875970721244812
          ],
          [
            -0.03740035742521286,
            0.27617010474205017,
            -0.9603809714317322,
            0.04185846447944641
          ],
          [
            -0.1613270342350006,
            0.9467853307723999,
            0.27854207158088684,
            1.6108198165893555
          ],
          [
            0.0,
            0.0,
            0.0,
            1.0
          ]
        ]
      },
      "bone_length_armature_space": 0.15509129902621893,
      "parent": "neck_01",
      "has_children": false,
      "is_end_bone": true
    },
    "upperarm_l": {
      "name": "upperarm_l",
      "local": {
        "location": {
          "x": 0.0,
          "y": 0.0,
          "z": 0.0
        },
        "rotation_quaternion": {
          "w": 0.8892362713813782,
          "x": 0.4046469032764435,
          "y": 0.2005922645330429,
          "z": 0.07268071919679642
        },
        "scale": {
          "x": 1.0,
          "y": 1.0,
          "z": 1.0
        },
        "matrix_basis": [
          [
            0.9089605212211609,
            0.0330774150788784,
            0.41556790471076965,
            0.0
          ],
          [
            0.29159873723983765,
            0.661956787109375,
            -0.6904950141906738,
            0.0
          ],
          [
            -0.29792776703834534,
            0.7488117814064026,
            0.5920472741127014,
            0.0
          ],
          [
            0.0,
            0.0,
            0.0,
            1.0
          ]
        ],
        "rotation_mode": "QUATERNION"
      },
      "armature_space": {
        "head": {
          "x": 0.11607453227043152,
          "y": -0.021679015830159187,
          "z": 0.5017266869544983
        },
        "tail": {
          "x": 0.29118555784225464,
          "y": -0.2245115041732788,
          "z": 0.5033797025680542
        }
      },
      "world_space": {
        "head": {
          "x": 0.11607453227043152,
          "y": 0.04156498610973358,
          "z": 1.4515807628631592
        },
        "tail": {
          "x": 0.29118555784225464,
          "y": -0.1612675040960312,
          "z": 1.4532337188720703
        },
        "rotation_quaternion": {
          "w": 0.1892765760421753,
          "x": 0.7918633818626404,
          "y": 0.2927660048007965,
          "z": -0.5014128684997559
        },
        "matrix": [
          [
            0.3257458508014679,
            0.6534738540649414,
            -0.683272659778595,
            0.11607453227043152
          ],
          [
            0.27385008335113525,
            -0.7569239735603333,
            -0.5933568477630615,
            0.04156498610973358
          ],
          [
            -0.9049347639083862,
            0.006168561056256294,
            -0.42552223801612854,
            1.4515807628631592
          ],
          [
            0.0,
            0.0,
            0.0,
            1.0
          ]
        ]
      },
      "bone_length_armature_space": 0.2679694439105987,
      "parent": "spine_01",
      "has_children": true,
      "is_end_bone": false
    },
    "lowerarm_l": {
      "name": "lowerarm_l",
      "local": {
        "location": {
          "x": 0.0,
          "y": 0.0,
          "z": 0.0
        },
        "rotation_quaternion": {
          "w": 0.9601224064826965,
          "x": 0.26597166061401367,
          "y": 0.029876556247472763,
          "z": -0.0808170884847641
        },
        "scale": {
          "x": 1.0,
          "y": 1.0,
          "z": 1.0
        },
        "matrix_basis": [
          [
            0.985152006149292,
            0.17108123004436493,
            0.014380191452801228,
            0.0
          ],
          [
            -0.13929596543312073,
            0.8454553484916687,
            -0.5155597925186157,
            0.0
          ],
          [
            -0.10036041587591171,
            0.5059016346931458,
            0.8567329049110413,
            0.0
          ],
          [
            0.0,
            0.0,
            0.0,
            1.0
          ]
        ],
        "rotation_mode": "QUATERNION"
      },
      "armature_space": {
        "head": {
          "x": 0.29118552803993225,
          "y": -0.22451162338256836,
          "z": 0.503379762172699
        },
        "tail": {
          "x": 0.318488210439682,
          "y": -0.4786698520183563,
          "z": 0.42446446418762207
        }
      },
      "world_space": {
        "head": {
          "x": 0.29118552803993225,
          "y": -0.16126762330532074,
          "z": 1.4532337188720703
        },
        "tail": {
          "x": 0.318488210439682,
          "y": -0.4154258370399475,
          "z": 1.3743184804916382
        },
        "rotation_quaternion": {
          "w": 0.08817245066165924,
          "x": -0.7885143756866455,
          "y": -0.131175234913826,
          "z": 0.5943598747253418
        },
        "matrix": [
          [
            0.25905898213386536,
            0.10205677151679993,
            -0.9604544639587402,
            0.29118552803993225
          ],
          [
            0.3116794228553772,
            -0.9500372409820557,
            -0.01688215136528015,
            -0.16126762330532074
          ],
          [
            -0.9141967296600342,
            -0.2949834167957306,
            -0.2779266834259033,
            1.4532337188720703
          ],
          [
            0.0,
            0.0,
            0.0,
            1.0
          ]
        ]
      },
      "bone_length_armature_space": 0.26752470487809155,
      "parent": "upperarm_l",
      "has_children": true,
      "is_end_bone": false
    },
    "metacarpal_thumb_l": {
      "name": "metacarpal_thumb_l",
      "local": {
        "location": {
          "x": 0.0,
          "y": 0.0,
          "z": 0.0
        },
        "rotation_quaternion": {
          "w": 0.9990032911300659,
          "x": -0.03993401676416397,
          "y": 0.019863072782754898,
          "z": 0.0018263334641233087
        },
        "scale": {
          "x": 1.0,
          "y": 1.0,
          "z": 1.0
        },
        "matrix_basis": [
          [
            0.9992042183876038,
            -0.005235450807958841,
            0.03954068571329117,
            0.0
          ],
          [
            0.002062601735815406,
            0.996803879737854,
            0.07986097782850266,
            0.0
          ],
          [
            -0.03983241692185402,
            -0.07971587777137756,
            0.9960214495658875,
            0.0
          ],
          [
            0.0,
            0.0,
            0.0,
            1.0
          ]
        ],
        "rotation_mode": "QUATERNION"
      },
      "armature_space": {
        "head": {
          "x": 0.318488210439682,
          "y": -0.4786698520183563,
          "z": 0.42446446418762207
        },
        "tail": {
          "x": 0.2955625355243683,
          "y": -0.5150984525680542,
          "z": 0.39994990825653076
        }
      },
      "world_space": {
        "head": {
          "x": 0.318488210439682,
          "y": -0.4154258370399475,
          "z": 1.3743184804916382
        },
        "tail": {
          "x": 0.2955625355243683,
          "y": -0.4518544673919678,
          "z": 1.3498039245605469
        },
        "rotation_quaternion": {
          "w": 0.24289537966251373,
          "x": -0.9279419779777527,
          "y": 0.2707141637802124,
          "z": -0.08148349076509476
        },
        "matrix": [
          [
            0.8401480317115784,
            -0.46283018589019775,
            0.28273507952690125,
            0.318488210439682
          ],
          [
            -0.5419983863830566,
            -0.7354312539100647,
            0.40666717290878296,
            -0.4154258370399475
          ],
          [
            0.019714049994945526,
            -0.49490681290626526,
            -0.8687305450439453,
            1.3743184804916382
          ],
          [
            0.0,
            0.0,
            0.0,
            1.0
          ]
        ]
      },
      "bone_length_armature_space": 0.04953375571400587,
      "parent": "lowerarm_l",
      "has_children": true,
      "is_end_bone": false
    },
    "thumb_01_l": {
      "name": "thumb_01_l",
      "local": {
        "location": {
          "x": 0.0,
          "y": 0.0,
          "z": 0.0
        },
        "rotation_quaternion": {
          "w": 0.9981862306594849,
          "x": 0.05866993963718414,
          "y": 0.012038173153996468,
          "z": -0.006110267713665962
        },
        "scale": {
          "x": 1.0,
          "y": 1.0,
          "z": 1.0
        },
        "matrix_basis": [
          [
            0.9996355175971985,
            0.013610928319394588,
            0.02331569977104664,
            0.0
          ],
          [
            -0.010785812512040138,
            0.9930409789085388,
            -0.11727416515350342,
            0.0
          ],
          [
            -0.02474965527653694,
            0.1169799417257309,
            0.9928258657455444,
            0.0
          ],
          [
            0.0,
            0.0,
            0.0,
            1.0
          ]
        ],
        "rotation_mode": "QUATERNION"
      },
      "armature_space": {
        "head": {
          "x": 0.2955625355243683,
          "y": -0.5150984525680542,
          "z": 0.39994990825653076
        },
        "tail": {
          "x": 0.291898638010025,
          "y": -0.5217242240905762,
          "z": 0.3667638301849365
        }
      },
      "world_space": {
        "head": {
          "x": 0.2955625355243683,
          "y": -0.4518544673919678,
          "z": 1.3498039245605469
        },
        "tail": {
          "x": 0.291898638010025,
          "y": -0.45848023891448975,
          "z": 1.3166178464889526
        },
        "rotation_quaternion": {
          "w": 0.26078757643699646,
          "x": -0.39302846789360046,
          "y": 0.5785009264945984,
          "z": -0.6654736995697021
        },
        "matrix": [
          [
            -0.555037796497345,
            -0.10763932764530182,
            0.8248311281204224,
            0.2955625355243683
          ],
          [
            -0.8018282055854797,
            -0.19465413689613342,
            -0.5649611353874207,
            -0.4518544673919678
          ],
          [
            0.2213699072599411,
            -0.9749550819396973,
            0.02173180878162384,
            1.3498039245605469
          ],
          [
            0.0,
            0.0,
            0.0,
            1.0
          ]
        ]
      },
      "bone_length_armature_space": 0.03403881185755815,
      "parent": "metacarpal_thumb_l",
      "has_children": true,
      "is_end_bone": false
    },
    "thumb_02_l": {
      "name": "thumb_02_l",
      "local": {
        "location": {
          "x": 0.0,
          "y": 0.0,
          "z": 0.0
        },
        "rotation_quaternion": {
          "w": 0.9879846572875977,
          "x": 0.154307022690773,
          "y": 0.004628321621567011,
          "z": -0.007366254925727844
        },
        "scale": {
          "x": 1.0,
          "y": 1.0,
          "z": 1.0
        },
        "matrix_basis": [
          [
            0.9998486042022705,
            0.015983859077095985,
            0.00687209190800786,
            0.0
          ],
          [
            -0.013127128593623638,
            0.9522701501846313,
            -0.30497413873672485,
            0.0
          ],
          [
            -0.011418751440942287,
            0.30483776330947876,
            0.9523358345031738,
            0.0
          ],
          [
            0.0,
            0.0,
            0.0,
            1.0
          ]
        ],
        "rotation_mode": "QUATERNION"
      },
      "armature_space": {
        "head": {
          "x": 0.291898638010025,
          "y": -0.5217241644859314,
          "z": 0.3667638301849365
        },
        "tail": {
          "x": 0.2984023988246918,
          "y": -0.5613442659378052,
          "z": 0.3657014071941376
        }
      },
      "world_space": {
        "head": {
          "x": 0.291898638010025,
          "y": -0.45848017930984497,
          "z": 1.3166178464889526
        },
        "tail": {
          "x": 0.2984023988246918,
          "y": -0.49810028076171875,
          "z": 1.315555453300476
        },
        "rotation_quaternion": {
          "w": 0.082248255610466,
          "x": -0.12038788944482803,
          "y": 0.003360084490850568,
          "z": -0.9893081784248352
        },
        "matrix": [
          [
            -0.95748370885849,
            0.16192880272865295,
            0.23875409364700317,
            0.291898638010025
          ],
          [
            -0.16354668140411377,
            -0.9864477515220642,
            0.013155579566955566,
            -0.45848017930984497
          ],
          [
            0.23765039443969727,
            -0.02645212411880493,
            0.9709978699684143,
            1.3166178464889526
          ],
          [
            0.0,
            0.0,
            0.0,
            1.0
          ]
        ]
      },
      "bone_length_armature_space": 0.04016441348873482,
      "parent": "thumb_01_l",
      "has_children": true,
      "is_end_bone": false
    },
    "thumb_03_l": {
      "name": "thumb_03_l",
      "local": {
        "location": {
          "x": 0.0,
          "y": 0.0,
          "z": 0.0
        },
        "rotation_quaternion": {
          "w": 0.9985164403915405,
          "x": 0.05335706099867821,
          "y": 0.008924084715545177,
          "z": -0.006196584552526474
        },
        "scale": {
          "x": 1.0,
          "y": 1.0,
          "z": 1.0
        },
        "matrix_basis": [
          [
            0.9997639060020447,
            0.013327108696103096,
            0.017160426825284958,
            0.0
          ],
          [
            -0.011422457173466682,
            0.994229257106781,
            -0.10666640102863312,
            0.0
          ],
          [
            -0.018482953310012817,
            0.10644520819187164,
            0.9941467642784119,
            0.0
          ],
          [
            0.0,
            0.0,
            0.0,
            1.0
          ]
        ],
        "rotation_mode": "QUATERNION"
      },
      "armature_space": {
        "head": {
          "x": 0.2984023094177246,
          "y": -0.5613442063331604,
          "z": 0.3657013475894928
        },
        "tail": {
          "x": 0.30870965123176575,
          "y": -0.5884931683540344,
          "z": 0.3748438358306885
        }
      },
      "world_space": {
        "head": {
          "x": 0.2984023094177246,
          "y": -0.498100221157074,
          "z": 1.3155553340911865
        },
        "tail": {
          "x": 0.30870965123176575,
          "y": -0.525249183177948,
          "z": 1.3246978521347046
        },
        "rotation_quaternion": {
          "w": 0.1885947585105896,
          "x": 0.09706873446702957,
          "y": -0.13624073565006256,
          "z": -0.9677025079727173
        },
        "matrix": [
          [
            -0.9100189805030823,
            0.33855780959129333,
            -0.23925605416297913,
            0.2984023094177246
          ],
          [
            -0.3914567232131958,
            -0.8917407989501953,
            0.2270677238702774,
            -0.498100221157074
          ],
          [
            -0.13648013770580292,
            0.30029594898223877,
            0.9440391659736633,
            1.3155553340911865
          ],
          [
            0.0,
            0.0,
            0.0,
            1.0
          ]
        ]
      },
      "bone_length_armature_space": 0.030444909718810947,
      "parent": "thumb_02_l",
      "has_children": false,
      "is_end_bone": true
    },
    "metacarpal_index_l": {
      "name": "metacarpal_index_l",
      "local": {
        "location": {
          "x": 0.0,
          "y": 0.0,
          "z": 0.0
        },
        "rotation_quaternion": {
          "w": 0.9992024898529053,
          "x": 0.03837946057319641,
          "y": -0.007359735667705536,
          "z": -0.008206590078771114
        },
        "scale": {
          "x": 1.0,
          "y": 1.0,
          "z": 1.0
        },
        "matrix_basis": [
          [
            0.9997569918632507,
            0.015835165977478027,
            -0.01533766184002161,
            0.0
          ],
          [
            -0.016965016722679138,
            0.9969193339347839,
            -0.07657691091299057,
            0.0
          ],
          [
            0.014077803120017052,
            0.07681850343942642,
            0.9969456791877747,
            0.0
          ],
          [
            0.0,
            0.0,
            0.0,
            1.0
          ]
        ],
        "rotation_mode": "QUATERNION"
      },
      "armature_space": {
        "head": {
          "x": 0.318488210439682,
          "y": -0.4786698520183563,
          "z": 0.42446446418762207
        },
        "tail": {
          "x": 0.2958180904388428,
          "y": -0.5789398550987244,
          "z": 0.3682393431663513
        }
      },
      "world_space": {
        "head": {
          "x": 0.318488210439682,
          "y": -0.4154258370399475,
          "z": 1.3743184804916382
        },
        "tail": {
          "x": 0.2958180904388428,
          "y": -0.5156958699226379,
          "z": 1.3180932998657227
        },
        "rotation_quaternion": {
          "w": 0.264026403427124,
          "x": -0.9441991448402405,
          "y": 0.04913223907351494,
          "z": 0.1906939148902893
        },
        "matrix": [
          [
            0.9224439263343811,
            -0.19347770512104034,
            -0.33416110277175903,
            0.318488210439682
          ],
          [
            0.00791484396904707,
            -0.8557524085044861,
            0.5173248052597046,
            -0.4154258370399475
          ],
          [
            -0.3860527276992798,
            -0.47985222935676575,
            -0.7878574728965759,
            1.3743184804916382
          ],
          [
            0.0,
            0.0,
            0.0,
            1.0
          ]
        ]
      },
      "bone_length_armature_space": 0.11717197519027014,
      "parent": "lowerarm_l",
      "has_children": true,
      "is_end_bone": false
    },
    "index_01_l": {
      "name": "index_01_l",
      "local": {
        "location": {
          "x": 0.0,
          "y": 0.0,
          "z": 0.0
        },
        "rotation_quaternion": {
          "w": 0.9960587620735168,
          "x": -0.08828643709421158,
          "y": 0.007690477650612593,
          "z": 0.0036554094403982162
        },
        "scale": {
          "x": 1.0,
          "y": 1.0,
          "z": 1.0
        },
        "matrix_basis": [
          [
            0.9998549818992615,
            -0.008639935404062271,
            0.014674888923764229,
            0.0
          ],
          [
            0.005924075376242399,
            0.984384298324585,
            0.17593318223953247,
            0.0
          ],
          [
            -0.0159657821059227,
            -0.1758207380771637,
            0.98429274559021,
            0.0
          ],
          [
            0.0,
            0.0,
            0.0,
            1.0
          ]
        ],
        "rotation_mode": "QUATERNION"
      },
      "armature_space": {
        "head": {
          "x": 0.2958180904388428,
          "y": -0.5789398550987244,
          "z": 0.3682393431663513
        },
        "tail": {
          "x": 0.30221354961395264,
          "y": -0.6052495837211609,
          "z": 0.359296977519989
        }
      },
      "world_space": {
        "head": {
          "x": 0.2958180904388428,
          "y": -0.5156958699226379,
          "z": 1.3180932998657227
        },
        "tail": {
          "x": 0.30221354961395264,
          "y": -0.5420055985450745,
          "z": 1.3091509342193604
        },
        "rotation_quaternion": {
          "w": 0.14612333476543427,
          "x": -0.9743237495422363,
          "y": -0.13155248761177063,
          "z": 0.10970520228147507
        },
        "matrix": [
          [
            0.9413174390792847,
            0.22428852319717407,
            -0.2522227466106415,
            0.2958180904388428
          ],
          [
            0.2884105443954468,
            -0.922683835029602,
            0.25587815046310425,
            -0.5156958699226379
          ],
          [
            -0.17533230781555176,
            -0.31360936164855957,
            -0.9332320690155029,
            1.3180932998657227
          ],
          [
            0.0,
            0.0,
            0.0,
            1.0
          ]
        ]
      },
      "bone_length_armature_space": 0.028514375969561485,
      "parent": "metacarpal_index_l",
      "has_children": true,
      "is_end_bone": false
    },
    "index_02_l": {
      "name": "index_02_l",
      "local": {
        "location": {
          "x": 0.0,
          "y": 0.0,
          "z": 0.0
        },
        "rotation_quaternion": {
          "w": 0.9874613285064697,
          "x": 0.15750271081924438,
          "y": 0.008785190992057323,
          "z": -0.00599649315699935
        },
        "scale": {
          "x": 1.0,
          "y": 1.0,
          "z": 1.0
        },
        "matrix_basis": [
          [
            0.9997737407684326,
            0.014609993435442448,
            0.015461144968867302,
            0.0
          ],
          [
            -0.009075227193534374,
            0.9503138661384583,
            -0.3111610412597656,
            0.0
          ],
          [
            -0.019239000976085663,
            0.31095030903816223,
            0.9502314329147339,
            0.0
          ],
          [
            0.0,
            0.0,
            0.0,
            1.0
          ]
        ],
        "rotation_mode": "QUATERNION"
      },
      "armature_space": {
        "head": {
          "x": 0.30221331119537354,
          "y": -0.6052499413490295,
          "z": 0.359296590089798
        },
        "tail": {
          "x": 0.3065165579319,
          "y": -0.6259748339653015,
          "z": 0.3448033630847931
        }
      },
      "world_space": {
        "head": {
          "x": 0.30221331119537354,
          "y": -0.5420059561729431,
          "z": 1.3091505765914917
        },
        "tail": {
          "x": 0.3065165579319,
          "y": -0.5627308487892151,
          "z": 1.2946573495864868
        },
        "rotation_quaternion": {
          "w": 0.2794671654701233,
          "x": -0.9388461112976074,
          "y": -0.13399752974510193,
          "z": 0.15003585815429688
        },
        "matrix": [
          [
            0.9190678000450134,
            0.16774620115756989,
            -0.3566172122955322,
            0.30221331119537354
          ],
          [
            0.3354666233062744,
            -0.8078856468200684,
            0.48454374074935913,
            -0.5420059561729431
          ],
          [
            -0.20682671666145325,
            -0.5649664402008057,
            -0.7987802624702454,
            1.3091505765914917
          ],
          [
            0.0,
            0.0,
            0.0,
            1.0
          ]
        ]
      },
      "bone_length_armature_space": 0.025653317988608527,
      "parent": "index_01_l",
      "has_children": true,
      "is_end_bone": false
    },
    "index_03_l": {
      "name": "index_03_l",
      "local": {
        "location": {
          "x": 0.0,
          "y": 0.0,
          "z": 0.0
        },
        "rotation_quaternion": {
          "w": 0.9785760045051575,
          "x": 0.20575445890426636,
          "y": -0.0005279433680698276,
          "z": 0.0073348768055438995
        },
        "scale": {
          "x": 1.0,
          "y": 1.0,
          "z": 1.0
        },
        "matrix_basis": [
          [
            0.9998918175697327,
            -0.014572721906006336,
            0.001985101727768779,
            0.0
          ],
          [
            0.014138215221464634,
            0.9152225852012634,
            -0.4027004837989807,
            0.0
          ],
          [
            0.004051632713526487,
            0.4026850163936615,
            0.91532963514328,
            0.0
          ],
          [
            0.0,
            0.0,
            0.0,
            1.0
          ]
        ],
        "rotation_mode": "QUATERNION"
      },
      "armature_space": {
        "head": {
          "x": 0.3065165877342224,
          "y": -0.6259748935699463,
          "z": 0.34480348229408264
        },
        "tail": {
          "x": 0.30833402276039124,
          "y": -0.6387820839881897,
          "z": 0.3186039626598358
        }
      },
      "world_space": {
        "head": {
          "x": 0.3065165877342224,
          "y": -0.5627309083938599,
          "z": 1.2946574687957764
        },
        "tail": {
          "x": 0.30833402276039124,
          "y": -0.5755380988121033,
          "z": 1.2684580087661743
        },
        "rotation_quaternion": {
          "w": 0.5148983001708984,
          "x": -0.8358680605888367,
          "y": -0.1253747045993805,
          "z": 0.14312773942947388
        },
        "matrix": [
          [
            0.9275913238525391,
            0.06220126152038574,
            -0.36838221549987793,
            0.3065165877342224
          ],
          [
            0.35698598623275757,
            -0.43832218647003174,
            0.8248843550682068,
            -0.5627309083938599
          ],
          [
            -0.11016172170639038,
            -0.896669864654541,
            -0.4287911355495453,
            1.2946574687957764
          ],
          [
            0.0,
            0.0,
            0.0,
            1.0
          ]
        ]
      },
      "bone_length_armature_space": 0.02921886420373046,
      "parent": "index_02_l",
      "has_children": false,
      "is_end_bone": true
    },
    "metacarpal_pinky_l": {
      "name": "metacarpal_pinky_l",
      "local": {
        "location": {
          "x": 0.0,
          "y": 0.0,
          "z": 0.0
        },
        "rotation_quaternion": {
          "w": 0.9994866847991943,
          "x": -0.024459129199385643,
          "y": -0.0004945057444274426,
          "z": 0.020685778930783272
        },
        "scale": {
          "x": 1.0,
          "y": 1.0,
          "z": 1.0
        },
        "matrix_basis": [
          [
            0.9991437196731567,
            -0.0413261316716671,
            -0.002000416163355112,
            0.0
          ],
          [
            0.041374512016773224,
            0.9979476928710938,
            0.0488726906478405,
            0.0
          ],
          [
            -2.3408465494867414e-05,
            -0.04891360551118851,
            0.9988030195236206,
            0.0
          ],
          [
            0.0,
            0.0,
            0.0,
            1.0
          ]
        ],
        "rotation_mode": "QUATERNION"
      },
      "armature_space": {
        "head": {
          "x": 0.318488210439682,
          "y": -0.4786698520183563,
          "z": 0.42446446418762207
        },
        "tail": {
          "x": 0.36488404870033264,
          "y": -0.5691590309143066,
          "z": 0.4020512104034424
        }
      },
      "world_space": {
        "head": {
          "x": 0.318488210439682,
          "y": -0.4154258370399475,
          "z": 1.3743184804916382
        },
        "tail": {
          "x": 0.36488404870033264,
          "y": -0.5059150457382202,
          "z": 1.3519052267074585
        },
        "rotation_quaternion": {
          "w": 0.18710994720458984,
          "x": 0.28647005558013916,
          "y": 0.17461909353733063,
          "z": -0.923272967338562
        },
        "matrix": [
          [
            -0.765849769115448,
            0.4455535113811493,
            -0.4636336863040924,
            0.318488210439682
          ],
          [
            -0.24546149373054504,
            -0.8689959049224854,
            -0.42964473366737366,
            -0.4154258370399475
          ],
          [
            -0.5943300127983093,
            -0.2152414172887802,
            0.77489173412323,
            1.3743184804916382
          ],
          [
            0.0,
            0.0,
            0.0,
            1.0
          ]
        ]
      },
      "bone_length_armature_space": 0.10413077920255746,
      "parent": "lowerarm_l",
      "has_children": true,
      "is_end_bone": false
    },
    "pinky_01_l": {
      "name": "pinky_01_l",
      "local": {
        "location": {
          "x": 0.0,
          "y": 0.0,
          "z": 0.0
        },
        "rotation_quaternion": {
          "w": 0.9988963603973389,
          "x": 0.043980181217193604,
          "y": -0.01612912118434906,
          "z": 0.003414053935557604
        },
        "scale": {
          "x": 1.0,
          "y": 1.0,
          "z": 1.0
        },
        "matrix_basis": [
          [
            0.9994564056396484,
            -0.008239295333623886,
            -0.031922340393066406,
            0.0
          ],
          [
            0.005401848815381527,
            0.9961081743240356,
            -0.08797341585159302,
            0.0
          ],
          [
            0.03252294287085533,
            0.08775315433740616,
            0.9956111907958984,
            0.0
          ],
          [
            0.0,
            0.0,
            0.0,
            1.0
          ]
        ],
        "rotation_mode": "QUATERNION"
      },
      "armature_space": {
        "head": {
          "x": 0.36488404870033264,
          "y": -0.5691590309143066,
          "z": 0.4020512104034424
        },
        "tail": {
