{
  "metadata": {
    "armature_name": "KIM_caucasian_male",
    "export_time": "2026-01-13T20:26:12.527514",
    "blender_version": "4.4.1",
    "bone_count": 56,
    "end_bone_count": 13,
    "spaces_included": [
      "LOCAL_CHANNELS",
      "ARMATURE_SPACE",
      "WORLD_SPACE"
    ],
    "note": "LOCAL matches Transform panel; replay pose via local.matrix_basis for best fidelity."
  },
  "bones": {
    "Root": {
      "name": "Root",
      "local": {
        "location": {
          "x": 0.0,
          "y": 0.0,
          "z": 0.0
        },
        "rotation_quaternion": {
          "w": 0.9995967149734497,
          "x": -0.010311833582818508,
          "y": 0.0014006061246618629,
          "z": -0.02642175368964672
        },
        "scale": {
          "x": 1.0,
          "y": 1.0,
          "z": 1.0
        },
        "matrix_basis": [
          [
            0.9985998868942261,
            0.05279330909252167,
            0.003344995900988579,
            0.0
          ],
          [
            -0.052851080894470215,
            0.9983910918235779,
            0.02054133638739586,
            0.0
          ],
          [
            -0.0022551692090928555,
            -0.020689362660050392,
            0.9997833967208862,
            0.0
          ],
          [
            0.0,
            0.0,
            0.0,
            1.0
          ]
        ],
        "rotation_mode": "QUATERNION"
      },
      "armature_space": {
        "head": {
          "x": 0.0,
          "y": 0.07072800397872925,
          "z": -0.009595036506652832
        },
        "tail": {
          "x": 0.0037681683897972107,
          "y": 0.00031231343746185303,
          "z": 0.0014478899538516998
        }
      },
      "world_space": {
        "head": {
          "x": 0.0,
          "y": 0.13397200405597687,
          "z": 0.9402589797973633
        },
        "tail": {
          "x": 0.0037681683897972107,
          "y": 0.06355631351470947,
          "z": 0.9513019323348999
        },
        "rotation_quaternion": {
          "w": 0.07762889564037323,
          "x": 0.9966312050819397,
          "y": 0.026456082239747047,
          "z": -0.00038255538675002754
        },
        "matrix": [
          [
            0.9985998868942261,
            0.05279330909252167,
            0.003344995900988579,
            0.0
          ],
          [
            0.05267452076077461,
            -0.986547589302063,
            -0.15475545823574066,
            0.13397200405597687
          ],
          [
            -0.004870039410889149,
            0.15471512079238892,
            -0.9879541993141174,
            0.9402589797973633
          ],
          [
            0.0,
            0.0,
            0.0,
            1.0
          ]
        ]
      },
      "bone_length_armature_space": 0.07137586864580535,
      "parent": null,
      "has_children": true,
      "is_end_bone": false
    },
    "spine_01": {
      "name": "spine_01",
      "local": {
        "location": {
          "x": 0.0,
          "y": 0.0,
          "z": 0.0
        },
        "rotation_quaternion": {
          "w": 0.9915537238121033,
          "x": 0.10201385617256165,
          "y": 0.0465853251516819,
          "z": -0.06514793634414673
        },
        "scale": {
          "x": 1.0,
          "y": 1.0,
          "z": 1.0
        },
        "matrix_basis": [
          [
            0.9871711134910583,
            0.13870005309581757,
            0.07909172028303146,
            0.0
          ],
          [
            -0.1196906641125679,
            0.970697820186615,
            -0.20837430655956268,
            0.0
          ],
          [
            -0.10567568987607956,
            0.1962345689535141,
            0.9748459458351135,
            0.0
          ],
          [
            0.0,
            0.0,
            0.0,
            1.0
          ]
        ],
        "rotation_mode": "QUATERNION"
      },
      "armature_space": {
        "head": {
          "x": 0.0037681683897972107,
          "y": 0.00031231343746185303,
          "z": 0.0014478899538516998
        },
        "tail": {
          "x": 0.07704497128725052,
          "y": -0.059620991349220276,
          "z": 0.4801825284957886
        }
      },
      "world_space": {
        "head": {
          "x": 0.0037681683897972107,
          "y": 0.06355631351470947,
          "z": 0.9513019323348999
        },
        "tail": {
          "x": 0.07704497128725052,
          "y": 0.0036230087280273438,
          "z": 1.4300365447998047
        },
        "rotation_quaternion": {
          "w": 0.6546868085861206,
          "x": 0.7492709755897522,
          "y": 0.09989035129547119,
          "z": -0.0003566334198694676
        },
        "matrix": [
          [
            0.9800434708595276,
            0.15015700459480286,
            0.13026024401187897,
            0.0037681683897972107
          ],
          [
            0.14922377467155457,
            -0.12281384319067001,
            -0.9811468124389648,
            0.06355631351470947
          ],
          [
            -0.13132908940315247,
            0.981011152267456,
            -0.14277175068855286,
            0.9513019323348999
          ],
          [
            0.0,
            0.0,
            0.0,
            1.0
          ]
        ]
      },
      "bone_length_armature_space": 0.48800446080037224,
      "parent": "Root",
      "has_children": true,
      "is_end_bone": false
    },
    "neck_01": {
      "name": "neck_01",
      "local": {
        "location": {
          "x": 0.0,
          "y": 0.0,
          "z": 0.0
        },
        "rotation_quaternion": {
          "w": 0.9929031133651733,
          "x": 0.0035529732704162598,
          "y": -0.0930052101612091,
          "z": -0.07403256744146347
        },
        "scale": {
          "x": 1.0,
          "y": 1.0,
          "z": 1.0
        },
        "matrix_basis": [
          [
            0.9717383980751038,
            0.14635343849658966,
            -0.18521639704704285,
            0.0
          ],
          [
            -0.14767521619796753,
            0.989013135433197,
            0.006715312600135803,
            0.0
          ],
          [
            0.18416425585746765,
            0.020826345309615135,
            0.9826748371124268,
            0.0
          ],
          [
            0.0,
            0.0,
            0.0,
            1.0
          ]
        ],
        "rotation_mode": "QUATERNION"
      },
      "armature_space": {
        "head": {
          "x": 0.09255671501159668,
          "y": -0.10263983905315399,
          "z": 0.5470592975616455
        },
        "tail": {
          "x": 0.12649640440940857,
          "y": -0.1515750288963318,
          "z": 0.6305108666419983
        }
      },
      "world_space": {
        "head": {
          "x": 0.09255671501159668,
          "y": -0.03939583897590637,
          "z": 1.4969133138656616
        },
        "tail": {
          "x": 0.12649640440940857,
          "y": -0.08833102881908417,
          "z": 1.5803649425506592
        },
        "rotation_quaternion": {
          "w": 0.49827760457992554,
          "x": 0.84836345911026,
          "y": 0.11428385972976685,
          "z": -0.1376153528690338
        },
        "matrix": [
          [
            0.9360024929046631,
            0.3310500681400299,
            -0.11960412561893463,
            0.09255671501159668
          ],
          [
            0.056768521666526794,
            -0.47731706500053406,
            -0.8768957257270813,
            -0.03939583897590637
          ],
          [
            -0.34738782048225403,
            0.8139919638633728,
            -0.46556729078292847,
            1.4969133138656616
          ],
          [
            0.0,
            0.0,
            0.0,
            1.0
          ]
        ]
      },
      "bone_length_armature_space": 0.10252180010947971,
      "parent": "spine_01",
      "has_children": true,
      "is_end_bone": false
    },
    "head": {
      "name": "head",
      "local": {
        "location": {
          "x": 0.0,
          "y": 0.0,
          "z": 0.0
        },
        "rotation_quaternion": {
          "w": 0.9828169345855713,
          "x": -0.021999996155500412,
          "y": 0.1739346832036972,
          "z": 0.05773745849728584
        },
        "scale": {
          "x": 1.0,
          "y": 1.0,
          "z": 1.0
        },
        "matrix_basis": [
          [
            0.9328262209892273,
            -0.12114382535219193,
            0.33935144543647766,
            0.0
          ],
          [
            0.10583757609128952,
            0.992364764213562,
            0.06332903355360031,
            0.0
          ],
          [
            -0.34443235397338867,
            -0.02315884456038475,
            0.9385254383087158,
            0.0
          ],
          [
            0.0,
            0.0,
            0.0,
            1.0
          ]
        ],
        "rotation_mode": "QUATERNION"
      },
      "armature_space": {
        "head": {
          "x": 0.126496359705925,
          "y": -0.15157511830329895,
          "z": 0.6305107474327087
        },
        "tail": {
          "x": 0.1629553735256195,
          "y": -0.16873863339424133,
          "z": 0.7802753448486328
        }
      },
      "world_space": {
        "head": {
          "x": 0.126496359705925,
          "y": -0.08833111822605133,
          "z": 1.58036470413208
        },
        "tail": {
          "x": 0.1629553735256195,
          "y": -0.10549463331699371,
          "z": 1.730129361152649
        },
        "rotation_quaternion": {
          "w": 0.6341705322265625,
          "x": 0.7430856823921204,
          "y": 0.2061394453048706,
          "z": 0.05619638413190842
        },
        "matrix": [
          [
            0.9086964726448059,
            0.23508261144161224,
            0.3449738621711731,
            0.126496359705925
          ],
          [
            0.3776359260082245,
            -0.11066790670156479,
            -0.9193171262741089,
            -0.08833111822605133
          ],
          [
            -0.1779388189315796,
            0.9656614065170288,
            -0.18934133648872375,
            1.58036470413208
          ],
          [
            0.0,
            0.0,
            0.0,
            1.0
          ]
        ]
      },
      "bone_length_armature_space": 0.15509120069438415,
      "parent": "neck_01",
      "has_children": false,
      "is_end_bone": true
    },
    "upperarm_l": {
      "name": "upperarm_l",
      "local": {
        "location": {
          "x": 0.0,
          "y": 0.0,
          "z": 0.0
        },
        "rotation_quaternion": {
          "w": 0.8935701847076416,
          "x": 0.08085748553276062,
          "y": 0.4347062110900879,
          "z": 0.07762090116739273
        },
        "scale": {
          "x": 1.0,
          "y": 1.0,
          "z": 1.0
        },
        "matrix_basis": [
          [
            0.6100110411643982,
            -0.06842094659805298,
            0.789433479309082,
            0.0
          ],
          [
            0.20901794731616974,
            0.9748741388320923,
            -0.077019102871418,
            0.0
          ],
          [
            -0.7643285393714905,
            0.21198825538158417,
            0.6089851260185242,
            0.0
          ],
          [
            0.0,
            0.0,
            0.0,
            1.0
          ]
        ],
        "rotation_mode": "QUATERNION"
      },
      "armature_space": {
        "head": {
          "x": 0.2298869490623474,
          "y": -0.07513123005628586,
          "z": 0.46097302436828613
        },
        "tail": {
          "x": 0.4960090219974518,
          "y": -0.08324486017227173,
          "z": 0.43062782287597656
        }
      },
      "world_space": {
        "head": {
          "x": 0.2298869490623474,
          "y": -0.011887229979038239,
          "z": 1.4108270406723022
        },
        "tail": {
          "x": 0.4960090219974518,
          "y": -0.02000086009502411,
          "z": 1.3804818391799927
        },
        "rotation_quaternion": {
          "w": 0.13927271962165833,
          "x": 0.6824377179145813,
          "y": 0.6822484731674194,
          "z": -0.22230352461338043
        },
        "matrix": [
          [
            -0.029764525592327118,
            0.9931061267852783,
            -0.11337651312351227,
            0.2298869490623474
          ],
          [
            0.8692620396614075,
            -0.03027820587158203,
            -0.49342358112335205,
            -0.011887229979038239
          ],
          [
            -0.493457555770874,
            -0.11324124783277512,
            -0.8623747825622559,
            1.4108270406723022
          ],
          [
            0.0,
            0.0,
            0.0,
            1.0
          ]
        ]
      },
      "bone_length_armature_space": 0.26796943788917593,
      "parent": "spine_01",
      "has_children": true,
      "is_end_bone": false
    },
    "lowerarm_l": {
      "name": "lowerarm_l",
      "local": {
        "location": {
          "x": 0.0,
          "y": 0.0,
          "z": 0.0
        },
        "rotation_quaternion": {
          "w": 0.9148415923118591,
          "x": 0.2849336266517639,
          "y": 0.06761980801820755,
          "z": -0.2780381441116333
        },
        "scale": {
          "x": 1.0,
          "y": 1.0,
          "z": 1.0
        },
        "matrix_basis": [
          [
            0.8362447023391724,
            0.5472560524940491,
            -0.03472200781106949,
            0.0
          ],
          [
            -0.47018739581108093,
            0.6830152273178101,
            -0.558940052986145,
            0.0
          ],
          [
            -0.2821676731109619,
            0.48373648524284363,
            0.8284807801246643,
            0.0
          ],
          [
            0.0,
            0.0,
            0.0,
            1.0
          ]
        ],
        "rotation_mode": "QUATERNION"
      },
      "armature_space": {
        "head": {
          "x": 0.49600911140441895,
          "y": -0.08324499428272247,
          "z": 0.43062785267829895
        },
        "tail": {
          "x": 0.6450767517089844,
          "y": -0.07291844487190247,
          "z": 0.20872195065021515
        }
      },
      "world_space": {
        "head": {
          "x": 0.49600911140441895,
          "y": -0.020000994205474854,
          "z": 1.3804818391799927
        },
        "tail": {
          "x": 0.6450767517089844,
          "y": -0.009674444794654846,
          "z": 1.1585760116577148
        },
        "rotation_quaternion": {
          "w": 0.1860179603099823,
          "x": -0.5220758318901062,
          "y": -0.6962028741836548,
          "z": 0.4562191069126129
        },
        "matrix": [
          [
            -0.3856653571128845,
            0.5572112798690796,
            -0.7353756427764893,
            0.49600911140441895
          ],
          [
            0.8966724872589111,
            0.038600385189056396,
            -0.441008597612381,
            -0.020000994205474854
          ],
          [
            -0.21734991669654846,
            -0.8294788599014282,
            -0.5145270228385925,
            1.3804818391799927
          ],
          [
            0.0,
            0.0,
            0.0,
            1.0
          ]
        ]
      },
      "bone_length_armature_space": 0.2675257500558334,
      "parent": "upperarm_l",
      "has_children": true,
      "is_end_bone": false
    },
    "metacarpal_thumb_l": {
      "name": "metacarpal_thumb_l",
      "local": {
        "location": {
          "x": 0.0,
          "y": 0.0,
          "z": 0.0
        },
        "rotation_quaternion": {
          "w": 0.9999136924743652,
          "x": -0.0038783401250839233,
          "y": -0.011697567068040371,
          "z": 0.004563926253467798
        },
        "scale": {
          "x": 1.0,
          "y": 1.0,
          "z": 1.0
        },
        "matrix_basis": [
          [
            0.9996846914291382,
            -0.009036330506205559,
            -0.02342851646244526,
            0.0
          ],
          [
            0.009217798709869385,
            0.9999282360076904,
            0.007649237290024757,
            0.0
          ],
          [
            0.023357713595032692,
            -0.007862784899771214,
            0.9996962547302246,
            0.0
          ],
          [
            0.0,
            0.0,
            0.0,
            1.0
          ]
        ],
        "rotation_mode": "QUATERNION"
      },
      "armature_space": {
        "head": {
          "x": 0.6450767517089844,
          "y": -0.07291844487190247,
          "z": 0.20872195065021515
        },
        "tail": {
          "x": 0.6416975855827332,
          "y": -0.07669834047555923,
          "z": 0.15944811701774597
        }
      },
      "world_space": {
        "head": {
          "x": 0.6450767517089844,
          "y": -0.009674444794654846,
          "z": 1.1585760116577148
        },
        "tail": {
          "x": 0.6416975855827332,
          "y": -0.013454340398311615,
          "z": 1.1093021631240845
        },
        "rotation_quaternion": {
          "w": 0.665208637714386,
          "x": -0.7061094045639038,
          "y": -0.13907866179943085,
          "z": 0.19890716671943665
        },
        "matrix": [
          [
            0.8821861743927002,
            -0.06822007149457932,
            -0.46593257784843445,
            0.6450767517089844
          ],
          [
            0.46103861927986145,
            -0.0763096958398819,
            0.8840928673744202,
            -0.009674444794654846
          ],
          [
            -0.09586834162473679,
            -0.9947545528411865,
            -0.03586668521165848,
            1.1585760116577148
          ],
          [
            0.0,
            0.0,
            0.0,
            1.0
          ]
        ]
      },
      "bone_length_armature_space": 0.04953399904400895,
      "parent": "lowerarm_l",
      "has_children": true,
      "is_end_bone": false
    },
    "thumb_01_l": {
      "name": "thumb_01_l",
      "local": {
        "location": {
          "x": 0.0,
          "y": 0.0,
          "z": 0.0
        },
        "rotation_quaternion": {
          "w": 0.999660074710846,
          "x": -0.014984196051955223,
          "y": 0.017731256783008575,
          "z": 0.011865586042404175
        },
        "scale": {
          "x": 1.0,
          "y": 1.0,
          "z": 1.0
        },
        "matrix_basis": [
          [
            0.9990895986557007,
            -0.024254482239484787,
            0.035094864666461945,
            0.0
          ],
          [
            0.023191727697849274,
            0.9992693662643433,
            0.03037898801267147,
            0.0
          ],
          [
            -0.03580605238676071,
            -0.029537420719861984,
            0.9989221692085266,
            0.0
          ],
          [
            0.0,
            0.0,
            0.0,
            1.0
          ]
        ],
        "rotation_mode": "QUATERNION"
      },
      "armature_space": {
        "head": {
          "x": 0.6416975855827332,
          "y": -0.07669834047555923,
          "z": 0.15944811701774597
        },
        "tail": {
          "x": 0.6237401366233826,
          "y": -0.058014772832393646,
          "z": 0.13737812638282776
        }
      },
      "world_space": {
        "head": {
          "x": 0.6416975855827332,
          "y": -0.013454340398311615,
          "z": 1.1093021631240845
        },
        "tail": {
          "x": 0.6237401366233826,
          "y": 0.005229227244853973,
          "z": 1.0872321128845215
        },
        "rotation_quaternion": {
          "w": 0.6196889877319336,
          "x": -0.4722305238246918,
          "y": 0.6248472332954407,
          "z": -0.05049664154648781
        },
        "matrix": [
          [
            0.2140328288078308,
            -0.5275624394416809,
            0.8221116065979004,
            0.6416975855827332
          ],
          [
            -0.652728796005249,
            0.5488938689231873,
            0.5221691727638245,
            -0.013454340398311615
          ],
          [
            -0.7267345786094666,
            -0.6483814716339111,
            -0.22687512636184692,
            1.1093021631240845
          ],
          [
            0.0,
            0.0,
            0.0,
            1.0
          ]
        ]
      },
      "bone_length_armature_space": 0.03403865720564743,
      "parent": "metacarpal_thumb_l",
      "has_children": true,
      "is_end_bone": false
    },
    "thumb_02_l": {
      "name": "thumb_02_l",
      "local": {
        "location": {
          "x": 0.0,
          "y": 0.0,
          "z": 0.0
        },
        "rotation_quaternion": {
          "w": 0.9960486888885498,
          "x": 0.0877789705991745,
          "y": 0.009300900623202324,
          "z": 0.009775838814675808
        },
        "scale": {
          "x": 1.0,
          "y": 1.0,
          "z": 1.0
        },
        "matrix_basis": [
          [
            0.9996358752250671,
            -0.017841575667262077,
            0.020244525745511055,
            0.0
          ],
          [
            0.021107269451022148,
            0.9843985438346863,
            -0.1746824085712433,
            0.0
          ],
          [
            -0.016812073066830635,
            0.17504610121250153,
            0.984416663646698,
            0.0
          ],
          [
            0.0,
            0.0,
            0.0,
            1.0
          ]
        ],
        "rotation_mode": "QUATERNION"
      },
      "armature_space": {
        "head": {
          "x": 0.6237400770187378,
          "y": -0.05801478028297424,
          "z": 0.13737818598747253
        },
        "tail": {
          "x": 0.6447384357452393,
          "y": -0.05365929380059242,
          "z": 0.1034180223941803
        }
      },
      "world_space": {
        "head": {
          "x": 0.6237400770187378,
          "y": 0.0052292197942733765,
          "z": 1.087232232093811
        },
        "tail": {
          "x": 0.6447384357452393,
          "y": 0.009584706276655197,
          "z": 1.053272008895874
        },
        "rotation_quaternion": {
          "w": 0.540695309638977,
          "x": -0.17107950150966644,
          "y": 0.511730968952179,
          "z": -0.6453773379325867
        },
        "matrix": [
          [
            -0.356757253408432,
            0.5228108763694763,
            0.7742045521736145,
            0.6237400770187378
          ],
          [
            -0.8730000853538513,
            0.10844147950410843,
            -0.4755116105079651,
            0.0052292197942733765
          ],
          [
            -0.3325617015361786,
            -0.8455288410186768,
            0.4177292585372925,
            1.087232232093811
          ],
          [
            0.0,
            0.0,
            0.0,
            1.0
          ]
        ]
      },
      "bone_length_armature_space": 0.04016458692523758,
      "parent": "thumb_01_l",
      "has_children": true,
      "is_end_bone": false
    },
    "thumb_03_l": {
      "name": "thumb_03_l",
      "local": {
        "location": {
          "x": 0.0,
          "y": 0.0,
          "z": 0.0
        },
        "rotation_quaternion": {
          "w": 0.9979434013366699,
          "x": 0.06406990438699722,
          "y": -0.0019212191691622138,
          "z": 0.0006857204134576023
        },
        "scale": {
          "x": 1.0,
          "y": 1.0,
          "z": 1.0
        },
        "matrix_basis": [
          [
            0.9999916553497314,
            -0.0016148049617186189,
            -0.0037466678768396378,
            0.0
          ],
          [
            0.0011224356712773442,
            0.9917891621589661,
            -0.12787890434265137,
            0.0
          ],
          [
            0.003922404255717993,
            0.12787364423274994,
            0.9917827248573303,
            0.0
          ],
          [
            0.0,
            0.0,
            0.0,
            1.0
          ]
        ],
        "rotation_mode": "QUATERNION"
      },
      "armature_space": {
        "head": {
          "x": 0.6447383761405945,
          "y": -0.05365931615233421,
          "z": 0.1034180149435997
        },
        "tail": {
          "x": 0.669599175453186,
          "y": -0.05322503298521042,
          "z": 0.08584963530302048
        }
      },
      "world_space": {
        "head": {
          "x": 0.6447383761405945,
          "y": 0.009584683924913406,
          "z": 1.053272008895874
        },
        "tail": {
          "x": 0.669599175453186,
          "y": 0.010018967092037201,
          "z": 1.0357036590576172
        },
        "rotation_quaternion": {
          "w": 0.5136030316352844,
          "x": 0.10494711995124817,
          "y": 0.49329856038093567,
          "z": -0.6941574811935425
        },
        "matrix": [
          [
            -0.45039382576942444,
            0.8165833353996277,
            0.3610219359397888,
            0.6447383761405945
          ],
          [
            -0.6095051765441895,
            0.014264561235904694,
            -0.7926537990570068,
            0.009584683924913406
          ],
          [
            -0.6524227857589722,
            -0.5770552158355713,
            0.4912899136543274,
            1.053272008895874
          ],
          [
            0.0,
            0.0,
            0.0,
            1.0
          ]
        ]
      },
      "bone_length_armature_space": 0.03044496543205714,
      "parent": "thumb_02_l",
      "has_children": false,
      "is_end_bone": true
    },
    "metacarpal_index_l": {
      "name": "metacarpal_index_l",
      "local": {
        "location": {
          "x": 0.0,
          "y": 0.0,
          "z": 0.0
        },
        "rotation_quaternion": {
          "w": 0.9997032284736633,
          "x": -0.023160787299275398,
          "y": 0.007326675113290548,
          "z": 0.0018210860434919596
        },
        "scale": {
          "x": 1.0,
          "y": 1.0,
          "z": 1.0
        },
        "matrix_basis": [
          [
            0.9998860359191895,
            -0.003980474546551704,
            0.014564646407961845,
            0.0
          ],
          [
            0.0033017080277204514,
            0.9989205002784729,
            0.046334512531757355,
            0.0
          ],
          [
            -0.014733357354998589,
            -0.04628114402294159,
            0.9988197684288025,
            0.0
          ],
          [
            0.0,
            0.0,
            0.0,
            1.0
          ]
        ],
        "rotation_mode": "QUATERNION"
      },
      "armature_space": {
        "head": {
          "x": 0.6450767517089844,
          "y": -0.07291844487190247,
          "z": 0.20872195065021515
        },
        "tail": {
          "x": 0.6828561425209045,
          "y": -0.08207448571920395,
          "z": 0.09818563610315323
        }
      },
      "world_space": {
        "head": {
          "x": 0.6450767517089844,
          "y": -0.009674444794654846,
          "z": 1.1585760116577148
        },
        "tail": {
          "x": 0.6828561425209045,
          "y": -0.01883048564195633,
          "z": 1.0480396747589111
        },
        "rotation_quaternion": {
          "w": 0.521710216999054,
          "x": -0.6858339309692383,
          "y": -0.4344503581523895,
          "z": 0.2621128559112549
        },
        "matrix": [
          [
            0.48509740829467773,
            0.32242751121520996,
            -0.8128470778465271,
            0.6450767517089844
          ],
          [
            0.8694167137145996,
            -0.07814207673072815,
            0.4878612458705902,
            -0.009674444794654846
          ],
          [
            0.09378384798765182,
            -0.9433701038360596,
            -0.31823229789733887,
            1.1585760116577148
          ],
          [
            0.0,
            0.0,
            0.0,
            1.0
          ]
        ]
      },
      "bone_length_armature_space": 0.11717248993723128,
      "parent": "lowerarm_l",
      "has_children": true,
      "is_end_bone": false
    },
    "index_01_l": {
      "name": "index_01_l",
      "local": {
        "location": {
          "x": 0.0,
          "y": 0.0,
          "z": 0.0
        },
        "rotation_quaternion": {
          "w": 0.9914993047714233,
          "x": -0.12991797924041748,
          "y": 0.007034355774521828,
          "z": -0.001032255939207971
        },
        "scale": {
          "x": 1.0,
          "y": 1.0,
          "z": 1.0
        },
        "matrix_basis": [
          [
            0.9998989105224609,
            0.00021918352285865694,
            0.014217334799468517,
            0.0
          ],
          [
            -0.0038747405633330345,
            0.9662405252456665,
            0.2576126456260681,
            0.0
          ],
          [
            -0.013680900447070599,
            -0.2576417028903961,
            0.9661436676979065,
            0.0
          ],
          [
            0.0,
            0.0,
            0.0,
            1.0
          ]
        ],
        "rotation_mode": "QUATERNION"
      },
      "armature_space": {
        "head": {
          "x": 0.6828561425209045,
          "y": -0.08207448571920395,
          "z": 0.09818563610315323
        },
        "tail": {
          "x": 0.7041252851486206,
          "y": -0.0814608559012413,
          "z": 0.0792035311460495
        }
      },
      "world_space": {
        "head": {
          "x": 0.6828561425209045,
          "y": -0.01883048564195633,
          "z": 1.0480396747589111
        },
        "tail": {
          "x": 0.7041252851486206,
          "y": -0.018216855823993683,
          "z": 1.029057502746582
        },
        "rotation_quaternion": {
          "w": 0.4386427700519562,
          "x": -0.6978499293327332,
          "y": -0.5642266273498535,
          "z": 0.04739608243107796
        },
        "matrix": [
          [
            0.3588007092475891,
            0.7459104061126709,
            -0.5611410140991211,
            0.6828561425209045
          ],
          [
            0.8290732502937317,
            0.021520137786865234,
            0.5587259531021118,
            -0.01883048564195633
          ],
          [
            0.42883923649787903,
            -0.6657031774520874,
            -0.6106967926025391,
            1.0480396747589111
          ],
          [
            0.0,
            0.0,
            0.0,
            1.0
          ]
        ]
      },
      "bone_length_armature_space": 0.028514440205054597,
      "parent": "metacarpal_index_l",
      "has_children": true,
      "is_end_bone": false
    },
    "index_02_l": {
      "name": "index_02_l",
      "local": {
        "location": {
          "x": 0.0,
          "y": 0.0,
          "z": 0.0
        },
        "rotation_quaternion": {
          "w": 0.999579668045044,
          "x": 0.027919752523303032,
          "y": -0.0021326038986444473,
          "z": -0.007515578996390104
        },
        "scale": {
          "x": 1.0,
          "y": 1.0,
          "z": 1.0
        },
        "matrix_basis": [
          [
            0.9998779296875,
            0.014905756339430809,
            -0.0046830810606479645,
            0.0
          ],
          [
            -0.015143923461437225,
            0.9983280301094055,
            -0.05578397959470749,
            0.0
          ],
          [
            0.0038437487091869116,
            0.05584808811545372,
            0.9984318614006042,
            0.0
          ],
          [
            0.0,
            0.0,
            0.0,
            1.0
          ]
        ],
        "rotation_mode": "QUATERNION"
      },
      "armature_space": {
        "head": {
          "x": 0.7041253447532654,
          "y": -0.0814608633518219,
          "z": 0.07920297980308533
        },
        "tail": {
          "x": 0.7233086228370667,
          "y": -0.07969217002391815,
          "z": 0.0622628815472126
        }
      },
      "world_space": {
        "head": {
          "x": 0.7041253447532654,
          "y": -0.01821686327457428,
          "z": 1.0290570259094238
        },
        "tail": {
          "x": 0.7233086228370667,
          "y": -0.016448169946670532,
          "z": 1.0121169090270996
        },
        "rotation_quaternion": {
          "w": 0.4265041947364807,
          "x": -0.6788550019264221,
          "y": -0.5937728881835938,
          "z": 0.06843894720077515
        },
        "matrix": [
          [
            0.2854963541030884,
            0.7477914690971375,
            -0.5994157791137695,
            0.7041253447532654
          ],
          [
            0.8645524978637695,
            0.0689459815621376,
            0.49779075384140015,
            -0.01821686327457428
          ],
          [
            0.41357487440109253,
            -0.6603485941886902,
            -0.6268251538276672,
            1.0290570259094238
          ],
          [
            0.0,
            0.0,
            0.0,
            1.0
          ]
        ]
      },
      "bone_length_armature_space": 0.025653330432712756,
      "parent": "index_01_l",
      "has_children": true,
      "is_end_bone": false
    },
    "index_03_l": {
      "name": "index_03_l",
      "local": {
        "location": {
          "x": 0.0,
          "y": 0.0,
          "z": 0.0
        },
        "rotation_quaternion": {
          "w": 0.9995311498641968,
          "x": 0.030583567917346954,
          "y": -0.0009753884514793754,
          "z": 0.0011379376519471407
        },
        "scale": {
          "x": 1.0,
          "y": 1.0,
          "z": 1.0
        },
        "matrix_basis": [
          [
            0.9999955296516418,
            -0.0023344699293375015,
            -0.0018802578561007977,
            0.0
          ],
          [
            0.00221514655277133,
            0.9981266856193542,
            -0.06114067882299423,
            0.0
          ],
          [
            0.0020194665994495153,
            0.061136238276958466,
            0.9981274008750916,
            0.0
          ],
          [
            0.0,
            0.0,
            0.0,
            1.0
          ]
        ],
        "rotation_mode": "QUATERNION"
      },
      "armature_space": {
        "head": {
          "x": 0.7233086824417114,
          "y": -0.07969226688146591,
          "z": 0.062262967228889465
        },
        "tail": {
          "x": 0.74298495054245,
          "y": -0.07321196049451828,
          "z": 0.04165743663907051
        }
      },
      "world_space": {
        "head": {
          "x": 0.7233086824417114,
          "y": -0.016448266804218292,
          "z": 1.0121170282363892
        },
        "tail": {
          "x": 0.74298495054245,
          "y": -0.00996796041727066,
          "z": 0.9915114641189575
        },
        "rotation_quaternion": {
          "w": 0.499086856842041,
          "x": -0.6196039319038391,
          "y": -0.6015019416809082,
          "z": 0.07210314273834229
        },
        "matrix": [
          [
            0.2659890651702881,
            0.6734132170677185,
            -0.689756453037262,
            0.7233086824417114
          ],
          [
            0.8173596262931824,
            0.2217864841222763,
            0.5317274928092957,
            -0.016448266804218292
          ],
          [
            0.5110555291175842,
            -0.7052176594734192,
            -0.49143099784851074,
            1.0121170282363892
          ],
          [
            0.0,
            0.0,
            0.0,
            1.0
          ]
        ]
      },
      "bone_length_armature_space": 0.029218791989071433,
      "parent": "index_02_l",
      "has_children": false,
      "is_end_bone": true
    },
    "metacarpal_pinky_l": {
      "name": "metacarpal_pinky_l",
      "local": {
        "location": {
          "x": 0.0,
          "y": 0.0,
          "z": 0.0
        },
        "rotation_quaternion": {
          "w": 0.9983479976654053,
          "x": -0.05292500928044319,
          "y": 0.019629668444395065,
          "z": -0.010717845521867275
        },
        "scale": {
          "x": 1.0,
          "y": 1.0,
          "z": 1.0
        },
        "matrix_basis": [
          [
            0.9989995956420898,
            0.019322479143738747,
            0.040328964591026306,
            0.0
          ],
          [
            -0.023478079587221146,
            0.9941681623458862,
            0.10525438189506531,
            0.0
          ],
          [
            -0.03805999457836151,
            -0.10609593242406845,
            0.9936272501945496,
            0.0
          ],
          [
            0.0,
            0.0,
            0.0,
            1.0
          ]
        ],
        "rotation_mode": "QUATERNION"
      },
      "armature_space": {
        "head": {
          "x": 0.6450767517089844,
          "y": -0.07291844487190247,
          "z": 0.20872195065021515
        },
        "tail": {
          "x": 0.7191306352615356,
          "y": -0.04431530833244324,
          "z": 0.14133387804031372
        }
      },
      "world_space": {
        "head": {
          "x": 0.6450767517089844,
          "y": -0.009674444794654846,
          "z": 1.1585760116577148
        },
        "tail": {
          "x": 0.7191306352615356,
          "y": 0.018928691744804382,
          "z": 1.0911879539489746
        },
        "rotation_quaternion": {
          "w": 0.36781081557273865,
          "x": 0.20858094096183777,
          "y": 0.7085598707199097,
          "z": -0.564935564994812
        },
        "matrix": [
          [
            -0.6424188017845154,
            0.7111626863479614,
            0.28556138277053833,
            0.6450767517089844
          ],
          [
            -0.11999212205410004,
            0.2746847867965698,
            -0.9540180563926697,
            -0.009674444794654846
          ],
          [
            -0.7569068670272827,
            -0.6471486687660217,
            -0.09113036841154099,
            1.1585760116577148
          ],
          [
            0.0,
            0.0,
            0.0,
            1.0
          ]
        ]
      },
      "bone_length_armature_space": 0.10413101872783719,
      "parent": "lowerarm_l",
      "has_children": true,
      "is_end_bone": false
    },
    "pinky_01_l": {
      "name": "pinky_01_l",
      "local": {
        "location": {
          "x": 0.0,
          "y": 0.0,
          "z": 0.0
        },
        "rotation_quaternion": {
          "w": 0.9637091159820557,
          "x": 0.26622718572616577,
          "y": 0.018035173416137695,
          "z": 0.007917634211480618
        },
        "scale": {
          "x": 1.0,
          "y": 1.0,
          "z": 1.0
        },
        "matrix_basis": [
          [
            0.999224066734314,
            -0.0056576854549348354,
            0.03897710144519806,
            0.0
          ],
          [
            0.024863500148057938,
            0.8581207990646362,
            -0.512845516204834,
            0.0
          ],
          [
            -0.030545543879270554,
            0.5134167075157166,
            0.8575956225395203,
            0.0
          ],
          [
            0.0,
            0.0,
            0.0,
            1.0
          ]
        ],
        "rotation_mode": "QUATERNION"
      },
      "armature_space": {
        "head": {
          "x": 0.7191306352615356,
          "y": -0.04431530833244324,
