{
  "metadata": {
    "armature_name": "KIM_caucasian_male",
    "export_time": "2026-01-13T21:01:05.315592",
    "blender_version": "4.4.1",
    "bone_count": 56,
    "end_bone_count": 13,
    "spaces_included": [
      "LOCAL_CHANNELS",
      "ARMATURE_SPACE",
      "WORLD_SPACE"
    ],
    "note": "LOCAL matches Transform panel; replay pose via local.matrix_basis for best fidelity."
  },
  "bones": {
    "Root": {
      "name": "Root",
      "local": {
        "location": {
          "x": 0.0,
          "y": 0.0,
          "z": 0.0
        },
        "rotation_quaternion": {
          "w": 0.9995787739753723,
          "x": 0.01422562450170517,
          "y": 0.013243923895061016,
          "z": -0.021556271240115166
        },
        "scale": {
          "x": 1.0,
          "y": 1.0,
          "z": 1.0
        },
        "matrix_basis": [
          [
            0.9987198710441589,
            0.043471187353134155,
            0.025863386690616608,
            0.0
          ],
          [
            -0.042717576026916504,
            0.9986659288406372,
            -0.029010243713855743,
            0.0
          ],
          [
            -0.02708999253809452,
            0.02786828577518463,
            0.9992444515228271,
            0.0
          ],
          [
            0.0,
            0.0,
            0.0,
            1.0
          ]
        ],
        "rotation_mode": "QUATERNION"
      },
      "armature_space": {
        "head": {
          "x": 0.0,
          "y": 0.07072800397872925,
          "z": -0.009595036506652832
        },
        "tail": {
          "x": 0.003102793823927641,
          "y": -0.0001730397343635559,
          "z": -0.0019838823936879635
        }
      },
      "world_space": {
        "head": {
          "x": 0.0,
          "y": 0.13397200405597687,
          "z": 0.9402589797973633
        },
        "tail": {
          "x": 0.003102793823927641,
          "y": 0.06307096034288406,
          "z": 0.947870135307312
        },
        "rotation_quaternion": {
          "w": 0.05314596742391586,
          "x": 0.9982662200927734,
          "y": 0.02239951491355896,
          "z": 0.011761638335883617
        },
        "matrix": [
          [
            0.9987198710441589,
            0.043471187353134155,
            0.025863386690616608,
            0.0
          ],
          [
            0.04597153514623642,
            -0.9933475255966187,
            -0.10558120161294937,
            0.13397200405597687
          ],
          [
            0.021101780235767365,
            0.10663483291864395,
            -0.9940813183784485,
            0.9402589797973633
          ],
          [
            0.0,
            0.0,
            0.0,
            1.0
          ]
        ]
      },
      "bone_length_armature_space": 0.07137587092031078,
      "parent": null,
      "has_children": true,
      "is_end_bone": false
    },
    "spine_01": {
      "name": "spine_01",
      "local": {
        "location": {
          "x": 0.0,
          "y": 0.0,
          "z": 0.0
        },
        "rotation_quaternion": {
          "w": 0.9981694221496582,
          "x": -0.027420524507761,
          "y": -0.02160952426493168,
          "z": -0.049386169761419296
        },
        "scale": {
          "x": 1.0,
          "y": 1.0,
          "z": 1.0
        },
        "matrix_basis": [
          [
            0.9941880702972412,
            0.09977661818265915,
            -0.04043154418468475,
            0.0
          ],
          [
            -0.09740643948316574,
            0.9936182498931885,
            0.056875079870224,
            0.0
          ],
          [
            0.04584832116961479,
            -0.052606236189603806,
            0.9975622892379761,
            0.0
          ],
          [
            0.0,
            0.0,
            0.0,
            1.0
          ]
        ],
        "rotation_mode": "QUATERNION"
      },
      "armature_space": {
        "head": {
          "x": 0.003102793823927641,
          "y": -0.0001730397343635559,
          "z": -0.0019838823936879635
        },
        "tail": {
          "x": 0.039923567324876785,
          "y": 0.03633132949471474,
          "z": 0.48325854539871216
        }
      },
      "world_space": {
        "head": {
          "x": 0.003102793823927641,
          "y": 0.06307096034288406,
          "z": 0.947870135307312
        },
        "tail": {
          "x": 0.039923567324876785,
          "y": 0.09957532584667206,
          "z": 1.433112621307373
        },
        "rotation_quaternion": {
          "w": 0.732576310634613,
          "x": 0.6796344518661499,
          "y": 0.027085082605481148,
          "z": -0.026370158419013023
        },
        "matrix": [
          [
            0.9971420764923096,
            0.07545221596956253,
            0.003839157521724701,
            0.003102793823927641
          ],
          [
            -0.0018209218978881836,
            0.07480384409427643,
            -0.9971966743469238,
            0.06307096034288406
          ],
          [
            -0.07552840560674667,
            0.9943467378616333,
            0.07472706586122513,
            0.947870135307312
          ],
          [
            0.0,
            0.0,
            0.0,
            1.0
          ]
        ]
      },
      "bone_length_armature_space": 0.48800465689156197,
      "parent": "Root",
      "has_children": true,
      "is_end_bone": false
    },
    "neck_01": {
      "name": "neck_01",
      "local": {
        "location": {
          "x": 0.0,
          "y": 0.0,
          "z": 0.0
        },
        "rotation_quaternion": {
          "w": 0.991870641708374,
          "x": 0.0010198424570262432,
          "y": 0.10835770517587662,
          "z": 0.0667111799120903
        },
        "scale": {
          "x": 1.0,
          "y": 1.0,
          "z": 1.0
        },
        "matrix_basis": [
          [
            0.9676164388656616,
            -0.13211670517921448,
            0.21508972346782684,
            0.0
          ],
          [
            0.13255873322486877,
            0.9910971522331238,
            0.012434236705303192,
            0.0
          ],
          [
            -0.2148175835609436,
            0.016480443999171257,
            0.9765151143074036,
            0.0
          ],
          [
            0.0,
            0.0,
            0.0,
            1.0
          ]
        ],
        "rotation_mode": "QUATERNION"
      },
      "armature_space": {
        "head": {
          "x": 0.04558120667934418,
          "y": 0.0072251297533512115,
          "z": 0.5586546659469604
        },
        "tail": {
          "x": 0.03927038609981537,
          "y": -0.02579643204808235,
          "z": 0.6555076241493225
        }
      },
      "world_space": {
        "head": {
          "x": 0.04558120667934418,
          "y": 0.07046912610530853,
          "z": 1.5085086822509766
        },
        "tail": {
          "x": 0.03927038609981537,
          "y": 0.03744756802916527,
          "z": 1.6053617000579834
        },
        "rotation_quaternion": {
          "w": 0.5814005136489868,
          "x": 0.8074551820755005,
          "y": 0.030432462692260742,
          "z": 0.09520283341407776
        },
        "matrix": [
          [
            0.9800207614898682,
            -0.06155618652701378,
            0.18913047015666962,
            0.04558120667934418
          ],
          [
            0.15984725952148438,
            -0.32209452986717224,
            -0.9331154227256775,
            0.07046912610530853
          ],
          [
            0.11835785955190659,
            0.9447104930877686,
            -0.3058227002620697,
            1.5085086822509766
          ],
          [
            0.0,
            0.0,
            0.0,
            1.0
          ]
        ]
      },
      "bone_length_armature_space": 0.10252192538894532,
      "parent": "spine_01",
      "has_children": true,
      "is_end_bone": false
    },
    "head": {
      "name": "head",
      "local": {
        "location": {
          "x": 0.0,
          "y": 0.0,
          "z": 0.0
        },
        "rotation_quaternion": {
          "w": 0.9635802507400513,
          "x": 0.09788349270820618,
          "y": 0.08272657543420792,
          "z": 0.2347089648246765
        },
        "scale": {
          "x": 1.0,
          "y": 1.0,
          "z": 1.0
        },
        "matrix_basis": [
          [
            0.8761360049247742,
            -0.436126708984375,
            0.20537565648555756,
            0.0
          ],
          [
            0.4685169756412506,
            0.8706610202789307,
            -0.14980386197566986,
            0.0
          ],
          [
            -0.1134791225194931,
            0.2274705320596695,
            0.9671502709388733,
            0.0
          ],
          [
            0.0,
            0.0,
            0.0,
            1.0
          ]
        ],
        "rotation_mode": "QUATERNION"
      },
      "armature_space": {
        "head": {
          "x": 0.039270419627428055,
          "y": -0.0257965549826622,
          "z": 0.655507504940033
        },
        "tail": {
          "x": -0.03877660259604454,
          "y": -0.06624221801757812,
          "z": 0.7832807302474976
        }
      },
      "world_space": {
        "head": {
          "x": 0.039270419627428055,
          "y": 0.03744744509458542,
          "z": 1.6053614616394043
        },
        "tail": {
          "x": -0.03877660259604454,
          "y": -0.0029982179403305054,
          "z": 1.7331347465515137
        },
        "rotation_quaternion": {
          "w": 0.6024869680404663,
          "x": 0.7268494367599487,
          "y": -0.08133838325738907,
          "z": 0.3195050060749054
        },
        "matrix": [
          [
            0.7826023101806641,
            -0.5032362937927246,
            0.3664519190788269,
            0.039270419627428055
          ],
          [
            0.26675134897232056,
            -0.2607879936695099,
            -0.927811324596405,
            0.03744744509458542
          ],
          [
            0.5624786615371704,
            0.8238641023635864,
            -0.0698557198047638,
            1.6053614616394043
          ],
          [
            0.0,
            0.0,
            0.0,
            1.0
          ]
        ]
      },
      "bone_length_armature_space": 0.1550908976292721,
      "parent": "neck_01",
      "has_children": false,
      "is_end_bone": true
    },
    "upperarm_l": {
      "name": "upperarm_l",
      "local": {
        "location": {
          "x": 0.0,
          "y": 0.0,
          "z": 0.0
        },
        "rotation_quaternion": {
          "w": 0.9405835866928101,
          "x": 0.0035375694278627634,
          "y": 0.33519217371940613,
          "z": 0.05418669804930687
        },
        "scale": {
          "x": 1.0,
          "y": 1.0,
          "z": 1.0
        },
        "matrix_basis": [
          [
            0.7694200277328491,
            -0.09956270456314087,
            0.6309359073638916,
            0.0
          ],
          [
            0.10430576652288437,
            0.9941025972366333,
            0.02967115491628647,
            0.0
          ],
          [
            -0.630169153213501,
            0.04298067465424538,
            0.7752673625946045,
            0.0
          ],
          [
            0.0,
            0.0,
            0.0,
            1.0
          ]
        ],
        "rotation_mode": "QUATERNION"
      },
      "armature_space": {
        "head": {
          "x": 0.19009380042552948,
          "y": -0.0012555941939353943,
          "z": 0.4807358980178833
        },
        "tail": {
          "x": 0.45806217193603516,
          "y": -0.0019158339127898216,
          "z": 0.48110702633857727
        }
      },
      "world_space": {
        "head": {
          "x": 0.19009380042552948,
          "y": 0.061988405883312225,
          "z": 1.4305899143218994
        },
        "tail": {
          "x": 0.45806217193603516,
          "y": 0.06132816523313522,
          "z": 1.430961012840271
        },
        "rotation_quaternion": {
          "w": 0.31881722807884216,
          "x": 0.6321747899055481,
          "y": 0.6301759481430054,
          "z": -0.31873011589050293
        },
        "matrix": [
          [
            0.0025770384818315506,
            0.9999960660934448,
            -0.001160893589258194,
            0.19009380042552948
          ],
          [
            0.5935291051864624,
            -0.0024638622999191284,
            -0.8048089146614075,
            0.061988405883312225
          ],
          [
            -0.8048136830329895,
            0.0013849667739123106,
            -0.5935379266738892,
            1.4305899143218994
          ],
          [
            0.0,
            0.0,
            0.0,
            1.0
          ]
        ]
      },
      "bone_length_armature_space": 0.26796943000459295,
      "parent": "spine_01",
      "has_children": true,
      "is_end_bone": false
    },
    "lowerarm_l": {
      "name": "lowerarm_l",
      "local": {
        "location": {
          "x": 0.0,
          "y": 0.0,
          "z": 0.0
        },
        "rotation_quaternion": {
          "w": 0.9173216819763184,
          "x": 0.38582372665405273,
          "y": -0.0795467272400856,
          "z": 0.057735320180654526
        },
        "scale": {
          "x": 1.0,
          "y": 1.0,
          "z": 1.0
        },
        "matrix_basis": [
          [
            0.9806779026985168,
            -0.16730575263500214,
            -0.10138856619596481,
            0.0
          ],
          [
            0.04454169422388077,
            0.6956133842468262,
            -0.7170342803001404,
            0.0
          ],
          [
            0.190491184592247,
            0.6986636519432068,
            0.6896247267723083,
            0.0
          ],
          [
            0.0,
            0.0,
            0.0,
            1.0
          ]
        ],
        "rotation_mode": "QUATERNION"
      },
      "armature_space": {
        "head": {
          "x": 0.4580622911453247,
          "y": -0.0019159463699907064,
          "z": 0.48110708594322205
        },
        "tail": {
          "x": 0.6163269877433777,
          "y": -0.21148739755153656,
          "z": 0.43010202050209045
        }
      },
      "world_space": {
        "head": {
          "x": 0.4580622911453247,
          "y": 0.06132805347442627,
          "z": 1.4309611320495605
        },
        "tail": {
          "x": 0.6163269877433777,
          "y": -0.14824339747428894,
          "z": 1.3799560070037842
        },
        "rotation_quaternion": {
          "w": 0.12435765564441681,
          "x": 0.722690224647522,
          "y": 0.30470985174179077,
          "z": -0.6077876687049866
        },
        "matrix": [
          [
            0.07549112290143967,
            0.5915895104408264,
            -0.8026972413063049,
            0.4580622911453247
          ],
          [
            0.2892554998397827,
            -0.7833729982376099,
            -0.5501438975334167,
            0.06132805347442627
          ],
          [
            -0.9542770981788635,
            -0.1906556785106659,
            -0.23026028275489807,
            1.4309611320495605
          ],
          [
            0.0,
            0.0,
            0.0,
            1.0
          ]
        ]
      },
      "bone_length_armature_space": 0.26752462208940697,
      "parent": "upperarm_l",
      "has_children": true,
      "is_end_bone": false
    },
    "metacarpal_thumb_l": {
      "name": "metacarpal_thumb_l",
      "local": {
        "location": {
          "x": 0.0,
          "y": 0.0,
          "z": 0.0
        },
        "rotation_quaternion": {
          "w": 0.9998288154602051,
          "x": 0.010160014033317566,
          "y": 0.01543769333511591,
          "z": 0.0009804153814911842
        },
        "scale": {
          "x": 1.0,
          "y": 1.0,
          "z": 1.0
        },
        "matrix_basis": [
          [
            0.9995214343070984,
            -0.0016468007816001773,
            0.030890023335814476,
            0.0
          ],
          [
            0.0022741893772035837,
            0.9997916221618652,
            -0.020286278799176216,
            0.0
          ],
          [
            -0.030850179493427277,
            0.02034682035446167,
            0.999316930770874,
            0.0
          ],
          [
            0.0,
            0.0,
            0.0,
            1.0
          ]
        ],
        "rotation_mode": "QUATERNION"
      },
      "armature_space": {
        "head": {
          "x": 0.6163269877433777,
          "y": -0.21148739755153656,
          "z": 0.43010202050209045
        },
        "tail": {
          "x": 0.6166461110115051,
          "y": -0.2550022602081299,
          "z": 0.40643879771232605
        }
      },
      "world_space": {
        "head": {
          "x": 0.6163269877433777,
          "y": -0.14824339747428894,
          "z": 1.3799560070037842
        },
        "tail": {
          "x": 0.6166461110115051,
          "y": -0.19175826013088226,
          "z": 1.3562928438186646
        },
        "rotation_quaternion": {
          "w": 0.24648147821426392,
          "x": -0.9689803719520569,
          "y": 0.0012427062029018998,
          "z": -0.017954779788851738
        },
        "matrix": [
          [
            0.9993520379066467,
            0.006442741956561804,
            0.03540825471282005,
            0.6163269877433777
          ],
          [
            -0.011259360238909721,
            -0.8784908652305603,
            0.47762641310691833,
            -0.14824339747428894
          ],
          [
            0.034183233976364136,
            -0.4777197241783142,
            -0.8778549432754517,
            1.3799560070037842
          ],
          [
            0.0,
            0.0,
            0.0,
            1.0
          ]
        ]
      },
      "bone_length_armature_space": 0.04953375841208474,
      "parent": "lowerarm_l",
      "has_children": true,
      "is_end_bone": false
    },
    "thumb_01_l": {
      "name": "thumb_01_l",
      "local": {
        "location": {
          "x": 0.0,
          "y": 0.0,
          "z": 0.0
        },
        "rotation_quaternion": {
          "w": 0.9997822046279907,
          "x": 0.01579194888472557,
          "y": 0.011747575365006924,
          "z": 0.006949279457330704
        },
        "scale": {
          "x": 1.0,
          "y": 1.0,
          "z": 1.0
        },
        "matrix_basis": [
          [
            0.999627411365509,
            -0.013524497859179974,
            0.02370951883494854,
            0.0
          ],
          [
            0.01426656637340784,
            0.9994046688079834,
            -0.03141374513506889,
            0.0
          ],
          [
            -0.02327054738998413,
            0.03174029290676117,
            0.9992251992225647,
            0.0
          ],
          [
            0.0,
            0.0,
            0.0,
            1.0
          ]
        ],
        "rotation_mode": "QUATERNION"
      },
      "armature_space": {
        "head": {
          "x": 0.6166461110115051,
          "y": -0.2550022602081299,
          "z": 0.40643879771232605
        },
        "tail": {
          "x": 0.6146544814109802,
          "y": -0.26223668456077576,
          "z": 0.37323734164237976
        }
      },
      "world_space": {
        "head": {
          "x": 0.6166461110115051,
          "y": -0.19175826013088226,
          "z": 1.3562928438186646
        },
        "tail": {
          "x": 0.6146544814109802,
          "y": -0.19899268448352814,
          "z": 1.3230913877487183
        },
        "rotation_quaternion": {
          "w": 0.41627728939056396,
          "x": -0.5505117774009705,
          "y": 0.4695160388946533,
          "z": -0.5506402850151062
        },
        "matrix": [
          [
            -0.04729954153299332,
            -0.05851113796234131,
            0.9971655011177063,
            0.6166461110115051
          ],
          [
            -0.9753862619400024,
            -0.2125357687473297,
            -0.0587376244366169,
            -0.19175826013088226
          ],
          [
            0.21537081897258759,
            -0.9754070043563843,
            -0.04701858013868332,
            1.3562928438186646
          ],
          [
            0.0,
            0.0,
            0.0,
            1.0
          ]
        ]
      },
      "bone_length_armature_space": 0.03403880381503485,
      "parent": "metacarpal_thumb_l",
      "has_children": true,
      "is_end_bone": false
    },
    "thumb_02_l": {
      "name": "thumb_02_l",
      "local": {
        "location": {
          "x": 0.0,
          "y": 0.0,
          "z": 0.0
        },
        "rotation_quaternion": {
          "w": 0.9839458465576172,
          "x": 0.17843656241893768,
          "y": 0.00171159696765244,
          "z": 0.0028727909084409475
        },
        "scale": {
          "x": 1.0,
          "y": 1.0,
          "z": 1.0
        },
        "matrix_basis": [
          [
            0.9999776482582092,
            -0.005042518489062786,
            0.004393459297716618,
            0.0
          ],
          [
            0.006264164112508297,
            0.9363042712211609,
            -0.3511340022087097,
            0.0
          ],
          [
            -0.0023430155124515295,
            0.3511536717414856,
            0.9363149404525757,
            0.0
          ],
          [
            0.0,
            0.0,
            0.0,
            1.0
          ]
        ],
        "rotation_mode": "QUATERNION"
      },
      "armature_space": {
        "head": {
          "x": 0.6146544218063354,
          "y": -0.262236624956131,
          "z": 0.37323734164237976
        },
        "tail": {
          "x": 0.6416056156158447,
          "y": -0.29197824001312256,
          "z": 0.3717373013496399
        }
      },
      "world_space": {
        "head": {
          "x": 0.6146544218063354,
          "y": -0.19899262487888336,
          "z": 1.3230913877487183
        },
        "tail": {
          "x": 0.6416056156158447,
          "y": -0.22873423993587494,
          "z": 1.3215913772583008
        },
        "rotation_quaternion": {
          "w": 0.358600378036499,
          "x": -0.13957494497299194,
          "y": -0.034018855541944504,
          "z": -0.9223704934120178
        },
        "matrix": [
          [
            -0.7038490176200867,
            0.6710213422775269,
            0.23308095335960388,
            0.6146544218063354
          ],
          [
            -0.6520283222198486,
            -0.7404967546463013,
            0.16286030411720276,
            -0.19899262487888336
          ],
          [
            0.28187990188598633,
            -0.03734728693962097,
            0.9587298631668091,
            1.3230913877487183
          ],
          [
            0.0,
            0.0,
            0.0,
            1.0
          ]
        ]
      },
      "bone_length_armature_space": 0.04016441965222754,
      "parent": "thumb_01_l",
      "has_children": true,
      "is_end_bone": false
    },
    "thumb_03_l": {
      "name": "thumb_03_l",
      "local": {
        "location": {
          "x": 0.0,
          "y": 0.0,
          "z": 0.0
        },
        "rotation_quaternion": {
          "w": 0.9984807968139648,
          "x": 0.055080994963645935,
          "y": -0.0005356007604859769,
          "z": -0.0013887073146179318
        },
        "scale": {
          "x": 1.0,
          "y": 1.0,
          "z": 1.0
        },
        "matrix_basis": [
          [
            0.9999955892562866,
            0.0027141922619193792,
            -0.0012225569225847721,
            0.0
          ],
          [
            -0.0028321980498731136,
            0.9939283132553101,
            -0.10999314486980438,
            0.0
          ],
          [
            0.0009165913797914982,
            0.10999611765146255,
            0.9939315915107727,
            0.0
          ],
          [
            0.0,
            0.0,
            0.0,
            1.0
          ]
        ],
        "rotation_mode": "QUATERNION"
      },
      "armature_space": {
        "head": {
          "x": 0.6416054964065552,
          "y": -0.29197824001312256,
          "z": 0.3717372715473175
        },
        "tail": {
          "x": 0.6655349731445312,
          "y": -0.3086768686771393,
          "z": 0.3804222345352173
        }
      },
      "world_space": {
        "head": {
          "x": 0.6416054964065552,
          "y": -0.22873423993587494,
          "z": 1.3215912580490112
        },
        "tail": {
          "x": 0.6655349731445312,
          "y": -0.24543286859989166,
          "z": 1.3302762508392334
        },
        "rotation_quaternion": {
          "w": 0.46223995089530945,
          "x": 0.10063197463750839,
          "y": -0.10995669662952423,
          "z": -0.874137818813324
        },
        "matrix": [
          [
            -0.5524144768714905,
            0.7859926819801331,
            -0.27758529782295227,
            0.6416054964065552
          ],
          [
            -0.8302532434463501,
            -0.5484873056411743,
            0.09920184314250946,
            -0.22873423993587494
          ],
          [
            -0.07428137212991714,
            0.2852681279182434,
            0.9555723667144775,
            1.3215912580490112
          ],
          [
            0.0,
            0.0,
            0.0,
            1.0
          ]
        ]
      },
      "bone_length_armature_space": 0.03044491139172449,
      "parent": "thumb_02_l",
      "has_children": false,
      "is_end_bone": true
    },
    "metacarpal_index_l": {
      "name": "metacarpal_index_l",
      "local": {
        "location": {
          "x": 0.0,
          "y": 0.0,
          "z": 0.0
        },
        "rotation_quaternion": {
          "w": 0.9997536540031433,
          "x": 0.021569641306996346,
          "y": -0.0012473708484321833,
          "z": -0.0050799730233848095
        },
        "scale": {
          "x": 1.0,
          "y": 1.0,
          "z": 1.0
        },
        "matrix_basis": [
          [
            0.9999452829360962,
            0.01010363269597292,
            -0.002713273512199521,
            0.0
          ],
          [
            -0.01021125353872776,
            0.9990178942680359,
            -0.04311598092317581,
            0.0
          ],
          [
            0.0022749807685613632,
            0.04314132779836655,
            0.9990664124488831,
            0.0
          ],
          [
            0.0,
            0.0,
            0.0,
            1.0
          ]
        ],
        "rotation_mode": "QUATERNION"
      },
      "armature_space": {
        "head": {
          "x": 0.6163269877433777,
          "y": -0.21148739755153656,
          "z": 0.43010202050209045
        },
        "tail": {
          "x": 0.65235435962677,
          "y": -0.3155926465988159,
          "z": 0.39018484950065613
        }
      },
      "world_space": {
        "head": {
          "x": 0.6163269877433777,
          "y": -0.14824339747428894,
          "z": 1.3799560070037842
        },
        "tail": {
          "x": 0.65235435962677,
          "y": -0.2523486614227295,
          "z": 1.3400388956069946
        },
        "rotation_quaternion": {
          "w": 0.128744438290596,
          "x": -0.9390830397605896,
          "y": -0.19794683158397675,
          "z": 0.24973022937774658
        },
        "matrix": [
          [
            0.7969034910202026,
            0.307474821805954,
            -0.5200038552284241,
            0.6163269877433777
          ],
          [
            0.43607982993125916,
            -0.8884841799736023,
            0.1429356038570404,
            -0.14824339747428894
          ],
          [
            -0.41806864738464355,
            -0.34067225456237793,
            -0.8421254754066467,
            1.3799560070037842
          ],
          [
            0.0,
            0.0,
            0.0,
            1.0
          ]
        ]
      },
      "bone_length_armature_space": 0.11717190539389792,
      "parent": "lowerarm_l",
      "has_children": true,
      "is_end_bone": false
    },
    "index_01_l": {
      "name": "index_01_l",
      "local": {
        "location": {
          "x": 0.0,
          "y": 0.0,
          "z": 0.0
        },
        "rotation_quaternion": {
          "w": 0.996319591999054,
          "x": -0.08548347651958466,
          "y": 0.001296073431149125,
          "z": -0.0061845011077821255
        },
        "scale": {
          "x": 1.0,
          "y": 1.0,
          "z": 1.0
        },
        "matrix_basis": [
          [
            0.999920129776001,
            0.012101893313229084,
            0.0036399520467966795,
            0.0
          ],
          [
            -0.012545065023005009,
            0.9853086471557617,
            0.17032168805599213,
            0.0
          ],
          [
            -0.00152526143938303,
            -0.1703537553548813,
            0.9853817820549011,
            0.0
          ],
          [
            0.0,
            0.0,
            0.0,
            1.0
          ]
        ],
        "rotation_mode": "QUATERNION"
      },
      "armature_space": {
        "head": {
          "x": 0.65235435962677,
          "y": -0.3155926465988159,
          "z": 0.39018484950065613
        },
        "tail": {
          "x": 0.6723583936691284,
          "y": -0.3351514935493469,
          "z": 0.38467493653297424
        }
      },
      "world_space": {
        "head": {
          "x": 0.65235435962677,
          "y": -0.2523486614227295,
          "z": 1.3400388956069946
        },
        "tail": {
          "x": 0.6723583936691284,
          "y": -0.2719075083732605,
          "z": 1.334528923034668
        },
        "rotation_quaternion": {
          "w": 0.037380654364824295,
          "x": -0.9042194485664368,
          "y": -0.39450952410697937,
          "z": 0.15922406315803528
        },
        "matrix": [
          [
            0.6380196213722229,
            0.7015427947044373,
            -0.317440927028656,
            0.65235435962677
          ],
          [
            0.7253500819206238,
            -0.6859300136566162,
            -0.05803154781460762,
            -0.2523486614227295
          ],
          [
            -0.2584550380706787,
            -0.1932324916124344,
            -0.9465075135231018,
            1.3400388956069946
          ],
          [
            0.0,
            0.0,
            0.0,
            1.0
          ]
        ]
      },
      "bone_length_armature_space": 0.028514364805957267,
      "parent": "metacarpal_index_l",
      "has_children": true,
      "is_end_bone": false
    },
    "index_02_l": {
      "name": "index_02_l",
      "local": {
        "location": {
          "x": 0.0,
          "y": 0.0,
          "z": 0.0
        },
        "rotation_quaternion": {
          "w": 0.9803023338317871,
          "x": 0.19742247462272644,
          "y": -0.0050348243676126,
          "z": 0.0025571617297828197
        },
        "scale": {
          "x": 1.0,
          "y": 1.0,
          "z": 1.0
        },
        "matrix_basis": [
          [
            0.9999362230300903,
            -0.007001558318734169,
            -0.008861618116497993,
            0.0
          ],
          [
            0.0030256081372499466,
            0.9220356345176697,
            -0.387093186378479,
            0.0
          ],
          [
            0.010880982503294945,
            0.38704168796539307,
            0.9219980239868164,
            0.0
          ],
          [
            0.0,
            0.0,
            0.0,
            1.0
          ]
        ],
        "rotation_mode": "QUATERNION"
      },
      "armature_space": {
        "head": {
          "x": 0.6723583936691284,
          "y": -0.3351519703865051,
          "z": 0.38467463850975037
        },
        "tail": {
          "x": 0.686256468296051,
          "y": -0.3522011637687683,
          "z": 0.37147384881973267
        }
      },
      "world_space": {
        "head": {
          "x": 0.6723583936691284,
          "y": -0.2719079852104187,
          "z": 1.3345286846160889
        },
        "tail": {
          "x": 0.686256468296051,
          "y": -0.2889571785926819,
          "z": 1.3213279247283936
        },
        "rotation_quaternion": {
          "w": 0.18430078029632568,
          "x": -0.8734647631645203,
          "y": -0.3656943738460541,
          "z": 0.2633632719516754
        },
        "matrix": [
          [
            0.5938138365745544,
            0.5417671203613281,
            -0.5948727130889893,
            0.6723583936691284
          ],
          [
            0.7359188199043274,
            -0.6646016836166382,
            0.12933781743049622,
            -0.2719079852104187
          ],
          [
            -0.32528406381607056,
            -0.5145847797393799,
            -0.7933517694473267,
            1.3345286846160889
          ],
          [
            0.0,
            0.0,
            0.0,
            1.0
          ]
        ]
      },
      "bone_length_armature_space": 0.025653310153428692,
      "parent": "index_01_l",
      "has_children": true,
      "is_end_bone": false
    },
    "index_03_l": {
      "name": "index_03_l",
      "local": {
        "location": {
          "x": 0.0,
          "y": 0.0,
          "z": 0.0
        },
        "rotation_quaternion": {
          "w": 0.9723034501075745,
          "x": 0.2336636185646057,
          "y": -0.00020083272829651833,
          "z": -0.005236060358583927
        },
        "scale": {
          "x": 1.0,
          "y": 1.0,
          "z": 1.0
        },
        "matrix_basis": [
          [
            0.9999451041221619,
            0.010088224895298481,
            -0.002837494248524308,
            0.0
          ],
          [
            -0.010275933891534805,
            0.8907477855682373,
            -0.4543817937374115,
            0.0
          ],
          [
            -0.0020564128644764423,
            0.45438599586486816,
            0.8908025622367859,
            0.0
          ],
          [
            0.0,
            0.0,
            0.0,
            1.0
          ]
        ],
        "rotation_mode": "QUATERNION"
      },
      "armature_space": {
        "head": {
          "x": 0.6862565279006958,
          "y": -0.3522012233734131,
          "z": 0.3714739978313446
        },
        "tail": {
          "x": 0.6924620270729065,
          "y": -0.3639029562473297,
          "z": 0.34542974829673767
        }
      },
      "world_space": {
        "head": {
          "x": 0.6862565279006958,
          "y": -0.28895723819732666,
          "z": 1.321328043937683
        },
        "tail": {
          "x": 0.6924620270729065,
          "y": -0.3006589412689209,
          "z": 1.2952837944030762
        },
        "rotation_quaternion": {
          "w": 0.44266098737716675,
          "x": -0.7722830772399902,
          "y": -0.3221913278102875,
          "z": 0.3222159147262573
        },
        "matrix": [
          [
            0.5847388505935669,
            0.21238192915916443,
            -0.7829267978668213,
            0.6862565279006958
          ],
          [
            0.7829108834266663,
            -0.40048837661743164,
            0.4760880470275879,
            -0.28895723819732666
          ],
          [
            -0.21244138479232788,
            -0.8913556337356567,
            -0.4004595875740051,
            1.321328043937683
          ],
          [
            0.0,
            0.0,
            0.0,
            1.0
          ]
        ]
      },
      "bone_length_armature_space": 0.029218859098906976,
      "parent": "index_02_l",
      "has_children": false,
      "is_end_bone": true
    },
    "metacarpal_pinky_l": {
      "name": "metacarpal_pinky_l",
      "local": {
        "location": {
          "x": 0.0,
          "y": 0.0,
          "z": 0.0
        },
        "rotation_quaternion": {
          "w": 0.999146580696106,
          "x": -0.04043038189411163,
          "y": 0.008464733138680458,
          "z": 0.00024563728948123753
        },
        "scale": {
          "x": 1.0,
          "y": 1.0,
          "z": 1.0
        },
        "matrix_basis": [
          [
            0.9998565912246704,
            -0.0011753201251849532,
            0.016895156353712082,
            0.0
          ],
          [
            -0.00019360947771929204,
            0.996730625629425,
            0.08079591393470764,
            0.0
          ],
          [
            -0.01693488098680973,
            -0.08078759908676147,
            0.9965874552726746,
            0.0
          ],
          [
            0.0,
            0.0,
            0.0,
            1.0
          ]
        ],
        "rotation_mode": "QUATERNION"
      },
      "armature_space": {
        "head": {
          "x": 0.6163269877433777,
          "y": -0.21148739755153656,
          "z": 0.43010202050209045
        },
        "tail": {
          "x": 0.7021347880363464,
          "y": -0.26728230714797974,
          "z": 0.4109402000904083
        }
      },
      "world_space": {
        "head": {
          "x": 0.6163269877433777,
          "y": -0.14824339747428894,
          "z": 1.3799560070037842
        },
        "tail": {
          "x": 0.7021347880363464,
          "y": -0.20403830707073212,
          "z": 1.360794186592102
        },
        "rotation_quaternion": {
          "w": 0.4319900870323181,
          "x": 0.20732107758522034,
          "y": 0.21325154602527618,
          "z": -0.8514261245727539
        },
        "matrix": [
          [
            -0.5408048033714294,
            0.8240388035774231,
            -0.16879045963287354,
            0.6163269877433777
          ],
          [
            -0.647193193435669,
            -0.5358157753944397,
            -0.5422570109367371,
            -0.14824339747428894
          ],
          [
            -0.5372856855392456,
            -0.18401695787906647,
            0.8230893015861511,
            1.3799560070037842
          ],
          [
            0.0,
            0.0,
            0.0,
            1.0
          ]
        ]
      },
      "bone_length_armature_space": 0.10413081092501532,
      "parent": "lowerarm_l",
      "has_children": true,
      "is_end_bone": false
    },
    "pinky_01_l": {
      "name": "pinky_01_l",
      "local": {
        "location": {
          "x": 0.0,
          "y": 0.0,
          "z": 0.0
        },
        "rotation_quaternion": {
          "w": 0.9993498921394348,
          "x": 0.03408617898821831,
          "y": -0.006901932880282402,
          "z": 0.009509139694273472
        },
        "scale": {
          "x": 1.0,
          "y": 1.0,
          "z": 1.0
        },
        "matrix_basis": [
          [
            0.9997238516807556,
            -0.01947643607854843,
            -0.013146631419658661,
            0.0
          ],
          [
            0.018535394221544266,
            0.9974954128265381,
            -0.06825929880142212,
            0.0
          ],
          [
            0.014443152584135532,
            0.06799677759408951,
            0.9975810050964355,
            0.0
          ],
          [
            0.0,
            0.0,
            0.0,
            1.0
          ]
        ],
        "rotation_mode": "QUATERNION"
      },
      "armature_space": {
        "head": {
          "x": 0.7021347880363464,
          "y": -0.26728230714797974,
          "z": 0.4109402000904083
