{
  "metadata": {
    "armature_name": "KIM_caucasian_male",
    "export_time": "2026-01-13T21:13:06.567032",
    "blender_version": "4.4.1",
    "bone_count": 56,
    "end_bone_count": 13,
    "spaces_included": [
      "LOCAL_CHANNELS",
      "ARMATURE_SPACE",
      "WORLD_SPACE"
    ],
    "note": "LOCAL matches Transform panel; replay pose via local.matrix_basis for best fidelity."
  },
  "bones": {
    "Root": {
      "name": "Root",
      "local": {
        "location": {
          "x": 0.0,
          "y": 0.0,
          "z": 0.0
        },
        "rotation_quaternion": {
          "w": 0.9998710751533508,
          "x": -0.003975008614361286,
          "y": -0.004166956525295973,
          "z": 0.01499233115464449
        },
        "scale": {
          "x": 1.0,
          "y": 1.0,
          "z": 1.0
        },
        "matrix_basis": [
          [
            0.9995157122612,
            -0.029947668313980103,
            -0.008452028036117554,
            0.0
          ],
          [
            0.030013924464583397,
            0.999518871307373,
            0.007824047468602657,
            0.0
          ],
          [
            0.0082136495038867,
            -0.008073937147855759,
            0.999933660030365,
            0.0
          ],
          [
            0.0,
            0.0,
            0.0,
            1.0
          ]
        ],
        "rotation_mode": "QUATERNION"
      },
      "armature_space": {
        "head": {
          "x": 0.0,
          "y": 0.07072800397872925,
          "z": -0.009595036506652832
        },
        "tail": {
          "x": -0.002137540839612484,
          "y": 0.00011150538921356201,
          "z": 0.0005664406344294548
        }
      },
      "world_space": {
        "head": {
          "x": 0.0,
          "y": 0.13397200405597687,
          "z": 0.9402589797973633
        },
        "tail": {
          "x": -0.002137540839612484,
          "y": 0.06335550546646118,
          "z": 0.9504204392433167
        },
        "rotation_quaternion": {
          "w": 0.07132496684789658,
          "x": 0.9973318576812744,
          "y": -0.015238993801176548,
          "z": -0.0031474886927753687
        },
        "matrix": [
          [
            0.9995157122612,
            -0.029947668313980103,
            -0.008452028036117554,
            0.0
          ],
          [
            -0.030845653265714645,
            -0.9893609881401062,
            -0.14217381179332733,
            0.13397200405597687
          ],
          [
            -0.004104390274733305,
            0.1423657238483429,
            -0.9898126721382141,
            0.9402589797973633
          ],
          [
            0.0,
            0.0,
            0.0,
            1.0
          ]
        ]
      },
      "bone_length_armature_space": 0.07137586840051553,
      "parent": null,
      "has_children": true,
      "is_end_bone": false
    },
    "spine_01": {
      "name": "spine_01",
      "local": {
        "location": {
          "x": 0.0,
          "y": 0.0,
          "z": 0.0
        },
        "rotation_quaternion": {
          "w": 0.9981074333190918,
          "x": -0.019319498911499977,
          "y": -0.015901753678917885,
          "z": 0.056174762547016144
        },
        "scale": {
          "x": 1.0,
          "y": 1.0,
          "z": 1.0
        },
        "matrix_basis": [
          [
            0.9931830763816833,
            -0.11152246594429016,
            -0.033913854509592056,
            0.0
          ],
          [
            0.11275132745504379,
            0.9929423332214355,
            0.03677931800484657,
            0.0
          ],
          [
            0.029572781175374985,
            -0.04035242646932602,
            0.9987477660179138,
            0.0
          ],
          [
            0.0,
            0.0,
            0.0,
            1.0
          ]
        ],
        "rotation_mode": "QUATERNION"
      },
      "armature_space": {
        "head": {
          "x": -0.002137540839612484,
          "y": 0.00011150538921356201,
          "z": 0.0005664406344294548
        },
        "tail": {
          "x": -0.053129132837057114,
          "y": 0.047895293682813644,
          "z": 0.48354172706604004
        }
      },
      "world_space": {
        "head": {
          "x": -0.002137540839612484,
          "y": 0.06335550546646118,
          "z": 0.9504204392433167
        },
        "tail": {
          "x": -0.053129132837057114,
          "y": 0.11113929748535156,
          "z": 1.4333957433700562
        },
        "rotation_quaternion": {
          "w": 0.7385632395744324,
          "x": 0.6713787913322449,
          "y": -0.05901526287198067,
          "z": 0.017092322930693626
        },
        "matrix": [
          [
            0.9924501180648804,
            -0.10449070483446121,
            -0.06422146409749985,
            -0.002137540839612484
          ],
          [
            -0.05399492010474205,
            0.0979173555970192,
            -0.9937286972999573,
            0.06335550546646118
          ],
          [
            0.11012454330921173,
            0.9897009134292603,
            0.09153586626052856,
            0.9504204392433167
          ],
          [
            0.0,
            0.0,
            0.0,
            1.0
          ]
        ]
      },
      "bone_length_armature_space": 0.48800466142408244,
      "parent": "Root",
      "has_children": true,
      "is_end_bone": false
    },
    "neck_01": {
      "name": "neck_01",
      "local": {
        "location": {
          "x": 0.0,
          "y": 0.0,
          "z": 0.0
        },
        "rotation_quaternion": {
          "w": 0.986488938331604,
          "x": 0.00031359156128019094,
          "y": -0.10950175672769547,
          "z": 0.12185654789209366
        },
        "scale": {
          "x": 1.0,
          "y": 1.0,
          "z": 1.0
        },
        "matrix_basis": [
          [
            0.9463207125663757,
            -0.2404889464378357,
            -0.21596811711788177,
            0.0
          ],
          [
            0.240351602435112,
            0.9703017473220825,
            -0.0273057222366333,
            0.0
          ],
          [
            0.21612097322940826,
            -0.026068303734064102,
            0.9760185480117798,
            0.0
          ],
          [
            0.0,
            0.0,
            0.0,
            1.0
          ]
        ],
        "rotation_mode": "QUATERNION"
      },
      "armature_space": {
        "head": {
          "x": -0.06300701200962067,
          "y": 0.020601700991392136,
          "z": 0.5591806173324585
        },
        "tail": {
          "x": -0.09946003556251526,
          "y": -0.004014139994978905,
          "z": 0.6517871618270874
        }
      },
      "world_space": {
        "head": {
          "x": -0.06300701200962067,
          "y": 0.08384570479393005,
          "z": 1.5090346336364746
        },
        "tail": {
          "x": -0.09946003556251526,
          "y": 0.059229858219623566,
          "z": 1.6016411781311035
        },
        "rotation_quaternion": {
          "w": 0.576882541179657,
          "x": 0.7873457670211792,
          "y": -0.21714968979358673,
          "z": 0.011805819347500801
        },
        "matrix": [
          [
            0.9054127335548401,
            -0.3555651903152466,
            -0.23195084929466248,
            -0.06300701200962067
          ],
          [
            -0.32832425832748413,
            -0.2401045560836792,
            -0.9135388135910034,
            0.08384570479393005
          ],
          [
            0.26913174986839294,
            0.9032907485961914,
            -0.33413755893707275,
            1.5090346336364746
          ],
          [
            0.0,
            0.0,
            0.0,
            1.0
          ]
        ]
      },
      "bone_length_armature_space": 0.10252187448586411,
      "parent": "spine_01",
      "has_children": true,
      "is_end_bone": false
    },
    "head": {
      "name": "head",
      "local": {
        "location": {
          "x": 0.0,
          "y": 0.0,
          "z": 0.0
        },
        "rotation_quaternion": {
          "w": 0.9838110208511353,
          "x": -0.12242187559604645,
          "y": 0.11230161041021347,
          "z": 0.06721058487892151
        },
        "scale": {
          "x": 1.0,
          "y": 1.0,
          "z": 1.0
        },
        "matrix_basis": [
          [
            0.9657421708106995,
            -0.1597413718700409,
            0.20451103150844574,
            0.0
          ],
          [
            0.1047486811876297,
            0.9609912633895874,
            0.2559756934642792,
            0.0
          ],
          [
            -0.23742321133613586,
            -0.2257842719554901,
            0.944802463054657,
            0.0
          ],
          [
            0.0,
            0.0,
            0.0,
            1.0
          ]
        ],
        "rotation_mode": "QUATERNION"
      },
      "armature_space": {
        "head": {
          "x": -0.09946004301309586,
          "y": -0.004014262929558754,
          "z": 0.6517870426177979
        },
        "tail": {
          "x": -0.14668960869312286,
          "y": 0.0529041588306427,
          "z": 0.7881062030792236
        }
      },
      "world_space": {
        "head": {
          "x": -0.09946004301309586,
          "y": 0.059229739010334015,
          "z": 1.601641058921814
        },
        "tail": {
          "x": -0.14668960869312286,
          "y": 0.11614815890789032,
          "z": 1.7379602193832397
        },
        "rotation_quaternion": {
          "w": 0.8080501556396484,
          "x": 0.5585047602653503,
          "y": -0.17480133473873138,
          "z": 0.06761643290519714
        },
        "matrix": [
          [
            0.9297453761100769,
            -0.3045296370983124,
            -0.2069668173789978,
            -0.09946004301309586
          ],
          [
            -0.08597800135612488,
            0.367002010345459,
            -0.9262382984161377,
            0.059229739010334015
          ],
          [
            0.3580266237258911,
            0.8789669275283813,
            0.31503692269325256,
            1.601641058921814
          ],
          [
            0.0,
            0.0,
            0.0,
            1.0
          ]
        ]
      },
      "bone_length_armature_space": 0.15509111043170992,
      "parent": "neck_01",
      "has_children": false,
      "is_end_bone": true
    },
    "upperarm_l": {
      "name": "upperarm_l",
      "local": {
        "location": {
          "x": 0.0,
          "y": 0.0,
          "z": 0.0
        },
        "rotation_quaternion": {
          "w": 0.9168359041213989,
          "x": 0.23600465059280396,
          "y": -0.3169172704219818,
          "z": 0.057246215641498566
        },
        "scale": {
          "x": 1.0,
          "y": 1.0,
          "z": 1.0
        },
        "matrix_basis": [
          [
            0.7925726175308228,
            -0.2545586824417114,
            -0.5541015267372131,
            0.0
          ],
          [
            -0.04461712762713432,
            0.8820493221282959,
            -0.4690397083759308,
            0.0
          ],
          [
            0.6081430315971375,
            0.39647045731544495,
            0.6877304911613464,
            0.0
          ],
          [
            0.0,
            0.0,
            0.0,
            1.0
          ]
        ],
        "rotation_mode": "QUATERNION"
      },
      "armature_space": {
        "head": {
          "x": 0.09267827868461609,
          "y": 0.0027525313198566437,
          "z": 0.509475588798523
        },
        "tail": {
          "x": 0.3200052082538605,
          "y": -0.10228343307971954,
          "z": 0.6048570871353149
        }
      },
      "world_space": {
        "head": {
          "x": 0.09267827868461609,
          "y": 0.06599652767181396,
          "z": 1.459329605102539
        },
        "tail": {
          "x": 0.3200052082538605,
          "y": -0.039039433002471924,
          "z": 1.554711103439331
        },
        "rotation_quaternion": {
          "w": 0.5420612096786499,
          "x": 0.45811736583709717,
          "y": 0.10091140121221542,
          "z": -0.6972195506095886
        },
        "matrix": [
          [
            0.007405436597764492,
            0.8483315706253052,
            -0.5294134616851807,
            0.09267827868461609
          ],
          [
            -0.6634129285812378,
            -0.3919699490070343,
            -0.6373720169067383,
            0.06599652767181396
          ],
          [
            -0.748222827911377,
            0.3559418320655823,
            0.5598947405815125,
            1.459329605102539
          ],
          [
            0.0,
            0.0,
            0.0,
            1.0
          ]
        ]
      },
      "bone_length_armature_space": 0.2679696177588112,
      "parent": "spine_01",
      "has_children": true,
      "is_end_bone": false
    },
    "lowerarm_l": {
      "name": "lowerarm_l",
      "local": {
        "location": {
          "x": 0.0,
          "y": 0.0,
          "z": 0.0
        },
        "rotation_quaternion": {
          "w": 0.8600188493728638,
          "x": 0.446220725774765,
          "y": 0.19210170209407806,
          "z": -0.15604987740516663
        },
        "scale": {
          "x": 1.0,
          "y": 1.0,
          "z": 1.0
        },
        "matrix_basis": [
          [
            0.877490758895874,
            0.43985119462013245,
            0.1911567896604538,
            0.0
          ],
          [
            -0.09697215259075165,
            0.5530710220336914,
            -0.8274713754653931,
            0.0
          ],
          [
            -0.4696875512599945,
            0.7075615525245667,
            0.5279679894447327,
            0.0
          ],
          [
            0.0,
            0.0,
            0.0,
            1.0
          ]
        ],
        "rotation_mode": "QUATERNION"
      },
      "armature_space": {
        "head": {
          "x": 0.32000523805618286,
          "y": -0.10228341817855835,
          "z": 0.6048572063446045
        },
        "tail": {
          "x": 0.3138769567012787,
          "y": -0.34631502628326416,
          "z": 0.7143126130104065
        }
      },
      "world_space": {
        "head": {
          "x": 0.32000523805618286,
          "y": -0.03903941810131073,
          "z": 1.5547112226486206
        },
        "tail": {
          "x": 0.3138769567012787,
          "y": -0.28307104110717773,
          "z": 1.6641666889190674
        },
        "rotation_quaternion": {
          "w": 0.15490499138832092,
          "x": 0.7585197687149048,
          "y": -0.14111097157001495,
          "z": -0.617041289806366
        },
        "matrix": [
          [
            0.1986958384513855,
            -0.022907406091690063,
            -0.9797933101654053,
            0.32000523805618286
          ],
          [
            -0.40523698925971985,
            -0.9121842384338379,
            -0.0608527809381485,
            -0.03903941810131073
          ],
          [
            -0.8923647403717041,
            0.4091416597366333,
            -0.1905314028263092,
            1.5547112226486206
          ],
          [
            0.0,
            0.0,
            0.0,
            1.0
          ]
        ]
      },
      "bone_length_armature_space": 0.26752470393298433,
      "parent": "upperarm_l",
      "has_children": true,
      "is_end_bone": false
    },
    "metacarpal_thumb_l": {
      "name": "metacarpal_thumb_l",
      "local": {
        "location": {
          "x": 0.0,
          "y": 0.0,
          "z": 0.0
        },
        "rotation_quaternion": {
          "w": 0.9983140826225281,
          "x": -0.05624755099415779,
          "y": -0.006839404813945293,
          "z": 0.012588218785822392
        },
        "scale": {
          "x": 1.0,
          "y": 1.0,
          "z": 1.0
        },
        "matrix_basis": [
          [
            0.9995895028114319,
            -0.024364592507481575,
            -0.015071861445903778,
            0.0
          ],
          [
            0.02590339258313179,
            0.9933555126190186,
            0.11213324964046478,
            0.0
          ],
          [
            0.012239634990692139,
            -0.11247763782739639,
            0.9935788512229919,
            0.0
          ],
          [
            0.0,
            0.0,
            0.0,
            1.0
          ]
        ],
        "rotation_mode": "QUATERNION"
      },
      "armature_space": {
        "head": {
          "x": 0.3138769567012787,
          "y": -0.34631502628326416,
          "z": 0.7143126130104065
        },
        "tail": {
          "x": 0.284076064825058,
          "y": -0.38522249460220337,
          "z": 0.721502959728241
        }
      },
      "world_space": {
        "head": {
          "x": 0.3138769567012787,
          "y": -0.28307104110717773,
          "z": 1.6641666889190674
        },
        "tail": {
          "x": 0.284076064825058,
          "y": -0.32197850942611694,
          "z": 1.6713569164276123
        },
        "rotation_quaternion": {
          "w": 0.12067472189664841,
          "x": 0.9355241060256958,
          "y": -0.3044666349887848,
          "z": 0.13240967690944672
        },
        "matrix": [
          [
            0.7795352935791016,
            -0.601628839969635,
            0.17426154017448425,
            0.3138769567012787
          ],
          [
            -0.5377147793769836,
            -0.785474956035614,
            -0.30641767382621765,
            -0.28307104110717773
          ],
          [
            0.321229487657547,
            0.1451607197523117,
            -0.9358172416687012,
            1.6641666889190674
          ],
          [
            0.0,
            0.0,
            0.0,
            1.0
          ]
        ]
      },
      "bone_length_armature_space": 0.04953367808317499,
      "parent": "lowerarm_l",
      "has_children": true,
      "is_end_bone": false
    },
    "thumb_01_l": {
      "name": "thumb_01_l",
      "local": {
        "location": {
          "x": 0.0,
          "y": 0.0,
          "z": 0.0
        },
        "rotation_quaternion": {
          "w": 0.9847685098648071,
          "x": 0.1737147867679596,
          "y": 0.003834047820419073,
          "z": -0.006292124278843403
        },
        "scale": {
          "x": 1.0,
          "y": 1.0,
          "z": 1.0
        },
        "matrix_basis": [
          [
            0.9998914003372192,
            0.013724633492529392,
            0.005365229211747646,
            0.0
          ],
          [
            -0.011060509830713272,
            0.9395671486854553,
            -0.34218594431877136,
            0.0
          ],
          [
            -0.009737369604408741,
            0.34208944439888,
            0.9396169185638428,
            0.0
          ],
          [
            0.0,
            0.0,
            0.0,
            1.0
          ]
        ],
        "rotation_mode": "QUATERNION"
      },
      "armature_space": {
        "head": {
          "x": 0.284076064825058,
          "y": -0.38522249460220337,
          "z": 0.721502959728241
        },
        "tail": {
          "x": 0.28082501888275146,
          "y": -0.41445863246917725,
          "z": 0.7043766975402832
        }
      },
      "world_space": {
        "head": {
          "x": 0.284076064825058,
          "y": -0.32197850942611694,
          "z": 1.6713569164276123
        },
        "tail": {
          "x": 0.28082501888275146,
          "y": -0.3512146472930908,
          "z": 1.6542307138442993
        },
        "rotation_quaternion": {
          "w": 0.07978194206953049,
          "x": -0.4560108184814453,
          "y": 0.25333645939826965,
          "z": -0.8494172096252441
        },
        "matrix": [
          [
            -0.5713784098625183,
            -0.09551039338111877,
            0.8151097893714905,
            0.284076064825058
          ],
          [
            -0.3665841519832611,
            -0.8589117527008057,
            -0.35761237144470215,
            -0.32197850942611694
          ],
          [
            0.7342680096626282,
            -0.5031428337097168,
            0.4557539224624634,
            1.6713569164276123
          ],
          [
            0.0,
            0.0,
            0.0,
            1.0
          ]
        ]
      },
      "bone_length_armature_space": 0.03403865309084961,
      "parent": "metacarpal_thumb_l",
      "has_children": true,
      "is_end_bone": false
    },
    "thumb_02_l": {
      "name": "thumb_02_l",
      "local": {
        "location": {
          "x": 0.0,
          "y": 0.0,
          "z": 0.0
        },
        "rotation_quaternion": {
          "w": 0.93266361951828,
          "x": 0.36074385046958923,
          "y": 0.0011363178491592407,
          "z": -0.001085504423826933
        },
        "scale": {
          "x": 1.0,
          "y": 1.0,
          "z": 1.0
        },
        "matrix_basis": [
          [
            0.9999950528144836,
            0.002844660310074687,
            0.0013364265905693173,
            0.0
          ],
          [
            -0.001204981585033238,
            0.7397254109382629,
            -0.6729077696800232,
            0.0
          ],
          [
            -0.002902782754972577,
            0.6729028820991516,
            0.7397251725196838,
            0.0
          ],
          [
            0.0,
            0.0,
            0.0,
            1.0
          ]
        ],
        "rotation_mode": "QUATERNION"
      },
      "armature_space": {
        "head": {
          "x": 0.28082501888275146,
          "y": -0.41445857286453247,
          "z": 0.7043766975402832
        },
        "tail": {
          "x": 0.29046356678009033,
          "y": -0.426844984292984,
          "z": 0.7413479089736938
        }
      },
      "world_space": {
        "head": {
          "x": 0.28082501888275146,
          "y": -0.35121458768844604,
          "z": 1.6542307138442993
        },
        "tail": {
          "x": 0.29046356678009033,
          "y": -0.3636009693145752,
          "z": 1.69120192527771
        },
        "rotation_quaternion": {
          "w": 0.05560383200645447,
          "x": -0.12912514805793762,
          "y": -0.5854156613349915,
          "z": -0.7984505891799927
        },
        "matrix": [
          [
            -0.9604697823524475,
            0.23997768759727478,
            0.14109602570533752,
            0.28082501888275146
          ],
          [
            0.06238866597414017,
            -0.30839312076568604,
            0.9492108225822449,
            -0.35121458768844604
          ],
          [
            0.27130448818206787,
            0.920497477054596,
            0.28123342990875244,
            1.6542307138442993
          ],
          [
            0.0,
            0.0,
            0.0,
            1.0
          ]
        ]
      },
      "bone_length_armature_space": 0.040164602142133125,
      "parent": "thumb_01_l",
      "has_children": true,
      "is_end_bone": false
    },
    "thumb_03_l": {
      "name": "thumb_03_l",
      "local": {
        "location": {
          "x": 0.0,
          "y": 0.0,
          "z": 0.0
        },
        "rotation_quaternion": {
          "w": 0.9798880815505981,
          "x": 0.19952839612960815,
          "y": -0.000582431850489229,
          "z": -0.002723526442423463
        },
        "scale": {
          "x": 1.0,
          "y": 1.0,
          "z": 1.0
        },
        "matrix_basis": [
          [
            0.9999845027923584,
            0.005105078686028719,
            -0.002228277735412121,
            0.0
          ],
          [
            -0.005569925531744957,
            0.9203619956970215,
            -0.3910278081893921,
            0.0
          ],
          [
            5.459433305077255e-05,
            0.39103415608406067,
            0.920376181602478,
            0.0
          ],
          [
            0.0,
            0.0,
            0.0,
            1.0
          ]
        ],
        "rotation_mode": "QUATERNION"
      },
      "armature_space": {
        "head": {
          "x": 0.29046350717544556,
          "y": -0.4268450438976288,
          "z": 0.7413479089736938
        },
        "tail": {
          "x": 0.2986729145050049,
          "y": -0.4169934391975403,
          "z": 0.7689604759216309
        }
      },
      "world_space": {
        "head": {
          "x": 0.29046350717544556,
          "y": -0.36360102891921997,
          "z": 1.69120192527771
        },
        "tail": {
          "x": 0.2986729145050049,
          "y": -0.35374945402145386,
          "z": 1.718814492225647
        },
        "rotation_quaternion": {
          "w": 0.26152053475379944,
          "x": 0.02226698212325573,
          "y": -0.7703248858451843,
          "z": -0.5811288356781006
        },
        "matrix": [
          [
            -0.8622229099273682,
            0.26964813470840454,
            -0.42879021167755127,
            0.29046350717544556
          ],
          [
            -0.3382580280303955,
            0.3235882520675659,
            0.8836696743965149,
            -0.36360102891921997
          ],
          [
            0.37703368067741394,
            0.906968891620636,
            -0.18779495358467102,
            1.69120192527771
          ],
          [
            0.0,
            0.0,
            0.0,
            1.0
          ]
        ]
      },
      "bone_length_armature_space": 0.030445070437585462,
      "parent": "thumb_02_l",
      "has_children": false,
      "is_end_bone": true
    },
    "metacarpal_index_l": {
      "name": "metacarpal_index_l",
      "local": {
        "location": {
          "x": 0.0,
          "y": 0.0,
          "z": 0.0
        },
        "rotation_quaternion": {
          "w": 0.99989914894104,
          "x": -0.011155176907777786,
          "y": 7.153768092393875e-05,
          "z": 0.008789727464318275
        },
        "scale": {
          "x": 1.0,
          "y": 1.0,
          "z": 1.0
        },
        "matrix_basis": [
          [
            0.9998454451560974,
            -0.017579277977347374,
            -5.304099613567814e-05,
            0.0
          ],
          [
            0.017576085403561592,
            0.9995965957641602,
            0.022309361025691032,
            0.0
          ],
          [
            -0.0003391628561075777,
            -0.02230684645473957,
            0.999751091003418,
            0.0
          ],
          [
            0.0,
            0.0,
            0.0,
            1.0
          ]
        ],
        "rotation_mode": "QUATERNION"
      },
      "armature_space": {
        "head": {
          "x": 0.3138769567012787,
          "y": -0.34631502628326416,
          "z": 0.7143126130104065
        },
        "tail": {
          "x": 0.2766371965408325,
          "y": -0.45125895738601685,
          "z": 0.7507708072662354
        }
      },
      "world_space": {
        "head": {
          "x": 0.3138769567012787,
          "y": -0.28307104110717773,
          "z": 1.6641666889190674
        },
        "tail": {
          "x": 0.2766371965408325,
          "y": -0.3880149722099304,
          "z": 1.7006248235702515
        },
        "rotation_quaternion": {
          "w": 0.12888559699058533,
          "x": 0.9586421251296997,
          "y": -0.18859346210956573,
          "z": -0.16978371143341064
        },
        "matrix": [
          [
            0.8712118864059448,
            -0.3178219795227051,
            -0.3741374611854553,
            0.3138769567012787
          ],
          [
            -0.4053526818752289,
            -0.8956420421600342,
            -0.18307000398635864,
            -0.28307104110717773
          ],
          [
            -0.27691203355789185,
            0.3111517131328583,
            -0.9091305136680603,
            1.6641666889190674
          ],
          [
            0.0,
            0.0,
            0.0,
            1.0
          ]
        ]
      },
      "bone_length_armature_space": 0.11717178865254185,
      "parent": "lowerarm_l",
      "has_children": true,
      "is_end_bone": false
    },
    "index_01_l": {
      "name": "index_01_l",
      "local": {
        "location": {
          "x": 0.0,
          "y": 0.0,
          "z": 0.0
        },
        "rotation_quaternion": {
          "w": 0.970409095287323,
          "x": 0.24122215807437897,
          "y": 0.004035090561956167,
          "z": -0.010089602321386337
        },
        "scale": {
          "x": 1.0,
          "y": 1.0,
          "z": 1.0
        },
        "matrix_basis": [
          [
            0.9997638463973999,
            0.021528789773583412,
            0.0029637059196829796,
            0.0
          ],
          [
            -0.017635377123951912,
            0.8834201693534851,
            -0.46824976801872253,
            0.0
          ],
          [
            -0.012699048034846783,
            0.46808692812919617,
            0.8835911750793457,
            0.0
          ],
          [
            0.0,
            0.0,
            0.0,
            1.0
          ]
        ],
        "rotation_mode": "QUATERNION"
      },
      "armature_space": {
        "head": {
          "x": 0.2766371965408325,
          "y": -0.45125895738601685,
          "z": 0.7507708072662354
        },
        "tail": {
          "x": 0.27376312017440796,
          "y": -0.47934240102767944,
          "z": 0.7467546463012695
        }
      },
      "world_space": {
        "head": {
          "x": 0.2766371965408325,
          "y": -0.3880149722099304,
          "z": 1.7006248235702515
        },
        "tail": {
          "x": 0.27376312017440796,
          "y": -0.416098415851593,
          "z": 1.6966086626052856
        },
        "rotation_quaternion": {
          "w": 0.07854859530925751,
          "x": -0.9803910255432129,
          "y": 0.03723552078008652,
          "z": 0.17685391008853912
        },
        "matrix": [
          [
            0.934672474861145,
            -0.10079389810562134,
            -0.3409220576286316,
            0.2766371965408325
          ],
          [
            -0.04522763192653656,
            -0.9848874807357788,
            0.1671866774559021,
            -0.3880149722099304
          ],
          [
            -0.35262393951416016,
            -0.14084762334823608,
            -0.9251120686531067,
            1.7006248235702515
          ],
          [
            0.0,
            0.0,
            0.0,
            1.0
          ]
        ]
      },
      "bone_length_armature_space": 0.0285143766393776,
      "parent": "metacarpal_index_l",
      "has_children": true,
      "is_end_bone": false
    },
    "index_02_l": {
      "name": "index_02_l",
      "local": {
        "location": {
          "x": 0.0,
          "y": 0.0,
          "z": 0.0
        },
        "rotation_quaternion": {
          "w": 0.9252843260765076,
          "x": 0.37916100025177,
          "y": -0.004381607752293348,
          "z": -0.008178209885954857
        },
        "scale": {
          "x": 1.0,
          "y": 1.0,
          "z": 1.0
        },
        "matrix_basis": [
          [
            0.9998278617858887,
            0.011811668984591961,
            -0.014310182072222233,
            0.0
          ],
          [
            -0.01845700852572918,
            0.7123401165008545,
            -0.7015917897224426,
            0.0
          ],
          [
            0.0019067494431510568,
            0.7017351388931274,
            0.7124354839324951,
            0.0
          ],
          [
            0.0,
            0.0,
            0.0,
            1.0
          ]
        ],
        "rotation_mode": "QUATERNION"
      },
      "armature_space": {
        "head": {
          "x": 0.2737627327442169,
          "y": -0.4793426990509033,
          "z": 0.7467543482780457
        },
        "tail": {
          "x": 0.26566800475120544,
          "y": -0.49504736065864563,
          "z": 0.7281550168991089
        }
      },
      "world_space": {
        "head": {
          "x": 0.2737627327442169,
          "y": -0.4160987138748169,
          "z": 1.696608304977417
        },
        "tail": {
          "x": 0.26566800475120544,
          "y": -0.4318033456802368,
          "z": 1.678009033203125
        },
        "rotation_quaternion": {
          "w": 0.43181663751602173,
          "x": -0.8774732351303101,
          "y": 0.0862557664513588,
          "z": 0.19009219110012054
        },
        "matrix": [
          [
            0.9128500819206238,
            -0.3155441880226135,
            -0.25910714268684387,
            0.2737627327442169
          ],
          [
            0.01279432699084282,
            -0.6121894121170044,
            0.7906078100204468,
            -0.4160987138748169
          ],
          [
            -0.4080972969532013,
            -0.7250272035598755,
            -0.5548031330108643,
            1.696608304977417
          ],
          [
            0.0,
            0.0,
            0.0,
            1.0
          ]
        ]
      },
      "bone_length_armature_space": 0.02565338432164146,
      "parent": "index_01_l",
      "has_children": true,
      "is_end_bone": false
    },
    "index_03_l": {
      "name": "index_03_l",
      "local": {
        "location": {
          "x": 0.0,
          "y": 0.0,
          "z": 0.0
        },
        "rotation_quaternion": {
          "w": 0.9687198400497437,
          "x": 0.24812555313110352,
          "y": 0.0031686066649854183,
          "z": 0.0023753780405968428
        },
        "scale": {
          "x": 1.0,
          "y": 1.0,
          "z": 1.0
        },
        "matrix_basis": [
          [
            0.9999686479568481,
            -0.003029727144166827,
            0.007317768409848213,
            0.0
          ],
          [
            0.006174576003104448,
            0.8768561482429504,
            -0.48071324825286865,
            0.0
          ],
          [
            -0.004960200283676386,
            0.4807433485984802,
            0.8768473267555237,
            0.0
          ],
          [
            0.0,
            0.0,
            0.0,
            1.0
          ]
        ],
        "rotation_mode": "QUATERNION"
      },
      "armature_space": {
        "head": {
          "x": 0.26566800475120544,
          "y": -0.4950474798679352,
          "z": 0.7281551361083984
        },
        "tail": {
          "x": 0.2567647099494934,
          "y": -0.496939480304718,
          "z": 0.7003901600837708
        }
      },
      "world_space": {
        "head": {
          "x": 0.26566800475120544,
          "y": -0.43180346488952637,
          "z": 1.6780091524124146
        },
        "tail": {
          "x": 0.2567647099494934,
          "y": -0.4336954951286316,
          "z": 1.6502442359924316
        },
        "rotation_quaternion": {
          "w": 0.6754773855209351,
          "x": -0.7210229635238647,
          "y": 0.10655555129051208,
          "z": 0.11181347817182541
        },
        "matrix": [
          [
            0.9522873163223267,
            -0.30471283197402954,
            -0.017286628484725952,
            0.26566800475120544
          ],
          [
            -0.0026052347384393215,
            -0.06475341320037842,
            0.9978980422019958,
            -0.43180346488952637
          ],
          [
            -0.3051939606666565,
            -0.9502474069595337,
            -0.06245717406272888,
            1.6780091524124146
          ],
          [
            0.0,
            0.0,
            0.0,
            1.0
          ]
        ]
      },
      "bone_length_armature_space": 0.029218867191919403,
      "parent": "index_02_l",
      "has_children": false,
      "is_end_bone": true
    },
    "metacarpal_pinky_l": {
      "name": "metacarpal_pinky_l",
      "local": {
        "location": {
          "x": 0.0,
          "y": 0.0,
          "z": 0.0
        },
        "rotation_quaternion": {
          "w": 0.9994242191314697,
          "x": -0.028116926550865173,
          "y": -0.018774202093482018,
          "z": 0.0028875721618533134
        },
        "scale": {
          "x": 1.0,
          "y": 1.0,
          "z": 1.0
        },
        "matrix_basis": [
          [
            0.9992783665657043,
            -0.004716073162853718,
            -0.03768916428089142,
            0.0
          ],
          [
            0.006827564910054207,
            0.9984021782875061,
            0.05609305202960968,
            0.0
          ],
          [
            0.037364404648542404,
            -0.05630989745259285,
            0.9977139234542847,
            0.0
          ],
          [
            0.0,
            0.0,
            0.0,
            1.0
          ]
        ],
        "rotation_mode": "QUATERNION"
      },
      "armature_space": {
        "head": {
          "x": 0.3138769567012787,
          "y": -0.34631502628326416,
          "z": 0.7143126130104065
        },
        "tail": {
          "x": 0.34566572308540344,
          "y": -0.4364975094795227,
          "z": 0.7555415630340576
        }
      },
      "world_space": {
        "head": {
          "x": 0.3138769567012787,
          "y": -0.28307104110717773,
          "z": 1.6641666889190674
        },
        "tail": {
          "x": 0.34566572308540344,
          "y": -0.3732535243034363,
          "z": 1.7053955793380737
        },
        "rotation_quaternion": {
          "w": 0.19200392067432404,
          "x": 0.17207065224647522,
          "y": -0.17352014780044556,
          "z": -0.9504824876785278
        },
        "matrix": [
          [
            -0.8670520782470703,
            0.30527737736701965,
            -0.39373353123664856,
            0.3138769567012787
          ],
          [
            -0.42470842599868774,
            -0.8660504221916199,
            0.2637791633605957,
            -0.28307104110717773
          ],
          [
            -0.26046937704086304,
            0.3959341049194336,
            0.8805713057518005,
            1.6641666889190674
          ],
          [
            0.0,
            0.0,
            0.0,
            1.0
          ]
        ]
      },
      "bone_length_armature_space": 0.10413084320644929,
      "parent": "lowerarm_l",
      "has_children": true,
      "is_end_bone": false
    },
    "pinky_01_l": {
      "name": "pinky_01_l",
      "local": {
        "location": {
          "x": 0.0,
          "y": 0.0,
          "z": 0.0
        },
        "rotation_quaternion": {
          "w": 0.9474389553070068,
          "x": 0.3197318911552429,
          "y": 0.004627381917089224,
          "z": -0.010470553301274776
        },
        "scale": {
          "x": 1.0,
          "y": 1.0,
          "z": 1.0
        },
        "matrix_basis": [
          [
            0.9997379183769226,
            0.02279946394264698,
            0.0020727841183543205,
            0.0
          ],
          [
            -0.01688137650489807,
            0.7953237891197205,
            -0.6059498190879822,
            0.0
          ],
          [
            -0.015463863499462605,
            0.6057559847831726,
            0.7955002188682556,
            0.0
          ],
          [
            0.0,
            0.0,
            0.0,
            1.0
          ]
        ],
        "rotation_mode": "QUATERNION"
      },
      "armature_space": {
        "head": {
          "x": 0.34566572308540344,
          "y": -0.4364975094795227,
          "z": 0.7555415630340576
        },
