{
  "metadata": {
    "armature_name": "KIM_caucasian_male",
    "export_time": "2026-01-13T20:55:25.260332",
    "blender_version": "4.4.1",
    "bone_count": 56,
    "end_bone_count": 13,
    "spaces_included": [
      "LOCAL_CHANNELS",
      "ARMATURE_SPACE",
      "WORLD_SPACE"
    ],
    "note": "LOCAL matches Transform panel; replay pose via local.matrix_basis for best fidelity."
  },
  "bones": {
    "Root": {
      "name": "Root",
      "local": {
        "location": {
          "x": 0.0,
          "y": 0.0,
          "z": 0.0
        },
        "rotation_quaternion": {
          "w": 0.9998527765274048,
          "x": 0.0061447820626199245,
          "y": 0.015975359827280045,
          "z": 0.0012290638405829668
        },
        "scale": {
          "x": 1.0,
          "y": 1.0,
          "z": 1.0
        },
        "matrix_basis": [
          [
            0.9994865655899048,
            -0.0022614356130361557,
            0.031961120665073395,
            0.0
          ],
          [
            0.0026540961116552353,
            0.999921441078186,
            -0.01224848534911871,
            0.0
          ],
          [
            -0.03193091228604317,
            0.012327024713158607,
            0.9994140863418579,
            0.0
          ],
          [
            0.0,
            0.0,
            0.0,
            1.0
          ]
        ],
        "rotation_mode": "QUATERNION"
      },
      "armature_space": {
        "head": {
          "x": 0.0,
          "y": 0.07072800397872925,
          "z": -0.009595036506652832
        },
        "tail": {
          "x": -0.000161411939188838,
          "y": -0.0001127198338508606,
          "z": -0.000872625969350338
        }
      },
      "world_space": {
        "head": {
          "x": 0.0,
          "y": 0.13397200405597687,
          "z": 0.9402589797973633
        },
        "tail": {
          "x": -0.000161411939188838,
          "y": 0.06313128024339676,
          "z": 0.9489814043045044
        },
        "rotation_quaternion": {
          "w": 0.061226919293403625,
          "x": 0.9979953765869141,
          "y": -0.00015004532178863883,
          "z": 0.016021868214011192
        },
        "matrix": [
          [
            0.9994865655899048,
            -0.0022614356130361557,
            0.031961120665073395,
            0.0
          ],
          [
            0.0016624575946480036,
            -0.9925024509429932,
            -0.12221361696720123,
            0.13397200405597687
          ],
          [
            0.03199809417128563,
            0.12220390886068344,
            -0.991996169090271,
            0.9402589797973633
          ],
          [
            0.0,
            0.0,
            0.0,
            1.0
          ]
        ]
      },
      "bone_length_armature_space": 0.07137586738731383,
      "parent": null,
      "has_children": true,
      "is_end_bone": false
    },
    "spine_01": {
      "name": "spine_01",
      "local": {
        "location": {
          "x": 0.0,
          "y": 0.0,
          "z": 0.0
        },
        "rotation_quaternion": {
          "w": 0.9986386299133301,
          "x": -0.027191532775759697,
          "y": 0.04327306151390076,
          "z": -0.010445965453982353
        },
        "scale": {
          "x": 1.0,
          "y": 1.0,
          "z": 1.0
        },
        "matrix_basis": [
          [
            0.9960366487503052,
            0.01851016841828823,
            0.08699638396501541,
            0.0
          ],
          [
            -0.023216810077428818,
            0.9983029961585999,
            0.053404971957206726,
            0.0
          ],
          [
            -0.08586021512746811,
            -0.0552130863070488,
            0.9947761297225952,
            0.0
          ],
          [
            0.0,
            0.0,
            0.0,
            1.0
          ]
        ],
        "rotation_mode": "QUATERNION"
      },
      "armature_space": {
        "head": {
          "x": -0.000161411939188838,
          "y": -0.0001127198338508606,
          "z": -0.000872625969350338
        },
        "tail": {
          "x": -0.0067552728578448296,
          "y": 0.04360393434762955,
          "z": 0.4851253032684326
        }
      },
      "world_space": {
        "head": {
          "x": -0.000161411939188838,
          "y": 0.06313128024339676,
          "z": 0.9489814043045044
        },
        "tail": {
          "x": -0.0067552728578448296,
          "y": 0.10684793442487717,
          "z": 1.4349793195724487
        },
        "rotation_quaternion": {
          "w": 0.7376006245613098,
          "x": 0.6738366484642029,
          "y": 0.02714071422815323,
          "z": 0.033953867852687836
        },
        "matrix": [
          [
            0.9962210655212402,
            -0.013511975295841694,
            0.08579681813716888,
            -0.000161411939188838
          ],
          [
            0.08666569739580154,
            0.08958308398723602,
            -0.9922016263008118,
            0.06313128024339676
          ],
          [
            0.005720784887671471,
            0.9958948493003845,
            0.09041529893875122,
            0.9489814043045044
          ],
          [
            0.0,
            0.0,
            0.0,
            1.0
          ]
        ]
      },
      "bone_length_armature_space": 0.48800470767368054,
      "parent": "Root",
      "has_children": true,
      "is_end_bone": false
    },
    "neck_01": {
      "name": "neck_01",
      "local": {
        "location": {
          "x": 0.0,
          "y": 0.0,
          "z": 0.0
        },
        "rotation_quaternion": {
          "w": 0.9926023483276367,
          "x": -0.03705250844359398,
          "y": 0.01934763416647911,
          "z": 0.11398950219154358
        },
        "scale": {
          "x": 1.0,
          "y": 1.0,
          "z": 1.0
        },
        "matrix_basis": [
          [
            0.9732640981674194,
            -0.22772625088691711,
            0.02996182069182396,
            0.0
          ],
          [
            0.22485873103141785,
            0.9712669849395752,
            0.07796766608953476,
            0.0
          ],
          [
            -0.04685620963573456,
            -0.06914596259593964,
            0.9965055584907532,
            0.0
          ],
          [
            0.0,
            0.0,
            0.0,
            1.0
          ]
        ],
        "rotation_mode": "QUATERNION"
      },
      "armature_space": {
        "head": {
          "x": -0.004769126884639263,
          "y": 0.015753082931041718,
          "z": 0.5611788034439087
        },
        "tail": {
          "x": -0.026616785675287247,
          "y": -0.008765248581767082,
          "z": 0.6582987308502197
        }
      },
      "world_space": {
        "head": {
          "x": -0.004769126884639263,
          "y": 0.07899708300828934,
          "z": 1.5110328197479248
        },
        "tail": {
          "x": -0.026616785675287247,
          "y": 0.05447874963283539,
          "z": 1.6081527471542358
        },
        "rotation_quaternion": {
          "w": 0.6148563027381897,
          "x": 0.7791893482208252,
          "y": -0.04873218759894371,
          "z": 0.11153841018676758
        },
        "matrix": [
          [
            0.9703688621520996,
            -0.2131035178899765,
            0.11389124393463135,
            -0.004769126884639263
          ],
          [
            0.06121579185128212,
            -0.2391534447669983,
            -0.9690503478050232,
            0.07899708300828934
          ],
          [
            0.2337471842765808,
            0.9473145008087158,
            -0.21902424097061157,
            1.5110328197479248
          ],
          [
            0.0,
            0.0,
            0.0,
            1.0
          ]
        ]
      },
      "bone_length_armature_space": 0.10252194488788817,
      "parent": "spine_01",
      "has_children": true,
      "is_end_bone": false
    },
    "head": {
      "name": "head",
      "local": {
        "location": {
          "x": 0.0,
          "y": 0.0,
          "z": 0.0
        },
        "rotation_quaternion": {
          "w": 0.9770311117172241,
          "x": -0.07026657462120056,
          "y": -0.05984219163656235,
          "z": 0.19207215309143066
        },
        "scale": {
          "x": 1.0,
          "y": 1.0,
          "z": 1.0
        },
        "matrix_basis": [
          [
            0.919054388999939,
            -0.3669111132621765,
            -0.14392787218093872,
            0.0
          ],
          [
            0.3837307393550873,
            0.9163417816162109,
            0.11431722342967987,
            0.0
          ],
          [
            0.08994286507368088,
            -0.16029329597949982,
            0.9829630255699158,
            0.0
          ],
          [
            0.0,
            0.0,
            0.0,
            1.0
          ]
        ],
        "rotation_mode": "QUATERNION"
      },
      "armature_space": {
        "head": {
          "x": -0.02661675028502941,
          "y": -0.008765380829572678,
          "z": 0.6582986116409302
        },
        "tail": {
          "x": -0.11665835231542587,
          "y": 0.03062187135219574,
          "z": 0.7782750129699707
        }
      },
      "world_space": {
        "head": {
          "x": -0.02661675028502941,
          "y": 0.05447861924767494,
          "z": 1.6081526279449463
        },
        "tail": {
          "x": -0.11665835231542587,
          "y": 0.09386587142944336,
          "z": 1.7281290292739868
        },
        "rotation_quaternion": {
          "w": 0.7528623938560486,
          "x": 0.5780298709869385,
          "y": -0.24531465768814087,
          "z": 0.19723212718963623
        },
        "matrix": [
          [
            0.8018407225608826,
            -0.5805756449699402,
            -0.14136256277561188,
            -0.02661675028502941
          ],
          [
            0.013382062315940857,
            0.25396350026130676,
            -0.967121422290802,
            0.05447861924767494
          ],
          [
            0.5973922610282898,
            0.7735912203788757,
            0.2114081084728241,
            1.6081526279449463
          ],
          [
            0.0,
            0.0,
            0.0,
            1.0
          ]
        ]
      },
      "bone_length_armature_space": 0.15509088561924927,
      "parent": "neck_01",
      "has_children": false,
      "is_end_bone": true
    },
    "upperarm_l": {
      "name": "upperarm_l",
      "local": {
        "location": {
          "x": 0.0,
          "y": 0.0,
          "z": 0.0
        },
        "rotation_quaternion": {
          "w": 0.8459367752075195,
          "x": 0.059154193848371506,
          "y": 0.33999621868133545,
          "z": 0.4065641164779663
        },
        "scale": {
          "x": 1.0,
          "y": 1.0,
          "z": 1.0
        },
        "matrix_basis": [
          [
            0.4382163882255554,
            -0.6476306915283203,
            0.6233305335044861,
            0.0
          ],
          [
            0.7280794978141785,
            0.6624128222465515,
            0.17637911438941956,
            0.0
          ],
          [
            -0.527130663394928,
            0.37654194235801697,
            0.7618067264556885,
            0.0
          ],
          [
            0.0,
            0.0,
            0.0,
            1.0
          ]
        ],
        "rotation_mode": "QUATERNION"
      },
      "armature_space": {
        "head": {
          "x": 0.14584575593471527,
          "y": 0.019567999988794327,
          "z": 0.49539345502853394
        },
        "tail": {
          "x": 0.3364890515804291,
          "y": -0.046650778502225876,
          "z": 0.6716837286949158
        }
      },
      "world_space": {
        "head": {
          "x": 0.14584575593471527,
          "y": 0.08281199634075165,
          "z": 1.4452474117279053
        },
        "tail": {
          "x": 0.3364890515804291,
          "y": 0.016593221575021744,
          "z": 1.621537685394287
        },
        "rotation_quaternion": {
          "w": 0.45538413524627686,
          "x": 0.7864556908607483,
          "y": 0.4111787676811218,
          "z": -0.07102631032466888
        },
        "matrix": [
          [
            0.6517732739448547,
            0.7114367485046387,
            0.2627728581428528,
            0.14584575593471527
          ],
          [
            0.5820614695549011,
            -0.2471131831407547,
            -0.7746869921684265,
            0.08281199634075165
          ],
          [
            -0.486208975315094,
            0.6578745245933533,
            -0.5751663446426392,
            1.4452474117279053
          ],
          [
            0.0,
            0.0,
            0.0,
            1.0
          ]
        ]
      },
      "bone_length_armature_space": 0.2679702485573687,
      "parent": "spine_01",
      "has_children": true,
      "is_end_bone": false
    },
    "lowerarm_l": {
      "name": "lowerarm_l",
      "local": {
        "location": {
          "x": 0.0,
          "y": 0.0,
          "z": 0.0
        },
        "rotation_quaternion": {
          "w": 0.9841417074203491,
          "x": 0.05366815626621246,
          "y": -0.09063111990690231,
          "z": 0.14272674918174744
        },
        "scale": {
          "x": 1.0,
          "y": 1.0,
          "z": 1.0
        },
        "matrix_basis": [
          [
            0.9428301453590393,
            -0.2906546890735626,
            -0.16306796669960022,
            0.0
          ],
          [
            0.27119868993759155,
            0.953497588634491,
            -0.1315051168203354,
            0.0
          ],
          [
            0.19370749592781067,
            0.07976317405700684,
            0.9778114557266235,
            0.0
          ],
          [
            0.0,
            0.0,
            0.0,
            1.0
          ]
        ],
        "rotation_mode": "QUATERNION"
      },
      "armature_space": {
        "head": {
          "x": 0.33648908138275146,
          "y": -0.04665090888738632,
          "z": 0.6716837882995605
        },
        "tail": {
          "x": 0.4579397737979889,
          "y": -0.19477427005767822,
          "z": 0.858443021774292
        }
      },
      "world_space": {
        "head": {
          "x": 0.33648908138275146,
          "y": 0.016593091189861298,
          "z": 1.6215378046035767
        },
        "tail": {
          "x": 0.4579397737979889,
          "y": -0.1315302699804306,
          "z": 1.808297038078308
        },
        "rotation_quaternion": {
          "w": 0.43719482421875,
          "x": 0.8658391237258911,
          "y": 0.1789408177137375,
          "z": -0.1648138463497162
        },
        "matrix": [
          [
            0.8816332817077637,
            0.4539797008037567,
            -0.12893909215927124,
            0.33648908138275146
          ],
          [
            0.16575773060321808,
            -0.553681492805481,
            -0.816064715385437,
            0.016593091189861298
          ],
          [
            -0.44187092781066895,
            0.6981013417243958,
            -0.5633992552757263,
            1.6215378046035767
          ],
          [
            0.0,
            0.0,
            0.0,
            1.0
          ]
        ]
      },
      "bone_length_armature_space": 0.2675253422739522,
      "parent": "upperarm_l",
      "has_children": true,
      "is_end_bone": false
    },
    "metacarpal_thumb_l": {
      "name": "metacarpal_thumb_l",
      "local": {
        "location": {
          "x": 0.0,
          "y": 0.0,
          "z": 0.0
        },
        "rotation_quaternion": {
          "w": 0.9996750950813293,
          "x": -0.015322812832891941,
          "y": -0.013527557253837585,
          "z": -0.015227423049509525
        },
        "scale": {
          "x": 1.0,
          "y": 1.0,
          "z": 1.0
        },
        "matrix_basis": [
          [
            0.9991702437400818,
            0.030859511345624924,
            -0.02657967060804367,
            0.0
          ],
          [
            -0.0300303902477026,
            0.9990666508674622,
            0.031047647818922997,
            0.0
          ],
          [
            0.02751297876238823,
            -0.03022368997335434,
            0.9991644620895386,
            0.0
          ],
          [
            0.0,
            0.0,
            0.0,
            1.0
          ]
        ],
        "rotation_mode": "QUATERNION"
      },
      "armature_space": {
        "head": {
          "x": 0.4579397737979889,
          "y": -0.19477427005767822,
          "z": 0.858443021774292
        },
        "tail": {
          "x": 0.47933489084243774,
          "y": -0.23855020105838776,
          "z": 0.8673593997955322
        }
      },
      "world_space": {
        "head": {
          "x": 0.4579397737979889,
          "y": -0.1315302699804306,
          "z": 1.808297038078308
        },
        "tail": {
          "x": 0.47933489084243774,
          "y": -0.17530620098114014,
          "z": 1.8172134160995483
        },
        "rotation_quaternion": {
          "w": 0.02723660133779049,
          "x": -0.8479112982749939,
          "y": -0.23953570425510406,
          "z": -0.47215187549591064
        },
        "matrix": [
          [
            0.4393903613090515,
            0.4319307208061218,
            0.7876369953155518,
            0.4579397737979889
          ],
          [
            0.38049113750457764,
            -0.8837611675262451,
            0.27238380908966064,
            -0.1315302699804306
          ],
          [
            0.8137398958206177,
            0.18000636994838715,
            -0.5526655912399292,
            1.808297038078308
          ],
          [
            0.0,
            0.0,
            0.0,
            1.0
          ]
        ]
      },
      "bone_length_armature_space": 0.0495336755126156,
      "parent": "lowerarm_l",
      "has_children": true,
      "is_end_bone": false
    },
    "thumb_01_l": {
      "name": "thumb_01_l",
      "local": {
        "location": {
          "x": 0.0,
          "y": 0.0,
          "z": 0.0
        },
        "rotation_quaternion": {
          "w": 0.9979000091552734,
          "x": -0.06441539525985718,
          "y": -0.00186494633089751,
          "z": 0.006541809998452663
        },
        "scale": {
          "x": 1.0,
          "y": 1.0,
          "z": 1.0
        },
        "matrix_basis": [
          [
            0.9999074339866638,
            -0.012815882451832294,
            -0.004564846400171518,
            0.0
          ],
          [
            0.013296406716108322,
            0.9916157126426697,
            0.12853585183620453,
            0.0
          ],
          [
            0.0028792733792215586,
            -0.12858465313911438,
            0.9916943311691284,
            0.0
          ],
          [
            0.0,
            0.0,
            0.0,
            1.0
          ]
        ],
        "rotation_mode": "QUATERNION"
      },
      "armature_space": {
        "head": {
          "x": 0.47933489084243774,
          "y": -0.23855020105838776,
          "z": 0.8673593997955322
        },
        "tail": {
          "x": 0.5045916438102722,
          "y": -0.25404760241508484,
          "z": 0.850609540939331
        }
      },
      "world_space": {
        "head": {
          "x": 0.47933489084243774,
          "y": -0.17530620098114014,
          "z": 1.8172134160995483
        },
        "tail": {
          "x": 0.5045916438102722,
          "y": -0.19080360233783722,
          "z": 1.8004635572433472
        },
        "rotation_quaternion": {
          "w": 0.5170245170593262,
          "x": -0.3703611493110657,
          "y": 0.07099591940641403,
          "z": -0.7684256434440613
        },
        "matrix": [
          [
            -0.19103464484214783,
            0.7420032620429993,
            0.6426018476486206,
            0.47933489084243774
          ],
          [
            -0.8471778035163879,
            -0.45528918504714966,
            0.27386435866355896,
            -0.17530620098114014
          ],
          [
            0.49578046798706055,
            -0.49208447337150574,
            0.7155898809432983,
            1.8172134160995483
          ],
          [
            0.0,
            0.0,
            0.0,
            1.0
          ]
        ]
      },
      "bone_length_armature_space": 0.03403866639714207,
      "parent": "metacarpal_thumb_l",
      "has_children": true,
      "is_end_bone": false
    },
    "thumb_02_l": {
      "name": "thumb_02_l",
      "local": {
        "location": {
          "x": 0.0,
          "y": 0.0,
          "z": 0.0
        },
        "rotation_quaternion": {
          "w": 0.9983744621276855,
          "x": 0.05656883493065834,
          "y": -0.00623258575797081,
          "z": -0.0030951136723160744
        },
        "scale": {
          "x": 1.0,
          "y": 1.0,
          "z": 1.0
        },
        "matrix_basis": [
          [
            0.99990314245224,
            0.005475024692714214,
            -0.012795083224773407,
            0.0
          ],
          [
            -0.006885305047035217,
            0.9935807585716248,
            -0.11291518062353134,
            0.0
          ],
          [
            0.01209473516792059,
            0.11299233883619308,
            0.9935222268104553,
            0.0
          ],
          [
            0.0,
            0.0,
            0.0,
            1.0
          ]
        ],
        "rotation_mode": "QUATERNION"
      },
      "armature_space": {
        "head": {
          "x": 0.5045915842056274,
          "y": -0.25404757261276245,
          "z": 0.8506094813346863
        },
        "tail": {
          "x": 0.5276435017585754,
          "y": -0.2765844166278839,
          "z": 0.8745654225349426
        }
      },
      "world_space": {
        "head": {
          "x": 0.5045915842056274,
          "y": -0.19080357253551483,
          "z": 1.8004634380340576
        },
        "tail": {
          "x": 0.5276435017585754,
          "y": -0.2133404165506363,
          "z": 1.8244194984436035
        },
        "rotation_quaternion": {
          "w": 0.38050392270088196,
          "x": 0.1597842574119568,
          "y": -0.2732382118701935,
          "z": -0.868922770023346
        },
        "matrix": [
          [
            -0.6593707799911499,
            0.5739389657974243,
            -0.48561736941337585,
            0.5045915842056274
          ],
          [
            -0.7485760450363159,
            -0.5611149668693542,
            0.3532480001449585,
            -0.19080357253551483
          ],
          [
            -0.06974563002586365,
            0.5964463949203491,
            0.799625813961029,
            1.8004634380340576
          ],
          [
            0.0,
            0.0,
            0.0,
            1.0
          ]
        ]
      },
      "bone_length_armature_space": 0.040164503866247786,
      "parent": "thumb_01_l",
      "has_children": true,
      "is_end_bone": false
    },
    "thumb_03_l": {
      "name": "thumb_03_l",
      "local": {
        "location": {
          "x": 0.0,
          "y": 0.0,
          "z": 0.0
        },
        "rotation_quaternion": {
          "w": 0.9967660903930664,
          "x": 0.08027923852205276,
          "y": 0.0034327737521380186,
          "z": 0.0009718527435325086
        },
        "scale": {
          "x": 1.0,
          "y": 1.0,
          "z": 1.0
        },
        "matrix_basis": [
          [
            0.9999745488166809,
            -0.001386258751153946,
            0.006999384146183729,
            0.0
          ],
          [
            0.002488580532371998,
            0.987108588218689,
            -0.16003257036209106,
            0.0
          ],
          [
            -0.0066873058676719666,
            0.16004592180252075,
            0.9870868921279907,
            0.0
          ],
          [
            0.0,
            0.0,
            0.0,
            1.0
          ]
        ],
        "rotation_mode": "QUATERNION"
      },
      "armature_space": {
        "head": {
          "x": 0.5276435017585754,
          "y": -0.2765844762325287,
          "z": 0.8745653033256531
        },
        "tail": {
          "x": 0.5393564701080322,
          "y": -0.2853822708129883,
          "z": 0.9012543559074402
        }
      },
      "world_space": {
        "head": {
          "x": 0.5276435017585754,
          "y": -0.21334047615528107,
          "z": 1.8244192600250244
        },
        "tail": {
          "x": 0.5393564701080322,
          "y": -0.22213827073574066,
          "z": 1.8511083126068115
        },
        "rotation_quaternion": {
          "w": 0.4661805331707001,
          "x": 0.3736172616481781,
          "y": -0.37173599004745483,
          "z": -0.7105618715286255
        },
        "matrix": [
          [
            -0.2861703038215637,
            0.3847276568412781,
            -0.8775483965873718,
            0.5276435017585754
          ],
          [
            -0.9402750134468079,
            -0.28897491097450256,
            0.1799355000257492,
            -0.21334047615528107
          ],
          [
            -0.18436557054519653,
            0.8766347169876099,
            0.4444493055343628,
            1.8244192600250244
          ],
          [
            0.0,
            0.0,
            0.0,
            1.0
          ]
        ]
      },
      "bone_length_armature_space": 0.03044503817440511,
      "parent": "thumb_02_l",
      "has_children": false,
      "is_end_bone": true
    },
    "metacarpal_index_l": {
      "name": "metacarpal_index_l",
      "local": {
        "location": {
          "x": 0.0,
          "y": 0.0,
          "z": 0.0
        },
        "rotation_quaternion": {
          "w": 0.9997727870941162,
          "x": -0.014126880094408989,
          "y": -0.010476118884980679,
          "z": 0.012046030722558498
        },
        "scale": {
          "x": 1.0,
          "y": 1.0,
          "z": 1.0
        },
        "matrix_basis": [
          [
            0.9994902610778809,
            -0.023790597915649414,
            -0.0212878230959177,
            0.0
          ],
          [
            0.0243825763463974,
            0.9993106722831726,
            0.027994949370622635,
            0.0
          ],
          [
            0.020607130602002144,
            -0.028499731793999672,
            0.9993813633918762,
            0.0
          ],
          [
            0.0,
            0.0,
            0.0,
            1.0
          ]
        ],
        "rotation_mode": "QUATERNION"
      },
      "armature_space": {
        "head": {
          "x": 0.4579397737979889,
          "y": -0.19477427005767822,
          "z": 0.858443021774292
        },
        "tail": {
          "x": 0.5052811503410339,
          "y": -0.28568023443222046,
          "z": 0.9152246713638306
        }
      },
      "world_space": {
        "head": {
          "x": 0.4579397737979889,
          "y": -0.1315302699804306,
          "z": 1.808297038078308
        },
        "tail": {
          "x": 0.5052811503410339,
          "y": -0.22243623435497284,
          "z": 1.8650786876678467
        },
        "rotation_quaternion": {
          "w": 0.19428811967372894,
          "x": 0.9114236831665039,
          "y": 0.2726436257362366,
          "z": 0.2392168790102005
        },
        "matrix": [
          [
            0.7368811964988708,
            0.404034286737442,
            0.5419986844062805,
            0.4579397737979889
          ],
          [
            0.5899420976638794,
            -0.7758353352546692,
            -0.22371503710746765,
            -0.1315302699804306
          ],
          [
            0.33011579513549805,
            0.48460179567337036,
            -0.810060977935791,
            1.808297038078308
          ],
          [
            0.0,
            0.0,
            0.0,
            1.0
          ]
        ]
      },
      "bone_length_armature_space": 0.11717190738098383,
      "parent": "lowerarm_l",
      "has_children": true,
      "is_end_bone": false
    },
    "index_01_l": {
      "name": "index_01_l",
      "local": {
        "location": {
          "x": 0.0,
          "y": 0.0,
          "z": 0.0
        },
        "rotation_quaternion": {
          "w": 0.9956508874893188,
          "x": -0.09075258672237396,
          "y": -0.018088119104504585,
          "z": -0.01077962201088667
        },
        "scale": {
          "x": 1.0,
          "y": 1.0,
          "z": 1.0
        },
        "matrix_basis": [
          [
            0.9991132616996765,
            0.02474856749176979,
            -0.03406234830617905,
            0.0
          ],
          [
            -0.01818239316344261,
            0.9832955598831177,
            0.18110574781894684,
            0.0
          ],
          [
            0.037975460290908813,
            -0.18032582104206085,
            0.9828735589981079,
            0.0
          ],
          [
            0.0,
            0.0,
            0.0,
            1.0
          ]
        ],
        "rotation_mode": "QUATERNION"
      },
      "armature_space": {
        "head": {
          "x": 0.5052811503410339,
          "y": -0.28568023443222046,
          "z": 0.9152246713638306
        },
        "tail": {
          "x": 0.5180525183677673,
          "y": -0.29733848571777344,
          "z": 0.9378974437713623
        }
      },
      "world_space": {
        "head": {
          "x": 0.5052811503410339,
          "y": -0.22243623435497284,
          "z": 1.8650786876678467
        },
        "tail": {
          "x": 0.5180525183677673,
          "y": -0.23409448564052582,
          "z": 1.8877514600753784
        },
        "rotation_quaternion": {
          "w": 0.37148019671440125,
          "x": 0.8004276156425476,
          "y": 0.3969566822052002,
          "z": 0.25247490406036377
        },
        "matrix": [
          [
            0.5573624968528748,
            0.44789206981658936,
            0.6990992426872253,
            0.5052811503410339
          ],
          [
            0.8230499625205994,
            -0.40885528922080994,
            -0.3942418694496155,
            -0.22243623435497284
          ],
          [
            0.10925395786762238,
            0.7951343059539795,
            -0.5965225696563721,
            1.8650786876678467
          ],
          [
            0.0,
            0.0,
            0.0,
            1.0
          ]
        ]
      },
      "bone_length_armature_space": 0.028514510187638075,
      "parent": "metacarpal_index_l",
      "has_children": true,
      "is_end_bone": false
    },
    "index_02_l": {
      "name": "index_02_l",
      "local": {
        "location": {
          "x": 0.0,
          "y": 0.0,
          "z": 0.0
        },
        "rotation_quaternion": {
          "w": 0.9998788237571716,
          "x": 0.015482807531952858,
          "y": -0.0001763621112331748,
          "z": 0.0015966631472110748
        },
        "scale": {
          "x": 1.0,
          "y": 1.0,
          "z": 1.0
        },
        "matrix_basis": [
          [
            0.9999948143959045,
            -0.003198400605469942,
            -0.00030323982355184853,
            0.0
          ],
          [
            0.0031874782871454954,
            0.9995154738426208,
            -0.030962426215410233,
            0.0
          ],
          [
            0.00040212314343079925,
            0.030961299315094948,
            0.999520480632782,
            0.0
          ],
          [
            0.0,
            0.0,
            0.0,
            1.0
          ]
        ],
        "rotation_mode": "QUATERNION"
      },
      "armature_space": {
        "head": {
          "x": 0.5180528163909912,
          "y": -0.29733896255493164,
          "z": 0.9378975033760071
        },
        "tail": {
          "x": 0.529839277267456,
          "y": -0.30723807215690613,
          "z": 0.9584202170372009
        }
      },
      "world_space": {
        "head": {
          "x": 0.5180528163909912,
          "y": -0.23409496247768402,
          "z": 1.887751579284668
        },
        "tail": {
          "x": 0.529839277267456,
          "y": -0.2439940720796585,
          "z": 1.9082741737365723
        },
        "rotation_quaternion": {
          "w": 0.3895293176174164,
          "x": 0.8022884726524353,
          "y": 0.3941141963005066,
          "z": 0.2219778448343277
        },
        "matrix": [
          [
            0.5907984972000122,
            0.4594533443450928,
            0.6632192730903625,
            0.5180528163909912
          ],
          [
            0.8053213357925415,
            -0.38588136434555054,
            -0.4500596225261688,
            -0.23409496247768402
          ],
          [
            0.04914350062608719,
            0.8000043034553528,
            -0.5979901552200317,
            1.887751579284668
          ],
          [
            0.0,
            0.0,
            0.0,
            1.0
          ]
        ]
      },
      "bone_length_armature_space": 0.025653358795320925,
      "parent": "index_01_l",
      "has_children": true,
      "is_end_bone": false
    },
    "index_03_l": {
      "name": "index_03_l",
      "local": {
        "location": {
          "x": 0.0,
          "y": 0.0,
          "z": 0.0
        },
        "rotation_quaternion": {
          "w": 0.9998611807823181,
          "x": 0.013966868631541729,
          "y": 0.005267671309411526,
          "z": 0.007403688505291939
        },
        "scale": {
          "x": 1.0,
          "y": 1.0,
          "z": 1.0
        },
        "matrix_basis": [
          [
            0.9998348951339722,
            -0.01465817540884018,
            0.010740692727267742,
            0.0
          ],
          [
            0.014952466823160648,
            0.9995002150535583,
            -0.027851859107613564,
            0.0
          ],
          [
            -0.010327067226171494,
            0.028007859364151955,
            0.9995543360710144,
            0.0
          ],
          [
            0.0,
            0.0,
            0.0,
            1.0
          ]
        ],
        "rotation_mode": "QUATERNION"
      },
      "armature_space": {
        "head": {
          "x": 0.5298391580581665,
          "y": -0.30723804235458374,
          "z": 0.9584202766418457
        },
        "tail": {
          "x": 0.5467429757118225,
          "y": -0.31810322403907776,
          "z": 0.9796321988105774
        }
      },
      "world_space": {
        "head": {
          "x": 0.5298391580581665,
          "y": -0.24399404227733612,
          "z": 1.9082742929458618
        },
        "tail": {
          "x": 0.5467429757118225,
          "y": -0.25485920906066895,
          "z": 1.9294862747192383
        },
        "rotation_quaternion": {
          "w": 0.33241915702819824,
          "x": 0.7997373938560486,
          "y": 0.45118558406829834,
          "z": 0.21528896689414978
        },
        "matrix": [
          [
            0.5001630187034607,
            0.5785281658172607,
            0.644315242767334,
            0.5298391580581665
          ],
          [
            0.8647933006286621,
            -0.3718577027320862,
            -0.3374241292476654,
            -0.24399404227733612
          ],
          [
            0.04438519850373268,
            0.7259712219238281,
            -0.686301589012146,
            1.9082742929458618
          ],
          [
            0.0,
            0.0,
            0.0,
            1.0
          ]
        ]
      },
      "bone_length_armature_space": 0.029218776114273322,
      "parent": "index_02_l",
      "has_children": false,
      "is_end_bone": true
    },
    "metacarpal_pinky_l": {
      "name": "metacarpal_pinky_l",
      "local": {
        "location": {
          "x": 0.0,
          "y": 0.0,
          "z": 0.0
        },
        "rotation_quaternion": {
          "w": 0.9990726709365845,
          "x": -0.036452729254961014,
          "y": -0.01732608675956726,
          "z": 0.014997348189353943
        },
        "scale": {
          "x": 1.0,
          "y": 1.0,
          "z": 1.0
        },
        "matrix_basis": [
          [
            0.9989497661590576,
            -0.0287037156522274,
            -0.035713426768779755,
            0.0
          ],
          [
            0.031230047345161438,
            0.9968925714492798,
            0.07231815904378891,
            0.0
          ],
          [
            0.03352665156126022,
            -0.07335754483938217,
            0.9967420101165771,
            0.0
          ],
          [
            0.0,
            0.0,
            0.0,
            1.0
          ]
        ],
        "rotation_mode": "QUATERNION"
      },
      "armature_space": {
        "head": {
          "x": 0.4579397737979889,
          "y": -0.19477427005767822,
          "z": 0.858443021774292
        },
        "tail": {
          "x": 0.513081967830658,
          "y": -0.2179587334394455,
          "z": 0.9436787366867065
        }
      },
      "world_space": {
        "head": {
          "x": 0.4579397737979889,
          "y": -0.1315302699804306,
          "z": 1.808297038078308
        },
        "tail": {
          "x": 0.513081967830658,
          "y": -0.15471473336219788,
          "z": 1.8935327529907227
        },
        "rotation_quaternion": {
          "w": 0.5982374548912048,
          "x": 0.5104005336761475,
          "y": -0.1754680871963501,
          "z": -0.5922957062721252
        },
        "matrix": [
          [
            0.23678919672966003,
            0.5295478105545044,
            -0.8145613074302673,
            0.4579397737979889
          ],
          [
            -0.8877867460250854,
            -0.22264763712882996,
            -0.4028191566467285,
            -0.1315302699804306
          ],
          [
            -0.394675612449646,
            0.8185452222824097,
            0.41740745306015015,
            1.808297038078308
          ],
          [
            0.0,
            0.0,
            0.0,
            1.0
          ]
        ]
      },
      "bone_length_armature_space": 0.10413120654657428,
      "parent": "lowerarm_l",
      "has_children": true,
      "is_end_bone": false
    },
    "pinky_01_l": {
      "name": "pinky_01_l",
      "local": {
        "location": {
          "x": 0.0,
          "y": 0.0,
          "z": 0.0
        },
        "rotation_quaternion": {
          "w": 0.9930666089057922,
          "x": -0.11717704683542252,
          "y": 0.002669393317773938,
          "z": 0.009006008505821228
        },
        "scale": {
          "x": 1.0,
          "y": 1.0,
          "z": 1.0
        },
        "matrix_basis": [
          [
            0.9998235106468201,
            -0.01851271651685238,
            0.0031911758705973625,
            0.0
          ],
          [
            0.017261549830436707,
            0.9723768830299377,
            0.23277731239795685,
            0.0
          ],
          [
            -0.007412365637719631,
            -0.23268114030361176,
            0.9725248217582703,
            0.0
          ],
          [
            0.0,
            0.0,
            0.0,
            1.0
          ]
        ],
        "rotation_mode": "QUATERNION"
      },
      "armature_space": {
        "head": {
          "x": 0.513081967830658,
          "y": -0.2179587334394455,
          "z": 0.9436787366867065
        },
        "tail": {
