{
  "metadata": {
    "armature_name": "KIM_caucasian_male",
    "export_time": "2026-01-13T21:07:38.924588",
    "blender_version": "4.4.1",
    "bone_count": 56,
    "end_bone_count": 13,
    "spaces_included": [
      "LOCAL_CHANNELS",
      "ARMATURE_SPACE",
      "WORLD_SPACE"
    ],
    "note": "LOCAL matches Transform panel; replay pose via local.matrix_basis for best fidelity."
  },
  "bones": {
    "Root": {
      "name": "Root",
      "local": {
        "location": {
          "x": 0.0,
          "y": 0.0,
          "z": 0.0
        },
        "rotation_quaternion": {
          "w": 0.9998822212219238,
          "x": -0.006911946926265955,
          "y": -0.005045036319643259,
          "z": 0.012743889354169369
        },
        "scale": {
          "x": 1.0,
          "y": 1.0,
          "z": 1.0
        },
        "matrix_basis": [
          [
            0.9996242523193359,
            -0.02541503496468067,
            -0.010265054181218147,
            0.0
          ],
          [
            0.025554519146680832,
            0.9995796084403992,
            0.013693679124116898,
            0.0
          ],
          [
            0.00991271436214447,
            -0.013950852677226067,
            0.9998535513877869,
            0.0
          ],
          [
            0.0,
            0.0,
            0.0,
            1.0
          ]
        ],
        "rotation_mode": "QUATERNION"
      },
      "armature_space": {
        "head": {
          "x": 0.0,
          "y": 0.07072800397872925,
          "z": -0.009595036506652832
        },
        "tail": {
          "x": -0.0018140202155336738,
          "y": 0.0001635923981666565,
          "z": 0.0009826887398958206
        }
      },
      "world_space": {
        "head": {
          "x": 0.0,
          "y": 0.13397200405597687,
          "z": 0.9402589797973633
        },
        "tail": {
          "x": -0.0018140202155336738,
          "y": 0.06340759247541428,
          "z": 0.950836718082428
        },
        "rotation_quaternion": {
          "w": 0.07425596565008163,
          "x": 0.9971450567245483,
          "y": -0.013054813258349895,
          "z": -0.004175045993179083
        },
        "matrix": [
          [
            0.9996242523193359,
            -0.02541503496468067,
            -0.010265054181218147,
            0.0
          ],
          [
            -0.026655128225684166,
            -0.9886311888694763,
            -0.14797939360141754,
            0.13397200405597687
          ],
          [
            -0.006387521978467703,
            0.1481975018978119,
            -0.9889442324638367,
            0.9402589797973633
          ],
          [
            0.0,
            0.0,
            0.0,
            1.0
          ]
        ]
      },
      "bone_length_armature_space": 0.07137587204322836,
      "parent": null,
      "has_children": true,
      "is_end_bone": false
    },
    "spine_01": {
      "name": "spine_01",
      "local": {
        "location": {
          "x": 0.0,
          "y": 0.0,
          "z": 0.0
        },
        "rotation_quaternion": {
          "w": 0.9979084730148315,
          "x": 0.0022696026135236025,
          "y": -0.0074302260763943195,
          "z": 0.06417481601238251
        },
        "scale": {
          "x": 1.0,
          "y": 1.0,
          "z": 1.0
        },
        "matrix_basis": [
          [
            0.99165278673172,
            -0.12811490893363953,
            -0.014538068324327469,
            0.0
          ],
          [
            0.12804745137691498,
            0.9917528629302979,
            -0.005483378190547228,
            0.0
          ],
          [
            0.015120673924684525,
            0.0035760444588959217,
            0.9998793005943298,
            0.0
          ],
          [
            0.0,
            0.0,
            0.0,
            1.0
          ]
        ],
        "rotation_mode": "QUATERNION"
      },
      "armature_space": {
        "head": {
          "x": -0.0018140202155336738,
          "y": 0.0001635923981666565,
          "z": 0.0009826887398958206
        },
        "tail": {
          "x": -0.06048977002501488,
          "y": 0.029338818043470383,
          "z": 0.48456767201423645
        }
      },
      "world_space": {
        "head": {
          "x": -0.0018140202155336738,
          "y": 0.06340759247541428,
          "z": 0.950836718082428
        },
        "tail": {
          "x": -0.06048977002501488,
          "y": 0.0925828218460083,
          "z": 1.4344216585159302
        },
        "rotation_quaternion": {
          "w": 0.7257634401321411,
          "x": 0.684997022151947,
          "y": -0.05621165782213211,
          "z": 0.029780566692352295
        },
        "matrix": [
          [
            0.9919068217277527,
            -0.12023689597845078,
            -0.040792763233184814,
            -0.0018140202155336738
          ],
          [
            -0.033781494945287704,
            0.059785146266222,
            -0.997639536857605,
            0.06340759247541428
          ],
          [
            0.12239271402359009,
            0.990950345993042,
            0.05523897707462311,
            0.950836718082428
          ],
          [
            0.0,
            0.0,
            0.0,
            1.0
          ]
        ]
      },
      "bone_length_armature_space": 0.48800457518690915,
      "parent": "Root",
      "has_children": true,
      "is_end_bone": false
    },
    "neck_01": {
      "name": "neck_01",
      "local": {
        "location": {
          "x": 0.0,
          "y": 0.0,
          "z": 0.0
        },
        "rotation_quaternion": {
          "w": 0.9856225252151489,
          "x": 0.0023852577432990074,
          "y": -0.10864625871181488,
          "z": 0.1293783187866211
        },
        "scale": {
          "x": 1.0,
          "y": 1.0,
          "z": 1.0
        },
        "matrix_basis": [
          [
            0.9429144859313965,
            -0.2555546760559082,
            -0.21355119347572327,
            0.0
          ],
          [
            0.254518061876297,
            0.9665111303329468,
            -0.0328148677945137,
            0.0
          ],
          [
            0.2147856056690216,
            -0.023411013185977936,
            0.9763805866241455,
            0.0
          ],
          [
            0.0,
            0.0,
            0.0,
            1.0
          ]
        ],
        "rotation_mode": "QUATERNION"
      },
      "armature_space": {
        "head": {
          "x": -0.07070804387331009,
          "y": -0.0008823834359645844,
          "z": 0.5590392351150513
        },
        "tail": {
          "x": -0.10926744341850281,
          "y": -0.029759736731648445,
          "z": 0.6495378613471985
        }
      },
      "world_space": {
        "head": {
          "x": -0.07070804387331009,
          "y": 0.062361616641283035,
          "z": 1.5088932514190674
        },
        "tail": {
          "x": -0.10926744341850281,
          "y": 0.033484265208244324,
          "z": 1.5993919372558594
        },
        "rotation_quaternion": {
          "w": 0.5585776567459106,
          "x": 0.8001125454902649,
          "y": -0.2171517163515091,
          "z": 0.02561780996620655
        },
        "matrix": [
          [
            0.904377281665802,
            -0.3761110007762909,
            -0.2015995979309082,
            -0.07070804387331009
          ],
          [
            -0.3188741207122803,
            -0.2816716432571411,
            -0.9049755334854126,
            0.062361616641283035
          ],
          [
            0.2835879623889923,
            0.8827298879623413,
            -0.37467285990715027,
            1.5088932514190674
          ],
          [
            0.0,
            0.0,
            0.0,
            1.0
          ]
        ]
      },
      "bone_length_armature_space": 0.10252185205940274,
      "parent": "spine_01",
      "has_children": true,
      "is_end_bone": false
    },
    "head": {
      "name": "head",
      "local": {
        "location": {
          "x": 0.0,
          "y": 0.0,
          "z": 0.0
        },
        "rotation_quaternion": {
          "w": 0.9758636951446533,
          "x": 0.030635641887784004,
          "y": -0.16306346654891968,
          "z": -0.1419924944639206
        },
        "scale": {
          "x": 1.0,
          "y": 1.0,
          "z": 1.0
        },
        "matrix_basis": [
          [
            0.9064968824386597,
            0.2671395242214203,
            -0.32695549726486206,
            0.0
          ],
          [
            -0.2871217429637909,
            0.9577991962432861,
            -0.01348484493792057,
            0.0
          ],
          [
            0.30955538153648376,
            0.10610000044107437,
            0.9449435472488403,
            0.0
          ],
          [
            0.0,
            0.0,
            0.0,
            1.0
          ]
        ],
        "rotation_mode": "QUATERNION"
      },
      "armature_space": {
        "head": {
          "x": -0.10926744341850281,
          "y": -0.029759857803583145,
          "z": 0.6495377421379089
        },
        "tail": {
          "x": -0.11857149004936218,
          "y": -0.04901638999581337,
          "z": 0.8031473755836487
        }
      },
      "world_space": {
        "head": {
          "x": -0.10926744341850281,
          "y": 0.033484142273664474,
          "z": 1.5993916988372803
        },
        "tail": {
          "x": -0.11857149004936218,
          "y": 0.01422761008143425,
          "z": 1.7530014514923096
        },
        "rotation_quaternion": {
          "w": 0.6201272010803223,
          "x": 0.7170983552932739,
          "y": -0.23099863529205322,
          "z": -0.21875077486038208
        },
        "matrix": [
          [
            0.7975755929946899,
            -0.05999121814966202,
            -0.6002287268638611,
            -0.10926744341850281
          ],
          [
            -0.6026042699813843,
            -0.1241634264588356,
            -0.7883222699165344,
            0.033484142273664474
          ],
          [
            -0.027234796434640884,
            0.9904534220695496,
            -0.1351822316646576,
            1.5993916988372803
          ],
          [
            0.0,
            0.0,
            0.0,
            1.0
          ]
        ]
      },
      "bone_length_armature_space": 0.15509126069745297,
      "parent": "neck_01",
      "has_children": false,
      "is_end_bone": true
    },
    "upperarm_l": {
      "name": "upperarm_l",
      "local": {
        "location": {
          "x": 0.0,
          "y": 0.0,
          "z": 0.0
        },
        "rotation_quaternion": {
          "w": 0.7802306413650513,
          "x": 0.5965116024017334,
          "y": 0.18806898593902588,
          "z": -0.006642617285251617
        },
        "scale": {
          "x": 1.0,
          "y": 1.0,
          "z": 1.0
        },
        "matrix_basis": [
          [
            0.9291718602180481,
            0.23473620414733887,
            0.2855495810508728,
            0.0
          ],
          [
            0.21400511264801025,
            0.2882595658302307,
            -0.9333317875862122,
            0.0
          ],
          [
            -0.3013991713523865,
            0.9283347129821777,
            0.21760793030261993,
            0.0
          ],
          [
            0.0,
            0.0,
            0.0,
            1.0
          ]
        ],
        "rotation_mode": "QUATERNION"
      },
      "armature_space": {
        "head": {
          "x": 0.08602873980998993,
          "y": -0.013149235397577286,
          "z": 0.5109747648239136
        },
        "tail": {
          "x": 0.16922113299369812,
          "y": -0.2636590301990509,
          "z": 0.4648060202598572
        }
      },
      "world_space": {
        "head": {
          "x": 0.08602873980998993,
          "y": 0.050094764679670334,
          "z": 1.4608287811279297
        },
        "tail": {
          "x": 0.16922113299369812,
          "y": -0.20041503012180328,
          "z": 1.4146599769592285
        },
        "rotation_quaternion": {
          "w": 0.018250584602355957,
          "x": 0.807349443435669,
          "y": 0.1795673668384552,
          "z": -0.5617913007736206
        },
        "matrix": [
          [
            0.3042919933795929,
            0.310454785823822,
            -0.9005689024925232,
            0.08602873980998993
          ],
          [
            0.2694411873817444,
            -0.9348446726799011,
            -0.23122961819171906,
            0.050094764679670334
          ],
          [
            -0.9136843681335449,
            -0.17229107022285461,
            -0.3681177496910095,
            1.4608287811279297
          ],
          [
            0.0,
            0.0,
            0.0,
            1.0
          ]
        ]
      },
      "bone_length_armature_space": 0.2679695638888931,
      "parent": "spine_01",
      "has_children": true,
      "is_end_bone": false
    },
    "lowerarm_l": {
      "name": "lowerarm_l",
      "local": {
        "location": {
          "x": 0.0,
          "y": 0.0,
          "z": 0.0
        },
        "rotation_quaternion": {
          "w": 0.899371325969696,
          "x": 0.32678091526031494,
          "y": -0.22022444009780884,
          "z": 0.18933260440826416
        },
        "scale": {
          "x": 1.0,
          "y": 1.0,
          "z": 1.0
        },
        "matrix_basis": [
          [
            0.8313087224960327,
            -0.48449093103408813,
            -0.2723865211009979,
            0.0
          ],
          [
            0.1966303437948227,
            0.7147347927093506,
            -0.671186089515686,
            0.0
          ],
          [
            0.5198676586151123,
            0.5044034123420715,
            0.689430832862854,
            0.0
          ],
          [
            0.0,
            0.0,
            0.0,
            1.0
          ]
        ],
        "rotation_mode": "QUATERNION"
      },
      "armature_space": {
        "head": {
          "x": 0.16922107338905334,
          "y": -0.26365917921066284,
          "z": 0.46480610966682434
        },
        "tail": {
          "x": 0.04941871762275696,
          "y": -0.4931047558784485,
          "z": 0.5324191451072693
        }
      },
      "world_space": {
        "head": {
          "x": 0.16922107338905334,
          "y": -0.20041517913341522,
          "z": 1.414660096168518
        },
        "tail": {
          "x": 0.04941871762275696,
          "y": -0.42986077070236206,
          "z": 1.4822731018066406
        },
        "rotation_quaternion": {
          "w": 0.10742218047380447,
          "x": -0.5775277614593506,
          "y": 0.24419185519218445,
          "z": 0.7715520262718201
        },
        "matrix": [
          [
            -0.3098447918891907,
            -0.4478182792663574,
            -0.8387224674224854,
            0.16922107338905334
          ],
          [
            -0.11629156023263931,
            -0.8576619625091553,
            0.5008914470672607,
            -0.20041517913341522
          ],
          [
            -0.943655252456665,
            0.2527359426021576,
            0.21366655826568604,
            1.414660096168518
          ],
          [
            0.0,
            0.0,
            0.0,
            1.0
          ]
        ]
      },
      "bone_length_armature_space": 0.2675245798791348,
      "parent": "upperarm_l",
      "has_children": true,
      "is_end_bone": false
    },
    "metacarpal_thumb_l": {
      "name": "metacarpal_thumb_l",
      "local": {
        "location": {
          "x": 0.0,
          "y": 0.0,
          "z": 0.0
        },
        "rotation_quaternion": {
          "w": 0.9980612397193909,
          "x": -0.06178145483136177,
          "y": 0.005265524610877037,
          "z": -0.005401271395385265
        },
        "scale": {
          "x": 1.0,
          "y": 1.0,
          "z": 1.0
        },
        "matrix_basis": [
          [
            0.9998862147331238,
            0.010130975395441055,
            0.011178028769791126,
            0.0
          ],
          [
            -0.0114322230219841,
            0.9923077821731567,
            0.12326647341251373,
            0.0
          ],
          [
            -0.009843234904110432,
            -0.12338022887706757,
            0.992310643196106,
            0.0
          ],
          [
            0.0,
            0.0,
            0.0,
            1.0
          ]
        ],
        "rotation_mode": "QUATERNION"
      },
      "armature_space": {
        "head": {
          "x": 0.04941871762275696,
          "y": -0.4931047558784485,
          "z": 0.5324191451072693
        },
        "tail": {
          "x": 0.0063266269862651825,
          "y": -0.5134803056716919,
          "z": 0.5458911657333374
        }
      },
      "world_space": {
        "head": {
          "x": 0.04941871762275696,
          "y": -0.42986077070236206,
          "z": 1.4822731018066406
        },
        "tail": {
          "x": 0.0063266269862651825,
          "y": -0.45023632049560547,
          "z": 1.4957451820373535
        },
        "rotation_quaternion": {
          "w": 0.0933087095618248,
          "x": 0.8329389691352844,
          "y": -0.5344338417053223,
          "z": -0.10902613401412964
        },
        "matrix": [
          [
            0.40498730540275574,
            -0.8699555397033691,
            -0.2813587486743927,
            0.04941871762275696
          ],
          [
            -0.9106477499008179,
            -0.41134777665138245,
            -0.03890562057495117,
            -0.42986077070236206
          ],
          [
            -0.0818915143609047,
            0.2719765305519104,
            -0.9588204026222229,
            1.4822731018066406
          ],
          [
            0.0,
            0.0,
            0.0,
            1.0
          ]
        ]
      },
      "bone_length_armature_space": 0.04953369152352623,
      "parent": "lowerarm_l",
      "has_children": true,
      "is_end_bone": false
    },
    "thumb_01_l": {
      "name": "thumb_01_l",
      "local": {
        "location": {
          "x": 0.0,
          "y": 0.0,
          "z": 0.0
        },
        "rotation_quaternion": {
          "w": 0.9998434782028198,
          "x": -0.0005066394805908203,
          "y": 0.017664797604084015,
          "z": -0.0008662265026941895
        },
        "scale": {
          "x": 1.0,
          "y": 1.0,
          "z": 1.0
        },
        "matrix_basis": [
          [
            0.9993743896484375,
            0.0017142824362963438,
            0.03532494232058525,
            0.0
          ],
          [
            -0.0017500811954960227,
            0.9999979734420776,
            0.000982516910880804,
            0.0
          ],
          [
            -0.035323187708854675,
            -0.0010437237797304988,
            0.9993754029273987,
            0.0
          ],
          [
            0.0,
            0.0,
            0.0,
            1.0
          ]
        ],
        "rotation_mode": "QUATERNION"
      },
      "armature_space": {
        "head": {
          "x": 0.0063266269862651825,
          "y": -0.5134803056716919,
          "z": 0.5458911657333374
        },
        "tail": {
          "x": -0.022027643397450447,
          "y": -0.5199353098869324,
          "z": 0.5281994342803955
        }
      },
      "world_space": {
        "head": {
          "x": 0.0063266269862651825,
          "y": -0.45023632049560547,
          "z": 1.4957451820373535
        },
        "tail": {
          "x": -0.022027643397450447,
          "y": -0.45669132471084595,
          "z": 1.4780534505844116
        },
        "rotation_quaternion": {
          "w": 0.23674316704273224,
          "x": 0.4555412828922272,
          "y": -0.590874969959259,
          "z": 0.6223354935646057
        },
        "matrix": [
          [
            -0.4728677570819855,
            -0.8330039978027344,
            0.2872292101383209,
            0.0063266269862651825
          ],
          [
            -0.2436714768409729,
            -0.18963873386383057,
            -0.9511369466781616,
            -0.45023632049560547
          ],
          [
            0.8467761278152466,
            -0.5197554230690002,
            -0.11330689489841461,
            1.4957451820373535
          ],
          [
            0.0,
            0.0,
            0.0,
            1.0
          ]
        ]
      },
      "bone_length_armature_space": 0.03403864053269733,
      "parent": "metacarpal_thumb_l",
      "has_children": true,
      "is_end_bone": false
    },
    "thumb_02_l": {
      "name": "thumb_02_l",
      "local": {
        "location": {
          "x": 0.0,
          "y": 0.0,
          "z": 0.0
        },
        "rotation_quaternion": {
          "w": 0.9915741682052612,
          "x": 0.12933312356472015,
          "y": 0.006600437220185995,
          "z": -0.003187326481565833
        },
        "scale": {
          "x": 1.0,
          "y": 1.0,
          "z": 1.0
        },
        "matrix_basis": [
          [
            0.99989253282547,
            0.008028251118957996,
            0.012265192344784737,
            0.0
          ],
          [
            -0.004613630939275026,
            0.9665255546569824,
            -0.2565288543701172,
            0.0
          ],
          [
            -0.013914099894464016,
            0.25644469261169434,
            0.9664587378501892,
            0.0
          ],
          [
            0.0,
            0.0,
            0.0,
            1.0
          ]
        ],
        "rotation_mode": "QUATERNION"
      },
      "armature_space": {
        "head": {
          "x": -0.022027628496289253,
          "y": -0.5199352502822876,
          "z": 0.5281994342803955
        },
        "tail": {
          "x": -0.035518109798431396,
          "y": -0.5546771883964539,
          "z": 0.5431722402572632
        }
      },
      "world_space": {
        "head": {
          "x": -0.022027628496289253,
          "y": -0.45669126510620117,
          "z": 1.4780534505844116
        },
        "tail": {
          "x": -0.035518109798431396,
          "y": -0.49143320322036743,
          "z": 1.4930262565612793
        },
        "rotation_quaternion": {
          "w": 0.2445509433746338,
          "x": 0.45698845386505127,
          "y": 0.08773717284202576,
          "z": 0.8506812453269958
        },
        "matrix": [
          [
            -0.46271252632141113,
            -0.3358815610408783,
            0.8204150199890137,
            -0.022027628496289253
          ],
          [
            0.49626022577285767,
            -0.8649935126304626,
            -0.07424257695674896,
            -0.45669126510620117
          ],
          [
            0.7345958948135376,
            0.37278810143470764,
            0.566931962966919,
            1.4780534505844116
          ],
          [
            0.0,
            0.0,
            0.0,
            1.0
          ]
        ]
      },
      "bone_length_armature_space": 0.04016441473841666,
      "parent": "thumb_01_l",
      "has_children": true,
      "is_end_bone": false
    },
    "thumb_03_l": {
      "name": "thumb_03_l",
      "local": {
        "location": {
          "x": 0.0,
          "y": 0.0,
          "z": 0.0
        },
        "rotation_quaternion": {
          "w": 0.9980976581573486,
          "x": 0.06158741936087608,
          "y": -0.0024534983094781637,
          "z": -0.001428603078238666
        },
        "scale": {
          "x": 1.0,
          "y": 1.0,
          "z": 1.0
        },
        "matrix_basis": [
          [
            0.9999839067459106,
            0.0025495614390820265,
            -0.0050736297853291035,
            0.0
          ],
          [
            -0.0031539800111204386,
            0.992409884929657,
            -0.12293350696563721,
            0.0
          ],
          [
            0.004721693694591522,
            0.12294752895832062,
            0.9924019575119019,
            0.0
          ],
          [
            0.0,
            0.0,
            0.0,
            1.0
          ]
        ],
        "rotation_mode": "QUATERNION"
      },
      "armature_space": {
        "head": {
          "x": -0.03551817312836647,
          "y": -0.5546771287918091,
          "z": 0.5431721806526184
        },
        "tail": {
          "x": -0.0339055210351944,
          "y": -0.5813965797424316,
          "z": 0.5576760768890381
        }
      },
      "world_space": {
        "head": {
          "x": -0.03551817312836647,
          "y": -0.49143314361572266,
          "z": 1.4930262565612793
        },
        "tail": {
          "x": -0.0339055210351944,
          "y": -0.5181525945663452,
          "z": 1.5075300931930542
        },
        "rotation_quaternion": {
          "w": 0.0578816682100296,
          "x": 0.3294461667537689,
          "y": 0.2404843270778656,
          "z": 0.9111981987953186
        },
        "matrix": [
          [
            -0.7762302160263062,
            0.052969519048929214,
            0.6282206773757935,
            -0.03551817312836647
          ],
          [
            0.263936847448349,
            -0.8776341080665588,
            0.40011969208717346,
            -0.49143314361572266
          ],
          [
            0.5725460648536682,
            0.4763979911804199,
            0.6672706007957458,
            1.4930262565612793
          ],
          [
            0.0,
            0.0,
            0.0,
            1.0
          ]
        ]
      },
      "bone_length_armature_space": 0.03044491296381504,
      "parent": "thumb_02_l",
      "has_children": false,
      "is_end_bone": true
    },
    "metacarpal_index_l": {
      "name": "metacarpal_index_l",
      "local": {
        "location": {
          "x": 0.0,
          "y": 0.0,
          "z": 0.0
        },
        "rotation_quaternion": {
          "w": 0.9998656511306763,
          "x": -0.00524491211399436,
          "y": -0.009220278821885586,
          "z": 0.01250284630805254
        },
        "scale": {
          "x": 1.0,
          "y": 1.0,
          "z": 1.0
        },
        "matrix_basis": [
          [
            0.9995173215866089,
            -0.02490561455488205,
            -0.018569232895970345,
            0.0
          ],
          [
            0.025099052116274834,
            0.9996323585510254,
            0.01025785505771637,
            0.0
          ],
          [
            0.018306927755475044,
            -0.01071897428482771,
            0.9997749328613281,
            0.0
          ],
          [
            0.0,
            0.0,
            0.0,
            1.0
          ]
        ],
        "rotation_mode": "QUATERNION"
      },
      "armature_space": {
        "head": {
          "x": 0.04941871762275696,
          "y": -0.4931047558784485,
          "z": 0.5324191451072693
        },
        "tail": {
          "x": -0.03260263800621033,
          "y": -0.5699892640113831,
          "z": 0.565441906452179
        }
      },
      "world_space": {
        "head": {
          "x": 0.04941871762275696,
          "y": -0.42986077070236206,
          "z": 1.4822731018066406
        },
        "tail": {
          "x": -0.03260263800621033,
          "y": -0.5067452788352966,
          "z": 1.5152959823608398
        },
        "rotation_quaternion": {
          "w": 0.02691113017499447,
          "x": -0.8203052878379822,
          "y": 0.4137517809867859,
          "z": 0.39393478631973267
        },
        "matrix": [
          [
            0.34724920988082886,
            -0.7000097632408142,
            -0.6240230798721313,
            0.04941871762275696
          ],
          [
            -0.6576035022735596,
            -0.6561692953109741,
            0.37013450264930725,
            -0.42986077070236206
          ],
          [
            -0.6685677170753479,
            0.281832218170166,
            -0.6881874203681946,
            1.4822731018066406
          ],
          [
            0.0,
            0.0,
            0.0,
            1.0
          ]
        ]
      },
      "bone_length_armature_space": 0.11717181051050674,
      "parent": "lowerarm_l",
      "has_children": true,
      "is_end_bone": false
    },
    "index_01_l": {
      "name": "index_01_l",
      "local": {
        "location": {
          "x": 0.0,
          "y": 0.0,
          "z": 0.0
        },
        "rotation_quaternion": {
          "w": 0.998827338218689,
          "x": -0.048265911638736725,
          "y": 0.002743495861068368,
          "z": 0.0026317944284528494
        },
        "scale": {
          "x": 1.0,
          "y": 1.0,
          "z": 1.0
        },
        "matrix_basis": [
          [
            0.9999710917472839,
            -0.005522251129150391,
            0.00522650545462966,
            0.0
          ],
          [
            0.004992581903934479,
            0.9953269362449646,
            0.09643306583166122,
            0.0
          ],
          [
            -0.005734609439969063,
            -0.09640417993068695,
            0.9953257441520691,
            0.0
          ],
          [
            0.0,
            0.0,
            0.0,
            1.0
          ]
        ],
        "rotation_mode": "QUATERNION"
      },
      "armature_space": {
        "head": {
          "x": -0.03260263800621033,
          "y": -0.5699892640113831,
          "z": 0.565441906452179
        },
        "tail": {
          "x": -0.04353182390332222,
          "y": -0.5957443118095398,
          "z": 0.5709463953971863
        }
      },
      "world_space": {
        "head": {
          "x": -0.03260263800621033,
          "y": -0.5067452788352966,
          "z": 1.5152959823608398
        },
        "tail": {
          "x": -0.04353182390332222,
          "y": -0.5325003266334534,
          "z": 1.5208003520965576
        },
        "rotation_quaternion": {
          "w": 0.008806867524981499,
          "x": 0.8881152868270874,
          "y": -0.21978804469108582,
          "z": -0.40356796979904175
        },
        "matrix": [
          [
            0.5776523947715759,
            -0.3832869231700897,
            -0.7207005620002747,
            -0.03260263800621033
          ],
          [
            -0.39750295877456665,
            -0.9032310247421265,
            0.1617565155029297,
            -0.5067452788352966
          ],
          [
            -0.7129635214805603,
            0.1930420994758606,
            -0.6741155982017517,
            1.5152959823608398
          ],
          [
            0.0,
            0.0,
            0.0,
            1.0
          ]
        ]
      },
      "bone_length_armature_space": 0.028514365093021427,
      "parent": "metacarpal_index_l",
      "has_children": true,
      "is_end_bone": false
    },
    "index_02_l": {
      "name": "index_02_l",
      "local": {
        "location": {
          "x": 0.0,
          "y": 0.0,
          "z": 0.0
        },
        "rotation_quaternion": {
          "w": 0.9821410179138184,
          "x": 0.18812128901481628,
          "y": 0.0030256290920078754,
          "z": 0.0005716730374842882
        },
        "scale": {
          "x": 1.0,
          "y": 1.0,
          "z": 1.0
        },
        "matrix_basis": [
          [
            0.9999810457229614,
            1.5443411029991694e-05,
            0.0061582764610648155,
            0.0
          ],
          [
            0.002261297544464469,
            0.9292200803756714,
            -0.36951979994773865,
            0.0
          ],
          [
            -0.00572810135781765,
            0.3695267140865326,
            0.9292024374008179,
            0.0
          ],
          [
            0.0,
            0.0,
            0.0,
            1.0
          ]
        ],
        "rotation_mode": "QUATERNION"
      },
      "armature_space": {
        "head": {
          "x": -0.04353233426809311,
          "y": -0.5957444906234741,
          "z": 0.5709463953971863
        },
        "tail": {
          "x": -0.05893775820732117,
          "y": -0.6162192225456238,
          "z": 0.5697022676467896
        }
      },
      "world_space": {
        "head": {
          "x": -0.04353233426809311,
          "y": -0.5325005054473877,
          "z": 1.5208003520965576
        },
        "tail": {
          "x": -0.05893775820732117,
          "y": -0.5529752373695374,
          "z": 1.5195562839508057
        },
        "rotation_quaternion": {
          "w": 0.15303705632686615,
          "x": -0.8650025725364685,
          "y": 0.2784103453159332,
          "z": 0.388378769159317
        },
        "matrix": [
          [
            0.5432993173599243,
            -0.6005247831344604,
            -0.5866823792457581,
            -0.04353233426809311
          ],
          [
            -0.36277931928634644,
            -0.7981341481208801,
            0.4810124635696411,
            -0.5325005054473877
          ],
          [
            -0.7571167349815369,
            -0.04849851131439209,
            -0.6514877080917358,
            1.5208003520965576
          ],
          [
            0.0,
            0.0,
            0.0,
            1.0
          ]
        ]
      },
      "bone_length_armature_space": 0.025653257033239407,
      "parent": "index_01_l",
      "has_children": true,
      "is_end_bone": false
    },
    "index_03_l": {
      "name": "index_03_l",
      "local": {
        "location": {
          "x": 0.0,
          "y": 0.0,
          "z": 0.0
        },
        "rotation_quaternion": {
          "w": 0.9785366654396057,
          "x": 0.2059466689825058,
          "y": 0.001678471453487873,
          "z": 0.007019489072263241
        },
        "scale": {
          "x": 1.0,
          "y": 1.0,
          "z": 1.0
        },
        "matrix_basis": [
          [
            0.9998958110809326,
            -0.013046303763985634,
            0.006176172289997339,
            0.0
          ],
          [
            0.014429005794227123,
            0.9150733947753906,
            -0.4030291736125946,
            0.0
          ],
          [
            -0.00039361094241030514,
            0.40307629108428955,
            0.9151663184165955,
            0.0
          ],
          [
            0.0,
            0.0,
            0.0,
            1.0
          ]
        ],
        "rotation_mode": "QUATERNION"
      },
      "armature_space": {
        "head": {
          "x": -0.0589376837015152,
          "y": -0.6162192821502686,
          "z": 0.5697023868560791
        },
        "tail": {
          "x": -0.08093714714050293,
          "y": -0.6307831406593323,
          "z": 0.5571464896202087
        }
      },
      "world_space": {
        "head": {
          "x": -0.0589376837015152,
          "y": -0.5529752969741821,
          "z": 1.5195564031600952
        },
        "tail": {
          "x": -0.08093714714050293,
          "y": -0.5675391554832458,
          "z": 1.50700044631958
        },
        "rotation_quaternion": {
          "w": 0.37379559874534607,
          "x": -0.8205233812332153,
          "y": 0.33324867486953735,
          "z": 0.27561497688293457
        },
        "matrix": [
          [
            0.6259634494781494,
            -0.7529245615005493,
            -0.20316192507743835,
            -0.0589376837015152
          ],
          [
            -0.34083130955696106,
            -0.4984440207481384,
            0.797111988067627,
            -0.5529752969741821
          ],
          [
            -0.7014352679252625,
            -0.4297223687171936,
            -0.5686312317848206,
            1.5195564031600952
          ],
          [
            0.0,
            0.0,
            0.0,
            1.0
          ]
        ]
      },
      "bone_length_armature_space": 0.029218708506213015,
      "parent": "index_02_l",
      "has_children": false,
      "is_end_bone": true
    },
    "metacarpal_pinky_l": {
      "name": "metacarpal_pinky_l",
      "local": {
        "location": {
          "x": 0.0,
          "y": 0.0,
          "z": 0.0
        },
        "rotation_quaternion": {
          "w": 0.9994282722473145,
          "x": -0.03373042121529579,
          "y": -0.0020008294377475977,
          "z": -0.001263180747628212
        },
        "scale": {
          "x": 1.0,
          "y": 1.0,
          "z": 1.0
        },
        "matrix_basis": [
          [
            0.9999887943267822,
            0.002659894758835435,
            -0.003914155997335911,
            0.0
          ],
          [
            -0.0023899395018815994,
            0.9977213144302368,
            0.06742732971906662,
            0.0
          ],
          [
            0.004084586165845394,
            -0.0674172192811966,
            0.99771648645401,
            0.0
          ],
          [
            0.0,
            0.0,
            0.0,
            1.0
          ]
        ],
        "rotation_mode": "QUATERNION"
      },
      "armature_space": {
        "head": {
          "x": 0.04941871762275696,
          "y": -0.4931047558784485,
          "z": 0.5324191451072693
        },
        "tail": {
          "x": 0.030782703310251236,
          "y": -0.5949790477752686,
          "z": 0.5432607531547546
        }
      },
      "world_space": {
        "head": {
          "x": 0.04941871762275696,
          "y": -0.42986077070236206,
          "z": 1.4822731018066406
        },
        "tail": {
          "x": 0.030782703310251236,
          "y": -0.5317350625991821,
          "z": 1.493114709854126
        },
        "rotation_quaternion": {
          "w": 0.09073980152606964,
          "x": 0.01476992666721344,
          "y": 0.05099988728761673,
          "z": 0.9944583177566528
        },
        "matrix": [
          [
            -0.9830964207649231,
            -0.1789674311876297,
            0.03863154724240303,
            0.04941871762275696
          ],
          [
            0.18198032677173615,
            -0.9783306121826172,
            0.09875448048114777,
            -0.42986077070236206
          ],
          [
            0.020121019333600998,
            0.10411520302295685,
            0.9943687319755554,
            1.4822731018066406
          ],
          [
            0.0,
            0.0,
            0.0,
            1.0
          ]
        ]
      },
      "bone_length_armature_space": 0.10413074716566016,
      "parent": "lowerarm_l",
      "has_children": true,
      "is_end_bone": false
    },
    "pinky_01_l": {
      "name": "pinky_01_l",
      "local": {
        "location": {
          "x": 0.0,
          "y": 0.0,
          "z": 0.0
        },
        "rotation_quaternion": {
          "w": 0.9997214078903198,
          "x": 0.019834373146295547,
          "y": -0.0031102586071938276,
          "z": 0.012419736944139004
        },
        "scale": {
          "x": 1.0,
          "y": 1.0,
          "z": 1.0
        },
        "matrix_basis": [
          [
            0.9996721744537354,
            -0.024955933913588524,
            -0.00572610879316926,
            0.0
          ],
          [
            0.024709174409508705,
            0.9989047050476074,
            -0.03973495215177536,
            0.0
          ],
          [
            0.006711459718644619,
            0.039580438286066055,
            0.9991938471794128,
            0.0
          ],
          [
            0.0,
            0.0,
            0.0,
            1.0
          ]
        ],
        "rotation_mode": "QUATERNION"
      },
      "armature_space": {
        "head": {
