{
  "metadata": {
    "armature_name": "KIM_caucasian_male",
    "export_time": "2026-01-13T21:16:08.557946",
    "blender_version": "4.4.1",
    "bone_count": 56,
    "end_bone_count": 13,
    "spaces_included": [
      "LOCAL_CHANNELS",
      "ARMATURE_SPACE",
      "WORLD_SPACE"
    ],
    "note": "LOCAL matches Transform panel; replay pose via local.matrix_basis for best fidelity."
  },
  "bones": {
    "Root": {
      "name": "Root",
      "local": {
        "location": {
          "x": 0.0,
          "y": 0.0,
          "z": 0.0
        },
        "rotation_quaternion": {
          "w": 0.999869704246521,
          "x": 0.0009312596521340311,
          "y": 0.010296029970049858,
          "z": -0.012402819469571114
        },
        "scale": {
          "x": 1.0,
          "y": 1.0,
          "z": 1.0
        },
        "matrix_basis": [
          [
            0.9994803071022034,
            0.024821583181619644,
            0.02056627720594406,
            0.0
          ],
          [
            -0.02478322945535183,
            0.999690592288971,
            -0.002117676194757223,
            0.0
          ],
          [
            -0.020612478256225586,
            0.0016068770783022046,
            0.9997862577438354,
            0.0
          ],
          [
            0.0,
            0.0,
            0.0,
            1.0
          ]
        ],
        "rotation_mode": "QUATERNION"
      },
      "armature_space": {
        "head": {
          "x": 0.0,
          "y": 0.07072800397872925,
          "z": -0.009595036506652832
        },
        "tail": {
          "x": 0.0017716620350256562,
          "y": 6.467103958129883e-06,
          "z": -0.00011662114411592484
        }
      },
      "world_space": {
        "head": {
          "x": 0.0,
          "y": 0.13397200405597687,
          "z": 0.9402589797973633
        },
        "tail": {
          "x": 0.0017716620350256562,
          "y": 0.06325046718120575,
          "z": 0.9497373700141907
        },
        "rotation_quaternion": {
          "w": 0.0664297416806221,
          "x": 0.9976609945297241,
          "y": 0.013068266212940216,
          "z": 0.00943708885461092
        },
        "matrix": [
          [
            0.9994803071022034,
            0.024821583181619644,
            0.02056627720594406,
            0.0
          ],
          [
            0.027329204604029655,
            -0.9908325672149658,
            -0.13230250775814056,
            0.13397200405597687
          ],
          [
            0.017093924805521965,
            0.1327957957983017,
            -0.9910030961036682,
            0.9402589797973633
          ],
          [
            0.0,
            0.0,
            0.0,
            1.0
          ]
        ]
      },
      "bone_length_armature_space": 0.07137586976713016,
      "parent": null,
      "has_children": true,
      "is_end_bone": false
    },
    "spine_01": {
      "name": "spine_01",
      "local": {
        "location": {
          "x": 0.0,
          "y": 0.0,
          "z": 0.0
        },
        "rotation_quaternion": {
          "w": 0.9978864192962646,
          "x": -0.022008083760738373,
          "y": 0.01678055338561535,
          "z": -0.058794647455215454
        },
        "scale": {
          "x": 1.0,
          "y": 1.0,
          "z": 1.0
        },
        "matrix_basis": [
          [
            0.992523193359375,
            0.11660214513540268,
            0.036078087985515594,
            0.0
          ],
          [
            -0.11807937920093536,
            0.9921176433563232,
            0.04194992408156395,
            0.0
          ],
          [
            -0.030902257189154625,
            -0.04589634761214256,
            0.9984681010246277,
            0.0
          ],
          [
            0.0,
            0.0,
            0.0,
            1.0
          ]
        ],
        "rotation_mode": "QUATERNION"
      },
      "armature_space": {
        "head": {
          "x": 0.0017716620350256562,
          "y": 6.467103958129883e-06,
          "z": -0.00011662114411592484
        },
        "tail": {
          "x": 0.049188282340765,
          "y": 0.045534778386354446,
          "z": 0.4834403991699219
        }
      },
      "world_space": {
        "head": {
          "x": 0.0017716620350256562,
          "y": 0.06325046718120575,
          "z": 0.9497373700141907
        },
        "tail": {
          "x": 0.049188282340765,
          "y": 0.10877877473831177,
          "z": 1.433294415473938
        },
        "rotation_quaternion": {
          "w": 0.7372577786445618,
          "x": 0.6731458902359009,
          "y": 0.05566435307264328,
          "z": -0.015072423964738846
        },
        "matrix": [
          [
            0.9933485984802246,
            0.09716495871543884,
            0.06178542971611023,
            0.0017716620350256562
          ],
          [
            0.0527152419090271,
            0.09329548478126526,
            -0.9942419528961182,
            0.06325046718120575
          ],
          [
            -0.10237046331167221,
            0.9908930063247681,
            0.08755254745483398,
            0.9497373700141907
          ],
          [
            0.0,
            0.0,
            0.0,
            1.0
          ]
        ]
      },
      "bone_length_armature_space": 0.48800465713011565,
      "parent": "Root",
      "has_children": true,
      "is_end_bone": false
    },
    "neck_01": {
      "name": "neck_01",
      "local": {
        "location": {
          "x": 0.0,
          "y": 0.0,
          "z": 0.0
        },
        "rotation_quaternion": {
          "w": 0.9916410446166992,
          "x": -0.009556667879223824,
          "y": 0.03877488151192665,
          "z": 0.12269221991300583
        },
        "scale": {
          "x": 1.0,
          "y": 1.0,
          "z": 1.0
        },
        "matrix_basis": [
          [
            0.9668862819671631,
            -0.24407440423965454,
            0.07455646991729736,
            0.0
          ],
          [
            0.24259217083454132,
            0.9697105884552002,
            0.02846832014620304,
            0.0
          ],
          [
            -0.07924658805131912,
            -0.009438815526664257,
            0.9968103766441345,
            0.0
          ],
          [
            0.0,
            0.0,
            0.0,
            1.0
          ]
        ],
        "rotation_mode": "QUATERNION"
      },
      "armature_space": {
        "head": {
          "x": 0.05844529718160629,
          "y": 0.017884980887174606,
          "z": 0.5590283870697021
        },
        "tail": {
          "x": 0.04483920335769653,
          "y": -0.011439159512519836,
          "z": 0.656320333480835
        }
      },
      "world_space": {
        "head": {
          "x": 0.05844529718160629,
          "y": 0.08112898468971252,
          "z": 1.5088824033737183
        },
        "tail": {
          "x": 0.04483920335769653,
          "y": 0.05180484056472778,
          "z": 1.606174349784851
        },
        "rotation_quaternion": {
          "w": 0.5969778895378113,
          "x": 0.7980458736419678,
          "y": -0.024544255807995796,
          "z": 0.0783444419503212
        },
        "matrix": [
          [
            0.986519455909729,
            -0.13271474838256836,
            0.09573933482170105,
            0.05844529718160629
          ],
          [
            0.05436418205499649,
            -0.2860296368598938,
            -0.9566775560379028,
            0.08112898468971252
          ],
          [
            0.15435057878494263,
            0.948992133140564,
            -0.2749617397785187,
            1.5088824033737183
          ],
          [
            0.0,
            0.0,
            0.0,
            1.0
          ]
        ]
      },
      "bone_length_armature_space": 0.10252196979827019,
      "parent": "spine_01",
      "has_children": true,
      "is_end_bone": false
    },
    "head": {
      "name": "head",
      "local": {
        "location": {
          "x": 0.0,
          "y": 0.0,
          "z": 0.0
        },
        "rotation_quaternion": {
          "w": 0.9933353662490845,
          "x": -0.047400910407304764,
          "y": -0.09822945296764374,
          "z": 0.03727099671959877
        },
        "scale": {
          "x": 1.0,
          "y": 1.0,
          "z": 1.0
        },
        "matrix_basis": [
          [
            0.9779236912727356,
            -0.0647328644990921,
            -0.19868293404579163,
            0.0
          ],
          [
            0.08335752785205841,
            0.992728054523468,
            0.08684778213500977,
            0.0
          ],
          [
            0.1916162222623825,
            -0.10149221867322922,
            0.9762082695960999,
            0.0
          ],
          [
            0.0,
            0.0,
            0.0,
            1.0
          ]
        ],
        "rotation_mode": "QUATERNION"
      },
      "armature_space": {
        "head": {
          "x": 0.04483922943472862,
          "y": -0.011439288035035133,
          "z": 0.6563202142715454
        },
        "tail": {
          "x": 0.009856265038251877,
          "y": 0.01589617319405079,
          "z": 0.8049212694168091
        }
      },
      "world_space": {
        "head": {
          "x": 0.04483922943472862,
          "y": 0.051804713904857635,
          "z": 1.6061742305755615
        },
        "tail": {
          "x": 0.009856265038251877,
          "y": 0.07914017140865326,
          "z": 1.7547752857208252
        },
        "rotation_quaternion": {
          "w": 0.7539739012718201,
          "x": 0.6410529017448425,
          "y": -0.14018099009990692,
          "z": 0.030397893860936165
        },
        "matrix": [
          [
            0.9588507413864136,
            -0.22556526958942413,
            -0.1724109649658203,
            0.04483922943472862
          ],
          [
            -0.1338869035243988,
            0.1762552261352539,
            -0.9751968383789062,
            0.051804713904857635
          ],
          [
            0.2503603994846344,
            0.9581586122512817,
            0.13880228996276855,
            1.6061742305755615
          ],
          [
            0.0,
            0.0,
            0.0,
            1.0
          ]
        ]
      },
      "bone_length_armature_space": 0.1550912898310691,
      "parent": "neck_01",
      "has_children": false,
      "is_end_bone": true
    },
    "upperarm_l": {
      "name": "upperarm_l",
      "local": {
        "location": {
          "x": 0.0,
          "y": 0.0,
          "z": 0.0
        },
        "rotation_quaternion": {
          "w": 0.9323335886001587,
          "x": 0.3306470811367035,
          "y": 0.10055394470691681,
          "z": -0.10637474060058594
        },
        "scale": {
          "x": 1.0,
          "y": 1.0,
          "z": 1.0
        },
        "matrix_basis": [
          [
            0.9571466445922852,
            0.2648492157459259,
            0.11715464293956757,
            0.0
          ],
          [
            -0.1318577527999878,
            0.7587138414382935,
            -0.6379395723342896,
            0.0
          ],
          [
            -0.25784462690353394,
            0.5951539874076843,
            0.7611228227615356,
            0.0
          ],
          [
            0.0,
            0.0,
            0.0,
            1.0
          ]
        ],
        "rotation_mode": "QUATERNION"
      },
      "armature_space": {
        "head": {
          "x": 0.20111440122127533,
          "y": 0.016351323574781418,
          "z": 0.4773563742637634
        },
        "tail": {
          "x": 0.40891075134277344,
          "y": -0.12890149652957916,
          "z": 0.39058059453964233
        }
      },
      "world_space": {
        "head": {
          "x": 0.20111440122127533,
          "y": 0.07959532737731934,
          "z": 1.4272103309631348
        },
        "tail": {
          "x": 0.40891075134277344,
          "y": -0.06565749645233154,
          "z": 1.3404345512390137
        },
        "rotation_quaternion": {
          "w": 0.22167573869228363,
          "x": 0.5613276958465576,
          "y": 0.4240705072879791,
          "z": -0.6752297282218933
        },
        "matrix": [
          [
            -0.27154287695884705,
            0.7754480242729187,
            -0.5700392723083496,
            0.20111440122127533
          ],
          [
            0.17671939730644226,
            -0.5420500040054321,
            -0.8215548396110535,
            0.07959532737731934
          ],
          [
            -0.9460693597793579,
            -0.32382717728614807,
            0.010152414441108704,
            1.4272103309631348
          ],
          [
            0.0,
            0.0,
            0.0,
            1.0
          ]
        ]
      },
      "bone_length_armature_space": 0.2679696638088938,
      "parent": "spine_01",
      "has_children": true,
      "is_end_bone": false
    },
    "lowerarm_l": {
      "name": "lowerarm_l",
      "local": {
        "location": {
          "x": 0.0,
          "y": 0.0,
          "z": 0.0
        },
        "rotation_quaternion": {
          "w": 0.9650634527206421,
          "x": 0.13047721982002258,
          "y": -0.10812283307313919,
          "z": 0.1998445689678192
        },
        "scale": {
          "x": 1.0,
          "y": 1.0,
          "z": 1.0
        },
        "matrix_basis": [
          [
            0.8967431783676147,
            -0.41394051909446716,
            -0.15654046833515167,
            0.0
          ],
          [
            0.3575102388858795,
            0.8860756754875183,
            -0.2950531244277954,
            0.0
          ],
          [
            0.26084113121032715,
            0.2086220681667328,
            0.9425702691078186,
            0.0
          ],
          [
            0.0,
            0.0,
            0.0,
            1.0
          ]
        ],
        "rotation_mode": "QUATERNION"
      },
      "armature_space": {
        "head": {
          "x": 0.4089108407497406,
          "y": -0.1289016157388687,
          "z": 0.3905806839466095
        },
        "tail": {
          "x": 0.5795650482177734,
          "y": -0.32732295989990234,
          "z": 0.4460376799106598
        }
      },
      "world_space": {
        "head": {
          "x": 0.4089108407497406,
          "y": -0.0656576156616211,
          "z": 1.3404346704483032
        },
        "tail": {
          "x": 0.5795650482177734,
          "y": -0.2640789747238159,
          "z": 1.3958916664123535
        },
        "rotation_quaternion": {
          "w": 0.342927485704422,
          "x": 0.5406496524810791,
          "y": 0.10748529434204102,
          "z": -0.7606219053268433
        },
        "matrix": [
          [
            -0.18019673228263855,
            0.6379013061523438,
            -0.74873948097229,
            0.4089108407497406
          ],
          [
            -0.40545323491096497,
            -0.7416940927505493,
            -0.5343198776245117,
            -0.0656576156616211
          ],
          [
            -0.8961857557296753,
            0.2072969377040863,
            0.392292320728302,
            1.3404346704483032
          ],
          [
            0.0,
            0.0,
            0.0,
            1.0
          ]
        ]
      },
      "bone_length_armature_space": 0.26752451504066255,
      "parent": "upperarm_l",
      "has_children": true,
      "is_end_bone": false
    },
    "metacarpal_thumb_l": {
      "name": "metacarpal_thumb_l",
      "local": {
        "location": {
          "x": 0.0,
          "y": 0.0,
          "z": 0.0
        },
        "rotation_quaternion": {
          "w": 0.9999687075614929,
          "x": -0.0075863501988351345,
          "y": -0.0012186594540253282,
          "z": 0.0018790171016007662
        },
        "scale": {
          "x": 1.0,
          "y": 1.0,
          "z": 1.0
        },
        "matrix_basis": [
          [
            0.9999899864196777,
            -0.0037394261453300714,
            -0.0024657524190843105,
            0.0
          ],
          [
            0.003776406869292259,
            0.9998778104782104,
            0.01516764611005783,
            0.0
          ],
          [
            0.002408732892945409,
            -0.015176805667579174,
            0.9998819231987,
            0.0
          ],
          [
            0.0,
            0.0,
            0.0,
            1.0
          ]
        ],
        "rotation_mode": "QUATERNION"
      },
      "armature_space": {
        "head": {
          "x": 0.5795650482177734,
          "y": -0.32732295989990234,
          "z": 0.4460376799106598
        },
        "tail": {
          "x": 0.5810442566871643,
          "y": -0.3753155767917633,
          "z": 0.45820751786231995
        }
      },
      "world_space": {
        "head": {
          "x": 0.5795650482177734,
          "y": -0.2640789747238159,
          "z": 1.3958916664123535
        },
        "tail": {
          "x": 0.5810442566871643,
          "y": -0.3120715618133545,
          "z": 1.4080615043640137
        },
        "rotation_quaternion": {
          "w": 0.12471204996109009,
          "x": 0.9834050536155701,
          "y": -0.001525286235846579,
          "z": -0.13175396621227264
        },
        "matrix": [
          [
            0.9652770161628723,
            0.029862619936466217,
            -0.25951534509658813,
            0.5795650482177734
          ],
          [
            -0.035862524062395096,
            -0.9688889384269714,
            -0.24488340318202972,
            -0.2640789747238159
          ],
          [
            -0.2587563991546631,
            0.24568802118301392,
            -0.934182345867157,
            1.3958916664123535
          ],
          [
            0.0,
            0.0,
            0.0,
            1.0
          ]
        ]
      },
      "bone_length_armature_space": 0.04953366893014683,
      "parent": "lowerarm_l",
      "has_children": true,
      "is_end_bone": false
    },
    "thumb_01_l": {
      "name": "thumb_01_l",
      "local": {
        "location": {
          "x": 0.0,
          "y": 0.0,
          "z": 0.0
        },
        "rotation_quaternion": {
          "w": 0.9988269805908203,
          "x": 0.045509710907936096,
          "y": -0.010332963429391384,
          "z": -0.012914706952869892
        },
        "scale": {
          "x": 1.0,
          "y": 1.0,
          "z": 1.0
        },
        "matrix_basis": [
          [
            0.9994528889656067,
            0.024858614429831505,
            -0.021817173808813095,
            0.0
          ],
          [
            -0.026739615947008133,
            0.9955241680145264,
            -0.09064576029777527,
            0.0
          ],
          [
            0.01946619525551796,
            0.09117954969406128,
            0.995644211769104,
            0.0
          ],
          [
            0.0,
            0.0,
            0.0,
            1.0
          ]
        ],
        "rotation_mode": "QUATERNION"
      },
      "armature_space": {
        "head": {
          "x": 0.5810442566871643,
          "y": -0.3753155767917633,
          "z": 0.45820751786231995
        },
        "tail": {
          "x": 0.5743058919906616,
          "y": -0.4038960933685303,
          "z": 0.4409918785095215
        }
      },
      "world_space": {
        "head": {
          "x": 0.5810442566871643,
          "y": -0.3120715618133545,
          "z": 1.4080615043640137
        },
        "tail": {
          "x": 0.5743058919906616,
          "y": -0.34065210819244385,
          "z": 1.3908458948135376
        },
        "rotation_quaternion": {
          "w": 0.14840103685855865,
          "x": -0.7657881379127502,
          "y": 0.24114665389060974,
          "z": -0.5774027109146118
        },
        "matrix": [
          [
            0.21690872311592102,
            -0.19796308875083923,
            0.9559085369110107,
            0.5810442566871643
          ],
          [
            -0.5407087802886963,
            -0.8396506309509277,
            -0.05119239538908005,
            -0.3120715618133545
          ],
          [
            0.8127685785293579,
            -0.5057685971260071,
            -0.28917014598846436,
            1.4080615043640137
          ],
          [
            0.0,
            0.0,
            0.0,
            1.0
          ]
        ]
      },
      "bone_length_armature_space": 0.03403865041890271,
      "parent": "metacarpal_thumb_l",
      "has_children": true,
      "is_end_bone": false
    },
    "thumb_02_l": {
      "name": "thumb_02_l",
      "local": {
        "location": {
          "x": 0.0,
          "y": 0.0,
          "z": 0.0
        },
        "rotation_quaternion": {
          "w": 0.9913895130157471,
          "x": 0.1304062157869339,
          "y": -0.011878138408064842,
          "z": -0.0003202259831596166
        },
        "scale": {
          "x": 1.0,
          "y": 1.0,
          "z": 1.0
        },
        "matrix_basis": [
          [
            0.9997175931930542,
            -0.0024630287662148476,
            -0.023635242134332657,
            0.0
          ],
          [
            -0.003732903627678752,
            0.9659882187843323,
            -0.25855910778045654,
            0.0
          ],
          [
            0.023468205705285072,
            0.25857430696487427,
            0.9657062292098999,
            0.0
          ],
          [
            0.0,
            0.0,
            0.0,
            1.0
          ]
        ],
        "rotation_mode": "QUATERNION"
      },
      "armature_space": {
        "head": {
          "x": 0.5743058323860168,
          "y": -0.4038960635662079,
          "z": 0.4409918487071991
        },
        "tail": {
          "x": 0.6047888994216919,
          "y": -0.42843785881996155,
          "z": 0.450028657913208
        }
      },
      "world_space": {
        "head": {
          "x": 0.5743058323860168,
          "y": -0.3406520485877991,
          "z": 1.3908458948135376
        },
        "tail": {
          "x": 0.6047888994216919,
          "y": -0.36519384384155273,
          "z": 1.3998826742172241
        },
        "rotation_quaternion": {
          "w": 0.31855061650276184,
          "x": -0.41080376505851746,
          "y": -0.3049725890159607,
          "z": -0.7979709506034851
        },
        "matrix": [
          [
            -0.45953133702278137,
            0.7589566111564636,
            0.46131962537765503,
            0.5743058323860168
          ],
          [
            -0.2578209340572357,
            -0.6110334396362305,
            0.748442530632019,
            -0.3406520485877991
          ],
          [
            0.8499229550361633,
            0.22499579191207886,
            0.4764680862426758,
            1.3908458948135376
          ],
          [
            0.0,
            0.0,
            0.0,
            1.0
          ]
        ]
      },
      "bone_length_armature_space": 0.040164424520749246,
      "parent": "thumb_01_l",
      "has_children": true,
      "is_end_bone": false
    },
    "thumb_03_l": {
      "name": "thumb_03_l",
      "local": {
        "location": {
          "x": 0.0,
          "y": 0.0,
          "z": 0.0
        },
        "rotation_quaternion": {
          "w": 0.9984509348869324,
          "x": 0.055588044226169586,
          "y": 0.0014337380416691303,
          "z": 0.0019467159872874618
        },
        "scale": {
          "x": 1.0,
          "y": 1.0,
          "z": 1.0
        },
        "matrix_basis": [
          [
            0.999988317489624,
            -0.0037280034739524126,
            0.003079462330788374,
            0.0
          ],
          [
            0.004046798218041658,
            0.9938123822212219,
            -0.11099828779697418,
            0.0
          ],
          [
            -0.0026466059498488903,
            0.11100944876670837,
            0.9938158392906189,
            0.0
          ],
          [
            0.0,
            0.0,
            0.0,
            1.0
          ]
        ],
        "rotation_mode": "QUATERNION"
      },
      "armature_space": {
        "head": {
          "x": 0.6047888398170471,
          "y": -0.42843788862228394,
          "z": 0.4500286877155304
        },
        "tail": {
          "x": 0.6329597234725952,
          "y": -0.4361841678619385,
          "z": 0.45858946442604065
        }
      },
      "world_space": {
        "head": {
          "x": 0.6047888398170471,
          "y": -0.3651939034461975,
          "z": 1.3998826742172241
        },
        "tail": {
          "x": 0.6329597234725952,
          "y": -0.37294018268585205,
          "z": 1.4084434509277344
        },
        "rotation_quaternion": {
          "w": 0.5138061046600342,
          "x": -0.21556049585342407,
          "y": -0.3298242688179016,
          "z": -0.762071430683136
        },
        "matrix": [
          [
            -0.37907305359840393,
            0.9253084063529968,
            -0.010388694703578949,
            0.6047888398170471
          ],
          [
            -0.6409206390380859,
            -0.2544362545013428,
            0.7242117524147034,
            -0.3651939034461975
          ],
          [
            0.6674800515174866,
            0.28118911385536194,
            0.6895049810409546,
            1.3998826742172241
          ],
          [
            0.0,
            0.0,
            0.0,
            1.0
          ]
        ]
      },
      "bone_length_armature_space": 0.03044487560330392,
      "parent": "thumb_02_l",
      "has_children": false,
      "is_end_bone": true
    },
    "metacarpal_index_l": {
      "name": "metacarpal_index_l",
      "local": {
        "location": {
          "x": 0.0,
          "y": 0.0,
          "z": 0.0
        },
        "rotation_quaternion": {
          "w": 0.9995660185813904,
          "x": 0.027636131271719933,
          "y": -0.010157246142625809,
          "z": -0.0009921819437295198
        },
        "scale": {
          "x": 1.0,
          "y": 1.0,
          "z": 1.0
        },
        "matrix_basis": [
          [
            0.99979168176651,
            0.0014220887096598744,
            -0.020360516384243965,
            0.0
          ],
          [
            -0.0025449167005717754,
            0.9984705448150635,
            -0.05522812157869339,
            0.0
          ],
          [
            0.02025083638727665,
            0.05526842921972275,
            0.9982661604881287,
            0.0
          ],
          [
            0.0,
            0.0,
            0.0,
            1.0
          ]
        ],
        "rotation_mode": "QUATERNION"
      },
      "armature_space": {
        "head": {
          "x": 0.5795650482177734,
          "y": -0.32732295989990234,
          "z": 0.4460376799106598
        },
        "tail": {
          "x": 0.6183610558509827,
          "y": -0.4342733323574066,
          "z": 0.47406819462776184
        }
      },
      "world_space": {
        "head": {
          "x": 0.5795650482177734,
          "y": -0.2640789747238159,
          "z": 1.3958916664123535
        },
        "tail": {
          "x": 0.6183610558509827,
          "y": -0.3710293173789978,
          "z": 1.4239221811294556
        },
        "rotation_quaternion": {
          "w": 0.18468593060970306,
          "x": 0.8765764236450195,
          "y": 0.09750966727733612,
          "z": -0.4335859715938568
        },
        "matrix": [
          [
            0.6049901247024536,
            0.3311038017272949,
            -0.7241249084472656,
            0.5795650482177734
          ],
          [
            0.010795053094625473,
            -0.9127660393714905,
            -0.4083405137062073,
            -0.2640789747238159
          ],
          [
            -0.7961654663085938,
            0.2392258644104004,
            -0.5557931065559387,
            1.3958916664123535
          ],
          [
            0.0,
            0.0,
            0.0,
            1.0
          ]
        ]
      },
      "bone_length_armature_space": 0.11717176207523815,
      "parent": "lowerarm_l",
      "has_children": true,
      "is_end_bone": false
    },
    "index_01_l": {
      "name": "index_01_l",
      "local": {
        "location": {
          "x": 0.0,
          "y": 0.0,
          "z": 0.0
        },
        "rotation_quaternion": {
          "w": 0.9966993927955627,
          "x": -0.0766151174902916,
          "y": 0.020518101751804352,
          "z": 0.017306417226791382
        },
        "scale": {
          "x": 1.0,
          "y": 1.0,
          "z": 1.0
        },
        "matrix_basis": [
          [
            0.9985589981079102,
            -0.03764258325099945,
            0.03824889287352562,
            0.0
          ],
          [
            0.031354598701000214,
            0.9876612424850464,
            0.15343467891216278,
            0.0
          ],
          [
            -0.04355262592434883,
            -0.15201428532600403,
            0.9874182343482971,
            0.0
          ],
          [
            0.0,
            0.0,
            0.0,
            1.0
          ]
        ],
        "rotation_mode": "QUATERNION"
      },
      "armature_space": {
        "head": {
          "x": 0.6183610558509827,
          "y": -0.4342733323574066,
          "z": 0.47406819462776184
        },
        "tail": {
          "x": 0.637900710105896,
          "y": -0.4546569287776947,
          "z": 0.4780406057834625
        }
      },
      "world_space": {
        "head": {
          "x": 0.6183610558509827,
          "y": -0.3710293173789978,
          "z": 1.4239221811294556
        },
        "tail": {
          "x": 0.637900710105896,
          "y": -0.3914129137992859,
          "z": 1.4278945922851562
        },
        "rotation_quaternion": {
          "w": 0.22556903958320618,
          "x": 0.8379018306732178,
          "y": 0.30280569195747375,
          "z": -0.3941420018672943
        },
        "matrix": [
          [
            0.5059211850166321,
            0.6852561235427856,
            -0.5238965749740601,
            0.6183610558509827
          ],
          [
            0.3296307921409607,
            -0.714853823184967,
            -0.6167073249816895,
            -0.3710293173789978
          ],
          [
            -0.797117292881012,
            0.13931311666965485,
            -0.5875459909439087,
            1.4239221811294556
          ],
          [
            0.0,
            0.0,
            0.0,
            1.0
          ]
        ]
      },
      "bone_length_armature_space": 0.028514366974886428,
      "parent": "metacarpal_index_l",
      "has_children": true,
      "is_end_bone": false
    },
    "index_02_l": {
      "name": "index_02_l",
      "local": {
        "location": {
          "x": 0.0,
          "y": 0.0,
          "z": 0.0
        },
        "rotation_quaternion": {
          "w": 0.9879105091094971,
          "x": 0.15501098334789276,
          "y": 0.0017311583505943418,
          "z": 0.0012130537070333958
        },
        "scale": {
          "x": 1.0,
          "y": 1.0,
          "z": 1.0
        },
        "matrix_basis": [
          [
            0.9999910593032837,
            -0.0018600799376145005,
            0.0037965322844684124,
            0.0
          ],
          [
            0.002933474024757743,
            0.9519402384757996,
            -0.3062697649002075,
            0.0
          ],
          [
            -0.0030443856958299875,
            0.30627816915512085,
            0.951937198638916,
            0.0
          ],
          [
            0.0,
            0.0,
            0.0,
            1.0
          ]
        ],
        "rotation_mode": "QUATERNION"
      },
      "armature_space": {
        "head": {
          "x": 0.6379006505012512,
          "y": -0.45465749502182007,
          "z": 0.4780406951904297
        },
        "tail": {
          "x": 0.6512556076049805,
          "y": -0.47654467821121216,
          "z": 0.4772122800350189
        }
      },
      "world_space": {
        "head": {
          "x": 0.6379006505012512,
          "y": -0.39141350984573364,
          "z": 1.4278947114944458
        },
        "tail": {
          "x": 0.6512556076049805,
          "y": -0.41330069303512573,
          "z": 1.4270663261413574
        },
        "rotation_quaternion": {
          "w": 0.11485010385513306,
          "x": 0.8448940515518188,
          "y": 0.24538229405879974,
          "z": -0.4612494707107544
        },
        "matrix": [
          [
            0.45407241582870483,
            0.5205941796302795,
            -0.7230488657951355,
            0.6379006505012512
          ],
          [
            0.3086951673030853,
            -0.8531932830810547,
            -0.4204387962818146,
            -0.39141350984573364
          ],
          [
            -0.8357841372489929,
            -0.03229318559169769,
            -0.5481208562850952,
            1.4278947114944458
          ],
          [
            0.0,
            0.0,
            0.0,
            1.0
          ]
        ]
      },
      "bone_length_armature_space": 0.0256532637040138,
      "parent": "index_01_l",
      "has_children": true,
      "is_end_bone": false
    },
    "index_03_l": {
      "name": "index_03_l",
      "local": {
        "location": {
          "x": 0.0,
          "y": 0.0,
          "z": 0.0
        },
        "rotation_quaternion": {
          "w": 0.9730361104011536,
          "x": 0.23056620359420776,
          "y": -0.0036546271294355392,
          "z": -0.005170554853975773
        },
        "scale": {
          "x": 1.0,
          "y": 1.0,
          "z": 1.0
        },
        "matrix_basis": [
          [
            0.9999198317527771,
            0.008377006277441978,
            -0.009496478363871574,
            0.0
          ],
          [
            -0.011747539974749088,
            0.8936249613761902,
            -0.4486607015132904,
            0.0
          ],
          [
            0.004727858118712902,
            0.4487362802028656,
            0.8936517238616943,
            0.0
          ],
          [
            0.0,
            0.0,
            0.0,
            1.0
          ]
        ],
        "rotation_mode": "QUATERNION"
      },
      "armature_space": {
        "head": {
          "x": 0.6512556672096252,
          "y": -0.4765446186065674,
          "z": 0.4772123694419861
        },
        "tail": {
          "x": 0.6546050310134888,
          "y": -0.5029271245002747,
          "z": 0.4651094973087311
        }
      },
      "world_space": {
        "head": {
          "x": 0.6512556672096252,
          "y": -0.41330063343048096,
          "z": 1.4270663261413574
        },
        "tail": {
          "x": 0.6546050310134888,
          "y": -0.43968313932418823,
          "z": 1.4149634838104248
        },
        "rotation_quaternion": {
          "w": 0.15246260166168213,
          "x": -0.8383967876434326,
          "y": -0.15902487933635712,
          "z": 0.49855488538742065
        },
        "matrix": [
          [
            0.4523082971572876,
            0.11463186144828796,
            -0.8844639658927917,
            0.6512556672096252
          ],
          [
            0.4186740219593048,
            -0.9029327630996704,
            0.0970810055732727,
            -0.41330063343048096
          ],
          [
            -0.7874881625175476,
            -0.4142165780067444,
            -0.45640048384666443,
            1.4270663261413574
          ],
          [
            0.0,
            0.0,
            0.0,
            1.0
          ]
        ]
      },
      "bone_length_armature_space": 0.029218733267838894,
      "parent": "index_02_l",
      "has_children": false,
      "is_end_bone": true
    },
    "metacarpal_pinky_l": {
      "name": "metacarpal_pinky_l",
      "local": {
        "location": {
          "x": 0.0,
          "y": 0.0,
          "z": 0.0
        },
        "rotation_quaternion": {
          "w": 0.9997623562812805,
          "x": -0.015681952238082886,
          "y": -0.0013758038403466344,
          "z": 0.015084661543369293
        },
        "scale": {
          "x": 1.0,
          "y": 1.0,
          "z": 1.0
        },
        "matrix_basis": [
          [
            0.9995411038398743,
            -0.030119003728032112,
            -0.003224067622795701,
            0.0
          ],
          [
            0.03020530380308628,
            0.9990530610084534,
            0.03131494298577309,
            0.0
          ],
          [
            0.0022778399288654327,
            -0.03139795735478401,
            0.9995043873786926,
            0.0
          ],
          [
            0.0,
            0.0,
            0.0,
            1.0
          ]
        ],
        "rotation_mode": "QUATERNION"
      },
      "armature_space": {
        "head": {
          "x": 0.5795650482177734,
          "y": -0.32732295989990234,
          "z": 0.4460376799106598
        },
        "tail": {
          "x": 0.6679471731185913,
          "y": -0.3822476863861084,
          "z": 0.4499218761920929
        }
      },
      "world_space": {
        "head": {
          "x": 0.5795650482177734,
          "y": -0.2640789747238159,
          "z": 1.3958916664123535
        },
        "tail": {
          "x": 0.6679471731185913,
          "y": -0.319003701210022,
          "z": 1.3997758626937866
        },
        "rotation_quaternion": {
          "w": 0.48220160603523254,
          "x": -0.07195565849542618,
          "y": -0.061252135783433914,
          "z": -0.8709489703178406
        },
        "matrix": [
          [
            -0.52460777759552,
            0.8487609028816223,
            0.06626717746257782,
            0.5795650482177734
          ],
          [
            -0.8311312198638916,
            -0.5274593234062195,
            0.17608995735645294,
            -0.2640789747238159
          ],
          [
            0.1844121366739273,
            0.03730121999979019,
            0.9821481704711914,
            1.3958916664123535
          ],
          [
            0.0,
            0.0,
            0.0,
            1.0
          ]
        ]
      },
      "bone_length_armature_space": 0.10413074827926568,
      "parent": "lowerarm_l",
      "has_children": true,
      "is_end_bone": false
    },
    "pinky_01_l": {
      "name": "pinky_01_l",
      "local": {
        "location": {
          "x": 0.0,
          "y": 0.0,
          "z": 0.0
        },
        "rotation_quaternion": {
          "w": 0.9998853802680969,
          "x": 0.001151539385318756,
          "y": -0.014911569654941559,
          "z": 0.0023645609617233276
        },
        "scale": {
          "x": 1.0,
          "y": 1.0,
          "z": 1.0
        },
        "matrix_basis": [
          [
            0.999544084072113,
            -0.004762922413647175,
            -0.029814274981617928,
            0.0
          ],
          [
            0.004694237373769283,
            0.9999861717224121,
            -0.0023733333218842745,
            0.0
          ],
          [
            0.02982516586780548,
            0.002232296159490943,
            0.9995526671409607,
            0.0
          ],
          [
            0.0,
            0.0,
            0.0,
            1.0
          ]
        ],
        "rotation_mode": "QUATERNION"
      },
      "armature_space": {
        "head": {
          "x": 0.6679471731185913,
          "y": -0.3822476863861084,
          "z": 0.4499218761920929
        },
        "tail": {
