{
  "metadata": {
    "armature_name": "KIM_caucasian_male",
    "export_time": "2026-01-13T21:08:01.258876",
    "blender_version": "4.4.1",
    "bone_count": 56,
    "end_bone_count": 13,
    "spaces_included": [
      "LOCAL_CHANNELS",
      "ARMATURE_SPACE",
      "WORLD_SPACE"
    ],
    "note": "LOCAL matches Transform panel; replay pose via local.matrix_basis for best fidelity."
  },
  "bones": {
    "Root": {
      "name": "Root",
      "local": {
        "location": {
          "x": 0.0,
          "y": 0.0,
          "z": 0.0
        },
        "rotation_quaternion": {
          "w": 0.9996520280838013,
          "x": -0.001493062125518918,
          "y": -0.006392468698322773,
          "z": -0.025549359619617462
        },
        "scale": {
          "x": 1.0,
          "y": 1.0,
          "z": 1.0
        },
        "matrix_basis": [
          [
            0.9986127614974976,
            0.051100026816129684,
            -0.012704195454716682,
            0.0
          ],
          [
            -0.05106185004115105,
            0.9986900091171265,
            0.0033117320854216814,
            0.0
          ],
          [
            0.012856782414019108,
            -0.0026584381703287363,
            0.9999138116836548,
            0.0
          ],
          [
            0.0,
            0.0,
            0.0,
            1.0
          ]
        ],
        "rotation_mode": "QUATERNION"
      },
      "armature_space": {
        "head": {
          "x": 0.0,
          "y": 0.07072800397872925,
          "z": -0.009595036506652832
        },
        "tail": {
          "x": 0.003647308796644211,
          "y": 0.00011816620826721191,
          "z": 0.0001754583790898323
        }
      },
      "world_space": {
        "head": {
          "x": 0.0,
          "y": 0.13397200405597687,
          "z": 0.9402589797973633
        },
        "tail": {
          "x": 0.003647308796644211,
          "y": 0.06336216628551483,
          "z": 0.9500294923782349
        },
        "rotation_quaternion": {
          "w": 0.06883388757705688,
          "x": 0.9972804188728333,
          "y": 0.02506067231297493,
          "z": -0.008099154569208622
        },
        "matrix": [
          [
            0.9986127614974976,
            0.051100026816129684,
            -0.012704195454716682,
            0.0
          ],
          [
            0.048870038241147995,
            -0.9892676472663879,
            -0.13769976794719696,
            0.13397200405597687
          ],
          [
            -0.019604403525590897,
            0.13688792288303375,
            -0.9903995990753174,
            0.9402589797973633
          ],
          [
            0.0,
            0.0,
            0.0,
            1.0
          ]
        ]
      },
      "bone_length_armature_space": 0.07137586909815798,
      "parent": null,
      "has_children": true,
      "is_end_bone": false
    },
    "spine_01": {
      "name": "spine_01",
      "local": {
        "location": {
          "x": 0.0,
          "y": 0.0,
          "z": 0.0
        },
        "rotation_quaternion": {
          "w": 0.9985227584838867,
          "x": 0.02845386415719986,
          "y": 0.0400734469294548,
          "z": 0.02317282184958458
        },
        "scale": {
          "x": 1.0,
          "y": 1.0,
          "z": 1.0
        },
        "matrix_basis": [
          [
            0.9957143068313599,
            -0.04399669170379639,
            0.08134721219539642,
            0.0
          ],
          [
            0.048557668924331665,
            0.9973068237304688,
            -0.054966431111097336,
            0.0
          ],
          [
            -0.07870978116989136,
            0.05868089199066162,
            0.9951689839363098,
            0.0
          ],
          [
            0.0,
            0.0,
            0.0,
            1.0
          ]
        ],
        "rotation_mode": "QUATERNION"
      },
      "armature_space": {
        "head": {
          "x": 0.003647308796644211,
          "y": 0.00011816620826721191,
          "z": 0.0001754583790898323
        },
        "tail": {
          "x": -0.008020945824682713,
          "y": -0.005094125401228666,
          "z": 0.48801273107528687
        }
      },
      "world_space": {
        "head": {
          "x": 0.003647308796644211,
          "y": 0.06336216628551483,
          "z": 0.9500294923782349
        },
        "tail": {
          "x": -0.008020945824682713,
          "y": 0.058149874210357666,
          "z": 1.4378666877746582
        },
        "rotation_quaternion": {
          "w": 0.7023313641548157,
          "x": 0.7087695598602295,
          "y": 0.037283554673194885,
          "z": 0.054647453129291534
        },
        "matrix": [
          [
            0.991247296333313,
            -0.023910297080874443,
            0.12983551621437073,
            0.003647308796644211
          ],
          [
            0.12961193919181824,
            -0.010680899024009705,
            -0.9915072917938232,
            0.06336216628551483
          ],
          [
            0.0250942874699831,
            0.9996640682220459,
            -0.007489290088415146,
            0.9500294923782349
          ],
          [
            0.0,
            0.0,
            0.0,
            1.0
          ]
        ]
      },
      "bone_length_armature_space": 0.4880046512948682,
      "parent": "Root",
      "has_children": true,
      "is_end_bone": false
    },
    "neck_01": {
      "name": "neck_01",
      "local": {
        "location": {
          "x": 0.0,
          "y": 0.0,
          "z": 0.0
        },
        "rotation_quaternion": {
          "w": 0.9906988143920898,
          "x": 0.053517960011959076,
          "y": -0.05639272928237915,
          "z": 0.11167625337839127
        },
        "scale": {
          "x": 1.0,
          "y": 1.0,
          "z": 1.0
        },
        "matrix_basis": [
          [
            0.9686965346336365,
            -0.22731110453605652,
            -0.0997830480337143,
            0.0
          ],
          [
            0.215239018201828,
            0.9693284630775452,
            -0.11863581836223602,
            0.0
          ],
          [
            0.12368979305028915,
            0.09344489872455597,
            0.9879114031791687,
            0.0
          ],
          [
            0.0,
            0.0,
            0.0,
            1.0
          ]
        ],
        "rotation_mode": "QUATERNION"
      },
      "armature_space": {
        "head": {
          "x": -0.005268868058919907,
          "y": -0.040262073278427124,
          "z": 0.5609468817710876
        },
        "tail": {
          "x": -0.024449555203318596,
          "y": -0.09040993452072144,
          "z": 0.6482853889465332
        }
      },
      "world_space": {
        "head": {
          "x": -0.005268868058919907,
          "y": 0.022981926798820496,
          "z": 1.510800838470459
        },
        "tail": {
          "x": -0.024449555203318596,
          "y": -0.027165934443473816,
          "z": 1.5981394052505493
        },
        "rotation_quaternion": {
          "w": 0.4997601807117462,
          "x": 0.8609690070152283,
          "y": -0.07527817785739899,
          "z": 0.05749278515577316
        },
        "matrix": [
          [
            0.9820556044578552,
            -0.1870897114276886,
            0.023756131529808044,
            -0.005268868058919907
          ],
          [
            -0.07215987890958786,
            -0.48914557695388794,
            -0.8692121505737305,
            0.022981926798820496
          ],
          [
            0.17424198985099792,
            0.8519057631492615,
            -0.4938727617263794,
            1.510800838470459
          ],
          [
            0.0,
            0.0,
            0.0,
            1.0
          ]
        ]
      },
      "bone_length_armature_space": 0.10252180990331967,
      "parent": "spine_01",
      "has_children": true,
      "is_end_bone": false
    },
    "head": {
      "name": "head",
      "local": {
        "location": {
          "x": 0.0,
          "y": 0.0,
          "z": 0.0
        },
        "rotation_quaternion": {
          "w": 0.9554708003997803,
          "x": -0.1668202131986618,
          "y": -0.0767710879445076,
          "z": 0.23098205029964447
        },
        "scale": {
          "x": 1.0,
          "y": 1.0,
          "z": 1.0
        },
        "matrix_basis": [
          [
            0.8815069794654846,
            -0.4157792627811432,
            -0.22377002239227295,
            0.0
          ],
          [
            0.4670071601867676,
            0.8376365900039673,
            0.2833181917667389,
            0.0
          ],
          [
            0.06964011490345001,
            -0.35424917936325073,
            0.9325544238090515,
            0.0
          ],
          [
            0.0,
            0.0,
            0.0,
            1.0
          ]
        ],
        "rotation_mode": "QUATERNION"
      },
      "armature_space": {
        "head": {
          "x": -0.024449538439512253,
          "y": -0.0904100313782692,
          "z": 0.6482852697372437
        },
        "tail": {
          "x": -0.10895474255084991,
          "y": -0.04975220188498497,
          "z": 0.7718126177787781
        }
      },
      "world_space": {
        "head": {
          "x": -0.024449538439512253,
          "y": -0.027166031301021576,
          "z": 1.5981392860412598
        },
        "tail": {
          "x": -0.10895474255084991,
          "y": 0.01349179819226265,
          "z": 1.7216665744781494
        },
        "rotation_quaternion": {
          "w": 0.7301245927810669,
          "x": 0.5958864092826843,
          "y": -0.3130420446395874,
          "z": 0.11765334755182266
        },
        "matrix": [
          [
            0.7763257026672363,
            -0.5448777079582214,
            -0.3169018626213074,
            -0.024449538439512253
          ],
          [
            -0.20126883685588837,
            0.26215600967407227,
            -0.943803608417511,
            -0.027166031301021576
          ],
          [
            0.5973392128944397,
            0.7964872121810913,
            0.09385132789611816,
            1.5981392860412598
          ],
          [
            0.0,
            0.0,
            0.0,
            1.0
          ]
        ]
      },
      "bone_length_armature_space": 0.1550909227752544,
      "parent": "neck_01",
      "has_children": false,
      "is_end_bone": true
    },
    "upperarm_l": {
      "name": "upperarm_l",
      "local": {
        "location": {
          "x": 0.0,
          "y": 0.0,
          "z": 0.0
        },
        "rotation_quaternion": {
          "w": 0.9548293948173523,
          "x": -0.06948329508304596,
          "y": 0.2581971287727356,
          "z": 0.12964318692684174
        },
        "scale": {
          "x": 1.0,
          "y": 1.0,
          "z": 1.0
        },
        "matrix_basis": [
          [
            0.8330537676811218,
            -0.2834550142288208,
            0.4750523567199707,
            0.0
          ],
          [
            0.21169348061084747,
            0.9567294120788574,
            0.19963638484477997,
            0.0
          ],
          [
            -0.5110844969749451,
            -0.0657423883676529,
            0.8570126295089722,
            0.0
          ],
          [
            0.0,
            0.0,
            0.0,
            1.0
          ]
        ],
        "rotation_mode": "QUATERNION"
      },
      "armature_space": {
        "head": {
          "x": 0.1454392522573471,
          "y": -0.023264488205313683,
          "z": 0.4975019693374634
        },
        "tail": {
          "x": 0.3953184485435486,
          "y": 0.03491143137216568,
          "z": 0.5748561024665833
        }
      },
      "world_space": {
        "head": {
          "x": 0.1454392522573471,
          "y": 0.03997951000928879,
          "z": 1.4473559856414795
        },
        "tail": {
          "x": 0.3953184485435486,
          "y": 0.0981554314494133,
          "z": 1.5247101783752441
        },
        "rotation_quaternion": {
          "w": 0.4574648141860962,
          "x": 0.5926206707954407,
          "y": 0.6318840980529785,
          "z": -0.20062220096588135
        },
        "matrix": [
          [
            0.12094873189926147,
            0.9324914216995239,
            0.34033989906311035,
            0.1454392522573471
          ],
          [
            0.5653786659240723,
            0.21709910035133362,
            -0.7957481741905212,
            0.03997951000928879
          ],
          [
            -0.8159209489822388,
            0.2886677384376526,
            -0.5009570717811584,
            1.4473559856414795
          ],
          [
            0.0,
            0.0,
            0.0,
            1.0
          ]
        ]
      },
      "bone_length_armature_space": 0.2679696116767242,
      "parent": "spine_01",
      "has_children": true,
      "is_end_bone": false
    },
    "lowerarm_l": {
      "name": "lowerarm_l",
      "local": {
        "location": {
          "x": 0.0,
          "y": 0.0,
          "z": 0.0
        },
        "rotation_quaternion": {
          "w": 0.9537596702575684,
          "x": 0.2981208562850952,
          "y": 0.01786256581544876,
          "z": 0.033875253051519394
        },
        "scale": {
          "x": 1.0,
          "y": 1.0,
          "z": 1.0
        },
        "matrix_basis": [
          [
            0.9970667958259583,
            -0.05396729335188866,
            0.05427102744579315,
            0.0
          ],
          [
            0.07526810467243195,
            0.8199528455734253,
            -0.5674610733985901,
            0.0
          ],
          [
            -0.013875351287424564,
            0.5698814988136292,
            0.8216097950935364,
            0.0
          ],
          [
            0.0,
            0.0,
            0.0,
            1.0
          ]
        ],
        "rotation_mode": "QUATERNION"
      },
      "armature_space": {
        "head": {
          "x": 0.39531850814819336,
          "y": 0.03491134196519852,
          "z": 0.574856162071228
        },
        "tail": {
          "x": 0.632358193397522,
          "y": -0.08856379985809326,
          "z": 0.5864925384521484
        }
      },
      "world_space": {
        "head": {
          "x": 0.39531850814819336,
          "y": 0.09815534204244614,
          "z": 1.5247101783752441
        },
        "tail": {
          "x": 0.632358193397522,
          "y": -0.025319799780845642,
          "z": 1.5363465547561646
        },
        "rotation_quaternion": {
          "w": 0.2617201805114746,
          "x": 0.7583922743797302,
          "y": 0.4480268359184265,
          "z": -0.3944816291332245
        },
        "matrix": [
          [
            0.2873114049434662,
            0.8860486745834351,
            -0.3638264536857605,
            0.39531850814819336
          ],
          [
            0.47307273745536804,
            -0.4615470767021179,
            -0.7504511475563049,
            0.09815534204244614
          ],
          [
            -0.8328646421432495,
            0.043496549129486084,
            -0.5517776608467102,
            1.5247101783752441
          ],
          [
            0.0,
            0.0,
            0.0,
            1.0
          ]
        ]
      },
      "bone_length_armature_space": 0.26752444459951924,
      "parent": "upperarm_l",
      "has_children": true,
      "is_end_bone": false
    },
    "metacarpal_thumb_l": {
      "name": "metacarpal_thumb_l",
      "local": {
        "location": {
          "x": 0.0,
          "y": 0.0,
          "z": 0.0
        },
        "rotation_quaternion": {
          "w": 0.9998376369476318,
          "x": -0.0005604965263046324,
          "y": -0.015581659972667694,
          "z": 0.009046626277267933
        },
        "scale": {
          "x": 1.0,
          "y": 1.0,
          "z": 1.0
        },
        "matrix_basis": [
          [
            0.9993507266044617,
            -0.01807284727692604,
            -0.03116840124130249,
            0.0
          ],
          [
            0.018107781186699867,
            0.9998356699943542,
            0.0008388881105929613,
            0.0
          ],
          [
            0.031148118898272514,
            -0.0014027339639142156,
            0.9995138049125671,
            0.0
          ],
          [
            0.0,
            0.0,
            0.0,
            1.0
          ]
        ],
        "rotation_mode": "QUATERNION"
      },
      "armature_space": {
        "head": {
          "x": 0.632358193397522,
          "y": -0.08856379985809326,
          "z": 0.5864925384521484
        },
        "tail": {
          "x": 0.6581850647926331,
          "y": -0.12452596426010132,
          "z": 0.5642824172973633
        }
      },
      "world_space": {
        "head": {
          "x": 0.632358193397522,
          "y": -0.025319799780845642,
          "z": 1.5363465547561646
        },
        "tail": {
          "x": 0.6581850647926331,
          "y": -0.0612819641828537,
          "z": 1.5141364336013794
        },
        "rotation_quaternion": {
          "w": 0.2789754271507263,
          "x": -0.9194363355636597,
          "y": -0.2432394176721573,
          "z": -0.13283133506774902
        },
        "matrix": [
          [
            0.8463807702064514,
            0.5213997960090637,
            0.10854315757751465,
            0.632358193397522
          ],
          [
            0.3731740415096283,
            -0.7260145545005798,
            0.5776194334030151,
            -0.025319799780845642
          ],
          [
            0.3799775242805481,
            -0.44838422536849976,
            -0.8090627789497375,
            1.5363465547561646
          ],
          [
            0.0,
            0.0,
            0.0,
            1.0
          ]
        ]
      },
      "bone_length_armature_space": 0.04953376687755905,
      "parent": "lowerarm_l",
      "has_children": true,
      "is_end_bone": false
    },
    "thumb_01_l": {
      "name": "thumb_01_l",
      "local": {
        "location": {
          "x": 0.0,
          "y": 0.0,
          "z": 0.0
        },
        "rotation_quaternion": {
          "w": 0.9979105591773987,
          "x": -0.06198592111468315,
          "y": -0.011868639849126339,
          "z": 0.013839825056493282
        },
        "scale": {
          "x": 1.0,
          "y": 1.0,
          "z": 1.0
        },
        "matrix_basis": [
          [
            0.9993351697921753,
            -0.02615043707191944,
            -0.025403430685400963,
            0.0
          ],
          [
            0.029093192890286446,
            0.9919323921203613,
            0.12338428944349289,
            0.0
          ],
          [
            0.0219719335436821,
            -0.12404133379459381,
            0.9920337796211243,
            0.0
          ],
          [
            0.0,
            0.0,
            0.0,
            1.0
          ]
        ],
        "rotation_mode": "QUATERNION"
      },
      "armature_space": {
        "head": {
          "x": 0.6581850647926331,
          "y": -0.12452596426010132,
          "z": 0.5642824172973633
        },
        "tail": {
          "x": 0.6650132536888123,
          "y": -0.12847092747688293,
          "z": 0.5311696529388428
        }
      },
      "world_space": {
        "head": {
          "x": 0.6581850647926331,
          "y": -0.0612819641828537,
          "z": 1.5141364336013794
        },
        "tail": {
          "x": 0.6650132536888123,
          "y": -0.06522692739963531,
          "z": 1.4810236692428589
        },
        "rotation_quaternion": {
          "w": 0.5856027007102966,
          "x": -0.5729114413261414,
          "y": 0.31483614444732666,
          "z": -0.47929146885871887
        },
        "matrix": [
          [
            0.3423139750957489,
            0.2006019949913025,
            0.9179216027259827,
            0.6581850647926331
          ],
          [
            -0.922095537185669,
            -0.11589682102203369,
            0.3691987693309784,
            -0.0612819641828537
          ],
          [
            0.18044663965702057,
            -0.9728002548217773,
            0.145302414894104,
            1.5141364336013794
          ],
          [
            0.0,
            0.0,
            0.0,
            1.0
          ]
        ]
      },
      "bone_length_armature_space": 0.034038831469550536,
      "parent": "metacarpal_thumb_l",
      "has_children": true,
      "is_end_bone": false
    },
    "thumb_02_l": {
      "name": "thumb_02_l",
      "local": {
        "location": {
          "x": 0.0,
          "y": 0.0,
          "z": 0.0
        },
        "rotation_quaternion": {
          "w": 0.996104896068573,
          "x": 0.08748649805784225,
          "y": -0.010973251424729824,
          "z": 0.0009301148820668459
        },
        "scale": {
          "x": 1.0,
          "y": 1.0,
          "z": 1.0
        },
        "matrix_basis": [
          [
            0.9997574687004089,
            -0.003773006610572338,
            -0.021698273718357086,
            0.0
          ],
          [
            -6.703870167257264e-05,
            0.9846904873847961,
            -0.17431187629699707,
            0.0
          ],
          [
            0.0220237635076046,
            0.17427104711532593,
            0.984451413154602,
            0.0
          ],
          [
            0.0,
            0.0,
            0.0,
            1.0
          ]
        ],
        "rotation_mode": "QUATERNION"
      },
      "armature_space": {
        "head": {
          "x": 0.6650131940841675,
          "y": -0.12847091257572174,
          "z": 0.5311697125434875
        },
        "tail": {
          "x": 0.7014843821525574,
          "y": -0.14475689828395844,
          "z": 0.5269509553909302
        }
      },
      "world_space": {
        "head": {
          "x": 0.6650131940841675,
          "y": -0.06522691249847412,
          "z": 1.4810237884521484
        },
        "tail": {
          "x": 0.7014843821525574,
          "y": -0.08151289820671082,
          "z": 1.4768049716949463
        },
        "rotation_quaternion": {
          "w": 0.5452076196670532,
          "x": -0.09228388965129852,
          "y": 0.0026457461062818766,
          "z": -0.8332018256187439
        },
        "matrix": [
          [
            -0.38846465945243835,
            0.9080477356910706,
            0.1566670686006546,
            0.6650131940841675
          ],
          [
            -0.9090242981910706,
            -0.4054831862449646,
            0.09622005373239517,
            -0.06522691249847412
          ],
          [
            0.15089848637580872,
            -0.1050371527671814,
            0.9829602837562561,
            1.4810237884521484
          ],
          [
            0.0,
            0.0,
            0.0,
            1.0
          ]
        ]
      },
      "bone_length_armature_space": 0.0401643979363491,
      "parent": "thumb_01_l",
      "has_children": true,
      "is_end_bone": false
    },
    "thumb_03_l": {
      "name": "thumb_03_l",
      "local": {
        "location": {
          "x": 0.0,
          "y": 0.0,
          "z": 0.0
        },
        "rotation_quaternion": {
          "w": 0.9956478476524353,
          "x": 0.09301479160785675,
          "y": 0.0026873713359236717,
          "z": 0.005141175352036953
        },
        "scale": {
          "x": 1.0,
          "y": 1.0,
          "z": 1.0
        },
        "matrix_basis": [
          [
            0.9999327063560486,
            -0.009737669490277767,
            0.006307761650532484,
            0.0
          ],
          [
            0.010737530887126923,
            0.9826436042785645,
            -0.1851923167705536,
            0.0
          ],
          [
            -0.004394940100610256,
            0.18524758517742157,
            0.9826820492744446,
            0.0
          ],
          [
            0.0,
            0.0,
            0.0,
            1.0
          ]
        ],
        "rotation_mode": "QUATERNION"
      },
      "armature_space": {
        "head": {
          "x": 0.7014843225479126,
          "y": -0.14475694298744202,
          "z": 0.5269508957862854
        },
        "tail": {
          "x": 0.7294301390647888,
          "y": -0.1518760770559311,
          "z": 0.5367100834846497
        }
      },
      "world_space": {
        "head": {
          "x": 0.7014843225479126,
          "y": -0.0815129429101944,
          "z": 1.4768049716949463
        },
        "tail": {
          "x": 0.7294301390647888,
          "y": -0.08863207697868347,
          "z": 1.4865641593933105
        },
        "rotation_quaternion": {
          "w": 0.6163872480392456,
          "x": 0.19066761434078217,
          "y": -0.05610710382461548,
          "z": -0.7619479298591614
        },
        "matrix": [
          [
            -0.16742458939552307,
            0.9179149866104126,
            -0.3597237765789032,
            0.7014843225479126
          ],
          [
            -0.960705578327179,
            -0.2338367998600006,
            -0.14955027401447296,
            -0.0815129429101944
          ],
          [
            -0.22139351069927216,
            0.3205522894859314,
            0.9210023283958435,
            1.4768049716949463
          ],
          [
            0.0,
            0.0,
            0.0,
            1.0
          ]
        ]
      },
      "bone_length_armature_space": 0.030444908464125724,
      "parent": "thumb_02_l",
      "has_children": false,
      "is_end_bone": true
    },
    "metacarpal_index_l": {
      "name": "metacarpal_index_l",
      "local": {
        "location": {
          "x": 0.0,
          "y": 0.0,
          "z": 0.0
        },
        "rotation_quaternion": {
          "w": 0.9992853403091431,
          "x": -0.028945524245500565,
          "y": 0.021838298067450523,
          "z": -0.010684478096663952
        },
        "scale": {
          "x": 1.0,
          "y": 1.0,
          "z": 1.0
        },
        "matrix_basis": [
          [
            0.9988178610801697,
            0.020089441910386086,
            0.044263917952775955,
            0.0
          ],
          [
            -0.022617926821112633,
            0.9980959892272949,
            0.057383015751838684,
            0.0
          ],
          [
            -0.043026845902204514,
            -0.05831633880734444,
            0.9973704814910889,
            0.0
          ],
          [
            0.0,
            0.0,
            0.0,
            1.0
          ]
        ],
        "rotation_mode": "QUATERNION"
      },
      "armature_space": {
        "head": {
          "x": 0.632358193397522,
          "y": -0.08856379985809326,
          "z": 0.5864925384521484
        },
        "tail": {
          "x": 0.7222152352333069,
          "y": -0.16260401904582977,
          "z": 0.573340654373169
        }
      },
      "world_space": {
        "head": {
          "x": 0.632358193397522,
          "y": -0.025319799780845642,
          "z": 1.5363465547561646
        },
        "tail": {
          "x": 0.7222152352333069,
          "y": -0.09936001896858215,
          "z": 1.523194670677185
        },
        "rotation_quaternion": {
          "w": 0.050976935774087906,
          "x": -0.9029874801635742,
          "y": -0.4259741008281708,
          "z": 0.023687319830060005
        },
        "matrix": [
          [
            0.6359697580337524,
            0.7668834328651428,
            -0.0862087830901146,
            0.632358193397522
          ],
          [
            0.7717137336730957,
            -0.6318948864936829,
            0.07188192754983902,
            -0.025319799780845642
          ],
          [
            0.0006507858633995056,
            -0.11224471032619476,
            -0.9936874508857727,
            1.5363465547561646
          ],
          [
            0.0,
            0.0,
            0.0,
            1.0
          ]
        ]
      },
      "bone_length_armature_space": 0.11717173084068895,
      "parent": "lowerarm_l",
      "has_children": true,
      "is_end_bone": false
    },
    "index_01_l": {
      "name": "index_01_l",
      "local": {
        "location": {
          "x": 0.0,
          "y": 0.0,
          "z": 0.0
        },
        "rotation_quaternion": {
          "w": 0.9960432052612305,
          "x": -0.08873627334833145,
          "y": 0.004651492927223444,
          "z": -0.0015319709200412035
        },
        "scale": {
          "x": 1.0,
          "y": 1.0,
          "z": 1.0
        },
        "matrix_basis": [
          [
            0.9999520182609558,
            0.00222630612552166,
            0.009538058191537857,
            0.0
          ],
          [
            -0.003877330804243684,
            0.9842470288276672,
            0.17675606906414032,
            0.0
          ],
          [
            -0.00899429339915514,
            -0.17678457498550415,
            0.9842084646224976,
            0.0
          ],
          [
            0.0,
            0.0,
            0.0,
            1.0
          ]
        ],
        "rotation_mode": "QUATERNION"
      },
      "armature_space": {
        "head": {
          "x": 0.7222152352333069,
          "y": -0.16260401904582977,
          "z": 0.573340654373169
        },
        "tail": {
          "x": 0.7484855055809021,
          "y": -0.17203757166862488,
          "z": 0.5791672468185425
        }
      },
      "world_space": {
        "head": {
          "x": 0.7222152352333069,
          "y": -0.09936001896858215,
          "z": 1.523194670677185
        },
        "tail": {
          "x": 0.7484855055809021,
          "y": -0.10879357159137726,
          "z": 1.5290212631225586
        },
        "rotation_quaternion": {
          "w": 0.06668154150247574,
          "x": 0.811431348323822,
          "y": 0.5745745897293091,
          "z": 0.08364811539649963
        },
        "matrix": [
          [
            0.3257339894771576,
            0.9212998151779175,
            0.2123761773109436,
            0.7222152352333069
          ],
          [
            0.943611204624176,
            -0.3308353126049042,
            -0.012090258300304413,
            -0.09936001896858215
          ],
          [
            0.05912400782108307,
            0.20433974266052246,
            -0.9771201014518738,
            1.523194670677185
          ],
          [
            0.0,
            0.0,
            0.0,
            1.0
          ]
        ]
      },
      "bone_length_armature_space": 0.028514350388953346,
      "parent": "metacarpal_index_l",
      "has_children": true,
      "is_end_bone": false
    },
    "index_02_l": {
      "name": "index_02_l",
      "local": {
        "location": {
          "x": 0.0,
          "y": 0.0,
          "z": 0.0
        },
        "rotation_quaternion": {
          "w": 0.9984961748123169,
          "x": 0.05345212668180466,
          "y": -0.010298658162355423,
          "z": -0.0065108672715723515
        },
        "scale": {
          "x": 1.0,
          "y": 1.0,
          "z": 1.0
        },
        "matrix_basis": [
          [
            0.9997031092643738,
            0.011901182122528553,
            -0.021262381225824356,
            0.0
          ],
          [
            -0.014103122055530548,
            0.9942009449005127,
            -0.10660938173532486,
            0.0
          ],
          [
            0.019870301708579063,
            0.10687759518623352,
            0.9940736293792725,
            0.0
          ],
          [
            0.0,
            0.0,
            0.0,
            1.0
          ]
        ],
        "rotation_mode": "QUATERNION"
      },
      "armature_space": {
        "head": {
          "x": 0.7484858632087708,
          "y": -0.17203792929649353,
          "z": 0.5791670680046082
        },
        "tail": {
          "x": 0.7727392911911011,
          "y": -0.17965151369571686,
          "z": 0.5826160907745361
        }
      },
      "world_space": {
        "head": {
          "x": 0.7484858632087708,
          "y": -0.10879392921924591,
          "z": 1.5290210247039795
        },
        "tail": {
          "x": 0.7727392911911011,
          "y": -0.11640751361846924,
          "z": 1.5324701070785522
        },
        "rotation_quaternion": {
          "w": 0.06443352997303009,
          "x": 0.8048071265220642,
          "y": 0.5894524455070496,
          "z": 0.026070144027471542
        },
        "matrix": [
          [
            0.3037322759628296,
            0.9454312324523926,
            0.11792397499084473,
            0.7484858632087708
          ],
          [
            0.952150821685791,
            -0.2967882454395294,
            -0.07297880947589874,
            -0.10879392921924591
          ],
          [
            -0.03399740904569626,
            0.13444793224334717,
            -0.9903444051742554,
            1.5290210247039795
          ],
          [
            0.0,
            0.0,
            0.0,
            1.0
          ]
        ]
      },
      "bone_length_armature_space": 0.025653287817835036,
      "parent": "index_01_l",
      "has_children": true,
      "is_end_bone": false
    },
    "index_03_l": {
      "name": "index_03_l",
      "local": {
        "location": {
          "x": 0.0,
          "y": 0.0,
          "z": 0.0
        },
        "rotation_quaternion": {
          "w": 0.999575138092041,
          "x": 0.027320196852087975,
          "y": -0.009129603393375874,
          "z": -0.004458510782569647
        },
        "scale": {
          "x": 1.0,
          "y": 1.0,
          "z": 1.0
        },
        "matrix_basis": [
          [
            0.999793529510498,
            0.008414387702941895,
            -0.018495064228773117,
            0.0
          ],
          [
            -0.009412078186869621,
            0.9984674453735352,
            -0.054535768926143646,
            0.0
          ],
          [
            0.018007833510637283,
            0.05469858646392822,
            0.9983404874801636,
            0.0
          ],
          [
            0.0,
            0.0,
            0.0,
            1.0
          ]
        ],
        "rotation_mode": "QUATERNION"
      },
      "armature_space": {
        "head": {
          "x": 0.7727392315864563,
          "y": -0.17965152859687805,
          "z": 0.5826162099838257
        },
        "tail": {
          "x": 0.8013364672660828,
          "y": -0.1856364756822586,
          "z": 0.582284152507782
        }
      },
      "world_space": {
        "head": {
          "x": 0.7727392315864563,
          "y": -0.11640752851963043,
          "z": 1.5324702262878418
        },
        "tail": {
          "x": 0.8013364672660828,
          "y": -0.12239247560501099,
          "z": 1.5321381092071533
        },
        "rotation_quaternion": {
          "w": 0.007840427570044994,
          "x": -0.7761546969413757,
          "y": -0.6304935216903687,
          "z": -0.0006394094089046121
        },
        "matrix": [
          [
            0.20495519042015076,
            0.9787306785583496,
            -0.008894473314285278,
            0.7727392315864563
          ],
          [
            0.9787110686302185,
            -0.2048330157995224,
            0.012976453639566898,
            -0.11640752851963043
          ],
          [
            0.010879535228013992,
            -0.011365171521902084,
            -0.999883234500885,
            1.5324702262878418
          ],
          [
            0.0,
            0.0,
            0.0,
            1.0
          ]
        ]
      },
      "bone_length_armature_space": 0.029218687752674343,
      "parent": "index_02_l",
      "has_children": false,
      "is_end_bone": true
    },
    "metacarpal_pinky_l": {
      "name": "metacarpal_pinky_l",
      "local": {
        "location": {
          "x": 0.0,
          "y": 0.0,
          "z": 0.0
        },
        "rotation_quaternion": {
          "w": 0.999609112739563,
          "x": -0.01753890886902809,
          "y": 0.009965099394321442,
          "z": 0.019359858706593513
        },
        "scale": {
          "x": 1.0,
          "y": 1.0,
          "z": 1.0
        },
        "matrix_basis": [
          [
            0.9990518093109131,
            -0.03905413672327995,
            0.019243307411670685,
            0.0
          ],
          [
            0.0383550301194191,
            0.9986351728439331,
            0.03544995188713074,
            0.0
          ],
          [
            -0.020601509138941765,
            -0.03467826172709465,
            0.9991861581802368,
            0.0
          ],
          [
            0.0,
            0.0,
            0.0,
            1.0
          ]
        ],
        "rotation_mode": "QUATERNION"
      },
      "armature_space": {
        "head": {
          "x": 0.632358193397522,
          "y": -0.08856379985809326,
          "z": 0.5864925384521484
        },
        "tail": {
          "x": 0.7328458428382874,
          "y": -0.10501959174871445,
          "z": 0.6082792282104492
        }
      },
      "world_space": {
        "head": {
          "x": 0.632358193397522,
          "y": -0.025319799780845642,
          "z": 1.5363465547561646
        },
        "tail": {
          "x": 0.7328458428382874,
          "y": -0.04177559167146683,
          "z": 1.5581332445144653
        },
        "rotation_quaternion": {
          "w": 0.6213706135749817,
          "x": 0.36846834421157837,
          "y": 0.1867665946483612,
          "z": -0.6657686233520508
        },
        "matrix": [
          [
            0.043742336332798004,
            0.9650140404701233,
            -0.2585233151912689,
            0.632358193397522
          ],
          [
            -0.689742922782898,
            -0.15803006291389465,
            -0.7065986394882202,
            -0.025319799780845642
          ],
          [
            -0.7227376699447632,
            0.20922407507896423,
            0.6587029695510864,
            1.5363465547561646
          ],
          [
            0.0,
            0.0,
            0.0,
            1.0
          ]
        ]
      },
      "bone_length_armature_space": 0.10413078395393943,
      "parent": "lowerarm_l",
      "has_children": true,
      "is_end_bone": false
    },
    "pinky_01_l": {
      "name": "pinky_01_l",
      "local": {
        "location": {
          "x": 0.0,
          "y": 0.0,
          "z": 0.0
        },
        "rotation_quaternion": {
          "w": 0.992834210395813,
          "x": -0.11859075725078583,
          "y": 0.008142654784023762,
          "z": 0.012256879359483719
        },
        "scale": {
          "x": 1.0,
          "y": 1.0,
          "z": 1.0
        },
        "matrix_basis": [
          [
            0.999566912651062,
            -0.02626938559114933,
            0.013261507265269756,
            0.0
          ],
          [
            0.022406810894608498,
            0.9715719819068909,
            0.23568153381347656,
            0.0
          ],
          [
            -0.01907571777701378,
            -0.2352823168039322,
            0.9717398881912231,
            0.0
          ],
          [
            0.0,
            0.0,
            0.0,
            1.0
          ]
        ],
        "rotation_mode": "QUATERNION"
      },
      "armature_space": {
        "head": {
          "x": 0.7328458428382874,
          "y": -0.10501959174871445,
          "z": 0.6082792282104492
        },
