{
  "metadata": {
    "armature_name": "KIM_caucasian_male",
    "export_time": "2026-01-13T21:00:19.715634",
    "blender_version": "4.4.1",
    "bone_count": 56,
    "end_bone_count": 13,
    "spaces_included": [
      "LOCAL_CHANNELS",
      "ARMATURE_SPACE",
      "WORLD_SPACE"
    ],
    "note": "LOCAL matches Transform panel; replay pose via local.matrix_basis for best fidelity."
  },
  "bones": {
    "Root": {
      "name": "Root",
      "local": {
        "location": {
          "x": 0.0,
          "y": 0.0,
          "z": 0.0
        },
        "rotation_quaternion": {
          "w": 0.9998560547828674,
          "x": -0.008673463016748428,
          "y": -0.01456347107887268,
          "z": 0.0008900386746972799
        },
        "scale": {
          "x": 1.0,
          "y": 1.0,
          "z": 1.0
        },
        "matrix_basis": [
          [
            0.9995742440223694,
            -0.0015271896263584495,
            -0.029138188809156418,
            0.0
          ],
          [
            0.0020324524957686663,
            0.999847948551178,
            0.01731850579380989,
            0.0
          ],
          [
            0.029107309877872467,
            -0.017370352521538734,
            0.9994253516197205,
            0.0
          ],
          [
            0.0,
            0.0,
            0.0,
            1.0
          ]
        ],
        "rotation_mode": "QUATERNION"
      },
      "armature_space": {
        "head": {
          "x": 0.0,
          "y": 0.07072800397872925,
          "z": -0.009595036506652832
        },
        "tail": {
          "x": -0.00010900448978645727,
          "y": 0.00017742067575454712,
          "z": 0.0012271199375391006
        }
      },
      "world_space": {
        "head": {
          "x": 0.0,
          "y": 0.13397200405597687,
          "z": 0.9402589797973633
        },
        "tail": {
          "x": -0.00010900448978645727,
          "y": 0.06342142075300217,
          "z": 0.9510811567306519
        },
        "rotation_quaternion": {
          "w": 0.07601170986890793,
          "x": 0.9970002174377441,
          "y": -0.0018691271543502808,
          "z": -0.014470428228378296
        },
        "matrix": [
          [
            0.9995742440223694,
            -0.0015271896263584495,
            -0.029138188809156418,
            0.0
          ],
          [
            -0.005926890764385462,
            -0.9884374141693115,
            -0.15151375532150269,
            0.13397200405597687
          ],
          [
            -0.028570089489221573,
            0.15162205696105957,
            -0.9880326390266418,
            0.9402589797973633
          ],
          [
            0.0,
            0.0,
            0.0,
            1.0
          ]
        ]
      },
      "bone_length_armature_space": 0.07137587499386717,
      "parent": null,
      "has_children": true,
      "is_end_bone": false
    },
    "spine_01": {
      "name": "spine_01",
      "local": {
        "location": {
          "x": 0.0,
          "y": 0.0,
          "z": 0.0
        },
        "rotation_quaternion": {
          "w": 0.9997553825378418,
          "x": 0.0016917319735512137,
          "y": 0.01845150999724865,
          "z": 0.012082506902515888
        },
        "scale": {
          "x": 1.0,
          "y": 1.0,
          "z": 1.0
        },
        "matrix_basis": [
          [
            0.9990271329879761,
            -0.024096673354506493,
            0.03693487495183945,
            0.0
          ],
          [
            0.02422153204679489,
            0.9997022747993469,
            -0.002936755307018757,
            0.0
          ],
          [
            -0.036853112280368805,
            0.0038285173941403627,
            0.9993133544921875,
            0.0
          ],
          [
            0.0,
            0.0,
            0.0,
            1.0
          ]
        ],
        "rotation_mode": "QUATERNION"
      },
      "armature_space": {
        "head": {
          "x": -0.00010900448978645727,
          "y": 0.00017742067575454712,
          "z": 0.0012271199375391006
        },
        "tail": {
          "x": 0.002223752671852708,
          "y": 0.029593050479888916,
          "z": 0.48833879828453064
        }
      },
      "world_space": {
        "head": {
          "x": -0.00010900448978645727,
          "y": 0.06342142075300217,
          "z": 0.9510811567306519
        },
        "tail": {
          "x": 0.002223752671852708,
          "y": 0.09283705055713654,
          "z": 1.4381928443908691
        },
        "rotation_quaternion": {
          "w": 0.7279798984527588,
          "x": 0.6853986382484436,
          "y": 0.013563519343733788,
          "z": 0.009486943483352661
        },
        "matrix": [
          [
            0.9994520545005798,
            0.00478022824972868,
            0.03275258466601372,
            -0.00010900448978645727
          ],
          [
            0.032405413687229156,
            0.060277778655290604,
            -0.9976555705070496,
            0.06342142075300217
          ],
          [
            -0.006743293721228838,
            0.998177170753479,
            0.06008932739496231,
            0.9510811567306519
          ],
          [
            0.0,
            0.0,
            0.0,
            1.0
          ]
        ]
      },
      "bone_length_armature_space": 0.4880046228776222,
      "parent": "Root",
      "has_children": true,
      "is_end_bone": false
    },
    "neck_01": {
      "name": "neck_01",
      "local": {
        "location": {
          "x": 0.0,
          "y": 0.0,
          "z": 0.0
        },
        "rotation_quaternion": {
          "w": 0.9871518015861511,
          "x": -0.09718384593725204,
          "y": 0.0804898589849472,
          "z": -0.09802073240280151
        },
        "scale": {
          "x": 1.0,
          "y": 1.0,
          "z": 1.0
        },
        "matrix_basis": [
          [
            0.9678266644477844,
            0.17787805199623108,
            0.1779634803533554,
            0.0
          ],
          [
            -0.20916731655597687,
            0.9618944525718689,
            0.1760910600423813,
            0.0
          ],
          [
            -0.13985934853553772,
            -0.20764976739883423,
            0.9681533575057983,
            0.0
          ],
          [
            0.0,
            0.0,
            0.0,
            1.0
          ]
        ],
        "rotation_mode": "QUATERNION"
      },
      "armature_space": {
        "head": {
          "x": 0.0037096277810633183,
          "y": -0.0005926378071308136,
          "z": 0.5635077357292175
        },
        "tail": {
          "x": 0.023030677810311317,
          "y": -0.011774149723351002,
          "z": 0.6635698676109314
        }
      },
      "world_space": {
        "head": {
          "x": 0.0037096277810633183,
          "y": 0.0626513659954071,
          "z": 1.5133616924285889
        },
        "tail": {
          "x": 0.023030677810311317,
          "y": 0.05146985128521919,
          "z": 1.6134238243103027
        },
        "rotation_quaternion": {
          "w": 0.6524985432624817,
          "x": 0.7445023059844971,
          "y": 0.14040222764015198,
          "z": 0.01578615978360176
        },
        "matrix": [
          [
            0.9600757956504822,
            0.18845883011817932,
            0.20673125982284546,
            0.0037096277810633183
          ],
          [
            0.22966152429580688,
            -0.1090652197599411,
            -0.9671405553817749,
            0.0626513659954071
          ],
          [
            -0.15971983969211578,
            0.9760127067565918,
            -0.14799460768699646,
            1.5133616924285889
          ],
          [
            0.0,
            0.0,
            0.0,
            1.0
          ]
        ]
      },
      "bone_length_armature_space": 0.10252199442476727,
      "parent": "spine_01",
      "has_children": true,
      "is_end_bone": false
    },
    "head": {
      "name": "head",
      "local": {
        "location": {
          "x": 0.0,
          "y": 0.0,
          "z": 0.0
        },
        "rotation_quaternion": {
          "w": 0.9709151983261108,
          "x": -0.09876663237810135,
          "y": 0.09705460071563721,
          "z": 0.19531835615634918
        },
        "scale": {
          "x": 1.0,
          "y": 1.0,
          "z": 1.0
        },
        "matrix_basis": [
          [
            0.9048622846603394,
            -0.39844661951065063,
            0.14988170564174652,
            0.0
          ],
          [
            0.3601036071777344,
            0.904191792011261,
            0.22970114648342133,
            0.0
          ],
          [
            -0.2270454466342926,
            -0.1538749635219574,
            0.961651086807251,
            0.0
          ],
          [
            0.0,
            0.0,
            0.0,
            1.0
          ]
        ],
        "rotation_mode": "QUATERNION"
      },
      "armature_space": {
        "head": {
          "x": 0.02303069829940796,
          "y": -0.011774293147027493,
          "z": 0.6635698080062866
        },
        "tail": {
          "x": -0.028430506587028503,
          "y": 0.03142380714416504,
          "z": 0.8033515214920044
        }
      },
      "world_space": {
        "head": {
          "x": 0.02303069829940796,
          "y": 0.05146970599889755,
          "z": 1.6134238243103027
        },
        "tail": {
          "x": -0.028430506587028503,
          "y": 0.09466780722141266,
          "z": 1.7532055377960205
        },
        "rotation_quaternion": {
          "w": 0.795339822769165,
          "x": 0.5394175052642822,
          "y": 0.08186713606119156,
          "z": 0.26412326097488403
        },
        "matrix": [
          [
            0.8470726013183594,
            -0.33181464672088623,
            0.4151712656021118,
            0.02303069829940796
          ],
          [
            0.5084582567214966,
            0.27853530645370483,
            -0.8147937059402466,
            0.05146970599889755
          ],
          [
            0.1547222137451172,
            0.9012929797172546,
            0.4046552777290344,
            1.6134238243103027
          ],
          [
            0.0,
            0.0,
            0.0,
            1.0
          ]
        ]
      },
      "bone_length_armature_space": 0.15509113219984405,
      "parent": "neck_01",
      "has_children": false,
      "is_end_bone": true
    },
    "upperarm_l": {
      "name": "upperarm_l",
      "local": {
        "location": {
          "x": 0.0,
          "y": 0.0,
          "z": 0.0
        },
        "rotation_quaternion": {
          "w": 0.8687210083007812,
          "x": 0.368089497089386,
          "y": 0.23865124583244324,
          "z": -0.229955792427063
        },
        "scale": {
          "x": 1.0,
          "y": 1.0,
          "z": 1.0
        },
        "matrix_basis": [
          [
            0.7803318500518799,
            0.5752248764038086,
            0.2453540712594986,
            0.0
          ],
          [
            -0.22384482622146606,
            0.6232609152793884,
            -0.7492926120758057,
            0.0
          ],
          [
            -0.5839313268661499,
            0.5297756791114807,
            0.6151114106178284,
            0.0
          ],
          [
            0.0,
            0.0,
            0.0,
            1.0
          ]
        ],
        "rotation_mode": "QUATERNION"
      },
      "armature_space": {
        "head": {
          "x": 0.1534106284379959,
          "y": -0.0029646120965480804,
          "z": 0.4956026077270508
        },
        "tail": {
          "x": 0.32565808296203613,
          "y": -0.1384933739900589,
          "z": 0.3414248824119568
        }
      },
      "world_space": {
        "head": {
          "x": 0.1534106284379959,
          "y": 0.06027938798069954,
          "z": 1.445456624031067
        },
        "tail": {
          "x": 0.32565808296203613,
          "y": -0.07524937391281128,
          "z": 1.2912788391113281
        },
        "rotation_quaternion": {
          "w": 0.04174346849322319,
          "x": 0.5956449508666992,
          "y": 0.4953532814979553,
          "z": -0.6309434771537781
        },
        "matrix": [
          [
            -0.28693071007728577,
            0.6427876949310303,
            -0.7102779150009155,
            0.1534106284379959
          ],
          [
            0.537433385848999,
            -0.5057620406150818,
            -0.6748114228248596,
            0.06027938798069954
          ],
          [
            -0.7929969429969788,
            -0.575355589389801,
            -0.2003389298915863,
            1.445456624031067
          ],
          [
            0.0,
            0.0,
            0.0,
            1.0
          ]
        ]
      },
      "bone_length_armature_space": 0.26797014950645376,
      "parent": "spine_01",
      "has_children": true,
      "is_end_bone": false
    },
    "lowerarm_l": {
      "name": "lowerarm_l",
      "local": {
        "location": {
          "x": 0.0,
          "y": 0.0,
          "z": 0.0
        },
        "rotation_quaternion": {
          "w": 0.9442593455314636,
          "x": 0.3153427243232727,
          "y": -0.07282772660255432,
          "z": -0.060246508568525314
        },
        "scale": {
          "x": 1.0,
          "y": 1.0,
          "z": 1.0
        },
        "matrix_basis": [
          [
            0.9821329712867737,
            0.06784527003765106,
            -0.17553311586380005,
            0.0
          ],
          [
            -0.15970803797245026,
            0.7938586473464966,
            -0.5867553949356079,
            0.0
          ],
          [
            0.09953992813825607,
            0.6043058633804321,
            0.7905101776123047,
            0.0
          ],
          [
            0.0,
            0.0,
            0.0,
            1.0
          ]
        ],
        "rotation_mode": "QUATERNION"
      },
      "armature_space": {
        "head": {
          "x": 0.3256581425666809,
          "y": -0.13849352300167084,
          "z": 0.34142494201660156
        },
        "tail": {
          "x": 0.32198816537857056,
          "y": -0.3710949718952179,
          "z": 0.20931605994701385
        }
      },
      "world_space": {
        "head": {
          "x": 0.3256581425666809,
          "y": -0.07524952292442322,
          "z": 1.2912789583206177
        },
        "tail": {
          "x": 0.32198816537857056,
          "y": -0.3078509569168091,
          "z": 1.1591700315475464
        },
        "rotation_quaternion": {
          "w": 0.13215290009975433,
          "x": -0.47693610191345215,
          "y": -0.2186473160982132,
          "z": 0.8409880995750427
        },
        "matrix": [
          [
            -0.5101355314254761,
            -0.013718247413635254,
            -0.8599846959114075,
            0.3256581425666809
          ],
          [
            0.43083953857421875,
            -0.8694585561752319,
            -0.24170097708702087,
            -0.07524952292442322
          ],
          [
            -0.7444099187850952,
            -0.49381980299949646,
            0.44945478439331055,
            1.2912789583206177
          ],
          [
            0.0,
            0.0,
            0.0,
            1.0
          ]
        ]
      },
      "bone_length_armature_space": 0.2675250619311975,
      "parent": "upperarm_l",
      "has_children": true,
      "is_end_bone": false
    },
    "metacarpal_thumb_l": {
      "name": "metacarpal_thumb_l",
      "local": {
        "location": {
          "x": 0.0,
          "y": 0.0,
          "z": 0.0
        },
        "rotation_quaternion": {
          "w": 0.9984066486358643,
          "x": -0.05572446435689926,
          "y": 0.00881424080580473,
          "z": 0.0011952436761930585
        },
        "scale": {
          "x": 1.0,
          "y": 1.0,
          "z": 1.0
        },
        "matrix_basis": [
          [
            0.9998417496681213,
            -0.003369016107171774,
            0.017467183992266655,
            0.0
          ],
          [
            0.001404340728186071,
            0.9937866926193237,
            0.11129242181777954,
            0.0
          ],
          [
            -0.017733601853251457,
            -0.11125028133392334,
            0.9936341643333435,
            0.0
          ],
          [
            0.0,
            0.0,
            0.0,
            1.0
          ]
        ],
        "rotation_mode": "QUATERNION"
      },
      "armature_space": {
        "head": {
          "x": 0.32198816537857056,
          "y": -0.3710949718952179,
          "z": 0.20931605994701385
        },
        "tail": {
          "x": 0.29437005519866943,
          "y": -0.4112008213996887,
          "z": 0.2002415806055069
        }
      },
      "world_space": {
        "head": {
          "x": 0.32198816537857056,
          "y": -0.3078509569168091,
          "z": 1.1591700315475464
        },
        "tail": {
          "x": 0.29437005519866943,
          "y": -0.3479568362236023,
          "z": 1.1500955820083618
        },
        "rotation_quaternion": {
          "w": 0.19386371970176697,
          "x": -0.8895531296730042,
          "y": 0.23996366560459137,
          "z": 0.33694177865982056
        },
        "matrix": [
          [
            0.6577755212783813,
            -0.5575626492500305,
            -0.5064140558242798,
            0.32198816537857056
          ],
          [
            -0.29627999663352966,
            -0.8096683621406555,
            0.5066114664077759,
            -0.3078509569168091
          ],
          [
            -0.692500114440918,
            -0.18319818377494812,
            -0.6977789998054504,
            1.1591700315475464
          ],
          [
            0.0,
            0.0,
            0.0,
            1.0
          ]
        ]
      },
      "bone_length_armature_space": 0.049533679037954165,
      "parent": "lowerarm_l",
      "has_children": true,
      "is_end_bone": false
    },
    "thumb_01_l": {
      "name": "thumb_01_l",
      "local": {
        "location": {
          "x": 0.0,
          "y": 0.0,
          "z": 0.0
        },
        "rotation_quaternion": {
          "w": 0.998664915561676,
          "x": -0.04855477437376976,
          "y": -0.01074242778122425,
          "z": 0.013980036601424217
        },
        "scale": {
          "x": 1.0,
          "y": 1.0,
          "z": 1.0
        },
        "matrix_basis": [
          [
            0.9993783235549927,
            -0.026879552751779556,
            -0.022813767194747925,
            0.0
          ],
          [
            0.028965936973690987,
            0.9948939681053162,
            0.09667953848838806,
            0.0
          ],
          [
            0.020098576322197914,
            -0.09728025645017624,
            0.9950540661811829,
            0.0
          ],
          [
            0.0,
            0.0,
            0.0,
            1.0
          ]
        ],
        "rotation_mode": "QUATERNION"
      },
      "armature_space": {
        "head": {
          "x": 0.29437005519866943,
          "y": -0.4112008213996887,
          "z": 0.2002415806055069
        },
        "tail": {
          "x": 0.2647097706794739,
          "y": -0.41345688700675964,
          "z": 0.1836945116519928
        }
      },
      "world_space": {
        "head": {
          "x": 0.29437005519866943,
          "y": -0.3479568362236023,
          "z": 1.1500955820083618
        },
        "tail": {
          "x": 0.2647097706794739,
          "y": -0.35021287202835083,
          "z": 1.1335484981536865
        },
        "rotation_quaternion": {
          "w": 0.06716503947973251,
          "x": -0.6695274710655212,
          "y": 0.6799629330635071,
          "z": -0.2913283705711365
        },
        "matrix": [
          [
            -0.09444132447242737,
            -0.8713729977607727,
            0.4814457297325134,
            0.29437005519866943
          ],
          [
            -0.949642539024353,
            -0.06627989560365677,
            -0.3062446415424347,
            -0.3479568362236023
          ],
          [
            0.2987646460533142,
            -0.4861268997192383,
            -0.8212392926216125,
            1.1500955820083618
          ],
          [
            0.0,
            0.0,
            0.0,
            1.0
          ]
        ]
      },
      "bone_length_armature_space": 0.0340386222766092,
      "parent": "metacarpal_thumb_l",
      "has_children": true,
      "is_end_bone": false
    },
    "thumb_02_l": {
      "name": "thumb_02_l",
      "local": {
        "location": {
          "x": 0.0,
          "y": 0.0,
          "z": 0.0
        },
        "rotation_quaternion": {
          "w": 0.9963236451148987,
          "x": 0.08543891459703445,
          "y": 0.00500116590410471,
          "z": -0.0038065079133957624
        },
        "scale": {
          "x": 1.0,
          "y": 1.0,
          "z": 1.0
        },
        "matrix_basis": [
          [
            0.9999210238456726,
            0.008439616300165653,
            0.009315111674368382,
            0.0
          ],
          [
            -0.006730439141392708,
            0.9853714108467102,
            -0.17028769850730896,
            0.0
          ],
          [
            -0.010616007260978222,
            0.1702115535736084,
            0.9853503704071045,
            0.0
          ],
          [
            0.0,
            0.0,
            0.0,
            1.0
          ]
        ],
        "rotation_mode": "QUATERNION"
      },
      "armature_space": {
        "head": {
          "x": 0.2647097408771515,
          "y": -0.41345685720443726,
          "z": 0.18369455635547638
        },
        "tail": {
          "x": 0.2632077634334564,
          "y": -0.4481579065322876,
          "z": 0.16352610290050507
        }
      },
      "world_space": {
        "head": {
          "x": 0.2647097408771515,
          "y": -0.35021287202835083,
          "z": 1.133548617362976
        },
        "tail": {
          "x": 0.2632077634334564,
          "y": -0.38491392135620117,
          "z": 1.1133800745010376
        },
        "rotation_quaternion": {
          "w": 0.13735809922218323,
          "x": -0.5680155158042908,
          "y": 0.2216874361038208,
          "z": -0.7806060314178467
        },
        "matrix": [
          [
            -0.31698307394981384,
            -0.03739604353904724,
            0.9476937055587769,
            0.2647097408771515
          ],
          [
            -0.4662885367870331,
            -0.8639752864837646,
            -0.19005613029003143,
            -0.35021287202835083
          ],
          [
            0.8258966207504272,
            -0.5021476149559021,
            0.25642967224121094,
            1.133548617362976
          ],
          [
            0.0,
            0.0,
            0.0,
            1.0
          ]
        ]
      },
      "bone_length_armature_space": 0.04016447791876985,
      "parent": "thumb_01_l",
      "has_children": true,
      "is_end_bone": false
    },
    "thumb_03_l": {
      "name": "thumb_03_l",
      "local": {
        "location": {
          "x": 0.0,
          "y": 0.0,
          "z": 0.0
        },
        "rotation_quaternion": {
          "w": 0.9961840510368347,
          "x": 0.08708298951387405,
          "y": 0.0005225553759373724,
          "z": -0.005813374649733305
        },
        "scale": {
          "x": 1.0,
          "y": 1.0,
          "z": 1.0
        },
        "matrix_basis": [
          [
            0.9999318718910217,
            0.011673393659293652,
            2.863057488866616e-05,
            0.0
          ],
          [
            -0.011491370387375355,
            0.9847655296325684,
            -0.1735074520111084,
            0.0
          ],
          [
            -0.00205361470580101,
            0.17349529266357422,
            0.9848325848579407,
            0.0
          ],
          [
            0.0,
            0.0,
            0.0,
            1.0
          ]
        ],
        "rotation_mode": "QUATERNION"
      },
      "armature_space": {
        "head": {
          "x": 0.26320767402648926,
          "y": -0.4481579065322876,
          "z": 0.16352614760398865
        },
        "tail": {
          "x": 0.2750549614429474,
          "y": -0.47321823239326477,
          "z": 0.15093588829040527
        }
      },
      "world_space": {
        "head": {
          "x": 0.26320767402648926,
          "y": -0.38491392135620117,
          "z": 1.1133801937103271
        },
        "tail": {
          "x": 0.2750549614429474,
          "y": -0.40997421741485596,
          "z": 1.1007899045944214
        },
        "rotation_quaternion": {
          "w": 0.2681232988834381,
          "x": -0.34395334124565125,
          "y": 0.12861134111881256,
          "z": -0.890654444694519
        },
        "matrix": [
          [
            -0.6196115612983704,
            0.38913917541503906,
            0.6816542148590088,
            0.26320767402648926
          ],
          [
            -0.5660828948020935,
            -0.8231379389762878,
            -0.04465097188949585,
            -0.38491392135620117
          ],
          [
            0.5437231659889221,
            -0.4135427474975586,
            0.7303158640861511,
            1.1133801937103271
          ],
          [
            0.0,
            0.0,
            0.0,
            1.0
          ]
        ]
      },
      "bone_length_armature_space": 0.03044491342311939,
      "parent": "thumb_02_l",
      "has_children": false,
      "is_end_bone": true
    },
    "metacarpal_index_l": {
      "name": "metacarpal_index_l",
      "local": {
        "location": {
          "x": 0.0,
          "y": 0.0,
          "z": 0.0
        },
        "rotation_quaternion": {
          "w": 0.999349057674408,
          "x": -0.029176536947488785,
          "y": 5.637203139485791e-05,
          "z": -0.021220246329903603
        },
        "scale": {
          "x": 1.0,
          "y": 1.0,
          "z": 1.0
        },
        "matrix_basis": [
          [
            0.9990993738174438,
            0.04240957647562027,
            0.0013509372947737575,
            0.0
          ],
          [
            -0.042416155338287354,
            0.9973968863487244,
            0.05831269547343254,
            0.0
          ],
          [
            0.0011255958816036582,
            -0.058317482471466064,
            0.9982974529266357,
            0.0
          ],
          [
            0.0,
            0.0,
            0.0,
            1.0
          ]
        ],
        "rotation_mode": "QUATERNION"
      },
      "armature_space": {
        "head": {
          "x": 0.32198816537857056,
          "y": -0.3710949718952179,
          "z": 0.20931605994701385
        },
        "tail": {
          "x": 0.2946311831474304,
          "y": -0.4753402769565582,
          "z": 0.16334031522274017
        }
      },
      "world_space": {
        "head": {
          "x": 0.32198816537857056,
          "y": -0.3078509569168091,
          "z": 1.1591700315475464
        },
        "tail": {
          "x": 0.2946311831474304,
          "y": -0.4120962619781494,
          "z": 1.1131943464279175
        },
        "rotation_quaternion": {
          "w": 0.2342652976512909,
          "x": -0.7977612614631653,
          "y": -0.016746971756219864,
          "z": 0.555352509021759
        },
        "matrix": [
          [
            0.3826070725917816,
            -0.23347777128219604,
            -0.8939239978790283,
            0.32198816537857056
          ],
          [
            0.2869192361831665,
            -0.8896795511245728,
            0.3551730513572693,
            -0.3078509569168091
          ],
          [
            -0.8782364726066589,
            -0.39237916469573975,
            -0.27340999245643616,
            1.1591700315475464
          ],
          [
            0.0,
            0.0,
            0.0,
            1.0
          ]
        ]
      },
      "bone_length_armature_space": 0.11717191210031272,
      "parent": "lowerarm_l",
      "has_children": true,
      "is_end_bone": false
    },
    "index_01_l": {
      "name": "index_01_l",
      "local": {
        "location": {
          "x": 0.0,
          "y": 0.0,
          "z": 0.0
        },
        "rotation_quaternion": {
          "w": 0.9915751218795776,
          "x": -0.12915632128715515,
          "y": 0.007176606450229883,
          "z": 0.006773386150598526
        },
        "scale": {
          "x": 1.0,
          "y": 1.0,
          "z": 1.0
        },
        "matrix_basis": [
          [
            0.999805212020874,
            -0.015286450274288654,
            0.012482637539505959,
            0.0
          ],
          [
            0.011578834615647793,
            0.9665455222129822,
            0.2562336027622223,
            0.0
          ],
          [
            -0.015981940552592278,
            -0.25603917241096497,
            0.9665342569351196,
            0.0
          ],
          [
            0.0,
            0.0,
            0.0,
            1.0
          ]
        ],
        "rotation_mode": "QUATERNION"
      },
      "armature_space": {
        "head": {
          "x": 0.2946311831474304,
          "y": -0.4753402769565582,
          "z": 0.16334031522274017
        },
        "tail": {
          "x": 0.30187898874282837,
          "y": -0.49886536598205566,
          "z": 0.14894892275333405
        }
      },
      "world_space": {
        "head": {
          "x": 0.2946311831474304,
          "y": -0.4120962619781494,
          "z": 1.1131943464279175
        },
        "tail": {
          "x": 0.30187898874282837,
          "y": -0.43562138080596924,
          "z": 1.098802924156189
        },
        "rotation_quaternion": {
          "w": 0.1683325171470642,
          "x": -0.8388488292694092,
          "y": -0.24321021139621735,
          "z": 0.456996351480484
        },
        "matrix": [
          [
            0.46400612592697144,
            0.2541804909706116,
            -0.8485816121101379,
            0.2946311831474304
          ],
          [
            0.5618880391120911,
            -0.8250260353088379,
            0.06011676788330078,
            -0.4120962619781494
          ],
          [
            -0.6848254203796387,
            -0.5047065615653992,
            -0.5256416201591492,
            1.1131943464279175
          ],
          [
            0.0,
            0.0,
            0.0,
            1.0
          ]
        ]
      },
      "bone_length_armature_space": 0.028514429363425232,
      "parent": "metacarpal_index_l",
      "has_children": true,
      "is_end_bone": false
    },
    "index_02_l": {
      "name": "index_02_l",
      "local": {
        "location": {
          "x": 0.0,
          "y": 0.0,
          "z": 0.0
        },
        "rotation_quaternion": {
          "w": 0.9989374876022339,
          "x": 0.045580990612506866,
          "y": 0.0025913380086421967,
          "z": 0.006288111209869385
        },
        "scale": {
          "x": 1.0,
          "y": 1.0,
          "z": 1.0
        },
        "matrix_basis": [
          [
            0.9999074935913086,
            -0.012326628901064396,
            0.005750406067818403,
            0.0
          ],
          [
            0.012799091637134552,
            0.9957656860351562,
            -0.09103253483772278,
            0.0
          ],
          [
            -0.004603932611644268,
            0.09109771251678467,
            0.995831310749054,
            0.0
          ],
          [
            0.0,
            0.0,
            0.0,
            1.0
          ]
        ],
        "rotation_mode": "QUATERNION"
      },
      "armature_space": {
        "head": {
          "x": 0.3018786907196045,
          "y": -0.4988657832145691,
          "z": 0.14894872903823853
        },
        "tail": {
          "x": 0.30732980370521545,
          "y": -0.5197261571884155,
          "z": 0.1350482702255249
        }
      },
      "world_space": {
        "head": {
          "x": 0.3018786907196045,
          "y": -0.43562179803848267,
          "z": 1.0988028049468994
        },
        "tail": {
          "x": 0.30732980370521545,
          "y": -0.4564821720123291,
          "z": 1.084902286529541
        },
        "rotation_quaternion": {
          "w": 0.18719260394573212,
          "x": -0.8176876902580261,
          "y": -0.24161013960838318,
          "z": 0.4878219664096832
        },
        "matrix": [
          [
            0.4073084592819214,
            0.2124922126531601,
            -0.8882268667221069,
            0.3018786907196045
          ],
          [
            0.5777568221092224,
            -0.8131670355796814,
            0.07040271162986755,
            -0.43562179803848267
          ],
          [
            -0.7073209881782532,
            -0.5418592691421509,
            -0.4539816379547119,
            1.0988028049468994
          ],
          [
            0.0,
            0.0,
            0.0,
            1.0
          ]
        ]
      },
      "bone_length_armature_space": 0.02565331554233092,
      "parent": "index_01_l",
      "has_children": true,
      "is_end_bone": false
    },
    "index_03_l": {
      "name": "index_03_l",
      "local": {
        "location": {
          "x": 0.0,
          "y": 0.0,
          "z": 0.0
        },
        "rotation_quaternion": {
          "w": 0.9996488690376282,
          "x": 0.024116454645991325,
          "y": 0.008973280899226665,
          "z": 0.006323228124529123
        },
        "scale": {
          "x": 1.0,
          "y": 1.0,
          "z": 1.0
        },
        "matrix_basis": [
          [
            0.9997590184211731,
            -0.012209208682179451,
            0.01824524812400341,
            0.0
          ],
          [
            0.013074822723865509,
            0.9987568259239197,
            -0.048102494329214096,
            0.0
          ],
          [
            -0.017635272815823555,
            0.04832945391535759,
            0.9986757636070251,
            0.0
          ],
          [
            0.0,
            0.0,
            0.0,
            1.0
          ]
        ],
        "rotation_mode": "QUATERNION"
      },
      "armature_space": {
        "head": {
          "x": 0.307329922914505,
          "y": -0.5197261571884155,
          "z": 0.13504835963249207
        },
        "tail": {
          "x": 0.3108798861503601,
          "y": -0.5415206551551819,
          "z": 0.11591371148824692
        }
      },
      "world_space": {
        "head": {
          "x": 0.307329922914505,
          "y": -0.4564821720123291,
          "z": 1.0849024057388306
        },
        "tail": {
          "x": 0.3108798861503601,
          "y": -0.47827666997909546,
          "z": 1.065767765045166
        },
        "rotation_quaternion": {
          "w": 0.27292945981025696,
          "x": -0.813042402267456,
          "y": -0.22924832999706268,
          "z": 0.4603441059589386
        },
        "matrix": [
          [
            0.47105732560157776,
            0.12149645388126373,
            -0.873695433139801,
            0.307329922914505
          ],
          [
            0.6240602135658264,
            -0.7459099888801575,
            0.2327387034893036,
            -0.4564821720123291
          ],
          [
            -0.623424768447876,
            -0.6548771262168884,
            -0.4271901249885559,
            1.0849024057388306
          ],
          [
            0.0,
            0.0,
            0.0,
            1.0
          ]
        ]
      },
      "bone_length_armature_space": 0.029218781032348953,
      "parent": "index_02_l",
      "has_children": false,
      "is_end_bone": true
    },
    "metacarpal_pinky_l": {
      "name": "metacarpal_pinky_l",
      "local": {
        "location": {
          "x": 0.0,
          "y": 0.0,
          "z": 0.0
        },
        "rotation_quaternion": {
          "w": 0.9996051788330078,
          "x": -0.015166791155934334,
          "y": 0.015074425376951694,
          "z": -0.018230732530355453
        },
        "scale": {
          "x": 1.0,
          "y": 1.0,
          "z": 1.0
        },
        "matrix_basis": [
          [
            0.9988808035850525,
            0.03598980978131294,
            0.03068995103240013,
            0.0
          ],
          [
            -0.03690433129668236,
            0.9988752007484436,
            0.029771970584988594,
            0.0
          ],
          [
            -0.029583944007754326,
            -0.03087124228477478,
            0.9990854859352112,
            0.0
          ],
          [
            0.0,
            0.0,
            0.0,
            1.0
          ]
        ],
        "rotation_mode": "QUATERNION"
      },
      "armature_space": {
        "head": {
          "x": 0.32198816537857056,
          "y": -0.3710949718952179,
          "z": 0.20931605994701385
        },
        "tail": {
          "x": 0.3431498408317566,
          "y": -0.44895845651626587,
          "z": 0.1434924602508545
        }
      },
      "world_space": {
        "head": {
          "x": 0.32198816537857056,
          "y": -0.3078509569168091,
          "z": 1.1591700315475464
        },
        "tail": {
          "x": 0.3431498408317566,
          "y": -0.38571447134017944,
          "z": 1.0933464765548706
        },
        "rotation_quaternion": {
          "w": 0.13916604220867157,
          "x": -0.08550429344177246,
          "y": 0.326740562915802,
          "z": -0.9308933615684509
        },
        "matrix": [
          [
            -0.946643590927124,
            0.20322223007678986,
            0.25013354420661926,
            0.32198816537857056
          ],
          [
            -0.3149734139442444,
            -0.7477471828460693,
            -0.5845221877098083,
            -0.3078509569168091
          ],
          [
            0.06824890524148941,
            -0.6321244835853577,
            0.7718642950057983,
            1.1591700315475464
          ],
          [
            0.0,
            0.0,
            0.0,
            1.0
          ]
        ]
      },
      "bone_length_armature_space": 0.10413109614720883,
      "parent": "lowerarm_l",
      "has_children": true,
      "is_end_bone": false
    },
    "pinky_01_l": {
      "name": "pinky_01_l",
      "local": {
        "location": {
          "x": 0.0,
          "y": 0.0,
          "z": 0.0
        },
        "rotation_quaternion": {
          "w": 0.9949673414230347,
          "x": -0.09978322684764862,
          "y": 0.008591392077505589,
          "z": -0.00310651701875031
        },
        "scale": {
          "x": 1.0,
          "y": 1.0,
          "z": 1.0
        },
        "matrix_basis": [
          [
            0.9998330473899841,
            0.004467212129384279,
            0.017716266214847565,
            0.0
          ],
          [
            -0.007896319963037968,
            0.9800673127174377,
            0.19850872457027435,
            0.0
          ],
          [
            -0.016476351767778397,
            -0.19861547648906708,
            0.9799389839172363,
            0.0
          ],
          [
            0.0,
            0.0,
            0.0,
            1.0
          ]
        ],
        "rotation_mode": "QUATERNION"
      },
      "armature_space": {
        "head": {
          "x": 0.3431498408317566,
          "y": -0.44895845651626587,
