{
  "metadata": {
    "armature_name": "KIM_caucasian_male",
    "export_time": "2026-01-13T21:01:22.971576",
    "blender_version": "4.4.1",
    "bone_count": 56,
    "end_bone_count": 13,
    "spaces_included": [
      "LOCAL_CHANNELS",
      "ARMATURE_SPACE",
      "WORLD_SPACE"
    ],
    "note": "LOCAL matches Transform panel; replay pose via local.matrix_basis for best fidelity."
  },
  "bones": {
    "Root": {
      "name": "Root",
      "local": {
        "location": {
          "x": 0.0,
          "y": 0.0,
          "z": 0.0
        },
        "rotation_quaternion": {
          "w": 0.9995403289794922,
          "x": -0.014752723276615143,
          "y": 0.0038473911117762327,
          "z": -0.02620794251561165
        },
        "scale": {
          "x": 1.0,
          "y": 1.0,
          "z": 1.0
        },
        "matrix_basis": [
          [
            0.9985966682434082,
            0.052278272807598114,
            0.008464522659778595,
            0.0
          ],
          [
            -0.052505310624837875,
            0.9981909990310669,
            0.029290219768881798,
            0.0
          ],
          [
            -0.006917967926710844,
            -0.029693547636270523,
            0.999535083770752,
            0.0
          ],
          [
            0.0,
            0.0,
            0.0,
            1.0
          ]
        ],
        "rotation_mode": "QUATERNION"
      },
      "armature_space": {
        "head": {
          "x": 0.0,
          "y": 0.07072800397872925,
          "z": -0.009595036506652832
        },
        "tail": {
          "x": 0.0037314072251319885,
          "y": 0.000412866473197937,
          "z": 0.0020828228443861008
        }
      },
      "world_space": {
        "head": {
          "x": 0.0,
          "y": 0.13397200405597687,
          "z": 0.9402589797973633
        },
        "tail": {
          "x": 0.0037314072251319885,
          "y": 0.06365686655044556,
          "z": 0.9519368410110474
        },
        "rotation_quaternion": {
          "w": 0.08205590397119522,
          "x": 0.9962756633758545,
          "y": 0.026407599449157715,
          "z": 0.002073074458166957
        },
        "matrix": [
          [
            0.9985966682434082,
            0.052278272807598114,
            0.008464522659778595,
            0.0
          ],
          [
            0.052958711981773376,
            -0.9851388335227966,
            -0.16339156031608582,
            0.13397200405597687
          ],
          [
            -0.00020304927602410316,
            0.16361074149608612,
            -0.9865320324897766,
            0.9402589797973633
          ],
          [
            0.0,
            0.0,
            0.0,
            1.0
          ]
        ]
      },
      "bone_length_armature_space": 0.07137586839095879,
      "parent": null,
      "has_children": true,
      "is_end_bone": false
    },
    "spine_01": {
      "name": "spine_01",
      "local": {
        "location": {
          "x": 0.0,
          "y": 0.0,
          "z": 0.0
        },
        "rotation_quaternion": {
          "w": 0.9982190132141113,
          "x": 0.029879452660679817,
          "y": 0.04679717496037483,
          "z": 0.02182280644774437
        },
        "scale": {
          "x": 1.0,
          "y": 1.0,
          "z": 1.0
        },
        "matrix_basis": [
          [
            0.9946675896644592,
            -0.04077133163809776,
            0.09473176300525665,
            0.0
          ],
          [
            0.0463644303381443,
            0.9972619414329529,
            -0.057609982788562775,
            0.0
          ],
          [
            -0.09212355315685272,
            0.06169496849179268,
            0.9938344955444336,
            0.0
          ],
          [
            0.0,
            0.0,
            0.0,
            1.0
          ]
        ],
        "rotation_mode": "QUATERNION"
      },
      "armature_space": {
        "head": {
          "x": 0.0037314072251319885,
          "y": 0.000412866473197937,
          "z": 0.0020828228443861008
        },
        "tail": {
          "x": -0.016412172466516495,
          "y": 0.006415146868675947,
          "z": 0.48963460326194763
        }
      },
      "world_space": {
        "head": {
          "x": 0.0037314072251319885,
          "y": 0.06365686655044556,
          "z": 0.9519368410110474
        },
        "tail": {
          "x": -0.016412172466516495,
          "y": 0.06965914368629456,
          "z": 1.4394886493682861
        },
        "rotation_quaternion": {
          "w": 0.7104203104972839,
          "x": 0.6995834708213806,
          "y": 0.038113102316856384,
          "z": 0.06658337265253067
        },
        "matrix": [
          [
            0.9882280826568604,
            -0.041277721524238586,
            0.147314190864563,
            0.0037314072251319885
          ],
          [
            0.1479312777519226,
            0.01229972392320633,
            -0.9889212250709534,
            0.06365686655044556
          ],
          [
            0.03900890424847603,
            0.9990789890289307,
            0.0182604119181633,
            0.9519368410110474
          ],
          [
            0.0,
            0.0,
            0.0,
            1.0
          ]
        ]
      },
      "bone_length_armature_space": 0.4880046381949145,
      "parent": "Root",
      "has_children": true,
      "is_end_bone": false
    },
    "neck_01": {
      "name": "neck_01",
      "local": {
        "location": {
          "x": 0.0,
          "y": 0.0,
          "z": 0.0
        },
        "rotation_quaternion": {
          "w": 0.981769859790802,
          "x": -0.11172559857368469,
          "y": -0.08167377859354019,
          "z": 0.13028797507286072
        },
        "scale": {
          "x": 1.0,
          "y": 1.0,
          "z": 1.0
        },
        "matrix_basis": [
          [
            0.952708899974823,
            -0.23757551610469818,
            -0.18948271870613098,
            0.0
          ],
          [
            0.2740757167339325,
            0.9410848617553711,
            0.1980954259634018,
            0.0
          ],
          [
            0.13125669956207275,
            -0.24065987765789032,
            0.9616935849189758,
            0.0
          ],
          [
            0.0,
            0.0,
            0.0,
            1.0
          ]
        ],
        "rotation_mode": "QUATERNION"
      },
      "armature_space": {
        "head": {
          "x": -0.014325542375445366,
          "y": -0.026980511844158173,
          "z": 0.5634189248085022
        },
        "tail": {
          "x": -0.04039272665977478,
          "y": -0.04300234094262123,
          "z": 0.6612685918807983
        }
      },
      "world_space": {
        "head": {
          "x": -0.014325542375445366,
          "y": 0.03626348823308945,
          "z": 1.513273000717163
        },
        "tail": {
          "x": -0.04039272665977478,
          "y": 0.02024165913462639,
          "z": 1.6111226081848145
        },
        "rotation_quaternion": {
          "w": 0.6400010585784912,
          "x": 0.7573421001434326,
          "y": -0.11072243005037308,
          "z": 0.06761813908815384
        },
        "matrix": [
          [
            0.9663366675376892,
            -0.2542610764503479,
            -0.039306268095970154,
            -0.014325542375445366
          ],
          [
            -0.0811595693230629,
            -0.15627799928188324,
            -0.9843732714653015,
            0.03626348823308945
          ],
          [
            0.24414661526679993,
            0.9544321894645691,
            -0.17165501415729523,
            1.513273000717163
          ],
          [
            0.0,
            0.0,
            0.0,
            1.0
          ]
        ]
      },
      "bone_length_armature_space": 0.10252197199833213,
      "parent": "spine_01",
      "has_children": true,
      "is_end_bone": false
    },
    "head": {
      "name": "head",
      "local": {
        "location": {
          "x": 0.0,
          "y": 0.0,
          "z": 0.0
        },
        "rotation_quaternion": {
          "w": 0.9943382740020752,
          "x": -0.09430962055921555,
          "y": -0.0359458290040493,
          "z": 0.03324061632156372
        },
        "scale": {
          "x": 1.0,
          "y": 1.0,
          "z": 1.0
        },
        "matrix_basis": [
          [
            0.9952059388160706,
            -0.05932475998997688,
            -0.077754445374012,
            0.0
          ],
          [
            0.07288490980863571,
            0.9800015091896057,
            0.18516160547733307,
            0.0
          ],
          [
            0.06521480530500412,
            -0.18994104862213135,
            0.9796271920204163,
            0.0
          ],
          [
            0.0,
            0.0,
            0.0,
            1.0
          ]
        ],
        "rotation_mode": "QUATERNION"
      },
      "armature_space": {
        "head": {
          "x": -0.040392715483903885,
          "y": -0.04300248250365257,
          "z": 0.6612685322761536
        },
        "tail": {
          "x": -0.07937003672122955,
          "y": 0.018410574644804,
          "z": 0.7982446551322937
        }
      },
      "world_space": {
        "head": {
          "x": -0.040392715483903885,
          "y": 0.020241517573595047,
          "z": 1.6111226081848145
        },
        "tail": {
          "x": -0.07937003672122955,
          "y": 0.08165457844734192,
          "z": 1.748098611831665
        },
        "rotation_quaternion": {
          "w": 0.8169978857040405,
          "x": 0.5483344793319702,
          "y": -0.1746581643819809,
          "z": 0.036584027111530304
        },
        "matrix": [
          [
            0.936312735080719,
            -0.2513203024864197,
            -0.24526894092559814,
            -0.040392715483903885
          ],
          [
            -0.13176262378692627,
            0.3959828019142151,
            -0.9087555408477783,
            0.020241517573595047
          ],
          [
            0.32551300525665283,
            0.8832029700279236,
            0.3376504182815552,
            1.6111226081848145
          ],
          [
            0.0,
            0.0,
            0.0,
            1.0
          ]
        ]
      },
      "bone_length_armature_space": 0.155091112683586,
      "parent": "neck_01",
      "has_children": false,
      "is_end_bone": true
    },
    "upperarm_l": {
      "name": "upperarm_l",
      "local": {
        "location": {
          "x": 0.0,
          "y": 0.0,
          "z": 0.0
        },
        "rotation_quaternion": {
          "w": 0.8492715358734131,
          "x": 0.4631575644016266,
          "y": 0.12768498063087463,
          "z": -0.2189052551984787
        },
        "scale": {
          "x": 1.0,
          "y": 1.0,
          "z": 1.0
        },
        "matrix_basis": [
          [
            0.8715540766716003,
            0.4900965392589569,
            0.01410318911075592,
            0.0
          ],
          [
            -0.2535434663295746,
            0.4751311242580414,
            -0.8425949215888977,
            0.0
          ],
          [
            -0.41965368390083313,
            0.7307912707328796,
            0.5383632183074951,
            0.0
          ],
          [
            0.0,
            0.0,
            0.0,
            1.0
          ]
        ],
        "rotation_mode": "QUATERNION"
      },
      "armature_space": {
        "head": {
          "x": 0.13715265691280365,
          "y": -0.008771250024437904,
          "z": 0.5021826028823853
        },
        "tail": {
          "x": 0.3007042407989502,
          "y": -0.17641006410121918,
          "z": 0.3719673156738281
        }
      },
      "world_space": {
        "head": {
          "x": 0.13715265691280365,
          "y": 0.054472751915454865,
          "z": 1.4520366191864014
        },
        "tail": {
          "x": 0.3007042407989502,
          "y": -0.11316606402397156,
          "z": 1.3218213319778442
        },
        "rotation_quaternion": {
          "w": 0.08623228967189789,
          "x": 0.5792424082756042,
          "y": 0.4239906966686249,
          "z": -0.6908504366874695
        },
        "matrix": [
          [
            -0.31408536434173584,
            0.6103367209434509,
            -0.7272136211395264,
            0.13715265691280365
          ],
          [
            0.37203899025917053,
            -0.6255893111228943,
            -0.6857298612594604,
            0.054472751915454865
          ],
          [
            -0.8734686374664307,
            -0.485933393239975,
            -0.030581412836909294,
            1.4520366191864014
          ],
          [
            0.0,
            0.0,
            0.0,
            1.0
          ]
        ]
      },
      "bone_length_armature_space": 0.26796998268377753,
      "parent": "spine_01",
      "has_children": true,
      "is_end_bone": false
    },
    "lowerarm_l": {
      "name": "lowerarm_l",
      "local": {
        "location": {
          "x": 0.0,
          "y": 0.0,
          "z": 0.0
        },
        "rotation_quaternion": {
          "w": 0.9904508590698242,
          "x": 0.11507677286863327,
          "y": -0.07070007175207138,
          "z": -0.02767709270119667
        },
        "scale": {
          "x": 1.0,
          "y": 1.0,
          "z": 1.0
        },
        "matrix_basis": [
          [
            0.9884709715843201,
            0.03855372965335846,
            -0.14641986787319183,
            0.0
          ],
          [
            -0.0710974708199501,
            0.9719826579093933,
            -0.22404223680496216,
            0.0
          ],
          [
            0.13367991149425507,
            0.23186932504177094,
            0.9635176658630371,
            0.0
          ],
          [
            0.0,
            0.0,
            0.0,
            1.0
          ]
        ],
        "rotation_mode": "QUATERNION"
      },
      "armature_space": {
        "head": {
          "x": 0.30070430040359497,
          "y": -0.17641019821166992,
          "z": 0.3719673752784729
        },
        "tail": {
          "x": 0.3915743827819824,
          "y": -0.4027496576309204,
          "z": 0.2620462477207184
        }
      },
      "world_space": {
        "head": {
          "x": 0.30070430040359497,
          "y": -0.1131661981344223,
          "z": 1.3218214511871338
        },
        "tail": {
          "x": 0.3915743827819824,
          "y": -0.339505672454834,
          "z": 1.211900234222412
        },
        "rotation_quaternion": {
          "w": 0.04300955682992935,
          "x": 0.48995596170425415,
          "y": 0.2740894556045532,
          "z": -0.8264190554618835
        },
        "matrix": [
          [
            -0.5161874890327454,
            0.33967018127441406,
            -0.7862409353256226,
            0.30070430040359497
          ],
          [
            0.19749483466148376,
            -0.8460513353347778,
            -0.49516987800598145,
            -0.1131661981344223
          ],
          [
            -0.8334000706672668,
            -0.41088250279426575,
            0.369640052318573,
            1.3218214511871338
          ],
          [
            0.0,
            0.0,
            0.0,
            1.0
          ]
        ]
      },
      "bone_length_armature_space": 0.26752491059861466,
      "parent": "upperarm_l",
      "has_children": true,
      "is_end_bone": false
    },
    "metacarpal_thumb_l": {
      "name": "metacarpal_thumb_l",
      "local": {
        "location": {
          "x": 0.0,
          "y": 0.0,
          "z": 0.0
        },
        "rotation_quaternion": {
          "w": 0.9992935061454773,
          "x": 0.035158026963472366,
          "y": 0.002126073930412531,
          "z": 0.013111567124724388
        },
        "scale": {
          "x": 1.0,
          "y": 1.0,
          "z": 1.0
        },
        "matrix_basis": [
          [
            0.9996471405029297,
            -0.0260551106184721,
            0.005171097349375486,
            0.0
          ],
          [
            0.026354104280471802,
            0.9971839785575867,
            -0.07021062076091766,
            0.0
          ],
          [
            -0.003327190177515149,
            0.07032212615013123,
            0.99751877784729,
            0.0
          ],
          [
            0.0,
            0.0,
            0.0,
            1.0
          ]
        ],
        "rotation_mode": "QUATERNION"
      },
      "armature_space": {
        "head": {
          "x": 0.3915743827819824,
          "y": -0.4027496576309204,
          "z": 0.2620462477207184
        },
        "tail": {
          "x": 0.37443670630455017,
          "y": -0.44685718417167664,
          "z": 0.24740339815616608
        }
      },
      "world_space": {
        "head": {
          "x": 0.3915743827819824,
          "y": -0.339505672454834,
          "z": 1.211900234222412
        },
        "tail": {
          "x": 0.37443670630455017,
          "y": -0.3836131691932678,
          "z": 1.197257399559021
        },
        "rotation_quaternion": {
          "w": 0.19930557906627655,
          "x": -0.9252933859825134,
          "y": 0.1226763129234314,
          "z": 0.29842936992645264
        },
        "matrix": [
          [
            0.7917812466621399,
            -0.3459804356098175,
            -0.5033688545227051,
            0.3915743827819824
          ],
          [
            -0.10806639492511749,
            -0.8904557228088379,
            0.4420521855354309,
            -0.339505672454834
          ],
          [
            -0.6011733412742615,
            -0.2956141233444214,
            -0.7424397468566895,
            1.211900234222412
          ],
          [
            0.0,
            0.0,
            0.0,
            1.0
          ]
        ]
      },
      "bone_length_armature_space": 0.04953369519575271,
      "parent": "lowerarm_l",
      "has_children": true,
      "is_end_bone": false
    },
    "thumb_01_l": {
      "name": "thumb_01_l",
      "local": {
        "location": {
          "x": 0.0,
          "y": 0.0,
          "z": 0.0
        },
        "rotation_quaternion": {
          "w": 0.9877852201461792,
          "x": 0.153866708278656,
          "y": -0.018916428089141846,
          "z": -0.01573893614113331
        },
        "scale": {
          "x": 1.0,
          "y": 1.0,
          "z": 1.0
        },
        "matrix_basis": [
          [
            0.9987888932228088,
            0.02527216076850891,
            -0.042214132845401764,
            0.0
          ],
          [
            -0.03691459447145462,
            0.9521546363830566,
            -0.3033790588378906,
            0.0
          ],
          [
            0.032527338713407516,
            0.30456995964050293,
            0.9519343972206116,
            0.0
          ],
          [
            0.0,
            0.0,
            0.0,
            1.0
          ]
        ],
        "rotation_mode": "QUATERNION"
      },
      "armature_space": {
        "head": {
          "x": 0.37443670630455017,
          "y": -0.44685718417167664,
          "z": 0.24740339815616608
        },
        "tail": {
          "x": 0.35928773880004883,
          "y": -0.45716992020606995,
          "z": 0.218719020485878
        }
      },
      "world_space": {
        "head": {
          "x": 0.37443670630455017,
          "y": -0.3836131691932678,
          "z": 1.197257399559021
        },
        "tail": {
          "x": 0.35928773880004883,
          "y": -0.39392590522766113,
          "z": 1.168573021888733
        },
        "rotation_quaternion": {
          "w": 0.29925668239593506,
          "x": -0.6867168545722961,
          "y": 0.5088801383972168,
          "z": -0.42415380477905273
        },
        "matrix": [
          [
            0.12226718664169312,
            -0.4450528025627136,
            0.887118399143219,
            0.37443670630455017
          ],
          [
            -0.9527750015258789,
            -0.30297186970710754,
            -0.02067974954843521,
            -0.3836131691932678
          ],
          [
            0.2779766023159027,
            -0.8427019119262695,
            -0.46108198165893555,
            1.197257399559021
          ],
          [
            0.0,
            0.0,
            0.0,
            1.0
          ]
        ]
      },
      "bone_length_armature_space": 0.0340387610907679,
      "parent": "metacarpal_thumb_l",
      "has_children": true,
      "is_end_bone": false
    },
    "thumb_02_l": {
      "name": "thumb_02_l",
      "local": {
        "location": {
          "x": 0.0,
          "y": 0.0,
          "z": 0.0
        },
        "rotation_quaternion": {
          "w": 0.9389906525611877,
          "x": 0.3437591791152954,
          "y": 0.004000493325293064,
          "z": 0.010496796108782291
        },
        "scale": {
          "x": 1.0,
          "y": 1.0,
          "z": 1.0
        },
        "matrix_basis": [
          [
            0.999747633934021,
            -0.01696237362921238,
            0.014729592017829418,
            0.0
          ],
          [
            0.022463198751211166,
            0.763438880443573,
            -0.6454893350601196,
            0.0
          ],
          [
            -0.0002961116551887244,
            0.6456573009490967,
            0.7636272311210632,
            0.0
          ],
          [
            0.0,
            0.0,
            0.0,
            1.0
          ]
        ],
        "rotation_mode": "QUATERNION"
      },
      "armature_space": {
        "head": {
          "x": 0.35928770899772644,
          "y": -0.45716989040374756,
          "z": 0.21871903538703918
        },
        "tail": {
          "x": 0.3921721875667572,
          "y": -0.4802284240722656,
          "z": 0.2184106707572937
        }
      },
      "world_space": {
        "head": {
          "x": 0.35928770899772644,
          "y": -0.39392590522766113,
          "z": 1.168573021888733
        },
        "tail": {
          "x": 0.3921721875667572,
          "y": -0.4169844388961792,
          "z": 1.168264627456665
        },
        "rotation_quaternion": {
          "w": 0.43990036845207214,
          "x": -0.2759344279766083,
          "y": -0.13941004872322083,
          "z": -0.8431564569473267
        },
        "matrix": [
          [
            -0.46069544553756714,
            0.8187465667724609,
            0.34265732765197754,
            0.35928770899772644
          ],
          [
            -0.664873480796814,
            -0.574103832244873,
            0.4778576195240021,
            -0.39392590522766113
          ],
          [
            0.5879687666893005,
            -0.007677584886550903,
            0.8088558912277222,
            1.168573021888733
          ],
          [
            0.0,
            0.0,
            0.0,
            1.0
          ]
        ]
      },
      "bone_length_armature_space": 0.040164411558928075,
      "parent": "thumb_01_l",
      "has_children": true,
      "is_end_bone": false
    },
    "thumb_03_l": {
      "name": "thumb_03_l",
      "local": {
        "location": {
          "x": 0.0,
          "y": 0.0,
          "z": 0.0
        },
        "rotation_quaternion": {
          "w": 0.9838922023773193,
          "x": 0.17862015962600708,
          "y": 2.580997534096241e-05,
          "z": 0.007151175290346146
        },
        "scale": {
          "x": 1.0,
          "y": 1.0,
          "z": 1.0
        },
        "matrix_basis": [
          [
            0.9998977184295654,
            -0.014062751084566116,
            0.002605476649478078,
            0.0
          ],
          [
            0.014081191271543503,
            0.9360873699188232,
            -0.35148561000823975,
            0.0
          ],
          [
            0.002503899624571204,
            0.35148632526397705,
            0.9361896514892578,
            0.0
          ],
          [
            0.0,
            0.0,
            0.0,
            1.0
          ]
        ],
        "rotation_mode": "QUATERNION"
      },
      "armature_space": {
        "head": {
          "x": 0.39217209815979004,
          "y": -0.4802284836769104,
          "z": 0.2184106558561325
        },
        "tail": {
          "x": 0.41894257068634033,
          "y": -0.4855824410915375,
          "z": 0.23188544809818268
        }
      },
      "world_space": {
        "head": {
          "x": 0.39217209815979004,
          "y": -0.416984498500824,
          "z": 1.168264627456665
        },
        "tail": {
          "x": 0.41894257068634033,
          "y": -0.42233842611312866,
          "z": 1.1817394495010376
        },
        "rotation_quaternion": {
          "w": 0.5842012166976929,
          "x": 0.029882054775953293,
          "y": -0.2660450041294098,
          "z": -0.7661828398704529
        },
        "matrix": [
          [
            -0.31563088297843933,
            0.8793097734451294,
            -0.3566395342350006,
            0.39217209815979004
          ],
          [
            -0.911110520362854,
            -0.17585694789886475,
            0.3727625012397766,
            -0.416984498500824
          ],
          [
            0.26505720615386963,
            0.4425961971282959,
            0.8566606044769287,
            1.168264627456665
          ],
          [
            0.0,
            0.0,
            0.0,
            1.0
          ]
        ]
      },
      "bone_length_armature_space": 0.03044491871072018,
      "parent": "thumb_02_l",
      "has_children": false,
      "is_end_bone": true
    },
    "metacarpal_index_l": {
      "name": "metacarpal_index_l",
      "local": {
        "location": {
          "x": 0.0,
          "y": 0.0,
          "z": 0.0
        },
        "rotation_quaternion": {
          "w": 0.9981567859649658,
          "x": -0.05680833011865616,
          "y": 0.02135065756738186,
          "z": 4.5361113734543324e-05
        },
        "scale": {
          "x": 1.0,
          "y": 1.0,
          "z": 1.0
        },
        "matrix_basis": [
          [
            0.9990882873535156,
            -0.002516345353797078,
            0.04261745512485504,
            0.0
          ],
          [
            -0.0023352354764938354,
            0.993545651435852,
            0.11340917646884918,
            0.0
          ],
          [
            -0.042627763003110886,
            -0.11340530216693878,
            0.9926339387893677,
            0.0
          ],
          [
            0.0,
            0.0,
            0.0,
            1.0
          ]
        ],
        "rotation_mode": "QUATERNION"
      },
      "armature_space": {
        "head": {
          "x": 0.3915743827819824,
          "y": -0.4027496576309204,
          "z": 0.2620462477207184
        },
        "tail": {
          "x": 0.4103248715400696,
          "y": -0.5139282941818237,
          "z": 0.23015639185905457
        }
      },
      "world_space": {
        "head": {
          "x": 0.3915743827819824,
          "y": -0.339505672454834,
          "z": 1.211900234222412
        },
        "tail": {
          "x": 0.4103248715400696,
          "y": -0.4506843090057373,
          "z": 1.180010437965393
        },
        "rotation_quaternion": {
          "w": 0.07505189627408981,
          "x": -0.8411641716957092,
          "y": -0.1412130892276764,
          "z": 0.5165936350822449
        },
        "matrix": [
          [
            0.4263797402381897,
            0.16002564132213593,
            -0.8902764916419983,
            0.3915743827819824
          ],
          [
            0.315109521150589,
            -0.9488522410392761,
            -0.019639305770397186,
            -0.339505672454834
          ],
          [
            -0.8478890657424927,
            -0.27216339111328125,
            -0.45500004291534424,
            1.211900234222412
          ],
          [
            0.0,
            0.0,
            0.0,
            1.0
          ]
        ]
      },
      "bone_length_armature_space": 0.11717180964115594,
      "parent": "lowerarm_l",
      "has_children": true,
      "is_end_bone": false
    },
    "index_01_l": {
      "name": "index_01_l",
      "local": {
        "location": {
          "x": 0.0,
          "y": 0.0,
          "z": 0.0
        },
        "rotation_quaternion": {
          "w": 0.9693809151649475,
          "x": 0.2449759840965271,
          "y": 0.01672571338713169,
          "z": 0.002776502864435315
        },
        "scale": {
          "x": 1.0,
          "y": 1.0,
          "z": 1.0
        },
        "matrix_basis": [
          [
            0.9994250535964966,
            0.0028118183836340904,
            0.033787526190280914,
            0.0
          ],
          [
            0.013577774167060852,
            0.8799580931663513,
            -0.4748572111129761,
            0.0
          ],
          [
            -0.03106682188808918,
            0.4750429689884186,
            0.8794140219688416,
            0.0
          ],
          [
            0.0,
            0.0,
            0.0,
            1.0
          ]
        ],
        "rotation_mode": "QUATERNION"
      },
      "armature_space": {
        "head": {
          "x": 0.4103248715400696,
          "y": -0.5139282941818237,
          "z": 0.23015639185905457
        },
        "tail": {
          "x": 0.4093756675720215,
          "y": -0.5348020195960999,
          "z": 0.21075373888015747
        }
      },
      "world_space": {
        "head": {
          "x": 0.4103248715400696,
          "y": -0.4506843090057373,
          "z": 1.180010437965393
        },
        "tail": {
          "x": 0.4093756675720215,
          "y": -0.4715580344200134,
          "z": 1.1606078147888184
        },
        "rotation_quaternion": {
          "w": 0.31291988492012024,
          "x": -0.7710261344909668,
          "y": -0.1898968517780304,
          "z": 0.5210941433906555
        },
        "matrix": [
          [
            0.3848011791706085,
            -0.03328818082809448,
            -0.9223990440368652,
            0.4103248715400696
          ],
          [
            0.6189520955085754,
            -0.7320415377616882,
            0.2846292555332184,
            -0.4506843090057373
          ],
          [
            -0.6847133636474609,
            -0.6804516911506653,
            -0.26108816266059875,
            1.180010437965393
          ],
          [
            0.0,
            0.0,
            0.0,
            1.0
          ]
        ]
      },
      "bone_length_armature_space": 0.028514493713423857,
      "parent": "metacarpal_index_l",
      "has_children": true,
      "is_end_bone": false
    },
    "index_02_l": {
      "name": "index_02_l",
      "local": {
        "location": {
          "x": 0.0,
          "y": 0.0,
          "z": 0.0
        },
        "rotation_quaternion": {
          "w": 0.9223611354827881,
          "x": 0.3862186074256897,
          "y": -0.009192071855068207,
          "z": 0.0008136064279824495
        },
        "scale": {
          "x": 1.0,
          "y": 1.0,
          "z": 1.0
        },
        "matrix_basis": [
          [
            0.9998297095298767,
            -0.008601176552474499,
            -0.01632835902273655,
            0.0
          ],
          [
            -0.005599420517683029,
            0.7016690373420715,
            -0.7124810218811035,
            0.0
          ],
          [
            0.017585279420018196,
            0.7124511003494263,
            0.7015013694763184,
            0.0
          ],
          [
            0.0,
            0.0,
            0.0,
            1.0
          ]
        ],
        "rotation_mode": "QUATERNION"
      },
      "armature_space": {
        "head": {
          "x": 0.40937528014183044,
          "y": -0.5348023176193237,
          "z": 0.21075356006622314
        },
        "tail": {
          "x": 0.3922044336795807,
          "y": -0.5439752340316772,
          "z": 0.19404686987400055
        }
      },
      "world_space": {
        "head": {
          "x": 0.40937528014183044,
          "y": -0.4715583324432373,
          "z": 1.1606075763702393
        },
        "tail": {
          "x": 0.3922044336795807,
          "y": -0.4807312488555908,
          "z": 1.1439008712768555
        },
        "rotation_quaternion": {
          "w": 0.5667516589164734,
          "x": -0.576532781124115,
          "y": 0.0019165107514709234,
          "z": 0.5885565876960754
        },
        "matrix": [
          [
            0.3071972131729126,
            -0.6693431735038757,
            -0.6764684915542603,
            0.40937528014183044
          ],
          [
            0.6649203300476074,
            -0.35757410526275635,
            0.655760645866394,
            -0.4715583324432373
          ],
          [
            -0.680820643901825,
            -0.6512501835823059,
            0.3352169394493103,
            1.1606075763702393
          ],
          [
            0.0,
            0.0,
            0.0,
            1.0
          ]
        ]
      },
      "bone_length_armature_space": 0.02565334007600305,
      "parent": "index_01_l",
      "has_children": true,
      "is_end_bone": false
    },
    "index_03_l": {
      "name": "index_03_l",
      "local": {
        "location": {
          "x": 0.0,
          "y": 0.0,
          "z": 0.0
        },
        "rotation_quaternion": {
          "w": 0.9681066274642944,
          "x": 0.25040164589881897,
          "y": -0.005701733287423849,
          "z": 0.006008026655763388
        },
        "scale": {
          "x": 1.0,
          "y": 1.0,
          "z": 1.0
        },
        "matrix_basis": [
          [
            0.999862790107727,
            -0.014488267712295055,
            -0.008030932396650314,
            0.0
          ],
          [
            0.008777374401688576,
            0.8745258450508118,
            -0.48489949107170105,
            0.0
          ],
          [
            0.01404861081391573,
            0.4847624599933624,
            0.8745329976081848,
            0.0
          ],
          [
            0.0,
            0.0,
            0.0,
            1.0
          ]
        ],
        "rotation_mode": "QUATERNION"
      },
      "armature_space": {
        "head": {
          "x": 0.39220452308654785,
          "y": -0.5439754128456116,
          "z": 0.19404684007167816
        },
        "tail": {
          "x": 0.3659227788448334,
          "y": -0.5399581789970398,
          "z": 0.18192805349826813
        }
      },
      "world_space": {
        "head": {
          "x": 0.39220452308654785,
          "y": -0.48073142766952515,
          "z": 1.1439008712768555
        },
        "tail": {
          "x": 0.3659227788448334,
          "y": -0.47671419382095337,
          "z": 1.131782054901123
        },
        "rotation_quaternion": {
          "w": 0.7373131513595581,
          "x": -0.39416074752807617,
          "y": 0.15847691893577576,
          "z": 0.5252540707588196
        },
        "matrix": [
          [
            0.3979852497577667,
            -0.8994842171669006,
            -0.18037712574005127,
            0.39220452308654785
          ],
          [
            0.6496242880821228,
            0.13748905062675476,
            0.7477200031280518,
            -0.48073142766952515
          ],
          [
            -0.6477664113044739,
            -0.41476163268089294,
            0.6390503644943237,
            1.1439008712768555
          ],
          [
            0.0,
            0.0,
            0.0,
            1.0
          ]
        ]
      },
      "bone_length_armature_space": 0.029218713362045765,
      "parent": "index_02_l",
      "has_children": false,
      "is_end_bone": true
    },
    "metacarpal_pinky_l": {
      "name": "metacarpal_pinky_l",
      "local": {
        "location": {
          "x": 0.0,
          "y": 0.0,
          "z": 0.0
        },
        "rotation_quaternion": {
          "w": 0.9983512759208679,
          "x": -0.054930225014686584,
          "y": 0.016057664528489113,
          "z": 0.004426795057952404
        },
        "scale": {
          "x": 1.0,
          "y": 1.0,
          "z": 1.0
        },
        "matrix_basis": [
          [
            0.9994450807571411,
            -0.010603095404803753,
            0.03157604858279228,
            0.0
          ],
          [
            0.007074890658259392,
            0.9939261674880981,
            0.10982149094343185,
            0.0
          ],
          [
            -0.03254871070384979,
            -0.10953715443611145,
            0.9934496283531189,
            0.0
          ],
          [
            0.0,
            0.0,
            0.0,
            1.0
          ]
        ],
        "rotation_mode": "QUATERNION"
      },
      "armature_space": {
        "head": {
          "x": 0.3915743827819824,
          "y": -0.4027496576309204,
          "z": 0.2620462477207184
        },
        "tail": {
          "x": 0.44661033153533936,
          "y": -0.4653501510620117,
          "z": 0.19963228702545166
        }
      },
      "world_space": {
        "head": {
          "x": 0.3915743827819824,
          "y": -0.339505672454834,
          "z": 1.211900234222412
        },
        "tail": {
          "x": 0.44661033153533936,
          "y": -0.4021061658859253,
          "z": 1.1494863033294678
        },
        "rotation_quaternion": {
          "w": 0.328119695186615,
          "x": -0.09170234203338623,
          "y": 0.3029051721096039,
          "z": -0.8900430798530579
        },
        "matrix": [
          [
            -0.7678555846214294,
            0.5285274386405945,
            0.3620174527168274,
            0.3915743827819824
          ],
          [
            -0.6396366357803345,
            -0.6011718511581421,
            -0.4790175259113312,
            -0.339505672454834
          ],
          [
            -0.03553991764783859,
            -0.5993805527687073,
            0.7996835708618164,
            1.211900234222412
          ],
          [
            0.0,
            0.0,
            0.0,
            1.0
          ]
        ]
      },
      "bone_length_armature_space": 0.10413107127239896,
      "parent": "lowerarm_l",
      "has_children": true,
      "is_end_bone": false
    },
    "pinky_01_l": {
      "name": "pinky_01_l",
      "local": {
        "location": {
          "x": 0.0,
          "y": 0.0,
          "z": 0.0
        },
        "rotation_quaternion": {
          "w": 0.9504163265228271,
          "x": 0.30968090891838074,
          "y": 0.016659922897815704,
          "z": 0.0230008065700531
        },
        "scale": {
          "x": 1.0,
          "y": 1.0,
          "z": 1.0
        },
        "matrix_basis": [
          [
            0.998386800289154,
            -0.03340216353535652,
            0.04591354727745056,
            0.0
          ],
          [
            0.05403920263051987,
            0.8071373701095581,
            -0.5878852009773254,
            0.0
          ],
          [
            -0.017421904951334,
            0.5894179940223694,
            0.8076403737068176,
            0.0
          ],
          [
            0.0,
            0.0,
            0.0,
            1.0
          ]
        ],
        "rotation_mode": "QUATERNION"
      },
      "armature_space": {
        "head": {
          "x": 0.44661033153533936,
          "y": -0.4653501510620117,
          "z": 0.19963228702545166
        },
        "tail": {
          "x": 0.4426569640636444,
