{
  "metadata": {
    "armature_name": "KIM_caucasian_male",
    "export_time": "2026-01-13T21:16:30.669814",
    "blender_version": "4.4.1",
    "bone_count": 56,
    "end_bone_count": 13,
    "spaces_included": [
      "LOCAL_CHANNELS",
      "ARMATURE_SPACE",
      "WORLD_SPACE"
    ],
    "note": "LOCAL matches Transform panel; replay pose via local.matrix_basis for best fidelity."
  },
  "bones": {
    "Root": {
      "name": "Root",
      "local": {
        "location": {
          "x": 0.0,
          "y": 0.0,
          "z": 0.0
        },
        "rotation_quaternion": {
          "w": 0.9999281167984009,
          "x": -0.006563364062458277,
          "y": -0.01003256719559431,
          "z": 6.593547732336447e-05
        },
        "scale": {
          "x": 1.0,
          "y": 1.0,
          "z": 1.0
        },
        "matrix_basis": [
          [
            0.9997987151145935,
            -1.6669336844188365e-07,
            -0.02006455697119236,
            0.0
          ],
          [
            0.00026355625595897436,
            0.9999138116836548,
            0.01312446128576994,
            0.0
          ],
          [
            0.020062826573848724,
            -0.013127107173204422,
            0.9997125267982483,
            0.0
          ],
          [
            0.0,
            0.0,
            0.0,
            1.0
          ]
        ],
        "rotation_mode": "QUATERNION"
      },
      "armature_space": {
        "head": {
          "x": 0.0,
          "y": 0.07072800397872925,
          "z": -0.009595036506652832
        },
        "tail": {
          "x": -1.189788445543627e-08,
          "y": 0.00013205409049987793,
          "z": 0.000927632674574852
        }
      },
      "world_space": {
        "head": {
          "x": 0.0,
          "y": 0.13397200405597687,
          "z": 0.9402589797973633
        },
        "tail": {
          "x": -1.189788445543627e-08,
          "y": 0.0633760541677475,
          "z": 0.9507816433906555
        },
        "rotation_quaternion": {
          "w": 0.07391126453876495,
          "x": 0.9972143769264221,
          "y": -0.0007416586158797145,
          "z": -0.01000533439218998
        },
        "matrix": [
          [
            0.9997987151145935,
            -1.6669336844188365e-07,
            -0.02006455697119236,
            0.0
          ],
          [
            -0.0029582036659121513,
            -0.9890730977058411,
            -0.14739638566970825,
            0.13397200405597687
          ],
          [
            -0.01984543167054653,
            0.14742614328861237,
            -0.9888810515403748,
            0.9402589797973633
          ],
          [
            0.0,
            0.0,
            0.0,
            1.0
          ]
        ]
      },
      "bone_length_armature_space": 0.07137587071006338,
      "parent": null,
      "has_children": true,
      "is_end_bone": false
    },
    "spine_01": {
      "name": "spine_01",
      "local": {
        "location": {
          "x": 0.0,
          "y": 0.0,
          "z": 0.0
        },
        "rotation_quaternion": {
          "w": 0.9949584007263184,
          "x": 0.08561262488365173,
          "y": 0.012784996069967747,
          "z": -0.05064443126320839
        },
        "scale": {
          "x": 1.0,
          "y": 1.0,
          "z": 1.0
        },
        "matrix_basis": [
          [
            0.9945433735847473,
            0.10296732187271118,
            0.016769472509622574,
            0.0
          ],
          [
            -0.09858909249305725,
            0.9802112579345703,
            -0.17165698111057281,
            0.0
          ],
          [
            -0.034112684428691864,
            0.16906702518463135,
            0.985014021396637,
            0.0
          ],
          [
            0.0,
            0.0,
            0.0,
            1.0
          ]
        ],
        "rotation_mode": "QUATERNION"
      },
      "armature_space": {
        "head": {
          "x": -1.189788445543627e-08,
          "y": 0.00013205409049987793,
          "z": 0.000927632674574852
        },
        "tail": {
          "x": 0.059652965515851974,
          "y": -0.05376015231013298,
          "z": 0.482264906167984
        }
      },
      "world_space": {
        "head": {
          "x": -1.189788445543627e-08,
          "y": 0.0633760541677475,
          "z": 0.9507816433906555
        },
        "tail": {
          "x": 0.059652965515851974,
          "y": 0.00948384776711464,
          "z": 1.4321188926696777
        },
        "rotation_quaternion": {
          "w": 0.665078341960907,
          "x": 0.7442360520362854,
          "y": 0.049530867487192154,
          "z": -0.03647240623831749
        },
        "matrix": [
          [
            0.9924328923225403,
            0.12223939597606659,
            0.011596462689340115,
            -1.189788445543627e-08
          ],
          [
            0.025212056934833527,
            -0.11043456941843033,
            -0.9935635924339294,
            0.0633760541677475
          ],
          [
            -0.12017278373241425,
            0.9863443970680237,
            -0.1126825362443924,
            0.9507816433906555
          ],
          [
            0.0,
            0.0,
            0.0,
            1.0
          ]
        ]
      },
      "bone_length_armature_space": 0.48800453522915427,
      "parent": "Root",
      "has_children": true,
      "is_end_bone": false
    },
    "neck_01": {
      "name": "neck_01",
      "local": {
        "location": {
          "x": 0.0,
          "y": 0.0,
          "z": 0.0
        },
        "rotation_quaternion": {
          "w": 0.9838482141494751,
          "x": -0.13754206895828247,
          "y": 0.02859491854906082,
          "z": -0.11093783378601074
        },
        "scale": {
          "x": 1.0,
          "y": 1.0,
          "z": 1.0
        },
        "matrix_basis": [
          [
            0.9737502336502075,
            0.2104259729385376,
            0.08678335696458817,
            0.0
          ],
          [
            -0.2261579930782318,
            0.9375499486923218,
            0.2642965316772461,
            0.0
          ],
          [
            -0.025748880580067635,
            -0.2769855558872223,
            0.9605290293693542,
            0.0
          ],
          [
            0.0,
            0.0,
            0.0,
            1.0
          ]
        ],
        "rotation_mode": "QUATERNION"
      },
      "armature_space": {
        "head": {
          "x": 0.0690053179860115,
          "y": -0.09630322456359863,
          "z": 0.5505756735801697
        },
        "tail": {
          "x": 0.1027691587805748,
          "y": -0.11698324978351593,
          "z": 0.6451435685157776
        }
      },
      "world_space": {
        "head": {
          "x": 0.0690053179860115,
          "y": -0.03305922448635101,
          "z": 1.500429630279541
        },
        "tail": {
          "x": 0.1027691587805748,
          "y": -0.05373924970626831,
          "z": 1.5949976444244385
        },
        "rotation_quaternion": {
          "w": 0.612064003944397,
          "x": 0.7718388438224792,
          "y": 0.1565895676612854,
          "z": -0.07156983017921448
        },
        "matrix": [
          [
            0.9407147169113159,
            0.3293347656726837,
            0.08120667189359665,
            0.0690053179860115
          ],
          [
            0.15411493182182312,
            -0.20171436667442322,
            -0.9672436118125916,
            -0.03305922448635101
          ],
          [
            -0.3021683096885681,
            0.9224215745925903,
            -0.24051369726657867,
            1.500429630279541
          ],
          [
            0.0,
            0.0,
            0.0,
            1.0
          ]
        ]
      },
      "bone_length_armature_space": 0.10252193353272628,
      "parent": "spine_01",
      "has_children": true,
      "is_end_bone": false
    },
    "head": {
      "name": "head",
      "local": {
        "location": {
          "x": 0.0,
          "y": 0.0,
          "z": 0.0
        },
        "rotation_quaternion": {
          "w": 0.9918417930603027,
          "x": 0.036318983882665634,
          "y": -0.09915971755981445,
          "z": 0.07140205800533295
        },
        "scale": {
          "x": 1.0,
          "y": 1.0,
          "z": 1.0
        },
        "matrix_basis": [
          [
            0.9701381921768188,
            -0.14884185791015625,
            -0.1915149986743927,
            0.0
          ],
          [
            0.13443632423877716,
            0.9871653318405151,
            -0.08620578795671463,
            0.0
          ],
          [
            0.20188800990581512,
            0.057884957641363144,
            0.9776965379714966,
            0.0
          ],
          [
            0.0,
            0.0,
            0.0,
            1.0
          ]
        ],
        "rotation_mode": "QUATERNION"
      },
      "armature_space": {
        "head": {
          "x": 0.1027691513299942,
          "y": -0.11698338389396667,
          "z": 0.645143449306488
        },
        "tail": {
          "x": 0.1251852959394455,
          "y": -0.10450637340545654,
          "z": 0.7980982065200806
        }
      },
      "world_space": {
        "head": {
          "x": 0.1027691513299942,
          "y": -0.053739383816719055,
          "z": 1.5949974060058594
        },
        "tail": {
          "x": 0.1251852959394455,
          "y": -0.04126237332820892,
          "z": 1.7479522228240967
        },
        "rotation_quaternion": {
          "w": 0.7337422966957092,
          "x": 0.6755020022392273,
          "y": 0.04297730699181557,
          "z": -0.05892644822597504
        },
        "matrix": [
          [
            0.9893613457679749,
            0.14453618228435516,
            -0.016542240977287292,
            0.1027691513299942
          ],
          [
            -0.02841213345527649,
            0.08045004308223724,
            -0.996353805065155,
            -0.053739383816719055
          ],
          [
            -0.1426793485879898,
            0.986230731010437,
            0.08370031416416168,
            1.5949974060058594
          ],
          [
            0.0,
            0.0,
            0.0,
            1.0
          ]
        ]
      },
      "bone_length_armature_space": 0.1550913203721004,
      "parent": "neck_01",
      "has_children": false,
      "is_end_bone": true
    },
    "upperarm_l": {
      "name": "upperarm_l",
      "local": {
        "location": {
          "x": 0.0,
          "y": 0.0,
          "z": 0.0
        },
        "rotation_quaternion": {
          "w": 0.9246302247047424,
          "x": 0.2532232403755188,
          "y": 0.2769879996776581,
          "z": -0.06491917371749878
        },
        "scale": {
          "x": 1.0,
          "y": 1.0,
          "z": 1.0
        },
        "matrix_basis": [
          [
            0.8381263017654419,
            0.26033204793930054,
            0.4793448746204376,
            0.0
          ],
          [
            0.020227137953042984,
            0.8633269667625427,
            -0.5042393803596497,
            0.0
          ],
          [
            -0.5451010465621948,
            0.4323120713233948,
            0.7183112502098083,
            0.0
          ],
          [
            0.0,
            0.0,
            0.0,
            1.0
          ]
        ],
        "rotation_mode": "QUATERNION"
      },
      "armature_space": {
        "head": {
          "x": 0.20969179272651672,
          "y": -0.08826795220375061,
          "z": 0.46590039134025574
        },
        "tail": {
          "x": 0.43363314867019653,
          "y": -0.17811420559883118,
          "z": 0.3493424654006958
        }
      },
      "world_space": {
        "head": {
          "x": 0.20969179272651672,
          "y": -0.02502395212650299,
          "z": 1.4157544374465942
        },
        "tail": {
          "x": 0.43363314867019653,
          "y": -0.11487020552158356,
          "z": 1.299196481704712
        },
        "rotation_quaternion": {
          "w": 0.09359139204025269,
          "x": 0.6539393663406372,
          "y": 0.5688551068305969,
          "z": -0.4899059236049652
        },
        "matrix": [
          [
            -0.12721018493175507,
            0.8356973528862,
            -0.5342540144920349,
            0.20969179272651672
          ],
          [
            0.6522905826568604,
            -0.335285484790802,
            -0.6797799468040466,
            -0.02502395212650299
          ],
          [
            -0.7472226619720459,
            -0.4349672198295593,
            -0.5024698972702026,
            1.4157544374465942
          ],
          [
            0.0,
            0.0,
            0.0,
            1.0
          ]
        ]
      },
      "bone_length_armature_space": 0.26796983150063747,
      "parent": "spine_01",
      "has_children": true,
      "is_end_bone": false
    },
    "lowerarm_l": {
      "name": "lowerarm_l",
      "local": {
        "location": {
          "x": 0.0,
          "y": 0.0,
          "z": 0.0
        },
        "rotation_quaternion": {
          "w": 0.9601281881332397,
          "x": 0.2115711122751236,
          "y": 0.022468291223049164,
          "z": 0.18134719133377075
        },
        "scale": {
          "x": 1.0,
          "y": 1.0,
          "z": 1.0
        },
        "matrix_basis": [
          [
            0.9332167506217957,
            -0.3387258052825928,
            0.11988053470849991,
            0.0
          ],
          [
            0.3577403724193573,
            0.8447017073631287,
            -0.3981216549873352,
            0.0
          ],
          [
            0.03359077498316765,
            0.41441988945007324,
            0.9094656705856323,
            0.0
          ],
          [
            0.0,
            0.0,
            0.0,
            1.0
          ]
        ],
        "rotation_mode": "QUATERNION"
      },
      "armature_space": {
        "head": {
          "x": 0.4336332082748413,
          "y": -0.17811435461044312,
          "z": 0.3493424952030182
        },
        "tail": {
          "x": 0.5552845597267151,
          "y": -0.4086035490036011,
          "z": 0.2889677584171295
        }
      },
      "world_space": {
        "head": {
          "x": 0.4336332082748413,
          "y": -0.1148703545331955,
          "z": 1.299196481704712
        },
        "tail": {
          "x": 0.5552845597267151,
          "y": -0.34535956382751465,
          "z": 1.2388217449188232
        },
        "rotation_quaternion": {
          "w": 0.060464046895504,
          "x": 0.7424956560134888,
          "y": 0.25605112314224243,
          "z": -0.6160212755203247
        },
        "matrix": [
          [
            0.1099107414484024,
            0.45472973585128784,
            -0.8838213682174683,
            0.4336332082748413
          ],
          [
            0.3057394027709961,
            -0.861562967300415,
            -0.40525639057159424,
            -0.1148703545331955
          ],
          [
            -0.9457564353942871,
            -0.22567926347255707,
            -0.23372583091259003,
            1.299196481704712
          ],
          [
            0.0,
            0.0,
            0.0,
            1.0
          ]
        ]
      },
      "bone_length_armature_space": 0.2675246334034994,
      "parent": "upperarm_l",
      "has_children": true,
      "is_end_bone": false
    },
    "metacarpal_thumb_l": {
      "name": "metacarpal_thumb_l",
      "local": {
        "location": {
          "x": 0.0,
          "y": 0.0,
          "z": 0.0
        },
        "rotation_quaternion": {
          "w": 0.9989065527915955,
          "x": -0.04179621860384941,
          "y": -0.01165958121418953,
          "z": 0.017404746264219284
        },
        "scale": {
          "x": 1.0,
          "y": 1.0,
          "z": 1.0
        },
        "matrix_basis": [
          [
            0.9991222620010376,
            -0.033796776086091995,
            -0.02474856935441494,
            0.0
          ],
          [
            0.03574608266353607,
            0.9959002733230591,
            0.08309517055749893,
            0.0
          ],
          [
            0.021838758140802383,
            -0.08390689641237259,
            0.9962342381477356,
            0.0
          ],
          [
            0.0,
            0.0,
            0.0,
            1.0
          ]
        ],
        "rotation_mode": "QUATERNION"
      },
      "armature_space": {
        "head": {
          "x": 0.5552845597267151,
          "y": -0.4086035490036011,
          "z": 0.2889677584171295
        },
        "tail": {
          "x": 0.5463777184486389,
          "y": -0.45284441113471985,
          "z": 0.26854702830314636
        }
      },
      "world_space": {
        "head": {
          "x": 0.5552845597267151,
          "y": -0.34535956382751465,
          "z": 1.2388217449188232
        },
        "tail": {
          "x": 0.5463777184486389,
          "y": -0.38960039615631104,
          "z": 1.2184010744094849
        },
        "rotation_quaternion": {
          "w": 0.2122013419866562,
          "x": -0.9729137420654297,
          "y": 0.09163552522659302,
          "z": 0.0035496740601956844
        },
        "matrix": [
          [
            0.9831804633140564,
            -0.17981335520744324,
            0.03198358416557312,
            0.5552845597267151
          ],
          [
            -0.17680060863494873,
            -0.8931470513343811,
            0.4135572910308838,
            -0.34535956382751465
          ],
          [
            -0.045797497034072876,
            -0.4122597575187683,
            -0.9099223017692566,
            1.2388217449188232
          ],
          [
            0.0,
            0.0,
            0.0,
            1.0
          ]
        ]
      },
      "bone_length_armature_space": 0.04953374447700571,
      "parent": "lowerarm_l",
      "has_children": true,
      "is_end_bone": false
    },
    "thumb_01_l": {
      "name": "thumb_01_l",
      "local": {
        "location": {
          "x": 0.0,
          "y": 0.0,
          "z": 0.0
        },
        "rotation_quaternion": {
          "w": 0.9818023443222046,
          "x": 0.18966661393642426,
          "y": 0.0073889256455004215,
          "z": 0.006021025124937296
        },
        "scale": {
          "x": 1.0,
          "y": 1.0,
          "z": 1.0
        },
        "matrix_basis": [
          [
            0.9998183250427246,
            -0.009020048193633556,
            0.0167929045855999,
            0.0
          ],
          [
            0.014625778421759605,
            0.9279806613922119,
            -0.3723412752151489,
            0.0
          ],
          [
            -0.012224954552948475,
            0.37251922488212585,
            0.9279439449310303,
            0.0
          ],
          [
            0.0,
            0.0,
            0.0,
            1.0
          ]
        ],
        "rotation_mode": "QUATERNION"
      },
      "armature_space": {
        "head": {
          "x": 0.5463777184486389,
          "y": -0.45284441113471985,
          "z": 0.26854702830314636
        },
        "tail": {
          "x": 0.5518866181373596,
          "y": -0.4635312855243683,
          "z": 0.23670238256454468
        }
      },
      "world_space": {
        "head": {
          "x": 0.5463777184486389,
          "y": -0.38960039615631104,
          "z": 1.2184010744094849
        },
        "tail": {
          "x": 0.5518866181373596,
          "y": -0.4002872705459595,
          "z": 1.186556339263916
        },
        "rotation_quaternion": {
          "w": 0.4239295423030853,
          "x": -0.4827757477760315,
          "y": 0.404106080532074,
          "z": -0.6510834693908691
        },
        "matrix": [
          [
            -0.17442268133163452,
            0.1618434339761734,
            0.9712791442871094,
            0.5463777184486389
          ],
          [
            -0.9422121644020081,
            -0.31396394968032837,
            -0.11688745021820068,
            -0.38960039615631104
          ],
          [
            0.2860306203365326,
            -0.9355459809303284,
            0.20725473761558533,
            1.2184010744094849
          ],
          [
            0.0,
            0.0,
            0.0,
            1.0
          ]
        ]
      },
      "bone_length_armature_space": 0.03403878182500296,
      "parent": "metacarpal_thumb_l",
      "has_children": true,
      "is_end_bone": false
    },
    "thumb_02_l": {
      "name": "thumb_02_l",
      "local": {
        "location": {
          "x": 0.0,
          "y": 0.0,
          "z": 0.0
        },
        "rotation_quaternion": {
          "w": 0.9275165796279907,
          "x": 0.3735968768596649,
          "y": 0.011555208824574947,
          "z": -0.0022557866759598255
        },
        "scale": {
          "x": 1.0,
          "y": 1.0,
          "z": 1.0
        },
        "matrix_basis": [
          [
            0.9997227787971497,
            0.012818538583815098,
            0.01974978670477867,
            0.0
          ],
          [
            0.0044494206085801125,
            0.720840573310852,
            -0.6930867433547974,
            0.0
          ],
          [
            -0.023120805621147156,
            0.6929824352264404,
            0.7205836772918701,
            0.0
          ],
          [
            0.0,
            0.0,
            0.0,
            1.0
          ]
        ],
        "rotation_mode": "QUATERNION"
      },
      "armature_space": {
        "head": {
          "x": 0.5518865585327148,
          "y": -0.4635312557220459,
          "z": 0.23670238256454468
        },
        "tail": {
          "x": 0.573616087436676,
          "y": -0.48845091462135315,
          "z": 0.2595064342021942
        }
      },
      "world_space": {
        "head": {
          "x": 0.5518865585327148,
          "y": -0.4002872705459595,
          "z": 1.186556339263916
        },
        "tail": {
          "x": 0.573616087436676,
          "y": -0.42520689964294434,
          "z": 1.2093604803085327
        },
        "rotation_quaternion": {
          "w": 0.3105323910713196,
          "x": 0.029015008360147476,
          "y": -0.3055300712585449,
          "z": -0.8996551036834717
        },
        "matrix": [
          [
            -0.8054549098014832,
            0.5410143136978149,
            -0.24196210503578186,
            0.5518865585327148
          ],
          [
            -0.576474666595459,
            -0.6204415559768677,
            0.5317227840423584,
            -0.4002872705459595
          ],
          [
            0.13754691183567047,
            0.5677675008773804,
            0.811625063419342,
            1.186556339263916
          ],
          [
            0.0,
            0.0,
            0.0,
            1.0
          ]
        ]
      },
      "bone_length_armature_space": 0.0401644948085504,
      "parent": "thumb_01_l",
      "has_children": true,
      "is_end_bone": false
    },
    "thumb_03_l": {
      "name": "thumb_03_l",
      "local": {
        "location": {
          "x": 0.0,
          "y": 0.0,
          "z": 0.0
        },
        "rotation_quaternion": {
          "w": 0.9860516786575317,
          "x": 0.16642367839813232,
          "y": 0.0020299749448895454,
          "z": -0.0011100030969828367
        },
        "scale": {
          "x": 1.0,
          "y": 1.0,
          "z": 1.0
        },
        "matrix_basis": [
          [
            0.9999892711639404,
            0.002864712616428733,
            0.0036338588688522577,
            0.0
          ],
          [
            -0.0015133690321817994,
            0.9446038603782654,
            -0.32820919156074524,
            0.0
          ],
          [
            -0.004372782073915005,
            0.32820019125938416,
            0.9445980787277222,
            0.0
          ],
          [
            0.0,
            0.0,
            0.0,
            1.0
          ]
        ],
        "rotation_mode": "QUATERNION"
      },
      "armature_space": {
        "head": {
          "x": 0.5736160278320312,
          "y": -0.48845094442367554,
          "z": 0.25950637459754944
        },
        "tail": {
          "x": 0.5838614702224731,
          "y": -0.4948897957801819,
          "z": 0.2874433398246765
        }
      },
      "world_space": {
        "head": {
          "x": 0.5736160278320312,
          "y": -0.4252069592475891,
          "z": 1.2093603610992432
        },
        "tail": {
          "x": 0.5838614702224731,
          "y": -0.43164581060409546,
          "z": 1.2372972965240479
        },
        "rotation_quaternion": {
          "w": 0.40997037291526794,
          "x": 0.27412858605384827,
          "y": -0.4755815267562866,
          "z": -0.728422999382019
        },
        "matrix": [
          [
            -0.5135540962219238,
            0.3365233540534973,
            -0.7893123626708984,
            0.5736160278320312
          ],
          [
            -0.8580052852630615,
            -0.2114921659231186,
            0.4680788815021515,
            -0.4252069592475891
          ],
          [
            -0.009414531290531158,
            0.9176246523857117,
            0.3973548114299774,
            1.2093603610992432
          ],
          [
            0.0,
            0.0,
            0.0,
            1.0
          ]
        ]
      },
      "bone_length_armature_space": 0.030445064343431794,
      "parent": "thumb_02_l",
      "has_children": false,
      "is_end_bone": true
    },
    "metacarpal_index_l": {
      "name": "metacarpal_index_l",
      "local": {
        "location": {
          "x": 0.0,
          "y": 0.0,
          "z": 0.0
        },
        "rotation_quaternion": {
          "w": 0.9997642040252686,
          "x": -0.011093244887888432,
          "y": 0.018106495961546898,
          "z": 0.0045481109991669655
        },
        "scale": {
          "x": 1.0,
          "y": 1.0,
          "z": 1.0
        },
        "matrix_basis": [
          [
            0.9993029236793518,
            -0.009495796635746956,
            0.03610354661941528,
            0.0
          ],
          [
            0.008692357689142227,
            0.9997125267982483,
            0.022345958277583122,
            0.0
          ],
          [
            -0.03630536049604416,
            -0.022016556933522224,
            0.9990981817245483,
            0.0
          ],
          [
            0.0,
            0.0,
            0.0,
            1.0
          ]
        ],
        "rotation_mode": "QUATERNION"
      },
      "armature_space": {
        "head": {
          "x": 0.5552845597267151,
          "y": -0.4086035490036011,
          "z": 0.2889677584171295
        },
        "tail": {
          "x": 0.575313150882721,
          "y": -0.518147885799408,
          "z": 0.2525242269039154
        }
      },
      "world_space": {
        "head": {
          "x": 0.5552845597267151,
          "y": -0.34535956382751465,
          "z": 1.2388217449188232
        },
        "tail": {
          "x": 0.575313150882721,
          "y": -0.45490390062332153,
          "z": 1.202378273010254
        },
        "rotation_quaternion": {
          "w": 0.13454890251159668,
          "x": -0.9584575891494751,
          "y": -0.12018551677465439,
          "z": 0.22093228995800018
        },
        "matrix": [
          [
            0.8734885454177856,
            0.17093339562416077,
            -0.4558500647544861,
            0.5552845597267151
          ],
          [
            0.28983789682388306,
            -0.9349042773246765,
            0.20481225848197937,
            -0.34535956382751465
          ],
          [
            -0.3911694884300232,
            -0.3110267221927643,
            -0.8661772012710571,
            1.2388217449188232
          ],
          [
            0.0,
            0.0,
            0.0,
            1.0
          ]
        ]
      },
      "bone_length_armature_space": 0.1171718282701002,
      "parent": "lowerarm_l",
      "has_children": true,
      "is_end_bone": false
    },
    "index_01_l": {
      "name": "index_01_l",
      "local": {
        "location": {
          "x": 0.0,
          "y": 0.0,
          "z": 0.0
        },
        "rotation_quaternion": {
          "w": 0.9676010608673096,
          "x": 0.2520093619823456,
          "y": -0.012422332540154457,
          "z": -0.009230544790625572
        },
        "scale": {
          "x": 1.0,
          "y": 1.0,
          "z": 1.0
        },
        "matrix_basis": [
          [
            0.9995209574699402,
            0.011601882055401802,
            -0.02869209088385105,
            0.0
          ],
          [
            -0.024124057963490486,
            0.8728121519088745,
            -0.4874597191810608,
            0.0
          ],
          [
            0.01938735693693161,
            0.4879183769226074,
            0.8726739287376404,
            0.0
          ],
          [
            0.0,
            0.0,
            0.0,
            1.0
          ]
        ],
        "rotation_mode": "QUATERNION"
      },
      "armature_space": {
        "head": {
          "x": 0.575313150882721,
          "y": -0.518147885799408,
          "z": 0.2525242269039154
        },
        "tail": {
          "x": 0.5831952095031738,
          "y": -0.5362995266914368,
          "z": 0.23199453949928284
        }
      },
      "world_space": {
        "head": {
          "x": 0.575313150882721,
          "y": -0.45490390062332153,
          "z": 1.202378273010254
        },
        "tail": {
          "x": 0.5831952095031738,
          "y": -0.47305554151535034,
          "z": 1.1818485260009766
        },
        "rotation_quaternion": {
          "w": 0.34034907817840576,
          "x": -0.8694790005683899,
          "y": -0.2566584646701813,
          "z": 0.24959024786949158
        },
        "matrix": [
          [
            0.7436617612838745,
            0.2764233648777008,
            -0.6087340116500854,
            0.575313150882721
          ],
          [
            0.6162143349647522,
            -0.6365781426429749,
            0.46373283863067627,
            -0.45490390062332153
          ],
          [
            -0.2593216001987457,
            -0.7199766635894775,
            -0.6437391638755798,
            1.202378273010254
          ],
          [
            0.0,
            0.0,
            0.0,
            1.0
          ]
        ]
      },
      "bone_length_armature_space": 0.028514504701550373,
      "parent": "metacarpal_index_l",
      "has_children": true,
      "is_end_bone": false
    },
    "index_02_l": {
      "name": "index_02_l",
      "local": {
        "location": {
          "x": 0.0,
          "y": 0.0,
          "z": 0.0
        },
        "rotation_quaternion": {
          "w": 0.9210089445114136,
          "x": 0.389441579580307,
          "y": 0.0087813101708889,
          "z": 0.0008161192527040839
        },
        "scale": {
          "x": 1.0,
          "y": 1.0,
          "z": 1.0
        },
        "matrix_basis": [
          [
            0.9998444318771362,
            0.005336308386176825,
            0.01681099273264408,
            0.0
          ],
          [
            0.008342920802533627,
            0.6966691613197327,
            -0.7173440456390381,
            0.0
          ],
          [
            -0.015539668500423431,
            0.717372715473175,
            0.6965162754058838,
            0.0
          ],
          [
            0.0,
            0.0,
            0.0,
            1.0
          ]
        ],
        "rotation_mode": "QUATERNION"
      },
      "armature_space": {
        "head": {
          "x": 0.58319491147995,
          "y": -0.5362997651100159,
          "z": 0.2319941222667694
        },
        "tail": {
          "x": 0.5771406888961792,
          "y": -0.5401704907417297,
          "z": 0.2073676586151123
        }
      },
      "world_space": {
        "head": {
          "x": 0.58319491147995,
          "y": -0.47305577993392944,
          "z": 1.181848168373108
        },
        "tail": {
          "x": 0.5771406888961792,
          "y": -0.4769265055656433,
          "z": 1.1572216749191284
        },
        "rotation_quaternion": {
          "w": 0.6329789757728577,
          "x": -0.6726497411727905,
          "y": -0.15458132326602936,
          "z": 0.3506915867328644
        },
        "matrix": [
          [
            0.7062384486198425,
            -0.23600248992443085,
            -0.6674801707267761,
            0.58319491147995
          ],
          [
            0.6519203782081604,
            -0.1508852243423462,
            0.7431240677833557,
            -0.47305577993392944
          ],
          [
            -0.2760935425758362,
            -0.9599738121032715,
            0.047294676303863525,
            1.181848168373108
          ],
          [
            0.0,
            0.0,
            0.0,
            1.0
          ]
        ]
      },
      "bone_length_armature_space": 0.025653437146863016,
      "parent": "index_01_l",
      "has_children": true,
      "is_end_bone": false
    },
    "index_03_l": {
      "name": "index_03_l",
      "local": {
        "location": {
          "x": 0.0,
          "y": 0.0,
          "z": 0.0
        },
        "rotation_quaternion": {
          "w": 0.9653016924858093,
          "x": 0.26100900769233704,
          "y": 0.007365069352090359,
          "z": 0.003583292244002223
        },
        "scale": {
          "x": 1.0,
          "y": 1.0,
          "z": 1.0
        },
        "matrix_basis": [
          [
            0.9998658299446106,
            -0.00307321734726429,
            0.01608957163989544,
            0.0
          ],
          [
            0.010762615129351616,
            0.8637229204177856,
            -0.5038520693778992,
            0.0
          ],
          [
            -0.012348485179245472,
            0.5039576292037964,
            0.8636401295661926,
            0.0
          ],
          [
            0.0,
            0.0,
            0.0,
            1.0
          ]
        ],
        "rotation_mode": "QUATERNION"
      },
      "armature_space": {
        "head": {
          "x": 0.5771408081054688,
          "y": -0.5401706099510193,
          "z": 0.2073676735162735
        },
        "tail": {
          "x": 0.5625600218772888,
          "y": -0.529135525226593,
          "z": 0.1845780611038208
        }
      },
      "world_space": {
        "head": {
          "x": 0.5771408081054688,
          "y": -0.47692662477493286,
          "z": 1.1572216749191284
        },
        "tail": {
          "x": 0.5625600218772888,
          "y": -0.4658915400505066,
          "z": 1.134432077407837
        },
        "rotation_quaternion": {
          "w": 0.8282637596130371,
          "x": -0.4496966004371643,
          "y": -0.05306243151426315,
          "z": 0.33005550503730774
        },
        "matrix": [
          [
            0.7764943242073059,
            -0.4990222454071045,
            -0.3847505748271942,
            0.5771408081054688
          ],
          [
            0.5944713354110718,
            0.3776719272136688,
            0.7099067568778992,
            -0.47692662477493286
          ],
          [
            -0.20895084738731384,
            -0.7799673080444336,
            0.5899193286895752,
            1.1572216749191284
          ],
          [
            0.0,
            0.0,
            0.0,
            1.0
          ]
        ]
      },
      "bone_length_armature_space": 0.029218809731482647,
      "parent": "index_02_l",
      "has_children": false,
      "is_end_bone": true
    },
    "metacarpal_pinky_l": {
      "name": "metacarpal_pinky_l",
      "local": {
        "location": {
          "x": 0.0,
          "y": 0.0,
          "z": 0.0
        },
        "rotation_quaternion": {
          "w": 0.9998747110366821,
          "x": -0.011950332671403885,
          "y": -0.005768100265413523,
          "z": 0.008642198517918587
        },
        "scale": {
          "x": 1.0,
          "y": 1.0,
          "z": 1.0
        },
        "matrix_basis": [
          [
            0.9997841119766235,
            -0.017144370824098587,
            -0.01174130942672491,
            0.0
          ],
          [
            0.017420092597603798,
            0.9995650053024292,
            0.02379797212779522,
            0.0
          ],
          [
            0.011328200809657574,
            -0.023997368291020393,
            0.999647855758667,
            0.0
          ],
          [
            0.0,
            0.0,
            0.0,
            1.0
          ]
        ],
        "rotation_mode": "QUATERNION"
      },
      "armature_space": {
        "head": {
          "x": 0.5552845597267151,
          "y": -0.4086035490036011,
          "z": 0.2889677584171295
        },
        "tail": {
          "x": 0.6302648186683655,
          "y": -0.47891855239868164,
          "z": 0.27232494950294495
        }
      },
      "world_space": {
        "head": {
          "x": 0.5552845597267151,
          "y": -0.34535956382751465,
          "z": 1.2388217449188232
        },
        "tail": {
          "x": 0.6302648186683655,
          "y": -0.4156745672225952,
          "z": 1.2221789360046387
        },
        "rotation_quaternion": {
          "w": 0.3601113557815552,
          "x": 0.22367587685585022,
          "y": 0.1808069497346878,
          "z": -0.887467086315155
        },
        "matrix": [
          [
            -0.6405777335166931,
            0.7200586795806885,
            -0.26678746938705444,
            0.5552845597267151
          ],
          [
            -0.558290421962738,
            -0.6752566695213318,
            -0.48201698064804077,
            -0.34535956382751465
          ],
          [
            -0.527234673500061,
            -0.15982607007026672,
            0.8345617651939392,
            1.2388217449188232
          ],
          [
            0.0,
            0.0,
            0.0,
            1.0
          ]
        ]
      },
      "bone_length_armature_space": 0.10413079205923759,
      "parent": "lowerarm_l",
      "has_children": true,
      "is_end_bone": false
    },
    "pinky_01_l": {
      "name": "pinky_01_l",
      "local": {
        "location": {
          "x": 0.0,
          "y": 0.0,
          "z": 0.0
        },
        "rotation_quaternion": {
          "w": 0.9502283334732056,
          "x": 0.3113679587841034,
          "y": 0.001037285546772182,
          "z": -0.010726197622716427
        },
        "scale": {
          "x": 1.0,
          "y": 1.0,
          "z": 1.0
        },
        "matrix_basis": [
          [
            0.9997677206993103,
            0.02103062905371189,
            -0.0047082724049687386,
            0.0
          ],
          [
            -0.01973871886730194,
            0.8058698773384094,
            -0.5917635560035706,
            0.0
          ],
          [
            -0.008650904521346092,
            0.5917190313339233,
            0.8060978651046753,
            0.0
          ],
          [
            0.0,
            0.0,
            0.0,
            1.0
          ]
        ],
        "rotation_mode": "QUATERNION"
      },
      "armature_space": {
        "head": {
          "x": 0.6302648186683655,
          "y": -0.47891855239868164,
          "z": 0.27232494950294495
        },
        "tail": {
          "x": 0.6398062109947205,
