{
  "metadata": {
    "armature_name": "KIM_caucasian_male",
    "export_time": "2026-01-13T21:08:29.085947",
    "blender_version": "4.4.1",
    "bone_count": 56,
    "end_bone_count": 13,
    "spaces_included": [
      "LOCAL_CHANNELS",
      "ARMATURE_SPACE",
      "WORLD_SPACE"
    ],
    "note": "LOCAL matches Transform panel; replay pose via local.matrix_basis for best fidelity."
  },
  "bones": {
    "Root": {
      "name": "Root",
      "local": {
        "location": {
          "x": 0.0,
          "y": 0.0,
          "z": 0.0
        },
        "rotation_quaternion": {
          "w": 0.9997930526733398,
          "x": -0.010393351316452026,
          "y": 0.01518251746892929,
          "z": -0.008679893799126148
        },
        "scale": {
          "x": 1.0,
          "y": 1.0,
          "z": 1.0
        },
        "matrix_basis": [
          [
            0.9993882775306702,
            0.01704060100018978,
            0.030539177358150482,
            0.0
          ],
          [
            -0.017671789973974228,
            0.999633252620697,
            0.02051883563399315,
            0.0
          ],
          [
            -0.03017832525074482,
            -0.02104596607387066,
            0.9993229508399963,
            0.0
          ],
          [
            0.0,
            0.0,
            0.0,
            1.0
          ]
        ],
        "rotation_mode": "QUATERNION"
      },
      "armature_space": {
        "head": {
          "x": 0.0,
          "y": 0.07072800397872925,
          "z": -0.009595036506652832
        },
        "tail": {
          "x": 0.001216287724673748,
          "y": 0.00022787600755691528,
          "z": 0.0014850301668047905
        }
      },
      "world_space": {
        "head": {
          "x": 0.0,
          "y": 0.13397200405597687,
          "z": 0.9402589797973633
        },
        "tail": {
          "x": 0.001216287724673748,
          "y": 0.06347187608480453,
          "z": 0.951339066028595
        },
        "rotation_quaternion": {
          "w": 0.07772345840930939,
          "x": 0.9968216419219971,
          "y": 0.009682990610599518,
          "z": 0.014563282020390034
        },
        "matrix": [
          [
            0.9993882775306702,
            0.01704060100018978,
            0.030539177358150482,
            0.0
          ],
          [
            0.02156824991106987,
            -0.9877305626869202,
            -0.15467126667499542,
            0.13397200405597687
          ],
          [
            0.027528999373316765,
            0.15523546934127808,
            -0.9875009655952454,
            0.9402589797973633
          ],
          [
            0.0,
            0.0,
            0.0,
            1.0
          ]
        ]
      },
      "bone_length_armature_space": 0.07137587204083917,
      "parent": null,
      "has_children": true,
      "is_end_bone": false
    },
    "spine_01": {
      "name": "spine_01",
      "local": {
        "location": {
          "x": 0.0,
          "y": 0.0,
          "z": 0.0
        },
        "rotation_quaternion": {
          "w": 0.993550181388855,
          "x": 0.07839348912239075,
          "y": 0.045336198061704636,
          "z": 0.06824357807636261
        },
        "scale": {
          "x": 1.0,
          "y": 1.0,
          "z": 1.0
        },
        "matrix_basis": [
          [
            0.9865748882293701,
            -0.12849871814250946,
            0.10078728199005127,
            0.0
          ],
          [
            0.1427149623632431,
            0.9783945679664612,
            -0.14958792924880981,
            0.0
          ],
          [
            -0.07938787341117859,
            0.1619635373353958,
            0.9835981726646423,
            0.0
          ],
          [
            0.0,
            0.0,
            0.0,
            1.0
          ]
        ],
        "rotation_mode": "QUATERNION"
      },
      "armature_space": {
        "head": {
          "x": 0.001216287724673748,
          "y": 0.00022787600755691528,
          "z": 0.0014850301668047905
        },
        "tail": {
          "x": -0.07370781898498535,
          "y": -0.047889433801174164,
          "z": 0.48129698634147644
        }
      },
      "world_space": {
        "head": {
          "x": 0.001216287724673748,
          "y": 0.06347187608480453,
          "z": 0.951339066028595
        },
        "tail": {
          "x": -0.07370781898498535,
          "y": 0.015354566276073456,
          "z": 1.431151032447815
        },
        "rotation_quaternion": {
          "w": 0.6711785197257996,
          "x": 0.7346161603927612,
          "y": -0.01479513943195343,
          "z": 0.09818187355995178
        },
        "matrix": [
          [
            0.9802829623222351,
            -0.15353260934352875,
            0.12439052760601044,
            0.001216287724673748
          ],
          [
            0.11005658656358719,
            -0.09860079735517502,
            -0.9890224933624268,
            0.06347187608480453
          ],
          [
            0.16411347687244415,
            0.983218789100647,
            -0.07976090162992477,
            0.951339066028595
          ],
          [
            0.0,
            0.0,
            0.0,
            1.0
          ]
        ]
      },
      "bone_length_armature_space": 0.4880045337978316,
      "parent": "Root",
      "has_children": true,
      "is_end_bone": false
    },
    "neck_01": {
      "name": "neck_01",
      "local": {
        "location": {
          "x": 0.0,
          "y": 0.0,
          "z": 0.0
        },
        "rotation_quaternion": {
          "w": 0.9925798177719116,
          "x": 0.059839531779289246,
          "y": 0.022712640464305878,
          "z": 0.10338684171438217
        },
        "scale": {
          "x": 1.0,
          "y": 1.0,
          "z": 1.0
        },
        "matrix_basis": [
          [
            0.9775906205177307,
            -0.2025211602449417,
            0.0574614591896534,
            0.0
          ],
          [
            0.20795761048793793,
            0.97146075963974,
            -0.11409464478492737,
            0.0
          ],
          [
            -0.032714977860450745,
            0.12348739802837372,
            0.9918067455291748,
            0.0
          ],
          [
            0.0,
            0.0,
            0.0,
            1.0
          ]
        ],
        "rotation_mode": "QUATERNION"
      },
      "armature_space": {
        "head": {
          "x": -0.08063531666994095,
          "y": -0.08940856903791428,
          "z": 0.5505205988883972
        },
        "tail": {
          "x": -0.1082596480846405,
          "y": -0.1492774486541748,
          "z": 0.6290273666381836
        }
      },
      "world_space": {
        "head": {
          "x": -0.08063531666994095,
          "y": -0.026164568960666656,
          "z": 1.5003745555877686
        },
        "tail": {
          "x": -0.1082596480846405,
          "y": -0.08603344857692719,
          "z": 1.5788813829421997
        },
        "rotation_quaternion": {
          "w": 0.45124077796936035,
          "x": 0.8735126852989197,
          "y": -0.06632602959871292,
          "z": 0.17017097771167755
        },
        "matrix": [
          [
            0.933285653591156,
            -0.2694495618343353,
            0.23743395507335663,
            -0.08063531666994095
          ],
          [
            0.037702031433582306,
            -0.5839650630950928,
            -0.8109029531478882,
            -0.026164568960666656
          ],
          [
            0.35715311765670776,
            0.765760600566864,
            -0.5348519086837769,
            1.5003745555877686
          ],
          [
            0.0,
            0.0,
            0.0,
            1.0
          ]
        ]
      },
      "bone_length_armature_space": 0.1025217001838707,
      "parent": "spine_01",
      "has_children": true,
      "is_end_bone": false
    },
    "head": {
      "name": "head",
      "local": {
        "location": {
          "x": 0.0,
          "y": 0.0,
          "z": 0.0
        },
        "rotation_quaternion": {
          "w": 0.9823405146598816,
          "x": -0.08258024603128433,
          "y": -0.14400683343410492,
          "z": -0.0863126814365387
        },
        "scale": {
          "x": 1.0,
          "y": 1.0,
          "z": 1.0
        },
        "matrix_basis": [
          [
            0.9436243176460266,
            0.19336113333702087,
            -0.26867204904556274,
            0.0
          ],
          [
            -0.1457926481962204,
            0.9714612364768982,
            0.18710307776927948,
            0.0
          ],
          [
            0.29718294739723206,
            -0.13738460838794708,
            0.9448850750923157,
            0.0
          ],
          [
            0.0,
            0.0,
            0.0,
            1.0
          ]
        ],
        "rotation_mode": "QUATERNION"
      },
      "armature_space": {
        "head": {
          "x": -0.10825958847999573,
          "y": -0.14927753806114197,
          "z": 0.6290273070335388
        },
        "tail": {
          "x": -0.13372007012367249,
          "y": -0.16549940407276154,
          "z": 0.7811520099639893
        }
      },
      "world_space": {
        "head": {
          "x": -0.10825958847999573,
          "y": -0.08603353798389435,
          "z": 1.5788812637329102
        },
        "tail": {
          "x": -0.13372007012367249,
          "y": -0.10225540399551392,
          "z": 1.7310060262680054
        },
        "rotation_quaternion": {
          "w": 0.6566199660301208,
          "x": 0.7428836822509766,
          "y": -0.12865404784679413,
          "z": -0.020548082888126373
        },
        "matrix": [
          [
            0.9660516977310181,
            -0.16416563093662262,
            -0.19948428869247437,
            -0.10825958847999573
          ],
          [
            -0.21813549101352692,
            -0.10459631681442261,
            -0.9702972769737244,
            -0.08603353798389435
          ],
          [
            0.13842490315437317,
            0.9808786511421204,
            -0.13685756921768188,
            1.5788812637329102
          ],
          [
            0.0,
            0.0,
            0.0,
            1.0
          ]
        ]
      },
      "bone_length_armature_space": 0.15509129968301533,
      "parent": "neck_01",
      "has_children": false,
      "is_end_bone": true
    },
    "upperarm_l": {
      "name": "upperarm_l",
      "local": {
        "location": {
          "x": 0.0,
          "y": 0.0,
          "z": 0.0
        },
        "rotation_quaternion": {
          "w": 0.8813744783401489,
          "x": 0.43072280287742615,
          "y": 0.14875289797782898,
          "z": -0.12461811304092407
        },
        "scale": {
          "x": 1.0,
          "y": 1.0,
          "z": 1.0
        },
        "matrix_basis": [
          [
            0.9246857762336731,
            0.3478129804134369,
            0.15486228466033936,
            0.0
          ],
          [
            -0.09152791649103165,
            0.5978963971138,
            -0.7963308095932007,
            0.0
          ],
          [
            -0.3695657551288605,
            0.7221815586090088,
            0.584700882434845,
            0.0
          ],
          [
            0.0,
            0.0,
            0.0,
            1.0
          ]
        ],
        "rotation_mode": "QUATERNION"
      },
      "armature_space": {
        "head": {
          "x": 0.07712242007255554,
          "y": -0.06942746043205261,
          "z": 0.5088033676147461
        },
        "tail": {
          "x": 0.27782386541366577,
          "y": -0.22400811314582825,
          "z": 0.42144474387168884
        }
      },
      "world_space": {
        "head": {
          "x": 0.07712242007255554,
          "y": -0.006183460354804993,
          "z": 1.4586573839187622
        },
        "tail": {
          "x": 0.27782386541366577,
          "y": -0.16076411306858063,
          "z": 1.3712987899780273
        },
        "rotation_quaternion": {
          "w": 0.1277298927307129,
          "x": 0.6837279796600342,
          "y": 0.44187575578689575,
          "z": -0.566521942615509
        },
        "matrix": [
          [
            -0.0324040912091732,
            0.7489713430404663,
            -0.6618097424507141,
            0.07712242007255554
          ],
          [
            0.45952165126800537,
            -0.5768592953681946,
            -0.6753321886062622,
            -0.006183460354804993
          ],
          [
            -0.8875811100006104,
            -0.32600224018096924,
            -0.32547885179519653,
            1.4586573839187622
          ],
          [
            0.0,
            0.0,
            0.0,
            1.0
          ]
        ]
      },
      "bone_length_armature_space": 0.26796972897409166,
      "parent": "spine_01",
      "has_children": true,
      "is_end_bone": false
    },
    "lowerarm_l": {
      "name": "lowerarm_l",
      "local": {
        "location": {
          "x": 0.0,
          "y": 0.0,
          "z": 0.0
        },
        "rotation_quaternion": {
          "w": 0.9018388986587524,
          "x": 0.4194760322570801,
          "y": 0.03848780319094658,
          "z": -0.09615182131528854
        },
        "scale": {
          "x": 1.0,
          "y": 1.0,
          "z": 1.0
        },
        "matrix_basis": [
          [
            0.9785470366477966,
            0.2057163268327713,
            -0.011247172951698303,
            0.0
          ],
          [
            -0.1411374807357788,
            0.6295893788337708,
            -0.7640009522438049,
            0.0
          ],
          [
            -0.15008635818958282,
            0.7491982579231262,
            0.6451171040534973,
            0.0
          ],
          [
            0.0,
            0.0,
            0.0,
            1.0
          ]
        ],
        "rotation_mode": "QUATERNION"
      },
      "armature_space": {
        "head": {
          "x": 0.27782386541366577,
          "y": -0.22400826215744019,
          "z": 0.4214448034763336
        },
        "tail": {
          "x": 0.23739264905452728,
          "y": -0.45219552516937256,
          "z": 0.2877826392650604
        }
      },
      "world_space": {
        "head": {
          "x": 0.27782386541366577,
          "y": -0.16076426208019257,
          "z": 1.3712987899780273
        },
        "tail": {
          "x": 0.23739264905452728,
          "y": -0.38895153999328613,
          "z": 1.237636685371399
        },
        "rotation_quaternion": {
          "w": 0.2316080778837204,
          "x": -0.642055869102478,
          "y": -0.14099106192588806,
          "z": 0.7171077728271484
        },
        "matrix": [
          [
            -0.06824453920125961,
            -0.15113088488578796,
            -0.9861552715301514,
            0.27782386541366577
          ],
          [
            0.5132240056991577,
            -0.8529583811759949,
            0.0952015221118927,
            -0.16076426208019257
          ],
          [
            -0.8555427193641663,
            -0.49962592124938965,
            0.13577470183372498,
            1.3712987899780273
          ],
          [
            0.0,
            0.0,
            0.0,
            1.0
          ]
        ]
      },
      "bone_length_armature_space": 0.2675251068543232,
      "parent": "upperarm_l",
      "has_children": true,
      "is_end_bone": false
    },
    "metacarpal_thumb_l": {
      "name": "metacarpal_thumb_l",
      "local": {
        "location": {
          "x": 0.0,
          "y": 0.0,
          "z": 0.0
        },
        "rotation_quaternion": {
          "w": 0.9997208714485168,
          "x": -0.020748741924762726,
          "y": 0.010383723303675652,
          "z": -0.0044686924666166306
        },
        "scale": {
          "x": 1.0,
          "y": 1.0,
          "z": 1.0
        },
        "matrix_basis": [
          [
            0.9997444152832031,
            0.008503992110490799,
            0.020947089418768883,
            0.0
          ],
          [
            -0.009365788660943508,
            0.9990990161895752,
            0.04139309749007225,
            0.0
          ],
          [
            -0.02057621069252491,
            -0.04157870262861252,
            0.9989233613014221,
            0.0
          ],
          [
            0.0,
            0.0,
            0.0,
            1.0
          ]
        ],
        "rotation_mode": "QUATERNION"
      },
      "armature_space": {
        "head": {
          "x": 0.23739264905452728,
          "y": -0.45219552516937256,
          "z": 0.2877826392650604
        },
        "tail": {
          "x": 0.20245611667633057,
          "y": -0.4796407222747803,
          "z": 0.26587849855422974
        }
      },
      "world_space": {
        "head": {
          "x": 0.23739264905452728,
          "y": -0.38895153999328613,
          "z": 1.237636685371399
        },
        "tail": {
          "x": 0.20245611667633057,
          "y": -0.41639673709869385,
          "z": 1.2157325744628906
        },
        "rotation_quaternion": {
          "w": 0.305907279253006,
          "x": -0.8722785711288452,
          "y": 0.3597009778022766,
          "z": 0.12714609503746033
        },
        "matrix": [
          [
            0.7088977694511414,
            -0.7053089737892151,
            -0.0017416160553693771,
            0.23739264905452728
          ],
          [
            -0.5497305393218994,
            -0.5540714263916016,
            0.6251410245895386,
            -0.38895153999328613
          ],
          [
            -0.44188621640205383,
            -0.44220730662345886,
            -0.7805148363113403,
            1.237636685371399
          ],
          [
            0.0,
            0.0,
            0.0,
            1.0
          ]
        ]
      },
      "bone_length_armature_space": 0.04953374161267193,
      "parent": "lowerarm_l",
      "has_children": true,
      "is_end_bone": false
    },
    "thumb_01_l": {
      "name": "thumb_01_l",
      "local": {
        "location": {
          "x": 0.0,
          "y": 0.0,
          "z": 0.0
        },
        "rotation_quaternion": {
          "w": 0.9821080565452576,
          "x": 0.18826906383037567,
          "y": -0.0024097608402371407,
          "z": -0.0035799224860966206
        },
        "scale": {
          "x": 1.0,
          "y": 1.0,
          "z": 1.0
        },
        "matrix_basis": [
          [
            0.9999627470970154,
            0.006124374456703663,
            -0.0060812681913375854,
            0.0
          ],
          [
            -0.007939108647406101,
            0.9290838837623596,
            -0.369783878326416,
            0.0
          ],
          [
            0.0033853137865662575,
            0.36981838941574097,
            0.9290978908538818,
            0.0
          ],
          [
            0.0,
            0.0,
            0.0,
            1.0
          ]
        ],
        "rotation_mode": "QUATERNION"
      },
      "armature_space": {
        "head": {
          "x": 0.20245611667633057,
          "y": -0.4796407222747803,
          "z": 0.26587849855422974
        },
        "tail": {
          "x": 0.19298073649406433,
          "y": -0.48138198256492615,
          "z": 0.23323151469230652
        }
      },
      "world_space": {
        "head": {
          "x": 0.20245611667633057,
          "y": -0.41639673709869385,
          "z": 1.2157325744628906
        },
        "tail": {
          "x": 0.19298073649406433,
          "y": -0.41813796758651733,
          "z": 1.183085560798645
        },
        "rotation_quaternion": {
          "w": 0.2359602302312851,
          "x": -0.42836007475852966,
          "y": 0.6471056938171387,
          "z": -0.5848801732063293
        },
        "matrix": [
          [
            -0.5216590166091919,
            -0.278371661901474,
            0.8064619898796082,
            0.20245611667633057
          ],
          [
            -0.8304063081741333,
            -0.0511554479598999,
            -0.5548050403594971,
            -0.41639673709869385
          ],
          [
            0.19569744169712067,
            -0.9591171741485596,
            -0.20447781682014465,
            1.2157325744628906
          ],
          [
            0.0,
            0.0,
            0.0,
            1.0
          ]
        ]
      },
      "bone_length_armature_space": 0.034038807174992906,
      "parent": "metacarpal_thumb_l",
      "has_children": true,
      "is_end_bone": false
    },
    "thumb_02_l": {
      "name": "thumb_02_l",
      "local": {
        "location": {
          "x": 0.0,
          "y": 0.0,
          "z": 0.0
        },
        "rotation_quaternion": {
          "w": 0.9329887628555298,
          "x": 0.35990026593208313,
          "y": -0.00020883262914139777,
          "z": 0.0019745556637644768
        },
        "scale": {
          "x": 1.0,
          "y": 1.0,
          "z": 1.0
        },
        "matrix_basis": [
          [
            0.9999921321868896,
            -0.0038347942754626274,
            0.0010316092520952225,
            0.0
          ],
          [
            0.003534158691763878,
            0.7409358024597168,
            -0.6715666055679321,
            0.0
          ],
          [
            0.0018109632655978203,
            0.6715649962425232,
            0.7409434914588928,
            0.0
          ],
          [
            0.0,
            0.0,
            0.0,
            1.0
          ]
        ],
        "rotation_mode": "QUATERNION"
      },
      "armature_space": {
        "head": {
          "x": 0.19298072159290314,
          "y": -0.48138192296028137,
          "z": 0.23323151469230652
        },
        "tail": {
          "x": 0.205512136220932,
          "y": -0.5187932848930359,
          "z": 0.24075040221214294
        }
      },
      "world_space": {
        "head": {
          "x": 0.19298072159290314,
          "y": -0.41813790798187256,
          "z": 1.183085560798645
        },
        "tail": {
          "x": 0.205512136220932,
          "y": -0.45554929971694946,
          "z": 1.1906044483184814
        },
        "rotation_quaternion": {
          "w": 0.1389295905828476,
          "x": -0.17750832438468933,
          "y": -0.12235476076602936,
          "z": -0.9665499925613403
        },
        "matrix": [
          [
            -0.8983787298202515,
            0.31200289726257324,
            0.30914366245269775,
            0.19298072159290314
          ],
          [
            -0.22512683272361755,
            -0.9314557313919067,
            0.28584691882133484,
            -0.41813790798187256
          ],
          [
            0.3771410584449768,
            0.18720275163650513,
            0.907046914100647,
            1.183085560798645
          ],
          [
            0.0,
            0.0,
            0.0,
            1.0
          ]
        ]
      },
      "bone_length_armature_space": 0.04016441188523587,
      "parent": "thumb_01_l",
      "has_children": true,
      "is_end_bone": false
    },
    "thumb_03_l": {
      "name": "thumb_03_l",
      "local": {
        "location": {
          "x": 0.0,
          "y": 0.0,
          "z": 0.0
        },
        "rotation_quaternion": {
          "w": 0.9821775555610657,
          "x": 0.18772254884243011,
          "y": -0.008883723989129066,
          "z": -0.0029258907306939363
        },
        "scale": {
          "x": 1.0,
          "y": 1.0,
          "z": 1.0
        },
        "matrix_basis": [
          [
            0.9998250603675842,
            0.002412137808278203,
            -0.018549300730228424,
            0.0
          ],
          [
            -0.009082838892936707,
            0.9295033812522888,
            -0.3687017560005188,
            0.0
          ],
          [
            0.016352277249097824,
            0.36880573630332947,
            0.9293626546859741,
            0.0
          ],
          [
            0.0,
            0.0,
            0.0,
            1.0
          ]
        ],
        "rotation_mode": "QUATERNION"
      },
      "armature_space": {
        "head": {
          "x": 0.20551204681396484,
          "y": -0.5187932848930359,
          "z": 0.24075035750865936
        },
        "tail": {
          "x": 0.21886123716831207,
          "y": -0.5367065072059631,
          "z": 0.2614339590072632
        }
      },
      "world_space": {
        "head": {
          "x": 0.20551204681396484,
          "y": -0.45554929971694946,
          "z": 1.190604329109192
        },
        "tail": {
          "x": 0.21886123716831207,
          "y": -0.4734625220298767,
          "z": 1.2112879753112793
        },
        "rotation_quaternion": {
          "w": 0.2694566249847412,
          "x": 0.05596034601330757,
          "y": -0.36496788263320923,
          "z": -0.8894156217575073
        },
        "matrix": [
          [
            -0.8485226035118103,
            0.43847060203552246,
            -0.29623106122016907,
            0.20551204681396484
          ],
          [
            -0.520166277885437,
            -0.5883826017379761,
            0.61905837059021,
            -0.45554929971694946
          ],
          [
            0.0971418023109436,
            0.6793787479400635,
            0.7273392677307129,
            1.190604329109192
          ],
          [
            0.0,
            0.0,
            0.0,
            1.0
          ]
        ]
      },
      "bone_length_armature_space": 0.03044496313250523,
      "parent": "thumb_02_l",
      "has_children": false,
      "is_end_bone": true
    },
    "metacarpal_index_l": {
      "name": "metacarpal_index_l",
      "local": {
        "location": {
          "x": 0.0,
          "y": 0.0,
          "z": 0.0
        },
        "rotation_quaternion": {
          "w": 0.9974358081817627,
          "x": -0.06871838867664337,
          "y": 0.01907426305115223,
          "z": -0.005991172045469284
        },
        "scale": {
          "x": 1.0,
          "y": 1.0,
          "z": 1.0
        },
        "matrix_basis": [
          [
            0.9992005825042725,
            0.009330113418400288,
            0.03887411206960678,
            0.0
          ],
          [
            -0.01457312423735857,
            0.9904837608337402,
            0.136855810880661,
            0.0
          ],
          [
            -0.03722729906439781,
            -0.13731291890144348,
            0.9898279309272766,
            0.0
          ],
          [
            0.0,
            0.0,
            0.0,
            1.0
          ]
        ],
        "rotation_mode": "QUATERNION"
      },
      "armature_space": {
        "head": {
          "x": 0.23739264905452728,
          "y": -0.45219552516937256,
          "z": 0.2877826392650604
        },
        "tail": {
          "x": 0.19514712691307068,
          "y": -0.5504232048988342,
          "z": 0.23986709117889404
        }
      },
      "world_space": {
        "head": {
          "x": 0.23739264905452728,
          "y": -0.38895153999328613,
          "z": 1.237636685371399
        },
        "tail": {
          "x": 0.19514712691307068,
          "y": -0.4871792197227478,
          "z": 1.1897211074829102
        },
        "rotation_quaternion": {
          "w": 0.26816049218177795,
          "x": -0.8889780044555664,
          "y": 0.09449395537376404,
          "z": 0.3589971661567688
        },
        "matrix": [
          [
            0.7243844270706177,
            -0.36054354906082153,
            -0.5876016616821289,
            0.23739264905452728
          ],
          [
            0.024530787020921707,
            -0.8383222818374634,
            0.5446229577064514,
            -0.38895153999328613
          ],
          [
            -0.6889645457267761,
            -0.4089342951774597,
            -0.598426878452301,
            1.237636685371399
          ],
          [
            0.0,
            0.0,
            0.0,
            1.0
          ]
        ]
      },
      "bone_length_armature_space": 0.11717192824538379,
      "parent": "lowerarm_l",
      "has_children": true,
      "is_end_bone": false
    },
    "index_01_l": {
      "name": "index_01_l",
      "local": {
        "location": {
          "x": 0.0,
          "y": 0.0,
          "z": 0.0
        },
        "rotation_quaternion": {
          "w": 0.972487211227417,
          "x": 0.2327752560377121,
          "y": 0.005190610885620117,
          "z": -0.007583531551063061
        },
        "scale": {
          "x": 1.0,
          "y": 1.0,
          "z": 1.0
        },
        "matrix_basis": [
          [
            0.9998310804367065,
            0.017166266217827797,
            0.006565088406205177,
            0.0
          ],
          [
            -0.012333283200860023,
            0.8915163278579712,
            -0.45282065868377686,
            0.0
          ],
          [
            -0.01362612284719944,
            0.4526631832122803,
            0.8915774822235107,
            0.0
          ],
          [
            0.0,
            0.0,
            0.0,
            1.0
          ]
        ],
        "rotation_mode": "QUATERNION"
      },
      "armature_space": {
        "head": {
          "x": 0.19514712691307068,
          "y": -0.5504232048988342,
          "z": 0.23986709117889404
        },
        "tail": {
          "x": 0.18779413402080536,
          "y": -0.5660346746444702,
          "z": 0.21716701984405518
        }
      },
      "world_space": {
        "head": {
          "x": 0.19514712691307068,
          "y": -0.4871792197227478,
          "z": 1.1897211074829102
        },
        "tail": {
          "x": 0.18779413402080536,
          "y": -0.5027906894683838,
          "z": 1.1670210361480713
        },
        "rotation_quaternion": {
          "w": 0.475361704826355,
          "x": -0.8266791701316833,
          "y": -0.01687358133494854,
          "z": 0.30057981610298157
        },
        "matrix": [
          [
            0.8187350034713745,
            -0.2578696608543396,
            -0.5130072832107544,
            0.19514712691307068
          ],
          [
            0.3136650621891022,
            -0.5474942326545715,
            0.7757992744445801,
            -0.4871792197227478
          ],
          [
            -0.4809265732765198,
            -0.7960924506187439,
            -0.3673698306083679,
            1.1897211074829102
          ],
          [
            0.0,
            0.0,
            0.0,
            1.0
          ]
        ]
      },
      "bone_length_armature_space": 0.028514517587475634,
      "parent": "metacarpal_index_l",
      "has_children": true,
      "is_end_bone": false
    },
    "index_02_l": {
      "name": "index_02_l",
      "local": {
        "location": {
          "x": 0.0,
          "y": 0.0,
          "z": 0.0
        },
        "rotation_quaternion": {
          "w": 0.9243676662445068,
          "x": 0.3815004527568817,
          "y": 0.0012259060749784112,
          "z": 0.0007022709469310939
        },
        "scale": {
          "x": 1.0,
          "y": 1.0,
          "z": 1.0
        },
        "matrix_basis": [
          [
            0.9999960064888,
            -0.0003629456623457372,
            0.0028022092301398516,
            0.0
          ],
          [
            0.002233680570498109,
            0.7089138031005859,
            -0.7052916288375854,
            0.0
          ],
          [
            -0.0017305425135418773,
            0.7052950859069824,
            0.7089117765426636,
            0.0
          ],
          [
            0.0,
            0.0,
            0.0,
            1.0
          ]
        ],
        "rotation_mode": "QUATERNION"
      },
      "armature_space": {
        "head": {
          "x": 0.18779367208480835,
          "y": -0.5660346746444702,
          "z": 0.2171667069196701
        },
        "tail": {
          "x": 0.17349982261657715,
          "y": -0.5630266070365906,
          "z": 0.19607800245285034
        }
      },
      "world_space": {
        "head": {
          "x": 0.18779367208480835,
          "y": -0.5027906894683838,
          "z": 1.1670206785202026
        },
        "tail": {
          "x": 0.17349982261657715,
          "y": -0.49978262186050415,
          "z": 1.1459319591522217
        },
        "rotation_quaternion": {
          "w": 0.7434527277946472,
          "x": -0.5853539705276489,
          "y": 0.07686518877744675,
          "z": 0.3142141103744507
        },
        "matrix": [
          [
            0.7907214164733887,
            -0.5571940541267395,
            -0.25356411933898926,
            0.18779367208480835
          ],
          [
            0.37722253799438477,
            0.117259681224823,
            0.9186694622039795,
            -0.5027906894683838
          ],
          [
            -0.4821471571922302,
            -0.8220672607421875,
            0.3029087483882904,
            1.1670206785202026
          ],
          [
            0.0,
            0.0,
            0.0,
            1.0
          ]
        ]
      },
      "bone_length_armature_space": 0.02565338281488019,
      "parent": "index_01_l",
      "has_children": true,
      "is_end_bone": false
    },
    "index_03_l": {
      "name": "index_03_l",
      "local": {
        "location": {
          "x": 0.0,
          "y": 0.0,
          "z": 0.0
        },
        "rotation_quaternion": {
          "w": 0.9697496891021729,
          "x": 0.24397289752960205,
          "y": -0.007929150946438313,
          "z": 3.358841058798134e-05
        },
        "scale": {
          "x": 1.0,
          "y": 1.0,
          "z": 1.0
        },
        "matrix_basis": [
          [
            0.9998742341995239,
            -0.003934140782803297,
            -0.015362193807959557,
            0.0
          ],
          [
            -0.003803851082921028,
            0.8809544444084167,
            -0.47318580746650696,
            0.0
          ],
          [
            0.015394972637295723,
            0.4731847643852234,
            0.8808286786079407,
            0.0
          ],
          [
            0.0,
            0.0,
            0.0,
            1.0
          ]
        ],
        "rotation_mode": "QUATERNION"
      },
      "armature_space": {
        "head": {
          "x": 0.17349983751773834,
          "y": -0.5630267262458801,
          "z": 0.19607797265052795
        },
        "tail": {
          "x": 0.1584244668483734,
          "y": -0.5442904233932495,
          "z": 0.17948222160339355
        }
      },
      "world_space": {
        "head": {
          "x": 0.17349983751773834,
          "y": -0.4997827410697937,
          "z": 1.1459319591522217
        },
        "tail": {
          "x": 0.1584244668483734,
          "y": -0.4810464382171631,
          "z": 1.1293362379074097
        },
        "rotation_quaternion": {
          "w": 0.8941260576248169,
          "x": -0.3551575541496277,
          "y": 0.14546886086463928,
          "z": 0.23073944449424744
        },
        "matrix": [
          [
            0.8511962890625,
            -0.5159494280815125,
            0.09623606503009796,
            0.17349983751773834
          ],
          [
            0.3092924654483795,
            0.6412444710731506,
            0.7022420167922974,
            -0.4997827410697937
          ],
          [
            -0.4240346848964691,
            -0.5679841041564941,
            0.705409586429596,
            1.1459319591522217
          ],
          [
            0.0,
            0.0,
            0.0,
            1.0
          ]
        ]
      },
      "bone_length_armature_space": 0.029218740380382486,
      "parent": "index_02_l",
      "has_children": false,
      "is_end_bone": true
    },
    "metacarpal_pinky_l": {
      "name": "metacarpal_pinky_l",
      "local": {
        "location": {
          "x": 0.0,
          "y": 0.0,
          "z": 0.0
        },
        "rotation_quaternion": {
          "w": 0.9996318221092224,
          "x": -0.014039200730621815,
          "y": 0.020305607467889786,
          "z": -0.011266324669122696
        },
        "scale": {
          "x": 1.0,
          "y": 1.0,
          "z": 1.0
        },
        "matrix_basis": [
          [
            0.9989215135574341,
            0.021954204887151718,
            0.040912602096796036,
            0.0
          ],
          [
            -0.023094503208994865,
            0.9993519186973572,
            0.027610523626208305,
            0.0
          ],
          [
            -0.040279921144247055,
            -0.02852560207247734,
            0.998781144618988,
            0.0
          ],
          [
            0.0,
            0.0,
            0.0,
            1.0
          ]
        ],
        "rotation_mode": "QUATERNION"
      },
      "armature_space": {
        "head": {
          "x": 0.23739264905452728,
          "y": -0.45219552516937256,
          "z": 0.2877826392650604
        },
        "tail": {
          "x": 0.25191113352775574,
          "y": -0.5379251837730408,
          "z": 0.2304859161376953
        }
      },
      "world_space": {
        "head": {
          "x": 0.23739264905452728,
          "y": -0.38895153999328613,
          "z": 1.237636685371399
        },
        "tail": {
          "x": 0.25191113352775574,
          "y": -0.47468119859695435,
          "z": 1.1803399324417114
        },
        "rotation_quaternion": {
          "w": 0.032078661024570465,
          "x": 0.13327385485172272,
          "y": 0.295511394739151,
          "z": -0.945453405380249
        },
        "matrix": [
          [
            -0.9624183177947998,
            0.13942551612854004,
            -0.23304876685142517,
            0.23739264905452728
          ],
          [
            0.0181096363812685,
            -0.8232883810997009,
            -0.5673345327377319,
            -0.38895153999328613
          ],
          [
            -0.2709691822528839,
            -0.5502381324768066,
            0.7898276448249817,
            1.237636685371399
          ],
          [
            0.0,
            0.0,
            0.0,
            1.0
          ]
        ]
      },
      "bone_length_armature_space": 0.10413104856364878,
      "parent": "lowerarm_l",
      "has_children": true,
      "is_end_bone": false
    },
    "pinky_01_l": {
      "name": "pinky_01_l",
      "local": {
        "location": {
          "x": 0.0,
          "y": 0.0,
          "z": 0.0
        },
        "rotation_quaternion": {
          "w": 0.950554609298706,
          "x": 0.31016039848327637,
          "y": 0.013971084728837013,
          "z": -0.0071720858104527
        },
        "scale": {
          "x": 1.0,
          "y": 1.0,
          "z": 1.0
        },
        "matrix_basis": [
          [
            0.9995067119598389,
            0.02230147272348404,
            0.022111564874649048,
            0.0
          ],
          [
            -0.004968364257365465,
            0.8074981570243835,
            -0.5898491740226746,
            0.0
          ],
          [
            -0.031009551137685776,
            0.5894483923912048,
            0.8072106838226318,
            0.0
          ],
          [
            0.0,
            0.0,
            0.0,
            1.0
          ]
        ],
        "rotation_mode": "QUATERNION"
      },
      "armature_space": {
        "head": {
          "x": 0.25191113352775574,
          "y": -0.5379251837730408,
          "z": 0.2304859161376953
