{
  "metadata": {
    "armature_name": "KIM_caucasian_male",
    "export_time": "2026-01-13T19:12:17.487163",
    "blender_version": "4.4.1",
    "bone_count": 56,
    "end_bone_count": 13,
    "spaces_included": [
      "LOCAL_CHANNELS",
      "ARMATURE_SPACE",
      "WORLD_SPACE"
    ],
    "note": "LOCAL matches Transform panel; replay pose via local.matrix_basis for best fidelity."
  },
  "bones": {
    "Root": {
      "name": "Root",
      "local": {
        "location": {
          "x": 0.0,
          "y": 0.0,
          "z": 0.0
        },
        "rotation_quaternion": {
          "w": 0.9997525215148926,
          "x": 0.005937810521572828,
          "y": -0.019148755818605423,
          "z": 0.009645258076488972
        },
        "scale": {
          "x": 1.0,
          "y": 1.0,
          "z": 1.0
        },
        "matrix_basis": [
          [
            0.9990805983543396,
            -0.019513145089149475,
            -0.03817348927259445,
            0.0
          ],
          [
            0.019058339297771454,
            0.9997434020042419,
            -0.012242071330547333,
            0.0
          ],
          [
            0.03840257599949837,
            0.011503292247653008,
            0.9991961121559143,
            0.0
          ],
          [
            0.0,
            0.0,
            0.0,
            1.0
          ]
        ],
        "rotation_mode": "QUATERNION"
      },
      "armature_space": {
        "head": {
          "x": 0.0,
          "y": 0.07072800397872925,
          "z": -0.009595036506652832
        },
        "tail": {
          "x": -0.0013927676482126117,
          "y": -9.222328662872314e-05,
          "z": -0.0008160732686519623
        }
      },
      "world_space": {
        "head": {
          "x": 0.0,
          "y": 0.13397200405597687,
          "z": 0.9402589797973633
        },
        "tail": {
          "x": -0.0013927676482126117,
          "y": 0.0631517767906189,
          "z": 0.9490379691123962
        },
        "rotation_quaternion": {
          "w": 0.06142667308449745,
          "x": 0.9978814125061035,
          "y": -0.010913359001278877,
          "z": -0.01845547743141651
        },
        "matrix": [
          [
            0.9990805983543396,
            -0.019513145089149475,
            -0.03817348927259445,
            0.0
          ],
          [
            -0.024047795683145523,
            -0.9922152757644653,
            -0.1221906766295433,
            0.13397200405597687
          ],
          [
            -0.035492267459630966,
            0.1229962408542633,
            -0.9917792677879333,
            0.9402589797973633
          ],
          [
            0.0,
            0.0,
            0.0,
            1.0
          ]
        ]
      },
      "bone_length_armature_space": 0.07137586807558619,
      "parent": null,
      "has_children": true,
      "is_end_bone": false
    },
    "spine_01": {
      "name": "spine_01",
      "local": {
        "location": {
          "x": 0.0,
          "y": 0.0,
          "z": 0.0
        },
        "rotation_quaternion": {
          "w": 0.9978190660476685,
          "x": 0.04670438542962074,
          "y": 0.02374405413866043,
          "z": -0.04015140235424042
        },
        "scale": {
          "x": 1.0,
          "y": 1.0,
          "z": 1.0
        },
        "matrix_basis": [
          [
            0.9956481456756592,
            0.08234557509422302,
            0.043634045869112015,
            0.0
          ],
          [
            -0.07790976762771606,
            0.9924131035804749,
            -0.09511176496744156,
            0.0
          ],
          [
            -0.05113503336906433,
            0.09129834175109863,
            0.9945098161697388,
            0.0
          ],
          [
            0.0,
            0.0,
            0.0,
            1.0
          ]
        ],
        "rotation_mode": "QUATERNION"
      },
      "armature_space": {
        "head": {
          "x": -0.0013927676482126117,
          "y": -9.222328662872314e-05,
          "z": -0.0008160732686519623
        },
        "tail": {
          "x": 0.05532378330826759,
          "y": -0.02889716997742653,
          "z": 0.4830247461795807
        }
      },
      "world_space": {
        "head": {
          "x": -0.0013927676482126117,
          "y": 0.0631517767906189,
          "z": 0.9490379691123962
        },
        "tail": {
          "x": 0.05532378330826759,
          "y": 0.03434683009982109,
          "z": 1.4328787326812744
        },
        "rotation_quaternion": {
          "w": 0.6842116117477417,
          "x": 0.7269039154052734,
          "y": 0.04838516563177109,
          "z": -0.033527176827192307
        },
        "matrix": [
          [
            0.9930695295333862,
            0.11622214317321777,
            0.017470095306634903,
            -0.0013927676482126117
          ],
          [
            0.024464115500450134,
            -0.059026382863521576,
            -0.9979565739631653,
            0.0631517767906189
          ],
          [
            -0.11495424062013626,
            0.9914746284484863,
            -0.061461906880140305,
            0.9490379691123962
          ],
          [
            0.0,
            0.0,
            0.0,
            1.0
          ]
        ]
      },
      "bone_length_armature_space": 0.48800453701830754,
      "parent": "Root",
      "has_children": true,
      "is_end_bone": false
    },
    "neck_01": {
      "name": "neck_01",
      "local": {
        "location": {
          "x": 0.0,
          "y": 0.0,
          "z": 0.0
        },
        "rotation_quaternion": {
          "w": 0.9922525882720947,
          "x": -0.11470401287078857,
          "y": -0.047217242419719696,
          "z": -0.00696078035980463
        },
        "scale": {
          "x": 1.0,
          "y": 1.0,
          "z": 1.0
        },
        "matrix_basis": [
          [
            0.9954441785812378,
            0.024645719677209854,
            -0.09210599958896637,
            0.0
          ],
          [
            -0.0029816902242600918,
            0.9735890626907349,
            0.22828803956508636,
            0.0
          ],
          [
            0.09529972076416016,
            -0.22697336971759796,
            0.9692270159721375,
            0.0
          ],
          [
            0.0,
            0.0,
            0.0,
            1.0
          ]
        ],
        "rotation_mode": "QUATERNION"
      },
      "armature_space": {
        "head": {
          "x": 0.06443925201892853,
          "y": -0.06782856583595276,
          "z": 0.5534874796867371
        },
        "tail": {
          "x": 0.0790332704782486,
          "y": -0.09010226279497147,
          "z": 0.6524907946586609
        }
      },
      "world_space": {
        "head": {
          "x": 0.06443925201892853,
          "y": -0.004584565758705139,
          "z": 1.5033414363861084
        },
        "tail": {
          "x": 0.0790332704782486,
          "y": -0.026858262717723846,
          "z": 1.6023447513580322
        },
        "rotation_quaternion": {
          "w": 0.6250567436218262,
          "x": 0.7758641839027405,
          "y": 0.02596822939813137,
          "z": -0.08163688331842422
        },
        "matrix": [
          [
            0.9853222966194153,
            0.14235104620456696,
            -0.09421412646770477,
            0.06443925201892853
          ],
          [
            -0.06175889074802399,
            -0.21725913882255554,
            -0.9741582870483398,
            -0.004584565758705139
          ],
          [
            -0.15914250910282135,
            0.9656848907470703,
            -0.20528116822242737,
            1.5033414363861084
          ],
          [
            0.0,
            0.0,
            0.0,
            1.0
          ]
        ]
      },
      "bone_length_armature_space": 0.10252199257955444,
      "parent": "spine_01",
      "has_children": true,
      "is_end_bone": false
    },
    "head": {
      "name": "head",
      "local": {
        "location": {
          "x": 0.0,
          "y": 0.0,
          "z": 0.0
        },
        "rotation_quaternion": {
          "w": 0.9794589281082153,
          "x": 0.06230483949184418,
          "y": -0.06784851104021072,
          "z": -0.17937366664409637
        },
        "scale": {
          "x": 1.0,
          "y": 1.0,
          "z": 1.0
        },
        "matrix_basis": [
          [
            0.926443338394165,
            0.34292370080947876,
            -0.1552613526582718,
            0.0
          ],
          [
            -0.35983285307884216,
            0.9278863668441772,
            -0.09770958870649338,
            0.0
          ],
          [
            0.11055796593427658,
            0.14639054238796234,
            0.9830293655395508,
            0.0
          ],
          [
            0.0,
            0.0,
            0.0,
            1.0
          ]
        ],
        "rotation_mode": "QUATERNION"
      },
      "armature_space": {
        "head": {
          "x": 0.0790332481265068,
          "y": -0.09010239690542221,
          "z": 0.6524906754493713
        },
        "tail": {
          "x": 0.15445446968078613,
          "y": -0.0944073423743248,
          "z": 0.7879393100738525
        }
      },
      "world_space": {
        "head": {
          "x": 0.0790332481265068,
          "y": -0.02685839682817459,
          "z": 1.6023447513580322
        },
        "tail": {
          "x": 0.15445446968078613,
          "y": -0.03116334229707718,
          "z": 1.7377933263778687
        },
        "rotation_quaternion": {
          "w": 0.690240740776062,
          "x": 0.6692651510238647,
          "y": 0.09843004494905472,
          "z": -0.25683337450027466
        },
        "matrix": [
          [
            0.8486957550048828,
            0.4863055348396301,
            -0.2079007476568222,
            0.0790332481265068
          ],
          [
            -0.22280527651309967,
            -0.02775769680738449,
            -0.9744678139686584,
            -0.02685839682817459
          ],
          [
            -0.4796634614467621,
            0.8733540773391724,
            0.08479328453540802,
            1.6023447513580322
          ],
          [
            0.0,
            0.0,
            0.0,
            1.0
          ]
        ]
      },
      "bone_length_armature_space": 0.15509102314802928,
      "parent": "neck_01",
      "has_children": false,
      "is_end_bone": true
    },
    "upperarm_l": {
      "name": "upperarm_l",
      "local": {
        "location": {
          "x": 0.0,
          "y": 0.0,
          "z": 0.0
        },
        "rotation_quaternion": {
          "w": 0.9602680802345276,
          "x": 0.05690629035234451,
          "y": -0.11917297542095184,
          "z": 0.245855450630188
        },
        "scale": {
          "x": 1.0,
          "y": 1.0,
          "z": 1.0
        },
        "matrix_basis": [
          [
            0.8507058024406433,
            -0.485737681388855,
            -0.2008945643901825,
            0.0
          ],
          [
            0.4586108922958374,
            0.8726335167884827,
            -0.16788923740386963,
            0.0
          ],
          [
            0.2568574547767639,
            0.050691936165094376,
            0.965118944644928,
            0.0
          ],
          [
            0.0,
            0.0,
            0.0,
            1.0
          ]
        ],
        "rotation_mode": "QUATERNION"
      },
      "armature_space": {
        "head": {
          "x": 0.2056443840265274,
          "y": -0.06337452679872513,
          "z": 0.46941354870796204
        },
        "tail": {
          "x": 0.45572251081466675,
          "y": -0.07244397699832916,
          "z": 0.5652593374252319
        }
      },
      "world_space": {
        "head": {
          "x": 0.2056443840265274,
          "y": -0.00013052672147750854,
          "z": 1.4192675352096558
        },
        "tail": {
          "x": 0.45572251081466675,
          "y": -0.009199976921081543,
          "z": 1.515113353729248
        },
        "rotation_quaternion": {
          "w": 0.6017153263092041,
          "x": 0.5587760806083679,
          "y": 0.34787294268608093,
          "z": -0.45242947340011597
        },
        "matrix": [
          [
            0.34858354926109314,
            0.9332337975502014,
            -0.08697237074375153,
            0.2056443840265274
          ],
          [
            -0.15570397675037384,
            -0.03384508565068245,
            -0.9872238039970398,
            -0.00013052672147750854
          ],
          [
            -0.9242608547210693,
            0.35767439007759094,
            0.13351044058799744,
            1.4192675352096558
          ],
          [
            0.0,
            0.0,
            0.0,
            1.0
          ]
        ]
      },
      "bone_length_armature_space": 0.26796967780583664,
      "parent": "spine_01",
      "has_children": true,
      "is_end_bone": false
    },
    "lowerarm_l": {
      "name": "lowerarm_l",
      "local": {
        "location": {
          "x": 0.0,
          "y": 0.0,
          "z": 0.0
        },
        "rotation_quaternion": {
          "w": 0.9705523252487183,
          "x": 0.037851039320230484,
          "y": 0.04394464194774628,
          "z": 0.23380419611930847
        },
        "scale": {
          "x": 1.0,
          "y": 1.0,
          "z": 1.0
        },
        "matrix_basis": [
          [
            0.8868089318275452,
            -0.45051172375679016,
            0.10300061106681824,
            0.0
          ],
          [
            0.4571651220321655,
            0.8878058195114136,
            -0.05292394384741783,
            0.0
          ],
          [
            -0.06760168820619583,
            0.09402171522378922,
            0.9932723641395569,
            0.0
          ],
          [
            0.0,
            0.0,
            0.0,
            1.0
          ]
        ],
        "rotation_mode": "QUATERNION"
      },
      "armature_space": {
        "head": {
          "x": 0.4557225704193115,
          "y": -0.07244401425123215,
          "z": 0.5652595162391663
        },
        "tail": {
          "x": 0.6147104501724243,
          "y": -0.09274446964263916,
          "z": 0.7794573307037354
        }
      },
      "world_space": {
        "head": {
          "x": 0.4557225704193115,
          "y": -0.009200014173984528,
          "z": 1.5151135921478271
        },
        "tail": {
          "x": 0.6147104501724243,
          "y": -0.02950046956539154,
          "z": 1.7293113470077515
        },
        "rotation_quaternion": {
          "w": 0.6680226922035217,
          "x": 0.6596251130104065,
          "y": 0.12571391463279724,
          "z": -0.32068127393722534
        },
        "matrix": [
          [
            0.7627180218696594,
            0.5942928791046143,
            -0.2551017105579376,
            0.4557225704193115
          ],
          [
            -0.2626003324985504,
            -0.07588262110948563,
            -0.9619163274765015,
            -0.009200014173984528
          ],
          [
            -0.5910223722457886,
            0.8006662726402283,
            0.09818436950445175,
            1.5151135921478271
          ],
          [
            0.0,
            0.0,
            0.0,
            1.0
          ]
        ]
      },
      "bone_length_armature_space": 0.2675256227320013,
      "parent": "upperarm_l",
      "has_children": true,
      "is_end_bone": false
    },
    "metacarpal_thumb_l": {
      "name": "metacarpal_thumb_l",
      "local": {
        "location": {
          "x": 0.0,
          "y": 0.0,
          "z": 0.0
        },
        "rotation_quaternion": {
          "w": 0.9996726512908936,
          "x": 0.02137581631541252,
          "y": 0.013870892114937305,
          "z": 0.002294449834153056
        },
        "scale": {
          "x": 1.0,
          "y": 1.0,
          "z": 1.0
        },
        "matrix_basis": [
          [
            0.9996046423912048,
            -0.003994394093751907,
            0.02783079445362091,
            0.0
          ],
          [
            0.005180400796234608,
            0.9990755915641785,
            -0.0426739864051342,
            0.0
          ],
          [
            -0.02763461135327816,
            0.04280129075050354,
            0.9987013339996338,
            0.0
          ],
          [
            0.0,
            0.0,
            0.0,
            1.0
          ]
        ],
        "rotation_mode": "QUATERNION"
      },
      "armature_space": {
        "head": {
          "x": 0.6147104501724243,
          "y": -0.09274446964263916,
          "z": 0.7794573307037354
        },
        "tail": {
          "x": 0.6386072635650635,
          "y": -0.12661483883857727,
          "z": 0.8065743446350098
        }
      },
      "world_space": {
        "head": {
          "x": 0.6147104501724243,
          "y": -0.02950046956539154,
          "z": 1.7293113470077515
        },
        "tail": {
          "x": 0.6386072635650635,
          "y": -0.06337083876132965,
          "z": 1.7564283609390259
        },
        "rotation_quaternion": {
          "w": 0.1988404542207718,
          "x": 0.8695846199989319,
          "y": 0.34433963894844055,
          "z": 0.29277166724205017
        },
        "matrix": [
          [
            0.5914291143417358,
            0.4824361503124237,
            0.6461164951324463,
            0.6147104501724243
          ],
          [
            0.7152952551841736,
            -0.6837849617004395,
            -0.14419025182724,
            -0.02950046956539154
          ],
          [
            0.3722454011440277,
            0.54744553565979,
            -0.7495002746582031,
            1.7293113470077515
          ],
          [
            0.0,
            0.0,
            0.0,
            1.0
          ]
        ]
      },
      "bone_length_armature_space": 0.049533745725561414,
      "parent": "lowerarm_l",
      "has_children": true,
      "is_end_bone": false
    },
    "thumb_01_l": {
      "name": "thumb_01_l",
      "local": {
        "location": {
          "x": 0.0,
          "y": 0.0,
          "z": 0.0
        },
        "rotation_quaternion": {
          "w": 0.999871551990509,
          "x": 0.003981918096542358,
          "y": 0.015506324358284473,
          "z": -0.0008010378223843873
        },
        "scale": {
          "x": 1.0,
          "y": 1.0,
          "z": 1.0
        },
        "matrix_basis": [
          [
            0.9995177984237671,
            0.0017253597034141421,
            0.031002284958958626,
            0.0
          ],
          [
            -0.0014783800579607487,
            0.9999669790267944,
            -0.007987655699253082,
            0.0
          ],
          [
            -0.031015044078230858,
            0.007937970571219921,
            0.9994874000549316,
            0.0
          ],
          [
            0.0,
            0.0,
            0.0,
            1.0
          ]
        ],
        "rotation_mode": "QUATERNION"
      },
      "armature_space": {
        "head": {
          "x": 0.6386072635650635,
          "y": -0.12661483883857727,
          "z": 0.8065743446350098
        },
        "tail": {
          "x": 0.6634942889213562,
          "y": -0.1484161913394928,
          "z": 0.7985767722129822
        }
      },
      "world_space": {
        "head": {
          "x": 0.6386072635650635,
          "y": -0.06337083876132965,
          "z": 1.7564283609390259
        },
        "tail": {
          "x": 0.6634942889213562,
          "y": -0.08517219126224518,
          "z": 1.7484307289123535
        },
        "rotation_quaternion": {
          "w": 0.40137720108032227,
          "x": -0.5400566458702087,
          "y": -0.13656653463840485,
          "z": -0.7270383238792419
        },
        "matrix": [
          [
            -0.09446888417005539,
            0.7311424016952515,
            0.6756524443626404,
            0.6386072635650635
          ],
          [
            -0.43612566590309143,
            -0.6404896974563599,
            0.6321134567260742,
            -0.06337083876132965
          ],
          [
            0.894919216632843,
            -0.234956756234169,
            0.379379540681839,
            1.7564283609390259
          ],
          [
            0.0,
            0.0,
            0.0,
            1.0
          ]
        ]
      },
      "bone_length_armature_space": 0.0340385687106651,
      "parent": "metacarpal_thumb_l",
      "has_children": true,
      "is_end_bone": false
    },
    "thumb_02_l": {
      "name": "thumb_02_l",
      "local": {
        "location": {
          "x": 0.0,
          "y": 0.0,
          "z": 0.0
        },
        "rotation_quaternion": {
          "w": 0.9969056844711304,
          "x": 0.07829699665307999,
          "y": 0.0068197776563465595,
          "z": 0.0015285615809261799
        },
        "scale": {
          "x": 1.0,
          "y": 1.0,
          "z": 1.0
        },
        "matrix_basis": [
          [
            0.9999023079872131,
            -0.0019797272980213165,
            0.013836713507771492,
            0.0
          ],
          [
            0.004115599673241377,
            0.9877344965934753,
            -0.15608859062194824,
            0.0
          ],
          [
            -0.013357986696064472,
            0.15613028407096863,
            0.9876461625099182,
            0.0
          ],
          [
            0.0,
            0.0,
            0.0,
            1.0
          ]
        ],
        "rotation_mode": "QUATERNION"
      },
      "armature_space": {
        "head": {
          "x": 0.6634942293167114,
          "y": -0.148416206240654,
          "z": 0.7985767126083374
        },
        "tail": {
          "x": 0.6891573071479797,
          "y": -0.15221363306045532,
          "z": 0.829239010810852
        }
      },
      "world_space": {
        "head": {
          "x": 0.6634942293167114,
          "y": -0.08517220616340637,
          "z": 1.7484307289123535
        },
        "tail": {
          "x": 0.6891573071479797,
          "y": -0.0889696329832077,
          "z": 1.7790930271148682
        },
        "rotation_quaternion": {
          "w": 0.4502224624156952,
          "x": 0.02674294263124466,
          "y": -0.5000253319740295,
          "z": -0.7392964363098145
        },
        "matrix": [
          [
            -0.5931668877601624,
            0.6389514207839966,
            -0.4897894859313965,
            0.6634942293167114
          ],
          [
            -0.6924422383308411,
            -0.09454705566167831,
            0.7152514457702637,
            -0.08517220616340637
          ],
          [
            0.4107050895690918,
            0.7634196281433105,
            0.4985235035419464,
            1.7484307289123535
          ],
          [
            0.0,
            0.0,
            0.0,
            1.0
          ]
        ]
      },
      "bone_length_armature_space": 0.0401645433238182,
      "parent": "thumb_01_l",
      "has_children": true,
      "is_end_bone": false
    },
    "thumb_03_l": {
      "name": "thumb_03_l",
      "local": {
        "location": {
          "x": 0.0,
          "y": 0.0,
          "z": 0.0
        },
        "rotation_quaternion": {
          "w": 0.998554527759552,
          "x": 0.05301370844244957,
          "y": -0.008400076068937778,
          "z": 0.002841087756678462
        },
        "scale": {
          "x": 1.0,
          "y": 1.0,
          "z": 1.0
        },
        "matrix_basis": [
          [
            0.9998427629470825,
            -0.006564600393176079,
            -0.016474634408950806,
            0.0
          ],
          [
            0.004783323500305414,
            0.9943629503250122,
            -0.10592188686132431,
            0.0
          ],
          [
            0.01707710139453411,
            0.10582643002271652,
            0.9942379593849182,
            0.0
          ],
          [
            0.0,
            0.0,
            0.0,
            1.0
          ]
        ],
        "rotation_mode": "QUATERNION"
      },
      "armature_space": {
        "head": {
          "x": 0.6891573071479797,
          "y": -0.1522137075662613,
          "z": 0.8292389512062073
        },
        "tail": {
          "x": 0.7038816809654236,
          "y": -0.14423787593841553,
          "z": 0.8546649217605591
        }
      },
      "world_space": {
        "head": {
          "x": 0.6891573071479797,
          "y": -0.08896970748901367,
          "z": 1.7790930271148682
        },
        "tail": {
          "x": 0.7038816809654236,
          "y": -0.08099387586116791,
          "z": 1.8045189380645752
        },
        "rotation_quaternion": {
          "w": 0.5926070809364319,
          "x": 0.1894499957561493,
          "y": -0.5289668440818787,
          "z": -0.5771651268005371
        },
        "matrix": [
          [
            -0.22585353255271912,
            0.4836404323577881,
            -0.8456250429153442,
            0.6891573071479797
          ],
          [
            -0.8844894766807556,
            0.26197606325149536,
            0.38606610894203186,
            -0.08896970748901367
          ],
          [
            0.4082527160644531,
            0.8351469039916992,
            0.3686099052429199,
            1.7790930271148682
          ],
          [
            0.0,
            0.0,
            0.0,
            1.0
          ]
        ]
      },
      "bone_length_armature_space": 0.030445049167788923,
      "parent": "thumb_02_l",
      "has_children": false,
      "is_end_bone": true
    },
    "metacarpal_index_l": {
      "name": "metacarpal_index_l",
      "local": {
        "location": {
          "x": 0.0,
          "y": 0.0,
          "z": 0.0
        },
        "rotation_quaternion": {
          "w": 0.9998494386672974,
          "x": -0.012242046184837818,
          "y": 0.0005244435160420835,
          "z": -0.012290528044104576
        },
        "scale": {
          "x": 1.0,
          "y": 1.0,
          "z": 1.0
        },
        "matrix_basis": [
          [
            0.9996973276138306,
            0.024564513936638832,
            0.001349651487544179,
            0.0
          ],
          [
            -0.02459019608795643,
            0.9993981719017029,
            0.02446751482784748,
            0.0
          ],
          [
            -0.0007478066836483777,
            -0.024493297562003136,
            0.9996997117996216,
            0.0
          ],
          [
            0.0,
            0.0,
            0.0,
            1.0
          ]
        ],
        "rotation_mode": "QUATERNION"
      },
      "armature_space": {
        "head": {
          "x": 0.6147104501724243,
          "y": -0.09274446964263916,
          "z": 0.7794573307037354
        },
        "tail": {
          "x": 0.6775131225585938,
          "y": -0.13337957859039307,
          "z": 0.8696456551551819
        }
      },
      "world_space": {
        "head": {
          "x": 0.6147104501724243,
          "y": -0.02950046956539154,
          "z": 1.7293113470077515
        },
        "tail": {
          "x": 0.6775131225585938,
          "y": -0.07013557851314545,
          "z": 1.8194997310638428
        },
        "rotation_quaternion": {
          "w": 0.4565940201282501,
          "x": 0.8200491666793823,
          "y": 0.34368839859962463,
          "z": 0.030327338725328445
        },
        "matrix": [
          [
            0.7619159817695618,
            0.5359883308410645,
            0.3635936975479126,
            0.6147104501724243
          ],
          [
            0.5913788676261902,
            -0.3467995524406433,
            -0.7280118465423584,
            -0.02950046956539154
          ],
          [
            -0.2641132175922394,
            0.7697104215621948,
            -0.581209123134613,
            1.7293113470077515
          ],
          [
            0.0,
            0.0,
            0.0,
            1.0
          ]
        ]
      },
      "bone_length_armature_space": 0.11717218855329965,
      "parent": "lowerarm_l",
      "has_children": true,
      "is_end_bone": false
    },
    "index_01_l": {
      "name": "index_01_l",
      "local": {
        "location": {
          "x": 0.0,
          "y": 0.0,
          "z": 0.0
        },
        "rotation_quaternion": {
          "w": 0.9976173639297485,
          "x": -0.06561625003814697,
          "y": -0.0018989534582942724,
          "z": 0.021228574216365814
        },
        "scale": {
          "x": 1.0,
          "y": 1.0,
          "z": 1.0
        },
        "matrix_basis": [
          [
            0.9990915060043335,
            -0.042106784880161285,
            -0.006574736908078194,
            0.0
          ],
          [
            0.042605191469192505,
            0.9904876947402954,
            0.13083919882774353,
            0.0
          ],
          [
            0.0010029789991676807,
            -0.13100044429302216,
            0.991381824016571,
            0.0
          ],
          [
            0.0,
            0.0,
            0.0,
            1.0
          ]
        ],
        "rotation_mode": "QUATERNION"
      },
      "armature_space": {
        "head": {
          "x": 0.6775131225585938,
          "y": -0.13337957859039307,
          "z": 0.8696456551551819
        },
        "tail": {
          "x": 0.6952422261238098,
          "y": -0.13209253549575806,
          "z": 0.8919413685798645
        }
      },
      "world_space": {
        "head": {
          "x": 0.6775131225585938,
          "y": -0.07013557851314545,
          "z": 1.8194997310638428
        },
        "tail": {
          "x": 0.6952422261238098,
          "y": -0.06884853541851044,
          "z": 1.8417954444885254
        },
        "rotation_quaternion": {
          "w": 0.547914981842041,
          "x": 0.6904442310333252,
          "y": 0.47154700756073,
          "z": 0.026823323220014572
        },
        "matrix": [
          [
            0.5538451671600342,
            0.6217598915100098,
            0.5537779927253723,
            0.6775131225585938
          ],
          [
            0.6805499792098999,
            0.045136742293834686,
            -0.731310248374939,
            -0.07013557851314545
          ],
          [
            -0.47969794273376465,
            0.7819115519523621,
            -0.3981435000896454,
            1.8194997310638428
          ],
          [
            0.0,
            0.0,
            0.0,
            1.0
          ]
        ]
      },
      "bone_length_armature_space": 0.028514494989258794,
      "parent": "metacarpal_index_l",
      "has_children": true,
      "is_end_bone": false
    },
    "index_02_l": {
      "name": "index_02_l",
      "local": {
        "location": {
          "x": 0.0,
          "y": 0.0,
          "z": 0.0
        },
        "rotation_quaternion": {
          "w": 0.9986744523048401,
          "x": 0.04971029981970787,
          "y": 0.013320705853402615,
          "z": -0.0009499749867245555
        },
        "scale": {
          "x": 1.0,
          "y": 1.0,
          "z": 1.0
        },
        "matrix_basis": [
          [
            0.9996433258056641,
            0.003221784019842744,
            0.026511650532484055,
            0.0
          ],
          [
            -0.0005730789271183312,
            0.9950559735298157,
            -0.0993141233921051,
            0.0
          ],
          [
            -0.026700545102357864,
            0.0992635041475296,
            0.9947028756141663,
            0.0
          ],
          [
            0.0,
            0.0,
            0.0,
            1.0
          ]
        ],
        "rotation_mode": "QUATERNION"
      },
      "armature_space": {
        "head": {
          "x": 0.6952425241470337,
          "y": -0.1320929080247879,
          "z": 0.8919416666030884
        },
        "tail": {
          "x": 0.7124675512313843,
          "y": -0.13166983425617218,
          "z": 0.910947322845459
        }
      },
      "world_space": {
        "head": {
          "x": 0.6952425241470337,
          "y": -0.06884890794754028,
          "z": 1.8417956829071045
        },
        "tail": {
          "x": 0.7124675512313843,
          "y": -0.06842583417892456,
          "z": 1.860801339149475
        },
        "rotation_quaternion": {
          "w": 0.5351560115814209,
          "x": 0.7011779546737671,
          "y": 0.47101297974586487,
          "z": -0.010209993459284306
        },
        "matrix": [
          [
            0.556082546710968,
            0.6714558005332947,
            0.48981547355651855,
            0.6952425241470337
          ],
          [
            0.6496025323867798,
            0.016492165625095367,
            -0.7600952982902527,
            -0.06884890794754028
          ],
          [
            -0.5184516310691833,
            0.7408660054206848,
            -0.42701220512390137,
            1.8417956829071045
          ],
          [
            0.0,
            0.0,
            0.0,
            1.0
          ]
        ]
      },
      "bone_length_armature_space": 0.02565337260684723,
      "parent": "index_01_l",
      "has_children": true,
      "is_end_bone": false
    },
    "index_03_l": {
      "name": "index_03_l",
      "local": {
        "location": {
          "x": 0.0,
          "y": 0.0,
          "z": 0.0
        },
        "rotation_quaternion": {
          "w": 0.9987337589263916,
          "x": 0.05026688054203987,
          "y": -0.002052255906164646,
          "z": -3.157462924718857e-05
        },
        "scale": {
          "x": 1.0,
          "y": 1.0,
          "z": 1.0
        },
        "matrix_basis": [
          [
            0.9999915957450867,
            -0.00014325170195661485,
            -0.0041024889796972275,
            0.0
          ],
          [
            -0.00026939029339700937,
            0.9949464797973633,
            -0.10040633380413055,
            0.0
          ],
          [
            0.004096140153706074,
            0.10040658712387085,
            0.99493807554245,
            0.0
          ],
          [
            0.0,
            0.0,
            0.0,
            1.0
          ]
        ],
        "rotation_mode": "QUATERNION"
      },
      "armature_space": {
        "head": {
          "x": 0.7124674916267395,
          "y": -0.13166974484920502,
          "z": 0.9109473824501038
        },
        "tail": {
          "x": 0.7359005212783813,
          "y": -0.1335209608078003,
          "z": 0.9283025860786438
        }
      },
      "world_space": {
        "head": {
          "x": 0.7124674916267395,
          "y": -0.0684257447719574,
          "z": 1.8608014583587646
        },
        "tail": {
          "x": 0.7359005212783813,
          "y": -0.07027696073055267,
          "z": 1.8781566619873047
        },
        "rotation_quaternion": {
          "w": 0.4495418667793274,
          "x": 0.7268766760826111,
          "y": 0.5159772038459778,
          "z": -0.057707712054252625
        },
        "matrix": [
          [
            0.4608728289604187,
            0.8019872903823853,
            0.38001638650894165,
            0.7124674916267395
          ],
          [
            0.6982214450836182,
            -0.06335746496915817,
            -0.7130727767944336,
            -0.0684257447719574
          ],
          [
            -0.5478017926216125,
            0.593975305557251,
            -0.5891693234443665,
            1.8608014583587646
          ],
          [
            0.0,
            0.0,
            0.0,
            1.0
          ]
        ]
      },
      "bone_length_armature_space": 0.029218777157029932,
      "parent": "index_02_l",
      "has_children": false,
      "is_end_bone": true
    },
    "metacarpal_pinky_l": {
      "name": "metacarpal_pinky_l",
      "local": {
        "location": {
          "x": 0.0,
          "y": 0.0,
          "z": 0.0
        },
        "rotation_quaternion": {
          "w": 0.9999099373817444,
          "x": -0.005006107501685619,
          "y": -0.01033856626600027,
          "z": -0.0069487327709794044
        },
        "scale": {
          "x": 1.0,
          "y": 1.0,
          "z": 1.0
        },
        "matrix_basis": [
          [
            0.9996896386146545,
            0.013999725691974163,
            -0.020605698227882385,
            0.0
          ],
          [
            -0.013792701996862888,
            0.9998533129692078,
            0.010154993273317814,
            0.0
          ],
          [
            0.020744843408465385,
            -0.009867633692920208,
            0.9997361302375793,
            0.0
          ],
          [
            0.0,
            0.0,
            0.0,
            1.0
          ]
        ],
        "rotation_mode": "QUATERNION"
      },
      "armature_space": {
        "head": {
          "x": 0.6147104501724243,
          "y": -0.09274446964263916,
          "z": 0.7794573307037354
        },
        "tail": {
          "x": 0.6831296682357788,
          "y": -0.07142779231071472,
          "z": 0.8550066351890564
        }
      },
      "world_space": {
        "head": {
          "x": 0.6147104501724243,
          "y": -0.02950046956539154,
          "z": 1.7293113470077515
        },
        "tail": {
          "x": 0.6831296682357788,
          "y": -0.008183792233467102,
          "z": 1.8048605918884277
        },
        "rotation_quaternion": {
          "w": 0.7055214047431946,
          "x": 0.24849990010261536,
          "y": -0.3234122693538666,
          "z": -0.5795618891716003
        },
        "matrix": [
          [
            0.1190221905708313,
            0.657051146030426,
            -0.7443904876708984,
            0.6147104501724243
          ],
          [
            -0.9785225987434387,
            0.2047107070684433,
            0.024233929812908173,
            -0.02950046956539154
          ],
          [
            0.16830801963806152,
            0.7255236506462097,
            0.6673094630241394,
            1.7293113470077515
          ],
          [
            0.0,
            0.0,
            0.0,
            1.0
          ]
        ]
      },
      "bone_length_armature_space": 0.10413110844486546,
      "parent": "lowerarm_l",
      "has_children": true,
      "is_end_bone": false
    },
    "pinky_01_l": {
      "name": "pinky_01_l",
      "local": {
        "location": {
          "x": 0.0,
          "y": 0.0,
          "z": 0.0
        },
        "rotation_quaternion": {
          "w": 0.955933690071106,
          "x": 0.29335328936576843,
          "y": 0.011602582409977913,
          "z": 0.000355615426087752
        },
        "scale": {
          "x": 1.0,
          "y": 1.0,
          "z": 1.0
        },
        "matrix_basis": [
          [
            0.9997305274009705,
            0.006127421744167805,
            0.022391241043806076,
            0.0
          ],
          [
            0.007487201131880283,
            0.8278874158859253,
            -0.560844361782074,
            0.0
          ],
          [
            -0.021973956376314163,
            0.560860812664032,
            0.8276184797286987,
            0.0
          ],
          [
            0.0,
            0.0,
            0.0,
            1.0
          ]
        ],
        "rotation_mode": "QUATERNION"
      },
      "armature_space": {
        "head": {
          "x": 0.6831296682357788,
          "y": -0.07142779231071472,
          "z": 0.8550066351890564
        },
