{
  "metadata": {
    "armature_name": "KIM_caucasian_male",
    "export_time": "2026-01-13T21:02:15.780124",
    "blender_version": "4.4.1",
    "bone_count": 56,
    "end_bone_count": 13,
    "spaces_included": [
      "LOCAL_CHANNELS",
      "ARMATURE_SPACE",
      "WORLD_SPACE"
    ],
    "note": "LOCAL matches Transform panel; replay pose via local.matrix_basis for best fidelity."
  },
  "bones": {
    "Root": {
      "name": "Root",
      "local": {
        "location": {
          "x": 0.0,
          "y": 0.0,
          "z": 0.0
        },
        "rotation_quaternion": {
          "w": 0.9999108910560608,
          "x": 0.007971669547259808,
          "y": -0.010684268549084663,
          "z": 0.0007975267944857478
        },
        "scale": {
          "x": 1.0,
          "y": 1.0,
          "z": 1.0
        },
        "matrix_basis": [
          [
            0.9997704029083252,
            -0.00176525441929698,
            -0.021353917196393013,
            0.0
          ],
          [
            0.0014245685888454318,
            0.9998716115951538,
            -0.015958961099386215,
            0.0
          ],
          [
            0.021379347890615463,
            0.015924876555800438,
            0.9996445775032043,
            0.0
          ],
          [
            0.0,
            0.0,
            0.0,
            1.0
          ]
        ],
        "rotation_mode": "QUATERNION"
      },
      "armature_space": {
        "head": {
          "x": 0.0,
          "y": 0.07072800397872925,
          "z": -0.009595036506652832
        },
        "tail": {
          "x": -0.00012599656474776566,
          "y": -0.00014372169971466064,
          "z": -0.0011275745928287506
        }
      },
      "world_space": {
        "head": {
          "x": 0.0,
          "y": 0.13397200405597687,
          "z": 0.9402589797973633
        },
        "tail": {
          "x": -0.00012599656474776566,
          "y": 0.06310027837753296,
          "z": 0.9487264156341553
        },
        "rotation_quaternion": {
          "w": 0.05940808728337288,
          "x": 0.9981763362884521,
          "y": -0.00151549163274467,
          "z": -0.010606269352138042
        },
        "matrix": [
          [
            0.9997704029083252,
            -0.00176525441929698,
            -0.021353917196393013,
            0.0
          ],
          [
            -0.004285656847059727,
            -0.9929367303848267,
            -0.1185678169131279,
            0.13397200405597687
          ],
          [
            -0.02099393680691719,
            0.1186319962143898,
            -0.9927233457565308,
            0.9402589797973633
          ],
          [
            0.0,
            0.0,
            0.0,
            1.0
          ]
        ]
      },
      "bone_length_armature_space": 0.07137587299663813,
      "parent": null,
      "has_children": true,
      "is_end_bone": false
    },
    "spine_01": {
      "name": "spine_01",
      "local": {
        "location": {
          "x": 0.0,
          "y": 0.0,
          "z": 0.0
        },
        "rotation_quaternion": {
          "w": 0.9942885637283325,
          "x": 0.07229650765657425,
          "y": -0.05080743134021759,
          "z": 0.05985039845108986
        },
        "scale": {
          "x": 1.0,
          "y": 1.0,
          "z": 1.0
        },
        "matrix_basis": [
          [
            0.9876730442047119,
            -0.12636353075504303,
            -0.09238054603338242,
            0.0
          ],
          [
            0.11167073249816895,
            0.9823822975158691,
            -0.14984887838363647,
            0.0
          ],
          [
            0.10968844592571259,
            0.13768549263477325,
            0.9843836426734924,
            0.0
          ],
          [
            0.0,
            0.0,
            0.0,
            1.0
          ]
        ],
        "rotation_mode": "QUATERNION"
      },
      "armature_space": {
        "head": {
          "x": -0.00012599656474776566,
          "y": -0.00014372169971466064,
          "z": -0.0011275745928287506
        },
        "tail": {
          "x": -0.05189874768257141,
          "y": -0.05229097977280617,
          "z": 0.48131275177001953
        }
      },
      "world_space": {
        "head": {
          "x": -0.00012599656474776566,
          "y": 0.06310027837753296,
          "z": 0.9487264156341553
        },
        "tail": {
          "x": -0.05189874768257141,
          "y": 0.010953020304441452,
          "z": 1.4311667680740356
        },
        "rotation_quaternion": {
          "w": 0.6642858982086182,
          "x": 0.7439268231391907,
          "y": -0.07276390492916107,
          "z": -0.0016338360728695989
        },
        "matrix": [
          [
            0.9894053339958191,
            -0.10609143227338791,
            -0.09910361468791962,
            -0.00012599656474776566
          ],
          [
            -0.11043330281972885,
            -0.10685886442661285,
            -0.988122284412384,
            0.06310027837753296
          ],
          [
            0.09424176812171936,
            0.988604724407196,
            -0.11744450777769089,
            0.9487264156341553
          ],
          [
            0.0,
            0.0,
            0.0,
            1.0
          ]
        ]
      },
      "bone_length_armature_space": 0.48800452020026647,
      "parent": "Root",
      "has_children": true,
      "is_end_bone": false
    },
    "neck_01": {
      "name": "neck_01",
      "local": {
        "location": {
          "x": 0.0,
          "y": 0.0,
          "z": 0.0
        },
        "rotation_quaternion": {
          "w": 0.988788366317749,
          "x": -0.12630873918533325,
          "y": -0.06264947354793549,
          "z": 0.04918154329061508
        },
        "scale": {
          "x": 1.0,
          "y": 1.0,
          "z": 1.0
        },
        "matrix_basis": [
          [
            0.9873124361038208,
            -0.08143392205238342,
            -0.13631825149059296,
            0.0
          ],
          [
            0.11308662593364716,
            0.9632545709609985,
            0.243622824549675,
            0.0
          ],
          [
            0.11147002130746841,
            -0.25594761967658997,
            0.9602422714233398,
            0.0
          ],
          [
            0.0,
            0.0,
            0.0,
            1.0
          ]
        ],
        "rotation_mode": "QUATERNION"
      },
      "armature_space": {
        "head": {
          "x": -0.0631035566329956,
          "y": -0.09438353776931763,
          "z": 0.5496237874031067
        },
        "tail": {
          "x": -0.08337939530611038,
          "y": -0.1173674464225769,
          "z": 0.6474572420120239
        }
      },
      "world_space": {
        "head": {
          "x": -0.0631035566329956,
          "y": -0.031139537692070007,
          "z": 1.4994778633117676
        },
        "tail": {
          "x": -0.08337939530611038,
          "y": -0.054123446345329285,
          "z": 1.59731125831604
        },
        "rotation_quaternion": {
          "w": 0.605263352394104,
          "x": 0.7819210886955261,
          "y": -0.14684253931045532,
          "z": -0.02632482536137104
        },
        "matrix": [
          [
            0.9554882645606995,
            -0.19777187705039978,
            -0.21892565488815308,
            -0.0631035566329956
          ],
          [
            -0.26150643825531006,
            -0.22418656945228577,
            -0.9388050436973572,
            -0.031139537692070007
          ],
          [
            0.13658975064754486,
            0.95427405834198,
            -0.26592907309532166,
            1.4994778633117676
          ],
          [
            0.0,
            0.0,
            0.0,
            1.0
          ]
        ]
      },
      "bone_length_armature_space": 0.10252197001117941,
      "parent": "spine_01",
      "has_children": true,
      "is_end_bone": false
    },
    "head": {
      "name": "head",
      "local": {
        "location": {
          "x": 0.0,
          "y": 0.0,
          "z": 0.0
        },
        "rotation_quaternion": {
          "w": 0.9910587072372437,
          "x": -0.007276992313563824,
          "y": 0.10237632691860199,
          "z": 0.08525703847408295
        },
        "scale": {
          "x": 1.0,
          "y": 1.0,
          "z": 1.0
        },
        "matrix_basis": [
          [
            0.9645006656646729,
            -0.1704794466495514,
            0.20168107748031616,
            0.0
          ],
          [
            0.16749948263168335,
            0.9853565692901611,
            0.0318804569542408,
            0.0
          ],
          [
            -0.20416273176670074,
            0.003032751614227891,
            0.97893226146698,
            0.0
          ],
          [
            0.0,
            0.0,
            0.0,
            1.0
          ]
        ],
        "rotation_mode": "QUATERNION"
      },
      "armature_space": {
        "head": {
          "x": -0.08337941765785217,
          "y": -0.11736758053302765,
          "z": 0.6474571228027344
        },
        "tail": {
          "x": -0.12492641806602478,
          "y": -0.09088319540023804,
          "z": 0.7945139408111572
        }
      },
      "world_space": {
        "head": {
          "x": -0.08337941765785217,
          "y": -0.05412358045578003,
          "z": 1.5973111391067505
        },
        "tail": {
          "x": -0.12492641806602478,
          "y": -0.027639195322990417,
          "z": 1.7443679571151733
        },
        "rotation_quaternion": {
          "w": 0.7556995749473572,
          "x": 0.6393991708755493,
          "y": -0.11958898603916168,
          "z": 0.07606131583452225
        },
        "matrix": [
          [
            0.9598264694213867,
            -0.26788926124572754,
            -0.08347810804843903,
            -0.08337941765785217
          ],
          [
            -0.03796947002410889,
            0.17076759040355682,
            -0.9845795035362244,
            -0.05412358045578003
          ],
          [
            0.2780155539512634,
            0.9482018947601318,
            0.15373572707176208,
            1.5973111391067505
          ],
          [
            0.0,
            0.0,
            0.0,
            1.0
          ]
        ]
      },
      "bone_length_armature_space": 0.15509120782532082,
      "parent": "neck_01",
      "has_children": false,
      "is_end_bone": true
    },
    "upperarm_l": {
      "name": "upperarm_l",
      "local": {
        "location": {
          "x": 0.0,
          "y": 0.0,
          "z": 0.0
        },
        "rotation_quaternion": {
          "w": 0.9614754915237427,
          "x": 0.05654998496174812,
          "y": 0.2447250783443451,
          "z": -0.11169905215501785
        },
        "scale": {
          "x": 1.0,
          "y": 1.0,
          "z": 1.0
        },
        "matrix_basis": [
          [
            0.8552659153938293,
            0.24247020483016968,
            0.45796117186546326,
            0.0
          ],
          [
            -0.18711340427398682,
            0.9686508178710938,
            -0.16341397166252136,
            0.0
          ],
          [
            -0.4832274913787842,
            0.054071731865406036,
            0.8738234639167786,
            0.0
          ],
          [
            0.0,
            0.0,
            0.0,
            1.0
          ]
        ],
        "rotation_mode": "QUATERNION"
      },
      "armature_space": {
        "head": {
          "x": 0.09212136268615723,
          "y": -0.10691803693771362,
          "z": 0.4969436824321747
        },
        "tail": {
          "x": 0.3550224006175995,
          "y": -0.1305912882089615,
          "z": 0.45078909397125244
        }
      },
      "world_space": {
        "head": {
          "x": 0.09212136268615723,
          "y": -0.043674036860466,
          "z": 1.4467977285385132
        },
        "tail": {
          "x": 0.3550224006175995,
          "y": -0.06734728813171387,
          "z": 1.4006431102752686
        },
        "rotation_quaternion": {
          "w": 0.24570073187351227,
          "x": 0.6303285956382751,
          "y": 0.6288541555404663,
          "z": -0.3832225799560547
        },
        "matrix": [
          [
            -0.08463609218597412,
            0.9810859560966492,
            -0.17408844828605652,
            0.09212136268615723
          ],
          [
            0.6044522523880005,
            -0.08834312856197357,
            -0.7917279601097107,
            -0.043674036860466
          ],
          [
            -0.7921377420425415,
            -0.17223824560642242,
            -0.5855475068092346,
            1.4467977285385132
          ],
          [
            0.0,
            0.0,
            0.0,
            1.0
          ]
        ]
      },
      "bone_length_armature_space": 0.26796945039276004,
      "parent": "spine_01",
      "has_children": true,
      "is_end_bone": false
    },
    "lowerarm_l": {
      "name": "lowerarm_l",
      "local": {
        "location": {
          "x": 0.0,
          "y": 0.0,
          "z": 0.0
        },
        "rotation_quaternion": {
          "w": 0.9865392446517944,
          "x": -0.0026901792734861374,
          "y": 0.08922216296195984,
          "z": -0.13701334595680237
        },
        "scale": {
          "x": 1.0,
          "y": 1.0,
          "z": 1.0
        },
        "matrix_basis": [
          [
            0.9465335011482239,
            0.2698580324649811,
            0.17677950859069824,
            0.0
          ],
          [
            -0.27081814408302307,
            0.9624401926994324,
            -0.019141320139169693,
            0.0
          ],
          [
            -0.17530514299869537,
            -0.029757188633084297,
            0.9840643405914307,
            0.0
          ],
          [
            0.0,
            0.0,
            0.0,
            1.0
          ]
        ],
        "rotation_mode": "QUATERNION"
      },
      "armature_space": {
        "head": {
          "x": 0.35502249002456665,
          "y": -0.13059140741825104,
          "z": 0.4507891535758972
        },
        "tail": {
          "x": 0.5998896956443787,
          "y": -0.1464196890592575,
          "z": 0.34421059489250183
        }
      },
      "world_space": {
        "head": {
          "x": 0.35502249002456665,
          "y": -0.06734740734100342,
          "z": 1.4006431102752686
        },
        "tail": {
          "x": 0.5998896956443787,
          "y": -0.08317568898200989,
          "z": 1.2940646409988403
        },
        "rotation_quaternion": {
          "w": 0.14809177815914154,
          "x": 0.5888130068778992,
          "y": 0.6696919202804565,
          "z": -0.42764565348625183
        },
        "matrix": [
          [
            -0.26273393630981445,
            0.9153076410293579,
            -0.3052574396133423,
            0.35502249002456665
          ],
          [
            0.6619868278503418,
            -0.05916573107242584,
            -0.7471767663955688,
            -0.06734740734100342
          ],
          [
            -0.701961874961853,
            -0.3983880281448364,
            -0.5903817415237427,
            1.4006431102752686
          ],
          [
            0.0,
            0.0,
            0.0,
            1.0
          ]
        ]
      },
      "bone_length_armature_space": 0.2675247128197117,
      "parent": "upperarm_l",
      "has_children": true,
      "is_end_bone": false
    },
    "metacarpal_thumb_l": {
      "name": "metacarpal_thumb_l",
      "local": {
        "location": {
          "x": 0.0,
          "y": 0.0,
          "z": 0.0
        },
        "rotation_quaternion": {
          "w": 0.9998819828033447,
          "x": -0.013683877885341644,
          "y": -0.006305186077952385,
          "z": -0.003019183874130249
        },
        "scale": {
          "x": 1.0,
          "y": 1.0,
          "z": 1.0
        },
        "matrix_basis": [
          [
            0.9999022483825684,
            0.006210213992744684,
            -0.012526256032288074,
            0.0
          ],
          [
            -0.005865096114575863,
            0.999607264995575,
            0.027402598410844803,
            0.0
          ],
          [
            0.012691511772572994,
            -0.02732645347714424,
            0.9995459914207458,
            0.0
          ],
          [
            0.0,
            0.0,
            0.0,
            1.0
          ]
        ],
        "rotation_mode": "QUATERNION"
      },
      "armature_space": {
        "head": {
          "x": 0.5998896956443787,
          "y": -0.1464196890592575,
          "z": 0.34421059489250183
        },
        "tail": {
          "x": 0.6251388788223267,
          "y": -0.16525860130786896,
          "z": 0.3059852421283722
        }
      },
      "world_space": {
        "head": {
          "x": 0.5998896956443787,
          "y": -0.08317568898200989,
          "z": 1.2940646409988403
        },
        "tail": {
          "x": 0.6251388788223267,
          "y": -0.10201460123062134,
          "z": 1.255839228630066
        },
        "rotation_quaternion": {
          "w": 0.43865689635276794,
          "x": -0.8281431794166565,
          "y": -0.34266215562820435,
          "z": 0.06589256227016449
        },
        "matrix": [
          [
            0.7564802765846252,
            0.5097380876541138,
            -0.4097607135772705,
            0.5998896956443787
          ],
          [
            0.6253567934036255,
            -0.38032543659210205,
            0.6813821792602539,
            -0.08317568898200989
          ],
          [
            0.19148604571819305,
            -0.7717046141624451,
            -0.6064807772636414,
            1.2940646409988403
          ],
          [
            0.0,
            0.0,
            0.0,
            1.0
          ]
        ]
      },
      "bone_length_armature_space": 0.049533862061436666,
      "parent": "lowerarm_l",
      "has_children": true,
      "is_end_bone": false
    },
    "thumb_01_l": {
      "name": "thumb_01_l",
      "local": {
        "location": {
          "x": 0.0,
          "y": 0.0,
          "z": 0.0
        },
        "rotation_quaternion": {
          "w": 0.9999306797981262,
          "x": 0.00013888254761695862,
          "y": 0.00937787164002657,
          "z": 0.007126530632376671
        },
        "scale": {
          "x": 1.0,
          "y": 1.0,
          "z": 1.0
        },
        "matrix_basis": [
          [
            0.9997225403785706,
            -0.014249468222260475,
            0.018756423145532608,
            0.0
          ],
          [
            0.014254678040742874,
            0.999898374080658,
            -0.0001440824562450871,
            0.0
          ],
          [
            -0.018752463161945343,
            0.0004114092153031379,
            0.999824047088623,
            0.0
          ],
          [
            0.0,
            0.0,
            0.0,
            1.0
          ]
        ],
        "rotation_mode": "QUATERNION"
      },
      "armature_space": {
        "head": {
          "x": 0.6251388788223267,
          "y": -0.16525860130786896,
          "z": 0.3059852421283722
        },
        "tail": {
          "x": 0.6228312253952026,
          "y": -0.15882016718387604,
          "z": 0.2726406455039978
        }
      },
      "world_space": {
        "head": {
          "x": 0.6251388788223267,
          "y": -0.10201460123062134,
          "z": 1.255839228630066
        },
        "tail": {
          "x": 0.6228312253952026,
          "y": -0.09557616710662842,
          "z": 1.2224946022033691
        },
        "rotation_quaternion": {
          "w": 0.6879801750183105,
          "x": -0.5866006016731262,
          "y": 0.34822219610214233,
          "z": -0.24763737618923187
        },
        "matrix": [
          [
            0.6348345875740051,
            -0.0677948147058487,
            0.7696675658226013,
            0.6251388788223267
          ],
          [
            -0.7492733597755432,
            0.18915106356143951,
            0.6346743702888489,
            -0.10201460123062134
          ],
          [
            -0.1886129081249237,
            -0.9796115159988403,
            0.0692838579416275,
            1.255839228630066
          ],
          [
            0.0,
            0.0,
            0.0,
            1.0
          ]
        ]
      },
      "bone_length_armature_space": 0.034038813594315424,
      "parent": "metacarpal_thumb_l",
      "has_children": true,
      "is_end_bone": false
    },
    "thumb_02_l": {
      "name": "thumb_02_l",
      "local": {
        "location": {
          "x": 0.0,
          "y": 0.0,
          "z": 0.0
        },
        "rotation_quaternion": {
          "w": 0.9874746799468994,
          "x": 0.15759079158306122,
          "y": -0.007667249999940395,
          "z": 0.000537058396730572
        },
        "scale": {
          "x": 1.0,
          "y": 1.0,
          "z": 1.0
        },
        "matrix_basis": [
          [
            0.9998818635940552,
            -0.0034772390499711037,
            -0.01497315987944603,
            0.0
          ],
          [
            -0.0013559128856286407,
            0.9503297209739685,
            -0.31124207377433777,
            0.0
          ],
          [
            0.015311701223254204,
            0.3112255930900574,
            0.9502127170562744,
            0.0
          ],
          [
            0.0,
            0.0,
            0.0,
            1.0
          ]
        ],
        "rotation_mode": "QUATERNION"
      },
      "armature_space": {
        "head": {
          "x": 0.6228311657905579,
          "y": -0.15882016718387604,
          "z": 0.2726406753063202
        },
        "tail": {
          "x": 0.6614719033241272,
          "y": -0.15987248718738556,
          "z": 0.2617335319519043
        }
      },
      "world_space": {
        "head": {
          "x": 0.6228311657905579,
          "y": -0.09557616710662842,
          "z": 1.2224947214126587
        },
        "tail": {
          "x": 0.6614719033241272,
          "y": -0.09662848711013794,
          "z": 1.2115875482559204
        },
        "rotation_quaternion": {
          "w": 0.6866389513015747,
          "x": -0.06877267360687256,
          "y": 0.12420433014631271,
          "z": -0.713001012802124
        },
        "matrix": [
          [
            -0.047593869268894196,
            0.962064266204834,
            0.26863786578178406,
            0.6228311657905579
          ],
          [
            -0.9962327480316162,
            -0.02620013803243637,
            -0.0826694443821907,
            -0.09557616710662842
          ],
          [
            -0.07249631732702255,
            -0.27156224846839905,
            0.9596936702728271,
            1.2224947214126587
          ],
          [
            0.0,
            0.0,
            0.0,
            1.0
          ]
        ]
      },
      "bone_length_armature_space": 0.04016440901365639,
      "parent": "thumb_01_l",
      "has_children": true,
      "is_end_bone": false
    },
    "thumb_03_l": {
      "name": "thumb_03_l",
      "local": {
        "location": {
          "x": 0.0,
          "y": 0.0,
          "z": 0.0
        },
        "rotation_quaternion": {
          "w": 0.9981228113174438,
          "x": 0.0607721246778965,
          "y": -0.005103020463138819,
          "z": -0.005619495175778866
        },
        "scale": {
          "x": 1.0,
          "y": 1.0,
          "z": 1.0
        },
        "matrix_basis": [
          [
            0.9998847842216492,
            0.010597649961709976,
            -0.01086989976465702,
            0.0
          ],
          [
            -0.011838135309517384,
            0.9925503134727478,
            -0.12125873565673828,
            0.0
          ],
          [
            0.00950386468321085,
            0.12137343734502792,
            0.992561399936676,
            0.0
          ],
          [
            0.0,
            0.0,
            0.0,
            1.0
          ]
        ],
        "rotation_mode": "QUATERNION"
      },
      "armature_space": {
        "head": {
          "x": 0.6614718437194824,
          "y": -0.15987253189086914,
          "z": 0.2617335021495819
        },
        "tail": {
          "x": 0.6916731595993042,
          "y": -0.15841397643089294,
          "z": 0.2652893662452698
        }
      },
      "world_space": {
        "head": {
          "x": 0.6614718437194824,
          "y": -0.09662853181362152,
          "z": 1.2115875482559204
        },
        "tail": {
          "x": 0.6916731595993042,
          "y": -0.09516997635364532,
          "z": 1.2151434421539307
        },
        "rotation_quaternion": {
          "w": 0.7124505043029785,
          "x": 0.20052145421504974,
          "y": 0.1279417872428894,
          "z": -0.6601790189743042
        },
        "matrix": [
          [
            0.09558841586112976,
            0.9919992685317993,
            -0.08245819807052612,
            0.6614718437194824
          ],
          [
            -0.8893803954124451,
            0.04790820926427841,
            -0.4546513259410858,
            -0.09662853181362152
          ],
          [
            -0.4470672309398651,
            0.11679710447788239,
            0.8868500590324402,
            1.2115875482559204
          ],
          [
            0.0,
            0.0,
            0.0,
            1.0
          ]
        ]
      },
      "bone_length_armature_space": 0.030444884841679454,
      "parent": "thumb_02_l",
      "has_children": false,
      "is_end_bone": true
    },
    "metacarpal_index_l": {
      "name": "metacarpal_index_l",
      "local": {
        "location": {
          "x": 0.0,
          "y": 0.0,
          "z": 0.0
        },
        "rotation_quaternion": {
          "w": 0.9989714622497559,
          "x": -0.04413384199142456,
          "y": -0.002968598622828722,
          "z": 0.009973780252039433
        },
        "scale": {
          "x": 1.0,
          "y": 1.0,
          "z": 1.0
        },
        "matrix_basis": [
          [
            0.9997833967208862,
            -0.019665012136101723,
            -0.006811453029513359,
            0.0
          ],
          [
            0.02018907479941845,
            0.9959054589271545,
            0.08811768144369125,
            0.0
          ],
          [
            0.0050507280975580215,
            -0.08823611587285995,
            0.9960867762565613,
            0.0
          ],
          [
            0.0,
            0.0,
            0.0,
            1.0
          ]
        ],
        "rotation_mode": "QUATERNION"
      },
      "armature_space": {
        "head": {
          "x": 0.5998896956443787,
          "y": -0.1464196890592575,
          "z": 0.34421059489250183
        },
        "tail": {
          "x": 0.6943621635437012,
          "y": -0.1793702095746994,
          "z": 0.283231258392334
        }
      },
      "world_space": {
        "head": {
          "x": 0.5998896956443787,
          "y": -0.08317568898200989,
          "z": 1.2940646409988403
        },
        "tail": {
          "x": 0.6943621635437012,
          "y": -0.11612620949745178,
          "z": 1.23308527469635
        },
        "rotation_quaternion": {
          "w": 0.20321236550807953,
          "x": -0.779782772064209,
          "y": -0.56400066614151,
          "z": 0.1804078072309494
        },
        "matrix": [
          [
            0.2987106442451477,
            0.8062735795974731,
            -0.5105820894241333,
            0.5998896956443787
          ],
          [
            0.9529186487197876,
            -0.281215637922287,
            0.11341997236013412,
            -0.08317568898200989
          ],
          [
            -0.052135664969682693,
            -0.5204270482063293,
            -0.852321445941925,
            1.2940646409988403
          ],
          [
            0.0,
            0.0,
            0.0,
            1.0
          ]
        ]
      },
      "bone_length_armature_space": 0.11717193818081105,
      "parent": "lowerarm_l",
      "has_children": true,
      "is_end_bone": false
    },
    "index_01_l": {
      "name": "index_01_l",
      "local": {
        "location": {
          "x": 0.0,
          "y": 0.0,
          "z": 0.0
        },
        "rotation_quaternion": {
          "w": 0.9994557499885559,
          "x": -0.02985350787639618,
          "y": -0.0032072938047349453,
          "z": 0.013670705258846283
        },
        "scale": {
          "x": 1.0,
          "y": 1.0,
          "z": 1.0
        },
        "matrix_basis": [
          [
            0.999605655670166,
            -0.027135031297802925,
            -0.007227333262562752,
            0.0
          ],
          [
            0.027518028393387794,
            0.9978437423706055,
            0.05958682671189308,
            0.0
          ],
          [
            0.00559485936537385,
            -0.05976221337914467,
            0.9981969594955444,
            0.0
          ],
          [
            0.0,
            0.0,
            0.0,
            1.0
          ]
        ],
        "rotation_mode": "QUATERNION"
      },
      "armature_space": {
        "head": {
          "x": 0.6943621635437012,
          "y": -0.1793702095746994,
          "z": 0.283231258392334
        },
        "tail": {
          "x": 0.721206784248352,
          "y": -0.17890028655529022,
          "z": 0.2736283242702484
        }
      },
      "world_space": {
        "head": {
          "x": 0.6943621635437012,
          "y": -0.11612620949745178,
          "z": 1.23308527469635
        },
        "tail": {
          "x": 0.721206784248352,
          "y": -0.1156562864780426,
          "z": 1.223482370376587
        },
        "rotation_quaternion": {
          "w": 0.16651757061481476,
          "x": -0.6971868872642517,
          "y": -0.6931895613670349,
          "z": 0.07543708384037018
        },
        "matrix": [
          [
            0.02759382873773575,
            0.9414411783218384,
            -0.3360450565814972,
            0.6943621635437012
          ],
          [
            0.9916889071464539,
            0.016480080783367157,
            0.12760049104690552,
            -0.11612620949745178
          ],
          [
            0.1256682276725769,
            -0.336775541305542,
            -0.9331687688827515,
            1.23308527469635
          ],
          [
            0.0,
            0.0,
            0.0,
            1.0
          ]
        ]
      },
      "bone_length_armature_space": 0.028514396934200353,
      "parent": "metacarpal_index_l",
      "has_children": true,
      "is_end_bone": false
    },
    "index_02_l": {
      "name": "index_02_l",
      "local": {
        "location": {
          "x": 0.0,
          "y": 0.0,
          "z": 0.0
        },
        "rotation_quaternion": {
          "w": 0.9830933809280396,
          "x": 0.18292590975761414,
          "y": -0.0058608995750546455,
          "z": 0.005604472476989031
        },
        "scale": {
          "x": 1.0,
          "y": 1.0,
          "z": 1.0
        },
        "matrix_basis": [
          [
            0.9998684525489807,
            -0.013163660652935505,
            -0.009473216719925404,
            0.0
          ],
          [
            0.008875219151377678,
            0.933013379573822,
            -0.3597322106361389,
            0.0
          ],
          [
            0.013574029318988323,
            0.35960081219673157,
            0.933007538318634,
            0.0
          ],
          [
            0.0,
            0.0,
            0.0,
            1.0
          ]
        ],
        "rotation_mode": "QUATERNION"
      },
      "armature_space": {
        "head": {
          "x": 0.7212070226669312,
          "y": -0.17890048027038574,
          "z": 0.2736278474330902
        },
        "tail": {
          "x": 0.7412310242652893,
          "y": -0.17762458324432373,
          "z": 0.25764334201812744
        }
      },
      "world_space": {
        "head": {
          "x": 0.7212070226669312,
          "y": -0.11565648019313812,
          "z": 1.2234818935394287
        },
        "tail": {
          "x": 0.7412310242652893,
          "y": -0.11438058316707611,
          "z": 1.2074973583221436
        },
        "rotation_quaternion": {
          "w": 0.2511826157569885,
          "x": -0.6543877720832825,
          "y": -0.6795411109924316,
          "z": 0.21658197045326233
        },
        "matrix": [
          [
            -0.01736491546034813,
            0.7805637717247009,
            -0.6248342394828796,
            0.7212070226669312
          ],
          [
            0.9981701374053955,
            0.04973640665411949,
            0.034391991794109344,
            -0.11565648019313812
          ],
          [
            0.05792346969246864,
            -0.6230981945991516,
            -0.7800049781799316,
            1.2234818935394287
          ],
          [
            0.0,
            0.0,
            0.0,
            1.0
          ]
        ]
      },
      "bone_length_armature_space": 0.025653323014112887,
      "parent": "index_01_l",
      "has_children": true,
      "is_end_bone": false
    },
    "index_03_l": {
      "name": "index_03_l",
      "local": {
        "location": {
          "x": 0.0,
          "y": 0.0,
          "z": 0.0
        },
        "rotation_quaternion": {
          "w": 0.9761306047439575,
          "x": 0.21712343394756317,
          "y": -0.0045889755710959435,
          "z": 0.0023473408073186874
        },
        "scale": {
          "x": 1.0,
          "y": 1.0,
          "z": 1.0
        },
        "matrix_basis": [
          [
            0.9999468922615051,
            -0.0065753706730902195,
            -0.007939553819596767,
            0.0
          ],
          [
            0.0025898742023855448,
            0.9057037830352783,
            -0.4239031970500946,
            0.0
          ],
          [
            0.009978204034268856,
            0.423860102891922,
            0.9056727290153503,
            0.0
          ],
          [
            0.0,
            0.0,
            0.0,
            1.0
          ]
        ],
        "rotation_mode": "QUATERNION"
      },
      "armature_space": {
        "head": {
          "x": 0.7412310838699341,
          "y": -0.17762459814548492,
          "z": 0.257643461227417
        },
        "tail": {
          "x": 0.751618504524231,
          "y": -0.1728370040655136,
          "z": 0.2307562530040741
        }
      },
      "world_space": {
        "head": {
          "x": 0.7412310838699341,
          "y": -0.1143805980682373,
          "z": 1.207497477531433
        },
        "tail": {
          "x": 0.751618504524231,
          "y": -0.10959300398826599,
          "z": 1.1806102991104126
        },
        "rotation_quaternion": {
          "w": 0.43741658329963684,
          "x": -0.5367440581321716,
          "y": -0.6249756813049316,
          "z": 0.3605247139930725
        },
        "matrix": [
          [
            -0.04114349186420441,
            0.3555063307285309,
            -0.9337674379348755,
            0.7412310838699341
          ],
          [
            0.9863031506538391,
            0.16385379433631897,
            0.018924497067928314,
            -0.1143805980682373
          ],
          [
            0.1597311794757843,
            -0.9202058911323547,
            -0.35738125443458557,
            1.207497477531433
          ],
          [
            0.0,
            0.0,
            0.0,
            1.0
          ]
        ]
      },
      "bone_length_armature_space": 0.029218855923955338,
      "parent": "index_02_l",
      "has_children": false,
      "is_end_bone": true
    },
    "metacarpal_pinky_l": {
      "name": "metacarpal_pinky_l",
      "local": {
        "location": {
          "x": 0.0,
          "y": 0.0,
          "z": 0.0
        },
        "rotation_quaternion": {
          "w": 0.9996568560600281,
          "x": -0.016254190355539322,
          "y": 0.004725506994873285,
          "z": 0.019994210451841354
        },
        "scale": {
          "x": 1.0,
          "y": 1.0,
          "z": 1.0
        },
        "matrix_basis": [
          [
            0.9991558194160461,
            -0.04012831673026085,
            0.008797791786491871,
            0.0
          ],
          [
            0.0398210808634758,
            0.9986720681190491,
            0.03268619254231453,
            0.0
          ],
          [
            -0.010097750462591648,
            -0.03230826184153557,
            0.9994269609451294,
            0.0
          ],
          [
            0.0,
            0.0,
            0.0,
            1.0
          ]
        ],
        "rotation_mode": "QUATERNION"
      },
      "armature_space": {
        "head": {
          "x": 0.5998896956443787,
          "y": -0.1464196890592575,
          "z": 0.34421059489250183
        },
        "tail": {
          "x": 0.6995684504508972,
          "y": -0.12332023680210114,
          "z": 0.3248772621154785
        }
      },
      "world_space": {
        "head": {
          "x": 0.5998896956443787,
          "y": -0.08317568898200989,
          "z": 1.2940646409988403
        },
        "tail": {
          "x": 0.6995684504508972,
          "y": -0.060076236724853516,
          "z": 1.2747312784194946
        },
        "rotation_quaternion": {
          "w": 0.6423997282981873,
          "x": 0.25120869278907776,
          "y": 0.44524139165878296,
          "z": -0.5709438920021057
        },
        "matrix": [
          [
            -0.048435334116220474,
            0.9572458863258362,
            0.28519073128700256,
            0.5998896956443787
          ],
          [
            -0.509851336479187,
            0.22183123230934143,
            -0.8311695456504822,
            -0.08317568898200989
          ],
          [
            -0.8589044809341431,
            -0.18566390872001648,
            0.47731122374534607,
            1.2940646409988403
          ],
          [
            0.0,
            0.0,
            0.0,
            1.0
          ]
        ]
      },
      "bone_length_armature_space": 0.10413076606638266,
      "parent": "lowerarm_l",
      "has_children": true,
      "is_end_bone": false
    },
    "pinky_01_l": {
      "name": "pinky_01_l",
      "local": {
        "location": {
          "x": 0.0,
          "y": 0.0,
          "z": 0.0
        },
        "rotation_quaternion": {
          "w": 0.9987637996673584,
          "x": 0.045037902891635895,
          "y": 0.018556946888566017,
          "z": 0.009908515028655529
        },
        "scale": {
          "x": 1.0,
          "y": 1.0,
          "z": 1.0
        },
        "matrix_basis": [
          [
            0.9991149306297302,
            -0.01812100037932396,
            0.03796052932739258,
            0.0
          ],
          [
            0.021464064717292786,
            0.9957467913627625,
            -0.0895967110991478,
            0.0
          ],
          [
            -0.03617549687623978,
            0.09033219516277313,
            0.9952544569969177,
            0.0
          ],
          [
            0.0,
            0.0,
            0.0,
            1.0
          ]
        ],
        "rotation_mode": "QUATERNION"
      },
      "armature_space": {
        "head": {
          "x": 0.6995684504508972,
          "y": -0.12332023680210114,
