{
  "metadata": {
    "armature_name": "KIM_caucasian_male",
    "export_time": "2026-01-13T20:26:10.417052",
    "blender_version": "4.4.1",
    "bone_count": 56,
    "end_bone_count": 13,
    "spaces_included": [
      "LOCAL_CHANNELS",
      "ARMATURE_SPACE",
      "WORLD_SPACE"
    ],
    "note": "LOCAL matches Transform panel; replay pose via local.matrix_basis for best fidelity."
  },
  "bones": {
    "Root": {
      "name": "Root",
      "local": {
        "location": {
          "x": 0.0,
          "y": 0.0,
          "z": 0.0
        },
        "rotation_quaternion": {
          "w": 0.9996917247772217,
          "x": -0.016722414642572403,
          "y": 0.015158954076468945,
          "z": -0.010343920439481735
        },
        "scale": {
          "x": 1.0,
          "y": 1.0,
          "z": 1.0
        },
        "matrix_basis": [
          [
            0.9993264079093933,
            0.020174475386738777,
            0.030654512345790863,
            0.0
          ],
          [
            -0.02118845283985138,
            0.9992267489433289,
            0.033120911568403244,
            0.0
          ],
          [
            -0.029962610453367233,
            -0.03374812379479408,
            0.9989811182022095,
            0.0
          ],
          [
            0.0,
            0.0,
            0.0,
            1.0
          ]
        ],
        "rotation_mode": "QUATERNION"
      },
      "armature_space": {
        "head": {
          "x": 0.0,
          "y": 0.07072800397872925,
          "z": -0.009595036506652832
        },
        "tail": {
          "x": 0.0014399706851691008,
          "y": 0.0003785043954849243,
          "z": 0.0023795347660779953
        }
      },
      "world_space": {
        "head": {
          "x": 0.0,
          "y": 0.13397200405597687,
          "z": 0.9402589797973633
        },
        "tail": {
          "x": 0.0014399706851691008,
          "y": 0.06362250447273254,
          "z": 0.9522335529327393
        },
        "rotation_quaternion": {
          "w": 0.08403132110834122,
          "x": 0.9962941408157349,
          "y": 0.011341648176312447,
          "z": 0.0144276674836874
        },
        "matrix": [
          [
            0.9993264079093933,
            0.020174475386738777,
            0.030654512345790863,
            0.0
          ],
          [
            0.025023993104696274,
            -0.9856202006340027,
            -0.16711300611495972,
            0.13397200405597687
          ],
          [
            0.026842499151825905,
            0.16776777803897858,
            -0.9854681491851807,
            0.9402589797973633
          ],
          [
            0.0,
            0.0,
            0.0,
            1.0
          ]
        ]
      },
      "bone_length_armature_space": 0.07137587656197593,
      "parent": null,
      "has_children": true,
      "is_end_bone": false
    },
    "spine_01": {
      "name": "spine_01",
      "local": {
        "location": {
          "x": 0.0,
          "y": 0.0,
          "z": 0.0
        },
        "rotation_quaternion": {
          "w": 0.9983096122741699,
          "x": -0.030799204483628273,
          "y": 0.0098714679479599,
          "z": -0.04828991740942001
        },
        "scale": {
          "x": 1.0,
          "y": 1.0,
          "z": 1.0
        },
        "matrix_basis": [
          [
            0.9951412677764893,
            0.09580851346254349,
            0.022684143856167793,
            0.0
          ],
          [
            -0.09702464193105698,
            0.9934389591217041,
            0.06054089963436127,
            0.0
          ],
          [
            -0.016734980046749115,
            -0.06244766712188721,
            0.9979079365730286,
            0.0
          ],
          [
            0.0,
            0.0,
            0.0,
            1.0
          ]
        ],
        "rotation_mode": "QUATERNION"
      },
      "armature_space": {
        "head": {
          "x": 0.0014399706851691008,
          "y": 0.0003785043954849243,
          "z": 0.0023795347660779953
        },
        "tail": {
          "x": 0.033525250852108,
          "y": 0.07058456540107727,
          "z": 0.48424071073532104
        }
      },
      "world_space": {
        "head": {
          "x": 0.0014399706851691008,
          "y": 0.06362250447273254,
          "z": 0.9522335529327393
        },
        "tail": {
          "x": 0.033525250852108,
          "y": 0.1338285654783249,
          "z": 1.4340946674346924
        },
        "rotation_quaternion": {
          "w": 0.7553036212921143,
          "x": 0.6541838049888611,
          "y": 0.03805842623114586,
          "z": -0.010561278089880943
        },
        "matrix": [
          [
            0.996880054473877,
            0.06574836373329163,
            0.04367287456989288,
            0.0014399706851691008
          ],
          [
            0.03384001553058624,
            0.14386451244354248,
            -0.9890187382698059,
            0.06362250447273254
          ],
          [
            -0.07130979746580124,
            0.9874179363250732,
            0.1411908119916916,
            0.9522335529327393
          ],
          [
            0.0,
            0.0,
            0.0,
            1.0
          ]
        ]
      },
      "bone_length_armature_space": 0.48800465987348335,
      "parent": "Root",
      "has_children": true,
      "is_end_bone": false
    },
    "neck_01": {
      "name": "neck_01",
      "local": {
        "location": {
          "x": 0.0,
          "y": 0.0,
          "z": 0.0
        },
        "rotation_quaternion": {
          "w": 0.9895261526107788,
          "x": -0.1341284215450287,
          "y": -0.006997472606599331,
          "z": 0.05290324240922928
        },
        "scale": {
          "x": 1.0,
          "y": 1.0,
          "z": 1.0
        },
        "matrix_basis": [
          [
            0.9943045377731323,
            -0.10282116383314133,
            -0.028040021657943726,
            0.0
          ],
          [
            0.10657540708780289,
            0.9584216475486755,
            0.2647067904472351,
            0.0
          ],
          [
            -0.00034329251502640545,
            -0.26618754863739014,
            0.9639211893081665,
            0.0
          ],
          [
            0.0,
            0.0,
            0.0,
            1.0
          ]
        ],
        "rotation_mode": "QUATERNION"
      },
      "armature_space": {
        "head": {
          "x": 0.039853841066360474,
          "y": 0.04681849479675293,
          "z": 0.5614345073699951
        },
        "tail": {
          "x": 0.03657793998718262,
          "y": 0.04909684509038925,
          "z": 0.663878858089447
        }
      },
      "world_space": {
        "head": {
          "x": 0.039853841066360474,
          "y": 0.11006249487400055,
          "z": 1.5112885236740112
        },
        "tail": {
          "x": 0.03657793998718262,
          "y": 0.11234084516763687,
          "z": 1.6137328147888184
        },
        "rotation_quaternion": {
          "w": 0.7148622870445251,
          "x": 0.6990768313407898,
          "y": -0.009124435484409332,
          "z": 0.013426370918750763
        },
        "matrix": [
          [
            0.999472975730896,
            -0.03195337578654289,
            0.005726915784180164,
            0.039853841066360474
          ],
          [
            0.006438870914280415,
            0.022223174571990967,
            -0.9997325539588928,
            0.11006249487400055
          ],
          [
            0.03181777521967888,
            0.999249279499054,
            0.02241639792919159,
            1.5112885236740112
          ],
          [
            0.0,
            0.0,
            0.0,
            1.0
          ]
        ]
      },
      "bone_length_armature_space": 0.10252203371093739,
      "parent": "spine_01",
      "has_children": true,
      "is_end_bone": false
    },
    "head": {
      "name": "head",
      "local": {
        "location": {
          "x": 0.0,
          "y": 0.0,
          "z": 0.0
        },
        "rotation_quaternion": {
          "w": 0.9853270053863525,
          "x": -0.040894124656915665,
          "y": 0.15385685861110687,
          "z": 0.06153503805398941
        },
        "scale": {
          "x": 1.0,
          "y": 1.0,
          "z": 1.0
        },
        "matrix_basis": [
          [
            0.9450830221176147,
            -0.13384795188903809,
            0.29816579818725586,
            0.0
          ],
          [
            0.10868058353662491,
            0.9890822172164917,
            0.09952334314584732,
            0.0
          ],
          [
            -0.3082314729690552,
            -0.06165299564599991,
            0.9493114948272705,
            0.0
          ],
          [
            0.0,
            0.0,
            0.0,
            1.0
          ]
        ],
        "rotation_mode": "QUATERNION"
      },
      "armature_space": {
        "head": {
          "x": 0.03657793998718262,
          "y": 0.04909668490290642,
          "z": 0.6638787984848022
        },
        "tail": {
          "x": 0.01093520037829876,
          "y": 0.11646799743175507,
          "z": 0.8011989593505859
        }
      },
      "world_space": {
        "head": {
          "x": 0.03657793998718262,
          "y": 0.11234068870544434,
          "z": 1.6137328147888184
        },
        "tail": {
          "x": 0.01093520037829876,
          "y": 0.17971199750900269,
          "z": 1.751052975654602
        },
        "rotation_quaternion": {
          "w": 0.843035876750946,
          "x": 0.511095404624939,
          "y": 0.08056572079658508,
          "z": 0.1469060182571411
        },
        "matrix": [
          [
            0.9438554048538208,
            -0.16534079611301422,
            0.2860061228275299,
            0.03657793998718262
          ],
          [
            0.33004826307296753,
            0.4344007670879364,
            -0.8380719423294067,
            0.11234068870544434
          ],
          [
            0.01432664692401886,
            0.885421097278595,
            0.4645842909812927,
            1.6137328147888184
          ],
          [
            0.0,
            0.0,
            0.0,
            1.0
          ]
        ]
      },
      "bone_length_armature_space": 0.15509116841750875,
      "parent": "neck_01",
      "has_children": false,
      "is_end_bone": true
    },
    "upperarm_l": {
      "name": "upperarm_l",
      "local": {
        "location": {
          "x": 0.0,
          "y": 0.0,
          "z": 0.0
        },
        "rotation_quaternion": {
          "w": 0.7797273993492126,
          "x": 0.5057523250579834,
          "y": 0.06552708148956299,
          "z": 0.36324387788772583
        },
        "scale": {
          "x": 1.0,
          "y": 1.0,
          "z": 1.0
        },
        "matrix_basis": [
          [
            0.7275201678276062,
            -0.5001814365386963,
            0.4696093797683716,
            0.0
          ],
          [
            0.6327433586120605,
            0.2245369404554367,
            -0.7410932779312134,
            0.0
          ],
          [
            0.26523634791374207,
            0.8363025188446045,
            0.47984156012535095,
            0.0
          ],
          [
            0.0,
            0.0,
            0.0,
            1.0
          ]
        ],
        "rotation_mode": "QUATERNION"
      },
      "armature_space": {
        "head": {
          "x": 0.1851063370704651,
          "y": 0.03907158598303795,
          "z": 0.48482614755630493
        },
        "tail": {
          "x": 0.27487727999687195,
          "y": -0.162465900182724,
          "z": 0.6369173526763916
        }
      },
      "world_space": {
        "head": {
          "x": 0.1851063370704651,
          "y": 0.10231558978557587,
          "z": 1.4346802234649658
        },
        "tail": {
          "x": 0.27487727999687195,
          "y": -0.09922190010547638,
          "z": 1.5867713689804077
        },
        "rotation_quaternion": {
          "w": 0.3519657850265503,
          "x": 0.8174864053726196,
          "y": 0.008653092198073864,
          "z": -0.45580828189849854
        },
        "matrix": [
          [
            0.584328830242157,
            0.33500438928604126,
            -0.7391428351402283,
            0.1851063370704651
          ],
          [
            -0.30670982599258423,
            -0.7520913481712341,
            -0.5833423137664795,
            0.10231558978557587
          ],
          [
            -0.7513304948806763,
            0.5675693154335022,
            -0.336722195148468,
            1.4346802234649658
          ],
          [
            0.0,
            0.0,
            0.0,
            1.0
          ]
        ]
      },
      "bone_length_armature_space": 0.2679699931101978,
      "parent": "spine_01",
      "has_children": true,
      "is_end_bone": false
    },
    "lowerarm_l": {
      "name": "lowerarm_l",
      "local": {
        "location": {
          "x": 0.0,
          "y": 0.0,
          "z": 0.0
        },
        "rotation_quaternion": {
          "w": 0.9316301345825195,
          "x": 0.14158670604228973,
          "y": 0.16634926199913025,
          "z": -0.2904246747493744
        },
        "scale": {
          "x": 1.0,
          "y": 1.0,
          "z": 1.0
        },
        "matrix_basis": [
          [
            0.7759628891944885,
            0.5882424712181091,
            0.22771142423152924,
            0.0
          ],
          [
            -0.49403107166290283,
            0.7912134528160095,
            -0.36043673753738403,
            0.0
          ],
          [
            -0.3921925127506256,
            0.16718901693820953,
            0.90456223487854,
            0.0
          ],
          [
            0.0,
            0.0,
            0.0,
            1.0
          ]
        ],
        "rotation_mode": "QUATERNION"
      },
      "armature_space": {
        "head": {
          "x": 0.2748771905899048,
          "y": -0.16246595978736877,
          "z": 0.6369174718856812
        },
        "tail": {
          "x": 0.3573260009288788,
          "y": -0.41673439741134644,
          "z": 0.6260022521018982
        }
      },
      "world_space": {
        "head": {
          "x": 0.2748771905899048,
          "y": -0.09922195971012115,
          "z": 1.5867714881896973
        },
        "tail": {
          "x": 0.3573260009288788,
          "y": -0.35349041223526,
          "z": 1.5758562088012695
        },
        "rotation_quaternion": {
          "w": 0.04679267480969429,
          "x": 0.8962033987045288,
          "y": 0.15028582513332367,
          "z": -0.4147821366786957
        },
        "matrix": [
          [
            0.6107399463653564,
            0.3081916570663452,
            -0.7293935418128967,
            0.2748771905899048
          ],
          [
            0.23055587708950043,
            -0.9504492282867432,
            -0.20854434370994568,
            -0.09922195971012115
          ],
          [
            -0.7575281262397766,
            -0.040800731629133224,
            -0.6515371203422546,
            1.5867714881896973
          ],
          [
            0.0,
            0.0,
            0.0,
            1.0
          ]
        ]
      },
      "bone_length_armature_space": 0.26752454815343296,
      "parent": "upperarm_l",
      "has_children": true,
      "is_end_bone": false
    },
    "metacarpal_thumb_l": {
      "name": "metacarpal_thumb_l",
      "local": {
        "location": {
          "x": 0.0,
          "y": 0.0,
          "z": 0.0
        },
        "rotation_quaternion": {
          "w": 0.9999326467514038,
          "x": 0.0024317316710948944,
          "y": 0.00672432966530323,
          "z": -0.009145204909145832
        },
        "scale": {
          "x": 1.0,
          "y": 1.0,
          "z": 1.0
        },
        "matrix_basis": [
          [
            0.9997422695159912,
            0.01832188107073307,
            0.013403275981545448,
            0.0
          ],
          [
            -0.018256474286317825,
            0.99982088804245,
            -0.004986126441508532,
            0.0
          ],
          [
            -0.013492231257259846,
            0.004740145057439804,
            0.9998977184295654,
            0.0
          ],
          [
            0.0,
            0.0,
            0.0,
            1.0
          ]
        ],
        "rotation_mode": "QUATERNION"
      },
      "armature_space": {
        "head": {
          "x": 0.3573260009288788,
          "y": -0.41673439741134644,
          "z": 0.6260022521018982
        },
        "tail": {
          "x": 0.35450536012649536,
          "y": -0.4580579400062561,
          "z": 0.5988360047340393
        }
      },
      "world_space": {
        "head": {
          "x": 0.3573260009288788,
          "y": -0.35349041223526,
          "z": 1.5758562088012695
        },
        "tail": {
          "x": 0.35450536012649536,
          "y": -0.3948139548301697,
          "z": 1.5486900806427002
        },
        "rotation_quaternion": {
          "w": 0.2638772428035736,
          "x": -0.9126623272895813,
          "y": 0.11507993191480637,
          "z": -0.29012587666511536
        },
        "matrix": [
          [
            0.8051673769950867,
            -0.056943707168102264,
            0.5903076529502869,
            0.3573260009288788
          ],
          [
            -0.3631734251976013,
            -0.834251344203949,
            0.41488543152809143,
            -0.35349041223526
          ],
          [
            0.4688427448272705,
            -0.5484405755996704,
            -0.6923969388008118,
            1.5758562088012695
          ],
          [
            0.0,
            0.0,
            0.0,
            1.0
          ]
        ]
      },
      "bone_length_armature_space": 0.049533787607242426,
      "parent": "lowerarm_l",
      "has_children": true,
      "is_end_bone": false
    },
    "thumb_01_l": {
      "name": "thumb_01_l",
      "local": {
        "location": {
          "x": 0.0,
          "y": 0.0,
          "z": 0.0
        },
        "rotation_quaternion": {
          "w": 0.9997987747192383,
          "x": 0.013755803927779198,
          "y": 0.013109033927321434,
          "z": 0.006426727399230003
        },
        "scale": {
          "x": 1.0,
          "y": 1.0,
          "z": 1.0
        },
        "matrix_basis": [
          [
            0.9995737075805664,
            -0.012490217573940754,
            0.026389602571725845,
            0.0
          ],
          [
            0.01321151852607727,
            0.9995389580726624,
            -0.0273375753313303,
            0.0
          ],
          [
            -0.026035983115434647,
            0.027674568817019463,
            0.9992778897285461,
            0.0
          ],
          [
            0.0,
            0.0,
            0.0,
            1.0
          ]
        ],
        "rotation_mode": "QUATERNION"
      },
      "armature_space": {
        "head": {
          "x": 0.35450536012649536,
          "y": -0.4580579400062561,
          "z": 0.5988360047340393
        },
        "tail": {
          "x": 0.36578264832496643,
          "y": -0.4648243486881256,
          "z": 0.5674405097961426
        }
      },
      "world_space": {
        "head": {
          "x": 0.35450536012649536,
          "y": -0.3948139548301697,
          "z": 1.5486900806427002
        },
        "tail": {
          "x": 0.36578264832496643,
          "y": -0.4015803337097168,
          "z": 1.5172945261001587
        },
        "rotation_quaternion": {
          "w": 0.42724213004112244,
          "x": -0.29873406887054443,
          "y": 0.4669804871082306,
          "z": -0.7142488360404968
        },
        "matrix": [
          [
            -0.4564427137374878,
            0.33130893111228943,
            0.8257691860198975,
            0.35450536012649536
          ],
          [
            -0.8893210887908936,
            -0.198786199092865,
            -0.41181567311286926,
            -0.3948139548301697
          ],
          [
            0.027712959796190262,
            -0.9223508238792419,
            0.38537681102752686,
            1.5486900806427002
          ],
          [
            0.0,
            0.0,
            0.0,
            1.0
          ]
        ]
      },
      "bone_length_armature_space": 0.034038781450931824,
      "parent": "metacarpal_thumb_l",
      "has_children": true,
      "is_end_bone": false
    },
    "thumb_02_l": {
      "name": "thumb_02_l",
      "local": {
        "location": {
          "x": 0.0,
          "y": 0.0,
          "z": 0.0
        },
        "rotation_quaternion": {
          "w": 0.994359016418457,
          "x": 0.10593044012784958,
          "y": -0.0014431698946282268,
          "z": 0.005186606664210558
        },
        "scale": {
          "x": 1.0,
          "y": 1.0,
          "z": 1.0
        },
        "matrix_basis": [
          [
            0.9999420046806335,
            -0.010620449669659138,
            -0.001771218958310783,
            0.0
          ],
          [
            0.010008946992456913,
            0.9775036573410034,
            -0.21068075299263,
            0.0
          ],
          [
            0.003968897275626659,
            0.21065080165863037,
            0.9775533080101013,
            0.0
          ],
          [
            0.0,
            0.0,
            0.0,
            1.0
          ]
        ],
        "rotation_mode": "QUATERNION"
      },
      "armature_space": {
        "head": {
          "x": 0.36578261852264404,
          "y": -0.46482428908348083,
          "z": 0.5674405097961426
        },
        "tail": {
          "x": 0.3802115023136139,
          "y": -0.5023059844970703,
          "z": 0.5677691102027893
        }
      },
      "world_space": {
        "head": {
          "x": 0.36578261852264404,
          "y": -0.401580274105072,
          "z": 1.5172945261001587
        },
        "tail": {
          "x": 0.3802115023136139,
          "y": -0.4390619993209839,
          "z": 1.5176231861114502
        },
        "rotation_quaternion": {
          "w": 0.1824996918439865,
          "x": 0.07342775911092758,
          "y": 0.009495753794908524,
          "z": -0.9804142713546753
        },
        "matrix": [
          [
            -0.922604501247406,
            0.359245240688324,
            -0.14051324129104614,
            0.36578261852264404
          ],
          [
            -0.35645610094070435,
            -0.9332074522972107,
            -0.04542046785354614,
            -0.401580274105072
          ],
          [
            -0.14744627475738525,
            0.008181065320968628,
            0.9890434145927429,
            1.5172945261001587
          ],
          [
            0.0,
            0.0,
            0.0,
            1.0
          ]
        ]
      },
      "bone_length_armature_space": 0.04016438959546162,
      "parent": "thumb_01_l",
      "has_children": true,
      "is_end_bone": false
    },
    "thumb_03_l": {
      "name": "thumb_03_l",
      "local": {
        "location": {
          "x": 0.0,
          "y": 0.0,
          "z": 0.0
        },
        "rotation_quaternion": {
          "w": 0.997507631778717,
          "x": 0.0703459158539772,
          "y": -0.0011741450289264321,
          "z": 0.0053475406020879745
        },
        "scale": {
          "x": 1.0,
          "y": 1.0,
          "z": 1.0
        },
        "matrix_basis": [
          [
            0.999940037727356,
            -0.01083361729979515,
            -0.0015900819562375546,
            0.0
          ],
          [
            0.010503232479095459,
            0.9900457262992859,
            -0.1403537392616272,
            0.0
          ],
          [
            0.0030947925988584757,
            0.14032861590385437,
            0.9901001453399658,
            0.0
          ],
          [
            0.0,
            0.0,
            0.0,
            1.0
          ]
        ],
        "rotation_mode": "QUATERNION"
      },
      "armature_space": {
        "head": {
          "x": 0.38021141290664673,
          "y": -0.5023059844970703,
          "z": 0.5677690505981445
        },
        "tail": {
          "x": 0.39169567823410034,
          "y": -0.5274621248245239,
          "z": 0.5805038213729858
        }
      },
      "world_space": {
        "head": {
          "x": 0.38021141290664673,
          "y": -0.4390619993209839,
          "z": 1.5176230669021606
        },
        "tail": {
          "x": 0.39169567823410034,
          "y": -0.4642181396484375,
          "z": 1.530357837677002
        },
        "rotation_quaternion": {
          "w": 0.25498318672180176,
          "x": 0.2930540144443512,
          "y": -0.14778949320316315,
          "z": -0.909538984298706
        },
        "matrix": [
          [
            -0.6982055902481079,
            0.37721461057662964,
            -0.6084556579589844,
            0.38021141290664673
          ],
          [
            -0.5504552721977234,
            -0.8262837529182434,
            0.11939211934804916,
            -0.4390619993209839
          ],
          [
            -0.4577239453792572,
            0.4182901382446289,
            0.784561276435852,
            1.5176230669021606
          ],
          [
            0.0,
            0.0,
            0.0,
            1.0
          ]
        ]
      },
      "bone_length_armature_space": 0.03044493636592294,
      "parent": "thumb_02_l",
      "has_children": false,
      "is_end_bone": true
    },
    "metacarpal_index_l": {
      "name": "metacarpal_index_l",
      "local": {
        "location": {
          "x": 0.0,
          "y": 0.0,
          "z": 0.0
        },
        "rotation_quaternion": {
          "w": 0.9995613098144531,
          "x": -0.024300094693899155,
          "y": -0.011185071431100368,
          "z": 0.012718677520751953
        },
        "scale": {
          "x": 1.0,
          "y": 1.0,
          "z": 1.0
        },
        "matrix_basis": [
          [
            0.9994262456893921,
            -0.024882599711418152,
            -0.022978458553552628,
            0.0
          ],
          [
            0.025969792157411575,
            0.9984954595565796,
            0.04829435050487518,
            0.0
          ],
          [
            0.02174219861626625,
            -0.04886338859796524,
            0.9985687732696533,
            0.0
          ],
          [
            0.0,
            0.0,
            0.0,
            1.0
          ]
        ],
        "rotation_mode": "QUATERNION"
      },
      "armature_space": {
        "head": {
          "x": 0.3573260009288788,
          "y": -0.41673439741134644,
          "z": 0.6260022521018982
        },
        "tail": {
          "x": 0.3661082088947296,
          "y": -0.530426025390625,
          "z": 0.5990517735481262
        }
      },
      "world_space": {
        "head": {
          "x": 0.3573260009288788,
          "y": -0.35349041223526,
          "z": 1.5758562088012695
        },
        "tail": {
          "x": 0.3661082088947296,
          "y": -0.4671820402145386,
          "z": 1.548905849456787
        },
        "rotation_quaternion": {
          "w": 0.1162681132555008,
          "x": -0.9924889206886292,
          "y": -0.036502741277217865,
          "z": -0.010726884938776493
        },
        "matrix": [
          [
            0.9971051216125488,
            0.07495149970054626,
            0.012804446741938591,
            0.3573260009288788
          ],
          [
            0.06996282935142517,
            -0.9702988862991333,
            0.23157241940498352,
            -0.35349041223526
          ],
          [
            0.029780903831124306,
            -0.23000851273536682,
            -0.972740113735199,
            1.5758562088012695
          ],
          [
            0.0,
            0.0,
            0.0,
            1.0
          ]
        ]
      },
      "bone_length_armature_space": 0.11717184571920863,
      "parent": "lowerarm_l",
      "has_children": true,
      "is_end_bone": false
    },
    "index_01_l": {
      "name": "index_01_l",
      "local": {
        "location": {
          "x": 0.0,
          "y": 0.0,
          "z": 0.0
        },
        "rotation_quaternion": {
          "w": 0.9991222620010376,
          "x": -0.03990497812628746,
          "y": 0.007278010249137878,
          "z": 0.010460051707923412
        },
        "scale": {
          "x": 1.0,
          "y": 1.0,
          "z": 1.0
        },
        "matrix_basis": [
          [
            0.9996752142906189,
            -0.021482598036527634,
            0.013708427548408508,
            0.0
          ],
          [
            0.02032088302075863,
            0.9965963363647461,
            0.07989215850830078,
            0.0
          ],
          [
            -0.01537806075066328,
            -0.07958764582872391,
            0.9967092275619507,
            0.0
          ],
          [
            0.0,
            0.0,
            0.0,
            1.0
          ]
        ],
        "rotation_mode": "QUATERNION"
      },
      "armature_space": {
        "head": {
          "x": 0.3661082088947296,
          "y": -0.530426025390625,
          "z": 0.5990517735481262
        },
        "tail": {
          "x": 0.3770541548728943,
          "y": -0.5567556619644165,
          "z": 0.5991222262382507
        }
      },
      "world_space": {
        "head": {
          "x": 0.3661082088947296,
          "y": -0.4671820402145386,
          "z": 1.548905849456787
        },
        "tail": {
          "x": 0.3770541548728943,
          "y": -0.4935116767883301,
          "z": 1.548976182937622
        },
        "rotation_quaternion": {
          "w": 0.011741953901946545,
          "x": -0.9784930944442749,
          "y": -0.1953744888305664,
          "z": -0.06513280421495438
        },
        "matrix": [
          [
            0.9151732325553894,
            0.3838748037815094,
            0.12287581712007523,
            0.3661082088947296
          ],
          [
            0.3808158338069916,
            -0.923382043838501,
            0.04842919856309891,
            -0.4671820402145386
          ],
          [
            0.13205309212207794,
            0.0024711862206459045,
            -0.9912466406822205,
            1.548905849456787
          ],
          [
            0.0,
            0.0,
            0.0,
            1.0
          ]
        ]
      },
      "bone_length_armature_space": 0.028514355069945204,
      "parent": "metacarpal_index_l",
      "has_children": true,
      "is_end_bone": false
    },
    "index_02_l": {
      "name": "index_02_l",
      "local": {
        "location": {
          "x": 0.0,
          "y": 0.0,
          "z": 0.0
        },
        "rotation_quaternion": {
          "w": 0.984499454498291,
          "x": 0.17504574358463287,
          "y": 0.010874336585402489,
          "z": 0.0012928221840411425
        },
        "scale": {
          "x": 1.0,
          "y": 1.0,
          "z": 1.0
        },
        "matrix_basis": [
          [
            0.9997601509094238,
            0.001261447207070887,
            0.021864162757992744,
            0.0
          ],
          [
            0.006352578289806843,
            0.9387146234512329,
            -0.3446367681026459,
            0.0
          ],
          [
            -0.020958950743079185,
            0.34469300508499146,
            0.9384814500808716,
            0.0
          ],
          [
            0.0,
            0.0,
            0.0,
            1.0
          ]
        ],
        "rotation_mode": "QUATERNION"
      },
      "armature_space": {
        "head": {
          "x": 0.3770541250705719,
          "y": -0.5567561388015747,
          "z": 0.5991219282150269
        },
        "tail": {
          "x": 0.38758334517478943,
          "y": -0.5787996053695679,
          "z": 0.5912916660308838
        }
      },
      "world_space": {
        "head": {
          "x": 0.3770541250705719,
          "y": -0.4935121536254883,
          "z": 1.548975944519043
        },
        "tail": {
          "x": 0.38758334517478943,
          "y": -0.5155556201934814,
          "z": 1.5411456823349
        },
        "rotation_quaternion": {
          "w": 0.16052445769309998,
          "x": -0.9641257524490356,
          "y": -0.21116293966770172,
          "z": -0.010181000456213951
        },
        "matrix": [
          [
            0.9106132984161377,
            0.4104439616203308,
            -0.048162564635276794,
            0.3770541250705719
          ],
          [
            0.40390703082084656,
            -0.8592844605445862,
            0.31383079290390015,
            -0.4935121536254883
          ],
          [
            0.0874253585934639,
            -0.305234432220459,
            -0.9482629895210266,
            1.548975944519043
          ],
          [
            0.0,
            0.0,
            0.0,
            1.0
          ]
        ]
      },
      "bone_length_armature_space": 0.025653301786446682,
      "parent": "index_01_l",
      "has_children": true,
      "is_end_bone": false
    },
    "index_03_l": {
      "name": "index_03_l",
      "local": {
        "location": {
          "x": 0.0,
          "y": 0.0,
          "z": 0.0
        },
        "rotation_quaternion": {
          "w": 0.9724883437156677,
          "x": 0.23289372026920319,
          "y": -0.004861882422119379,
          "z": 0.0017949489410966635
        },
        "scale": {
          "x": 1.0,
          "y": 1.0,
          "z": 1.0
        },
        "matrix_basis": [
          [
            0.9999462962150574,
            -0.0057557374238967896,
            -0.008620182983577251,
            0.0
          ],
          [
            0.0012265300611034036,
            0.8915145993232727,
            -0.45299032330513,
            0.0
          ],
          [
            0.010292313061654568,
            0.4529553949832916,
            0.8914737701416016,
            0.0
          ],
          [
            0.0,
            0.0,
            0.0,
            1.0
          ]
        ],
        "rotation_mode": "QUATERNION"
      },
      "armature_space": {
        "head": {
          "x": 0.38758331537246704,
          "y": -0.5787996649742126,
          "z": 0.5912917852401733
        },
        "tail": {
          "x": 0.3997470438480377,
          "y": -0.593847930431366,
          "z": 0.5693981051445007
        }
      },
      "world_space": {
        "head": {
          "x": 0.38758331537246704,
          "y": -0.5155556797981262,
          "z": 1.5411458015441895
        },
        "tail": {
          "x": 0.3997470438480377,
          "y": -0.5306039452552795,
          "z": 1.519252061843872
        },
        "rotation_quaternion": {
          "w": 0.42430537939071655,
          "x": -0.8700759410858154,
          "y": -0.24990737438201904,
          "z": 0.021892035380005836
        },
        "matrix": [
          [
            0.8741337656974792,
            0.41629934310913086,
            -0.25017082691192627,
            0.38758331537246704
          ],
          [
            0.45345598459243774,
            -0.5150226354598999,
            0.7274131178855896,
            -0.5155556797981262
          ],
          [
            0.17397934198379517,
            -0.7493031620979309,
            -0.6389756202697754,
            1.5411458015441895
          ],
          [
            0.0,
            0.0,
            0.0,
            1.0
          ]
        ]
      },
      "bone_length_armature_space": 0.029218826291056727,
      "parent": "index_02_l",
      "has_children": false,
      "is_end_bone": true
    },
    "metacarpal_pinky_l": {
      "name": "metacarpal_pinky_l",
      "local": {
        "location": {
          "x": 0.0,
          "y": 0.0,
          "z": 0.0
        },
        "rotation_quaternion": {
          "w": 0.9998743534088135,
          "x": 0.005322332493960857,
          "y": 0.014734786935150623,
          "z": 0.0024214161094278097
        },
        "scale": {
          "x": 1.0,
          "y": 1.0,
          "z": 1.0
        },
        "matrix_basis": [
          [
            0.9995540380477905,
            -0.004685376770794392,
            0.029491646215319633,
            0.0
          ],
          [
            0.004999070428311825,
            0.9999316334724426,
            -0.010571969673037529,
            0.0
          ],
          [
            -0.029440095648169518,
            0.010714685544371605,
            0.9995090961456299,
            0.0
          ],
          [
            0.0,
            0.0,
            0.0,
            1.0
          ]
        ],
        "rotation_mode": "QUATERNION"
      },
      "armature_space": {
        "head": {
          "x": 0.3573260009288788,
          "y": -0.41673439741134644,
          "z": 0.6260022521018982
        },
        "tail": {
          "x": 0.4106726050376892,
          "y": -0.504501223564148,
          "z": 0.6431586742401123
        }
      },
      "world_space": {
        "head": {
          "x": 0.3573260009288788,
          "y": -0.35349041223526,
          "z": 1.5758562088012695
        },
        "tail": {
          "x": 0.4106726050376892,
          "y": -0.4412572383880615,
          "z": 1.5930126905441284
        },
        "rotation_quaternion": {
          "w": 0.2740928530693054,
          "x": 0.478761225938797,
          "y": 0.058709461241960526,
          "z": -0.8319940567016602
        },
        "matrix": [
          [
            -0.39132124185562134,
            0.5123040080070496,
            -0.764468789100647,
            0.3573260009288788
          ],
          [
            -0.399872362613678,
            -0.8428521752357483,
            -0.3601429760456085,
            -0.35349041223526
          ],
          [
            -0.8288426399230957,
            0.16475866734981537,
            0.534685492515564,
            1.5758562088012695
          ],
          [
            0.0,
            0.0,
            0.0,
            1.0
          ]
        ]
      },
      "bone_length_armature_space": 0.10413077584864065,
      "parent": "lowerarm_l",
      "has_children": true,
      "is_end_bone": false
    },
    "pinky_01_l": {
      "name": "pinky_01_l",
      "local": {
        "location": {
          "x": 0.0,
          "y": 0.0,
          "z": 0.0
        },
        "rotation_quaternion": {
          "w": 0.9997923374176025,
          "x": 0.01858963444828987,
          "y": 0.006043098866939545,
          "z": 0.005770591553300619
        },
        "scale": {
          "x": 1.0,
          "y": 1.0,
          "z": 1.0
        },
        "matrix_basis": [
          [
            0.9998603463172913,
            -0.011314108036458492,
            0.012298233807086945,
            0.0
          ],
          [
            0.011763464659452438,
            0.9992422461509705,
            -0.037101805210113525,
            0.0
          ],
          [
            -0.011869141831994057,
            0.037241291254758835,
            0.9992358088493347,
            0.0
          ],
          [
            0.0,
            0.0,
            0.0,
            1.0
          ]
        ],
        "rotation_mode": "QUATERNION"
      },
      "armature_space": {
        "head": {
          "x": 0.4106726050376892,
          "y": -0.504501223564148,
          "z": 0.6431586742401123
        },
        "tail": {
          "x": 0.4206891357898712,
