{
  "metadata": {
    "armature_name": "KIM_caucasian_male",
    "export_time": "2026-01-13T20:25:12.049725",
    "blender_version": "4.4.1",
    "bone_count": 56,
    "end_bone_count": 13,
    "spaces_included": [
      "LOCAL_CHANNELS",
      "ARMATURE_SPACE",
      "WORLD_SPACE"
    ],
    "note": "LOCAL matches Transform panel; replay pose via local.matrix_basis for best fidelity."
  },
  "bones": {
    "Root": {
      "name": "Root",
      "local": {
        "location": {
          "x": 0.0,
          "y": 0.0,
          "z": 0.0
        },
        "rotation_quaternion": {
          "w": 0.9996568560600281,
          "x": -0.003410311648622155,
          "y": -0.01337562408298254,
          "z": 0.02226170152425766
        },
        "scale": {
          "x": 1.0,
          "y": 1.0,
          "z": 1.0
        },
        "matrix_basis": [
          [
            0.9986510276794434,
            -0.044416893273591995,
            -0.02689390815794468,
            0.0
          ],
          [
            0.04459935426712036,
            0.9989855885505676,
            0.006222754716873169,
            0.0
          ],
          [
            0.02659022994339466,
            -0.007413811050355434,
            0.9996189475059509,
            0.0
          ],
          [
            0.0,
            0.0,
            0.0,
            1.0
          ]
        ],
        "rotation_mode": "QUATERNION"
      },
      "armature_space": {
        "head": {
          "x": 0.0,
          "y": 0.07072800397872925,
          "z": -0.009595036506652832
        },
        "tail": {
          "x": -0.0031702944543212652,
          "y": 0.00014288723468780518,
          "z": 0.0005146348848938942
        }
      },
      "world_space": {
        "head": {
          "x": 0.0,
          "y": 0.13397200405597687,
          "z": 0.9402589797973633
        },
        "tail": {
          "x": -0.0031702944543212652,
          "y": 0.06338688731193542,
          "z": 0.9503686428070068
        },
        "rotation_quaternion": {
          "w": 0.07074711471796036,
          "x": 0.9971561431884766,
          "y": -0.023112213239073753,
          "z": -0.011845513246953487
        },
        "matrix": [
          [
            0.9986510276794434,
            -0.044416893273591995,
            -0.02689390815794468,
            0.0
          ],
          [
            -0.04776905104517937,
            -0.9889212846755981,
            -0.14054474234580994,
            0.13397200405597687
          ],
          [
            -0.020353585481643677,
            0.14163990318775177,
            -0.9897160530090332,
            0.9402589797973633
          ],
          [
            0.0,
            0.0,
            0.0,
            1.0
          ]
        ]
      },
      "bone_length_armature_space": 0.07137587044884468,
      "parent": null,
      "has_children": true,
      "is_end_bone": false
    },
    "spine_01": {
      "name": "spine_01",
      "local": {
        "location": {
          "x": 0.0,
          "y": 0.0,
          "z": 0.0
        },
        "rotation_quaternion": {
          "w": 0.9950658082962036,
          "x": 0.06372318416833878,
          "y": 0.05510208010673523,
          "z": -0.05241496488451958
        },
        "scale": {
          "x": 1.0,
          "y": 1.0,
          "z": 1.0
        },
        "matrix_basis": [
          [
            0.9884328842163086,
            0.11133524030447006,
            0.10298029333353043,
            0.0
          ],
          [
            -0.09729012101888657,
            0.9863840341567993,
            -0.13259387016296387,
            0.0
          ],
          [
            -0.11634048819541931,
            0.1210411787033081,
            0.9858062267303467,
            0.0
          ],
          [
            0.0,
            0.0,
            0.0,
            1.0
          ]
        ],
        "rotation_mode": "QUATERNION"
      },
      "armature_space": {
        "head": {
          "x": -0.0031702944543212652,
          "y": 0.00014288723468780518,
          "z": 0.0005146348848938942
        },
        "tail": {
          "x": 0.05934951826930046,
          "y": -0.035855598747730255,
          "z": 0.4831571877002716
        }
      },
      "world_space": {
        "head": {
          "x": -0.0031702944543212652,
          "y": 0.06338688731193542,
          "z": 0.9503686428070068
        },
        "tail": {
          "x": 0.05934951826930046,
          "y": 0.027388401329517365,
          "z": 1.4330111742019653
        },
        "rotation_quaternion": {
          "w": 0.6773698925971985,
          "x": 0.732337474822998,
          "y": 0.06546972692012787,
          "z": -0.023784734308719635
        },
        "matrix": [
          [
            0.9902960062026978,
            0.12811404466629028,
            0.05385837331414223,
            -0.0031702944543212652
          ],
          [
            0.06367053091526031,
            -0.07376720011234283,
            -0.9952409267425537,
            0.06338688731193542
          ],
          [
            -0.12353216856718063,
            0.9890191555023193,
            -0.0812099277973175,
            0.9503686428070068
          ],
          [
            0.0,
            0.0,
            0.0,
            1.0
          ]
        ]
      },
      "bone_length_armature_space": 0.4880045754254629,
      "parent": "Root",
      "has_children": true,
      "is_end_bone": false
    },
    "neck_01": {
      "name": "neck_01",
      "local": {
        "location": {
          "x": 0.0,
          "y": 0.0,
          "z": 0.0
        },
        "rotation_quaternion": {
          "w": 0.9959079027175903,
          "x": -0.04893047735095024,
          "y": 0.023877521976828575,
          "z": -0.07213281840085983
        },
        "scale": {
          "x": 1.0,
          "y": 1.0,
          "z": 1.0
        },
        "matrix_basis": [
          [
            0.9884534478187561,
            0.14133861660957336,
            0.05461861193180084,
            0.0
          ],
          [
            -0.14601196348667145,
            0.9848053455352783,
            0.09401579201221466,
            0.0
          ],
          [
            -0.040500640869140625,
            -0.10090520232915878,
            0.994071364402771,
            0.0
          ],
          [
            0.0,
            0.0,
            0.0,
            1.0
          ]
        ],
        "rotation_mode": "QUATERNION"
      },
      "armature_space": {
        "head": {
          "x": 0.07059765607118607,
          "y": -0.07577211409807205,
          "z": 0.5527552962303162
        },
        "tail": {
          "x": 0.09898412227630615,
          "y": -0.11070006340742111,
          "z": 0.6448692679405212
        }
      },
      "world_space": {
        "head": {
          "x": 0.07059765607118607,
          "y": -0.012528114020824432,
          "z": 1.5026092529296875
        },
        "tail": {
          "x": 0.09898412227630615,
          "y": -0.04745606333017349,
          "z": 1.5947232246398926
        },
        "rotation_quaternion": {
          "w": 0.5581814646720886,
          "x": 0.8171478509902954,
          "y": 0.1344933658838272,
          "z": -0.05113150179386139
        },
        "matrix": [
          [
            0.9585940837860107,
            0.2768835127353668,
            0.06658075004816055,
            0.07059765607118607
          ],
          [
            0.1627219021320343,
            -0.3406895697116852,
            -0.9259873032569885,
            -0.012528114020824432
          ],
          [
            -0.23370873928070068,
            0.8984859585762024,
            -0.37164145708084106,
            1.5026092529296875
          ],
          [
            0.0,
            0.0,
            0.0,
            1.0
          ]
        ]
      },
      "bone_length_armature_space": 0.10252188527327416,
      "parent": "spine_01",
      "has_children": true,
      "is_end_bone": false
    },
    "head": {
      "name": "head",
      "local": {
        "location": {
          "x": 0.0,
          "y": 0.0,
          "z": 0.0
        },
        "rotation_quaternion": {
          "w": 0.9929276704788208,
          "x": -0.11026592552661896,
          "y": -0.015958167612552643,
          "z": -0.04100721701979637
        },
        "scale": {
          "x": 1.0,
          "y": 1.0,
          "z": 1.0
        },
        "matrix_basis": [
          [
            0.9961274862289429,
            0.0849536880850792,
            -0.02264721505343914,
            0.0
          ],
          [
            -0.07791511714458466,
            0.9723196625709534,
            0.2202809751033783,
            0.0
          ],
          [
            0.04073401167988777,
            -0.21766337752342224,
            0.9751735329627991,
            0.0
          ],
          [
            0.0,
            0.0,
            0.0,
            1.0
          ]
        ],
        "rotation_mode": "QUATERNION"
      },
      "armature_space": {
        "head": {
          "x": 0.09898410737514496,
          "y": -0.11070017516613007,
          "z": 0.6448691487312317
        },
        "tail": {
          "x": 0.14145435392856598,
          "y": -0.07271380722522736,
          "z": 0.7891140580177307
        }
      },
      "world_space": {
        "head": {
          "x": 0.09898410737514496,
          "y": -0.047456175088882446,
          "z": 1.5947232246398926
        },
        "tail": {
          "x": 0.14145435392856598,
          "y": -0.009469807147979736,
          "z": 1.7389681339263916
        },
        "rotation_quaternion": {
          "w": 0.7726085782051086,
          "x": 0.6123557090759277,
          "y": 0.1598154455423355,
          "z": -0.05055243521928787
        },
        "matrix": [
          [
            0.9438073039054871,
            0.2738422155380249,
            0.18503591418266296,
            0.09898410737514496
          ],
          [
            0.11761151254177094,
            0.24493081867694855,
            -0.9623807668685913,
            -0.047456175088882446
          ],
          [
            -0.3088635504245758,
            0.9300710558891296,
            0.19896097481250763,
            1.5947232246398926
          ],
          [
            0.0,
            0.0,
            0.0,
            1.0
          ]
        ]
      },
      "bone_length_armature_space": 0.15509119863016557,
      "parent": "neck_01",
      "has_children": false,
      "is_end_bone": true
    },
    "upperarm_l": {
      "name": "upperarm_l",
      "local": {
        "location": {
          "x": 0.0,
          "y": 0.0,
          "z": 0.0
        },
        "rotation_quaternion": {
          "w": 0.8044085502624512,
          "x": 0.14972051978111267,
          "y": 0.5736215710639954,
          "z": 0.038330160081386566
        },
        "scale": {
          "x": 1.0,
          "y": 1.0,
          "z": 1.0
        },
        "matrix_basis": [
          [
            0.3389781713485718,
            0.11009962111711502,
            0.9343298077583313,
            0.0
          ],
          [
            0.23343205451965332,
            0.9522291421890259,
            -0.1968989223241806,
            0.0
          ],
          [
            -0.911374568939209,
            0.2848469316959381,
            0.29708412289619446,
            0.0
          ],
          [
            0.0,
            0.0,
            0.0,
            1.0
          ]
        ],
        "rotation_mode": "QUATERNION"
      },
      "armature_space": {
        "head": {
          "x": 0.21070356667041779,
          "y": -0.06443775445222855,
          "z": 0.4674966633319855
        },
        "tail": {
          "x": 0.4641845226287842,
          "y": -0.11057783663272858,
          "z": 0.3938337564468384
        }
      },
      "world_space": {
        "head": {
          "x": 0.21070356667041779,
          "y": -0.0011937543749809265,
          "z": 1.4173506498336792
        },
        "tail": {
          "x": 0.4641845226287842,
          "y": -0.04733383655548096,
          "z": 1.3436877727508545
        },
        "rotation_quaternion": {
          "w": 0.01690233126282692,
          "x": -0.7405125498771667,
          "y": -0.643134593963623,
          "z": 0.1942511647939682
        },
        "matrix": [
          [
            0.0972880870103836,
            0.9459322690963745,
            -0.3094308078289032,
            0.21070356667041779
          ],
          [
            0.9590647220611572,
            -0.17218413949012756,
            -0.22482874989509583,
            -0.0011937543749809265
          ],
          [
            -0.2659527659416199,
            -0.27489298582077026,
            -0.9239683151245117,
            1.4173506498336792
          ],
          [
            0.0,
            0.0,
            0.0,
            1.0
          ]
        ]
      },
      "bone_length_armature_space": 0.26796964599707035,
      "parent": "spine_01",
      "has_children": true,
      "is_end_bone": false
    },
    "lowerarm_l": {
      "name": "lowerarm_l",
      "local": {
        "location": {
          "x": 0.0,
          "y": 0.0,
          "z": 0.0
        },
        "rotation_quaternion": {
          "w": 0.9103150367736816,
          "x": 0.35950547456741333,
          "y": -0.05268144607543945,
          "z": 0.1982601284980774
        },
        "scale": {
          "x": 1.0,
          "y": 1.0,
          "z": 1.0
        },
        "matrix_basis": [
          [
            0.9158352017402649,
            -0.3988368809223175,
            0.046637777239084244,
            0.0
          ],
          [
            0.32307982444763184,
            0.6628974676132202,
            -0.6754157543182373,
            0.0
          ],
          [
            0.2384646236896515,
            0.6336371898651123,
            0.7359609603881836,
            0.0
          ],
          [
            0.0,
            0.0,
            0.0,
            1.0
          ]
        ],
        "rotation_mode": "QUATERNION"
      },
      "armature_space": {
        "head": {
          "x": 0.46418455243110657,
          "y": -0.11057798564434052,
          "z": 0.3938336968421936
        },
        "tail": {
          "x": 0.5381194949150085,
          "y": -0.31018078327178955,
          "z": 0.23177765309810638
        }
      },
      "world_space": {
        "head": {
          "x": 0.46418455243110657,
          "y": -0.047333985567092896,
          "z": 1.3436877727508545
        },
        "tail": {
          "x": 0.5381194949150085,
          "y": -0.24693678319454193,
          "z": 1.1816316843032837
        },
        "rotation_quaternion": {
          "w": 0.18768824636936188,
          "x": -0.7774655222892761,
          "y": -0.3028496503829956,
          "z": 0.5182690024375916
        },
        "matrix": [
          [
            0.2793585956096649,
            0.2763669490814209,
            -0.9195543527603149,
            0.46418455243110657
          ],
          [
            0.6654566526412964,
            -0.7461103200912476,
            -0.02207513153553009,
            -0.047333985567092896
          ],
          [
            -0.6921939253807068,
            -0.6057615280151367,
            -0.39234548807144165,
            1.3436877727508545
          ],
          [
            0.0,
            0.0,
            0.0,
            1.0
          ]
        ]
      },
      "bone_length_armature_space": 0.267525347495827,
      "parent": "upperarm_l",
      "has_children": true,
      "is_end_bone": false
    },
    "metacarpal_thumb_l": {
      "name": "metacarpal_thumb_l",
      "local": {
        "location": {
          "x": 0.0,
          "y": 0.0,
          "z": 0.0
        },
        "rotation_quaternion": {
          "w": 0.9999313950538635,
          "x": 0.0017234438564628363,
          "y": 0.0023832216393202543,
          "z": 0.011345558799803257
        },
        "scale": {
          "x": 1.0,
          "y": 1.0,
          "z": 1.0
        },
        "matrix_basis": [
          [
            0.999731183052063,
            -0.02268134616315365,
            0.00480522308498621,
            0.0
          ],
          [
            0.022697774693369865,
            0.9997366070747375,
            -0.0033925732132047415,
            0.0
          ],
          [
            -0.00472700921818614,
            0.003500729100778699,
            0.9999827146530151,
            0.0
          ],
          [
            0.0,
            0.0,
            0.0,
            1.0
          ]
        ],
        "rotation_mode": "QUATERNION"
      },
      "armature_space": {
        "head": {
          "x": 0.5381194949150085,
          "y": -0.31018078327178955,
          "z": 0.23177765309810638
        },
        "tail": {
          "x": 0.5236627459526062,
          "y": -0.33337023854255676,
          "z": 0.19046346843242645
        }
      },
      "world_space": {
        "head": {
          "x": 0.5381194949150085,
          "y": -0.24693678319454193,
          "z": 1.1816316843032837
        },
        "tail": {
          "x": 0.5236627459526062,
          "y": -0.27012622356414795,
          "z": 1.140317440032959
        },
        "rotation_quaternion": {
          "w": 0.4758651554584503,
          "x": -0.8552970886230469,
          "y": 0.19868287444114685,
          "z": -0.05044355243444443
        },
        "matrix": [
          [
            0.9159607291221619,
            -0.29185745120048523,
            0.2753819525241852,
            0.5381194949150085
          ],
          [
            -0.387875497341156,
            -0.4681552052497864,
            0.793967068195343,
            -0.24693678319454193
          ],
          [
            -0.10280457884073257,
            -0.8340626955032349,
            -0.5420191884040833,
            1.1816316843032837
          ],
          [
            0.0,
            0.0,
            0.0,
            1.0
          ]
        ]
      },
      "bone_length_armature_space": 0.04953393095212287,
      "parent": "lowerarm_l",
      "has_children": true,
      "is_end_bone": false
    },
    "thumb_01_l": {
      "name": "thumb_01_l",
      "local": {
        "location": {
          "x": 0.0,
          "y": 0.0,
          "z": 0.0
        },
        "rotation_quaternion": {
          "w": 0.977760910987854,
          "x": 0.20802713930606842,
          "y": 0.026215579360723495,
          "z": -0.004602655302733183
        },
        "scale": {
          "x": 1.0,
          "y": 1.0,
          "z": 1.0
        },
        "matrix_basis": [
          [
            0.9985831379890442,
            0.019907696172595024,
            0.049350183457136154,
            0.0
          ],
          [
            0.0019065110245719552,
            0.913407027721405,
            -0.407042920589447,
            0.0
          ],
          [
            -0.053180091083049774,
            0.4065603017807007,
            0.9120749235153198,
            0.0
          ],
          [
            0.0,
            0.0,
            0.0,
            1.0
          ]
        ],
        "rotation_mode": "QUATERNION"
      },
      "armature_space": {
        "head": {
          "x": 0.5236627459526062,
          "y": -0.33337023854255676,
          "z": 0.19046346843242645
        },
        "tail": {
          "x": 0.5328768491744995,
          "y": -0.32871925830841064,
          "z": 0.15802724659442902
        }
      },
      "world_space": {
        "head": {
          "x": 0.5236627459526062,
          "y": -0.27012622356414795,
          "z": 1.140317440032959
        },
        "tail": {
          "x": 0.5328768491744995,
          "y": -0.2654752731323242,
          "z": 1.1078813076019287
        },
        "rotation_quaternion": {
          "w": 0.46193066239356995,
          "x": -0.24538178741931915,
          "y": 0.5957676768302917,
          "z": -0.60948246717453
        },
        "matrix": [
          [
            -0.45281338691711426,
            0.27069568634033203,
            0.8495198488235474,
            0.5236627459526062
          ],
          [
            -0.8554596900939941,
            0.1366385668516159,
            -0.4995187520980835,
            -0.27012622356414795
          ],
          [
            -0.25129711627960205,
            -0.9529252648353577,
            0.1696982979774475,
            1.140317440032959
          ],
          [
            0.0,
            0.0,
            0.0,
            1.0
          ]
        ]
      },
      "bone_length_armature_space": 0.03403879836428708,
      "parent": "metacarpal_thumb_l",
      "has_children": true,
      "is_end_bone": false
    },
    "thumb_02_l": {
      "name": "thumb_02_l",
      "local": {
        "location": {
          "x": 0.0,
          "y": 0.0,
          "z": 0.0
        },
        "rotation_quaternion": {
          "w": 0.9333105087280273,
          "x": 0.35879555344581604,
          "y": 0.008368012495338917,
          "z": 0.011280500330030918
        },
        "scale": {
          "x": 1.0,
          "y": 1.0,
          "z": 1.0
        },
        "matrix_basis": [
          [
            0.9996054768562317,
            -0.015051607973873615,
            0.023714695125818253,
            0.0
          ],
          [
            0.027061229571700096,
            0.7422770261764526,
            -0.6695465445518494,
            0.0
          ],
          [
            -0.0075251213274896145,
            0.6699241399765015,
            0.7423914670944214,
            0.0
          ],
          [
            0.0,
            0.0,
            0.0,
            1.0
          ]
        ],
        "rotation_mode": "QUATERNION"
      },
      "armature_space": {
        "head": {
          "x": 0.5328767895698547,
          "y": -0.32871919870376587,
          "z": 0.1580272614955902
        },
        "tail": {
          "x": 0.5440768003463745,
          "y": -0.36668211221694946,
          "z": 0.16485051810741425
        }
      },
      "world_space": {
        "head": {
          "x": 0.5328767895698547,
          "y": -0.26547521352767944,
          "z": 1.1078813076019287
        },
        "tail": {
          "x": 0.5440768003463745,
          "y": -0.30343812704086304,
          "z": 1.1147044897079468
        },
        "rotation_quaternion": {
          "w": 0.15110261738300323,
          "x": 0.12424937635660172,
          "y": -0.06763148307800293,
          "z": -0.9783435463905334
        },
        "matrix": [
          [
            -0.9234602451324463,
            0.27885428071022034,
            -0.26355573534965515,
            0.5328767895698547
          ],
          [
            -0.31246694922447205,
            -0.945188045501709,
            0.09478491544723511,
            -0.26547521352767944
          ],
          [
            -0.22268043458461761,
            0.16988304257392883,
            0.9599831104278564,
            1.1078813076019287
          ],
          [
            0.0,
            0.0,
            0.0,
            1.0
          ]
        ]
      },
      "bone_length_armature_space": 0.04016441057186687,
      "parent": "thumb_01_l",
      "has_children": true,
      "is_end_bone": false
    },
    "thumb_03_l": {
      "name": "thumb_03_l",
      "local": {
        "location": {
          "x": 0.0,
          "y": 0.0,
          "z": 0.0
        },
        "rotation_quaternion": {
          "w": 0.9837156534194946,
          "x": 0.17946721613407135,
          "y": 0.008562359027564526,
          "z": 0.0046605938114225864
        },
        "scale": {
          "x": 1.0,
          "y": 1.0,
          "z": 1.0
        },
        "matrix_basis": [
          [
            0.9998099207878113,
            -0.006096072494983673,
            0.018518701195716858,
            0.0
          ],
          [
            0.012242723256349564,
            0.9355396032333374,
            -0.3530096113681793,
            0.0
          ],
          [
            -0.015173005871474743,
            0.3531692326068878,
            0.9354364275932312,
            0.0
          ],
          [
            0.0,
            0.0,
            0.0,
            1.0
          ]
        ],
        "rotation_mode": "QUATERNION"
      },
      "armature_space": {
        "head": {
          "x": 0.5440767407417297,
          "y": -0.3666820824146271,
          "z": 0.16485042870044708
        },
        "tail": {
          "x": 0.5469827055931091,
          "y": -0.38839319348335266,
          "z": 0.1859946995973587
        }
      },
      "world_space": {
        "head": {
          "x": 0.5440767407417297,
          "y": -0.30343806743621826,
          "z": 1.1147044897079468
        },
        "tail": {
          "x": 0.5469827055931091,
          "y": -0.32514917850494385,
          "z": 1.1358487606048584
        },
        "rotation_quaternion": {
          "w": 0.19327564537525177,
          "x": 0.35954418778419495,
          "y": -0.3257003128528595,
          "z": -0.8528140783309937
        },
        "matrix": [
          [
            -0.6667454242706299,
            0.09545044600963593,
            -0.7391481399536133,
            0.5440767407417297
          ],
          [
            -0.5638639330863953,
            -0.7131279706954956,
            0.4165407419204712,
            -0.30343806743621826
          ],
          [
            -0.4873521327972412,
            0.6945098638534546,
            0.5292998552322388,
            1.1147044897079468
          ],
          [
            0.0,
            0.0,
            0.0,
            1.0
          ]
        ]
      },
      "bone_length_armature_space": 0.030444985522613748,
      "parent": "thumb_02_l",
      "has_children": false,
      "is_end_bone": true
    },
    "metacarpal_index_l": {
      "name": "metacarpal_index_l",
      "local": {
        "location": {
          "x": 0.0,
          "y": 0.0,
          "z": 0.0
        },
        "rotation_quaternion": {
          "w": 0.9995740056037903,
          "x": -0.028131704777479172,
          "y": -0.006818749476224184,
          "z": -0.0037456031423062086
        },
        "scale": {
          "x": 1.0,
          "y": 1.0,
          "z": 1.0
        },
        "matrix_basis": [
          [
            0.9998789429664612,
            0.007871661335229874,
            -0.013420948758721352,
            0.0
          ],
          [
            -0.007104368880391121,
            0.9983891844749451,
            0.05629052221775055,
            0.0
          ],
          [
            0.013842429965734482,
            -0.05618835985660553,
            0.9983242154121399,
            0.0
          ],
          [
            0.0,
            0.0,
            0.0,
            1.0
          ]
        ],
        "rotation_mode": "QUATERNION"
      },
      "armature_space": {
        "head": {
          "x": 0.5381194949150085,
          "y": -0.31018078327178955,
          "z": 0.23177765309810638
        },
        "tail": {
          "x": 0.5407596826553345,
          "y": -0.39435669779777527,
          "z": 0.15031126141548157
        }
      },
      "world_space": {
        "head": {
          "x": 0.5381194949150085,
          "y": -0.24693678319454193,
          "z": 1.1816316843032837
        },
        "tail": {
          "x": 0.5407596826553345,
          "y": -0.33111268281936646,
          "z": 1.1001652479171753
        },
        "rotation_quaternion": {
          "w": 0.36739131808280945,
          "x": -0.913183867931366,
          "y": -0.07632217556238174,
          "z": 0.15904025733470917
        },
        "matrix": [
          [
            0.9377623796463013,
            0.0225325096398592,
            -0.34654608368873596,
            0.5381194949150085
          ],
          [
            0.25625237822532654,
            -0.7183977365493774,
            0.6467146277427673,
            -0.24693678319454193
          ],
          [
            -0.23438704013824463,
            -0.6952733993530273,
            -0.67946457862854,
            1.1816316843032837
          ],
          [
            0.0,
            0.0,
            0.0,
            1.0
          ]
        ]
      },
      "bone_length_armature_space": 0.11717221484331136,
      "parent": "lowerarm_l",
      "has_children": true,
      "is_end_bone": false
    },
    "index_01_l": {
      "name": "index_01_l",
      "local": {
        "location": {
          "x": 0.0,
          "y": 0.0,
          "z": 0.0
        },
        "rotation_quaternion": {
          "w": 0.9777505397796631,
          "x": 0.20938852429389954,
          "y": 0.011244252324104309,
          "z": 0.005829710513353348
        },
        "scale": {
          "x": 1.0,
          "y": 1.0,
          "z": 1.0
        },
        "matrix_basis": [
          [
            0.9996791481971741,
            -0.0066911703906953335,
            0.024429496377706528,
            0.0
          ],
          [
            0.016108840703964233,
            0.9122449159622192,
            -0.4093283712863922,
            0.0
          ],
          [
            -0.01954679936170578,
            0.40959057211875916,
            0.912060022354126,
            0.0
          ],
          [
            0.0,
            0.0,
            0.0,
            1.0
          ]
        ],
        "rotation_mode": "QUATERNION"
      },
      "armature_space": {
        "head": {
          "x": 0.5407596826553345,
          "y": -0.39435669779777527,
          "z": 0.15031126141548157
        },
        "tail": {
          "x": 0.5473659634590149,
          "y": -0.40512704849243164,
          "z": 0.12474887818098068
        }
      },
      "world_space": {
        "head": {
          "x": 0.5407596826553345,
          "y": -0.33111268281936646,
          "z": 1.1001652479171753
        },
        "tail": {
          "x": 0.5473659634590149,
          "y": -0.3418830633163452,
          "z": 1.0746028423309326
        },
        "rotation_quaternion": {
          "w": 0.5164585709571838,
          "x": -0.8224765062332153,
          "y": -0.21074210107326508,
          "z": 0.11131405085325241
        },
        "matrix": [
          [
            0.8863934874534607,
            0.2316828966140747,
            -0.4007863998413086,
            0.5407596826553345
          ],
          [
            0.4616401195526123,
            -0.37771689891815186,
            0.8026323318481445,
            -0.33111268281936646
          ],
          [
            0.03457324579358101,
            -0.89647376537323,
            -0.4417622685432434,
            1.1001652479171753
          ],
          [
            0.0,
            0.0,
            0.0,
            1.0
          ]
        ]
      },
      "bone_length_armature_space": 0.02851453698014426,
      "parent": "metacarpal_index_l",
      "has_children": true,
      "is_end_bone": false
    },
    "index_02_l": {
      "name": "index_02_l",
      "local": {
        "location": {
          "x": 0.0,
          "y": 0.0,
          "z": 0.0
        },
        "rotation_quaternion": {
          "w": 0.9072915315628052,
          "x": 0.42043042182922363,
          "y": -0.0076575628481805325,
          "z": 0.0013440933544188738
        },
        "scale": {
          "x": 1.0,
          "y": 1.0,
          "z": 1.0
        },
        "matrix_basis": [
          [
            0.9998791217803955,
            -0.00887791346758604,
            -0.012765088118612766,
            0.0
          ],
          [
            -0.003999975509941578,
            0.6464729309082031,
            -0.7629265189170837,
            0.0
          ],
          [
            0.015025479719042778,
            0.762885332107544,
            0.6463592648506165,
            0.0
          ],
          [
            0.0,
            0.0,
            0.0,
            1.0
          ]
        ],
        "rotation_mode": "QUATERNION"
      },
      "armature_space": {
        "head": {
          "x": 0.5473657250404358,
          "y": -0.40512704849243164,
          "z": 0.12474839389324188
        },
        "tail": {
          "x": 0.542915403842926,
          "y": -0.3969174027442932,
          "z": 0.10085499286651611
        }
      },
      "world_space": {
        "head": {
          "x": 0.5473657250404358,
          "y": -0.3418830633163452,
          "z": 1.0746023654937744
        },
        "tail": {
          "x": 0.542915403842926,
          "y": -0.3336734175682068,
          "z": 1.0507090091705322
        },
        "rotation_quaternion": {
          "w": 0.7946814298629761,
          "x": -0.5385326147079468,
          "y": -0.1688006967306137,
          "z": 0.22354114055633545
        },
        "matrix": [
          [
            0.8430712223052979,
            -0.17347905039787292,
            -0.5090541243553162,
            0.5473657250404358
          ],
          [
            0.5370978116989136,
            0.32002362608909607,
            0.7804557681083679,
            -0.3418830633163452
          ],
          [
            0.027517445385456085,
            -0.9313979148864746,
            0.36298108100891113,
            1.0746023654937744
          ],
          [
            0.0,
            0.0,
            0.0,
            1.0
          ]
        ]
      },
      "bone_length_armature_space": 0.02565342612093649,
      "parent": "index_01_l",
      "has_children": true,
      "is_end_bone": false
    },
    "index_03_l": {
      "name": "index_03_l",
      "local": {
        "location": {
          "x": 0.0,
          "y": 0.0,
          "z": 0.0
        },
        "rotation_quaternion": {
          "w": 0.9649330973625183,
          "x": 0.26236096024513245,
          "y": 0.008424494415521622,
          "z": 0.00027150759706273675
        },
        "scale": {
          "x": 1.0,
          "y": 1.0,
          "z": 1.0
        },
        "matrix_basis": [
          [
            0.9998579025268555,
            0.003896543523296714,
            0.016400612890720367,
            0.0
          ],
          [
            0.004944490268826485,
            0.8623332977294922,
            -0.5063169598579407,
            0.0
          ],
          [
            -0.01611568033695221,
            0.5063261389732361,
            0.8621914982795715,
            0.0
          ],
          [
            0.0,
            0.0,
            0.0,
            1.0
          ]
        ],
        "rotation_mode": "QUATERNION"
      },
      "armature_space": {
        "head": {
          "x": 0.5429154634475708,
          "y": -0.39691752195358276,
          "z": 0.10085494816303253
        },
        "tail": {
          "x": 0.5330772399902344,
          "y": -0.37435317039489746,
          "z": 0.08511345833539963
        }
      },
      "world_space": {
        "head": {
          "x": 0.5429154634475708,
          "y": -0.33367353677749634,
          "z": 1.0507090091705322
        },
        "tail": {
          "x": 0.5330772399902344,
          "y": -0.31110918521881104,
          "z": 1.0349674224853516
        },
        "rotation_quaternion": {
          "w": 0.9365831017494202,
          "x": -0.2667447030544281,
          "y": -0.09455651789903641,
          "z": 0.20668469369411469
        },
        "matrix": [
          [
            0.8966808319091797,
            -0.3367100656032562,
            -0.2873845100402832,
            0.5429154634475708
          ],
          [
            0.4376000761985779,
            0.7722573280334473,
            0.460570365190506,
            -0.33367353677749634
          ],
          [
            0.06685712188482285,
            -0.5387473702430725,
            0.8398190140724182,
            1.0507090091705322
          ],
          [
            0.0,
            0.0,
            0.0,
            1.0
          ]
        ]
      },
      "bone_length_armature_space": 0.02921874585875186,
      "parent": "index_02_l",
      "has_children": false,
      "is_end_bone": true
    },
    "metacarpal_pinky_l": {
      "name": "metacarpal_pinky_l",
      "local": {
        "location": {
          "x": 0.0,
          "y": 0.0,
          "z": 0.0
        },
        "rotation_quaternion": {
          "w": 0.9999467134475708,
          "x": 0.0072333794087171555,
          "y": 0.007166762370616198,
          "z": -0.0017502952832728624
        },
        "scale": {
          "x": 1.0,
          "y": 1.0,
          "z": 1.0
        },
        "matrix_basis": [
          [
            0.9998911619186401,
            0.00360408378764987,
            0.014307440258562565,
            0.0
          ],
          [
            -0.0033967241179198027,
            0.9998892545700073,
            -0.014491075649857521,
            0.0
          ],
          [
            -0.014358081854879856,
            0.014440899714827538,
            0.9997926354408264,
            0.0
          ],
          [
            0.0,
            0.0,
            0.0,
            1.0
          ]
        ],
        "rotation_mode": "QUATERNION"
      },
      "armature_space": {
        "head": {
          "x": 0.5381194949150085,
          "y": -0.31018078327178955,
          "z": 0.23177765309810638
        },
        "tail": {
          "x": 0.593787431716919,
          "y": -0.384219229221344,
          "z": 0.18421036005020142
        }
      },
      "world_space": {
        "head": {
          "x": 0.5381194949150085,
          "y": -0.24693678319454193,
          "z": 1.1816316843032837
        },
        "tail": {
          "x": 0.593787431716919,
          "y": -0.32097524404525757,
          "z": 1.1340644359588623
        },
        "rotation_quaternion": {
          "w": 0.17039112746715546,
          "x": 0.359249085187912,
          "y": 0.33979445695877075,
          "z": -0.8523184657096863
        },
        "matrix": [
          [
            -0.6838146448135376,
            0.5345964431762695,
            -0.4965926706790924,
            0.5381194949150085
          ],
          [
            -0.04631492868065834,
            -0.7110140919685364,
            -0.7016512155532837,
            -0.24693678319454193
          ],
          [
            -0.7281898856163025,
            -0.45680350065231323,
            0.5109643340110779,
            1.1816316843032837
          ],
          [
            0.0,
            0.0,
            0.0,
            1.0
          ]
        ]
      },
      "bone_length_armature_space": 0.10413096618324891,
      "parent": "lowerarm_l",
      "has_children": true,
      "is_end_bone": false
    },
    "pinky_01_l": {
      "name": "pinky_01_l",
      "local": {
        "location": {
          "x": 0.0,
          "y": 0.0,
          "z": 0.0
        },
        "rotation_quaternion": {
          "w": 0.9347389340400696,
          "x": 0.35502803325653076,
          "y": 0.004342806525528431,
          "z": -0.014123545959591866
        },
        "scale": {
          "x": 1.0,
          "y": 1.0,
          "z": 1.0
        },
        "matrix_basis": [
          [
            0.9995633363723755,
            0.02948729321360588,
            -0.0019097288604825735,
            0.0
          ],
          [
            -0.023320021107792854,
            0.7475112676620483,
            -0.6638396978378296,
            0.0
          ],
          [
            -0.018147289752960205,
            0.6635943651199341,
            0.7478724718093872,
            0.0
          ],
          [
            0.0,
            0.0,
            0.0,
            1.0
          ]
        ],
        "rotation_mode": "QUATERNION"
      },
      "armature_space": {
        "head": {
          "x": 0.593787431716919,
          "y": -0.384219229221344,
          "z": 0.18421036005020142
