{
  "metadata": {
    "armature_name": "KIM_caucasian_male",
    "export_time": "2026-01-13T21:02:14.628585",
    "blender_version": "4.4.1",
    "bone_count": 56,
    "end_bone_count": 13,
    "spaces_included": [
      "LOCAL_CHANNELS",
      "ARMATURE_SPACE",
      "WORLD_SPACE"
    ],
    "note": "LOCAL matches Transform panel; replay pose via local.matrix_basis for best fidelity."
  },
  "bones": {
    "Root": {
      "name": "Root",
      "local": {
        "location": {
          "x": 0.0,
          "y": 0.0,
          "z": 0.0
        },
        "rotation_quaternion": {
          "w": 0.9997984170913696,
          "x": -0.013992196880280972,
          "y": -0.004901538137346506,
          "z": -0.013542543165385723
        },
        "scale": {
          "x": 1.0,
          "y": 1.0,
          "z": 1.0
        },
        "matrix_basis": [
          [
            0.9995851516723633,
            0.027216792106628418,
            -0.0094221206381917,
            0.0
          ],
          [
            -0.026942459866404533,
            0.9992416501045227,
            0.02811151184141636,
            0.0
          ],
          [
            0.010180080309510231,
            -0.027845993638038635,
            0.9995604157447815,
            0.0
          ],
          [
            0.0,
            0.0,
            0.0,
            1.0
          ]
        ],
        "rotation_mode": "QUATERNION"
      },
      "armature_space": {
        "head": {
          "x": 0.0,
          "y": 0.07072800397872925,
          "z": -0.009595036506652832
        },
        "tail": {
          "x": 0.0019426222424954176,
          "y": 0.00032082200050354004,
          "z": 0.0019622286781668663
        }
      },
      "world_space": {
        "head": {
          "x": 0.0,
          "y": 0.13397200405597687,
          "z": 0.9402589797973633
        },
        "tail": {
          "x": 0.0019426222424954176,
          "y": 0.06356482207775116,
          "z": 0.9518162608146667
        },
        "rotation_quaternion": {
          "w": 0.08131448179483414,
          "x": 0.996584415435791,
          "y": 0.01318157184869051,
          "z": -0.005802737083286047
        },
        "matrix": [
          [
            0.9995851516723633,
            0.027216792106628418,
            -0.0094221206381917,
            0.0
          ],
          [
            0.025329401716589928,
            -0.9864283204078674,
            -0.16222694516181946,
            0.13397200405597687
          ],
          [
            -0.013709615916013718,
            0.1619211882352829,
            -0.9867156147956848,
            0.9402589797973633
          ],
          [
            0.0,
            0.0,
            0.0,
            1.0
          ]
        ]
      },
      "bone_length_armature_space": 0.07137587354045177,
      "parent": null,
      "has_children": true,
      "is_end_bone": false
    },
    "spine_01": {
      "name": "spine_01",
      "local": {
        "location": {
          "x": 0.0,
          "y": 0.0,
          "z": 0.0
        },
        "rotation_quaternion": {
          "w": 0.9996194243431091,
          "x": -0.013941570185124874,
          "y": 0.019978901371359825,
          "z": -0.012948564253747463
        },
        "scale": {
          "x": 1.0,
          "y": 1.0,
          "z": 1.0
        },
        "matrix_basis": [
          [
            0.9988663792610168,
            0.0253301989287138,
            0.04030364379286766,
            0.0
          ],
          [
            -0.026444347575306892,
            0.9992759227752686,
            0.02735513262450695,
            0.0
          ],
          [
            -0.039581548422575,
            -0.02838992513716221,
            0.9988129734992981,
            0.0
          ],
          [
            0.0,
            0.0,
            0.0,
            1.0
          ]
        ],
        "rotation_mode": "QUATERNION"
      },
      "armature_space": {
        "head": {
          "x": 0.0019426222424954176,
          "y": 0.00032082200050354004,
          "z": 0.0019622286781668663
        },
        "tail": {
          "x": 0.01967894285917282,
          "y": 0.050932224839925766,
          "z": 0.487011194229126
        }
      },
      "world_space": {
        "head": {
          "x": 0.0019426222424954176,
          "y": 0.06356482207775116,
          "z": 0.9518162608146667
        },
        "tail": {
          "x": 0.01967894285917282,
          "y": 0.11417622864246368,
          "z": 1.436865210533142
        },
        "rotation_quaternion": {
          "w": 0.7419467568397522,
          "x": 0.6693766117095947,
          "y": 0.03702138736844063,
          "z": 0.008907423354685307
        },
        "matrix": [
          [
            0.9971002340316772,
            0.03634482994675636,
            0.0668603926897049,
            0.0019426222424954176
          ],
          [
            0.06277990341186523,
            0.10371162742376328,
            -0.9926241040229797,
            0.06356482207775116
          ],
          [
            -0.043011199682950974,
            0.9939503073692322,
            0.1011289656162262,
            0.9518162608146667
          ],
          [
            0.0,
            0.0,
            0.0,
            1.0
          ]
        ]
      },
      "bone_length_armature_space": 0.4880047161423363,
      "parent": "Root",
      "has_children": true,
      "is_end_bone": false
    },
    "neck_01": {
      "name": "neck_01",
      "local": {
        "location": {
          "x": 0.0,
          "y": 0.0,
          "z": 0.0
        },
        "rotation_quaternion": {
          "w": 0.9959644079208374,
          "x": 0.04784459248185158,
          "y": 0.0511629618704319,
          "z": -0.05610876530408859
        },
        "scale": {
          "x": 1.0,
          "y": 1.0,
          "z": 1.0
        },
        "matrix_basis": [
          [
            0.9884682893753052,
            0.11666040867567062,
            0.09654397517442703,
            0.0
          ],
          [
            -0.1068689227104187,
            0.9891254305839539,
            -0.10104440152645111,
            0.0
          ],
          [
            -0.10728198289871216,
            0.08956164121627808,
            0.9901865124702454,
            0.0
          ],
          [
            0.0,
            0.0,
            0.0,
            1.0
          ]
        ],
        "rotation_mode": "QUATERNION"
      },
      "armature_space": {
        "head": {
          "x": 0.024658802896738052,
          "y": 0.024101190268993378,
          "z": 0.5632939338684082
        },
        "tail": {
          "x": 0.04299546778202057,
          "y": -0.012473341077566147,
          "z": 0.6572982668876648
        }
      },
      "world_space": {
        "head": {
          "x": 0.024658802896738052,
          "y": 0.087345190346241,
          "z": 1.5131479501724243
        },
        "tail": {
          "x": 0.04299546778202057,
          "y": 0.05077065899968147,
          "z": 1.6071522235870361
        },
        "rotation_quaternion": {
          "w": 0.5557611584663391,
          "x": 0.823610246181488,
          "y": 0.11293403804302216,
          "z": 0.006451017688959837
        },
        "matrix": [
          [
            0.9744085073471069,
            0.17885705828666687,
            0.13615576922893524,
            0.024658802896738052
          ],
          [
            0.19319850206375122,
            -0.3567504286766052,
            -0.9140042662620544,
            0.087345190346241
          ],
          [
            -0.11490309238433838,
            0.9169246554374695,
            -0.38217902183532715,
            1.5131479501724243
          ],
          [
            0.0,
            0.0,
            0.0,
            1.0
          ]
        ]
      },
      "bone_length_armature_space": 0.10252191877101392,
      "parent": "spine_01",
      "has_children": true,
      "is_end_bone": false
    },
    "head": {
      "name": "head",
      "local": {
        "location": {
          "x": 0.0,
          "y": 0.0,
          "z": 0.0
        },
        "rotation_quaternion": {
          "w": 0.9690032005310059,
          "x": -0.11266820132732391,
          "y": 0.008279151283204556,
          "z": 0.21970459818840027
        },
        "scale": {
          "x": 1.0,
          "y": 1.0,
          "z": 1.0
        },
        "matrix_basis": [
          [
            0.903322696685791,
            -0.427654504776001,
            -0.033462394028902054,
            0.0
          ],
          [
            0.4239233136177063,
            0.8780715465545654,
            0.22198963165283203,
            0.0
          ],
          [
            -0.0655524954199791,
            -0.21471376717090607,
            0.9744746685028076,
            0.0
          ],
          [
            0.0,
            0.0,
            0.0,
            1.0
          ]
        ],
        "rotation_mode": "QUATERNION"
      },
      "armature_space": {
        "head": {
          "x": 0.042995475232601166,
          "y": -0.0124734565615654,
          "z": 0.6572981476783752
        },
        "tail": {
          "x": -0.012034598737955093,
          "y": 0.007283028215169907,
          "z": 0.8009458184242249
        }
      },
      "world_space": {
        "head": {
          "x": 0.042995475232601166,
          "y": 0.05077054351568222,
          "z": 1.6071522235870361
        },
        "tail": {
          "x": -0.012034598737955093,
          "y": 0.07052703201770782,
          "z": 1.7507998943328857
        },
        "rotation_quaternion": {
          "w": 0.749295711517334,
          "x": 0.6305166482925415,
          "y": -0.04742708057165146,
          "z": 0.19686412811279297
        },
        "matrix": [
          [
            0.9179900884628296,
            -0.3548262119293213,
            0.17718036472797394,
            0.042995475232601166
          ],
          [
            0.2352139949798584,
            0.12738704681396484,
            -0.9635596871376038,
            0.05077054351568222
          ],
          [
            0.319328248500824,
            0.9262200593948364,
            0.20040073990821838,
            1.6071522235870361
          ],
          [
            0.0,
            0.0,
            0.0,
            1.0
          ]
        ]
      },
      "bone_length_armature_space": 0.15509120125735285,
      "parent": "neck_01",
      "has_children": false,
      "is_end_bone": true
    },
    "upperarm_l": {
      "name": "upperarm_l",
      "local": {
        "location": {
          "x": 0.0,
          "y": 0.0,
          "z": 0.0
        },
        "rotation_quaternion": {
          "w": 0.7827345132827759,
          "x": 0.6136029958724976,
          "y": 0.03045104444026947,
          "z": -0.09945271909236908
        },
        "scale": {
          "x": 1.0,
          "y": 1.0,
          "z": 1.0
        },
        "matrix_basis": [
          [
            0.9783637523651123,
            0.19305986166000366,
            -0.07437880337238312,
            0.0
          ],
          [
            -0.11832045018672943,
            0.22720104455947876,
            -0.9666333794593811,
            0.0
          ],
          [
            -0.1697191447019577,
            0.9545196294784546,
            0.24512819945812225,
            0.0
          ],
          [
            0.0,
            0.0,
            0.0,
            1.0
          ]
        ],
        "rotation_mode": "QUATERNION"
      },
      "armature_space": {
        "head": {
          "x": 0.1719944179058075,
          "y": 0.023382343351840973,
          "z": 0.49036359786987305
        },
        "tail": {
          "x": 0.2559882402420044,
          "y": -0.22844606637954712,
          "z": 0.45382362604141235
        }
      },
      "world_space": {
        "head": {
          "x": 0.1719944179058075,
          "y": 0.08662634342908859,
          "z": 1.4402176141738892
        },
        "tail": {
          "x": 0.2559882402420044,
          "y": -0.1652020663022995,
          "z": 1.4036777019500732
        },
        "rotation_quaternion": {
          "w": 0.07807715982198715,
          "x": 0.6297696828842163,
          "y": 0.15498881042003632,
          "z": -0.7571476101875305
        },
        "matrix": [
          [
            -0.19458842277526855,
            0.31344547867774963,
            -0.9294555187225342,
            0.1719944179058075
          ],
          [
            0.07698208093643188,
            -0.939765453338623,
            -0.3330391049385071,
            0.08662634342908859
          ],
          [
            -0.9778664112091064,
            -0.13635878264904022,
            0.1587386131286621,
            1.4402176141738892
          ],
          [
            0.0,
            0.0,
            0.0,
            1.0
          ]
        ]
      },
      "bone_length_armature_space": 0.2679695471631502,
      "parent": "spine_01",
      "has_children": true,
      "is_end_bone": false
    },
    "lowerarm_l": {
      "name": "lowerarm_l",
      "local": {
        "location": {
          "x": 0.0,
          "y": 0.0,
          "z": 0.0
        },
        "rotation_quaternion": {
          "w": 0.9604913592338562,
          "x": 0.24462740123271942,
          "y": 0.08350406587123871,
          "z": -0.10315582156181335
        },
        "scale": {
          "x": 1.0,
          "y": 1.0,
          "z": 1.0
        },
        "matrix_basis": [
          [
            0.9647718667984009,
            0.23901531100273132,
            0.10994038730859756,
            0.0
          ],
          [
            -0.1573057919740677,
            0.8590326309204102,
            -0.4871528744697571,
            0.0
          ],
          [
            -0.2108793556690216,
            0.45269715785980225,
            0.8663690090179443,
            0.0
          ],
          [
            0.0,
            0.0,
            0.0,
            1.0
          ]
        ],
        "rotation_mode": "QUATERNION"
      },
      "armature_space": {
        "head": {
          "x": 0.2559882402420044,
          "y": -0.22844617068767548,
          "z": 0.4538237154483795
        },
        "tail": {
          "x": 0.17395564913749695,
          "y": -0.48072582483291626,
          "z": 0.4192543029785156
        }
      },
      "world_space": {
        "head": {
          "x": 0.2559882402420044,
          "y": -0.16520217061042786,
          "z": 1.4036777019500732
        },
        "tail": {
          "x": 0.17395564913749695,
          "y": -0.41748183965682983,
          "z": 1.3691083192825317
        },
        "rotation_quaternion": {
          "w": 0.16107717156410217,
          "x": -0.636797308921814,
          "y": 0.05046249181032181,
          "z": 0.7523277401924133
        },
        "matrix": [
          [
            -0.13708655536174774,
            -0.3066357970237732,
            -0.9419034719467163,
            0.2559882402420044
          ],
          [
            0.1780966818332672,
            -0.9430150985717773,
            0.2810770273208618,
            -0.16520217061042786
          ],
          [
            -0.9744239449501038,
            -0.1292196661233902,
            0.18388709425926208,
            1.4036777019500732
          ],
          [
            0.0,
            0.0,
            0.0,
            1.0
          ]
        ]
      },
      "bone_length_armature_space": 0.2675245842307096,
      "parent": "upperarm_l",
      "has_children": true,
      "is_end_bone": false
    },
    "metacarpal_thumb_l": {
      "name": "metacarpal_thumb_l",
      "local": {
        "location": {
          "x": 0.0,
          "y": 0.0,
          "z": 0.0
        },
        "rotation_quaternion": {
          "w": 0.9993074536323547,
          "x": -0.036404453217983246,
          "y": -0.00594202009961009,
          "z": -0.004917810671031475
        },
        "scale": {
          "x": 1.0,
          "y": 1.0,
          "z": 1.0
        },
        "matrix_basis": [
          [
            0.9998810291290283,
            0.010261441580951214,
            -0.011517749167978764,
            0.0
          ],
          [
            -0.009396177716553211,
            0.9973010420799255,
            0.07281692326068878,
            0.0
          ],
          [
            0.012233870103955269,
            -0.07270003855228424,
            0.9972788095474243,
            0.0
          ],
          [
            0.0,
            0.0,
            0.0,
            1.0
          ]
        ],
        "rotation_mode": "QUATERNION"
      },
      "armature_space": {
        "head": {
          "x": 0.17395564913749695,
          "y": -0.48072582483291626,
          "z": 0.4192543029785156
        },
        "tail": {
          "x": 0.13381406664848328,
          "y": -0.5092718005180359,
          "z": 0.4140230715274811
        }
      },
      "world_space": {
        "head": {
          "x": 0.17395564913749695,
          "y": -0.41748183965682983,
          "z": 1.3691083192825317
        },
        "tail": {
          "x": 0.13381406664848328,
          "y": -0.44602781534194946,
          "z": 1.3638770580291748
        },
        "rotation_quaternion": {
          "w": 0.1167277991771698,
          "x": -0.8806472420692444,
          "y": 0.4452269971370697,
          "z": 0.11228495836257935
        },
        "matrix": [
          [
            0.5783299803733826,
            -0.8103896975517273,
            -0.09382490813732147,
            0.17395564913749695
          ],
          [
            -0.7579627633094788,
            -0.576294481754303,
            0.30557653307914734,
            -0.41748183965682983
          ],
          [
            -0.30170968174934387,
            -0.10560938715934753,
            -0.9475399851799011,
            1.3691083192825317
          ],
          [
            0.0,
            0.0,
            0.0,
            1.0
          ]
        ]
      },
      "bone_length_armature_space": 0.04953367672445076,
      "parent": "lowerarm_l",
      "has_children": true,
      "is_end_bone": false
    },
    "thumb_01_l": {
      "name": "thumb_01_l",
      "local": {
        "location": {
          "x": 0.0,
          "y": 0.0,
          "z": 0.0
        },
        "rotation_quaternion": {
          "w": 0.9996711611747742,
          "x": 0.01142713613808155,
          "y": 0.013192201033234596,
          "z": 0.0187875647097826
        },
        "scale": {
          "x": 1.0,
          "y": 1.0,
          "z": 1.0
        },
        "matrix_basis": [
          [
            0.9989460110664368,
            -0.037261273711919785,
            0.026805102825164795,
            0.0
          ],
          [
            0.03786427155137062,
            0.9990329146385193,
            -0.022351058200001717,
            0.0
          ],
          [
            -0.025946348905563354,
            0.023342454805970192,
            0.9993907809257507,
            0.0
          ],
          [
            0.0,
            0.0,
            0.0,
            1.0
          ]
        ],
        "rotation_mode": "QUATERNION"
      },
      "armature_space": {
        "head": {
          "x": 0.13381406664848328,
          "y": -0.5092718005180359,
          "z": 0.4140230715274811
        },
        "tail": {
          "x": 0.11196304857730865,
          "y": -0.5112001895904541,
          "z": 0.3879952132701874
        }
      },
      "world_space": {
        "head": {
          "x": 0.13381406664848328,
          "y": -0.44602781534194946,
          "z": 1.3638770580291748
        },
        "tail": {
          "x": 0.11196304857730865,
          "y": -0.4479562044143677,
          "z": 1.3378492593765259
        },
        "rotation_quaternion": {
          "w": 0.013227089308202267,
          "x": 0.4565490782260895,
          "y": -0.6866580247879028,
          "z": 0.5655869841575623
        },
        "matrix": [
          [
            -0.5827733278274536,
            -0.6419486403465271,
            0.4982745051383972,
            0.13381406664848328
          ],
          [
            -0.612026572227478,
            -0.056653425097465515,
            -0.7888053059577942,
            -0.44602781534194946
          ],
          [
            0.5346046686172485,
            -0.7646572589874268,
            -0.35987675189971924,
            1.3638770580291748
          ],
          [
            0.0,
            0.0,
            0.0,
            1.0
          ]
        ]
      },
      "bone_length_armature_space": 0.03403872903751272,
      "parent": "metacarpal_thumb_l",
      "has_children": true,
      "is_end_bone": false
    },
    "thumb_02_l": {
      "name": "thumb_02_l",
      "local": {
        "location": {
          "x": 0.0,
          "y": 0.0,
          "z": 0.0
        },
        "rotation_quaternion": {
          "w": 0.9903163909912109,
          "x": 0.13876348733901978,
          "y": 0.003755222074687481,
          "z": -0.002018129453063011
        },
        "scale": {
          "x": 1.0,
          "y": 1.0,
          "z": 1.0
        },
        "matrix_basis": [
          [
            0.999963641166687,
            0.005039348732680082,
            0.0068776304833590984,
            0.0
          ],
          [
            -0.002954997820779681,
            0.9614812731742859,
            -0.2748546600341797,
            0.0
          ],
          [
            -0.007997801527380943,
            0.2748243510723114,
            0.9614611864089966,
            0.0
          ],
          [
            0.0,
            0.0,
            0.0,
            1.0
          ]
        ],
        "rotation_mode": "QUATERNION"
      },
      "armature_space": {
        "head": {
          "x": 0.11196304857730865,
          "y": -0.5112001299858093,
          "z": 0.38799524307250977
        },
        "tail": {
          "x": 0.10377317667007446,
          "y": -0.5504472851753235,
          "z": 0.38559362292289734
        }
      },
      "world_space": {
        "head": {
          "x": 0.11196304857730865,
          "y": -0.4479561448097229,
          "z": 1.3378492593765259
        },
        "tail": {
          "x": 0.10377317667007446,
          "y": -0.48720329999923706,
          "z": 1.3354476690292358
        },
        "rotation_quaternion": {
          "w": 0.08346555382013321,
          "x": 0.3772403299808502,
          "y": -0.06672646105289459,
          "z": 0.9199298024177551
        },
        "matrix": [
          [
            -0.7014465928077698,
            -0.20390871167182922,
            0.682930588722229,
            0.11196304857730865
          ],
          [
            0.10322146862745285,
            -0.9771621227264404,
            -0.18574027717113495,
            -0.4479561448097229
          ],
          [
            0.7052130103111267,
            -0.05979500710964203,
            0.706479549407959,
            1.3378492593765259
          ],
          [
            0.0,
            0.0,
            0.0,
            1.0
          ]
        ]
      },
      "bone_length_armature_space": 0.04016442439054461,
      "parent": "thumb_01_l",
      "has_children": true,
      "is_end_bone": false
    },
    "thumb_03_l": {
      "name": "thumb_03_l",
      "local": {
        "location": {
          "x": 0.0,
          "y": 0.0,
          "z": 0.0
        },
        "rotation_quaternion": {
          "w": 0.9981088638305664,
          "x": 0.060729313641786575,
          "y": 0.005368399433791637,
          "z": 0.007866347208619118
        },
        "scale": {
          "x": 1.0,
          "y": 1.0,
          "z": 1.0
        },
        "matrix_basis": [
          [
            0.9998186230659485,
            -0.015050902962684631,
            0.011671929620206356,
            0.0
          ],
          [
            0.016354979947209358,
            0.9925001263618469,
            -0.12114447355270386,
            0.0
          ],
          [
            -0.00976105872541666,
            0.12131339311599731,
            0.9925662875175476,
            0.0
          ],
          [
            0.0,
            0.0,
            0.0,
            1.0
          ]
        ],
        "rotation_mode": "QUATERNION"
      },
      "armature_space": {
        "head": {
          "x": 0.1037731021642685,
          "y": -0.5504472255706787,
          "z": 0.38559362292289734
        },
        "tail": {
          "x": 0.1087656021118164,
          "y": -0.5802316069602966,
          "z": 0.38944822549819946
        }
      },
      "world_space": {
        "head": {
          "x": 0.1037731021642685,
          "y": -0.4872032403945923,
          "z": 1.3354476690292358
        },
        "tail": {
          "x": 0.1087656021118164,
          "y": -0.5169876217842102,
          "z": 1.3393023014068604
        },
        "rotation_quaternion": {
          "w": 0.06883101165294647,
          "x": -0.18914547562599182,
          "y": -0.07816746830940247,
          "z": -0.9764098525047302
        },
        "matrix": [
          [
            -0.9189726710319519,
            0.16398485004901886,
            0.35860633850097656,
            0.1037731021642685
          ],
          [
            -0.10484437644481659,
            -0.9783042073249817,
            0.17868560552597046,
            -0.4872032403945923
          ],
          [
            0.3801303505897522,
            0.1266094148159027,
            0.9162343144416809,
            1.3354476690292358
          ],
          [
            0.0,
            0.0,
            0.0,
            1.0
          ]
        ]
      },
      "bone_length_armature_space": 0.030444907463364857,
      "parent": "thumb_02_l",
      "has_children": false,
      "is_end_bone": true
    },
    "metacarpal_index_l": {
      "name": "metacarpal_index_l",
      "local": {
        "location": {
          "x": 0.0,
          "y": 0.0,
          "z": 0.0
        },
        "rotation_quaternion": {
          "w": 0.9986106753349304,
          "x": -0.05246610566973686,
          "y": -0.0005789559218101203,
          "z": -0.004875450860708952
        },
        "scale": {
          "x": 1.0,
          "y": 1.0,
          "z": 1.0
        },
        "matrix_basis": [
          [
            0.9999517798423767,
            0.00979810580611229,
            -0.0006447113119065762,
            0.0
          ],
          [
            -0.009676603600382805,
            0.9944470524787903,
            0.10479207336902618,
            0.0
          ],
          [
            0.0016678950050845742,
            -0.10478077828884125,
            0.9944939613342285,
            0.0
          ],
          [
            0.0,
            0.0,
            0.0,
            1.0
          ]
        ],
        "rotation_mode": "QUATERNION"
      },
      "armature_space": {
        "head": {
          "x": 0.17395564913749695,
          "y": -0.48072582483291626,
          "z": 0.4192543029785156
        },
        "tail": {
          "x": 0.11319484561681747,
          "y": -0.5807175040245056,
          "z": 0.4130084216594696
        }
      },
      "world_space": {
        "head": {
          "x": 0.17395564913749695,
          "y": -0.41748183965682983,
          "z": 1.3691083192825317
        },
        "tail": {
          "x": 0.11319484561681747,
          "y": -0.5174735188484192,
          "z": 1.362862467765808
        },
        "rotation_quaternion": {
          "w": 0.13290436565876007,
          "x": -0.8826181888580322,
          "y": 0.23589777946472168,
          "z": 0.38428348302841187
        },
        "matrix": [
          [
            0.5933570265769958,
            -0.5185619592666626,
            -0.6156471371650696,
            0.17395564913749695
          ],
          [
            -0.3142700493335724,
            -0.8533770442008972,
            0.41591110825538635,
            -0.41748183965682983
          ],
          [
            -0.741060197353363,
            -0.05330539494752884,
            -0.6693300008773804,
            1.3691083192825317
          ],
          [
            0.0,
            0.0,
            0.0,
            1.0
          ]
        ]
      },
      "bone_length_armature_space": 0.11717176143874891,
      "parent": "lowerarm_l",
      "has_children": true,
      "is_end_bone": false
    },
    "index_01_l": {
      "name": "index_01_l",
      "local": {
        "location": {
          "x": 0.0,
          "y": 0.0,
          "z": 0.0
        },
        "rotation_quaternion": {
          "w": 0.9982891082763672,
          "x": -0.05633391812443733,
          "y": 0.011211860924959183,
          "z": 0.010938169434666634
        },
        "scale": {
          "x": 1.0,
          "y": 1.0,
          "z": 1.0
        },
        "matrix_basis": [
          [
            0.9995092749595642,
            -0.023102127015590668,
            0.021152976900339127,
            0.0
          ],
          [
            0.020575694739818573,
            0.9934136867523193,
            0.11272034794092178,
            0.0
          ],
          [
            -0.023617736995220184,
            -0.11222980171442032,
            0.9934015870094299,
            0.0
          ],
          [
            0.0,
            0.0,
            0.0,
            1.0
          ]
        ],
        "rotation_mode": "QUATERNION"
      },
      "armature_space": {
        "head": {
          "x": 0.11319484561681747,
          "y": -0.5807175040245056,
          "z": 0.4130084216594696
        },
        "tail": {
          "x": 0.10920247435569763,
          "y": -0.6087475419044495,
          "z": 0.40962493419647217
        }
      },
      "world_space": {
        "head": {
          "x": 0.11319484561681747,
          "y": -0.5174735188484192,
          "z": 1.362862467765808
        },
        "tail": {
          "x": 0.10920247435569763,
          "y": -0.545503556728363,
          "z": 1.3594789505004883
        },
        "rotation_quaternion": {
          "w": 0.08038477599620819,
          "x": -0.9330416917800903,
          "y": 0.045069094747304916,
          "z": 0.3477647304534912
        },
        "matrix": [
          [
            0.7540572285652161,
            -0.14001259207725525,
            -0.6417123079299927,
            0.11319484561681747
          ],
          [
            -0.028192903846502304,
            -0.9830142855644226,
            0.18135109543800354,
            -0.5174735188484192
          ],
          [
            -0.6562083959579468,
            -0.11865902692079544,
            -0.7452012896537781,
            1.362862467765808
          ],
          [
            0.0,
            0.0,
            0.0,
            1.0
          ]
        ]
      },
      "bone_length_armature_space": 0.02851438344917387,
      "parent": "metacarpal_index_l",
      "has_children": true,
      "is_end_bone": false
    },
    "index_02_l": {
      "name": "index_02_l",
      "local": {
        "location": {
          "x": 0.0,
          "y": 0.0,
          "z": 0.0
        },
        "rotation_quaternion": {
          "w": 0.9869624376296997,
          "x": 0.16074948012828827,
          "y": -0.006292502395808697,
          "z": 0.005015966482460499
        },
        "scale": {
          "x": 1.0,
          "y": 1.0,
          "z": 1.0
        },
        "matrix_basis": [
          [
            0.9998704791069031,
            -0.011924173682928085,
            -0.010808299295604229,
            0.0
          ],
          [
            0.007878107950091362,
            0.9482688903808594,
            -0.31737053394317627,
            0.0
          ],
          [
            0.014033555053174496,
            0.3172442615032196,
            0.9482400417327881,
            0.0
          ],
          [
            0.0,
            0.0,
            0.0,
            1.0
          ]
        ],
        "rotation_mode": "QUATERNION"
      },
      "armature_space": {
        "head": {
          "x": 0.10920204222202301,
          "y": -0.6087478399276733,
          "z": 0.4096248149871826
        },
        "tail": {
          "x": 0.1010436862707138,
          "y": -0.6316179633140564,
          "z": 0.4013489782810211
        }
      },
      "world_space": {
        "head": {
          "x": 0.10920204222202301,
          "y": -0.5455038547515869,
          "z": 1.3594788312911987
        },
        "tail": {
          "x": 0.1010436862707138,
          "y": -0.56837397813797,
          "z": 1.3512029647827148
        },
        "rotation_quaternion": {
          "w": 0.21611183881759644,
          "x": -0.8971735239028931,
          "y": 0.08683934807777405,
          "z": 0.37527891993522644
        },
        "matrix": [
          [
            0.7032498717308044,
            -0.3180241882801056,
            -0.6358465552330017,
            0.10920204222202301
          ],
          [
            0.006383986212313175,
            -0.8915095329284668,
            0.4529569149017334,
            -0.5455038547515869
          ],
          [
            -0.7109194397926331,
            -0.32260408997535706,
            -0.6249276399612427,
            1.3594788312911987
          ],
          [
            0.0,
            0.0,
            0.0,
            1.0
          ]
        ]
      },
      "bone_length_armature_space": 0.02565327980537924,
      "parent": "index_01_l",
      "has_children": true,
      "is_end_bone": false
    },
    "index_03_l": {
      "name": "index_03_l",
      "local": {
        "location": {
          "x": 0.0,
          "y": 0.0,
          "z": 0.0
        },
        "rotation_quaternion": {
          "w": 0.976004958152771,
          "x": 0.21769551932811737,
          "y": -0.004146840423345566,
          "z": -0.002406925894320011
        },
        "scale": {
          "x": 1.0,
          "y": 1.0,
          "z": 1.0
        },
        "matrix_basis": [
          [
            0.9999540448188782,
            0.0028928460087627172,
            -0.009142627939581871,
            0.0
          ],
          [
            -0.006503840442746878,
            0.9052057266235352,
            -0.424923837184906,
            0.0
          ],
          [
            0.0070467195473611355,
            0.4249637722969055,
            0.905182957649231,
            0.0
          ],
          [
            0.0,
            0.0,
            0.0,
            1.0
          ]
        ],
        "rotation_mode": "QUATERNION"
      },
      "armature_space": {
        "head": {
          "x": 0.10104376077651978,
          "y": -0.6316180229187012,
          "z": 0.4013490676879883
        },
        "tail": {
          "x": 0.08608809113502502,
          "y": -0.6472982168197632,
          "z": 0.38174811005592346
        }
      },
      "world_space": {
        "head": {
          "x": 0.10104376077651978,
          "y": -0.5683740377426147,
          "z": 1.3512030839920044
        },
        "tail": {
          "x": 0.08608809113502502,
          "y": -0.5840542316436768,
          "z": 1.3316020965576172
        },
        "rotation_quaternion": {
          "w": 0.46091267466545105,
          "x": -0.8205097317695618,
          "y": 0.13869185745716095,
          "z": 0.30836308002471924
        },
        "matrix": [
          [
            0.7713544368743896,
            -0.5118529200553894,
            -0.37817925214767456,
            0.10104376077651978
          ],
          [
            0.05665886402130127,
            -0.536649227142334,
            0.8419010639190674,
            -0.5683740377426147
          ],
          [
            -0.6338834762573242,
            -0.6708363890647888,
            -0.3849477171897888,
            1.3512030839920044
          ],
          [
            0.0,
            0.0,
            0.0,
            1.0
          ]
        ]
      },
      "bone_length_armature_space": 0.029218796907144393,
      "parent": "index_02_l",
      "has_children": false,
      "is_end_bone": true
    },
    "metacarpal_pinky_l": {
      "name": "metacarpal_pinky_l",
      "local": {
        "location": {
          "x": 0.0,
          "y": 0.0,
          "z": 0.0
        },
        "rotation_quaternion": {
          "w": 0.9989885687828064,
          "x": -0.04431954398751259,
          "y": 0.0015524805057793856,
          "z": -0.007442859932780266
        },
        "scale": {
          "x": 1.0,
          "y": 1.0,
          "z": 1.0
        },
        "matrix_basis": [
          [
            0.9998843669891357,
            0.014733053743839264,
            0.0037615487817674875,
            0.0
          ],
          [
            -0.015008274465799332,
            0.9959607720375061,
            0.08852632343769073,
            0.0
          ],
          [
            -0.0024420921690762043,
            -0.08857254683971405,
            0.9960667490959167,
            0.0
          ],
          [
            0.0,
            0.0,
            0.0,
            1.0
          ]
        ],
        "rotation_mode": "QUATERNION"
      },
      "armature_space": {
        "head": {
          "x": 0.17395564913749695,
          "y": -0.48072582483291626,
          "z": 0.4192543029785156
        },
        "tail": {
          "x": 0.1729607731103897,
          "y": -0.5809369087219238,
          "z": 0.3909703195095062
        }
      },
      "world_space": {
        "head": {
          "x": 0.17395564913749695,
          "y": -0.41748183965682983,
          "z": 1.3691083192825317
        },
        "tail": {
          "x": 0.1729607731103897,
          "y": -0.5176929235458374,
          "z": 1.3408243656158447
        },
        "rotation_quaternion": {
          "w": 0.01418051403015852,
          "x": -0.06768988072872162,
          "y": -0.1364549994468689,
          "z": 0.9882292747497559
        },
        "matrix": [
          [
            -0.9904341697692871,
            -0.009554038755595684,
            -0.13765636086463928,
            0.17395564913749695
          ],
          [
            0.04650038108229637,
            -0.9623581171035767,
            -0.2677775025367737,
            -0.41748183965682983
          ],
          [
            -0.12991702556610107,
            -0.2716197669506073,
            0.9536029696464539,
            1.3691083192825317
          ],
          [
            0.0,
            0.0,
            0.0,
            1.0
          ]
        ]
      },
      "bone_length_armature_space": 0.10413085445931286,
      "parent": "lowerarm_l",
      "has_children": true,
      "is_end_bone": false
    },
    "pinky_01_l": {
      "name": "pinky_01_l",
      "local": {
        "location": {
          "x": 0.0,
          "y": 0.0,
          "z": 0.0
        },
        "rotation_quaternion": {
          "w": 0.9998283982276917,
          "x": 0.01693131774663925,
          "y": 0.002606720430776477,
          "z": 0.007055708672851324
        },
        "scale": {
          "x": 1.0,
          "y": 1.0,
          "z": 1.0
        },
        "matrix_basis": [
          [
            0.9998868703842163,
            -0.014020725153386593,
            0.0054514710791409016,
            0.0
          ],
          [
            0.014197266660630703,
            0.9993271231651306,
            -0.03382004052400589,
            0.0
          ],
          [
            -0.004973621107637882,
            0.033893607556819916,
            0.9994130730628967,
            0.0
          ],
          [
            0.0,
            0.0,
            0.0,
            1.0
          ]
        ],
        "rotation_mode": "QUATERNION"
      },
      "armature_space": {
        "head": {
          "x": 0.1729607731103897,
          "y": -0.5809369087219238,
