{
  "metadata": {
    "armature_name": "KIM_caucasian_male",
    "export_time": "2026-01-13T21:05:24.153069",
    "blender_version": "4.4.1",
    "bone_count": 56,
    "end_bone_count": 13,
    "spaces_included": [
      "LOCAL_CHANNELS",
      "ARMATURE_SPACE",
      "WORLD_SPACE"
    ],
    "note": "LOCAL matches Transform panel; replay pose via local.matrix_basis for best fidelity."
  },
  "bones": {
    "Root": {
      "name": "Root",
      "local": {
        "location": {
          "x": 0.0,
          "y": 0.0,
          "z": 0.0
        },
        "rotation_quaternion": {
          "w": 0.999717652797699,
          "x": 0.003714286256581545,
          "y": 0.0126844746991992,
          "z": 0.01974756456911564
        },
        "scale": {
          "x": 1.0,
          "y": 1.0,
          "z": 1.0
        },
        "matrix_basis": [
          [
            0.9988982677459717,
            -0.039389751851558685,
            0.02550848200917244,
            0.0
          ],
          [
            0.03957820683717728,
            0.999192476272583,
            -0.006925499998033047,
            0.0
          ],
          [
            -0.025215091183781624,
            0.007927450351417065,
            0.9996505975723267,
            0.0
          ],
          [
            0.0,
            0.0,
            0.0,
            1.0
          ]
        ],
        "rotation_mode": "QUATERNION"
      },
      "armature_space": {
        "head": {
          "x": 0.0,
          "y": 0.07072800397872925,
          "z": -0.009595036506652832
        },
        "tail": {
          "x": -0.002811477752402425,
          "y": -1.8946826457977295e-05,
          "z": -0.0005684448406100273
        }
      },
      "world_space": {
        "head": {
          "x": 0.0,
          "y": 0.13397200405597687,
          "z": 0.9402589797973633
        },
        "tail": {
          "x": -0.002811477752402425,
          "y": 0.06322505325078964,
          "z": 0.9492855668067932
        },
        "rotation_quaternion": {
          "w": 0.06364279240369797,
          "x": 0.9976966977119446,
          "y": -0.018848177045583725,
          "z": 0.013986010104417801
        },
        "matrix": [
          [
            0.9988982677459717,
            -0.039389751851558685,
            0.02550848200917244,
            0.0
          ],
          [
            -0.03582930564880371,
            -0.991188645362854,
            -0.12752008438110352,
            0.13397200405597687
          ],
          [
            0.030306881293654442,
            0.1264655888080597,
            -0.9915149211883545,
            0.9402589797973633
          ],
          [
            0.0,
            0.0,
            0.0,
            1.0
          ]
        ]
      },
      "bone_length_armature_space": 0.07137586971616085,
      "parent": null,
      "has_children": true,
      "is_end_bone": false
    },
    "spine_01": {
      "name": "spine_01",
      "local": {
        "location": {
          "x": 0.0,
          "y": 0.0,
          "z": 0.0
        },
        "rotation_quaternion": {
          "w": 0.9929574728012085,
          "x": 0.10754651576280594,
          "y": -0.005729096010327339,
          "z": -0.049359019845724106
        },
        "scale": {
          "x": 1.0,
          "y": 1.0,
          "z": 1.0
        },
        "matrix_basis": [
          [
            0.9950617551803589,
            0.09679052978754044,
            -0.021994277834892273,
            0.0
          ],
          [
            -0.09925510734319687,
            0.9719948768615723,
            -0.2130126655101776,
            0.0
          ],
          [
            0.0007607161533087492,
            0.2141437977552414,
            0.976801872253418,
            0.0
          ],
          [
            0.0,
            0.0,
            0.0,
            1.0
          ]
        ],
        "rotation_mode": "QUATERNION"
      },
      "armature_space": {
        "head": {
          "x": -0.002811477752402425,
          "y": -1.8946826457977295e-05,
          "z": -0.0005684448406100273
        },
        "tail": {
          "x": 0.026808256283402443,
          "y": -0.08716998994350433,
          "z": 0.4786764979362488
        }
      },
      "world_space": {
        "head": {
          "x": -0.002811477752402425,
          "y": 0.06322505325078964,
          "z": 0.9492855668067932
        },
        "tail": {
          "x": 0.026808256283402443,
          "y": -0.023925989866256714,
          "z": 1.4285304546356201
        },
        "rotation_quaternion": {
          "w": 0.6408292651176453,
          "x": 0.7666417956352234,
          "y": 0.006629597395658493,
          "z": -0.03942623734474182
        },
        "matrix": [
          [
            0.9968032836914062,
            0.06069602444767952,
            -0.051954302936792374,
            -0.002811477752402425
          ],
          [
            -0.04036552086472511,
            -0.17858774960041046,
            -0.9830957055091858,
            0.06322505325078964
          ],
          [
            -0.06894891709089279,
            0.9820568561553955,
            -0.17556893825531006,
            0.9492855668067932
          ],
          [
            0.0,
            0.0,
            0.0,
            1.0
          ]
        ]
      },
      "bone_length_armature_space": 0.48800446533289454,
      "parent": "Root",
      "has_children": true,
      "is_end_bone": false
    },
    "neck_01": {
      "name": "neck_01",
      "local": {
        "location": {
          "x": 0.0,
          "y": 0.0,
          "z": 0.0
        },
        "rotation_quaternion": {
          "w": 0.9822188019752502,
          "x": -0.15884080529212952,
          "y": 0.028427841141819954,
          "z": -0.09595709294080734
        },
        "scale": {
          "x": 1.0,
          "y": 1.0,
          "z": 1.0
        },
        "matrix_basis": [
          [
            0.9799681901931763,
            0.1794707179069519,
            0.08632852137088776,
            0.0
          ],
          [
            -0.19753272831439972,
            0.931123673915863,
            0.3065771460533142,
            0.0
          ],
          [
            -0.025360915809869766,
            -0.31748855113983154,
            0.9479228854179382,
            0.0
          ],
          [
            0.0,
            0.0,
            0.0,
            1.0
          ]
        ],
        "rotation_mode": "QUATERNION"
      },
      "armature_space": {
        "head": {
          "x": 0.02945052832365036,
          "y": -0.1343401074409485,
          "z": 0.5444924235343933
        },
        "tail": {
          "x": 0.05363588035106659,
          "y": -0.15914258360862732,
          "z": 0.6409841775894165
        }
      },
      "world_space": {
        "head": {
          "x": 0.02945052832365036,
          "y": -0.07109610736370087,
          "z": 1.4943463802337646
        },
        "tail": {
          "x": 0.05363588035106659,
          "y": -0.0958985835313797,
          "z": 1.5908381938934326
        },
        "rotation_quaternion": {
          "w": 0.6070377230644226,
          "x": 0.7856140732765198,
          "y": 0.10267650336027145,
          "z": -0.061427097767591476
        },
        "matrix": [
          [
            0.9713684916496277,
            0.23590554296970367,
            0.028142347931861877,
            0.02945052832365036
          ],
          [
            0.08675234764814377,
            -0.24192509055137634,
            -0.9664090871810913,
            -0.07109610736370087
          ],
          [
            -0.22117435932159424,
            0.9411870241165161,
            -0.25546643137931824,
            1.4943463802337646
          ],
          [
            0.0,
            0.0,
            0.0,
            1.0
          ]
        ]
      },
      "bone_length_armature_space": 0.10252196390778154,
      "parent": "spine_01",
      "has_children": true,
      "is_end_bone": false
    },
    "head": {
      "name": "head",
      "local": {
        "location": {
          "x": 0.0,
          "y": 0.0,
          "z": 0.0
        },
        "rotation_quaternion": {
          "w": 0.9913352131843567,
          "x": -0.1130087822675705,
          "y": 0.0032971783075481653,
          "z": -0.06687789410352707
        },
        "scale": {
          "x": 1.0,
          "y": 1.0,
          "z": 1.0
        },
        "matrix_basis": [
          [
            0.9910329580307007,
            0.13185159862041473,
            0.021652797237038612,
            0.0
          ],
          [
            -0.13334204256534576,
            0.965512752532959,
            0.22361814975738525,
            0.0
          ],
          [
            0.008578361012041569,
            -0.22450019419193268,
            0.9744362831115723,
            0.0
          ],
          [
            0.0,
            0.0,
            0.0,
            1.0
          ]
        ],
        "rotation_mode": "QUATERNION"
      },
      "armature_space": {
        "head": {
          "x": 0.053635865449905396,
          "y": -0.15914271771907806,
          "z": 0.640984058380127
        },
        "tail": {
          "x": 0.10104870051145554,
          "y": -0.1044725775718689,
          "z": 0.7781571745872498
        }
      },
      "world_space": {
        "head": {
          "x": 0.053635865449905396,
          "y": -0.09589871764183044,
          "z": 1.590838074684143
        },
        "tail": {
          "x": 0.10104870051145554,
          "y": -0.04122857749462128,
          "z": 1.728011131286621
        },
        "rotation_quaternion": {
          "w": 0.8063645362854004,
          "x": 0.5637866854667664,
          "y": 0.16133353114128113,
          "z": -0.07676175981760025
        },
        "matrix": [
          [
            0.9361586570739746,
            0.3057113289833069,
            0.17363129556179047,
            0.053635865449905396
          ],
          [
            0.05811766907572746,
            0.3525053858757019,
            -0.9340035319328308,
            -0.09589871764183044
          ],
          [
            -0.34674376249313354,
            0.8844729661941528,
            0.312235027551651,
            1.590838074684143
          ],
          [
            0.0,
            0.0,
            0.0,
            1.0
          ]
        ]
      },
      "bone_length_armature_space": 0.15509114946422414,
      "parent": "neck_01",
      "has_children": false,
      "is_end_bone": true
    },
    "upperarm_l": {
      "name": "upperarm_l",
      "local": {
        "location": {
          "x": 0.0,
          "y": 0.0,
          "z": 0.0
        },
        "rotation_quaternion": {
          "w": 0.9345409274101257,
          "x": 0.32240521907806396,
          "y": -0.009002645500004292,
          "z": 0.150356724858284
        },
        "scale": {
          "x": 1.0,
          "y": 1.0,
          "z": 1.0
        },
        "matrix_basis": [
          [
            0.9546236395835876,
            -0.2868340313434601,
            0.08012490719556808,
            0.0
          ],
          [
            0.2752240300178528,
            0.746895432472229,
            -0.6053089499473572,
            0.0
          ],
          [
            0.1137782633304596,
            0.5998945236206055,
            0.7919476628303528,
            0.0
          ],
          [
            0.0,
            0.0,
            0.0,
            1.0
          ]
        ],
        "rotation_mode": "QUATERNION"
      },
      "armature_space": {
        "head": {
          "x": 0.17472609877586365,
          "y": -0.13152766227722168,
          "z": 0.46758830547332764
        },
        "tail": {
          "x": 0.37809163331985474,
          "y": -0.30411797761917114,
          "z": 0.49333053827285767
        }
      },
      "world_space": {
        "head": {
          "x": 0.17472609877586365,
          "y": -0.06828366219997406,
          "z": 1.4174423217773438
        },
        "tail": {
          "x": 0.37809163331985474,
          "y": -0.24087397754192352,
          "z": 1.4431846141815186
        },
        "rotation_quaternion": {
          "w": 0.30087652802467346,
          "x": 0.71169513463974,
          "y": 0.29570192098617554,
          "z": -0.5617150664329529
        },
        "matrix": [
          [
            0.19407282769680023,
            0.7589132189750671,
            -0.6215999126434326,
            0.17472609877586365
          ],
          [
            0.08288563042879105,
            -0.6440671682357788,
            -0.7604655623435974,
            -0.06828366219997406
          ],
          [
            -0.9774860739707947,
            0.09606404602527618,
            -0.18790090084075928,
            1.4174423217773438
          ],
          [
            0.0,
            0.0,
            0.0,
            1.0
          ]
        ]
      },
      "bone_length_armature_space": 0.2679694379027521,
      "parent": "spine_01",
      "has_children": true,
      "is_end_bone": false
    },
    "lowerarm_l": {
      "name": "lowerarm_l",
      "local": {
        "location": {
          "x": 0.0,
          "y": 0.0,
          "z": 0.0
        },
        "rotation_quaternion": {
          "w": 0.8998515605926514,
          "x": 0.42885175347328186,
          "y": -0.06832937151193619,
          "z": -0.041041623800992966
        },
        "scale": {
          "x": 1.0,
          "y": 1.0,
          "z": 1.0
        },
        "matrix_basis": [
          [
            0.9872933626174927,
            0.015256396494805813,
            -0.15817412734031677,
            0.0
          ],
          [
            -0.1324690729379654,
            0.6288034915924072,
            -0.766197144985199,
            0.0
          ],
          [
            0.08777103573083878,
            0.7774145603179932,
            0.6228345632553101,
            0.0
          ],
          [
            0.0,
            0.0,
            0.0,
            1.0
          ]
        ],
        "rotation_mode": "QUATERNION"
      },
      "armature_space": {
        "head": {
          "x": 0.37809163331985474,
          "y": -0.3041180968284607,
          "z": 0.4933306574821472
        },
        "tail": {
          "x": 0.3385728597640991,
          "y": -0.5686193704605103,
          "z": 0.5001654028892517
        }
      },
      "world_space": {
        "head": {
          "x": 0.37809163331985474,
          "y": -0.24087409675121307,
          "z": 1.4431846141815186
        },
        "tail": {
          "x": 0.3385728597640991,
          "y": -0.5053753852844238,
          "z": 1.450019359588623
        },
        "rotation_quaternion": {
          "w": 0.0435984842479229,
          "x": -0.7018593549728394,
          "y": 0.06123359501361847,
          "z": 0.7083382606506348
        },
        "matrix": [
          [
            -0.010985217988491058,
            -0.14772015810012817,
            -0.9889681935310364,
            0.37809163331985474
          ],
          [
            -0.024190418422222137,
            -0.9886993169784546,
            0.14794835448265076,
            -0.24087409675121307
          ],
          [
            -0.9996541142463684,
            0.025548022240400314,
            0.0072879306972026825,
            1.4431846141815186
          ],
          [
            0.0,
            0.0,
            0.0,
            1.0
          ]
        ]
      },
      "bone_length_armature_space": 0.2675245206977111,
      "parent": "upperarm_l",
      "has_children": true,
      "is_end_bone": false
    },
    "metacarpal_thumb_l": {
      "name": "metacarpal_thumb_l",
      "local": {
        "location": {
          "x": 0.0,
          "y": 0.0,
          "z": 0.0
        },
        "rotation_quaternion": {
          "w": 0.9995629787445068,
          "x": -0.025456774979829788,
          "y": -0.01488711778074503,
          "z": 0.002079935511574149
        },
        "scale": {
          "x": 1.0,
          "y": 1.0,
          "z": 1.0
        },
        "matrix_basis": [
          [
            0.999548077583313,
            -0.0034000971354544163,
            -0.02986712008714676,
            0.0
          ],
          [
            0.004916009027510881,
            0.9986952543258667,
            0.05082936957478523,
            0.0
          ],
          [
            0.029655326157808304,
            -0.050953228026628494,
            0.9982606768608093,
            0.0
          ],
          [
            0.0,
            0.0,
            0.0,
            1.0
          ]
        ],
        "rotation_mode": "QUATERNION"
      },
      "armature_space": {
        "head": {
          "x": 0.3385728597640991,
          "y": -0.5686193704605103,
          "z": 0.5001654028892517
        },
        "tail": {
          "x": 0.3036562204360962,
          "y": -0.6033490300178528,
          "z": 0.4948488175868988
        }
      },
      "world_space": {
        "head": {
          "x": 0.3385728597640991,
          "y": -0.5053753852844238,
          "z": 1.450019359588623
        },
        "tail": {
          "x": 0.3036562204360962,
          "y": -0.5401050448417664,
          "z": 1.4447028636932373
        },
        "rotation_quaternion": {
          "w": 0.06700125336647034,
          "x": -0.9220152497291565,
          "y": 0.3807162642478943,
          "z": 0.02130299247801304
        },
        "matrix": [
          [
            0.7092024683952332,
            -0.7049071192741394,
            0.011734209954738617,
            0.3385728597640991
          ],
          [
            -0.6991978883743286,
            -0.7011319994926453,
            0.13977265357971191,
            -0.5053753852844238
          ],
          [
            -0.09030086547136307,
            -0.10733301937580109,
            -0.9901210069656372,
            1.450019359588623
          ],
          [
            0.0,
            0.0,
            0.0,
            1.0
          ]
        ]
      },
      "bone_length_armature_space": 0.049533695507891946,
      "parent": "lowerarm_l",
      "has_children": true,
      "is_end_bone": false
    },
    "thumb_01_l": {
      "name": "thumb_01_l",
      "local": {
        "location": {
          "x": 0.0,
          "y": 0.0,
          "z": 0.0
        },
        "rotation_quaternion": {
          "w": 0.9997255802154541,
          "x": -0.021565115079283714,
          "y": 0.007028602529317141,
          "z": 0.0058663878589868546
        },
        "scale": {
          "x": 1.0,
          "y": 1.0,
          "z": 1.0
        },
        "matrix_basis": [
          [
            0.9998323917388916,
            -0.012032701633870602,
            0.013800328597426414,
            0.0
          ],
          [
            0.011426410637795925,
            0.9990010857582092,
            0.04320085793733597,
            0.0
          ],
          [
            -0.014306366443634033,
            -0.043035928159952164,
            0.9989711046218872,
            0.0
          ],
          [
            0.0,
            0.0,
            0.0,
            1.0
          ]
        ],
        "rotation_mode": "QUATERNION"
      },
      "armature_space": {
        "head": {
          "x": 0.3036562204360962,
          "y": -0.6033490300178528,
          "z": 0.4948488175868988
        },
        "tail": {
          "x": 0.2844826281070709,
          "y": -0.6113501191139221,
          "z": 0.4678860306739807
        }
      },
      "world_space": {
        "head": {
          "x": 0.3036562204360962,
          "y": -0.5401050448417664,
          "z": 1.4447028636932373
        },
        "tail": {
          "x": 0.2844826281070709,
          "y": -0.5481061339378357,
          "z": 1.4177401065826416
        },
        "rotation_quaternion": {
          "w": 0.016995534300804138,
          "x": -0.4728374481201172,
          "y": 0.6182087659835815,
          "z": -0.6276574730873108
        },
        "matrix": [
          [
            -0.5522685647010803,
            -0.5632897019386292,
            0.6145762205123901,
            0.3036562204360962
          ],
          [
            -0.6059620976448059,
            -0.2350599616765976,
            -0.7599716782569885,
            -0.5401050448417664
          ],
          [
            0.5725499987602234,
            -0.7921242713928223,
            -0.21151834726333618,
            1.4447028636932373
          ],
          [
            0.0,
            0.0,
            0.0,
            1.0
          ]
        ]
      },
      "bone_length_armature_space": 0.03403874142529617,
      "parent": "metacarpal_thumb_l",
      "has_children": true,
      "is_end_bone": false
    },
    "thumb_02_l": {
      "name": "thumb_02_l",
      "local": {
        "location": {
          "x": 0.0,
          "y": 0.0,
          "z": 0.0
        },
        "rotation_quaternion": {
          "w": 0.996448278427124,
          "x": 0.08385168015956879,
          "y": -0.004809024278074503,
          "z": 0.006062400992959738
        },
        "scale": {
          "x": 1.0,
          "y": 1.0,
          "z": 1.0
        },
        "matrix_basis": [
          [
            0.9998802542686462,
            -0.012888227589428425,
            -0.0085672028362751,
            0.0
          ],
          [
            0.011275248602032661,
            0.9858642816543579,
            -0.16716603934764862,
            0.0
          ],
          [
            0.010600573383271694,
            0.16704942286014557,
            0.9858915209770203,
            0.0
          ],
          [
            0.0,
            0.0,
            0.0,
            1.0
          ]
        ],
        "rotation_mode": "QUATERNION"
      },
      "armature_space": {
        "head": {
          "x": 0.2844826281070709,
          "y": -0.6113500595092773,
          "z": 0.4678860306739807
        },
        "tail": {
          "x": 0.27881574630737305,
          "y": -0.651089072227478,
          "z": 0.46651557087898254
        }
      },
      "world_space": {
        "head": {
          "x": 0.2844826281070709,
          "y": -0.5481060743331909,
          "z": 1.4177401065826416
        },
        "tail": {
          "x": 0.27881574630737305,
          "y": -0.5878450870513916,
          "z": 1.4163695573806763
        },
        "rotation_quaternion": {
          "w": 0.06058690696954727,
          "x": 0.34182024002075195,
          "y": -0.04031213000416756,
          "z": 0.9369434714317322
        },
        "matrix": [
          [
            -0.7589763402938843,
            -0.14109206199645996,
            0.6356475353240967,
            0.2844826281070709
          ],
          [
            0.08597426116466522,
            -0.9894084334373474,
            -0.11695967614650726,
            -0.5481060743331909
          ],
          [
            0.6454219818115234,
            -0.034121543169021606,
            0.7630731463432312,
            1.4177401065826416
          ],
          [
            0.0,
            0.0,
            0.0,
            1.0
          ]
        ]
      },
      "bone_length_armature_space": 0.040164422062428914,
      "parent": "thumb_01_l",
      "has_children": true,
      "is_end_bone": false
    },
    "thumb_03_l": {
      "name": "thumb_03_l",
      "local": {
        "location": {
          "x": 0.0,
          "y": 0.0,
          "z": 0.0
        },
        "rotation_quaternion": {
          "w": 0.9954431056976318,
          "x": 0.09520991891622543,
          "y": -0.002097058342769742,
          "z": 0.004885969217866659
        },
        "scale": {
          "x": 1.0,
          "y": 1.0,
          "z": 1.0
        },
        "matrix_basis": [
          [
            0.9999434351921082,
            -0.010126730427145958,
            -0.003244619118049741,
            0.0
          ],
          [
            0.009328086860477924,
            0.9818223714828491,
            -0.18957260251045227,
            0.0
          ],
          [
            0.005105390213429928,
            0.1895316243171692,
            0.9818613529205322,
            0.0
          ],
          [
            0.0,
            0.0,
            0.0,
            1.0
          ]
        ],
        "rotation_mode": "QUATERNION"
      },
      "armature_space": {
        "head": {
          "x": 0.27881568670272827,
          "y": -0.6510890126228333,
          "z": 0.46651554107666016
        },
        "tail": {
          "x": 0.2856751084327698,
          "y": -0.6798011064529419,
          "z": 0.4739624857902527
        }
      },
      "world_space": {
        "head": {
          "x": 0.27881568670272827,
          "y": -0.5878450274467468,
          "z": 1.4163695573806763
        },
        "tail": {
          "x": 0.2856751084327698,
          "y": -0.6165571212768555,
          "z": 1.423816442489624
        },
        "rotation_quaternion": {
          "w": 0.09340047091245651,
          "x": -0.15470024943351746,
          "y": -0.1404799222946167,
          "z": -0.9734525084495544
        },
        "matrix": [
          [
            -0.9346883296966553,
            0.22530639171600342,
            0.274944543838501,
            0.27881568670272827
          ],
          [
            -0.1383773535490036,
            -0.9430833458900452,
            0.30239975452423096,
            -0.5878450274467468
          ],
          [
            0.3274306356906891,
            0.2446041852235794,
            0.9126733541488647,
            1.4163695573806763
          ],
          [
            0.0,
            0.0,
            0.0,
            1.0
          ]
        ]
      },
      "bone_length_armature_space": 0.030444917246921183,
      "parent": "thumb_02_l",
      "has_children": false,
      "is_end_bone": true
    },
    "metacarpal_index_l": {
      "name": "metacarpal_index_l",
      "local": {
        "location": {
          "x": 0.0,
          "y": 0.0,
          "z": 0.0
        },
        "rotation_quaternion": {
          "w": 0.9997771978378296,
          "x": -0.01855696365237236,
          "y": -0.009530291892588139,
          "z": 0.0032192296348512173
        },
        "scale": {
          "x": 1.0,
          "y": 1.0,
          "z": 1.0
        },
        "matrix_basis": [
          [
            0.9997976422309875,
            -0.006083318032324314,
            -0.0191758144646883,
            0.0
          ],
          [
            0.006790731102228165,
            0.9992905259132385,
            0.03704429790377617,
            0.0
          ],
          [
            0.01893685944378376,
            -0.0371670201420784,
            0.9991296529769897,
            0.0
          ],
          [
            0.0,
            0.0,
            0.0,
            1.0
          ]
        ],
        "rotation_mode": "QUATERNION"
      },
      "armature_space": {
        "head": {
          "x": 0.3385728597640991,
          "y": -0.5686193704605103,
          "z": 0.5001654028892517
        },
        "tail": {
          "x": 0.2884444296360016,
          "y": -0.6745204925537109,
          "z": 0.5013099908828735
        }
      },
      "world_space": {
        "head": {
          "x": 0.3385728597640991,
          "y": -0.5053753852844238,
          "z": 1.450019359588623
        },
        "tail": {
          "x": 0.2884444296360016,
          "y": -0.6112765073776245,
          "z": 1.4511640071868896
        },
        "rotation_quaternion": {
          "w": 0.06471626460552216,
          "x": -0.925391674041748,
          "y": 0.20953790843486786,
          "z": 0.30912119150161743
        },
        "matrix": [
          [
            0.7210758924484253,
            -0.42782026529312134,
            -0.5449948906898499,
            0.3385728597640991
          ],
          [
            -0.3477993309497833,
            -0.9038112163543701,
            0.24932119250297546,
            -0.5053753852844238
          ],
          [
            -0.5992417931556702,
            0.00976855494081974,
            -0.8005174398422241,
            1.450019359588623
          ],
          [
            0.0,
            0.0,
            0.0,
            1.0
          ]
        ]
      },
      "bone_length_armature_space": 0.11717174320565935,
      "parent": "lowerarm_l",
      "has_children": true,
      "is_end_bone": false
    },
    "index_01_l": {
      "name": "index_01_l",
      "local": {
        "location": {
          "x": 0.0,
          "y": 0.0,
          "z": 0.0
        },
        "rotation_quaternion": {
          "w": 0.9926557540893555,
          "x": -0.12005642056465149,
          "y": 0.01484023965895176,
          "z": 0.00094575434923172
        },
        "scale": {
          "x": 1.0,
          "y": 1.0,
          "z": 1.0
        },
        "matrix_basis": [
          [
            0.9995577335357666,
            -0.005440948996692896,
            0.029235411435365677,
            0.0
          ],
          [
            -0.0016857151640579104,
            0.9711711406707764,
            0.23837746679782867,
            0.0
          ],
          [
            -0.02968958579003811,
            -0.23832131922245026,
            0.9707324504852295,
            0.0
          ],
          [
            0.0,
            0.0,
            0.0,
            1.0
          ]
        ],
        "rotation_mode": "QUATERNION"
      },
      "armature_space": {
        "head": {
          "x": 0.2884444296360016,
          "y": -0.6745204925537109,
          "z": 0.5013099908828735
        },
        "tail": {
          "x": 0.28992921113967896,
          "y": -0.7028166651725769,
          "z": 0.5045024156570435
        }
      },
      "world_space": {
        "head": {
          "x": 0.2884444296360016,
          "y": -0.6112765073776245,
          "z": 1.4511640071868896
        },
        "tail": {
          "x": 0.28992921113967896,
          "y": -0.6395726799964905,
          "z": 1.4543564319610596
        },
        "rotation_quaternion": {
          "w": 0.06111855432391167,
          "x": 0.9589973092079163,
          "y": 0.00952200684696436,
          "z": -0.2765827476978302
        },
        "matrix": [
          [
            0.8468227386474609,
            0.052071794867515564,
            -0.529320240020752,
            0.2884444296360016
          ],
          [
            -0.015545511618256569,
            -0.9923477172851562,
            -0.12249273806810379,
            -0.6112765073776245
          ],
          [
            -0.5316519141197205,
            0.11195798218250275,
            -0.839539110660553,
            1.4511640071868896
          ],
          [
            0.0,
            0.0,
            0.0,
            1.0
          ]
        ]
      },
      "bone_length_armature_space": 0.028514374199333108,
      "parent": "metacarpal_index_l",
      "has_children": true,
      "is_end_bone": false
    },
    "index_02_l": {
      "name": "index_02_l",
      "local": {
        "location": {
          "x": 0.0,
          "y": 0.0,
          "z": 0.0
        },
        "rotation_quaternion": {
          "w": 0.9978932738304138,
          "x": 0.06420060247182846,
          "y": 0.00689212791621685,
          "z": 0.006312068551778793
        },
        "scale": {
          "x": 1.0,
          "y": 1.0,
          "z": 1.0
        },
        "matrix_basis": [
          [
            0.9998252987861633,
            -0.011712583713233471,
            0.014565693214535713,
            0.0
          ],
          [
            0.013482498936355114,
            0.9916768670082092,
            -0.12804369628429413,
            0.0
          ],
          [
            -0.012944739311933517,
            0.12821771204471588,
            0.991661548614502,
            0.0
          ],
          [
            0.0,
            0.0,
            0.0,
            1.0
          ]
        ],
        "rotation_mode": "QUATERNION"
      },
      "armature_space": {
        "head": {
          "x": 0.2899288535118103,
          "y": -0.7028170824050903,
          "z": 0.5045023560523987
        },
        "tail": {
          "x": 0.2902339696884155,
          "y": -0.7284586429595947,
          "z": 0.505215048789978
        }
      },
      "world_space": {
        "head": {
          "x": 0.2899288535118103,
          "y": -0.6395730972290039,
          "z": 1.4543564319610596
        },
        "tail": {
          "x": 0.2902339696884155,
          "y": -0.6652146577835083,
          "z": 1.4550690650939941
        },
        "rotation_quaternion": {
          "w": 0.015041192062199116,
          "x": 0.9530112743377686,
          "y": 0.0014650148805230856,
          "z": -0.3025576174259186
        },
        "matrix": [
          [
            0.8169135451316833,
            0.01189401000738144,
            -0.5766375660896301,
            0.2899288535118103
          ],
          [
            -0.006309322081506252,
            -0.9995432496070862,
            -0.029555872082710266,
            -0.6395730972290039
          ],
          [
            -0.5767297744750977,
            0.02778197079896927,
            -0.8164711594581604,
            1.4543564319610596
          ],
          [
            0.0,
            0.0,
            0.0,
            1.0
          ]
        ]
      },
      "bone_length_armature_space": 0.02565327789089828,
      "parent": "index_01_l",
      "has_children": true,
      "is_end_bone": false
    },
    "index_03_l": {
      "name": "index_03_l",
      "local": {
        "location": {
          "x": 0.0,
          "y": 0.0,
          "z": 0.0
        },
        "rotation_quaternion": {
          "w": 0.9994940757751465,
          "x": 0.030670087784528732,
          "y": 0.00821759458631277,
          "z": 0.0018444961169734597
        },
        "scale": {
          "x": 1.0,
          "y": 1.0,
          "z": 1.0
        },
        "matrix_basis": [
          [
            0.9998581409454346,
            -0.0031830572988837957,
            0.01654001511633396,
            0.0
          ],
          [
            0.004191194660961628,
            0.99811190366745,
            -0.061278827488422394,
            0.0
          ],
          [
            -0.01631373167037964,
            0.06133945658802986,
            0.9979836344718933,
            0.0
          ],
          [
            0.0,
            0.0,
            0.0,
            1.0
          ]
        ],
        "rotation_mode": "QUATERNION"
      },
      "armature_space": {
        "head": {
          "x": 0.2902340292930603,
          "y": -0.7284586429595947,
          "z": 0.5052151679992676
        },
        "tail": {
          "x": 0.2902492582798004,
          "y": -0.7573593854904175,
          "z": 0.5009163618087769
        }
      },
      "world_space": {
        "head": {
          "x": 0.2902340292930603,
          "y": -0.6652146577835083,
          "z": 1.4550691843032837
        },
        "tail": {
          "x": 0.2902492582798004,
          "y": -0.694115400314331,
          "z": 1.450770378112793
        },
        "rotation_quaternion": {
          "w": 0.07111422717571259,
          "x": -0.9623879790306091,
          "y": -0.019591767340898514,
          "z": 0.2614733576774597
        },
        "matrix": [
          [
            0.8624956607818604,
            0.0005209259688854218,
            -0.5060641169548035,
            0.2902340292930603
          ],
          [
            0.07489873468875885,
            -0.9891179800033569,
            0.12663279473781586,
            -0.6652146577835083
          ],
          [
            -0.5004945993423462,
            -0.14712584018707275,
            -0.8531549572944641,
            1.4550691843032837
          ],
          [
            0.0,
            0.0,
            0.0,
            1.0
          ]
        ]
      },
      "bone_length_armature_space": 0.0292187079303762,
      "parent": "index_02_l",
      "has_children": false,
      "is_end_bone": true
    },
    "metacarpal_pinky_l": {
      "name": "metacarpal_pinky_l",
      "local": {
        "location": {
          "x": 0.0,
          "y": 0.0,
          "z": 0.0
        },
        "rotation_quaternion": {
          "w": 0.999901294708252,
          "x": 0.0003147423267364502,
          "y": 0.013934202492237091,
          "z": -0.0018007279140874743
        },
        "scale": {
          "x": 1.0,
          "y": 1.0,
          "z": 1.0
        },
        "matrix_basis": [
          [
            0.9996051788330078,
            0.0036098717246204615,
            0.027864521369338036,
            0.0
          ],
          [
            -0.003592328866943717,
            0.9999933242797852,
            -0.0006796059315092862,
            0.0
          ],
          [
            -0.02786678820848465,
            0.0005792391020804644,
            0.999611496925354,
            0.0
          ],
          [
            0.0,
            0.0,
            0.0,
            1.0
          ]
        ],
        "rotation_mode": "QUATERNION"
      },
      "armature_space": {
        "head": {
          "x": 0.3385728597640991,
          "y": -0.5686193704605103,
          "z": 0.5001654028892517
        },
        "tail": {
          "x": 0.3548114597797394,
          "y": -0.6714619398117065,
          "z": 0.5018774271011353
        }
      },
      "world_space": {
        "head": {
          "x": 0.3385728597640991,
          "y": -0.5053753852844238,
          "z": 1.450019359588623
        },
        "tail": {
          "x": 0.3548114597797394,
          "y": -0.6082179546356201,
          "z": 1.4517314434051514
        },
        "rotation_quaternion": {
          "w": 0.07859093695878983,
          "x": 0.14219945669174194,
          "y": 0.0029946898575872183,
          "z": -0.9867085814476013
        },
        "matrix": [
          [
            -0.9472056031227112,
            0.15594422817230225,
            -0.2801481783390045,
            0.3385728597640991
          ],
          [
            -0.15424130856990814,
            -0.9876290559768677,
            -0.028260650113224983,
            -0.5053753852844238
          ],
          [
            -0.281091570854187,
            0.016440922394394875,
            0.9595474600791931,
            1.450019359588623
          ],
          [
            0.0,
            0.0,
            0.0,
            1.0
          ]
        ]
      },
      "bone_length_armature_space": 0.10413076806759691,
      "parent": "lowerarm_l",
      "has_children": true,
      "is_end_bone": false
    },
    "pinky_01_l": {
      "name": "pinky_01_l",
      "local": {
        "location": {
          "x": 0.0,
          "y": 0.0,
          "z": 0.0
        },
        "rotation_quaternion": {
          "w": 0.9569188356399536,
          "x": 0.29009535908699036,
          "y": -0.003257190342992544,
          "z": 0.011851439252495766
        },
        "scale": {
          "x": 1.0,
          "y": 1.0,
          "z": 1.0
        },
        "matrix_basis": [
          [
            0.9996978640556335,
            -0.024571523070335388,
            0.0006423614686354995,
            0.0
          ],
          [
            0.02079193852841854,
            0.8314084410667419,
            -0.55527263879776,
            0.0
          ],
          [
            0.013109828345477581,
            0.555118203163147,
            0.8316681385040283,
            0.0
          ],
          [
            0.0,
            0.0,
            0.0,
            1.0
          ]
        ],
        "rotation_mode": "QUATERNION"
      },
      "armature_space": {
        "head": {
          "x": 0.3548114597797394,
          "y": -0.6714619398117065,
          "z": 0.5018774271011353
        },
