{
  "metadata": {
    "armature_name": "KIM_caucasian_male",
    "export_time": "2026-01-13T21:12:42.752966",
    "blender_version": "4.4.1",
    "bone_count": 56,
    "end_bone_count": 13,
    "spaces_included": [
      "LOCAL_CHANNELS",
      "ARMATURE_SPACE",
      "WORLD_SPACE"
    ],
    "note": "LOCAL matches Transform panel; replay pose via local.matrix_basis for best fidelity."
  },
  "bones": {
    "Root": {
      "name": "Root",
      "local": {
        "location": {
          "x": 0.0,
          "y": 0.0,
          "z": 0.0
        },
        "rotation_quaternion": {
          "w": 0.9994912147521973,
          "x": -0.017859909683465958,
          "y": 0.006240432150661945,
          "z": 0.025679143145680428
        },
        "scale": {
          "x": 1.0,
          "y": 1.0,
          "z": 1.0
        },
        "matrix_basis": [
          [
            0.9986032843589783,
            -0.05155506357550621,
            0.01155725959688425,
            0.0
          ],
          [
            0.051109250634908676,
            0.9980432391166687,
            0.03602214530110359,
            0.0
          ],
          [
            -0.0133917685598135,
            -0.035381149500608444,
            0.9992841482162476,
            0.0
          ],
          [
            0.0,
            0.0,
            0.0,
            1.0
          ]
        ],
        "rotation_mode": "QUATERNION"
      },
      "armature_space": {
        "head": {
          "x": 0.0,
          "y": 0.07072800397872925,
          "z": -0.009595036506652832
        },
        "tail": {
          "x": -0.0036797875072807074,
          "y": 0.00047788023948669434,
          "z": 0.002483679912984371
        }
      },
      "world_space": {
        "head": {
          "x": 0.0,
          "y": 0.13397200405597687,
          "z": 0.9402589797973633
        },
        "tail": {
          "x": -0.0036797875072807074,
          "y": 0.06372188031673431,
          "z": 0.9523376822471619
        },
        "rotation_quaternion": {
          "w": 0.08515270799398422,
          "x": 0.9960173964500427,
          "y": -0.02520040050148964,
          "z": 0.007956208661198616
        },
        "matrix": [
          [
            0.9986032843589783,
            -0.05155506357550621,
            0.01155725959688425,
            0.0
          ],
          [
            -0.048845089972019196,
            -0.9842278957366943,
            -0.17002864181995392,
            0.13397200405597687
          ],
          [
            0.020140908658504486,
            0.16922688484191895,
            -0.9853783845901489,
            0.9402589797973633
          ],
          [
            0.0,
            0.0,
            0.0,
            1.0
          ]
        ]
      },
      "bone_length_armature_space": 0.07137587791584808,
      "parent": null,
      "has_children": true,
      "is_end_bone": false
    },
    "spine_01": {
      "name": "spine_01",
      "local": {
        "location": {
          "x": 0.0,
          "y": 0.0,
          "z": 0.0
        },
        "rotation_quaternion": {
          "w": 0.9983522891998291,
          "x": -0.031555987894535065,
          "y": -0.04360680654644966,
          "z": -0.019887592643499374
        },
        "scale": {
          "x": 1.0,
          "y": 1.0,
          "z": 1.0
        },
        "matrix_basis": [
          [
            0.9954058527946472,
            0.042461760342121124,
            -0.08581476658582687,
            0.0
          ],
          [
            -0.03695753589272499,
            0.9972174167633057,
            0.06474245339632034,
            0.0
          ],
          [
            0.08832505345344543,
            -0.06127351522445679,
            0.9942053556442261,
            0.0
          ],
          [
            0.0,
            0.0,
            0.0,
            1.0
          ]
        ],
        "rotation_mode": "QUATERNION"
      },
      "armature_space": {
        "head": {
          "x": -0.0036797875072807074,
          "y": 0.00047788023948669434,
          "z": 0.002483679912984371
        },
        "tail": {
          "x": 0.010708356276154518,
          "y": 0.06951707601547241,
          "z": 0.48536571860313416
        }
      },
      "world_space": {
        "head": {
          "x": -0.0036797875072807074,
          "y": 0.06372188031673431,
          "z": 0.9523376822471619
        },
        "tail": {
          "x": 0.010708356276154518,
          "y": 0.13276107609272003,
          "z": 1.4352197647094727
        },
        "rotation_quaternion": {
          "w": 0.7542931437492371,
          "x": 0.652781069278717,
          "y": -0.042170505970716476,
          "z": -0.056039225310087204
        },
        "matrix": [
          [
            0.9901624917984009,
            0.029483826830983162,
            -0.13678070902824402,
            -0.0036797875072807074
          ],
          [
            -0.13959640264511108,
            0.1414734125137329,
            -0.9800502061843872,
            0.06372188031673431
          ],
          [
            -0.009544995613396168,
            0.9895099401473999,
            0.14419758319854736,
            0.9523376822471619
          ],
          [
            0.0,
            0.0,
            0.0,
            1.0
          ]
        ]
      },
      "bone_length_armature_space": 0.48800462432897934,
      "parent": "Root",
      "has_children": true,
      "is_end_bone": false
    },
    "neck_01": {
      "name": "neck_01",
      "local": {
        "location": {
          "x": 0.0,
          "y": 0.0,
          "z": 0.0
        },
        "rotation_quaternion": {
          "w": 0.9923300743103027,
          "x": -0.029569046571850777,
          "y": -0.08401373773813248,
          "z": -0.08572373539209366
        },
        "scale": {
          "x": 1.0,
          "y": 1.0,
          "z": 1.0
        },
        "matrix_basis": [
          [
            0.9711862802505493,
            0.1751008927822113,
            -0.16166917979717255,
            0.0
          ],
          [
            -0.1651640683412552,
            0.9835542440414429,
            0.07308845221996307,
            0.0
          ],
          [
            0.17180825769901276,
            -0.04428056627511978,
            0.9841347336769104,
            0.0
          ],
          [
            0.0,
            0.0,
            0.0,
            1.0
          ]
        ],
        "rotation_mode": "QUATERNION"
      },
      "armature_space": {
        "head": {
          "x": 0.008123502135276794,
          "y": 0.045886971056461334,
          "z": 0.5628169775009155
        },
        "tail": {
          "x": 0.024037618190050125,
          "y": 0.023362182080745697,
          "z": 0.6615597009658813
        }
      },
      "world_space": {
        "head": {
          "x": 0.008123502135276794,
          "y": 0.10913097113370895,
          "z": 1.5126709938049316
        },
        "tail": {
          "x": 0.024037618190050125,
          "y": 0.08660618215799332,
          "z": 1.6114137172698975
        },
        "rotation_quaternion": {
          "w": 0.6236304640769958,
          "x": 0.762786328792572,
          "y": -0.035082682967185974,
          "z": -0.16736561059951782
        },
        "matrix": [
          [
            0.9415162205696106,
            0.15522734820842743,
            -0.2990846037864685,
            0.008123502135276794
          ],
          [
            -0.2622688412666321,
            -0.21970829367637634,
            -0.9396508932113647,
            0.10913097113370895
          ],
          [
            -0.2115725576877594,
            0.9631434679031372,
            -0.16614967584609985,
            1.5126709938049316
          ],
          [
            0.0,
            0.0,
            0.0,
            1.0
          ]
        ]
      },
      "bone_length_armature_space": 0.10252194999771062,
      "parent": "spine_01",
      "has_children": true,
      "is_end_bone": false
    },
    "head": {
      "name": "head",
      "local": {
        "location": {
          "x": 0.0,
          "y": 0.0,
          "z": 0.0
        },
        "rotation_quaternion": {
          "w": 0.9988924264907837,
          "x": 0.010843269526958466,
          "y": 0.02864915505051613,
          "z": -0.03571590408682823
        },
        "scale": {
          "x": 1.0,
          "y": 1.0,
          "z": 1.0
        },
        "matrix_basis": [
          [
            0.9958071708679199,
            0.07197399437427521,
            0.056460294872522354,
            0.0
          ],
          [
            -0.07073139399290085,
            0.99721360206604,
            -0.023708980530500412,
            0.0
          ],
          [
            -0.058009400963783264,
            0.019616058096289635,
            0.998123288154602,
            0.0
          ],
          [
            0.0,
            0.0,
            0.0,
            1.0
          ]
        ],
        "rotation_mode": "QUATERNION"
      },
      "armature_space": {
        "head": {
          "x": 0.02403755858540535,
          "y": 0.0233620535582304,
          "z": 0.6615596413612366
        },
        "tail": {
          "x": 0.07286851108074188,
          "y": 0.038377583026885986,
          "z": 0.8079951405525208
        }
      },
      "world_space": {
        "head": {
          "x": 0.02403755858540535,
          "y": 0.08660605549812317,
          "z": 1.6114137172698975
        },
        "tail": {
          "x": 0.07286851108074188,
          "y": 0.1016215831041336,
          "z": 1.7578492164611816
        },
        "rotation_quaternion": {
          "w": 0.7396034002304077,
          "x": 0.6474071145057678,
          "y": 0.03735717758536339,
          "z": -0.18015357851982117
        },
        "matrix": [
          [
            0.9322978854179382,
            0.31485515832901,
            -0.17800816893577576,
            0.02403755858540535
          ],
          [
            -0.218115895986557,
            0.09681803733110428,
            -0.9711086750030518,
            0.08660605549812317
          ],
          [
            -0.288526326417923,
            0.9441956877708435,
            0.15893831849098206,
            1.6114137172698975
          ],
          [
            0.0,
            0.0,
            0.0,
            1.0
          ]
        ]
      },
      "bone_length_armature_space": 0.15509121148461713,
      "parent": "neck_01",
      "has_children": false,
      "is_end_bone": true
    },
    "upperarm_l": {
      "name": "upperarm_l",
      "local": {
        "location": {
          "x": 0.0,
          "y": 0.0,
          "z": 0.0
        },
        "rotation_quaternion": {
          "w": 0.878366231918335,
          "x": 0.2910494804382324,
          "y": 0.28859493136405945,
          "z": 0.2459186613559723
        },
        "scale": {
          "x": 1.0,
          "y": 1.0,
          "z": 1.0
        },
        "matrix_basis": [
          [
            0.7124739289283752,
            -0.26402249932289124,
            0.6501330733299255,
            0.0
          ],
          [
            0.6000040769577026,
            0.7096284031867981,
            -0.3693543076515198,
            0.0
          ],
          [
            -0.36383509635925293,
            0.6532378196716309,
            0.6640063524246216,
            0.0
          ],
          [
            0.0,
            0.0,
            0.0,
            1.0
          ]
        ],
        "rotation_mode": "QUATERNION"
      },
      "armature_space": {
        "head": {
          "x": 0.15423011779785156,
          "y": 0.01231389120221138,
          "z": 0.49534234404563904
        },
        "tail": {
          "x": 0.32932448387145996,
          "y": -0.17231209576129913,
          "z": 0.579383373260498
        }
      },
      "world_space": {
        "head": {
          "x": 0.15423011779785156,
          "y": 0.0755578875541687,
          "z": 1.4451963901519775
        },
        "tail": {
          "x": 0.32932448387145996,
          "y": -0.10906809568405151,
          "z": 1.5292373895645142
        },
        "rotation_quaternion": {
          "w": 0.2984514832496643,
          "x": 0.8424527645111084,
          "y": 0.25775134563446045,
          "z": -0.36710262298583984
        },
        "matrix": [
          [
            0.5975998044013977,
            0.6534117460250854,
            -0.4646799862384796,
            0.15423011779785156
          ],
          [
            0.21516279876232147,
            -0.6889815330505371,
            -0.6921052932739258,
            0.0755578875541687
          ],
          [
            -0.7723907828330994,
            0.3136216700077057,
            -0.5523295402526855,
            1.4451963901519775
          ],
          [
            0.0,
            0.0,
            0.0,
            1.0
          ]
        ]
      },
      "bone_length_armature_space": 0.26796955780680487,
      "parent": "spine_01",
      "has_children": true,
      "is_end_bone": false
    },
    "lowerarm_l": {
      "name": "lowerarm_l",
      "local": {
        "location": {
          "x": 0.0,
          "y": 0.0,
          "z": 0.0
        },
        "rotation_quaternion": {
          "w": 0.950242817401886,
          "x": 0.1616305410861969,
          "y": 0.17074260115623474,
          "z": -0.204355850815773
        },
        "scale": {
          "x": 1.0,
          "y": 1.0,
          "z": 1.0
        },
        "matrix_basis": [
          [
            0.858171284198761,
            0.4435698091983795,
            0.25843358039855957,
            0.0
          ],
          [
            -0.3331809341907501,
            0.8642284870147705,
            -0.37696102261543274,
            0.0
          ],
          [
            -0.39055415987968445,
            0.23739202320575714,
            0.8894450664520264,
            0.0
          ],
          [
            0.0,
            0.0,
            0.0,
            1.0
          ]
        ],
        "rotation_mode": "QUATERNION"
      },
      "armature_space": {
        "head": {
          "x": 0.3293244242668152,
          "y": -0.17231221497058868,
          "z": 0.5793834328651428
        },
        "tail": {
          "x": 0.48376190662384033,
          "y": -0.3827850818634033,
          "z": 0.5209056735038757
        }
      },
      "world_space": {
        "head": {
          "x": 0.3293244242668152,
          "y": -0.10906821489334106,
          "z": 1.5292375087738037
        },
        "tail": {
          "x": 0.48376190662384033,
          "y": -0.3195410966873169,
          "z": 1.470759630203247
        },
        "rotation_quaternion": {
          "w": 0.006703776307404041,
          "x": 0.8768802285194397,
          "y": 0.3264712989330292,
          "z": -0.35277846455574036
        },
        "matrix": [
          [
            0.5379269123077393,
            0.577283501625061,
            -0.614311158657074,
            0.3293244242668152
          ],
          [
            0.5678228139877319,
            -0.7867424488067627,
            -0.24210304021835327,
            -0.10906821489334106
          ],
          [
            -0.6230705380439758,
            -0.21858850121498108,
            -0.7510100603103638,
            1.5292375087738037
          ],
          [
            0.0,
            0.0,
            0.0,
            1.0
          ]
        ]
      },
      "bone_length_armature_space": 0.26752460163700786,
      "parent": "upperarm_l",
      "has_children": true,
      "is_end_bone": false
    },
    "metacarpal_thumb_l": {
      "name": "metacarpal_thumb_l",
      "local": {
        "location": {
          "x": 0.0,
          "y": 0.0,
          "z": 0.0
        },
        "rotation_quaternion": {
          "w": 0.9993791580200195,
          "x": 0.03172029182314873,
          "y": 0.006353381089866161,
          "z": -0.01395915076136589
        },
        "scale": {
          "x": 1.0,
          "y": 1.0,
          "z": 1.0
        },
        "matrix_basis": [
          [
            0.9995295405387878,
            0.028304031118750572,
            0.011813296936452389,
            0.0
          ],
          [
            -0.027497906237840652,
            0.9975979328155518,
            -0.06357857584953308,
            0.0
          ],
          [
            -0.013584449887275696,
            0.06322382390499115,
            0.9979069232940674,
            0.0
          ],
          [
            0.0,
            0.0,
            0.0,
            1.0
          ]
        ],
        "rotation_mode": "QUATERNION"
      },
      "armature_space": {
        "head": {
          "x": 0.48376190662384033,
          "y": -0.3827850818634033,
          "z": 0.5209056735038757
        },
        "tail": {
          "x": 0.4958771765232086,
          "y": -0.4134064018726349,
          "z": 0.48390352725982666
        }
      },
      "world_space": {
        "head": {
          "x": 0.48376190662384033,
          "y": -0.3195410966873169,
          "z": 1.470759630203247
        },
        "tail": {
          "x": 0.4958771765232086,
          "y": -0.3501623868942261,
          "z": 1.4337575435638428
        },
        "rotation_quaternion": {
          "w": 0.43685683608055115,
          "x": -0.859685480594635,
          "y": -0.007772327866405249,
          "z": -0.2646445631980896
        },
        "matrix": [
          [
            0.8598061800003052,
            0.2445864975452423,
            0.44823041558265686,
            0.48376190662384033
          ],
          [
            -0.2178587019443512,
            -0.6181923151016235,
            0.7552323937416077,
            -0.3195410966873169
          ],
          [
            0.4618152379989624,
            -0.7470100522041321,
            -0.4782429039478302,
            1.470759630203247
          ],
          [
            0.0,
            0.0,
            0.0,
            1.0
          ]
        ]
      },
      "bone_length_armature_space": 0.0495338657336505,
      "parent": "lowerarm_l",
      "has_children": true,
      "is_end_bone": false
    },
    "thumb_01_l": {
      "name": "thumb_01_l",
      "local": {
        "location": {
          "x": 0.0,
          "y": 0.0,
          "z": 0.0
        },
        "rotation_quaternion": {
          "w": 0.9982339143753052,
          "x": -0.051250044256448746,
          "y": 0.025722473859786987,
          "z": 0.015522414818406105
        },
        "scale": {
          "x": 1.0,
          "y": 1.0,
          "z": 1.0
        },
        "matrix_basis": [
          [
            0.9981948137283325,
            -0.033626556396484375,
            0.049763042479753494,
            0.0
          ],
          [
            0.02835344523191452,
            0.9942649602890015,
            0.10311761498451233,
            0.0
          ],
          [
            -0.05294514074921608,
            -0.10152051597833633,
            0.993423581123352,
            0.0
          ],
          [
            0.0,
            0.0,
            0.0,
            1.0
          ]
        ],
        "rotation_mode": "QUATERNION"
      },
      "armature_space": {
        "head": {
          "x": 0.4958771765232086,
          "y": -0.4134064018726349,
          "z": 0.48390352725982666
        },
        "tail": {
          "x": 0.5060453414916992,
          "y": -0.4055774211883545,
          "z": 0.45237648487091064
        }
      },
      "world_space": {
        "head": {
          "x": 0.4958771765232086,
          "y": -0.3501623868942261,
          "z": 1.4337575435638428
        },
        "tail": {
          "x": 0.5060453414916992,
          "y": -0.34233343601226807,
          "z": 1.4022305011749268
        },
        "rotation_quaternion": {
          "w": 0.5745129585266113,
          "x": -0.3029763102531433,
          "y": 0.5337952971458435,
          "z": -0.541482150554657
        },
        "matrix": [
          [
            -0.15628112852573395,
            0.29872459173202515,
            0.9414561986923218,
            0.4958771765232086
          ],
          [
            -0.9456318616867065,
            0.2300032675266266,
            -0.22995413839817047,
            -0.3501623868942261
          ],
          [
            -0.28523364663124084,
            -0.9262146353721619,
            0.24653980135917664,
            1.4337575435638428
          ],
          [
            0.0,
            0.0,
            0.0,
            1.0
          ]
        ]
      },
      "bone_length_armature_space": 0.03403878492444939,
      "parent": "metacarpal_thumb_l",
      "has_children": true,
      "is_end_bone": false
    },
    "thumb_02_l": {
      "name": "thumb_02_l",
      "local": {
        "location": {
          "x": 0.0,
          "y": 0.0,
          "z": 0.0
        },
        "rotation_quaternion": {
          "w": 0.9977724552154541,
          "x": 0.06628028303384781,
          "y": -0.003909953869879246,
          "z": 0.006464035250246525
        },
        "scale": {
          "x": 1.0,
          "y": 1.0,
          "z": 1.0
        },
        "matrix_basis": [
          [
            0.9998858571052551,
            -0.013417578302323818,
            -0.006945612374693155,
            0.0
          ],
          [
            0.012380966916680336,
            0.9911302924156189,
            -0.13231582939624786,
            0.0
          ],
          [
            0.0086593646556139,
            0.1322147399187088,
            0.9911832809448242,
            0.0
          ],
          [
            0.0,
            0.0,
            0.0,
            1.0
          ]
        ],
        "rotation_mode": "QUATERNION"
      },
      "armature_space": {
        "head": {
          "x": 0.5060452818870544,
          "y": -0.4055773913860321,
          "z": 0.45237651467323303
        },
        "tail": {
          "x": 0.531426727771759,
          "y": -0.4329903721809387,
          "z": 0.4376288056373596
        }
      },
      "world_space": {
        "head": {
          "x": 0.5060452818870544,
          "y": -0.3423333764076233,
          "z": 1.4022305011749268
        },
        "tail": {
          "x": 0.531426727771759,
          "y": -0.3697463870048523,
          "z": 1.3874828815460205
        },
        "rotation_quaternion": {
          "w": 0.3276447653770447,
          "x": 0.07228945195674896,
          "y": 0.22669188678264618,
          "z": -0.9143489003181458
        },
        "matrix": [
          [
            -0.7748461961746216,
            0.6319382190704346,
            0.016354389488697052,
            0.5060452818870544
          ],
          [
            -0.566389262676239,
            -0.6825190186500549,
            -0.46192094683647156,
            -0.3423333764076233
          ],
          [
            -0.28074565529823303,
            -0.3671836853027344,
            0.8867759704589844,
            1.4022305011749268
          ],
          [
            0.0,
            0.0,
            0.0,
            1.0
          ]
        ]
      },
      "bone_length_armature_space": 0.040164464193518115,
      "parent": "thumb_01_l",
      "has_children": true,
      "is_end_bone": false
    },
    "thumb_03_l": {
      "name": "thumb_03_l",
      "local": {
        "location": {
          "x": 0.0,
          "y": 0.0,
          "z": 0.0
        },
        "rotation_quaternion": {
          "w": 0.996428906917572,
          "x": 0.08427847176790237,
          "y": 0.001774131553247571,
          "z": 0.004857736639678478
        },
        "scale": {
          "x": 1.0,
          "y": 1.0,
          "z": 1.0
        },
        "matrix_basis": [
          [
            0.9999465346336365,
            -0.009381736628711224,
            0.004354397300630808,
            0.0
          ],
          [
            0.009979820810258389,
            0.9857470989227295,
            -0.167937770485878,
            0.0
          ],
          [
            -0.0027167866937816143,
            0.16797225177288055,
            0.9857879877090454,
            0.0
          ],
          [
            0.0,
            0.0,
            0.0,
            1.0
          ]
        ],
        "rotation_mode": "QUATERNION"
      },
      "armature_space": {
        "head": {
          "x": 0.5314266085624695,
          "y": -0.43299034237861633,
          "z": 0.43762874603271484
        },
        "tail": {
          "x": 0.5513888597488403,
          "y": -0.4558733105659485,
          "z": 0.43981269001960754
        }
      },
      "world_space": {
        "head": {
          "x": 0.5314266085624695,
          "y": -0.3697463274002075,
          "z": 1.387482762336731
        },
        "tail": {
          "x": 0.5513888597488403,
          "y": -0.39262932538986206,
          "z": 1.3896666765213013
        },
        "rotation_quaternion": {
          "w": 0.340813010931015,
          "x": 0.3350822925567627,
          "y": 0.08964602649211884,
          "z": -0.8738020658493042
        },
        "matrix": [
          [
            -0.543132483959198,
            0.6556846499443054,
            -0.5244853496551514,
            0.5314266085624695
          ],
          [
            -0.5355291366577148,
            -0.7516193985939026,
            -0.3850674033164978,
            -0.3697463274002075
          ],
          [
            -0.646700918674469,
            0.0717344880104065,
            0.7593719959259033,
            1.387482762336731
          ],
          [
            0.0,
            0.0,
            0.0,
            1.0
          ]
        ]
      },
      "bone_length_armature_space": 0.030444890047133147,
      "parent": "thumb_02_l",
      "has_children": false,
      "is_end_bone": true
    },
    "metacarpal_index_l": {
      "name": "metacarpal_index_l",
      "local": {
        "location": {
          "x": 0.0,
          "y": 0.0,
          "z": 0.0
        },
        "rotation_quaternion": {
          "w": 0.9991601705551147,
          "x": -0.0378040187060833,
          "y": 0.015667404979467392,
          "z": -0.002127255778759718
        },
        "scale": {
          "x": 1.0,
          "y": 1.0,
          "z": 1.0
        },
        "matrix_basis": [
          [
            0.999500036239624,
            0.003066356759518385,
            0.031469330191612244,
            0.0
          ],
          [
            -0.005435520317405462,
            0.9971326589584351,
            0.07547788321971893,
            0.0
          ],
          [
            -0.031147656962275505,
            -0.07561119645833969,
            0.996650755405426,
            0.0
          ],
          [
            0.0,
            0.0,
            0.0,
            1.0
          ]
        ],
        "rotation_mode": "QUATERNION"
      },
      "armature_space": {
        "head": {
          "x": 0.48376190662384033,
          "y": -0.3827850818634033,
          "z": 0.5209056735038757
        },
        "tail": {
          "x": 0.529719352722168,
          "y": -0.479779452085495,
          "z": 0.4739028811454773
        }
      },
      "world_space": {
        "head": {
          "x": 0.48376190662384033,
          "y": -0.3195410966873169,
          "z": 1.470759630203247
        },
        "tail": {
          "x": 0.529719352722168,
          "y": -0.4165354371070862,
          "z": 1.4237568378448486
        },
        "rotation_quaternion": {
          "w": 0.22278185188770294,
          "x": -0.9539307951927185,
          "y": -0.1909712702035904,
          "z": -0.06256420165300369
        },
        "matrix": [
          [
            0.9192313551902771,
            0.3922230005264282,
            0.034273333847522736,
            0.48376190662384033
          ],
          [
            0.33647119998931885,
            -0.8277965784072876,
            0.44893234968185425,
            -0.3195410966873169
          ],
          [
            0.20445460081100464,
            -0.4011443853378296,
            -0.8929139971733093,
            1.470759630203247
          ],
          [
            0.0,
            0.0,
            0.0,
            1.0
          ]
        ]
      },
      "bone_length_armature_space": 0.11717191234869845,
      "parent": "lowerarm_l",
      "has_children": true,
      "is_end_bone": false
    },
    "index_01_l": {
      "name": "index_01_l",
      "local": {
        "location": {
          "x": 0.0,
          "y": 0.0,
          "z": 0.0
        },
        "rotation_quaternion": {
          "w": 0.9943138360977173,
          "x": -0.10641507059335709,
          "y": 0.003975097090005875,
          "z": 0.00044942996464669704
        },
        "scale": {
          "x": 1.0,
          "y": 1.0,
          "z": 1.0
        },
        "matrix_basis": [
          [
            0.9999679923057556,
            -0.0017397693591192365,
            0.007809335831552744,
            0.0
          ],
          [
            4.7728390200063586e-05,
            0.9773512482643127,
            0.21162353456020355,
            0.0
          ],
          [
            -0.008000640198588371,
            -0.2116163820028305,
            0.9773200750350952,
            0.0
          ],
          [
            0.0,
            0.0,
            0.0,
            1.0
          ]
        ],
        "rotation_mode": "QUATERNION"
      },
      "armature_space": {
        "head": {
          "x": 0.529719352722168,
          "y": -0.479779452085495,
          "z": 0.4739028811454773
        },
        "tail": {
          "x": 0.5477254390716553,
          "y": -0.5018852949142456,
          "z": 0.47433140873908997
        }
      },
      "world_space": {
        "head": {
          "x": 0.529719352722168,
          "y": -0.4165354371070862,
          "z": 1.4237568378448486
        },
        "tail": {
          "x": 0.5477254390716553,
          "y": -0.4386413097381592,
          "z": 1.4241853952407837
        },
        "rotation_quaternion": {
          "w": 0.05232629179954529,
          "x": -0.9268278479576111,
          "y": -0.33111315965652466,
          "z": -0.1691630333662033
        },
        "matrix": [
          [
            0.7234958410263062,
            0.6314733028411865,
            0.2789176106452942,
            0.529719352722168
          ],
          [
            0.5960670113563538,
            -0.7752518653869629,
            0.209019273519516,
            -0.4165354371070862
          ],
          [
            0.3482244610786438,
            0.015028178691864014,
            -0.9372981190681458,
            1.4237568378448486
          ],
          [
            0.0,
            0.0,
            0.0,
            1.0
          ]
        ]
      },
      "bone_length_armature_space": 0.028514400813548942,
      "parent": "metacarpal_index_l",
      "has_children": true,
      "is_end_bone": false
    },
    "index_02_l": {
      "name": "index_02_l",
      "local": {
        "location": {
          "x": 0.0,
          "y": 0.0,
          "z": 0.0
        },
        "rotation_quaternion": {
          "w": 0.9998066425323486,
          "x": 0.01937234401702881,
          "y": -0.0029314295388758183,
          "z": -0.0017061397666111588
        },
        "scale": {
          "x": 1.0,
          "y": 1.0,
          "z": 1.0
        },
        "matrix_basis": [
          [
            0.9999769926071167,
            0.003298042342066765,
            -0.005927829071879387,
            0.0
          ],
          [
            -0.0035251970402896404,
            0.9992436170578003,
            -0.03872719407081604,
            0.0
          ],
          [
            0.005795621778815985,
            0.03874719887971878,
            0.9992322325706482,
            0.0
          ],
          [
            0.0,
            0.0,
            0.0,
            1.0
          ]
        ],
        "rotation_mode": "QUATERNION"
      },
      "armature_space": {
        "head": {
          "x": 0.5477255582809448,
          "y": -0.5018856525421143,
          "z": 0.4743310213088989
        },
        "tail": {
          "x": 0.5645385980606079,
          "y": -0.5212529301643372,
          "z": 0.47489693760871887
        }
      },
      "world_space": {
        "head": {
          "x": 0.5477255582809448,
          "y": -0.43864166736602783,
          "z": 1.424185037612915
        },
        "tail": {
          "x": 0.5645385980606079,
          "y": -0.45800894498825073,
          "z": 1.4247509241104126
        },
        "rotation_quaternion": {
          "w": 0.03914118930697441,
          "x": -0.9268137216567993,
          "y": -0.34783121943473816,
          "z": -0.13600647449493408
        },
        "matrix": [
          [
            0.7210313677787781,
            0.6553963422775269,
            0.2248757928609848,
            0.5477255582809448
          ],
          [
            0.634103000164032,
            -0.754962682723999,
            0.16716782748699188,
            -0.43864166736602783
          ],
          [
            0.2793366014957428,
            0.022060390561819077,
            -0.9599471092224121,
            1.424185037612915
          ],
          [
            0.0,
            0.0,
            0.0,
            1.0
          ]
        ]
      },
      "bone_length_armature_space": 0.025653265393034547,
      "parent": "index_01_l",
      "has_children": true,
      "is_end_bone": false
    },
    "index_03_l": {
      "name": "index_03_l",
      "local": {
        "location": {
          "x": 0.0,
          "y": 0.0,
          "z": 0.0
        },
        "rotation_quaternion": {
          "w": 0.9994370341300964,
          "x": 0.033154457807540894,
          "y": 0.004566521383821964,
          "z": 0.002362137660384178
        },
        "scale": {
          "x": 1.0,
          "y": 1.0,
          "z": 1.0
        },
        "matrix_basis": [
          [
            0.9999471306800842,
            -0.004418814554810524,
            0.009284531697630882,
            0.0
          ],
          [
            0.005024416837841272,
            0.9977903962135315,
            -0.06625001132488251,
            0.0
          ],
          [
            -0.00897127017378807,
            0.0662931576371193,
            0.9977598786354065,
            0.0
          ],
          [
            0.0,
            0.0,
            0.0,
            1.0
          ]
        ],
        "rotation_mode": "QUATERNION"
      },
      "armature_space": {
        "head": {
          "x": 0.5645385384559631,
          "y": -0.5212529301643372,
          "z": 0.4748970866203308
        },
        "tail": {
          "x": 0.586300790309906,
          "y": -0.5405260324478149,
          "z": 0.47195011377334595
        }
      },
      "world_space": {
        "head": {
          "x": 0.5645385384559631,
          "y": -0.45800894498825073,
          "z": 1.4247510433197021
        },
        "tail": {
          "x": 0.586300790309906,
          "y": -0.4772820472717285,
          "z": 1.4218041896820068
        },
        "rotation_quaternion": {
          "w": 0.11986454576253891,
          "x": -0.8992728590965271,
          "y": -0.3947466015815735,
          "z": -0.14531394839286804
        },
        "matrix": [
          [
            0.6461178660392761,
            0.7448057532310486,
            0.16672047972679138,
            0.5645385384559631
          ],
          [
            0.6751343607902527,
            -0.6596148014068604,
            0.3303060531616211,
            -0.45800894498825073
          ],
          [
            0.3559883236885071,
            -0.10085945576429367,
            -0.9290391206741333,
            1.4247510433197021
          ],
          [
            0.0,
            0.0,
            0.0,
            1.0
          ]
        ]
      },
      "bone_length_armature_space": 0.029218705160045745,
      "parent": "index_02_l",
      "has_children": false,
      "is_end_bone": true
    },
    "metacarpal_pinky_l": {
      "name": "metacarpal_pinky_l",
      "local": {
        "location": {
          "x": 0.0,
          "y": 0.0,
          "z": 0.0
        },
        "rotation_quaternion": {
          "w": 0.9989796876907349,
          "x": -0.04358840361237526,
          "y": 0.005110225174576044,
          "z": -0.010657661594450474
        },
        "scale": {
          "x": 1.0,
          "y": 1.0,
          "z": 1.0
        },
        "matrix_basis": [
          [
            0.999720573425293,
            0.02084808237850666,
            0.011139122769236565,
            0.0
          ],
          [
            -0.021739067509770393,
            0.9959729313850403,
            0.08697893470525742,
            0.0
          ],
          [
            -0.009280920960009098,
            -0.08719678223133087,
            0.996147871017456,
            0.0
          ],
          [
            0.0,
            0.0,
            0.0,
            1.0
          ]
        ],
        "rotation_mode": "QUATERNION"
      },
      "armature_space": {
        "head": {
          "x": 0.48376190662384033,
          "y": -0.3827850818634033,
          "z": 0.5209056735038757
        },
        "tail": {
          "x": 0.5655735731124878,
          "y": -0.4470919370651245,
          "z": 0.5170723795890808
        }
      },
      "world_space": {
        "head": {
          "x": 0.48376190662384033,
          "y": -0.3195410966873169,
          "z": 1.470759630203247
        },
        "tail": {
          "x": 0.5655735731124878,
          "y": -0.3838479518890381,
          "z": 1.4669263362884521
        },
        "rotation_quaternion": {
          "w": 0.3538079559803009,
          "x": 0.49387407302856445,
          "y": 0.25698310136795044,
          "z": -0.7515771389007568
        },
        "matrix": [
          [
            -0.26181650161743164,
            0.7856627106666565,
            -0.5605230331420898,
            0.48376190662384033
          ],
          [
            -0.27799445390701294,
            -0.6175587177276611,
            -0.7357586026191711,
            -0.3195410966873169
          ],
          [
            -0.924220621585846,
            -0.03681241720914841,
            0.38009876012802124,
            1.470759630203247
          ],
          [
            0.0,
            0.0,
            0.0,
            1.0
          ]
        ]
      },
      "bone_length_armature_space": 0.10413075808336074,
      "parent": "lowerarm_l",
      "has_children": true,
      "is_end_bone": false
    },
    "pinky_01_l": {
      "name": "pinky_01_l",
      "local": {
        "location": {
          "x": 0.0,
          "y": 0.0,
          "z": 0.0
        },
        "rotation_quaternion": {
          "w": 0.9944320917129517,
          "x": -0.10469882190227509,
          "y": -0.009835373610258102,
          "z": -0.006810111925005913
        },
        "scale": {
          "x": 1.0,
          "y": 1.0,
          "z": 1.0
        },
        "matrix_basis": [
          [
            0.9997137784957886,
            0.01560389157384634,
            -0.018135201185941696,
            0.0
          ],
          [
            -0.011484883725643158,
            0.9779835343360901,
            0.20836569368839264,
            0.0
          ],
          [
            0.020987244322896004,
            -0.20809777081012726,
            0.9778828620910645,
            0.0
          ],
          [
            0.0,
            0.0,
            0.0,
            1.0
          ]
        ],
        "rotation_mode": "QUATERNION"
      },
      "armature_space": {
        "head": {
          "x": 0.5655735731124878,
          "y": -0.4470919370651245,
          "z": 0.5170723795890808
        },
        "tail": {
          "x": 0.5805239677429199,
