{
  "metadata": {
    "armature_name": "KIM_caucasian_male",
    "export_time": "2026-01-13T21:05:11.355506",
    "blender_version": "4.4.1",
    "bone_count": 56,
    "end_bone_count": 13,
    "spaces_included": [
      "LOCAL_CHANNELS",
      "ARMATURE_SPACE",
      "WORLD_SPACE"
    ],
    "note": "LOCAL matches Transform panel; replay pose via local.matrix_basis for best fidelity."
  },
  "bones": {
    "Root": {
      "name": "Root",
      "local": {
        "location": {
          "x": 0.0,
          "y": 0.0,
          "z": 0.0
        },
        "rotation_quaternion": {
          "w": 0.9994231462478638,
          "x": 0.0023701959289610386,
          "y": -0.017956484109163284,
          "z": 0.028730640187859535
        },
        "scale": {
          "x": 1.0,
          "y": 1.0,
          "z": 1.0
        },
        "matrix_basis": [
          [
            0.9977042078971863,
            -0.05751325562596321,
            -0.03575605899095535,
            0.0
          ],
          [
            0.0573430135846138,
            0.9983378648757935,
            -0.005769459996372461,
            0.0
          ],
          [
            0.03602844476699829,
            0.0037058547604829073,
            0.9993438720703125,
            0.0
          ],
          [
            0.0,
            0.0,
            0.0,
            1.0
          ]
        ],
        "rotation_mode": "QUATERNION"
      },
      "armature_space": {
        "head": {
          "x": 0.0,
          "y": 0.07072800397872925,
          "z": -0.009595036506652832
        },
        "tail": {
          "x": -0.004105058498680592,
          "y": 8.200109004974365e-05,
          "z": -0.0002780584618449211
        }
      },
      "world_space": {
        "head": {
          "x": 0.0,
          "y": 0.13397200405597687,
          "z": 0.9402589797973633
        },
        "tail": {
          "x": -0.004105058498680592,
          "y": 0.06332600116729736,
          "z": 0.9495759606361389
        },
        "rotation_quaternion": {
          "w": 0.06496398150920868,
          "x": 0.9973123073577881,
          "y": -0.02987506240606308,
          "z": -0.015980172902345657
        },
        "matrix": [
          [
            0.9977042078971863,
            -0.05751325562596321,
            -0.03575605899095535,
            0.0
          ],
          [
            -0.06166581064462662,
            -0.9897742867469788,
            -0.12862439453601837,
            0.13397200405597687
          ],
          [
            -0.02799306996166706,
            0.13053400814533234,
            -0.9910556077957153,
            0.9402589797973633
          ],
          [
            0.0,
            0.0,
            0.0,
            1.0
          ]
        ]
      },
      "bone_length_armature_space": 0.07137587230285328,
      "parent": null,
      "has_children": true,
      "is_end_bone": false
    },
    "spine_01": {
      "name": "spine_01",
      "local": {
        "location": {
          "x": 0.0,
          "y": 0.0,
          "z": 0.0
        },
        "rotation_quaternion": {
          "w": 0.9934977293014526,
          "x": 0.09191577881574631,
          "y": 0.057953815907239914,
          "z": -0.033987537026405334
        },
        "scale": {
          "x": 1.0,
          "y": 1.0,
          "z": 1.0
        },
        "matrix_basis": [
          [
            0.9909723997116089,
            0.07818682491779327,
            0.10890598595142365,
            0.0
          ],
          [
            -0.05687934160232544,
            0.9807927012443542,
            -0.18657565116882324,
            0.0
          ],
          [
            -0.12140195071697235,
            0.17869682610034943,
            0.9763857126235962,
            0.0
          ],
          [
            0.0,
            0.0,
            0.0,
            1.0
          ]
        ],
        "rotation_mode": "QUATERNION"
      },
      "armature_space": {
        "head": {
          "x": -0.004105058498680592,
          "y": 8.200109004974365e-05,
          "z": -0.0002780584618449211
        },
        "tail": {
          "x": 0.04331830516457558,
          "y": -0.06958477944135666,
          "z": 0.4803943634033203
        }
      },
      "world_space": {
        "head": {
          "x": -0.004105058498680592,
          "y": 0.06332600116729736,
          "z": 0.9495759606361389
        },
        "tail": {
          "x": 0.04331830516457558,
          "y": -0.006340779364109039,
          "z": 1.4302483797073364
        },
        "rotation_quaternion": {
          "w": 0.6526850461959839,
          "x": 0.7557449340820312,
          "y": 0.05120844021439552,
          "z": -0.015150994062423706
        },
        "matrix": [
          [
            0.9942962527275085,
            0.09717877954244614,
            0.043946005403995514,
            -0.004105058498680592
          ],
          [
            0.0576239749789238,
            -0.14275944232940674,
            -0.9880786538124084,
            0.06332600116729736
          ],
          [
            -0.08974713832139969,
            0.9849820137023926,
            -0.1475469321012497,
            0.9495759606361389
          ],
          [
            0.0,
            0.0,
            0.0,
            1.0
          ]
        ]
      },
      "bone_length_armature_space": 0.48800452067737404,
      "parent": "Root",
      "has_children": true,
      "is_end_bone": false
    },
    "neck_01": {
      "name": "neck_01",
      "local": {
        "location": {
          "x": 0.0,
          "y": 0.0,
          "z": 0.0
        },
        "rotation_quaternion": {
          "w": 0.9871005415916443,
          "x": -0.019714931026101112,
          "y": 0.08516304939985275,
          "z": -0.13413114845752716
        },
        "scale": {
          "x": 1.0,
          "y": 1.0,
          "z": 1.0
        },
        "matrix_basis": [
          [
            0.9495121836662292,
            0.2614438831806183,
            0.17341776192188263,
            0.0
          ],
          [
            -0.2681598365306854,
            0.9632403254508972,
            0.01607520319521427,
            0.0
          ],
          [
            -0.16284021735191345,
            -0.061767272651195526,
            0.9847171306610107,
            0.0
          ],
          [
            0.0,
            0.0,
            0.0,
            1.0
          ]
        ],
        "rotation_mode": "QUATERNION"
      },
      "armature_space": {
        "head": {
          "x": 0.05195765197277069,
          "y": -0.11430440843105316,
          "z": 0.5473962426185608
        },
        "tail": {
          "x": 0.08912168443202972,
          "y": -0.1574649214744568,
          "z": 0.6326413154602051
        }
      },
      "world_space": {
        "head": {
          "x": 0.05195765197277069,
          "y": -0.05106040835380554,
          "z": 1.4972503185272217
        },
        "tail": {
          "x": 0.08912168443202972,
          "y": -0.09422092139720917,
          "z": 1.5824953317642212
        },
        "rotation_quaternion": {
          "w": 0.49737128615379333,
          "x": 0.8427445888519287,
          "y": 0.20524677634239197,
          "z": -0.0166463665664196
        },
        "matrix": [
          [
            0.9151929020881653,
            0.36250045895576477,
            0.1761118769645691,
            0.05195765197277069
          ],
          [
            0.3293837904930115,
            -0.4209904670715332,
            -0.8451471328735352,
            -0.05106040835380554
          ],
          [
            -0.23222610354423523,
            0.8314864635467529,
            -0.5046935677528381,
            1.4972503185272217
          ],
          [
            0.0,
            0.0,
            0.0,
            1.0
          ]
        ]
      },
      "bone_length_armature_space": 0.10252179216085529,
      "parent": "spine_01",
      "has_children": true,
      "is_end_bone": false
    },
    "head": {
      "name": "head",
      "local": {
        "location": {
          "x": 0.0,
          "y": 0.0,
          "z": 0.0
        },
        "rotation_quaternion": {
          "w": 0.9830881357192993,
          "x": -0.051586948335170746,
          "y": -0.1678767204284668,
          "z": 0.05190369114279747
        },
        "scale": {
          "x": 1.0,
          "y": 1.0,
          "z": 1.0
        },
        "matrix_basis": [
          [
            0.9382468461990356,
            -0.08473131060600281,
            -0.3354303240776062,
            0.0
          ],
          [
            0.11937230080366135,
            0.9892895817756653,
            0.08400218933820724,
            0.0
          ],
          [
            0.3247201144695282,
            -0.11885587871074677,
            0.9383124113082886,
            0.0
          ],
          [
            0.0,
            0.0,
            0.0,
            1.0
          ]
        ],
        "rotation_mode": "QUATERNION"
      },
      "armature_space": {
        "head": {
          "x": 0.08912168443202972,
          "y": -0.15746501088142395,
          "z": 0.6326411962509155
        },
        "tail": {
          "x": 0.11368999630212784,
          "y": -0.1577865034341812,
          "z": 0.7857738733291626
        }
      },
      "world_space": {
        "head": {
          "x": 0.08912168443202972,
          "y": -0.09422101080417633,
          "z": 1.5824952125549316
        },
        "tail": {
          "x": 0.11368999630212784,
          "y": -0.0945425033569336,
          "z": 1.7356278896331787
        },
        "rotation_quaternion": {
          "w": 0.704403817653656,
          "x": 0.7053204774856567,
          "y": 0.052712906152009964,
          "z": -0.05966322496533394
        },
        "matrix": [
          [
            0.9873233437538147,
            0.15841303765773773,
            -0.009899914264678955,
            0.08912168443202972
          ],
          [
            -0.009693950414657593,
            -0.0020729079842567444,
            -0.9999510645866394,
            -0.09422101080417633
          ],
          [
            -0.1584269106388092,
            0.9873778820037842,
            -0.000511854887008667,
            1.5824952125549316
          ],
          [
            0.0,
            0.0,
            0.0,
            1.0
          ]
        ]
      },
      "bone_length_armature_space": 0.15509133386789867,
      "parent": "neck_01",
      "has_children": false,
      "is_end_bone": true
    },
    "upperarm_l": {
      "name": "upperarm_l",
      "local": {
        "location": {
          "x": 0.0,
          "y": 0.0,
          "z": 0.0
        },
        "rotation_quaternion": {
          "w": 0.880351185798645,
          "x": 0.18334662914276123,
          "y": 0.36823269724845886,
          "z": 0.2361581176519394
        },
        "scale": {
          "x": 1.0,
          "y": 1.0,
          "z": 1.0
        },
        "matrix_basis": [
          [
            0.6172680258750916,
            -0.28077569603919983,
            0.7349457740783691,
            0.0
          ],
          [
            0.5508326292037964,
            0.8212267160415649,
            -0.14889656007289886,
            0.0
          ],
          [
            -0.561750590801239,
            0.4967411160469055,
            0.6615774035453796,
            0.0
          ],
          [
            0.0,
            0.0,
            0.0,
            1.0
          ]
        ],
        "rotation_mode": "QUATERNION"
      },
      "armature_space": {
        "head": {
          "x": 0.19471107423305511,
          "y": -0.09921738505363464,
          "z": 0.46726521849632263
        },
        "tail": {
          "x": 0.43218159675598145,
          "y": -0.22038128972053528,
          "z": 0.49437037110328674
        }
      },
      "world_space": {
        "head": {
          "x": 0.19471107423305511,
          "y": -0.035973384976387024,
          "z": 1.4171192646026611
        },
        "tail": {
          "x": 0.43218159675598145,
          "y": -0.15713728964328766,
          "z": 1.4442243576049805
        },
        "rotation_quaternion": {
          "w": 0.19601933658123016,
          "x": 0.8211765885353088,
          "y": 0.4852812886238098,
          "z": -0.22748084366321564
        },
        "matrix": [
          [
            0.42550864815711975,
            0.8861851096153259,
            -0.1833532154560089,
            0.19471107423305511
          ],
          [
            0.707822322845459,
            -0.4521556794643402,
            -0.5427184700965881,
            -0.035973384976387024
          ],
          [
            -0.5638564229011536,
            0.10115016996860504,
            -0.8196638822555542,
            1.4171192646026611
          ],
          [
            0.0,
            0.0,
            0.0,
            1.0
          ]
        ]
      },
      "bone_length_armature_space": 0.267969457235112,
      "parent": "spine_01",
      "has_children": true,
      "is_end_bone": false
    },
    "lowerarm_l": {
      "name": "lowerarm_l",
      "local": {
        "location": {
          "x": 0.0,
          "y": 0.0,
          "z": 0.0
        },
        "rotation_quaternion": {
          "w": 0.9987010955810547,
          "x": 0.01998850144445896,
          "y": -0.020786436274647713,
          "z": -0.0420069545507431
        },
        "scale": {
          "x": 1.0,
          "y": 1.0,
          "z": 1.0
        },
        "matrix_basis": [
          [
            0.9956066608428955,
            0.08307380229234695,
            -0.04319818690419197,
            0.0
          ],
          [
            -0.08473576605319977,
            0.9956717491149902,
            -0.03817872703075409,
            0.0
          ],
          [
            0.03983956202864647,
            0.041671425104141235,
            0.9983367919921875,
            0.0
          ],
          [
            0.0,
            0.0,
            0.0,
            1.0
          ]
        ],
        "rotation_mode": "QUATERNION"
      },
      "armature_space": {
        "head": {
          "x": 0.43218159675598145,
          "y": -0.22038143873214722,
          "z": 0.4943704307079315
        },
        "tail": {
          "x": 0.6582967042922974,
          "y": -0.36293041706085205,
          "z": 0.48336589336395264
        }
      },
      "world_space": {
        "head": {
          "x": 0.43218159675598145,
          "y": -0.1571374386548996,
          "z": 1.44422447681427
        },
        "tail": {
          "x": 0.6582967042922974,
          "y": -0.2996864318847656,
          "z": 1.4332199096679688
        },
        "rotation_quaternion": {
          "w": 0.16613364219665527,
          "x": 0.8065060377120972,
          "y": 0.4538463056087494,
          "z": -0.3405453860759735
        },
        "matrix": [
          [
            0.3561038374900818,
            0.8452126979827881,
            -0.39850395917892456,
            0.43218159675598145
          ],
          [
            0.6189075708389282,
            -0.532844603061676,
            -0.577087938785553,
            -0.1571374386548996
          ],
          [
            -0.7001069784164429,
            -0.04113469272851944,
            -0.7128620743751526,
            1.44422447681427
          ],
          [
            0.0,
            0.0,
            0.0,
            1.0
          ]
        ]
      },
      "bone_length_armature_space": 0.26752448757133857,
      "parent": "upperarm_l",
      "has_children": true,
      "is_end_bone": false
    },
    "metacarpal_thumb_l": {
      "name": "metacarpal_thumb_l",
      "local": {
        "location": {
          "x": 0.0,
          "y": 0.0,
          "z": 0.0
        },
        "rotation_quaternion": {
          "w": 0.999954104423523,
          "x": 0.0004114915500395,
          "y": -0.003401589347049594,
          "z": 0.008958457969129086
        },
        "scale": {
          "x": 1.0,
          "y": 1.0,
          "z": 1.0
        },
        "matrix_basis": [
          [
            0.999816358089447,
            -0.017918892204761505,
            -0.006795493885874748,
            0.0
          ],
          [
            0.017913294956088066,
            0.9998391270637512,
            -0.0008838913054205477,
            0.0
          ],
          [
            0.006810239050537348,
            0.0007619993411935866,
            0.9999765157699585,
            0.0
          ],
          [
            0.0,
            0.0,
            0.0,
            1.0
          ]
        ],
        "rotation_mode": "QUATERNION"
      },
      "armature_space": {
        "head": {
          "x": 0.6582967042922974,
          "y": -0.36293041706085205,
          "z": 0.48336589336395264
        },
        "tail": {
          "x": 0.6821574568748474,
          "y": -0.39508527517318726,
          "z": 0.45420554280281067
        }
      },
      "world_space": {
        "head": {
          "x": 0.6582967042922974,
          "y": -0.2996864318847656,
          "z": 1.4332199096679688
        },
        "tail": {
          "x": 0.6821574568748474,
          "y": -0.33184128999710083,
          "z": 1.4040595293045044
        },
        "rotation_quaternion": {
          "w": 0.3736077845096588,
          "x": -0.8868118524551392,
          "y": -0.18931865692138672,
          "z": -0.1952960193157196
        },
        "matrix": [
          [
            0.8520359992980957,
            0.48170822858810425,
            0.2049185186624527,
            0.6582967042922974
          ],
          [
            0.1898534744977951,
            -0.6491516828536987,
            0.7365853190422058,
            -0.2996864318847656
          ],
          [
            0.48784616589546204,
            -0.5886973738670349,
            -0.644558310508728,
            1.4332199096679688
          ],
          [
            0.0,
            0.0,
            0.0,
            1.0
          ]
        ]
      },
      "bone_length_armature_space": 0.049533790967323146,
      "parent": "lowerarm_l",
      "has_children": true,
      "is_end_bone": false
    },
    "thumb_01_l": {
      "name": "thumb_01_l",
      "local": {
        "location": {
          "x": 0.0,
          "y": 0.0,
          "z": 0.0
        },
        "rotation_quaternion": {
          "w": 0.9998469352722168,
          "x": 0.007504168897867203,
          "y": -0.0032761285547167063,
          "z": -0.015462471172213554
        },
        "scale": {
          "x": 1.0,
          "y": 1.0,
          "z": 1.0
        },
        "matrix_basis": [
          [
            0.9995003342628479,
            0.030871039256453514,
            -0.006783320102840662,
            0.0
          ],
          [
            -0.030969377607107162,
            0.9994091987609863,
            -0.014904726296663284,
            0.0
          ],
          [
            0.006319188047200441,
            0.015107355080544949,
            0.9998658895492554,
            0.0
          ],
          [
            0.0,
            0.0,
            0.0,
            1.0
          ]
        ],
        "rotation_mode": "QUATERNION"
      },
      "armature_space": {
        "head": {
          "x": 0.6821574568748474,
          "y": -0.39508527517318726,
          "z": 0.45420554280281067
        },
        "tail": {
          "x": 0.6953297853469849,
          "y": -0.39279189705848694,
          "z": 0.4229027032852173
        }
      },
      "world_space": {
        "head": {
          "x": 0.6821574568748474,
          "y": -0.33184128999710083,
          "z": 1.4040595293045044
        },
        "tail": {
          "x": 0.6953297853469849,
          "y": -0.3295478820800781,
          "z": 1.3727567195892334
        },
        "rotation_quaternion": {
          "w": 0.6468647122383118,
          "x": -0.4342358708381653,
          "y": 0.3394918739795685,
          "z": -0.5270205140113831
        },
        "matrix": [
          [
            0.21398696303367615,
            0.3869832158088684,
            0.8969132900238037,
            0.6821574568748474
          ],
          [
            -0.9766614437103271,
            0.06737576425075531,
            0.20394368469715118,
            -0.33184128999710083
          ],
          [
            0.01849181205034256,
            -0.9196282029151917,
            0.3923722207546234,
            1.4040595293045044
          ],
          [
            0.0,
            0.0,
            0.0,
            1.0
          ]
        ]
      },
      "bone_length_armature_space": 0.03403876596705499,
      "parent": "metacarpal_thumb_l",
      "has_children": true,
      "is_end_bone": false
    },
    "thumb_02_l": {
      "name": "thumb_02_l",
      "local": {
        "location": {
          "x": 0.0,
          "y": 0.0,
          "z": 0.0
        },
        "rotation_quaternion": {
          "w": 0.9910194873809814,
          "x": 0.13319046795368195,
          "y": -0.009556792676448822,
          "z": -0.007025216706097126
        },
        "scale": {
          "x": 1.0,
          "y": 1.0,
          "z": 1.0
        },
        "matrix_basis": [
          [
            0.9997186064720154,
            0.011378506198525429,
            -0.020813319832086563,
            0.0
          ],
          [
            -0.01647000014781952,
            0.9644218683242798,
            -0.26385441422462463,
            0.0
          ],
          [
            0.017070552334189415,
            0.26412296295166016,
            0.964337944984436,
            0.0
          ],
          [
            0.0,
            0.0,
            0.0,
            1.0
          ]
        ],
        "rotation_mode": "QUATERNION"
      },
      "armature_space": {
        "head": {
          "x": 0.6953297257423401,
          "y": -0.39279186725616455,
          "z": 0.4229027032852173
        },
        "tail": {
          "x": 0.7296381592750549,
          "y": -0.4135429859161377,
          "z": 0.4252479374408722
        }
      },
      "world_space": {
        "head": {
          "x": 0.6953297257423401,
          "y": -0.3295478820800781,
          "z": 1.3727567195892334
        },
        "tail": {
          "x": 0.7296381592750549,
          "y": -0.35029900074005127,
          "z": 1.375101923942566
        },
        "rotation_quaternion": {
          "w": 0.4915120601654053,
          "x": 0.07601425051689148,
          "y": 0.009413481689989567,
          "z": -0.8674958944320679
        },
        "matrix": [
          [
            -0.5052754878997803,
            0.8542004227638245,
            -0.12262968719005585,
            0.6953297257423401
          ],
          [
            -0.8513384461402893,
            -0.516654372215271,
            -0.0910562127828598,
            -0.3295478820800781
          ],
          [
            -0.14113935828208923,
            0.05839096009731293,
            0.9882732629776001,
            1.3727567195892334
          ],
          [
            0.0,
            0.0,
            0.0,
            1.0
          ]
        ]
      },
      "bone_length_armature_space": 0.04016438241933909,
      "parent": "thumb_01_l",
      "has_children": true,
      "is_end_bone": false
    },
    "thumb_03_l": {
      "name": "thumb_03_l",
      "local": {
        "location": {
          "x": 0.0,
          "y": 0.0,
          "z": 0.0
        },
        "rotation_quaternion": {
          "w": 0.9984274506568909,
          "x": 0.05577477067708969,
          "y": 0.005190357565879822,
          "z": 0.0022384971380233765
        },
        "scale": {
          "x": 1.0,
          "y": 1.0,
          "z": 1.0
        },
        "matrix_basis": [
          [
            0.9999361038208008,
            -0.0038909718859940767,
            0.010614094324409962,
            0.0
          ],
          [
            0.005048935767263174,
            0.9937683343887329,
            -0.1113508865237236,
            0.0
          ],
          [
            -0.010114687494933605,
            0.11139736324548721,
            0.9937244653701782,
            0.0
          ],
          [
            0.0,
            0.0,
            0.0,
            1.0
          ]
        ],
        "rotation_mode": "QUATERNION"
      },
      "armature_space": {
        "head": {
          "x": 0.7296380996704102,
          "y": -0.4135430157184601,
          "z": 0.4252478778362274
        },
        "tail": {
          "x": 0.7540567517280579,
          "y": -0.4259292185306549,
          "z": 0.43855974078178406
        }
      },
      "world_space": {
        "head": {
          "x": 0.7296380996704102,
          "y": -0.35029900074005127,
          "z": 1.375101923942566
        },
        "tail": {
          "x": 0.7540567517280579,
          "y": -0.3626852035522461,
          "z": 1.3884137868881226
        },
        "rotation_quaternion": {
          "w": 0.5420993566513062,
          "x": 0.32924509048461914,
          "y": -0.05203459784388542,
          "z": -0.7713744640350342
        },
        "matrix": [
          [
            -0.19545060396194458,
            0.8020602464675903,
            -0.5643563866615295,
            0.7296380996704102
          ],
          [
            -0.8705875277519226,
            -0.4068397283554077,
            -0.27669277787208557,
            -0.35029900074005127
          ],
          [
            -0.45153090357780457,
            0.4372446835041046,
            0.7777858972549438,
            1.375101923942566
          ],
          [
            0.0,
            0.0,
            0.0,
            1.0
          ]
        ]
      },
      "bone_length_armature_space": 0.030444938277822457,
      "parent": "thumb_02_l",
      "has_children": false,
      "is_end_bone": true
    },
    "metacarpal_index_l": {
      "name": "metacarpal_index_l",
      "local": {
        "location": {
          "x": 0.0,
          "y": 0.0,
          "z": 0.0
        },
        "rotation_quaternion": {
          "w": 0.9999427795410156,
          "x": -0.006177049595862627,
          "y": 0.0026770688127726316,
          "z": -0.008327089250087738
        },
        "scale": {
          "x": 1.0,
          "y": 1.0,
          "z": 1.0
        },
        "matrix_basis": [
          [
            0.9998469948768616,
            0.016620153561234474,
            0.0054567051120102406,
            0.0
          ],
          [
            -0.016686297953128815,
            0.9997850060462952,
            0.012308808043599129,
            0.0
          ],
          [
            -0.005250957794487476,
            -0.012397976592183113,
            0.9999093413352966,
            0.0
          ],
          [
            0.0,
            0.0,
            0.0,
            1.0
          ]
        ],
        "rotation_mode": "QUATERNION"
      },
      "armature_space": {
        "head": {
          "x": 0.6582967042922974,
          "y": -0.36293041706085205,
          "z": 0.48336589336395264
        },
        "tail": {
          "x": 0.7418532371520996,
          "y": -0.4383448362350464,
          "z": 0.45080506801605225
        }
      },
      "world_space": {
        "head": {
          "x": 0.6582967042922974,
          "y": -0.2996864318847656,
          "z": 1.4332199096679688
        },
        "tail": {
          "x": 0.7418532371520996,
          "y": -0.37510085105895996,
          "z": 1.4006590843200684
        },
        "rotation_quaternion": {
          "w": 0.15913863480091095,
          "x": -0.9064366817474365,
          "y": -0.39097753167152405,
          "z": -0.013570195063948631
        },
        "matrix": [
          [
            0.6939046382904053,
            0.7131116986274719,
            -0.0998392254114151,
            0.6582967042922974
          ],
          [
            0.7044742703437805,
            -0.643622875213623,
            0.299108624458313,
            -0.2996864318847656
          ],
          [
            0.14904075860977173,
            -0.2778896689414978,
            -0.9489880800247192,
            1.4332199096679688
          ],
          [
            0.0,
            0.0,
            0.0,
            1.0
          ]
        ]
      },
      "bone_length_armature_space": 0.11717182292980315,
      "parent": "lowerarm_l",
      "has_children": true,
      "is_end_bone": false
    },
    "index_01_l": {
      "name": "index_01_l",
      "local": {
        "location": {
          "x": 0.0,
          "y": 0.0,
          "z": 0.0
        },
        "rotation_quaternion": {
          "w": 0.9969345927238464,
          "x": -0.07810094207525253,
          "y": -0.003771683666855097,
          "z": 0.0027399195823818445
        },
        "scale": {
          "x": 1.0,
          "y": 1.0,
          "z": 1.0
        },
        "matrix_basis": [
          [
            0.9999565482139587,
            -0.004873896948993206,
            -0.007948224432766438,
            0.0
          ],
          [
            0.006052185315638781,
            0.9877854585647583,
            0.1557023972272873,
            0.0
          ],
          [
            0.007092263083904982,
            -0.15574373304843903,
            0.9877720475196838,
            0.0
          ],
          [
            0.0,
            0.0,
            0.0,
            1.0
          ]
        ],
        "rotation_mode": "QUATERNION"
      },
      "armature_space": {
        "head": {
          "x": 0.7418532371520996,
          "y": -0.4383448362350464,
          "z": 0.45080506801605225
        },
        "tail": {
          "x": 0.7674468755722046,
          "y": -0.45075884461402893,
          "z": 0.4527871012687683
        }
      },
      "world_space": {
        "head": {
          "x": 0.7418532371520996,
          "y": -0.37510085105895996,
          "z": 1.4006590843200684
        },
        "tail": {
          "x": 0.7674468755722046,
          "y": -0.3875148296356201,
          "z": 1.4026410579681396
        },
        "rotation_quaternion": {
          "w": 0.03482450917363167,
          "x": -0.8385276794433594,
          "y": -0.5301955342292786,
          "z": -0.12062862515449524
        },
        "matrix": [
          [
            0.40868282318115234,
            0.8975690007209778,
            0.16537223756313324,
            0.7418532371520996
          ],
          [
            0.8807659149169922,
            -0.4353595972061157,
            0.1863163858652115,
            -0.37510085105895996
          ],
          [
            0.23923075199127197,
            0.06950992345809937,
            -0.968478798866272,
            1.4006590843200684
          ],
          [
            0.0,
            0.0,
            0.0,
            1.0
          ]
        ]
      },
      "bone_length_armature_space": 0.02851438909476486,
      "parent": "metacarpal_index_l",
      "has_children": true,
      "is_end_bone": false
    },
    "index_02_l": {
      "name": "index_02_l",
      "local": {
        "location": {
          "x": 0.0,
          "y": 0.0,
          "z": 0.0
        },
        "rotation_quaternion": {
          "w": 0.9988966584205627,
          "x": 0.04663214087486267,
          "y": 0.004871630575507879,
          "z": -0.002707911189645529
        },
        "scale": {
          "x": 1.0,
          "y": 1.0,
          "z": 1.0
        },
        "matrix_basis": [
          [
            0.999937891960144,
            0.005864195991307497,
            0.00947995949536562,
            0.0
          ],
          [
            -0.004955497570335865,
            0.9956362247467041,
            -0.09318776428699493,
            0.0
          ],
          [
            -0.009985062293708324,
            0.09313499182462692,
            0.9956034421920776,
            0.0
          ],
          [
            0.0,
            0.0,
            0.0,
            1.0
          ]
        ],
        "rotation_mode": "QUATERNION"
      },
      "armature_space": {
        "head": {
          "x": 0.7674471735954285,
          "y": -0.4507591426372528,
          "z": 0.45278677344322205
        },
        "tail": {
          "x": 0.7909941673278809,
          "y": -0.460926353931427,
          "z": 0.4532926380634308
        }
      },
      "world_space": {
        "head": {
          "x": 0.7674471735954285,
          "y": -0.387515127658844,
          "z": 1.4026408195495605
        },
        "tail": {
          "x": 0.7909941673278809,
          "y": -0.3976823687553406,
          "z": 1.4031466245651245
        },
        "rotation_quaternion": {
          "w": 0.04199632629752159,
          "x": -0.8315543532371521,
          "y": -0.5477866530418396,
          "z": -0.08175206929445267
        },
        "matrix": [
          [
            0.3864927589893341,
            0.9178952574729919,
            0.0899515375494957,
            0.7674471735954285
          ],
          [
            0.904162585735321,
            -0.39633193612098694,
            0.159409761428833,
            -0.387515127658844
          ],
          [
            0.18197430670261383,
            0.019719786942005157,
            -0.9831128120422363,
            1.4026408195495605
          ],
          [
            0.0,
            0.0,
            0.0,
            1.0
          ]
        ]
      },
      "bone_length_armature_space": 0.02565324541449899,
      "parent": "index_01_l",
      "has_children": true,
      "is_end_bone": false
    },
    "index_03_l": {
      "name": "index_03_l",
      "local": {
        "location": {
          "x": 0.0,
          "y": 0.0,
          "z": 0.0
        },
        "rotation_quaternion": {
          "w": 0.9992619156837463,
          "x": 0.03809522092342377,
          "y": -0.0038123156409710646,
          "z": -0.003138410858809948
        },
        "scale": {
          "x": 1.0,
          "y": 1.0,
          "z": 1.0
        },
        "matrix_basis": [
          [
            0.9999512434005737,
            0.005981727037578821,
            -0.00785812083631754,
            0.0
          ],
          [
            -0.006562651135027409,
            0.9970778226852417,
            -0.07611028105020523,
            0.0
          ],
          [
            0.007379886694252491,
            0.07615813612937927,
            0.997068464756012,
            0.0
          ],
          [
            0.0,
            0.0,
            0.0,
            1.0
          ]
        ],
        "rotation_mode": "QUATERNION"
      },
      "armature_space": {
        "head": {
          "x": 0.7909941673278809,
          "y": -0.4609264135360718,
          "z": 0.4532927870750427
        },
        "tail": {
          "x": 0.8188896179199219,
          "y": -0.46884992718696594,
          "z": 0.4497159719467163
        }
      },
      "world_space": {
        "head": {
          "x": 0.7909941673278809,
          "y": -0.39768242835998535,
          "z": 1.403146743774414
        },
        "tail": {
          "x": 0.8188896179199219,
          "y": -0.40560591220855713,
          "z": 1.3995699882507324
        },
        "rotation_quaternion": {
          "w": 0.12375342845916748,
          "x": -0.7947561740875244,
          "y": -0.5908425450325012,
          "z": -0.0628720298409462
        },
        "matrix": [
          [
            0.29390421509742737,
            0.9547125101089478,
            -0.046303264796733856,
            0.7909941673278809
          ],
          [
            0.923590898513794,
            -0.27117976546287537,
            0.27100175619125366,
            -0.39768242835998535
          ],
          [
            0.2461749017238617,
            -0.12241502106189728,
            -0.9614711403846741,
            1.403146743774414
          ],
          [
            0.0,
            0.0,
            0.0,
            1.0
          ]
        ]
      },
      "bone_length_armature_space": 0.029218689814362108,
      "parent": "index_02_l",
      "has_children": false,
      "is_end_bone": true
    },
    "metacarpal_pinky_l": {
      "name": "metacarpal_pinky_l",
      "local": {
        "location": {
          "x": 0.0,
          "y": 0.0,
          "z": 0.0
        },
        "rotation_quaternion": {
          "w": 0.9994831085205078,
          "x": -0.028248414397239685,
          "y": 0.003024864476174116,
          "z": -0.015051070600748062
        },
        "scale": {
          "x": 1.0,
          "y": 1.0,
          "z": 1.0
        },
        "matrix_basis": [
          [
            0.9995286464691162,
            0.029915686696767807,
            0.006896939594298601,
            0.0
          ],
          [
            -0.03025747649371624,
            0.9979509711265564,
            0.05637657269835472,
            0.0
          ],
          [
            -0.005196264013648033,
            -0.05655867978930473,
            0.9983857274055481,
            0.0
          ],
          [
            0.0,
            0.0,
            0.0,
            1.0
          ]
        ],
        "rotation_mode": "QUATERNION"
      },
      "armature_space": {
        "head": {
          "x": 0.6582967042922974,
          "y": -0.36293041706085205,
          "z": 0.48336589336395264
        },
        "tail": {
          "x": 0.7568641901016235,
          "y": -0.3941017985343933,
          "z": 0.4958564341068268
        }
      },
      "world_space": {
        "head": {
          "x": 0.6582967042922974,
          "y": -0.2996864318847656,
          "z": 1.4332199096679688
        },
        "tail": {
          "x": 0.7568641901016235,
          "y": -0.3308578133583069,
          "z": 1.4457104206085205
        },
        "rotation_quaternion": {
          "w": 0.5345631837844849,
          "x": 0.43480369448661804,
          "y": 0.2540995478630066,
          "z": -0.6786909699440002
        },
        "matrix": [
          [
            -0.05037473514676094,
            0.9465739727020264,
            -0.31852781772613525,
            0.6582967042922974
          ],
          [
            -0.5046402215957642,
            -0.29934853315353394,
            -0.8097710609436035,
            -0.2996864318847656
          ],
          [
            -0.8618656396865845,
            0.11995047330856323,
            0.49276137351989746,
            1.4332199096679688
          ],
          [
            0.0,
            0.0,
            0.0,
            1.0
          ]
        ]
      },
      "bone_length_armature_space": 0.1041307748704149,
      "parent": "lowerarm_l",
      "has_children": true,
      "is_end_bone": false
    },
    "pinky_01_l": {
      "name": "pinky_01_l",
      "local": {
        "location": {
          "x": 0.0,
          "y": 0.0,
          "z": 0.0
        },
        "rotation_quaternion": {
          "w": 0.9682730436325073,
          "x": 0.24958185851573944,
          "y": 0.005854940507560968,
          "z": 0.011050131171941757
        },
        "scale": {
          "x": 1.0,
          "y": 1.0,
          "z": 1.0
        },
        "matrix_basis": [
          [
            0.9996872544288635,
            -0.018476514145731926,
            0.016854187473654747,
            0.0
          ],
          [
            0.0243216622620821,
            0.8751735687255859,
            -0.4831973612308502,
            0.0
          ],
          [
            -0.005822537466883659,
            0.48345616459846497,
            0.875349223613739,
            0.0
          ],
          [
            0.0,
            0.0,
            0.0,
            1.0
          ]
        ],
        "rotation_mode": "QUATERNION"
      },
      "armature_space": {
        "head": {
          "x": 0.7568641901016235,
          "y": -0.3941017985343933,
          "z": 0.4958564341068268
        },
