{
  "metadata": {
    "armature_name": "KIM_caucasian_male",
    "export_time": "2026-01-13T20:55:02.093875",
    "blender_version": "4.4.1",
    "bone_count": 56,
    "end_bone_count": 13,
    "spaces_included": [
      "LOCAL_CHANNELS",
      "ARMATURE_SPACE",
      "WORLD_SPACE"
    ],
    "note": "LOCAL matches Transform panel; replay pose via local.matrix_basis for best fidelity."
  },
  "bones": {
    "Root": {
      "name": "Root",
      "local": {
        "location": {
          "x": 0.0,
          "y": 0.0,
          "z": 0.0
        },
        "rotation_quaternion": {
          "w": 0.9995278120040894,
          "x": -0.01095802802592516,
          "y": -0.0126266498118639,
          "z": 0.025781216099858284
        },
        "scale": {
          "x": 1.0,
          "y": 1.0,
          "z": 1.0
        },
        "matrix_basis": [
          [
            0.9983518123626709,
            -0.051261357963085175,
            -0.025806397199630737,
            0.0
          ],
          [
            0.051814813166856766,
            0.9984304904937744,
            0.02125464752316475,
            0.0
          ],
          [
            0.024676352739334106,
            -0.022556768730282784,
            0.9994409680366516,
            0.0
          ],
          [
            0.0,
            0.0,
            0.0,
            1.0
          ]
        ],
        "rotation_mode": "QUATERNION"
      },
      "armature_space": {
        "head": {
          "x": 0.0,
          "y": 0.07072800397872925,
          "z": -0.009595036506652832
        },
        "tail": {
          "x": -0.0036588239017874002,
          "y": 0.0003274455666542053,
          "z": 0.0015803473070263863
        }
      },
      "world_space": {
        "head": {
          "x": 0.0,
          "y": 0.13397200405597687,
          "z": 0.9402589797973633
        },
        "tail": {
          "x": -0.0036588239017874002,
          "y": 0.06357144564390182,
          "z": 0.9514343738555908
        },
        "rotation_quaternion": {
          "w": 0.07826899737119675,
          "x": 0.9965189695358276,
          "y": -0.02657328173518181,
          "z": -0.010861137881875038
        },
        "matrix": [
          [
            0.9983518123626709,
            -0.051261357963085175,
            -0.025806397199630737,
            0.0
          ],
          [
            -0.05466173216700554,
            -0.9863355755805969,
            -0.15541626513004303,
            0.13397200405597687
          ],
          [
            -0.017487093806266785,
            0.1565708965063095,
            -0.9875189661979675,
            0.9402589797973633
          ],
          [
            0.0,
            0.0,
            0.0,
            1.0
          ]
        ]
      },
      "bone_length_armature_space": 0.07137586873500164,
      "parent": null,
      "has_children": true,
      "is_end_bone": false
    },
    "spine_01": {
      "name": "spine_01",
      "local": {
        "location": {
          "x": 0.0,
          "y": 0.0,
          "z": 0.0
        },
        "rotation_quaternion": {
          "w": 0.9982825517654419,
          "x": 0.014008318074047565,
          "y": 0.05656728520989418,
          "z": -0.005994752515107393
        },
        "scale": {
          "x": 1.0,
          "y": 1.0,
          "z": 1.0
        },
        "matrix_basis": [
          [
            0.993528425693512,
            0.013553738594055176,
            0.11277231574058533,
            0.0
          ],
          [
            -0.0103840883821249,
            0.9995356798171997,
            -0.02864673361182213,
            0.0
          ],
          [
            -0.11310821771621704,
            0.027290305122733116,
            0.9932078123092651,
            0.0
          ],
          [
            0.0,
            0.0,
            0.0,
            1.0
          ]
        ],
        "rotation_mode": "QUATERNION"
      },
      "armature_space": {
        "head": {
          "x": -0.0036588239017874002,
          "y": 0.0003274455666542053,
          "z": 0.0015803473070263863
        },
        "tail": {
          "x": 0.01257357932627201,
          "y": 0.019890565425157547,
          "z": 0.4889225363731384
        }
      },
      "world_space": {
        "head": {
          "x": -0.0036588239017874002,
          "y": 0.06357144564390182,
          "z": 0.9514343738555908
        },
        "tail": {
          "x": 0.01257357932627201,
          "y": 0.08313456177711487,
          "z": 1.4387764930725098
        },
        "rotation_quaternion": {
          "w": 0.7203937768936157,
          "x": 0.6927369236946106,
          "y": 0.032813768833875656,
          "z": 0.008467299863696098
        },
        "matrix": [
          [
            0.9977031350135803,
            0.03326303884387016,
            0.059008680284023285,
            -0.0036588239017874002
          ],
          [
            0.057661961764097214,
            0.04008825868368149,
            -0.997530996799469,
            0.06357144564390182
          ],
          [
            -0.03554666042327881,
            0.9986494779586792,
            0.03807753324508667,
            0.9514343738555908
          ],
          [
            0.0,
            0.0,
            0.0,
            1.0
          ]
        ]
      },
      "bone_length_armature_space": 0.4880047158441442,
      "parent": "Root",
      "has_children": true,
      "is_end_bone": false
    },
    "neck_01": {
      "name": "neck_01",
      "local": {
        "location": {
          "x": 0.0,
          "y": 0.0,
          "z": 0.0
        },
        "rotation_quaternion": {
          "w": 0.9933550357818604,
          "x": -0.08956214785575867,
          "y": 0.04707830399274826,
          "z": 0.05484558641910553
        },
        "scale": {
          "x": 1.0,
          "y": 1.0,
          "z": 1.0
        },
        "matrix_basis": [
          [
            0.9895511865615845,
            -0.11739514768123627,
            0.08370676636695862,
            0.0
          ],
          [
            0.10052940994501114,
            0.9779411554336548,
            0.18309809267520905,
            0.0
          ],
          [
            -0.10335511714220047,
            -0.1727699488401413,
            0.9795244932174683,
            0.0
          ],
          [
            0.0,
            0.0,
            0.0,
            1.0
          ]
        ],
        "rotation_mode": "QUATERNION"
      },
      "armature_space": {
        "head": {
          "x": 0.01705549657344818,
          "y": -0.011769048869609833,
          "z": 0.5633626580238342
        },
        "tail": {
          "x": 0.009667059406638145,
          "y": -0.030104516074061394,
          "z": 0.6639608144760132
        }
      },
      "world_space": {
        "head": {
          "x": 0.01705549657344818,
          "y": 0.05147495120763779,
          "z": 1.5132167339324951
        },
        "tail": {
          "x": 0.009667059406638145,
          "y": 0.03313948214054108,
          "z": 1.6138148307800293
        },
        "rotation_quaternion": {
          "w": 0.6405865550041199,
          "x": 0.7641459703445435,
          "y": 0.01503636036068201,
          "z": 0.07418771088123322
        },
        "matrix": [
          [
            0.9885402917861938,
            -0.07206730544567108,
            0.13264413177967072,
            0.01705549657344818
          ],
          [
            0.1180267482995987,
            -0.1788453757762909,
            -0.9767724275588989,
            0.05147495120763779
          ],
          [
            0.09411691129207611,
            0.98124098777771,
            -0.1682920604944229,
            1.5132167339324951
          ],
          [
            0.0,
            0.0,
            0.0,
            1.0
          ]
        ]
      },
      "bone_length_armature_space": 0.10252203599527447,
      "parent": "spine_01",
      "has_children": true,
      "is_end_bone": false
    },
    "head": {
      "name": "head",
      "local": {
        "location": {
          "x": 0.0,
          "y": 0.0,
          "z": 0.0
        },
        "rotation_quaternion": {
          "w": 0.9785681962966919,
          "x": 0.018653661012649536,
          "y": -0.08648046851158142,
          "z": 0.18595007061958313
        },
        "scale": {
          "x": 1.0,
          "y": 1.0,
          "z": 1.0
        },
        "matrix_basis": [
          [
            0.9158874154090881,
            -0.3671559989452362,
            -0.16231676936149597,
            0.0
          ],
          [
            0.3607032895088196,
            0.9301491975784302,
            -0.06866985559463501,
            0.0
          ],
          [
            0.17619137465953827,
            0.00434566056355834,
            0.984346330165863,
            0.0
          ],
          [
            0.0,
            0.0,
            0.0,
            1.0
          ]
        ],
        "rotation_mode": "QUATERNION"
      },
      "armature_space": {
        "head": {
          "x": 0.00966708641499281,
          "y": -0.030104655772447586,
          "z": 0.6639606952667236
        },
        "tail": {
          "x": -0.06327151507139206,
          "y": -0.01045018620789051,
          "z": 0.799411416053772
        }
      },
      "world_space": {
        "head": {
          "x": 0.00966708641499281,
          "y": 0.033139344304800034,
          "z": 1.6138147115707397
        },
        "tail": {
          "x": -0.06327151507139206,
          "y": 0.05279381573200226,
          "z": 1.749265432357788
        },
        "rotation_quaternion": {
          "w": 0.7278722524642944,
          "x": 0.6406682133674622,
          "y": -0.1832103729248047,
          "z": 0.16180291771888733
        },
        "matrix": [
          [
            0.8805077075958252,
            -0.4702979028224945,
            -0.05938152223825455,
            0.00966708641499281
          ],
          [
            0.0007924139499664307,
            0.12672926485538483,
            -0.9919372797012329,
            0.033139344304800034
          ],
          [
            0.4740346074104309,
            0.8733673691749573,
            0.1119585856795311,
            1.6138147115707397
          ],
          [
            0.0,
            0.0,
            0.0,
            1.0
          ]
        ]
      },
      "bone_length_armature_space": 0.15509105563604839,
      "parent": "neck_01",
      "has_children": false,
      "is_end_bone": true
    },
    "upperarm_l": {
      "name": "upperarm_l",
      "local": {
        "location": {
          "x": 0.0,
          "y": 0.0,
          "z": 0.0
        },
        "rotation_quaternion": {
          "w": 0.8926711082458496,
          "x": -0.0017745947698131204,
          "y": 0.45035645365715027,
          "z": -0.0177299827337265
        },
        "scale": {
          "x": 1.0,
          "y": 1.0,
          "z": 1.0
        },
        "matrix_basis": [
          [
            0.5937294363975525,
            0.030055686831474304,
            0.8041033148765564,
            0.0
          ],
          [
            -0.03325248882174492,
            0.999364972114563,
            -0.012801364995539188,
            0.0
          ],
          [
            -0.8039774894714355,
            -0.019137883558869362,
            0.5943518280982971,
            0.0
          ],
          [
            0.0,
            0.0,
            0.0,
            1.0
          ]
        ],
        "rotation_mode": "QUATERNION"
      },
      "armature_space": {
        "head": {
          "x": 0.16466361284255981,
          "y": -0.00899524986743927,
          "z": 0.4910350739955902
        },
        "tail": {
          "x": 0.4298061728477478,
          "y": 0.021616609767079353,
          "z": 0.4671614170074463
        }
      },
      "world_space": {
        "head": {
          "x": 0.16466361284255981,
          "y": 0.05424875020980835,
          "z": 1.4408891201019287
        },
        "tail": {
          "x": 0.4298061728477478,
          "y": 0.08486060798168182,
          "z": 1.4170154333114624
        },
        "rotation_quaternion": {
          "w": 0.20889917016029358,
          "x": 0.6196209192276001,
          "y": 0.7165756225585938,
          "z": -0.24279740452766418
        },
        "matrix": [
          [
            -0.14486128091812134,
            0.9894508123397827,
            -0.0015032850205898285,
            0.16466361284255981
          ],
          [
            0.7865703701972961,
            0.11423638463020325,
            -0.6068422198295593,
            0.05424875020980835
          ],
          [
            -0.6002722978591919,
            -0.08909093588590622,
            -0.7948271632194519,
            1.4408891201019287
          ],
          [
            0.0,
            0.0,
            0.0,
            1.0
          ]
        ]
      },
      "bone_length_armature_space": 0.26796943203787854,
      "parent": "spine_01",
      "has_children": true,
      "is_end_bone": false
    },
    "lowerarm_l": {
      "name": "lowerarm_l",
      "local": {
        "location": {
          "x": 0.0,
          "y": 0.0,
          "z": 0.0
        },
        "rotation_quaternion": {
          "w": 0.8996965885162354,
          "x": 0.436419278383255,
          "y": -0.008794998750090599,
          "z": -0.0026260167360305786
        },
        "scale": {
          "x": 1.0,
          "y": 1.0,
          "z": 1.0
        },
        "matrix_basis": [
          [
            0.99983149766922,
            -0.0029513773042708635,
            -0.01811775006353855,
            0.0
          ],
          [
            -0.012401850894093513,
            0.6190626621246338,
            -0.7852436900138855,
            0.0
          ],
          [
            0.013533571735024452,
            0.7853360772132874,
            0.61892169713974,
            0.0
          ],
          [
            0.0,
            0.0,
            0.0,
            1.0
          ]
        ],
        "rotation_mode": "QUATERNION"
      },
      "armature_space": {
        "head": {
          "x": 0.42980629205703735,
          "y": 0.021616492420434952,
          "z": 0.46716147661209106
        },
        "tail": {
          "x": 0.5718924403190613,
          "y": -0.1318744271993637,
          "z": 0.30036264657974243
        }
      },
      "world_space": {
        "head": {
          "x": 0.42980629205703735,
          "y": 0.08486048877239227,
          "z": 1.417015552520752
        },
        "tail": {
          "x": 0.5718924403190613,
          "y": -0.06863042712211609,
          "z": 1.2502167224884033
        },
        "rotation_quaternion": {
          "w": 0.06627539545297623,
          "x": -0.666208028793335,
          "y": -0.45687398314476013,
          "z": 0.585696816444397
        },
        "matrix": [
          [
            -0.10355034470558167,
            0.5311146378517151,
            -0.8409484624862671,
            0.42980629205703735
          ],
          [
            0.6863808035850525,
            -0.5737453103065491,
            -0.4468757212162018,
            0.08486048877239227
          ],
          [
            -0.7198368906974792,
            -0.6234899759292603,
            -0.3051379323005676,
            1.417015552520752
          ],
          [
            0.0,
            0.0,
            0.0,
            1.0
          ]
        ]
      },
      "bone_length_armature_space": 0.2675252952770742,
      "parent": "upperarm_l",
      "has_children": true,
      "is_end_bone": false
    },
    "metacarpal_thumb_l": {
      "name": "metacarpal_thumb_l",
      "local": {
        "location": {
          "x": 0.0,
          "y": 0.0,
          "z": 0.0
        },
        "rotation_quaternion": {
          "w": 0.9995532035827637,
          "x": 0.029498785734176636,
          "y": -0.0037080782931298018,
          "z": -0.0030769086442887783
        },
        "scale": {
          "x": 1.0,
          "y": 1.0,
          "z": 1.0
        },
        "matrix_basis": [
          [
            0.99995356798172,
            0.005932300351560116,
            -0.0075943730771541595,
            0.0
          ],
          [
            -0.00636983523145318,
            0.9982407093048096,
            -0.058948393911123276,
            0.0
          ],
          [
            0.007231312803924084,
            0.058994028717279434,
            0.9982321262359619,
            0.0
          ],
          [
            0.0,
            0.0,
            0.0,
            1.0
          ]
        ],
        "rotation_mode": "QUATERNION"
      },
      "armature_space": {
        "head": {
          "x": 0.5718924403190613,
          "y": -0.1318744271993637,
          "z": 0.30036264657974243
        },
        "tail": {
          "x": 0.5670325756072998,
          "y": -0.15865901112556458,
          "z": 0.25897935032844543
        }
      },
      "world_space": {
        "head": {
          "x": 0.5718924403190613,
          "y": -0.06863042712211609,
          "z": 1.2502167224884033
        },
        "tail": {
          "x": 0.5670325756072998,
          "y": -0.09541501104831696,
          "z": 1.2088333368301392
        },
        "rotation_quaternion": {
          "w": 0.47917690873146057,
          "x": -0.8726822137832642,
          "y": 0.004724839702248573,
          "z": 0.09377110004425049
        },
        "matrix": [
          [
            0.9823693037033081,
            -0.09811239689588547,
            -0.159136101603508,
            0.5718924403190613
          ],
          [
            0.08161874860525131,
            -0.5407347679138184,
            0.8372241258621216,
            -0.06863042712211609
          ],
          [
            -0.16819360852241516,
            -0.8354581594467163,
            -0.5231963396072388,
            1.2502167224884033
          ],
          [
            0.0,
            0.0,
            0.0,
            1.0
          ]
        ]
      },
      "bone_length_armature_space": 0.04953392202865453,
      "parent": "lowerarm_l",
      "has_children": true,
      "is_end_bone": false
    },
    "thumb_01_l": {
      "name": "thumb_01_l",
      "local": {
        "location": {
          "x": 0.0,
          "y": 0.0,
          "z": 0.0
        },
        "rotation_quaternion": {
          "w": 0.986417293548584,
          "x": 0.16338464617729187,
          "y": 0.0010608353186398745,
          "z": -0.01689351722598076
        },
        "scale": {
          "x": 1.0,
          "y": 1.0,
          "z": 1.0
        },
        "matrix_basis": [
          [
            0.9994269609451294,
            0.03367476165294647,
            -0.0034274300560355186,
            0.0
          ],
          [
            -0.03298146650195122,
            0.946040153503418,
            -0.32236671447753906,
            0.0
          ],
          [
            -0.007613135501742363,
            0.32229503989219666,
            0.9466086626052856,
            0.0
          ],
          [
            0.0,
            0.0,
            0.0,
            1.0
          ]
        ],
        "rotation_mode": "QUATERNION"
      },
      "armature_space": {
        "head": {
          "x": 0.5670325756072998,
          "y": -0.15865901112556458,
          "z": 0.25897935032844543
        },
        "tail": {
          "x": 0.5678060054779053,
          "y": -0.15038903057575226,
          "z": 0.22596952319145203
        }
      },
      "world_space": {
        "head": {
          "x": 0.5670325756072998,
          "y": -0.09541501104831696,
          "z": 1.2088333368301392
        },
        "tail": {
          "x": 0.5678060054779053,
          "y": -0.08714503049850464,
          "z": 1.1758235692977905
        },
        "rotation_quaternion": {
          "w": 0.5709406137466431,
          "x": -0.4355173408985138,
          "y": 0.5436052083969116,
          "z": -0.4345628023147583
        },
        "matrix": [
          [
            0.03129858896136284,
            0.02272212505340576,
            0.9992517232894897,
            0.5670325756072998
          ],
          [
            -0.9697180986404419,
            0.24295924603939056,
            0.024848774075508118,
            -0.09541501104831696
          ],
          [
            -0.2422153204679489,
            -0.9697769284248352,
            0.02963852882385254,
            1.2088333368301392
          ],
          [
            0.0,
            0.0,
            0.0,
            1.0
          ]
        ]
      },
      "bone_length_armature_space": 0.034038793488004634,
      "parent": "metacarpal_thumb_l",
      "has_children": true,
      "is_end_bone": false
    },
    "thumb_02_l": {
      "name": "thumb_02_l",
      "local": {
        "location": {
          "x": 0.0,
          "y": 0.0,
          "z": 0.0
        },
        "rotation_quaternion": {
          "w": 0.9339708089828491,
          "x": 0.3573150038719177,
          "y": 0.00023329508258029819,
          "z": 0.004954110365360975
        },
        "scale": {
          "x": 1.0,
          "y": 1.0,
          "z": 1.0
        },
        "matrix_basis": [
          [
            0.9999508261680603,
            -0.009087269194424152,
            0.00397613737732172,
            0.0
          ],
          [
            0.009420708753168583,
            0.7446029186248779,
            -0.6674412488937378,
            0.0
          ],
          [
            0.003104574279859662,
            0.6674458980560303,
            0.7446518540382385,
            0.0
          ],
          [
            0.0,
            0.0,
            0.0,
            1.0
          ]
        ],
        "rotation_mode": "QUATERNION"
      },
      "armature_space": {
        "head": {
          "x": 0.5678059458732605,
          "y": -0.15038898587226868,
          "z": 0.22596955299377441
        },
        "tail": {
          "x": 0.5978875756263733,
          "y": -0.1768447458744049,
          "z": 0.22886230051517487
        }
      },
      "world_space": {
        "head": {
          "x": 0.5678059458732605,
          "y": -0.08714498579502106,
          "z": 1.1758235692977905
        },
        "tail": {
          "x": 0.5978875756263733,
          "y": -0.11360074579715729,
          "z": 1.1787163019180298
        },
        "rotation_quaternion": {
          "w": 0.4129413068294525,
          "x": 0.06154255568981171,
          "y": -0.011664127930998802,
          "z": -0.9086011052131653
        },
        "matrix": [
          [
            -0.6513839364051819,
            0.7489622831344604,
            -0.121468186378479,
            0.5678059458732605
          ],
          [
            -0.7518335580825806,
            -0.6586867570877075,
            -0.029630810022354126,
            -0.08714498579502106
          ],
          [
            -0.10220320522785187,
            0.07202276587486267,
            0.9921598434448242,
            1.1758235692977905
          ],
          [
            0.0,
            0.0,
            0.0,
            1.0
          ]
        ]
      },
      "bone_length_armature_space": 0.040164408171571686,
      "parent": "thumb_01_l",
      "has_children": true,
      "is_end_bone": false
    },
    "thumb_03_l": {
      "name": "thumb_03_l",
      "local": {
        "location": {
          "x": 0.0,
          "y": 0.0,
          "z": 0.0
        },
        "rotation_quaternion": {
          "w": 0.9837721586227417,
          "x": 0.17941832542419434,
          "y": -0.00016774506366346031,
          "z": 0.001240648445673287
        },
        "scale": {
          "x": 1.0,
          "y": 1.0,
          "z": 1.0
        },
        "matrix_basis": [
          [
            0.9999968409538269,
            -0.002501223934814334,
            0.00011514428479131311,
            0.0
          ],
          [
            0.0023808376863598824,
            0.935615062713623,
            -0.35301393270492554,
            0.0
          ],
          [
            0.0007752359961159527,
            0.3530130982398987,
            0.9356180429458618,
            0.0
          ],
          [
            0.0,
            0.0,
            0.0,
            1.0
          ]
        ],
        "rotation_mode": "QUATERNION"
      },
      "armature_space": {
        "head": {
          "x": 0.5978875160217285,
          "y": -0.1768447607755661,
          "z": 0.2288622409105301
        },
        "tail": {
          "x": 0.614791989326477,
          "y": -0.19341416656970978,
          "z": 0.24800872802734375
        }
      },
      "world_space": {
        "head": {
          "x": 0.5978875160217285,
          "y": -0.11360076069831848,
          "z": 1.1787163019180298
        },
        "tail": {
          "x": 0.614791989326477,
          "y": -0.13017016649246216,
          "z": 1.1978627443313599
        },
        "rotation_quaternion": {
          "w": 0.43484634160995483,
          "x": 0.3600970208644867,
          "y": -0.19694411754608154,
          "z": -0.8015310168266296
        },
        "matrix": [
          [
            -0.36247655749320984,
            0.5552493929862976,
            -0.7485378384590149,
            0.5978875160217285
          ],
          [
            -0.8389239311218262,
            -0.5442426204681396,
            0.0025382637977600098,
            -0.11360076069831848
          ],
          [
            -0.4059803783893585,
            0.628890335559845,
            0.6630918979644775,
            1.1787163019180298
          ],
          [
            0.0,
            0.0,
            0.0,
            1.0
          ]
        ]
      },
      "bone_length_armature_space": 0.030444940906684093,
      "parent": "thumb_02_l",
      "has_children": false,
      "is_end_bone": true
    },
    "metacarpal_index_l": {
      "name": "metacarpal_index_l",
      "local": {
        "location": {
          "x": 0.0,
          "y": 0.0,
          "z": 0.0
        },
        "rotation_quaternion": {
          "w": 0.9998995661735535,
          "x": 0.012596015818417072,
          "y": 0.0010008467361330986,
          "z": 0.006426835898309946
        },
        "scale": {
          "x": 1.0,
          "y": 1.0,
          "z": 1.0
        },
        "matrix_basis": [
          [
            0.999915361404419,
            -0.01282716728746891,
            0.002163397381082177,
            0.0
          ],
          [
            0.01287759467959404,
            0.9996000528335571,
            -0.02517663687467575,
            0.0
          ],
          [
            -0.0018395873485133052,
            0.025202365592122078,
            0.9996806979179382,
            0.0
          ],
          [
            0.0,
            0.0,
            0.0,
            1.0
          ]
        ],
        "rotation_mode": "QUATERNION"
      },
      "armature_space": {
        "head": {
          "x": 0.5718924403190613,
          "y": -0.1318744271993637,
          "z": 0.30036264657974243
        },
        "tail": {
          "x": 0.5973681807518005,
          "y": -0.20733579993247986,
          "z": 0.21442139148712158
        }
      },
      "world_space": {
        "head": {
          "x": 0.5718924403190613,
          "y": -0.06863042712211609,
          "z": 1.2502167224884033
        },
        "tail": {
          "x": 0.5973681807518005,
          "y": -0.14409179985523224,
          "z": 1.1642754077911377
        },
        "rotation_quaternion": {
          "w": 0.3456164002418518,
          "x": -0.8598863482475281,
          "y": -0.24194572865962982,
          "z": 0.28741440176963806
        },
        "matrix": [
          [
            0.7177101373672485,
            0.21742236614227295,
            -0.6615281701087952,
            0.5718924403190613
          ],
          [
            0.6147621870040894,
            -0.6440236568450928,
            0.4553033709526062,
            -0.06863042712211609
          ],
          [
            -0.32704827189445496,
            -0.7334641218185425,
            -0.595889151096344,
            1.2502167224884033
          ],
          [
            0.0,
            0.0,
            0.0,
            1.0
          ]
        ]
      },
      "bone_length_armature_space": 0.11717222928845553,
      "parent": "lowerarm_l",
      "has_children": true,
      "is_end_bone": false
    },
    "index_01_l": {
      "name": "index_01_l",
      "local": {
        "location": {
          "x": 0.0,
          "y": 0.0,
          "z": 0.0
        },
        "rotation_quaternion": {
          "w": 0.9771984815597534,
          "x": 0.21011440455913544,
          "y": -0.02918241173028946,
          "z": 0.009143141098320484
        },
        "scale": {
          "x": 1.0,
          "y": 1.0,
          "z": 1.0
        },
        "matrix_basis": [
          [
            0.9981296062469482,
            -0.03013261780142784,
            -0.05319180712103844,
            0.0
          ],
          [
            0.005606037098914385,
            0.911536693572998,
            -0.4111805856227875,
            0.0
          ],
          [
            0.06087622791528702,
            0.41011330485343933,
            0.9100006222724915,
            0.0
          ],
          [
            0.0,
            0.0,
            0.0,
            1.0
          ]
        ],
        "rotation_mode": "QUATERNION"
      },
      "armature_space": {
        "head": {
          "x": 0.5973681807518005,
          "y": -0.20733579993247986,
          "z": 0.21442139148712158
        },
        "tail": {
          "x": 0.6039217710494995,
          "y": -0.21488812565803528,
          "z": 0.18771758675575256
        }
      },
      "world_space": {
        "head": {
          "x": 0.5973681807518005,
          "y": -0.14409179985523224,
          "z": 1.1642754077911377
        },
        "tail": {
          "x": 0.6039217710494995,
          "y": -0.15164412558078766,
          "z": 1.1375715732574463
        },
        "rotation_quaternion": {
          "w": 0.49154818058013916,
          "x": -0.7371386289596558,
          "y": -0.3548946678638458,
          "z": 0.29842373728752136
        },
        "matrix": [
          [
            0.5699850916862488,
            0.22983433306217194,
            -0.7888554930686951,
            0.5973681807518005
          ],
          [
            0.8165931701660156,
            -0.26486024260520935,
            0.5128595232963562,
            -0.14409179985523224
          ],
          [
            -0.09106352180242538,
            -0.9365031719207764,
            -0.3386494517326355,
            1.1642754077911377
          ],
          [
            0.0,
            0.0,
            0.0,
            1.0
          ]
        ]
      },
      "bone_length_armature_space": 0.028514564282958,
      "parent": "metacarpal_index_l",
      "has_children": true,
      "is_end_bone": false
    },
    "index_02_l": {
      "name": "index_02_l",
      "local": {
        "location": {
          "x": 0.0,
          "y": 0.0,
          "z": 0.0
        },
        "rotation_quaternion": {
          "w": 0.914284348487854,
          "x": 0.40500572323799133,
          "y": 0.007100776303559542,
          "z": 0.0020154144149273634
        },
        "scale": {
          "x": 1.0,
          "y": 1.0,
          "z": 1.0
        },
        "matrix_basis": [
          [
            0.9998910427093506,
            0.0020663863979279995,
            0.014616766013205051,
            0.0
          ],
          [
            0.009437033906579018,
            0.671932578086853,
            -0.7405521869659424,
            0.0
          ],
          [
            -0.011351748369634151,
            0.7406094074249268,
            0.6718398928642273,
            0.0
          ],
          [
            0.0,
            0.0,
            0.0,
            1.0
          ]
        ],
        "rotation_mode": "QUATERNION"
      },
      "armature_space": {
        "head": {
          "x": 0.6039214730262756,
          "y": -0.21488825976848602,
          "z": 0.18771715462207794
        },
        "tail": {
          "x": 0.5931925177574158,
          "y": -0.21074452996253967,
          "z": 0.1647864580154419
        }
      },
      "world_space": {
        "head": {
          "x": 0.6039214730262756,
          "y": -0.1516442596912384,
          "z": 1.1375712156295776
        },
        "tail": {
          "x": 0.5931925177574158,
          "y": -0.14750052988529205,
          "z": 1.114640474319458
        },
        "rotation_quaternion": {
          "w": 0.7283982634544373,
          "x": -0.4798700213432312,
          "y": -0.22405509650707245,
          "z": 0.4346955120563507
        },
        "matrix": [
          [
            0.5216764807701111,
            -0.4182286262512207,
            -0.743598222732544,
            0.6039214730262756
          ],
          [
            0.8482986092567444,
            0.161528080701828,
            0.504280149936676,
            -0.1516442596912384
          ],
          [
            -0.09079217165708542,
            -0.8938705325126648,
            0.43905162811279297,
            1.1375712156295776
          ],
          [
            0.0,
            0.0,
            0.0,
            1.0
          ]
        ]
      },
      "bone_length_armature_space": 0.02565341778944546,
      "parent": "index_01_l",
      "has_children": true,
      "is_end_bone": false
    },
    "index_03_l": {
      "name": "index_03_l",
      "local": {
        "location": {
          "x": 0.0,
          "y": 0.0,
          "z": 0.0
        },
        "rotation_quaternion": {
          "w": 0.9673503637313843,
          "x": 0.25325807929039,
          "y": 0.0047256131656467915,
          "z": 0.008449497632682323
        },
        "scale": {
          "x": 1.0,
          "y": 1.0,
          "z": 1.0
        },
        "matrix_basis": [
          [
            0.9998125433921814,
            -0.013953649438917637,
            0.013422454707324505,
            0.0
          ],
          [
            0.018740849569439888,
            0.8715779185295105,
            -0.4898987412452698,
            0.0
          ],
          [
            -0.004862840287387371,
            0.49005845189094543,
            0.8716760277748108,
            0.0
          ],
          [
            0.0,
            0.0,
            0.0,
            1.0
          ]
        ],
        "rotation_mode": "QUATERNION"
      },
      "armature_space": {
        "head": {
          "x": 0.5931926369667053,
          "y": -0.21074463427066803,
          "z": 0.1647864133119583
        },
        "tail": {
          "x": 0.5724067687988281,
          "y": -0.19612686336040497,
          "z": 0.15036408603191376
        }
      },
      "world_space": {
        "head": {
          "x": 0.5931926369667053,
          "y": -0.1475006341934204,
          "z": 1.114640474319458
        },
        "tail": {
          "x": 0.5724067687988281,
          "y": -0.13288286328315735,
          "z": 1.1002180576324463
        },
        "rotation_quaternion": {
          "w": 0.8619532585144043,
          "x": -0.24340136349201202,
          "y": -0.08474206179380417,
          "z": 0.4365905821323395
        },
        "matrix": [
          [
            0.604414165019989,
            -0.7113887071609497,
            -0.3586217164993286,
            0.5931926369667053
          ],
          [
            0.7938946485519409,
            0.5002884864807129,
            0.3456052243709564,
            -0.1475006341934204
          ],
          [
            -0.0664450153708458,
            -0.49359965324401855,
            0.8671554327011108,
            1.114640474319458
          ],
          [
            0.0,
            0.0,
            0.0,
            1.0
          ]
        ]
      },
      "bone_length_armature_space": 0.029218745360718324,
      "parent": "index_02_l",
      "has_children": false,
      "is_end_bone": true
    },
    "metacarpal_pinky_l": {
      "name": "metacarpal_pinky_l",
      "local": {
        "location": {
          "x": 0.0,
          "y": 0.0,
          "z": 0.0
        },
        "rotation_quaternion": {
          "w": 0.9999058246612549,
          "x": -0.009404849261045456,
          "y": -0.004402884282171726,
          "z": 0.008974727243185043
        },
        "scale": {
          "x": 1.0,
          "y": 1.0,
          "z": 1.0
        },
        "matrix_basis": [
          [
            0.9998001456260681,
            -0.017864946275949478,
            -0.008973751217126846,
            0.0
          ],
          [
            0.018030580133199692,
            0.9996619820594788,
            0.018728896975517273,
            0.0
          ],
          [
            0.008636127226054668,
            -0.018886957317590714,
            0.9997843503952026,
            0.0
          ],
          [
            0.0,
            0.0,
            0.0,
            1.0
          ]
        ],
        "rotation_mode": "QUATERNION"
      },
      "armature_space": {
        "head": {
          "x": 0.5718924403190613,
          "y": -0.1318744271993637,
          "z": 0.30036264657974243
        },
        "tail": {
          "x": 0.6524286270141602,
          "y": -0.17191681265830994,
          "z": 0.24788610637187958
        }
      },
      "world_space": {
        "head": {
          "x": 0.5718924403190613,
          "y": -0.06863042712211609,
          "z": 1.2502167224884033
        },
        "tail": {
          "x": 0.6524286270141602,
          "y": -0.10867281258106232,
          "z": 1.197740077972412
        },
        "rotation_quaternion": {
          "w": 0.36798474192619324,
          "x": 0.2203366607427597,
          "y": 0.41511112451553345,
          "z": -0.8023227453231812
        },
        "matrix": [
          [
            -0.6320773363113403,
            0.7734138369560242,
            -0.04805136099457741,
            0.5718924403190613
          ],
          [
            -0.4075591564178467,
            -0.38453951478004456,
            -0.8282663822174072,
            -0.06863042712211609
          ],
          [
            -0.6590753793716431,
            -0.503948450088501,
            0.5582737922668457,
            1.2502167224884033
          ],
          [
            0.0,
            0.0,
            0.0,
            1.0
          ]
        ]
      },
      "bone_length_armature_space": 0.10413096171136782,
      "parent": "lowerarm_l",
      "has_children": true,
      "is_end_bone": false
    },
    "pinky_01_l": {
      "name": "pinky_01_l",
      "local": {
        "location": {
          "x": 0.0,
          "y": 0.0,
          "z": 0.0
        },
        "rotation_quaternion": {
          "w": 0.9523463845252991,
          "x": 0.3047042787075043,
          "y": -0.012654554098844528,
          "z": 0.005615567788481712
        },
        "scale": {
          "x": 1.0,
          "y": 1.0,
          "z": 1.0
        },
        "matrix_basis": [
          [
            0.9996166825294495,
            -0.018407724797725677,
            -0.02068086341023445,
            0.0
          ],
          [
            0.0029841377399861813,
            0.8142475485801697,
            -0.580510139465332,
            0.0
          ],
          [
            0.02752521261572838,
            0.5802258849143982,
            0.8139903545379639,
            0.0
          ],
          [
            0.0,
            0.0,
            0.0,
            1.0
          ]
        ],
        "rotation_mode": "QUATERNION"
      },
      "armature_space": {
        "head": {
          "x": 0.6524286270141602,
          "y": -0.17191681265830994,
          "z": 0.24788610637187958
