{
  "metadata": {
    "armature_name": "KIM_caucasian_male",
    "export_time": "2026-01-13T20:24:56.366485",
    "blender_version": "4.4.1",
    "bone_count": 56,
    "end_bone_count": 13,
    "spaces_included": [
      "LOCAL_CHANNELS",
      "ARMATURE_SPACE",
      "WORLD_SPACE"
    ],
    "note": "LOCAL matches Transform panel; replay pose via local.matrix_basis for best fidelity."
  },
  "bones": {
    "Root": {
      "name": "Root",
      "local": {
        "location": {
          "x": 0.0,
          "y": 0.0,
          "z": 0.0
        },
        "rotation_quaternion": {
          "w": 0.9996547698974609,
          "x": -0.0005515035009011626,
          "y": 0.018747830763459206,
          "z": -0.01840387098491192
        },
        "scale": {
          "x": 1.0,
          "y": 1.0,
          "z": 1.0
        },
        "matrix_basis": [
          [
            0.9986196160316467,
            0.03677435591816902,
            0.037503015249967575,
            0.0
          ],
          [
            -0.036815714091062546,
            0.9993219971656799,
            0.0004125608829781413,
            0.0
          ],
          [
            -0.03746241703629494,
            -0.0017926915315911174,
            0.9992964267730713,
            0.0
          ],
          [
            0.0,
            0.0,
            0.0,
            1.0
          ]
        ],
        "rotation_mode": "QUATERNION"
      },
      "armature_space": {
        "head": {
          "x": 0.0,
          "y": 0.07072800397872925,
          "z": -0.009595036506652832
        },
        "tail": {
          "x": 0.002624801592901349,
          "y": 6.515532732009888e-05,
          "z": 0.00012028776109218597
        }
      },
      "world_space": {
        "head": {
          "x": 0.0,
          "y": 0.13397200405597687,
          "z": 0.9402589797973633
        },
        "tail": {
          "x": 0.002624801592901349,
          "y": 0.06330915540456772,
          "z": 0.9499742984771729
        },
        "rotation_quaternion": {
          "w": 0.06789463758468628,
          "x": 0.9973465204238892,
          "y": 0.019625063985586166,
          "z": 0.017465410754084587
        },
        "matrix": [
          [
            0.9986196160316467,
            0.03677435591816902,
            0.037503015249967575,
            0.0
          ],
          [
            0.041517604142427444,
            -0.9900103211402893,
            -0.13474392890930176,
            0.13397200405597687
          ],
          [
            0.0321735143661499,
            0.1361149698495865,
            -0.990177571773529,
            0.9402589797973633
          ],
          [
            0.0,
            0.0,
            0.0,
            1.0
          ]
        ]
      },
      "bone_length_armature_space": 0.0713758721945435,
      "parent": null,
      "has_children": true,
      "is_end_bone": false
    },
    "spine_01": {
      "name": "spine_01",
      "local": {
        "location": {
          "x": 0.0,
          "y": 0.0,
          "z": 0.0
        },
        "rotation_quaternion": {
          "w": 0.997157871723175,
          "x": 0.06409720331430435,
          "y": 0.029213855043053627,
          "z": 0.026728153228759766
        },
        "scale": {
          "x": 1.0,
          "y": 1.0,
          "z": 1.0
        },
        "matrix_basis": [
          [
            0.9968643188476562,
            -0.049559324979782104,
            0.061688050627708435,
            0.0
          ],
          [
            0.057049430906772614,
            0.9903542995452881,
            -0.1262684017419815,
            0.0
          ],
          [
            -0.054835252463817596,
            0.12939172983169556,
            0.9900761842727661,
            0.0
          ],
          [
            0.0,
            0.0,
            0.0,
            1.0
          ]
        ],
        "rotation_mode": "QUATERNION"
      },
      "armature_space": {
        "head": {
          "x": 0.002624801592901349,
          "y": 6.515532732009888e-05,
          "z": 0.00012028776109218597
        },
        "tail": {
          "x": -0.03549671918153763,
          "y": -0.041179265826940536,
          "z": 0.4848822057247162
        }
      },
      "world_space": {
        "head": {
          "x": 0.002624801592901349,
          "y": 0.06330915540456772,
          "z": 0.9499742984771729
        },
        "tail": {
          "x": -0.03549671918153763,
          "y": 0.022064734250307083,
          "z": 1.4347362518310547
        },
        "rotation_quaternion": {
          "w": 0.6765291094779968,
          "x": 0.7334741950035095,
          "y": 0.007050716783851385,
          "z": 0.06537836790084839
        },
        "matrix": [
          [
            0.9913519620895386,
            -0.07811767607927322,
            0.10544613003730774,
            0.002624801592901349
          ],
          [
            0.09880322217941284,
            -0.08451704680919647,
            -0.9915114641189575,
            0.06330915540456772
          ],
          [
            0.08636726438999176,
            0.9933620691299438,
            -0.07606929540634155,
            0.9499742984771729
          ],
          [
            0.0,
            0.0,
            0.0,
            1.0
          ]
        ]
      },
      "bone_length_armature_space": 0.48800459117001016,
      "parent": "Root",
      "has_children": true,
      "is_end_bone": false
    },
    "neck_01": {
      "name": "neck_01",
      "local": {
        "location": {
          "x": 0.0,
          "y": 0.0,
          "z": 0.0
        },
        "rotation_quaternion": {
          "w": 0.9965167045593262,
          "x": -0.023610426113009453,
          "y": 0.015305344015359879,
          "z": 0.07850337773561478
        },
        "scale": {
          "x": 1.0,
          "y": 1.0,
          "z": 1.0
        },
        "matrix_basis": [
          [
            0.9872059226036072,
            -0.15718258917331696,
            0.026797065511345863,
            0.0
          ],
          [
            0.15573711693286896,
            0.9865595102310181,
            0.04945940896868706,
            0.0
          ],
          [
            -0.03421105816960335,
            -0.04465332627296448,
            0.9984166026115417,
            0.0
          ],
          [
            0.0,
            0.0,
            0.0,
            1.0
          ]
        ],
        "rotation_mode": "QUATERNION"
      },
      "armature_space": {
        "head": {
          "x": -0.03755946084856987,
          "y": -0.08175352960824966,
          "z": 0.5549765229225159
        },
        "tail": {
          "x": -0.05736970901489258,
          "y": -0.12527403235435486,
          "z": 0.6456642150878906
        }
      },
      "world_space": {
        "head": {
          "x": -0.03755946084856987,
          "y": -0.018509529531002045,
          "z": 1.5048305988311768
        },
        "tail": {
          "x": -0.05736970901489258,
          "y": -0.06203003227710724,
          "z": 1.5955182313919067
        },
        "rotation_quaternion": {
          "w": 0.5348376631736755,
          "x": 0.8359053134918213,
          "y": -0.041202910244464874,
          "z": 0.11624738574028015
        },
        "matrix": [
          [
            0.9695779085159302,
            -0.19323046505451202,
            0.15026888251304626,
            -0.03755946084856987
          ],
          [
            0.05546256899833679,
            -0.4245019853115082,
            -0.9037269353866577,
            -0.018509529531002045
          ],
          [
            0.23841868340969086,
            0.8845735192298889,
            -0.4008743166923523,
            1.5048305988311768
          ],
          [
            0.0,
            0.0,
            0.0,
            1.0
          ]
        ]
      },
      "bone_length_armature_space": 0.1025218875443077,
      "parent": "spine_01",
      "has_children": true,
      "is_end_bone": false
    },
    "head": {
      "name": "head",
      "local": {
        "location": {
          "x": 0.0,
          "y": 0.0,
          "z": 0.0
        },
        "rotation_quaternion": {
          "w": 0.9684847593307495,
          "x": -0.0791684165596962,
          "y": -0.11507172882556915,
          "z": -0.20622405409812927
        },
        "scale": {
          "x": 1.0,
          "y": 1.0,
          "z": 1.0
        },
        "matrix_basis": [
          [
            0.8884602785110474,
            0.41766980290412903,
            -0.19023756682872772,
            0.0
          ],
          [
            -0.38122960925102234,
            0.9024080038070679,
            0.20080792903900146,
            0.0
          ],
          [
            0.2555432915687561,
            -0.10588569194078445,
            0.9609817266464233,
            0.0
          ],
          [
            0.0,
            0.0,
            0.0,
            1.0
          ]
        ],
        "rotation_mode": "QUATERNION"
      },
      "armature_space": {
        "head": {
          "x": -0.057369671761989594,
          "y": -0.1252741515636444,
          "z": 0.6456640362739563
        },
        "tail": {
          "x": -0.028568459674715996,
          "y": -0.11519399285316467,
          "z": 0.7977238893508911
        }
      },
      "world_space": {
        "head": {
          "x": -0.057369671761989594,
          "y": -0.06203015148639679,
          "z": 1.5955181121826172
        },
        "tail": {
          "x": -0.028568459674715996,
          "y": -0.05194999277591705,
          "z": 1.7475779056549072
        },
        "rotation_quaternion": {
          "w": 0.7297226786613464,
          "x": 0.6720587015151978,
          "y": 0.0015076567651703954,
          "z": -0.12585584819316864
        },
        "matrix": [
          [
            0.9683158993721008,
            0.18570618331432343,
            -0.16696588695049286,
            -0.057369671761989594
          ],
          [
            -0.18165460228919983,
            0.06499545276165009,
            -0.981212317943573,
            -0.06203015148639679
          ],
          [
            -0.1713666021823883,
            0.9804604649543762,
            0.09667020291090012,
            1.5955181121826172
          ],
          [
            0.0,
            0.0,
            0.0,
            1.0
          ]
        ]
      },
      "bone_length_armature_space": 0.15509132241286036,
      "parent": "neck_01",
      "has_children": false,
      "is_end_bone": true
    },
    "upperarm_l": {
      "name": "upperarm_l",
      "local": {
        "location": {
          "x": 0.0,
          "y": 0.0,
          "z": 0.0
        },
        "rotation_quaternion": {
          "w": 0.951980471611023,
          "x": 0.1971202939748764,
          "y": -0.2298092246055603,
          "z": 0.04543674737215042
        },
        "scale": {
          "x": 1.0,
          "y": 1.0,
          "z": 1.0
        },
        "matrix_basis": [
          [
            0.8902464509010315,
            -0.17710991203784943,
            -0.41963478922843933,
            0.0
          ],
          [
            -0.004090331494808197,
            0.9181581735610962,
            -0.39619290828704834,
            0.0
          ],
          [
            0.455460786819458,
            0.3544257879257202,
            0.816662609577179,
            0.0
          ],
          [
            0.0,
            0.0,
            0.0,
            1.0
          ]
        ],
        "rotation_mode": "QUATERNION"
      },
      "armature_space": {
        "head": {
          "x": 0.116729736328125,
          "y": -0.06441490352153778,
          "z": 0.5009273886680603
        },
        "tail": {
          "x": 0.37111371755599976,
          "y": -0.1286599040031433,
          "z": 0.5554161071777344
        }
      },
      "world_space": {
        "head": {
          "x": 0.116729736328125,
          "y": -0.0011709034442901611,
          "z": 1.4507813453674316
        },
        "tail": {
          "x": 0.37111371755599976,
          "y": -0.06541590392589569,
          "z": 1.5052701234817505
        },
        "rotation_quaternion": {
          "w": 0.5431548953056335,
          "x": 0.5095505118370056,
          "y": 0.29173216223716736,
          "z": -0.6001943945884705
        },
        "matrix": [
          [
            0.1093192994594574,
            0.9493021965026855,
            -0.29474472999572754,
            0.116729736328125
          ],
          [
            -0.35469239950180054,
            -0.23974750936031342,
            -0.9037227034568787,
            -0.0011709034442901611
          ],
          [
            -0.9285770654678345,
            0.20333921909332275,
            0.3105026185512543,
            1.4507813453674316
          ],
          [
            0.0,
            0.0,
            0.0,
            1.0
          ]
        ]
      },
      "bone_length_armature_space": 0.2679695013302649,
      "parent": "spine_01",
      "has_children": true,
      "is_end_bone": false
    },
    "lowerarm_l": {
      "name": "lowerarm_l",
      "local": {
        "location": {
          "x": 0.0,
          "y": 0.0,
          "z": 0.0
        },
        "rotation_quaternion": {
          "w": 0.8497047424316406,
          "x": 0.47038596868515015,
          "y": -0.10877081751823425,
          "z": 0.21191446483135223
        },
        "scale": {
          "x": 1.0,
          "y": 1.0,
          "z": 1.0
        },
        "matrix_basis": [
          [
            0.8865223526954651,
            -0.4624579846858978,
            0.014517022296786308,
            0.0
          ],
          [
            0.2578009068965912,
            0.4676586091518402,
            -0.8454785943031311,
            0.0
          ],
          [
            0.3842093348503113,
            0.7532781362533569,
            0.5338119268417358,
            0.0
          ],
          [
            0.0,
            0.0,
            0.0,
            1.0
          ]
        ],
        "rotation_mode": "QUATERNION"
      },
      "armature_space": {
        "head": {
          "x": 0.37111377716064453,
          "y": -0.1286599338054657,
          "z": 0.5554162263870239
        },
        "tail": {
          "x": 0.3839154541492462,
          "y": -0.27046632766723633,
          "z": 0.7819048166275024
        }
      },
      "world_space": {
        "head": {
          "x": 0.37111377716064453,
          "y": -0.06541593372821808,
          "z": 1.50527024269104
        },
        "tail": {
          "x": 0.3839154541492462,
          "y": -0.2072223275899887,
          "z": 1.7317588329315186
        },
        "rotation_quaternion": {
          "w": 0.38436514139175415,
          "x": 0.6623753309249878,
          "y": -0.2953457236289978,
          "z": -0.5712209343910217
        },
        "matrix": [
          [
            0.17295688390731812,
            0.04785236716270447,
            -0.9837660193443298,
            0.37111377716064453
          ],
          [
            -0.8303742408752441,
            -0.5300688743591309,
            -0.17177262902259827,
            -0.06541593372821808
          ],
          [
            -0.5296880006790161,
            0.8466088771820068,
            -0.05194413661956787,
            1.50527024269104
          ],
          [
            0.0,
            0.0,
            0.0,
            1.0
          ]
        ]
      },
      "bone_length_armature_space": 0.2675257303514442,
      "parent": "upperarm_l",
      "has_children": true,
      "is_end_bone": false
    },
    "metacarpal_thumb_l": {
      "name": "metacarpal_thumb_l",
      "local": {
        "location": {
          "x": 0.0,
          "y": 0.0,
          "z": 0.0
        },
        "rotation_quaternion": {
          "w": 0.9999544620513916,
          "x": 0.006065335124731064,
          "y": -0.0009321729885414243,
          "z": -0.007311857305467129
        },
        "scale": {
          "x": 1.0,
          "y": 1.0,
          "z": 1.0
        },
        "matrix_basis": [
          [
            0.9998913407325745,
            0.014611740596592426,
            -0.0019529587589204311,
            0.0
          ],
          [
            -0.014634356833994389,
            0.9998195171356201,
            -0.012116486206650734,
            0.0
          ],
          [
            0.0017755633452907205,
            0.012143749743700027,
            0.9999246597290039,
            0.0
          ],
          [
            0.0,
            0.0,
            0.0,
            1.0
          ]
        ],
        "rotation_mode": "QUATERNION"
      },
      "armature_space": {
        "head": {
          "x": 0.3839154541492462,
          "y": -0.27046632766723633,
          "z": 0.7819048166275024
        },
        "tail": {
          "x": 0.3594302535057068,
          "y": -0.30424895882606506,
          "z": 0.8086031675338745
        }
      },
      "world_space": {
        "head": {
          "x": 0.3839154541492462,
          "y": -0.2072223275899887,
          "z": 1.7317588329315186
        },
        "tail": {
          "x": 0.3594302535057068,
          "y": -0.24100495874881744,
          "z": 1.7584571838378906
        },
        "rotation_quaternion": {
          "w": 0.3450995683670044,
          "x": 0.8954595923423767,
          "y": -0.19974812865257263,
          "z": 0.19788675010204315
        },
        "matrix": [
          [
            0.8418828248977661,
            -0.49431419372558594,
            0.2165319323539734,
            0.3839154541492462
          ],
          [
            -0.2211524099111557,
            -0.6820136308670044,
            -0.6971005797386169,
            -0.2072223275899887
          ],
          [
            0.4922678768634796,
            0.538993775844574,
            -0.6834998726844788,
            1.7317588329315186
          ],
          [
            0.0,
            0.0,
            0.0,
            1.0
          ]
        ]
      },
      "bone_length_armature_space": 0.0495337580642278,
      "parent": "lowerarm_l",
      "has_children": true,
      "is_end_bone": false
    },
    "thumb_01_l": {
      "name": "thumb_01_l",
      "local": {
        "location": {
          "x": 0.0,
          "y": 0.0,
          "z": 0.0
        },
        "rotation_quaternion": {
          "w": 0.9993079900741577,
          "x": 0.035659175366163254,
          "y": -0.01008716132491827,
          "z": 0.003207656554877758
        },
        "scale": {
          "x": 1.0,
          "y": 1.0,
          "z": 1.0
        },
        "matrix_basis": [
          [
            0.9997759461402893,
            -0.007130273152142763,
            -0.019931597635149956,
            0.0
          ],
          [
            0.005691473837941885,
            0.9974362850189209,
            -0.07133370637893677,
            0.0
          ],
          [
            0.020389126613736153,
            0.0712042823433876,
            0.9972533583641052,
            0.0
          ],
          [
            0.0,
            0.0,
            0.0,
            1.0
          ]
        ],
        "rotation_mode": "QUATERNION"
      },
      "armature_space": {
        "head": {
          "x": 0.3594302535057068,
          "y": -0.30424895882606506,
          "z": 0.8086031675338745
        },
        "tail": {
          "x": 0.35243791341781616,
          "y": -0.336978554725647,
          "z": 0.8023977279663086
        }
      },
      "world_space": {
        "head": {
          "x": 0.3594302535057068,
          "y": -0.24100495874881744,
          "z": 1.7584571838378906
        },
        "tail": {
          "x": 0.35243791341781616,
          "y": -0.27373456954956055,
          "z": 1.7522517442703247
        },
        "rotation_quaternion": {
          "w": 0.04345150291919708,
          "x": 0.49742943048477173,
          "y": -0.13168229162693024,
          "z": 0.8563501834869385
        },
        "matrix": [
          [
            -0.5013518333435059,
            -0.20542410016059875,
            0.8405037522315979,
            0.3594302535057068
          ],
          [
            -0.05658542364835739,
            -0.9615439176559448,
            -0.2687596082687378,
            -0.24100495874881744
          ],
          [
            0.8633971214294434,
            -0.1823054999113083,
            0.47045111656188965,
            1.7584571838378906
          ],
          [
            0.0,
            0.0,
            0.0,
            1.0
          ]
        ]
      },
      "bone_length_armature_space": 0.03403860654550454,
      "parent": "metacarpal_thumb_l",
      "has_children": true,
      "is_end_bone": false
    },
    "thumb_02_l": {
      "name": "thumb_02_l",
      "local": {
        "location": {
          "x": 0.0,
          "y": 0.0,
          "z": 0.0
        },
        "rotation_quaternion": {
          "w": 0.9934627413749695,
          "x": 0.11368239670991898,
          "y": 0.01012189406901598,
          "z": 0.002394971903413534
        },
        "scale": {
          "x": 1.0,
          "y": 1.0,
          "z": 1.0
        },
        "matrix_basis": [
          [
            0.9997836351394653,
            -0.002457268303260207,
            0.020655982196331024,
            0.0
          ],
          [
            0.007059993222355843,
            0.9741411805152893,
            -0.22582997381687164,
            0.0
          ],
          [
            -0.019566917791962624,
            0.22592693567276,
            0.9739477038383484,
            0.0
          ],
          [
            0.0,
            0.0,
            0.0,
            1.0
          ]
        ],
        "rotation_mode": "QUATERNION"
      },
      "armature_space": {
        "head": {
          "x": 0.35243791341781616,
          "y": -0.3369785249233246,
          "z": 0.8023977279663086
        },
        "tail": {
          "x": 0.35959720611572266,
          "y": -0.35674595832824707,
          "z": 0.8366203308105469
        }
      },
      "world_space": {
        "head": {
          "x": 0.35243791341781616,
          "y": -0.27373450994491577,
          "z": 1.7522517442703247
        },
        "tail": {
          "x": 0.35959720611572266,
          "y": -0.29350197315216064,
          "z": 1.786474347114563
        },
        "rotation_quaternion": {
          "w": 0.012232162058353424,
          "x": 0.19734041392803192,
          "y": 0.5037550330162048,
          "z": 0.8409150242805481
        },
        "matrix": [
          [
            -0.9218143224716187,
            0.17824989557266235,
            0.344215989112854,
            0.35243791341781616
          ],
          [
            0.2193939983844757,
            -0.4921627640724182,
            0.8424026966094971,
            -0.27373450994491577
          ],
          [
            0.319570928812027,
            0.8520636558532715,
            0.4145793914794922,
            1.7522517442703247
          ],
          [
            0.0,
            0.0,
            0.0,
            1.0
          ]
        ]
      },
      "bone_length_armature_space": 0.04016457981496001,
      "parent": "thumb_01_l",
      "has_children": true,
      "is_end_bone": false
    },
    "thumb_03_l": {
      "name": "thumb_03_l",
      "local": {
        "location": {
          "x": 0.0,
          "y": 0.0,
          "z": 0.0
        },
        "rotation_quaternion": {
          "w": 0.9963948726654053,
          "x": 0.08472156524658203,
          "y": -0.000209388934308663,
          "z": -0.0044251675717532635
        },
        "scale": {
          "x": 1.0,
          "y": 1.0,
          "z": 1.0
        },
        "matrix_basis": [
          [
            0.999960720539093,
            0.008782949298620224,
            -0.0011670823441818357,
            0.0
          ],
          [
            -0.008853907696902752,
            0.9856053590774536,
            -0.16883040964603424,
            0.0
          ],
          [
            -0.00033254612935706973,
            0.1688341200351715,
            0.9856444001197815,
            0.0
          ],
          [
            0.0,
            0.0,
            0.0,
            1.0
          ]
        ],
        "rotation_mode": "QUATERNION"
      },
      "armature_space": {
        "head": {
          "x": 0.3595971167087555,
          "y": -0.35674598813056946,
          "z": 0.8366203308105469
        },
        "tail": {
          "x": 0.3712741434574127,
          "y": -0.3602084219455719,
          "z": 0.8645230531692505
        }
      },
      "world_space": {
        "head": {
          "x": 0.3595971167087555,
          "y": -0.29350197315216064,
          "z": 1.786474347114563
        },
        "tail": {
          "x": 0.3712741434574127,
          "y": -0.2969644069671631,
          "z": 1.8143770694732666
        },
        "rotation_quaternion": {
          "w": 0.1976938247680664,
          "x": -0.07065229117870331,
          "y": -0.6356518268585205,
          "z": -0.7428810596466064
        },
        "matrix": [
          [
            -0.9118499755859375,
            0.3835466504096985,
            -0.1463584005832672,
            0.3595971167087555
          ],
          [
            -0.20390768349170685,
            -0.11372771859169006,
            0.9723621010780334,
            -0.29350197315216064
          ],
          [
            0.35630351305007935,
            0.916498601436615,
            0.18191277980804443,
            1.786474347114563
          ],
          [
            0.0,
            0.0,
            0.0,
            1.0
          ]
        ]
      },
      "bone_length_armature_space": 0.030445087136755197,
      "parent": "thumb_02_l",
      "has_children": false,
      "is_end_bone": true
    },
    "metacarpal_index_l": {
      "name": "metacarpal_index_l",
      "local": {
        "location": {
          "x": 0.0,
          "y": 0.0,
          "z": 0.0
        },
        "rotation_quaternion": {
          "w": 0.9982241988182068,
          "x": -0.05888589844107628,
          "y": -0.00655749486759305,
          "z": 0.006163748912513256
        },
        "scale": {
          "x": 1.0,
          "y": 1.0,
          "z": 1.0
        },
        "matrix_basis": [
          [
            0.9998379945755005,
            -0.011533319018781185,
            -0.013817615807056427,
            0.0
          ],
          [
            0.013077894225716591,
            0.9929889440536499,
            0.11748182028532028,
            0.0
          ],
          [
            0.012365784496068954,
            -0.11764349788427353,
            0.9929788708686829,
            0.0
          ],
          [
            0.0,
            0.0,
            0.0,
            1.0
          ]
        ],
        "rotation_mode": "QUATERNION"
      },
      "armature_space": {
        "head": {
          "x": 0.3839154541492462,
          "y": -0.27046632766723633,
          "z": 0.7819048166275024
        },
        "tail": {
          "x": 0.3597014248371124,
          "y": -0.3304898142814636,
          "z": 0.8795787692070007
        }
      },
      "world_space": {
        "head": {
          "x": 0.3839154541492462,
          "y": -0.2072223275899887,
          "z": 1.7317588329315186
        },
        "tail": {
          "x": 0.3597014248371124,
          "y": -0.2672458291053772,
          "z": 1.829432725906372
        },
        "rotation_quaternion": {
          "w": 0.45088720321655273,
          "x": 0.8559598326683044,
          "y": -0.20141005516052246,
          "z": -0.15319116413593292
        },
        "matrix": [
          [
            0.8719323873519897,
            -0.20665426552295685,
            -0.443877637386322,
            0.3839154541492462
          ],
          [
            -0.4829421937465668,
            -0.5122691988945007,
            -0.7101742029190063,
            -0.2072223275899887
          ],
          [
            -0.08062535524368286,
            0.8335967063903809,
            -0.5464707016944885,
            1.7317588329315186
          ],
          [
            0.0,
            0.0,
            0.0,
            1.0
          ]
        ]
      },
      "bone_length_armature_space": 0.1171722638139729,
      "parent": "lowerarm_l",
      "has_children": true,
      "is_end_bone": false
    },
    "index_01_l": {
      "name": "index_01_l",
      "local": {
        "location": {
          "x": 0.0,
          "y": 0.0,
          "z": 0.0
        },
        "rotation_quaternion": {
          "w": 0.9962960481643677,
          "x": -0.08376701176166534,
          "y": -0.004555987659841776,
          "z": -0.0188832338899374
        },
        "scale": {
          "x": 1.0,
          "y": 1.0,
          "z": 1.0
        },
        "matrix_basis": [
          [
            0.9992453455924988,
            0.038389865309000015,
            -0.005914641078561544,
            0.0
          ],
          [
            -0.0368633009493351,
            0.9852530360221863,
            0.16708554327487946,
            0.0
          ],
          [
            0.012241808697581291,
            -0.16674141585826874,
            0.9859246611595154,
            0.0
          ],
          [
            0.0,
            0.0,
            0.0,
            1.0
          ]
        ],
        "rotation_mode": "QUATERNION"
      },
      "armature_space": {
        "head": {
          "x": 0.3597014248371124,
          "y": -0.3304898142814636,
          "z": 0.8795787692070007
        },
        "tail": {
          "x": 0.36734822392463684,
          "y": -0.3423994183540344,
          "z": 0.9043328762054443
        }
      },
      "world_space": {
        "head": {
          "x": 0.3597014248371124,
          "y": -0.2672458291053772,
          "z": 1.829432725906372
        },
        "tail": {
          "x": 0.36734822392463684,
          "y": -0.279155433177948,
          "z": 1.8541868925094604
        },
        "rotation_quaternion": {
          "w": 0.5395839214324951,
          "x": 0.8061420321464539,
          "y": 0.0037906866054981947,
          "z": -0.24283714592456818
        },
        "matrix": [
          [
            0.8820318579673767,
            0.2681734263896942,
            -0.3874302804470062,
            0.3597014248371124
          ],
          [
            -0.2559489905834198,
            -0.4176700711250305,
            -0.8718039989471436,
            -0.2672458291053772
          ],
          [
            -0.3956157863140106,
            0.868127167224884,
            -0.29976242780685425,
            1.829432725906372
          ],
          [
            0.0,
            0.0,
            0.0,
            1.0
          ]
        ]
      },
      "bone_length_armature_space": 0.02851452339251927,
      "parent": "metacarpal_index_l",
      "has_children": true,
      "is_end_bone": false
    },
    "index_02_l": {
      "name": "index_02_l",
      "local": {
        "location": {
          "x": 0.0,
          "y": 0.0,
          "z": 0.0
        },
        "rotation_quaternion": {
          "w": 0.9780552387237549,
          "x": 0.20830942690372467,
          "y": -0.0038434509187936783,
          "z": 0.0006208664271980524
        },
        "scale": {
          "x": 1.0,
          "y": 1.0,
          "z": 1.0
        },
        "matrix_basis": [
          [
            0.9999696612358093,
            -0.0028157373890280724,
            -0.007259550038725138,
            0.0
          ],
          [
            -0.00038677078555338085,
            0.9132136106491089,
            -0.40748101472854614,
            0.0
          ],
          [
            0.0077768792398273945,
            0.4074714779853821,
            0.9131848216056824,
            0.0
          ],
          [
            0.0,
            0.0,
            0.0,
            1.0
          ]
        ],
        "rotation_mode": "QUATERNION"
      },
      "armature_space": {
        "head": {
          "x": 0.36734798550605774,
          "y": -0.3423997759819031,
          "z": 0.9043331742286682
        },
        "tail": {
          "x": 0.36998456716537476,
          "y": -0.3607063591480255,
          "z": 0.9221099019050598
        }
      },
      "world_space": {
        "head": {
          "x": 0.36734798550605774,
          "y": -0.27915579080581665,
          "z": 1.854187250137329
        },
        "tail": {
          "x": 0.36998456716537476,
          "y": -0.2974623441696167,
          "z": 1.8719639778137207
        },
        "rotation_quaternion": {
          "w": 0.37396013736724854,
          "x": 0.8841032385826111,
          "y": -0.057843707501888275,
          "z": -0.274170458316803
        },
        "matrix": [
          [
            0.8429694771766663,
            0.10277752578258514,
            -0.5280516743659973,
            0.36734798550605774
          ],
          [
            -0.30733686685562134,
            -0.7136162519454956,
            -0.6295206546783447,
            -0.27915579080581665
          ],
          [
            -0.4415303170681,
            0.6929609179496765,
            -0.5699739456176758,
            1.854187250137329
          ],
          [
            0.0,
            0.0,
            0.0,
            1.0
          ]
        ]
      },
      "bone_length_armature_space": 0.025653354328212218,
      "parent": "index_01_l",
      "has_children": true,
      "is_end_bone": false
    },
    "index_03_l": {
      "name": "index_03_l",
      "local": {
        "location": {
          "x": 0.0,
          "y": 0.0,
          "z": 0.0
        },
        "rotation_quaternion": {
          "w": 0.9786666035652161,
          "x": 0.2053254395723343,
          "y": -0.005340275354683399,
          "z": -0.0049767885357141495
        },
        "scale": {
          "x": 1.0,
          "y": 1.0,
          "z": 1.0
        },
        "matrix_basis": [
          [
            0.9998934268951416,
            0.007548244670033455,
            -0.012496421113610268,
            0.0
          ],
          [
            -0.011934222653508186,
            0.9156333804130554,
            -0.40183714032173157,
            0.0
          ],
          [
            0.008408975787460804,
            0.4019434452056885,
            0.9156258702278137,
            0.0
          ],
          [
            0.0,
            0.0,
            0.0,
            1.0
          ]
        ],
        "rotation_mode": "QUATERNION"
      },
      "armature_space": {
        "head": {
          "x": 0.36998462677001953,
          "y": -0.36070626974105835,
          "z": 0.9221099615097046
        },
        "tail": {
          "x": 0.3680965304374695,
          "y": -0.38871294260025024,
          "z": 0.9302213191986084
        }
      },
      "world_space": {
        "head": {
          "x": 0.36998462677001953,
          "y": -0.2974622845649719,
          "z": 1.8719639778137207
        },
        "tail": {
          "x": 0.3680965304374695,
          "y": -0.3254689574241638,
          "z": 1.8800753355026245
        },
        "rotation_quaternion": {
          "w": 0.12725791335105896,
          "x": 0.9566910266876221,
          "y": -0.06742412596940994,
          "z": -0.25298574566841125
        },
        "matrix": [
          [
            0.8629041910171509,
            -0.06461945176124573,
            -0.5012185573577881,
            0.36998462677001953
          ],
          [
            -0.19339703023433685,
            -0.9585189819335938,
            -0.20937824249267578,
            -0.2974622845649719
          ],
          [
            -0.4669012129306793,
            0.27760887145996094,
            -0.8396133780479431,
            1.8719639778137207
          ],
          [
            0.0,
            0.0,
            0.0,
            1.0
          ]
        ]
      },
      "bone_length_armature_space": 0.029218705541353196,
      "parent": "index_02_l",
      "has_children": false,
      "is_end_bone": true
    },
    "metacarpal_pinky_l": {
      "name": "metacarpal_pinky_l",
      "local": {
        "location": {
          "x": 0.0,
          "y": 0.0,
          "z": 0.0
        },
        "rotation_quaternion": {
          "w": 0.9995748996734619,
          "x": -0.02668016403913498,
          "y": -0.008757025934755802,
          "z": 0.007850661873817444
        },
        "scale": {
          "x": 1.0,
          "y": 1.0,
          "z": 1.0
        },
        "matrix_basis": [
          [
            0.9997233748435974,
            -0.015227370895445347,
            -0.017925521358847618,
            0.0
          ],
          [
            0.016161926090717316,
            0.9984530806541443,
            0.05320014804601669,
            0.0
          ],
          [
            0.017087692394852638,
            -0.053475141525268555,
            0.9984229803085327,
            0.0
          ],
          [
            0.0,
            0.0,
            0.0,
            1.0
          ]
        ],
        "rotation_mode": "QUATERNION"
      },
      "armature_space": {
        "head": {
          "x": 0.3839154541492462,
          "y": -0.27046632766723633,
          "z": 0.7819048166275024
        },
        "tail": {
          "x": 0.4234468340873718,
          "y": -0.32111820578575134,
          "z": 0.8638496398925781
        }
      },
      "world_space": {
        "head": {
          "x": 0.3839154541492462,
          "y": -0.2072223275899887,
          "z": 1.7317588329315186
        },
        "tail": {
          "x": 0.4234468340873718,
          "y": -0.25787419080734253,
          "z": 1.8137036561965942
        },
        "rotation_quaternion": {
          "w": 0.26515719294548035,
          "x": 0.08708557486534119,
          "y": -0.4318315386772156,
          "z": -0.8576884269714355
        },
        "matrix": [
          [
            -0.8442147374153137,
            0.37963205575942993,
            -0.37839213013648987,
            0.3839154541492462
          ],
          [
            -0.5300582647323608,
            -0.4864257276058197,
            0.6945706605911255,
            -0.2072223275899887
          ],
          [
            0.07962185889482498,
            0.7869418859481812,
            0.6118799448013306,
            1.7317588329315186
          ],
          [
            0.0,
            0.0,
            0.0,
            1.0
          ]
        ]
      },
      "bone_length_armature_space": 0.10413115176614428,
      "parent": "lowerarm_l",
      "has_children": true,
      "is_end_bone": false
    },
    "pinky_01_l": {
      "name": "pinky_01_l",
      "local": {
        "location": {
          "x": 0.0,
          "y": 0.0,
          "z": 0.0
        },
        "rotation_quaternion": {
          "w": 0.9996846914291382,
          "x": 0.020235629752278328,
          "y": -0.009210756048560143,
          "z": 0.011677907779812813
        },
        "scale": {
          "x": 1.0,
          "y": 1.0,
          "z": 1.0
        },
        "matrix_basis": [
          [
            0.9995575547218323,
            -0.023721221834421158,
            -0.017943084239959717,
            0.0
          ],
          [
            0.022975679486989975,
            0.998908281326294,
            -0.040673624724149704,
            0.0
          ],
          [
            0.0188883226364851,
            0.040243372321128845,
            0.9990113377571106,
            0.0
          ],
          [
            0.0,
            0.0,
            0.0,
            1.0
          ]
        ],
        "rotation_mode": "QUATERNION"
      },
      "armature_space": {
        "head": {
          "x": 0.4234468340873718,
          "y": -0.32111820578575134,
          "z": 0.8638496398925781
