{
  "metadata": {
    "armature_name": "KIM_caucasian_male",
    "export_time": "2026-01-13T21:03:01.615776",
    "blender_version": "4.4.1",
    "bone_count": 56,
    "end_bone_count": 13,
    "spaces_included": [
      "LOCAL_CHANNELS",
      "ARMATURE_SPACE",
      "WORLD_SPACE"
    ],
    "note": "LOCAL matches Transform panel; replay pose via local.matrix_basis for best fidelity."
  },
  "bones": {
    "Root": {
      "name": "Root",
      "local": {
        "location": {
          "x": 0.0,
          "y": 0.0,
          "z": 0.0
        },
        "rotation_quaternion": {
          "w": 0.9998646974563599,
          "x": -0.006569964345544577,
          "y": -0.001028953935019672,
          "z": 0.01504762377589941
        },
        "scale": {
          "x": 1.0,
          "y": 1.0,
          "z": 1.0
        },
        "matrix_basis": [
          [
            0.9995450377464294,
            -0.030077654868364334,
            -0.0022553540766239166,
            0.0
          ],
          [
            0.03010469675064087,
            0.9994608163833618,
            0.013107184320688248,
            0.0
          ],
          [
            0.001859904732555151,
            -0.013169117271900177,
            0.9999115467071533,
            0.0
          ],
          [
            0.0,
            0.0,
            0.0,
            1.0
          ]
        ],
        "rotation_mode": "QUATERNION"
      },
      "armature_space": {
        "head": {
          "x": 0.0,
          "y": 0.07072800397872925,
          "z": -0.009595036506652832
        },
        "tail": {
          "x": -0.0021468186751008034,
          "y": 0.00016449391841888428,
          "z": 0.0009262580424547195
        }
      },
      "world_space": {
        "head": {
          "x": 0.0,
          "y": 0.13397200405597687,
          "z": 0.9402589797973633
        },
        "tail": {
          "x": -0.0021468186751008034,
          "y": 0.0634084939956665,
          "z": 0.9507802724838257
        },
        "rotation_quaternion": {
          "w": 0.0739135891199112,
          "x": 0.9971505999565125,
          "y": -0.01508275792002678,
          "z": -1.288903604290681e-05
        },
        "matrix": [
          [
            0.9995450377464294,
            -0.030077654868364334,
            -0.0022553540766239166,
            0.0
          ],
          [
            -0.03008146770298481,
            -0.9886185526847839,
            -0.14740601181983948,
            0.13397200405597687
          ],
          [
            0.0022039292380213737,
            0.14740689098834991,
            -0.989080548286438,
            0.9402589797973633
          ],
          [
            0.0,
            0.0,
            0.0,
            1.0
          ]
        ]
      },
      "bone_length_armature_space": 0.07137587487998885,
      "parent": null,
      "has_children": true,
      "is_end_bone": false
    },
    "spine_01": {
      "name": "spine_01",
      "local": {
        "location": {
          "x": 0.0,
          "y": 0.0,
          "z": 0.0
        },
        "rotation_quaternion": {
          "w": 0.9953886270523071,
          "x": 0.0813480094075203,
          "y": 0.05074635148048401,
          "z": 0.0029839943163096905
        },
        "scale": {
          "x": 1.0,
          "y": 1.0,
          "z": 1.0
        },
        "matrix_basis": [
          [
            0.9948318004608154,
            0.002315761288627982,
            0.10151016712188721,
            0.0
          ],
          [
            0.014196697622537613,
            0.9867472052574158,
            -0.1616429090499878,
            0.0
          ],
          [
            -0.1005392000079155,
            0.1622486263513565,
            0.9816145896911621,
            0.0
          ],
          [
            0.0,
            0.0,
            0.0,
            1.0
          ]
        ],
        "rotation_mode": "QUATERNION"
      },
      "armature_space": {
        "head": {
          "x": -0.0021468186751008034,
          "y": 0.00016449391841888428,
          "z": 0.0009262580424547195
        },
        "tail": {
          "x": -0.0035974602214992046,
          "y": -0.050041209906339645,
          "z": 0.4863392114639282
        }
      },
      "world_space": {
        "head": {
          "x": -0.0021468186751008034,
          "y": 0.0634084939956665,
          "z": 0.9507802724838257
        },
        "tail": {
          "x": -0.0035974602214992046,
          "y": 0.013202790170907974,
          "z": 1.4361932277679443
        },
        "rotation_quaternion": {
          "w": 0.6693510413169861,
          "x": 0.7420728206634521,
          "y": 0.02299794927239418,
          "z": 0.027717111632227898
        },
        "matrix": [
          [
            0.9974057078361511,
            -0.0029726186767220497,
            0.07192356884479523,
            -0.0021468186751008034
          ],
          [
            0.07123720645904541,
            -0.10288028419017792,
            -0.9921395778656006,
            0.0634084939956665
          ],
          [
            0.010348901152610779,
            0.9946961998939514,
            -0.10240320861339569,
            0.9507802724838257
          ],
          [
            0.0,
            0.0,
            0.0,
            1.0
          ]
        ]
      },
      "bone_length_armature_space": 0.4880045705735498,
      "parent": "Root",
      "has_children": true,
      "is_end_bone": false
    },
    "neck_01": {
      "name": "neck_01",
      "local": {
        "location": {
          "x": 0.0,
          "y": 0.0,
          "z": 0.0
        },
        "rotation_quaternion": {
          "w": 0.995343804359436,
          "x": -0.04604625329375267,
          "y": -0.08466365188360214,
          "z": 0.0016233859350904822
        },
        "scale": {
          "x": 1.0,
          "y": 1.0,
          "z": 1.0
        },
        "matrix_basis": [
          [
            0.9856588840484619,
            0.004565233830362558,
            -0.16868838667869568,
            0.0
          ],
          [
            0.011028542183339596,
            0.9957542419433594,
            0.09138882160186768,
            0.0
          ],
          [
            0.16838937997817993,
            -0.09193859249353409,
            0.9814236164093018,
            0.0
          ],
          [
            0.0,
            0.0,
            0.0,
            1.0
          ]
        ],
        "rotation_mode": "QUATERNION"
      },
      "armature_space": {
        "head": {
          "x": -0.001320769777521491,
          "y": -0.09198178350925446,
          "z": 0.5556179881095886
        },
        "tail": {
          "x": 0.0010334202088415623,
          "y": -0.13185890018939972,
          "z": 0.6500373482704163
        }
      },
      "world_space": {
        "head": {
          "x": -0.001320769777521491,
          "y": -0.028737783432006836,
          "z": 1.50547194480896
        },
        "tail": {
          "x": 0.0010334202088415623,
          "y": -0.0686149001121521,
          "z": 1.5998914241790771
        },
        "rotation_quaternion": {
          "w": 0.5524274110794067,
          "x": 0.8319362998008728,
          "y": -0.018486300483345985,
          "z": -0.048623401671648026
        },
        "matrix": [
          [
            0.9945880770683289,
            0.02296292595565319,
            -0.10132759064435959,
            -0.001320769777521491
          ],
          [
            -0.08448049426078796,
            -0.38896411657333374,
            -0.917371392250061,
            -0.028737783432006836
          ],
          [
            -0.060478828847408295,
            0.9209728240966797,
            -0.38492268323898315,
            1.50547194480896
          ],
          [
            0.0,
            0.0,
            0.0,
            1.0
          ]
        ]
      },
      "bone_length_armature_space": 0.10252191038327317,
      "parent": "spine_01",
      "has_children": true,
      "is_end_bone": false
    },
    "head": {
      "name": "head",
      "local": {
        "location": {
          "x": 0.0,
          "y": 0.0,
          "z": 0.0
        },
        "rotation_quaternion": {
          "w": 0.9861977100372314,
          "x": -0.1435924917459488,
          "y": 0.055158667266368866,
          "z": 0.06126127019524574
        },
        "scale": {
          "x": 1.0,
          "y": 1.0,
          "z": 1.0
        },
        "matrix_basis": [
          [
            0.9864091277122498,
            -0.13667218387126923,
            0.09120138734579086,
            0.0
          ],
          [
            0.10499070584774017,
            0.951256513595581,
            0.28997933864593506,
            0.0
          ],
          [
            -0.12638801336288452,
            -0.27646300196647644,
            0.9526774287223816,
            0.0
          ],
          [
            0.0,
            0.0,
            0.0,
            1.0
          ]
        ],
        "rotation_mode": "QUATERNION"
      },
      "armature_space": {
        "head": {
          "x": 0.0010334027465432882,
          "y": -0.13185901939868927,
          "z": 0.6500372290611267
        },
        "tail": {
          "x": -0.007750030606985092,
          "y": -0.09188254177570343,
          "z": 0.7996301054954529
        }
      },
      "world_space": {
        "head": {
          "x": 0.0010334027465432882,
          "y": -0.06861501932144165,
          "z": 1.599891185760498
        },
        "tail": {
          "x": -0.007750030606985092,
          "y": -0.02863854169845581,
          "z": 1.7494840621948242
        },
        "rotation_quaternion": {
          "w": 0.7929762005805969,
          "x": 0.6084905862808228,
          "y": -0.00836334191262722,
          "z": 0.029292350634932518
        },
        "matrix": [
          [
            0.9981439709663391,
            -0.05663435161113739,
            0.02238471806049347,
            0.0010334027465432882
          ],
          [
            0.03627857565879822,
            0.25776275992393494,
            -0.9655271172523499,
            -0.06861501932144165
          ],
          [
            0.04891242831945419,
            0.9645540714263916,
            0.259339839220047,
            1.599891185760498
          ],
          [
            0.0,
            0.0,
            0.0,
            1.0
          ]
        ]
      },
      "bone_length_armature_space": 0.15509125316774935,
      "parent": "neck_01",
      "has_children": false,
      "is_end_bone": true
    },
    "upperarm_l": {
      "name": "upperarm_l",
      "local": {
        "location": {
          "x": 0.0,
          "y": 0.0,
          "z": 0.0
        },
        "rotation_quaternion": {
          "w": 0.9014290571212769,
          "x": -0.09012129157781601,
          "y": 0.4140245318412781,
          "z": -0.08881194144487381
        },
        "scale": {
          "x": 1.0,
          "y": 1.0,
          "z": 1.0
        },
        "matrix_basis": [
          [
            0.6413922309875488,
            0.08549048006534576,
            0.7624351978302002,
            0.0
          ],
          [
            -0.23474018275737762,
            0.9679811596870422,
            0.0889352560043335,
            0.0
          ],
          [
            -0.7304198145866394,
            -0.23601654171943665,
            0.6409236788749695,
            0.0
          ],
          [
            0.0,
            0.0,
            0.0,
            1.0
          ]
        ],
        "rotation_mode": "QUATERNION"
      },
      "armature_space": {
        "head": {
          "x": 0.14871925115585327,
          "y": -0.07754591107368469,
          "z": 0.4899924397468567
        },
        "tail": {
          "x": 0.39898383617401123,
          "y": 0.016782477498054504,
          "z": 0.47333669662475586
        }
      },
      "world_space": {
        "head": {
          "x": 0.14871925115585327,
          "y": -0.014301910996437073,
          "z": 1.4398465156555176
        },
        "tail": {
          "x": 0.39898383617401123,
          "y": 0.08002647757530212,
          "z": 1.423190712928772
        },
        "rotation_quaternion": {
          "w": 0.21576280891895294,
          "x": 0.5381240844726562,
          "y": 0.7933807969093323,
          "z": -0.18551504611968994
        },
        "matrix": [
          [
            -0.3277371823787689,
            0.9339296221733093,
            0.14270204305648804,
            0.14871925115585327
          ],
          [
            0.7738202810287476,
            0.3520117402076721,
            -0.5265834331512451,
            -0.014301910996437073
          ],
          [
            -0.5420277118682861,
            -0.06215541064739227,
            -0.838067352771759,
            1.4398465156555176
          ],
          [
            0.0,
            0.0,
            0.0,
            1.0
          ]
        ]
      },
      "bone_length_armature_space": 0.26796943491601094,
      "parent": "spine_01",
      "has_children": true,
      "is_end_bone": false
    },
    "lowerarm_l": {
      "name": "lowerarm_l",
      "local": {
        "location": {
          "x": 0.0,
          "y": 0.0,
          "z": 0.0
        },
        "rotation_quaternion": {
          "w": 0.9291448593139648,
          "x": 0.16257481276988983,
          "y": -0.11427830904722214,
          "z": 0.31176894903182983
        },
        "scale": {
          "x": 1.0,
          "y": 1.0,
          "z": 1.0
        },
        "matrix_basis": [
          [
            0.7794811725616455,
            -0.6165145635604858,
            -0.11099065095186234,
            0.0
          ],
          [
            0.5421994924545288,
            0.7527391314506531,
            -0.37336796522140503,
            0.0
          ],
          [
            0.3137337565422058,
            0.23085424304008484,
            0.9210197925567627,
            0.0
          ],
          [
            0.0,
            0.0,
            0.0,
            1.0
          ]
        ],
        "rotation_mode": "QUATERNION"
      },
      "armature_space": {
        "head": {
          "x": 0.3989839553833008,
          "y": 0.01678238809108734,
          "z": 0.47333672642707825
        },
        "tail": {
          "x": 0.6392708420753479,
          "y": -0.09423627704381943,
          "z": 0.5121495723724365
        }
      },
      "world_space": {
        "head": {
          "x": 0.3989839553833008,
          "y": 0.08002638816833496,
          "z": 1.423190712928772
        },
        "tail": {
          "x": 0.6392708420753479,
          "y": -0.030992276966571808,
          "z": 1.4620035886764526
        },
        "rotation_quaternion": {
          "w": 0.3030402660369873,
          "x": 0.7629258632659912,
          "y": 0.4479655623435974,
          "z": -0.3541719317436218
        },
        "matrix": [
          [
            0.34777727723121643,
            0.8981865048408508,
            -0.268908828496933,
            0.3989839553833008
          ],
          [
            0.46887266635894775,
            -0.4149850606918335,
            -0.779708981513977,
            0.08002638816833496
          ],
          [
            -0.8119224309921265,
            0.1450815498828888,
            -0.5654622316360474,
            1.423190712928772
          ],
          [
            0.0,
            0.0,
            0.0,
            1.0
          ]
        ]
      },
      "bone_length_armature_space": 0.2675245178691868,
      "parent": "upperarm_l",
      "has_children": true,
      "is_end_bone": false
    },
    "metacarpal_thumb_l": {
      "name": "metacarpal_thumb_l",
      "local": {
        "location": {
          "x": 0.0,
          "y": 0.0,
          "z": 0.0
        },
        "rotation_quaternion": {
          "w": 0.9992878437042236,
          "x": 0.033590782433748245,
          "y": -0.012624393217265606,
          "z": 0.011667591519653797
        },
        "scale": {
          "x": 1.0,
          "y": 1.0,
          "z": 1.0
        },
        "matrix_basis": [
          [
            0.9994089603424072,
            -0.024166692048311234,
            -0.024446958675980568,
            0.0
          ],
          [
            0.022470438852906227,
            0.997471034526825,
            -0.06742831319570541,
            0.0
          ],
          [
            0.026014652103185654,
            0.06683912873268127,
            0.9974245429039001,
            0.0
          ],
          [
            0.0,
            0.0,
            0.0,
            1.0
          ]
        ],
        "rotation_mode": "QUATERNION"
      },
      "armature_space": {
        "head": {
          "x": 0.6392708420753479,
          "y": -0.09423627704381943,
          "z": 0.5121495723724365
        },
        "tail": {
          "x": 0.6692624092102051,
          "y": -0.12740415334701538,
          "z": 0.4908425211906433
        }
      },
      "world_space": {
        "head": {
          "x": 0.6392708420753479,
          "y": -0.030992276966571808,
          "z": 1.4620035886764526
        },
        "tail": {
          "x": 0.6692624092102051,
          "y": -0.06416015326976776,
          "z": 1.4406964778900146
        },
        "rotation_quaternion": {
          "w": 0.29030898213386536,
          "x": -0.8992583751678467,
          "y": -0.28446298837661743,
          "z": -0.1616661101579666
        },
        "matrix": [
          [
            0.7858896851539612,
            0.6054779291152954,
            0.12559357285499573,
            0.6392708420753479
          ],
          [
            0.41774651408195496,
            -0.6696027517318726,
            0.6141010522842407,
            -0.030992276966571808
          ],
          [
            0.4559261202812195,
            -0.4301530718803406,
            -0.7791751027107239,
            1.4620035886764526
          ],
          [
            0.0,
            0.0,
            0.0,
            1.0
          ]
        ]
      },
      "bone_length_armature_space": 0.04953375160111722,
      "parent": "lowerarm_l",
      "has_children": true,
      "is_end_bone": false
    },
    "thumb_01_l": {
      "name": "thumb_01_l",
      "local": {
        "location": {
          "x": 0.0,
          "y": 0.0,
          "z": 0.0
        },
        "rotation_quaternion": {
          "w": 0.9812321662902832,
          "x": 0.19207940995693207,
          "y": -0.016765441745519638,
          "z": 0.0028158659115433693
        },
        "scale": {
          "x": 1.0,
          "y": 1.0,
          "z": 1.0
        },
        "matrix_basis": [
          [
            0.9994219541549683,
            -0.011966628953814507,
            -0.031819842755794525,
            0.0
          ],
          [
            -0.0009145559160970151,
            0.9261951446533203,
            -0.37704339623451233,
            0.0
          ],
          [
            0.033983319997787476,
            0.3768545687198639,
            0.9256488680839539,
            0.0
          ],
          [
            0.0,
            0.0,
            0.0,
            1.0
          ]
        ],
        "rotation_mode": "QUATERNION"
      },
      "armature_space": {
        "head": {
          "x": 0.6692624092102051,
          "y": -0.12740415334701538,
          "z": 0.4908425211906433
        },
        "tail": {
          "x": 0.6924479007720947,
          "y": -0.12291903793811798,
          "z": 0.4663282334804535
        }
      },
      "world_space": {
        "head": {
          "x": 0.6692624092102051,
          "y": -0.06416015326976776,
          "z": 1.4406964778900146
        },
        "tail": {
          "x": 0.6924479007720947,
          "y": -0.05967503786087036,
          "z": 1.416182279586792
        },
        "rotation_quaternion": {
          "w": 0.7393984198570251,
          "x": -0.3871695101261139,
          "y": 0.13846883177757263,
          "z": -0.5331193804740906
        },
        "matrix": [
          [
            0.3932177424430847,
            0.6811533570289612,
            0.6175840497016907,
            0.6692624092102051
          ],
          [
            -0.8955981135368347,
            0.13176563382148743,
            0.4249020218849182,
            -0.06416015326976776
          ],
          [
            0.20804765820503235,
            -0.7201910614967346,
            0.6618574857711792,
            1.4406964778900146
          ],
          [
            0.0,
            0.0,
            0.0,
            1.0
          ]
        ]
      },
      "bone_length_armature_space": 0.034038707411484695,
      "parent": "metacarpal_thumb_l",
      "has_children": true,
      "is_end_bone": false
    },
    "thumb_02_l": {
      "name": "thumb_02_l",
      "local": {
        "location": {
          "x": 0.0,
          "y": 0.0,
          "z": 0.0
        },
        "rotation_quaternion": {
          "w": 0.9436591863632202,
          "x": 0.3309054672718048,
          "y": -0.0025203251279890537,
          "z": -0.0016081113135442138
        },
        "scale": {
          "x": 1.0,
          "y": 1.0,
          "z": 1.0
        },
        "matrix_basis": [
          [
            0.9999821186065674,
            0.00136703928001225,
            -0.0058209216222167015,
            0.0
          ],
          [
            -0.004702996928244829,
            0.7809979915618896,
            -0.6245158910751343,
            0.0
          ],
          [
            0.003692390164360404,
            0.6245321035385132,
            0.7809904217720032,
            0.0
          ],
          [
            0.0,
            0.0,
            0.0,
            1.0
          ]
        ],
        "rotation_mode": "QUATERNION"
      },
      "armature_space": {
        "head": {
          "x": 0.6924479007720947,
          "y": -0.12291902303695679,
          "z": 0.4663282036781311
        },
        "tail": {
          "x": 0.7167131900787354,
          "y": -0.1351555436849594,
          "z": 0.49590277671813965
        }
      },
      "world_space": {
        "head": {
          "x": 0.6924479007720947,
          "y": -0.05967502295970917,
          "z": 1.416182279586792
        },
        "tail": {
          "x": 0.7167131900787354,
          "y": -0.07191154360771179,
          "z": 1.4457567930221558
        },
        "rotation_quaternion": {
          "w": 0.5306408405303955,
          "x": 0.33856338262557983,
          "y": -0.2570781111717224,
          "z": -0.7332844734191895
        },
        "matrix": [
          [
            -0.2075885832309723,
            0.6041483879089355,
            -0.7693580389022827,
            0.6924479007720947
          ],
          [
            -0.9522961974143982,
            -0.30466094613075256,
            0.017709732055664062,
            -0.05967502295970917
          ],
          [
            -0.22369670867919922,
            0.7363380193710327,
            0.6385767459869385,
            1.416182279586792
          ],
          [
            0.0,
            0.0,
            0.0,
            1.0
          ]
        ]
      },
      "bone_length_armature_space": 0.04016456237892369,
      "parent": "thumb_01_l",
      "has_children": true,
      "is_end_bone": false
    },
    "thumb_03_l": {
      "name": "thumb_03_l",
      "local": {
        "location": {
          "x": 0.0,
          "y": 0.0,
          "z": 0.0
        },
        "rotation_quaternion": {
          "w": 0.982067346572876,
          "x": 0.18845023214817047,
          "y": 0.004822031129151583,
          "z": -0.0026660726871341467
        },
        "scale": {
          "x": 1.0,
          "y": 1.0,
          "z": 1.0
        },
        "matrix_basis": [
          [
            0.9999392628669739,
            0.007053951732814312,
            0.008466274477541447,
            0.0
          ],
          [
            -0.003419100074097514,
            0.9289588332176208,
            -0.3701673448085785,
            0.0
          ],
          [
            -0.010475962422788143,
            0.3701159358024597,
            0.9289265275001526,
            0.0
          ],
          [
            0.0,
            0.0,
            0.0,
            1.0
          ]
        ],
        "rotation_mode": "QUATERNION"
      },
      "armature_space": {
        "head": {
          "x": 0.7167131900787354,
          "y": -0.135155588388443,
          "z": 0.4959027171134949
        },
        "tail": {
          "x": 0.7180019617080688,
          "y": -0.142364501953125,
          "z": 0.5254539251327515
        }
      },
      "world_space": {
        "head": {
          "x": 0.7167131900787354,
          "y": -0.07191158831119537,
          "z": 1.4457566738128662
        },
        "tail": {
          "x": 0.7180019617080688,
          "y": -0.07912050187587738,
          "z": 1.4753079414367676
        },
        "rotation_quaternion": {
          "w": 0.4942958950996399,
          "x": 0.6080834865570068,
          "y": -0.3705114424228668,
          "z": -0.49862563610076904
        },
        "matrix": [
          [
            0.2281891107559204,
            0.042331695556640625,
            -0.9726962447166443,
            0.7167131900787354
          ],
          [
            -0.9435405135154724,
            -0.2367856353521347,
            -0.231654554605484,
            -0.07191158831119537
          ],
          [
            -0.2401294857263565,
            0.9706460237503052,
            -0.014090687036514282,
            1.4457566738128662
          ],
          [
            0.0,
            0.0,
            0.0,
            1.0
          ]
        ]
      },
      "bone_length_armature_space": 0.030445085768185394,
      "parent": "thumb_02_l",
      "has_children": false,
      "is_end_bone": true
    },
    "metacarpal_index_l": {
      "name": "metacarpal_index_l",
      "local": {
        "location": {
          "x": 0.0,
          "y": 0.0,
          "z": 0.0
        },
        "rotation_quaternion": {
          "w": 0.9983428716659546,
          "x": -0.05350952222943306,
          "y": 0.020868830382823944,
          "z": 0.0035806954838335514
        },
        "scale": {
          "x": 1.0,
          "y": 1.0,
          "z": 1.0
        },
        "matrix_basis": [
          [
            0.9991033673286438,
            -0.009382885880768299,
            0.04128529503941536,
            0.0
          ],
          [
            0.004916161298751831,
            0.9942477941513062,
            0.10699114948511124,
            0.0
          ],
          [
            -0.04205169901251793,
            -0.10669224709272385,
            0.9934024214744568,
            0.0
          ],
          [
            0.0,
            0.0,
            0.0,
            1.0
          ]
        ],
        "rotation_mode": "QUATERNION"
      },
      "armature_space": {
        "head": {
          "x": 0.6392708420753479,
          "y": -0.09423627704381943,
          "z": 0.5121495723724365
        },
        "tail": {
          "x": 0.7313430309295654,
          "y": -0.16661393642425537,
          "z": 0.5158106088638306
        }
      },
      "world_space": {
        "head": {
          "x": 0.6392708420753479,
          "y": -0.030992276966571808,
          "z": 1.4620035886764526
        },
        "tail": {
          "x": 0.7313430309295654,
          "y": -0.10336993634700775,
          "z": 1.4656646251678467
        },
        "rotation_quaternion": {
          "w": 0.005038735456764698,
          "x": 0.8990045189857483,
          "y": 0.43717485666275024,
          "z": 0.025374092161655426
        },
        "matrix": [
          [
            0.6164686679840088,
            0.7857885360717773,
            0.050028201192617416,
            0.6392708420753479
          ],
          [
            0.786300003528595,
            -0.6177057027816772,
            0.013125725090503693,
            -0.030992276966571808
          ],
          [
            0.04121781885623932,
            0.031245015561580658,
            -0.9986686706542969,
            1.4620035886764526
          ],
          [
            0.0,
            0.0,
            0.0,
            1.0
          ]
        ]
      },
      "bone_length_armature_space": 0.1171717417114618,
      "parent": "lowerarm_l",
      "has_children": true,
      "is_end_bone": false
    },
    "index_01_l": {
      "name": "index_01_l",
      "local": {
        "location": {
          "x": 0.0,
          "y": 0.0,
          "z": 0.0
        },
        "rotation_quaternion": {
          "w": 0.9685623645782471,
          "x": 0.24669727683067322,
          "y": -0.029197270050644875,
          "z": 0.013234802521765232
        },
        "scale": {
          "x": 1.0,
          "y": 1.0,
          "z": 1.0
        },
        "matrix_basis": [
          [
            0.997944712638855,
            -0.040043238550424576,
            -0.05002877488732338,
            0.0
          ],
          [
            0.011231688782572746,
            0.8779305815696716,
            -0.47865623235702515,
            0.0
          ],
          [
            0.06308872997760773,
            0.4771105647087097,
            0.8765759468078613,
            0.0
          ],
          [
            0.0,
            0.0,
            0.0,
            1.0
          ]
        ],
        "rotation_mode": "QUATERNION"
      },
      "armature_space": {
        "head": {
          "x": 0.7313430309295654,
          "y": -0.16661393642425537,
          "z": 0.5158106088638306
        },
        "tail": {
          "x": 0.7568637728691101,
          "y": -0.17558537423610687,
          "z": 0.506795346736908
        }
      },
      "world_space": {
        "head": {
          "x": 0.7313430309295654,
          "y": -0.10336993634700775,
          "z": 1.4656646251678467
        },
        "tail": {
          "x": 0.7568637728691101,
          "y": -0.11234137415885925,
          "z": 1.4566493034362793
        },
        "rotation_quaternion": {
          "w": 0.12410755455493927,
          "x": -0.8043282628059387,
          "y": -0.57208651304245,
          "z": 0.10183544456958771
        },
        "matrix": [
          [
            0.3246922492980957,
            0.895013689994812,
            -0.3058195114135742,
            0.7313430309295654
          ],
          [
            0.9455681443214417,
            -0.31462860107421875,
            0.08312705159187317,
            -0.10336993634700775
          ],
          [
            -0.021818842738866806,
            -0.3161665201187134,
            -0.9484603404998779,
            1.4656646251678467
          ],
          [
            0.0,
            0.0,
            0.0,
            1.0
          ]
        ]
      },
      "bone_length_armature_space": 0.02851438094533796,
      "parent": "metacarpal_index_l",
      "has_children": true,
      "is_end_bone": false
    },
    "index_02_l": {
      "name": "index_02_l",
      "local": {
        "location": {
          "x": 0.0,
          "y": 0.0,
          "z": 0.0
        },
        "rotation_quaternion": {
          "w": 0.917169451713562,
          "x": 0.39834028482437134,
          "y": 0.01085483655333519,
          "z": -0.002705835737287998
        },
        "scale": {
          "x": 1.0,
          "y": 1.0,
          "z": 1.0
        },
        "matrix_basis": [
          [
            0.9997497200965881,
            0.013611257076263428,
            0.017755761742591858,
            0.0
          ],
          [
            0.003684417577460408,
            0.6826353669166565,
            -0.7307498455047607,
            0.0
          ],
          [
            -0.022067135199904442,
            0.7306323647499084,
            0.6824143528938293,
            0.0
          ],
          [
            0.0,
            0.0,
            0.0,
            1.0
          ]
        ],
        "rotation_mode": "QUATERNION"
      },
      "armature_space": {
        "head": {
          "x": 0.7568639516830444,
          "y": -0.17558568716049194,
          "z": 0.5067949295043945
        },
        "tail": {
          "x": 0.7674810886383057,
          "y": -0.1801016628742218,
          "z": 0.48388248682022095
        }
      },
      "world_space": {
        "head": {
          "x": 0.7568639516830444,
          "y": -0.11234168708324432,
          "z": 1.4566489458084106
        },
        "tail": {
          "x": 0.7674810886383057,
          "y": -0.11685766279697418,
          "z": 1.4337365627288818
        },
        "rotation_quaternion": {
          "w": 0.40783342719078064,
          "x": -0.6910350322723389,
          "y": -0.49563294649124146,
          "z": 0.3324011564254761
        },
        "matrix": [
          [
            0.28771263360977173,
            0.4138711988925934,
            -0.8636735677719116,
            0.7568639516830444
          ],
          [
            0.9561288952827454,
            -0.1760391891002655,
            0.23415429890155792,
            -0.11234168708324432
          ],
          [
            -0.05513003468513489,
            -0.8931588530540466,
            -0.4463656544685364,
            1.4566489458084106
          ],
          [
            0.0,
            0.0,
            0.0,
            1.0
          ]
        ]
      },
      "bone_length_armature_space": 0.025653413960503996,
      "parent": "index_01_l",
      "has_children": true,
      "is_end_bone": false
    },
    "index_03_l": {
      "name": "index_03_l",
      "local": {
        "location": {
          "x": 0.0,
          "y": 0.0,
          "z": 0.0
        },
        "rotation_quaternion": {
          "w": 0.9613956212997437,
          "x": 0.2750949263572693,
          "y": -0.006413671188056469,
          "z": 0.0005419095396064222
        },
        "scale": {
          "x": 1.0,
          "y": 1.0,
          "z": 1.0
        },
        "matrix_basis": [
          [
            0.9999171495437622,
            -0.004570715595036745,
            -0.012033998034894466,
            0.0
          ],
          [
            -0.0024867579340934753,
            0.8486449718475342,
            -0.5289570689201355,
            0.0
          ],
          [
            0.01263030432164669,
            0.5289431810379028,
            0.8485633134841919,
            0.0
          ],
          [
            0.0,
            0.0,
            0.0,
            1.0
          ]
        ],
        "rotation_mode": "QUATERNION"
      },
      "armature_space": {
        "head": {
          "x": 0.7674812078475952,
          "y": -0.18010172247886658,
          "z": 0.4838825464248657
        },
        "tail": {
          "x": 0.7628173232078552,
          "y": -0.17705342173576355,
          "z": 0.45519980788230896
        }
      },
      "world_space": {
        "head": {
          "x": 0.7674812078475952,
          "y": -0.11685772240161896,
          "z": 1.4337365627288818
        },
        "tail": {
          "x": 0.7628173232078552,
          "y": -0.11380942165851593,
          "z": 1.4050538539886475
        },
        "rotation_quaternion": {
          "w": 0.6308237314224243,
          "x": -0.5039841532707214,
          "y": -0.39271557331085205,
          "z": 0.4402680993080139
        },
        "matrix": [
          [
            0.3038765490055084,
            -0.1596190631389618,
            -0.93924480676651,
            0.7674812078475952
          ],
          [
            0.9513083100318909,
            0.10432703793048859,
            0.2900497615337372,
            -0.11685772240161896
          ],
          [
            0.051692523062229156,
            -0.9816574454307556,
            0.18355122208595276,
            1.4337365627288818
          ],
          [
            0.0,
            0.0,
            0.0,
            1.0
          ]
        ]
      },
      "bone_length_armature_space": 0.029218888902970506,
      "parent": "index_02_l",
      "has_children": false,
      "is_end_bone": true
    },
    "metacarpal_pinky_l": {
      "name": "metacarpal_pinky_l",
      "local": {
        "location": {
          "x": 0.0,
          "y": 0.0,
          "z": 0.0
        },
        "rotation_quaternion": {
          "w": 0.998808741569519,
          "x": -0.04809226468205452,
          "y": -0.006761077791452408,
          "z": 0.004753039684146643
        },
        "scale": {
          "x": 1.0,
          "y": 1.0,
          "z": 1.0
        },
        "matrix_basis": [
          [
            0.9998633861541748,
            -0.008844444528222084,
            -0.013963215984404087,
            0.0
          ],
          [
            0.010145066305994987,
            0.9953290820121765,
            0.09600567817687988,
            0.0
          ],
          [
            0.013048877939581871,
            -0.09613422304391861,
            0.9952828288078308,
            0.0
          ],
          [
            0.0,
            0.0,
            0.0,
            1.0
          ]
        ],
        "rotation_mode": "QUATERNION"
      },
      "armature_space": {
        "head": {
          "x": 0.6392708420753479,
          "y": -0.09423627704381943,
          "z": 0.5121495723724365
        },
        "tail": {
          "x": 0.7397825717926025,
          "y": -0.10289546847343445,
          "z": 0.5379494428634644
        }
      },
      "world_space": {
        "head": {
          "x": 0.6392708420753479,
          "y": -0.030992276966571808,
          "z": 1.4620035886764526
        },
        "tail": {
          "x": 0.7397825717926025,
          "y": -0.03965146839618683,
          "z": 1.4878034591674805
        },
        "rotation_quaternion": {
          "w": 0.6551654934883118,
          "x": 0.35689035058021545,
          "y": 0.17082546651363373,
          "z": -0.6435886025428772
        },
        "matrix": [
          [
            0.11322300136089325,
            0.9652453064918518,
            -0.23554617166519165,
            0.6392708420753479
          ],
          [
            -0.7213836908340454,
            -0.08315687626600266,
            -0.6875252723693848,
            -0.030992276966571808
          ],
          [
            -0.683223307132721,
            0.24776440858840942,
            0.6869009733200073,
            1.4620035886764526
          ],
          [
            0.0,
            0.0,
            0.0,
            1.0
          ]
        ]
      },
      "bone_length_armature_space": 0.10413079820808403,
      "parent": "lowerarm_l",
      "has_children": true,
      "is_end_bone": false
    },
    "pinky_01_l": {
      "name": "pinky_01_l",
      "local": {
        "location": {
          "x": 0.0,
          "y": 0.0,
          "z": 0.0
        },
        "rotation_quaternion": {
          "w": 0.9451106190681458,
          "x": 0.32670462131500244,
          "y": 0.0018274378962814808,
          "z": -0.005179419182240963
        },
        "scale": {
          "x": 1.0,
          "y": 1.0,
          "z": 1.0
        },
        "matrix_basis": [
          [
            0.9999396800994873,
            0.010984312742948532,
            6.998155731707811e-05,
            0.0
          ],
          [
            -0.008596183732151985,
            0.7864745259284973,
            -0.6175629496574402,
            0.0
          ],
          [
            -0.0068385424092411995,
            0.6175251007080078,
            0.7865214943885803,
            0.0
          ],
          [
            0.0,
            0.0,
            0.0,
            1.0
          ]
        ],
        "rotation_mode": "QUATERNION"
      },
      "armature_space": {
        "head": {
          "x": 0.7397825717926025,
          "y": -0.10289546847343445,
