{
  "metadata": {
    "armature_name": "KIM_caucasian_male",
    "export_time": "2026-01-13T20:55:15.656252",
    "blender_version": "4.4.1",
    "bone_count": 56,
    "end_bone_count": 13,
    "spaces_included": [
      "LOCAL_CHANNELS",
      "ARMATURE_SPACE",
      "WORLD_SPACE"
    ],
    "note": "LOCAL matches Transform panel; replay pose via local.matrix_basis for best fidelity."
  },
  "bones": {
    "Root": {
      "name": "Root",
      "local": {
        "location": {
          "x": 0.0,
          "y": 0.0,
          "z": 0.0
        },
        "rotation_quaternion": {
          "w": 0.9997914433479309,
          "x": 0.008273693732917309,
          "y": -0.0010853827698156238,
          "z": 0.018643846735358238
        },
        "scale": {
          "x": 1.0,
          "y": 1.0,
          "z": 1.0
        },
        "matrix_basis": [
          [
            0.9993024468421936,
            -0.03729787841439247,
            -0.0018618059111759067,
            0.0
          ],
          [
            0.0372619554400444,
            0.9991679191589355,
            -0.016584407538175583,
            0.0
          ],
          [
            0.0024788198061287403,
            0.016503464430570602,
            0.9998607635498047,
            0.0
          ],
          [
            0.0,
            0.0,
            0.0,
            1.0
          ]
        ],
        "rotation_mode": "QUATERNION"
      },
      "armature_space": {
        "head": {
          "x": 0.0,
          "y": 0.07072800397872925,
          "z": -0.009595036506652832
        },
        "tail": {
          "x": -0.0026621685829013586,
          "y": -9.94950532913208e-05,
          "z": -0.0011752499267458916
        }
      },
      "world_space": {
        "head": {
          "x": 0.0,
          "y": 0.13397200405597687,
          "z": 0.9402589797973633
        },
        "tail": {
          "x": -0.0026621685829013586,
          "y": 0.0631445050239563,
          "z": 0.9486787915229797
        },
        "rotation_quaternion": {
          "w": 0.059098705649375916,
          "x": 0.9980774521827698,
          "y": -0.018674615770578384,
          "z": 0.00017307857342530042
        },
        "matrix": [
          [
            0.9993024468421936,
            -0.03729787841439247,
            -0.0018618059111759067,
            0.0
          ],
          [
            -0.037256963551044464,
            -0.9923171997070312,
            -0.11797710508108139,
            0.13397200405597687
          ],
          [
            0.002552775898948312,
            0.11796405166387558,
            -0.9930216670036316,
            0.9402589797973633
          ],
          [
            0.0,
            0.0,
            0.0,
            1.0
          ]
        ]
      },
      "bone_length_armature_space": 0.07137586802461687,
      "parent": null,
      "has_children": true,
      "is_end_bone": false
    },
    "spine_01": {
      "name": "spine_01",
      "local": {
        "location": {
          "x": 0.0,
          "y": 0.0,
          "z": 0.0
        },
        "rotation_quaternion": {
          "w": 0.9957280158996582,
          "x": 0.06989052146673203,
          "y": 0.04603756219148636,
          "z": -0.03900904580950737
        },
        "scale": {
          "x": 1.0,
          "y": 1.0,
          "z": 1.0
        },
        "matrix_basis": [
          [
            0.9927176833152771,
            0.08411997556686401,
            0.08622905611991882,
            0.0
          ],
          [
            -0.07124961912631989,
            0.9871872067451477,
            -0.14277566969394684,
            0.0
          ],
          [
            -0.09713450819253922,
            0.13559213280677795,
            0.9859917163848877,
            0.0
          ],
          [
            0.0,
            0.0,
            0.0,
            1.0
          ]
        ],
        "rotation_mode": "QUATERNION"
      },
      "armature_space": {
        "head": {
          "x": -0.0026621685829013586,
          "y": -9.94950532913208e-05,
          "z": -0.0011752499267458916
        },
        "tail": {
          "x": 0.03520341217517853,
          "y": -0.053160205483436584,
          "z": 0.4824560284614563
        }
      },
      "world_space": {
        "head": {
          "x": -0.0026621685829013586,
          "y": 0.0631445050239563,
          "z": 0.9486787915229797
        },
        "tail": {
          "x": 0.03520341217517853,
          "y": 0.010083794593811035,
          "z": 1.4323101043701172
        },
        "rotation_quaternion": {
          "w": 0.6660068035125732,
          "x": 0.7445205450057983,
          "y": 0.045491039752960205,
          "z": -0.007398669142276049
        },
        "matrix": [
          [
            0.9957516193389893,
            0.07759320735931396,
            0.04957824945449829,
            -0.0026621685829013586
          ],
          [
            0.0578833743929863,
            -0.10873068869113922,
            -0.992384672164917,
            0.0631445050239563
          ],
          [
            -0.07161208242177963,
            0.9910452365875244,
            -0.11276182532310486,
            0.9486787915229797
          ],
          [
            0.0,
            0.0,
            0.0,
            1.0
          ]
        ]
      },
      "bone_length_armature_space": 0.48800457148932597,
      "parent": "Root",
      "has_children": true,
      "is_end_bone": false
    },
    "neck_01": {
      "name": "neck_01",
      "local": {
        "location": {
          "x": 0.0,
          "y": 0.0,
          "z": 0.0
        },
        "rotation_quaternion": {
          "w": 0.9855505228042603,
          "x": -0.11634108424186707,
          "y": -0.03148377686738968,
          "z": -0.11901113390922546
        },
        "scale": {
          "x": 1.0,
          "y": 1.0,
          "z": 1.0
        },
        "matrix_basis": [
          [
            0.9696902632713318,
            0.24190868437290192,
            -0.0343659371137619,
            0.0
          ],
          [
            -0.22725725173950195,
            0.9446021914482117,
            0.23681387305259705,
            0.0
          ],
          [
            0.08974947780370712,
            -0.2218261957168579,
            0.9709470272064209,
            0.0
          ],
          [
            0.0,
            0.0,
            0.0,
            1.0
          ]
        ],
        "rotation_mode": "QUATERNION"
      },
      "armature_space": {
        "head": {
          "x": 0.04260406270623207,
          "y": -0.09553763270378113,
          "z": 0.5511082410812378
        },
        "tail": {
          "x": 0.0757419690489769,
          "y": -0.12045082449913025,
          "z": 0.6448736786842346
        }
      },
      "world_space": {
        "head": {
          "x": 0.04260406270623207,
          "y": -0.03229363262653351,
          "z": 1.500962257385254
        },
        "tail": {
          "x": 0.0757419690489769,
          "y": -0.05720682442188263,
          "z": 1.5947277545928955
        },
        "rotation_quaternion": {
          "w": 0.6012579202651978,
          "x": 0.782079815864563,
          "y": 0.13033168017864227,
          "z": -0.09926650673151016
        },
        "matrix": [
          [
            0.946319580078125,
            0.3232293426990509,
            0.0014589382335543633,
            0.04260406270623207
          ],
          [
            0.08449170738458633,
            -0.2430049628019333,
            -0.9663384556770325,
            -0.03229363262653351
          ],
          [
            -0.3119964897632599,
            0.9145943522453308,
            -0.25727325677871704,
            1.500962257385254
          ],
          [
            0.0,
            0.0,
            0.0,
            1.0
          ]
        ]
      },
      "bone_length_armature_space": 0.10252192444859584,
      "parent": "spine_01",
      "has_children": true,
      "is_end_bone": false
    },
    "head": {
      "name": "head",
      "local": {
        "location": {
          "x": 0.0,
          "y": 0.0,
          "z": 0.0
        },
        "rotation_quaternion": {
          "w": 0.9766106009483337,
          "x": -0.07099206745624542,
          "y": -0.12943407893180847,
          "z": 0.1563287228345871
        },
        "scale": {
          "x": 1.0,
          "y": 1.0,
          "z": 1.0
        },
        "matrix_basis": [
          [
            0.9176163077354431,
            -0.2869669795036316,
            -0.2750095725059509,
            0.0
          ],
          [
            0.32372215390205383,
            0.9410429000854492,
            0.0981946811079979,
            0.0
          ],
          [
            0.2306171953678131,
            -0.17913174629211426,
            0.9564138650894165,
            0.0
          ],
          [
            0.0,
            0.0,
            0.0,
            1.0
          ]
        ],
        "rotation_mode": "QUATERNION"
      },
      "armature_space": {
        "head": {
          "x": 0.07574194669723511,
          "y": -0.120450958609581,
          "z": 0.6448735594749451
        },
        "tail": {
          "x": 0.07421630620956421,
          "y": -0.07869505882263184,
          "z": 0.7942302227020264
        }
      },
      "world_space": {
        "head": {
          "x": 0.07574194669723511,
          "y": -0.057206958532333374,
          "z": 1.5947275161743164
        },
        "tail": {
          "x": 0.07421630620956421,
          "y": -0.015451058745384216,
          "z": 1.7440842390060425
        },
        "rotation_quaternion": {
          "w": 0.7949892282485962,
          "x": 0.6035886406898499,
          "y": -0.051088787615299225,
          "z": -0.0326017364859581
        },
        "matrix": [
          [
            0.9926542043685913,
            -0.009837118908762932,
            -0.12058600783348083,
            0.07574194669723511
          ],
          [
            -0.1135091781616211,
            0.2692362368106842,
            -0.9563617706298828,
            -0.057206958532333374
          ],
          [
            0.04187418520450592,
            0.9630311131477356,
            0.2661428153514862,
            1.5947275161743164
          ],
          [
            0.0,
            0.0,
            0.0,
            1.0
          ]
        ]
      },
      "bone_length_armature_space": 0.15509124882820036,
      "parent": "neck_01",
      "has_children": false,
      "is_end_bone": true
    },
    "upperarm_l": {
      "name": "upperarm_l",
      "local": {
        "location": {
          "x": 0.0,
          "y": 0.0,
          "z": 0.0
        },
        "rotation_quaternion": {
          "w": 0.9643696546554565,
          "x": 0.23066695034503937,
          "y": -0.07442223280668259,
          "z": -0.10604391247034073
        },
        "scale": {
          "x": 1.0,
          "y": 1.0,
          "z": 1.0
        },
        "matrix_basis": [
          [
            0.9664320349693298,
            0.17019756138324738,
            -0.1924627423286438,
            0.0
          ],
          [
            -0.23886455595493317,
            0.8710948824882507,
            -0.42911237478256226,
            0.0
          ],
          [
            0.09461943060159683,
            0.46068045496940613,
            0.8825081586837769,
            0.0
          ],
          [
            0.0,
            0.0,
            0.0,
            1.0
          ]
        ],
        "rotation_mode": "QUATERNION"
      },
      "armature_space": {
        "head": {
          "x": 0.18691004812717438,
          "y": -0.08271242678165436,
          "z": 0.47340089082717896
        },
        "tail": {
          "x": 0.42425256967544556,
          "y": -0.1753811091184616,
          "z": 0.39040225744247437
        }
      },
      "world_space": {
        "head": {
          "x": 0.18691004812717438,
          "y": -0.01946842670440674,
          "z": 1.4232549667358398
        },
        "tail": {
          "x": 0.42425256967544556,
          "y": -0.11213710904121399,
          "z": 1.3402562141418457
        },
        "rotation_quaternion": {
          "w": 0.32858461141586304,
          "x": 0.47820451855659485,
          "y": 0.46810677647590637,
          "z": -0.6665049195289612
        },
        "matrix": [
          [
            -0.32670560479164124,
            0.8857074975967407,
            -0.3298267126083374,
            0.18691004812717438
          ],
          [
            0.009693033993244171,
            -0.34581810235977173,
            -0.9382517337799072,
            -0.01946842670440674
          ],
          [
            -0.9450831413269043,
            -0.309731662273407,
            0.10439536720514297,
            1.4232549667358398
          ],
          [
            0.0,
            0.0,
            0.0,
            1.0
          ]
        ]
      },
      "bone_length_armature_space": 0.26796964730037454,
      "parent": "spine_01",
      "has_children": true,
      "is_end_bone": false
    },
    "lowerarm_l": {
      "name": "lowerarm_l",
      "local": {
        "location": {
          "x": 0.0,
          "y": 0.0,
          "z": 0.0
        },
        "rotation_quaternion": {
          "w": 0.91922527551651,
          "x": 0.30988210439682007,
          "y": 0.07108411937952042,
          "z": -0.23226110637187958
        },
        "scale": {
          "x": 1.0,
          "y": 1.0,
          "z": 1.0
        },
        "matrix_basis": [
          [
            0.882003664970398,
            0.4710559546947479,
            -0.013262482360005379,
            0.0
          ],
          [
            -0.38294517993927,
            0.700055718421936,
            -0.6027230620384216,
            0.0
          ],
          [
            -0.2746317684650421,
            0.5366827845573425,
            0.7978402376174927,
            0.0
          ],
          [
            0.0,
            0.0,
            0.0,
            1.0
          ]
        ],
        "rotation_mode": "QUATERNION"
      },
      "armature_space": {
        "head": {
          "x": 0.4242526888847351,
          "y": -0.17538118362426758,
          "z": 0.3904023766517639
        },
        "tail": {
          "x": 0.48921748995780945,
          "y": -0.40455302596092224,
          "z": 0.2686260938644409
        }
      },
      "world_space": {
        "head": {
          "x": 0.4242526888847351,
          "y": -0.11213718354701996,
          "z": 1.3402564525604248
        },
        "tail": {
          "x": 0.48921748995780945,
          "y": -0.3413090109825134,
          "z": 1.218480110168457
        },
        "rotation_quaternion": {
          "w": 0.013555956073105335,
          "x": -0.49596813321113586,
          "y": -0.26739001274108887,
          "z": 0.8260354399681091
        },
        "matrix": [
          [
            -0.5076644420623779,
            0.2428368628025055,
            -0.826623797416687,
            0.4242526888847351
          ],
          [
            0.28762850165367126,
            -0.8566387891769409,
            -0.42829930782318115,
            -0.11213718354701996
          ],
          [
            -0.8121302127838135,
            -0.4551967978477478,
            0.3650403618812561,
            1.3402564525604248
          ],
          [
            0.0,
            0.0,
            0.0,
            1.0
          ]
        ]
      },
      "bone_length_armature_space": 0.26752499588936157,
      "parent": "upperarm_l",
      "has_children": true,
      "is_end_bone": false
    },
    "metacarpal_thumb_l": {
      "name": "metacarpal_thumb_l",
      "local": {
        "location": {
          "x": 0.0,
          "y": 0.0,
          "z": 0.0
        },
        "rotation_quaternion": {
          "w": 0.9991438984870911,
          "x": -0.033122967928647995,
          "y": -0.015019920654594898,
          "z": 0.01971818320453167
        },
        "scale": {
          "x": 1.0,
          "y": 1.0,
          "z": 1.0
        },
        "matrix_basis": [
          [
            0.9987711906433105,
            -0.038407597690820694,
            -0.031320374459028244,
            0.0
          ],
          [
            0.04039761424064636,
            0.997028112411499,
            0.06559689342975616,
            0.0
          ],
          [
            0.028707874938845634,
            -0.06678155064582825,
            0.9973545670509338,
            0.0
          ],
          [
            0.0,
            0.0,
            0.0,
            1.0
          ]
        ],
        "rotation_mode": "QUATERNION"
      },
      "armature_space": {
        "head": {
          "x": 0.48921748995780945,
          "y": -0.40455302596092224,
          "z": 0.2686260938644409
        },
        "tail": {
          "x": 0.4702725112438202,
          "y": -0.449017733335495,
          "z": 0.2577833831310272
        }
      },
      "world_space": {
        "head": {
          "x": 0.48921748995780945,
          "y": -0.3413090109825134,
          "z": 1.218480110168457
        },
        "tail": {
          "x": 0.4702725112438202,
          "y": -0.3857737183570862,
          "z": 1.2076374292373657
        },
        "rotation_quaternion": {
          "w": 0.1716672033071518,
          "x": -0.9177244901657104,
          "y": 0.14729969203472137,
          "z": 0.3265194594860077
        },
        "matrix": [
          [
            0.7433757781982422,
            -0.38246649503707886,
            -0.5487362742424011,
            0.48921748995780945
          ],
          [
            -0.15825627744197845,
            -0.8976664543151855,
            0.41127848625183105,
            -0.3413090109825134
          ],
          [
            -0.6498871445655823,
            -0.2188957929611206,
            -0.7278361320495605,
            1.218480110168457
          ],
          [
            0.0,
            0.0,
            0.0,
            1.0
          ]
        ]
      },
      "bone_length_armature_space": 0.049533694387862905,
      "parent": "lowerarm_l",
      "has_children": true,
      "is_end_bone": false
    },
    "thumb_01_l": {
      "name": "thumb_01_l",
      "local": {
        "location": {
          "x": 0.0,
          "y": 0.0,
          "z": 0.0
        },
        "rotation_quaternion": {
          "w": 0.9595236778259277,
          "x": 0.2810698449611664,
          "y": -0.01722387596964836,
          "z": 0.004190392792224884
        },
        "scale": {
          "x": 1.0,
          "y": 1.0,
          "z": 1.0
        },
        "matrix_basis": [
          [
            0.9993715286254883,
            -0.01772378571331501,
            -0.03069784678518772,
            0.0
          ],
          [
            -0.0016406620852649212,
            0.8419643640518188,
            -0.5395306944847107,
            0.0
          ],
          [
            0.03540901839733124,
            0.5392419695854187,
            0.8414061665534973,
            0.0
          ],
          [
            0.0,
            0.0,
            0.0,
            1.0
          ]
        ],
        "rotation_mode": "QUATERNION"
      },
      "armature_space": {
        "head": {
          "x": 0.4702725112438202,
          "y": -0.449017733335495,
          "z": 0.2577833831310272
        },
        "tail": {
          "x": 0.46082744002342224,
          "y": -0.45974352955818176,
          "z": 0.22689023613929749
        }
      },
      "world_space": {
        "head": {
          "x": 0.4702725112438202,
          "y": -0.3857737183570862,
          "z": 1.2076374292373657
        },
        "tail": {
          "x": 0.46082744002342224,
          "y": -0.39649951457977295,
          "z": 1.1767442226409912
        },
        "rotation_quaternion": {
          "w": 0.35027357935905457,
          "x": -0.6540886759757996,
          "y": 0.46877971291542053,
          "z": -0.47929325699806213
        },
        "matrix": [
          [
            0.10104633867740631,
            -0.2774810194969177,
            0.9554023742675781,
            0.4702725112438202
          ],
          [
            -0.9490147829055786,
            -0.31510743498802185,
            0.008853048086166382,
            -0.3857737183570862
          ],
          [
            0.29859915375709534,
            -0.9075922966003418,
            -0.29517605900764465,
            1.2076374292373657
          ],
          [
            0.0,
            0.0,
            0.0,
            1.0
          ]
        ]
      },
      "bone_length_armature_space": 0.03403878118373815,
      "parent": "metacarpal_thumb_l",
      "has_children": true,
      "is_end_bone": false
    },
    "thumb_02_l": {
      "name": "thumb_02_l",
      "local": {
        "location": {
          "x": 0.0,
          "y": 0.0,
          "z": 0.0
        },
        "rotation_quaternion": {
          "w": 0.894228458404541,
          "x": 0.4474853277206421,
          "y": -0.006473684683442116,
          "z": -0.008392116986215115
        },
        "scale": {
          "x": 1.0,
          "y": 1.0,
          "z": 1.0
        },
        "matrix_basis": [
          [
            0.9997753500938416,
            0.009215181693434715,
            -0.019088605418801308,
            0.0
          ],
          [
            -0.0208026971668005,
            0.599372923374176,
            -0.800199568271637,
            0.0
          ],
          [
            0.004067207686603069,
            0.800416886806488,
            0.5994299650192261,
            0.0
          ],
          [
            0.0,
            0.0,
            0.0,
            1.0
          ]
        ],
        "rotation_mode": "QUATERNION"
      },
      "armature_space": {
        "head": {
          "x": 0.46082741022109985,
          "y": -0.4597434997558594,
          "z": 0.22689023613929749
        },
        "tail": {
          "x": 0.49421828985214233,
          "y": -0.47739386558532715,
          "z": 0.2405538707971573
        }
      },
      "world_space": {
        "head": {
          "x": 0.46082741022109985,
          "y": -0.39649951457977295,
          "z": 1.1767442226409912
        },
        "tail": {
          "x": 0.49421828985214233,
          "y": -0.4141498804092407,
          "z": 1.1904078722000122
        },
        "rotation_quaternion": {
          "w": 0.4438493549823761,
          "x": -0.15861022472381592,
          "y": -0.2885666787624359,
          "z": -0.8334085941314697
        },
        "matrix": [
          [
            -0.5556806325912476,
            0.8313552141189575,
            0.008212298154830933,
            0.46082741022109985
          ],
          [
            -0.6482774019241333,
            -0.43945279717445374,
            0.6217860579490662,
            -0.39649951457977295
          ],
          [
            0.5205370187759399,
            0.34019267559051514,
            0.7831501960754395,
            1.1767442226409912
          ],
          [
            0.0,
            0.0,
            0.0,
            1.0
          ]
        ]
      },
      "bone_length_armature_space": 0.04016442687575489,
      "parent": "thumb_01_l",
      "has_children": true,
      "is_end_bone": false
    },
    "thumb_03_l": {
      "name": "thumb_03_l",
      "local": {
        "location": {
          "x": 0.0,
          "y": 0.0,
          "z": 0.0
        },
        "rotation_quaternion": {
          "w": 0.9898701310157776,
          "x": 0.14174965023994446,
          "y": -0.008008423261344433,
          "z": -2.935656812041998e-05
        },
        "scale": {
          "x": 1.0,
          "y": 1.0,
          "z": 1.0
        },
        "matrix_basis": [
          [
            0.9998717308044434,
            -0.002212264109402895,
            -0.015862921252846718,
            0.0
          ],
          [
            -0.0023285008501261473,
            0.9598140716552734,
            -0.2806270122528076,
            0.0
          ],
          [
            0.01584627479314804,
            0.280627965927124,
            0.9596858024597168,
            0.0
          ],
          [
            0.0,
            0.0,
            0.0,
            1.0
          ]
        ],
        "rotation_mode": "QUATERNION"
      },
      "armature_space": {
        "head": {
          "x": 0.49421823024749756,
          "y": -0.47739389538764954,
          "z": 0.2405538409948349
        },
        "tail": {
          "x": 0.5168445706367493,
          "y": -0.4781743884086609,
          "z": 0.2609090805053711
        }
      },
      "world_space": {
        "head": {
          "x": 0.49421823024749756,
          "y": -0.4141498804092407,
          "z": 1.1904078722000122
        },
        "tail": {
          "x": 0.5168445706367493,
          "y": -0.41493040323257446,
          "z": 1.2107630968093872
        },
        "rotation_quaternion": {
          "w": 0.5795881748199463,
          "x": 0.10105497390031815,
          "y": -0.3889196813106537,
          "z": -0.7089478969573975
        },
        "matrix": [
          [
            -0.30772820115089417,
            0.7431905269622803,
            -0.5941137075424194,
            0.49421823024749756
          ],
          [
            -0.9004014730453491,
            -0.0256364569067955,
            0.43430429697036743,
            -0.4141498804092407
          ],
          [
            0.30754122138023376,
            0.6685932278633118,
            0.677064061164856,
            1.1904078722000122
          ],
          [
            0.0,
            0.0,
            0.0,
            1.0
          ]
        ]
      },
      "bone_length_armature_space": 0.030444970493497942,
      "parent": "thumb_02_l",
      "has_children": false,
      "is_end_bone": true
    },
    "metacarpal_index_l": {
      "name": "metacarpal_index_l",
      "local": {
        "location": {
          "x": 0.0,
          "y": 0.0,
          "z": 0.0
        },
        "rotation_quaternion": {
          "w": 0.9992017149925232,
          "x": -0.036516208201646805,
          "y": -0.014086651615798473,
          "z": -0.008012975566089153
        },
        "scale": {
          "x": 1.0,
          "y": 1.0,
          "z": 1.0
        },
        "matrix_basis": [
          [
            0.9994747042655945,
            0.017041940242052078,
            -0.0275656059384346,
            0.0
          ],
          [
            -0.014984375797212124,
            0.9972047209739685,
            0.07319986820220947,
            0.0
          ],
          [
            0.028736019507050514,
            -0.07274836301803589,
            0.9969362616539001,
            0.0
          ],
          [
            0.0,
            0.0,
            0.0,
            1.0
          ]
        ],
        "rotation_mode": "QUATERNION"
      },
      "armature_space": {
        "head": {
          "x": 0.48921748995780945,
          "y": -0.40455302596092224,
          "z": 0.2686260938644409
        },
        "tail": {
          "x": 0.4923279583454132,
          "y": -0.5142729878425598,
          "z": 0.22762475907802582
        }
      },
      "world_space": {
        "head": {
          "x": 0.48921748995780945,
          "y": -0.3413090109825134,
          "z": 1.218480110168457
        },
        "tail": {
          "x": 0.4923279583454132,
          "y": -0.4510290026664734,
          "z": 1.1774787902832031
        },
        "rotation_quaternion": {
          "w": 0.14029239118099213,
          "x": -0.8178523778915405,
          "y": -0.1100764349102974,
          "z": 0.5471002459526062
        },
        "matrix": [
          [
            0.37712931632995605,
            0.02654634416103363,
            -0.9257800579071045,
            0.48921748995780945
          ],
          [
            0.3335605561733246,
            -0.9364029169082642,
            0.10902939736843109,
            -0.3413090109825134
          ],
          [
            -0.8640143871307373,
            -0.34992510080337524,
            -0.36200225353240967,
            1.218480110168457
          ],
          [
            0.0,
            0.0,
            0.0,
            1.0
          ]
        ]
      },
      "bone_length_armature_space": 0.11717190228131408,
      "parent": "lowerarm_l",
      "has_children": true,
      "is_end_bone": false
    },
    "index_01_l": {
      "name": "index_01_l",
      "local": {
        "location": {
          "x": 0.0,
          "y": 0.0,
          "z": 0.0
        },
        "rotation_quaternion": {
          "w": 0.9506897926330566,
          "x": 0.3098031282424927,
          "y": -0.009220167063176632,
          "z": 0.011230386793613434
        },
        "scale": {
          "x": 1.0,
          "y": 1.0,
          "z": 1.0
        },
        "matrix_basis": [
          [
            0.9995777606964111,
            -0.027066102251410484,
            -0.01057261973619461,
            0.0
          ],
          [
            0.01564035564661026,
            0.8077918291091919,
            -0.589260458946228,
            0.0
          ],
          [
            0.024489454925060272,
            0.5888462662696838,
            0.8078740239143372,
            0.0
          ],
          [
            0.0,
            0.0,
            0.0,
            1.0
          ]
        ],
        "rotation_mode": "QUATERNION"
      },
      "armature_space": {
        "head": {
          "x": 0.4923279583454132,
          "y": -0.5142729878425598,
          "z": 0.22762475907802582
        },
        "tail": {
          "x": 0.48345518112182617,
          "y": -0.5322793126106262,
          "z": 0.20737329125404358
        }
      },
      "world_space": {
        "head": {
          "x": 0.4923279583454132,
          "y": -0.4510290026664734,
          "z": 1.1774787902832031
        },
        "tail": {
          "x": 0.48345518112182617,
          "y": -0.4690353274345398,
          "z": 1.1572272777557373
        },
        "rotation_quaternion": {
          "w": 0.4144861102104187,
          "x": -0.7045446634292603,
          "y": -0.11162865906953812,
          "z": 0.5651168823242188
        },
        "matrix": [
          [
            0.3363657295703888,
            -0.3111690878868103,
            -0.888837456703186,
            0.4923279583454132
          ],
          [
            0.6257598400115967,
            -0.6314824819564819,
            0.4578811228275299,
            -0.4510290026664734
          ],
          [
            -0.7037678360939026,
            -0.71021968126297,
            -0.01769164204597473,
            1.1774787902832031
          ],
          [
            0.0,
            0.0,
            0.0,
            1.0
          ]
        ]
      },
      "bone_length_armature_space": 0.028514485053692723,
      "parent": "metacarpal_index_l",
      "has_children": true,
      "is_end_bone": false
    },
    "index_02_l": {
      "name": "index_02_l",
      "local": {
        "location": {
          "x": 0.0,
          "y": 0.0,
          "z": 0.0
        },
        "rotation_quaternion": {
          "w": 0.9019365906715393,
          "x": 0.43182989954948425,
          "y": -0.002457106253132224,
          "z": -0.005240170750766993
        },
        "scale": {
          "x": 1.0,
          "y": 1.0,
          "z": 1.0
        },
        "matrix_basis": [
          [
            0.9999330043792725,
            0.007330499589443207,
            -0.008958033286035061,
            0.0
          ],
          [
            -0.011574706993997097,
            0.6269909739494324,
            -0.7789406180381775,
            0.0
          ],
          [
            -9.341674740426242e-05,
            0.7789921164512634,
            0.6270338296890259,
            0.0
          ],
          [
            0.0,
            0.0,
            0.0,
            1.0
          ]
        ],
        "rotation_mode": "QUATERNION"
      },
      "armature_space": {
        "head": {
          "x": 0.48345470428466797,
          "y": -0.5322796106338501,
          "z": 0.20737318694591522
        },
        "tail": {
          "x": 0.46079516410827637,
          "y": -0.5343879461288452,
          "z": 0.195532888174057
        }
      },
      "world_space": {
        "head": {
          "x": 0.48345470428466797,
          "y": -0.46903562545776367,
          "z": 1.1572271585464478
        },
        "tail": {
          "x": 0.46079516410827637,
          "y": -0.4711439609527588,
          "z": 1.1453869342803955
        },
        "rotation_quaternion": {
          "w": 0.6677297353744507,
          "x": -0.4457070827484131,
          "y": 0.11421747505664825,
          "z": 0.585180938243866
        },
        "matrix": [
          [
            0.289032906293869,
            -0.8833001852035522,
            -0.36910849809646606,
            0.48345470428466797
          ],
          [
            0.6796723008155823,
            -0.08218568563461304,
            0.7288975715637207,
            -0.46903562545776367
          ],
          [
            -0.6741745471954346,
            -0.46155139803886414,
            0.5766048431396484,
            1.1572271585464478
          ],
          [
            0.0,
            0.0,
            0.0,
            1.0
          ]
        ]
      },
      "bone_length_armature_space": 0.025653314257148747,
      "parent": "index_01_l",
      "has_children": true,
      "is_end_bone": false
    },
    "index_03_l": {
      "name": "index_03_l",
      "local": {
        "location": {
          "x": 0.0,
          "y": 0.0,
          "z": 0.0
        },
        "rotation_quaternion": {
          "w": 0.9333244562149048,
          "x": 0.35903048515319824,
          "y": 0.0015694474568590522,
          "z": -0.0005713875289075077
        },
        "scale": {
          "x": 1.0,
          "y": 1.0,
          "z": 1.0
        },
        "matrix_basis": [
          [
            0.9999943971633911,
            0.002193538937717676,
            0.0025193162728101015,
            0.0
          ],
          [
            6.0379054048098624e-05,
            0.7421935796737671,
            -0.6701856851577759,
            0.0
          ],
          [
            -0.0033398985397070646,
            0.6701820492744446,
            0.7421892881393433,
            0.0
          ],
          [
            0.0,
            0.0,
            0.0,
            1.0
          ]
        ],
        "rotation_mode": "QUATERNION"
      },
      "armature_space": {
        "head": {
          "x": 0.46079522371292114,
          "y": -0.5343880653381348,
          "z": 0.19553282856941223
        },
        "tail": {
          "x": 0.4365142583847046,
          "y": -0.5181646943092346,
          "z": 0.19651710987091064
        }
      },
      "world_space": {
        "head": {
          "x": 0.46079522371292114,
          "y": -0.47114408016204834,
          "z": 1.145386815071106
        },
        "tail": {
          "x": 0.4365142583847046,
          "y": -0.4549207091331482,
          "z": 1.1463711261749268
        },
        "rotation_quaternion": {
          "w": 0.8187317252159119,
          "x": -0.1572926789522171,
          "y": 0.3275647461414337,
          "z": 0.4445657730102539
        },
        "matrix": [
          [
            0.39012452960014343,
            -0.8310084939002991,
            0.39652004837989807,
            0.46079522371292114
          ],
          [
            0.6249132752418518,
            0.555239200592041,
            0.5488108992576599,
            -0.47114408016204834
          ],
          [
            -0.67623370885849,
            0.033686697483062744,
            0.7359261512756348,
            1.145386815071106
          ],
          [
            0.0,
            0.0,
            0.0,
            1.0
          ]
        ]
      },
      "bone_length_armature_space": 0.029218689604253806,
      "parent": "index_02_l",
      "has_children": false,
      "is_end_bone": true
    },
    "metacarpal_pinky_l": {
      "name": "metacarpal_pinky_l",
      "local": {
        "location": {
          "x": 0.0,
          "y": 0.0,
          "z": 0.0
        },
        "rotation_quaternion": {
          "w": 0.9984953999519348,
          "x": -0.05434958636760712,
          "y": -0.001878812676295638,
          "z": 0.007052436005324125
        },
        "scale": {
          "x": 1.0,
          "y": 1.0,
          "z": 1.0
        },
        "matrix_basis": [
          [
            0.9998934864997864,
            -0.013879424892365932,
            -0.004518565721809864,
            0.0
          ],
          [
            0.014287875033915043,
            0.9939927458763123,
            0.1085091233253479,
            0.0
          ],
          [
            0.002985377563163638,
            -0.10856212675571442,
            0.9940851926803589,
            0.0
          ],
          [
            0.0,
            0.0,
            0.0,
            1.0
          ]
        ],
        "rotation_mode": "QUATERNION"
      },
      "armature_space": {
        "head": {
          "x": 0.48921748995780945,
          "y": -0.40455302596092224,
          "z": 0.2686260938644409
        },
        "tail": {
          "x": 0.5366696119308472,
          "y": -0.4693922996520996,
          "z": 0.20238828659057617
        }
      },
      "world_space": {
        "head": {
          "x": 0.48921748995780945,
          "y": -0.3413090109825134,
          "z": 1.218480110168457
        },
        "tail": {
          "x": 0.5366696119308472,
          "y": -0.4061483144760132,
          "z": 1.1522423028945923
        },
        "rotation_quaternion": {
          "w": 0.28805550932884216,
          "x": -0.09298381954431534,
          "y": 0.3250972330570221,
          "z": -0.8959296345710754
        },
        "matrix": [
          [
            -0.8167554140090942,
            0.45569753646850586,
            0.3539069592952728,
            0.48921748995780945
          ],
          [
            -0.5766136050224304,
            -0.6226717233657837,
            -0.5289585590362549,
            -0.3413090109825134
          ],
          [
            -0.020677849650382996,
            -0.6361021995544434,
            0.7713367938995361,
            1.218480110168457
          ],
          [
            0.0,
            0.0,
            0.0,
            1.0
          ]
        ]
      },
      "bone_length_armature_space": 0.10413108245208952,
      "parent": "lowerarm_l",
      "has_children": true,
      "is_end_bone": false
    },
    "pinky_01_l": {
      "name": "pinky_01_l",
      "local": {
        "location": {
          "x": 0.0,
          "y": 0.0,
          "z": 0.0
        },
        "rotation_quaternion": {
          "w": 0.954494833946228,
          "x": 0.2977948784828186,
          "y": -0.005325058940798044,
          "z": 0.015153206884860992
        },
        "scale": {
          "x": 1.0,
          "y": 1.0,
          "z": 1.0
        },
        "matrix_basis": [
          [
            0.9994840621948242,
            -0.03209886699914932,
            -0.0011403877288103104,
            0.0
          ],
          [
            0.025755764916539192,
            0.8221771717071533,
            -0.5686487555503845,
            0.0
          ],
          [
            0.019190577790141106,
            0.568325936794281,
            0.8225796818733215,
            0.0
          ],
          [
            0.0,
            0.0,
            0.0,
            1.0
          ]
        ],
        "rotation_mode": "QUATERNION"
      },
      "armature_space": {
        "head": {
          "x": 0.5366696119308472,
          "y": -0.4693922996520996,
          "z": 0.20238828659057617
        },
