{
  "metadata": {
    "armature_name": "KIM_caucasian_male",
    "export_time": "2026-01-13T21:07:32.142206",
    "blender_version": "4.4.1",
    "bone_count": 56,
    "end_bone_count": 13,
    "spaces_included": [
      "LOCAL_CHANNELS",
      "ARMATURE_SPACE",
      "WORLD_SPACE"
    ],
    "note": "LOCAL matches Transform panel; replay pose via local.matrix_basis for best fidelity."
  },
  "bones": {
    "Root": {
      "name": "Root",
      "local": {
        "location": {
          "x": 0.0,
          "y": 0.0,
          "z": 0.0
        },
        "rotation_quaternion": {
          "w": 0.9998358488082886,
          "x": 0.015604652464389801,
          "y": -0.00717713451012969,
          "z": -0.00578618049621582
        },
        "scale": {
          "x": 1.0,
          "y": 1.0,
          "z": 1.0
        },
        "matrix_basis": [
          [
            0.9998300075531006,
            0.011346467770636082,
            -0.01453249529004097,
            0.0
          ],
          [
            -0.011794454418122768,
            0.9994460344314575,
            -0.03112112544476986,
            0.0
          ],
          [
            0.014171330258250237,
            0.031287238001823425,
            0.9994099736213684,
            0.0
          ],
          [
            0.0,
            0.0,
            0.0,
            1.0
          ]
        ],
        "rotation_mode": "QUATERNION"
      },
      "armature_space": {
        "head": {
          "x": 0.0,
          "y": 0.07072800397872925,
          "z": -0.009595036506652832
        },
        "tail": {
          "x": 0.0008098640246316791,
          "y": -0.00026101619005203247,
          "z": -0.002218215726315975
        }
      },
      "world_space": {
        "head": {
          "x": 0.0,
          "y": 0.13397200405597687,
          "z": 0.9402589797973633
        },
        "tail": {
          "x": 0.0008098640246316791,
          "y": 0.06298298388719559,
          "z": 0.9476358294487
        },
        "rotation_quaternion": {
          "w": 0.051787395030260086,
          "x": 0.9986156821250916,
          "y": 0.005289528518915176,
          "z": -0.007550634443759918
        },
        "matrix": [
          [
            0.9998300075531006,
            0.011346467770636082,
            -0.01453249529004097,
            0.0
          ],
          [
            0.00978235062211752,
            -0.9945801496505737,
            -0.10351172834634781,
            0.13397200405597687
          ],
          [
            -0.015628324821591377,
            0.10335174947977066,
            -0.994529128074646,
            0.9402589797973633
          ],
          [
            0.0,
            0.0,
            0.0,
            1.0
          ]
        ]
      },
      "bone_length_armature_space": 0.07137586634820436,
      "parent": null,
      "has_children": true,
      "is_end_bone": false
    },
    "spine_01": {
      "name": "spine_01",
      "local": {
        "location": {
          "x": 0.0,
          "y": 0.0,
          "z": 0.0
        },
        "rotation_quaternion": {
          "w": 0.9957565069198608,
          "x": 0.05930705368518829,
          "y": 0.012022266164422035,
          "z": 0.06933432072401047
        },
        "scale": {
          "x": 1.0,
          "y": 1.0,
          "z": 1.0
        },
        "matrix_basis": [
          [
            0.9900964498519897,
            -0.13665419816970825,
            0.032166529446840286,
            0.0
          ],
          [
            0.13950620591640472,
            0.9833508729934692,
            -0.11644365638494492,
            0.0
          ],
          [
            -0.015718471258878708,
            0.11977788060903549,
            0.9926762580871582,
            0.0
          ],
          [
            0.0,
            0.0,
            0.0,
            1.0
          ]
        ],
        "rotation_mode": "QUATERNION"
      },
      "armature_space": {
        "head": {
          "x": 0.0008098640246316791,
          "y": -0.00026101619005203247,
          "z": -0.002218215726315975
        },
        "tail": {
          "x": -0.0578545406460762,
          "y": -0.051860351115465164,
          "z": 0.4794916808605194
        }
      },
      "world_space": {
        "head": {
          "x": 0.0008098640246316791,
          "y": 0.06298298388719559,
          "z": 0.9476358294487
        },
        "tail": {
          "x": -0.0578545406460762,
          "y": 0.011383648961782455,
          "z": 1.429345726966858
        },
        "rotation_quaternion": {
          "w": 0.667949378490448,
          "x": 0.7414906024932861,
          "y": -0.031231919303536415,
          "z": 0.0553165040910244
        },
        "matrix": [
          [
            0.9919293522834778,
            -0.12021364271640778,
            0.040309835225343704,
            0.0008098640246316791
          ],
          [
            0.027580123394727707,
            -0.10573607683181763,
            -0.9940117597579956,
            0.06298298388719559
          ],
          [
            0.12375685572624207,
            0.9871079921722412,
            -0.10156882554292679,
            0.9476358294487
          ],
          [
            0.0,
            0.0,
            0.0,
            1.0
          ]
        ]
      },
      "bone_length_armature_space": 0.48800454119299846,
      "parent": "Root",
      "has_children": true,
      "is_end_bone": false
    },
    "neck_01": {
      "name": "neck_01",
      "local": {
        "location": {
          "x": 0.0,
          "y": 0.0,
          "z": 0.0
        },
        "rotation_quaternion": {
          "w": 0.9855970740318298,
          "x": 0.08256956934928894,
          "y": 0.07831937074661255,
          "z": 0.12508690357208252
        },
        "scale": {
          "x": 1.0,
          "y": 1.0,
          "z": 1.0
        },
        "matrix_basis": [
          [
            0.9564386606216431,
            -0.2336369752883911,
            0.17503942549228668,
            0.0
          ],
          [
            0.25950416922569275,
            0.9550710916519165,
            -0.14316719770431519,
            0.0
          ],
          [
            -0.13372594118118286,
            0.18235410749912262,
            0.9740966558456421,
            0.0
          ],
          [
            0.0,
            0.0,
            0.0,
            1.0
          ]
        ],
        "rotation_mode": "QUATERNION"
      },
      "armature_space": {
        "head": {
          "x": -0.0652584433555603,
          "y": -0.09407494962215424,
          "z": 0.5482438206672668
        },
        "tail": {
          "x": -0.09689157456159592,
          "y": -0.15769103169441223,
          "z": 0.6221561431884766
        }
      },
      "world_space": {
        "head": {
          "x": -0.0652584433555603,
          "y": -0.030830949544906616,
          "z": 1.4980978965759277
        },
        "tail": {
          "x": -0.09689157456159592,
          "y": -0.09444703161716461,
          "z": 1.5720101594924927
        },
        "rotation_quaternion": {
          "w": 0.42775532603263855,
          "x": 0.8795344233512878,
          "y": -0.08226553350687027,
          "z": 0.19151224195957184
        },
        "matrix": [
          [
            0.9131112098693848,
            -0.3085516691207886,
            0.26650315523147583,
            -0.0652584433555603
          ],
          [
            0.01912911981344223,
            -0.6205155253410339,
            -0.7839610576629639,
            -0.030830949544906616
          ],
          [
            0.4072646498680115,
            0.7209459543228149,
            -0.5607019066810608,
            1.4980978965759277
          ],
          [
            0.0,
            0.0,
            0.0,
            1.0
          ]
        ]
      },
      "bone_length_armature_space": 0.10252166838933831,
      "parent": "spine_01",
      "has_children": true,
      "is_end_bone": false
    },
    "head": {
      "name": "head",
      "local": {
        "location": {
          "x": 0.0,
          "y": 0.0,
          "z": 0.0
        },
        "rotation_quaternion": {
          "w": 0.9898091554641724,
          "x": 0.03018694743514061,
          "y": -0.1369675248861313,
          "z": 0.024631505832076073
        },
        "scale": {
          "x": 1.0,
          "y": 1.0,
          "z": 1.0
        },
        "matrix_basis": [
          [
            0.9612663984298706,
            -0.057030241936445236,
            -0.26965633034706116,
            0.0
          ],
          [
            0.04049171879887581,
            0.9969640970230103,
            -0.06650606542825699,
            0.0
          ],
          [
            0.272630512714386,
            0.053011201322078705,
            0.9606572985649109,
            0.0
          ],
          [
            0.0,
            0.0,
            0.0,
            1.0
          ]
        ],
        "rotation_mode": "QUATERNION"
      },
      "armature_space": {
        "head": {
          "x": -0.09689150750637054,
          "y": -0.1576911062002182,
          "z": 0.622156023979187
        },
        "tail": {
          "x": -0.16333290934562683,
          "y": -0.21132488548755646,
          "z": 0.7516248226165771
        }
      },
      "world_space": {
        "head": {
          "x": -0.09689150750637054,
          "y": -0.09444710612297058,
          "z": 1.5720100402832031
        },
        "tail": {
          "x": -0.16333290934562683,
          "y": -0.14808088541030884,
          "z": 1.7014788389205933
        },
        "rotation_quaternion": {
          "w": 0.5320113301277161,
          "x": 0.8163461089134216,
          "y": -0.2098863273859024,
          "z": 0.08056659251451492
        },
        "matrix": [
          [
            0.8989133238792419,
            -0.428404837846756,
            -0.09178516268730164,
            -0.09689150750637054
          ],
          [
            -0.2569568157196045,
            -0.3458230793476105,
            -0.90242999792099,
            -0.09444710612297058
          ],
          [
            0.3548661768436432,
            0.834796667098999,
            -0.42095011472702026,
            1.5720100402832031
          ],
          [
            0.0,
            0.0,
            0.0,
            1.0
          ]
        ]
      },
      "bone_length_armature_space": 0.15509097682033687,
      "parent": "neck_01",
      "has_children": false,
      "is_end_bone": true
    },
    "upperarm_l": {
      "name": "upperarm_l",
      "local": {
        "location": {
          "x": 0.0,
          "y": 0.0,
          "z": 0.0
        },
        "rotation_quaternion": {
          "w": 0.9544843435287476,
          "x": 0.028375573456287384,
          "y": 0.29600203037261963,
          "z": 0.023180846124887466
        },
        "scale": {
          "x": 1.0,
          "y": 1.0,
          "z": 1.0
        },
        "matrix_basis": [
          [
            0.8236908912658691,
            -0.02745305560529232,
            0.5663741230964661,
            0.0
          ],
          [
            0.061049964278936386,
            0.9973149299621582,
            -0.04044492542743683,
            0.0
          ],
          [
            -0.5637430548667908,
            0.06789123266935349,
            0.8231552243232727,
            0.0
          ],
          [
            0.0,
            0.0,
            0.0,
            1.0
          ]
        ],
        "rotation_mode": "QUATERNION"
      },
      "armature_space": {
        "head": {
          "x": 0.09173881262540817,
          "y": -0.0860016793012619,
          "z": 0.5001420378684998
        },
        "tail": {
          "x": 0.35762110352516174,
          "y": -0.08656434714794159,
          "z": 0.5335174202919006
        }
      },
      "world_space": {
        "head": {
          "x": 0.09173881262540817,
          "y": -0.022757679224014282,
          "z": 1.449995994567871
        },
        "tail": {
          "x": 0.35762110352516174,
          "y": -0.02332034707069397,
          "z": 1.4833714962005615
        },
        "rotation_quaternion": {
          "w": 0.3274773955345154,
          "x": 0.663171648979187,
          "y": 0.62586510181427,
          "z": -0.24749740958213806
        },
        "matrix": [
          [
            0.09407446533441544,
            0.9922112822532654,
            0.08164989203214645,
            0.09173881262540817
          ],
          [
            0.6680126190185547,
            -0.002099744975566864,
            -0.7441471219062805,
            -0.022757679224014282
          ],
          [
            -0.7381842732429504,
            0.12454920262098312,
            -0.6630125641822815,
            1.449995994567871
          ],
          [
            0.0,
            0.0,
            0.0,
            1.0
          ]
        ]
      },
      "bone_length_armature_space": 0.26796944105919435,
      "parent": "spine_01",
      "has_children": true,
      "is_end_bone": false
    },
    "lowerarm_l": {
      "name": "lowerarm_l",
      "local": {
        "location": {
          "x": 0.0,
          "y": 0.0,
          "z": 0.0
        },
        "rotation_quaternion": {
          "w": 0.9612598419189453,
          "x": 0.20898690819740295,
          "y": -0.0937572792172432,
          "z": 0.15334154665470123
        },
        "scale": {
          "x": 1.0,
          "y": 1.0,
          "z": 1.0
        },
        "matrix_basis": [
          [
            0.935391902923584,
            -0.333990216255188,
            -0.11615746468305588,
            0.0
          ],
          [
            0.2556140422821045,
            0.8656216859817505,
            -0.430535227060318,
            0.0
          ],
          [
            0.24434296786785126,
            0.3730276823043823,
            0.8950681090354919,
            0.0
          ],
          [
            0.0,
            0.0,
            0.0,
            1.0
          ]
        ],
        "rotation_mode": "QUATERNION"
      },
      "armature_space": {
        "head": {
          "x": 0.3576211929321289,
          "y": -0.08656446635723114,
          "z": 0.5335174798965454
        },
        "tail": {
          "x": 0.5661721229553223,
          "y": -0.24938829243183136,
          "z": 0.5730681419372559
        }
      },
      "world_space": {
        "head": {
          "x": 0.3576211929321289,
          "y": -0.02332046627998352,
          "z": 1.4833714962005615
        },
        "tail": {
          "x": 0.5661721229553223,
          "y": -0.18614429235458374,
          "z": 1.522922158241272
        },
        "rotation_quaternion": {
          "w": 0.2841970920562744,
          "x": 0.7825878262519836,
          "y": 0.33899223804473877,
          "z": -0.4380325973033905
        },
        "matrix": [
          [
            0.3864228129386902,
            0.7795583605766296,
            -0.49291568994522095,
            0.3576211929321289
          ],
          [
            0.2816077470779419,
            -0.6086314916610718,
            -0.7417985200881958,
            -0.02332046627998352
          ],
          [
            -0.87828528881073,
            0.14783938229084015,
            -0.45472264289855957,
            1.4833714962005615
          ],
          [
            0.0,
            0.0,
            0.0,
            1.0
          ]
        ]
      },
      "bone_length_armature_space": 0.26752447348311,
      "parent": "upperarm_l",
      "has_children": true,
      "is_end_bone": false
    },
    "metacarpal_thumb_l": {
      "name": "metacarpal_thumb_l",
      "local": {
        "location": {
          "x": 0.0,
          "y": 0.0,
          "z": 0.0
        },
        "rotation_quaternion": {
          "w": 0.9990918636322021,
          "x": -0.040895264595746994,
          "y": -0.008142175152897835,
          "z": 0.00875761453062296
        },
        "scale": {
          "x": 1.0,
          "y": 1.0,
          "z": 1.0
        },
        "matrix_basis": [
          [
            0.9997140169143677,
            -0.016833370551466942,
            -0.016985852271318436,
            0.0
          ],
          [
            0.01816527545452118,
            0.9965017437934875,
            0.08157364279031754,
            0.0
          ],
          [
            0.01555327232927084,
            -0.08185886591672897,
            0.9965225458145142,
            0.0
          ],
          [
            0.0,
            0.0,
            0.0,
            1.0
          ]
        ],
        "rotation_mode": "QUATERNION"
      },
      "armature_space": {
        "head": {
          "x": 0.5661721229553223,
          "y": -0.24938829243183136,
          "z": 0.5730681419372559
        },
        "tail": {
          "x": 0.58388751745224,
          "y": -0.29401490092277527,
          "z": 0.5608936548233032
        }
      },
      "world_space": {
        "head": {
          "x": 0.5661721229553223,
          "y": -0.18614429235458374,
          "z": 1.522922158241272
        },
        "tail": {
          "x": 0.58388751745224,
          "y": -0.23077090084552765,
          "z": 1.5107476711273193
        },
        "rotation_quaternion": {
          "w": 0.15588852763175964,
          "x": -0.9602128863334656,
          "y": -0.15884341299533844,
          "z": -0.16869744658470154
        },
        "matrix": [
          [
            0.8926198482513428,
            0.3576429486274719,
            0.27444666624069214,
            0.5661721229553223
          ],
          [
            0.2524513900279999,
            -0.9009350538253784,
            0.35296499729156494,
            -0.18614429235458374
          ],
          [
            0.373496949672699,
            -0.24578170478343964,
            -0.894486129283905,
            1.522922158241272
          ],
          [
            0.0,
            0.0,
            0.0,
            1.0
          ]
        ]
      },
      "bone_length_armature_space": 0.049533700336869324,
      "parent": "lowerarm_l",
      "has_children": true,
      "is_end_bone": false
    },
    "thumb_01_l": {
      "name": "thumb_01_l",
      "local": {
        "location": {
          "x": 0.0,
          "y": 0.0,
          "z": 0.0
        },
        "rotation_quaternion": {
          "w": 0.9998220801353455,
          "x": 0.009742173366248608,
          "y": 0.008078284561634064,
          "z": 0.013991275802254677
        },
        "scale": {
          "x": 1.0,
          "y": 1.0,
          "z": 1.0
        },
        "matrix_basis": [
          [
            0.9994779825210571,
            -0.027820173650979996,
            0.01642630621790886,
            0.0
          ],
          [
            0.028134973719716072,
            0.9994186758995056,
            -0.019254829734563828,
            0.0
          ],
          [
            -0.01588108390569687,
            0.019706930965185165,
            0.999679684638977,
            0.0
          ],
          [
            0.0,
            0.0,
            0.0,
            1.0
          ]
        ],
        "rotation_mode": "QUATERNION"
      },
      "armature_space": {
        "head": {
          "x": 0.58388751745224,
          "y": -0.29401490092277527,
          "z": 0.5608936548233032
        },
        "tail": {
          "x": 0.5957185626029968,
          "y": -0.3053867220878601,
          "z": 0.5310717225074768
        }
      },
      "world_space": {
        "head": {
          "x": 0.58388751745224,
          "y": -0.23077090084552765,
          "z": 1.5107476711273193
        },
        "tail": {
          "x": 0.5957185626029968,
          "y": -0.2421427220106125,
          "z": 1.4809257984161377
        },
        "rotation_quaternion": {
          "w": 0.5089617371559143,
          "x": -0.5277172923088074,
          "y": 0.2718712389469147,
          "z": -0.6233446002006531
        },
        "matrix": [
          [
            0.07505621016025543,
            0.34757673740386963,
            0.9346426129341125,
            0.58388751745224
          ],
          [
            -0.921459436416626,
            -0.33408671617507935,
            0.19823844730854034,
            -0.23077090084552765
          ],
          [
            0.3811565935611725,
            -0.876120924949646,
            0.29520487785339355,
            1.5107476711273193
          ],
          [
            0.0,
            0.0,
            0.0,
            1.0
          ]
        ]
      },
      "bone_length_armature_space": 0.03403879529156124,
      "parent": "metacarpal_thumb_l",
      "has_children": true,
      "is_end_bone": false
    },
    "thumb_02_l": {
      "name": "thumb_02_l",
      "local": {
        "location": {
          "x": 0.0,
          "y": 0.0,
          "z": 0.0
        },
        "rotation_quaternion": {
          "w": 0.9867286682128906,
          "x": 0.16215145587921143,
          "y": -0.0002937402459792793,
          "z": 0.008569234050810337
        },
        "scale": {
          "x": 1.0,
          "y": 1.0,
          "z": 1.0
        },
        "matrix_basis": [
          [
            0.9998529553413391,
            -0.017006278038024902,
            0.002199343638494611,
            0.0
          ],
          [
            0.016815757378935814,
            0.9472669363021851,
            -0.32000401616096497,
            0.0
          ],
          [
            0.003358711488544941,
            0.3199939429759979,
            0.9474136233329773,
            0.0
          ],
          [
            0.0,
            0.0,
            0.0,
            1.0
          ]
        ],
        "rotation_mode": "QUATERNION"
      },
      "armature_space": {
        "head": {
          "x": 0.5957184433937073,
          "y": -0.3053866922855377,
          "z": 0.5310717225074768
        },
        "tail": {
          "x": 0.6272509694099426,
          "y": -0.32708847522735596,
          "z": 0.5432335734367371
        }
      },
      "world_space": {
        "head": {
          "x": 0.5957184433937073,
          "y": -0.2421426922082901,
          "z": 1.4809257984161377
        },
        "tail": {
          "x": 0.6272509694099426,
          "y": -0.26384449005126953,
          "z": 1.4930875301361084
        },
        "rotation_quaternion": {
          "w": 0.4460943937301636,
          "x": -0.0060667539946734905,
          "y": -0.17560625076293945,
          "z": -0.8775680065155029
        },
        "matrix": [
          [
            -0.601925790309906,
            0.7850867509841919,
            -0.14602676033973694,
            0.5957184433937073
          ],
          [
            -0.7808257341384888,
            -0.5403241515159607,
            0.31362536549568176,
            -0.2421426922082901
          ],
          [
            0.16732177138328552,
            0.30280229449272156,
            0.9382580518722534,
            1.4809257984161377
          ],
          [
            0.0,
            0.0,
            0.0,
            1.0
          ]
        ]
      },
      "bone_length_armature_space": 0.04016439010142032,
      "parent": "thumb_01_l",
      "has_children": true,
      "is_end_bone": false
    },
    "thumb_03_l": {
      "name": "thumb_03_l",
      "local": {
        "location": {
          "x": 0.0,
          "y": 0.0,
          "z": 0.0
        },
        "rotation_quaternion": {
          "w": 0.9971568584442139,
          "x": 0.07518524676561356,
          "y": -0.0012845894088968635,
          "z": -0.004864690825343132
        },
        "scale": {
          "x": 1.0,
          "y": 1.0,
          "z": 1.0
        },
        "matrix_basis": [
          [
            0.9999493956565857,
            0.009508555755019188,
            -0.0032933801412582397,
            0.0
          ],
          [
            -0.009894884191453457,
            0.9886470437049866,
            -0.14993047714233398,
            0.0
          ],
          [
            0.0018303683027625084,
            0.14995546638965607,
            0.9886910319328308,
            0.0
          ],
          [
            0.0,
            0.0,
            0.0,
            1.0
          ]
        ],
        "rotation_mode": "QUATERNION"
      },
      "armature_space": {
        "head": {
          "x": 0.6272509098052979,
          "y": -0.32708853483200073,
          "z": 0.5432335138320923
        },
        "tail": {
          "x": 0.648970365524292,
          "y": -0.33606866002082825,
          "z": 0.5625860095024109
        }
      },
      "world_space": {
        "head": {
          "x": 0.6272509098052979,
          "y": -0.2638445496559143,
          "z": 1.4930875301361084
        },
        "tail": {
          "x": 0.648970365524292,
          "y": -0.27282464504241943,
          "z": 1.5124399662017822
        },
        "rotation_quaternion": {
          "w": 0.5387620329856873,
          "x": 0.2332756072282791,
          "y": -0.2495059221982956,
          "z": -0.7701069712638855
        },
        "matrix": [
          [
            -0.31063395738601685,
            0.7134021520614624,
            -0.6281430125236511,
            0.6272509098052979
          ],
          [
            -0.9462167024612427,
            -0.29496344923973083,
            0.1329304277896881,
            -0.2638445496559143
          ],
          [
            -0.09044797718524933,
            0.6356564164161682,
            0.7666643857955933,
            1.4930875301361084
          ],
          [
            0.0,
            0.0,
            0.0,
            1.0
          ]
        ]
      },
      "bone_length_armature_space": 0.030444974962371155,
      "parent": "thumb_02_l",
      "has_children": false,
      "is_end_bone": true
    },
    "metacarpal_index_l": {
      "name": "metacarpal_index_l",
      "local": {
        "location": {
          "x": 0.0,
          "y": 0.0,
          "z": 0.0
        },
        "rotation_quaternion": {
          "w": 0.9994943141937256,
          "x": -0.03061036393046379,
          "y": -0.004296749364584684,
          "z": -0.007462074980139732
        },
        "scale": {
          "x": 1.0,
          "y": 1.0,
          "z": 1.0
        },
        "matrix_basis": [
          [
            0.9998517036437988,
            0.015179652720689774,
            -0.008132319897413254,
            0.0
          ],
          [
            -0.014653553254902363,
            0.9980146288871765,
            0.06125389412045479,
            0.0
          ],
          [
            0.009045986458659172,
            -0.06112564355134964,
            0.998089075088501,
            0.0
          ],
          [
            0.0,
            0.0,
            0.0,
            1.0
          ]
        ],
        "rotation_mode": "QUATERNION"
      },
      "armature_space": {
        "head": {
          "x": 0.5661721229553223,
          "y": -0.24938829243183136,
          "z": 0.5730681419372559
        },
        "tail": {
          "x": 0.6398414373397827,
          "y": -0.3404839038848877,
          "z": 0.5749732851982117
        }
      },
      "world_space": {
        "head": {
          "x": 0.5661721229553223,
          "y": -0.18614429235458374,
          "z": 1.522922158241272
        },
        "tail": {
          "x": 0.6398414373397827,
          "y": -0.27723991870880127,
          "z": 1.524827241897583
        },
        "rotation_quaternion": {
          "w": 0.029936201870441437,
          "x": 0.9407925605773926,
          "y": 0.3322301506996155,
          "z": -0.06030185520648956
        },
        "matrix": [
          [
            0.7719734311103821,
            0.6287296414375305,
            -0.09357151389122009,
            0.5661721229553223
          ],
          [
            0.6215088963508606,
            -0.7774538993835449,
            -0.09639643132686615,
            -0.18614429235458374
          ],
          [
            -0.1333552896976471,
            0.016259290277957916,
            -0.9909421801567078,
            1.522922158241272
          ],
          [
            0.0,
            0.0,
            0.0,
            1.0
          ]
        ]
      },
      "bone_length_armature_space": 0.11717170061228949,
      "parent": "lowerarm_l",
      "has_children": true,
      "is_end_bone": false
    },
    "index_01_l": {
      "name": "index_01_l",
      "local": {
        "location": {
          "x": 0.0,
          "y": 0.0,
          "z": 0.0
        },
        "rotation_quaternion": {
          "w": 0.9972095489501953,
          "x": -0.0732930526137352,
          "y": -0.006030785385519266,
          "z": -0.012846643105149269
        },
        "scale": {
          "x": 1.0,
          "y": 1.0,
          "z": 1.0
        },
        "matrix_basis": [
          [
            0.9995971918106079,
            0.026505619287490845,
            -0.010144773870706558,
            0.0
          ],
          [
            -0.024737561121582985,
            0.9889261722564697,
            0.1463320106267929,
            0.0
          ],
          [
            0.013911052606999874,
            -0.14602211117744446,
            0.9891835451126099,
            0.0
          ],
          [
            0.0,
            0.0,
            0.0,
            1.0
          ]
        ],
        "rotation_mode": "QUATERNION"
      },
      "armature_space": {
        "head": {
          "x": 0.6398414373397827,
          "y": -0.3404839038848877,
          "z": 0.5749732851982117
        },
        "tail": {
          "x": 0.6644307374954224,
          "y": -0.3531798720359802,
          "z": 0.5818470120429993
        }
      },
      "world_space": {
        "head": {
          "x": 0.6398414373397827,
          "y": -0.27723991870880127,
          "z": 1.524827241897583
        },
        "tail": {
          "x": 0.6644307374954224,
          "y": -0.2899358868598938,
          "z": 1.5317010879516602
        },
        "rotation_quaternion": {
          "w": 0.13980735838413239,
          "x": 0.8500664830207825,
          "y": 0.5077695250511169,
          "z": 0.003317212453112006
        },
        "matrix": [
          [
            0.48431792855262756,
            0.8623479604721069,
            0.147620290517807,
            0.6398414373397827
          ],
          [
            0.8642035126686096,
            -0.44524773955345154,
            -0.2343221753835678,
            -0.27723991870880127
          ],
          [
            -0.13633987307548523,
            0.24106167256832123,
            -0.960892915725708,
            1.524827241897583
          ],
          [
            0.0,
            0.0,
            0.0,
            1.0
          ]
        ]
      },
      "bone_length_armature_space": 0.02851437246100063,
      "parent": "metacarpal_index_l",
      "has_children": true,
      "is_end_bone": false
    },
    "index_02_l": {
      "name": "index_02_l",
      "local": {
        "location": {
          "x": 0.0,
          "y": 0.0,
          "z": 0.0
        },
        "rotation_quaternion": {
          "w": 0.9854231476783752,
          "x": 0.16981536149978638,
          "y": -0.004590126220136881,
          "z": -0.00910807866603136
        },
        "scale": {
          "x": 1.0,
          "y": 1.0,
          "z": 1.0
        },
        "matrix_basis": [
          [
            0.9997919201850891,
            0.016391675919294357,
            -0.012139816768467426,
            0.0
          ],
          [
            -0.0195095706731081,
            0.9421595931053162,
            -0.3345963656902313,
            0.0
          ],
          [
            0.005953049752861261,
            0.3347635865211487,
            0.9422833323478699,
            0.0
          ],
          [
            0.0,
            0.0,
            0.0,
            1.0
          ]
        ],
        "rotation_mode": "QUATERNION"
      },
      "armature_space": {
        "head": {
          "x": 0.6644310355186462,
          "y": -0.35318028926849365,
          "z": 0.5818468332290649
        },
        "tail": {
          "x": 0.6869533658027649,
          "y": -0.36535120010375977,
          "z": 0.5802028179168701
        }
      },
      "world_space": {
        "head": {
          "x": 0.6644310355186462,
          "y": -0.2899363040924072,
          "z": 1.531700849533081
        },
        "tail": {
          "x": 0.6869533658027649,
          "y": -0.30210721492767334,
          "z": 1.5300568342208862
        },
        "rotation_quaternion": {
          "w": 0.028643088415265083,
          "x": 0.8515061140060425,
          "y": 0.5118204355239868,
          "z": -0.11025873571634293
        },
        "matrix": [
          [
            0.4517655372619629,
            0.8779524564743042,
            -0.15845122933387756,
            0.6644310355186462
          ],
          [
            0.8653199076652527,
            -0.47443872690200806,
            -0.16164608299732208,
            -0.2899363040924072
          ],
          [
            -0.21709378063678741,
            -0.06408590078353882,
            -0.9740523099899292,
            1.531700849533081
          ],
          [
            0.0,
            0.0,
            0.0,
            1.0
          ]
        ]
      },
      "bone_length_armature_space": 0.02565325004227484,
      "parent": "index_01_l",
      "has_children": true,
      "is_end_bone": false
    },
    "index_03_l": {
      "name": "index_03_l",
      "local": {
        "location": {
          "x": 0.0,
          "y": 0.0,
          "z": 0.0
        },
        "rotation_quaternion": {
          "w": 0.9786518216133118,
          "x": 0.20548544824123383,
          "y": 0.0039050341583788395,
          "z": 0.0010781001765280962
        },
        "scale": {
          "x": 1.0,
          "y": 1.0,
          "z": 1.0
        },
        "matrix_basis": [
          [
            0.9999671578407288,
            -0.0005053140339441597,
            0.00808640569448471,
            0.0
          ],
          [
            0.003715024795383215,
            0.9155491590499878,
            -0.4021889865398407,
            0.0
          ],
          [
            -0.007200269959867001,
            0.40220582485198975,
            0.915520966053009,
            0.0
          ],
          [
            0.0,
            0.0,
            0.0,
            1.0
          ]
        ],
        "rotation_mode": "QUATERNION"
      },
      "armature_space": {
        "head": {
          "x": 0.6869533658027649,
          "y": -0.3653511703014374,
          "z": 0.5802029371261597
        },
        "tail": {
          "x": 0.7085022330284119,
          "y": -0.37691381573677063,
          "z": 0.5642127394676208
        }
      },
      "world_space": {
        "head": {
          "x": 0.6869533658027649,
          "y": -0.30210715532302856,
          "z": 1.5300569534301758
        },
        "tail": {
          "x": 0.7085022330284119,
          "y": -0.3136698007583618,
          "z": 1.5140666961669922
        },
        "rotation_quaternion": {
          "w": 0.20570462942123413,
          "x": -0.8084082007408142,
          "y": -0.5097267031669617,
          "z": 0.21057181060314178
        },
        "matrix": [
          [
            0.3916745185852051,
            0.7375035881996155,
            -0.5501626133918762,
            0.6869533658027649
          ],
          [
            0.9107661843299866,
            -0.39572814106941223,
            0.11791593581438065,
            -0.30210715532302856
          ],
          [
            -0.13075152039527893,
            -0.547258734703064,
            -0.8266960382461548,
            1.5300569534301758
          ],
          [
            0.0,
            0.0,
            0.0,
            1.0
          ]
        ]
      },
      "bone_length_armature_space": 0.029218742123500126,
      "parent": "index_02_l",
      "has_children": false,
      "is_end_bone": true
    },
    "metacarpal_pinky_l": {
      "name": "metacarpal_pinky_l",
      "local": {
        "location": {
          "x": 0.0,
          "y": 0.0,
          "z": 0.0
        },
        "rotation_quaternion": {
          "w": 0.999625563621521,
          "x": 0.016794605180621147,
          "y": 0.01756787672638893,
          "z": -0.012573068030178547
        },
        "scale": {
          "x": 1.0,
          "y": 1.0,
          "z": 1.0
        },
        "matrix_basis": [
          [
            0.9990665912628174,
            0.025726811960339546,
            0.03470027819275856,
            0.0
          ],
          [
            -0.024546628817915916,
            0.9991196990013123,
            -0.03401839733123779,
            0.0
          ],
          [
            -0.03554491698741913,
            0.03313487023115158,
            0.9988186359405518,
            0.0
          ],
          [
            0.0,
            0.0,
            0.0,
            1.0
          ]
        ],
        "rotation_mode": "QUATERNION"
      },
      "armature_space": {
        "head": {
          "x": 0.5661721229553223,
          "y": -0.24938829243183136,
          "z": 0.5730681419372559
        },
        "tail": {
          "x": 0.6574224233627319,
          "y": -0.28998979926109314,
          "z": 0.602532148361206
        }
      },
      "world_space": {
        "head": {
          "x": 0.5661721229553223,
          "y": -0.18614429235458374,
          "z": 1.522922158241272
        },
        "tail": {
          "x": 0.6574224233627319,
          "y": -0.22674579918384552,
          "z": 1.5523861646652222
        },
        "rotation_quaternion": {
          "w": 0.5462331175804138,
          "x": 0.37067630887031555,
          "y": 0.08169296383857727,
          "z": -0.7466958165168762
        },
        "matrix": [
          [
            -0.1284554898738861,
            0.8763046860694885,
            -0.4643156826496124,
            0.5661721229553223
          ],
          [
            -0.7551769614219666,
            -0.3899088501930237,
            -0.5269528031349182,
            -0.18614429235458374
          ],
          [
            -0.6428171992301941,
            0.28295210003852844,
            0.7118556499481201,
            1.522922158241272
          ],
          [
            0.0,
            0.0,
            0.0,
            1.0
          ]
        ]
      },
      "bone_length_armature_space": 0.10413081749310009,
      "parent": "lowerarm_l",
      "has_children": true,
      "is_end_bone": false
    },
    "pinky_01_l": {
      "name": "pinky_01_l",
      "local": {
        "location": {
          "x": 0.0,
          "y": 0.0,
          "z": 0.0
        },
        "rotation_quaternion": {
          "w": 0.9995672702789307,
          "x": 0.008288017474114895,
          "y": 0.02547484077513218,
          "z": -0.012158742174506187
        },
        "scale": {
          "x": 1.0,
          "y": 1.0,
          "z": 1.0
        },
        "matrix_basis": [
          [
            0.9984064102172852,
            0.024729233235120773,
            0.050726089626550674,
            0.0
          ],
          [
            -0.023884689435362816,
            0.9995669722557068,
            -0.01718834601342678,
            0.0
          ],
          [
            -0.05112917721271515,
            0.015949377790093422,
            0.9985646605491638,
            0.0
          ],
          [
            0.0,
            0.0,
            0.0,
            1.0
          ]
        ],
        "rotation_mode": "QUATERNION"
      },
      "armature_space": {
        "head": {
          "x": 0.6574224233627319,
          "y": -0.28998979926109314,
          "z": 0.602532148361206
        },
        "tail": {
