{
  "metadata": {
    "armature_name": "KIM_caucasian_male",
    "export_time": "2026-01-13T19:11:34.205719",
    "blender_version": "4.4.1",
    "bone_count": 56,
    "end_bone_count": 13,
    "spaces_included": [
      "LOCAL_CHANNELS",
      "ARMATURE_SPACE",
      "WORLD_SPACE"
    ],
    "note": "LOCAL matches Transform panel; replay pose via local.matrix_basis for best fidelity."
  },
  "bones": {
    "Root": {
      "name": "Root",
      "local": {
        "location": {
          "x": 0.0,
          "y": 0.0,
          "z": 0.0
        },
        "rotation_quaternion": {
          "w": 0.9995146989822388,
          "x": -0.00777259049937129,
          "y": 0.013255990110337734,
          "z": -0.027096997946500778
        },
        "scale": {
          "x": 1.0,
          "y": 1.0,
          "z": 1.0
        },
        "matrix_basis": [
          [
            0.998180091381073,
            0.053961627185344696,
            0.026920340955257416,
            0.0
          ],
          [
            -0.054373763501644135,
            0.998410701751709,
            0.014819242060184479,
            0.0
          ],
          [
            -0.026077887043356895,
            -0.01625603251159191,
            0.9995277523994446,
            0.0
          ],
          [
            0.0,
            0.0,
            0.0,
            1.0
          ]
        ],
        "rotation_mode": "QUATERNION"
      },
      "armature_space": {
        "head": {
          "x": 0.0,
          "y": 0.07072800397872925,
          "z": -0.009595036506652832
        },
        "tail": {
          "x": 0.003851558081805706,
          "y": 0.00026838481426239014,
          "z": 0.0011345148086547852
        }
      },
      "world_space": {
        "head": {
          "x": 0.0,
          "y": 0.13397200405597687,
          "z": 0.9402589797973633
        },
        "tail": {
          "x": 0.003851558081805706,
          "y": 0.06351238489151001,
          "z": 0.9509885311126709
        },
        "rotation_quaternion": {
          "w": 0.07508990168571472,
          "x": 0.9967204928398132,
          "y": 0.027928469702601433,
          "z": 0.011400408111512661
        },
        "matrix": [
          [
            0.998180091381073,
            0.053961627185344696,
            0.026920340955257416,
            0.0
          ],
          [
            0.05738586559891701,
            -0.9871630072593689,
            -0.14905095100402832,
            0.13397200405597687
          ],
          [
            0.0185319185256958,
            0.15032462775707245,
            -0.9884700775146484,
            0.9402589797973633
          ],
          [
            0.0,
            0.0,
            0.0,
            1.0
          ]
        ]
      },
      "bone_length_armature_space": 0.07137587627208801,
      "parent": null,
      "has_children": true,
      "is_end_bone": false
    },
    "spine_01": {
      "name": "spine_01",
      "local": {
        "location": {
          "x": 0.0,
          "y": 0.0,
          "z": 0.0
        },
        "rotation_quaternion": {
          "w": 0.9978955984115601,
          "x": 0.030840599909424782,
          "y": -0.030824631452560425,
          "z": -0.04799165949225426
        },
        "scale": {
          "x": 1.0,
          "y": 1.0,
          "z": 1.0
        },
        "matrix_basis": [
          [
            0.9934932589530945,
            0.09388003498315811,
            -0.06447970867156982,
            0.0
          ],
          [
            -0.09768263250589371,
            0.9934912919998169,
            -0.058592747896909714,
            0.0
          ],
          [
            0.058559343218803406,
            0.0645100474357605,
            0.9961974024772644,
            0.0
          ],
          [
            0.0,
            0.0,
            0.0,
            1.0
          ]
        ],
        "rotation_mode": "QUATERNION"
      },
      "armature_space": {
        "head": {
          "x": 0.003851558081805706,
          "y": 0.00026838481426239014,
          "z": 0.0011345148086547852
        },
        "tail": {
          "x": 0.040648866444826126,
          "y": 0.0014097169041633606,
          "z": 0.48774850368499756
        }
      },
      "world_space": {
        "head": {
          "x": 0.003851558081805706,
          "y": 0.06351238489151001,
          "z": 0.9509885311126709
        },
        "tail": {
          "x": 0.040648866444826126,
          "y": 0.06465371698141098,
          "z": 1.4376025199890137
        },
        "rotation_quaternion": {
          "w": 0.707522451877594,
          "x": 0.7056739330291748,
          "y": 0.024106502532958984,
          "z": -0.029243942350149155
        },
        "matrix": [
          [
            0.99712735414505,
            0.07540412992238998,
            -0.0071620941162109375,
            0.003851558081805706
          ],
          [
            -0.0073593780398368835,
            0.002338789403438568,
            -0.9999703168869019,
            0.06351238489151001
          ],
          [
            -0.07538565993309021,
            0.9971573352813721,
            0.0028860904276371002,
            0.9509885311126709
          ],
          [
            0.0,
            0.0,
            0.0,
            1.0
          ]
        ]
      },
      "bone_length_armature_space": 0.48800463095874613,
      "parent": "Root",
      "has_children": true,
      "is_end_bone": false
    },
    "neck_01": {
      "name": "neck_01",
      "local": {
        "location": {
          "x": 0.0,
          "y": 0.0,
          "z": 0.0
        },
        "rotation_quaternion": {
          "w": 0.9947373867034912,
          "x": -0.009852389805018902,
          "y": 0.055719997733831406,
          "z": 0.08541464060544968
        },
        "scale": {
          "x": 1.0,
          "y": 1.0,
          "z": 1.0
        },
        "matrix_basis": [
          [
            0.979199230670929,
            -0.1710282266139984,
            0.10917045176029205,
            0.0
          ],
          [
            0.16883231699466705,
            0.9852145314216614,
            0.029119689017534256,
            0.0
          ],
          [
            -0.11253660917282104,
            -0.01008247397840023,
            0.9935964345932007,
            0.0
          ],
          [
            0.0,
            0.0,
            0.0,
            1.0
          ]
        ],
        "rotation_mode": "QUATERNION"
      },
      "armature_space": {
        "head": {
          "x": 0.0459214523434639,
          "y": -0.03309845179319382,
          "z": 0.5608589053153992
        },
        "tail": {
          "x": 0.03524753823876381,
          "y": -0.07013649493455887,
          "z": 0.6558588743209839
        }
      },
      "world_space": {
        "head": {
          "x": 0.0459214523434639,
          "y": 0.030145548284053802,
          "z": 1.5107128620147705
        },
        "tail": {
          "x": 0.03524753823876381,
          "y": -0.006892494857311249,
          "z": 1.605712890625
        },
        "rotation_quaternion": {
          "w": 0.5646939277648926,
          "x": 0.8228148221969604,
          "y": -0.022021381184458733,
          "z": 0.06009894609451294
        },
        "matrix": [
          [
            0.9918063879013062,
            -0.10411408543586731,
            0.07402929663658142,
            0.0459214523434639
          ],
          [
            0.03163544088602066,
            -0.36127156019210815,
            -0.9319241046905518,
            0.030145548284053802
          ],
          [
            0.12377198040485382,
            0.9266361594200134,
            -0.35502105951309204,
            1.5107128620147705
          ],
          [
            0.0,
            0.0,
            0.0,
            1.0
          ]
        ]
      },
      "bone_length_armature_space": 0.10252191720967883,
      "parent": "spine_01",
      "has_children": true,
      "is_end_bone": false
    },
    "head": {
      "name": "head",
      "local": {
        "location": {
          "x": 0.0,
          "y": 0.0,
          "z": 0.0
        },
        "rotation_quaternion": {
          "w": 0.9813616275787354,
          "x": -0.1259554922580719,
          "y": -0.13721269369125366,
          "z": 0.04730086773633957
        },
        "scale": {
          "x": 1.0,
          "y": 1.0,
          "z": 1.0
        },
        "matrix_basis": [
          [
            0.957870602607727,
            -0.05827312916517258,
            -0.28122615814208984,
            0.0
          ],
          [
            0.12740390002727509,
            0.9637956619262695,
            0.23423521220684052,
            0.0
          ],
          [
            0.257394939661026,
            -0.260196328163147,
            0.9306157827377319,
            0.0
          ],
          [
            0.0,
            0.0,
            0.0,
            1.0
          ]
        ],
        "rotation_mode": "QUATERNION"
      },
      "armature_space": {
        "head": {
          "x": 0.0352475568652153,
          "y": -0.07013661414384842,
          "z": 0.6558587551116943
        },
        "tail": {
          "x": 0.0065343305468559265,
          "y": -0.03005315735936165,
          "z": 0.8029035329818726
        }
      },
      "world_space": {
        "head": {
          "x": 0.0352475568652153,
          "y": -0.0068926140666007996,
          "z": 1.6057127714157104
        },
        "tail": {
          "x": 0.0065343305468559265,
          "y": 0.03319084271788597,
          "z": 1.7527575492858887
        },
        "rotation_quaternion": {
          "w": 0.7747109532356262,
          "x": 0.6087411642074585,
          "y": -0.1704370379447937,
          "z": -0.014434491284191608
        },
        "matrix": [
          [
            0.941486120223999,
            -0.18513886630535126,
            -0.2816515564918518,
            0.0352475568652153
          ],
          [
            -0.22986796498298645,
            0.25845253467559814,
            -0.9382768869400024,
            -0.0068926140666007996
          ],
          [
            0.24650651216506958,
            0.9481240510940552,
            0.2007724493741989,
            1.6057127714157104
          ],
          [
            0.0,
            0.0,
            0.0,
            1.0
          ]
        ]
      },
      "bone_length_armature_space": 0.15509125980608618,
      "parent": "neck_01",
      "has_children": false,
      "is_end_bone": true
    },
    "upperarm_l": {
      "name": "upperarm_l",
      "local": {
        "location": {
          "x": 0.0,
          "y": 0.0,
          "z": 0.0
        },
        "rotation_quaternion": {
          "w": 0.8248350620269775,
          "x": -0.19399672746658325,
          "y": 0.5292078256607056,
          "z": 0.044176798313856125
        },
        "scale": {
          "x": 1.0,
          "y": 1.0,
          "z": 1.0
        },
        "matrix_basis": [
          [
            0.43597498536109924,
            -0.27820631861686707,
            0.8558780550956726,
            0.0
          ],
          [
            -0.13245202600955963,
            0.9208273887634277,
            0.36678802967071533,
            0.0
          ],
          [
            -0.8901586532592773,
            -0.27327319979667664,
            0.3646087050437927,
            0.0
          ],
          [
            0.0,
            0.0,
            0.0,
            1.0
          ]
        ],
        "rotation_mode": "QUATERNION"
      },
      "armature_space": {
        "head": {
          "x": 0.19039997458457947,
          "y": -0.037548575550317764,
          "z": 0.48254358768463135
        },
        "tail": {
          "x": 0.44100624322891235,
          "y": 0.041837286204099655,
          "z": 0.5345248579978943
        }
      },
      "world_space": {
        "head": {
          "x": 0.19039997458457947,
          "y": 0.025695424526929855,
          "z": 1.4323976039886475
        },
        "tail": {
          "x": 0.44100624322891235,
          "y": 0.10508129000663757,
          "z": 1.4843788146972656
        },
        "rotation_quaternion": {
          "w": 0.22320051491260529,
          "x": 0.5914596915245056,
          "y": 0.7735030055046082,
          "z": -0.04527862370014191
        },
        "matrix": [
          [
            -0.20071309804916382,
            0.9352047443389893,
            0.2917301654815674,
            0.19039997458457947
          ],
          [
            0.8947790861129761,
            0.2962496876716614,
            -0.33407652378082275,
            0.025695424526929855
          ],
          [
            -0.3988567292690277,
            0.19398203492164612,
            -0.8962692022323608,
            1.4323976039886475
          ],
          [
            0.0,
            0.0,
            0.0,
            1.0
          ]
        ]
      },
      "bone_length_armature_space": 0.26796952609305696,
      "parent": "spine_01",
      "has_children": true,
      "is_end_bone": false
    },
    "lowerarm_l": {
      "name": "lowerarm_l",
      "local": {
        "location": {
          "x": 0.0,
          "y": 0.0,
          "z": 0.0
        },
        "rotation_quaternion": {
          "w": 0.894361674785614,
          "x": 0.4319457709789276,
          "y": -0.10882662236690521,
          "z": -0.04119562730193138
        },
        "scale": {
          "x": 1.0,
          "y": 1.0,
          "z": 1.0
        },
        "matrix_basis": [
          [
            0.9729193449020386,
            -0.02032681740820408,
            -0.23024927079677582,
            0.0
          ],
          [
            -0.16770197451114655,
            0.6234515309333801,
            -0.7636651396751404,
            0.0
          ],
          [
            0.1590721607208252,
            0.7815978527069092,
            0.6031592488288879,
            0.0
          ],
          [
            0.0,
            0.0,
            0.0,
            1.0
          ]
        ],
        "rotation_mode": "QUATERNION"
      },
      "armature_space": {
        "head": {
          "x": 0.4410063624382019,
          "y": 0.0418371856212616,
          "z": 0.5345248579978943
        },
        "tail": {
          "x": 0.6454756855964661,
          "y": -0.03274766355752945,
          "z": 0.3789641559123993
        }
      },
      "world_space": {
        "head": {
          "x": 0.4410063624382019,
          "y": 0.10508118569850922,
          "z": 1.4843788146972656
        },
        "tail": {
          "x": 0.6454756855964661,
          "y": 0.03049633651971817,
          "z": 1.3288182020187378
        },
        "rotation_quaternion": {
          "w": 0.02212192863225937,
          "x": 0.6181179285049438,
          "y": 0.6000921726226807,
          "z": -0.5072773694992065
        },
        "matrix": [
          [
            -0.23488470911979675,
            0.7643013596534729,
            -0.600560188293457,
            0.4410063624382019
          ],
          [
            0.7194103598594666,
            -0.27879634499549866,
            -0.6361775994300842,
            0.10508118569850922
          ],
          [
            -0.6536690592765808,
            -0.5814821124076843,
            -0.4843652844429016,
            1.4843788146972656
          ],
          [
            0.0,
            0.0,
            0.0,
            1.0
          ]
        ]
      },
      "bone_length_armature_space": 0.2675252047645453,
      "parent": "upperarm_l",
      "has_children": true,
      "is_end_bone": false
    },
    "metacarpal_thumb_l": {
      "name": "metacarpal_thumb_l",
      "local": {
        "location": {
          "x": 0.0,
          "y": 0.0,
          "z": 0.0
        },
        "rotation_quaternion": {
          "w": 0.9994559288024902,
          "x": -0.024669282138347626,
          "y": 0.015417124144732952,
          "z": 0.015544924885034561
        },
        "scale": {
          "x": 1.0,
          "y": 1.0,
          "z": 1.0
        },
        "matrix_basis": [
          [
            0.9990413188934326,
            -0.03183359280228615,
            0.030050508677959442,
            0.0
          ],
          [
            0.030312275514006615,
            0.9982995390892029,
            0.049791038036346436,
            0.0
          ],
          [
            -0.03158443793654442,
            -0.04883240535855293,
            0.998307466506958,
            0.0
          ],
          [
            0.0,
            0.0,
            0.0,
            1.0
          ]
        ],
        "rotation_mode": "QUATERNION"
      },
      "armature_space": {
        "head": {
          "x": 0.6454756855964661,
          "y": -0.03274766355752945,
          "z": 0.3789641559123993
        },
        "tail": {
          "x": 0.6550622582435608,
          "y": -0.058163028210401535,
          "z": 0.337542325258255
        }
      },
      "world_space": {
        "head": {
          "x": 0.6454756855964661,
          "y": 0.03049633651971817,
          "z": 1.3288182020187378
        },
        "tail": {
          "x": 0.6550622582435608,
          "y": 0.005080971866846085,
          "z": 1.2873963117599487
        },
        "rotation_quaternion": {
          "w": 0.46670156717300415,
          "x": -0.8651778697967529,
          "y": -0.16013577580451965,
          "z": 0.08951760828495026
        },
        "matrix": [
          [
            0.9326859712600708,
            0.19353614747524261,
            -0.30436909198760986,
            0.6454756855964661
          ],
          [
            0.36064866185188293,
            -0.5130926966667175,
            0.778889536857605,
            0.03049633651971817
          ],
          [
            -0.005426058545708656,
            -0.8362359404563904,
            -0.5483558773994446,
            1.3288182020187378
          ],
          [
            0.0,
            0.0,
            0.0,
            1.0
          ]
        ]
      },
      "bone_length_armature_space": 0.04953393947164671,
      "parent": "lowerarm_l",
      "has_children": true,
      "is_end_bone": false
    },
    "thumb_01_l": {
      "name": "thumb_01_l",
      "local": {
        "location": {
          "x": 0.0,
          "y": 0.0,
          "z": 0.0
        },
        "rotation_quaternion": {
          "w": 0.9992445111274719,
          "x": -0.03758503869175911,
          "y": 0.009771221317350864,
          "z": 0.0015434997621923685
        },
        "scale": {
          "x": 1.0,
          "y": 1.0,
          "z": 1.0
        },
        "matrix_basis": [
          [
            0.9998042583465576,
            -0.0038191708736121655,
            0.01941165328025818,
            0.0
          ],
          [
            0.0023501638788729906,
            0.9971699714660645,
            0.07514344900846481,
            0.0
          ],
          [
            -0.01964370347559452,
            -0.07508312165737152,
            0.9969837665557861,
            0.0
          ],
          [
            0.0,
            0.0,
            0.0,
            1.0
          ]
        ],
        "rotation_mode": "QUATERNION"
      },
      "armature_space": {
        "head": {
          "x": 0.6550622582435608,
          "y": -0.058163028210401535,
          "z": 0.337542325258255
        },
        "tail": {
          "x": 0.6455237865447998,
          "y": -0.052405208349227905,
          "z": 0.30537861585617065
        }
      },
      "world_space": {
        "head": {
          "x": 0.6550622582435608,
          "y": 0.005080971866846085,
          "z": 1.2873963117599487
        },
        "tail": {
          "x": 0.6455237865447998,
          "y": 0.010838791728019714,
          "z": 1.255232572555542
        },
        "rotation_quaternion": {
          "w": 0.5687249302864075,
          "x": -0.5821239948272705,
          "y": 0.5110082626342773,
          "z": -0.2766845226287842
        },
        "matrix": [
          [
            0.32462939620018005,
            -0.2802247107028961,
            0.9033769369125366,
            0.6550622582435608
          ],
          [
            -0.909656286239624,
            0.1691557615995407,
            0.37935763597488403,
            0.005080971866846085
          ],
          [
            -0.2591193914413452,
            -0.9449195861816406,
            -0.19999638199806213,
            1.2873963117599487
          ],
          [
            0.0,
            0.0,
            0.0,
            1.0
          ]
        ]
      },
      "bone_length_armature_space": 0.034038787970456806,
      "parent": "metacarpal_thumb_l",
      "has_children": true,
      "is_end_bone": false
    },
    "thumb_02_l": {
      "name": "thumb_02_l",
      "local": {
        "location": {
          "x": 0.0,
          "y": 0.0,
          "z": 0.0
        },
        "rotation_quaternion": {
          "w": 0.9950252175331116,
          "x": 0.09929199516773224,
          "y": -0.001270986977033317,
          "z": 0.008024591952562332
        },
        "scale": {
          "x": 1.0,
          "y": 1.0,
          "z": 1.0
        },
        "matrix_basis": [
          [
            0.9998679757118225,
            -0.01622174121439457,
            -0.0009357727249152958,
            0.0
          ],
          [
            0.015716945752501488,
            0.9801533818244934,
            -0.19761647284030914,
            0.0
          ],
          [
            0.0041228835470974445,
            0.1975756734609604,
            0.9802789688110352,
            0.0
          ],
          [
            0.0,
            0.0,
            0.0,
            1.0
          ]
        ],
        "rotation_mode": "QUATERNION"
      },
      "armature_space": {
        "head": {
          "x": 0.645523726940155,
          "y": -0.05240519717335701,
          "z": 0.30537861585617065
        },
        "tail": {
          "x": 0.6754604578018188,
          "y": -0.06399685889482498,
          "z": 0.281241238117218
        }
      },
      "world_space": {
        "head": {
          "x": 0.645523726940155,
          "y": 0.01083880290389061,
          "z": 1.255232572555542
        },
        "tail": {
          "x": 0.6754604578018188,
          "y": -0.0007528588175773621,
          "z": 1.231095314025879
        },
        "rotation_quaternion": {
          "w": 0.5414363741874695,
          "x": -0.19535952806472778,
          "y": 0.2500874996185303,
          "z": -0.7785484790802002
        },
        "matrix": [
          [
            -0.3373606204986572,
            0.7453551292419434,
            0.575007438659668,
            0.645523726940155
          ],
          [
            -0.940783679485321,
            -0.288605272769928,
            -0.17785823345184326,
            0.01083880290389061
          ],
          [
            0.03338206186890602,
            -0.6009644865989685,
            0.7985873222351074,
            1.255232572555542
          ],
          [
            0.0,
            0.0,
            0.0,
            1.0
          ]
        ]
      },
      "bone_length_armature_space": 0.04016450531547918,
      "parent": "thumb_01_l",
      "has_children": true,
      "is_end_bone": false
    },
    "thumb_03_l": {
      "name": "thumb_03_l",
      "local": {
        "location": {
          "x": 0.0,
          "y": 0.0,
          "z": 0.0
        },
        "rotation_quaternion": {
          "w": 0.9958927631378174,
          "x": 0.09028160572052002,
          "y": -0.0068084620870649815,
          "z": -0.0007808040827512741
        },
        "scale": {
          "x": 1.0,
          "y": 1.0,
          "z": 1.0
        },
        "matrix_basis": [
          [
            0.999906063079834,
            0.0003258365031797439,
            -0.01370198093354702,
            0.0
          ],
          [
            -0.002784552052617073,
            0.983697235584259,
            -0.17981095612049103,
            0.0
          ],
          [
            0.013420011848211288,
            0.17983223497867584,
            0.9836057424545288,
            0.0
          ],
          [
            0.0,
            0.0,
            0.0,
            1.0
          ]
        ],
        "rotation_mode": "QUATERNION"
      },
      "armature_space": {
        "head": {
          "x": 0.6754603385925293,
          "y": -0.06399688124656677,
          "z": 0.28124120831489563
        },
        "tail": {
          "x": 0.704276978969574,
          "y": -0.0716753900051117,
          "z": 0.27511486411094666
        }
      },
      "world_space": {
        "head": {
          "x": 0.6754603385925293,
          "y": -0.0007528811693191528,
          "z": 1.2310951948165894
        },
        "tail": {
          "x": 0.704276978969574,
          "y": -0.008431389927864075,
          "z": 1.2249689102172852
        },
        "rotation_quaternion": {
          "w": 0.5788734555244446,
          "x": 0.09355433285236359,
          "y": 0.19697707891464233,
          "z": -0.7857183218002319
        },
        "matrix": [
          [
            -0.31230583786964417,
            0.9465190172195435,
            0.08103697001934052,
            0.6754603385925293
          ],
          [
            -0.8728076815605164,
            -0.2522101402282715,
            -0.41784828901290894,
            -0.0007528811693191528
          ],
          [
            -0.3750663101673126,
            -0.2012278437614441,
            0.9049017429351807,
            1.2310951948165894
          ],
          [
            0.0,
            0.0,
            0.0,
            1.0
          ]
        ]
      },
      "bone_length_armature_space": 0.030444873870641424,
      "parent": "thumb_02_l",
      "has_children": false,
      "is_end_bone": true
    },
    "metacarpal_index_l": {
      "name": "metacarpal_index_l",
      "local": {
        "location": {
          "x": 0.0,
          "y": 0.0,
          "z": 0.0
        },
        "rotation_quaternion": {
          "w": 0.9993603229522705,
          "x": -0.024744627997279167,
          "y": 0.024529222398996353,
          "z": 0.008057028986513615
        },
        "scale": {
          "x": 1.0,
          "y": 1.0,
          "z": 1.0
        },
        "matrix_basis": [
          [
            0.9986668229103088,
            -0.01731768250465393,
            0.04862832650542259,
            0.0
          ],
          [
            0.014889816753566265,
            0.9986456036567688,
            0.04985286295413971,
            0.0
          ],
          [
            -0.049425799399614334,
            -0.0490623340010643,
            0.9975720643997192,
            0.0
          ],
          [
            0.0,
            0.0,
            0.0,
            1.0
          ]
        ],
        "rotation_mode": "QUATERNION"
      },
      "armature_space": {
        "head": {
          "x": 0.6454756855964661,
          "y": -0.03274766355752945,
          "z": 0.3789641559123993
        },
        "tail": {
          "x": 0.7106066942214966,
          "y": -0.08568131923675537,
          "z": 0.29720044136047363
        }
      },
      "world_space": {
        "head": {
          "x": 0.6454756855964661,
          "y": 0.03049633651971817,
          "z": 1.3288182020187378
        },
        "tail": {
          "x": 0.7106066942214966,
          "y": -0.02243731915950775,
          "z": 1.2470544576644897
        },
        "rotation_quaternion": {
          "w": 0.30879315733909607,
          "x": -0.82172030210495,
          "y": -0.42280733585357666,
          "z": 0.22506999969482422
        },
        "matrix": [
          [
            0.5411533117294312,
            0.5558592081069946,
            -0.6310099363327026,
            0.6454756855964661
          ],
          [
            0.8338600397109985,
            -0.4517613351345062,
            0.31715884804725647,
            0.03049633651971817
          ],
          [
            -0.10877017676830292,
            -0.6978110074996948,
            -0.7079854011535645,
            1.3288182020187378
          ],
          [
            0.0,
            0.0,
            0.0,
            1.0
          ]
        ]
      },
      "bone_length_armature_space": 0.11717220246286666,
      "parent": "lowerarm_l",
      "has_children": true,
      "is_end_bone": false
    },
    "index_01_l": {
      "name": "index_01_l",
      "local": {
        "location": {
          "x": 0.0,
          "y": 0.0,
          "z": 0.0
        },
        "rotation_quaternion": {
          "w": 0.9953185319900513,
          "x": -0.09555864334106445,
          "y": -0.014438560232520103,
          "z": -0.0011010401649400592
        },
        "scale": {
          "x": 1.0,
          "y": 1.0,
          "z": 1.0
        },
        "matrix_basis": [
          [
            0.9995806217193604,
            0.00495122978463769,
            -0.028531504794955254,
            0.0
          ],
          [
            0.0005676870932802558,
            0.9817346930503845,
            0.19025437533855438,
            0.0
          ],
          [
            0.028952360153198242,
            -0.19019077718257904,
            0.9813201427459717,
            0.0
          ],
          [
            0.0,
            0.0,
            0.0,
            1.0
          ]
        ],
        "rotation_mode": "QUATERNION"
      },
      "armature_space": {
        "head": {
          "x": 0.7106066942214966,
          "y": -0.08568131923675537,
          "z": 0.29720044136047363
        },
        "tail": {
          "x": 0.7355392575263977,
          "y": -0.09211761504411697,
          "z": 0.28495243191719055
        }
      },
      "world_space": {
        "head": {
          "x": 0.7106066942214966,
          "y": -0.02243731915950775,
          "z": 1.2470544576644897
        },
        "tail": {
          "x": 0.7355392575263977,
          "y": -0.028873614966869354,
          "z": 1.2348064184188843
        },
        "rotation_quaternion": {
          "w": 0.21519653499126434,
          "x": -0.778668224811554,
          "y": -0.5838061571121216,
          "z": 0.08084923028945923
        },
        "matrix": [
          [
            0.3052661120891571,
            0.8743855953216553,
            -0.37717700004577637,
            0.7106066942214966
          ],
          [
            0.9439806342124939,
            -0.225721076130867,
            0.240730419754982,
            -0.02243731915950775
          ],
          [
            0.12535622715950012,
            -0.4295380711555481,
            -0.8943139314651489,
            1.2470544576644897
          ],
          [
            0.0,
            0.0,
            0.0,
            1.0
          ]
        ]
      },
      "bone_length_armature_space": 0.028514423813530074,
      "parent": "metacarpal_index_l",
      "has_children": true,
      "is_end_bone": false
    },
    "index_02_l": {
      "name": "index_02_l",
      "local": {
        "location": {
          "x": 0.0,
          "y": 0.0,
          "z": 0.0
        },
        "rotation_quaternion": {
          "w": 0.9988024830818176,
          "x": 0.04873453080654144,
          "y": 0.002473163651302457,
          "z": 0.0035258298739790916
        },
        "scale": {
          "x": 1.0,
          "y": 1.0,
          "z": 1.0
        },
        "matrix_basis": [
          [
            0.9999629259109497,
            -0.006802158430218697,
            0.005284063518047333,
            0.0
          ],
          [
            0.007284271996468306,
            0.9952250123023987,
            -0.09733489900827408,
            0.0
          ],
          [
            -0.004596744664013386,
            0.09736978262662888,
            0.9952376484870911,
            0.0
          ],
          [
            0.0,
            0.0,
            0.0,
            1.0
          ]
        ],
        "rotation_mode": "QUATERNION"
      },
      "armature_space": {
        "head": {
          "x": 0.7355393767356873,
          "y": -0.09211784601211548,
          "z": 0.28495195508003235
        },
        "tail": {
          "x": 0.7574605345726013,
          "y": -0.09707947820425034,
          "z": 0.2725851833820343
        }
      },
      "world_space": {
        "head": {
          "x": 0.7355393767356873,
          "y": -0.02887384593486786,
          "z": 1.234805941581726
        },
        "tail": {
          "x": 0.7574605345726013,
          "y": -0.033835478127002716,
          "z": 1.222439169883728
        },
        "rotation_quaternion": {
          "w": 0.22177548706531525,
          "x": -0.7629794478416443,
          "y": -0.5950711965560913,
          "z": 0.12069974094629288
        },
        "matrix": [
          [
            0.262641966342926,
            0.8545174598693848,
            -0.44812846183776855,
            0.7355393767356873
          ],
          [
            0.9615914821624756,
            -0.19341129064559937,
            0.19476760923862457,
            -0.02887384593486786
          ],
          [
            0.07976073771715164,
            -0.48207440972328186,
            -0.8725004196166992,
            1.234805941581726
          ],
          [
            0.0,
            0.0,
            0.0,
            1.0
          ]
        ]
      },
      "bone_length_armature_space": 0.02565330387819244,
      "parent": "index_01_l",
      "has_children": true,
      "is_end_bone": false
    },
    "index_03_l": {
      "name": "index_03_l",
      "local": {
        "location": {
          "x": 0.0,
          "y": 0.0,
          "z": 0.0
        },
        "rotation_quaternion": {
          "w": 0.9999539256095886,
          "x": 0.009150190278887749,
          "y": 0.0005913528148084879,
          "z": -0.0028355426620692015
        },
        "scale": {
          "x": 1.0,
          "y": 1.0,
          "z": 1.0
        },
        "matrix_basis": [
          [
            0.9999831914901733,
            0.005681646056473255,
            0.0011307595996186137,
            0.0
          ],
          [
            -0.0056600021198391914,
            0.9998164772987366,
            -0.01830289140343666,
            0.0
          ],
          [
            -0.0012345426948741078,
            0.01829618401825428,
            0.9998318552970886,
            0.0
          ],
          [
            0.0,
            0.0,
            0.0,
            1.0
          ]
        ],
        "rotation_mode": "QUATERNION"
      },
      "armature_space": {
        "head": {
          "x": 0.7574605941772461,
          "y": -0.09707953035831451,
          "z": 0.27258530259132385
        },
        "tail": {
          "x": 0.7815322875976562,
          "y": -0.0993279293179512,
          "z": 0.25617700815200806
        }
      },
      "world_space": {
        "head": {
          "x": 0.7574605941772461,
          "y": -0.033835530281066895,
          "z": 1.2224392890930176
        },
        "tail": {
          "x": 0.7815322875976562,
          "y": -0.03608392924070358,
          "z": 1.206031084060669
        },
        "rotation_quaternion": {
          "w": 0.2899024486541748,
          "x": -0.7247357964515686,
          "y": -0.6143946051597595,
          "z": 0.11503905802965164
        },
        "matrix": [
          [
            0.21856804192066193,
            0.8238468766212463,
            -0.5229765176773071,
            0.7574605941772461
          ],
          [
            0.9572489261627197,
            -0.07695062458515167,
            0.2788432538509369,
            -0.033835530281066895
          ],
          [
            0.18948304653167725,
            -0.561569094657898,
            -0.8054506182670593,
            1.2224392890930176
          ],
          [
            0.0,
            0.0,
            0.0,
            1.0
          ]
        ]
      },
      "bone_length_armature_space": 0.02921872430323006,
      "parent": "index_02_l",
      "has_children": false,
      "is_end_bone": true
    },
    "metacarpal_pinky_l": {
      "name": "metacarpal_pinky_l",
      "local": {
        "location": {
          "x": 0.0,
          "y": 0.0,
          "z": 0.0
        },
        "rotation_quaternion": {
          "w": 0.9993472099304199,
          "x": -0.031547389924526215,
          "y": -0.010930486023426056,
          "z": -0.013801325112581253
        },
        "scale": {
          "x": 1.0,
          "y": 1.0,
          "z": 1.0
        },
        "matrix_basis": [
          [
            0.9993801116943359,
            0.028274288401007652,
            -0.020975910127162933,
            0.0
          ],
          [
            -0.02689497545361519,
            0.9976285696029663,
            0.06335530430078506,
            0.0
          ],
          [
            0.022717492654919624,
            -0.0627518817782402,
            0.9977705478668213,
            0.0
          ],
          [
            0.0,
            0.0,
            0.0,
            1.0
          ]
        ],
        "rotation_mode": "QUATERNION"
      },
      "armature_space": {
        "head": {
          "x": 0.6454756855964661,
          "y": -0.03274766355752945,
          "z": 0.3789641559123993
        },
        "tail": {
          "x": 0.7378730773925781,
          "y": -0.03552123159170151,
          "z": 0.33102384209632874
        }
      },
      "world_space": {
        "head": {
          "x": 0.6454756855964661,
          "y": 0.03049633651971817,
          "z": 1.3288182020187378
        },
        "tail": {
          "x": 0.7378730773925781,
          "y": 0.027722768485546112,
          "z": 1.2808778285980225
        },
        "rotation_quaternion": {
          "w": 0.5015531182289124,
          "x": 0.20480932295322418,
          "y": 0.4848984181880951,
          "z": -0.6865648031234741
        },
        "matrix": [
          [
            -0.41299375891685486,
            0.8873211145401001,
            0.2051764875650406,
            0.6454756855964661
          ],
          [
            -0.4900771677494049,
            -0.026635419577360153,
            -0.8712723255157471,
            0.03049633651971817
          ],
          [
            -0.7676392197608948,
            -0.4603857696056366,
            0.44585803151130676,
            1.3288182020187378
          ],
          [
            0.0,
            0.0,
            0.0,
            1.0
          ]
        ]
      },
      "bone_length_armature_space": 0.10413089777305497,
      "parent": "lowerarm_l",
      "has_children": true,
      "is_end_bone": false
    },
    "pinky_01_l": {
      "name": "pinky_01_l",
      "local": {
        "location": {
          "x": 0.0,
          "y": 0.0,
          "z": 0.0
        },
        "rotation_quaternion": {
          "w": 0.9678115844726562,
          "x": 0.25032269954681396,
          "y": -0.014048382639884949,
          "z": -0.021953584626317024
        },
        "scale": {
          "x": 1.0,
          "y": 1.0,
          "z": 1.0
        },
        "matrix_basis": [
          [
            0.9986413717269897,
            0.03546060994267464,
            -0.03818333521485329,
            0.0
          ],
          [
            -0.0495271235704422,
            0.8737131953239441,
            -0.4839136004447937,
            0.0
          ],
          [
            0.016201414167881012,
            0.48514723777770996,
            0.8742823600769043,
            0.0
          ],
          [
            0.0,
            0.0,
            0.0,
            1.0
          ]
        ],
        "rotation_mode": "QUATERNION"
      },
      "armature_space": {
        "head": {
          "x": 0.7378730773925781,
          "y": -0.03552123159170151,
          "z": 0.33102384209632874
