{
  "metadata": {
    "armature_name": "KIM_caucasian_male",
    "export_time": "2026-01-13T20:26:01.338654",
    "blender_version": "4.4.1",
    "bone_count": 56,
    "end_bone_count": 13,
    "spaces_included": [
      "LOCAL_CHANNELS",
      "ARMATURE_SPACE",
      "WORLD_SPACE"
    ],
    "note": "LOCAL matches Transform panel; replay pose via local.matrix_basis for best fidelity."
  },
  "bones": {
    "Root": {
      "name": "Root",
      "local": {
        "location": {
          "x": 0.0,
          "y": 0.0,
          "z": 0.0
        },
        "rotation_quaternion": {
          "w": 0.999672532081604,
          "x": -0.0005578661803156137,
          "y": -0.018360000103712082,
          "z": -0.017816685140132904
        },
        "scale": {
          "x": 1.0,
          "y": 1.0,
          "z": 1.0
        },
        "matrix_basis": [
          [
            0.9986909627914429,
            0.03564218804240227,
            -0.036688096821308136,
            0.0
          ],
          [
            -0.03560121729969978,
            0.9993644952774048,
            0.0017695956630632281,
            0.0
          ],
          [
            0.03672785311937332,
            -0.0004611383192241192,
            0.9993252158164978,
            0.0
          ],
          [
            0.0,
            0.0,
            0.0,
            1.0
          ]
        ],
        "rotation_mode": "QUATERNION"
      },
      "armature_space": {
        "head": {
          "x": 0.0,
          "y": 0.07072800397872925,
          "z": -0.009595036506652832
        },
        "tail": {
          "x": 0.002543992130085826,
          "y": 4.937499761581421e-05,
          "z": 2.6518478989601135e-05
        }
      },
      "world_space": {
        "head": {
          "x": 0.0,
          "y": 0.13397200405597687,
          "z": 0.9402589797973633
        },
        "tail": {
          "x": 0.002543992130085826,
          "y": 0.06329337507486343,
          "z": 0.9498805403709412
        },
        "rotation_quaternion": {
          "w": 0.06790219247341156,
          "x": 0.9973639249801636,
          "y": 0.016539335250854492,
          "z": -0.01951856166124344
        },
        "matrix": [
          [
            0.9986909627914429,
            0.03564218804240227,
            -0.036688096821308136,
            0.0
          ],
          [
            0.030340757220983505,
            -0.990231454372406,
            -0.13609251379966736,
            0.13397200405597687
          ],
          [
            -0.041180599480867386,
            0.1348012238740921,
            -0.990023672580719,
            0.9402589797973633
          ],
          [
            0.0,
            0.0,
            0.0,
            1.0
          ]
        ]
      },
      "bone_length_armature_space": 0.07137586956962409,
      "parent": null,
      "has_children": true,
      "is_end_bone": false
    },
    "spine_01": {
      "name": "spine_01",
      "local": {
        "location": {
          "x": 0.0,
          "y": 0.0,
          "z": 0.0
        },
        "rotation_quaternion": {
          "w": 0.9961403012275696,
          "x": 0.04895952716469765,
          "y": -0.028013281524181366,
          "z": -0.06725170463323593
        },
        "scale": {
          "x": 1.0,
          "y": 1.0,
          "z": 1.0
        },
        "matrix_basis": [
          [
            0.9893849492073059,
            0.13124123215675354,
            -0.06239553913474083,
            0.0
          ],
          [
            -0.13672730326652527,
            0.9861603379249573,
            -0.09377323091030121,
            0.0
          ],
          [
            0.0492250956594944,
            0.10130900144577026,
            0.993636429309845,
            0.0
          ],
          [
            0.0,
            0.0,
            0.0,
            1.0
          ]
        ],
        "rotation_mode": "QUATERNION"
      },
      "armature_space": {
        "head": {
          "x": 0.002543992130085826,
          "y": 4.937499761581421e-05,
          "z": 2.6518478989601135e-05
        },
        "tail": {
          "x": 0.08719827234745026,
          "y": -0.02404647506773472,
          "z": 0.48002809286117554
        }
      },
      "world_space": {
        "head": {
          "x": 0.002543992130085826,
          "y": 0.06329337507486343,
          "z": 0.9498805403709412
        },
        "tail": {
          "x": 0.08719827234745026,
          "y": 0.03919752687215805,
          "z": 1.4298820495605469
        },
        "rotation_quaternion": {
          "w": 0.6875216960906982,
          "x": 0.7207221984863281,
          "y": 0.0512399896979332,
          "z": -0.07244265824556351
        },
        "matrix": [
          [
            0.9842531085014343,
            0.17347145080566406,
            -0.03396369889378548,
            0.002543992130085826
          ],
          [
            -0.025751061737537384,
            -0.04937661811709404,
            -0.9984482526779175,
            0.06329337507486343
          ],
          [
            -0.1748805195093155,
            0.983607292175293,
            -0.04413323849439621,
            0.9498805403709412
          ],
          [
            0.0,
            0.0,
            0.0,
            1.0
          ]
        ]
      },
      "bone_length_armature_space": 0.4880045676724659,
      "parent": "Root",
      "has_children": true,
      "is_end_bone": false
    },
    "neck_01": {
      "name": "neck_01",
      "local": {
        "location": {
          "x": 0.0,
          "y": 0.0,
          "z": 0.0
        },
        "rotation_quaternion": {
          "w": 0.9979946613311768,
          "x": 0.004781430587172508,
          "y": -0.03925977274775505,
          "z": -0.049422722309827805
        },
        "scale": {
          "x": 1.0,
          "y": 1.0,
          "z": 1.0
        },
        "matrix_basis": [
          [
            0.9920321106910706,
            0.09827178716659546,
            -0.07883471250534058,
            0.0
          ],
          [
            -0.09902266412973404,
            0.9950690865516663,
            -0.0056630345061421394,
            0.0
          ],
          [
            0.07788946479558945,
            0.013424334116280079,
            0.9968715906143188,
            0.0
          ],
          [
            0.0,
            0.0,
            0.0,
            1.0
          ]
        ],
        "rotation_mode": "QUATERNION"
      },
      "armature_space": {
        "head": {
          "x": 0.0987217128276825,
          "y": -0.06228838115930557,
          "z": 0.5505157113075256
        },
        "tail": {
          "x": 0.12355375289916992,
          "y": -0.10716426372528076,
          "z": 0.6392865180969238
        }
      },
      "world_space": {
        "head": {
          "x": 0.0987217128276825,
          "y": 0.0009556189179420471,
          "z": 1.5003697872161865
        },
        "tail": {
          "x": 0.12355375289916992,
          "y": -0.04392026364803314,
          "z": 1.58914053440094
        },
        "rotation_quaternion": {
          "w": 0.527277410030365,
          "x": 0.8360239863395691,
          "y": 0.055833108723163605,
          "z": -0.14115683734416962
        },
        "matrix": [
          [
            0.953914999961853,
            0.24221333861351013,
            -0.1771407425403595,
            0.0987217128276825
          ],
          [
            -0.05550088733434677,
            -0.4377223551273346,
            -0.8973957300186157,
            0.0009556189179420471
          ],
          [
            -0.2949017584323883,
            0.865876317024231,
            -0.4041105806827545,
            1.5003697872161865
          ],
          [
            0.0,
            0.0,
            0.0,
            1.0
          ]
        ]
      },
      "bone_length_armature_space": 0.10252185915638472,
      "parent": "spine_01",
      "has_children": true,
      "is_end_bone": false
    },
    "head": {
      "name": "head",
      "local": {
        "location": {
          "x": 0.0,
          "y": 0.0,
          "z": 0.0
        },
        "rotation_quaternion": {
          "w": 0.9857067465782166,
          "x": -0.11785192787647247,
          "y": 0.008665790781378746,
          "z": 0.12007573246955872
        },
        "scale": {
          "x": 1.0,
          "y": 1.0,
          "z": 1.0
        },
        "matrix_basis": [
          [
            0.9710134267807007,
            -0.23876148462295532,
            -0.01121845655143261,
            0.0
          ],
          [
            0.23467636108398438,
            0.9433854818344116,
            0.23441597819328308,
            0.0
          ],
          [
            -0.045386169105768204,
            -0.23025378584861755,
            0.972071647644043,
            0.0
          ],
          [
            0.0,
            0.0,
            0.0,
            1.0
          ]
        ],
        "rotation_mode": "QUATERNION"
      },
      "armature_space": {
        "head": {
          "x": 0.12355370074510574,
          "y": -0.10716436803340912,
          "z": 0.6392863988876343
        },
        "tail": {
          "x": 0.13342927396297455,
          "y": -0.0817154198884964,
          "z": 0.7919564247131348
        }
      },
      "world_space": {
        "head": {
          "x": 0.12355370074510574,
          "y": -0.0439203679561615,
          "z": 1.5891404151916504
        },
        "tail": {
          "x": 0.13342927396297455,
          "y": -0.01847141981124878,
          "z": 1.7418104410171509
        },
        "rotation_quaternion": {
          "w": 0.762816309928894,
          "x": 0.6457436680793762,
          "y": 0.012518277391791344,
          "z": -0.031140562146902084
        },
        "matrix": [
          [
            0.9977471232414246,
            0.06367631256580353,
            -0.021119698882102966,
            0.12355370074510574
          ],
          [
            -0.03134225681424141,
            0.16409122943878174,
            -0.98594731092453,
            -0.0439203679561615
          ],
          [
            -0.05931628495454788,
            0.9843951463699341,
            0.16571752727031708,
            1.5891404151916504
          ],
          [
            0.0,
            0.0,
            0.0,
            1.0
          ]
        ]
      },
      "bone_length_armature_space": 0.1550913063682642,
      "parent": "neck_01",
      "has_children": false,
      "is_end_bone": true
    },
    "upperarm_l": {
      "name": "upperarm_l",
      "local": {
        "location": {
          "x": 0.0,
          "y": 0.0,
          "z": 0.0
        },
        "rotation_quaternion": {
          "w": 0.8303841352462769,
          "x": 0.4537838399410248,
          "y": -0.29666945338249207,
          "z": -0.1285681575536728
        },
        "scale": {
          "x": 1.0,
          "y": 1.0,
          "z": 1.0
        },
        "matrix_basis": [
          [
            0.7909149527549744,
            -0.055725689977407455,
            -0.6093835234642029,
            0.0
          ],
          [
            -0.48276951909065247,
            0.5551009178161621,
            -0.677345335483551,
            0.0
          ],
          [
            0.37601491808891296,
            0.8299142718315125,
            0.41213491559028625,
            0.0
          ],
          [
            0.0,
            0.0,
            0.0,
            1.0
          ]
        ],
        "rotation_mode": "QUATERNION"
      },
      "armature_space": {
        "head": {
          "x": 0.2345927506685257,
          "y": -0.06601673364639282,
          "z": 0.4580368995666504
        },
        "tail": {
          "x": 0.38334590196609497,
          "y": -0.28673192858695984,
          "z": 0.4269731342792511
        }
      },
      "world_space": {
        "head": {
          "x": 0.2345927506685257,
          "y": -0.0027727335691452026,
          "z": 1.4078909158706665
        },
        "tail": {
          "x": 0.38334590196609497,
          "y": -0.22348792850971222,
          "z": 1.3768271207809448
        },
        "rotation_quaternion": {
          "w": 0.24759769439697266,
          "x": 0.3532123863697052,
          "y": 0.16390913724899292,
          "z": -0.8871698379516602
        },
        "matrix": [
          [
            -0.627872884273529,
            0.5551124215126038,
            -0.5455511212348938,
            0.2345927506685257
          ],
          [
            -0.3235337734222412,
            -0.8236581087112427,
            -0.46573972702026367,
            -0.0027727335691452026
          ],
          [
            -0.7078907489776611,
            -0.11592274904251099,
            0.6967546939849854,
            1.4078909158706665
          ],
          [
            0.0,
            0.0,
            0.0,
            1.0
          ]
        ]
      },
      "bone_length_armature_space": 0.2679695017646999,
      "parent": "spine_01",
      "has_children": true,
      "is_end_bone": false
    },
    "lowerarm_l": {
      "name": "lowerarm_l",
      "local": {
        "location": {
          "x": 0.0,
          "y": 0.0,
          "z": 0.0
        },
        "rotation_quaternion": {
          "w": 0.9203042984008789,
          "x": 0.2315220981836319,
          "y": 0.1584049016237259,
          "z": -0.27266356348991394
        },
        "scale": {
          "x": 1.0,
          "y": 1.0,
          "z": 1.0
        },
        "matrix_basis": [
          [
            0.8011249303817749,
            0.5752153396606445,
            0.16530613601207733,
            0.0
          ],
          [
            -0.4285184144973755,
            0.7441042065620422,
            -0.5125240683555603,
            0.0
          ],
          [
            -0.417816698551178,
            0.33975908160209656,
            0.8426108360290527,
            0.0
          ],
          [
            0.0,
            0.0,
            0.0,
            1.0
          ]
        ],
        "rotation_mode": "QUATERNION"
      },
      "armature_space": {
        "head": {
          "x": 0.3833460211753845,
          "y": -0.2867319881916046,
          "z": 0.42697325348854065
        },
        "tail": {
          "x": 0.3389976918697357,
          "y": -0.5499622225761414,
          "z": 0.409297376871109
        }
      },
      "world_space": {
        "head": {
          "x": 0.3833460211753845,
          "y": -0.223487988114357,
          "z": 1.3768272399902344
        },
        "tail": {
          "x": 0.3389976918697357,
          "y": -0.48671823740005493,
          "z": 1.3591513633728027
        },
        "rotation_quaternion": {
          "w": 0.08904962241649628,
          "x": -0.46774476766586304,
          "y": 0.009799529798328876,
          "z": 0.8793116211891174
        },
        "matrix": [
          [
            -0.5465699434280396,
            -0.1657729595899582,
            -0.8208414912223816,
            0.3833460211753845
          ],
          [
            0.1474372297525406,
            -0.9839481711387634,
            0.10053959488868713,
            -0.223487988114357
          ],
          [
            -0.8243380188941956,
            -0.06607198715209961,
            0.5622419118881226,
            1.3768272399902344
          ],
          [
            0.0,
            0.0,
            0.0,
            1.0
          ]
        ]
      },
      "bone_length_armature_space": 0.2675245119945594,
      "parent": "upperarm_l",
      "has_children": true,
      "is_end_bone": false
    },
    "metacarpal_thumb_l": {
      "name": "metacarpal_thumb_l",
      "local": {
        "location": {
          "x": 0.0,
          "y": 0.0,
          "z": 0.0
        },
        "rotation_quaternion": {
          "w": 0.9998514652252197,
          "x": -0.00808523315936327,
          "y": -0.0077770124189555645,
          "z": -0.013085979036986828
        },
        "scale": {
          "x": 1.0,
          "y": 1.0,
          "z": 1.0
        },
        "matrix_basis": [
          [
            0.9995365738868713,
            0.026293829083442688,
            -0.015340108424425125,
            0.0
          ],
          [
            -0.026042312383651733,
            0.9995267987251282,
            0.016371604055166245,
            0.0
          ],
          [
            0.01576332002878189,
            -0.015964524820446968,
            0.9997482895851135,
            0.0
          ],
          [
            0.0,
            0.0,
            0.0,
            1.0
          ]
        ],
        "rotation_mode": "QUATERNION"
      },
      "armature_space": {
        "head": {
          "x": 0.3389976918697357,
          "y": -0.5499622225761414,
          "z": 0.409297376871109
        },
        "tail": {
          "x": 0.30474966764450073,
          "y": -0.5851931571960449,
          "z": 0.41557741165161133
        }
      },
      "world_space": {
        "head": {
          "x": 0.3389976918697357,
          "y": -0.48671823740005493,
          "z": 1.3591513633728027
        },
        "tail": {
          "x": 0.30474966764450073,
          "y": -0.5219491720199585,
          "z": 1.3654314279556274
        },
        "rotation_quaternion": {
          "w": 0.0560428611934185,
          "x": -0.8752726316452026,
          "y": 0.3758094012737274,
          "z": 0.2992064356803894
        },
        "matrix": [
          [
            0.5384854078292847,
            -0.6914090514183044,
            -0.4816504418849945,
            0.3389976918697357
          ],
          [
            -0.6243348121643066,
            -0.7112522125244141,
            0.3229956328868866,
            -0.48671823740005493
          ],
          [
            -0.5659018158912659,
            0.1267831027507782,
            -0.8146752119064331,
            1.3591513633728027
          ],
          [
            0.0,
            0.0,
            0.0,
            1.0
          ]
        ]
      },
      "bone_length_armature_space": 0.04953367349289027,
      "parent": "lowerarm_l",
      "has_children": true,
      "is_end_bone": false
    },
    "thumb_01_l": {
      "name": "thumb_01_l",
      "local": {
        "location": {
          "x": 0.0,
          "y": 0.0,
          "z": 0.0
        },
        "rotation_quaternion": {
          "w": 0.9842871427536011,
          "x": 0.17636442184448242,
          "y": -0.006521120201796293,
          "z": -0.005651313811540604
        },
        "scale": {
          "x": 1.0,
          "y": 1.0,
          "z": 1.0
        },
        "matrix_basis": [
          [
            0.9998510479927063,
            0.008824843913316727,
            -0.014830690808594227,
            0.0
          ],
          [
            -0.013425217941403389,
            0.9377273321151733,
            -0.3471127450466156,
            0.0
          ],
          [
            0.010843927972018719,
            0.34726017713546753,
            0.9377061128616333,
            0.0
          ],
          [
            0.0,
            0.0,
            0.0,
            1.0
          ]
        ],
        "rotation_mode": "QUATERNION"
      },
      "armature_space": {
        "head": {
          "x": 0.30474966764450073,
          "y": -0.5851931571960449,
          "z": 0.41557741165161133
        },
        "tail": {
          "x": 0.2817799746990204,
          "y": -0.598041296005249,
          "z": 0.39399152994155884
        }
      },
      "world_space": {
        "head": {
          "x": 0.30474966764450073,
          "y": -0.5219491720199585,
          "z": 1.3654314279556274
        },
        "tail": {
          "x": 0.2817799746990204,
          "y": -0.5347973108291626,
          "z": 1.3438456058502197
        },
        "rotation_quaternion": {
          "w": 0.0346231572329998,
          "x": -0.6388646364212036,
          "y": 0.5568400621414185,
          "z": -0.5297003984451294
        },
        "matrix": [
          [
            -0.1813090294599533,
            -0.6748136281967163,
            0.7153697609901428,
            0.30474966764450073
          ],
          [
            -0.7481698989868164,
            -0.37745773792266846,
            -0.5456807613372803,
            -0.5219491720199585
          ],
          [
            0.6382585167884827,
            -0.6341598033905029,
            -0.436442494392395,
            1.3654314279556274
          ],
          [
            0.0,
            0.0,
            0.0,
            1.0
          ]
        ]
      },
      "bone_length_armature_space": 0.03403868050501273,
      "parent": "metacarpal_thumb_l",
      "has_children": true,
      "is_end_bone": false
    },
    "thumb_02_l": {
      "name": "thumb_02_l",
      "local": {
        "location": {
          "x": 0.0,
          "y": 0.0,
          "z": 0.0
        },
        "rotation_quaternion": {
          "w": 0.9185471534729004,
          "x": 0.39515313506126404,
          "y": -0.002317887032404542,
          "z": -0.010955027304589748
        },
        "scale": {
          "x": 1.0,
          "y": 1.0,
          "z": 1.0
        },
        "matrix_basis": [
          [
            0.9997492432594299,
            0.018293578177690506,
            -0.012916004285216331,
            0.0
          ],
          [
            -0.021957259625196457,
            0.6874679923057556,
            -0.7258827686309814,
            0.0
          ],
          [
            -0.004399649798870087,
            0.7259843349456787,
            0.6876972317695618,
            0.0
          ],
          [
            0.0,
            0.0,
            0.0,
            1.0
          ]
        ],
        "rotation_mode": "QUATERNION"
      },
      "armature_space": {
        "head": {
          "x": 0.281779944896698,
          "y": -0.5980412364006042,
          "z": 0.39399152994155884
        },
        "tail": {
          "x": 0.3053380846977234,
          "y": -0.6284141540527344,
          "z": 0.4056397080421448
        }
      },
      "world_space": {
        "head": {
          "x": 0.281779944896698,
          "y": -0.5347972512245178,
          "z": 1.3438456058502197
        },
        "tail": {
          "x": 0.3053380846977234,
          "y": -0.565170168876648,
          "z": 1.3554937839508057
        },
        "rotation_quaternion": {
          "w": 0.20918993651866913,
          "x": -0.4236670732498169,
          "y": -0.27952098846435547,
          "z": -0.8358312845230103
        },
        "matrix": [
          [
            -0.5534918904304504,
            0.586543083190918,
            0.5912820100784302,
            0.281779944896698
          ],
          [
            -0.11284779012203217,
            -0.7562150359153748,
            0.6445187926292419,
            -0.5347972512245178
          ],
          [
            0.8251801133155823,
            0.29001230001449585,
            0.484752893447876,
            1.3438456058502197
          ],
          [
            0.0,
            0.0,
            0.0,
            1.0
          ]
        ]
      },
      "bone_length_armature_space": 0.04016441365149067,
      "parent": "thumb_01_l",
      "has_children": true,
      "is_end_bone": false
    },
    "thumb_03_l": {
      "name": "thumb_03_l",
      "local": {
        "location": {
          "x": 0.0,
          "y": 0.0,
          "z": 0.0
        },
        "rotation_quaternion": {
          "w": 0.9866610765457153,
          "x": 0.16261453926563263,
          "y": -0.007395011838525534,
          "z": 0.001397174084559083
        },
        "scale": {
          "x": 1.0,
          "y": 1.0,
          "z": 1.0
        },
        "matrix_basis": [
          [
            0.9998867511749268,
            -0.005162147339433432,
            -0.014138339087367058,
            0.0
          ],
          [
            0.00035200169077143073,
            0.9471091032028198,
            -0.3209115266799927,
            0.0
          ],
          [
            0.015047142282128334,
            0.32087022066116333,
            0.9470036625862122,
            0.0
          ],
          [
            0.0,
            0.0,
            0.0,
            1.0
          ]
        ],
        "rotation_mode": "QUATERNION"
      },
      "armature_space": {
        "head": {
          "x": 0.3053380250930786,
          "y": -0.6284142136573792,
          "z": 0.4056397080421448
        },
        "tail": {
          "x": 0.33068931102752686,
          "y": -0.6368018984794617,
          "z": 0.4202634394168854
        }
      },
      "world_space": {
        "head": {
          "x": 0.3053380250930786,
          "y": -0.5651702284812927,
          "z": 1.3554937839508057
        },
        "tail": {
          "x": 0.33068931102752686,
          "y": -0.5735579133033752,
          "z": 1.370117425918579
        },
        "rotation_quaternion": {
          "w": 0.4299270808696747,
          "x": -0.1990683227777481,
          "y": -0.421200692653656,
          "z": -0.7733851671218872
        },
        "matrix": [
          [
            -0.5510682463645935,
            0.832694411277771,
            -0.05426034331321716,
            0.3053380250930786
          ],
          [
            -0.49730491638183594,
            -0.27550387382507324,
            0.8226699233055115,
            -0.5651702284812927
          ],
          [
            0.670087993144989,
            0.48033425211906433,
            0.5659292936325073,
            1.3554937839508057
          ],
          [
            0.0,
            0.0,
            0.0,
            1.0
          ]
        ]
      },
      "bone_length_armature_space": 0.030444942101621127,
      "parent": "thumb_02_l",
      "has_children": false,
      "is_end_bone": true
    },
    "metacarpal_index_l": {
      "name": "metacarpal_index_l",
      "local": {
        "location": {
          "x": 0.0,
          "y": 0.0,
          "z": 0.0
        },
        "rotation_quaternion": {
          "w": 0.9996441602706909,
          "x": -0.024562478065490723,
          "y": -0.0008496622322127223,
          "z": 0.010372176766395569
        },
        "scale": {
          "x": 1.0,
          "y": 1.0,
          "z": 1.0
        },
        "matrix_basis": [
          [
            0.9997833967208862,
            -0.02069523185491562,
            -0.002208252437412739,
            0.0
          ],
          [
            0.020778711885213852,
            0.9985781908035278,
            0.04908984899520874,
            0.0
          ],
          [
            0.0011891870526596904,
            -0.049125101417303085,
            0.9987919330596924,
            0.0
          ],
          [
            0.0,
            0.0,
            0.0,
            1.0
          ]
        ],
        "rotation_mode": "QUATERNION"
      },
      "armature_space": {
        "head": {
          "x": 0.3389976918697357,
          "y": -0.5499622225761414,
          "z": 0.409297376871109
        },
        "tail": {
          "x": 0.2922356426715851,
          "y": -0.656712532043457,
          "z": 0.4214172661304474
        }
      },
      "world_space": {
        "head": {
          "x": 0.3389976918697357,
          "y": -0.48671823740005493,
          "z": 1.3591513633728027
        },
        "tail": {
          "x": 0.2922356426715851,
          "y": -0.5934685468673706,
          "z": 1.3712712526321411
        },
        "rotation_quaternion": {
          "w": 0.07572391629219055,
          "x": -0.7950707077980042,
          "y": 0.1968153417110443,
          "z": 0.5686758160591125
        },
        "matrix": [
          [
            0.2757429778575897,
            -0.39908984303474426,
            -0.8744673728942871,
            0.3389976918697357
          ],
          [
            -0.22684010863304138,
            -0.911058783531189,
            0.344260573387146,
            -0.48671823740005493
          ],
          [
            -0.934089183807373,
            0.10343686491250992,
            -0.34174978733062744,
            1.3591513633728027
          ],
          [
            0.0,
            0.0,
            0.0,
            1.0
          ]
        ]
      },
      "bone_length_armature_space": 0.11717170978996422,
      "parent": "lowerarm_l",
      "has_children": true,
      "is_end_bone": false
    },
    "index_01_l": {
      "name": "index_01_l",
      "local": {
        "location": {
          "x": 0.0,
          "y": 0.0,
          "z": 0.0
        },
        "rotation_quaternion": {
          "w": 0.975716769695282,
          "x": 0.21868613362312317,
          "y": 0.0072250328958034515,
          "z": -0.010050601325929165
        },
        "scale": {
          "x": 1.0,
          "y": 1.0,
          "z": 1.0
        },
        "matrix_basis": [
          [
            0.9996935725212097,
            0.02277310937643051,
            0.009703317657113075,
            0.0
          ],
          [
            -0.016453051939606667,
            0.9041507244110107,
            -0.42689669132232666,
            0.0
          ],
          [
            -0.018495025113224983,
            0.4266062378883362,
            0.9042483568191528,
            0.0
          ],
          [
            0.0,
            0.0,
            0.0,
            1.0
          ]
        ],
        "rotation_mode": "QUATERNION"
      },
      "armature_space": {
        "head": {
          "x": 0.2922356426715851,
          "y": -0.656712532043457,
          "z": 0.4214172661304474
        },
        "tail": {
          "x": 0.27744176983833313,
          "y": -0.6790194511413574,
          "z": 0.4115881025791168
        }
      },
      "world_space": {
        "head": {
          "x": 0.2922356426715851,
          "y": -0.5934685468673706,
          "z": 1.3712712526321411
        },
        "tail": {
          "x": 0.27744176983833313,
          "y": -0.615775465965271,
          "z": 1.3614420890808105
        },
        "rotation_quaternion": {
          "w": 0.3037605583667755,
          "x": -0.7878354787826538,
          "y": 0.12875308096408844,
          "z": 0.5200650095939636
        },
        "matrix": [
          [
            0.4259110987186432,
            -0.5188218355178833,
            -0.7412312030792236,
            0.2922356426715851
          ],
          [
            0.11307678371667862,
            -0.7823054194450378,
            0.612545371055603,
            -0.5934685468673706
          ],
          [
            -0.8976776003837585,
            -0.34470903873443604,
            -0.27452725172042847,
            1.3712712526321411
          ],
          [
            0.0,
            0.0,
            0.0,
            1.0
          ]
        ]
      },
      "bone_length_armature_space": 0.02851437890399387,
      "parent": "metacarpal_index_l",
      "has_children": true,
      "is_end_bone": false
    },
    "index_02_l": {
      "name": "index_02_l",
      "local": {
        "location": {
          "x": 0.0,
          "y": 0.0,
          "z": 0.0
        },
        "rotation_quaternion": {
          "w": 0.9003586173057556,
          "x": 0.435051292181015,
          "y": -0.005373059306293726,
          "z": -0.0074793994426727295
        },
        "scale": {
          "x": 1.0,
          "y": 1.0,
          "z": 1.0
        },
        "matrix_basis": [
          [
            0.9998303651809692,
            0.008793170563876629,
            -0.01618320494890213,
            0.0
          ],
          [
            -0.018143396824598312,
            0.6213488578796387,
            -0.7833240032196045,
            0.0
          ],
          [
            0.0031675156205892563,
            0.7834847569465637,
            0.6214029788970947,
            0.0
          ],
          [
            0.0,
            0.0,
            0.0,
            1.0
          ]
        ],
        "rotation_mode": "QUATERNION"
      },
      "armature_space": {
        "head": {
          "x": 0.27744123339653015,
          "y": -0.6790196299552917,
          "z": 0.4115881025791168
        },
        "tail": {
          "x": 0.2540952265262604,
          "y": -0.6801618933677673,
          "z": 0.40101683139801025
        }
      },
      "world_space": {
        "head": {
          "x": 0.27744123339653015,
          "y": -0.6157756447792053,
          "z": 1.3614420890808105
        },
        "tail": {
          "x": 0.2540952265262604,
          "y": -0.6169179081916809,
          "z": 1.3508708477020264
        },
        "rotation_quaternion": {
          "w": 0.6143089532852173,
          "x": -0.5666820406913757,
          "y": 0.3167981505393982,
          "z": 0.44848060607910156
        },
        "matrix": [
          [
            0.397007018327713,
            -0.9100594520568848,
            -0.11906865239143372,
            0.27744123339653015
          ],
          [
            0.19196616113185883,
            -0.04452669620513916,
            0.9803909063339233,
            -0.6157756447792053
          ],
          [
            -0.8975220918655396,
            -0.4120822548866272,
            0.15702520310878754,
            1.3614420890808105
          ],
          [
            0.0,
            0.0,
            0.0,
            1.0
          ]
        ]
      },
      "bone_length_armature_space": 0.025653315347337766,
      "parent": "index_01_l",
      "has_children": true,
      "is_end_bone": false
    },
    "index_03_l": {
      "name": "index_03_l",
      "local": {
        "location": {
          "x": 0.0,
          "y": 0.0,
          "z": 0.0
        },
        "rotation_quaternion": {
          "w": 0.968017578125,
          "x": 0.25078317523002625,
          "y": 0.0003679301589727402,
          "z": 0.0070460643619298935
        },
        "scale": {
          "x": 1.0,
          "y": 1.0,
          "z": 1.0
        },
        "matrix_basis": [
          [
            0.9999004602432251,
            -0.013456886634230614,
            0.004246394615620375,
            0.0
          ],
          [
            0.013825969770550728,
            0.8741163015365601,
            -0.4855198562145233,
            0.0
          ],
          [
            0.0028217430226504803,
            0.48553022742271423,
            0.874215304851532,
            0.0
          ],
          [
            0.0,
            0.0,
            0.0,
            1.0
          ]
        ],
        "rotation_mode": "QUATERNION"
      },
      "armature_space": {
        "head": {
          "x": 0.25409525632858276,
          "y": -0.6801620125770569,
          "z": 0.40101683139801025
        },
        "tail": {
          "x": 0.23141947388648987,
          "y": -0.6646307110786438,
          "z": 0.3911011517047882
        }
      },
      "world_space": {
        "head": {
          "x": 0.25409525632858276,
          "y": -0.6169180274009705,
          "z": 1.3508708477020264
        },
        "tail": {
          "x": 0.23141947388648987,
          "y": -0.6013867259025574,
          "z": 1.340955138206482
        },
        "rotation_quaternion": {
          "w": 0.765622079372406,
          "x": -0.3843896985054016,
          "y": 0.42379188537597656,
          "z": 0.29405415058135986
        },
        "matrix": [
          [
            0.4678652882575989,
            -0.7760714888572693,
            0.4228655695915222,
            0.25409525632858276
          ],
          [
            0.1244674026966095,
            0.531553328037262,
            0.8378298878669739,
            -0.6169180274009705
          ],
          [
            -0.8749977350234985,
            -0.3393605351448059,
            0.34529417753219604,
            1.3508708477020264
          ],
          [
            0.0,
            0.0,
            0.0,
            1.0
          ]
        ]
      },
      "bone_length_armature_space": 0.029218712116960522,
      "parent": "index_02_l",
      "has_children": false,
      "is_end_bone": true
    },
    "metacarpal_pinky_l": {
      "name": "metacarpal_pinky_l",
      "local": {
        "location": {
          "x": 0.0,
          "y": 0.0,
          "z": 0.0
        },
        "rotation_quaternion": {
          "w": 0.9987388849258423,
          "x": -0.044286806136369705,
          "y": 0.018911557272076607,
          "z": 0.014205437153577805
        },
        "scale": {
          "x": 1.0,
          "y": 1.0,
          "z": 1.0
        },
        "matrix_basis": [
          [
            0.9988811016082764,
            -0.030050110071897507,
            0.0365171879529953,
            0.0
          ],
          [
            0.026699980720877647,
            0.9956737756729126,
            0.0889992043375969,
            0.0
          ],
          [
            -0.039033643901348114,
            -0.08792461454868317,
            0.9953620433807373,
            0.0
          ],
          [
            0.0,
            0.0,
            0.0,
            1.0
          ]
        ],
        "rotation_mode": "QUATERNION"
      },
      "armature_space": {
        "head": {
          "x": 0.3389976918697357,
          "y": -0.5499622225761414,
          "z": 0.409297376871109
        },
        "tail": {
          "x": 0.34835493564605713,
          "y": -0.6479142308235168,
          "z": 0.37522271275520325
        }
      },
      "world_space": {
        "head": {
          "x": 0.3389976918697357,
          "y": -0.48671823740005493,
          "z": 1.3591513633728027
        },
        "tail": {
          "x": 0.34835493564605713,
          "y": -0.5846702456474304,
          "z": 1.325076699256897
        },
        "rotation_quaternion": {
          "w": 0.06714874505996704,
          "x": -0.1300969421863556,
          "y": 0.1586170196533203,
          "z": -0.9764253497123718
        },
        "matrix": [
          [
            -0.9571317434310913,
            0.08986037969589233,
            0.27536168694496155,
            0.3389976918697357
          ],
          [
            -0.17240272462368011,
            -0.9406635761260986,
            -0.2922830283641815,
            -0.48671823740005493
          ],
          [
            0.23275987803936005,
            -0.32722967863082886,
            0.9158374667167664,
            1.3591513633728027
          ],
          [
            0.0,
            0.0,
            0.0,
            1.0
          ]
        ]
      },
      "bone_length_armature_space": 0.10413086364436497,
      "parent": "lowerarm_l",
      "has_children": true,
      "is_end_bone": false
    },
    "pinky_01_l": {
      "name": "pinky_01_l",
      "local": {
        "location": {
          "x": 0.0,
          "y": 0.0,
          "z": 0.0
        },
        "rotation_quaternion": {
          "w": 0.9346061944961548,
          "x": 0.35538250207901,
          "y": 0.012347307056188583,
          "z": -0.00788259506225586
        },
        "scale": {
          "x": 1.0,
          "y": 1.0,
          "z": 1.0
        },
        "matrix_basis": [
          [
            0.9995708465576172,
            0.023510277271270752,
            0.017477067187428474,
            0.0
          ],
          [
            -0.005958210676908493,
            0.7472822666168213,
            -0.6644800305366516,
            0.0
          ],
          [
            -0.028682412579655647,
            0.6640906929969788,
            0.7471016645431519,
            0.0
          ],
          [
            0.0,
            0.0,
            0.0,
            1.0
          ]
        ],
        "rotation_mode": "QUATERNION"
      },
      "armature_space": {
        "head": {
          "x": 0.34835493564605713,
          "y": -0.6479142308235168,
          "z": 0.37522271275520325
        },
        "tail": {
          "x": 0.3363185226917267,
