{
  "metadata": {
    "armature_name": "KIM_caucasian_male",
    "export_time": "2026-01-13T21:05:45.082596",
    "blender_version": "4.4.1",
    "bone_count": 56,
    "end_bone_count": 13,
    "spaces_included": [
      "LOCAL_CHANNELS",
      "ARMATURE_SPACE",
      "WORLD_SPACE"
    ],
    "note": "LOCAL matches Transform panel; replay pose via local.matrix_basis for best fidelity."
  },
  "bones": {
    "Root": {
      "name": "Root",
      "local": {
        "location": {
          "x": 0.0,
          "y": 0.0,
          "z": 0.0
        },
        "rotation_quaternion": {
          "w": 0.9998300075531006,
          "x": 0.003039989387616515,
          "y": 0.0006967689841985703,
          "z": -0.01817489229142666
        },
        "scale": {
          "x": 1.0,
          "y": 1.0,
          "z": 1.0
        },
        "matrix_basis": [
          [
            0.9993383884429932,
            0.03634783998131752,
            0.0012827981263399124,
            0.0
          ],
          [
            -0.03633936867117882,
            0.9993208646774292,
            -0.006104272790253162,
            0.0
          ],
          [
            -0.001503804000094533,
            0.006053617689758539,
            0.9999805688858032,
            0.0
          ],
          [
            0.0,
            0.0,
            0.0,
            1.0
          ]
        ],
        "rotation_mode": "QUATERNION"
      },
      "armature_space": {
        "head": {
          "x": 0.0,
          "y": 0.07072800397872925,
          "z": -0.009595036506652832
        },
        "tail": {
          "x": 0.002594358753412962,
          "y": -1.004338264465332e-05,
          "z": -0.00043468084186315536
        }
      },
      "world_space": {
        "head": {
          "x": 0.0,
          "y": 0.13397200405597687,
          "z": 0.9402589797973633
        },
        "tail": {
          "x": 0.002594358753412962,
          "y": 0.06323395669460297,
          "z": 0.9494193196296692
        },
        "rotation_quaternion": {
          "w": 0.06432312726974487,
          "x": 0.997763454914093,
          "y": 0.018180547282099724,
          "z": -0.0005292178248055279
        },
        "matrix": [
          [
            0.9993383884429932,
            0.03634783998131752,
            0.0012827981263399124,
            0.0
          ],
          [
            0.03621168062090874,
            -0.9910639524459839,
            -0.128378227353096,
            0.13397200405597687
          ],
          [
            -0.003394925268366933,
            0.12833967804908752,
            -0.9917315244674683,
            0.9402589797973633
          ],
          [
            0.0,
            0.0,
            0.0,
            1.0
          ]
        ]
      },
      "bone_length_armature_space": 0.07137586571506993,
      "parent": null,
      "has_children": true,
      "is_end_bone": false
    },
    "spine_01": {
      "name": "spine_01",
      "local": {
        "location": {
          "x": 0.0,
          "y": 0.0,
          "z": 0.0
        },
        "rotation_quaternion": {
          "w": 0.998222291469574,
          "x": -0.030802637338638306,
          "y": 0.03225383535027504,
          "z": -0.039538562297821045
        },
        "scale": {
          "x": 1.0,
          "y": 1.0,
          "z": 1.0
        },
        "matrix_basis": [
          [
            0.9947927594184875,
            0.07694954425096512,
            0.06682877987623215,
            0.0
          ],
          [
            -0.08092355728149414,
            0.9949758052825928,
            0.05894521623849869,
            0.0
          ],
          [
            -0.061957210302352905,
            -0.06404630094766617,
            0.9960217475891113,
            0.0
          ],
          [
            0.0,
            0.0,
            0.0,
            1.0
          ]
        ],
        "rotation_mode": "QUATERNION"
      },
      "armature_space": {
        "head": {
          "x": 0.002594358753412962,
          "y": -1.004338264465332e-05,
          "z": -0.00043468084186315536
        },
        "tail": {
          "x": 0.03991791233420372,
          "y": 0.05231877788901329,
          "z": 0.483318567276001
        }
      },
      "world_space": {
        "head": {
          "x": 0.002594358753412962,
          "y": 0.06323395669460297,
          "z": 0.9494193196296692
        },
        "tail": {
          "x": 0.03991791233420372,
          "y": 0.11556278169155121,
          "z": 1.433172583580017
        },
        "rotation_quaternion": {
          "w": 0.7412940859794617,
          "x": 0.6680924296379089,
          "y": 0.06401731818914413,
          "z": 0.006108553614467382
        },
        "matrix": [
          [
            0.9917290210723877,
            0.07648249715566635,
            0.10307300090789795,
            0.002594358753412962
          ],
          [
            0.09459492564201355,
            0.10723092406988144,
            -0.9897238612174988,
            0.06323395669460297
          ],
          [
            -0.08674968034029007,
            0.9912950992584229,
            0.09910891950130463,
            0.9494193196296692
          ],
          [
            0.0,
            0.0,
            0.0,
            1.0
          ]
        ]
      },
      "bone_length_armature_space": 0.4880046583228842,
      "parent": "Root",
      "has_children": true,
      "is_end_bone": false
    },
    "neck_01": {
      "name": "neck_01",
      "local": {
        "location": {
          "x": 0.0,
          "y": 0.0,
          "z": 0.0
        },
        "rotation_quaternion": {
          "w": 0.9936955571174622,
          "x": -0.07565703243017197,
          "y": -0.04100079834461212,
          "z": 0.07186122238636017
        },
        "scale": {
          "x": 1.0,
          "y": 1.0,
          "z": 1.0
        },
        "matrix_basis": [
          [
            0.986309826374054,
            -0.13661235570907593,
            -0.09235823899507523,
            0.0
          ],
          [
            0.14902035892009735,
            0.978223979473114,
            0.14446738362312317,
            0.0
          ],
          [
            0.07061100751161575,
            -0.15625284612178802,
            0.9851899147033691,
            0.0
          ],
          [
            0.0,
            0.0,
            0.0,
            1.0
          ]
        ],
        "rotation_mode": "QUATERNION"
      },
      "armature_space": {
        "head": {
          "x": 0.04909246042370796,
          "y": 0.025846000760793686,
          "z": 0.55933678150177
        },
        "tail": {
          "x": 0.04518914595246315,
          "y": 0.012105150148272514,
          "z": 0.6608588099479675
        }
      },
      "world_space": {
        "head": {
          "x": 0.04909246042370796,
          "y": 0.0890900045633316,
          "z": 1.5091907978057861
        },
        "tail": {
          "x": 0.04518914595246315,
          "y": 0.07534915208816528,
          "z": 1.6107127666473389
        },
        "rotation_quaternion": {
          "w": 0.6577607989311218,
          "x": 0.7529618144035339,
          "y": -0.018327970057725906,
          "z": 0.007960814982652664
        },
        "matrix": [
          [
            0.9992015361785889,
            -0.03807317838072777,
            -0.012122705578804016,
            0.04909246042370796
          ],
          [
            -0.017128121107816696,
            -0.13402917981147766,
            -0.9908294677734375,
            0.0890900045633316
          ],
          [
            0.03609946370124817,
            0.9902525544166565,
            -0.13457617163658142,
            1.5091907978057861
          ],
          [
            0.0,
            0.0,
            0.0,
            1.0
          ]
        ]
      },
      "bone_length_armature_space": 0.1025220430789369,
      "parent": "spine_01",
      "has_children": true,
      "is_end_bone": false
    },
    "head": {
      "name": "head",
      "local": {
        "location": {
          "x": 0.0,
          "y": 0.0,
          "z": 0.0
        },
        "rotation_quaternion": {
          "w": 0.9939101934432983,
          "x": 0.04474979639053345,
          "y": -0.010544219054281712,
          "z": -0.10014495253562927
        },
        "scale": {
          "x": 1.0,
          "y": 1.0,
          "z": 1.0
        },
        "matrix_basis": [
          [
            0.9797196388244629,
            0.19812647998332977,
            -0.02992294542491436,
            0.0
          ],
          [
            -0.2000138759613037,
            0.9759368896484375,
            -0.08684265613555908,
            0.0
          ],
          [
            0.011997081339359283,
            0.09106645733118057,
            0.9957725405693054,
            0.0
          ],
          [
            0.0,
            0.0,
            0.0,
            1.0
          ]
        ],
        "rotation_mode": "QUATERNION"
      },
      "armature_space": {
        "head": {
          "x": 0.04518914595246315,
          "y": 0.012105005793273449,
          "z": 0.6608587503433228
        },
        "tail": {
          "x": 0.07068749517202377,
          "y": 0.03306354582309723,
          "z": 0.8123971223831177
        }
      },
      "world_space": {
        "head": {
          "x": 0.04518914595246315,
          "y": 0.07534900307655334,
          "z": 1.6107127666473389
        },
        "tail": {
          "x": 0.07068749517202377,
          "y": 0.09630754590034485,
          "z": 1.7622511386871338
        },
        "rotation_quaternion": {
          "w": 0.7526410222053528,
          "x": 0.6526542901992798,
          "y": 0.03316853940486908,
          "z": -0.08045968413352966
        },
        "matrix": [
          [
            0.9848523139953613,
            0.1644097864627838,
            -0.055097710341215134,
            0.04518914595246315
          ],
          [
            -0.07782042771577835,
            0.13513773679733276,
            -0.9877661466598511,
            0.07534900307655334
          ],
          [
            -0.15495377779006958,
            0.977098286151886,
            0.145885169506073,
            1.6107127666473389
          ],
          [
            0.0,
            0.0,
            0.0,
            1.0
          ]
        ]
      },
      "bone_length_armature_space": 0.15509127622599944,
      "parent": "neck_01",
      "has_children": false,
      "is_end_bone": true
    },
    "upperarm_l": {
      "name": "upperarm_l",
      "local": {
        "location": {
          "x": 0.0,
          "y": 0.0,
          "z": 0.0
        },
        "rotation_quaternion": {
          "w": 0.9171648025512695,
          "x": 0.054581280797719955,
          "y": 0.3896000385284424,
          "z": 0.06357274204492569
        },
        "scale": {
          "x": 1.0,
          "y": 1.0,
          "z": 1.0
        },
        "matrix_basis": [
          [
            0.6883406043052673,
            -0.07408362627029419,
            0.7215946316719055,
            0.0
          ],
          [
            0.1591431051492691,
            0.9859587550163269,
            -0.05058417469263077,
            0.0
          ],
          [
            -0.7077150940895081,
            0.14965593814849854,
            0.6904653906822205,
            0.0
          ],
          [
            0.0,
            0.0,
            0.0,
            1.0
          ]
        ],
        "rotation_mode": "QUATERNION"
      },
      "armature_space": {
        "head": {
          "x": 0.19304031133651733,
          "y": 0.029672134667634964,
          "z": 0.48001769185066223
        },
        "tail": {
          "x": 0.46089401841163635,
          "y": 0.026346402242779732,
          "z": 0.4728795886039734
        }
      },
      "world_space": {
        "head": {
          "x": 0.19304031133651733,
          "y": 0.09291613101959229,
          "z": 1.429871678352356
        },
        "tail": {
          "x": 0.46089401841163635,
          "y": 0.0895904004573822,
          "z": 1.4227335453033447
        },
        "rotation_quaternion": {
          "w": 0.2807822823524475,
          "x": 0.6444114446640015,
          "y": 0.6441692113876343,
          "z": -0.30156463384628296
        },
        "matrix": [
          [
            -0.011792071163654327,
            0.9995681047439575,
            -0.02691718190908432,
            0.19304031133651733
          ],
          [
            0.6608715653419495,
            -0.012410864233970642,
            -0.7503965497016907,
            0.09291613101959229
          ],
          [
            -0.7504110932350159,
            -0.026637766510248184,
            -0.6604450941085815,
            1.429871678352356
          ],
          [
            0.0,
            0.0,
            0.0,
            1.0
          ]
        ]
      },
      "bone_length_armature_space": 0.267969447399231,
      "parent": "spine_01",
      "has_children": true,
      "is_end_bone": false
    },
    "lowerarm_l": {
      "name": "lowerarm_l",
      "local": {
        "location": {
          "x": 0.0,
          "y": 0.0,
          "z": 0.0
        },
        "rotation_quaternion": {
          "w": 0.9003143310546875,
          "x": 0.3416517376899719,
          "y": 0.22355684638023376,
          "z": -0.1507665514945984
        },
        "scale": {
          "x": 1.0,
          "y": 1.0,
          "z": 1.0
        },
        "matrix_basis": [
          [
            0.8545835614204407,
            0.42423173785209656,
            0.29952356219291687,
            0.0
          ],
          [
            -0.11871740221977234,
            0.7210870981216431,
            -0.6825976967811584,
            0.0
          ],
          [
            -0.5055621862411499,
            0.5477781295776367,
            0.6665928363800049,
            0.0
          ],
          [
            0.0,
            0.0,
            0.0,
            1.0
          ]
        ],
        "rotation_mode": "QUATERNION"
      },
      "armature_space": {
        "head": {
          "x": 0.4608941078186035,
          "y": 0.02634628489613533,
          "z": 0.47287964820861816
        },
        "tail": {
          "x": 0.6340122818946838,
          "y": -0.06108071282505989,
          "z": 0.28860682249069214
        }
      },
      "world_space": {
        "head": {
          "x": 0.4608941078186035,
          "y": 0.08959028124809265,
          "z": 1.4227336645126343
        },
        "tail": {
          "x": 0.6340122818946838,
          "y": 0.002163287252187729,
          "z": 1.2384607791900635
        },
        "rotation_quaternion": {
          "w": 0.14548595249652863,
          "x": -0.6887274980545044,
          "y": -0.5616342425346375,
          "z": 0.4348050057888031
        },
        "matrix": [
          [
            -0.008979395031929016,
            0.6471114754676819,
            -0.7623423933982849,
            0.4608941078186035
          ],
          [
            0.9001415967941284,
            -0.32679998874664307,
            -0.28800541162490845,
            0.08959028124809265
          ],
          [
            -0.4355071485042572,
            -0.6888073682785034,
            -0.5795618295669556,
            1.4227336645126343
          ],
          [
            0.0,
            0.0,
            0.0,
            1.0
          ]
        ]
      },
      "bone_length_armature_space": 0.26752543452705896,
      "parent": "upperarm_l",
      "has_children": true,
      "is_end_bone": false
    },
    "metacarpal_thumb_l": {
      "name": "metacarpal_thumb_l",
      "local": {
        "location": {
          "x": 0.0,
          "y": 0.0,
          "z": 0.0
        },
        "rotation_quaternion": {
          "w": 0.9999193549156189,
          "x": -0.010576252825558186,
          "y": -0.0001672031357884407,
          "z": -0.007038934621959925
        },
        "scale": {
          "x": 1.0,
          "y": 1.0,
          "z": 1.0
        },
        "matrix_basis": [
          [
            0.9999008774757385,
            0.014080271124839783,
            -0.0001854881993494928,
            0.0
          ],
          [
            -0.014073196798563004,
            0.9996771812438965,
            0.021153153851628304,
            0.0
          ],
          [
            0.0004832704144064337,
            -0.021148445084691048,
            0.9997762441635132,
            0.0
          ],
          [
            0.0,
            0.0,
            0.0,
            1.0
          ]
        ],
        "rotation_mode": "QUATERNION"
      },
      "armature_space": {
        "head": {
          "x": 0.6340122818946838,
          "y": -0.06108071282505989,
          "z": 0.28860682249069214
        },
        "tail": {
          "x": 0.6377749443054199,
          "y": -0.07501904666423798,
          "z": 0.24122346937656403
        }
      },
      "world_space": {
        "head": {
          "x": 0.6340122818946838,
          "y": 0.002163287252187729,
          "z": 1.2384607791900635
        },
        "tail": {
          "x": 0.6377749443054199,
          "y": -0.011775046586990356,
          "z": 1.191077470779419
        },
        "rotation_quaternion": {
          "w": 0.5966725945472717,
          "x": -0.8003249764442444,
          "y": -0.05732756480574608,
          "z": 0.013240303844213486
        },
        "matrix": [
          [
            0.9930764436721802,
            0.07596118748188019,
            -0.08960506319999695,
            0.6340122818946838
          ],
          [
            0.10756203532218933,
            -0.2813911437988281,
            0.9535458087921143,
            0.002163287252187729
          ],
          [
            0.04721884801983833,
            -0.9565887451171875,
            -0.28761446475982666,
            1.2384607791900635
          ],
          [
            0.0,
            0.0,
            0.0,
            1.0
          ]
        ]
      },
      "bone_length_armature_space": 0.04953399790562575,
      "parent": "lowerarm_l",
      "has_children": true,
      "is_end_bone": false
    },
    "thumb_01_l": {
      "name": "thumb_01_l",
      "local": {
        "location": {
          "x": 0.0,
          "y": 0.0,
          "z": 0.0
        },
        "rotation_quaternion": {
          "w": 0.9992296695709229,
          "x": 0.03544875606894493,
          "y": -0.016723616048693657,
          "z": -0.0019799985457211733
        },
        "scale": {
          "x": 1.0,
          "y": 1.0,
          "z": 1.0
        },
        "matrix_basis": [
          [
            0.9994328022003174,
            0.00277128373272717,
            -0.03356184437870979,
            0.0
          ],
          [
            -0.005142609588801861,
            0.9974789023399353,
            -0.07077667117118835,
            0.0
          ],
          [
            0.03328108787536621,
            0.07090912014245987,
            0.9969274401664734,
            0.0
          ],
          [
            0.0,
            0.0,
            0.0,
            1.0
          ]
        ],
        "rotation_mode": "QUATERNION"
      },
      "armature_space": {
        "head": {
          "x": 0.6377749443054199,
          "y": -0.07501904666423798,
          "z": 0.24122346937656403
        },
        "tail": {
          "x": 0.6355265974998474,
          "y": -0.057444166392087936,
          "z": 0.2121596783399582
        }
      },
      "world_space": {
        "head": {
          "x": 0.6377749443054199,
          "y": -0.011775046586990356,
          "z": 1.191077470779419
        },
        "tail": {
          "x": 0.6355265974998474,
          "y": 0.005799833685159683,
          "z": 1.1620136499404907
        },
        "rotation_quaternion": {
          "w": 0.6483792662620544,
          "x": -0.39042094349861145,
          "y": 0.5811761021614075,
          "z": -0.2990155816078186
        },
        "matrix": [
          [
            0.14565014839172363,
            -0.06605254858732224,
            0.987128734588623,
            0.6377749443054199
          ],
          [
            -0.8415574431419373,
            0.5163224339485168,
            0.15872031450271606,
            -0.011775046586990356
          ],
          [
            -0.520164966583252,
            -0.8538485765457153,
            0.01961568370461464,
            1.191077470779419
          ],
          [
            0.0,
            0.0,
            0.0,
            1.0
          ]
        ]
      },
      "bone_length_armature_space": 0.03403873401066224,
      "parent": "metacarpal_thumb_l",
      "has_children": true,
      "is_end_bone": false
    },
    "thumb_02_l": {
      "name": "thumb_02_l",
      "local": {
        "location": {
          "x": 0.0,
          "y": 0.0,
          "z": 0.0
        },
        "rotation_quaternion": {
          "w": 0.9906101822853088,
          "x": 0.13662457466125488,
          "y": 0.0026118047535419464,
          "z": -0.004293930251151323
        },
        "scale": {
          "x": 1.0,
          "y": 1.0,
          "z": 1.0
        },
        "matrix_basis": [
          [
            0.9999494552612305,
            0.009220895357429981,
            0.00400124816223979,
            0.0
          ],
          [
            -0.00779354851692915,
            0.962630569934845,
            -0.27070581912994385,
            0.0
          ],
          [
            -0.006347873713821173,
            0.27066096663475037,
            0.9626538157463074,
            0.0
          ],
          [
            0.0,
            0.0,
            0.0,
            1.0
          ]
        ],
        "rotation_mode": "QUATERNION"
      },
      "armature_space": {
        "head": {
          "x": 0.6355265378952026,
          "y": -0.05744415149092674,
          "z": 0.21215970814228058
        },
        "tail": {
          "x": 0.666153609752655,
          "y": -0.07141678780317307,
          "z": 0.19025233387947083
        }
      },
      "world_space": {
        "head": {
          "x": 0.6355265378952026,
          "y": 0.005799848586320877,
          "z": 1.1620137691497803
        },
        "tail": {
          "x": 0.666153609752655,
          "y": -0.008172787725925446,
          "z": 1.1401063203811646
        },
        "rotation_quaternion": {
          "w": 0.46544358134269714,
          "x": -0.0025037797167897224,
          "y": 0.3307851552963257,
          "z": -0.8209367990493774
        },
        "matrix": [
          [
            -0.5667107105255127,
            0.7625430822372437,
            0.3120366334915161,
            0.6355265378952026
          ],
          [
            -0.765857458114624,
            -0.34788602590560913,
            -0.540774941444397,
            0.005799848586320877
          ],
          [
            -0.3038139045238495,
            -0.5454426407814026,
            0.781154990196228,
            1.1620137691497803
          ],
          [
            0.0,
            0.0,
            0.0,
            1.0
          ]
        ]
      },
      "bone_length_armature_space": 0.04016447578737924,
      "parent": "thumb_01_l",
      "has_children": true,
      "is_end_bone": false
    },
    "thumb_03_l": {
      "name": "thumb_03_l",
      "local": {
        "location": {
          "x": 0.0,
          "y": 0.0,
          "z": 0.0
        },
        "rotation_quaternion": {
          "w": 0.9988131523132324,
          "x": 0.0484941191971302,
          "y": 0.001820672070607543,
          "z": -0.004186303820461035
        },
        "scale": {
          "x": 1.0,
          "y": 1.0,
          "z": 1.0
        },
        "matrix_basis": [
          [
            0.999958336353302,
            0.008539254777133465,
            0.003231000155210495,
            0.0
          ],
          [
            -0.008186087012290955,
            0.9952616095542908,
            -0.09688837081193924,
            0.0
          ],
          [
            -0.004043044522404671,
            0.09685788303613663,
            0.9952899813652039,
            0.0
          ],
          [
            0.0,
            0.0,
            0.0,
            1.0
          ]
        ],
        "rotation_mode": "QUATERNION"
      },
      "armature_space": {
        "head": {
          "x": 0.6661535501480103,
          "y": -0.07141678035259247,
          "z": 0.19025228917598724
        },
        "tail": {
          "x": 0.6930505633354187,
          "y": -0.08438865095376968,
          "z": 0.1843215525150299
        }
      },
      "world_space": {
        "head": {
          "x": 0.6661535501480103,
          "y": -0.008172780275344849,
          "z": 1.1401063203811646
        },
        "tail": {
          "x": 0.6930505633354187,
          "y": -0.021144650876522064,
          "z": 1.1341755390167236
        },
        "rotation_quaternion": {
          "w": 0.4609244167804718,
          "x": 0.26373961567878723,
          "y": 0.2729640603065491,
          "z": -0.8021725416183472
        },
        "matrix": [
          [
            -0.43597978353500366,
            0.8834651112556458,
            -0.17149588465690613,
            0.6661535501480103
          ],
          [
            -0.5955002307891846,
            -0.426077276468277,
            -0.6810562014579773,
            -0.008172780275344849
          ],
          [
            -0.6747652888298035,
            -0.19480258226394653,
            0.7118690609931946,
            1.1401063203811646
          ],
          [
            0.0,
            0.0,
            0.0,
            1.0
          ]
        ]
      },
      "bone_length_armature_space": 0.0304449076874158,
      "parent": "thumb_02_l",
      "has_children": false,
      "is_end_bone": true
    },
    "metacarpal_index_l": {
      "name": "metacarpal_index_l",
      "local": {
        "location": {
          "x": 0.0,
          "y": 0.0,
          "z": 0.0
        },
        "rotation_quaternion": {
          "w": 0.9996995329856873,
          "x": -0.021780872717499733,
          "y": -0.011252879165112972,
          "z": -0.00011572266521397978
        },
        "scale": {
          "x": 1.0,
          "y": 1.0,
          "z": 1.0
        },
        "matrix_basis": [
          [
            0.9997467398643494,
            0.0007215708610601723,
            -0.022493954747915268,
            0.0
          ],
          [
            0.00025881925830617547,
            0.9990511536598206,
            0.043551262468099594,
            0.0
          ],
          [
            0.022504037246108055,
            -0.043546050786972046,
            0.9987979531288147,
            0.0
          ],
          [
            0.0,
            0.0,
            0.0,
            1.0
          ]
        ],
        "rotation_mode": "QUATERNION"
      },
      "armature_space": {
        "head": {
          "x": 0.6340122818946838,
          "y": -0.06108071282505989,
          "z": 0.28860682249069214
        },
        "tail": {
          "x": 0.6816995739936829,
          "y": -0.10565382242202759,
          "z": 0.19130051136016846
        }
      },
      "world_space": {
        "head": {
          "x": 0.6340122818946838,
          "y": 0.002163287252187729,
          "z": 1.2384607791900635
        },
        "tail": {
          "x": 0.6816995739936829,
          "y": -0.04240982234477997,
          "z": 1.1411545276641846
        },
        "rotation_quaternion": {
          "w": 0.44260162115097046,
          "x": -0.8149134516716003,
          "y": -0.3374902606010437,
          "z": 0.16161789000034332
        },
        "matrix": [
          [
            0.7199587821960449,
            0.4069863259792328,
            -0.5621576905250549,
            0.6340122818946838
          ],
          [
            0.6931166648864746,
            -0.3804083466529846,
            0.6122737526893616,
            0.002163287252187729
          ],
          [
            0.035338595509529114,
            -0.8304588794708252,
            -0.5559705495834351,
            1.2384607791900635
          ],
          [
            0.0,
            0.0,
            0.0,
            1.0
          ]
        ]
      },
      "bone_length_armature_space": 0.1171723435455245,
      "parent": "lowerarm_l",
      "has_children": true,
      "is_end_bone": false
    },
    "index_01_l": {
      "name": "index_01_l",
      "local": {
        "location": {
          "x": 0.0,
          "y": 0.0,
          "z": 0.0
        },
        "rotation_quaternion": {
          "w": 0.9977751970291138,
          "x": -0.06638918071985245,
          "y": -0.004237267188727856,
          "z": 0.004389144945889711
        },
        "scale": {
          "x": 1.0,
          "y": 1.0,
          "z": 1.0
        },
        "matrix_basis": [
          [
            0.9999255537986755,
            -0.008196142502129078,
            -0.009038463234901428,
            0.0
          ],
          [
            0.009321377612650394,
            0.991146445274353,
            0.13244575262069702,
            0.0
          ],
          [
            0.007872896268963814,
            -0.1325201541185379,
            0.9911490678787231,
            0.0
          ],
          [
            0.0,
            0.0,
            0.0,
            1.0
          ]
        ],
        "rotation_mode": "QUATERNION"
      },
      "armature_space": {
        "head": {
          "x": 0.6816995739936829,
          "y": -0.10565382242202759,
          "z": 0.19130051136016846
        },
        "tail": {
          "x": 0.7031455039978027,
          "y": -0.11365879327058792,
          "z": 0.17429856956005096
        }
      },
      "world_space": {
        "head": {
          "x": 0.6816995739936829,
          "y": -0.04240982234477997,
          "z": 1.1411545276641846
        },
        "tail": {
          "x": 0.7031455039978027,
          "y": -0.0504147931933403,
          "z": 1.1241525411605835
        },
        "rotation_quaternion": {
          "w": 0.3617355227470398,
          "x": -0.8000217080116272,
          "y": -0.47830918431282043,
          "z": 0.018253393471240997
        },
        "matrix": [
          [
            0.5417726635932922,
            0.7521095275878906,
            -0.3752512037754059,
            0.6816995739936829
          ],
          [
            0.7785231471061707,
            -0.2807345986366272,
            0.5613288879394531,
            -0.04240982234477997
          ],
          [
            0.316837877035141,
            -0.596258819103241,
            -0.7376335263252258,
            1.1411545276641846
          ],
          [
            0.0,
            0.0,
            0.0,
            1.0
          ]
        ]
      },
      "bone_length_armature_space": 0.028514443716597362,
      "parent": "metacarpal_index_l",
      "has_children": true,
      "is_end_bone": false
    },
    "index_02_l": {
      "name": "index_02_l",
      "local": {
        "location": {
          "x": 0.0,
          "y": 0.0,
          "z": 0.0
        },
        "rotation_quaternion": {
          "w": 0.9823989272117615,
          "x": 0.18677401542663574,
          "y": 0.002806518692523241,
          "z": -0.00018877163529396057
        },
        "scale": {
          "x": 1.0,
          "y": 1.0,
          "z": 1.0
        },
        "matrix_basis": [
          [
            0.9999842047691345,
            0.0014192676171660423,
            0.0054437266662716866,
            0.0
          ],
          [
            0.0006774713983759284,
            0.9302308559417725,
            -0.36697423458099365,
            0.0
          ],
          [
            -0.005584757309406996,
            0.3669721186161041,
            0.9302151799201965,
            0.0
          ],
          [
            0.0,
            0.0,
            0.0,
            1.0
          ]
        ],
        "rotation_mode": "QUATERNION"
      },
      "armature_space": {
        "head": {
          "x": 0.7031455636024475,
          "y": -0.11365890502929688,
          "z": 0.1742980182170868
        },
        "tail": {
          "x": 0.7182085514068604,
          "y": -0.11550846695899963,
          "z": 0.15361513197422028
        }
      },
      "world_space": {
        "head": {
          "x": 0.7031455636024475,
          "y": -0.050414904952049255,
          "z": 1.1241520643234253
        },
        "tail": {
          "x": 0.7182085514068604,
          "y": -0.052264466881752014,
          "z": 1.1034691333770752
        },
        "rotation_quaternion": {
          "w": 0.4764649569988251,
          "x": -0.7220144271850586,
          "y": -0.4867558777332306,
          "z": 0.121428944170475
        },
        "matrix": [
          [
            0.4966444671154022,
            0.5871760845184326,
            -0.6391933560371399,
            0.7031455636024475
          ],
          [
            0.8186051249504089,
            -0.07209847867488861,
            0.5698138475418091,
            -0.050414904952049255
          ],
          [
            0.2884991466999054,
            -0.8062475919723511,
            -0.5164757966995239,
            1.1241520643234253
          ],
          [
            0.0,
            0.0,
            0.0,
            1.0
          ]
        ]
      },
      "bone_length_armature_space": 0.025653387024948224,
      "parent": "index_01_l",
      "has_children": true,
      "is_end_bone": false
    },
    "index_03_l": {
      "name": "index_03_l",
      "local": {
        "location": {
          "x": 0.0,
          "y": 0.0,
          "z": 0.0
        },
        "rotation_quaternion": {
          "w": 0.9657270908355713,
          "x": 0.259471595287323,
          "y": -0.0028038795571774244,
          "z": -0.006167090497910976
        },
        "scale": {
          "x": 1.0,
          "y": 1.0,
          "z": 1.0
        },
        "matrix_basis": [
          [
            0.9999082088470459,
            0.010456398129463196,
            -0.008615934289991856,
            0.0
          ],
          [
            -0.01336650736629963,
            0.8652729392051697,
            -0.5011228919029236,
            0.0
          ],
          [
            0.0022151952143758535,
            0.5011920928955078,
            0.8653332591056824,
            0.0
          ],
          [
            0.0,
            0.0,
            0.0,
            1.0
          ]
        ],
        "rotation_mode": "QUATERNION"
      },
      "armature_space": {
        "head": {
          "x": 0.7182086706161499,
          "y": -0.11550857126712799,
          "z": 0.15361520648002625
        },
        "tail": {
          "x": 0.7231806516647339,
          "y": -0.10474091023206711,
          "z": 0.1269116848707199
        }
      },
      "world_space": {
        "head": {
          "x": 0.7182086706161499,
          "y": -0.05226457118988037,
          "z": 1.1034692525863647
        },
        "tail": {
          "x": 0.7231806516647339,
          "y": -0.04149691015481949,
          "z": 1.0767656564712524
        },
        "rotation_quaternion": {
          "w": 0.6886757612228394,
          "x": -0.5168851017951965,
          "y": -0.4582415521144867,
          "z": 0.22038668394088745
        },
        "matrix": [
          [
            0.4828905165195465,
            0.17016461491584778,
            -0.8589880466461182,
            0.7182086706161499
          ],
          [
            0.7772656083106995,
            0.36851969361305237,
            0.5099526047706604,
            -0.05226457118988037
          ],
          [
            0.4033336043357849,
            -0.9139193296432495,
            0.0456923246383667,
            1.1034692525863647
          ],
          [
            0.0,
            0.0,
            0.0,
            1.0
          ]
        ]
      },
      "bone_length_armature_space": 0.02921884991644786,
      "parent": "index_02_l",
      "has_children": false,
      "is_end_bone": true
    },
    "metacarpal_pinky_l": {
      "name": "metacarpal_pinky_l",
      "local": {
        "location": {
          "x": 0.0,
          "y": 0.0,
          "z": 0.0
        },
        "rotation_quaternion": {
          "w": 0.9996126294136047,
          "x": -0.02181079052388668,
          "y": -0.003138523083180189,
          "z": 0.017001817002892494
        },
        "scale": {
          "x": 1.0,
          "y": 1.0,
          "z": 1.0
        },
        "matrix_basis": [
          [
            0.9994021654129028,
            -0.03385355323553085,
            -0.007016260642558336,
            0.0
          ],
          [
            0.0341273695230484,
            0.9984704256057739,
            0.0434979610145092,
            0.0
          ],
          [
            0.005532968323677778,
            -0.043711405247449875,
            0.9990288615226746,
            0.0
          ],
          [
            0.0,
            0.0,
            0.0,
            1.0
          ]
        ],
        "rotation_mode": "QUATERNION"
      },
      "armature_space": {
        "head": {
          "x": 0.6340122818946838,
          "y": -0.06108071282505989,
          "z": 0.28860682249069214
        },
        "tail": {
          "x": 0.724580705165863,
          "y": -0.07903622090816498,
          "z": 0.24045901000499725
        }
      },
      "world_space": {
        "head": {
          "x": 0.6340122818946838,
          "y": 0.002163287252187729,
          "z": 1.2384607791900635
        },
        "tail": {
          "x": 0.724580705165863,
          "y": -0.01579222083091736,
          "z": 1.1903129816055298
        },
        "rotation_quaternion": {
          "w": 0.367272287607193,
          "x": 0.3498265743255615,
          "y": 0.5281057357788086,
          "z": -0.6810557246208191
        },
        "matrix": [
          [
            -0.48546484112739563,
            0.8697564601898193,
            -0.08858542889356613,
            0.6340122818946838
          ],
          [
            -0.13077795505523682,
            -0.17243234813213348,
            -0.9763014316558838,
            0.002163287252187729
          ],
          [
            -0.8644256591796875,
            -0.4623783826828003,
            0.19745507836341858,
            1.2384607791900635
          ],
          [
            0.0,
            0.0,
            0.0,
            1.0
          ]
        ]
      },
      "bone_length_armature_space": 0.10413093446083835,
      "parent": "lowerarm_l",
      "has_children": true,
      "is_end_bone": false
    },
    "pinky_01_l": {
      "name": "pinky_01_l",
      "local": {
        "location": {
          "x": 0.0,
          "y": 0.0,
          "z": 0.0
        },
        "rotation_quaternion": {
          "w": 0.99979567527771,
          "x": 0.013345835730433464,
          "y": 0.005918274167925119,
          "z": 0.013981744647026062
        },
        "scale": {
          "x": 1.0,
          "y": 1.0,
          "z": 1.0
        },
        "matrix_basis": [
          [
            0.9995389580726624,
            -0.027799807488918304,
            0.012207325547933578,
            0.0
          ],
          [
            0.02811574377119541,
            0.9992527961730957,
            -0.02652072161436081,
            0.0
          ],
          [
            -0.011460933834314346,
            0.02685171365737915,
            0.9995737075805664,
            0.0
          ],
          [
            0.0,
            0.0,
            0.0,
            1.0
          ]
        ],
        "rotation_mode": "QUATERNION"
      },
      "armature_space": {
        "head": {
          "x": 0.724580705165863,
          "y": -0.07903622090816498,
          "z": 0.24045901000499725
