{
  "metadata": {
    "armature_name": "KIM_caucasian_male",
    "export_time": "2026-01-13T21:00:11.851795",
    "blender_version": "4.4.1",
    "bone_count": 56,
    "end_bone_count": 13,
    "spaces_included": [
      "LOCAL_CHANNELS",
      "ARMATURE_SPACE",
      "WORLD_SPACE"
    ],
    "note": "LOCAL matches Transform panel; replay pose via local.matrix_basis for best fidelity."
  },
  "bones": {
    "Root": {
      "name": "Root",
      "local": {
        "location": {
          "x": 0.0,
          "y": 0.0,
          "z": 0.0
        },
        "rotation_quaternion": {
          "w": 0.9999246001243591,
          "x": -0.008212407119572163,
          "y": -0.0004312828241381794,
          "z": 0.009121564216911793
        },
        "scale": {
          "x": 1.0,
          "y": 1.0,
          "z": 1.0
        },
        "matrix_basis": [
          [
            0.9998332262039185,
            -0.01823466829955578,
            -0.0010123206302523613,
            0.0
          ],
          [
            0.01824883744120598,
            0.9996986985206604,
            0.016415707767009735,
            0.0
          ],
          [
            0.0007126806303858757,
            -0.016431443393230438,
            0.9998647570610046,
            0.0
          ],
          [
            0.0,
            0.0,
            0.0,
            1.0
          ]
        ],
        "rotation_mode": "QUATERNION"
      },
      "armature_space": {
        "head": {
          "x": 0.0,
          "y": 0.07072800397872925,
          "z": -0.009595036506652832
        },
        "tail": {
          "x": -0.0013015152653679252,
          "y": 0.00017897039651870728,
          "z": 0.0011592796072363853
        }
      },
      "world_space": {
        "head": {
          "x": 0.0,
          "y": 0.13397200405597687,
          "z": 0.9402589797973633
        },
        "tail": {
          "x": -0.0013015152653679252,
          "y": 0.06342297047376633,
          "z": 0.9510132670402527
        },
        "rotation_quaternion": {
          "w": 0.07555633038282394,
          "x": 0.9970998167991638,
          "y": -0.009129897691309452,
          "z": 0.0001841981429606676
        },
        "matrix": [
          [
            0.9998332262039185,
            -0.01823466829955578,
            -0.0010123206302523613,
            0.0
          ],
          [
            -0.018179001286625862,
            -0.9884157180786133,
            -0.15067821741104126,
            0.13397200405597687
          ],
          [
            0.0017469688318669796,
            0.1506716012954712,
            -0.9885894656181335,
            0.9402589797973633
          ],
          [
            0.0,
            0.0,
            0.0,
            1.0
          ]
        ]
      },
      "bone_length_armature_space": 0.07137587435994265,
      "parent": null,
      "has_children": true,
      "is_end_bone": false
    },
    "spine_01": {
      "name": "spine_01",
      "local": {
        "location": {
          "x": 0.0,
          "y": 0.0,
          "z": 0.0
        },
        "rotation_quaternion": {
          "w": 0.9976229667663574,
          "x": -0.05391451343894005,
          "y": -0.031493835151195526,
          "z": -0.029150983318686485
        },
        "scale": {
          "x": 1.0,
          "y": 1.0,
          "z": 1.0
        },
        "matrix_basis": [
          [
            0.9963167309761047,
            0.06155933067202568,
            -0.059694625437259674,
            0.0
          ],
          [
            -0.0547674298286438,
            0.9924868941307068,
            0.10940886288881302,
            0.0
          ],
          [
            0.06598126888275146,
            -0.10573656111955643,
            0.9922026991844177,
            0.0
          ],
          [
            0.0,
            0.0,
            0.0,
            1.0
          ]
        ],
        "rotation_mode": "QUATERNION"
      },
      "armature_space": {
        "head": {
          "x": -0.0013015152653679252,
          "y": 0.00017897039651870728,
          "z": 0.0011592796072363853
        },
        "tail": {
          "x": 0.029387837275862694,
          "y": 0.08170385658740997,
          "z": 0.48132631182670593
        }
      },
      "world_space": {
        "head": {
          "x": -0.0013015152653679252,
          "y": 0.06342297047376633,
          "z": 0.9510132670402527
        },
        "tail": {
          "x": 0.029387837275862694,
          "y": 0.1449478566646576,
          "z": 1.4311803579330444
        },
        "rotation_quaternion": {
          "w": 0.763831377029419,
          "x": 0.6434679627418518,
          "y": -0.00952678918838501,
          "z": -0.049191612750291824
        },
        "matrix": [
          [
            0.9949787855148315,
            0.06288786232471466,
            -0.07786054909229279,
            -0.0013015152653679252
          ],
          [
            -0.08740895986557007,
            0.1670587658882141,
            -0.9820647239685059,
            0.06342297047376633
          ],
          [
            -0.04875309020280838,
            0.9839463829994202,
            0.17171719670295715,
            0.9510132670402527
          ],
          [
            0.0,
            0.0,
            0.0,
            1.0
          ]
        ]
      },
      "bone_length_armature_space": 0.48800463196269855,
      "parent": "Root",
      "has_children": true,
      "is_end_bone": false
    },
    "neck_01": {
      "name": "neck_01",
      "local": {
        "location": {
          "x": 0.0,
          "y": 0.0,
          "z": 0.0
        },
        "rotation_quaternion": {
          "w": 0.9867096543312073,
          "x": 0.06812760978937149,
          "y": -0.07210160046815872,
          "z": -0.1287018209695816
        },
        "scale": {
          "x": 1.0,
          "y": 1.0,
          "z": 1.0
        },
        "matrix_basis": [
          [
            0.9564744234085083,
            0.24415843188762665,
            -0.1598229855298996,
            0.0
          ],
          [
            -0.26380687952041626,
            0.9575889110565186,
            -0.11588512361049652,
            0.0
          ],
          [
            0.12475039809942245,
            0.15300355851650238,
            0.9803199768066406,
            0.0
          ],
          [
            0.0,
            0.0,
            0.0,
            1.0
          ]
        ],
        "rotation_mode": "QUATERNION"
      },
      "armature_space": {
        "head": {
          "x": 0.031292155385017395,
          "y": 0.05987720191478729,
          "z": 0.5593246221542358
        },
        "tail": {
          "x": 0.057469096034765244,
          "y": 0.020947732031345367,
          "z": 0.6504838466644287
        }
      },
      "world_space": {
        "head": {
          "x": 0.031292155385017395,
          "y": 0.12312120199203491,
          "z": 1.509178638458252
        },
        "tail": {
          "x": 0.057469096034765244,
          "y": 0.08419173210859299,
          "z": 1.6003378629684448
        },
        "rotation_quaternion": {
          "w": 0.5559313893318176,
          "x": 0.8104522824287415,
          "y": 0.03286292031407356,
          "z": -0.18173466622829437
        },
        "matrix": [
          [
            0.9317854642868042,
            0.2553316354751587,
            -0.2580341398715973,
            0.031292155385017395
          ],
          [
            -0.14879506826400757,
            -0.37972065806388855,
            -0.9130567312240601,
            0.12312120199203491
          ],
          [
            -0.33111560344696045,
            0.8891729116439819,
            -0.3158290982246399,
            1.509178638458252
          ],
          [
            0.0,
            0.0,
            0.0,
            1.0
          ]
        ]
      },
      "bone_length_armature_space": 0.10252190003499133,
      "parent": "spine_01",
      "has_children": true,
      "is_end_bone": false
    },
    "head": {
      "name": "head",
      "local": {
        "location": {
          "x": 0.0,
          "y": 0.0,
          "z": 0.0
        },
        "rotation_quaternion": {
          "w": 0.9823707938194275,
          "x": -0.005522961728274822,
          "y": -0.1484673172235489,
          "z": -0.11346657574176788
        },
        "scale": {
          "x": 1.0,
          "y": 1.0,
          "z": 1.0
        },
        "matrix_basis": [
          [
            0.9301655888557434,
            0.22457246482372284,
            -0.29044657945632935,
            0.0
          ],
          [
            -0.22129254043102264,
            0.9741896390914917,
            0.044543348252773285,
            0.0
          ],
          [
            0.2929532527923584,
            0.022840963676571846,
            0.9558538794517517,
            0.0
          ],
          [
            0.0,
            0.0,
            0.0,
            1.0
          ]
        ],
        "rotation_mode": "QUATERNION"
      },
      "armature_space": {
        "head": {
          "x": 0.05746903643012047,
          "y": 0.020947620272636414,
          "z": 0.6504836678504944
        },
        "tail": {
          "x": 0.13935159146785736,
          "y": 0.008553216233849525,
          "z": 0.781612753868103
        }
      },
      "world_space": {
        "head": {
          "x": 0.05746903643012047,
          "y": 0.08419162034988403,
          "z": 1.6003377437591553
        },
        "tail": {
          "x": 0.13935159146785736,
          "y": 0.071797214448452,
          "z": 1.7314667701721191
        },
        "rotation_quaternion": {
          "w": 0.6770968437194824,
          "x": 0.6450250148773193,
          "y": 0.0397624745965004,
          "z": -0.3519965410232544
        },
        "matrix": [
          [
            0.7490333318710327,
            0.5279672741889954,
            -0.40024954080581665,
            0.05746903643012047
          ],
          [
            -0.4253791570663452,
            -0.07991738617420197,
            -0.9014798998832703,
            0.08419162034988403
          ],
          [
            -0.5079426765441895,
            0.8455020785331726,
            0.16472579538822174,
            1.6003377437591553
          ],
          [
            0.0,
            0.0,
            0.0,
            1.0
          ]
        ]
      },
      "bone_length_armature_space": 0.15509097625736737,
      "parent": "neck_01",
      "has_children": false,
      "is_end_bone": true
    },
    "upperarm_l": {
      "name": "upperarm_l",
      "local": {
        "location": {
          "x": 0.0,
          "y": 0.0,
          "z": 0.0
        },
        "rotation_quaternion": {
          "w": 0.9303436279296875,
          "x": 0.06525155901908875,
          "y": 0.35758650302886963,
          "z": 0.048321742564439774
        },
        "scale": {
          "x": 1.0,
          "y": 1.0,
          "z": 1.0
        },
        "matrix_basis": [
          [
            0.7395938038825989,
            -0.04324549809098244,
            0.6716628074645996,
            0.0
          ],
          [
            0.1365777999162674,
            0.9868144989013672,
            -0.08685433864593506,
            0.0
          ],
          [
            -0.6590505242347717,
            0.15597115457057953,
            0.7357482314109802,
            0.0
          ],
          [
            0.0,
            0.0,
            0.0,
            1.0
          ]
        ],
        "rotation_mode": "QUATERNION"
      },
      "armature_space": {
        "head": {
          "x": 0.1760641187429428,
          "y": 0.0324062816798687,
          "z": 0.48643046617507935
        },
        "tail": {
          "x": 0.43860870599746704,
          "y": -0.021163906902074814,
          "z": 0.4835704565048218
        }
      },
      "world_space": {
        "head": {
          "x": 0.1760641187429428,
          "y": 0.09565028548240662,
          "z": 1.4362845420837402
        },
        "tail": {
          "x": 0.43860870599746704,
          "y": 0.042080093175172806,
          "z": 1.433424472808838
        },
        "rotation_quaternion": {
          "w": 0.29670676589012146,
          "x": 0.6800544261932373,
          "y": 0.5585766434669495,
          "z": -0.37078753113746643
        },
        "matrix": [
          [
            0.10101619362831116,
            0.9797557592391968,
            -0.17284171283245087,
            0.1760641187429428
          ],
          [
            0.5396944880485535,
            -0.19991156458854675,
            -0.8177808523178101,
            0.09565028548240662
          ],
          [
            -0.8357839584350586,
            -0.01067289151251316,
            -0.548967719078064,
            1.4362845420837402
          ],
          [
            0.0,
            0.0,
            0.0,
            1.0
          ]
        ]
      },
      "bone_length_armature_space": 0.2679693911364914,
      "parent": "spine_01",
      "has_children": true,
      "is_end_bone": false
    },
    "lowerarm_l": {
      "name": "lowerarm_l",
      "local": {
        "location": {
          "x": 0.0,
          "y": 0.0,
          "z": 0.0
        },
        "rotation_quaternion": {
          "w": 0.9192986488342285,
          "x": 0.32122382521629333,
          "y": 0.18643003702163696,
          "z": -0.13018934428691864
        },
        "scale": {
          "x": 1.0,
          "y": 1.0,
          "z": 1.0
        },
        "matrix_basis": [
          [
            0.8965891599655151,
            0.35913732647895813,
            0.25912991166114807,
            0.0
          ],
          [
            -0.11959423869848251,
            0.7597319483757019,
            -0.6391436457633972,
            0.0
          ],
          [
            -0.42640960216522217,
            0.5420588254928589,
            0.724118173122406,
            0.0
          ],
          [
            0.0,
            0.0,
            0.0,
            1.0
          ]
        ],
        "rotation_mode": "QUATERNION"
      },
      "armature_space": {
        "head": {
          "x": 0.4386087954044342,
          "y": -0.021164029836654663,
          "z": 0.48357051610946655
        },
        "tail": {
          "x": 0.5983732342720032,
          "y": -0.17314061522483826,
          "z": 0.3320840001106262
        }
      },
      "world_space": {
        "head": {
          "x": 0.4386087954044342,
          "y": 0.04207997024059296,
          "z": 1.433424472808838
        },
        "tail": {
          "x": 0.5983732342720032,
          "y": -0.10989661514759064,
          "z": 1.281938076019287
        },
        "rotation_quaternion": {
          "w": 0.08878615498542786,
          "x": -0.7471063137054443,
          "y": -0.45615115761756897,
          "z": 0.47526344656944275
        },
        "matrix": [
          [
            0.13210000097751617,
            0.597195565700531,
            -0.7911426424980164,
            0.4386087954044342
          ],
          [
            0.76598060131073,
            -0.5680847764015198,
            -0.3009214401245117,
            0.04207997024059296
          ],
          [
            -0.6291488409042358,
            -0.5662528276443481,
            -0.5324883460998535,
            1.433424472808838
          ],
          [
            0.0,
            0.0,
            0.0,
            1.0
          ]
        ]
      },
      "bone_length_armature_space": 0.2675251803957822,
      "parent": "upperarm_l",
      "has_children": true,
      "is_end_bone": false
    },
    "metacarpal_thumb_l": {
      "name": "metacarpal_thumb_l",
      "local": {
        "location": {
          "x": 0.0,
          "y": 0.0,
          "z": 0.0
        },
        "rotation_quaternion": {
          "w": 0.9994237422943115,
          "x": 0.03085501305758953,
          "y": -0.006085284985601902,
          "z": -0.012777320109307766
        },
        "scale": {
          "x": 1.0,
          "y": 1.0,
          "z": 1.0
        },
        "matrix_basis": [
          [
            0.9995993971824646,
            0.025164391845464706,
            -0.012952045537531376,
            0.0
          ],
          [
            -0.025915436446666718,
            0.9977694153785706,
            -0.06151895970106125,
            0.0
          ],
          [
            0.011375067755579948,
            0.06182997301220894,
            0.9980219006538391,
            0.0
          ],
          [
            0.0,
            0.0,
            0.0,
            1.0
          ]
        ],
        "rotation_mode": "QUATERNION"
      },
      "armature_space": {
        "head": {
          "x": 0.5983732342720032,
          "y": -0.17314061522483826,
          "z": 0.3320840001106262
        },
        "tail": {
          "x": 0.6012560725212097,
          "y": -0.1944735050201416,
          "z": 0.2874722182750702
        }
      },
      "world_space": {
        "head": {
          "x": 0.5983732342720032,
          "y": -0.10989661514759064,
          "z": 1.281938076019287
        },
        "tail": {
          "x": 0.6012560725212097,
          "y": -0.13122950494289398,
          "z": 1.2373262643814087
        },
        "rotation_quaternion": {
          "w": 0.5333807468414307,
          "x": -0.8450912833213806,
          "y": -0.012957494705915451,
          "z": -0.034027501940727234
        },
        "matrix": [
          [
            0.9973482489585876,
            0.05819970369338989,
            0.04368981719017029,
            0.5983732342720032
          ],
          [
            -0.014398287981748581,
            -0.43067464232444763,
            0.902392566204071,
            -0.10989661514759064
          ],
          [
            0.07133559882640839,
            -0.9006354212760925,
            -0.4286969304084778,
            1.281938076019287
          ],
          [
            0.0,
            0.0,
            0.0,
            1.0
          ]
        ]
      },
      "bone_length_armature_space": 0.04953396705910338,
      "parent": "lowerarm_l",
      "has_children": true,
      "is_end_bone": false
    },
    "thumb_01_l": {
      "name": "thumb_01_l",
      "local": {
        "location": {
          "x": 0.0,
          "y": 0.0,
          "z": 0.0
        },
        "rotation_quaternion": {
          "w": 0.9988057017326355,
          "x": -0.04566488042473793,
          "y": 0.005701159592717886,
          "z": 0.01641416735947132
        },
        "scale": {
          "x": 1.0,
          "y": 1.0,
          "z": 1.0
        },
        "matrix_basis": [
          [
            0.9993961453437805,
            -0.03330981358885765,
            0.009889599867165089,
            0.0
          ],
          [
            0.03226844221353531,
            0.9952905774116516,
            0.09140784293413162,
            0.0
          ],
          [
            -0.012887803837656975,
            -0.09103352576494217,
            0.995764434337616,
            0.0
          ],
          [
            0.0,
            0.0,
            0.0,
            1.0
          ]
        ],
        "rotation_mode": "QUATERNION"
      },
      "armature_space": {
        "head": {
          "x": 0.6012560725212097,
          "y": -0.1944735050201416,
          "z": 0.2874722182750702
        },
        "tail": {
          "x": 0.5964583158493042,
          "y": -0.18042661249637604,
          "z": 0.25684046745300293
        }
      },
      "world_space": {
        "head": {
          "x": 0.6012560725212097,
          "y": -0.13122950494289398,
          "z": 1.2373262643814087
        },
        "tail": {
          "x": 0.5964583158493042,
          "y": -0.11718261241912842,
          "z": 1.206694483757019
        },
        "rotation_quaternion": {
          "w": 0.5653732419013977,
          "x": -0.42219892144203186,
          "y": 0.6218451261520386,
          "z": -0.3397201895713806
        },
        "matrix": [
          [
            -0.004203181713819504,
            -0.14094999432563782,
            0.9900075793266296,
            0.6012560725212097
          ],
          [
            -0.9092226028442383,
            0.41267555952072144,
            0.054893609136343,
            -0.13122950494289398
          ],
          [
            -0.41629281640052795,
            -0.8999127149581909,
            -0.12989039719104767,
            1.2373262643814087
          ],
          [
            0.0,
            0.0,
            0.0,
            1.0
          ]
        ]
      },
      "bone_length_armature_space": 0.03403876966768883,
      "parent": "metacarpal_thumb_l",
      "has_children": true,
      "is_end_bone": false
    },
    "thumb_02_l": {
      "name": "thumb_02_l",
      "local": {
        "location": {
          "x": 0.0,
          "y": 0.0,
          "z": 0.0
        },
        "rotation_quaternion": {
          "w": 0.9929047226905823,
          "x": 0.11859235167503357,
          "y": -0.008706181310117245,
          "z": -0.0006477262359112501
        },
        "scale": {
          "x": 1.0,
          "y": 1.0,
          "z": 1.0
        },
        "matrix_basis": [
          [
            0.9998475909233093,
            -0.000778712157625705,
            -0.017442448064684868,
            0.0
          ],
          [
            -0.0033512338995933533,
            0.9718708395957947,
            -0.23549053072929382,
            0.0
          ],
          [
            0.01713518612086773,
            0.2355130910873413,
            0.9717200994491577,
            0.0
          ],
          [
            0.0,
            0.0,
            0.0,
            1.0
          ]
        ],
        "rotation_mode": "QUATERNION"
      },
      "armature_space": {
        "head": {
          "x": 0.5964582562446594,
          "y": -0.18042658269405365,
          "z": 0.2568404972553253
        },
        "tail": {
          "x": 0.6220217347145081,
          "y": -0.19912023842334747,
          "z": 0.23213736712932587
        }
      },
      "world_space": {
        "head": {
          "x": 0.5964582562446594,
          "y": -0.11718258261680603,
          "z": 1.206694483757019
        },
        "tail": {
          "x": 0.6220217347145081,
          "y": -0.13587623834609985,
          "z": 1.1819913387298584
        },
        "rotation_quaternion": {
          "w": 0.40651094913482666,
          "x": -0.08739033341407776,
          "y": 0.31942808628082275,
          "z": -0.8515148162841797
        },
        "matrix": [
          [
            -0.6542222499847412,
            0.6364703178405762,
            0.4085318446159363,
            0.5964582562446594
          ],
          [
            -0.7481314539909363,
            -0.46542859077453613,
            -0.4729437232017517,
            -0.11718258261680603
          ],
          [
            -0.11087366938591003,
            -0.6150504946708679,
            0.7806624174118042,
            1.206694483757019
          ],
          [
            0.0,
            0.0,
            0.0,
            1.0
          ]
        ]
      },
      "bone_length_armature_space": 0.040164521981636434,
      "parent": "thumb_01_l",
      "has_children": true,
      "is_end_bone": false
    },
    "thumb_03_l": {
      "name": "thumb_03_l",
      "local": {
        "location": {
          "x": 0.0,
          "y": 0.0,
          "z": 0.0
        },
        "rotation_quaternion": {
          "w": 0.9971422553062439,
          "x": 0.07549753040075302,
          "y": -0.002341166138648987,
          "z": -0.0014546706806868315
        },
        "scale": {
          "x": 1.0,
          "y": 1.0,
          "z": 1.0
        },
        "matrix_basis": [
          [
            0.9999848008155823,
            0.002547522773966193,
            -0.004888599272817373,
            0.0
          ],
          [
            -0.0032545316498726606,
            0.9885960221290588,
            -0.150556743144989,
            0.0
          ],
          [
            0.004449303261935711,
            0.1505703628063202,
            0.9885892868041992,
            0.0
          ],
          [
            0.0,
            0.0,
            0.0,
            1.0
          ]
        ],
        "rotation_mode": "QUATERNION"
      },
      "armature_space": {
        "head": {
          "x": 0.6220216155052185,
          "y": -0.19912023842334747,
          "z": 0.23213732242584229
        },
        "tail": {
          "x": 0.646631121635437,
          "y": -0.21556130051612854,
          "z": 0.22499893605709076
        }
      },
      "world_space": {
        "head": {
          "x": 0.6220216155052185,
          "y": -0.13587623834609985,
          "z": 1.1819913387298584
        },
        "tail": {
          "x": 0.646631121635437,
          "y": -0.15231730043888092,
          "z": 1.174852967262268
        },
        "rotation_quaternion": {
          "w": 0.4218139350414276,
          "x": 0.18594789505004883,
          "y": 0.2281646430492401,
          "z": -0.8575764894485474
        },
        "matrix": [
          [
            -0.5749924778938293,
            0.8083289265632629,
            -0.12644144892692566,
            0.6220216155052185
          ],
          [
            -0.6386229395866394,
            -0.5400269627571106,
            -0.5482078790664673,
            -0.13587623834609985
          ],
          [
            -0.5114182233810425,
            -0.23446893692016602,
            0.8267343640327454,
            1.1819913387298584
          ],
          [
            0.0,
            0.0,
            0.0,
            1.0
          ]
        ]
      },
      "bone_length_armature_space": 0.030444915155779635,
      "parent": "thumb_02_l",
      "has_children": false,
      "is_end_bone": true
    },
    "metacarpal_index_l": {
      "name": "metacarpal_index_l",
      "local": {
        "location": {
          "x": 0.0,
          "y": 0.0,
          "z": 0.0
        },
        "rotation_quaternion": {
          "w": 0.999686062335968,
          "x": -0.019038675352931023,
          "y": 0.001843518577516079,
          "z": -0.016187848523259163
        },
        "scale": {
          "x": 1.0,
          "y": 1.0,
          "z": 1.0
        },
        "matrix_basis": [
          [
            0.9994691014289856,
            0.032295335084199905,
            0.004302270244807005,
            0.0
          ],
          [
            -0.03243573009967804,
            0.9987509846687317,
            0.03800571337342262,
            0.0
          ],
          [
            -0.003069489262998104,
            -0.03812508285045624,
            0.9992682337760925,
            0.0
          ],
          [
            0.0,
            0.0,
            0.0,
            1.0
          ]
        ],
        "rotation_mode": "QUATERNION"
      },
      "armature_space": {
        "head": {
          "x": 0.5983732342720032,
          "y": -0.17314061522483826,
          "z": 0.3320840001106262
        },
        "tail": {
          "x": 0.6425167322158813,
          "y": -0.2430633306503296,
          "z": 0.2490690052509308
        }
      },
      "world_space": {
        "head": {
          "x": 0.5983732342720032,
          "y": -0.10989661514759064,
          "z": 1.281938076019287
        },
        "tail": {
          "x": 0.6425167322158813,
          "y": -0.17981933057308197,
          "z": 1.1989229917526245
        },
        "rotation_quaternion": {
          "w": 0.35918787121772766,
          "x": -0.8828227519989014,
          "y": -0.2694571018218994,
          "z": 0.1378442794084549
        },
        "matrix": [
          [
            0.8167828321456909,
            0.3767419755458832,
            -0.4369562864303589,
            0.5983732342720032
          ],
          [
            0.5747905373573303,
            -0.5967540740966797,
            0.5599111914634705,
            -0.10989661514759064
          ],
          [
            -0.04981319606304169,
            -0.7084900140762329,
            -0.7039708495140076,
            1.281938076019287
          ],
          [
            0.0,
            0.0,
            0.0,
            1.0
          ]
        ]
      },
      "bone_length_armature_space": 0.11717219749516436,
      "parent": "lowerarm_l",
      "has_children": true,
      "is_end_bone": false
    },
    "index_01_l": {
      "name": "index_01_l",
      "local": {
        "location": {
          "x": 0.0,
          "y": 0.0,
          "z": 0.0
        },
        "rotation_quaternion": {
          "w": 0.9926944971084595,
          "x": -0.12022286653518677,
          "y": -0.008233880624175072,
          "z": -0.006035820115357637
        },
        "scale": {
          "x": 1.0,
          "y": 1.0,
          "z": 1.0
        },
        "matrix_basis": [
          [
            0.9997915625572205,
            0.013963252305984497,
            -0.014896168373525143,
            0.0
          ],
          [
            -0.0100036496296525,
            0.9710200428962708,
            0.23878854513168335,
            0.0
          ],
          [
            0.017798742279410362,
            -0.23858976364135742,
            0.970957338809967,
            0.0
          ],
          [
            0.0,
            0.0,
            0.0,
            1.0
          ]
        ],
        "rotation_mode": "QUATERNION"
      },
      "armature_space": {
        "head": {
          "x": 0.6425167322158813,
          "y": -0.2430633306503296,
          "z": 0.2490690052509308
        },
        "tail": {
          "x": 0.6641804575920105,
          "y": -0.2582182288169861,
          "z": 0.23838800191879272
        }
      },
      "world_space": {
        "head": {
          "x": 0.6425167322158813,
          "y": -0.17981933057308197,
          "z": 1.1989229917526245
        },
        "tail": {
          "x": 0.6641804575920105,
          "y": -0.19497422873973846,
          "z": 1.188241958618164
        },
        "rotation_quaternion": {
          "w": 0.2172755002975464,
          "x": -0.8750421404838562,
          "y": -0.4324924647808075,
          "z": -0.006555818021297455
        },
        "matrix": [
          [
            0.6258140206336975,
            0.7597469091415405,
            -0.17646825313568115,
            0.6425167322158813
          ],
          [
            0.7540502548217773,
            -0.531482994556427,
            0.38591986894607544,
            -0.17981933057308197
          ],
          [
            0.19941380620002747,
            -0.37458333373069763,
            -0.9055031538009644,
            1.1989229917526245
          ],
          [
            0.0,
            0.0,
            0.0,
            1.0
          ]
        ]
      },
      "bone_length_armature_space": 0.0285144133516558,
      "parent": "metacarpal_index_l",
      "has_children": true,
      "is_end_bone": false
    },
    "index_02_l": {
      "name": "index_02_l",
      "local": {
        "location": {
          "x": 0.0,
          "y": 0.0,
          "z": 0.0
        },
        "rotation_quaternion": {
          "w": 0.9995681047439575,
          "x": 0.02863415889441967,
          "y": -0.0004561589448712766,
          "z": -0.006598135456442833
        },
        "scale": {
          "x": 1.0,
          "y": 1.0,
          "z": 1.0
        },
        "matrix_basis": [
          [
            0.9999125003814697,
            0.013164447620511055,
            -0.0012897879350930452,
            0.0
          ],
          [
            -0.013216694816946983,
            0.9982730746269226,
            -0.05723756551742554,
            0.0
          ],
          [
            0.0005340597708709538,
            0.05724960193037987,
            0.998359739780426,
            0.0
          ],
          [
            0.0,
            0.0,
            0.0,
            1.0
          ]
        ],
        "rotation_mode": "QUATERNION"
      },
      "armature_space": {
        "head": {
          "x": 0.6641805171966553,
          "y": -0.2582184970378876,
          "z": 0.23838752508163452
        },
        "tail": {
          "x": 0.6841925382614136,
          "y": -0.2708229422569275,
          "z": 0.22845084965229034
        }
      },
      "world_space": {
        "head": {
          "x": 0.6641805171966553,
          "y": -0.19497449696063995,
          "z": 1.1882414817810059
        },
        "tail": {
          "x": 0.6841925382614136,
          "y": -0.20757894217967987,
          "z": 1.17830491065979
        },
        "rotation_quaternion": {
          "w": 0.21203957498073578,
          "x": -0.8632087707519531,
          "y": -0.4575691819190979,
          "z": 0.02324580028653145
        },
        "matrix": [
          [
            0.5801794528961182,
            0.7800971865653992,
            -0.23417894542217255,
            0.6641805171966553
          ],
          [
            0.7998142838478088,
            -0.49133893847465515,
            0.34479424357414246,
            -0.19497449696063995
          ],
          [
            0.15391376614570618,
            -0.3873455822467804,
            -0.9090040922164917,
            1.1882414817810059
          ],
          [
            0.0,
            0.0,
            0.0,
            1.0
          ]
        ]
      },
      "bone_length_armature_space": 0.02565327540916349,
      "parent": "index_01_l",
      "has_children": true,
      "is_end_bone": false
    },
    "index_03_l": {
      "name": "index_03_l",
      "local": {
        "location": {
          "x": 0.0,
          "y": 0.0,
          "z": 0.0
        },
        "rotation_quaternion": {
          "w": 0.9998495578765869,
          "x": 0.015279998071491718,
          "y": -0.008148005232214928,
          "z": -0.0010228038299828768
        },
        "scale": {
          "x": 1.0,
          "y": 1.0,
          "z": 1.0
        },
        "matrix_basis": [
          [
            0.9998651146888733,
            0.0017962969141080976,
            -0.016324816271662712,
            0.0
          ],
          [
            -0.0022943029180169106,
            0.9995309710502625,
            -0.030538730323314667,
            0.0
          ],
          [
            0.016262302175164223,
            0.030572066083550453,
            0.99940025806427,
            0.0
          ],
          [
            0.0,
            0.0,
            0.0,
            1.0
          ]
        ],
        "rotation_mode": "QUATERNION"
      },
      "armature_space": {
        "head": {
          "x": 0.6841925978660583,
          "y": -0.27082303166389465,
          "z": 0.2284509837627411
        },
        "tail": {
          "x": 0.7075166702270508,
          "y": -0.2816134989261627,
          "z": 0.21454821527004242
        }
      },
      "world_space": {
        "head": {
          "x": 0.6841925978660583,
          "y": -0.20757903158664703,
          "z": 1.1783050298690796
        },
        "tail": {
          "x": 0.7075166702270508,
          "y": -0.2183694988489151,
          "z": 1.1644022464752197
        },
        "rotation_quaternion": {
          "w": 0.2769850790500641,
          "x": -0.8272413015365601,
          "y": -0.48849645256996155,
          "z": 0.017959633842110634
        },
        "matrix": [
          [
            0.5220962166786194,
            0.798259437084198,
            -0.30032819509506226,
            0.6841925978660583
          ],
          [
            0.8181591033935547,
            -0.3693002760410309,
            0.4407186210155487,
            -0.20757903158664703
          ],
          [
            0.24089914560317993,
            -0.4758177101612091,
            -0.8459193706512451,
            1.1783050298690796
          ],
          [
            0.0,
            0.0,
            0.0,
            1.0
          ]
        ]
      },
      "bone_length_armature_space": 0.029218718466894708,
      "parent": "index_02_l",
      "has_children": false,
      "is_end_bone": true
    },
    "metacarpal_pinky_l": {
      "name": "metacarpal_pinky_l",
      "local": {
        "location": {
          "x": 0.0,
          "y": 0.0,
          "z": 0.0
        },
        "rotation_quaternion": {
          "w": 0.9995473623275757,
          "x": 0.02975822426378727,
          "y": 0.0041697099804878235,
          "z": -0.0014705986250191927
        },
        "scale": {
          "x": 1.0,
          "y": 1.0,
          "z": 1.0
        },
        "matrix_basis": [
          [
            0.9999608993530273,
            0.003188032191246748,
            0.008248120546340942,
            0.0
          ],
          [
            -0.002691699657589197,
            0.9982245564460754,
            -0.0595017746090889,
            0.0
          ],
          [
            -0.008423170074820518,
            0.059477243572473526,
            0.9981940984725952,
            0.0
          ],
          [
            0.0,
            0.0,
            0.0,
            1.0
          ]
        ],
        "rotation_mode": "QUATERNION"
      },
      "armature_space": {
        "head": {
          "x": 0.5983732342720032,
          "y": -0.17314061522483826,
          "z": 0.3320840001106262
        },
        "tail": {
          "x": 0.680678129196167,
          "y": -0.22490334510803223,
          "z": 0.29480457305908203
        }
      },
      "world_space": {
        "head": {
          "x": 0.5983732342720032,
          "y": -0.10989661514759064,
          "z": 1.281938076019287
        },
        "tail": {
          "x": 0.680678129196167,
          "y": -0.1616593450307846,
          "z": 1.2446585893630981
        },
        "rotation_quaternion": {
          "w": 0.3251436650753021,
          "x": 0.368526428937912,
          "y": 0.38175249099731445,
          "z": -0.7827739119529724
        },
        "matrix": [
          [
            -0.5169397592544556,
            0.7903996706008911,
            -0.32869625091552734,
            0.5983732342720032
          ],
          [
            -0.22765836119651794,
            -0.4970936179161072,
            -0.8372991681098938,
            -0.10989661514759064
          ],
          [
            -0.8252000212669373,
            -0.35800591111183167,
            0.43691086769104004,
            1.281938076019287
          ],
          [
            0.0,
            0.0,
            0.0,
            1.0
          ]
        ]
      },
      "bone_length_armature_space": 0.10413083873456293,
      "parent": "lowerarm_l",
      "has_children": true,
      "is_end_bone": false
    },
    "pinky_01_l": {
      "name": "pinky_01_l",
      "local": {
        "location": {
          "x": 0.0,
          "y": 0.0,
          "z": 0.0
        },
        "rotation_quaternion": {
          "w": 0.992664098739624,
          "x": -0.1197645515203476,
          "y": 0.015307044610381126,
          "z": 0.006334821227937937
        },
        "scale": {
          "x": 1.0,
          "y": 1.0,
          "z": 1.0
        },
        "matrix_basis": [
          [
            0.9994511008262634,
            -0.016243182122707367,
            0.028872134163975716,
            0.0
          ],
          [
            0.008910216391086578,
            0.9712326526641846,
            0.2379658818244934,
            0.0
          ],
          [
            -0.03190688043832779,
            -0.23757800459861755,
            0.9708442687988281,
            0.0
          ],
          [
            0.0,
            0.0,
            0.0,
            1.0
          ]
        ],
        "rotation_mode": "QUATERNION"
      },
      "armature_space": {
        "head": {
          "x": 0.680678129196167,
          "y": -0.22490334510803223,
          "z": 0.29480457305908203
