{
  "metadata": {
    "armature_name": "KIM_caucasian_male",
    "export_time": "2026-01-13T21:01:20.188516",
    "blender_version": "4.4.1",
    "bone_count": 56,
    "end_bone_count": 13,
    "spaces_included": [
      "LOCAL_CHANNELS",
      "ARMATURE_SPACE",
      "WORLD_SPACE"
    ],
    "note": "LOCAL matches Transform panel; replay pose via local.matrix_basis for best fidelity."
  },
  "bones": {
    "Root": {
      "name": "Root",
      "local": {
        "location": {
          "x": 0.0,
          "y": 0.0,
          "z": 0.0
        },
        "rotation_quaternion": {
          "w": 0.9997413754463196,
          "x": 0.006143408827483654,
          "y": 0.015114773996174335,
          "z": 0.01584409736096859
        },
        "scale": {
          "x": 1.0,
          "y": 1.0,
          "z": 1.0
        },
        "matrix_basis": [
          [
            0.9990410208702087,
            -0.03149428591132164,
            0.030416402965784073,
            0.0
          ],
          [
            0.03186571225523949,
            0.9994224309921265,
            -0.011804680339992046,
            0.0
          ],
          [
            -0.030027056112885475,
            0.012762599624693394,
            0.9994676113128662,
            0.0
          ],
          [
            0.0,
            0.0,
            0.0,
            1.0
          ]
        ],
        "rotation_mode": "QUATERNION"
      },
      "armature_space": {
        "head": {
          "x": 0.0,
          "y": 0.07072800397872925,
          "z": -0.009595036506652832
        },
        "tail": {
          "x": -0.0022479321341961622,
          "y": -8.160620927810669e-05,
          "z": -0.0009082211181521416
        }
      },
      "world_space": {
        "head": {
          "x": 0.0,
          "y": 0.13397200405597687,
          "z": 0.9402589797973633
        },
        "tail": {
          "x": -0.0022479321341961622,
          "y": 0.06316239386796951,
          "z": 0.9489458203315735
        },
        "rotation_quaternion": {
          "w": 0.06122078746557236,
          "x": 0.9978840947151184,
          "y": -0.014789855107665062,
          "z": 0.01614782027900219
        },
        "matrix": [
          [
            0.9990410208702087,
            -0.03149428591132164,
            0.030416402965784073,
            0.0
          ],
          [
            -0.027539946138858795,
            -0.992066502571106,
            -0.12266059219837189,
            0.13397200405597687
          ],
          [
            0.03403841331601143,
            0.12170521169900894,
            -0.9919895529747009,
            0.9402589797973633
          ],
          [
            0.0,
            0.0,
            0.0,
            1.0
          ]
        ]
      },
      "bone_length_armature_space": 0.07137587047432933,
      "parent": null,
      "has_children": true,
      "is_end_bone": false
    },
    "spine_01": {
      "name": "spine_01",
      "local": {
        "location": {
          "x": 0.0,
          "y": 0.0,
          "z": 0.0
        },
        "rotation_quaternion": {
          "w": 0.9979084730148315,
          "x": 0.040007881820201874,
          "y": -0.029558073729276657,
          "z": 0.04128577932715416
        },
        "scale": {
          "x": 1.0,
          "y": 1.0,
          "z": 1.0
        },
        "matrix_basis": [
          [
            0.994843602180481,
            -0.08476396650075912,
            -0.05568899214267731,
            0.0
          ],
          [
            0.08003374934196472,
            0.9933897256851196,
            -0.08228906244039536,
            0.0
          ],
          [
            0.06229601800441742,
            0.07740775495767593,
            0.995051383972168,
            0.0
          ],
          [
            0.0,
            0.0,
            0.0,
            1.0
          ]
        ],
        "rotation_mode": "QUATERNION"
      },
      "armature_space": {
        "head": {
          "x": -0.0022479321341961622,
          "y": -8.160620927810669e-05,
          "z": -0.0009082211181521416
        },
        "tail": {
          "x": -0.060688234865665436,
          "y": -0.01975465938448906,
          "z": 0.48318493366241455
        }
      },
      "world_space": {
        "head": {
          "x": -0.0022479321341961622,
          "y": 0.06316239386796951,
          "z": 0.9489458203315735
        },
        "tail": {
          "x": -0.060688234865665436,
          "y": 0.04348934069275856,
          "z": 1.4330389499664307
        },
        "rotation_quaternion": {
          "w": 0.6889944672584534,
          "x": 0.7211201786994934,
          "y": -0.07162176817655563,
          "z": 0.011943886056542397
        },
        "matrix": [
          [
            0.9894552826881409,
            -0.11975441873073578,
            -0.0814688503742218,
            -0.0022479321341961622
          ],
          [
            -0.08683802932500839,
            -0.04031353071331978,
            -0.995406448841095,
            0.06316239386796951
          ],
          [
            0.11592075973749161,
            0.9919916987419128,
            -0.05028893053531647,
            0.9489458203315735
          ],
          [
            0.0,
            0.0,
            0.0,
            1.0
          ]
        ]
      },
      "bone_length_armature_space": 0.4880045891423034,
      "parent": "Root",
      "has_children": true,
      "is_end_bone": false
    },
    "neck_01": {
      "name": "neck_01",
      "local": {
        "location": {
          "x": 0.0,
          "y": 0.0,
          "z": 0.0
        },
        "rotation_quaternion": {
          "w": 0.995263934135437,
          "x": -0.054323069751262665,
          "y": 0.08010216802358627,
          "z": 0.009085258468985558
        },
        "scale": {
          "x": 1.0,
          "y": 1.0,
          "z": 1.0
        },
        "matrix_basis": [
          [
            0.9870021939277649,
            -0.026787251234054565,
            0.15845851600170135,
            0.0
          ],
          [
            0.009381668642163277,
            0.9939329028129578,
            0.10958708077669144,
            0.0
          ],
          [
            -0.16043268144130707,
            -0.10667608678340912,
            0.9812653064727783,
            0.0
          ],
          [
            0.0,
            0.0,
            0.0,
            1.0
          ]
        ],
        "rotation_mode": "QUATERNION"
      },
      "armature_space": {
        "head": {
          "x": -0.0722818449139595,
          "y": -0.057227492332458496,
          "z": 0.5540729761123657
        },
        "tail": {
          "x": -0.08909530937671661,
          "y": -0.08941745012998581,
          "z": 0.6499471664428711
        }
      },
      "world_space": {
        "head": {
          "x": -0.0722818449139595,
          "y": 0.0060165077447891235,
          "z": 1.5039269924163818
        },
        "tail": {
          "x": -0.08909530937671661,
          "y": -0.02617345005273819,
          "z": 1.5998011827468872
        },
        "rotation_quaternion": {
          "w": 0.5846738219261169,
          "x": 0.8051687479019165,
          "y": -0.03413017839193344,
          "z": 0.09324727952480316
        },
        "matrix": [
          [
            0.980280339717865,
            -0.16399966180324554,
            0.11024858057498932,
            -0.0722818449139595
          ],
          [
            0.05407652258872986,
            -0.3139830231666565,
            -0.9478874802589417,
            0.0060165077447891235
          ],
          [
            0.19007079303264618,
            0.9351632595062256,
            -0.29892584681510925,
            1.5039269924163818
          ],
          [
            0.0,
            0.0,
            0.0,
            1.0
          ]
        ]
      },
      "bone_length_armature_space": 0.1025219311197542,
      "parent": "spine_01",
      "has_children": true,
      "is_end_bone": false
    },
    "head": {
      "name": "head",
      "local": {
        "location": {
          "x": 0.0,
          "y": 0.0,
          "z": 0.0
        },
        "rotation_quaternion": {
          "w": 0.9838778972625732,
          "x": 0.0005898282397538424,
          "y": -0.16293884813785553,
          "z": 0.07372183352708817
        },
        "scale": {
          "x": 1.0,
          "y": 1.0,
          "z": 1.0
        },
        "matrix_basis": [
          [
            0.9360320568084717,
            -0.14525878429412842,
            -0.32053688168525696,
            0.0
          ],
          [
            0.14487434923648834,
            0.9891294836997986,
            -0.025184938684105873,
            0.0
          ],
          [
            0.32071083784103394,
            -0.022863663733005524,
            0.9469011425971985,
            0.0
          ],
          [
            0.0,
            0.0,
            0.0,
            1.0
          ]
        ],
        "rotation_mode": "QUATERNION"
      },
      "armature_space": {
        "head": {
          "x": -0.08909527957439423,
          "y": -0.08941757678985596,
          "z": 0.6499470472335815
        },
        "tail": {
          "x": -0.14098869264125824,
          "y": -0.07938029617071152,
          "z": 0.7957537770271301
        }
      },
      "world_space": {
        "head": {
          "x": -0.08909527957439423,
          "y": -0.026173576712608337,
          "z": 1.5998010635375977
        },
        "tail": {
          "x": -0.14098869264125824,
          "y": -0.016136296093463898,
          "z": 1.745607852935791
        },
        "rotation_quaternion": {
          "w": 0.6958965063095093,
          "x": 0.6833831667900085,
          "y": -0.21928827464580536,
          "z": 0.025065116584300995
        },
        "matrix": [
          [
            0.9025682806968689,
            -0.334601491689682,
            -0.27094781398773193,
            -0.08909527957439423
          ],
          [
            -0.26483243703842163,
            0.06471899151802063,
            -0.9621203541755676,
            -0.026173576712608337
          ],
          [
            0.339464396238327,
            0.9401414394378662,
            -0.030201178044080734,
            1.5998010635375977
          ],
          [
            0.0,
            0.0,
            0.0,
            1.0
          ]
        ]
      },
      "bone_length_armature_space": 0.15509118406334962,
      "parent": "neck_01",
      "has_children": false,
      "is_end_bone": true
    },
    "upperarm_l": {
      "name": "upperarm_l",
      "local": {
        "location": {
          "x": 0.0,
          "y": 0.0,
          "z": 0.0
        },
        "rotation_quaternion": {
          "w": 0.8535405993461609,
          "x": -0.1551332324743271,
          "y": 0.49078619480133057,
          "z": 0.08081541955471039
        },
        "scale": {
          "x": 1.0,
          "y": 1.0,
          "z": 1.0
        },
        "matrix_basis": [
          [
            0.5051955580711365,
            -0.29023298621177673,
            0.8127375841140747,
            0.0
          ],
          [
            -0.014316014014184475,
            0.938805103302002,
            0.34415119886398315,
            0.0
          ],
          [
            -0.8628861904144287,
            -0.18549883365631104,
            0.4701251685619354,
            0.0
          ],
          [
            0.0,
            0.0,
            0.0,
            1.0
          ]
        ],
        "rotation_mode": "QUATERNION"
      },
      "armature_space": {
        "head": {
          "x": 0.08392505347728729,
          "y": -0.07071828842163086,
          "z": 0.5046312212944031
        },
        "tail": {
          "x": 0.3283548355102539,
          "y": -0.0381120964884758,
          "z": 0.6095058917999268
        }
      },
      "world_space": {
        "head": {
          "x": 0.08392505347728729,
          "y": -0.00747428834438324,
          "z": 1.4544851779937744
        },
        "tail": {
          "x": 0.3283548355102539,
          "y": 0.02513190358877182,
          "z": 1.5593599081039429
        },
        "rotation_quaternion": {
          "w": 0.31031253933906555,
          "x": 0.6625317931175232,
          "y": 0.6815765500068665,
          "z": -0.014537577517330647
        },
        "matrix": [
          [
            0.07048629224300385,
            0.9121555089950562,
            0.4037376642227173,
            0.08392505347728729
          ],
          [
            0.8941087126731873,
            0.12167876958847046,
            -0.43100351095199585,
            -0.00747428834438324
          ],
          [
            -0.44227081537246704,
            0.39136800169944763,
            -0.8069956302642822,
            1.4544851779937744
          ],
          [
            0.0,
            0.0,
            0.0,
            1.0
          ]
        ]
      },
      "bone_length_armature_space": 0.2679697348389587,
      "parent": "spine_01",
      "has_children": true,
      "is_end_bone": false
    },
    "lowerarm_l": {
      "name": "lowerarm_l",
      "local": {
        "location": {
          "x": 0.0,
          "y": 0.0,
          "z": 0.0
        },
        "rotation_quaternion": {
          "w": 0.9939284324645996,
          "x": 0.04289257526397705,
          "y": 0.07480739802122116,
          "z": -0.06834014505147934
        },
        "scale": {
          "x": 1.0,
          "y": 1.0,
          "z": 1.0
        },
        "matrix_basis": [
          [
            0.97946697473526,
            0.14226779341697693,
            0.1428438276052475,
            0.0
          ],
          [
            -0.1294330656528473,
            0.9869797229766846,
            -0.09548899531364441,
            0.0
          ],
          [
            -0.15456897020339966,
            0.07503960281610489,
            0.9851281642913818,
            0.0
          ],
          [
            0.0,
            0.0,
            0.0,
            1.0
          ]
        ],
        "rotation_mode": "QUATERNION"
      },
      "armature_space": {
        "head": {
          "x": 0.32835492491722107,
          "y": -0.03811221569776535,
          "z": 0.6095058917999268
        },
        "tail": {
          "x": 0.5902038812637329,
          "y": -0.01593632623553276,
          "z": 0.6596328020095825
        }
      },
      "world_space": {
        "head": {
          "x": 0.32835492491722107,
          "y": 0.02513178437948227,
          "z": 1.5593599081039429
        },
        "tail": {
          "x": 0.5902038812637329,
          "y": 0.04730767384171486,
          "z": 1.6094868183135986
        },
        "rotation_quaternion": {
          "w": 0.23165711760520935,
          "x": 0.6713521480560303,
          "y": 0.698414146900177,
          "z": -0.08853853493928909
        },
        "matrix": [
          [
            0.008758246898651123,
            0.9787851572036743,
            0.20470169186592102,
            0.32835492491722107
          ],
          [
            0.8967418670654297,
            0.08289293199777603,
            -0.43472179770469666,
            0.02513178437948227
          ],
          [
            -0.44246989488601685,
            0.18737319111824036,
            -0.8769983053207397,
            1.5593599081039429
          ],
          [
            0.0,
            0.0,
            0.0,
            1.0
          ]
        ]
      },
      "bone_length_armature_space": 0.26752449263004596,
      "parent": "upperarm_l",
      "has_children": true,
      "is_end_bone": false
    },
    "metacarpal_thumb_l": {
      "name": "metacarpal_thumb_l",
      "local": {
        "location": {
          "x": 0.0,
          "y": 0.0,
          "z": 0.0
        },
        "rotation_quaternion": {
          "w": 0.9997296929359436,
          "x": 0.0024898387491703033,
          "y": -0.012287834659218788,
          "z": 0.019580058753490448
        },
        "scale": {
          "x": 1.0,
          "y": 1.0,
          "z": 1.0
        },
        "matrix_basis": [
          [
            0.9989312887191772,
            -0.0392107218503952,
            -0.024471523240208626,
            0.0
          ],
          [
            0.03908834233880043,
            0.9992208480834961,
            -0.005459524691104889,
            0.0
          ],
          [
            0.024666529148817062,
            0.004497138317674398,
            0.9996856451034546,
            0.0
          ],
          [
            0.0,
            0.0,
            0.0,
            1.0
          ]
        ],
        "rotation_mode": "QUATERNION"
      },
      "armature_space": {
        "head": {
          "x": 0.5902038812637329,
          "y": -0.01593632623553276,
          "z": 0.6596328020095825
        },
        "tail": {
          "x": 0.6335803270339966,
          "y": -0.01795615255832672,
          "z": 0.6358001828193665
        }
      },
      "world_space": {
        "head": {
          "x": 0.5902038812637329,
          "y": 0.04730767384171486,
          "z": 1.6094868183135986
        },
        "tail": {
          "x": 0.6335803270339966,
          "y": 0.0452878475189209,
          "z": 1.5856542587280273
        },
        "rotation_quaternion": {
          "w": 0.48943182826042175,
          "x": -0.6927968859672546,
          "y": -0.48996701836586,
          "z": -0.2010505646467209
        },
        "matrix": [
          [
            0.43902042508125305,
            0.8756964206695557,
            -0.20103828608989716,
            0.5902038812637329
          ],
          [
            0.48209717869758606,
            -0.04077685624361038,
            0.87516850233078,
            0.04730767384171486
          ],
          [
            0.7581902146339417,
            -0.4811403751373291,
            -0.44007498025894165,
            1.6094868183135986
          ],
          [
            0.0,
            0.0,
            0.0,
            1.0
          ]
        ]
      },
      "bone_length_armature_space": 0.049533720864608194,
      "parent": "lowerarm_l",
      "has_children": true,
      "is_end_bone": false
    },
    "thumb_01_l": {
      "name": "thumb_01_l",
      "local": {
        "location": {
          "x": 0.0,
          "y": 0.0,
          "z": 0.0
        },
        "rotation_quaternion": {
          "w": 0.9798005819320679,
          "x": 0.1999560445547104,
          "y": -0.001424905494786799,
          "z": 0.0025595135521143675
        },
        "scale": {
          "x": 1.0,
          "y": 1.0,
          "z": 1.0
        },
        "matrix_basis": [
          [
            0.9999828338623047,
            -0.005585462786257267,
            -0.00176866608671844,
            0.0
          ],
          [
            0.004445788916200399,
            0.9200220704078674,
            -0.3918413817882538,
            0.0
          ],
          [
            0.0038158269599080086,
            0.3918268084526062,
            0.9200310707092285,
            0.0
          ],
          [
            0.0,
            0.0,
            0.0,
            1.0
          ]
        ],
        "rotation_mode": "QUATERNION"
      },
      "armature_space": {
        "head": {
          "x": 0.6335803270339966,
          "y": -0.01795615255832672,
          "z": 0.6358001828193665
        },
        "tail": {
          "x": 0.6517559885978699,
          "y": 0.007167946547269821,
          "z": 0.6217626333236694
        }
      },
      "world_space": {
        "head": {
          "x": 0.6335803270339966,
          "y": 0.0452878475189209,
          "z": 1.5856542587280273
        },
        "tail": {
          "x": 0.6517559885978699,
          "y": 0.07041195034980774,
          "z": 1.5716166496276855
        },
        "rotation_quaternion": {
          "w": 0.9267687797546387,
          "x": -0.188937246799469,
          "y": 0.10076280683279037,
          "z": -0.30862507224082947
        },
        "matrix": [
          [
            0.7891944050788879,
            0.533972442150116,
            0.3033895492553711,
            0.6335803270339966
          ],
          [
            -0.6101241707801819,
            0.7381066083908081,
            0.28800615668296814,
            0.0452878475189209
          ],
          [
            -0.0701475590467453,
            -0.4124004542827606,
            0.9083059430122375,
            1.5856542587280273
          ],
          [
            0.0,
            0.0,
            0.0,
            1.0
          ]
        ]
      },
      "bone_length_armature_space": 0.03403862236344755,
      "parent": "metacarpal_thumb_l",
      "has_children": true,
      "is_end_bone": false
    },
    "thumb_02_l": {
      "name": "thumb_02_l",
      "local": {
        "location": {
          "x": 0.0,
          "y": 0.0,
          "z": 0.0
        },
        "rotation_quaternion": {
          "w": 0.9329908490180969,
          "x": 0.3598913550376892,
          "y": -0.0020016380585730076,
          "z": -0.0015169964171946049
        },
        "scale": {
          "x": 1.0,
          "y": 1.0,
          "z": 1.0
        },
        "matrix_basis": [
          [
            0.9999873638153076,
            0.0013899430632591248,
            -0.004826927557587624,
            0.0
          ],
          [
            -0.00427143182605505,
            0.7409518361091614,
            -0.67154461145401,
            0.0
          ],
          [
            0.0026431120932102203,
            0.6715567708015442,
            0.7409484386444092,
            0.0
          ],
          [
            0.0,
            0.0,
            0.0,
            1.0
          ]
        ],
        "rotation_mode": "QUATERNION"
      },
      "armature_space": {
        "head": {
          "x": 0.6517559289932251,
          "y": 0.007167944684624672,
          "z": 0.6217626333236694
        },
        "tail": {
          "x": 0.6765475273132324,
          "y": -0.006884494796395302,
          "z": 0.6500662565231323
        }
      },
      "world_space": {
        "head": {
          "x": 0.6517559289932251,
          "y": 0.07041194289922714,
          "z": 1.5716166496276855
        },
        "tail": {
          "x": 0.6765475273132324,
          "y": 0.05635950714349747,
          "z": 1.5999202728271484
        },
        "rotation_quaternion": {
          "w": 0.5685413479804993,
          "x": 0.5757315158843994,
          "y": -0.042688336223363876,
          "z": -0.5860646963119507
        },
        "matrix": [
          [
            0.3094135820865631,
            0.6172526478767395,
            -0.7233685255050659,
            0.6517559289932251
          ],
          [
            -0.7155580520629883,
            -0.34987297654151917,
            -0.6046204566955566,
            0.07041194289922714
          ],
          [
            -0.6262959837913513,
            0.7046947479248047,
            0.33342647552490234,
            1.5716166496276855
          ],
          [
            0.0,
            0.0,
            0.0,
            1.0
          ]
        ]
      },
      "bone_length_armature_space": 0.04016453067702008,
      "parent": "thumb_01_l",
      "has_children": true,
      "is_end_bone": false
    },
    "thumb_03_l": {
      "name": "thumb_03_l",
      "local": {
        "location": {
          "x": 0.0,
          "y": 0.0,
          "z": 0.0
        },
        "rotation_quaternion": {
          "w": 0.9844511151313782,
          "x": 0.17549629509449005,
          "y": 0.006878538988530636,
          "z": -0.0031490863766521215
        },
        "scale": {
          "x": 1.0,
          "y": 1.0,
          "z": 1.0
        },
        "matrix_basis": [
          [
            0.9998855590820312,
            0.008614559657871723,
            0.012437865138053894,
            0.0
          ],
          [
            -0.0037859270814806223,
            0.9383822679519653,
            -0.3455783724784851,
            0.0
          ],
          [
            -0.014648476615548134,
            0.3454917371273041,
            0.9383074641227722,
            0.0
          ],
          [
            0.0,
            0.0,
            0.0,
            1.0
          ]
        ],
        "rotation_mode": "QUATERNION"
      },
      "armature_space": {
        "head": {
          "x": 0.6765475869178772,
          "y": -0.006884479895234108,
          "z": 0.6500661969184875
        },
        "tail": {
          "x": 0.6795886754989624,
          "y": -0.025830764323472977,
          "z": 0.6737027764320374
        }
      },
      "world_space": {
        "head": {
          "x": 0.6765475869178772,
          "y": 0.05635952204465866,
          "z": 1.5999202728271484
        },
        "tail": {
          "x": 0.6795886754989624,
          "y": 0.03741323575377464,
          "z": 1.6235568523406982
        },
        "rotation_quaternion": {
          "w": 0.4150036573410034,
          "x": 0.8189859986305237,
          "y": -0.12890006601810455,
          "z": -0.3747250735759735
        },
        "matrix": [
          [
            0.6859325766563416,
            0.09988860785961151,
            -0.7207763195037842,
            0.6765475869178772
          ],
          [
            -0.5221589207649231,
            -0.6223142147064209,
            -0.5831599831581116,
            0.05635952204465866
          ],
          [
            -0.5068045854568481,
            0.7763731479644775,
            -0.37471112608909607,
            1.5999202728271484
          ],
          [
            0.0,
            0.0,
            0.0,
            1.0
          ]
        ]
      },
      "bone_length_armature_space": 0.030444996545889943,
      "parent": "thumb_02_l",
      "has_children": false,
      "is_end_bone": true
    },
    "metacarpal_index_l": {
      "name": "metacarpal_index_l",
      "local": {
        "location": {
          "x": 0.0,
          "y": 0.0,
          "z": 0.0
        },
        "rotation_quaternion": {
          "w": 0.9989805817604065,
          "x": -0.04225008562207222,
          "y": -0.0006781747215427458,
          "z": -0.015887999907135963
        },
        "scale": {
          "x": 1.0,
          "y": 1.0,
          "z": 1.0
        },
        "matrix_basis": [
          [
            0.999494194984436,
            0.03180091083049774,
            -1.242804319190327e-05,
            0.0
          ],
          [
            -0.03168630227446556,
            0.9959250092506409,
            0.08443558216094971,
            0.0
          ],
          [
            0.00269750552251935,
            -0.0843924805521965,
            0.9964289665222168,
            0.0
          ],
          [
            0.0,
            0.0,
            0.0,
            1.0
          ]
        ],
        "rotation_mode": "QUATERNION"
      },
      "armature_space": {
        "head": {
          "x": 0.5902038812637329,
          "y": -0.01593632623553276,
          "z": 0.6596328020095825
        },
        "tail": {
          "x": 0.7073219418525696,
          "y": -0.018314532935619354,
          "z": 0.6570021510124207
        }
      },
      "world_space": {
        "head": {
          "x": 0.5902038812637329,
          "y": 0.04730767384171486,
          "z": 1.6094868183135986
        },
        "tail": {
          "x": 0.7073219418525696,
          "y": 0.044929467141628265,
          "z": 1.606856107711792
        },
        "rotation_quaternion": {
          "w": 0.17698627710342407,
          "x": -0.6949146389961243,
          "y": -0.677145779132843,
          "z": -0.16505473852157593
        },
        "matrix": [
          [
            0.028460143133997917,
            0.9995418190956116,
            -0.010296091437339783,
            0.5902038812637329
          ],
          [
            0.8826926350593567,
            -0.02029675431549549,
            0.4695124924182892,
            0.04730767384171486
          ],
          [
            0.4690924882888794,
            -0.022451072931289673,
            -0.8828718066215515,
            1.6094868183135986
          ],
          [
            0.0,
            0.0,
            0.0,
            1.0
          ]
        ]
      },
      "bone_length_armature_space": 0.117171737814905,
      "parent": "lowerarm_l",
      "has_children": true,
      "is_end_bone": false
    },
    "index_01_l": {
      "name": "index_01_l",
      "local": {
        "location": {
          "x": 0.0,
          "y": 0.0,
          "z": 0.0
        },
        "rotation_quaternion": {
          "w": 0.9670089483261108,
          "x": 0.2539786994457245,
          "y": -0.018863823264837265,
          "z": -0.005729128606617451
        },
        "scale": {
          "x": 1.0,
          "y": 1.0,
          "z": 1.0
        },
        "matrix_basis": [
          [
            0.9992226958274841,
            0.0014982186257839203,
            -0.03939312323927879,
            0.0
          ],
          [
            -0.020662255585193634,
            0.8709239959716797,
            -0.4909832179546356,
            0.0
          ],
          [
            0.03357281908392906,
            0.49141550064086914,
            0.8702779412269592,
            0.0
          ],
          [
            0.0,
            0.0,
            0.0,
            1.0
          ]
        ],
        "rotation_mode": "QUATERNION"
      },
      "armature_space": {
        "head": {
          "x": 0.7073219418525696,
          "y": -0.018314532935619354,
          "z": 0.6570021510124207
        },
        "tail": {
          "x": 0.7322332859039307,
          "y": -0.005577501840889454,
          "z": 0.6515010595321655
        }
      },
      "world_space": {
        "head": {
          "x": 0.7073219418525696,
          "y": 0.044929467141628265,
          "z": 1.606856107711792
        },
        "tail": {
          "x": 0.7322332859039307,
          "y": 0.05766649916768074,
          "z": 1.6013550758361816
        },
        "rotation_quaternion": {
          "w": 0.2367786467075348,
          "x": -0.5248768925666809,
          "y": -0.8168724775314331,
          "z": -0.03405337408185005
        },
        "matrix": [
          [
            -0.3368796706199646,
            0.8736419081687927,
            -0.3510865569114685,
            0.7073219418525696
          ],
          [
            0.8413889408111572,
            0.446688175201416,
            0.30419498682022095,
            0.044929467141628265
          ],
          [
            0.4225875437259674,
            -0.1929243952035904,
            -0.8855587244033813,
            1.606856107711792
          ],
          [
            0.0,
            0.0,
            0.0,
            1.0
          ]
        ]
      },
      "bone_length_armature_space": 0.028514364837853284,
      "parent": "metacarpal_index_l",
      "has_children": true,
      "is_end_bone": false
    },
    "index_02_l": {
      "name": "index_02_l",
      "local": {
        "location": {
          "x": 0.0,
          "y": 0.0,
          "z": 0.0
        },
        "rotation_quaternion": {
          "w": 0.9098553657531738,
          "x": 0.4149077534675598,
          "y": -0.0038367987144738436,
          "z": -0.00031630697776563466
        },
        "scale": {
          "x": 1.0,
          "y": 1.0,
          "z": 1.0
        },
        "matrix_basis": [
          [
            0.9999703764915466,
            -0.0026082477997988462,
            -0.007244340144097805,
            0.0
          ],
          [
            -0.0037594223394989967,
            0.6557028889656067,
            -0.755009651184082,
            0.0
          ],
          [
            0.006719387136399746,
            0.7550145387649536,
            0.6556736826896667,
            0.0
          ],
          [
            0.0,
            0.0,
            0.0,
            1.0
          ]
        ],
        "rotation_mode": "QUATERNION"
      },
      "armature_space": {
        "head": {
          "x": 0.7322335839271545,
          "y": -0.005577432923018932,
          "z": 0.6515005826950073
        },
        "tail": {
          "x": 0.7412267923355103,
          "y": 0.007269182242453098,
          "z": 0.6311982870101929
        }
      },
      "world_space": {
        "head": {
          "x": 0.7322335839271545,
          "y": 0.05766656622290611,
          "z": 1.6013545989990234
        },
        "tail": {
          "x": 0.7412267923355103,
          "y": 0.07051318138837814,
          "z": 1.581052303314209
        },
        "rotation_quaternion": {
          "w": 0.3935132622718811,
          "x": -0.38777458667755127,
          "y": -0.7717105746269226,
          "z": 0.31502559781074524
        },
        "matrix": [
          [
            -0.3895559012889862,
            0.35056793689727783,
            -0.8516737818717957,
            0.7322335839271545
          ],
          [
            0.8464335799217224,
            0.5007789134979248,
            -0.1810270994901657,
            0.05766656622290611
          ],
          [
            0.36304140090942383,
            -0.7914106845855713,
            -0.4918173849582672,
            1.6013545989990234
          ],
          [
            0.0,
            0.0,
            0.0,
            1.0
          ]
        ]
      },
      "bone_length_armature_space": 0.025653392121345448,
      "parent": "index_01_l",
      "has_children": true,
      "is_end_bone": false
    },
    "index_03_l": {
      "name": "index_03_l",
      "local": {
        "location": {
          "x": 0.0,
          "y": 0.0,
          "z": 0.0
        },
        "rotation_quaternion": {
          "w": 0.9637272357940674,
          "x": 0.26680657267570496,
          "y": 0.00645873136818409,
          "z": 0.0015295990742743015
        },
        "scale": {
          "x": 1.0,
          "y": 1.0,
          "z": 1.0
        },
        "matrix_basis": [
          [
            0.999911904335022,
            0.0004982313839718699,
            0.013265124522149563,
            0.0
          ],
          [
            0.006394696421921253,
            0.857623815536499,
            -0.5142377614974976,
            0.0
          ],
          [
            -0.011632696725428104,
            0.5142772793769836,
            0.8575450778007507,
            0.0
          ],
          [
            0.0,
            0.0,
            0.0,
            1.0
          ]
        ],
        "rotation_mode": "QUATERNION"
      },
      "armature_space": {
        "head": {
          "x": 0.7412269115447998,
          "y": 0.007269180845469236,
          "z": 0.6311983466148376
        },
        "tail": {
          "x": 0.733569860458374,
          "y": 0.018695896491408348,
          "z": 0.6054196953773499
        }
      },
      "world_space": {
        "head": {
          "x": 0.7412269115447998,
          "y": 0.07051318138837814,
          "z": 1.581052303314209
        },
        "tail": {
          "x": 0.733569860458374,
          "y": 0.08193989843130112,
          "z": 1.5552737712860107
        },
        "rotation_quaternion": {
          "w": 0.531903862953186,
          "x": -0.21633972227573395,
          "y": -0.6423530578613281,
          "z": 0.5076003670692444
        },
        "matrix": [
          [
            -0.34055039286613464,
            -0.26205959916114807,
            -0.9029673337936401,
            0.7412269115447998
          ],
          [
            0.8179228901863098,
            0.39107564091682434,
            -0.42197418212890625,
            0.07051318138837814
          ],
          [
            0.4637150168418884,
            -0.8822669386863708,
            0.08116397261619568,
            1.581052303314209
          ],
          [
            0.0,
            0.0,
            0.0,
            1.0
          ]
        ]
      },
      "bone_length_armature_space": 0.029218814711806665,
      "parent": "index_02_l",
      "has_children": false,
      "is_end_bone": true
    },
    "metacarpal_pinky_l": {
      "name": "metacarpal_pinky_l",
      "local": {
        "location": {
          "x": 0.0,
          "y": 0.0,
          "z": 0.0
        },
        "rotation_quaternion": {
          "w": 0.997740626335144,
          "x": -0.06646993011236191,
          "y": -0.0031338240951299667,
          "z": -0.009253420867025852
        },
        "scale": {
          "x": 1.0,
          "y": 1.0,
          "z": 1.0
        },
        "matrix_basis": [
          [
            0.9998090863227844,
            0.01888163760304451,
            -0.005023338831961155,
            0.0
          ],
          [
            -0.018048416823148727,
            0.9909922480583191,
            0.13269749283790588,
            0.0
          ],
          [
            0.007483635563403368,
            -0.13258150219917297,
            0.9911438822746277,
            0.0
          ],
          [
            0.0,
            0.0,
            0.0,
            1.0
          ]
        ],
        "rotation_mode": "QUATERNION"
      },
      "armature_space": {
        "head": {
          "x": 0.5902038812637329,
          "y": -0.01593632623553276,
          "z": 0.6596328020095825
        },
        "tail": {
          "x": 0.6791906356811523,
          "y": 0.019418485462665558,
          "z": 0.7005550265312195
        }
      },
      "world_space": {
        "head": {
          "x": 0.5902038812637329,
          "y": 0.04730767384171486,
          "z": 1.6094868183135986
        },
        "tail": {
          "x": 0.6791906356811523,
          "y": 0.08266248553991318,
          "z": 1.6504089832305908
        },
        "rotation_quaternion": {
          "w": 0.7212225198745728,
          "x": 0.4583432674407959,
          "y": 0.38678064942359924,
          "z": -0.3466414213180542
        },
        "matrix": [
          [
            0.46048101782798767,
            0.8545677065849304,
            0.24014806747436523,
            0.5902038812637329
          ],
          [
            -0.14545701444149017,
            0.33952322602272034,
            -0.9292828440666199,
            0.04730767384171486
          ],
          [
            -0.8756774067878723,
            0.39298880100250244,
            0.2806479334831238,
            1.6094868183135986
          ],
          [
            0.0,
            0.0,
            0.0,
            1.0
          ]
        ]
      },
      "bone_length_armature_space": 0.1041308504732642,
      "parent": "lowerarm_l",
      "has_children": true,
      "is_end_bone": false
    },
    "pinky_01_l": {
      "name": "pinky_01_l",
      "local": {
        "location": {
          "x": 0.0,
          "y": 0.0,
          "z": 0.0
        },
        "rotation_quaternion": {
          "w": 0.9480617046356201,
          "x": 0.3173208236694336,
          "y": -0.02012818679213524,
          "z": -0.00903082825243473
        },
        "scale": {
          "x": 1.0,
          "y": 1.0,
          "z": 1.0
        },
        "matrix_basis": [
          [
            0.9990265965461731,
            0.00434937933459878,
            -0.0438968650996685,
            0.0
          ],
          [
            -0.029897751286625862,
            0.7984519004821777,
            -0.6013159155845642,
            0.0
          ],
          [
            0.032434187829494476,
            0.6020429730415344,
            0.7978047132492065,
            0.0
          ],
          [
            0.0,
            0.0,
            0.0,
            1.0
          ]
        ],
        "rotation_mode": "QUATERNION"
      },
      "armature_space": {
        "head": {
          "x": 0.6791906356811523,
          "y": 0.019418485462665558,
          "z": 0.7005550265312195
        },
