{
  "metadata": {
    "armature_name": "KIM_caucasian_male",
    "export_time": "2026-01-13T21:05:39.260580",
    "blender_version": "4.4.1",
    "bone_count": 56,
    "end_bone_count": 13,
    "spaces_included": [
      "LOCAL_CHANNELS",
      "ARMATURE_SPACE",
      "WORLD_SPACE"
    ],
    "note": "LOCAL matches Transform panel; replay pose via local.matrix_basis for best fidelity."
  },
  "bones": {
    "Root": {
      "name": "Root",
      "local": {
        "location": {
          "x": 0.0,
          "y": 0.0,
          "z": 0.0
        },
        "rotation_quaternion": {
          "w": 0.9998765587806702,
          "x": 0.006071596872061491,
          "y": 0.006536833941936493,
          "z": 0.012933718040585518
        },
        "scale": {
          "x": 1.0,
          "y": 1.0,
          "z": 1.0
        },
        "matrix_basis": [
          [
            0.9995799660682678,
            -0.025784865021705627,
            0.013229110278189182,
            0.0
          ],
          [
            0.02594362013041973,
            0.9995917081832886,
            -0.011972603388130665,
            0.0
          ],
          [
            -0.012914997525513172,
            0.012310786172747612,
            0.9998407959938049,
            0.0
          ],
          [
            0.0,
            0.0,
            0.0,
            1.0
          ]
        ],
        "rotation_mode": "QUATERNION"
      },
      "armature_space": {
        "head": {
          "x": 0.0,
          "y": 0.07072800397872925,
          "z": -0.009595036506652832
        },
        "tail": {
          "x": -0.0018404171569272876,
          "y": -8.924305438995361e-05,
          "z": -0.0008746413514018059
        }
      },
      "world_space": {
        "head": {
          "x": 0.0,
          "y": 0.13397200405597687,
          "z": 0.9402589797973633
        },
        "tail": {
          "x": -0.0018404171569272876,
          "y": 0.06315475702285767,
          "z": 0.948979377746582
        },
        "rotation_quaternion": {
          "w": 0.06130153685808182,
          "x": 0.9980140924453735,
          "y": -0.012463961727917194,
          "z": 0.007393300533294678
        },
        "matrix": [
          [
            0.9995799660682678,
            -0.025784865021705627,
            0.013229110278189182,
            0.0
          ],
          [
            -0.023971974849700928,
            -0.9921734929084778,
            -0.12254436314105988,
            0.13397200405597687
          ],
          [
            0.016285454854369164,
            0.1221756786108017,
            -0.9923818707466125,
            0.9402589797973633
          ],
          [
            0.0,
            0.0,
            0.0,
            1.0
          ]
        ]
      },
      "bone_length_armature_space": 0.07137587184890787,
      "parent": null,
      "has_children": true,
      "is_end_bone": false
    },
    "spine_01": {
      "name": "spine_01",
      "local": {
        "location": {
          "x": 0.0,
          "y": 0.0,
          "z": 0.0
        },
        "rotation_quaternion": {
          "w": 0.9997503757476807,
          "x": 0.00957672018557787,
          "y": -0.007338381838053465,
          "z": 0.01880747079849243
        },
        "scale": {
          "x": 1.0,
          "y": 1.0,
          "z": 1.0
        },
        "matrix_basis": [
          [
            0.9991848468780518,
            -0.03774610906839371,
            -0.014312872663140297,
            0.0
          ],
          [
            0.03746499493718147,
            0.999109148979187,
            -0.019424691796302795,
            0.0
          ],
          [
            0.015033327974379063,
            0.01887262612581253,
            0.999708890914917,
            0.0
          ],
          [
            0.0,
            0.0,
            0.0,
            1.0
          ]
        ],
        "rotation_mode": "QUATERNION"
      },
      "armature_space": {
        "head": {
          "x": -0.0018404171569272876,
          "y": -8.924305438995361e-05,
          "z": -0.0008746413514018059
        },
        "tail": {
          "x": -0.02800966054201126,
          "y": 0.00811256468296051,
          "z": 0.48635879158973694
        }
      },
      "world_space": {
        "head": {
          "x": -0.0018404171569272876,
          "y": 0.06315475702285767,
          "z": 0.948979377746582
        },
        "tail": {
          "x": -0.02800966054201126,
          "y": 0.07135656476020813,
          "z": 1.4362127780914307
        },
        "rotation_quaternion": {
          "w": 0.7122805714607239,
          "x": 0.701117217540741,
          "y": -0.0325533002614975,
          "z": 0.005600324831902981
        },
        "matrix": [
          [
            0.9978178143501282,
            -0.05362536385655403,
            -0.03852084279060364,
            -0.0018404171569272876
          ],
          [
            -0.037668973207473755,
            0.016806941479444504,
            -0.999148964881897,
            0.06315475702285767
          ],
          [
            0.05422748252749443,
            0.9984266757965088,
            0.014749454334378242,
            0.948979377746582
          ],
          [
            0.0,
            0.0,
            0.0,
            1.0
          ]
        ]
      },
      "bone_length_armature_space": 0.48800462914478265,
      "parent": "Root",
      "has_children": true,
      "is_end_bone": false
    },
    "neck_01": {
      "name": "neck_01",
      "local": {
        "location": {
          "x": 0.0,
          "y": 0.0,
          "z": 0.0
        },
        "rotation_quaternion": {
          "w": 0.9985345005989075,
          "x": -0.03258185833692551,
          "y": 0.018435755744576454,
          "z": -0.03908441215753555
        },
        "scale": {
          "x": 1.0,
          "y": 1.0,
          "z": 1.0
        },
        "matrix_basis": [
          [
            0.9962650537490845,
            0.07685292512178421,
            0.03936436027288437,
            0.0
          ],
          [
            -0.079255610704422,
            0.9948216676712036,
            0.06362711638212204,
            0.0
          ],
          [
            -0.03427059203386307,
            -0.06650932133197784,
            0.9971970915794373,
            0.0
          ],
          [
            0.0,
            0.0,
            0.0,
            1.0
          ]
        ],
        "rotation_mode": "QUATERNION"
      },
      "armature_space": {
        "head": {
          "x": -0.033271946012973785,
          "y": -0.025307781994342804,
          "z": 0.5599735975265503
        },
        "tail": {
          "x": -0.031846143305301666,
          "y": -0.05639989674091339,
          "z": 0.6576567888259888
        }
      },
      "world_space": {
        "head": {
          "x": -0.033271946012973785,
          "y": 0.037936218082904816,
          "z": 1.5098276138305664
        },
        "tail": {
          "x": -0.031846143305301666,
          "y": 0.0068441033363342285,
          "z": 1.6075108051300049
        },
        "rotation_quaternion": {
          "w": 0.5901199579238892,
          "x": 0.8072341084480286,
          "y": 0.01099585834890604,
          "z": 0.003257916308939457
        },
        "matrix": [
          [
            0.9997369050979614,
            0.0139073571190238,
            0.018237607553601265,
            -0.033271946012973785
          ],
          [
            0.02159765176475048,
            -0.30327457189559937,
            -0.9526585936546326,
            0.037936218082904816
          ],
          [
            -0.007717981934547424,
            0.9528080821037292,
            -0.30349814891815186,
            1.5098276138305664
          ],
          [
            0.0,
            0.0,
            0.0,
            1.0
          ]
        ]
      },
      "bone_length_armature_space": 0.1025219906456294,
      "parent": "spine_01",
      "has_children": true,
      "is_end_bone": false
    },
    "head": {
      "name": "head",
      "local": {
        "location": {
          "x": 0.0,
          "y": 0.0,
          "z": 0.0
        },
        "rotation_quaternion": {
          "w": 0.9695491790771484,
          "x": -0.03697093203663826,
          "y": -0.16528086364269257,
          "z": -0.17688950896263123
        },
        "scale": {
          "x": 1.0,
          "y": 1.0,
          "z": 1.0
        },
        "matrix_basis": [
          [
            0.8827846646308899,
            0.3552273213863373,
            -0.30741631984710693,
            0.0
          ],
          [
            -0.33078497648239136,
            0.9346864819526672,
            0.13016317784786224,
            0.0
          ],
          [
            0.33357539772987366,
            -0.013217371888458729,
            0.9426307678222656,
            0.0
          ],
          [
            0.0,
            0.0,
            0.0,
            1.0
          ]
        ],
        "rotation_mode": "QUATERNION"
      },
      "armature_space": {
        "head": {
          "x": -0.031846143305301666,
          "y": -0.05640002340078354,
          "z": 0.6576566100120544
        },
        "tail": {
          "x": 0.02402890846133232,
          "y": -0.04439724609255791,
          "z": 0.801834225654602
        }
      },
      "world_space": {
        "head": {
          "x": -0.031846143305301666,
          "y": 0.006843976676464081,
          "z": 1.6075105667114258
        },
        "tail": {
          "x": 0.02402890846133232,
          "y": 0.018846753984689713,
          "z": 1.7516882419586182
        },
        "rotation_quaternion": {
          "w": 0.7339012026786804,
          "x": 0.6363307237625122,
          "y": 0.009216695092618465,
          "z": -0.2374602109193802
        },
        "matrix": [
          [
            0.8870546817779541,
            0.3602745234966278,
            -0.2886801064014435,
            -0.031846143305301666
          ],
          [
            -0.3368172347545624,
            0.07739222794771194,
            -0.9383842945098877,
            0.006843976676464081
          ],
          [
            -0.31573686003685,
            0.9296371340751648,
            0.18999825417995453,
            1.6075105667114258
          ],
          [
            0.0,
            0.0,
            0.0,
            1.0
          ]
        ]
      },
      "bone_length_armature_space": 0.15509117695586888,
      "parent": "neck_01",
      "has_children": false,
      "is_end_bone": true
    },
    "upperarm_l": {
      "name": "upperarm_l",
      "local": {
        "location": {
          "x": 0.0,
          "y": 0.0,
          "z": 0.0
        },
        "rotation_quaternion": {
          "w": 0.9032391309738159,
          "x": 0.23933716118335724,
          "y": 0.34988945722579956,
          "z": -0.0667397677898407
        },
        "scale": {
          "x": 1.0,
          "y": 1.0,
          "z": 1.0
        },
        "matrix_basis": [
          [
            0.746246337890625,
            0.28804704546928406,
            0.6001210808753967,
            0.0
          ],
          [
            0.04691915959119797,
            0.8765270709991455,
            -0.47906047105789185,
            0.0
          ],
          [
            -0.6640143394470215,
            0.3856543004512787,
            0.6405901908874512,
            0.0
          ],
          [
            0.0,
            0.0,
            0.0,
            1.0
          ]
        ],
        "rotation_mode": "QUATERNION"
      },
      "armature_space": {
        "head": {
          "x": 0.11988192051649094,
          "y": -0.03527409955859184,
          "z": 0.501052737236023
        },
        "tail": {
          "x": 0.35723382234573364,
          "y": -0.13773727416992188,
          "z": 0.43053266406059265
        }
      },
      "world_space": {
        "head": {
          "x": 0.11988192051649094,
          "y": 0.027969900518655777,
          "z": 1.450906753540039
        },
        "tail": {
          "x": 0.35723382234573364,
          "y": -0.07449327409267426,
          "z": 1.3803867101669312
        },
        "rotation_quaternion": {
          "w": 0.12961579859256744,
          "x": 0.719735860824585,
          "y": 0.5403831005096436,
          "z": -0.416132390499115
        },
        "matrix": [
          [
            0.06963804364204407,
            0.8857424855232239,
            -0.4589236378669739,
            0.11988192051649094
          ],
          [
            0.6699909567832947,
            -0.38236889243125916,
            -0.636322557926178,
            0.027969900518655777
          ],
          [
            -0.739100456237793,
            -0.26316460967063904,
            -0.6200716495513916,
            1.450906753540039
          ],
          [
            0.0,
            0.0,
            0.0,
            1.0
          ]
        ]
      },
      "bone_length_armature_space": 0.2679695969059409,
      "parent": "spine_01",
      "has_children": true,
      "is_end_bone": false
    },
    "lowerarm_l": {
      "name": "lowerarm_l",
      "local": {
        "location": {
          "x": 0.0,
          "y": 0.0,
          "z": 0.0
        },
        "rotation_quaternion": {
          "w": 0.7979427576065063,
          "x": 0.49651405215263367,
          "y": -0.22355735301971436,
          "z": 0.2584250569343567
        },
        "scale": {
          "x": 1.0,
          "y": 1.0,
          "z": 1.0
        },
        "matrix_basis": [
          [
            0.7664772272109985,
            -0.6344155669212341,
            -0.10014859586954117,
            0.0
          ],
          [
            0.1904180645942688,
            0.373380571603775,
            -0.9079252481460571,
            0.0
          ],
          [
            0.6133952736854553,
            0.6768339276313782,
            0.4069918096065521,
            0.0
          ],
          [
            0.0,
            0.0,
            0.0,
            1.0
          ]
        ],
        "rotation_mode": "QUATERNION"
      },
      "armature_space": {
        "head": {
          "x": 0.3572338819503784,
          "y": -0.1377374231815338,
          "z": 0.43053266406059265
        },
        "tail": {
          "x": 0.3271721601486206,
          "y": -0.4021535813808441,
          "z": 0.45791497826576233
        }
      },
      "world_space": {
        "head": {
          "x": 0.3572338819503784,
          "y": -0.0744934231042862,
          "z": 1.3803867101669312
        },
        "tail": {
          "x": 0.3271721601486206,
          "y": -0.3389095664024353,
          "z": 1.407768964767456
        },
        "rotation_quaternion": {
          "w": 0.009283742867410183,
          "x": -0.6498662233352661,
          "y": 0.07565329223871231,
          "z": 0.7562171220779419
        },
        "matrix": [
          [
            -0.1551753282546997,
            -0.11237001419067383,
            -0.9814753532409668,
            0.3572338819503784
          ],
          [
            -0.08428844809532166,
            -0.9883811473846436,
            0.1264868974685669,
            -0.0744934231042862
          ],
          [
            -0.9842914938926697,
            0.10235443711280823,
            0.143901988863945,
            1.3803867101669312
          ],
          [
            0.0,
            0.0,
            0.0,
            1.0
          ]
        ]
      },
      "bone_length_armature_space": 0.26752458553618197,
      "parent": "upperarm_l",
      "has_children": true,
      "is_end_bone": false
    },
    "metacarpal_thumb_l": {
      "name": "metacarpal_thumb_l",
      "local": {
        "location": {
          "x": 0.0,
          "y": 0.0,
          "z": 0.0
        },
        "rotation_quaternion": {
          "w": 0.9997237324714661,
          "x": -0.022111279889941216,
          "y": 0.007829472422599792,
          "z": 0.0015457823174074292
        },
        "scale": {
          "x": 1.0,
          "y": 1.0,
          "z": 1.0
        },
        "matrix_basis": [
          [
            0.999872624874115,
            -0.0034369498025625944,
            0.015586260706186295,
            0.0
          ],
          [
            0.002744471188634634,
            0.9990174174308777,
            0.04423454776406288,
            0.0
          ],
          [
            -0.015722976997494698,
            -0.04418613761663437,
            0.9988995790481567,
            0.0
          ],
          [
            0.0,
            0.0,
            0.0,
            1.0
          ]
        ],
        "rotation_mode": "QUATERNION"
      },
      "armature_space": {
        "head": {
          "x": 0.3271721601486206,
          "y": -0.4021535813808441,
          "z": 0.45791497826576233
        },
        "tail": {
          "x": 0.2928849458694458,
          "y": -0.43787145614624023,
          "z": 0.459399551153183
        }
      },
      "world_space": {
        "head": {
          "x": 0.3271721601486206,
          "y": -0.3389095664024353,
          "z": 1.407768964767456
        },
        "tail": {
          "x": 0.2928849458694458,
          "y": -0.3746274709701538,
          "z": 1.4092535972595215
        },
        "rotation_quaternion": {
          "w": 0.006481060292571783,
          "x": -0.9259493947029114,
          "y": 0.37338531017303467,
          "z": 0.05620686337351799
        },
        "matrix": [
          [
            0.7148484587669373,
            -0.6922004222869873,
            -0.0992492213845253,
            0.3271721601486206
          ],
          [
            -0.6907435059547424,
            -0.7210829854011536,
            0.05397573858499527,
            -0.3389095664024353
          ],
          [
            -0.10893033444881439,
            0.029970845207571983,
            -0.9936044216156006,
            1.407768964767456
          ],
          [
            0.0,
            0.0,
            0.0,
            1.0
          ]
        ]
      },
      "bone_length_armature_space": 0.04953366034631246,
      "parent": "lowerarm_l",
      "has_children": true,
      "is_end_bone": false
    },
    "thumb_01_l": {
      "name": "thumb_01_l",
      "local": {
        "location": {
          "x": 0.0,
          "y": 0.0,
          "z": 0.0
        },
        "rotation_quaternion": {
          "w": 0.9863938689231873,
          "x": 0.16318252682685852,
          "y": -0.019605286419391632,
          "z": 0.003770363051444292
        },
        "scale": {
          "x": 1.0,
          "y": 1.0,
          "z": 1.0
        },
        "matrix_basis": [
          [
            0.9992028474807739,
            -0.013836606405675411,
            -0.037446554750204086,
            0.0
          ],
          [
            0.0010396456345915794,
            0.9467145204544067,
            -0.3220723271369934,
            0.0
          ],
          [
            0.039907582104206085,
            0.3217766582965851,
            0.9459741711616516,
            0.0
          ],
          [
            0.0,
            0.0,
            0.0,
            1.0
          ]
        ],
        "rotation_mode": "QUATERNION"
      },
      "armature_space": {
        "head": {
          "x": 0.2928849458694458,
          "y": -0.43787145614624023,
          "z": 0.459399551153183
        },
        "tail": {
          "x": 0.2802569270133972,
          "y": -0.45707592368125916,
          "z": 0.43429264426231384
        }
      },
      "world_space": {
        "head": {
          "x": 0.2928849458694458,
          "y": -0.3746274709701538,
          "z": 1.4092535972595215
        },
        "tail": {
          "x": 0.2802569270133972,
          "y": -0.39383190870285034,
          "z": 1.3841466903686523
        },
        "rotation_quaternion": {
          "w": 0.08104230463504791,
          "x": -0.528507649898529,
          "y": 0.4597115218639374,
          "z": -0.7090678811073303
        },
        "matrix": [
          [
            -0.42822545766830444,
            -0.37099114060401917,
            0.8240077495574951,
            0.2928849458694458
          ],
          [
            -0.6008496284484863,
            -0.5641970038414001,
            -0.5662704706192017,
            -0.3746274709701538
          ],
          [
            0.6749877333641052,
            -0.7376014590263367,
            0.018693193793296814,
            1.4092535972595215
          ],
          [
            0.0,
            0.0,
            0.0,
            1.0
          ]
        ]
      },
      "bone_length_armature_space": 0.03403873095129029,
      "parent": "metacarpal_thumb_l",
      "has_children": true,
      "is_end_bone": false
    },
    "thumb_02_l": {
      "name": "thumb_02_l",
      "local": {
        "location": {
          "x": 0.0,
          "y": 0.0,
          "z": 0.0
        },
        "rotation_quaternion": {
          "w": 0.9428951144218445,
          "x": 0.3329620063304901,
          "y": 0.00845737848430872,
          "z": -0.0037212693132460117
        },
        "scale": {
          "x": 1.0,
          "y": 1.0,
          "z": 1.0
        },
        "matrix_basis": [
          [
            0.9998292326927185,
            0.012649504467844963,
            0.013470758683979511,
            0.0
          ],
          [
            -0.0013855618890374899,
            0.7782449126243591,
            -0.6279594302177429,
            0.0
          ],
          [
            -0.01842692494392395,
            0.6278335452079773,
            0.7781295776367188,
            0.0
          ],
          [
            0.0,
            0.0,
            0.0,
            1.0
          ]
        ],
        "rotation_mode": "QUATERNION"
      },
      "armature_space": {
        "head": {
          "x": 0.2802569270133972,
          "y": -0.4570758640766144,
          "z": 0.43429264426231384
        },
        "tail": {
          "x": 0.2950945794582367,
          "y": -0.4859911799430847,
          "z": 0.45789211988449097
        }
      },
      "world_space": {
        "head": {
          "x": 0.2802569270133972,
          "y": -0.39383184909820557,
          "z": 1.3841466903686523
        },
        "tail": {
          "x": 0.2950945794582367,
          "y": -0.4227471947669983,
          "z": 1.4077460765838623
        },
        "rotation_quaternion": {
          "w": 0.10246606171131134,
          "x": -0.25976812839508057,
          "y": -0.35991495847702026,
          "z": -0.8902149200439453
        },
        "matrix": [
          [
            -0.8440428972244263,
            0.36942264437675476,
            0.38874003291130066,
            0.2802569270133972
          ],
          [
            0.004554537124931812,
            -0.7199242115020752,
            0.6940383911132812,
            -0.39383184909820557
          ],
          [
            0.5362601280212402,
            0.5875717997550964,
            0.6059688925743103,
            1.3841466903686523
          ],
          [
            0.0,
            0.0,
            0.0,
            1.0
          ]
        ]
      },
      "bone_length_armature_space": 0.040164495170858336,
      "parent": "thumb_01_l",
      "has_children": true,
      "is_end_bone": false
    },
    "thumb_03_l": {
      "name": "thumb_03_l",
      "local": {
        "location": {
          "x": 0.0,
          "y": 0.0,
          "z": 0.0
        },
        "rotation_quaternion": {
          "w": 0.98231440782547,
          "x": 0.18723616003990173,
          "y": -9.444926399737597e-05,
          "z": -0.0009939984884113073
        },
        "scale": {
          "x": 1.0,
          "y": 1.0,
          "z": 1.0
        },
        "matrix_basis": [
          [
            0.9999980330467224,
            0.0019174694316461682,
            -0.0005577826523222029,
            0.0
          ],
          [
            -0.001988206757232547,
            0.9298832416534424,
            -0.3678493797779083,
            0.0
          ],
          [
            -0.00018666718096937984,
            0.367849737405777,
            0.92988520860672,
            0.0
          ],
          [
            0.0,
            0.0,
            0.0,
            1.0
          ]
        ],
        "rotation_mode": "QUATERNION"
      },
      "armature_space": {
        "head": {
          "x": 0.29509446024894714,
          "y": -0.4859911799430847,
          "z": 0.4578920900821686
        },
        "tail": {
          "x": 0.3112890422344208,
          "y": -0.4914809763431549,
          "z": 0.4830813407897949
        }
      },
      "world_space": {
        "head": {
          "x": 0.29509446024894714,
          "y": -0.4227471947669983,
          "z": 1.4077460765838623
        },
        "tail": {
          "x": 0.3112890422344208,
          "y": -0.4282369613647461,
          "z": 1.432935357093811
        },
        "rotation_quaternion": {
          "w": 0.30651289224624634,
          "x": -0.05534859746694565,
          "y": -0.5620409846305847,
          "z": -0.7662220597267151
        },
        "matrix": [
          [
            -0.8059718608856201,
            0.5319308042526245,
            -0.2597292363643646,
            0.29509446024894714
          ],
          [
            -0.4074999988079071,
            -0.18031874299049377,
            0.8952261805534363,
            -0.4227471947669983
          ],
          [
            0.4293665885925293,
            0.8273718953132629,
            0.3620966970920563,
            1.4077460765838623
          ],
          [
            0.0,
            0.0,
            0.0,
            1.0
          ]
        ]
      },
      "bone_length_armature_space": 0.030445044208817367,
      "parent": "thumb_02_l",
      "has_children": false,
      "is_end_bone": true
    },
    "metacarpal_index_l": {
      "name": "metacarpal_index_l",
      "local": {
        "location": {
          "x": 0.0,
          "y": 0.0,
          "z": 0.0
        },
        "rotation_quaternion": {
          "w": 0.9994387030601501,
          "x": -0.03283286839723587,
          "y": -0.0038348096422851086,
          "z": -0.005437775515019894
        },
        "scale": {
          "x": 1.0,
          "y": 1.0,
          "z": 1.0
        },
        "matrix_basis": [
          [
            0.9999114274978638,
            0.011121261864900589,
            -0.00730823865160346,
            0.0
          ],
          [
            -0.010617630556225777,
            0.9977848529815674,
            0.06567058712244034,
            0.0
          ],
          [
            0.008022390305995941,
            -0.06558717042207718,
            0.9978145956993103,
            0.0
          ],
          [
            0.0,
            0.0,
            0.0,
            1.0
          ]
        ],
        "rotation_mode": "QUATERNION"
      },
      "armature_space": {
        "head": {
          "x": 0.3271721601486206,
          "y": -0.4021535813808441,
          "z": 0.45791497826576233
        },
        "tail": {
          "x": 0.28448089957237244,
          "y": -0.510159969329834,
          "z": 0.4734490215778351
        }
      },
      "world_space": {
        "head": {
          "x": 0.3271721601486206,
          "y": -0.3389095664024353,
          "z": 1.407768964767456
        },
        "tail": {
          "x": 0.28448089957237244,
          "y": -0.44691598415374756,
          "z": 1.4233030080795288
        },
        "rotation_quaternion": {
          "w": 0.007105251308530569,
          "x": -0.9085255861282349,
          "y": 0.19763702154159546,
          "z": 0.36806297302246094
        },
        "matrix": [
          [
            0.6509386301040649,
            -0.3643476963043213,
            -0.6659805178642273,
            0.3271721601486206
          ],
          [
            -0.3538867235183716,
            -0.9217783212661743,
            0.15839681029319763,
            -0.3389095664024353
          ],
          [
            -0.6716026663780212,
            0.13257506489753723,
            -0.7289634943008423,
            1.407768964767456
          ],
          [
            0.0,
            0.0,
            0.0,
            1.0
          ]
        ]
      },
      "bone_length_armature_space": 0.11717179616621774,
      "parent": "lowerarm_l",
      "has_children": true,
      "is_end_bone": false
    },
    "index_01_l": {
      "name": "index_01_l",
      "local": {
        "location": {
          "x": 0.0,
          "y": 0.0,
          "z": 0.0
        },
        "rotation_quaternion": {
          "w": 0.9735726118087769,
          "x": 0.22796447575092316,
          "y": -0.013649359345436096,
          "z": -0.0015486448537558317
        },
        "scale": {
          "x": 1.0,
          "y": 1.0,
          "z": 1.0
        },
        "matrix_basis": [
          [
            0.9996225833892822,
            -0.003207701724022627,
            -0.027283357456326485,
            0.0
          ],
          [
            -0.009238574653863907,
            0.8960595726966858,
            -0.4438376724720001,
            0.0
          ],
          [
            0.025871213525533676,
            0.443922221660614,
            0.8956918120384216,
            0.0
          ],
          [
            0.0,
            0.0,
            0.0,
            1.0
          ]
        ],
        "rotation_mode": "QUATERNION"
      },
      "armature_space": {
        "head": {
          "x": 0.28448089957237244,
          "y": -0.510159969329834,
          "z": 0.4734490215778351
        },
        "tail": {
          "x": 0.2752971649169922,
          "y": -0.5353774428367615,
          "z": 0.463815301656723
        }
      },
      "world_space": {
        "head": {
          "x": 0.28448089957237244,
          "y": -0.44691598415374756,
          "z": 1.4233030080795288
        },
        "tail": {
          "x": 0.2752971649169922,
          "y": -0.47213345766067505,
          "z": 1.4136693477630615
        },
        "rotation_quaternion": {
          "w": 0.22299957275390625,
          "x": -0.9020398259162903,
          "y": 0.08990120887756348,
          "z": 0.3584875166416168
        },
        "matrix": [
          [
            0.7268094420433044,
            -0.3220738470554352,
            -0.6066438555717468,
            0.28448089957237244
          ],
          [
            -0.0023044650442898273,
            -0.8843785524368286,
            0.46676525473594666,
            -0.44691598415374756
          ],
          [
            -0.6868402361869812,
            -0.3378545045852661,
            -0.6435207724571228,
            1.4233030080795288
          ],
          [
            0.0,
            0.0,
            0.0,
            1.0
          ]
        ]
      },
      "bone_length_armature_space": 0.02851439115205621,
      "parent": "metacarpal_index_l",
      "has_children": true,
      "is_end_bone": false
    },
    "index_02_l": {
      "name": "index_02_l",
      "local": {
        "location": {
          "x": 0.0,
          "y": 0.0,
          "z": 0.0
        },
        "rotation_quaternion": {
          "w": 0.9192098379135132,
          "x": 0.3937026560306549,
          "y": -0.007060620933771133,
          "z": -0.0013637355295941234
        },
        "scale": {
          "x": 1.0,
          "y": 1.0,
          "z": 1.0
        },
        "matrix_basis": [
          [
            0.9998965859413147,
            -0.003052452113479376,
            -0.014054196886718273,
            0.0
          ],
          [
            -0.008066688664257526,
            0.6899927258491516,
            -0.7237714529037476,
            0.0
          ],
          [
            0.011906571686267853,
            0.7238099575042725,
            0.6898967027664185,
            0.0
          ],
          [
            0.0,
            0.0,
            0.0,
            1.0
          ]
        ],
        "rotation_mode": "QUATERNION"
      },
      "armature_space": {
        "head": {
          "x": 0.275296688079834,
          "y": -0.5353776812553406,
          "z": 0.4638151526451111
        },
        "tail": {
          "x": 0.2579920291900635,
          "y": -0.543259859085083,
          "z": 0.44659554958343506
        }
      },
      "world_space": {
        "head": {
          "x": 0.275296688079834,
          "y": -0.47213369607925415,
          "z": 1.4136691093444824
        },
        "tail": {
          "x": 0.2579920291900635,
          "y": -0.4800158739089966,
          "z": 1.3964495658874512
        },
        "rotation_quaternion": {
          "w": 0.551003098487854,
          "x": -0.7352734804153442,
          "y": 0.20680294930934906,
          "z": 0.33615627884864807
        },
        "matrix": [
          [
            0.6884637475013733,
            -0.6745595932006836,
            -0.2664346694946289,
            0.275296688079834
          ],
          [
            0.06632992625236511,
            -0.30725806951522827,
            0.9493120908737183,
            -0.47213369607925415
          ],
          [
            -0.7222363948822021,
            -0.6712443828582764,
            -0.16679280996322632,
            1.4136691093444824
          ],
          [
            0.0,
            0.0,
            0.0,
            1.0
          ]
        ]
      },
      "bone_length_armature_space": 0.025653356526313426,
      "parent": "index_01_l",
      "has_children": true,
      "is_end_bone": false
    },
    "index_03_l": {
      "name": "index_03_l",
      "local": {
        "location": {
          "x": 0.0,
          "y": 0.0,
          "z": 0.0
        },
        "rotation_quaternion": {
          "w": 0.9690052270889282,
          "x": 0.24683114886283875,
          "y": 0.0035401820205152035,
          "z": 0.009533105418086052
        },
        "scale": {
          "x": 1.0,
          "y": 1.0,
          "z": 1.0
        },
        "matrix_basis": [
          [
            0.9997931718826294,
            -0.01672760397195816,
            0.01156704407185316,
            0.0
          ],
          [
            0.02022291161119938,
            0.8779670000076294,
            -0.47829383611679077,
            0.0
          ],
          [
            -0.0021547749638557434,
            0.47842884063720703,
            0.8781237006187439,
            0.0
          ],
          [
            0.0,
            0.0,
            0.0,
            1.0
          ]
        ],
        "rotation_mode": "QUATERNION"
      },
      "armature_space": {
        "head": {
          "x": 0.25799205899238586,
          "y": -0.5432599782943726,
          "z": 0.44659560918807983
        },
        "tail": {
          "x": 0.23929063975811005,
          "y": -0.5351414680480957,
          "z": 0.42566514015197754
        }
      },
      "world_space": {
        "head": {
          "x": 0.25799205899238586,
          "y": -0.48001599311828613,
          "z": 1.3964495658874512
        },
        "tail": {
          "x": 0.23929063975811005,
          "y": -0.4718974828720093,
          "z": 1.3755191564559937
        },
        "rotation_quaternion": {
          "w": 0.7488444447517395,
          "x": -0.5598143935203552,
          "y": 0.27956825494766235,
          "z": 0.21836134791374207
        },
        "matrix": [
          [
            0.7483202219009399,
            -0.6400501728057861,
            0.17422103881835938,
            0.25799205899238586
          ],
          [
            0.014027274213731289,
            0.2778531312942505,
            0.960521399974823,
            -0.48001599311828613
          ],
          [
            -0.6631941199302673,
            -0.7163383364677429,
            0.2169036865234375,
            1.3964495658874512
          ],
          [
            0.0,
            0.0,
            0.0,
            1.0
          ]
        ]
      },
      "bone_length_armature_space": 0.029218792424850086,
      "parent": "index_02_l",
      "has_children": false,
      "is_end_bone": true
    },
    "metacarpal_pinky_l": {
      "name": "metacarpal_pinky_l",
      "local": {
        "location": {
          "x": 0.0,
          "y": 0.0,
          "z": 0.0
        },
        "rotation_quaternion": {
          "w": 0.9996339082717896,
          "x": -0.021713415160775185,
          "y": 0.015404955483973026,
          "z": 0.0048446618020534515
        },
        "scale": {
          "x": 1.0,
          "y": 1.0,
          "z": 1.0
        },
        "matrix_basis": [
          [
            0.9994784593582153,
            -0.010354764759540558,
            0.030588243156671524,
            0.0
          ],
          [
            0.009016787633299828,
            0.9990100860595703,
            0.043560195714235306,
            0.0
          ],
          [
            -0.031009020283818245,
            -0.04326166957616806,
            0.9985824227333069,
            0.0
          ],
          [
            0.0,
            0.0,
            0.0,
            1.0
          ]
        ],
        "rotation_mode": "QUATERNION"
      },
      "armature_space": {
        "head": {
          "x": 0.3271721601486206,
          "y": -0.4021535813808441,
          "z": 0.45791497826576233
        },
        "tail": {
          "x": 0.34850144386291504,
          "y": -0.504074215888977,
          "z": 0.4586019515991211
        }
      },
      "world_space": {
        "head": {
          "x": 0.3271721601486206,
          "y": -0.3389095664024353,
          "z": 1.407768964767456
        },
        "tail": {
          "x": 0.34850144386291504,
          "y": -0.4408302307128906,
          "z": 1.4084559679031372
        },
        "rotation_quaternion": {
          "w": 0.10295535624027252,
          "x": 0.06641795486211777,
          "y": 0.003566125873476267,
          "z": -0.9924596548080444
        },
        "matrix": [
          [
            -0.969977855682373,
            0.20483170449733734,
            -0.13109999895095825,
            0.3271721601486206
          ],
          [
            -0.20388451218605042,
            -0.9787752628326416,
            -0.020754283294081688,
            -0.3389095664024353
          ],
          [
            -0.13256947696208954,
            0.00659719854593277,
            0.9911588430404663,
            1.407768964767456
          ],
          [
            0.0,
            0.0,
            0.0,
            1.0
          ]
        ]
      },
      "bone_length_armature_space": 0.10413081099106737,
      "parent": "lowerarm_l",
      "has_children": true,
      "is_end_bone": false
    },
    "pinky_01_l": {
      "name": "pinky_01_l",
      "local": {
        "location": {
          "x": 0.0,
          "y": 0.0,
          "z": 0.0
        },
        "rotation_quaternion": {
          "w": 0.944277286529541,
          "x": 0.32903656363487244,
          "y": -0.0014458996010944247,
          "z": 0.008562525734305382
        },
        "scale": {
          "x": 1.0,
          "y": 1.0,
          "z": 1.0
        },
        "matrix_basis": [
          [
            0.9998492002487183,
            -0.017122304067015648,
            0.0029041077941656113,
            0.0
          ],
          [
            0.015219289809465408,
            0.7833232283592224,
            -0.6214282512664795,
            0.0
          ],
          [
            0.008365428075194359,
            0.6213787198066711,
            0.7834656834602356,
            0.0
          ],
          [
            0.0,
            0.0,
            0.0,
            1.0
          ]
        ],
        "rotation_mode": "QUATERNION"
      },
      "armature_space": {
        "head": {
          "x": 0.34850144386291504,
          "y": -0.504074215888977,
          "z": 0.4586019515991211
