{
  "metadata": {
    "armature_name": "KIM_caucasian_male",
    "export_time": "2026-01-13T21:12:42.285560",
    "blender_version": "4.4.1",
    "bone_count": 56,
    "end_bone_count": 13,
    "spaces_included": [
      "LOCAL_CHANNELS",
      "ARMATURE_SPACE",
      "WORLD_SPACE"
    ],
    "note": "LOCAL matches Transform panel; replay pose via local.matrix_basis for best fidelity."
  },
  "bones": {
    "Root": {
      "name": "Root",
      "local": {
        "location": {
          "x": 0.0,
          "y": 0.0,
          "z": 0.0
        },
        "rotation_quaternion": {
          "w": 0.9999977350234985,
          "x": 0.0012115399586036801,
          "y": -0.0009270182927139103,
          "z": -0.0014944332651793957
        },
        "scale": {
          "x": 1.0,
          "y": 1.0,
          "z": 1.0
        },
        "matrix_basis": [
          [
            0.9999938011169434,
            0.002986613428220153,
            -0.0018576534930616617,
            0.0
          ],
          [
            -0.0029911058954894543,
            0.9999926090240479,
            -0.0024203036446124315,
            0.0
          ],
          [
            0.001850411295890808,
            0.0024258452467620373,
            0.9999953508377075,
            0.0
          ],
          [
            0.0,
            0.0,
            0.0,
            1.0
          ]
        ],
        "rotation_mode": "QUATERNION"
      },
      "armature_space": {
        "head": {
          "x": 0.0,
          "y": 0.07072800397872925,
          "z": -0.009595036506652832
        },
        "tail": {
          "x": 0.0002131721266778186,
          "y": -2.275407314300537e-05,
          "z": -0.00017164740711450577
        }
      },
      "world_space": {
        "head": {
          "x": 0.0,
          "y": 0.13397200405597687,
          "z": 0.9402589797973633
        },
        "tail": {
          "x": 0.0002131721266778186,
          "y": 0.06322124600410461,
          "z": 0.949682354927063
        },
        "rotation_quaternion": {
          "w": 0.0661587119102478,
          "x": 0.9978075623512268,
          "y": 0.001428587012924254,
          "z": -0.0010255890665575862
        },
        "matrix": [
          [
            0.9999938011169434,
            0.002986613428220153,
            -0.0018576534930616617,
            0.0
          ],
          [
            0.002715206006541848,
            -0.9912419319152832,
            -0.13203072547912598,
            0.13397200405597687
          ],
          [
            -0.0022357217967510223,
            0.1320248544216156,
            -0.9912509918212891,
            0.9402589797973633
          ],
          [
            0.0,
            0.0,
            0.0,
            1.0
          ]
        ]
      },
      "bone_length_armature_space": 0.07137587466272223,
      "parent": null,
      "has_children": true,
      "is_end_bone": false
    },
    "spine_01": {
      "name": "spine_01",
      "local": {
        "location": {
          "x": 0.0,
          "y": 0.0,
          "z": 0.0
        },
        "rotation_quaternion": {
          "w": 0.9962727427482605,
          "x": -0.009466391056776047,
          "y": 0.051823172718286514,
          "z": -0.0683034136891365
        },
        "scale": {
          "x": 1.0,
          "y": 1.0,
          "z": 1.0
        },
        "matrix_basis": [
          [
            0.9852979779243469,
            0.13511650264263153,
            0.10455320030450821,
            0.0
          ],
          [
            -0.13707882165908813,
            0.9904900789260864,
            0.011782815679907799,
            0.0
          ],
          [
            -0.10196685791015625,
            -0.02594161406159401,
            0.9944494962692261,
            0.0
          ],
          [
            0.0,
            0.0,
            0.0,
            1.0
          ]
        ],
        "rotation_mode": "QUATERNION"
      },
      "armature_space": {
        "head": {
          "x": 0.0002131721266778186,
          "y": -2.275407314300537e-05,
          "z": -0.00017164740711450577
        },
        "tail": {
          "x": 0.06713561713695526,
          "y": 0.034226056188344955,
          "z": 0.4820076823234558
        }
      },
      "world_space": {
        "head": {
          "x": 0.0002131721266778186,
          "y": 0.06322124600410461,
          "z": 0.949682354927063
        },
        "tail": {
          "x": 0.06713561713695526,
          "y": 0.09747005999088287,
          "z": 1.4318616390228271
        },
        "rotation_quaternion": {
          "w": 0.726378321647644,
          "x": 0.6817127466201782,
          "y": 0.08640111982822418,
          "z": -0.013308725319802761
        },
        "matrix": [
          [
            0.9847155213356018,
            0.1371358186006546,
            0.10737346857786179,
            0.0002131721266778186
          ],
          [
            0.09846619516611099,
            0.07018180936574936,
            -0.9926626682281494,
            0.06322124600410461
          ],
          [
            -0.14366617798805237,
            0.9880699515342712,
            0.055605363100767136,
            0.949682354927063
          ],
          [
            0.0,
            0.0,
            0.0,
            1.0
          ]
        ]
      },
      "bone_length_armature_space": 0.4880046234940413,
      "parent": "Root",
      "has_children": true,
      "is_end_bone": false
    },
    "neck_01": {
      "name": "neck_01",
      "local": {
        "location": {
          "x": 0.0,
          "y": 0.0,
          "z": 0.0
        },
        "rotation_quaternion": {
          "w": 0.9962472915649414,
          "x": 0.06175766885280609,
          "y": 0.03161395713686943,
          "z": 0.05174897611141205
        },
        "scale": {
          "x": 1.0,
          "y": 1.0,
          "z": 1.0
        },
        "matrix_basis": [
          [
            0.9926452040672302,
            -0.09920474886894226,
            0.0693824291229248,
            0.0
          ],
          [
            0.10701436549425125,
            0.9870160818099976,
            -0.11977984011173248,
            0.0
          ],
          [
            -0.05659884586930275,
            0.12632380425930023,
            0.9903730750083923,
            0.0
          ],
          [
            0.0,
            0.0,
            0.0,
            1.0
          ]
        ],
        "rotation_mode": "QUATERNION"
      },
      "armature_space": {
        "head": {
          "x": 0.08090025186538696,
          "y": 0.004938680678606033,
          "z": 0.5562810897827148
        },
        "tail": {
          "x": 0.0884377509355545,
          "y": -0.03987646475434303,
          "z": 0.6481806039810181
        }
      },
      "world_space": {
        "head": {
          "x": 0.08090025186538696,
          "y": 0.06818267703056335,
          "z": 1.506135106086731
        },
        "tail": {
          "x": 0.0884377509355545,
          "y": 0.023367535322904587,
          "z": 1.5980346202850342
        },
        "rotation_quaternion": {
          "w": 0.5275440812110901,
          "x": 0.8474410772323608,
          "y": 0.05596506595611572,
          "z": 0.02021915465593338
        },
        "matrix": [
          [
            0.9929181337356567,
            0.07352128624916077,
            0.0933174341917038,
            0.08090025186538696
          ],
          [
            0.11618746817111969,
            -0.437129944562912,
            -0.8918622732162476,
            0.06818267703056335
          ],
          [
            -0.02477908693253994,
            0.8963943123817444,
            -0.4425804018974304,
            1.506135106086731
          ],
          [
            0.0,
            0.0,
            0.0,
            1.0
          ]
        ]
      },
      "bone_length_armature_space": 0.10252186178226792,
      "parent": "spine_01",
      "has_children": true,
      "is_end_bone": false
    },
    "head": {
      "name": "head",
      "local": {
        "location": {
          "x": 0.0,
          "y": 0.0,
          "z": 0.0
        },
        "rotation_quaternion": {
          "w": 0.9940563440322876,
          "x": 0.04223211482167244,
          "y": -0.04198919236660004,
          "z": 0.0911334827542305
        },
        "scale": {
          "x": 1.0,
          "y": 1.0,
          "z": 1.0
        },
        "matrix_basis": [
          [
            0.979863166809082,
            -0.18473021686077118,
            -0.07578172534704208,
            0.0
          ],
          [
            0.17763705551624298,
            0.9798222780227661,
            -0.09161544591188431,
            0.0
          ],
          [
            0.09117676317691803,
            0.0763089582324028,
            0.9929066896438599,
            0.0
          ],
          [
            0.0,
            0.0,
            0.0,
            1.0
          ]
        ],
        "rotation_mode": "QUATERNION"
      },
      "armature_space": {
        "head": {
          "x": 0.0884377658367157,
          "y": -0.03987657278776169,
          "z": 0.6481804847717285
        },
        "tail": {
          "x": 0.06648474186658859,
          "y": -0.06778568774461746,
          "z": 0.799152135848999
        }
      },
      "world_space": {
        "head": {
          "x": 0.0884377658367157,
          "y": 0.02336742728948593,
          "z": 1.5980345010757446
        },
        "tail": {
          "x": 0.06648474186658859,
          "y": -0.0045416876673698425,
          "z": 1.7490061521530151
        },
        "rotation_quaternion": {
          "w": 0.638788104057312,
          "x": 0.7659414410591125,
          "y": -0.044413983821868896,
          "z": 0.057540956884622574
        },
        "matrix": [
          [
            0.9894329309463501,
            -0.14155003428459167,
            0.03140284866094589,
            0.0884377658367157
          ],
          [
            0.005475074052810669,
            -0.17995408177375793,
            -0.9836599826812744,
            0.02336742728948593
          ],
          [
            0.14488919079303741,
            0.9734440445899963,
            -0.17727960646152496,
            1.5980345010757446
          ],
          [
            0.0,
            0.0,
            0.0,
            1.0
          ]
        ]
      },
      "bone_length_armature_space": 0.1550912435738274,
      "parent": "neck_01",
      "has_children": false,
      "is_end_bone": true
    },
    "upperarm_l": {
      "name": "upperarm_l",
      "local": {
        "location": {
          "x": 0.0,
          "y": 0.0,
          "z": 0.0
        },
        "rotation_quaternion": {
          "w": 0.9301759004592896,
          "x": 0.2894499897956848,
          "y": 0.1157710999250412,
          "z": 0.19387756288051605
        },
        "scale": {
          "x": 1.0,
          "y": 1.0,
          "z": 1.0
        },
        "matrix_basis": [
          [
            0.8980171084403992,
            -0.29366058111190796,
            0.32761070132255554,
            0.0
          ],
          [
            0.42770037055015564,
            0.7572603821754456,
            -0.4935879707336426,
            0.0
          ],
          [
            -0.10313925892114639,
            0.5833696722984314,
            0.8056315183639526,
            0.0
          ],
          [
            0.0,
            0.0,
            0.0,
            1.0
          ]
        ],
        "rotation_mode": "QUATERNION"
      },
      "armature_space": {
        "head": {
          "x": 0.21973341703414917,
          "y": 0.01182612031698227,
          "z": 0.4685025215148926
        },
        "tail": {
          "x": 0.452828586101532,
          "y": -0.11150390654802322,
          "z": 0.5160838961601257
        }
      },
      "world_space": {
        "head": {
          "x": 0.21973341703414917,
          "y": 0.07507012039422989,
          "z": 1.4183565378189087
        },
        "tail": {
          "x": 0.452828586101532,
          "y": -0.048259906470775604,
          "z": 1.465937852859497
        },
        "rotation_quaternion": {
          "w": 0.3799467384815216,
          "x": 0.6959478259086609,
          "y": 0.35428914427757263,
          "z": -0.4957584738731384
        },
        "matrix": [
          [
            0.25740498304367065,
            0.8698573708534241,
            -0.4208216071128845,
            0.21973341703414917
          ],
          [
            0.11641041934490204,
            -0.4602391719818115,
            -0.8801301121711731,
            0.07507012039422989
          ],
          [
            -0.9592727422714233,
            0.1775626242160797,
            -0.21973061561584473,
            1.4183565378189087
          ],
          [
            0.0,
            0.0,
            0.0,
            1.0
          ]
        ]
      },
      "bone_length_armature_space": 0.2679694783052106,
      "parent": "spine_01",
      "has_children": true,
      "is_end_bone": false
    },
    "lowerarm_l": {
      "name": "lowerarm_l",
      "local": {
        "location": {
          "x": 0.0,
          "y": 0.0,
          "z": 0.0
        },
        "rotation_quaternion": {
          "w": 0.9425116777420044,
          "x": 0.049118075519800186,
          "y": 0.028598908334970474,
          "z": -0.3293042480945587
        },
        "scale": {
          "x": 1.0,
          "y": 1.0,
          "z": 1.0
        },
        "matrix_basis": [
          [
            0.7814816236495972,
            0.6235556602478027,
            0.021560028195381165,
            0.0
          ],
          [
            -0.6179367303848267,
            0.7782922387123108,
            -0.11142420023679733,
            0.0
          ],
          [
            -0.08625919371843338,
            0.0737532377243042,
            0.993539035320282,
            0.0
          ],
          [
            0.0,
            0.0,
            0.0,
            1.0
          ]
        ],
        "rotation_mode": "QUATERNION"
      },
      "armature_space": {
        "head": {
          "x": 0.45282864570617676,
          "y": -0.11150401085615158,
          "z": 0.5160840153694153
        },
        "tail": {
          "x": 0.6475245952606201,
          "y": -0.2516811490058899,
          "z": 0.397705614566803
        }
      },
      "world_space": {
        "head": {
          "x": 0.45282864570617676,
          "y": -0.04826001077890396,
          "z": 1.4659380912780762
        },
        "tail": {
          "x": 0.6475245952606201,
          "y": -0.18843714892864227,
          "z": 1.3475596904754639
        },
        "rotation_quaternion": {
          "w": 0.1315295249223709,
          "x": 0.5959891080856323,
          "y": 0.4697968065738678,
          "z": -0.6377992630004883
        },
        "matrix": [
          [
            -0.2549953758716583,
            0.7277686595916748,
            -0.6366552114486694,
            0.45282864570617676
          ],
          [
            0.3922079801559448,
            -0.5239787101745605,
            -0.7560553550720215,
            -0.04826001077890396
          ],
          [
            -0.8838329315185547,
            -0.44249552488327026,
            -0.15182627737522125,
            1.4659380912780762
          ],
          [
            0.0,
            0.0,
            0.0,
            1.0
          ]
        ]
      },
      "bone_length_armature_space": 0.26752492800489175,
      "parent": "upperarm_l",
      "has_children": true,
      "is_end_bone": false
    },
    "metacarpal_thumb_l": {
      "name": "metacarpal_thumb_l",
      "local": {
        "location": {
          "x": 0.0,
          "y": 0.0,
          "z": 0.0
        },
        "rotation_quaternion": {
          "w": 0.9993486404418945,
          "x": -0.03416988253593445,
          "y": 0.011503810063004494,
          "z": -0.0015714417677372694
        },
        "scale": {
          "x": 1.0,
          "y": 1.0,
          "z": 1.0
        },
        "matrix_basis": [
          [
            0.9997304081916809,
            0.0023546686861664057,
            0.023100025951862335,
            0.0
          ],
          [
            -0.003927004057914019,
            0.9976599216461182,
            0.068259097635746,
            0.0
          ],
          [
            -0.022885242477059364,
            -0.06833140552043915,
            0.997400164604187,
            0.0
          ],
          [
            0.0,
            0.0,
            0.0,
            1.0
          ]
        ],
        "rotation_mode": "QUATERNION"
      },
      "armature_space": {
        "head": {
          "x": 0.6475245952606201,
          "y": -0.2516811490058899,
          "z": 0.397705614566803
        },
        "tail": {
          "x": 0.6563727855682373,
          "y": -0.29224923253059387,
          "z": 0.37069568037986755
        }
      },
      "world_space": {
        "head": {
          "x": 0.6475245952606201,
          "y": -0.18843714892864227,
          "z": 1.3475596904754639
        },
        "tail": {
          "x": 0.6563727855682373,
          "y": -0.22900523245334625,
          "z": 1.320549726486206
        },
        "rotation_quaternion": {
          "w": 0.2701524794101715,
          "x": -0.9444815516471863,
          "y": -0.1323542445898056,
          "z": 0.13211610913276672
        },
        "matrix": [
          [
            0.9300552010536194,
            0.17862945795059204,
            -0.3210742175579071,
            0.6475245952606201
          ],
          [
            0.32139554619789124,
            -0.8190004229545593,
            0.47533518075942993,
            -0.18843714892864227
          ],
          [
            -0.17805205285549164,
            -0.5452842712402344,
            -0.8191315531730652,
            1.3475596904754639
          ],
          [
            0.0,
            0.0,
            0.0,
            1.0
          ]
        ]
      },
      "bone_length_armature_space": 0.049533790967323146,
      "parent": "lowerarm_l",
      "has_children": true,
      "is_end_bone": false
    },
    "thumb_01_l": {
      "name": "thumb_01_l",
      "local": {
        "location": {
          "x": 0.0,
          "y": 0.0,
          "z": 0.0
        },
        "rotation_quaternion": {
          "w": 0.9561597108840942,
          "x": 0.2922763228416443,
          "y": 0.006642820779234171,
          "z": 0.017007291316986084
        },
        "scale": {
          "x": 1.0,
          "y": 1.0,
          "z": 1.0
        },
        "matrix_basis": [
          [
            0.9993332624435425,
            -0.028640294447541237,
            0.022644853219389915,
            0.0
          ],
          [
            0.03640645369887352,
            0.8285706043243408,
            -0.5586997270584106,
            0.0
          ],
          [
            -0.00276153814047575,
            0.5591516494750977,
            0.8290608525276184,
            0.0
          ],
          [
            0.0,
            0.0,
            0.0,
            1.0
          ]
        ],
        "rotation_mode": "QUATERNION"
      },
      "armature_space": {
        "head": {
          "x": 0.6563727855682373,
          "y": -0.29224923253059387,
          "z": 0.37069568037986755
        },
        "tail": {
          "x": 0.6667951941490173,
          "y": -0.2921886742115021,
          "z": 0.33829182386398315
        }
      },
      "world_space": {
        "head": {
          "x": 0.6563727855682373,
          "y": -0.22900523245334625,
          "z": 1.320549726486206
        },
        "tail": {
          "x": 0.6667951941490173,
          "y": -0.22894467413425446,
          "z": 1.2881457805633545
        },
        "rotation_quaternion": {
          "w": 0.6366645097732544,
          "x": -0.5105273127555847,
          "y": 0.30910950899124146,
          "z": -0.4883355498313904
        },
        "matrix": [
          [
            0.33195754885673523,
            0.30619433522224426,
            0.8922159671783447,
            0.6563727855682373
          ],
          [
            -0.9374300241470337,
            0.0017792433500289917,
            0.3481695055961609,
            -0.22900523245334625
          ],
          [
            0.10501988977193832,
            -0.9519741535186768,
            0.2876285910606384,
            1.320549726486206
          ],
          [
            0.0,
            0.0,
            0.0,
            1.0
          ]
        ]
      },
      "bone_length_armature_space": 0.034038804913868084,
      "parent": "metacarpal_thumb_l",
      "has_children": true,
      "is_end_bone": false
    },
    "thumb_02_l": {
      "name": "thumb_02_l",
      "local": {
        "location": {
          "x": 0.0,
          "y": 0.0,
          "z": 0.0
        },
        "rotation_quaternion": {
          "w": 0.8949126601219177,
          "x": 0.4461614787578583,
          "y": 0.0008342606015503407,
          "z": -0.008401095867156982
        },
        "scale": {
          "x": 1.0,
          "y": 1.0,
          "z": 1.0
        },
        "matrix_basis": [
          [
            0.9998574256896973,
            0.015780923888087273,
            -0.006003309972584248,
            0.0
          ],
          [
            -0.014292064122855663,
            0.601738691329956,
            -0.798565149307251,
            0.0
          ],
          [
            -0.008989671245217323,
            0.7985370755195618,
            0.6018784642219543,
            0.0
          ],
          [
            0.0,
            0.0,
            0.0,
            1.0
          ]
        ],
        "rotation_mode": "QUATERNION"
      },
      "armature_space": {
        "head": {
          "x": 0.6667951345443726,
          "y": -0.2921886742115021,
          "z": 0.33829185366630554
        },
        "tail": {
          "x": 0.6945900917053223,
          "y": -0.30552855134010315,
          "z": 0.36403435468673706
        }
      },
      "world_space": {
        "head": {
          "x": 0.6667951345443726,
          "y": -0.22894467413425446,
          "z": 1.288145899772644
        },
        "tail": {
          "x": 0.6945900917053223,
          "y": -0.24228455126285553,
          "z": 1.3138883113861084
        },
        "rotation_quaternion": {
          "w": 0.5060950517654419,
          "x": 0.19665831327438354,
          "y": -0.27892929315567017,
          "z": -0.7920807003974915
        },
        "matrix": [
          [
            -0.41038504242897034,
            0.6920291185379028,
            -0.5938684940338135,
            0.6667951345443726
          ],
          [
            -0.9114445447921753,
            -0.3321317434310913,
            0.24281176924705505,
            -0.22894467413425446
          ],
          [
            -0.029210826382040977,
            0.6409285664558411,
            0.7670536637306213,
            1.288145899772644
          ],
          [
            0.0,
            0.0,
            0.0,
            1.0
          ]
        ]
      },
      "bone_length_armature_space": 0.04016451582240521,
      "parent": "thumb_01_l",
      "has_children": true,
      "is_end_bone": false
    },
    "thumb_03_l": {
      "name": "thumb_03_l",
      "local": {
        "location": {
          "x": 0.0,
          "y": 0.0,
          "z": 0.0
        },
        "rotation_quaternion": {
          "w": 0.9871301651000977,
          "x": 0.1597282886505127,
          "y": 0.0071597653441131115,
          "z": 0.0031076965387910604
        },
        "scale": {
          "x": 1.0,
          "y": 1.0,
          "z": 1.0
        },
        "matrix_basis": [
          [
            0.9998781681060791,
            -0.003848167834803462,
            0.015128014609217644,
            0.0
          ],
          [
            0.008422636426985264,
            0.9489544034004211,
            -0.31530073285102844,
            0.0
          ],
          [
            -0.01314246654510498,
            0.3153897225856781,
            0.9488711953163147,
            0.0
          ],
          [
            0.0,
            0.0,
            0.0,
            1.0
          ]
        ],
        "rotation_mode": "QUATERNION"
      },
      "armature_space": {
        "head": {
          "x": 0.6945900917053223,
          "y": -0.3055286109447479,
          "z": 0.3640342652797699
        },
        "tail": {
          "x": 0.7028907537460327,
          "y": -0.30904024839401245,
          "z": 0.3931146562099457
        }
      },
      "world_space": {
        "head": {
          "x": 0.6945900917053223,
          "y": -0.2422846108675003,
          "z": 1.3138883113861084
        },
        "tail": {
          "x": 0.7028907537460327,
          "y": -0.24579624831676483,
          "z": 1.3429687023162842
        },
        "rotation_quaternion": {
          "w": 0.5404160022735596,
          "x": 0.46402278542518616,
          "y": -0.3876565396785736,
          "z": -0.5851117372512817
        },
        "matrix": [
          [
            0.0147344209253788,
            0.2726457118988037,
            -0.962001621723175,
            0.6945900917053223
          ],
          [
            -0.9921707510948181,
            -0.11534401029348373,
            -0.047886818647384644,
            -0.2422846108675003
          ],
          [
            -0.12401911616325378,
            0.955181896686554,
            0.2688135802745819,
            1.3138883113861084
          ],
          [
            0.0,
            0.0,
            0.0,
            1.0
          ]
        ]
      },
      "bone_length_armature_space": 0.030445060624205055,
      "parent": "thumb_02_l",
      "has_children": false,
      "is_end_bone": true
    },
    "metacarpal_index_l": {
      "name": "metacarpal_index_l",
      "local": {
        "location": {
          "x": 0.0,
          "y": 0.0,
          "z": 0.0
        },
        "rotation_quaternion": {
          "w": 0.9998030662536621,
          "x": -0.011652549728751183,
          "y": 0.008986231870949268,
          "z": -0.013319152407348156
        },
        "scale": {
          "x": 1.0,
          "y": 1.0,
          "z": 1.0
        },
        "matrix_basis": [
          [
            0.9994837045669556,
            0.026423633098602295,
            0.01827932894229889,
            0.0
          ],
          [
            -0.02684248425066471,
            0.9993736147880554,
            0.023061132058501244,
            0.0
          ],
          [
            -0.017658520489931107,
            -0.023539887741208076,
            0.999566912651062,
            0.0
          ],
          [
            0.0,
            0.0,
            0.0,
            1.0
          ]
        ],
        "rotation_mode": "QUATERNION"
      },
      "armature_space": {
        "head": {
          "x": 0.6475245952606201,
          "y": -0.2516811490058899,
          "z": 0.397705614566803
        },
        "tail": {
          "x": 0.7078466415405273,
          "y": -0.33259984850883484,
          "z": 0.3381851315498352
        }
      },
      "world_space": {
        "head": {
          "x": 0.6475245952606201,
          "y": -0.18843714892864227,
          "z": 1.3475596904754639
        },
        "tail": {
          "x": 0.7078466415405273,
          "y": -0.269355833530426,
          "z": 1.288039207458496
        },
        "rotation_quaternion": {
          "w": 0.153536856174469,
          "x": -0.8546037077903748,
          "y": -0.362114280462265,
          "z": 0.3390461206436157
        },
        "matrix": [
          [
            0.5078408122062683,
            0.5148175954818726,
            -0.6906954646110535,
            0.6475245952606201
          ],
          [
            0.7230410575866699,
            -0.6905990839004517,
            0.016877317801117897,
            -0.18843714892864227
          ],
          [
            -0.46830764412879944,
            -0.5079763531684875,
            -0.7229537963867188,
            1.3475596904754639
          ],
          [
            0.0,
            0.0,
            0.0,
            1.0
          ]
        ]
      },
      "bone_length_armature_space": 0.11717198189668095,
      "parent": "lowerarm_l",
      "has_children": true,
      "is_end_bone": false
    },
    "index_01_l": {
      "name": "index_01_l",
      "local": {
        "location": {
          "x": 0.0,
          "y": 0.0,
          "z": 0.0
        },
        "rotation_quaternion": {
          "w": 0.948788046836853,
          "x": 0.3156384825706482,
          "y": 0.013094838708639145,
          "z": -0.0014516148949041963
        },
        "scale": {
          "x": 1.0,
          "y": 1.0,
          "z": 1.0
        },
        "matrix_basis": [
          [
            0.9996528625488281,
            0.011021019890904427,
            0.02393208257853985,
            0.0
          ],
          [
            0.005511920433491468,
            0.8007404804229736,
            -0.598986029624939,
            0.0
          ],
          [
            -0.02576482482254505,
            0.5989100337028503,
            0.8004017472267151,
            0.0
          ],
          [
            0.0,
            0.0,
            0.0,
            1.0
          ]
        ],
        "rotation_mode": "QUATERNION"
      },
      "armature_space": {
        "head": {
          "x": 0.7078466415405273,
          "y": -0.33259984850883484,
          "z": 0.3381851315498352
        },
        "tail": {
          "x": 0.7148191928863525,
          "y": -0.3417879045009613,
          "z": 0.31210750341415405
        }
      },
      "world_space": {
        "head": {
          "x": 0.7078466415405273,
          "y": -0.269355833530426,
          "z": 1.288039207458496
        },
        "tail": {
          "x": 0.7148191928863525,
          "y": -0.2785438895225525,
          "z": 1.2619614601135254
        },
        "rotation_quaternion": {
          "w": 0.4101193845272064,
          "x": -0.702438235282898,
          "y": -0.4131454825401306,
          "z": 0.4095039665699005
        },
        "matrix": [
          [
            0.3232339918613434,
            0.2445283830165863,
            -0.9141801595687866,
            0.7078466415405273
          ],
          [
            0.9163098931312561,
            -0.3222256600856781,
            0.23779669404029846,
            -0.269355833530426
          ],
          [
            -0.23642519116401672,
            -0.9145429730415344,
            -0.3282201886177063,
            1.288039207458496
          ],
          [
            0.0,
            0.0,
            0.0,
            1.0
          ]
        ]
      },
      "bone_length_armature_space": 0.028514549100555456,
      "parent": "metacarpal_index_l",
      "has_children": true,
      "is_end_bone": false
    },
    "index_02_l": {
      "name": "index_02_l",
      "local": {
        "location": {
          "x": 0.0,
          "y": 0.0,
          "z": 0.0
        },
        "rotation_quaternion": {
          "w": 0.9004852771759033,
          "x": 0.4348015785217285,
          "y": -0.008245007134974003,
          "z": -0.0024706260301172733
        },
        "scale": {
          "x": 1.0,
          "y": 1.0,
          "z": 1.0
        },
        "matrix_basis": [
          [
            0.9998518228530884,
            -0.002720359480008483,
            -0.016997478902339935,
            0.0
          ],
          [
            -0.01161940861493349,
            0.621882975101471,
            -0.7830240726470947,
            0.0
          ],
          [
            0.012700551189482212,
            0.7831055521965027,
            0.6217592358589172,
            0.0
          ],
          [
            0.0,
            0.0,
            0.0,
            1.0
          ]
        ],
        "rotation_mode": "QUATERNION"
      },
      "armature_space": {
        "head": {
          "x": 0.7148189544677734,
          "y": -0.3417881727218628,
          "z": 0.3121071457862854
        },
        "tail": {
          "x": 0.7008063793182373,
          "y": -0.34333178400993347,
          "z": 0.2906744182109833
        }
      },
      "world_space": {
        "head": {
          "x": 0.7148189544677734,
          "y": -0.27854418754577637,
          "z": 1.2619612216949463
        },
        "tail": {
          "x": 0.7008063793182373,
          "y": -0.28008776903152466,
          "z": 1.2405284643173218
        },
        "rotation_quaternion": {
          "w": 0.6483106017112732,
          "x": -0.4468715190887451,
          "y": -0.22272969782352448,
          "z": 0.5747962594032288
        },
        "matrix": [
          [
            0.23999789357185364,
            -0.5462296009063721,
            -0.8025174140930176,
            0.7148189544677734
          ],
          [
            0.9443573355674744,
            -0.06017176806926727,
            0.3233714699745178,
            -0.27854418754577637
          ],
          [
            -0.22492475807666779,
            -0.8354775309562683,
            0.5013984441757202,
            1.2619612216949463
          ],
          [
            0.0,
            0.0,
            0.0,
            1.0
          ]
        ]
      },
      "bone_length_armature_space": 0.02565339789578386,
      "parent": "index_01_l",
      "has_children": true,
      "is_end_bone": false
    },
    "index_03_l": {
      "name": "index_03_l",
      "local": {
        "location": {
          "x": 0.0,
          "y": 0.0,
          "z": 0.0
        },
        "rotation_quaternion": {
          "w": 0.9285440444946289,
          "x": 0.37117108702659607,
          "y": -0.006052332930266857,
          "z": 0.0011781924404203892
        },
        "scale": {
          "x": 1.0,
          "y": 1.0,
          "z": 1.0
        },
        "matrix_basis": [
          [
            0.9999239444732666,
            -0.00668090907856822,
            -0.010365093126893044,
            0.0
          ],
          [
            -0.0023048948496580124,
            0.7244612574577332,
            -0.689311683177948,
            0.0
          ],
          [
            0.012114337645471096,
            0.6892831325531006,
            0.7243908047676086,
            0.0
          ],
          [
            0.0,
            0.0,
            0.0,
            1.0
          ]
        ],
        "rotation_mode": "QUATERNION"
      },
      "armature_space": {
        "head": {
          "x": 0.7008064985275269,
          "y": -0.34333184361457825,
          "z": 0.2906743884086609
        },
        "tail": {
          "x": 0.673542320728302,
          "y": -0.3344990909099579,
          "z": 0.28498414158821106
        }
      },
      "world_space": {
        "head": {
          "x": 0.7008064985275269,
          "y": -0.28008782863616943,
          "z": 1.2405283451080322
        },
        "tail": {
          "x": 0.673542320728302,
          "y": -0.2712550759315491,
          "z": 1.2348381280899048
        },
        "rotation_quaternion": {
          "w": 0.8067429065704346,
          "x": -0.13335873186588287,
          "y": 0.017751526087522507,
          "z": 0.5753834843635559
        },
        "matrix": [
          [
            0.3372371196746826,
            -0.9331077337265015,
            -0.12482386827468872,
            0.7008064985275269
          ],
          [
            0.9236389994621277,
            0.30229809880256653,
            0.2356000542640686,
            -0.28008782863616943
          ],
          [
            -0.18210676312446594,
            -0.19474640488624573,
            0.9638075828552246,
            1.2405283451080322
          ],
          [
            0.0,
            0.0,
            0.0,
            1.0
          ]
        ]
      },
      "bone_length_armature_space": 0.029218689767671373,
      "parent": "index_02_l",
      "has_children": false,
      "is_end_bone": true
    },
    "metacarpal_pinky_l": {
      "name": "metacarpal_pinky_l",
      "local": {
        "location": {
          "x": 0.0,
          "y": 0.0,
          "z": 0.0
        },
        "rotation_quaternion": {
          "w": 0.9999449253082275,
          "x": 0.00027020651032216847,
          "y": -9.691530431155115e-05,
          "z": -0.01049676164984703
        },
        "scale": {
          "x": 1.0,
          "y": 1.0,
          "z": 1.0
        },
        "matrix_basis": [
          [
            0.9997796416282654,
            0.02099231444299221,
            -0.0001994925260078162,
            0.0
          ],
          [
            -0.020992418751120567,
            0.999779462814331,
            -0.0005383486859500408,
            0.0
          ],
          [
            0.0001881473435787484,
            0.0005424178671091795,
            0.9999998211860657,
            0.0
          ],
          [
            0.0,
            0.0,
            0.0,
            1.0
          ]
        ],
        "rotation_mode": "QUATERNION"
      },
      "armature_space": {
        "head": {
          "x": 0.6475245952606201,
          "y": -0.2516811490058899,
          "z": 0.397705614566803
        },
        "tail": {
          "x": 0.7387425899505615,
          "y": -0.28118881583213806,
          "z": 0.3570631146430969
        }
      },
      "world_space": {
        "head": {
          "x": 0.6475245952606201,
          "y": -0.18843714892864227,
          "z": 1.3475596904754639
        },
        "tail": {
          "x": 0.7387425899505615,
          "y": -0.21794481575489044,
          "z": 1.3069171905517578
        },
        "rotation_quaternion": {
          "w": 0.507911205291748,
          "x": 0.11058371514081955,
          "y": 0.3167649805545807,
          "z": -0.7933835983276367
        },
        "matrix": [
          [
            -0.4595939815044403,
            0.875994861125946,
            0.14630842208862305,
            0.6475245952606201
          ],
          [
            -0.7358806133270264,
            -0.283371239900589,
            -0.6149643063545227,
            -0.18843714892864227
          ],
          [
            -0.4972500503063202,
            -0.39030247926712036,
            0.7748680114746094,
            1.3475596904754639
          ],
          [
            0.0,
            0.0,
            0.0,
            1.0
          ]
        ]
      },
      "bone_length_armature_space": 0.10413086919928494,
      "parent": "lowerarm_l",
      "has_children": true,
      "is_end_bone": false
    },
    "pinky_01_l": {
      "name": "pinky_01_l",
      "local": {
        "location": {
          "x": 0.0,
          "y": 0.0,
          "z": 0.0
        },
        "rotation_quaternion": {
          "w": 0.9362493753433228,
          "x": 0.3510599732398987,
          "y": -0.00410378398373723,
          "z": -0.013313403353095055
        },
        "scale": {
          "x": 1.0,
          "y": 1.0,
          "z": 1.0
        },
        "matrix_basis": [
          [
            0.9996117949485779,
            0.02204798348248005,
            -0.01703193597495556,
            0.0
          ],
          [
            -0.027810679748654366,
            0.7531592845916748,
            -0.6572501063346863,
            0.0
          ],
          [
            -0.0016632756451144814,
            0.6574686169624329,
            0.7534801363945007,
            0.0
          ],
          [
            0.0,
            0.0,
            0.0,
            1.0
          ]
        ],
        "rotation_mode": "QUATERNION"
      },
      "armature_space": {
        "head": {
          "x": 0.7387425899505615,
          "y": -0.28118881583213806,
          "z": 0.3570631146430969
        },
        "tail": {
