{
  "metadata": {
    "armature_name": "KIM_caucasian_male",
    "export_time": "2026-01-13T21:04:43.185752",
    "blender_version": "4.4.1",
    "bone_count": 56,
    "end_bone_count": 13,
    "spaces_included": [
      "LOCAL_CHANNELS",
      "ARMATURE_SPACE",
      "WORLD_SPACE"
    ],
    "note": "LOCAL matches Transform panel; replay pose via local.matrix_basis for best fidelity."
  },
  "bones": {
    "Root": {
      "name": "Root",
      "local": {
        "location": {
          "x": 0.0,
          "y": 0.0,
          "z": 0.0
        },
        "rotation_quaternion": {
          "w": 0.9997338056564331,
          "x": -0.01857084035873413,
          "y": 0.013680234551429749,
          "z": 0.00057184137403965
        },
        "scale": {
          "x": 1.0,
          "y": 1.0,
          "z": 1.0
        },
        "matrix_basis": [
          [
            0.999625027179718,
            -0.0016514852177351713,
            0.027331946417689323,
            0.0
          ],
          [
            0.0006352714262902737,
            0.9993095993995667,
            0.037147440016269684,
            0.0
          ],
          [
            -0.027374425902962685,
            -0.037116147577762604,
            0.9989359378814697,
            0.0
          ],
          [
            0.0,
            0.0,
            0.0,
            1.0
          ]
        ],
        "rotation_mode": "QUATERNION"
      },
      "armature_space": {
        "head": {
          "x": 0.0,
          "y": 0.07072800397872925,
          "z": -0.009595036506652832
        },
        "tail": {
          "x": -0.00011787619587266818,
          "y": 0.00040496140718460083,
          "z": 0.0026185447350144386
        }
      },
      "world_space": {
        "head": {
          "x": 0.0,
          "y": 0.13397200405597687,
          "z": 0.9402589797973633
        },
        "tail": {
          "x": -0.00011787619587266818,
          "y": 0.06364896148443222,
          "z": 0.9524725675582886
        },
        "rotation_quaternion": {
          "w": 0.08587837219238281,
          "x": 0.996211588382721,
          "y": 0.0003510663809720427,
          "z": 0.0136876804754138
        },
        "matrix": [
          [
            0.999625027179718,
            -0.0016514852177351713,
            0.027331946417689323,
            0.0
          ],
          [
            0.0030504304450005293,
            -0.9852495193481445,
            -0.17109692096710205,
            0.13397200405597687
          ],
          [
            0.027211543172597885,
            0.1711163967847824,
            -0.9848820567131042,
            0.9402589797973633
          ],
          [
            0.0,
            0.0,
            0.0,
            1.0
          ]
        ]
      },
      "bone_length_armature_space": 0.07137587675942599,
      "parent": null,
      "has_children": true,
      "is_end_bone": false
    },
    "spine_01": {
      "name": "spine_01",
      "local": {
        "location": {
          "x": 0.0,
          "y": 0.0,
          "z": 0.0
        },
        "rotation_quaternion": {
          "w": 0.9997221231460571,
          "x": -0.0057609593495726585,
          "y": 0.014039384201169014,
          "z": -0.01804099977016449
        },
        "scale": {
          "x": 1.0,
          "y": 1.0,
          "z": 1.0
        },
        "matrix_basis": [
          [
            0.9989548325538635,
            0.03591021150350571,
            0.028278833255171776,
            0.0
          ],
          [
            -0.03623373433947563,
            0.9992826581001282,
            0.01101214811205864,
            0.0
          ],
          [
            -0.027863098308444023,
            -0.012025286443531513,
            0.9995394349098206,
            0.0
          ],
          [
            0.0,
            0.0,
            0.0,
            1.0
          ]
        ],
        "rotation_mode": "QUATERNION"
      },
      "armature_space": {
        "head": {
          "x": -0.00011787619587266818,
          "y": 0.00040496140718460083,
          "z": 0.0026185447350144386
        },
        "tail": {
          "x": 0.004047693219035864,
          "y": 0.04715289920568466,
          "z": 0.48836106061935425
        }
      },
      "world_space": {
        "head": {
          "x": -0.00011787619587266818,
          "y": 0.06364896148443222,
          "z": 0.9524725675582886
        },
        "tail": {
          "x": 0.004047693219035864,
          "y": 0.11039689928293228,
          "z": 1.4382150173187256
        },
        "rotation_quaternion": {
          "w": 0.740077555179596,
          "x": 0.6723546385765076,
          "y": 0.013502298854291439,
          "z": 0.0064997742883861065
        },
        "matrix": [
          [
            0.9995508790016174,
            0.008535981178283691,
            0.02872573956847191,
            -0.00011787619587266818
          ],
          [
            0.02777727134525776,
            0.09579471498727798,
            -0.9950134754180908,
            0.06364896148443222
          ],
          [
            -0.011245250701904297,
            0.9953715205192566,
            0.09551434218883514,
            0.9524725675582886
          ],
          [
            0.0,
            0.0,
            0.0,
            1.0
          ]
        ]
      },
      "bone_length_armature_space": 0.4880046235257242,
      "parent": "Root",
      "has_children": true,
      "is_end_bone": false
    },
    "neck_01": {
      "name": "neck_01",
      "local": {
        "location": {
          "x": 0.0,
          "y": 0.0,
          "z": 0.0
        },
        "rotation_quaternion": {
          "w": 0.9876924753189087,
          "x": -0.007727360352873802,
          "y": 0.10333483666181564,
          "z": -0.11715787649154663
        },
        "scale": {
          "x": 1.0,
          "y": 1.0,
          "z": 1.0
        },
        "matrix_basis": [
          [
            0.9511919021606445,
            0.2298348993062973,
            0.2059367299079895,
            0.0
          ],
          [
            -0.23302891850471497,
            0.9724286198616028,
            -0.00894846860319376,
            0.0
          ],
          [
            -0.20231543481349945,
            -0.03947748988866806,
            0.978524386882782,
            0.0
          ],
          [
            0.0,
            0.0,
            0.0,
            1.0
          ]
        ],
        "rotation_mode": "QUATERNION"
      },
      "armature_space": {
        "head": {
          "x": 0.005668906029313803,
          "y": 0.019659336656332016,
          "z": 0.5645531415939331
        },
        "tail": {
          "x": 0.031010013073682785,
          "y": -0.0047038234770298,
          "z": 0.660860002040863
        }
      },
      "world_space": {
        "head": {
          "x": 0.005668906029313803,
          "y": 0.08290334045886993,
          "z": 1.5144071578979492
        },
        "tail": {
          "x": 0.031010013073682785,
          "y": 0.05854017660021782,
          "z": 1.6107139587402344
        },
        "rotation_quaternion": {
          "w": 0.5936926603317261,
          "x": 0.7864826321601868,
          "y": 0.16943655908107758,
          "z": 0.01628728210926056
        },
        "matrix": [
          [
            0.9420516490936279,
            0.247178852558136,
            0.22680704295635223,
            0.005668906029313803
          ],
          [
            0.28585830330848694,
            -0.2376399040222168,
            -0.9283385872840881,
            0.08290334045886993
          ],
          [
            -0.17556820809841156,
            0.9393836855888367,
            -0.2945300340652466,
            1.5144071578979492
          ],
          [
            0.0,
            0.0,
            0.0,
            1.0
          ]
        ]
      },
      "bone_length_armature_space": 0.10252193438436347,
      "parent": "spine_01",
      "has_children": true,
      "is_end_bone": false
    },
    "head": {
      "name": "head",
      "local": {
        "location": {
          "x": 0.0,
          "y": 0.0,
          "z": 0.0
        },
        "rotation_quaternion": {
          "w": 0.970012366771698,
          "x": 0.046583350747823715,
          "y": 0.11215852946043015,
          "z": 0.21053868532180786
        },
        "scale": {
          "x": 1.0,
          "y": 1.0,
          "z": 1.0
        },
        "matrix_basis": [
          [
            0.8861878514289856,
            -0.3980008065700531,
            0.23720552027225494,
            0.0
          ],
          [
            0.41889968514442444,
            0.9070069193840027,
            -0.04314543306827545,
            0.0
          ],
          [
            -0.19797512888908386,
            0.13760027289390564,
            0.9705008864402771,
            0.0
          ],
          [
            0.0,
            0.0,
            0.0,
            1.0
          ]
        ],
        "rotation_mode": "QUATERNION"
      },
      "armature_space": {
        "head": {
          "x": 0.031010029837489128,
          "y": -0.004703951999545097,
          "z": 0.6608598828315735
        },
        "tail": {
          "x": -3.9750710129737854e-05,
          "y": -0.026484686881303787,
          "z": 0.8112420439720154
        }
      },
      "world_space": {
        "head": {
          "x": 0.031010029837489128,
          "y": 0.05854004621505737,
          "z": 1.6107139587402344
        },
        "tail": {
          "x": -3.9750710129737854e-05,
          "y": 0.03675931319594383,
          "z": 1.7610960006713867
        },
        "rotation_quaternion": {
          "w": 0.6476809978485107,
          "x": 0.7069963812828064,
          "y": 0.1014389768242836,
          "z": 0.2652841806411743
        },
        "matrix": [
          [
            0.8386697769165039,
            -0.20020464062690735,
            0.5065088868141174,
            0.031010029837489128
          ],
          [
            0.4870717525482178,
            -0.14043913781642914,
            -0.861996591091156,
            0.05854004621505737
          ],
          [
            0.2437114715576172,
            0.9696431756019592,
            -0.020268939435482025,
            1.6107139587402344
          ],
          [
            0.0,
            0.0,
            0.0,
            1.0
          ]
        ]
      },
      "bone_length_armature_space": 0.1550912091389144,
      "parent": "neck_01",
      "has_children": false,
      "is_end_bone": true
    },
    "upperarm_l": {
      "name": "upperarm_l",
      "local": {
        "location": {
          "x": 0.0,
          "y": 0.0,
          "z": 0.0
        },
        "rotation_quaternion": {
          "w": 0.8870139122009277,
          "x": -0.08415485918521881,
          "y": 0.44173765182495117,
          "z": -0.10484406352043152
        },
        "scale": {
          "x": 1.0,
          "y": 1.0,
          "z": 1.0
        },
        "matrix_basis": [
          [
            0.5877511501312256,
            0.11164754629135132,
            0.8013011813163757,
            0.0
          ],
          [
            -0.2603450119495392,
            0.9638513922691345,
            0.056665919721126556,
            0.0
          ],
          [
            -0.7660086154937744,
            -0.24192020297050476,
            0.5955716371536255,
            0.0
          ],
          [
            0.0,
            0.0,
            0.0,
            1.0
          ]
        ],
        "rotation_mode": "QUATERNION"
      },
      "armature_space": {
        "head": {
          "x": 0.15511947870254517,
          "y": 0.01421455666422844,
          "z": 0.49627426266670227
        },
        "tail": {
          "x": 0.4073795974254608,
          "y": 0.09324944019317627,
          "z": 0.4523884952068329
        }
      },
      "world_space": {
        "head": {
          "x": 0.15511947870254517,
          "y": 0.07745856046676636,
          "z": 1.446128249168396
        },
        "tail": {
          "x": 0.4073795974254608,
          "y": 0.1564934402704239,
          "z": 1.4022425413131714
        },
        "rotation_quaternion": {
          "w": 0.2269873172044754,
          "x": 0.5324923396110535,
          "y": 0.7719764709472656,
          "z": -0.26264238357543945
        },
        "matrix": [
          [
            -0.3298567235469818,
            0.9413765072822571,
            0.07074552774429321,
            0.15511947870254517
          ],
          [
            0.7029106616973877,
            0.29493993520736694,
            -0.6472459435462952,
            0.07745856046676636
          ],
          [
            -0.6301714181900024,
            -0.16377156972885132,
            -0.7589973211288452,
            1.446128249168396
          ],
          [
            0.0,
            0.0,
            0.0,
            1.0
          ]
        ]
      },
      "bone_length_armature_space": 0.26796948199790815,
      "parent": "spine_01",
      "has_children": true,
      "is_end_bone": false
    },
    "lowerarm_l": {
      "name": "lowerarm_l",
      "local": {
        "location": {
          "x": 0.0,
          "y": 0.0,
          "z": 0.0
        },
        "rotation_quaternion": {
          "w": 0.8728340864181519,
          "x": 0.47025105357170105,
          "y": -0.04046715423464775,
          "z": 0.12404510378837585
        },
        "scale": {
          "x": 1.0,
          "y": 1.0,
          "z": 1.0
        },
        "matrix_basis": [
          [
            0.9659504294395447,
            -0.25460103154182434,
            0.046022459864616394,
            0.0
          ],
          [
            0.17848214507102966,
            0.5269535183906555,
            -0.8309417963027954,
            0.0
          ],
          [
            0.18730691075325012,
            0.8108627796173096,
            0.5544527173042297,
            0.0
          ],
          [
            0.0,
            0.0,
            0.0,
            1.0
          ]
        ],
        "rotation_mode": "QUATERNION"
      },
      "armature_space": {
        "head": {
          "x": 0.40737971663475037,
          "y": 0.0932493507862091,
          "z": 0.4523885250091553
        },
        "tail": {
          "x": 0.5608006119728088,
          "y": -0.09192357957363129,
          "z": 0.3351595997810364
        }
      },
      "world_space": {
        "head": {
          "x": 0.40737971663475037,
          "y": 0.15649335086345673,
          "z": 1.4022425413131714
        },
        "tail": {
          "x": 0.5608006119728088,
          "y": -0.028679579496383667,
          "z": 1.2850136756896973
        },
        "rotation_quaternion": {
          "w": 0.03654388710856438,
          "x": 0.6756899952888489,
          "y": 0.3906118869781494,
          "z": -0.6241234540939331
        },
        "matrix": [
          [
            -0.08421626687049866,
            0.5734835863113403,
            -0.8148767948150635,
            0.40737971663475037
          ],
          [
            0.4822491705417633,
            -0.6921719312667847,
            -0.5369675159454346,
            0.15649335086345673
          ],
          [
            -0.8719823360443115,
            -0.43819883465766907,
            -0.21827183663845062,
            1.4022425413131714
          ],
          [
            0.0,
            0.0,
            0.0,
            1.0
          ]
        ]
      },
      "bone_length_armature_space": 0.2675249628174425,
      "parent": "upperarm_l",
      "has_children": true,
      "is_end_bone": false
    },
    "metacarpal_thumb_l": {
      "name": "metacarpal_thumb_l",
      "local": {
        "location": {
          "x": 0.0,
          "y": 0.0,
          "z": 0.0
        },
        "rotation_quaternion": {
          "w": 0.9999147653579712,
          "x": -0.005380135029554367,
          "y": -0.011030714958906174,
          "z": -0.004471008200198412
        },
        "scale": {
          "x": 1.0,
          "y": 1.0,
          "z": 1.0
        },
        "matrix_basis": [
          [
            0.9997166395187378,
            0.009059947915375233,
            -0.022011440247297287,
            0.0
          ],
          [
            -0.00882256031036377,
            0.9999021291732788,
            0.010857990011572838,
            0.0
          ],
          [
            0.02210765890777111,
            -0.010660716332495213,
            0.9996987581253052,
            0.0
          ],
          [
            0.0,
            0.0,
            0.0,
            1.0
          ]
        ],
        "rotation_mode": "QUATERNION"
      },
      "armature_space": {
        "head": {
          "x": 0.5608006119728088,
          "y": -0.09192357957363129,
          "z": 0.3351595997810364
        },
        "tail": {
          "x": 0.5592136383056641,
          "y": -0.1305248886346817,
          "z": 0.3041592836380005
        }
      },
      "world_space": {
        "head": {
          "x": 0.5608006119728088,
          "y": -0.028679579496383667,
          "z": 1.2850136756896973
        },
        "tail": {
          "x": 0.5592136383056641,
          "y": -0.06728088855743408,
          "z": 1.2540132999420166
        },
        "rotation_quaternion": {
          "w": 0.33192864060401917,
          "x": -0.9392967820167542,
          "y": -0.013279745355248451,
          "z": 0.08584040403366089
        },
        "matrix": [
          [
            0.9849101901054382,
            -0.032038405537605286,
            -0.17007485032081604,
            0.5608006119728088
          ],
          [
            0.08193279802799225,
            -0.7792944312095642,
            0.6212787628173828,
            -0.028679579496383667
          ],
          [
            -0.1524442434310913,
            -0.6258435249328613,
            -0.7649146914482117,
            1.2850136756896973
          ],
          [
            0.0,
            0.0,
            0.0,
            1.0
          ]
        ]
      },
      "bone_length_armature_space": 0.04953381814173809,
      "parent": "lowerarm_l",
      "has_children": true,
      "is_end_bone": false
    },
    "thumb_01_l": {
      "name": "thumb_01_l",
      "local": {
        "location": {
          "x": 0.0,
          "y": 0.0,
          "z": 0.0
        },
        "rotation_quaternion": {
          "w": 0.9985635280609131,
          "x": 0.04840274155139923,
          "y": 0.014959091320633888,
          "z": 0.01744466833770275
        },
        "scale": {
          "x": 1.0,
          "y": 1.0,
          "z": 1.0
        },
        "matrix_basis": [
          [
            0.9989438056945801,
            -0.03339109569787979,
            0.03156394511461258,
            0.0
          ],
          [
            0.0362873412668705,
            0.9947057366371155,
            -0.09614451229572296,
            0.0
          ],
          [
            -0.028186466544866562,
            0.09718833863735199,
            0.9948667883872986,
            0.0
          ],
          [
            0.0,
            0.0,
            0.0,
            1.0
          ]
        ],
        "rotation_mode": "QUATERNION"
      },
      "armature_space": {
        "head": {
          "x": 0.5592136383056641,
          "y": -0.1305248886346817,
          "z": 0.3041592836380005
        },
        "tail": {
          "x": 0.5532709360122681,
          "y": -0.13131937384605408,
          "z": 0.2706526517868042
        }
      },
      "world_space": {
        "head": {
          "x": 0.5592136383056641,
          "y": -0.06728088855743408,
          "z": 1.2540132999420166
        },
        "tail": {
          "x": 0.5532709360122681,
          "y": -0.06807537376880646,
          "z": 1.2205066680908203
        },
        "rotation_quaternion": {
          "w": 0.4608575999736786,
          "x": -0.5583969950675964,
          "y": 0.5252994894981384,
          "z": -0.447061151266098
        },
        "matrix": [
          [
            0.04839201644062996,
            -0.17458772659301758,
            0.983451783657074,
            0.5592136383056641
          ],
          [
            -0.99871426820755,
            -0.023340875282883644,
            0.04499930143356323,
            -0.06728088855743408
          ],
          [
            0.01509739551693201,
            -0.9843718409538269,
            -0.17549410462379456,
            1.2540132999420166
          ],
          [
            0.0,
            0.0,
            0.0,
            1.0
          ]
        ]
      },
      "bone_length_armature_space": 0.034038819969382836,
      "parent": "metacarpal_thumb_l",
      "has_children": true,
      "is_end_bone": false
    },
    "thumb_02_l": {
      "name": "thumb_02_l",
      "local": {
        "location": {
          "x": 0.0,
          "y": 0.0,
          "z": 0.0
        },
        "rotation_quaternion": {
          "w": 0.9903876185417175,
          "x": 0.13802912831306458,
          "y": -0.00896296463906765,
          "z": 0.00015707412967458367
        },
        "scale": {
          "x": 1.0,
          "y": 1.0,
          "z": 1.0
        },
        "matrix_basis": [
          [
            0.9998393058776855,
            -0.0027854288928210735,
            -0.017710257321596146,
            0.0
          ],
          [
            -0.0021631717681884766,
            0.9618958830833435,
            -0.2734074890613556,
            0.0
          ],
          [
            0.01779698021709919,
            0.2734018564224243,
            0.9617352485656738,
            0.0
          ],
          [
            0.0,
            0.0,
            0.0,
            1.0
          ]
        ],
        "rotation_mode": "QUATERNION"
      },
      "armature_space": {
        "head": {
          "x": 0.5532708764076233,
          "y": -0.1313193440437317,
          "z": 0.2706526815891266
        },
        "tail": {
          "x": 0.5804276466369629,
          "y": -0.1575223058462143,
          "z": 0.25690141320228577
        }
      },
      "world_space": {
        "head": {
          "x": 0.5532708764076233,
          "y": -0.06807534396648407,
          "z": 1.2205066680908203
        },
        "tail": {
          "x": 0.5804276466369629,
          "y": -0.09427830576896667,
          "z": 1.2067553997039795
        },
        "rotation_quaternion": {
          "w": 0.40261855721473694,
          "x": -0.18613854050636292,
          "y": 0.10817618668079376,
          "z": -0.8896902799606323
        },
        "matrix": [
          [
            -0.6065008640289307,
            0.676140546798706,
            0.4183187782764435,
            0.5532708764076233
          ],
          [
            -0.7566831707954407,
            -0.6523925065994263,
            -0.04259927570819855,
            -0.06807534396648407
          ],
          [
            0.2441059798002243,
            -0.34237438440322876,
            0.9073069095611572,
            1.2205066680908203
          ],
          [
            0.0,
            0.0,
            0.0,
            1.0
          ]
        ]
      },
      "bone_length_armature_space": 0.04016444680272015,
      "parent": "thumb_01_l",
      "has_children": true,
      "is_end_bone": false
    },
    "thumb_03_l": {
      "name": "thumb_03_l",
      "local": {
        "location": {
          "x": 0.0,
          "y": 0.0,
          "z": 0.0
        },
        "rotation_quaternion": {
          "w": 0.9967303276062012,
          "x": 0.08032361418008804,
          "y": -0.00638245977461338,
          "z": -0.006008506752550602
        },
        "scale": {
          "x": 1.0,
          "y": 1.0,
          "z": 1.0
        },
        "matrix_basis": [
          [
            0.999846339225769,
            0.010952397249639034,
            -0.013688432052731514,
            0.0
          ],
          [
            -0.013003046624362469,
            0.9870240092277527,
            -0.16004526615142822,
            0.0
          ],
          [
            0.011757932603359222,
            0.1601986587047577,
            0.9870147705078125,
            0.0
          ],
          [
            0.0,
            0.0,
            0.0,
            1.0
          ]
        ],
        "rotation_mode": "QUATERNION"
      },
      "armature_space": {
        "head": {
          "x": 0.5804275870323181,
          "y": -0.1575223058462143,
          "z": 0.2569013833999634
        },
        "tail": {
          "x": 0.6059421300888062,
          "y": -0.17409265041351318,
          "z": 0.2580515742301941
        }
      },
      "world_space": {
        "head": {
          "x": 0.5804275870323181,
          "y": -0.09427830576896667,
          "z": 1.2067553997039795
        },
        "tail": {
          "x": 0.6059421300888062,
          "y": -0.11084865033626556,
          "z": 1.2079055309295654
        },
        "rotation_quaternion": {
          "w": 0.47690877318382263,
          "x": 0.07727596908807755,
          "y": 0.020522629842162132,
          "z": -0.8753086924552917
        },
        "matrix": [
          [
            -0.5331728458404541,
            0.8380566835403442,
            -0.1157052144408226,
            0.5804275870323181
          ],
          [
            -0.831713080406189,
            -0.5442737340927124,
            -0.10963435471057892,
            -0.09427830576896667
          ],
          [
            -0.15485689043998718,
            0.03777908533811569,
            0.987221360206604,
            1.2067553997039795
          ],
          [
            0.0,
            0.0,
            0.0,
            1.0
          ]
        ]
      },
      "bone_length_armature_space": 0.030444887295039018,
      "parent": "thumb_02_l",
      "has_children": false,
      "is_end_bone": true
    },
    "metacarpal_index_l": {
      "name": "metacarpal_index_l",
      "local": {
        "location": {
          "x": 0.0,
          "y": 0.0,
          "z": 0.0
        },
        "rotation_quaternion": {
          "w": 0.9999054670333862,
          "x": -0.011843930929899216,
          "y": -0.0005025998689234257,
          "z": 0.006969326641410589
        },
        "scale": {
          "x": 1.0,
          "y": 1.0,
          "z": 1.0
        },
        "matrix_basis": [
          [
            0.9999023675918579,
            -0.013925430364906788,
            -0.001170193194411695,
            0.0
          ],
          [
            0.013949241489171982,
            0.9996222853660583,
            0.023678617551922798,
            0.0
          ],
          [
            0.0008400162914767861,
            -0.023692628368735313,
            0.999718964099884,
            0.0
          ],
          [
            0.0,
            0.0,
            0.0,
            1.0
          ]
        ],
        "rotation_mode": "QUATERNION"
      },
      "armature_space": {
        "head": {
          "x": 0.5608006119728088,
          "y": -0.09192357957363129,
          "z": 0.3351595997810364
        },
        "tail": {
          "x": 0.5956578850746155,
          "y": -0.1869475245475769,
          "z": 0.27612826228141785
        }
      },
      "world_space": {
        "head": {
          "x": 0.5608006119728088,
          "y": -0.028679579496383667,
          "z": 1.2850136756896973
        },
        "tail": {
          "x": 0.5956578850746155,
          "y": -0.12370352447032928,
          "z": 1.2259823083877563
        },
        "rotation_quaternion": {
          "w": 0.2027781754732132,
          "x": -0.9041275382041931,
          "y": -0.23106519877910614,
          "z": 0.296720951795578
        },
        "matrix": [
          [
            0.717130720615387,
            0.2974887192249298,
            -0.6302570104598999,
            0.5608006119728088
          ],
          [
            0.5381621718406677,
            -0.8109801411628723,
            0.2295495569705963,
            -0.028679579496383667
          ],
          [
            -0.442840039730072,
            -0.5038017630577087,
            -0.7416808605194092,
            1.2850136756896973
          ],
          [
            0.0,
            0.0,
            0.0,
            1.0
          ]
        ]
      },
      "bone_length_armature_space": 0.1171720047481519,
      "parent": "lowerarm_l",
      "has_children": true,
      "is_end_bone": false
    },
    "index_01_l": {
      "name": "index_01_l",
      "local": {
        "location": {
          "x": 0.0,
          "y": 0.0,
          "z": 0.0
        },
        "rotation_quaternion": {
          "w": 0.9961340427398682,
          "x": -0.08782870322465897,
          "y": -0.0011566812172532082,
          "z": 0.0013622489059343934
        },
        "scale": {
          "x": 1.0,
          "y": 1.0,
          "z": 1.0
        },
        "matrix_basis": [
          [
            0.999993622303009,
            -0.0025107853580266237,
            -0.002543708076700568,
            0.0
          ],
          [
            0.0029171446803957224,
            0.9845685362815857,
            0.1749751716852188,
            0.0
          ],
          [
            0.002065130043774843,
            -0.1749814748764038,
            0.9845695495605469,
            0.0
          ],
          [
            0.0,
            0.0,
            0.0,
            1.0
          ]
        ],
        "rotation_mode": "QUATERNION"
      },
      "armature_space": {
        "head": {
          "x": 0.5956578850746155,
          "y": -0.1869475245475769,
          "z": 0.27612826228141785
        },
        "tail": {
          "x": 0.6153966188430786,
          "y": -0.20462210476398468,
          "z": 0.2655895948410034
        }
      },
      "world_space": {
        "head": {
          "x": 0.5956578850746155,
          "y": -0.12370352447032928,
          "z": 1.2259823083877563
        },
        "tail": {
          "x": 0.6153966188430786,
          "y": -0.14137810468673706,
          "z": 1.2154436111450195
        },
        "rotation_quaternion": {
          "w": 0.11932186037302017,
          "x": -0.8795860409736633,
          "y": -0.41933077573776245,
          "z": 0.1904008537530899
        },
        "matrix": [
          [
            0.5758177042007446,
            0.6922374367713928,
            -0.4350186586380005,
            0.5956578850746155
          ],
          [
            0.7831131815910339,
            -0.6198481321334839,
            0.05022411048412323,
            -0.12370352447032928
          ],
          [
            -0.23487934470176697,
            -0.3695918917655945,
            -0.8990258574485779,
            1.2259823083877563
          ],
          [
            0.0,
            0.0,
            0.0,
            1.0
          ]
        ]
      },
      "bone_length_armature_space": 0.028514415903332806,
      "parent": "metacarpal_index_l",
      "has_children": true,
      "is_end_bone": false
    },
    "index_02_l": {
      "name": "index_02_l",
      "local": {
        "location": {
          "x": 0.0,
          "y": 0.0,
          "z": 0.0
        },
        "rotation_quaternion": {
          "w": 0.9866076111793518,
          "x": 0.16306088864803314,
          "y": 0.0032705836929380894,
          "z": 0.0024398162495344877
        },
        "scale": {
          "x": 1.0,
          "y": 1.0,
          "z": 1.0
        },
        "matrix_basis": [
          [
            0.9999666810035706,
            -0.003747673938050866,
            0.007249242626130581,
            0.0
          ],
          [
            0.005880891345441341,
            0.9468103647232056,
            -0.32173827290534973,
            0.0
          ],
          [
            -0.005657888483256102,
            0.32177019119262695,
            0.9468008875846863,
            0.0
          ],
          [
            0.0,
            0.0,
            0.0,
            1.0
          ]
        ],
        "rotation_mode": "QUATERNION"
      },
      "armature_space": {
        "head": {
          "x": 0.6153966188430786,
          "y": -0.20462250709533691,
          "z": 0.2655892074108124
        },
        "tail": {
          "x": 0.6292610764503479,
          "y": -0.21938209235668182,
          "z": 0.2498404085636139
        }
      },
      "world_space": {
        "head": {
          "x": 0.6153966188430786,
          "y": -0.1413785070180893,
          "z": 1.2154432535171509
        },
        "tail": {
          "x": 0.6292610764503479,
          "y": -0.1561380922794342,
          "z": 1.1996943950653076
        },
        "rotation_quaternion": {
          "w": 0.23401156067848206,
          "x": -0.8434966802597046,
          "y": -0.39694324135780334,
          "z": 0.276021808385849
        },
        "matrix": [
          [
            0.532494843006134,
            0.5404568910598755,
            -0.6514257192611694,
            0.6153966188430786
          ],
          [
            0.7988258004188538,
            -0.5753493309020996,
            0.1756441593170166,
            -0.1413785070180893
          ],
          [
            -0.2798704206943512,
            -0.6139100193977356,
            -0.738106369972229,
            1.2154432535171509
          ],
          [
            0.0,
            0.0,
            0.0,
            1.0
          ]
        ]
      },
      "bone_length_armature_space": 0.02565332773826335,
      "parent": "index_01_l",
      "has_children": true,
      "is_end_bone": false
    },
    "index_03_l": {
      "name": "index_03_l",
      "local": {
        "location": {
          "x": 0.0,
          "y": 0.0,
          "z": 0.0
        },
        "rotation_quaternion": {
          "w": 0.9811025857925415,
          "x": 0.19344109296798706,
          "y": -0.0035551777109503746,
          "z": 0.0024215311277657747
        },
        "scale": {
          "x": 1.0,
          "y": 1.0,
          "z": 1.0
        },
        "matrix_basis": [
          [
            0.9999629855155945,
            -0.006126975640654564,
            -0.006039140745997429,
            0.0
          ],
          [
            0.003376106033101678,
            0.9251493811607361,
            -0.3795883357524872,
            0.0
          ],
          [
            0.007912835106253624,
            0.379553884267807,
            0.9251357913017273,
            0.0
          ],
          [
            0.0,
            0.0,
            0.0,
            1.0
          ]
        ],
        "rotation_mode": "QUATERNION"
      },
      "armature_space": {
        "head": {
          "x": 0.6292611956596375,
          "y": -0.2193821370601654,
          "z": 0.24984054267406464
        },
        "tail": {
          "x": 0.6360686421394348,
          "y": -0.22945012152194977,
          "z": 0.22326920926570892
        }
      },
      "world_space": {
        "head": {
          "x": 0.6292611956596375,
          "y": -0.15613813698291779,
          "z": 1.1996945142745972
        },
        "tail": {
          "x": 0.6360686421394348,
          "y": -0.16620612144470215,
          "z": 1.1731232404708862
        },
        "rotation_quaternion": {
          "w": 0.44969114661216736,
          "x": -0.7498589158058167,
          "y": -0.35424748063087463,
          "z": 0.33165982365608215
        },
        "matrix": [
          [
            0.5290202498435974,
            0.23298317193984985,
            -0.8160001635551453,
            0.6292611956596375
          ],
          [
            0.8295606970787048,
            -0.34457334876060486,
            0.43942975997924805,
            -0.15613813698291779
          ],
          [
            -0.17879259586334229,
            -0.9093955159187317,
            -0.37556204199790955,
            1.1996945142745972
          ],
          [
            0.0,
            0.0,
            0.0,
            1.0
          ]
        ]
      },
      "bone_length_armature_space": 0.029218853496050908,
      "parent": "index_02_l",
      "has_children": false,
      "is_end_bone": true
    },
    "metacarpal_pinky_l": {
      "name": "metacarpal_pinky_l",
      "local": {
        "location": {
          "x": 0.0,
          "y": 0.0,
          "z": 0.0
        },
        "rotation_quaternion": {
          "w": 0.9997930526733398,
          "x": -0.01568182185292244,
          "y": -0.012546977959573269,
          "z": -0.0032534110359847546
        },
        "scale": {
          "x": 1.0,
          "y": 1.0,
          "z": 1.0
        },
        "matrix_basis": [
          [
            0.9996639490127563,
            0.00689899455755949,
            -0.02498672343790531,
            0.0
          ],
          [
            -0.006111956667155027,
            0.9994869828224182,
            0.03143879398703575,
            0.0
          ],
          [
            0.025190802291035652,
            -0.03127551078796387,
            0.9991933107376099,
            0.0
          ],
          [
            0.0,
            0.0,
            0.0,
            1.0
          ]
        ],
        "rotation_mode": "QUATERNION"
      },
      "armature_space": {
        "head": {
          "x": 0.5608006119728088,
          "y": -0.09192357957363129,
          "z": 0.3351595997810364
        },
        "tail": {
          "x": 0.6431916356086731,
          "y": -0.14157404005527496,
          "z": 0.2952873110771179
        }
      },
      "world_space": {
        "head": {
          "x": 0.5608006119728088,
          "y": -0.028679579496383667,
          "z": 1.2850136756896973
        },
        "tail": {
          "x": 0.6431916356086731,
          "y": -0.07833003997802734,
          "z": 1.2451412677764893
        },
        "rotation_quaternion": {
          "w": 0.40670207142829895,
          "x": 0.17138296365737915,
          "y": 0.3101430833339691,
          "z": -0.8420407772064209
        },
        "matrix": [
          [
            -0.6104421019554138,
            0.791226327419281,
            -0.03634949028491974,
            0.5608006119728088
          ],
          [
            -0.5786146521568298,
            -0.4768087565898895,
            -0.6617090702056885,
            -0.028679579496383667
          ],
          [
            -0.5408976078033447,
            -0.3829059600830078,
            0.7488837242126465,
            1.2850136756896973
          ],
          [
            0.0,
            0.0,
            0.0,
            1.0
          ]
        ]
      },
      "bone_length_armature_space": 0.10413091978747338,
      "parent": "lowerarm_l",
      "has_children": true,
      "is_end_bone": false
    },
    "pinky_01_l": {
      "name": "pinky_01_l",
      "local": {
        "location": {
          "x": 0.0,
          "y": 0.0,
          "z": 0.0
        },
        "rotation_quaternion": {
          "w": 0.9999074339866638,
          "x": 0.005917713046073914,
          "y": -0.008393832482397556,
          "z": -0.00893512275069952
        },
        "scale": {
          "x": 1.0,
          "y": 1.0,
          "z": 1.0
        },
        "matrix_basis": [
          [
            0.9996994137763977,
            0.01776924729347229,
            -0.016891861334443092,
            0.0
          ],
          [
            -0.017967935651540756,
            0.9997702836990356,
            -0.011684331111609936,
            0.0
          ],
          [
            0.016680359840393066,
            0.011984330601990223,
            0.9997890591621399,
            0.0
          ],
          [
            0.0,
            0.0,
            0.0,
            1.0
          ]
        ],
        "rotation_mode": "QUATERNION"
      },
      "armature_space": {
        "head": {
          "x": 0.6431916356086731,
          "y": -0.14157404005527496,
