{
  "metadata": {
    "armature_name": "KIM_caucasian_male",
    "export_time": "2026-01-13T21:15:48.261948",
    "blender_version": "4.4.1",
    "bone_count": 56,
    "end_bone_count": 13,
    "spaces_included": [
      "LOCAL_CHANNELS",
      "ARMATURE_SPACE",
      "WORLD_SPACE"
    ],
    "note": "LOCAL matches Transform panel; replay pose via local.matrix_basis for best fidelity."
  },
  "bones": {
    "Root": {
      "name": "Root",
      "local": {
        "location": {
          "x": 0.0,
          "y": 0.0,
          "z": 0.0
        },
        "rotation_quaternion": {
          "w": 0.9996306896209717,
          "x": 0.0172727108001709,
          "y": 0.01466323807835579,
          "z": -0.015007260255515575
        },
        "scale": {
          "x": 1.0,
          "y": 1.0,
          "z": 1.0
        },
        "matrix_basis": [
          [
            0.9991195201873779,
            0.030509984120726585,
            0.0287972129881382,
            0.0
          ],
          [
            -0.02949688769876957,
            0.9989528656005859,
            -0.034972772002220154,
            0.0
          ],
          [
            -0.02983407862484455,
            0.034092552959918976,
            0.9989733099937439,
            0.0
          ],
          [
            0.0,
            0.0,
            0.0,
            1.0
          ]
        ],
        "rotation_mode": "QUATERNION"
      },
      "armature_space": {
        "head": {
          "x": 0.0,
          "y": 0.07072800397872925,
          "z": -0.009595036506652832
        },
        "tail": {
          "x": 0.0021776766516268253,
          "y": -0.0002530515193939209,
          "z": -0.0024213632568717003
        }
      },
      "world_space": {
        "head": {
          "x": 0.0,
          "y": 0.13397200405597687,
          "z": 0.9402589797973633
        },
        "tail": {
          "x": 0.0021776766516268253,
          "y": 0.0629909485578537,
          "z": 0.9474326372146606
        },
        "rotation_quaternion": {
          "w": 0.05010930448770523,
          "x": 0.9985233545303345,
          "y": 0.015960998833179474,
          "z": 0.013618920929729939
        },
        "matrix": [
          [
            0.9991195201873779,
            0.030509984120726585,
            0.0287972129881382,
            0.0
          ],
          [
            0.033239737153053284,
            -0.9944685697555542,
            -0.09963634610176086,
            0.13397200405597687
          ],
          [
            0.025598231703042984,
            0.10050558298826218,
            -0.9946141839027405,
            0.9402589797973633
          ],
          [
            0.0,
            0.0,
            0.0,
            1.0
          ]
        ]
      },
      "bone_length_armature_space": 0.07137586547933686,
      "parent": null,
      "has_children": true,
      "is_end_bone": false
    },
    "spine_01": {
      "name": "spine_01",
      "local": {
        "location": {
          "x": 0.0,
          "y": 0.0,
          "z": 0.0
        },
        "rotation_quaternion": {
          "w": 0.9986140727996826,
          "x": 0.01118567492812872,
          "y": -0.038378167897462845,
          "z": 0.03423544391989708
        },
        "scale": {
          "x": 1.0,
          "y": 1.0,
          "z": 1.0
        },
        "matrix_basis": [
          [
            0.9947100877761841,
            -0.06923456490039825,
            -0.07588406652212143,
            0.0
          ],
          [
            0.06751742213964462,
            0.9974056482315063,
            -0.024968132376670837,
            0.0
          ],
          [
            0.07741585373878479,
            0.019712558016180992,
            0.9968039989471436,
            0.0
          ],
          [
            0.0,
            0.0,
            0.0,
            1.0
          ]
        ],
        "rotation_mode": "QUATERNION"
      },
      "armature_space": {
        "head": {
          "x": 0.0021776766516268253,
          "y": -0.0002530515193939209,
          "z": -0.0024213632568717003
        },
        "tail": {
          "x": -0.04391831159591675,
          "y": -0.005262095481157303,
          "z": 0.48337551951408386
        }
      },
      "world_space": {
        "head": {
          "x": 0.0021776766516268253,
          "y": 0.0629909485578537,
          "z": 0.9474326372146606
        },
        "tail": {
          "x": -0.04391831159591675,
          "y": 0.05798190459609032,
          "z": 1.4332295656204224
        },
        "rotation_quaternion": {
          "w": 0.7017911672592163,
          "x": 0.7104949355125427,
          "y": -0.04854622110724449,
          "z": 0.01815001107752323
        },
        "matrix": [
          [
            0.9946276545524597,
            -0.09445875883102417,
            -0.04234830290079117,
            0.0021776766516268253
          ],
          [
            -0.04350928217172623,
            -0.010264408774673939,
            -0.9990003705024719,
            0.0629909485578537
          ],
          [
            0.09393026679754257,
            0.995482861995697,
            -0.014320128597319126,
            0.9474326372146606
          ],
          [
            0.0,
            0.0,
            0.0,
            1.0
          ]
        ]
      },
      "bone_length_armature_space": 0.488004642809438,
      "parent": "Root",
      "has_children": true,
      "is_end_bone": false
    },
    "neck_01": {
      "name": "neck_01",
      "local": {
        "location": {
          "x": 0.0,
          "y": 0.0,
          "z": 0.0
        },
        "rotation_quaternion": {
          "w": 0.9916526675224304,
          "x": 0.005362873896956444,
          "y": 0.09249482303857803,
          "z": 0.08967123180627823
        },
        "scale": {
          "x": 1.0,
          "y": 1.0,
          "z": 1.0
        },
        "matrix_basis": [
          [
            0.9668075442314148,
            -0.17685335874557495,
            0.18440726399421692,
            0.0
          ],
          [
            0.17883750796318054,
            0.9838606119155884,
            0.005952033214271069,
            0.0
          ],
          [
            -0.18248368799686432,
            0.02722446620464325,
            0.9828318953514099,
            0.0
          ],
          [
            0.0,
            0.0,
            0.0,
            1.0
          ]
        ],
        "rotation_mode": "QUATERNION"
      },
      "armature_space": {
        "head": {
          "x": -0.052303094416856766,
          "y": -0.04065941274166107,
          "z": 0.5557665824890137
        },
        "tail": {
          "x": -0.08078699558973312,
          "y": -0.08164836466312408,
          "z": 0.6453171372413635
        }
      },
      "world_space": {
        "head": {
          "x": -0.052303094416856766,
          "y": 0.022584587335586548,
          "z": 1.5056205987930298
        },
        "tail": {
          "x": -0.08078699558973312,
          "y": -0.018404364585876465,
          "z": 1.5951712131500244
        },
        "rotation_quaternion": {
          "w": 0.5435959696769714,
          "x": 0.8225041627883911,
          "y": -0.06781462579965591,
          "z": 0.15294276177883148
        },
        "matrix": [
          [
            0.944019615650177,
            -0.2778339087963104,
            0.17786327004432678,
            -0.052303094416856766
          ],
          [
            0.05472123622894287,
            -0.3998090326786041,
            -0.9149637222290039,
            0.022584587335586548
          ],
          [
            0.32532158493995667,
            0.8734821677207947,
            -0.36222752928733826,
            1.5056205987930298
          ],
          [
            0.0,
            0.0,
            0.0,
            1.0
          ]
        ]
      },
      "bone_length_armature_space": 0.10252184553017889,
      "parent": "spine_01",
      "has_children": true,
      "is_end_bone": false
    },
    "head": {
      "name": "head",
      "local": {
        "location": {
          "x": 0.0,
          "y": 0.0,
          "z": 0.0
        },
        "rotation_quaternion": {
          "w": 0.9837125539779663,
          "x": -0.06446012854576111,
          "y": -0.13541676104068756,
          "z": -0.09908030927181244
        },
        "scale": {
          "x": 1.0,
          "y": 1.0,
          "z": 1.0
        },
        "matrix_basis": [
          [
            0.9436907768249512,
            0.21239104866981506,
            -0.25364887714385986,
            0.0
          ],
          [
            -0.17747512459754944,
            0.972055971622467,
            0.15365473926067352,
            0.0
          ],
          [
            0.27919578552246094,
            -0.09998620301485062,
            0.9550144076347351,
            0.0
          ],
          [
            0.0,
            0.0,
            0.0,
            1.0
          ]
        ],
        "rotation_mode": "QUATERNION"
      },
      "armature_space": {
        "head": {
          "x": -0.08078695088624954,
          "y": -0.08164848387241364,
          "z": 0.645317018032074
        },
        "tail": {
          "x": -0.09949711710214615,
          "y": -0.07081203162670135,
          "z": 0.7988937497138977
        }
      },
      "world_space": {
        "head": {
          "x": -0.08078695088624954,
          "y": -0.018404483795166016,
          "z": 1.5951709747314453
        },
        "tail": {
          "x": -0.09949711710214615,
          "y": -0.007568031549453735,
          "z": 1.7487478256225586
        },
        "rotation_quaternion": {
          "w": 0.7204751968383789,
          "x": 0.6810427308082581,
          "y": -0.125901460647583,
          "z": -0.035287827253341675
        },
        "matrix": [
          [
            0.9658073782920837,
            -0.12064053118228912,
            -0.2294820249080658,
            -0.08078695088624954
          ],
          [
            -0.22233572602272034,
            0.0698719322681427,
            -0.9724633693695068,
            -0.018404483795166016
          ],
          [
            0.13335354626178741,
            0.9902413487434387,
            0.040659479796886444,
            1.5951709747314453
          ],
          [
            0.0,
            0.0,
            0.0,
            1.0
          ]
        ]
      },
      "bone_length_armature_space": 0.15509130261514206,
      "parent": "neck_01",
      "has_children": false,
      "is_end_bone": true
    },
    "upperarm_l": {
      "name": "upperarm_l",
      "local": {
        "location": {
          "x": 0.0,
          "y": 0.0,
          "z": 0.0
        },
        "rotation_quaternion": {
          "w": 0.8999854326248169,
          "x": 0.026843290776014328,
          "y": 0.43494856357574463,
          "z": 0.011198671534657478
        },
        "scale": {
          "x": 1.0,
          "y": 1.0,
          "z": 1.0
        },
        "matrix_basis": [
          [
            0.6213886737823486,
            0.0031936189625412226,
            0.7834959626197815,
            0.0
          ],
          [
            0.04350818321108818,
            0.9983080625534058,
            -0.03857544809579849,
            0.0
          ],
          [
            -0.7822934985160828,
            0.058058831840753555,
            0.6201983690261841,
            0.0
          ],
          [
            0.0,
            0.0,
            0.0,
            1.0
          ]
        ],
        "rotation_mode": "QUATERNION"
      },
      "armature_space": {
        "head": {
          "x": 0.1031043604016304,
          "y": -0.0496818944811821,
          "z": 0.502906322479248
        },
        "tail": {
          "x": 0.36995062232017517,
          "y": -0.06630513817071915,
          "z": 0.5209163427352905
        }
      },
      "world_space": {
        "head": {
          "x": 0.1031043604016304,
          "y": 0.013562105596065521,
          "z": 1.4527603387832642
        },
        "tail": {
          "x": 0.36995062232017517,
          "y": -0.003061138093471527,
          "z": 1.4707703590393066
        },
        "rotation_quaternion": {
          "w": 0.23562082648277283,
          "x": 0.6995500922203064,
          "y": 0.6430121064186096,
          "z": -0.20407864451408386
        },
        "matrix": [
          [
            0.08977381139993668,
            0.9958086609840393,
            0.017490562051534653,
            0.1031043604016304
          ],
          [
            0.8034679889678955,
            -0.06203410401940346,
            -0.5921074748039246,
            0.013562105596065521
          ],
          [
            -0.5885440111160278,
            0.06720921397209167,
            -0.8056755065917969,
            1.4527603387832642
          ],
          [
            0.0,
            0.0,
            0.0,
            1.0
          ]
        ]
      },
      "bone_length_armature_space": 0.2679694531079791,
      "parent": "spine_01",
      "has_children": true,
      "is_end_bone": false
    },
    "lowerarm_l": {
      "name": "lowerarm_l",
      "local": {
        "location": {
          "x": 0.0,
          "y": 0.0,
          "z": 0.0
        },
        "rotation_quaternion": {
          "w": 0.9903016090393066,
          "x": 0.11472943425178528,
          "y": 0.014551999978721142,
          "z": 0.07699406147003174
        },
        "scale": {
          "x": 1.0,
          "y": 1.0,
          "z": 1.0
        },
        "matrix_basis": [
          [
            0.9877203106880188,
            -0.1491556018590927,
            0.04648870974779129,
            0.0
          ],
          [
            0.15583376586437225,
            0.9618181586265564,
            -0.22499264776706696,
            0.0
          ],
          [
            -0.01115476805716753,
            0.22947432100772858,
            0.9732508063316345,
            0.0
          ],
          [
            0.0,
            0.0,
            0.0,
            1.0
          ]
        ],
        "rotation_mode": "QUATERNION"
      },
      "armature_space": {
        "head": {
          "x": 0.36995071172714233,
          "y": -0.06630527228116989,
          "z": 0.5209163427352905
        },
        "tail": {
          "x": 0.6096071004867554,
          "y": -0.1845265030860901,
          "z": 0.5083495378494263
        }
      },
      "world_space": {
        "head": {
          "x": 0.36995071172714233,
          "y": -0.0030612722039222717,
          "z": 1.4707703590393066
        },
        "tail": {
          "x": 0.6096071004867554,
          "y": -0.12128250300884247,
          "z": 1.4582035541534424
        },
        "rotation_quaternion": {
          "w": 0.1727524846792221,
          "x": 0.7867611050605774,
          "y": 0.4992009997367859,
          "z": -0.31931495666503906
        },
        "matrix": [
          [
            0.29767176508903503,
            0.8958296179771423,
            -0.32997071743011475,
            0.36995071172714233
          ],
          [
            0.6751788854598999,
            -0.441908061504364,
            -0.5906361937522888,
            -0.0030612722039222717
          ],
          [
            -0.674930214881897,
            -0.046974316239356995,
            -0.7363944053649902,
            1.4707703590393066
          ],
          [
            0.0,
            0.0,
            0.0,
            1.0
          ]
        ]
      },
      "bone_length_armature_space": 0.267524519365041,
      "parent": "upperarm_l",
      "has_children": true,
      "is_end_bone": false
    },
    "metacarpal_thumb_l": {
      "name": "metacarpal_thumb_l",
      "local": {
        "location": {
          "x": 0.0,
          "y": 0.0,
          "z": 0.0
        },
        "rotation_quaternion": {
          "w": 0.9980309009552002,
          "x": -0.06257600337266922,
          "y": 0.0026779337786138058,
          "z": -0.00338682415895164
        },
        "scale": {
          "x": 1.0,
          "y": 1.0,
          "z": 1.0
        },
        "matrix_basis": [
          [
            0.9999626874923706,
            0.006425161380320787,
            0.005769188981503248,
            0.0
          ],
          [
            -0.007095458917319775,
            0.9921455383300781,
            0.12488742917776108,
            0.0
          ],
          [
            -0.0049214535392820835,
            -0.1249237060546875,
            0.9921541213989258,
            0.0
          ],
          [
            0.0,
            0.0,
            0.0,
            1.0
          ]
        ],
        "rotation_mode": "QUATERNION"
      },
      "armature_space": {
        "head": {
          "x": 0.6096071004867554,
          "y": -0.1845265030860901,
          "z": 0.5083495378494263
        },
        "tail": {
          "x": 0.636822521686554,
          "y": -0.2173723429441452,
          "z": 0.4831688702106476
        }
      },
      "world_space": {
        "head": {
          "x": 0.6096071004867554,
          "y": -0.12128250300884247,
          "z": 1.4582035541534424
        },
        "tail": {
          "x": 0.636822521686554,
          "y": -0.15412834286689758,
          "z": 1.4330228567123413
        },
        "rotation_quaternion": {
          "w": 0.34037142992019653,
          "x": -0.8876103758811951,
          "y": -0.2293398082256317,
          "z": -0.20904181897640228
        },
        "matrix": [
          [
            0.8074095845222473,
            0.5494326949119568,
            0.21497270464897156,
            0.6096071004867554
          ],
          [
            0.26482656598091125,
            -0.6631011962890625,
            0.7001170516014099,
            -0.12128250300884247
          ],
          [
            0.5272197127342224,
            -0.5083548426628113,
            -0.6809028387069702,
            1.4582035541534424
          ],
          [
            0.0,
            0.0,
            0.0,
            1.0
          ]
        ]
      },
      "bone_length_armature_space": 0.04953376981533579,
      "parent": "lowerarm_l",
      "has_children": true,
      "is_end_bone": false
    },
    "thumb_01_l": {
      "name": "thumb_01_l",
      "local": {
        "location": {
          "x": 0.0,
          "y": 0.0,
          "z": 0.0
        },
        "rotation_quaternion": {
          "w": 0.9497706294059753,
          "x": 0.3128519058227539,
          "y": 0.0015158955939114094,
          "z": 0.007558753248304129
        },
        "scale": {
          "x": 1.0,
          "y": 1.0,
          "z": 1.0
        },
        "matrix_basis": [
          [
            0.9998811483383179,
            -0.013409662060439587,
            0.007609046995639801,
            0.0
          ],
          [
            0.015306665562093258,
            0.8041331171989441,
            -0.5942521691322327,
            0.0
          ],
          [
            0.0018500344594940543,
            0.5942980051040649,
            0.8042427897453308,
            0.0
          ],
          [
            0.0,
            0.0,
            0.0,
            1.0
          ]
        ],
        "rotation_mode": "QUATERNION"
      },
      "armature_space": {
        "head": {
          "x": 0.636822521686554,
          "y": -0.2173723429441452,
          "z": 0.4831688702106476
        },
        "tail": {
          "x": 0.6658396124839783,
          "y": -0.21014796197414398,
          "z": 0.4669071137905121
        }
      },
      "world_space": {
        "head": {
          "x": 0.636822521686554,
          "y": -0.15412834286689758,
          "z": 1.4330228567123413
        },
        "tail": {
          "x": 0.6658396124839783,
          "y": -0.14690396189689636,
          "z": 1.4167611598968506
        },
        "rotation_quaternion": {
          "w": 0.7682218551635742,
          "x": -0.21392598748207092,
          "y": 0.12631654739379883,
          "z": -0.5900127291679382
        },
        "matrix": [
          [
            0.2718569040298462,
            0.8524765968322754,
            0.44651690125465393,
            0.636822521686554
          ],
          [
            -0.9605665802955627,
            0.21224090456962585,
            0.1796267330646515,
            -0.15412834286689758
          ],
          [
            0.058358024805784225,
            -0.4777452051639557,
            0.8765659332275391,
            1.4330228567123413
          ],
          [
            0.0,
            0.0,
            0.0,
            1.0
          ]
        ]
      },
      "bone_length_armature_space": 0.03403862450100685,
      "parent": "metacarpal_thumb_l",
      "has_children": true,
      "is_end_bone": false
    },
    "thumb_02_l": {
      "name": "thumb_02_l",
      "local": {
        "location": {
          "x": 0.0,
          "y": 0.0,
          "z": 0.0
        },
        "rotation_quaternion": {
          "w": 0.899591326713562,
          "x": 0.4367036521434784,
          "y": 0.0009636076865717769,
          "z": 0.004947452340275049
        },
        "scale": {
          "x": 1.0,
          "y": 1.0,
          "z": 1.0
        },
        "matrix_basis": [
          [
            0.9999492168426514,
            -0.008059748448431492,
            0.006054847035557032,
            0.0
          ],
          [
            0.009742991998791695,
            0.6185308694839478,
            -0.7857000827789307,
            0.0
          ],
          [
            0.002587434835731983,
            0.7857191562652588,
            0.6185779571533203,
            0.0
          ],
          [
            0.0,
            0.0,
            0.0,
            1.0
          ]
        ],
        "rotation_mode": "QUATERNION"
      },
      "armature_space": {
        "head": {
          "x": 0.6658396124839783,
          "y": -0.2101479470729828,
          "z": 0.4669070839881897
        },
        "tail": {
          "x": 0.6721396446228027,
          "y": -0.23133878409862518,
          "z": 0.5004399418830872
        }
      },
      "world_space": {
        "head": {
          "x": 0.6658396124839783,
          "y": -0.14690394699573517,
          "z": 1.4167611598968506
        },
        "tail": {
          "x": 0.6721396446228027,
          "y": -0.16809478402137756,
          "z": 1.450294017791748
        },
        "rotation_quaternion": {
          "w": 0.35988616943359375,
          "x": 0.5275900959968567,
          "y": -0.32661986351013184,
          "z": -0.696742594242096
        },
        "matrix": [
          [
            -0.18426205217838287,
            0.15685594081878662,
            -0.9702800512313843,
            0.6658396124839783
          ],
          [
            -0.8461392521858215,
            -0.5276023149490356,
            0.07539445161819458,
            -0.14690394699573517
          ],
          [
            -0.5001001358032227,
            0.8348897695541382,
            0.22994080185890198,
            1.4167611598968506
          ],
          [
            0.0,
            0.0,
            0.0,
            1.0
          ]
        ]
      },
      "bone_length_armature_space": 0.04016459331089981,
      "parent": "thumb_01_l",
      "has_children": true,
      "is_end_bone": false
    },
    "thumb_03_l": {
      "name": "thumb_03_l",
      "local": {
        "location": {
          "x": 0.0,
          "y": 0.0,
          "z": 0.0
        },
        "rotation_quaternion": {
          "w": 0.9854158163070679,
          "x": 0.17010921239852905,
          "y": 0.0033209528774023056,
          "z": -0.0027644282672554255
        },
        "scale": {
          "x": 1.0,
          "y": 1.0,
          "z": 1.0
        },
        "matrix_basis": [
          [
            0.9999626874923706,
            0.006578071974217892,
            0.00560452975332737,
            0.0
          ],
          [
            -0.004318373277783394,
            0.9421104192733765,
            -0.33527496457099915,
            0.0
          ],
          [
            -0.007485548499971628,
            0.3352382481098175,
            0.9421036839485168,
            0.0
          ],
          [
            0.0,
            0.0,
            0.0,
            1.0
          ]
        ],
        "rotation_mode": "QUATERNION"
      },
      "armature_space": {
        "head": {
          "x": 0.6721397042274475,
          "y": -0.23133879899978638,
          "z": 0.5004398822784424
        },
        "tail": {
          "x": 0.659798800945282,
          "y": -0.24299687147140503,
          "z": 0.5257121920585632
        }
      },
      "world_space": {
        "head": {
          "x": 0.6721397042274475,
          "y": -0.16809479892253876,
          "z": 1.4502938985824585
        },
        "tail": {
          "x": 0.659798800945282,
          "y": -0.1797528713941574,
          "z": 1.4755661487579346
        },
        "rotation_quaternion": {
          "w": 0.3038407862186432,
          "x": 0.7141790986061096,
          "y": -0.46499279141426086,
          "z": -0.4259234070777893
        },
        "matrix": [
          [
            0.20474083721637726,
            -0.40535250306129456,
            -0.8909379243850708,
            0.6721397042274475
          ],
          [
            -0.9230026602745056,
            -0.3829239010810852,
            -0.037889569997787476,
            -0.16809479892253876
          ],
          [
            -0.32580575346946716,
            0.8301010131835938,
            -0.4525446891784668,
            1.4502938985824585
          ],
          [
            0.0,
            0.0,
            0.0,
            1.0
          ]
        ]
      },
      "bone_length_armature_space": 0.03044500232638684,
      "parent": "thumb_02_l",
      "has_children": false,
      "is_end_bone": true
    },
    "metacarpal_index_l": {
      "name": "metacarpal_index_l",
      "local": {
        "location": {
          "x": 0.0,
          "y": 0.0,
          "z": 0.0
        },
        "rotation_quaternion": {
          "w": 0.999481737613678,
          "x": -0.026540368795394897,
          "y": 0.007622743025422096,
          "z": -0.01654588058590889
        },
        "scale": {
          "x": 1.0,
          "y": 1.0,
          "z": 1.0
        },
        "matrix_basis": [
          [
            0.9993362426757812,
            0.03266999125480652,
            0.01611585170030594,
            0.0
          ],
          [
            -0.0334792323410511,
            0.9980436563491821,
            0.0528009794652462,
            0.0
          ],
          [
            -0.01435931771993637,
            -0.053305476903915405,
            0.9984750151634216,
            0.0
          ],
          [
            0.0,
            0.0,
            0.0,
            1.0
          ]
        ],
        "rotation_mode": "QUATERNION"
      },
      "armature_space": {
        "head": {
          "x": 0.6096071004867554,
          "y": -0.1845265030860901,
          "z": 0.5083495378494263
        },
        "tail": {
          "x": 0.7024531364440918,
          "y": -0.24986499547958374,
          "z": 0.479371577501297
        }
      },
      "world_space": {
        "head": {
          "x": 0.6096071004867554,
          "y": -0.12128250300884247,
          "z": 1.4582035541534424
        },
        "tail": {
          "x": 0.7024531364440918,
          "y": -0.18662099540233612,
          "z": 1.4292255640029907
        },
        "rotation_quaternion": {
          "w": 0.15617091953754425,
          "x": -0.8819342851638794,
          "y": -0.4436163306236267,
          "z": -0.031734395772218704
        },
        "matrix": [
          [
            0.6043946146965027,
            0.7923928499221802,
            -0.08258579671382904,
            0.6096071004867554
          ],
          [
            0.7725696563720703,
            -0.557630181312561,
            0.3036200702190399,
            -0.12128250300884247
          ],
          [
            0.1945360004901886,
            -0.24731187522411346,
            -0.9492137432098389,
            1.4582035541534424
          ],
          [
            0.0,
            0.0,
            0.0,
            1.0
          ]
        ]
      },
      "bone_length_armature_space": 0.117171782442892,
      "parent": "lowerarm_l",
      "has_children": true,
      "is_end_bone": false
    },
    "index_01_l": {
      "name": "index_01_l",
      "local": {
        "location": {
          "x": 0.0,
          "y": 0.0,
          "z": 0.0
        },
        "rotation_quaternion": {
          "w": 0.9544875025749207,
          "x": 0.2973306179046631,
          "y": 0.018646368756890297,
          "z": -0.014164531603455544
        },
        "scale": {
          "x": 1.0,
          "y": 1.0,
          "z": 1.0
        },
        "matrix_basis": [
          [
            0.9989033341407776,
            0.03812801092863083,
            0.027172353118658066,
            0.0
          ],
          [
            -0.01595146395266056,
            0.8227877616882324,
            -0.5681249499320984,
            0.0
          ],
          [
            -0.04401854798197746,
            0.5670684576034546,
            0.8224936127662659,
            0.0
          ],
          [
            0.0,
            0.0,
            0.0,
            1.0
          ]
        ],
        "rotation_mode": "QUATERNION"
      },
      "armature_space": {
        "head": {
          "x": 0.7024531364440918,
          "y": -0.24986499547958374,
          "z": 0.479371577501297
        },
        "tail": {
          "x": 0.7259635329246521,
          "y": -0.25126710534095764,
          "z": 0.4632977545261383
        }
      },
      "world_space": {
        "head": {
          "x": 0.7024531364440918,
          "y": -0.18662099540233612,
          "z": 1.4292255640029907
        },
        "tail": {
          "x": 0.7259635329246521,
          "y": -0.18802310526371002,
          "z": 1.413151741027832
        },
        "rotation_quaternion": {
          "w": 0.34037280082702637,
          "x": -0.7217654585838318,
          "y": -0.5996330976486206,
          "z": 0.06034178286790848
        },
        "matrix": [
          [
            0.2735956609249115,
            0.824510931968689,
            -0.49530497193336487,
            0.7024531364440918
          ],
          [
            0.9066680073738098,
            -0.04917167127132416,
            0.4189698100090027,
            -0.18662099540233612
          ],
          [
            0.3210931718349457,
            -0.5637094378471375,
            -0.7610156536102295,
            1.4292255640029907
          ],
          [
            0.0,
            0.0,
            0.0,
            1.0
          ]
        ]
      },
      "bone_length_armature_space": 0.028514424567071935,
      "parent": "metacarpal_index_l",
      "has_children": true,
      "is_end_bone": false
    },
    "index_02_l": {
      "name": "index_02_l",
      "local": {
        "location": {
          "x": 0.0,
          "y": 0.0,
          "z": 0.0
        },
        "rotation_quaternion": {
          "w": 0.9027181267738342,
          "x": 0.4301935136318207,
          "y": 0.0055472939275205135,
          "z": 0.0016961919609457254
        },
        "scale": {
          "x": 1.0,
          "y": 1.0,
          "z": 1.0
        },
        "matrix_basis": [
          [
            0.9999327063560486,
            0.0017104533035308123,
            0.011474667116999626,
            0.0
          ],
          [
            0.007835186086595058,
            0.6298613548278809,
            -0.776668131351471,
            0.0
          ],
          [
            -0.008555904030799866,
            0.776705801486969,
            0.6298055648803711,
            0.0
          ],
          [
            0.0,
            0.0,
            0.0,
            1.0
          ]
        ],
        "rotation_mode": "QUATERNION"
      },
      "armature_space": {
        "head": {
          "x": 0.7259635925292969,
          "y": -0.2512671947479248,
          "z": 0.4632972180843353
        },
        "tail": {
          "x": 0.7301000356674194,
          "y": -0.24468104541301727,
          "z": 0.43885114789009094
        }
      },
      "world_space": {
        "head": {
          "x": 0.7259635925292969,
          "y": -0.18802319467067719,
          "z": 1.4131512641906738
        },
        "tail": {
          "x": 0.7301000356674194,
          "y": -0.18143704533576965,
          "z": 1.3887051343917847
        },
        "rotation_quaternion": {
          "w": 0.5900022983551025,
          "x": -0.5152985453605652,
          "y": -0.5294021368026733,
          "z": 0.32572704553604126
        },
        "matrix": [
          [
            0.22726960480213165,
            0.1612432599067688,
            -0.9603900909423828,
            0.7259635925292969
          ],
          [
            0.9299603700637817,
            0.25673720240592957,
            0.2631731927394867,
            -0.18802319467067719
          ],
          [
            0.2890055179595947,
            -0.9529423117637634,
            -0.0916016697883606,
            1.4131512641906738
          ],
          [
            0.0,
            0.0,
            0.0,
            1.0
          ]
        ]
      },
      "bone_length_armature_space": 0.025653418817587054,
      "parent": "index_01_l",
      "has_children": true,
      "is_end_bone": false
    },
    "index_03_l": {
      "name": "index_03_l",
      "local": {
        "location": {
          "x": 0.0,
          "y": 0.0,
          "z": 0.0
        },
        "rotation_quaternion": {
          "w": 0.9381241202354431,
          "x": 0.3461105525493622,
          "y": -0.00507119158282876,
          "z": -0.010243130847811699
        },
        "scale": {
          "x": 1.0,
          "y": 1.0,
          "z": 1.0
        },
        "matrix_basis": [
          [
            0.9997386932373047,
            0.01570826955139637,
            -0.016605325043201447,
            0.0
          ],
          [
            -0.022729042917490005,
            0.7602051496505737,
            -0.6492854356765747,
            0.0
          ],
          [
            0.002424302976578474,
            0.6494932174682617,
            0.7603635191917419,
            0.0
          ],
          [
            0.0,
            0.0,
            0.0,
            1.0
          ]
        ],
        "rotation_mode": "QUATERNION"
      },
      "armature_space": {
        "head": {
          "x": 0.7301000952720642,
          "y": -0.24468110501766205,
          "z": 0.43885114789009094
        },
        "tail": {
          "x": 0.7142606377601624,
          "y": -0.23054485023021698,
          "z": 0.41877591609954834
        }
      },
      "world_space": {
        "head": {
          "x": 0.7301000952720642,
          "y": -0.18143710494041443,
          "z": 1.3887051343917847
        },
        "tail": {
          "x": 0.7142606377601624,
          "y": -0.16730085015296936,
          "z": 1.3686299324035645
        },
        "rotation_quaternion": {
          "w": 0.7702690362930298,
          "x": -0.21583594381809235,
          "y": -0.3854743540287018,
          "z": 0.45990219712257385
        },
        "matrix": [
          [
            0.27979761362075806,
            -0.5421002507209778,
            -0.7923638820648193,
            0.7301000952720642
          ],
          [
            0.8748959302902222,
            0.483808696269989,
            -0.02205929160118103,
            -0.18143710494041443
          ],
          [
            0.3953142762184143,
            -0.6870681643486023,
            0.6096540689468384,
            1.3887051343917847
          ],
          [
            0.0,
            0.0,
            0.0,
            1.0
          ]
        ]
      },
      "bone_length_armature_space": 0.02921877897796303,
      "parent": "index_02_l",
      "has_children": false,
      "is_end_bone": true
    },
    "metacarpal_pinky_l": {
      "name": "metacarpal_pinky_l",
      "local": {
        "location": {
          "x": 0.0,
          "y": 0.0,
          "z": 0.0
        },
        "rotation_quaternion": {
          "w": 0.999735951423645,
          "x": 0.01670929044485092,
          "y": -0.015445057302713394,
          "z": 0.003206938039511442
        },
        "scale": {
          "x": 1.0,
          "y": 1.0,
          "z": 1.0
        },
        "matrix_basis": [
          [
            0.9995023608207703,
            -0.006928334478288889,
            -0.030774787068367004,
            0.0
          ],
          [
            0.005896030459553003,
            0.9994210600852966,
            -0.033508818596601486,
            0.0
          ],
          [
            0.030989129096269608,
            0.03331069275736809,
            0.9989644885063171,
            0.0
          ],
          [
            0.0,
            0.0,
            0.0,
            1.0
          ]
        ],
        "rotation_mode": "QUATERNION"
      },
      "armature_space": {
        "head": {
          "x": 0.6096071004867554,
          "y": -0.1845265030860901,
          "z": 0.5083495378494263
        },
        "tail": {
          "x": 0.7079815864562988,
          "y": -0.21185767650604248,
          "z": 0.5288112163543701
        }
      },
      "world_space": {
        "head": {
          "x": 0.6096071004867554,
          "y": -0.12128250300884247,
          "z": 1.4582035541534424
        },
        "tail": {
          "x": 0.7079815864562988,
          "y": -0.14861367642879486,
          "z": 1.4786652326583862
        },
        "rotation_quaternion": {
          "w": 0.559281587600708,
          "x": 0.4520447850227356,
          "y": 0.23657478392124176,
          "z": -0.6533697843551636
        },
        "matrix": [
          [
            0.03428228944540024,
            0.944720983505249,
            -0.32607802748680115,
            0.6096071004867554
          ],
          [
            -0.5169506669044495,
            -0.2624697983264923,
            -0.8147833943367004,
            -0.12128250300884247
          ],
          [
            -0.8553350567817688,
            0.19649995863437653,
            0.47937867045402527,
            1.4582035541534424
          ],
          [
            0.0,
            0.0,
            0.0,
            1.0
          ]
        ]
      },
      "bone_length_armature_space": 0.10413074915704884,
      "parent": "lowerarm_l",
      "has_children": true,
      "is_end_bone": false
    },
    "pinky_01_l": {
      "name": "pinky_01_l",
      "local": {
        "location": {
          "x": 0.0,
          "y": 0.0,
          "z": 0.0
        },
        "rotation_quaternion": {
          "w": 0.9498244524002075,
          "x": 0.31227990984916687,
          "y": 0.004059691447764635,
          "z": -0.017276199534535408
        },
        "scale": {
          "x": 1.0,
          "y": 1.0,
          "z": 1.0
        },
        "matrix_basis": [
          [
            0.9993700981140137,
            0.03535423427820206,
            -0.003078031586483121,
            0.0
          ],
          [
            -0.030283194035291672,
            0.8043655753135681,
            -0.5933624505996704,
            0.0
          ],
          [
            -0.01850200816988945,
            0.5930818915367126,
            0.8049295544624329,
            0.0
          ],
          [
            0.0,
            0.0,
            0.0,
            1.0
          ]
        ],
        "rotation_mode": "QUATERNION"
      },
      "armature_space": {
        "head": {
          "x": 0.7079815864562988,
          "y": -0.21185767650604248,
          "z": 0.5288112163543701
        },
        "tail": {
