{
  "metadata": {
    "armature_name": "KIM_caucasian_male",
    "export_time": "2026-01-13T20:26:44.328581",
    "blender_version": "4.4.1",
    "bone_count": 56,
    "end_bone_count": 13,
    "spaces_included": [
      "LOCAL_CHANNELS",
      "ARMATURE_SPACE",
      "WORLD_SPACE"
    ],
    "note": "LOCAL matches Transform panel; replay pose via local.matrix_basis for best fidelity."
  },
  "bones": {
    "Root": {
      "name": "Root",
      "local": {
        "location": {
          "x": 0.0,
          "y": 0.0,
          "z": 0.0
        },
        "rotation_quaternion": {
          "w": 0.9995522499084473,
          "x": -0.013385031372308731,
          "y": -0.0118406405672431,
          "z": 0.024001114070415497
        },
        "scale": {
          "x": 1.0,
          "y": 1.0,
          "z": 1.0
        },
        "matrix_basis": [
          [
            0.9985674619674683,
            -0.04766375944018364,
            -0.02431318908929825,
            0.0
          ],
          [
            0.048297710716724396,
            0.9984895586967468,
            0.02618969976902008,
            0.0
          ],
          [
            0.023028166964650154,
            -0.02732645347714424,
            0.9993612766265869,
            0.0
          ],
          [
            0.0,
            0.0,
            0.0,
            1.0
          ]
        ],
        "rotation_mode": "QUATERNION"
      },
      "armature_space": {
        "head": {
          "x": 0.0,
          "y": 0.07072800397872925,
          "z": -0.009595036506652832
        },
        "tail": {
          "x": -0.0034020422026515007,
          "y": 0.00036903470754623413,
          "z": 0.0019182665273547173
        }
      },
      "world_space": {
        "head": {
          "x": 0.0,
          "y": 0.13397200405597687,
          "z": 0.9402589797973633
        },
        "tail": {
          "x": -0.0034020422026515007,
          "y": 0.06361303478479385,
          "z": 0.9517722725868225
        },
        "rotation_quaternion": {
          "w": 0.0806921124458313,
          "x": 0.9963797330856323,
          "y": -0.024744270369410515,
          "z": -0.010196835733950138
        },
        "matrix": [
          [
            0.9985674619674683,
            -0.04766375944018364,
            -0.02431318908929825,
            0.0
          ],
          [
            -0.05095499008893967,
            -0.9857529401779175,
            -0.16029581427574158,
            0.13397200405597687
          ],
          [
            -0.01632666029036045,
            0.1613052636384964,
            -0.98677659034729,
            0.9402589797973633
          ],
          [
            0.0,
            0.0,
            0.0,
            1.0
          ]
        ]
      },
      "bone_length_armature_space": 0.07137586879871327,
      "parent": null,
      "has_children": true,
      "is_end_bone": false
    },
    "spine_01": {
      "name": "spine_01",
      "local": {
        "location": {
          "x": 0.0,
          "y": 0.0,
          "z": 0.0
        },
        "rotation_quaternion": {
          "w": 0.9953899383544922,
          "x": 0.04464805871248245,
          "y": -0.05331265553832054,
          "z": 0.06605463474988937
        },
        "scale": {
          "x": 1.0,
          "y": 1.0,
          "z": 1.0
        },
        "matrix_basis": [
          [
            0.9855890870094299,
            -0.13626085221767426,
            -0.10023534297943115,
            0.0
          ],
          [
            0.12673962116241455,
            0.9872866868972778,
            -0.09592755138874054,
            0.0
          ],
          [
            0.11203218251466751,
            0.0818413645029068,
            0.9903286099433899,
            0.0
          ],
          [
            0.0,
            0.0,
            0.0,
            1.0
          ]
        ],
        "rotation_mode": "QUATERNION"
      },
      "armature_space": {
        "head": {
          "x": -0.0034020422026515007,
          "y": 0.00036903470754623413,
          "z": 0.0019182665273547173
        },
        "tail": {
          "x": -0.062135446816682816,
          "y": -0.0008715863805264235,
          "z": 0.48637399077415466
        }
      },
      "world_space": {
        "head": {
          "x": -0.0034020422026515007,
          "y": 0.06361303478479385,
          "z": 0.9517722725868225
        },
        "tail": {
          "x": -0.062135446816682816,
          "y": 0.06237241253256798,
          "z": 1.4362280368804932
        },
        "rotation_quaternion": {
          "w": 0.6995995044708252,
          "x": 0.7079116702079773,
          "y": -0.09638060629367828,
          "z": -0.011508679017424583
        },
        "matrix": [
          [
            0.9811564683914185,
            -0.1203550323843956,
            -0.15115070343017578,
            -0.0034020422026515007
          ],
          [
            -0.15256160497665405,
            -0.002542249858379364,
            -0.9882907271385193,
            0.06361303478479385
          ],
          [
            0.11856219172477722,
            0.9927346706390381,
            -0.020856961607933044,
            0.9517722725868225
          ],
          [
            0.0,
            0.0,
            0.0,
            1.0
          ]
        ]
      },
      "bone_length_armature_space": 0.48800461957199903,
      "parent": "Root",
      "has_children": true,
      "is_end_bone": false
    },
    "neck_01": {
      "name": "neck_01",
      "local": {
        "location": {
          "x": 0.0,
          "y": 0.0,
          "z": 0.0
        },
        "rotation_quaternion": {
          "w": 0.9927998781204224,
          "x": 0.0177307091653347,
          "y": 0.10259901732206345,
          "z": 0.059224650263786316
        },
        "scale": {
          "x": 1.0,
          "y": 1.0,
          "z": 1.0
        },
        "matrix_basis": [
          [
            0.9719317555427551,
            -0.11395814269781113,
            0.20582076907157898,
            0.0
          ],
          [
            0.12123475968837738,
            0.9923561215400696,
            -0.023053310811519623,
            0.0
          ],
          [
            -0.20162039995193481,
            0.04735887423157692,
            0.9783181548118591,
            0.0
          ],
          [
            0.0,
            0.0,
            0.0,
            1.0
          ]
        ],
        "rotation_mode": "QUATERNION"
      },
      "armature_space": {
        "head": {
          "x": -0.07618962973356247,
          "y": -0.0353320837020874,
          "z": 0.5583372116088867
        },
        "tail": {
          "x": -0.10528448224067688,
          "y": -0.07640071213245392,
          "z": 0.6476545333862305
        }
      },
      "world_space": {
        "head": {
          "x": -0.07618962973356247,
          "y": 0.027911916375160217,
          "z": 1.5081912279129028
        },
        "tail": {
          "x": -0.10528448224067688,
          "y": -0.013156712055206299,
          "z": 1.5975085496902466
        },
        "rotation_quaternion": {
          "w": 0.5401304960250854,
          "x": 0.8272942900657654,
          "y": -0.08925163000822067,
          "z": 0.12600499391555786
        },
        "matrix": [
          [
            0.9523137807846069,
            -0.283793181180954,
            0.1120699793100357,
            -0.07618962973356247
          ],
          [
            -0.01155775785446167,
            -0.40058618783950806,
            -0.9161863923072815,
            0.027911916375160217
          ],
          [
            0.3049032688140869,
            0.8712073564529419,
            -0.38476741313934326,
            1.5081912279129028
          ],
          [
            0.0,
            0.0,
            0.0,
            1.0
          ]
        ]
      },
      "bone_length_armature_space": 0.10252183729767865,
      "parent": "spine_01",
      "has_children": true,
      "is_end_bone": false
    },
    "head": {
      "name": "head",
      "local": {
        "location": {
          "x": 0.0,
          "y": 0.0,
          "z": 0.0
        },
        "rotation_quaternion": {
          "w": 0.9902721047401428,
          "x": -0.12159073352813721,
          "y": -0.058119725435972214,
          "z": -0.03462629020214081
        },
        "scale": {
          "x": 1.0,
          "y": 1.0,
          "z": 1.0
        },
        "matrix_basis": [
          [
            0.9908462166786194,
            0.08271253854036331,
            -0.10668821632862091,
            0.0
          ],
          [
            -0.054445259273052216,
            0.9680334329605103,
            0.24484077095985413,
            0.0
          ],
          [
            0.12352915853261948,
            -0.23679088056087494,
            0.9636755585670471,
            0.0
          ],
          [
            0.0,
            0.0,
            0.0,
            1.0
          ]
        ],
        "rotation_mode": "QUATERNION"
      },
      "armature_space": {
        "head": {
          "x": -0.10528445243835449,
          "y": -0.07640083134174347,
          "z": 0.6476544141769409
        },
        "tail": {
          "x": -0.13893276453018188,
          "y": -0.04624935984611511,
          "z": 0.7960187792778015
        }
      },
      "world_space": {
        "head": {
          "x": -0.10528445243835449,
          "y": -0.01315683126449585,
          "z": 1.597508430480957
        },
        "tail": {
          "x": -0.13893276453018188,
          "y": 0.016994640231132507,
          "z": 1.7458727359771729
        },
        "rotation_quaternion": {
          "w": 0.7601895928382874,
          "x": 0.6340960264205933,
          "y": -0.13898752629756927,
          "z": 0.026767510920763016
        },
        "matrix": [
          [
            0.9599320888519287,
            -0.21695956587791443,
            -0.17736610770225525,
            -0.10528445243835449
          ],
          [
            -0.13556456565856934,
            0.1944124549627304,
            -0.9715072512626648,
            -0.01315683126449585
          ],
          [
            0.245261549949646,
            0.9566326141357422,
            0.15721094608306885,
            1.597508430480957
          ],
          [
            0.0,
            0.0,
            0.0,
            1.0
          ]
        ]
      },
      "bone_length_armature_space": 0.15509127707045206,
      "parent": "neck_01",
      "has_children": false,
      "is_end_bone": true
    },
    "upperarm_l": {
      "name": "upperarm_l",
      "local": {
        "location": {
          "x": 0.0,
          "y": 0.0,
          "z": 0.0
        },
        "rotation_quaternion": {
          "w": 0.802101194858551,
          "x": 0.5354288220405579,
          "y": 0.26422637701034546,
          "z": 0.011577317491173744
        },
        "scale": {
          "x": 1.0,
          "y": 1.0,
          "z": 1.0
        },
        "matrix_basis": [
          [
            0.8601007461547852,
            0.2643764615058899,
            0.43627023696899414,
            0.0
          ],
          [
            0.3015211820602417,
            0.42636388540267944,
            -0.8528181314468384,
            0.0
          ],
          [
            -0.41147491335868835,
            0.8650542497634888,
            0.2870008051395416,
            0.0
          ],
          [
            0.0,
            0.0,
            0.0,
            1.0
          ]
        ],
        "rotation_mode": "QUATERNION"
      },
      "armature_space": {
        "head": {
          "x": 0.07859060168266296,
          "y": -0.061197251081466675,
          "z": 0.5093355774879456
        },
        "tail": {
          "x": 0.17321336269378662,
          "y": -0.30228427052497864,
          "z": 0.44055110216140747
        }
      },
      "world_space": {
        "head": {
          "x": 0.07859060168266296,
          "y": 0.002046748995780945,
          "z": 1.4591896533966064
        },
        "tail": {
          "x": 0.17321336269378662,
          "y": -0.23904027044773102,
          "z": 1.3904051780700684
        },
        "rotation_quaternion": {
          "w": 0.024115579202771187,
          "x": -0.8454415202140808,
          "y": -0.2226605862379074,
          "z": 0.48483964800834656
        },
        "matrix": [
          [
            0.4307052791118622,
            0.35311031341552734,
            -0.8305455446243286,
            0.07859060168266296
          ],
          [
            0.3998774588108063,
            -0.899681031703949,
            -0.17513465881347656,
            0.002046748995780945
          ],
          [
            -0.8090733885765076,
            -0.256687730550766,
            -0.5287020802497864,
            1.4591896533966064
          ],
          [
            0.0,
            0.0,
            0.0,
            1.0
          ]
        ]
      },
      "bone_length_armature_space": 0.26796962992298473,
      "parent": "spine_01",
      "has_children": true,
      "is_end_bone": false
    },
    "lowerarm_l": {
      "name": "lowerarm_l",
      "local": {
        "location": {
          "x": 0.0,
          "y": 0.0,
          "z": 0.0
        },
        "rotation_quaternion": {
          "w": 0.9501031637191772,
          "x": 0.24815309047698975,
          "y": 0.15416210889816284,
          "z": -0.10935366153717041
        },
        "scale": {
          "x": 1.0,
          "y": 1.0,
          "z": 1.0
        },
        "matrix_basis": [
          [
            0.9285516142845154,
            0.284306138753891,
            0.23866692185401917,
            0.0
          ],
          [
            -0.13128291070461273,
            0.8529236316680908,
            -0.5052584409713745,
            0.0
          ],
          [
            -0.34721270203590393,
            0.43782567977905273,
            0.8293081521987915,
            0.0
          ],
          [
            0.0,
            0.0,
            0.0,
            1.0
          ]
        ],
        "rotation_mode": "QUATERNION"
      },
      "armature_space": {
        "head": {
          "x": 0.17321330308914185,
          "y": -0.3022843897342682,
          "z": 0.44055119156837463
        },
        "tail": {
          "x": 0.14126577973365784,
          "y": -0.5057784914970398,
          "z": 0.2698487639427185
        }
      },
      "world_space": {
        "head": {
          "x": 0.17321330308914185,
          "y": -0.23904038965702057,
          "z": 1.3904051780700684
        },
        "tail": {
          "x": 0.14126577973365784,
          "y": -0.44253450632095337,
          "z": 1.2197027206420898
        },
        "rotation_quaternion": {
          "w": 0.33018001914024353,
          "x": -0.8287378549575806,
          "y": -0.1032162755727768,
          "z": 0.43991029262542725
        },
        "matrix": [
          [
            0.591651439666748,
            -0.11941906809806824,
            -0.7973000407218933,
            0.17321330308914185
          ],
          [
            0.4615771174430847,
            -0.7606559991836548,
            0.4564523994922638,
            -0.23904038965702057
          ],
          [
            -0.6609846949577332,
            -0.6380815505981445,
            -0.3949245810508728,
            1.3904051780700684
          ],
          [
            0.0,
            0.0,
            0.0,
            1.0
          ]
        ]
      },
      "bone_length_armature_space": 0.26752535162981117,
      "parent": "upperarm_l",
      "has_children": true,
      "is_end_bone": false
    },
    "metacarpal_thumb_l": {
      "name": "metacarpal_thumb_l",
      "local": {
        "location": {
          "x": 0.0,
          "y": 0.0,
          "z": 0.0
        },
        "rotation_quaternion": {
          "w": 0.9992806911468506,
          "x": -0.029123196378350258,
          "y": -0.02004098892211914,
          "z": 0.013722321018576622
        },
        "scale": {
          "x": 1.0,
          "y": 1.0,
          "z": 1.0
        },
        "matrix_basis": [
          [
            0.9988201260566711,
            -0.026257585734128952,
            -0.04085242375731468,
            0.0
          ],
          [
            0.028592215850949287,
            0.9979270696640015,
            0.057654477655887604,
            0.0
          ],
          [
            0.03925387188792229,
            -0.058754514902830124,
            0.9975004196166992,
            0.0
          ],
          [
            0.0,
            0.0,
            0.0,
            1.0
          ]
        ],
        "rotation_mode": "QUATERNION"
      },
      "armature_space": {
        "head": {
          "x": 0.14126577973365784,
          "y": -0.5057784914970398,
          "z": 0.2698487639427185
        },
        "tail": {
          "x": 0.11610201001167297,
          "y": -0.51862633228302,
          "z": 0.22916308045387268
        }
      },
      "world_space": {
        "head": {
          "x": 0.14126577973365784,
          "y": -0.44253450632095337,
          "z": 1.2197027206420898
        },
        "tail": {
          "x": 0.11610201001167297,
          "y": -0.4553823471069336,
          "z": 1.1790170669555664
        },
        "rotation_quaternion": {
          "w": 0.45146772265434265,
          "x": -0.7805669903755188,
          "y": 0.40803009271621704,
          "z": -0.14284104108810425
        },
        "matrix": [
          [
            0.6262138485908508,
            -0.5080134868621826,
            0.5914204716682434,
            0.14126577973365784
          ],
          [
            -0.7659674286842346,
            -0.2593759596347809,
            0.5882327556610107,
            -0.44253450632095337
          ],
          [
            -0.1454317420721054,
            -0.8213744163513184,
            -0.5515502095222473,
            1.2197027206420898
          ],
          [
            0.0,
            0.0,
            0.0,
            1.0
          ]
        ]
      },
      "bone_length_armature_space": 0.04953389893045122,
      "parent": "lowerarm_l",
      "has_children": true,
      "is_end_bone": false
    },
    "thumb_01_l": {
      "name": "thumb_01_l",
      "local": {
        "location": {
          "x": 0.0,
          "y": 0.0,
          "z": 0.0
        },
        "rotation_quaternion": {
          "w": 0.975776731967926,
          "x": 0.2184523344039917,
          "y": -0.0019136036280542612,
          "z": 0.011608002707362175
        },
        "scale": {
          "x": 1.0,
          "y": 1.0,
          "z": 1.0
        },
        "matrix_basis": [
          [
            0.9997231960296631,
            -0.023489700630307198,
            0.00133709073998034,
            0.0
          ],
          [
            0.02181757614016533,
            0.9042876362800598,
            -0.42636582255363464,
            0.0
          ],
          [
            0.00880609080195427,
            0.4262769818305969,
            0.9045498371124268,
            0.0
          ],
          [
            0.0,
            0.0,
            0.0,
            1.0
          ]
        ],
        "rotation_mode": "QUATERNION"
      },
      "armature_space": {
        "head": {
          "x": 0.11610201001167297,
          "y": -0.51862633228302,
          "z": 0.22916308045387268
        },
        "tail": {
          "x": 0.12671688199043274,
          "y": -0.5177532434463501,
          "z": 0.1968335062265396
        }
      },
      "world_space": {
        "head": {
          "x": 0.11610201001167297,
          "y": -0.4553823471069336,
          "z": 1.1790170669555664
        },
        "tail": {
          "x": 0.12671688199043274,
          "y": -0.45450925827026367,
          "z": 1.1466875076293945
        },
        "rotation_quaternion": {
          "w": 0.323247492313385,
          "x": -0.10504670441150665,
          "y": 0.6390115022659302,
          "z": -0.690029501914978
        },
        "matrix": [
          [
            -0.7689510583877563,
            0.3118484914302826,
            0.5580899715423584,
            0.11610201001167297
          ],
          [
            -0.5803543925285339,
            0.02564913034439087,
            -0.8139598965644836,
            -0.4553823471069336
          ],
          [
            -0.2681489586830139,
            -0.949792206287384,
            0.16126005351543427,
            1.1790170669555664
          ],
          [
            0.0,
            0.0,
            0.0,
            1.0
          ]
        ]
      },
      "bone_length_armature_space": 0.034038788401306516,
      "parent": "metacarpal_thumb_l",
      "has_children": true,
      "is_end_bone": false
    },
    "thumb_02_l": {
      "name": "thumb_02_l",
      "local": {
        "location": {
          "x": 0.0,
          "y": 0.0,
          "z": 0.0
        },
        "rotation_quaternion": {
          "w": 0.9245278835296631,
          "x": 0.38111400604248047,
          "y": -0.0002502331044524908,
          "z": -0.0005361745716072619
        },
        "scale": {
          "x": 1.0,
          "y": 1.0,
          "z": 1.0
        },
        "matrix_basis": [
          [
            0.9999992847442627,
            0.0008006819989532232,
            -0.0008713822462595999,
            0.0
          ],
          [
            -0.0011821513762697577,
            0.7095036506652832,
            -0.704700767993927,
            0.0
          ],
          [
            5.4007687140256166e-05,
            0.70470130443573,
            0.7095041275024414,
            0.0
          ],
          [
            0.0,
            0.0,
            0.0,
            1.0
          ]
        ],
        "rotation_mode": "QUATERNION"
      },
      "armature_space": {
        "head": {
          "x": 0.12671688199043274,
          "y": -0.5177531838417053,
          "z": 0.1968335211277008
        },
        "tail": {
          "x": 0.11983722448348999,
          "y": -0.556541919708252,
          "z": 0.2046617865562439
        }
      },
      "world_space": {
        "head": {
          "x": 0.12671688199043274,
          "y": -0.4545091986656189,
          "z": 1.1466875076293945
        },
        "tail": {
          "x": 0.11983722448348999,
          "y": -0.4932979345321655,
          "z": 1.1545157432556152
        },
        "rotation_quaternion": {
          "w": 0.07630518823862076,
          "x": -0.09745834767818451,
          "y": 0.10631357878446579,
          "z": 0.9865986108779907
        },
        "matrix": [
          [
            -0.9693585634231567,
            -0.17128746211528778,
            -0.1760799139738083,
            0.12671688199043274
          ],
          [
            0.12984290719032288,
            -0.9657496213912964,
            0.22465121746063232,
            -0.4545091986656189
          ],
          [
            -0.20853030681610107,
            0.19490551948547363,
            0.9584053754806519,
            1.1466875076293945
          ],
          [
            0.0,
            0.0,
            0.0,
            1.0
          ]
        ]
      },
      "bone_length_armature_space": 0.040164380726676926,
      "parent": "thumb_01_l",
      "has_children": true,
      "is_end_bone": false
    },
    "thumb_03_l": {
      "name": "thumb_03_l",
      "local": {
        "location": {
          "x": 0.0,
          "y": 0.0,
          "z": 0.0
        },
        "rotation_quaternion": {
          "w": 0.9863573312759399,
          "x": 0.1645844429731369,
          "y": -0.002040415769442916,
          "z": 0.0026566709857434034
        },
        "scale": {
          "x": 1.0,
          "y": 1.0,
          "z": 1.0
        },
        "matrix_basis": [
          [
            0.9999775290489197,
            -0.00591249531134963,
            -0.003150664735585451,
            0.0
          ],
          [
            0.004569212440401316,
            0.9458097815513611,
            -0.32468897104263306,
            0.0
          ],
          [
            0.0048996517434716225,
            0.3246673047542572,
            0.9458156228065491,
            0.0
          ],
          [
            0.0,
            0.0,
            0.0,
            1.0
          ]
        ],
        "rotation_mode": "QUATERNION"
      },
      "armature_space": {
        "head": {
          "x": 0.1198371946811676,
          "y": -0.556541919708252,
          "z": 0.20466171205043793
        },
        "tail": {
          "x": 0.11349267512559891,
          "y": -0.5774204730987549,
          "z": 0.2258920967578888
        }
      },
      "world_space": {
        "head": {
          "x": 0.1198371946811676,
          "y": -0.4932979345321655,
          "z": 1.1545157432556152
        },
        "tail": {
          "x": 0.11349267512559891,
          "y": -0.5141764879226685,
          "z": 1.1757460832595825
        },
        "rotation_quaternion": {
          "w": 0.0022623275872319937,
          "x": -0.2578531503677368,
          "y": 0.3963632583618164,
          "z": 0.8811372518539429
        },
        "matrix": [
          [
            -0.8670134544372559,
            -0.20839360356330872,
            -0.45261386036872864,
            0.1198371946811676
          ],
          [
            -0.2004195600748062,
            -0.6857821345329285,
            0.6996674537658691,
            -0.4932979345321655
          ],
          [
            -0.4562040865421295,
            0.697338342666626,
            0.5528210997581482,
            1.1545157432556152
          ],
          [
            0.0,
            0.0,
            0.0,
            1.0
          ]
        ]
      },
      "bone_length_armature_space": 0.030444969644906738,
      "parent": "thumb_02_l",
      "has_children": false,
      "is_end_bone": true
    },
    "metacarpal_index_l": {
      "name": "metacarpal_index_l",
      "local": {
        "location": {
          "x": 0.0,
          "y": 0.0,
          "z": 0.0
        },
        "rotation_quaternion": {
          "w": 0.9989975690841675,
          "x": -0.04235608130693436,
          "y": -0.0139705715700984,
          "z": -0.0038180379197001457
        },
        "scale": {
          "x": 1.0,
          "y": 1.0,
          "z": 1.0
        },
        "matrix_basis": [
          [
            0.9995805025100708,
            0.008811898529529572,
            -0.027589699253439903,
            0.0
          ],
          [
            -0.006444944068789482,
            0.9963827729225159,
            0.08473392575979233,
            0.0
          ],
          [
            0.028236567974090576,
            -0.08452056348323822,
            0.996021568775177,
            0.0
          ],
          [
            0.0,
            0.0,
            0.0,
            1.0
          ]
        ],
        "rotation_mode": "QUATERNION"
      },
      "armature_space": {
        "head": {
          "x": 0.14126577973365784,
          "y": -0.5057784914970398,
          "z": 0.2698487639427185
        },
        "tail": {
          "x": 0.10335725545883179,
          "y": -0.5793126821517944,
          "z": 0.18687289953231812
        }
      },
      "world_space": {
        "head": {
          "x": 0.14126577973365784,
          "y": -0.44253450632095337,
          "z": 1.2197027206420898
        },
        "tail": {
          "x": 0.10335725545883179,
          "y": -0.516068696975708,
          "z": 1.1367268562316895
        },
        "rotation_quaternion": {
          "w": 0.4033854603767395,
          "x": -0.9001714587211609,
          "y": 0.15327180922031403,
          "z": 0.058985184878110886
        },
        "matrix": [
          [
            0.9460567235946655,
            -0.32352960109710693,
            0.017462871968746185,
            0.14126577973365784
          ],
          [
            -0.22835537791252136,
            -0.6275759935379028,
            0.7443131804466248,
            -0.44253450632095337
          ],
          [
            -0.22985000908374786,
            -0.7081559300422668,
            -0.6676064729690552,
            1.2197027206420898
          ],
          [
            0.0,
            0.0,
            0.0,
            1.0
          ]
        ]
      },
      "bone_length_armature_space": 0.11717221190150048,
      "parent": "lowerarm_l",
      "has_children": true,
      "is_end_bone": false
    },
    "index_01_l": {
      "name": "index_01_l",
      "local": {
        "location": {
          "x": 0.0,
          "y": 0.0,
          "z": 0.0
        },
        "rotation_quaternion": {
          "w": 0.972586989402771,
          "x": 0.23249928653240204,
          "y": 0.0026319485623389482,
          "z": 0.003440124448388815
        },
        "scale": {
          "x": 1.0,
          "y": 1.0,
          "z": 1.0
        },
        "matrix_basis": [
          [
            0.9999624490737915,
            -0.005467788316309452,
            0.006719250697642565,
            0.0
          ],
          [
            0.007915493100881577,
            0.8918644785881042,
            -0.4522334635257721,
            0.0
          ],
          [
            -0.0035199448466300964,
            0.45226967334747314,
            0.8918743133544922,
            0.0
          ],
          [
            0.0,
            0.0,
            0.0,
            1.0
          ]
        ],
        "rotation_mode": "QUATERNION"
      },
      "armature_space": {
        "head": {
          "x": 0.10335725545883179,
          "y": -0.5793126821517944,
          "z": 0.18687289953231812
        },
        "tail": {
          "x": 0.1041756197810173,
          "y": -0.5902973413467407,
          "z": 0.16057181358337402
        }
      },
      "world_space": {
        "head": {
          "x": 0.10335725545883179,
          "y": -0.516068696975708,
          "z": 1.1367268562316895
        },
        "tail": {
          "x": 0.1041756197810173,
          "y": -0.5270533561706543,
          "z": 1.1104258298873901
        },
        "rotation_quaternion": {
          "w": 0.5543986558914185,
          "x": -0.8320372104644775,
          "y": -0.005146665032953024,
          "z": -0.018159933388233185
        },
        "matrix": [
          [
            0.9992873072624207,
            0.028700096532702446,
            0.0245127622038126,
            0.10335725545883179
          ],
          [
            -0.011571046896278858,
            -0.38523173332214355,
            0.9227473735809326,
            -0.516068696975708
          ],
          [
            0.0359262079000473,
            -0.9223803877830505,
            -0.384627103805542,
            1.1367268562316895
          ],
          [
            0.0,
            0.0,
            0.0,
            1.0
          ]
        ]
      },
      "bone_length_armature_space": 0.02851455020295444,
      "parent": "metacarpal_index_l",
      "has_children": true,
      "is_end_bone": false
    },
    "index_02_l": {
      "name": "index_02_l",
      "local": {
        "location": {
          "x": 0.0,
          "y": 0.0,
          "z": 0.0
        },
        "rotation_quaternion": {
          "w": 0.9204964637756348,
          "x": 0.39070069789886475,
          "y": 0.005956638604402542,
          "z": -0.0019809696823358536
        },
        "scale": {
          "x": 1.0,
          "y": 1.0,
          "z": 1.0
        },
        "matrix_basis": [
          [
            0.9999212026596069,
            0.008301476947963238,
            0.009418196976184845,
            0.0
          ],
          [
            0.001007574493996799,
            0.6946980953216553,
            -0.7193008065223694,
            0.0
          ],
          [
            -0.012514062225818634,
            0.7192535996437073,
            0.6946349740028381,
            0.0
          ],
          [
            0.0,
            0.0,
            0.0,
            1.0
          ]
        ],
        "rotation_mode": "QUATERNION"
      },
      "armature_space": {
        "head": {
          "x": 0.10417540371417999,
          "y": -0.5902971625328064,
          "z": 0.16057132184505463
        },
        "tail": {
          "x": 0.1047118529677391,
          "y": -0.5809841156005859,
          "z": 0.13667409121990204
        }
      },
      "world_space": {
        "head": {
          "x": 0.10417540371417999,
          "y": -0.52705317735672,
          "z": 1.110425353050232
        },
        "tail": {
          "x": 0.1047118529677391,
          "y": -0.5177401304244995,
          "z": 1.0865280628204346
        },
        "rotation_quaternion": {
          "w": 0.8249659538269043,
          "x": -0.5642802119255066,
          "y": -0.03079908899962902,
          "z": 0.008392584510147572
        },
        "matrix": [
          [
            0.9979618191719055,
            0.020911499857902527,
            -0.06028775870800018,
            0.10417540371417999
          ],
          [
            0.04860575124621391,
            0.36303457617759705,
            0.9305071234703064,
            -0.52705317735672
          ],
          [
            0.041345108300447464,
            -0.9315474033355713,
            0.36128151416778564,
            1.110425353050232
          ],
          [
            0.0,
            0.0,
            0.0,
            1.0
          ]
        ]
      },
      "bone_length_armature_space": 0.025653425713779248,
      "parent": "index_01_l",
      "has_children": true,
      "is_end_bone": false
    },
    "index_03_l": {
      "name": "index_03_l",
      "local": {
        "location": {
          "x": 0.0,
          "y": 0.0,
          "z": 0.0
        },
        "rotation_quaternion": {
          "w": 0.9524567127227783,
          "x": 0.304618239402771,
          "y": -0.003537931013852358,
          "z": 0.0046278792433440685
        },
        "scale": {
          "x": 1.0,
          "y": 1.0,
          "z": 1.0
        },
        "matrix_basis": [
          [
            0.9999321103096008,
            -0.010971145704388618,
            -0.003919979557394981,
            0.0
          ],
          [
            0.00666027283295989,
            0.8143725991249084,
            -0.5803041458129883,
            0.0
          ],
          [
            0.009558925405144691,
            0.5802386403083801,
            0.8143904209136963,
            0.0
          ],
          [
            0.0,
            0.0,
            0.0,
            1.0
          ]
        ],
        "rotation_mode": "QUATERNION"
      },
      "armature_space": {
        "head": {
          "x": 0.10471183061599731,
          "y": -0.5809842348098755,
          "z": 0.13667404651641846
        },
        "tail": {
          "x": 0.10700134187936783,
          "y": -0.555199384689331,
          "z": 0.12312287837266922
        }
      },
      "world_space": {
        "head": {
          "x": 0.10471183061599731,
          "y": -0.5177402496337891,
          "z": 1.0865280628204346
        },
        "tail": {
          "x": 0.10700134187936783,
          "y": -0.49195539951324463,
          "z": 1.0729769468307495
        },
        "rotation_quaternion": {
          "w": 0.969382107257843,
          "x": -0.24045629799365997,
          "y": -0.039207424968481064,
          "z": -0.030690869316458702
        },
        "matrix": [
          [
            0.9950414896011353,
            0.07835777848958969,
            -0.06125418841838837,
            0.10471183061599731
          ],
          [
            -0.040647026151418686,
            0.8824775218963623,
            0.4685949385166168,
            -0.5177402496337891
          ],
          [
            0.0907740518450737,
            -0.46378445625305176,
            0.8812936544418335,
            1.0865280628204346
          ],
          [
            0.0,
            0.0,
            0.0,
            1.0
          ]
        ]
      },
      "bone_length_armature_space": 0.02921873564906265,
      "parent": "index_02_l",
      "has_children": false,
      "is_end_bone": true
    },
    "metacarpal_pinky_l": {
      "name": "metacarpal_pinky_l",
      "local": {
        "location": {
          "x": 0.0,
          "y": 0.0,
          "z": 0.0
        },
        "rotation_quaternion": {
          "w": 0.9999599456787109,
          "x": -0.007273750379681587,
          "y": 0.005083159077912569,
          "z": -0.0011805673129856586
        },
        "scale": {
          "x": 1.0,
          "y": 1.0,
          "z": 1.0
        },
        "matrix_basis": [
          [
            0.9999455213546753,
            0.002287092851474881,
            0.010183085687458515,
            0.0
          ],
          [
            -0.0024349873419851065,
            0.9998914003372192,
            0.014534915797412395,
            0.0
          ],
          [
            -0.010148736648261547,
            -0.014558919705450535,
            0.9998425245285034,
            0.0
          ],
          [
            0.0,
            0.0,
            0.0,
            1.0
          ]
        ],
        "rotation_mode": "QUATERNION"
      },
      "armature_space": {
        "head": {
          "x": 0.14126577973365784,
          "y": -0.5057784914970398,
          "z": 0.2698487639427185
        },
        "tail": {
          "x": 0.15600021183490753,
          "y": -0.594738245010376,
          "z": 0.2177688181400299
        }
      },
      "world_space": {
        "head": {
          "x": 0.14126577973365784,
          "y": -0.44253450632095337,
          "z": 1.2197027206420898
        },
        "tail": {
          "x": 0.15600021183490753,
          "y": -0.5314942598342896,
          "z": 1.1676228046417236
        },
        "rotation_quaternion": {
          "w": 0.054445553570985794,
          "x": -0.44364771246910095,
          "y": -0.26435208320617676,
          "z": 0.8545936942100525
        },
        "matrix": [
          [
            -0.6004253625869751,
            0.14149928092956543,
            -0.7870624661445618,
            0.14126577973365784
          ],
          [
            0.32761552929878235,
            -0.8543079495429993,
            -0.40351659059524536,
            -0.44253450632095337
          ],
          [
            -0.7294960618019104,
            -0.5001398324966431,
            0.4665939211845398,
            1.2197027206420898
          ],
          [
            0.0,
            0.0,
            0.0,
            1.0
          ]
        ]
      },
      "bone_length_armature_space": 0.10413098672595014,
      "parent": "lowerarm_l",
      "has_children": true,
      "is_end_bone": false
    },
    "pinky_01_l": {
      "name": "pinky_01_l",
      "local": {
        "location": {
          "x": 0.0,
          "y": 0.0,
          "z": 0.0
        },
        "rotation_quaternion": {
          "w": 0.944533109664917,
          "x": 0.3277490437030792,
          "y": 0.013551470823585987,
          "z": 0.015941383317112923
        },
        "scale": {
          "x": 1.0,
          "y": 1.0,
          "z": 1.0
        },
        "matrix_basis": [
          [
            0.9991244673728943,
            -0.02123136632144451,
            0.03604917228221893,
            0.0
          ],
          [
            0.03899729251861572,
            0.7846528887748718,
            -0.6187075972557068,
            0.0
          ],
          [
            -0.015150079503655434,
            0.6195716857910156,
            0.7847938537597656,
            0.0
          ],
          [
            0.0,
            0.0,
            0.0,
            1.0
          ]
        ],
        "rotation_mode": "QUATERNION"
      },
      "armature_space": {
        "head": {
          "x": 0.15600021183490753,
          "y": -0.594738245010376,
