{
  "metadata": {
    "armature_name": "KIM_caucasian_male",
    "export_time": "2026-01-13T21:04:00.829345",
    "blender_version": "4.4.1",
    "bone_count": 56,
    "end_bone_count": 13,
    "spaces_included": [
      "LOCAL_CHANNELS",
      "ARMATURE_SPACE",
      "WORLD_SPACE"
    ],
    "note": "LOCAL matches Transform panel; replay pose via local.matrix_basis for best fidelity."
  },
  "bones": {
    "Root": {
      "name": "Root",
      "local": {
        "location": {
          "x": 0.0,
          "y": 0.0,
          "z": 0.0
        },
        "rotation_quaternion": {
          "w": 0.9995551109313965,
          "x": 0.01473707240074873,
          "y": -0.0038131484761834145,
          "z": 0.02565130591392517
        },
        "scale": {
          "x": 1.0,
          "y": 1.0,
          "z": 1.0
        },
        "matrix_basis": [
          [
            0.9986549615859985,
            -0.05139217898249626,
            -0.006866853684186935,
            0.0
          ],
          [
            0.05116739869117737,
            0.9982496500015259,
            -0.029656656086444855,
            0.0
          ],
          [
            0.008378954604268074,
            0.029265407472848892,
            0.9995365738868713,
            0.0
          ],
          [
            0.0,
            0.0,
            0.0,
            1.0
          ]
        ],
        "rotation_mode": "QUATERNION"
      },
      "armature_space": {
        "head": {
          "x": 0.0,
          "y": 0.07072800397872925,
          "z": -0.009595036506652832
        },
        "tail": {
          "x": -0.003668161341920495,
          "y": -0.00015700608491897583,
          "z": -0.00208669388666749
        }
      },
      "world_space": {
        "head": {
          "x": 0.0,
          "y": 0.13397200405597687,
          "z": 0.9402589797973633
        },
        "tail": {
          "x": -0.003668161341920495,
          "y": 0.06308699399232864,
          "z": 0.9477673172950745
        },
        "rotation_quaternion": {
          "w": 0.05263407900929451,
          "x": 0.9982771277427673,
          "y": -0.02584991417825222,
          "z": -0.0020764139480888844
        },
        "matrix": [
          [
            0.9986549615859985,
            -0.05139217898249626,
            -0.006866853684186935,
            0.0
          ],
          [
            -0.05182933807373047,
            -0.9931228756904602,
            -0.10497992485761642,
            0.13397200405597687
          ],
          [
            -0.0014245416969060898,
            0.10519441217184067,
            -0.9944577217102051,
            0.9402589797973633
          ],
          [
            0.0,
            0.0,
            0.0,
            1.0
          ]
        ]
      },
      "bone_length_armature_space": 0.07137587272972122,
      "parent": null,
      "has_children": true,
      "is_end_bone": false
    },
    "spine_01": {
      "name": "spine_01",
      "local": {
        "location": {
          "x": 0.0,
          "y": 0.0,
          "z": 0.0
        },
        "rotation_quaternion": {
          "w": 0.9899145364761353,
          "x": 0.11544159054756165,
          "y": -0.032515909522771835,
          "z": -0.07540013641119003
        },
        "scale": {
          "x": 1.0,
          "y": 1.0,
          "z": 1.0
        },
        "matrix_basis": [
          [
            0.9865150451660156,
            0.14177200198173523,
            -0.08178456872701645,
            0.0
          ],
          [
            -0.1567867547273636,
            0.9619761109352112,
            -0.2236512154340744,
            0.0
          ],
          [
            0.04696732014417648,
            0.2334580272436142,
            0.9712319374084473,
            0.0
          ],
          [
            0.0,
            0.0,
            0.0,
            1.0
          ]
        ],
        "rotation_mode": "QUATERNION"
      },
      "armature_space": {
        "head": {
          "x": -0.003668161341920495,
          "y": -0.00015700608491897583,
          "z": -0.00208669388666749
        },
        "tail": {
          "x": 0.06061137095093727,
          "y": -0.10942192375659943,
          "z": 0.4691643714904785
        }
      },
      "world_space": {
        "head": {
          "x": -0.003668161341920495,
          "y": 0.06308699399232864,
          "z": 0.9477673172950745
        },
        "tail": {
          "x": 0.06061137095093727,
          "y": -0.04617792367935181,
          "z": 1.4190183877944946
        },
        "rotation_quaternion": {
          "w": 0.6228553652763367,
          "x": 0.7766897082328796,
          "y": 0.009976114146411419,
          "z": -0.09329879283905029
        },
        "matrix": [
          [
            0.9823917150497437,
            0.13172002136707306,
            -0.13250020146369934,
            -0.003668161341920495
          ],
          [
            -0.10072579979896545,
            -0.22390295565128326,
            -0.9693925380706787,
            0.06308699399232864
          ],
          [
            -0.15735676884651184,
            0.9656760096549988,
            -0.20669513940811157,
            0.9477673172950745
          ],
          [
            0.0,
            0.0,
            0.0,
            1.0
          ]
        ]
      },
      "bone_length_armature_space": 0.4880043641860709,
      "parent": "Root",
      "has_children": true,
      "is_end_bone": false
    },
    "neck_01": {
      "name": "neck_01",
      "local": {
        "location": {
          "x": 0.0,
          "y": 0.0,
          "z": 0.0
        },
        "rotation_quaternion": {
          "w": 0.9925959706306458,
          "x": -0.05202439799904823,
          "y": -0.10932277888059616,
          "z": -0.00976055208593607
        },
        "scale": {
          "x": 1.0,
          "y": 1.0,
          "z": 1.0
        },
        "matrix_basis": [
          [
            0.9759065508842468,
            0.03075147233903408,
            -0.21601112186908722,
            0.0
          ],
          [
            -0.008001665584743023,
            0.9943963885307312,
            0.10541252046823502,
            0.0
          ],
          [
            0.2180422693490982,
            -0.10114431381225586,
            0.9706839919090271,
            0.0
          ],
          [
            0.0,
            0.0,
            0.0,
            1.0
          ]
        ],
        "rotation_mode": "QUATERNION"
      },
      "armature_space": {
        "head": {
          "x": 0.06566054373979568,
          "y": -0.1594347208738327,
          "z": 0.5327013731002808
        },
        "tail": {
          "x": 0.07785433530807495,
          "y": -0.21000131964683533,
          "z": 0.6210476160049438
        }
      },
      "world_space": {
        "head": {
          "x": 0.06566054373979568,
          "y": -0.09619072079658508,
          "z": 1.4825553894042969
        },
        "tail": {
          "x": 0.07785433530807495,
          "y": -0.1467573195695877,
          "z": 1.57090163230896
        },
        "rotation_quaternion": {
          "w": 0.5013166666030884,
          "x": 0.8417865037918091,
          "y": -0.045460835099220276,
          "z": -0.1949624866247177
        },
        "matrix": [
          [
            0.9198461771011353,
            0.11893904209136963,
            -0.37381336092948914,
            0.06566054373979568
          ],
          [
            -0.2720119059085846,
            -0.4932299852371216,
            -0.8262771964073181,
            -0.09619072079658508
          ],
          [
            -0.2826547622680664,
            0.8617351651191711,
            -0.42134660482406616,
            1.4825553894042969
          ],
          [
            0.0,
            0.0,
            0.0,
            1.0
          ]
        ]
      },
      "bone_length_armature_space": 0.10252184212362715,
      "parent": "spine_01",
      "has_children": true,
      "is_end_bone": false
    },
    "head": {
      "name": "head",
      "local": {
        "location": {
          "x": 0.0,
          "y": 0.0,
          "z": 0.0
        },
        "rotation_quaternion": {
          "w": 0.9971993565559387,
          "x": -0.022751085460186005,
          "y": -0.04700875282287598,
          "z": -0.05353517457842827
        },
        "scale": {
          "x": 1.0,
          "y": 1.0,
          "z": 1.0
        },
        "matrix_basis": [
          [
            0.9898483157157898,
            0.1089094802737236,
            -0.09131822735071182,
            0.0
          ],
          [
            -0.10463148355484009,
            0.9932327270507812,
            0.050407979637384415,
            0.0
          ],
          [
            0.09619016200304031,
            -0.040341492742300034,
            0.9945451021194458,
            0.0
          ],
          [
            0.0,
            0.0,
            0.0,
            1.0
          ]
        ],
        "rotation_mode": "QUATERNION"
      },
      "armature_space": {
        "head": {
          "x": 0.07785426080226898,
          "y": -0.2100014090538025,
          "z": 0.6210474967956543
        },
        "tail": {
          "x": 0.13311633467674255,
          "y": -0.2335163652896881,
          "z": 0.7640384435653687
        }
      },
      "world_space": {
        "head": {
          "x": 0.07785426080226898,
          "y": -0.14675740897655487,
          "z": 1.5709015130996704
        },
        "tail": {
          "x": 0.13311633467674255,
          "y": -0.1702723652124405,
          "z": 1.7138924598693848
        },
        "rotation_quaternion": {
          "w": 0.6512892842292786,
          "x": 0.7092431783676147,
          "y": 0.0034580130595713854,
          "z": -0.2697858512401581
        },
        "matrix": [
          [
            0.8544080853462219,
            0.35632216930389404,
            -0.378181517124176,
            0.07785426080226898
          ],
          [
            -0.346510112285614,
            -0.15162117779254913,
            -0.9257116317749023,
            -0.14675740897655487
          ],
          [
            -0.38719484210014343,
            0.9219856858253479,
            -0.00607801228761673,
            1.5709015130996704
          ],
          [
            0.0,
            0.0,
            0.0,
            1.0
          ]
        ]
      },
      "bone_length_armature_space": 0.155091135765314,
      "parent": "neck_01",
      "has_children": false,
      "is_end_bone": true
    },
    "upperarm_l": {
      "name": "upperarm_l",
      "local": {
        "location": {
          "x": 0.0,
          "y": 0.0,
          "z": 0.0
        },
        "rotation_quaternion": {
          "w": 0.8741762638092041,
          "x": 0.3059157133102417,
          "y": 0.28271302580833435,
          "z": 0.24960923194885254
        },
        "scale": {
          "x": 1.0,
          "y": 1.0,
          "z": 1.0
        },
        "matrix_basis": [
          [
            0.7155371308326721,
            -0.26343220472335815,
            0.647000789642334,
            0.0
          ],
          [
            0.6093776226043701,
            0.6882216334342957,
            -0.39371293783187866,
            0.0
          ],
          [
            -0.34156325459480286,
            0.6759840846061707,
            0.6529778242111206,
            0.0
          ],
          [
            0.0,
            0.0,
            0.0,
            1.0
          ]
        ],
        "rotation_mode": "QUATERNION"
      },
      "armature_space": {
        "head": {
          "x": 0.20374414324760437,
          "y": -0.16258709132671356,
          "z": 0.44353780150413513
        },
        "tail": {
          "x": 0.378118097782135,
          "y": -0.36594951152801514,
          "z": 0.4368228316307068
        }
      },
      "world_space": {
        "head": {
          "x": 0.20374414324760437,
          "y": -0.09934309124946594,
          "z": 1.3933918476104736
        },
        "tail": {
          "x": 0.378118097782135,
          "y": -0.3027055263519287,
          "z": 1.3866767883300781
        },
        "rotation_quaternion": {
          "w": 0.12206888198852539,
          "x": 0.8645827174186707,
          "y": 0.3250354528427124,
          "z": -0.36324650049209595
        },
        "matrix": [
          [
            0.5248075127601624,
            0.6507232785224915,
            -0.5487589836120605,
            0.20374414324760437
          ],
          [
            0.4733579158782959,
            -0.7589015364646912,
            -0.4472147524356842,
            -0.09934309124946594
          ],
          [
            -0.7074716091156006,
            -0.025058671832084656,
            -0.7063074707984924,
            1.3933918476104736
          ],
          [
            0.0,
            0.0,
            0.0,
            1.0
          ]
        ]
      },
      "bone_length_armature_space": 0.2679694750876763,
      "parent": "spine_01",
      "has_children": true,
      "is_end_bone": false
    },
    "lowerarm_l": {
      "name": "lowerarm_l",
      "local": {
        "location": {
          "x": 0.0,
          "y": 0.0,
          "z": 0.0
        },
        "rotation_quaternion": {
          "w": 0.9671972393989563,
          "x": 0.23588711023330688,
          "y": 0.024021882563829422,
          "z": -0.09115754812955856
        },
        "scale": {
          "x": 1.0,
          "y": 1.0,
          "z": 1.0
        },
        "matrix_basis": [
          [
            0.9822264909744263,
            0.18766756355762482,
            0.0034620158839970827,
            0.0
          ],
          [
            -0.1650017499923706,
            0.8720951676368713,
            -0.4606782793998718,
            0.0
          ],
          [
            -0.08947357535362244,
            0.45191916823387146,
            0.8875604271888733,
            0.0
          ],
          [
            0.0,
            0.0,
            0.0,
            1.0
          ]
        ],
        "rotation_mode": "QUATERNION"
      },
      "armature_space": {
        "head": {
          "x": 0.37811803817749023,
          "y": -0.3659496605396271,
          "z": 0.43682289123535156
        },
        "tail": {
          "x": 0.445242702960968,
          "y": -0.5926086902618408,
          "z": 0.3115648329257965
        }
      },
      "world_space": {
        "head": {
          "x": 0.37811803817749023,
          "y": -0.30270564556121826,
          "z": 1.3866769075393677
        },
        "tail": {
          "x": 0.445242702960968,
          "y": -0.5293647050857544,
          "z": 1.2614188194274902
        },
        "rotation_quaternion": {
          "w": 0.14711904525756836,
          "x": -0.835216224193573,
          "y": -0.23395074903964996,
          "z": 0.4754334092140198
        },
        "matrix": [
          [
            0.43846002221107483,
            0.2509104013442993,
            -0.8630161285400391,
            0.37811803817749023
          ],
          [
            0.5306897759437561,
            -0.8472460508346558,
            0.02329424023628235,
            -0.30270564556121826
          ],
          [
            -0.7253468632698059,
            -0.4682115912437439,
            -0.5046426057815552,
            1.3866769075393677
          ],
          [
            0.0,
            0.0,
            0.0,
            1.0
          ]
        ]
      },
      "bone_length_armature_space": 0.2675249863159117,
      "parent": "upperarm_l",
      "has_children": true,
      "is_end_bone": false
    },
    "metacarpal_thumb_l": {
      "name": "metacarpal_thumb_l",
      "local": {
        "location": {
          "x": 0.0,
          "y": 0.0,
          "z": 0.0
        },
        "rotation_quaternion": {
          "w": 0.9989932775497437,
          "x": -0.044737935066223145,
          "y": 0.0007444224320352077,
          "z": -0.0032295831479132175
        },
        "scale": {
          "x": 1.0,
          "y": 1.0,
          "z": 1.0
        },
        "matrix_basis": [
          [
            0.9999780058860779,
            0.006386056076735258,
            0.001776315737515688,
            0.0
          ],
          [
            -0.0065192715264856815,
            0.9959761500358582,
            0.08938098698854446,
            0.0
          ],
          [
            -0.0011983762960880995,
            -0.0893905982375145,
            0.9959959387779236,
            0.0
          ],
          [
            0.0,
            0.0,
            0.0,
            1.0
          ]
        ],
        "rotation_mode": "QUATERNION"
      },
      "armature_space": {
        "head": {
          "x": 0.445242702960968,
          "y": -0.5926086902618408,
          "z": 0.3115648329257965
        },
        "tail": {
          "x": 0.432291716337204,
          "y": -0.6232510209083557,
          "z": 0.2748643755912781
        }
      },
      "world_space": {
        "head": {
          "x": 0.445242702960968,
          "y": -0.5293647050857544,
          "z": 1.2614188194274902
        },
        "tail": {
          "x": 0.432291716337204,
          "y": -0.5600070357322693,
          "z": 1.2247183322906494
        },
        "rotation_quaternion": {
          "w": 0.38429901003837585,
          "x": -0.8887465596199036,
          "y": 0.20737941563129425,
          "z": -0.13941940665245056
        },
        "matrix": [
          [
            0.8751116394996643,
            -0.2614583373069763,
            0.40720894932746887,
            0.445242702960968
          ],
          [
            -0.47577348351478577,
            -0.6186164021492004,
            0.6252626180648804,
            -0.5293647050857544
          ],
          [
            0.0884261429309845,
            -0.7409194707870483,
            -0.6657576560974121,
            1.2614188194274902
          ],
          [
            0.0,
            0.0,
            0.0,
            1.0
          ]
        ]
      },
      "bone_length_armature_space": 0.0495338673494245,
      "parent": "lowerarm_l",
      "has_children": true,
      "is_end_bone": false
    },
    "thumb_01_l": {
      "name": "thumb_01_l",
      "local": {
        "location": {
          "x": 0.0,
          "y": 0.0,
          "z": 0.0
        },
        "rotation_quaternion": {
          "w": 0.9996151924133301,
          "x": -0.023562703281641006,
          "y": -0.007232825271785259,
          "z": 0.012731458060443401
        },
        "scale": {
          "x": 1.0,
          "y": 1.0,
          "z": 1.0
        },
        "matrix_basis": [
          [
            0.9995712041854858,
            -0.025112267583608627,
            -0.015060058794915676,
            0.0
          ],
          [
            0.02579396776854992,
            0.9985654354095459,
            0.04692310467362404,
            0.0
          ],
          [
            0.013860109262168407,
            -0.04729144275188446,
            0.9987849593162537,
            0.0
          ],
          [
            0.0,
            0.0,
            0.0,
            1.0
          ]
        ],
        "rotation_mode": "QUATERNION"
      },
      "armature_space": {
        "head": {
          "x": 0.432291716337204,
          "y": -0.6232510209083557,
          "z": 0.2748643755912781
        },
        "tail": {
          "x": 0.4320659637451172,
          "y": -0.6179146766662598,
          "z": 0.24124722182750702
        }
      },
      "world_space": {
        "head": {
          "x": 0.432291716337204,
          "y": -0.5600070357322693,
          "z": 1.2247183322906494
        },
        "tail": {
          "x": 0.4320659637451172,
          "y": -0.5546706914901733,
          "z": 1.1911011934280396
        },
        "rotation_quaternion": {
          "w": 0.3945467472076416,
          "x": -0.34057727456092834,
          "y": 0.6501688957214355,
          "z": -0.5528294444084167
        },
        "matrix": [
          [
            -0.4566805064678192,
            -0.006632257252931595,
            0.8896060585975647,
            0.432291716337204
          ],
          [
            -0.8790994882583618,
            0.15677312016487122,
            -0.45011812448501587,
            -0.5600070357322693
          ],
          [
            -0.13648256659507751,
            -0.9876192808151245,
            -0.07742674648761749,
            1.2247183322906494
          ],
          [
            0.0,
            0.0,
            0.0,
            1.0
          ]
        ]
      },
      "bone_length_armature_space": 0.03403880966344075,
      "parent": "metacarpal_thumb_l",
      "has_children": true,
      "is_end_bone": false
    },
    "thumb_02_l": {
      "name": "thumb_02_l",
      "local": {
        "location": {
          "x": 0.0,
          "y": 0.0,
          "z": 0.0
        },
        "rotation_quaternion": {
          "w": 0.9934773445129395,
          "x": 0.11391575634479523,
          "y": -0.004787199664860964,
          "z": 0.001774955540895462
        },
        "scale": {
          "x": 1.0,
          "y": 1.0,
          "z": 1.0
        },
        "matrix_basis": [
          [
            0.9999478459358215,
            -0.004617431201040745,
            -0.00910755805671215,
            0.0
          ],
          [
            0.0024360811803489923,
            0.9740400910377502,
            -0.2263624370098114,
            0.0
          ],
          [
            0.009916340000927448,
            0.22632844746112823,
            0.9740005731582642,
            0.0
          ],
          [
            0.0,
            0.0,
            0.0,
            1.0
          ]
        ],
        "rotation_mode": "QUATERNION"
      },
      "armature_space": {
        "head": {
          "x": 0.4320659637451172,
          "y": -0.6179146766662598,
          "z": 0.2412472367286682
        },
        "tail": {
          "x": 0.4441118538379669,
          "y": -0.6522690057754517,
          "z": 0.22428075969219208
        }
      },
      "world_space": {
        "head": {
          "x": 0.4320659637451172,
          "y": -0.5546706914901733,
          "z": 1.191101312637329
        },
        "tail": {
          "x": 0.4441118538379669,
          "y": -0.5890250205993652,
          "z": 1.1741347312927246
        },
        "rotation_quaternion": {
          "w": 0.17068025469779968,
          "x": -0.06750521063804626,
          "y": 0.20783905684947968,
          "z": -0.960788369178772
        },
        "matrix": [
          [
            -0.932622492313385,
            0.2999149262905121,
            0.20066483318805695,
            0.4320659637451172
          ],
          [
            -0.356035977602005,
            -0.8553425073623657,
            -0.376334547996521,
            -0.5546706914901733
          ],
          [
            0.058769144117832184,
            -0.42242562770843506,
            0.9044982194900513,
            1.191101312637329
          ],
          [
            0.0,
            0.0,
            0.0,
            1.0
          ]
        ]
      },
      "bone_length_armature_space": 0.04016447089621949,
      "parent": "thumb_01_l",
      "has_children": true,
      "is_end_bone": false
    },
    "thumb_03_l": {
      "name": "thumb_03_l",
      "local": {
        "location": {
          "x": 0.0,
          "y": 0.0,
          "z": 0.0
        },
        "rotation_quaternion": {
          "w": 0.9956493377685547,
          "x": 0.09283886104822159,
          "y": 0.005515530239790678,
          "z": 0.005751005839556456
        },
        "scale": {
          "x": 1.0,
          "y": 1.0,
          "z": 1.0
        },
        "matrix_basis": [
          [
            0.9998729825019836,
            -0.010427859611809254,
            0.012050901539623737,
            0.0
          ],
          [
            0.012476081028580666,
            0.9826957583427429,
            -0.1848064661026001,
            0.0
          ],
          [
            -0.00991523452103138,
            0.18493333458900452,
            0.9827010631561279,
            0.0
          ],
          [
            0.0,
            0.0,
            0.0,
            1.0
          ]
        ],
        "rotation_mode": "QUATERNION"
      },
      "armature_space": {
        "head": {
          "x": 0.44411179423332214,
          "y": -0.6522690057754517,
          "z": 0.2242807298898697
        },
        "tail": {
          "x": 0.45768317580223083,
          "y": -0.6795195937156677,
          "z": 0.22461917996406555
        }
      },
      "world_space": {
        "head": {
          "x": 0.44411179423332214,
          "y": -0.5890250205993652,
          "z": 1.1741347312927246
        },
        "tail": {
          "x": 0.45768317580223083,
          "y": -0.6162756085395813,
          "z": 1.1744731664657593
        },
        "rotation_quaternion": {
          "w": 0.22596898674964905,
          "x": 0.18282094597816467,
          "y": 0.037394870072603226,
          "z": -0.9560942053794861
        },
        "matrix": [
          [
            -0.8310290575027466,
            0.44576865434646606,
            -0.33268773555755615,
            0.44411179423332214
          ],
          [
            -0.4184223711490631,
            -0.8950791954994202,
            -0.15412992238998413,
            -0.5890250205993652
          ],
          [
            -0.36649090051651,
            0.011116892099380493,
            0.9303629398345947,
            1.1741347312927246
          ],
          [
            0.0,
            0.0,
            0.0,
            1.0
          ]
        ]
      },
      "bone_length_armature_space": 0.030444892561872945,
      "parent": "thumb_02_l",
      "has_children": false,
      "is_end_bone": true
    },
    "metacarpal_index_l": {
      "name": "metacarpal_index_l",
      "local": {
        "location": {
          "x": 0.0,
          "y": 0.0,
          "z": 0.0
        },
        "rotation_quaternion": {
          "w": 0.9999123811721802,
          "x": -0.007776840589940548,
          "y": 0.006254576612263918,
          "z": -0.008700218051671982
        },
        "scale": {
          "x": 1.0,
          "y": 1.0,
          "z": 1.0
        },
        "matrix_basis": [
          [
            0.9997703433036804,
            0.01730163022875786,
            0.012643377296626568,
            0.0
          ],
          [
            -0.017496192827820778,
            0.9997276663780212,
            0.015443486161530018,
            0.0
          ],
          [
            -0.012372736819088459,
            -0.015661150217056274,
            0.9998008012771606,
            0.0
          ],
          [
            0.0,
            0.0,
            0.0,
            1.0
          ]
        ],
        "rotation_mode": "QUATERNION"
      },
      "armature_space": {
        "head": {
          "x": 0.445242702960968,
          "y": -0.5926086902618408,
          "z": 0.3115648329257965
        },
        "tail": {
          "x": 0.4472469985485077,
          "y": -0.6839534044265747,
          "z": 0.23820659518241882
        }
      },
      "world_space": {
        "head": {
          "x": 0.445242702960968,
          "y": -0.5293647050857544,
          "z": 1.2614188194274902
        },
        "tail": {
          "x": 0.4472469985485077,
          "y": -0.6207094192504883,
          "z": 1.1880606412887573
        },
        "rotation_quaternion": {
          "w": 0.3302221894264221,
          "x": -0.9405912756919861,
          "y": -0.03411054611206055,
          "z": 0.0712587907910347
        },
        "matrix": [
          [
            0.9875173568725586,
            0.017105747014284134,
            -0.15657879412174225,
            0.445242702960968
          ],
          [
            0.11123065650463104,
            -0.7795799374580383,
            0.6163464784622192,
            -0.5293647050857544
          ],
          [
            -0.11152341961860657,
            -0.6260744333267212,
            -0.7717562913894653,
            1.2614188194274902
          ],
          [
            0.0,
            0.0,
            0.0,
            1.0
          ]
        ]
      },
      "bone_length_armature_space": 0.11717211676609118,
      "parent": "lowerarm_l",
      "has_children": true,
      "is_end_bone": false
    },
    "index_01_l": {
      "name": "index_01_l",
      "local": {
        "location": {
          "x": 0.0,
          "y": 0.0,
          "z": 0.0
        },
        "rotation_quaternion": {
          "w": 0.9928843975067139,
          "x": -0.11894459277391434,
          "y": 0.0030972168315201998,
          "z": -0.004819854162633419
        },
        "scale": {
          "x": 1.0,
          "y": 1.0,
          "z": 1.0
        },
        "matrix_basis": [
          [
            0.9999343752861023,
            0.008834321983158588,
            0.0072969477623701096,
            0.0
          ],
          [
            -0.010307909920811653,
            0.971657931804657,
            0.23616661131381989,
            0.0
          ],
          [
            -0.005003765225410461,
            -0.23622632026672363,
            0.9716851711273193,
            0.0
          ],
          [
            0.0,
            0.0,
            0.0,
            1.0
          ]
        ],
        "rotation_mode": "QUATERNION"
      },
      "armature_space": {
        "head": {
          "x": 0.4472469985485077,
          "y": -0.6839534044265747,
          "z": 0.23820659518241882
        },
        "tail": {
          "x": 0.45856672525405884,
          "y": -0.7086700201034546,
          "z": 0.2296028882265091
        }
      },
      "world_space": {
        "head": {
          "x": 0.4472469985485077,
          "y": -0.6207094192504883,
          "z": 1.1880606412887573
        },
        "tail": {
          "x": 0.45856672525405884,
          "y": -0.6454260349273682,
          "z": 1.1794569492340088
        },
        "rotation_quaternion": {
          "w": 0.16333410143852234,
          "x": -0.9655230641365051,
          "y": -0.19978928565979004,
          "z": -0.03422681242227554
        },
        "matrix": [
          [
            0.9178256392478943,
            0.39698323607444763,
            0.0008282139897346497,
            0.4472469985485077
          ],
          [
            0.3746219575405121,
            -0.8668124675750732,
            0.3290814757347107,
            -0.6207094192504883
          ],
          [
            0.13135893642902374,
            -0.3017321825027466,
            -0.9443076848983765,
            1.1880606412887573
          ],
          [
            0.0,
            0.0,
            0.0,
            1.0
          ]
        ]
      },
      "bone_length_armature_space": 0.028514401486354722,
      "parent": "metacarpal_index_l",
      "has_children": true,
      "is_end_bone": false
    },
    "index_02_l": {
      "name": "index_02_l",
      "local": {
        "location": {
          "x": 0.0,
          "y": 0.0,
          "z": 0.0
        },
        "rotation_quaternion": {
          "w": 0.9997495412826538,
          "x": 0.01878836750984192,
          "y": 0.00485990708693862,
          "z": 0.011152921244502068
        },
        "scale": {
          "x": 1.0,
          "y": 1.0,
          "z": 1.0
        },
        "matrix_basis": [
          [
            0.9997040033340454,
            -0.02211763709783554,
            0.010136470198631287,
            0.0
          ],
          [
            0.022482875734567642,
            0.999045193195343,
            -0.03745891898870468,
            0.0
          ],
          [
            -0.009298289194703102,
            0.037675727158784866,
            0.9992467761039734,
            0.0
          ],
          [
            0.0,
            0.0,
            0.0,
            1.0
          ]
        ],
        "rotation_mode": "QUATERNION"
      },
      "armature_space": {
        "head": {
          "x": 0.45856666564941406,
          "y": -0.7086703181266785,
          "z": 0.22960244119167328
        },
        "tail": {
          "x": 0.46890494227409363,
          "y": -0.7308298945426941,
          "z": 0.22184592485427856
        }
      },
      "world_space": {
        "head": {
          "x": 0.45856666564941406,
          "y": -0.645426332950592,
          "z": 1.1794564723968506
        },
        "tail": {
          "x": 0.46890494227409363,
          "y": -0.6675859093666077,
          "z": 1.1717000007629395
        },
        "rotation_quaternion": {
          "w": 0.15824969112873077,
          "x": -0.9653226137161255,
          "y": -0.20748744904994965,
          "z": -0.007632039487361908
        },
        "matrix": [
          [
            0.9137815237045288,
            0.40300023555755615,
            -0.05093539506196976,
            0.45856666564941406
          ],
          [
            0.39816945791244507,
            -0.8638119697570801,
            0.30869054794311523,
            -0.645426332950592
          ],
          [
            0.0804046168923378,
            -0.3023596405982971,
            -0.9498043656349182,
            1.1794564723968506
          ],
          [
            0.0,
            0.0,
            0.0,
            1.0
          ]
        ]
      },
      "bone_length_armature_space": 0.025653271154760435,
      "parent": "index_01_l",
      "has_children": true,
      "is_end_bone": false
    },
    "index_03_l": {
      "name": "index_03_l",
      "local": {
        "location": {
          "x": 0.0,
          "y": 0.0,
          "z": 0.0
        },
        "rotation_quaternion": {
          "w": 0.9999719858169556,
          "x": 0.005807599518448114,
          "y": 0.004675338044762611,
          "z": -0.0007606918225064874
        },
        "scale": {
          "x": 1.0,
          "y": 1.0,
          "z": 1.0
        },
        "matrix_basis": [
          [
            0.9999551177024841,
            0.0015756459906697273,
            0.009341578930616379,
            0.0
          ],
          [
            -0.0014670360833406448,
            0.9999313950538635,
            -0.011621986515820026,
            0.0
          ],
          [
            -0.009359249845147133,
            0.011607760563492775,
            0.9998888373374939,
            0.0
          ],
          [
            0.0,
            0.0,
            0.0,
            1.0
          ]
        ],
        "rotation_mode": "QUATERNION"
      },
      "armature_space": {
        "head": {
          "x": 0.46890491247177124,
          "y": -0.7308299541473389,
          "z": 0.2218460589647293
        },
        "tail": {
          "x": 0.4829072952270508,
          "y": -0.7538542151451111,
          "z": 0.21055229008197784
        }
      },
      "world_space": {
        "head": {
          "x": 0.46890491247177124,
          "y": -0.6675859689712524,
          "z": 1.171700119972229
        },
        "tail": {
          "x": 0.4829072952270508,
          "y": -0.6906102299690247,
          "z": 1.1604063510894775
        },
        "rotation_quaternion": {
          "w": 0.2156175822019577,
          "x": -0.9445536136627197,
          "y": -0.24394595623016357,
          "z": -0.04263719171285629
        },
        "matrix": [
          [
            0.8773449063301086,
            0.47922682762145996,
            -0.024652672931551933,
            0.46890491247177124
          ],
          [
            0.4424540400505066,
            -0.7879987359046936,
            0.4281264543533325,
            -0.6675859689712524
          ],
          [
            0.18574506044387817,
            -0.3865257799625397,
            -0.9033886790275574,
            1.171700119972229
          ],
          [
            0.0,
            0.0,
            0.0,
            1.0
          ]
        ]
      },
      "bone_length_armature_space": 0.02921870203176809,
      "parent": "index_02_l",
      "has_children": false,
      "is_end_bone": true
    },
    "metacarpal_pinky_l": {
      "name": "metacarpal_pinky_l",
      "local": {
        "location": {
          "x": 0.0,
          "y": 0.0,
          "z": 0.0
        },
        "rotation_quaternion": {
          "w": 0.9996281266212463,
          "x": -0.022962091490626335,
          "y": 0.01466858945786953,
          "z": 0.0011216209968551993
        },
        "scale": {
          "x": 1.0,
          "y": 1.0,
          "z": 1.0
        },
        "matrix_basis": [
          [
            0.9995671510696411,
            -0.0029160508420318365,
            0.02927475981414318,
            0.0
          ],
          [
            0.001568764797411859,
            0.9989429712295532,
            0.045940011739730835,
            0.0
          ],
          [
            -0.029377778992056847,
            -0.04587420076131821,
            0.9985151290893555,
            0.0
          ],
          [
            0.0,
            0.0,
            0.0,
            1.0
          ]
        ],
        "rotation_mode": "QUATERNION"
      },
      "armature_space": {
        "head": {
          "x": 0.445242702960968,
          "y": -0.5926086902618408,
          "z": 0.3115648329257965
        },
        "tail": {
          "x": 0.5007596611976624,
          "y": -0.6742292046546936,
          "z": 0.27841076254844666
        }
      },
      "world_space": {
        "head": {
          "x": 0.445242702960968,
          "y": -0.5293647050857544,
          "z": 1.2614188194274902
        },
        "tail": {
          "x": 0.5007596611976624,
          "y": -0.6109852194786072,
          "z": 1.2282648086547852
        },
        "rotation_quaternion": {
          "w": 0.17751458287239075,
          "x": 0.42102983593940735,
          "y": 0.2767223119735718,
          "z": -0.8453681468963623
        },
        "matrix": [
          [
            -0.5824453830718994,
            0.5331467986106873,
            -0.6136056780815125,
            0.445242702960968
          ],
          [
            -0.067114919424057,
            -0.7838271856307983,
            -0.6173416376113892,
            -0.5293647050857544
          ],
          [
            -0.810100257396698,
            -0.3183887302875519,
            0.49232152104377747,
            1.2614188194274902
          ],
          [
            0.0,
            0.0,
            0.0,
            1.0
          ]
        ]
      },
      "bone_length_armature_space": 0.1041308471193497,
      "parent": "lowerarm_l",
      "has_children": true,
      "is_end_bone": false
    },
    "pinky_01_l": {
      "name": "pinky_01_l",
      "local": {
        "location": {
          "x": 0.0,
          "y": 0.0,
          "z": 0.0
        },
        "rotation_quaternion": {
          "w": 0.9515758156776428,
          "x": 0.306994765996933,
          "y": -0.01515684463083744,
          "z": -0.005288444459438324
        },
        "scale": {
          "x": 1.0,
          "y": 1.0,
          "z": 1.0
        },
        "matrix_basis": [
          [
            0.9994845986366272,
            0.000758567766752094,
            -0.03209282457828522,
            0.0
          ],
          [
            -0.019370855763554573,
            0.8114525079727173,
            -0.5840972661972046,
            0.0
          ],
          [
            0.02559872344136238,
            0.5844178795814514,
            0.8110489845275879,
            0.0
          ],
          [
            0.0,
            0.0,
            0.0,
            1.0
          ]
        ],
        "rotation_mode": "QUATERNION"
      },
      "armature_space": {
        "head": {
          "x": 0.5007596611976624,
          "y": -0.6742292046546936,
          "z": 0.27841076254844666
        },
