{
  "metadata": {
    "armature_name": "KIM_caucasian_male",
    "export_time": "2026-01-13T21:05:32.695843",
    "blender_version": "4.4.1",
    "bone_count": 56,
    "end_bone_count": 13,
    "spaces_included": [
      "LOCAL_CHANNELS",
      "ARMATURE_SPACE",
      "WORLD_SPACE"
    ],
    "note": "LOCAL matches Transform panel; replay pose via local.matrix_basis for best fidelity."
  },
  "bones": {
    "Root": {
      "name": "Root",
      "local": {
        "location": {
          "x": 0.0,
          "y": 0.0,
          "z": 0.0
        },
        "rotation_quaternion": {
          "w": 0.9997979402542114,
          "x": -0.01334603875875473,
          "y": 0.006175021640956402,
          "z": 0.013707859441637993
        },
        "scale": {
          "x": 1.0,
          "y": 1.0,
          "z": 1.0
        },
        "matrix_basis": [
          [
            0.9995478987693787,
            -0.02757500298321247,
            0.011981656774878502,
            0.0
          ],
          [
            0.027245355769991875,
            0.9992679357528687,
            0.02685597725212574,
            0.0
          ],
          [
            -0.012713438831269741,
            -0.026517391204833984,
            0.9995675086975098,
            0.0
          ],
          [
            0.0,
            0.0,
            0.0,
            1.0
          ]
        ],
        "rotation_mode": "QUATERNION"
      },
      "armature_space": {
        "head": {
          "x": 0.0,
          "y": 0.07072800397872925,
          "z": -0.009595036506652832
        },
        "tail": {
          "x": -0.0019681898411363363,
          "y": 0.00030621886253356934,
          "z": 0.00186851155012846
        }
      },
      "world_space": {
        "head": {
          "x": 0.0,
          "y": 0.13397200405597687,
          "z": 0.9402589797973633
        },
        "tail": {
          "x": -0.0019681898411363363,
          "y": 0.06355021893978119,
          "z": 0.9517225027084351
        },
        "rotation_quaternion": {
          "w": 0.08066976070404053,
          "x": 0.9966275095939636,
          "y": -0.013260720297694206,
          "z": 0.007084464654326439
        },
        "matrix": [
          [
            0.9995478987693787,
            -0.02757500298321247,
            0.011981656774878502,
            0.0
          ],
          [
            -0.025288989767432213,
            -0.9866330027580261,
            -0.16098375618457794,
            0.13397200405597687
          ],
          [
            0.016260715201497078,
            0.160608172416687,
            -0.9868913888931274,
            0.9402589797973633
          ],
          [
            0.0,
            0.0,
            0.0,
            1.0
          ]
        ]
      },
      "bone_length_armature_space": 0.07137586908223006,
      "parent": null,
      "has_children": true,
      "is_end_bone": false
    },
    "spine_01": {
      "name": "spine_01",
      "local": {
        "location": {
          "x": 0.0,
          "y": 0.0,
          "z": 0.0
        },
        "rotation_quaternion": {
          "w": 0.9973028898239136,
          "x": 0.06759093701839447,
          "y": 0.02039163187146187,
          "z": 0.020065080374479294
        },
        "scale": {
          "x": 1.0,
          "y": 1.0,
          "z": 1.0
        },
        "matrix_basis": [
          [
            0.9983631372451782,
            -0.037265345454216,
            0.04338570311665535,
            0.0
          ],
          [
            0.04277850314974785,
            0.9900577068328857,
            -0.13399896025657654,
            0.0
          ],
          [
            -0.037960831075906754,
            0.1356355994939804,
            0.9900313019752502,
            0.0
          ],
          [
            0.0,
            0.0,
            0.0,
            1.0
          ]
        ],
        "rotation_mode": "QUATERNION"
      },
      "armature_space": {
        "head": {
          "x": -0.0019681898411363363,
          "y": 0.00030621886253356934,
          "z": 0.00186851155012846
        },
        "tail": {
          "x": -0.028832342475652695,
          "y": -0.029679978266358376,
          "z": 0.48820960521698
        }
      },
      "world_space": {
        "head": {
          "x": -0.0019681898411363363,
          "y": 0.06355021893978119,
          "z": 0.9517225027084351
        },
        "tail": {
          "x": -0.028832342475652695,
          "y": 0.03356402367353439,
          "z": 1.438063621520996
        },
        "rotation_quaternion": {
          "w": 0.6849045157432556,
          "x": 0.7280494570732117,
          "y": -0.013496235013008118,
          "z": 0.02584119141101837
        },
        "matrix": [
          [
            0.9983001351356506,
            -0.0550493560731411,
            0.019139666110277176,
            -0.0019681898411363363
          ],
          [
            0.01574527472257614,
            -0.06144697219133377,
            -0.9979861974716187,
            0.06355021893978119
          ],
          [
            0.05611497536301613,
            0.9965980648994446,
            -0.06047707796096802,
            0.9517225027084351
          ],
          [
            0.0,
            0.0,
            0.0,
            1.0
          ]
        ]
      },
      "bone_length_armature_space": 0.4880046170530906,
      "parent": "Root",
      "has_children": true,
      "is_end_bone": false
    },
    "neck_01": {
      "name": "neck_01",
      "local": {
        "location": {
          "x": 0.0,
          "y": 0.0,
          "z": 0.0
        },
        "rotation_quaternion": {
          "w": 0.9889733791351318,
          "x": -0.13369356095790863,
          "y": -0.06010802462697029,
          "z": -0.021092651411890984
        },
        "scale": {
          "x": 1.0,
          "y": 1.0,
          "z": 1.0
        },
        "matrix_basis": [
          [
            0.9918842315673828,
            0.05779225379228592,
            -0.11325056850910187,
            0.0
          ],
          [
            -0.025648029521107674,
            0.9633622765541077,
            0.26697441935539246,
            0.0
          ],
          [
            0.1245303750038147,
            -0.2619030773639679,
            0.9570261240005493,
            0.0
          ],
          [
            0.0,
            0.0,
            0.0,
            1.0
          ]
        ],
        "rotation_mode": "QUATERNION"
      },
      "armature_space": {
        "head": {
          "x": -0.0321992002427578,
          "y": -0.06878963112831116,
          "z": 0.5590815544128418
        },
        "tail": {
          "x": -0.03158532455563545,
          "y": -0.08760342001914978,
          "z": 0.6598606705665588
        }
      },
      "world_space": {
        "head": {
          "x": -0.0321992002427578,
          "y": -0.005545631051063538,
          "z": 1.508935570716858
        },
        "tail": {
          "x": -0.03158532455563545,
          "y": -0.02435941994190216,
          "z": 1.6097147464752197
        },
        "rotation_quaternion": {
          "w": 0.6383985877037048,
          "x": 0.7683976888656616,
          "y": -0.026297299191355705,
          "z": -0.03634200617671013
        },
        "matrix": [
          [
            0.9959753751754761,
            0.0059877801686525345,
            -0.0894264429807663,
            -0.0321992002427578
          ],
          [
            -0.08681486546993256,
            -0.1835109144449234,
            -0.9791768789291382,
            -0.005545631051063538
          ],
          [
            -0.022274062037467957,
            0.9830061197280884,
            -0.18225477635860443,
            1.508935570716858
          ],
          [
            0.0,
            0.0,
            0.0,
            1.0
          ]
        ]
      },
      "bone_length_armature_space": 0.10252202596927984,
      "parent": "spine_01",
      "has_children": true,
      "is_end_bone": false
    },
    "head": {
      "name": "head",
      "local": {
        "location": {
          "x": 0.0,
          "y": 0.0,
          "z": 0.0
        },
        "rotation_quaternion": {
          "w": 0.9621915817260742,
          "x": -0.16828155517578125,
          "y": -0.06871595978736877,
          "z": 0.2028469443321228
        },
        "scale": {
          "x": 1.0,
          "y": 1.0,
          "z": 1.0
        },
        "matrix_basis": [
          [
            0.9082624912261963,
            -0.3672280013561249,
            -0.20050662755966187,
            0.0
          ],
          [
            0.4134824872016907,
            0.861068844795227,
            0.29596054553985596,
            0.0
          ],
          [
            0.06396503746509552,
            -0.3517158329486847,
            0.9339188933372498,
            0.0
          ],
          [
            0.0,
            0.0,
            0.0,
            1.0
          ]
        ],
        "rotation_mode": "QUATERNION"
      },
      "armature_space": {
        "head": {
          "x": -0.031585339456796646,
          "y": -0.08760355412960052,
          "z": 0.6598606109619141
        },
        "tail": {
          "x": -0.07872413098812103,
          "y": -0.004665069282054901,
          "z": 0.7821404337882996
        }
      },
      "world_space": {
        "head": {
          "x": -0.031585339456796646,
          "y": -0.024359554052352905,
          "z": 1.6097146272659302
        },
        "tail": {
          "x": -0.07872413098812103,
          "y": 0.05857893079519272,
          "z": 1.731994390487671
        },
        "rotation_quaternion": {
          "w": 0.8540237545967102,
          "x": 0.47734561562538147,
          "y": -0.19501496851444244,
          "z": 0.06894727051258087
        },
        "matrix": [
          [
            0.9144311547279358,
            -0.30394431948661804,
            -0.2672702670097351,
            -0.031585339456796646
          ],
          [
            -0.0684124007821083,
            0.5347757339477539,
            -0.8422203660011292,
            -0.024359554052352905
          ],
          [
            0.3989204168319702,
            0.7884431481361389,
            0.468224436044693,
            1.6097146272659302
          ],
          [
            0.0,
            0.0,
            0.0,
            1.0
          ]
        ]
      },
      "bone_length_armature_space": 0.15509098282534486,
      "parent": "neck_01",
      "has_children": false,
      "is_end_bone": true
    },
    "upperarm_l": {
      "name": "upperarm_l",
      "local": {
        "location": {
          "x": 0.0,
          "y": 0.0,
          "z": 0.0
        },
        "rotation_quaternion": {
          "w": 0.8158167600631714,
          "x": 0.13462653756141663,
          "y": 0.46313998103141785,
          "z": 0.31909263134002686
        },
        "scale": {
          "x": 1.0,
          "y": 1.0,
          "z": 1.0
        },
        "matrix_basis": [
          [
            0.36736249923706055,
            -0.395940363407135,
            0.8415914177894592,
            0.0
          ],
          [
            0.645344078540802,
            0.7601111531257629,
            0.07590793818235397,
            0.0
          ],
          [
            -0.6697580218315125,
            0.5152302980422974,
            0.5347540974617004,
            0.0
          ],
          [
            0.0,
            0.0,
            0.0,
            1.0
          ]
        ],
        "rotation_mode": "QUATERNION"
      },
      "armature_space": {
        "head": {
          "x": 0.12130661308765411,
          "y": -0.06548083573579788,
          "z": 0.5003268718719482
        },
        "tail": {
          "x": 0.3293181359767914,
          "y": -0.20040404796600342,
          "z": 0.6019864082336426
        }
      },
      "world_space": {
        "head": {
          "x": 0.12130661308765411,
          "y": -0.0022368356585502625,
          "z": 1.4501808881759644
        },
        "tail": {
          "x": 0.3293181359767914,
          "y": -0.1371600478887558,
          "z": 1.5518404245376587
        },
        "rotation_quaternion": {
          "w": 0.24124930799007416,
          "x": 0.8659145832061768,
          "y": 0.43594416975975037,
          "z": -0.04408319294452667
        },
        "matrix": [
          [
            0.6160182952880859,
            0.776250958442688,
            0.1339992880821228,
            0.12130661308765411
          ],
          [
            0.7337114810943604,
            -0.5035023093223572,
            -0.45623815059661865,
            -0.0022368356585502625
          ],
          [
            -0.2866877019405365,
            0.3793700039386749,
            -0.8797174096107483,
            1.4501808881759644
          ],
          [
            0.0,
            0.0,
            0.0,
            1.0
          ]
        ]
      },
      "bone_length_armature_space": 0.26796964208715773,
      "parent": "spine_01",
      "has_children": true,
      "is_end_bone": false
    },
    "lowerarm_l": {
      "name": "lowerarm_l",
      "local": {
        "location": {
          "x": 0.0,
          "y": 0.0,
          "z": 0.0
        },
        "rotation_quaternion": {
          "w": 0.9054003953933716,
          "x": 0.40841832756996155,
          "y": -0.10902690887451172,
          "z": 0.03947005420923233
        },
        "scale": {
          "x": 1.0,
          "y": 1.0,
          "z": 1.0
        },
        "matrix_basis": [
          [
            0.9731104969978333,
            -0.16052958369255066,
            -0.16518542170524597,
            0.0
          ],
          [
            -0.017584770917892456,
            0.6632731556892395,
            -0.7481708526611328,
            0.0
          ],
          [
            0.229666605591774,
            0.7309576272964478,
            0.6426151990890503,
            0.0
          ],
          [
            0.0,
            0.0,
            0.0,
            1.0
          ]
        ],
        "rotation_mode": "QUATERNION"
      },
      "armature_space": {
        "head": {
          "x": 0.3293181359767914,
          "y": -0.20040421187877655,
          "z": 0.6019864678382874
        },
        "tail": {
          "x": 0.42244651913642883,
          "y": -0.4296693801879883,
          "z": 0.5003294348716736
        }
      },
      "world_space": {
        "head": {
          "x": 0.3293181359767914,
          "y": -0.13716021180152893,
          "z": 1.5518405437469482
        },
        "tail": {
          "x": 0.42244651913642883,
          "y": -0.36642539501190186,
          "z": 1.450183391571045
        },
        "rotation_quaternion": {
          "w": 0.11597499996423721,
          "x": -0.8946475386619568,
          "y": -0.24094828963279724,
          "z": 0.35791006684303284
        },
        "matrix": [
          [
            0.6276881694793701,
            0.348111629486084,
            -0.6962943077087402,
            0.3293181359767914
          ],
          [
            0.5141450762748718,
            -0.8569875955581665,
            0.03503602743148804,
            -0.13716021180152893
          ],
          [
            -0.5845227837562561,
            -0.3799915909767151,
            -0.7169057726860046,
            1.5518405437469482
          ],
          [
            0.0,
            0.0,
            0.0,
            1.0
          ]
        ]
      },
      "bone_length_armature_space": 0.26752488622982484,
      "parent": "upperarm_l",
      "has_children": true,
      "is_end_bone": false
    },
    "metacarpal_thumb_l": {
      "name": "metacarpal_thumb_l",
      "local": {
        "location": {
          "x": 0.0,
          "y": 0.0,
          "z": 0.0
        },
        "rotation_quaternion": {
          "w": 0.9992568492889404,
          "x": -0.034748490899801254,
          "y": -0.0031152800656855106,
          "z": 0.016393424943089485
        },
        "scale": {
          "x": 1.0,
          "y": 1.0,
          "z": 1.0
        },
        "matrix_basis": [
          [
            0.9994431138038635,
            -0.03254598006606102,
            -0.007365223485976458,
            0.0
          ],
          [
            0.03297898545861244,
            0.9970476031303406,
            0.0693431943655014,
            0.0
          ],
          [
            0.005086636170744896,
            -0.06954747438430786,
            0.9975656867027283,
            0.0
          ],
          [
            0.0,
            0.0,
            0.0,
            1.0
          ]
        ],
        "rotation_mode": "QUATERNION"
      },
      "armature_space": {
        "head": {
          "x": 0.42244651913642883,
          "y": -0.4296693801879883,
          "z": 0.5003294348716736
        },
        "tail": {
          "x": 0.4181051254272461,
          "y": -0.45886051654815674,
          "z": 0.4605470299720764
        }
      },
      "world_space": {
        "head": {
          "x": 0.42244651913642883,
          "y": -0.36642539501190186,
          "z": 1.450183391571045
        },
        "tail": {
          "x": 0.4181051254272461,
          "y": -0.3956165313720703,
          "z": 1.4104011058807373
        },
        "rotation_quaternion": {
          "w": 0.41811713576316833,
          "x": -0.8549560308456421,
          "y": 0.17469678819179535,
          "z": -0.25240716338157654
        },
        "matrix": [
          [
            0.811543345451355,
            -0.0876452773809433,
            0.577681303024292,
            0.42244651913642883
          ],
          [
            -0.5097877383232117,
            -0.5893188118934631,
            0.6267536282539368,
            -0.36642539501190186
          ],
          [
            0.2855079770088196,
            -0.8031386137008667,
            -0.5229414105415344,
            1.450183391571045
          ],
          [
            0.0,
            0.0,
            0.0,
            1.0
          ]
        ]
      },
      "bone_length_armature_space": 0.049533926692360404,
      "parent": "lowerarm_l",
      "has_children": true,
      "is_end_bone": false
    },
    "thumb_01_l": {
      "name": "thumb_01_l",
      "local": {
        "location": {
          "x": 0.0,
          "y": 0.0,
          "z": 0.0
        },
        "rotation_quaternion": {
          "w": 0.9798501133918762,
          "x": 0.19877606630325317,
          "y": 0.007985754869878292,
          "z": 0.01783396489918232
        },
        "scale": {
          "x": 1.0,
          "y": 1.0,
          "z": 1.0
        },
        "matrix_basis": [
          [
            0.9992363452911377,
            -0.03177447244524956,
            0.02273961715400219,
            0.0
          ],
          [
            0.03812398016452789,
            0.9203400611877441,
            -0.38925665616989136,
            0.0
          ],
          [
            -0.0085597550496459,
            0.38982632756233215,
            0.9208486080169678,
            0.0
          ],
          [
            0.0,
            0.0,
            0.0,
            1.0
          ]
        ],
        "rotation_mode": "QUATERNION"
      },
      "armature_space": {
        "head": {
          "x": 0.4181051254272461,
          "y": -0.45886051654815674,
          "z": 0.4605470299720764
        },
        "tail": {
          "x": 0.43838486075401306,
          "y": -0.46027350425720215,
          "z": 0.43324553966522217
        }
      },
      "world_space": {
        "head": {
          "x": 0.4181051254272461,
          "y": -0.3956165313720703,
          "z": 1.4104011058807373
        },
        "tail": {
          "x": 0.43838486075401306,
          "y": -0.3970295190811157,
          "z": 1.3830995559692383
        },
        "rotation_quaternion": {
          "w": 0.5076232552528381,
          "x": -0.1321973353624344,
          "y": 0.47070395946502686,
          "z": -0.7094225287437439
        },
        "matrix": [
          [
            -0.4496820569038391,
            0.595786988735199,
            0.6654501557350159,
            0.4181051254272461
          ],
          [
            -0.8446922898292542,
            -0.04151162505149841,
            -0.5336402058601379,
            -0.3956165313720703
          ],
          [
            -0.29031461477279663,
            -0.8020748496055603,
            0.5219268798828125,
            1.4104011058807373
          ],
          [
            0.0,
            0.0,
            0.0,
            1.0
          ]
        ]
      },
      "bone_length_armature_space": 0.03403873646550744,
      "parent": "metacarpal_thumb_l",
      "has_children": true,
      "is_end_bone": false
    },
    "thumb_02_l": {
      "name": "thumb_02_l",
      "local": {
        "location": {
          "x": 0.0,
          "y": 0.0,
          "z": 0.0
        },
        "rotation_quaternion": {
          "w": 0.9324824810028076,
          "x": 0.3611815273761749,
          "y": -0.003648864571005106,
          "z": 0.0033318731002509594
        },
        "scale": {
          "x": 1.0,
          "y": 1.0,
          "z": 1.0
        },
        "matrix_basis": [
          [
            0.999951183795929,
            -0.008849631994962692,
            -0.00439818250015378,
            0.0
          ],
          [
            0.0035780216567218304,
            0.739073634147644,
            -0.6736152172088623,
            0.0
          ],
          [
            0.00921182706952095,
            0.6735665798187256,
            0.7390691637992859,
            0.0
          ],
          [
            0.0,
            0.0,
            0.0,
            1.0
          ]
        ],
        "rotation_mode": "QUATERNION"
      },
      "armature_space": {
        "head": {
          "x": 0.4383848309516907,
          "y": -0.4602734446525574,
          "z": 0.43324553966522217
        },
        "tail": {
          "x": 0.4410816729068756,
          "y": -0.4974387586116791,
          "z": 0.44823384284973145
        }
      },
      "world_space": {
        "head": {
          "x": 0.4383848309516907,
          "y": -0.39702945947647095,
          "z": 1.3830995559692383
        },
        "tail": {
          "x": 0.4410816729068756,
          "y": -0.43419474363327026,
          "z": 1.3980878591537476
        },
        "rotation_quaternion": {
          "w": 0.08508142828941345,
          "x": 0.26920270919799805,
          "y": -0.1734834760427475,
          "z": -0.9435012340545654
        },
        "matrix": [
          [
            -0.8405821323394775,
            0.06714478135108948,
            -0.5375064611434937,
            0.4383848309516907
          ],
          [
            -0.2539534270763397,
            -0.9253293871879578,
            0.28155517578125,
            -0.39702945947647095
          ],
          [
            -0.4784691631793976,
            0.37317389249801636,
            0.7948728799819946,
            1.3830995559692383
          ],
          [
            0.0,
            0.0,
            0.0,
            1.0
          ]
        ]
      },
      "bone_length_armature_space": 0.04016444658193848,
      "parent": "thumb_01_l",
      "has_children": true,
      "is_end_bone": false
    },
    "thumb_03_l": {
      "name": "thumb_03_l",
      "local": {
        "location": {
          "x": 0.0,
          "y": 0.0,
          "z": 0.0
        },
        "rotation_quaternion": {
          "w": 0.9827937483787537,
          "x": 0.18465329706668854,
          "y": 0.0043120719492435455,
          "z": 0.0011038723168894649
        },
        "scale": {
          "x": 1.0,
          "y": 1.0,
          "z": 1.0
        },
        "matrix_basis": [
          [
            0.9999603629112244,
            -0.0005772809963673353,
            0.008883422240614891,
            0.0
          ],
          [
            0.0037622342351824045,
            0.9318038821220398,
            -0.3629426956176758,
            0.0
          ],
          [
            -0.008068087510764599,
            0.3629617393016815,
            0.9317691326141357,
            0.0
          ],
          [
            0.0,
            0.0,
            0.0,
            1.0
          ]
        ],
        "rotation_mode": "QUATERNION"
      },
      "armature_space": {
        "head": {
          "x": 0.4410816431045532,
          "y": -0.4974387586116791,
          "z": 0.4482337534427643
        },
        "tail": {
          "x": 0.43352723121643066,
          "y": -0.5153342485427856,
          "z": 0.47167688608169556
        }
      },
      "world_space": {
        "head": {
          "x": 0.4410816431045532,
          "y": -0.43419474363327026,
          "z": 1.398087739944458
        },
        "tail": {
          "x": 0.43352723121643066,
          "y": -0.4520902633666992,
          "z": 1.4215309619903564
        },
        "rotation_quaternion": {
          "w": 0.10256223380565643,
          "x": 0.45781370997428894,
          "y": -0.44224613904953003,
          "z": -0.7643991112709045
        },
        "matrix": [
          [
            -0.5597766637802124,
            -0.24813392758369446,
            -0.7906197905540466,
            0.4410816431045532
          ],
          [
            -0.561728835105896,
            -0.5877997279167175,
            0.5821962356567383,
            -0.43419474363327026
          ],
          [
            -0.6091934442520142,
            0.7700188159942627,
            0.1896543651819229,
            1.398087739944458
          ],
          [
            0.0,
            0.0,
            0.0,
            1.0
          ]
        ]
      },
      "bone_length_armature_space": 0.030445002864107427,
      "parent": "thumb_02_l",
      "has_children": false,
      "is_end_bone": true
    },
    "metacarpal_index_l": {
      "name": "metacarpal_index_l",
      "local": {
        "location": {
          "x": 0.0,
          "y": 0.0,
          "z": 0.0
        },
        "rotation_quaternion": {
          "w": 0.9979604482650757,
          "x": -0.06168150156736374,
          "y": -0.005991841200739145,
          "z": 0.015315541997551918
        },
        "scale": {
          "x": 1.0,
          "y": 1.0,
          "z": 1.0
        },
        "matrix_basis": [
          [
            0.9994590878486633,
            -0.029829438775777817,
            -0.01384861208498478,
            0.0
          ],
          [
            0.03130778297781944,
            0.9919216632843018,
            0.12292785942554474,
            0.0
          ],
          [
            0.010069869458675385,
            -0.12329493463039398,
            0.9923189878463745,
            0.0
          ],
          [
            0.0,
            0.0,
            0.0,
            1.0
          ]
        ],
        "rotation_mode": "QUATERNION"
      },
      "armature_space": {
        "head": {
          "x": 0.42244651913642883,
          "y": -0.4296693801879883,
          "z": 0.5003294348716736
        },
        "tail": {
          "x": 0.4356832504272461,
          "y": -0.5294123888015747,
          "z": 0.44028446078300476
        }
      },
      "world_space": {
        "head": {
          "x": 0.42244651913642883,
          "y": -0.36642539501190186,
          "z": 1.450183391571045
        },
        "tail": {
          "x": 0.4356832504272461,
          "y": -0.4661684036254883,
          "z": 1.3901385068893433
        },
        "rotation_quaternion": {
          "w": 0.26869356632232666,
          "x": -0.9611184597015381,
          "y": -0.046652019023895264,
          "z": -0.043343979865312576
        },
        "matrix": [
          [
            0.9918897747993469,
            0.11296874284744263,
            0.05824699625372887,
            0.42244651913642883
          ],
          [
            0.06638400256633759,
            -0.8512551188468933,
            0.520536482334137,
            -0.36642539501190186
          ],
          [
            0.10838807374238968,
            -0.5124526619911194,
            -0.8518560528755188,
            1.450183391571045
          ],
          [
            0.0,
            0.0,
            0.0,
            1.0
          ]
        ]
      },
      "bone_length_armature_space": 0.11717200151913996,
      "parent": "lowerarm_l",
      "has_children": true,
      "is_end_bone": false
    },
    "index_01_l": {
      "name": "index_01_l",
      "local": {
        "location": {
          "x": 0.0,
          "y": 0.0,
          "z": 0.0
        },
        "rotation_quaternion": {
          "w": 0.9760024547576904,
          "x": 0.21728883683681488,
          "y": 0.0024299260694533587,
          "z": 0.014109897427260876
        },
        "scale": {
          "x": 1.0,
          "y": 1.0,
          "z": 1.0
        },
        "matrix_basis": [
          [
            0.9995900392532349,
            -0.026486597955226898,
            0.010875074192881584,
            0.0
          ],
          [
            0.02859858050942421,
            0.9051729440689087,
            -0.4240803122520447,
            0.0
          ],
          [
            0.0013886188389733434,
            0.42421746253967285,
            0.9055593013763428,
            0.0
          ],
          [
            0.0,
            0.0,
            0.0,
            1.0
          ]
        ],
        "rotation_mode": "QUATERNION"
      },
      "armature_space": {
        "head": {
          "x": 0.4356832504272461,
          "y": -0.5294123888015747,
          "z": 0.44028446078300476
        },
        "tail": {
          "x": 0.44786709547042847,
          "y": -0.5462620854377747,
          "z": 0.4207724928855896
        }
      },
      "world_space": {
        "head": {
          "x": 0.4356832504272461,
          "y": -0.4661684036254883,
          "z": 1.3901385068893433
        },
        "tail": {
          "x": 0.44786709547042847,
          "y": -0.48301810026168823,
          "z": 1.370626449584961
        },
        "rotation_quaternion": {
          "w": 0.39911898970603943,
          "x": -0.8897914290428162,
          "y": -0.2127070426940918,
          "z": -0.06108187511563301
        },
        "matrix": [
          [
            0.9020492434501648,
            0.4272879660129547,
            -0.06109187752008438,
            0.4356832504272461
          ],
          [
            0.3297734260559082,
            -0.5909197330474854,
            0.7362496852874756,
            -0.4661684036254883
          ],
          [
            0.27849239110946655,
            -0.6842855215072632,
            -0.6739509105682373,
            1.3901385068893433
          ],
          [
            0.0,
            0.0,
            0.0,
            1.0
          ]
        ]
      },
      "bone_length_armature_space": 0.0285144747194245,
      "parent": "metacarpal_index_l",
      "has_children": true,
      "is_end_bone": false
    },
    "index_02_l": {
      "name": "index_02_l",
      "local": {
        "location": {
          "x": 0.0,
          "y": 0.0,
          "z": 0.0
        },
        "rotation_quaternion": {
          "w": 0.908997118473053,
          "x": 0.41675084829330444,
          "y": 0.00226173410192132,
          "z": -0.006151134613901377
        },
        "scale": {
          "x": 1.0,
          "y": 1.0,
          "z": 1.0
        },
        "matrix_basis": [
          [
            0.9999141097068787,
            0.013067886233329773,
            -0.0010151616297662258,
            0.0
          ],
          [
            -0.00929756835103035,
            0.6525617837905884,
            -0.7576784491539001,
            0.0
          ],
          [
            -0.009238800965249538,
            0.7576228380203247,
            0.6526272296905518,
            0.0
          ],
          [
            0.0,
            0.0,
            0.0,
            1.0
          ]
        ],
        "rotation_mode": "QUATERNION"
      },
      "armature_space": {
        "head": {
          "x": 0.4478670060634613,
          "y": -0.5462621450424194,
          "z": 0.4207719564437866
        },
        "tail": {
          "x": 0.45379534363746643,
          "y": -0.5428311824798584,
          "z": 0.3960498571395874
        }
      },
      "world_space": {
        "head": {
          "x": 0.4478670060634613,
          "y": -0.483018159866333,
          "z": 1.3706259727478027
        },
        "tail": {
          "x": 0.45379534363746643,
          "y": -0.479587197303772,
          "z": 1.3459038734436035
        },
        "rotation_quaternion": {
          "w": 0.7142284512519836,
          "x": -0.6556602716445923,
          "y": -0.23822058737277985,
          "z": 0.05690644308924675
        },
        "matrix": [
          [
            0.8800259232521057,
            0.23109495639801025,
            -0.4149089455604553,
            0.4478670060634613
          ],
          [
            0.39367052912712097,
            0.1337427794933319,
            0.9094704389572144,
            -0.483018159866333
          ],
          [
            0.26566722989082336,
            -0.9637019038200378,
            0.02672293782234192,
            1.3706259727478027
          ],
          [
            0.0,
            0.0,
            0.0,
            1.0
          ]
        ]
      },
      "bone_length_armature_space": 0.02565343789137878,
      "parent": "index_01_l",
      "has_children": true,
      "is_end_bone": false
    },
    "index_03_l": {
      "name": "index_03_l",
      "local": {
        "location": {
          "x": 0.0,
          "y": 0.0,
          "z": 0.0
        },
        "rotation_quaternion": {
          "w": 0.9718783497810364,
          "x": 0.2354220449924469,
          "y": 0.005351400934159756,
          "z": -0.0006157195311971009
        },
        "scale": {
          "x": 1.0,
          "y": 1.0,
          "z": 1.0
        },
        "matrix_basis": [
          [
            0.9999419450759888,
            0.003716484410688281,
            0.010111913084983826,
            0.0
          ],
          [
            0.001322866533882916,
            0.8891521692276001,
            -0.45760977268218994,
            0.0
          ],
          [
            -0.010691729374229908,
            0.4575966000556946,
            0.889095664024353,
            0.0
          ],
          [
            0.0,
            0.0,
            0.0,
            1.0
          ]
        ],
        "rotation_mode": "QUATERNION"
      },
      "armature_space": {
        "head": {
          "x": 0.4537953734397888,
          "y": -0.5428313612937927,
          "z": 0.3960498571395874
        },
        "tail": {
          "x": 0.4559602737426758,
          "y": -0.5240795612335205,
          "z": 0.37374693155288696
        }
      },
      "world_space": {
        "head": {
          "x": 0.4537953734397888,
          "y": -0.4795873761177063,
          "z": 1.3459038734436035
        },
        "tail": {
          "x": 0.4559602737426758,
          "y": -0.4608355760574341,
          "z": 1.3236010074615479
        },
        "rotation_quaternion": {
          "w": 0.8776763081550598,
          "x": -0.4182039797306061,
          "y": -0.22488214075565338,
          "z": 0.06494425237178802
        },
        "matrix": [
          [
            0.8904207944869995,
            0.07409295439720154,
            -0.44906681776046753,
            0.4537953734397888
          ],
          [
            0.3020930886268616,
            0.6417753100395203,
            0.7048859000205994,
            -0.4795873761177063
          ],
          [
            0.3404296934604645,
            -0.7633100748062134,
            0.5490718483924866,
            1.3459038734436035
          ],
          [
            0.0,
            0.0,
            0.0,
            1.0
          ]
        ]
      },
      "bone_length_armature_space": 0.029218783211242955,
      "parent": "index_02_l",
      "has_children": false,
      "is_end_bone": true
    },
    "metacarpal_pinky_l": {
      "name": "metacarpal_pinky_l",
      "local": {
        "location": {
          "x": 0.0,
          "y": 0.0,
          "z": 0.0
        },
        "rotation_quaternion": {
          "w": 0.9984127283096313,
          "x": -0.05505392700433731,
          "y": -0.006834703963249922,
          "z": 0.009720283560454845
        },
        "scale": {
          "x": 1.0,
          "y": 1.0,
          "z": 1.0
        },
        "matrix_basis": [
          [
            0.9997175931930542,
            -0.018657155334949493,
            -0.014717990532517433,
            0.0
          ],
          [
            0.02016226388514042,
            0.9937491416931152,
            0.10980021208524704,
            0.0
          ],
          [
            0.01257743127644062,
            -0.11006595194339752,
            0.9938446879386902,
            0.0
          ],
          [
            0.0,
            0.0,
            0.0,
            1.0
          ]
        ],
        "rotation_mode": "QUATERNION"
      },
      "armature_space": {
        "head": {
          "x": 0.42244651913642883,
          "y": -0.4296693801879883,
          "z": 0.5003294348716736
        },
        "tail": {
          "x": 0.48832646012306213,
          "y": -0.5084009170532227,
          "z": 0.4828822612762451
        }
      },
      "world_space": {
        "head": {
          "x": 0.42244651913642883,
          "y": -0.36642539501190186,
          "z": 1.450183391571045
        },
        "tail": {
          "x": 0.48832646012306213,
          "y": -0.44515693187713623,
          "z": 1.4327362775802612
        },
        "rotation_quaternion": {
          "w": 0.23418188095092773,
          "x": 0.5111072659492493,
          "y": 0.2590702474117279,
          "z": -0.7853729724884033
        },
        "matrix": [
          [
            -0.367856502532959,
            0.6326655149459839,
            -0.6814806461334229,
            0.42244651913642883
          ],
          [
            -0.10301615297794342,
            -0.7560833692550659,
            -0.6463173627853394,
            -0.36642539501190186
          ],
          [
            -0.9241653680801392,
            -0.16755051910877228,
            0.3433067202568054,
            1.450183391571045
          ],
          [
            0.0,
            0.0,
            0.0,
            1.0
          ]
        ]
      },
      "bone_length_armature_space": 0.10413080924805744,
      "parent": "lowerarm_l",
      "has_children": true,
      "is_end_bone": false
    },
    "pinky_01_l": {
      "name": "pinky_01_l",
      "local": {
        "location": {
          "x": 0.0,
          "y": 0.0,
          "z": 0.0
        },
        "rotation_quaternion": {
          "w": 0.9456313252449036,
          "x": 0.32495611906051636,
          "y": -0.00106152705848217,
          "z": 0.013556007295846939
        },
        "scale": {
          "x": 1.0,
          "y": 1.0,
          "z": 1.0
        },
        "matrix_basis": [
          [
            0.9996302127838135,
            -0.026327868923544884,
            0.006802588701248169,
            0.0
          ],
          [
            0.02494807168841362,
            0.7884395122528076,
            -0.6146061420440674,
            0.0
          ],
          [
            0.01081784162670374,
            0.6145485639572144,
            0.7888047695159912,
            0.0
          ],
          [
            0.0,
            0.0,
            0.0,
            1.0
          ]
        ],
        "rotation_mode": "QUATERNION"
      },
      "armature_space": {
        "head": {
          "x": 0.48832646012306213,
          "y": -0.5084009170532227,
          "z": 0.4828822612762451
        },
        "tail": {
