{
  "metadata": {
    "armature_name": "KIM_caucasian_male",
    "export_time": "2026-01-13T20:25:43.532524",
    "blender_version": "4.4.1",
    "bone_count": 56,
    "end_bone_count": 13,
    "spaces_included": [
      "LOCAL_CHANNELS",
      "ARMATURE_SPACE",
      "WORLD_SPACE"
    ],
    "note": "LOCAL matches Transform panel; replay pose via local.matrix_basis for best fidelity."
  },
  "bones": {
    "Root": {
      "name": "Root",
      "local": {
        "location": {
          "x": 0.0,
          "y": 0.0,
          "z": 0.0
        },
        "rotation_quaternion": {
          "w": 0.999882698059082,
          "x": 0.004896398168057203,
          "y": -0.014223068952560425,
          "z": 0.0028870904352515936
        },
        "scale": {
          "x": 1.0,
          "y": 1.0,
          "z": 1.0
        },
        "matrix_basis": [
          [
            0.9995787143707275,
            -0.005912787280976772,
            -0.0284145288169384,
            0.0
          ],
          [
            0.005634219851344824,
            0.9999353885650635,
            -0.009873773902654648,
            0.0
          ],
          [
            0.028471073135733604,
            0.009709521196782589,
            0.9995474815368652,
            0.0
          ],
          [
            0.0,
            0.0,
            0.0,
            1.0
          ]
        ],
        "rotation_mode": "QUATERNION"
      },
      "armature_space": {
        "head": {
          "x": 0.0,
          "y": 0.07072800397872925,
          "z": -0.009595036506652832
        },
        "tail": {
          "x": -0.00042203033808618784,
          "y": -8.858740329742432e-05,
          "z": -0.0006873598322272301
        }
      },
      "world_space": {
        "head": {
          "x": 0.0,
          "y": 0.13397200405597687,
          "z": 0.9402589797973633
        },
        "tail": {
          "x": -0.00042203033808618784,
          "y": 0.0631554126739502,
          "z": 0.9491666555404663
        },
        "rotation_quaternion": {
          "w": 0.062474485486745834,
          "x": 0.9979410171508789,
          "y": -0.003838710021227598,
          "z": -0.013996260240674019
        },
        "matrix": [
          [
            0.9995787143707275,
            -0.005912787280976772,
            -0.0284145288169384,
            0.0
          ],
          [
            -0.009410437196493149,
            -0.9921643733978271,
            -0.12458471953868866,
            0.13397200405597687
          ],
          [
            -0.027455437928438187,
            0.12479954957962036,
            -0.9918091297149658,
            0.9402589797973633
          ],
          [
            0.0,
            0.0,
            0.0,
            1.0
          ]
        ]
      },
      "bone_length_armature_space": 0.07137586664257205,
      "parent": null,
      "has_children": true,
      "is_end_bone": false
    },
    "spine_01": {
      "name": "spine_01",
      "local": {
        "location": {
          "x": 0.0,
          "y": 0.0,
          "z": 0.0
        },
        "rotation_quaternion": {
          "w": 0.9984222650527954,
          "x": 0.034116242080926895,
          "y": 0.03199570253491402,
          "z": -0.031073488295078278
        },
        "scale": {
          "x": 1.0,
          "y": 1.0,
          "z": 1.0
        },
        "matrix_basis": [
          [
            0.9960214495658875,
            0.06423207372426987,
            0.06177022308111191,
            0.0
          ],
          [
            -0.05986578017473221,
            0.995741069316864,
            -0.07011326402425766,
            0.0
          ],
          [
            -0.06601066142320633,
            0.06613639742136002,
            0.9956247210502625,
            0.0
          ],
          [
            0.0,
            0.0,
            0.0,
            1.0
          ]
        ],
        "rotation_mode": "QUATERNION"
      },
      "armature_space": {
        "head": {
          "x": -0.00042203033808618784,
          "y": -8.858740329742432e-05,
          "z": -0.0006873598322272301
        },
        "tail": {
          "x": 0.04414031654596329,
          "y": -0.01474218163639307,
          "z": 0.48505744338035583
        }
      },
      "world_space": {
        "head": {
          "x": -0.00042203033808618784,
          "y": 0.0631554126739502,
          "z": 0.9491666555404663
        },
        "tail": {
          "x": 0.04414031654596329,
          "y": 0.048501819372177124,
          "z": 1.4349114894866943
        },
        "rotation_quaternion": {
          "w": 0.6945565342903137,
          "x": 0.7175217270851135,
          "y": 0.05076536908745766,
          "z": -0.01329302228987217
        },
        "matrix": [
          [
            0.9944922924041748,
            0.09131605923175812,
            0.05144340544939041,
            -0.00042203033808618784
          ],
          [
            0.05438559502363205,
            -0.030027780681848526,
            -0.9980684518814087,
            0.0631554126739502
          ],
          [
            -0.08959552645683289,
            0.9953761696815491,
            -0.03482985869050026,
            0.9491666555404663
          ],
          [
            0.0,
            0.0,
            0.0,
            1.0
          ]
        ]
      },
      "bone_length_armature_space": 0.48800465355181,
      "parent": "Root",
      "has_children": true,
      "is_end_bone": false
    },
    "neck_01": {
      "name": "neck_01",
      "local": {
        "location": {
          "x": 0.0,
          "y": 0.0,
          "z": 0.0
        },
        "rotation_quaternion": {
          "w": 0.991695761680603,
          "x": -0.09729340672492981,
          "y": 0.003146176226437092,
          "z": -0.08404646813869476
        },
        "scale": {
          "x": 1.0,
          "y": 1.0,
          "z": 1.0
        },
        "matrix_basis": [
          [
            0.9858525991439819,
            0.16608484089374542,
            0.022594433277845383,
            0.0
          ],
          [
            -0.1673092544078827,
            0.9669403433799744,
            0.19244207441806793,
            0.0
          ],
          [
            0.010114234872162342,
            -0.19349977374076843,
            0.9810481667518616,
            0.0
          ],
          [
            0.0,
            0.0,
            0.0,
            1.0
          ]
        ],
        "rotation_mode": "QUATERNION"
      },
      "armature_space": {
        "head": {
          "x": 0.05261041969060898,
          "y": -0.05155422165989876,
          "z": 0.5567294359207153
        },
        "tail": {
          "x": 0.07963385432958603,
          "y": -0.07290573418140411,
          "z": 0.6532933712005615
        }
      },
      "world_space": {
        "head": {
          "x": 0.05261041969060898,
          "y": 0.011689778417348862,
          "z": 1.5065834522247314
        },
        "tail": {
          "x": 0.07963385432958603,
          "y": -0.009661734104156494,
          "z": 1.6031473875045776
        },
        "rotation_quaternion": {
          "w": 0.61746746301651,
          "x": 0.7747974395751953,
          "y": 0.12083728611469269,
          "z": -0.061816487461328506
        },
        "matrix": [
          [
            0.9631540179252625,
            0.26358839869499207,
            0.05343715101480484,
            0.05261041969060898
          ],
          [
            0.11091092973947525,
            -0.20826411247253418,
            -0.9717639684677124,
            0.011689778417348862
          ],
          [
            -0.24501822888851166,
            0.9418913722038269,
            -0.22982782125473022,
            1.5065834522247314
          ],
          [
            0.0,
            0.0,
            0.0,
            1.0
          ]
        ]
      },
      "bone_length_armature_space": 0.10252193225527048,
      "parent": "spine_01",
      "has_children": true,
      "is_end_bone": false
    },
    "head": {
      "name": "head",
      "local": {
        "location": {
          "x": 0.0,
          "y": 0.0,
          "z": 0.0
        },
        "rotation_quaternion": {
          "w": 0.9753782749176025,
          "x": -0.04790422320365906,
          "y": -0.04071774333715439,
          "z": 0.2113872766494751
        },
        "scale": {
          "x": 1.0,
          "y": 1.0,
          "z": 1.0
        },
        "matrix_basis": [
          [
            0.9073149561882019,
            -0.4084640145301819,
            -0.09968309104442596,
            0.0
          ],
          [
            0.41626623272895813,
            0.9060412049293518,
            0.07623504847288132,
            0.0
          ],
          [
            0.05917771905660629,
            -0.11066390573978424,
            0.9920945167541504,
            0.0
          ],
          [
            0.0,
            0.0,
            0.0,
            1.0
          ]
        ],
        "rotation_mode": "QUATERNION"
      },
      "armature_space": {
        "head": {
          "x": 0.07963384687900543,
          "y": -0.07290587574243546,
          "z": 0.653293251991272
        },
        "tail": {
          "x": 0.04787638410925865,
          "y": -0.040835168212652206,
          "z": 0.8016719222068787
        }
      },
      "world_space": {
        "head": {
          "x": 0.07963384687900543,
          "y": -0.009661875665187836,
          "z": 1.603147268295288
        },
        "tail": {
          "x": 0.04787638410925865,
          "y": 0.022408831864595413,
          "z": 1.75152587890625
        },
        "rotation_quaternion": {
          "w": 0.7757542133331299,
          "x": 0.6217882633209229,
          "y": -0.03998629376292229,
          "z": 0.0999295711517334
        },
        "matrix": [
          [
            0.9768303632736206,
            -0.20476768910884857,
            0.06223219633102417,
            0.07963384687900543
          ],
          [
            0.1053168773651123,
            0.20678743720054626,
            -0.9727012515068054,
            -0.009661875665187836
          ],
          [
            0.18631038069725037,
            0.956725001335144,
            0.2235623002052307,
            1.603147268295288
          ],
          [
            0.0,
            0.0,
            0.0,
            1.0
          ]
        ]
      },
      "bone_length_armature_space": 0.1550912500479655,
      "parent": "neck_01",
      "has_children": false,
      "is_end_bone": true
    },
    "upperarm_l": {
      "name": "upperarm_l",
      "local": {
        "location": {
          "x": 0.0,
          "y": 0.0,
          "z": 0.0
        },
        "rotation_quaternion": {
          "w": 0.9296137690544128,
          "x": 0.23672397434711456,
          "y": 0.19625650346279144,
          "z": 0.20313435792922974
        },
        "scale": {
          "x": 1.0,
          "y": 1.0,
          "z": 1.0
        },
        "matrix_basis": [
          [
            0.8404396176338196,
            -0.28475576639175415,
            0.461059033870697,
            0.0
          ],
          [
            0.4705902338027954,
            0.8053963780403137,
            -0.360390841960907,
            0.0
          ],
          [
            -0.26871195435523987,
            0.5198566317558289,
            0.8108903169631958,
            0.0
          ],
          [
            0.0,
            0.0,
            0.0,
            1.0
          ]
        ],
        "rotation_mode": "QUATERNION"
      },
      "armature_space": {
        "head": {
          "x": 0.1958111822605133,
          "y": -0.04456125199794769,
          "z": 0.4762820303440094
        },
        "tail": {
          "x": 0.43034636974334717,
          "y": -0.16677173972129822,
          "z": 0.5194732546806335
        }
      },
      "world_space": {
        "head": {
          "x": 0.1958111822605133,
          "y": 0.018682748079299927,
          "z": 1.4261360168457031
        },
        "tail": {
          "x": 0.43034636974334717,
          "y": -0.1035277396440506,
          "z": 1.4693272113800049
        },
        "rotation_quaternion": {
          "w": 0.3242141902446747,
          "x": 0.7533376216888428,
          "y": 0.4084774851799011,
          "z": -0.4006417691707611
        },
        "matrix": [
          [
            0.34526392817497253,
            0.875231146812439,
            -0.33876731991767883,
            0.1958111822605133
          ],
          [
            0.3556559979915619,
            -0.4560612738132477,
            -0.815792441368103,
            0.018682748079299927
          ],
          [
            -0.8685113191604614,
            0.16117975115776062,
            -0.46874669194221497,
            1.4261360168457031
          ],
          [
            0.0,
            0.0,
            0.0,
            1.0
          ]
        ]
      },
      "bone_length_armature_space": 0.267969473309208,
      "parent": "spine_01",
      "has_children": true,
      "is_end_bone": false
    },
    "lowerarm_l": {
      "name": "lowerarm_l",
      "local": {
        "location": {
          "x": 0.0,
          "y": 0.0,
          "z": 0.0
        },
        "rotation_quaternion": {
          "w": 0.9571892619132996,
          "x": 0.10629242658615112,
          "y": -0.013759785331785679,
          "z": -0.2688892185688019
        },
        "scale": {
          "x": 1.0,
          "y": 1.0,
          "z": 1.0
        },
        "matrix_basis": [
          [
            0.8550184965133667,
            0.5118306279182434,
            -0.08350320905447006,
            0.0
          ],
          [
            -0.5176808834075928,
            0.8328010439872742,
            -0.19608421623706818,
            0.0
          ],
          [
            -0.030820338055491447,
            0.21088364720344543,
            0.9770251512527466,
            0.0
          ],
          [
            0.0,
            0.0,
            0.0,
            1.0
          ]
        ],
        "rotation_mode": "QUATERNION"
      },
      "armature_space": {
        "head": {
          "x": 0.43034636974334717,
          "y": -0.16677185893058777,
          "z": 0.5194733738899231
        },
        "tail": {
          "x": 0.6282954216003418,
          "y": -0.3101677894592285,
          "z": 0.4107382297515869
        }
      },
      "world_space": {
        "head": {
          "x": 0.43034636974334717,
          "y": -0.10352785885334015,
          "z": 1.469327449798584
        },
        "tail": {
          "x": 0.6282954216003418,
          "y": -0.2469237893819809,
          "z": 1.360592246055603
        },
        "rotation_quaternion": {
          "w": 0.10410773009061813,
          "x": 0.6587514877319336,
          "y": 0.4702710509300232,
          "z": -0.5779733657836914
        },
        "matrix": [
          [
            -0.11041795462369919,
            0.7399287223815918,
            -0.6635609865188599,
            0.43034636974334717
          ],
          [
            0.49924010038375854,
            -0.5360105037689209,
            -0.6807734370231628,
            -0.10352785885334015
          ],
          [
            -0.8594050407409668,
            -0.4064492881298065,
            -0.3102197051048279,
            1.469327449798584
          ],
          [
            0.0,
            0.0,
            0.0,
            1.0
          ]
        ]
      },
      "bone_length_armature_space": 0.26752486708291695,
      "parent": "upperarm_l",
      "has_children": true,
      "is_end_bone": false
    },
    "metacarpal_thumb_l": {
      "name": "metacarpal_thumb_l",
      "local": {
        "location": {
          "x": 0.0,
          "y": 0.0,
          "z": 0.0
        },
        "rotation_quaternion": {
          "w": 0.9992738962173462,
          "x": -0.03797660022974014,
          "y": 0.002408658852800727,
          "z": 0.0019582982640713453
        },
        "scale": {
          "x": 1.0,
          "y": 1.0,
          "z": 1.0
        },
        "matrix_basis": [
          [
            0.9999807476997375,
            -0.004096698015928268,
            0.004665080923587084,
            0.0
          ],
          [
            0.0037308072205632925,
            0.9971078634262085,
            0.07590748369693756,
            0.0
          ],
          [
            -0.0049625588580966,
            -0.07588861882686615,
            0.9971039295196533,
            0.0
          ],
          [
            0.0,
            0.0,
            0.0,
            1.0
          ]
        ],
        "rotation_mode": "QUATERNION"
      },
      "armature_space": {
        "head": {
          "x": 0.6282954216003418,
          "y": -0.3101677894592285,
          "z": 0.4107382297515869
        },
        "tail": {
          "x": 0.6374340653419495,
          "y": -0.3487093150615692,
          "z": 0.38099539279937744
        }
      },
      "world_space": {
        "head": {
          "x": 0.6282954216003418,
          "y": -0.2469237893819809,
          "z": 1.360592246055603
        },
        "tail": {
          "x": 0.6374340653419495,
          "y": -0.2854653000831604,
          "z": 1.3308494091033936
        },
        "rotation_quaternion": {
          "w": 0.3110339045524597,
          "x": -0.9407157301902771,
          "y": -0.1192244440317154,
          "z": 0.06401081383228302
        },
        "matrix": [
          [
            0.9633761644363403,
            0.18449369072914124,
            -0.194597989320755,
            0.6282954216003418
          ],
          [
            0.26413214206695557,
            -0.7780871987342834,
            0.5699251890182495,
            -0.2469237893819809
          ],
          [
            -0.04626672714948654,
            -0.6004568338394165,
            -0.7983264327049255,
            1.360592246055603
          ],
          [
            0.0,
            0.0,
            0.0,
            1.0
          ]
        ]
      },
      "bone_length_armature_space": 0.04953383003972048,
      "parent": "lowerarm_l",
      "has_children": true,
      "is_end_bone": false
    },
    "thumb_01_l": {
      "name": "thumb_01_l",
      "local": {
        "location": {
          "x": 0.0,
          "y": 0.0,
          "z": 0.0
        },
        "rotation_quaternion": {
          "w": 0.9998671412467957,
          "x": -0.014865988865494728,
          "y": 0.0055762603878974915,
          "z": -0.0037051921244710684
        },
        "scale": {
          "x": 1.0,
          "y": 1.0,
          "z": 1.0
        },
        "matrix_basis": [
          [
            0.9999103546142578,
            0.007243606261909008,
            0.011261201463639736,
            0.0
          ],
          [
            -0.007575192954391241,
            0.999530553817749,
            0.029686706140637398,
            0.0
          ],
          [
            -0.011040876619517803,
            -0.029769349843263626,
            0.999495804309845,
            0.0
          ],
          [
            0.0,
            0.0,
            0.0,
            1.0
          ]
        ],
        "rotation_mode": "QUATERNION"
      },
      "armature_space": {
        "head": {
          "x": 0.6374340653419495,
          "y": -0.3487093150615692,
          "z": 0.38099539279937744
        },
        "tail": {
          "x": 0.6317992806434631,
          "y": -0.353385329246521,
          "z": 0.34775346517562866
        }
      },
      "world_space": {
        "head": {
          "x": 0.6374340653419495,
          "y": -0.2854653000831604,
          "z": 1.3308494091033936
        },
        "tail": {
          "x": 0.6317992806434631,
          "y": -0.29014134407043457,
          "z": 1.297607421875
        },
        "rotation_quaternion": {
          "w": 0.4801364243030548,
          "x": -0.629557192325592,
          "y": 0.44808679819107056,
          "z": -0.4151446223258972
        },
        "matrix": [
          [
            0.253745436668396,
            -0.16554073989391327,
            0.9530003070831299,
            0.6374340653419495
          ],
          [
            -0.9628448486328125,
            -0.13737432658672333,
            0.232504203915596,
            -0.2854653000831604
          ],
          [
            0.09242860227823257,
            -0.9765953421592712,
            -0.19424939155578613,
            1.3308494091033936
          ],
          [
            0.0,
            0.0,
            0.0,
            1.0
          ]
        ]
      },
      "bone_length_armature_space": 0.03403882588521053,
      "parent": "metacarpal_thumb_l",
      "has_children": true,
      "is_end_bone": false
    },
    "thumb_02_l": {
      "name": "thumb_02_l",
      "local": {
        "location": {
          "x": 0.0,
          "y": 0.0,
          "z": 0.0
        },
        "rotation_quaternion": {
          "w": 0.9935053586959839,
          "x": 0.11365658044815063,
          "y": -0.004678140394389629,
          "z": 0.0027261609211564064
        },
        "scale": {
          "x": 1.0,
          "y": 1.0,
          "z": 1.0
        },
        "matrix_basis": [
          [
            0.999941349029541,
            -0.006480313837528229,
            -0.008675822988152504,
            0.0
          ],
          [
            0.00435350788757205,
            0.9741495251655579,
            -0.22586235404014587,
            0.0
          ],
          [
            0.009915207512676716,
            0.22581133246421814,
            0.9741206169128418,
            0.0
          ],
          [
            0.0,
            0.0,
            0.0,
            1.0
          ]
        ],
        "rotation_mode": "QUATERNION"
      },
      "armature_space": {
        "head": {
          "x": 0.6317992210388184,
          "y": -0.3533852994441986,
          "z": 0.34775349497795105
        },
        "tail": {
          "x": 0.6630098819732666,
          "y": -0.3744938373565674,
          "z": 0.33384275436401367
        }
      },
      "world_space": {
        "head": {
          "x": 0.6317992210388184,
          "y": -0.2901412844657898,
          "z": 1.2976075410842896
        },
        "tail": {
          "x": 0.6630098819732666,
          "y": -0.31124985218048096,
          "z": 1.2836967706680298
        },
        "rotation_quaternion": {
          "w": 0.48079797625541687,
          "x": -0.22351618111133575,
          "y": 0.07782352715730667,
          "z": -0.8442851305007935
        },
        "matrix": [
          [
            -0.4377467930316925,
            0.7770721912384033,
            0.45225727558135986,
            0.6317992210388184
          ],
          [
            -0.8466508984565735,
            -0.525553286075592,
            0.08352388441562653,
            -0.2901412844657898
          ],
          [
            0.3025907576084137,
            -0.3463447093963623,
            0.8879743218421936,
            1.2976075410842896
          ],
          [
            0.0,
            0.0,
            0.0,
            1.0
          ]
        ]
      },
      "bone_length_armature_space": 0.04016446745429189,
      "parent": "thumb_01_l",
      "has_children": true,
      "is_end_bone": false
    },
    "thumb_03_l": {
      "name": "thumb_03_l",
      "local": {
        "location": {
          "x": 0.0,
          "y": 0.0,
          "z": 0.0
        },
        "rotation_quaternion": {
          "w": 0.999027669429779,
          "x": 0.04388078302145004,
          "y": -0.003318045288324356,
          "z": 0.0026894197799265385
        },
        "scale": {
          "x": 1.0,
          "y": 1.0,
          "z": 1.0
        },
        "matrix_basis": [
          [
            0.9999635219573975,
            -0.005664806347340345,
            -0.0063936104997992516,
            0.0
          ],
          [
            0.005082412622869015,
            0.9961344599723816,
            -0.08769407868385315,
            0.0
          ],
          [
            0.006865665782243013,
            0.08765838295221329,
            0.9961269497871399,
            0.0
          ],
          [
            0.0,
            0.0,
            0.0,
            1.0
          ]
        ],
        "rotation_mode": "QUATERNION"
      },
      "armature_space": {
        "head": {
          "x": 0.6630098223686218,
          "y": -0.37449386715888977,
          "z": 0.3338427245616913
        },
        "tail": {
          "x": 0.6915291547775269,
          "y": -0.38504156470298767,
          "z": 0.332330584526062
        }
      },
      "world_space": {
        "head": {
          "x": 0.6630098223686218,
          "y": -0.31124985218048096,
          "z": 1.2836967706680298
        },
        "tail": {
          "x": 0.6915291547775269,
          "y": -0.32179754972457886,
          "z": 1.2821846008300781
        },
        "rotation_quaternion": {
          "w": 0.5694570541381836,
          "x": 0.02828381024301052,
          "y": 0.04992546886205673,
          "z": -0.8200159072875977
        },
        "matrix": [
          [
            -0.3498372733592987,
            0.9367520213127136,
            0.010475292801856995,
            0.6630098223686218
          ],
          [
            -0.9311038851737976,
            -0.346451997756958,
            -0.11409167945384979,
            -0.31124985218048096
          ],
          [
            -0.10324795544147491,
            -0.0496678426861763,
            0.9934219717979431,
            1.2836967706680298
          ],
          [
            0.0,
            0.0,
            0.0,
            1.0
          ]
        ]
      },
      "bone_length_armature_space": 0.030444913953373183,
      "parent": "thumb_02_l",
      "has_children": false,
      "is_end_bone": true
    },
    "metacarpal_index_l": {
      "name": "metacarpal_index_l",
      "local": {
        "location": {
          "x": 0.0,
          "y": 0.0,
          "z": 0.0
        },
        "rotation_quaternion": {
          "w": 0.9979872703552246,
          "x": -0.060514964163303375,
          "y": -0.002289051655679941,
          "z": -0.018818290904164314
        },
        "scale": {
          "x": 1.0,
          "y": 1.0,
          "z": 1.0
        },
        "matrix_basis": [
          [
            0.9992812871932983,
            0.03783787414431572,
            -0.0022913124412298203,
            0.0
          ],
          [
            -0.03728378564119339,
            0.9919676184654236,
            0.12087248265743256,
            0.0
          ],
          [
            0.006846465170383453,
            -0.1207001730799675,
            0.9926654100418091,
            0.0
          ],
          [
            0.0,
            0.0,
            0.0,
            1.0
          ]
        ],
        "rotation_mode": "QUATERNION"
      },
      "armature_space": {
        "head": {
          "x": 0.6282954216003418,
          "y": -0.3101677894592285,
          "z": 0.4107382297515869
        },
        "tail": {
          "x": 0.6972823143005371,
          "y": -0.3896303176879883,
          "z": 0.3592039942741394
        }
      },
      "world_space": {
        "head": {
          "x": 0.6282954216003418,
          "y": -0.2469237893819809,
          "z": 1.360592246055603
        },
        "tail": {
          "x": 0.6972823143005371,
          "y": -0.32638633251190186,
          "z": 1.3090579509735107
        },
        "rotation_quaternion": {
          "w": 0.1430286169052124,
          "x": -0.8810957670211792,
          "y": -0.3747760057449341,
          "z": 0.2505115866661072
        },
        "matrix": [
          [
            0.5935728549957275,
            0.5887672305107117,
            -0.5486567616462708,
            0.6282954216003418
          ],
          [
            0.7320881485939026,
            -0.6781715154647827,
            0.06427046656608582,
            -0.2469237893819809
          ],
          [
            -0.3342446982860565,
            -0.4398181140422821,
            -0.8335795998573303,
            1.360592246055603
          ],
          [
            0.0,
            0.0,
            0.0,
            1.0
          ]
        ]
      },
      "bone_length_armature_space": 0.11717193520018296,
      "parent": "lowerarm_l",
      "has_children": true,
      "is_end_bone": false
    },
    "index_01_l": {
      "name": "index_01_l",
      "local": {
        "location": {
          "x": 0.0,
          "y": 0.0,
          "z": 0.0
        },
        "rotation_quaternion": {
          "w": 0.9928404688835144,
          "x": -0.11684481054544449,
          "y": 0.02184426411986351,
          "z": -0.011744992807507515
        },
        "scale": {
          "x": 1.0,
          "y": 1.0,
          "z": 1.0
        },
        "matrix_basis": [
          [
            0.9987697601318359,
            0.01821703091263771,
            0.04612042009830475,
            0.0
          ],
          [
            -0.028426585718989372,
            0.9724186658859253,
            0.23150339722633362,
            0.0
          ],
          [
            -0.04063105583190918,
            -0.2325296401977539,
            0.9717402458190918,
            0.0
          ],
          [
            0.0,
            0.0,
            0.0,
            1.0
          ]
        ],
        "rotation_mode": "QUATERNION"
      },
      "armature_space": {
        "head": {
          "x": 0.6972823143005371,
          "y": -0.3896303176879883,
          "z": 0.3592039942741394
        },
        "tail": {
          "x": 0.723240077495575,
          "y": -0.4000342786312103,
          "z": 0.3536342680454254
        }
      },
      "world_space": {
        "head": {
          "x": 0.6972823143005371,
          "y": -0.32638633251190186,
          "z": 1.3090579509735107
        },
        "tail": {
          "x": 0.723240077495575,
          "y": -0.3367902636528015,
          "z": 1.3034882545471191
        },
        "rotation_quaternion": {
          "w": 0.05191170796751976,
          "x": -0.8202422261238098,
          "y": -0.5611340403556824,
          "z": 0.09816624969244003
        },
        "matrix": [
          [
            0.35098350048065186,
            0.9103396534919739,
            -0.21929922699928284,
            0.6972823143005371
          ],
          [
            0.9307236075401306,
            -0.3648673892021179,
            -0.025010056793689728,
            -0.32638633251190186
          ],
          [
            -0.10278262197971344,
            -0.19533059000968933,
            -0.9753441214561462,
            1.3090579509735107
          ],
          [
            0.0,
            0.0,
            0.0,
            1.0
          ]
        ]
      },
      "bone_length_armature_space": 0.028514377691945748,
      "parent": "metacarpal_index_l",
      "has_children": true,
      "is_end_bone": false
    },
    "index_02_l": {
      "name": "index_02_l",
      "local": {
        "location": {
          "x": 0.0,
          "y": 0.0,
          "z": 0.0
        },
        "rotation_quaternion": {
          "w": 0.9987024664878845,
          "x": 0.04999445006251335,
          "y": 0.0067315963096916676,
          "z": 0.0069763679057359695
        },
        "scale": {
          "x": 1.0,
          "y": 1.0,
          "z": 1.0
        },
        "matrix_basis": [
          [
            0.9998120069503784,
            -0.01326154638081789,
            0.014143283478915691,
            0.0
          ],
          [
            0.014607716351747513,
            0.9949037432670593,
            -0.09976523369550705,
            0.0
          ],
          [
            -0.012748164124786854,
            0.09995308518409729,
            0.994910478591919,
            0.0
          ],
          [
            0.0,
            0.0,
            0.0,
            1.0
          ]
        ],
        "rotation_mode": "QUATERNION"
      },
      "armature_space": {
        "head": {
          "x": 0.7232402563095093,
          "y": -0.400034636259079,
          "z": 0.35363391041755676
        },
        "tail": {
          "x": 0.746282160282135,
          "y": -0.40914785861968994,
          "z": 0.3469924032688141
        }
      },
      "world_space": {
        "head": {
          "x": 0.7232402563095093,
          "y": -0.33679062128067017,
          "z": 1.3034878969192505
        },
        "tail": {
          "x": 0.746282160282135,
          "y": -0.3459038734436035,
          "z": 1.2968463897705078
        },
        "rotation_quaternion": {
          "w": 0.06388618052005768,
          "x": -0.8116073608398438,
          "y": -0.5641765594482422,
          "z": 0.13753879070281982
        },
        "matrix": [
          [
            0.32557517290115356,
            0.8982059955596924,
            -0.2953411638736725,
            0.7232402563095093
          ],
          [
            0.9333533048629761,
            -0.35524657368659973,
            -0.05149324983358383,
            -0.33679062128067017
          ],
          [
            -0.15117067098617554,
            -0.2588949203491211,
            -0.9540101885795593,
            1.3034878969192505
          ],
          [
            0.0,
            0.0,
            0.0,
            1.0
          ]
        ]
      },
      "bone_length_armature_space": 0.025653261015096976,
      "parent": "index_01_l",
      "has_children": true,
      "is_end_bone": false
    },
    "index_03_l": {
      "name": "index_03_l",
      "local": {
        "location": {
          "x": 0.0,
          "y": 0.0,
          "z": 0.0
        },
        "rotation_quaternion": {
          "w": 0.9994540214538574,
          "x": 0.03226466476917267,
          "y": -0.0011630603112280369,
          "z": -0.007034703157842159
        },
        "scale": {
          "x": 1.0,
          "y": 1.0,
          "z": 1.0
        },
        "matrix_basis": [
          [
            0.9998983144760132,
            0.013986673206090927,
            -0.002778795314952731,
            0.0
          ],
          [
            -0.014136776328086853,
            0.9978190064430237,
            -0.06447773426771164,
            0.0
          ],
          [
            0.0018709059804677963,
            0.06451046466827393,
            0.9979152679443359,
            0.0
          ],
          [
            0.0,
            0.0,
            0.0,
            1.0
          ]
        ],
        "rotation_mode": "QUATERNION"
      },
      "armature_space": {
        "head": {
          "x": 0.7462822198867798,
          "y": -0.40914788842201233,
          "z": 0.346992552280426
        },
        "tail": {
          "x": 0.7718011736869812,
          "y": -0.41660749912261963,
          "z": 0.3348735570907593
        }
      },
      "world_space": {
        "head": {
          "x": 0.7462822198867798,
          "y": -0.3459038734436035,
          "z": 1.296846628189087
        },
        "tail": {
          "x": 0.7718011736869812,
          "y": -0.3533635139465332,
          "z": 1.2847275733947754
        },
        "rotation_quaternion": {
          "w": 0.1525072604417801,
          "x": -0.7778739333152771,
          "y": -0.5908381938934326,
          "z": 0.15021276473999023
        },
        "matrix": [
          [
            0.25669118762016296,
            0.8733781576156616,
            -0.4139080047607422,
            0.7462822198867798
          ],
          [
            0.9650126695632935,
            -0.2553029954433441,
            0.05975735932588577,
            -0.3459038734436035
          ],
          [
            -0.053480613976716995,
            -0.4147689938545227,
            -0.9083617329597473,
            1.296846628189087
          ],
          [
            0.0,
            0.0,
            0.0,
            1.0
          ]
        ]
      },
      "bone_length_armature_space": 0.02921870719887329,
      "parent": "index_02_l",
      "has_children": false,
      "is_end_bone": true
    },
    "metacarpal_pinky_l": {
      "name": "metacarpal_pinky_l",
      "local": {
        "location": {
          "x": 0.0,
          "y": 0.0,
          "z": 0.0
        },
        "rotation_quaternion": {
          "w": 0.9987249970436096,
          "x": -0.04588107392191887,
          "y": 0.019316818565130234,
          "z": -0.008388295769691467
        },
        "scale": {
          "x": 1.0,
          "y": 1.0,
          "z": 1.0
        },
        "matrix_basis": [
          [
            0.9991130232810974,
            0.014982648193836212,
            0.039354108273983,
            0.0
          ],
          [
            -0.01852775365114212,
            0.9956490993499756,
            0.09132108092308044,
            0.0
          ],
          [
            -0.03781465068459511,
            -0.09196922183036804,
            0.9950435757637024,
            0.0
          ],
          [
            0.0,
            0.0,
            0.0,
            1.0
          ]
        ],
        "rotation_mode": "QUATERNION"
      },
      "armature_space": {
        "head": {
          "x": 0.6282954216003418,
          "y": -0.3101677894592285,
          "z": 0.4107382297515869
        },
        "tail": {
          "x": 0.7215404510498047,
          "y": -0.3357076942920685,
          "z": 0.3720560073852539
        }
      },
      "world_space": {
        "head": {
          "x": 0.6282954216003418,
          "y": -0.2469237893819809,
          "z": 1.360592246055603
        },
        "tail": {
          "x": 0.7215404510498047,
          "y": -0.27246367931365967,
          "z": 1.32191002368927
        },
        "rotation_quaternion": {
          "w": 0.4932001829147339,
          "x": 0.1917596161365509,
          "y": 0.3662228286266327,
          "z": -0.7654167413711548
        },
        "matrix": [
          [
            -0.43996280431747437,
            0.8954609632492065,
            0.06769227236509323,
            0.6282954216003418
          ],
          [
            -0.6145560145378113,
            -0.24526768922805786,
            -0.7497768402099609,
            -0.2469237893819809
          ],
          [
            -0.6547982096672058,
            -0.3714774549007416,
            0.6582234501838684,
            1.360592246055603
          ],
          [
            0.0,
            0.0,
            0.0,
            1.0
          ]
        ]
      },
      "bone_length_armature_space": 0.10413086360942836,
      "parent": "lowerarm_l",
      "has_children": true,
      "is_end_bone": false
    },
    "pinky_01_l": {
      "name": "pinky_01_l",
      "local": {
        "location": {
          "x": 0.0,
          "y": 0.0,
          "z": 0.0
        },
        "rotation_quaternion": {
          "w": 0.9680206775665283,
          "x": 0.25066813826560974,
          "y": -0.010061174631118774,
          "z": -0.0005072351195849478
        },
        "scale": {
          "x": 1.0,
          "y": 1.0,
          "z": 1.0
        },
        "matrix_basis": [
          [
            0.9997970461845398,
            -0.004062003456056118,
            -0.019733145833015442,
            0.0
          ],
          [
            -0.006026059854775667,
            0.874330461025238,
            -0.4852936863899231,
            0.0
          ],
          [
            0.019224554300308228,
            0.48531410098075867,
            0.874128520488739,
            0.0
          ],
          [
            0.0,
            0.0,
            0.0,
            1.0
          ]
        ],
        "rotation_mode": "QUATERNION"
      },
      "armature_space": {
        "head": {
          "x": 0.7215404510498047,
          "y": -0.3357076942920685,
          "z": 0.3720560073852539
        },
        "tail": {
