{
  "metadata": {
    "armature_name": "KIM_caucasian_male",
    "export_time": "2026-01-13T21:15:46.527688",
    "blender_version": "4.4.1",
    "bone_count": 56,
    "end_bone_count": 13,
    "spaces_included": [
      "LOCAL_CHANNELS",
      "ARMATURE_SPACE",
      "WORLD_SPACE"
    ],
    "note": "LOCAL matches Transform panel; replay pose via local.matrix_basis for best fidelity."
  },
  "bones": {
    "Root": {
      "name": "Root",
      "local": {
        "location": {
          "x": 0.0,
          "y": 0.0,
          "z": 0.0
        },
        "rotation_quaternion": {
          "w": 0.999824047088623,
          "x": 0.01037641428411007,
          "y": 0.006967539899051189,
          "z": 0.013993488624691963
        },
        "scale": {
          "x": 1.0,
          "y": 1.0,
          "z": 1.0
        },
        "matrix_basis": [
          [
            0.9995112419128418,
            -0.02783745713531971,
            0.014223032630980015,
            0.0
          ],
          [
            0.02812664955854416,
            0.9993930459022522,
            -0.020554177463054657,
            0.0
          ],
          [
            -0.013642223551869392,
            0.020944178104400635,
            0.9996875524520874,
            0.0
          ],
          [
            0.0,
            0.0,
            0.0,
            1.0
          ]
        ],
        "rotation_mode": "QUATERNION"
      },
      "armature_space": {
        "head": {
          "x": 0.0,
          "y": 0.07072800397872925,
          "z": -0.009595036506652832
        },
        "tail": {
          "x": -0.0019869226962327957,
          "y": -0.0001580268144607544,
          "z": -0.00148717500269413
        }
      },
      "world_space": {
        "head": {
          "x": 0.0,
          "y": 0.13397200405597687,
          "z": 0.9402589797973633
        },
        "tail": {
          "x": -0.0019869226962327957,
          "y": 0.06308597326278687,
          "z": 0.9483668208122253
        },
        "rotation_quaternion": {
          "w": 0.057002950459718704,
          "x": 0.9982516169548035,
          "y": -0.013492311351001263,
          "z": 0.007894422858953476
        },
        "matrix": [
          [
            0.9995112419128418,
            -0.02783745713531971,
            0.014223032630980015,
            0.0
          ],
          [
            -0.02603742852807045,
            -0.9931372404098511,
            -0.11402007937431335,
            0.13397200405597687
          ],
          [
            0.017299547791481018,
            0.11359387636184692,
            -0.9933837056159973,
            0.9402589797973633
          ],
          [
            0.0,
            0.0,
            0.0,
            1.0
          ]
        ]
      },
      "bone_length_armature_space": 0.07137586913001379,
      "parent": null,
      "has_children": true,
      "is_end_bone": false
    },
    "spine_01": {
      "name": "spine_01",
      "local": {
        "location": {
          "x": 0.0,
          "y": 0.0,
          "z": 0.0
        },
        "rotation_quaternion": {
          "w": 0.9959210157394409,
          "x": 0.08666559308767319,
          "y": 0.020907115191221237,
          "z": 0.01391247846186161
        },
        "scale": {
          "x": 1.0,
          "y": 1.0,
          "z": 1.0
        },
        "matrix_basis": [
          [
            0.9987386465072632,
            -0.024087604135274887,
            0.044055137783288956,
            0.0
          ],
          [
            0.031335312873125076,
            0.984591007232666,
            -0.17204242944717407,
            0.0
          ],
          [
            -0.03923220559954643,
            0.1732059121131897,
            0.9841039180755615,
            0.0
          ],
          [
            0.0,
            0.0,
            0.0,
            1.0
          ]
        ],
        "rotation_mode": "QUATERNION"
      },
      "armature_space": {
        "head": {
          "x": -0.0019869226962327957,
          "y": -0.0001580268144607544,
          "z": -0.00148717500269413
        },
        "tail": {
          "x": -0.02395806275308132,
          "y": -0.07172415405511856,
          "z": 0.4807409644126892
        }
      },
      "world_space": {
        "head": {
          "x": -0.0019869226962327957,
          "y": 0.06308597326278687,
          "z": 0.9483668208122253
        },
        "tail": {
          "x": -0.02395806275308132,
          "y": -0.008480153977870941,
          "z": 1.4305949211120605
        },
        "rotation_quaternion": {
          "w": 0.6531226634979248,
          "x": 0.7568455338478088,
          "y": -0.01023993268609047,
          "z": 0.022601114585995674
        },
        "matrix": [
          [
            0.9987685680389404,
            -0.045022714883089066,
            0.02083493396639824,
            -0.0019869226962327957
          ],
          [
            0.014022221788764,
            -0.14665153622627258,
            -0.9890888333320618,
            0.06308597326278687
          ],
          [
            0.047587279230356216,
            0.9881699085235596,
            -0.1458415687084198,
            0.9483668208122253
          ],
          [
            0.0,
            0.0,
            0.0,
            1.0
          ]
        ]
      },
      "bone_length_armature_space": 0.4880045254186303,
      "parent": "Root",
      "has_children": true,
      "is_end_bone": false
    },
    "neck_01": {
      "name": "neck_01",
      "local": {
        "location": {
          "x": 0.0,
          "y": 0.0,
          "z": 0.0
        },
        "rotation_quaternion": {
          "w": 0.9736993312835693,
          "x": -0.16262832283973694,
          "y": 0.043946970254182816,
          "z": -0.15339654684066772
        },
        "scale": {
          "x": 1.0,
          "y": 1.0,
          "z": 1.0
        },
        "matrix_basis": [
          [
            0.9490763545036316,
            0.2844301760196686,
            0.1354755163192749,
            0.0
          ],
          [
            -0.313018262386322,
            0.9000430703163147,
            0.3032195568084717,
            0.0
          ],
          [
            -0.03568902611732483,
            -0.33018481731414795,
            0.9432413578033447,
            0.0
          ],
          [
            0.0,
            0.0,
            0.0,
            1.0
          ]
        ],
        "rotation_mode": "QUATERNION"
      },
      "armature_space": {
        "head": {
          "x": -0.026531992480158806,
          "y": -0.11676380038261414,
          "z": 0.5480353832244873
        },
        "tail": {
          "x": -0.001690967008471489,
          "y": -0.13450220227241516,
          "z": 0.6459078788757324
        }
      },
      "world_space": {
        "head": {
          "x": -0.026531992480158806,
          "y": -0.053519800305366516,
          "z": 1.4978893995285034
        },
        "tail": {
          "x": -0.001690967008471489,
          "y": -0.07125820219516754,
          "z": 1.5957618951797485
        },
        "rotation_quaternion": {
          "w": 0.6264058351516724,
          "x": 0.7656764388084412,
          "y": 0.14527447521686554,
          "z": -0.015831852331757545
        },
        "matrix": [
          [
            0.9572889804840088,
            0.24230103194713593,
            0.15775875747203827,
            -0.026531992480158806
          ],
          [
            0.20263350009918213,
            -0.17302155494689941,
            -0.9638482332229614,
            -0.053519800305366516
          ],
          [
            -0.2062470018863678,
            0.9546550512313843,
            -0.21473243832588196,
            1.4978893995285034
          ],
          [
            0.0,
            0.0,
            0.0,
            1.0
          ]
        ]
      },
      "bone_length_armature_space": 0.10252196177868918,
      "parent": "spine_01",
      "has_children": true,
      "is_end_bone": false
    },
    "head": {
      "name": "head",
      "local": {
        "location": {
          "x": 0.0,
          "y": 0.0,
          "z": 0.0
        },
        "rotation_quaternion": {
          "w": 0.9890130162239075,
          "x": -0.10492290556430817,
          "y": -0.07095701992511749,
          "z": 0.07622019201517105
        },
        "scale": {
          "x": 1.0,
          "y": 1.0,
          "z": 1.0
        },
        "matrix_basis": [
          [
            0.9783111810684204,
            -0.13587549328804016,
            -0.156349316239357,
            0.0
          ],
          [
            0.16565555334091187,
            0.9663633108139038,
            0.19672352075576782,
            0.0
          ],
          [
            0.1243603453040123,
            -0.21835695207118988,
            0.9679125547409058,
            0.0
          ],
          [
            0.0,
            0.0,
            0.0,
            1.0
          ]
        ],
        "rotation_mode": "QUATERNION"
      },
      "armature_space": {
        "head": {
          "x": -0.001690959557890892,
          "y": -0.1345023363828659,
          "z": 0.6459077596664429
        },
        "tail": {
          "x": -0.004509765654802322,
          "y": -0.07811792939901352,
          "z": 0.7903589606285095
        }
      },
      "world_space": {
        "head": {
          "x": -0.001690959557890892,
          "y": -0.07125833630561829,
          "z": 1.595761775970459
        },
        "tail": {
          "x": -0.004509765654802322,
          "y": -0.0148739293217659,
          "z": 1.7402129173278809
        },
        "rotation_quaternion": {
          "w": 0.8247585892677307,
          "x": 0.5628355741500854,
          "y": 0.03940172493457794,
          "z": 0.03790722042322159
        },
        "matrix": [
          [
            0.994020938873291,
            -0.018175266683101654,
            0.10766489803791046,
            -0.001690959557890892
          ],
          [
            0.10688205808401108,
            0.3635587692260742,
            -0.9254195094108582,
            -0.07125833630561829
          ],
          [
            -0.022322800010442734,
            0.9314010143280029,
            0.36332935094833374,
            1.595761775970459
          ],
          [
            0.0,
            0.0,
            0.0,
            1.0
          ]
        ]
      },
      "bone_length_armature_space": 0.15509125408843744,
      "parent": "neck_01",
      "has_children": false,
      "is_end_bone": true
    },
    "upperarm_l": {
      "name": "upperarm_l",
      "local": {
        "location": {
          "x": 0.0,
          "y": 0.0,
          "z": 0.0
        },
        "rotation_quaternion": {
          "w": 0.9587264060974121,
          "x": -0.189274400472641,
          "y": 0.1385391354560852,
          "z": -0.16070422530174255
        },
        "scale": {
          "x": 1.0,
          "y": 1.0,
          "z": 1.0
        },
        "matrix_basis": [
          [
            0.9099621176719666,
            0.25569894909858704,
            0.3264766335487366,
            0.0
          ],
          [
            -0.36058658361434937,
            0.8766987323760986,
            0.31839707493782043,
            0.0
          ],
          [
            -0.20480786263942719,
            -0.40745237469673157,
            0.88996422290802,
            0.0
          ],
          [
            0.0,
            0.0,
            0.0,
            1.0
          ]
        ],
        "rotation_mode": "QUATERNION"
      },
      "armature_space": {
        "head": {
          "x": 0.12637561559677124,
          "y": -0.10795867443084717,
          "z": 0.48829570412635803
        },
        "tail": {
          "x": 0.35569846630096436,
          "y": 0.024250417947769165,
          "z": 0.44658929109573364
        }
      },
      "world_space": {
        "head": {
          "x": 0.12637561559677124,
          "y": -0.04471467435359955,
          "z": 1.4381496906280518
        },
        "tail": {
          "x": 0.35569846630096436,
          "y": 0.08749441802501678,
          "z": 1.3964433670043945
        },
        "rotation_quaternion": {
          "w": 0.4121364653110504,
          "x": 0.39227575063705444,
          "y": 0.7594940066337585,
          "z": -0.3153286874294281
        },
        "matrix": [
          [
            -0.35252583026885986,
            0.8557798266410828,
            0.37863755226135254,
            0.12637561559677124
          ],
          [
            0.33594584465026855,
            0.4933738112449646,
            -0.8023234009742737,
            -0.04471467435359955
          ],
          [
            -0.8734278082847595,
            -0.1556386947631836,
            -0.46142667531967163,
            1.4381496906280518
          ],
          [
            0.0,
            0.0,
            0.0,
            1.0
          ]
        ]
      },
      "bone_length_armature_space": 0.2679694739608605,
      "parent": "spine_01",
      "has_children": true,
      "is_end_bone": false
    },
    "lowerarm_l": {
      "name": "lowerarm_l",
      "local": {
        "location": {
          "x": 0.0,
          "y": 0.0,
          "z": 0.0
        },
        "rotation_quaternion": {
          "w": 0.9791898727416992,
          "x": 0.09998459368944168,
          "y": -0.07330597192049026,
          "z": 0.16067509353160858
        },
        "scale": {
          "x": 1.0,
          "y": 1.0,
          "z": 1.0
        },
        "matrix_basis": [
          [
            0.9376195073127747,
            -0.3293217718601227,
            -0.11143086105585098,
            0.0
          ],
          [
            0.30000391602516174,
            0.9283732175827026,
            -0.2193646878004074,
            0.0
          ],
          [
            0.17569099366664886,
            0.1722509115934372,
            0.9692586064338684,
            0.0
          ],
          [
            0.0,
            0.0,
            0.0,
            1.0
          ]
        ],
        "rotation_mode": "QUATERNION"
      },
      "armature_space": {
        "head": {
          "x": 0.3556985855102539,
          "y": 0.02425038069486618,
          "z": 0.4465893507003784
        },
        "tail": {
          "x": 0.6196317672729492,
          "y": 0.05401160567998886,
          "z": 0.4785717725753784
        }
      },
      "world_space": {
        "head": {
          "x": 0.3556985855102539,
          "y": 0.0874943807721138,
          "z": 1.3964433670043945
        },
        "tail": {
          "x": 0.6196317672729492,
          "y": 0.11725560575723648,
          "z": 1.4284257888793945
        },
        "rotation_quaternion": {
          "w": 0.5099738836288452,
          "x": 0.5375162959098816,
          "y": 0.5436462759971619,
          "z": -0.39427363872528076
        },
        "matrix": [
          [
            0.09799560904502869,
            0.9865759611129761,
            0.1306314766407013,
            0.3556985855102539
          ],
          [
            0.18229781091213226,
            0.1112467348575592,
            -0.976929783821106,
            0.0874943807721138
          ],
          [
            -0.9783544540405273,
            0.11954955756664276,
            -0.16895107924938202,
            1.3964433670043945
          ],
          [
            0.0,
            0.0,
            0.0,
            1.0
          ]
        ]
      },
      "bone_length_armature_space": 0.26752444563301875,
      "parent": "upperarm_l",
      "has_children": true,
      "is_end_bone": false
    },
    "metacarpal_thumb_l": {
      "name": "metacarpal_thumb_l",
      "local": {
        "location": {
          "x": 0.0,
          "y": 0.0,
          "z": 0.0
        },
        "rotation_quaternion": {
          "w": 0.999230146408081,
          "x": -0.03484607860445976,
          "y": 0.017768580466508865,
          "z": 0.003025595098733902
        },
        "scale": {
          "x": 1.0,
          "y": 1.0,
          "z": 1.0
        },
        "matrix_basis": [
          [
            0.9993502497673035,
            -0.007284862454980612,
            0.035298943519592285,
            0.0
          ],
          [
            0.004808200988918543,
            0.9975531697273254,
            0.06974602490663528,
            0.0
          ],
          [
            -0.03572066128253937,
            -0.06953098624944687,
            0.9969400763511658,
            0.0
          ],
          [
            0.0,
            0.0,
            0.0,
            1.0
          ]
        ],
        "rotation_mode": "QUATERNION"
      },
      "armature_space": {
        "head": {
          "x": 0.6196317672729492,
          "y": 0.05401160567998886,
          "z": 0.4785717725753784
        },
        "tail": {
          "x": 0.6628849506378174,
          "y": 0.030571535229682922,
          "z": 0.4728001356124878
        }
      },
      "world_space": {
        "head": {
          "x": 0.6196317672729492,
          "y": 0.11725560575723648,
          "z": 1.4284257888793945
        },
        "tail": {
          "x": 0.6628849506378174,
          "y": 0.09381553530693054,
          "z": 1.422654151916504
        },
        "rotation_quaternion": {
          "w": 0.09442561119794846,
          "x": -0.8570809960365295,
          "y": -0.5044564604759216,
          "z": -0.04494289681315422
        },
        "matrix": [
          [
            0.48700758814811707,
            0.8732072710990906,
            -0.018228881061077118,
            0.6196317672729492
          ],
          [
            0.8562327027320862,
            -0.47321489453315735,
            0.20720364153385162,
            0.11725560575723648
          ],
          [
            0.17230761051177979,
            -0.11651920527219772,
            -0.9781346321105957,
            1.4284257888793945
          ],
          [
            0.0,
            0.0,
            0.0,
            1.0
          ]
        ]
      },
      "bone_length_armature_space": 0.0495336912297481,
      "parent": "lowerarm_l",
      "has_children": true,
      "is_end_bone": false
    },
    "thumb_01_l": {
      "name": "thumb_01_l",
      "local": {
        "location": {
          "x": 0.0,
          "y": 0.0,
          "z": 0.0
        },
        "rotation_quaternion": {
          "w": 0.9989218711853027,
          "x": -0.04611589014530182,
          "y": -0.005295323207974434,
          "z": 0.0007249415502883494
        },
        "scale": {
          "x": 1.0,
          "y": 1.0,
          "z": 1.0
        },
        "matrix_basis": [
          [
            0.9999428391456604,
            -0.0009599228505976498,
            -0.010646090842783451,
            0.0
          ],
          [
            0.0019367170752957463,
            0.9957455992698669,
            0.09212466329336166,
            0.0
          ],
          [
            0.010512365959584713,
            -0.09214001893997192,
            0.9956905841827393,
            0.0
          ],
          [
            0.0,
            0.0,
            0.0,
            1.0
          ]
        ],
        "rotation_mode": "QUATERNION"
      },
      "armature_space": {
        "head": {
          "x": 0.6628849506378174,
          "y": 0.030571535229682922,
          "z": 0.4728001356124878
        },
        "tail": {
          "x": 0.6782044768333435,
          "y": 0.01909436285495758,
          "z": 0.4446536898612976
        }
      },
      "world_space": {
        "head": {
          "x": 0.6628849506378174,
          "y": 0.09381553530693054,
          "z": 1.422654151916504
        },
        "tail": {
          "x": 0.6782044768333435,
          "y": 0.0823383629322052,
          "z": 1.394507646560669
        },
        "rotation_quaternion": {
          "w": 0.5755400061607361,
          "x": -0.7093108296394348,
          "y": 0.01280696876347065,
          "z": -0.40677738189697266
        },
        "matrix": [
          [
            0.6687376499176025,
            0.4500640034675598,
            0.5918041467666626,
            0.6628849506378174
          ],
          [
            -0.4863991141319275,
            -0.33718129992485046,
            0.8060551285743713,
            0.09381553530693054
          ],
          [
            0.562325119972229,
            -0.8268986940383911,
            -0.006574377417564392,
            1.422654151916504
          ],
          [
            0.0,
            0.0,
            0.0,
            1.0
          ]
        ]
      },
      "bone_length_armature_space": 0.03403873907398901,
      "parent": "metacarpal_thumb_l",
      "has_children": true,
      "is_end_bone": false
    },
    "thumb_02_l": {
      "name": "thumb_02_l",
      "local": {
        "location": {
          "x": 0.0,
          "y": 0.0,
          "z": 0.0
        },
        "rotation_quaternion": {
          "w": 0.998431921005249,
          "x": 0.05586153268814087,
          "y": 0.0004422176571097225,
          "z": 0.003632098436355591
        },
        "scale": {
          "x": 1.0,
          "y": 1.0,
          "z": 1.0
        },
        "matrix_basis": [
          [
            0.9999732375144958,
            -0.007203400135040283,
            0.001288837636820972,
            0.0
          ],
          [
            0.0073022120632231236,
            0.9937325716018677,
            -0.1115446612238884,
            0.0
          ],
          [
            -0.00047725928016006947,
            0.11155108362436295,
            0.9937585592269897,
            0.0
          ],
          [
            0.0,
            0.0,
            0.0,
            1.0
          ]
        ],
        "rotation_mode": "QUATERNION"
      },
      "armature_space": {
        "head": {
          "x": 0.6782044768333435,
          "y": 0.019094347953796387,
          "z": 0.4446536600589752
        },
        "tail": {
          "x": 0.7182236313819885,
          "y": 0.02211642824113369,
          "z": 0.4462388753890991
        }
      },
      "world_space": {
        "head": {
          "x": 0.6782044768333435,
          "y": 0.082338348031044,
          "z": 1.394507646560669
        },
        "tail": {
          "x": 0.7182236313819885,
          "y": 0.08536043018102646,
          "z": 1.3960928916931152
        },
        "rotation_quaternion": {
          "w": 0.7051646709442139,
          "x": -0.16029036045074463,
          "y": -0.2009105682373047,
          "z": -0.660821259021759
        },
        "matrix": [
          [
            0.04589960724115372,
            0.9963838458061218,
            -0.07150094956159592,
            0.6782044768333435
          ],
          [
            -0.8675673604011536,
            0.07524275779724121,
            0.491595059633255,
            0.082338348031044
          ],
          [
            0.49519994854927063,
            0.03946817293763161,
            0.8678902387619019,
            1.394507646560669
          ],
          [
            0.0,
            0.0,
            0.0,
            1.0
          ]
        ]
      },
      "bone_length_armature_space": 0.04016439419154771,
      "parent": "thumb_01_l",
      "has_children": true,
      "is_end_bone": false
    },
    "thumb_03_l": {
      "name": "thumb_03_l",
      "local": {
        "location": {
          "x": 0.0,
          "y": 0.0,
          "z": 0.0
        },
        "rotation_quaternion": {
          "w": 0.9981809854507446,
          "x": 0.05983837693929672,
          "y": 0.005595960654318333,
          "z": 0.004784213379025459
        },
        "scale": {
          "x": 1.0,
          "y": 1.0,
          "z": 1.0
        },
        "matrix_basis": [
          [
            0.9998915791511536,
            -0.00888131558895111,
            0.01174412202090025,
            0.0
          ],
          [
            0.010220727883279324,
            0.9927929639816284,
            -0.11940551549196243,
            0.0
          ],
          [
            -0.010599004104733467,
            0.11951260268688202,
            0.992776095867157,
            0.0
          ],
          [
            0.0,
            0.0,
            0.0,
            1.0
          ]
        ],
        "rotation_mode": "QUATERNION"
      },
      "armature_space": {
        "head": {
          "x": 0.7182235717773438,
          "y": 0.022116346284747124,
          "z": 0.44623884558677673
        },
        "tail": {
          "x": 0.7450476884841919,
          "y": 0.03311622142791748,
          "z": 0.4555319845676422
        }
      },
      "world_space": {
        "head": {
          "x": 0.7182235717773438,
          "y": 0.08536034822463989,
          "z": 1.3960928916931152
        },
        "tail": {
          "x": 0.7450476884841919,
          "y": 0.0963602215051651,
          "z": 1.405385971069336
        },
        "rotation_quaternion": {
          "w": 0.8103035092353821,
          "x": 0.08129855990409851,
          "y": -0.15511493384838104,
          "z": -0.5592300891876221
        },
        "matrix": [
          [
            0.32640132308006287,
            0.8810710906982422,
            -0.3423095941543579,
            0.7182235717773438
          ],
          [
            -0.9315134882926941,
            0.36130449175834656,
            0.041738905012607574,
            0.08536034822463989
          ],
          [
            0.1604531705379486,
            0.3052447438240051,
            0.9386664628982544,
            1.3960928916931152
          ],
          [
            0.0,
            0.0,
            0.0,
            1.0
          ]
        ]
      },
      "bone_length_armature_space": 0.03044491629097078,
      "parent": "thumb_02_l",
      "has_children": false,
      "is_end_bone": true
    },
    "metacarpal_index_l": {
      "name": "metacarpal_index_l",
      "local": {
        "location": {
          "x": 0.0,
          "y": 0.0,
          "z": 0.0
        },
        "rotation_quaternion": {
          "w": 0.9987735152244568,
          "x": -0.045956362038850784,
          "y": -0.01695302501320839,
          "z": 0.007230459712445736
        },
        "scale": {
          "x": 1.0,
          "y": 1.0,
          "z": 1.0
        },
        "matrix_basis": [
          [
            0.9993206262588501,
            -0.012884984724223614,
            -0.03452903777360916,
            0.0
          ],
          [
            0.01600138284265995,
            0.9956714510917664,
            0.09155483543872833,
            0.0
          ],
          [
            0.033199895173311234,
            -0.09204515069723129,
            0.9952012300491333,
            0.0
          ],
          [
            0.0,
            0.0,
            0.0,
            1.0
          ]
        ],
        "rotation_mode": "QUATERNION"
      },
      "armature_space": {
        "head": {
          "x": 0.6196317672729492,
          "y": 0.05401160567998886,
          "z": 0.4785717725753784
        },
        "tail": {
          "x": 0.7347475290298462,
          "y": 0.03570156544446945,
          "z": 0.4905015528202057
        }
      },
      "world_space": {
        "head": {
          "x": 0.6196317672729492,
          "y": 0.11725560575723648,
          "z": 1.4284257888793945
        },
        "tail": {
          "x": 0.7347475290298462,
          "y": 0.09894556552171707,
          "z": 1.4403555393218994
        },
        "rotation_quaternion": {
          "w": 0.18594837188720703,
          "x": 0.7470829486846924,
          "y": 0.622325599193573,
          "z": -0.14142544567584991
        },
        "matrix": [
          [
            0.18541879951953888,
            0.9824532866477966,
            0.02012988179922104,
            0.6196317672729492
          ],
          [
            0.8772621750831604,
            -0.1562666893005371,
            -0.4538634419441223,
            0.11725560575723648
          ],
          [
            -0.4427562355995178,
            0.10181451588869095,
            -0.8908506631851196,
            1.4284257888793945
          ],
          [
            0.0,
            0.0,
            0.0,
            1.0
          ]
        ]
      },
      "bone_length_armature_space": 0.11717173810598246,
      "parent": "lowerarm_l",
      "has_children": true,
      "is_end_bone": false
    },
    "index_01_l": {
      "name": "index_01_l",
      "local": {
        "location": {
          "x": 0.0,
          "y": 0.0,
          "z": 0.0
        },
        "rotation_quaternion": {
          "w": 0.9913541078567505,
          "x": -0.13076572120189667,
          "y": -0.0005914228386245668,
          "z": -0.010823133401572704
        },
        "scale": {
          "x": 1.0,
          "y": 1.0,
          "z": 1.0
        },
        "matrix_basis": [
          [
            0.9997650384902954,
            0.021613791584968567,
            0.0016579707153141499,
            0.0
          ],
          [
            -0.02130443975329399,
            0.9655663967132568,
            0.25928306579589844,
            0.0
          ],
          [
            0.0040032085962593555,
            -0.2592574656009674,
            0.9657999277114868,
            0.0
          ],
          [
            0.0,
            0.0,
            0.0,
            1.0
          ]
        ],
        "rotation_mode": "QUATERNION"
      },
      "armature_space": {
        "head": {
          "x": 0.7347475290298462,
          "y": 0.03570156544446945,
          "z": 0.4905015528202057
        },
        "tail": {
          "x": 0.7603635191917419,
          "y": 0.0453188419342041,
          "z": 0.4985264539718628
        }
      },
      "world_space": {
        "head": {
          "x": 0.7347475290298462,
          "y": 0.09894556552171707,
          "z": 1.4403555393218994
        },
        "tail": {
          "x": 0.7603635191917419,
          "y": 0.10856284201145172,
          "z": 1.448380470275879
        },
        "rotation_quaternion": {
          "w": 0.2732579708099365,
          "x": 0.5752421021461487,
          "y": 0.7706944346427917,
          "z": -0.021374519914388657
        },
        "matrix": [
          [
            -0.18885202705860138,
            0.8983539938926697,
            0.39660412073135376,
            0.7347475290298462
          ],
          [
            0.8749898076057434,
            0.33727824687957764,
            -0.3473278284072876,
            0.09894556552171707
          ],
          [
            -0.4457915127277374,
            0.2814332842826843,
            -0.8497524857521057,
            1.4403555393218994
          ],
          [
            0.0,
            0.0,
            0.0,
            1.0
          ]
        ]
      },
      "bone_length_armature_space": 0.028514382731513917,
      "parent": "metacarpal_index_l",
      "has_children": true,
      "is_end_bone": false
    },
    "index_02_l": {
      "name": "index_02_l",
      "local": {
        "location": {
          "x": 0.0,
          "y": 0.0,
          "z": 0.0
        },
        "rotation_quaternion": {
          "w": 0.9996490478515625,
          "x": 0.025327013805508614,
          "y": 0.0073209055699408054,
          "z": 0.002598115475848317
        },
        "scale": {
          "x": 1.0,
          "y": 1.0,
          "z": 1.0
        },
        "matrix_basis": [
          [
            0.9998793005943298,
            -0.004823573864996433,
            0.014768277294933796,
            0.0
          ],
          [
            0.005565240513533354,
            0.9987035989761353,
            -0.050598207861185074,
            0.0
          ],
          [
            -0.014505067840218544,
            0.05067429319024086,
            0.9986099004745483,
            0.0
          ],
          [
            0.0,
            0.0,
            0.0,
            1.0
          ]
        ],
        "rotation_mode": "QUATERNION"
      },
      "armature_space": {
        "head": {
          "x": 0.7603640556335449,
          "y": 0.04531865194439888,
          "z": 0.498526394367218
        },
        "tail": {
          "x": 0.7834493517875671,
          "y": 0.05434307083487511,
          "z": 0.5051385164260864
        }
      },
      "world_space": {
        "head": {
          "x": 0.7603640556335449,
          "y": 0.1085626482963562,
          "z": 1.448380470275879
        },
        "tail": {
          "x": 0.7834493517875671,
          "y": 0.11758707463741302,
          "z": 1.4549925327301025
        },
        "rotation_quaternion": {
          "w": 0.28837844729423523,
          "x": 0.5675085783004761,
          "y": 0.7698901891708374,
          "z": -0.04517950117588043
        },
        "matrix": [
          [
            -0.1895425170660019,
            0.8998969197273254,
            0.39275819063186646,
            0.7603640556335449
          ],
          [
            0.8477804660797119,
            0.351784348487854,
            -0.39688339829444885,
            0.1085626482963562
          ],
          [
            -0.4953228533267975,
            0.2577485740184784,
            -0.8295992612838745,
            1.448380470275879
          ],
          [
            0.0,
            0.0,
            0.0,
            1.0
          ]
        ]
      },
      "bone_length_armature_space": 0.02565328803055507,
      "parent": "index_01_l",
      "has_children": true,
      "is_end_bone": false
    },
    "index_03_l": {
      "name": "index_03_l",
      "local": {
        "location": {
          "x": 0.0,
          "y": 0.0,
          "z": 0.0
        },
        "rotation_quaternion": {
          "w": 0.9992355108261108,
          "x": 0.03846578672528267,
          "y": -0.0069113015197217464,
          "z": -0.0010948599083349109
        },
        "scale": {
          "x": 1.0,
          "y": 1.0,
          "z": 1.0
        },
        "matrix_basis": [
          [
            0.999902069568634,
            0.0016563484678044915,
            -0.01389626506716013,
            0.0
          ],
          [
            -0.002719743177294731,
            0.9970383644104004,
            -0.07685762643814087,
            0.0
          ],
          [
            0.013727806508541107,
            0.07688789069652557,
            0.9969452619552612,
            0.0
          ],
          [
            0.0,
            0.0,
            0.0,
            1.0
          ]
        ],
        "rotation_mode": "QUATERNION"
      },
      "armature_space": {
        "head": {
          "x": 0.7834492921829224,
          "y": 0.054343100637197495,
          "z": 0.505138635635376
        },
        "tail": {
          "x": 0.8106043338775635,
          "y": 0.06494032591581345,
          "z": 0.5071473717689514
        }
      },
      "world_space": {
        "head": {
          "x": 0.7834492921829224,
          "y": 0.11758710443973541,
          "z": 1.454992651939392
        },
        "tail": {
          "x": 0.8106043338775635,
          "y": 0.12818431854248047,
          "z": 1.4570014476776123
        },
        "rotation_quaternion": {
          "w": 0.21648937463760376,
          "x": 0.5541733503341675,
          "y": 0.7965402007102966,
          "z": -0.10746192932128906
        },
        "matrix": [
          [
            -0.2920479476451874,
            0.9293717741966248,
            0.22577831149101257,
            0.7834492921829224
          ],
          [
            0.836313784122467,
            0.3626866638660431,
            -0.4111423194408417,
            0.11758710443973541
          ],
          [
            -0.4639931917190552,
            0.06874905526638031,
            -0.8831748366355896,
            1.454992651939392
          ],
          [
            0.0,
            0.0,
            0.0,
            1.0
          ]
        ]
      },
      "bone_length_armature_space": 0.02921870129249845,
      "parent": "index_02_l",
      "has_children": false,
      "is_end_bone": true
    },
    "metacarpal_pinky_l": {
      "name": "metacarpal_pinky_l",
      "local": {
        "location": {
          "x": 0.0,
          "y": 0.0,
          "z": 0.0
        },
        "rotation_quaternion": {
          "w": 0.9992850422859192,
          "x": -0.036515068262815475,
          "y": -0.0010410257382318377,
          "z": 0.009750652126967907
        },
        "scale": {
          "x": 1.0,
          "y": 1.0,
          "z": 1.0
        },
        "matrix_basis": [
          [
            0.9998076558113098,
            -0.01941133476793766,
            -0.002792654326185584,
            0.0
          ],
          [
            0.01956338807940483,
            0.9971431493759155,
            0.07295762002468109,
            0.0
          ],
          [
            0.001368471421301365,
            -0.07299822568893433,
            0.9973311424255371,
            0.0
          ],
          [
            0.0,
            0.0,
            0.0,
            1.0
          ]
        ],
        "rotation_mode": "QUATERNION"
      },
      "armature_space": {
        "head": {
          "x": 0.6196317672729492,
          "y": 0.05401160567998886,
          "z": 0.4785717725753784
        },
        "tail": {
          "x": 0.7121075987815857,
          "y": 0.10072135180234909,
          "z": 0.48904258012771606
        }
      },
      "world_space": {
        "head": {
          "x": 0.6196317672729492,
          "y": 0.11725560575723648,
          "z": 1.4284257888793945
        },
        "tail": {
          "x": 0.7121075987815857,
          "y": 0.1639653444290161,
          "z": 1.438896656036377
        },
        "rotation_quaternion": {
          "w": 0.8396137356758118,
          "x": 0.1435256153345108,
          "y": 0.13904452323913574,
          "z": -0.5050899982452393
        },
        "matrix": [
          [
            0.4511011838912964,
            0.8880741000175476,
            0.0884990245103836,
            0.6196317672729492
          ],
          [
            -0.8082486987113953,
            0.448568195104599,
            -0.38147202134132385,
            0.11725560575723648
          ],
          [
            -0.37847664952278137,
            0.10055434703826904,
            0.9201403856277466,
            1.4284257888793945
          ],
          [
            0.0,
            0.0,
            0.0,
            1.0
          ]
        ]
      },
      "bone_length_armature_space": 0.10413077032865234,
      "parent": "lowerarm_l",
      "has_children": true,
      "is_end_bone": false
    },
    "pinky_01_l": {
      "name": "pinky_01_l",
      "local": {
        "location": {
          "x": 0.0,
          "y": 0.0,
          "z": 0.0
        },
        "rotation_quaternion": {
          "w": 0.9909694194793701,
          "x": -0.13230237364768982,
          "y": 0.02179127372801304,
          "z": 0.0009972936240956187
        },
        "scale": {
          "x": 1.0,
          "y": 1.0,
          "z": 1.0
        },
        "matrix_basis": [
          [
            0.9990482926368713,
            -0.007742649409919977,
            0.04292508214712143,
            0.0
          ],
          [
            -0.0037894994020462036,
            0.9649901986122131,
            0.2622586786746979,
            0.0
          ],
          [
            -0.04345285892486572,
            -0.26217174530029297,
            0.9640424251556396,
            0.0
          ],
          [
            0.0,
            0.0,
            0.0,
            1.0
          ]
        ],
        "rotation_mode": "QUATERNION"
      },
      "armature_space": {
        "head": {
          "x": 0.7121075987815857,
          "y": 0.10072135180234909,
          "z": 0.48904258012771606
        },
        "tail": {
          "x": 0.7340211272239685,
