{
  "metadata": {
    "armature_name": "KIM_caucasian_male",
    "export_time": "2026-01-13T21:04:43.320338",
    "blender_version": "4.4.1",
    "bone_count": 56,
    "end_bone_count": 13,
    "spaces_included": [
      "LOCAL_CHANNELS",
      "ARMATURE_SPACE",
      "WORLD_SPACE"
    ],
    "note": "LOCAL matches Transform panel; replay pose via local.matrix_basis for best fidelity."
  },
  "bones": {
    "Root": {
      "name": "Root",
      "local": {
        "location": {
          "x": 0.0,
          "y": 0.0,
          "z": 0.0
        },
        "rotation_quaternion": {
          "w": 0.9995685815811157,
          "x": -0.01679830253124237,
          "y": -0.014302527531981468,
          "z": -0.019389556720852852
        },
        "scale": {
          "x": 1.0,
          "y": 1.0,
          "z": 1.0
        },
        "matrix_basis": [
          [
            0.9988389611244202,
            0.03924290090799332,
            -0.02794129028916359,
            0.0
          ],
          [
            -0.038281865417957306,
            0.998683750629425,
            0.03413674980401993,
            0.0
          ],
          [
            0.029244137927889824,
            -0.033027470111846924,
            0.9990265369415283,
            0.0
          ],
          [
            0.0,
            0.0,
            0.0,
            1.0
          ]
        ],
        "rotation_mode": "QUATERNION"
      },
      "armature_space": {
        "head": {
          "x": 0.0,
          "y": 0.07072800397872925,
          "z": -0.009595036506652832
        },
        "tail": {
          "x": 0.002800996182486415,
          "y": 0.00040999799966812134,
          "z": 0.002323353663086891
        }
      },
      "world_space": {
        "head": {
          "x": 0.0,
          "y": 0.13397200405597687,
          "z": 0.9402589797973633
        },
        "tail": {
          "x": 0.002800996182486415,
          "y": 0.06365399807691574,
          "z": 0.9521773457527161
        },
        "rotation_quaternion": {
          "w": 0.08409873396158218,
          "x": 0.9961661100387573,
          "y": 0.018381977453827858,
          "z": -0.015576272271573544
        },
        "matrix": [
          [
            0.9988389611244202,
            0.03924290090799332,
            -0.02794129028916359,
            0.0
          ],
          [
            0.034003108739852905,
            -0.9851789474487305,
            -0.168125718832016,
            0.13397200405597687
          ],
          [
            -0.03412511944770813,
            0.16698066890239716,
            -0.9853765368461609,
            0.9402589797973633
          ],
          [
            0.0,
            0.0,
            0.0,
            1.0
          ]
        ]
      },
      "bone_length_armature_space": 0.07137587587070474,
      "parent": null,
      "has_children": true,
      "is_end_bone": false
    },
    "spine_01": {
      "name": "spine_01",
      "local": {
        "location": {
          "x": 0.0,
          "y": 0.0,
          "z": 0.0
        },
        "rotation_quaternion": {
          "w": 0.9955501556396484,
          "x": -0.05853111669421196,
          "y": 0.014524000696837902,
          "z": -0.07240887731313705
        },
        "scale": {
          "x": 1.0,
          "y": 1.0,
          "z": 1.0
        },
        "matrix_basis": [
          [
            0.9890919923782349,
            0.14247313141822815,
            0.037395086139440536,
            0.0
          ],
          [
            -0.1458735466003418,
            0.9826621413230896,
            0.11443798989057541,
            0.0
          ],
          [
            -0.020442398265004158,
            -0.11864465475082397,
            0.9927263259887695,
            0.0
          ],
          [
            0.0,
            0.0,
            0.0,
            1.0
          ]
        ],
        "rotation_mode": "QUATERNION"
      },
      "armature_space": {
        "head": {
          "x": 0.002800996182486415,
          "y": 0.00040999799966812134,
          "z": 0.002323353663086891
        },
        "tail": {
          "x": 0.08512882143259048,
          "y": 0.0992010235786438,
          "z": 0.47307899594306946
        }
      },
      "world_space": {
        "head": {
          "x": 0.002800996182486415,
          "y": 0.06365399807691574,
          "z": 0.9521773457527161
        },
        "tail": {
          "x": 0.08512882143259048,
          "y": 0.16244502365589142,
          "z": 1.4229329824447632
        },
        "rotation_quaternion": {
          "w": 0.7708554863929749,
          "x": 0.6301565170288086,
          "y": 0.08367493748664856,
          "z": -0.041024211794137955
        },
        "matrix": [
          [
            0.9826310276985168,
            0.16870413720607758,
            0.07729822397232056,
            0.002800996182486415
          ],
          [
            0.04220801964402199,
            0.20244011282920837,
            -0.9783846735954285,
            0.06365399807691574
          ],
          [
            -0.18070700764656067,
            0.9646607637405396,
            0.1918037235736847,
            0.9521773457527161
          ],
          [
            0.0,
            0.0,
            0.0,
            1.0
          ]
        ]
      },
      "bone_length_armature_space": 0.48800452020026647,
      "parent": "Root",
      "has_children": true,
      "is_end_bone": false
    },
    "neck_01": {
      "name": "neck_01",
      "local": {
        "location": {
          "x": 0.0,
          "y": 0.0,
          "z": 0.0
        },
        "rotation_quaternion": {
          "w": 0.9865856766700745,
          "x": -0.09671243280172348,
          "y": -0.017850976437330246,
          "z": -0.130295068025589
        },
        "scale": {
          "x": 1.0,
          "y": 1.0,
          "z": 1.0
        },
        "matrix_basis": [
          [
            0.9654091000556946,
            0.26054731011390686,
            -0.010020729154348373,
            0.0
          ],
          [
            -0.25364166498184204,
            0.9473397731781006,
            0.19548198580741882,
            0.0
          ],
          [
            0.06042534112930298,
            -0.18617841601371765,
            0.980656087398529,
            0.0
          ],
          [
            0.0,
            0.0,
            0.0,
            1.0
          ]
        ],
        "rotation_mode": "QUATERNION"
      },
      "armature_space": {
        "head": {
          "x": 0.10016182065010071,
          "y": 0.08009256422519684,
          "z": 0.5503618121147156
        },
        "tail": {
          "x": 0.14430966973304749,
          "y": 0.08200620859861374,
          "z": 0.6428715586662292
        }
      },
      "world_space": {
        "head": {
          "x": 0.10016182065010071,
          "y": 0.14333656430244446,
          "z": 1.500215768814087
        },
        "tail": {
          "x": 0.14430966973304749,
          "y": 0.14525020122528076,
          "z": 1.5927255153656006
        },
        "rotation_quaternion": {
          "w": 0.6939087510108948,
          "x": 0.6851813793182373,
          "y": 0.1668022722005844,
          "z": -0.14558225870132446
        },
        "matrix": [
          [
            0.9019656181335449,
            0.43062102794647217,
            0.031988535076379776,
            0.10016182065010071
          ],
          [
            0.026535168290138245,
            0.018665790557861328,
            -0.9994737505912781,
            0.14333656430244446
          ],
          [
            -0.4309944808483124,
            0.9023460745811462,
            0.0054084062576293945,
            1.500215768814087
          ],
          [
            0.0,
            0.0,
            0.0,
            1.0
          ]
        ]
      },
      "bone_length_armature_space": 0.10252193957291851,
      "parent": "spine_01",
      "has_children": true,
      "is_end_bone": false
    },
    "head": {
      "name": "head",
      "local": {
        "location": {
          "x": 0.0,
          "y": 0.0,
          "z": 0.0
        },
        "rotation_quaternion": {
          "w": 0.9625521898269653,
          "x": 0.11272288113832474,
          "y": 0.12706142663955688,
          "z": 0.21128712594509125
        },
        "scale": {
          "x": 1.0,
          "y": 1.0,
          "z": 1.0
        },
        "matrix_basis": [
          [
            0.8784263134002686,
            -0.3781042993068695,
            0.29224029183387756,
            0.0
          ],
          [
            0.4353952407836914,
            0.8853026032447815,
            -0.16331042349338531,
            0.0
          ],
          [
            -0.19697272777557373,
            0.2706961929798126,
            0.9422978758811951,
            0.0
          ],
          [
            0.0,
            0.0,
            0.0,
            1.0
          ]
        ],
        "rotation_mode": "QUATERNION"
      },
      "armature_space": {
        "head": {
          "x": 0.1443096399307251,
          "y": 0.0820060446858406,
          "z": 0.6428714990615845
        },
        "tail": {
          "x": 0.15250523388385773,
          "y": 0.09375283122062683,
          "z": 0.7972999811172485
        }
      },
      "world_space": {
        "head": {
          "x": 0.1443096399307251,
          "y": 0.14525005221366882,
          "z": 1.5927255153656006
        },
        "tail": {
          "x": 0.15250523388385773,
          "y": 0.15699683129787445,
          "z": 1.7471539974212646
        },
        "rotation_quaternion": {
          "w": 0.7164149284362793,
          "x": 0.6708351373672485,
          "y": 0.15690824389457703,
          "z": 0.11004454642534256
        },
        "matrix": [
          [
            0.9265401363372803,
            0.05284406617283821,
            0.37246590852737427,
            0.1443096399307251
          ],
          [
            0.36819392442703247,
            0.07574161887168884,
            -0.9266589283943176,
            0.14525005221366882
          ],
          [
            -0.07717973738908768,
            0.9957333207130432,
            0.05072024464607239,
            1.5927255153656006
          ],
          [
            0.0,
            0.0,
            0.0,
            1.0
          ]
        ]
      },
      "bone_length_armature_space": 0.15509129656323242,
      "parent": "neck_01",
      "has_children": false,
      "is_end_bone": true
    },
    "upperarm_l": {
      "name": "upperarm_l",
      "local": {
        "location": {
          "x": 0.0,
          "y": 0.0,
          "z": 0.0
        },
        "rotation_quaternion": {
          "w": 0.7990932464599609,
          "x": 0.45881423354148865,
          "y": -0.18502429127693176,
          "z": 0.3416220545768738
        },
        "scale": {
          "x": 1.0,
          "y": 1.0,
          "z": 1.0
        },
        "matrix_basis": [
          [
            0.6981207728385925,
            -0.7157593369483948,
            0.017778798937797546,
            0.0
          ],
          [
            0.376192182302475,
            0.3455677330493927,
            -0.8596874475479126,
            0.0
          ],
          [
            0.6091854572296143,
            0.6068539619445801,
            0.510511040687561,
            0.0
          ],
          [
            0.0,
            0.0,
            0.0,
            1.0
          ]
        ],
        "rotation_mode": "QUATERNION"
      },
      "armature_space": {
        "head": {
          "x": 0.23646476864814758,
          "y": 0.0696980282664299,
          "z": 0.4590347707271576
        },
        "tail": {
          "x": 0.3817944824695587,
          "y": -0.04824582487344742,
          "z": 0.6508071422576904
        }
      },
      "world_space": {
        "head": {
          "x": 0.23646476864814758,
          "y": 0.13294202089309692,
          "z": 1.408888816833496
        },
        "tail": {
          "x": 0.3817944824695587,
          "y": 0.014998175203800201,
          "z": 1.6006611585617065
        },
        "rotation_quaternion": {
          "w": 0.525414228439331,
          "x": 0.6113669872283936,
          "y": -0.06219789385795593,
          "z": -0.5884742140769958
        },
        "matrix": [
          [
            0.2996603846549988,
            0.5423369407653809,
            -0.7849039435386658,
            0.23646476864814758
          ],
          [
            -0.6944373846054077,
            -0.44013920426368713,
            -0.569240391254425,
            0.13294202089309692
          ],
          [
            -0.6541922688484192,
            0.7156500816345215,
            0.24472802877426147,
            1.408888816833496
          ],
          [
            0.0,
            0.0,
            0.0,
            1.0
          ]
        ]
      },
      "bone_length_armature_space": 0.26797037367426146,
      "parent": "spine_01",
      "has_children": true,
      "is_end_bone": false
    },
    "lowerarm_l": {
      "name": "lowerarm_l",
      "local": {
        "location": {
          "x": 0.0,
          "y": 0.0,
          "z": 0.0
        },
        "rotation_quaternion": {
          "w": 0.9507871866226196,
          "x": 0.1751532405614853,
          "y": -0.00787860807031393,
          "z": -0.2554667294025421
        },
        "scale": {
          "x": 1.0,
          "y": 1.0,
          "z": 1.0
        },
        "matrix_basis": [
          [
            0.8693493604660034,
            0.4830290675163269,
            -0.10447341203689575,
            0.0
          ],
          [
            -0.4885489046573639,
            0.8081161975860596,
            -0.3290414810180664,
            0.0
          ],
          [
            -0.0745098888874054,
            0.3370923697948456,
            0.9385185241699219,
            0.0
          ],
          [
            0.0,
            0.0,
            0.0,
            1.0
          ]
        ],
        "rotation_mode": "QUATERNION"
      },
      "armature_space": {
        "head": {
          "x": 0.38179445266723633,
          "y": -0.048245809972286224,
          "z": 0.65080726146698
        },
        "tail": {
          "x": 0.42187508940696716,
          "y": -0.2853814959526062,
          "z": 0.7679811716079712
        }
      },
      "world_space": {
        "head": {
          "x": 0.38179445266723633,
          "y": 0.014998190104961395,
          "z": 1.600661277770996
        },
        "tail": {
          "x": 0.42187508940696716,
          "y": -0.22213749587535858,
          "z": 1.7178351879119873
        },
        "rotation_quaternion": {
          "w": 0.21439149975776672,
          "x": 0.6893835663795471,
          "y": -0.10407872498035431,
          "z": -0.6840718984603882
        },
        "matrix": [
          [
            0.042426444590091705,
            0.149820476770401,
            -0.9878023862838745,
            0.38179445266723633
          ],
          [
            -0.4368192255496979,
            -0.8864074349403381,
            -0.15320336818695068,
            0.014998190104961395
          ],
          [
            -0.8985550999641418,
            0.43799328804016113,
            0.027837470173835754,
            1.600661277770996
          ],
          [
            0.0,
            0.0,
            0.0,
            1.0
          ]
        ]
      },
      "bone_length_armature_space": 0.26752479136558616,
      "parent": "upperarm_l",
      "has_children": true,
      "is_end_bone": false
    },
    "metacarpal_thumb_l": {
      "name": "metacarpal_thumb_l",
      "local": {
        "location": {
          "x": 0.0,
          "y": 0.0,
          "z": 0.0
        },
        "rotation_quaternion": {
          "w": 0.9997594356536865,
          "x": 0.0048552993685007095,
          "y": -0.021321458742022514,
          "z": -0.0017242515459656715
        },
        "scale": {
          "x": 1.0,
          "y": 1.0,
          "z": 1.0
        },
        "matrix_basis": [
          [
            0.9990848302841187,
            0.003240629332140088,
            -0.04264940321445465,
            0.0
          ],
          [
            -0.0036547177005559206,
            0.9999468922615051,
            -0.009634735994040966,
            0.0
          ],
          [
            0.04261591657996178,
            0.0097817899659276,
            0.9990436434745789,
            0.0
          ],
          [
            0.0,
            0.0,
            0.0,
            1.0
          ]
        ],
        "rotation_mode": "QUATERNION"
      },
      "armature_space": {
        "head": {
          "x": 0.42187508940696716,
          "y": -0.2853814959526062,
          "z": 0.7679811716079712
        },
        "tail": {
          "x": 0.399512380361557,
          "y": -0.3285803198814392,
          "z": 0.7773276567459106
        }
      },
      "world_space": {
        "head": {
          "x": 0.42187508940696716,
          "y": -0.22213749587535858,
          "z": 1.7178351879119873
        },
        "tail": {
          "x": 0.399512380361557,
          "y": -0.2653363347053528,
          "z": 1.7271816730499268
        },
        "rotation_quaternion": {
          "w": 0.10748578608036041,
          "x": 0.9665992259979248,
          "y": -0.22889237105846405,
          "z": 0.04172835126519203
        },
        "matrix": [
          [
            0.8917339444160461,
            -0.45146456360816956,
            0.031463537365198135,
            0.42187508940696716
          ],
          [
            -0.433523952960968,
            -0.8721100091934204,
            -0.226894348859787,
            -0.22213749587535858
          ],
          [
            0.12987500429153442,
            0.18868978321552277,
            -0.973418116569519,
            1.7178351879119873
          ],
          [
            0.0,
            0.0,
            0.0,
            1.0
          ]
        ]
      },
      "bone_length_armature_space": 0.04953368528074059,
      "parent": "lowerarm_l",
      "has_children": true,
      "is_end_bone": false
    },
    "thumb_01_l": {
      "name": "thumb_01_l",
      "local": {
        "location": {
          "x": 0.0,
          "y": 0.0,
          "z": 0.0
        },
        "rotation_quaternion": {
          "w": 0.9773480296134949,
          "x": 0.2115011215209961,
          "y": 0.001247796113602817,
          "z": -0.007515495643019676
        },
        "scale": {
          "x": 1.0,
          "y": 1.0,
          "z": 1.0
        },
        "matrix_basis": [
          [
            0.9998839497566223,
            0.015218330547213554,
            -0.0007400093600153923,
            0.0
          ],
          [
            -0.014162689447402954,
            0.91042160987854,
            -0.41343915462493896,
            0.0
          ],
          [
            -0.005618133582174778,
            0.41340166330337524,
            0.9105314612388611,
            0.0
          ],
          [
            0.0,
            0.0,
            0.0,
            1.0
          ]
        ],
        "rotation_mode": "QUATERNION"
      },
      "armature_space": {
        "head": {
          "x": 0.399512380361557,
          "y": -0.3285803198814392,
          "z": 0.7773276567459106
        },
        "tail": {
          "x": 0.39943039417266846,
          "y": -0.35762664675712585,
          "z": 0.7595812678337097
        }
      },
      "world_space": {
        "head": {
          "x": 0.399512380361557,
          "y": -0.2653363347053528,
          "z": 1.7271816730499268
        },
        "tail": {
          "x": 0.39943039417266846,
          "y": -0.29438263177871704,
          "z": 1.709435224533081
        },
        "rotation_quaternion": {
          "w": 0.15211884677410126,
          "x": -0.5444275736808777,
          "y": 0.22403623163700104,
          "z": -0.7938931584358215
        },
        "matrix": [
          [
            -0.36091744899749756,
            -0.002408325672149658,
            0.9325945973396301,
            0.399512380361557
          ],
          [
            -0.48547494411468506,
            -0.8533358573913574,
            -0.19008442759513855,
            -0.2653363347053528
          ],
          [
            0.7962793707847595,
            -0.5213605761528015,
            0.3068166971206665,
            1.7271816730499268
          ],
          [
            0.0,
            0.0,
            0.0,
            1.0
          ]
        ]
      },
      "bone_length_armature_space": 0.034038656332267964,
      "parent": "metacarpal_thumb_l",
      "has_children": true,
      "is_end_bone": false
    },
    "thumb_02_l": {
      "name": "thumb_02_l",
      "local": {
        "location": {
          "x": 0.0,
          "y": 0.0,
          "z": 0.0
        },
        "rotation_quaternion": {
          "w": 0.9429948329925537,
          "x": 0.33264240622520447,
          "y": 0.010323209688067436,
          "z": 0.001800453057512641
        },
        "scale": {
          "x": 1.0,
          "y": 1.0,
          "z": 1.0
        },
        "matrix_basis": [
          [
            0.9997803568840027,
            0.003472238779067993,
            0.02066728100180626,
            0.0
          ],
          [
            0.010263510048389435,
            0.7786915898323059,
            -0.6273229718208313,
            0.0
          ],
          [
            -0.01827165298163891,
            0.6273972988128662,
            0.7784849405288696,
            0.0
          ],
          [
            0.0,
            0.0,
            0.0,
            1.0
          ]
        ],
        "rotation_mode": "QUATERNION"
      },
      "armature_space": {
        "head": {
          "x": 0.39943039417266846,
          "y": -0.35762661695480347,
          "z": 0.7595812678337097
        },
        "tail": {
          "x": 0.41713473200798035,
          "y": -0.3705735504627228,
          "z": 0.7932283878326416
        }
      },
      "world_space": {
        "head": {
          "x": 0.39943039417266846,
          "y": -0.29438263177871704,
          "z": 1.709435224533081
        },
        "tail": {
          "x": 0.41713473200798035,
          "y": -0.30732953548431396,
          "z": 1.7430824041366577
        },
        "rotation_quaternion": {
          "w": 0.185915008187294,
          "x": -0.1289694607257843,
          "y": -0.5515986680984497,
          "z": -0.8028334379196167
        },
        "matrix": [
          [
            -0.8976047039031982,
            0.44079673290252686,
            0.001979053020477295,
            0.39943039417266846
          ],
          [
            -0.15624065697193146,
            -0.32234880328178406,
            0.9336381554603577,
            -0.29438263177871704
          ],
          [
            0.41218528151512146,
            0.8377345204353333,
            0.3582156300544739,
            1.709435224533081
          ],
          [
            0.0,
            0.0,
            0.0,
            1.0
          ]
        ]
      },
      "bone_length_armature_space": 0.040164602595016835,
      "parent": "thumb_01_l",
      "has_children": true,
      "is_end_bone": false
    },
    "thumb_03_l": {
      "name": "thumb_03_l",
      "local": {
        "location": {
          "x": 0.0,
          "y": 0.0,
          "z": 0.0
        },
        "rotation_quaternion": {
          "w": 0.9850472211837769,
          "x": 0.1721852719783783,
          "y": 0.003053542459383607,
          "z": -0.004993765614926815
        },
        "scale": {
          "x": 1.0,
          "y": 1.0,
          "z": 1.0
        },
        "matrix_basis": [
          [
            0.9999314546585083,
            0.010889739729464054,
            0.0042960611172020435,
            0.0
          ],
          [
            -0.008786640129983425,
            0.9406545758247375,
            -0.3392517566680908,
            0.0
          ],
          [
            -0.00773547263815999,
            0.3391907513141632,
            0.9406858086585999,
            0.0
          ],
          [
            0.0,
            0.0,
            0.0,
            1.0
          ]
        ],
        "rotation_mode": "QUATERNION"
      },
      "armature_space": {
        "head": {
          "x": 0.41713467240333557,
          "y": -0.37057361006736755,
          "z": 0.7932283878326416
        },
        "tail": {
          "x": 0.4286063313484192,
          "y": -0.3628386855125427,
          "z": 0.8203480243682861
        }
      },
      "world_space": {
        "head": {
          "x": 0.41713467240333557,
          "y": -0.30732959508895874,
          "z": 1.7430824041366577
        },
        "tail": {
          "x": 0.4286063313484192,
          "y": -0.2995947003364563,
          "z": 1.7702020406723022
        },
        "rotation_quaternion": {
          "w": 0.3777715265750885,
          "x": 0.059231724590063095,
          "y": -0.6959310173988342,
          "z": -0.6078324913978577
        },
        "matrix": [
          [
            -0.707558274269104,
            0.3768012523651123,
            -0.5978143811225891,
            0.41713467240333557
          ],
          [
            -0.5416883826255798,
            0.25406333804130554,
            0.8012650609016418,
            -0.30732959508895874
          ],
          [
            0.4538029432296753,
            0.8907774090766907,
            0.02434512972831726,
            1.7430824041366577
          ],
          [
            0.0,
            0.0,
            0.0,
            1.0
          ]
        ]
      },
      "bone_length_armature_space": 0.0304450770097106,
      "parent": "thumb_02_l",
      "has_children": false,
      "is_end_bone": true
    },
    "metacarpal_index_l": {
      "name": "metacarpal_index_l",
      "local": {
        "location": {
          "x": 0.0,
          "y": 0.0,
          "z": 0.0
        },
        "rotation_quaternion": {
          "w": 0.9999199509620667,
          "x": 0.003549216315150261,
          "y": -0.012021351605653763,
          "z": 0.0017383319791406393
        },
        "scale": {
          "x": 1.0,
          "y": 1.0,
          "z": 1.0
        },
        "matrix_basis": [
          [
            0.9997049570083618,
            -0.003561718389391899,
            -0.024028439074754715,
            0.0
          ],
          [
            0.0033910528291016817,
            0.9999687671661377,
            -0.007139658555388451,
            0.0
          ],
          [
            0.024053117260336876,
            0.007056070026010275,
            0.9996857643127441,
            0.0
          ],
          [
            0.0,
            0.0,
            0.0,
            1.0
          ]
        ],
        "rotation_mode": "QUATERNION"
      },
      "armature_space": {
        "head": {
          "x": 0.42187508940696716,
          "y": -0.2853814959526062,
          "z": 0.7679811716079712
        },
        "tail": {
          "x": 0.4027133285999298,
          "y": -0.3922739326953888,
          "z": 0.8119819760322571
        }
      },
      "world_space": {
        "head": {
          "x": 0.42187508940696716,
          "y": -0.22213749587535858,
          "z": 1.7178351879119873
        },
        "tail": {
          "x": 0.4027133285999298,
          "y": -0.32902991771698,
          "z": 1.761836051940918
        },
        "rotation_quaternion": {
          "w": 0.1611464023590088,
          "x": 0.9391607642173767,
          "y": -0.13377653062343597,
          "z": -0.2722366750240326
        },
        "matrix": [
          [
            0.8159819841384888,
            -0.16353580355644226,
            -0.5544629693031311,
            0.42187508940696716
          ],
          [
            -0.33901557326316833,
            -0.9122715592384338,
            -0.22984670102596283,
            -0.22213749587535858
          ],
          [
            -0.46823635697364807,
            0.3755241930484772,
            -0.7998441457748413,
            1.7178351879119873
          ],
          [
            0.0,
            0.0,
            0.0,
            1.0
          ]
        ]
      },
      "bone_length_armature_space": 0.1171718277733284,
      "parent": "lowerarm_l",
      "has_children": true,
      "is_end_bone": false
    },
    "index_01_l": {
      "name": "index_01_l",
      "local": {
        "location": {
          "x": 0.0,
          "y": 0.0,
          "z": 0.0
        },
        "rotation_quaternion": {
          "w": 0.9712775945663452,
          "x": 0.23773404955863953,
          "y": -0.009007214568555355,
          "z": 0.004628684837371111
        },
        "scale": {
          "x": 1.0,
          "y": 1.0,
          "z": 1.0
        },
        "matrix_basis": [
          [
            0.9997949004173279,
            -0.013274119235575199,
            -0.01529621984809637,
            0.0
          ],
          [
            0.00470883259549737,
            0.8869221806526184,
            -0.4618948996067047,
            0.0
          ],
          [
            0.019697804003953934,
            0.46172812581062317,
            0.8868027925491333,
            0.0
          ],
          [
            0.0,
            0.0,
            0.0,
            1.0
          ]
        ],
        "rotation_mode": "QUATERNION"
      },
      "armature_space": {
        "head": {
          "x": 0.4027133285999298,
          "y": -0.3922739326953888,
          "z": 0.8119819760322571
        },
        "tail": {
          "x": 0.4006306231021881,
          "y": -0.4205997884273529,
          "z": 0.8094566464424133
        }
      },
      "world_space": {
        "head": {
          "x": 0.4027133285999298,
          "y": -0.32902991771698,
          "z": 1.761836051940918
        },
        "tail": {
          "x": 0.4006306231021881,
          "y": -0.3573557734489441,
          "z": 1.7593107223510742
        },
        "rotation_quaternion": {
          "w": 0.053315170109272,
          "x": -0.9519585371017456,
          "y": 0.021517843008041382,
          "z": 0.3007815182209015
        },
        "matrix": [
          [
            0.8181348443031311,
            -0.07304045557975769,
            -0.5703684687614441,
            0.4027133285999298
          ],
          [
            -0.008895969949662685,
            -0.9933892488479614,
            0.11445152759552002,
            -0.32902991771698
          ],
          [
            -0.5749616622924805,
            -0.08856436610221863,
            -0.8133817911148071,
            1.761836051940918
          ],
          [
            0.0,
            0.0,
            0.0,
            1.0
          ]
        ]
      },
      "bone_length_armature_space": 0.028514366241278052,
      "parent": "metacarpal_index_l",
      "has_children": true,
      "is_end_bone": false
    },
    "index_02_l": {
      "name": "index_02_l",
      "local": {
        "location": {
          "x": 0.0,
          "y": 0.0,
          "z": 0.0
        },
        "rotation_quaternion": {
          "w": 0.91344153881073,
          "x": 0.4069497287273407,
          "y": -0.002463497221469879,
          "z": -0.0032427164260298014
        },
        "scale": {
          "x": 1.0,
          "y": 1.0,
          "z": 1.0
        },
        "matrix_basis": [
          [
            0.9999668598175049,
            0.003919024486094713,
            -0.007139766588807106,
            0.0
          ],
          [
            -0.007929102517664433,
            0.6687628030776978,
            -0.7434335947036743,
            0.0
          ],
          [
            0.001861276221461594,
            0.7434655427932739,
            0.6687716841697693,
            0.0
          ],
          [
            0.0,
            0.0,
            0.0,
            1.0
          ]
        ],
        "rotation_mode": "QUATERNION"
      },
      "armature_space": {
        "head": {
          "x": 0.40063023567199707,
          "y": -0.42060014605522156,
          "z": 0.809456467628479
        },
        "tail": {
          "x": 0.38832056522369385,
          "y": -0.43619826436042786,
          "z": 0.7932310104370117
        }
      },
      "world_space": {
        "head": {
          "x": 0.40063023567199707,
          "y": -0.35735613107681274,
          "z": 1.7593104839324951
        },
        "tail": {
          "x": 0.38832056522369385,
          "y": -0.37295424938201904,
          "z": 1.7430850267410278
        },
        "rotation_quaternion": {
          "w": 0.4226280152797699,
          "x": -0.84330153465271,
          "y": 0.1317875236272812,
          "z": 0.30472978949546814
        },
        "matrix": [
          [
            0.7795441746711731,
            -0.47984760999679565,
            -0.4025628864765167,
            0.40063023567199707
          ],
          [
            0.035299479961395264,
            -0.6080363988876343,
            0.793124258518219,
            -0.35735613107681274
          ],
          [
            -0.6253561973571777,
            -0.6324907541275024,
            -0.4570554494857788,
            1.7593104839324951
          ],
          [
            0.0,
            0.0,
            0.0,
            1.0
          ]
        ]
      },
      "bone_length_armature_space": 0.025653357235378288,
      "parent": "index_01_l",
      "has_children": true,
      "is_end_bone": false
    },
    "index_03_l": {
      "name": "index_03_l",
      "local": {
        "location": {
          "x": 0.0,
          "y": 0.0,
          "z": 0.0
        },
        "rotation_quaternion": {
          "w": 0.9623863697052002,
          "x": 0.27166059613227844,
          "y": -0.0020476244390010834,
          "z": 0.0029893354512751102
        },
        "scale": {
          "x": 1.0,
          "y": 1.0,
          "z": 1.0
        },
        "matrix_basis": [
          [
            0.999973714351654,
            -0.006866309326142073,
            -0.0023170423228293657,
            0.0
          ],
          [
            0.004641273524612188,
            0.8523831963539124,
            -0.5228971242904663,
            0.0
          ],
          [
            0.005565381143242121,
            0.5228726863861084,
            0.8523926734924316,
            0.0
          ],
          [
            0.0,
            0.0,
            0.0,
            1.0
          ]
        ],
        "rotation_mode": "QUATERNION"
      },
      "armature_space": {
        "head": {
          "x": 0.3883206248283386,
          "y": -0.4361983835697174,
          "z": 0.7932310700416565
        },
        "tail": {
          "x": 0.37255632877349854,
          "y": -0.43645864725112915,
          "z": 0.768631100654602
        }
      },
      "world_space": {
        "head": {
          "x": 0.3883206248283386,
          "y": -0.3729543685913086,
          "z": 1.7430851459503174
        },
        "tail": {
          "x": 0.37255632877349854,
          "y": -0.3732146620750427,
          "z": 1.7184851169586182
        },
        "rotation_quaternion": {
          "w": 0.6783596277236938,
          "x": -0.6786449551582336,
          "y": 0.18808062374591827,
          "z": 0.20951148867607117
        },
        "matrix": [
          [
            0.8414608836174011,
            -0.5395281910896301,
            -0.029197797179222107,
            0.3883206248283386
          ],
          [
            0.028971649706363678,
            -0.008907347917556763,
            0.9995407462120056,
            -0.3729543685913086
          ],
          [
            -0.5395444631576538,
            -0.8419265747070312,
            0.008136779069900513,
            1.7430851459503174
          ],
          [
            0.0,
            0.0,
            0.0,
            1.0
          ]
        ]
      },
      "bone_length_armature_space": 0.029218817292552848,
      "parent": "index_02_l",
      "has_children": false,
      "is_end_bone": true
    },
    "metacarpal_pinky_l": {
      "name": "metacarpal_pinky_l",
      "local": {
        "location": {
          "x": 0.0,
          "y": 0.0,
          "z": 0.0
        },
        "rotation_quaternion": {
          "w": 0.99981689453125,
          "x": -0.013265188783407211,
          "y": -0.011719463393092155,
          "z": 0.007279624696820974
        },
        "scale": {
          "x": 1.0,
          "y": 1.0,
          "z": 1.0
        },
        "matrix_basis": [
          [
            0.9996193051338196,
            -0.014245661906898022,
            -0.023627765476703644,
            0.0
          ],
          [
            0.014867505058646202,
            0.9995420575141907,
            0.026354894042015076,
            0.0
          ],
          [
            0.023241503164172173,
            -0.02669614553451538,
            0.9993733763694763,
            0.0
          ],
          [
            0.0,
            0.0,
            0.0,
            1.0
          ]
        ],
        "rotation_mode": "QUATERNION"
      },
      "armature_space": {
        "head": {
          "x": 0.42187508940696716,
          "y": -0.2853814959526062,
          "z": 0.7679811716079712
        },
        "tail": {
          "x": 0.47001826763153076,
          "y": -0.36876580119132996,
          "z": 0.8076362609863281
        }
      },
      "world_space": {
        "head": {
          "x": 0.42187508940696716,
          "y": -0.22213749587535858,
          "z": 1.7178351879119873
        },
        "tail": {
          "x": 0.47001826763153076,
          "y": -0.30552178621292114,
          "z": 1.7574902772903442
        },
        "rotation_quaternion": {
          "w": 0.259939581155777,
          "x": 0.08142076432704926,
          "y": -0.1790216863155365,
          "z": -0.9453852772712708
        },
        "matrix": [
          [
            -0.8516038060188293,
            0.4623339772224426,
            -0.24701809883117676,
            0.42187508940696716
          ],
          [
            -0.520638644695282,
            -0.8007652759552002,
            0.2961599826812744,
            -0.22213749587535858
          ],
          [
            -0.060879457741975784,
            0.3808201253414154,
            0.9226505756378174,
            1.7178351879119873
          ],
          [
            0.0,
            0.0,
            0.0,
            1.0
          ]
        ]
      },
      "bone_length_armature_space": 0.10413084991427846,
      "parent": "lowerarm_l",
      "has_children": true,
      "is_end_bone": false
    },
    "pinky_01_l": {
      "name": "pinky_01_l",
      "local": {
        "location": {
          "x": 0.0,
          "y": 0.0,
          "z": 0.0
        },
        "rotation_quaternion": {
          "w": 0.9332618713378906,
          "x": 0.35857564210891724,
          "y": 0.019783399999141693,
          "z": -0.007391468621790409
        },
        "scale": {
          "x": 1.0,
          "y": 1.0,
          "z": 1.0
        },
        "matrix_basis": [
          [
            0.9991079568862915,
            0.02798404172062874,
            0.03162538632750511,
            0.0
          ],
          [
            0.0003913390391971916,
            0.7427377700805664,
            -0.6695824265480042,
            0.0
          ],
          [
            -0.042226988822221756,
            0.6689974665641785,
            0.7420642375946045,
            0.0
          ],
          [
            0.0,
            0.0,
            0.0,
            1.0
          ]
        ],
        "rotation_mode": "QUATERNION"
      },
      "armature_space": {
        "head": {
          "x": 0.47001826763153076,
          "y": -0.36876580119132996,
          "z": 0.8076362609863281
        },
        "tail": {
