{
  "metadata": {
    "armature_name": "KIM_caucasian_male",
    "export_time": "2026-01-13T19:11:55.338970",
    "blender_version": "4.4.1",
    "bone_count": 56,
    "end_bone_count": 13,
    "spaces_included": [
      "LOCAL_CHANNELS",
      "ARMATURE_SPACE",
      "WORLD_SPACE"
    ],
    "note": "LOCAL matches Transform panel; replay pose via local.matrix_basis for best fidelity."
  },
  "bones": {
    "Root": {
      "name": "Root",
      "local": {
        "location": {
          "x": 0.0,
          "y": 0.0,
          "z": 0.0
        },
        "rotation_quaternion": {
          "w": 0.9995682239532471,
          "x": 0.011781432665884495,
          "y": -0.010645344853401184,
          "z": 0.024723470211029053
        },
        "scale": {
          "x": 1.0,
          "y": 1.0,
          "z": 1.0
        },
        "matrix_basis": [
          [
            0.9985508322715759,
            -0.049676425755023956,
            -0.020698940381407738,
            0.0
          ],
          [
            0.049174755811691284,
            0.998499870300293,
            -0.02407907135784626,
            0.0
          ],
          [
            0.02186405286192894,
            0.02302631177008152,
            0.9994957447052002,
            0.0
          ],
          [
            0.0,
            0.0,
            0.0,
            1.0
          ]
        ],
        "rotation_mode": "QUATERNION"
      },
      "armature_space": {
        "head": {
          "x": 0.0,
          "y": 0.07072800397872925,
          "z": -0.009595036506652832
        },
        "tail": {
          "x": -0.0035456980112940073,
          "y": -0.00011483579874038696,
          "z": -0.0016430104151368141
        }
      },
      "world_space": {
        "head": {
          "x": 0.0,
          "y": 0.13397200405597687,
          "z": 0.9402589797973633
        },
        "tail": {
          "x": -0.0035456980112940073,
          "y": 0.06312916427850723,
          "z": 0.9482110142707825
        },
        "rotation_quaternion": {
          "w": 0.055583905428647995,
          "x": 0.9980911016464233,
          "y": -0.025384461507201195,
          "z": -0.008955595083534718
        },
        "matrix": [
          [
            0.9985508322715759,
            -0.049676425755023956,
            -0.020698940381407738,
            0.0
          ],
          [
            -0.05166758596897125,
            -0.9925320744514465,
            -0.11050139367580414,
            0.13397200405597687
          ],
          [
            -0.015055202879011631,
            0.11141056567430496,
            -0.993667483329773,
            0.9402589797973633
          ],
          [
            0.0,
            0.0,
            0.0,
            1.0
          ]
        ]
      },
      "bone_length_armature_space": 0.07137586795771965,
      "parent": null,
      "has_children": true,
      "is_end_bone": false
    },
    "spine_01": {
      "name": "spine_01",
      "local": {
        "location": {
          "x": 0.0,
          "y": 0.0,
          "z": 0.0
        },
        "rotation_quaternion": {
          "w": 0.9994117021560669,
          "x": 0.0008608404896222055,
          "y": -0.006009609438478947,
          "z": 0.0337563157081604
        },
        "scale": {
          "x": 1.0,
          "y": 1.0,
          "z": 1.0
        },
        "matrix_basis": [
          [
            0.9976487755775452,
            -0.06748326122760773,
            -0.011954030022025108,
            0.0
          ],
          [
            0.06746257096529007,
            0.9977195262908936,
            -0.002126392675563693,
            0.0
          ],
          [
            0.012070265598595142,
            0.0013149435399100184,
            0.9999262690544128,
            0.0
          ],
          [
            0.0,
            0.0,
            0.0,
            1.0
          ]
        ],
        "rotation_mode": "QUATERNION"
      },
      "armature_space": {
        "head": {
          "x": -0.0035456980112940073,
          "y": -0.00011483579874038696,
          "z": -0.0016430104151368141
        },
        "tail": {
          "x": -0.0285514984279871,
          "y": 0.01202809065580368,
          "z": 0.4855692982673645
        }
      },
      "world_space": {
        "head": {
          "x": -0.0035456980112940073,
          "y": 0.06312916427850723,
          "z": 0.9482110142707825
        },
        "tail": {
          "x": -0.0285514984279871,
          "y": 0.0752720907330513,
          "z": 1.4354233741760254
        },
        "rotation_quaternion": {
          "w": 0.7146996259689331,
          "x": 0.6982438564300537,
          "y": -0.040567219257354736,
          "z": -0.0037850483786314726
        },
        "matrix": [
          [
            0.996679961681366,
            -0.05124126747250557,
            -0.06327217817306519,
            -0.0035456980112940073
          ],
          [
            -0.06206159666180611,
            0.024882983416318893,
            -0.997762143611908,
            0.06312916427850723
          ],
          [
            0.05270132049918175,
            0.9983833432197571,
            0.021619491279125214,
            0.9482110142707825
          ],
          [
            0.0,
            0.0,
            0.0,
            1.0
          ]
        ]
      },
      "bone_length_armature_space": 0.4880046786595876,
      "parent": "Root",
      "has_children": true,
      "is_end_bone": false
    },
    "neck_01": {
      "name": "neck_01",
      "local": {
        "location": {
          "x": 0.0,
          "y": 0.0,
          "z": 0.0
        },
        "rotation_quaternion": {
          "w": 0.9843690991401672,
          "x": -0.07325475662946701,
          "y": 0.07419641315937042,
          "z": -0.14193734526634216
        },
        "scale": {
          "x": 1.0,
          "y": 1.0,
          "z": 1.0
        },
        "matrix_basis": [
          [
            0.9486973881721497,
            0.2685669958591461,
            0.16686847805976868,
            0.0
          ],
          [
            -0.2903079390525818,
            0.9489750862121582,
            0.12315695732831955,
            0.0
          ],
          [
            -0.12527814507484436,
            -0.16528192162513733,
            0.9782572388648987,
            0.0
          ],
          [
            0.0,
            0.0,
            0.0,
            1.0
          ]
        ],
        "rotation_mode": "QUATERNION"
      },
      "armature_space": {
        "head": {
          "x": -0.03449761122465134,
          "y": -0.02075284719467163,
          "z": 0.5594191551208496
        },
        "tail": {
          "x": -0.013315843418240547,
          "y": -0.041347187012434006,
          "z": 0.6575922966003418
        }
      },
      "world_space": {
        "head": {
          "x": -0.03449761122465134,
          "y": 0.04249115288257599,
          "z": 1.5092731714248657
        },
        "tail": {
          "x": -0.013315843418240547,
          "y": 0.021896813064813614,
          "z": 1.607446312904358
        },
        "rotation_quaternion": {
          "w": 0.620952844619751,
          "x": 0.774650514125824,
          "y": 0.11822864413261414,
          "z": -0.01887131668627262
        },
        "matrix": [
          [
            0.9713315963745117,
            0.206608384847641,
            0.11759258806705475,
            -0.03449761122465134
          ],
          [
            0.1597364842891693,
            -0.2008785754442215,
            -0.9665052890777588,
            0.04249115288257599
          ],
          [
            -0.17606724798679352,
            0.9575872421264648,
            -0.22812509536743164,
            1.5092731714248657
          ],
          [
            0.0,
            0.0,
            0.0,
            1.0
          ]
        ]
      },
      "bone_length_armature_space": 0.10252199740549561,
      "parent": "spine_01",
      "has_children": true,
      "is_end_bone": false
    },
    "head": {
      "name": "head",
      "local": {
        "location": {
          "x": 0.0,
          "y": 0.0,
          "z": 0.0
        },
        "rotation_quaternion": {
          "w": 0.9859988689422607,
          "x": 0.02942662313580513,
          "y": 0.14942793548107147,
          "z": -0.06790954619646072
        },
        "scale": {
          "x": 1.0,
          "y": 1.0,
          "z": 1.0
        },
        "matrix_basis": [
          [
            0.9461191892623901,
            0.1427117884159088,
            0.2906748652458191,
            0.0
          ],
          [
            -0.12512315809726715,
            0.989044725894928,
            -0.07832439988851547,
            0.0
          ],
          [
            -0.29866823554039,
            0.03773406893014908,
            0.9536107182502747,
            0.0
          ],
          [
            0.0,
            0.0,
            0.0,
            1.0
          ]
        ],
        "rotation_mode": "QUATERNION"
      },
      "armature_space": {
        "head": {
          "x": -0.013315839692950249,
          "y": -0.04134732484817505,
          "z": 0.6575921773910522
        },
        "tail": {
          "x": 0.03219281882047653,
          "y": -0.018726881593465805,
          "z": 0.8041205406188965
        }
      },
      "world_space": {
        "head": {
          "x": -0.013315839692950249,
          "y": 0.02189667522907257,
          "z": 1.6074461936950684
        },
        "tail": {
          "x": 0.03219281882047653,
          "y": 0.044517118483781815,
          "z": 1.7539745569229126
        },
        "rotation_quaternion": {
          "w": 0.7058811783790588,
          "x": 0.6519902348518372,
          "y": 0.2732360363006592,
          "z": 0.04452643543481827
        },
        "matrix": [
          [
            0.8467198610305786,
            0.29343345761299133,
            0.44380462169647217,
            -0.013315839692950249
          ],
          [
            0.41915345191955566,
            0.1458534598350525,
            -0.8961236476898193,
            0.02189667522907257
          ],
          [
            -0.3276848793029785,
            0.9447944760322571,
            0.0005025267601013184,
            1.6074461936950684
          ],
          [
            0.0,
            0.0,
            0.0,
            1.0
          ]
        ]
      },
      "bone_length_armature_space": 0.15509121251672636,
      "parent": "neck_01",
      "has_children": false,
      "is_end_bone": true
    },
    "upperarm_l": {
      "name": "upperarm_l",
      "local": {
        "location": {
          "x": 0.0,
          "y": 0.0,
          "z": 0.0
        },
        "rotation_quaternion": {
          "w": 0.9302908778190613,
          "x": 0.3357408344745636,
          "y": -0.1436525583267212,
          "z": -0.03465372323989868
        },
        "scale": {
          "x": 1.0,
          "y": 1.0,
          "z": 1.0
        },
        "matrix_basis": [
          [
            0.9563261270523071,
            -0.03198397532105446,
            -0.2905466556549072,
            0.0
          ],
          [
            -0.1609361469745636,
            0.7721544504165649,
            -0.6147170662879944,
            0.0
          ],
          [
            0.24400798976421356,
            0.634629487991333,
            0.733284056186676,
            0.0
          ],
          [
            0.0,
            0.0,
            0.0,
            1.0
          ]
        ],
        "rotation_mode": "QUATERNION"
      },
      "armature_space": {
        "head": {
          "x": 0.1182464137673378,
          "y": -0.034916408360004425,
          "z": 0.5002942085266113
        },
        "tail": {
          "x": 0.3207642734050751,
          "y": -0.20979350805282593,
          "z": 0.5148588418960571
        }
      },
      "world_space": {
        "head": {
          "x": 0.1182464137673378,
          "y": 0.028327591717243195,
          "z": 1.4501482248306274
        },
        "tail": {
          "x": 0.3207642734050751,
          "y": -0.1465495079755783,
          "z": 1.4647128582000732
        },
        "rotation_quaternion": {
          "w": 0.34665587544441223,
          "x": 0.5575553178787231,
          "y": 0.2313632220029831,
          "z": -0.717936635017395
        },
        "matrix": [
          [
            -0.13792312145233154,
            0.7557498812675476,
            -0.640171229839325,
            0.1182464137673378
          ],
          [
            -0.23975907266139984,
            -0.6526009440422058,
            -0.718768298625946,
            0.028327591717243195
          ],
          [
            -0.9609923958778381,
            0.05435186251997948,
            0.27120789885520935,
            1.4501482248306274
          ],
          [
            0.0,
            0.0,
            0.0,
            1.0
          ]
        ]
      },
      "bone_length_armature_space": 0.26796943581203325,
      "parent": "spine_01",
      "has_children": true,
      "is_end_bone": false
    },
    "lowerarm_l": {
      "name": "lowerarm_l",
      "local": {
        "location": {
          "x": 0.0,
          "y": 0.0,
          "z": 0.0
        },
        "rotation_quaternion": {
          "w": 0.9235360622406006,
          "x": 0.3131594657897949,
          "y": 0.10857565701007843,
          "z": -0.1929345726966858
        },
        "scale": {
          "x": 1.0,
          "y": 1.0,
          "z": 1.0
        },
        "matrix_basis": [
          [
            0.901975154876709,
            0.4243670701980591,
            0.07970849424600601,
            0.0
          ],
          [
            -0.2883610725402832,
            0.7294148206710815,
            -0.6203241348266602,
            0.0
          ],
          [
            -0.3213856518268585,
            0.5365321040153503,
            0.7802849411964417,
            0.0
          ],
          [
            0.0,
            0.0,
            0.0,
            1.0
          ]
        ],
        "rotation_mode": "QUATERNION"
      },
      "armature_space": {
        "head": {
          "x": 0.32076433300971985,
          "y": -0.2097935825586319,
          "z": 0.5148589611053467
        },
        "tail": {
          "x": 0.33196353912353516,
          "y": -0.47654247283935547,
          "z": 0.497859388589859
        }
      },
      "world_space": {
        "head": {
          "x": 0.32076433300971985,
          "y": -0.14654958248138428,
          "z": 1.4647129774093628
        },
        "tail": {
          "x": 0.33196353912353516,
          "y": -0.41329848766326904,
          "z": 1.4477133750915527
        },
        "rotation_quaternion": {
          "w": 0.005053246393799782,
          "x": -0.6556394696235657,
          "y": -0.03773770108819008,
          "z": 0.7541135549545288
        },
        "matrix": [
          [
            -0.14022281765937805,
            0.04186233878135681,
            -0.9892345666885376,
            0.32076433300971985
          ],
          [
            0.057105615735054016,
            -0.997100830078125,
            -0.05029001832008362,
            -0.14654958248138428
          ],
          [
            -0.9884787797927856,
            -0.06354403495788574,
            0.13742662966251373,
            1.4647129774093628
          ],
          [
            0.0,
            0.0,
            0.0,
            1.0
          ]
        ]
      },
      "bone_length_armature_space": 0.26752455874679887,
      "parent": "upperarm_l",
      "has_children": true,
      "is_end_bone": false
    },
    "metacarpal_thumb_l": {
      "name": "metacarpal_thumb_l",
      "local": {
        "location": {
          "x": 0.0,
          "y": 0.0,
          "z": 0.0
        },
        "rotation_quaternion": {
          "w": 0.9998499155044556,
          "x": -0.014249026775360107,
          "y": 0.004518529400229454,
          "z": -0.008770227432250977
        },
        "scale": {
          "x": 1.0,
          "y": 1.0,
          "z": 1.0
        },
        "matrix_basis": [
          [
            0.9998053312301636,
            0.017409052699804306,
            0.00928563717752695,
            0.0
          ],
          [
            -0.017666591331362724,
            0.99944007396698,
            0.028414519503712654,
            0.0
          ],
          [
            -0.008785768412053585,
            -0.028573034331202507,
            0.9995530843734741,
            0.0
          ],
          [
            0.0,
            0.0,
            0.0,
            1.0
          ]
        ],
        "rotation_mode": "QUATERNION"
      },
      "armature_space": {
        "head": {
          "x": 0.33196353912353516,
          "y": -0.47654247283935547,
          "z": 0.497859388589859
        },
        "tail": {
          "x": 0.30436912178993225,
          "y": -0.5172037482261658,
          "z": 0.49163100123405457
        }
      },
      "world_space": {
        "head": {
          "x": 0.33196353912353516,
          "y": -0.41329848766326904,
          "z": 1.4477133750915527
        },
        "tail": {
          "x": 0.30436912178993225,
          "y": -0.45395976305007935,
          "z": 1.441485047340393
        },
        "rotation_quaternion": {
          "w": 0.09043896198272705,
          "x": -0.9507243037223816,
          "y": 0.28527167439460754,
          "z": 0.0810210332274437
        },
        "matrix": [
          [
            0.8241113424301147,
            -0.5570842027664185,
            -0.10245738923549652,
            0.33196353912353516
          ],
          [
            -0.5277745723724365,
            -0.8208816647529602,
            0.21819071471691132,
            -0.41329848766326904
          ],
          [
            -0.2056579440832138,
            -0.1257406771183014,
            -0.9705196022987366,
            1.4477133750915527
          ],
          [
            0.0,
            0.0,
            0.0,
            1.0
          ]
        ]
      },
      "bone_length_armature_space": 0.0495336654507104,
      "parent": "lowerarm_l",
      "has_children": true,
      "is_end_bone": false
    },
    "thumb_01_l": {
      "name": "thumb_01_l",
      "local": {
        "location": {
          "x": 0.0,
          "y": 0.0,
          "z": 0.0
        },
        "rotation_quaternion": {
          "w": 0.9995473027229309,
          "x": 0.02778882160782814,
          "y": -0.005324974190443754,
          "z": -0.010234828107059002
        },
        "scale": {
          "x": 1.0,
          "y": 1.0,
          "z": 1.0
        },
        "matrix_basis": [
          [
            0.9997338056564331,
            0.02016443945467472,
            -0.011213954538106918,
            0.0
          ],
          [
            -0.02075633965432644,
            0.9982460737228394,
            -0.05544348433613777,
            0.0
          ],
          [
            0.01007629930973053,
            0.055661484599113464,
            0.9983988404273987,
            0.0
          ],
          [
            0.0,
            0.0,
            0.0,
            1.0
          ]
        ],
        "rotation_mode": "QUATERNION"
      },
      "armature_space": {
        "head": {
          "x": 0.30436912178993225,
          "y": -0.5172037482261658,
          "z": 0.49163100123405457
        },
        "tail": {
          "x": 0.28710636496543884,
          "y": -0.5295546650886536,
          "z": 0.4650210738182068
        }
      },
      "world_space": {
        "head": {
          "x": 0.30436912178993225,
          "y": -0.45395976305007935,
          "z": 1.441485047340393
        },
        "tail": {
          "x": 0.28710636496543884,
          "y": -0.46631067991256714,
          "z": 1.4148750305175781
        },
        "rotation_quaternion": {
          "w": 0.1034586951136589,
          "x": -0.5685917139053345,
          "y": 0.55485999584198,
          "z": -0.5984398722648621
        },
        "matrix": [
          [
            -0.33200138807296753,
            -0.5071525573730469,
            0.7953434586524963,
            0.30436912178993225
          ],
          [
            -0.7548048496246338,
            -0.3628501296043396,
            -0.54645174741745,
            -0.45395976305007935
          ],
          [
            0.5657281875610352,
            -0.7817578315734863,
            -0.2623368799686432,
            1.441485047340393
          ],
          [
            0.0,
            0.0,
            0.0,
            1.0
          ]
        ]
      },
      "bone_length_armature_space": 0.03403874463162386,
      "parent": "metacarpal_thumb_l",
      "has_children": true,
      "is_end_bone": false
    },
    "thumb_02_l": {
      "name": "thumb_02_l",
      "local": {
        "location": {
          "x": 0.0,
          "y": 0.0,
          "z": 0.0
        },
        "rotation_quaternion": {
          "w": 0.9925714731216431,
          "x": 0.12097093462944031,
          "y": 0.012863636016845703,
          "z": 0.0015934352995827794
        },
        "scale": {
          "x": 1.0,
          "y": 1.0,
          "z": 1.0
        },
        "matrix_basis": [
          [
            0.9996639490127563,
            -5.094470179756172e-05,
            0.025921674445271492,
            0.0
          ],
          [
            0.006275448948144913,
            0.9707269668579102,
            -0.2401036024093628,
            0.0
          ],
          [
            -0.025150638073682785,
            0.24018558859825134,
            0.9704011082649231,
            0.0
          ],
          [
            0.0,
            0.0,
            0.0,
            1.0
          ]
        ],
        "rotation_mode": "QUATERNION"
      },
      "armature_space": {
        "head": {
          "x": 0.28710636496543884,
          "y": -0.5295546054840088,
          "z": 0.4650210738182068
        },
        "tail": {
          "x": 0.2945205867290497,
          "y": -0.5690281987190247,
          "z": 0.4648139178752899
        }
      },
      "world_space": {
        "head": {
          "x": 0.28710636496543884,
          "y": -0.46631062030792236,
          "z": 1.4148750305175781
        },
        "tail": {
          "x": 0.2945205867290497,
          "y": -0.5057842135429382,
          "z": 1.4146679639816284
        },
        "rotation_quaternion": {
          "w": 0.0878802016377449,
          "x": -0.34412792325019836,
          "y": -0.029607649892568588,
          "z": -0.9343321919441223
        },
        "matrix": [
          [
            -0.7477059960365295,
            0.18459674715995789,
            0.6378554701805115,
            0.28710636496543884
          ],
          [
            -0.14384078979492188,
            -0.9828008413314819,
            0.11581156402826309,
            -0.46631062030792236
          ],
          [
            0.648267924785614,
            -0.005157589912414551,
            0.761404275894165,
            1.4148750305175781
          ],
          [
            0.0,
            0.0,
            0.0,
            1.0
          ]
        ]
      },
      "bone_length_armature_space": 0.04016438969364591,
      "parent": "thumb_01_l",
      "has_children": true,
      "is_end_bone": false
    },
    "thumb_03_l": {
      "name": "thumb_03_l",
      "local": {
        "location": {
          "x": 0.0,
          "y": 0.0,
          "z": 0.0
        },
        "rotation_quaternion": {
          "w": 0.9974751472473145,
          "x": 0.07071338593959808,
          "y": 0.00602361187338829,
          "z": -0.00257492670789361
        },
        "scale": {
          "x": 1.0,
          "y": 1.0,
          "z": 1.0
        },
        "matrix_basis": [
          [
            0.9999141693115234,
            0.005988750606775284,
            0.011652642861008644,
            0.0
          ],
          [
            -0.004284950904548168,
            0.989986002445221,
            -0.1411007046699524,
            0.0
          ],
          [
            -0.01238096971064806,
            0.1410386711359024,
            0.9899266958236694,
            0.0
          ],
          [
            0.0,
            0.0,
            0.0,
            1.0
          ]
        ],
        "rotation_mode": "QUATERNION"
      },
      "armature_space": {
        "head": {
          "x": 0.2945204973220825,
          "y": -0.5690281987190247,
          "z": 0.46481388807296753
        },
        "tail": {
          "x": 0.3095605671405792,
          "y": -0.5945547819137573,
          "z": 0.4718197286128998
        }
      },
      "world_space": {
        "head": {
          "x": 0.2945204973220825,
          "y": -0.5057842135429382,
          "z": 1.4146678447723389
        },
        "tail": {
          "x": 0.3095605671405792,
          "y": -0.5313107967376709,
          "z": 1.4216737747192383
        },
        "rotation_quaternion": {
          "w": 0.23899483680725098,
          "x": -0.1298925131559372,
          "y": -0.15380264818668365,
          "z": -0.9499232172966003
        },
        "matrix": [
          [
            -0.8520185947418213,
            0.4940093457698822,
            0.1732591986656189,
            0.2945204973220825
          ],
          [
            -0.41409793496131897,
            -0.8384521007537842,
            0.35428938269615173,
            -0.5057842135429382
          ],
          [
            0.32029372453689575,
            0.23011580109596252,
            0.918952226638794,
            1.4146678447723389
          ],
          [
            0.0,
            0.0,
            0.0,
            1.0
          ]
        ]
      },
      "bone_length_armature_space": 0.03044490069702559,
      "parent": "thumb_02_l",
      "has_children": false,
      "is_end_bone": true
    },
    "metacarpal_index_l": {
      "name": "metacarpal_index_l",
      "local": {
        "location": {
          "x": 0.0,
          "y": 0.0,
          "z": 0.0
        },
        "rotation_quaternion": {
          "w": 0.9993652701377869,
          "x": 0.03516852483153343,
          "y": 0.004935624543577433,
          "z": 0.0028186889830976725
        },
        "scale": {
          "x": 1.0,
          "y": 1.0,
          "z": 1.0
        },
        "matrix_basis": [
          [
            0.9999353885650635,
            -0.005286642350256443,
            0.01006324216723442,
            0.0
          ],
          [
            0.005980956833809614,
            0.9975104331970215,
            -0.07026457786560059,
            0.0
          ],
          [
            -0.009666725061833858,
            0.07032022625207901,
            0.997477650642395,
            0.0
          ],
          [
            0.0,
            0.0,
            0.0,
            1.0
          ]
        ],
        "rotation_mode": "QUATERNION"
      },
      "armature_space": {
        "head": {
          "x": 0.33196353912353516,
          "y": -0.47654247283935547,
          "z": 0.497859388589859
        },
        "tail": {
          "x": 0.29462671279907227,
          "y": -0.5867911577224731,
          "z": 0.4844276010990143
        }
      },
      "world_space": {
        "head": {
          "x": 0.33196353912353516,
          "y": -0.41329848766326904,
          "z": 1.4477133750915527
        },
        "tail": {
          "x": 0.29462671279907227,
          "y": -0.5235471725463867,
          "z": 1.434281587600708
        },
        "rotation_quaternion": {
          "w": 0.11349094659090042,
          "x": -0.9163402915000916,
          "y": 0.12908202409744263,
          "z": 0.3616325855255127
        },
        "matrix": [
          [
            0.7051194906234741,
            -0.31865036487579346,
            -0.6334574222564697,
            0.33196353912353516
          ],
          [
            -0.15448248386383057,
            -0.9409153461456299,
            0.30135294795036316,
            -0.41329848766326904
          ],
          [
            -0.692061185836792,
            -0.11463341861963272,
            -0.7126885056495667,
            1.4477133750915527
          ],
          [
            0.0,
            0.0,
            0.0,
            1.0
          ]
        ]
      },
      "bone_length_armature_space": 0.11717177281793406,
      "parent": "lowerarm_l",
      "has_children": true,
      "is_end_bone": false
    },
    "index_01_l": {
      "name": "index_01_l",
      "local": {
        "location": {
          "x": 0.0,
          "y": 0.0,
          "z": 0.0
        },
        "rotation_quaternion": {
          "w": 0.9953473806381226,
          "x": -0.0952979102730751,
          "y": -0.01399250142276287,
          "z": 0.0024982120376080275
        },
        "scale": {
          "x": 1.0,
          "y": 1.0,
          "z": 1.0
        },
        "matrix_basis": [
          [
            0.9995959401130676,
            -0.002306265290826559,
            -0.02833094820380211,
            0.0
          ],
          [
            0.007640089839696884,
            0.9818241596221924,
            0.1896391361951828,
            0.0
          ],
          [
            0.02737865038216114,
            -0.18977896869182587,
            0.9814450144767761,
            0.0
          ],
          [
            0.0,
            0.0,
            0.0,
            1.0
          ]
        ],
        "rotation_mode": "QUATERNION"
      },
      "armature_space": {
        "head": {
          "x": 0.29462671279907227,
          "y": -0.5867911577224731,
          "z": 0.4844276010990143
        },
        "tail": {
          "x": 0.2988271117210388,
          "y": -0.614850640296936,
          "z": 0.481582909822464
        }
      },
      "world_space": {
        "head": {
          "x": 0.29462671279907227,
          "y": -0.5235471725463867,
          "z": 1.434281587600708
        },
        "tail": {
          "x": 0.2988271117210388,
          "y": -0.5516066551208496,
          "z": 1.4314368963241577
        },
        "rotation_quaternion": {
          "w": 0.02234654314815998,
          "x": -0.9381892085075378,
          "y": -0.0864715501666069,
          "z": 0.3344014585018158
        },
        "matrix": [
          [
            0.761396586894989,
            0.1473083794116974,
            -0.631328284740448,
            0.29462671279907227
          ],
          [
            0.17719882726669312,
            -0.9840466976165771,
            -0.015902802348136902,
            -0.5235471725463867
          ],
          [
            -0.6236035823822021,
            -0.0997639000415802,
            -0.7753581404685974,
            1.434281587600708
          ],
          [
            0.0,
            0.0,
            0.0,
            1.0
          ]
        ]
      },
      "bone_length_armature_space": 0.028514385745685593,
      "parent": "metacarpal_index_l",
      "has_children": true,
      "is_end_bone": false
    },
    "index_02_l": {
      "name": "index_02_l",
      "local": {
        "location": {
          "x": 0.0,
          "y": 0.0,
          "z": 0.0
        },
        "rotation_quaternion": {
          "w": 0.9826539158821106,
          "x": 0.18536914885044098,
          "y": -0.0037438152357935905,
          "z": 0.0039428286254405975
        },
        "scale": {
          "x": 1.0,
          "y": 1.0,
          "z": 1.0
        },
        "matrix_basis": [
          [
            0.9999408721923828,
            -0.009136847220361233,
            -0.005895991809666157,
            0.0
          ],
          [
            0.006360896397382021,
            0.9312454462051392,
            -0.3643369674682617,
            0.0
          ],
          [
            0.00881950743496418,
            0.3642779290676117,
            0.9312485456466675,
            0.0
          ],
          [
            0.0,
            0.0,
            0.0,
            1.0
          ]
        ],
        "rotation_mode": "QUATERNION"
      },
      "armature_space": {
        "head": {
          "x": 0.29882678389549255,
          "y": -0.6148510575294495,
          "z": 0.48158276081085205
        },
        "tail": {
          "x": 0.29696714878082275,
          "y": -0.6388285160064697,
          "z": 0.47265440225601196
        }
      },
      "world_space": {
        "head": {
          "x": 0.29882678389549255,
          "y": -0.551607072353363,
          "z": 1.4314367771148682
        },
        "tail": {
          "x": 0.29696714878082275,
          "y": -0.5755845308303833,
          "z": 1.4225084781646729
        },
        "rotation_quaternion": {
          "w": 0.1774304211139679,
          "x": -0.9071497321128845,
          "y": -0.03437322750687599,
          "z": 0.3800213932991028
        },
        "matrix": [
          [
            0.7088046669960022,
            -0.07249066233634949,
            -0.7016701102256775,
            0.29882678389549255
          ],
          [
            0.1972178965806961,
            -0.9346743226051331,
            0.29578566551208496,
            -0.551607072353363
          ],
          [
            -0.6772795915603638,
            -0.34803950786590576,
            -0.6482094526290894,
            1.4314367771148682
          ],
          [
            0.0,
            0.0,
            0.0,
            1.0
          ]
        ]
      },
      "bone_length_armature_space": 0.025653310760566584,
      "parent": "index_01_l",
      "has_children": true,
      "is_end_bone": false
    },
    "index_03_l": {
      "name": "index_03_l",
      "local": {
        "location": {
          "x": 0.0,
          "y": 0.0,
          "z": 0.0
        },
        "rotation_quaternion": {
          "w": 0.9786691069602966,
          "x": 0.20530517399311066,
          "y": -0.0072616878896951675,
          "z": -0.001973808743059635
        },
        "scale": {
          "x": 1.0,
          "y": 1.0,
          "z": 1.0
        },
        "matrix_basis": [
          [
            0.9998867511749268,
            0.0008816870977170765,
            -0.01502404548227787,
            0.0
          ],
          [
            -0.0068451352417469025,
            0.9156917929649353,
            -0.4018229842185974,
            0.0
          ],
          [
            0.01340311300009489,
            0.40188032388687134,
            0.9155941009521484,
            0.0
          ],
          [
            0.0,
            0.0,
            0.0,
            1.0
          ]
        ],
        "rotation_mode": "QUATERNION"
      },
      "armature_space": {
        "head": {
          "x": 0.2969672381877899,
          "y": -0.6388285756111145,
          "z": 0.4726545214653015
        },
        "tail": {
          "x": 0.2875852882862091,
          "y": -0.6578129529953003,
          "z": 0.4525221884250641
        }
      },
      "world_space": {
        "head": {
          "x": 0.2969672381877899,
          "y": -0.5755845904350281,
          "z": 1.4225084781646729
        },
        "tail": {
          "x": 0.2875852882862091,
          "y": -0.5945689678192139,
          "z": 1.4023761749267578
        },
        "rotation_quaternion": {
          "w": 0.418140709400177,
          "x": -0.8382041454315186,
          "y": 0.017095746472477913,
          "z": 0.3496857285499573
        },
        "matrix": [
          [
            0.7548562288284302,
            -0.3210943341255188,
            -0.5719181299209595,
            0.2969672381877899
          ],
          [
            0.2637748122215271,
            -0.6497336030006409,
            0.7129300832748413,
            -0.5755845904350281
          ],
          [
            -0.6005164980888367,
            -0.6890228986740112,
            -0.4057609736919403,
            1.4225084781646729
          ],
          [
            0.0,
            0.0,
            0.0,
            1.0
          ]
        ]
      },
      "bone_length_armature_space": 0.029218802136486886,
      "parent": "index_02_l",
      "has_children": false,
      "is_end_bone": true
    },
    "metacarpal_pinky_l": {
      "name": "metacarpal_pinky_l",
      "local": {
        "location": {
          "x": 0.0,
          "y": 0.0,
          "z": 0.0
        },
        "rotation_quaternion": {
          "w": 0.9998347759246826,
          "x": -0.011734705418348312,
          "y": 0.008562020026147366,
          "z": 0.010928789153695107
        },
        "scale": {
          "x": 1.0,
          "y": 1.0,
          "z": 1.0
        },
        "matrix_basis": [
          [
            0.9996144771575928,
            -0.02205491252243519,
            0.0168647188693285,
            0.0
          ],
          [
            0.02165302075445652,
            0.9994857311248779,
            0.023652678355574608,
            0.0
          ],
          [
            -0.0173777025192976,
            -0.023278387263417244,
            0.9995779991149902,
            0.0
          ],
          [
            0.0,
            0.0,
            0.0,
            1.0
          ]
        ],
        "rotation_mode": "QUATERNION"
      },
      "armature_space": {
        "head": {
          "x": 0.33196353912353516,
          "y": -0.47654247283935547,
          "z": 0.497859388589859
        },
        "tail": {
          "x": 0.36972126364707947,
          "y": -0.5726832747459412,
          "z": 0.48464879393577576
        }
      },
      "world_space": {
        "head": {
          "x": 0.33196353912353516,
          "y": -0.41329848766326904,
          "z": 1.4477133750915527
        },
        "tail": {
          "x": 0.36972126364707947,
          "y": -0.5094392895698547,
          "z": 1.4345028400421143
        },
        "rotation_quaternion": {
          "w": 0.17930829524993896,
          "x": 0.07603965699672699,
          "y": 0.07882609963417053,
          "z": -0.9776773452758789
        },
        "matrix": [
          [
            -0.9241330623626709,
            0.36259913444519043,
            -0.12041588127613068,
            0.33196353912353516
          ],
          [
            -0.3386237621307373,
            -0.923270046710968,
            -0.181401789188385,
            -0.41329848766326904
          ],
          [
            -0.1769540011882782,
            -0.1268654465675354,
            0.9760157465934753,
            1.4477133750915527
          ],
          [
            0.0,
            0.0,
            0.0,
            1.0
          ]
        ]
      },
      "bone_length_armature_space": 0.10413077822433174,
      "parent": "lowerarm_l",
      "has_children": true,
      "is_end_bone": false
    },
    "pinky_01_l": {
      "name": "pinky_01_l",
      "local": {
        "location": {
          "x": 0.0,
          "y": 0.0,
          "z": 0.0
        },
        "rotation_quaternion": {
          "w": 0.9996669292449951,
          "x": 0.020548446103930473,
          "y": 0.01465696096420288,
          "z": -0.005395276006311178
        },
        "scale": {
          "x": 1.0,
          "y": 1.0,
          "z": 1.0
        },
        "matrix_basis": [
          [
            0.9995121359825134,
            0.011389313265681267,
            0.02908242866396904,
            0.0
          ],
          [
            -0.010184602811932564,
            0.9990972876548767,
            -0.0412413589656353,
            0.0
          ],
          [
            -0.029525887221097946,
            0.0409250482916832,
            0.9987258911132812,
            0.0
          ],
          [
            0.0,
            0.0,
            0.0,
            1.0
          ]
        ],
        "rotation_mode": "QUATERNION"
      },
      "armature_space": {
        "head": {
          "x": 0.36972126364707947,
          "y": -0.5726832747459412,
          "z": 0.48464879393577576
        },
