{
  "metadata": {
    "armature_name": "KIM_caucasian_male",
    "export_time": "2026-01-13T21:03:01.567246",
    "blender_version": "4.4.1",
    "bone_count": 56,
    "end_bone_count": 13,
    "spaces_included": [
      "LOCAL_CHANNELS",
      "ARMATURE_SPACE",
      "WORLD_SPACE"
    ],
    "note": "LOCAL matches Transform panel; replay pose via local.matrix_basis for best fidelity."
  },
  "bones": {
    "Root": {
      "name": "Root",
      "local": {
        "location": {
          "x": 0.0,
          "y": 0.0,
          "z": 0.0
        },
        "rotation_quaternion": {
          "w": 0.9996234178543091,
          "x": -0.0021816384978592396,
          "y": 0.015713458880782127,
          "z": 0.02239418216049671
        },
        "scale": {
          "x": 1.0,
          "y": 1.0,
          "z": 1.0
        },
        "matrix_basis": [
          [
            0.9985031485557556,
            -0.04484006017446518,
            0.031317371875047684,
            0.0
          ],
          [
            0.044702935963869095,
            0.9989874958992004,
            0.005065414123237133,
            0.0
          ],
          [
            -0.0315127931535244,
            -0.0036578536964952946,
            0.9994966387748718,
            0.0
          ],
          [
            0.0,
            0.0,
            0.0,
            1.0
          ]
        ],
        "rotation_mode": "QUATERNION"
      },
      "armature_space": {
        "head": {
          "x": 0.0,
          "y": 0.07072800397872925,
          "z": -0.009595036506652832
        },
        "tail": {
          "x": -0.00320049817673862,
          "y": 0.00010671466588973999,
          "z": 0.00024899933487176895
        }
      },
      "world_space": {
        "head": {
          "x": 0.0,
          "y": 0.13397200405597687,
          "z": 0.9402589797973633
        },
        "tail": {
          "x": -0.00320049817673862,
          "y": 0.06335071474313736,
          "z": 0.9501030445098877
        },
        "rotation_quaternion": {
          "w": 0.06951896101236343,
          "x": 0.9972054362297058,
          "y": -0.02128472737967968,
          "z": 0.01718641258776188
        },
        "matrix": [
          [
            0.9985031485557556,
            -0.04484006017446518,
            0.031317371875047684,
            0.0
          ],
          [
            -0.040060918778181076,
            -0.9894281029701233,
            -0.13938146829605103,
            0.13397200405597687
          ],
          [
            0.037236377596855164,
            0.13791826367378235,
            -0.9897505044937134,
            0.9402589797973633
          ],
          [
            0.0,
            0.0,
            0.0,
            1.0
          ]
        ]
      },
      "bone_length_armature_space": 0.0713758693912315,
      "parent": null,
      "has_children": true,
      "is_end_bone": false
    },
    "spine_01": {
      "name": "spine_01",
      "local": {
        "location": {
          "x": 0.0,
          "y": 0.0,
          "z": 0.0
        },
        "rotation_quaternion": {
          "w": 0.9970089197158813,
          "x": 0.07410667836666107,
          "y": 0.021656541153788567,
          "z": 0.0035202258732169867
        },
        "scale": {
          "x": 1.0,
          "y": 1.0,
          "z": 1.0
        },
        "matrix_basis": [
          [
            0.9990372061729431,
            -0.003809604560956359,
            0.04370527341961861,
            0.0
          ],
          [
            0.010229181498289108,
            0.9889916181564331,
            -0.14761756360530853,
            0.0
          ],
          [
            -0.04266178607940674,
            0.14792251586914062,
            0.9880784153938293,
            0.0
          ],
          [
            0.0,
            0.0,
            0.0,
            1.0
          ]
        ],
        "rotation_mode": "QUATERNION"
      },
      "armature_space": {
        "head": {
          "x": -0.00320049817673862,
          "y": 0.00010671466588973999,
          "z": 0.00024899933487176895
        },
        "tail": {
          "x": -0.025042055174708366,
          "y": -0.04684898629784584,
          "z": 0.48549801111221313
        }
      },
      "world_space": {
        "head": {
          "x": -0.00320049817673862,
          "y": 0.06335071474313736,
          "z": 0.9501030445098877
        },
        "tail": {
          "x": -0.025042055174708366,
          "y": 0.01639501377940178,
          "z": 1.435352087020874
        },
        "rotation_quaternion": {
          "w": 0.672079861164093,
          "x": 0.7401309609413147,
          "y": -0.014078287407755852,
          "z": 0.017793715000152588
        },
        "matrix": [
          [
            0.9989703297615051,
            -0.0447571761906147,
            0.0074155814945697784,
            -0.00320049817673862
          ],
          [
            0.003077760338783264,
            -0.0962204560637474,
            -0.9953553676605225,
            0.06335071474313736
          ],
          [
            0.0452631339430809,
            0.9943602085113525,
            -0.09598518908023834,
            0.9501030445098877
          ],
          [
            0.0,
            0.0,
            0.0,
            1.0
          ]
        ]
      },
      "bone_length_armature_space": 0.4880046012489057,
      "parent": "Root",
      "has_children": true,
      "is_end_bone": false
    },
    "neck_01": {
      "name": "neck_01",
      "local": {
        "location": {
          "x": 0.0,
          "y": 0.0,
          "z": 0.0
        },
        "rotation_quaternion": {
          "w": 0.9814791679382324,
          "x": -0.06715411692857742,
          "y": 0.09831191599369049,
          "z": -0.1500793993473053
        },
        "scale": {
          "x": 1.0,
          "y": 1.0,
          "z": 1.0
        },
        "matrix_basis": [
          [
            0.9356218576431274,
            0.28139549493789673,
            0.21313908696174622,
            0.0
          ],
          [
            -0.3078037202358246,
            0.9459329843521118,
            0.10231154412031174,
            0.0
          ],
          [
            -0.17282529175281525,
            -0.16132992506027222,
            0.9716501832008362,
            0.0
          ],
          [
            0.0,
            0.0,
            0.0,
            1.0
          ]
        ],
        "rotation_mode": "QUATERNION"
      },
      "armature_space": {
        "head": {
          "x": -0.02806193009018898,
          "y": -0.08841346204280853,
          "z": 0.5549746751785278
        },
        "tail": {
          "x": -0.003349166363477707,
          "y": -0.11904774606227875,
          "z": 0.6496402025222778
        }
      },
      "world_space": {
        "head": {
          "x": -0.02806193009018898,
          "y": -0.025169461965560913,
          "z": 1.504828691482544
        },
        "tail": {
          "x": -0.003349166363477707,
          "y": -0.05580374598503113,
          "z": 1.599494218826294
        },
        "rotation_quaternion": {
          "w": 0.5679782032966614,
          "x": 0.8054660558700562,
          "y": 0.16732023656368256,
          "z": 0.02508183941245079
        },
        "matrix": [
          [
            0.9427493214607239,
            0.24104994535446167,
            0.23047471046447754,
            -0.02806193009018898
          ],
          [
            0.29803454875946045,
            -0.29880887269973755,
            -0.9065809845924377,
            -0.025169461965560913
          ],
          [
            -0.14966414868831635,
            0.9233740568161011,
            -0.3535464107990265,
            1.504828691482544
          ],
          [
            0.0,
            0.0,
            0.0,
            1.0
          ]
        ]
      },
      "bone_length_armature_space": 0.10252191053851957,
      "parent": "spine_01",
      "has_children": true,
      "is_end_bone": false
    },
    "head": {
      "name": "head",
      "local": {
        "location": {
          "x": 0.0,
          "y": 0.0,
          "z": 0.0
        },
        "rotation_quaternion": {
          "w": 0.9727927446365356,
          "x": 0.06006425991654396,
          "y": 0.16118204593658447,
          "z": 0.1552003175020218
        },
        "scale": {
          "x": 1.0,
          "y": 1.0,
          "z": 1.0
        },
        "matrix_basis": [
          [
            0.8998664021492004,
            -0.28259292244911194,
            0.3322374224662781,
            0.0
          ],
          [
            0.3213180601596832,
            0.9446102976799011,
            -0.0668291449546814,
            0.0
          ],
          [
            -0.294949471950531,
            0.1668911576271057,
            0.9408252835273743,
            0.0
          ],
          [
            0.0,
            0.0,
            0.0,
            1.0
          ]
        ],
        "rotation_mode": "QUATERNION"
      },
      "armature_space": {
        "head": {
          "x": -0.003349149599671364,
          "y": -0.1190478652715683,
          "z": 0.6496400833129883
        },
        "tail": {
          "x": -0.01633450761437416,
          "y": -0.14951284229755402,
          "z": 0.8011543154716492
        }
      },
      "world_space": {
        "head": {
          "x": -0.003349149599671364,
          "y": -0.05580386519432068,
          "z": 1.5994940996170044
        },
        "tail": {
          "x": -0.01633450761437416,
          "y": -0.0862688422203064,
          "z": 1.7510082721710205
        },
        "rotation_quaternion": {
          "w": 0.6120794415473938,
          "x": 0.7269695997238159,
          "y": 0.1647479087114334,
          "z": 0.2640683948993683
        },
        "matrix": [
          [
            0.806252658367157,
            -0.08372777700424194,
            0.5856161713600159,
            -0.003349149599671364
          ],
          [
            0.5627945065498352,
            -0.1964338719844818,
            -0.80291748046875,
            -0.05580386519432068
          ],
          [
            0.18226312100887299,
            0.9769425392150879,
            -0.11125539243221283,
            1.5994940996170044
          ],
          [
            0.0,
            0.0,
            0.0,
            1.0
          ]
        ]
      },
      "bone_length_armature_space": 0.1550912553492523,
      "parent": "neck_01",
      "has_children": false,
      "is_end_bone": true
    },
    "upperarm_l": {
      "name": "upperarm_l",
      "local": {
        "location": {
          "x": 0.0,
          "y": 0.0,
          "z": 0.0
        },
        "rotation_quaternion": {
          "w": 0.8037532567977905,
          "x": -0.22538721561431885,
          "y": 0.5481660962104797,
          "z": 0.05191747471690178
        },
        "scale": {
          "x": 1.0,
          "y": 1.0,
          "z": 1.0
        },
        "matrix_basis": [
          [
            0.3936370015144348,
            -0.3305569291114807,
            0.85777747631073,
            0.0
          ],
          [
            -0.16364158689975739,
            0.8930103778839111,
            0.41923022270202637,
            0.0
          ],
          [
            -0.9045836329460144,
            -0.30539262294769287,
            0.29742905497550964,
            0.0
          ],
          [
            0.0,
            0.0,
            0.0,
            1.0
          ]
        ],
        "rotation_mode": "QUATERNION"
      },
      "armature_space": {
        "head": {
          "x": 0.12481530010700226,
          "y": -0.08465935289859772,
          "z": 0.4946293532848358
        },
        "tail": {
          "x": 0.35801756381988525,
          "y": -0.0035504624247550964,
          "z": 0.5987726449966431
        }
      },
      "world_space": {
        "head": {
          "x": 0.12481530010700226,
          "y": -0.021415352821350098,
          "z": 1.4444833993911743
        },
        "tail": {
          "x": 0.35801756381988525,
          "y": 0.05969353765249252,
          "z": 1.5486266613006592
        },
        "rotation_quaternion": {
          "w": 0.2397327423095703,
          "x": 0.5863398313522339,
          "y": 0.7706285715103149,
          "z": 0.06975289434194565
        },
        "matrix": [
          [
            -0.19746609032154083,
            0.8702569603919983,
            0.4512869119644165,
            0.12481530010700226
          ],
          [
            0.9371445178985596,
            0.3026796281337738,
            -0.173625186085701,
            -0.021415352821350098
          ],
          [
            -0.2876950204372406,
            0.38863882422447205,
            -0.8753318190574646,
            1.4444833993911743
          ],
          [
            0.0,
            0.0,
            0.0,
            1.0
          ]
        ]
      },
      "bone_length_armature_space": 0.26796972549861486,
      "parent": "spine_01",
      "has_children": true,
      "is_end_bone": false
    },
    "lowerarm_l": {
      "name": "lowerarm_l",
      "local": {
        "location": {
          "x": 0.0,
          "y": 0.0,
          "z": 0.0
        },
        "rotation_quaternion": {
          "w": 0.9737645983695984,
          "x": 0.21626238524913788,
          "y": 0.0413137786090374,
          "z": -0.05749997869133949
        },
        "scale": {
          "x": 1.0,
          "y": 1.0,
          "z": 1.0
        },
        "matrix_basis": [
          [
            0.9899738430976868,
            0.12985211610794067,
            0.055589623749256134,
            0.0
          ],
          [
            -0.09411365538835526,
            0.8998486399650574,
            -0.42592838406562805,
            0.0
          ],
          [
            -0.1053299531340599,
            0.41642624139785767,
            0.903047502040863,
            0.0
          ],
          [
            0.0,
            0.0,
            0.0,
            1.0
          ]
        ],
        "rotation_mode": "QUATERNION"
      },
      "armature_space": {
        "head": {
          "x": 0.3580176830291748,
          "y": -0.0035505592823028564,
          "z": 0.5987727046012878
        },
        "tail": {
          "x": 0.6189733147621155,
          "y": 0.04221711307764053,
          "z": 0.5616671442985535
        }
      },
      "world_space": {
        "head": {
          "x": 0.3580176830291748,
          "y": 0.05969344079494476,
          "z": 1.5486266613006592
        },
        "tail": {
          "x": 0.6189733147621155,
          "y": 0.10546111315488815,
          "z": 1.5115211009979248
        },
        "rotation_quaternion": {
          "w": 0.08198060095310211,
          "x": 0.6239972710609436,
          "y": 0.7608014345169067,
          "z": -0.15839140117168427
        },
        "matrix": [
          [
            -0.20781290531158447,
            0.9754458069801331,
            -0.07293111085891724,
            0.3580176830291748
          ],
          [
            0.9235063195228577,
            0.17107844352722168,
            -0.34332001209259033,
            0.05969344079494476
          ],
          [
            -0.3224145770072937,
            -0.1386997401714325,
            -0.936389684677124,
            1.5486266613006592
          ],
          [
            0.0,
            0.0,
            0.0,
            1.0
          ]
        ]
      },
      "bone_length_armature_space": 0.2675244793577382,
      "parent": "upperarm_l",
      "has_children": true,
      "is_end_bone": false
    },
    "metacarpal_thumb_l": {
      "name": "metacarpal_thumb_l",
      "local": {
        "location": {
          "x": 0.0,
          "y": 0.0,
          "z": 0.0
        },
        "rotation_quaternion": {
          "w": 0.9985853433609009,
          "x": -0.05035235732793808,
          "y": -0.015165925957262516,
          "z": 0.007875628769397736
        },
        "scale": {
          "x": 1.0,
          "y": 1.0,
          "z": 1.0
        },
        "matrix_basis": [
          [
            0.999415934085846,
            -0.014201695099473,
            -0.03108205646276474,
            0.0
          ],
          [
            0.017256254330277443,
            0.9948052167892456,
            0.10032337158918381,
            0.0
          ],
          [
            0.029495829716324806,
            -0.10080113261938095,
            0.9944692850112915,
            0.0
          ],
          [
            0.0,
            0.0,
            0.0,
            1.0
          ]
        ],
        "rotation_mode": "QUATERNION"
      },
      "armature_space": {
        "head": {
          "x": 0.6189733147621155,
          "y": 0.04221711307764053,
          "z": 0.5616671442985535
        },
        "tail": {
          "x": 0.6543511152267456,
          "y": 0.0424538291990757,
          "z": 0.5269978642463684
        }
      },
      "world_space": {
        "head": {
          "x": 0.6189733147621155,
          "y": 0.10546111315488815,
          "z": 1.5115211009979248
        },
        "tail": {
          "x": 0.6543511152267456,
          "y": 0.10569782555103302,
          "z": 1.4768519401550293
        },
        "rotation_quaternion": {
          "w": 0.5676636099815369,
          "x": -0.6971217393875122,
          "y": -0.4244377613067627,
          "z": -0.10785189270973206
        },
        "matrix": [
          [
            0.616439163684845,
            0.7142168879508972,
            -0.33150631189346313,
            0.6189733147621155
          ],
          [
            0.46932587027549744,
            0.0047788918018341064,
            0.8830123543739319,
            0.10546111315488815
          ],
          [
            0.632251501083374,
            -0.6999129056930542,
            -0.33225616812705994,
            1.5115211009979248
          ],
          [
            0.0,
            0.0,
            0.0,
            1.0
          ]
        ]
      },
      "bone_length_armature_space": 0.04953386539038458,
      "parent": "lowerarm_l",
      "has_children": true,
      "is_end_bone": false
    },
    "thumb_01_l": {
      "name": "thumb_01_l",
      "local": {
        "location": {
          "x": 0.0,
          "y": 0.0,
          "z": 0.0
        },
        "rotation_quaternion": {
          "w": 0.9835091829299927,
          "x": 0.18030394613742828,
          "y": 0.0025714407674968243,
          "z": 0.013918064534664154
        },
        "scale": {
          "x": 1.0,
          "y": 1.0,
          "z": 1.0
        },
        "matrix_basis": [
          [
            0.9995993375778198,
            -0.02644980698823929,
            0.010077035054564476,
            0.0
          ],
          [
            0.028304370120167732,
            0.9345935583114624,
            -0.354589581489563,
            0.0
          ],
          [
            -3.910730083589442e-05,
            0.3547327518463135,
            0.9349677562713623,
            0.0
          ],
          [
            0.0,
            0.0,
            0.0,
            1.0
          ]
        ],
        "rotation_mode": "QUATERNION"
      },
      "armature_space": {
        "head": {
          "x": 0.6543511152267456,
          "y": 0.0424538291990757,
          "z": 0.5269978642463684
        },
        "tail": {
          "x": 0.6662400364875793,
          "y": 0.06866332143545151,
          "z": 0.5088224411010742
        }
      },
      "world_space": {
        "head": {
          "x": 0.6543511152267456,
          "y": 0.10569782555103302,
          "z": 1.4768519401550293
        },
        "tail": {
          "x": 0.6662400364875793,
          "y": 0.13190731406211853,
          "z": 1.4586764574050903
        },
        "rotation_quaternion": {
          "w": 0.9090164303779602,
          "x": -0.22642305493354797,
          "y": 0.2422521561384201,
          "z": -0.25245964527130127
        },
        "matrix": [
          [
            0.7551555633544922,
            0.34927743673324585,
            0.5547475218772888,
            0.6543511152267456
          ],
          [
            -0.5686833262443542,
            0.7699937224388123,
            0.2893260717391968,
            0.10569782555103302
          ],
          [
            -0.3260997235774994,
            -0.5339650511741638,
            0.780099093914032,
            1.4768519401550293
          ],
          [
            0.0,
            0.0,
            0.0,
            1.0
          ]
        ]
      },
      "bone_length_armature_space": 0.03403865335804429,
      "parent": "metacarpal_thumb_l",
      "has_children": true,
      "is_end_bone": false
    },
    "thumb_02_l": {
      "name": "thumb_02_l",
      "local": {
        "location": {
          "x": 0.0,
          "y": 0.0,
          "z": 0.0
        },
        "rotation_quaternion": {
          "w": 0.9361511468887329,
          "x": 0.35151246190071106,
          "y": 0.006747232750058174,
          "z": -0.0038242535665631294
        },
        "scale": {
          "x": 1.0,
          "y": 1.0,
          "z": 1.0
        },
        "matrix_basis": [
          [
            0.9998797178268433,
            0.011903631500899792,
            0.009944314137101173,
            0.0
          ],
          [
            -0.0024166859220713377,
            0.752848744392395,
            -0.6581891775131226,
            0.0
          ],
          [
            -0.015321404673159122,
            0.6580860018730164,
            0.7527869343757629,
            0.0
          ],
          [
            0.0,
            0.0,
            0.0,
            1.0
          ]
        ],
        "rotation_mode": "QUATERNION"
      },
      "armature_space": {
        "head": {
          "x": 0.6662399768829346,
          "y": 0.06866331398487091,
          "z": 0.5088224411010742
        },
        "tail": {
          "x": 0.6995564103126526,
          "y": 0.055633269250392914,
          "z": 0.527082085609436
        }
      },
      "world_space": {
        "head": {
          "x": 0.6662399768829346,
          "y": 0.13190731406211853,
          "z": 1.4586764574050903
        },
        "tail": {
          "x": 0.6995564103126526,
          "y": 0.11887726932764053,
          "z": 1.4769361019134521
        },
        "rotation_quaternion": {
          "w": 0.5758225321769714,
          "x": 0.4843091666698456,
          "y": 0.0788520947098732,
          "z": -0.6539537310600281
        },
        "matrix": [
          [
            0.13225609064102173,
            0.8295018672943115,
            -0.5426180958747864,
            0.6662399768829346
          ],
          [
            -0.6767447590827942,
            -0.32441776990890503,
            -0.6608859896659851,
            0.13190731406211853
          ],
          [
            -0.7242467999458313,
            0.4546233117580414,
            0.5184580087661743,
            1.4586764574050903
          ],
          [
            0.0,
            0.0,
            0.0,
            1.0
          ]
        ]
      },
      "bone_length_armature_space": 0.04016442941191465,
      "parent": "thumb_01_l",
      "has_children": true,
      "is_end_bone": false
    },
    "thumb_03_l": {
      "name": "thumb_03_l",
      "local": {
        "location": {
          "x": 0.0,
          "y": 0.0,
          "z": 0.0
        },
        "rotation_quaternion": {
          "w": 0.9874537587165833,
          "x": 0.15785223245620728,
          "y": -0.0017825213726609945,
          "z": -0.0038204852025955915
        },
        "scale": {
          "x": 1.0,
          "y": 1.0,
          "z": 1.0
        },
        "matrix_basis": [
          [
            0.9999644756317139,
            0.006982354912906885,
            -0.00472645927220583,
            0.0
          ],
          [
            -0.00810785498470068,
            0.950136125087738,
            -0.31172993779182434,
            0.0
          ],
          [
            0.002314170589670539,
            0.3117571771144867,
            0.9501590132713318,
            0.0
          ],
          [
            0.0,
            0.0,
            0.0,
            1.0
          ]
        ],
        "rotation_mode": "QUATERNION"
      },
      "armature_space": {
        "head": {
          "x": 0.6995564699172974,
          "y": 0.055633291602134705,
          "z": 0.5270819664001465
        },
        "tail": {
          "x": 0.7118999361991882,
          "y": 0.03705659136176109,
          "z": 0.5478049516677856
        }
      },
      "world_space": {
        "head": {
          "x": 0.6995564699172974,
          "y": 0.11887729167938232,
          "z": 1.4769359827041626
        },
        "tail": {
          "x": 0.7118999361991882,
          "y": 0.10030059516429901,
          "z": 1.4976589679718018
        },
        "rotation_quaternion": {
          "w": 0.44090965390205383,
          "x": 0.7463260293006897,
          "y": -0.022629885002970695,
          "z": -0.4980803430080414
        },
        "matrix": [
          [
            0.5028089880943298,
            0.40543657541275024,
            -0.7634158730506897,
            0.6995564699172974
          ],
          [
            -0.4729944169521332,
            -0.6101747751235962,
            -0.6355814933776855,
            0.11887729167938232
          ],
          [
            -0.7235105037689209,
            0.6806719303131104,
            -0.11503355205059052,
            1.4769359827041626
          ],
          [
            0.0,
            0.0,
            0.0,
            1.0
          ]
        ]
      },
      "bone_length_armature_space": 0.030444984163374808,
      "parent": "thumb_02_l",
      "has_children": false,
      "is_end_bone": true
    },
    "metacarpal_index_l": {
      "name": "metacarpal_index_l",
      "local": {
        "location": {
          "x": 0.0,
          "y": 0.0,
          "z": 0.0
        },
        "rotation_quaternion": {
          "w": 0.9990860223770142,
          "x": -0.041534341871738434,
          "y": 0.00399899622425437,
          "z": -0.00928434543311596
        },
        "scale": {
          "x": 1.0,
          "y": 1.0,
          "z": 1.0
        },
        "matrix_basis": [
          [
            0.9997956156730652,
            0.01821952871978283,
            0.008761920966207981,
            0.0
          ],
          [
            -0.01888391003012657,
            0.9963774085044861,
            0.08291850239038467,
            0.0
          ],
          [
            -0.007219444029033184,
            -0.08306701481342316,
            0.9965178370475769,
            0.0
          ],
          [
            0.0,
            0.0,
            0.0,
            1.0
          ]
        ],
        "rotation_mode": "QUATERNION"
      },
      "armature_space": {
        "head": {
          "x": 0.6189733147621155,
          "y": 0.04221711307764053,
          "z": 0.5616671442985535
        },
        "tail": {
          "x": 0.7278583645820618,
          "y": 0.051127221435308456,
          "z": 0.5193127989768982
        }
      },
      "world_space": {
        "head": {
          "x": 0.6189733147621155,
          "y": 0.10546111315488815,
          "z": 1.5115211009979248
        },
        "tail": {
          "x": 0.7278583645820618,
          "y": 0.11437122523784637,
          "z": 1.4691667556762695
        },
        "rotation_quaternion": {
          "w": 0.33264321088790894,
          "x": -0.6763139963150024,
          "y": -0.6537346839904785,
          "z": -0.06766831874847412
        },
        "matrix": [
          [
            0.13610196113586426,
            0.9292775988578796,
            -0.3433934450149536,
            0.6189733147621155
          ],
          [
            0.8392426371574402,
            0.07604314386844635,
            0.5384140610694885,
            0.10546111315488815
          ],
          [
            0.5264533162117004,
            -0.36147230863571167,
            -0.7695447206497192,
            1.5115211009979248
          ],
          [
            0.0,
            0.0,
            0.0,
            1.0
          ]
        ]
      },
      "bone_length_armature_space": 0.11717181805522946,
      "parent": "lowerarm_l",
      "has_children": true,
      "is_end_bone": false
    },
    "index_01_l": {
      "name": "index_01_l",
      "local": {
        "location": {
          "x": 0.0,
          "y": 0.0,
          "z": 0.0
        },
        "rotation_quaternion": {
          "w": 0.9710766673088074,
          "x": 0.23817984759807587,
          "y": 0.013885660097002983,
          "z": 0.009370526298880577
        },
        "scale": {
          "x": 1.0,
          "y": 1.0,
          "z": 1.0
        },
        "matrix_basis": [
          [
            0.9994387626647949,
            -0.011584430001676083,
            0.03143182396888733,
            0.0
          ],
          [
            0.024813568219542503,
            0.8863651156425476,
            -0.46232154965400696,
            0.0
          ],
          [
            -0.02250434085726738,
            0.46284201741218567,
            0.8861550688743591,
            0.0
          ],
          [
            0.0,
            0.0,
            0.0,
            1.0
          ]
        ],
        "rotation_mode": "QUATERNION"
      },
      "armature_space": {
        "head": {
          "x": 0.7278583645820618,
          "y": 0.051127221435308456,
          "z": 0.5193127989768982
        },
        "tail": {
          "x": 0.7491862773895264,
          "y": 0.06593647599220276,
          "z": 0.5075281858444214
        }
      },
      "world_space": {
        "head": {
          "x": 0.7278583645820618,
          "y": 0.11437122523784637,
          "z": 1.4691667556762695
        },
        "tail": {
          "x": 0.7491862773895264,
          "y": 0.12918047606945038,
          "z": 1.4573822021484375
        },
        "rotation_quaternion": {
          "w": 0.4216500520706177,
          "x": -0.49022284150123596,
          "y": -0.7628190517425537,
          "z": -7.8498778748326e-05
        },
        "matrix": [
          [
            -0.16378416121006012,
            0.7479707598686218,
            -0.6432062387466431,
            0.7278583645820618
          ],
          [
            0.7478368878364563,
            0.519361138343811,
            0.4135269224643707,
            0.11437122523784637
          ],
          [
            0.6433676481246948,
            -0.4132867753505707,
            -0.6444272398948669,
            1.4691667556762695
          ],
          [
            0.0,
            0.0,
            0.0,
            1.0
          ]
        ]
      },
      "bone_length_armature_space": 0.028514399700179938,
      "parent": "metacarpal_index_l",
      "has_children": true,
      "is_end_bone": false
    },
    "index_02_l": {
      "name": "index_02_l",
      "local": {
        "location": {
          "x": 0.0,
          "y": 0.0,
          "z": 0.0
        },
        "rotation_quaternion": {
          "w": 0.9189924597740173,
          "x": 0.39418911933898926,
          "y": -0.007542181760072708,
          "z": -0.003305585589259863
        },
        "scale": {
          "x": 1.0,
          "y": 1.0,
          "z": 1.0
        },
        "matrix_basis": [
          [
            0.999864399433136,
            0.00012952448741998523,
            -0.016468467190861702,
            0.0
          ],
          [
            -0.01202170830219984,
            0.6892080307006836,
            -0.7244638204574585,
            0.0
          ],
          [
            0.011256364174187183,
            0.7245635390281677,
            0.6891161203384399,
            0.0
          ],
          [
            0.0,
            0.0,
            0.0,
            1.0
          ]
        ],
        "rotation_mode": "QUATERNION"
      },
      "armature_space": {
        "head": {
          "x": 0.7491863965988159,
          "y": 0.0659366250038147,
          "z": 0.5075277090072632
        },
        "tail": {
          "x": 0.7514816522598267,
          "y": 0.08238623291254044,
          "z": 0.4879768192768097
        }
      },
      "world_space": {
        "head": {
          "x": 0.7491863965988159,
          "y": 0.12918062508106232,
          "z": 1.4573817253112793
        },
        "tail": {
          "x": 0.7514816522598267,
          "y": 0.14563024044036865,
          "z": 1.4378308057785034
        },
        "rotation_quaternion": {
          "w": 0.5418437719345093,
          "x": -0.2911832928657532,
          "y": -0.7259612083435059,
          "z": 0.3075677752494812
        },
        "matrix": [
          [
            -0.2432362586259842,
            0.08947122097015381,
            -0.9658316969871521,
            0.7491863965988159
          ],
          [
            0.7560835480690002,
            0.6412285566329956,
            -0.13101187348365784,
            0.12918062508106232
          ],
          [
            0.6076021790504456,
            -0.7621210813522339,
            -0.223619282245636,
            1.4573817253112793
          ],
          [
            0.0,
            0.0,
            0.0,
            1.0
          ]
        ]
      },
      "bone_length_armature_space": 0.025653363998083455,
      "parent": "index_01_l",
      "has_children": true,
      "is_end_bone": false
    },
    "index_03_l": {
      "name": "index_03_l",
      "local": {
        "location": {
          "x": 0.0,
          "y": 0.0,
          "z": 0.0
        },
        "rotation_quaternion": {
          "w": 0.9701311588287354,
          "x": 0.2425040900707245,
          "y": 0.00370216416195035,
          "z": -0.004875794518738985
        },
        "scale": {
          "x": 1.0,
          "y": 1.0,
          "z": 1.0
        },
        "matrix_basis": [
          [
            0.9999250173568726,
            0.011255900375545025,
            0.004818369168788195,
            0.0
          ],
          [
            -0.007664740551263094,
            0.8823359608650208,
            -0.47055765986442566,
            0.0
          ],
          [
            -0.00954797025769949,
            0.4704854488372803,
            0.8823561072349548,
            0.0
          ],
          [
            0.0,
            0.0,
            0.0,
            1.0
          ]
        ],
        "rotation_mode": "QUATERNION"
      },
      "armature_space": {
        "head": {
          "x": 0.7514817714691162,
          "y": 0.08238622546195984,
          "z": 0.48797687888145447
        },
        "tail": {
          "x": 0.7374218702316284,
          "y": 0.09856569766998291,
          "z": 0.46812036633491516
        }
      },
      "world_space": {
        "head": {
          "x": 0.7514817714691162,
          "y": 0.14563022553920746,
          "z": 1.437830924987793
        },
        "tail": {
          "x": 0.7374218702316284,
          "y": 0.16180969774723053,
          "z": 1.4179743528366089
        },
        "rotation_quaternion": {
          "w": 0.6388210654258728,
          "x": -0.09133807569742203,
          "y": -0.6072705984115601,
          "z": 0.46345165371894836
        },
        "matrix": [
          [
            -0.16713082790374756,
            -0.4811946153640747,
            -0.8605340123176575,
            0.7514817714691162
          ],
          [
            0.7030600905418396,
            0.553737223148346,
            -0.4461861848831177,
            0.14563022553920746
          ],
          [
            0.6912177801132202,
            -0.6795827150344849,
            0.2457636147737503,
            1.437830924987793
          ],
          [
            0.0,
            0.0,
            0.0,
            1.0
          ]
        ]
      },
      "bone_length_armature_space": 0.029218782464193602,
      "parent": "index_02_l",
      "has_children": false,
      "is_end_bone": true
    },
    "metacarpal_pinky_l": {
      "name": "metacarpal_pinky_l",
      "local": {
        "location": {
          "x": 0.0,
          "y": 0.0,
          "z": 0.0
        },
        "rotation_quaternion": {
          "w": 0.9998763799667358,
          "x": 0.0027560568414628506,
          "y": 0.011599757708609104,
          "z": -0.010255306959152222
        },
        "scale": {
          "x": 1.0,
          "y": 1.0,
          "z": 1.0
        },
        "matrix_basis": [
          [
            0.9995205402374268,
            0.02057201787829399,
            0.02314011938869953,
            0.0
          ],
          [
            -0.02044413983821869,
            0.9997744560241699,
            -0.005749350413680077,
            0.0
          ],
          [
            -0.023253176361322403,
            0.005273513961583376,
            0.9997156858444214,
            0.0
          ],
          [
            0.0,
            0.0,
            0.0,
            1.0
          ]
        ],
        "rotation_mode": "QUATERNION"
      },
      "armature_space": {
        "head": {
          "x": 0.6189733147621155,
          "y": 0.04221711307764053,
          "z": 0.5616671442985535
        },
        "tail": {
          "x": 0.7184087634086609,
          "y": 0.0699872225522995,
          "z": 0.5752550363540649
        }
      },
      "world_space": {
        "head": {
          "x": 0.6189733147621155,
          "y": 0.10546111315488815,
          "z": 1.5115211009979248
        },
        "tail": {
          "x": 0.7184087634086609,
          "y": 0.13323122262954712,
          "z": 1.525109052658081
        },
        "rotation_quaternion": {
          "w": 0.5998227000236511,
          "x": 0.45608121156692505,
          "y": 0.5230246186256409,
          "z": -0.3983062505722046
        },
        "matrix": [
          [
            0.13559509813785553,
            0.9549093246459961,
            0.26412487030029297,
            0.6189733147621155
          ],
          [
            -0.0007440056651830673,
            0.26668500900268555,
            -0.9637836217880249,
            0.10546111315488815
          ],
          [
            -0.9907712340354919,
            0.130488783121109,
            0.03687090426683426,
            1.5115211009979248
          ],
          [
            0.0,
            0.0,
            0.0,
            1.0
          ]
        ]
      },
      "bone_length_armature_space": 0.10413077480054163,
      "parent": "lowerarm_l",
      "has_children": true,
      "is_end_bone": false
    },
    "pinky_01_l": {
      "name": "pinky_01_l",
      "local": {
        "location": {
          "x": 0.0,
          "y": 0.0,
          "z": 0.0
        },
        "rotation_quaternion": {
          "w": 0.9529629945755005,
          "x": 0.30275583267211914,
          "y": 0.012110017240047455,
          "z": 0.007341728080064058
        },
        "scale": {
          "x": 1.0,
          "y": 1.0,
          "z": 1.0
        },
        "matrix_basis": [
          [
            0.9995989203453064,
            -0.006660033483058214,
            0.02752629853785038,
            0.0
          ],
          [
            0.021325547248125076,
            0.816569983959198,
            -0.5768523812294006,
            0.0
          ],
          [
            -0.01863529533147812,
            0.5772080421447754,
            0.816384494304657,
            0.0
          ],
          [
            0.0,
            0.0,
            0.0,
            1.0
          ]
        ],
        "rotation_mode": "QUATERNION"
      },
      "armature_space": {
        "head": {
          "x": 0.7184087634086609,
          "y": 0.0699872225522995,
          "z": 0.5752550363540649
        },
        "tail": {
          "x": 0.7326106429100037,
