{
  "metadata": {
    "armature_name": "KIM_caucasian_male",
    "export_time": "2026-01-13T21:15:49.118401",
    "blender_version": "4.4.1",
    "bone_count": 56,
    "end_bone_count": 13,
    "spaces_included": [
      "LOCAL_CHANNELS",
      "ARMATURE_SPACE",
      "WORLD_SPACE"
    ],
    "note": "LOCAL matches Transform panel; replay pose via local.matrix_basis for best fidelity."
  },
  "bones": {
    "Root": {
      "name": "Root",
      "local": {
        "location": {
          "x": 0.0,
          "y": 0.0,
          "z": 0.0
        },
        "rotation_quaternion": {
          "w": 0.9997676610946655,
          "x": -0.01733487844467163,
          "y": -0.006300135049968958,
          "z": -0.011155905202031136
        },
        "scale": {
          "x": 1.0,
          "y": 1.0,
          "z": 1.0
        },
        "matrix_basis": [
          [
            0.9996716976165771,
            0.02252504974603653,
            -0.012210570275783539,
            0.0
          ],
          [
            -0.022088201716542244,
            0.9991500973701477,
            0.03480226919054985,
            0.0
          ],
          [
            0.012984114699065685,
            -0.034521132707595825,
            0.9993196129798889,
            0.0
          ],
          [
            0.0,
            0.0,
            0.0,
            1.0
          ]
        ],
        "rotation_mode": "QUATERNION"
      },
      "armature_space": {
        "head": {
          "x": 0.0,
          "y": 0.07072800397872925,
          "z": -0.009595036506652832
        },
        "tail": {
          "x": 0.0016077449545264244,
          "y": 0.00039134174585342407,
          "z": 0.0024334732443094254
        }
      },
      "world_space": {
        "head": {
          "x": 0.0,
          "y": 0.13397200405597687,
          "z": 0.9402589797973633
        },
        "tail": {
          "x": 0.0016077449545264244,
          "y": 0.06363534182310104,
          "z": 0.952287495136261
        },
        "rotation_quaternion": {
          "w": 0.08464749902486801,
          "x": 0.996328592300415,
          "y": 0.010706132277846336,
          "z": -0.007037373259663582
        },
        "matrix": [
          [
            0.9996716976165771,
            0.02252504974603653,
            -0.012210570275783539,
            0.0
          ],
          [
            0.02014225907623768,
            -0.9854403138160706,
            -0.16882461309432983,
            0.13397200405597687
          ],
          [
            -0.015835661441087723,
            0.16852347552776337,
            -0.9855775237083435,
            0.9402589797973633
          ],
          [
            0.0,
            0.0,
            0.0,
            1.0
          ]
        ]
      },
      "bone_length_armature_space": 0.07137587790788412,
      "parent": null,
      "has_children": true,
      "is_end_bone": false
    },
    "spine_01": {
      "name": "spine_01",
      "local": {
        "location": {
          "x": 0.0,
          "y": 0.0,
          "z": 0.0
        },
        "rotation_quaternion": {
          "w": 0.9998656511306763,
          "x": -0.002075666794553399,
          "y": 0.006021075416356325,
          "z": 0.015106597915291786
        },
        "scale": {
          "x": 1.0,
          "y": 1.0,
          "z": 1.0
        },
        "matrix_basis": [
          [
            0.9994710683822632,
            -0.03023413196206093,
            0.01197782065719366,
            0.0
          ],
          [
            0.03018414042890072,
            0.9995349645614624,
            0.0043326918967068195,
            0.0
          ],
          [
            -0.012103245593607426,
            -0.003968860022723675,
            0.9999188780784607,
            0.0
          ],
          [
            0.0,
            0.0,
            0.0,
            1.0
          ]
        ],
        "rotation_mode": "QUATERNION"
      },
      "armature_space": {
        "head": {
          "x": 0.0016077449545264244,
          "y": 0.00039134174585342407,
          "z": 0.0024334732443094254
        },
        "tail": {
          "x": -0.00628364272415638,
          "y": 0.041768960654735565,
          "z": 0.4886167645454407
        }
      },
      "world_space": {
        "head": {
          "x": 0.0016077449545264244,
          "y": 0.06363534182310104,
          "z": 0.952287495136261
        },
        "tail": {
          "x": -0.00628364272415638,
          "y": 0.10501296073198318,
          "z": 1.4384708404541016
        },
        "rotation_quaternion": {
          "w": 0.7364428639411926,
          "x": 0.6762452125549316,
          "y": 0.006832086481153965,
          "z": 0.017252637073397636
        },
        "matrix": [
          [
            0.9993113279342651,
            -0.016170835122466087,
            0.03339701518416405,
            0.0016077449545264244
          ],
          [
            0.034651607275009155,
            0.08478999137878418,
            -0.9957962036132812,
            0.06363534182310104
          ],
          [
            0.013271249830722809,
            0.9962747097015381,
            0.08529160916805267,
            0.952287495136261
          ],
          [
            0.0,
            0.0,
            0.0,
            1.0
          ]
        ]
      },
      "bone_length_armature_space": 0.4880046780706581,
      "parent": "Root",
      "has_children": true,
      "is_end_bone": false
    },
    "neck_01": {
      "name": "neck_01",
      "local": {
        "location": {
          "x": 0.0,
          "y": 0.0,
          "z": 0.0
        },
        "rotation_quaternion": {
          "w": 0.9906995296478271,
          "x": 0.072750024497509,
          "y": 0.1139589473605156,
          "z": 0.015342452563345432
        },
        "scale": {
          "x": 1.0,
          "y": 1.0,
          "z": 1.0
        },
        "matrix_basis": [
          [
            0.9735559225082397,
            -0.013818488456308842,
            0.2280304729938507,
            0.0
          ],
          [
            0.04698055237531662,
            0.9889441132545471,
            -0.14065000414848328,
            0.0
          ],
          [
            -0.22356581687927246,
            0.14764365553855896,
            0.9634416103363037,
            0.0
          ],
          [
            0.0,
            0.0,
            0.0,
            1.0
          ]
        ],
        "rotation_mode": "QUATERNION"
      },
      "armature_space": {
        "head": {
          "x": -0.006309422664344311,
          "y": 0.013442501425743103,
          "z": 0.5645204186439514
        },
        "tail": {
          "x": -0.007421232759952545,
          "y": -0.031438905745744705,
          "z": 0.6566895842552185
        }
      },
      "world_space": {
        "head": {
          "x": -0.006309422664344311,
          "y": 0.07668650150299072,
          "z": 1.5143744945526123
        },
        "tail": {
          "x": -0.007421232759952545,
          "y": 0.031805094331502914,
          "z": 1.6065435409545898
        },
        "rotation_quaternion": {
          "w": 0.5261292457580566,
          "x": 0.8400374054908752,
          "y": 0.06557270884513855,
          "z": 0.11500202119350433
        },
        "matrix": [
          [
            0.9649496674537659,
            -0.010844670236110687,
            0.2622111737728119,
            -0.006309422664344311
          ],
          [
            0.23117877542972565,
            -0.43777626752853394,
            -0.8688548803329468,
            0.07668650150299072
          ],
          [
            0.1242133229970932,
            0.8990244269371033,
            -0.4199286699295044,
            1.5143744945526123
          ],
          [
            0.0,
            0.0,
            0.0,
            1.0
          ]
        ]
      },
      "bone_length_armature_space": 0.10252185870450659,
      "parent": "spine_01",
      "has_children": true,
      "is_end_bone": false
    },
    "head": {
      "name": "head",
      "local": {
        "location": {
          "x": 0.0,
          "y": 0.0,
          "z": 0.0
        },
        "rotation_quaternion": {
          "w": 0.9846919178962708,
          "x": -0.13104088604450226,
          "y": 0.10171099752187729,
          "z": 0.05352538451552391
        },
        "scale": {
          "x": 1.0,
          "y": 1.0,
          "z": 1.0
        },
        "matrix_basis": [
          [
            0.9735798239707947,
            -0.13206861913204193,
            0.18627996742725372,
            0.0
          ],
          [
            0.07875543087720871,
            0.9599266648292542,
            0.26895803213119507,
            0.0
          ],
          [
            -0.21433602273464203,
            -0.24718156456947327,
            0.9449663162231445,
            0.0
          ],
          [
            0.0,
            0.0,
            0.0,
            1.0
          ]
        ],
        "rotation_mode": "QUATERNION"
      },
      "armature_space": {
        "head": {
          "x": -0.0074211908504366875,
          "y": -0.03143901005387306,
          "z": 0.656689465045929
        },
        "tail": {
          "x": -0.052017275243997574,
          "y": -0.01299205794930458,
          "z": 0.8040807247161865
        }
      },
      "world_space": {
        "head": {
          "x": -0.0074211908504366875,
          "y": 0.03180499002337456,
          "z": 1.6065435409545898
        },
        "tail": {
          "x": -0.052017275243997574,
          "y": 0.05025194212794304,
          "z": 1.7539347410202026
        },
        "rotation_quaternion": {
          "w": 0.745995283126831,
          "x": 0.6196084022521973,
          "y": 0.05442987009882927,
          "z": 0.2379368245601654
        },
        "matrix": [
          [
            0.8808462619781494,
            -0.28754931688308716,
            0.376065731048584,
            -0.0074211908504366875
          ],
          [
            0.4224516451358795,
            0.11894336342811584,
            -0.8985475301742554,
            0.03180499002337456
          ],
          [
            0.2136480212211609,
            0.9503583312034607,
            0.22624719142913818,
            1.6065435409545898
          ],
          [
            0.0,
            0.0,
            0.0,
            1.0
          ]
        ]
      },
      "bone_length_armature_space": 0.15509121148461713,
      "parent": "neck_01",
      "has_children": false,
      "is_end_bone": true
    },
    "upperarm_l": {
      "name": "upperarm_l",
      "local": {
        "location": {
          "x": 0.0,
          "y": 0.0,
          "z": 0.0
        },
        "rotation_quaternion": {
          "w": 0.9971561431884766,
          "x": 0.012460044585168362,
          "y": 0.07420624792575836,
          "z": 0.004233513958752155
        },
        "scale": {
          "x": 1.0,
          "y": 1.0,
          "z": 1.0
        },
        "matrix_basis": [
          [
            0.9889510273933411,
            -0.0065937223844230175,
            0.14809593558311462,
            0.0
          ],
          [
            0.010292175225913525,
            0.9996536374092102,
            -0.024220913648605347,
            0.0
          ],
          [
            -0.14788493514060974,
            0.02547752670943737,
            0.9886763691902161,
            0.0
          ],
          [
            0.0,
            0.0,
            0.0,
            1.0
          ]
        ],
        "rotation_mode": "QUATERNION"
      },
      "armature_space": {
        "head": {
          "x": 0.14478060603141785,
          "y": 0.009765978902578354,
          "z": 0.49982571601867676
        },
        "tail": {
          "x": 0.4124549925327301,
          "y": 0.022296350449323654,
          "z": 0.49881094694137573
        }
      },
      "world_space": {
        "head": {
          "x": 0.14478060603141785,
          "y": 0.07300998270511627,
          "z": 1.4496797323226929
        },
        "tail": {
          "x": 0.4124549925327301,
          "y": 0.08554035425186157,
          "z": 1.448664903640747
        },
        "rotation_quaternion": {
          "w": 0.48777925968170166,
          "x": 0.5080826282501221,
          "y": 0.5342772006988525,
          "z": -0.46740907430648804
        },
        "matrix": [
          [
            -0.007845917716622353,
            0.998898983001709,
            0.04625280201435089,
            0.14478060603141785
          ],
          [
            0.08692867308855057,
            0.046760447323322296,
            -0.995116651058197,
            0.07300998270511627
          ],
          [
            -0.9961905479431152,
            -0.003786936867982149,
            -0.08720135688781738,
            1.4496797323226929
          ],
          [
            0.0,
            0.0,
            0.0,
            1.0
          ]
        ]
      },
      "bone_length_armature_space": 0.26796942683314257,
      "parent": "spine_01",
      "has_children": true,
      "is_end_bone": false
    },
    "lowerarm_l": {
      "name": "lowerarm_l",
      "local": {
        "location": {
          "x": 0.0,
          "y": 0.0,
          "z": 0.0
        },
        "rotation_quaternion": {
          "w": 0.9072982668876648,
          "x": 0.39161646366119385,
          "y": 0.05499633401632309,
          "z": -0.14290563762187958
        },
        "scale": {
          "x": 1.0,
          "y": 1.0,
          "z": 1.0
        },
        "matrix_basis": [
          [
            0.9531067609786987,
            0.30239102244377136,
            -0.012132244184613228,
            0.0
          ],
          [
            -0.21624113619327545,
            0.6524290442466736,
            -0.7263444662094116,
            0.0
          ],
          [
            -0.21172456443309784,
            0.6949073076248169,
            0.6872239112854004,
            0.0
          ],
          [
            0.0,
            0.0,
            0.0,
            1.0
          ]
        ],
        "rotation_mode": "QUATERNION"
      },
      "armature_space": {
        "head": {
          "x": 0.41245508193969727,
          "y": 0.022296292707324028,
          "z": 0.4988110661506653
        },
        "tail": {
          "x": 0.5760579705238342,
          "y": -0.18029586970806122,
          "z": 0.4374926686286926
        }
      },
      "world_space": {
        "head": {
          "x": 0.41245508193969727,
          "y": 0.0855402946472168,
          "z": 1.4486651420593262
        },
        "tail": {
          "x": 0.5760579705238342,
          "y": -0.1170518696308136,
          "z": 1.3873467445373535
        },
        "rotation_quaternion": {
          "w": 0.15797396004199982,
          "x": 0.6331200003623962,
          "y": 0.3104877769947052,
          "z": -0.6912313103675842
        },
        "matrix": [
          [
            -0.14840732514858246,
            0.6115436553955078,
            -0.7771676182746887,
            0.41245508193969727
          ],
          [
            0.17475786805152893,
            -0.7572845816612244,
            -0.6292695999145508,
            0.0855402946472168
          ],
          [
            -0.9733693599700928,
            -0.22920669615268707,
            0.005513947457075119,
            1.4486651420593262
          ],
          [
            0.0,
            0.0,
            0.0,
            1.0
          ]
        ]
      },
      "bone_length_armature_space": 0.2675246429769619,
      "parent": "upperarm_l",
      "has_children": true,
      "is_end_bone": false
    },
    "metacarpal_thumb_l": {
      "name": "metacarpal_thumb_l",
      "local": {
        "location": {
          "x": 0.0,
          "y": 0.0,
          "z": 0.0
        },
        "rotation_quaternion": {
          "w": 0.9997946619987488,
          "x": -0.019369540736079216,
          "y": 0.005477273836731911,
          "z": 0.0023409812711179256
        },
        "scale": {
          "x": 1.0,
          "y": 1.0,
          "z": 1.0
        },
        "matrix_basis": [
          [
            0.9999290108680725,
            -0.004893185570836067,
            0.010861610993742943,
            0.0
          ],
          [
            0.004468816798180342,
            0.9992386698722839,
            0.03875677287578583,
            0.0
          ],
          [
            -0.011042986065149307,
            -0.038705483078956604,
            0.9991896152496338,
            0.0
          ],
          [
            0.0,
            0.0,
            0.0,
            1.0
          ]
        ],
        "rotation_mode": "QUATERNION"
      },
      "armature_space": {
        "head": {
          "x": 0.5760579705238342,
          "y": -0.18029586970806122,
          "z": 0.4374926686286926
        },
        "tail": {
          "x": 0.5761384963989258,
          "y": -0.22725170850753784,
          "z": 0.4217214584350586
        }
      },
      "world_space": {
        "head": {
          "x": 0.5760579705238342,
          "y": -0.1170518696308136,
          "z": 1.3873467445373535
        },
        "tail": {
          "x": 0.5761384963989258,
          "y": -0.16400770843029022,
          "z": 1.3715754747390747
        },
        "rotation_quaternion": {
          "w": 0.16032828390598297,
          "x": -0.9814376831054688,
          "y": -0.017772773280739784,
          "z": 0.10372637212276459
        },
        "matrix": [
          [
            0.9778499007225037,
            0.0016252389177680016,
            -0.20930083096027374,
            0.5760579705238342
          ],
          [
            0.068146251142025,
            -0.9479581713676453,
            0.31101691722869873,
            -0.1170518696308136
          ],
          [
            -0.19790427386760712,
            -0.3183940351009369,
            -0.9270776510238647,
            1.3873467445373535
          ],
          [
            0.0,
            0.0,
            0.0,
            1.0
          ]
        ]
      },
      "bone_length_armature_space": 0.04953370923918341,
      "parent": "lowerarm_l",
      "has_children": true,
      "is_end_bone": false
    },
    "thumb_01_l": {
      "name": "thumb_01_l",
      "local": {
        "location": {
          "x": 0.0,
          "y": 0.0,
          "z": 0.0
        },
        "rotation_quaternion": {
          "w": 0.9992749094963074,
          "x": 0.03740139678120613,
          "y": 0.0005259859026409686,
          "z": 0.007108256220817566
        },
        "scale": {
          "x": 1.0,
          "y": 1.0,
          "z": 1.0
        },
        "matrix_basis": [
          [
            0.999898374080658,
            -0.014166858978569508,
            0.001582926488481462,
            0.0
          ],
          [
            0.014245549216866493,
            0.9971011877059937,
            -0.07474108040332794,
            0.0
          ],
          [
            -0.0005194916157051921,
            0.07475603371858597,
            0.9972017407417297,
            0.0
          ],
          [
            0.0,
            0.0,
            0.0,
            1.0
          ]
        ],
        "rotation_mode": "QUATERNION"
      },
      "armature_space": {
        "head": {
          "x": 0.5761384963989258,
          "y": -0.22725170850753784,
          "z": 0.4217214584350586
        },
        "tail": {
          "x": 0.5692488551139832,
          "y": -0.24046413600444794,
          "z": 0.39111748337745667
        }
      },
      "world_space": {
        "head": {
          "x": 0.5761384963989258,
          "y": -0.16400770843029022,
          "z": 1.3715754747390747
        },
        "tail": {
          "x": 0.5692488551139832,
          "y": -0.17722013592720032,
          "z": 1.3409714698791504
        },
        "rotation_quaternion": {
          "w": 0.3557855188846588,
          "x": -0.6629157662391663,
          "y": 0.4234809875488281,
          "z": -0.5046020150184631
        },
        "matrix": [
          [
            0.13208109140396118,
            -0.20240607857704163,
            0.9703537821769714,
            0.5761384963989258
          ],
          [
            -0.9205248951911926,
            -0.3881605863571167,
            0.04433213174343109,
            -0.16400770843029022
          ],
          [
            0.3676815927028656,
            -0.8990967869758606,
            -0.23759019374847412,
            1.3715754747390747
          ],
          [
            0.0,
            0.0,
            0.0,
            1.0
          ]
        ]
      },
      "bone_length_armature_space": 0.03403878209219663,
      "parent": "metacarpal_thumb_l",
      "has_children": true,
      "is_end_bone": false
    },
    "thumb_02_l": {
      "name": "thumb_02_l",
      "local": {
        "location": {
          "x": 0.0,
          "y": 0.0,
          "z": 0.0
        },
        "rotation_quaternion": {
          "w": 0.9887892603874207,
          "x": 0.14914986491203308,
          "y": -0.0022375222761183977,
          "z": 0.006711086258292198
        },
        "scale": {
          "x": 1.0,
          "y": 1.0,
          "z": 1.0
        },
        "matrix_basis": [
          [
            0.9998999238014221,
            -0.013939152471721172,
            -0.0024229607079178095,
            0.0
          ],
          [
            0.012604247778654099,
            0.955418586730957,
            -0.2949855923652649,
            0.0
          ],
          [
            0.0064267911948263645,
            0.2949255406856537,
            0.9554986357688904,
            0.0
          ],
          [
            0.0,
            0.0,
            0.0,
            1.0
          ]
        ],
        "rotation_mode": "QUATERNION"
      },
      "armature_space": {
        "head": {
          "x": 0.5692487955093384,
          "y": -0.24046410620212555,
          "z": 0.39111748337745667
        },
        "tail": {
          "x": 0.5986900925636292,
          "y": -0.26740533113479614,
          "z": 0.3865830600261688
        }
      },
      "world_space": {
        "head": {
          "x": 0.5692487955093384,
          "y": -0.17722010612487793,
          "z": 1.3409714698791504
        },
        "tail": {
          "x": 0.5986900925636292,
          "y": -0.20416133105754852,
          "z": 1.3364371061325073
        },
        "rotation_quaternion": {
          "w": 0.40134209394454956,
          "x": -0.27004754543304443,
          "y": -0.0594753660261631,
          "z": -0.8731905221939087
        },
        "matrix": [
          [
            -0.5319972634315491,
            0.7330194115638733,
            0.42386505007743835,
            0.5692487955093384
          ],
          [
            -0.6687737107276917,
            -0.6707737445831299,
            0.3206311762332916,
            -0.17722010612487793
          ],
          [
            0.5193493962287903,
            -0.11289635300636292,
            0.8470799326896667,
            1.3409714698791504
          ],
          [
            0.0,
            0.0,
            0.0,
            1.0
          ]
        ]
      },
      "bone_length_armature_space": 0.040164419244630344,
      "parent": "thumb_01_l",
      "has_children": true,
      "is_end_bone": false
    },
    "thumb_03_l": {
      "name": "thumb_03_l",
      "local": {
        "location": {
          "x": 0.0,
          "y": 0.0,
          "z": 0.0
        },
        "rotation_quaternion": {
          "w": 0.998035728931427,
          "x": 0.062498174607753754,
          "y": 0.004339814186096191,
          "z": -0.0001352700055576861
        },
        "scale": {
          "x": 1.0,
          "y": 1.0,
          "z": 1.0
        },
        "matrix_basis": [
          [
            0.9999622702598572,
            0.0008124695159494877,
            0.008645671419799328,
            0.0
          ],
          [
            0.0002724523365031928,
            0.9921879172325134,
            -0.1247519999742508,
            0.0
          ],
          [
            -0.008679487742483616,
            0.12474964559078217,
            0.9921503067016602,
            0.0
          ],
          [
            0.0,
            0.0,
            0.0,
            1.0
          ]
        ],
        "rotation_mode": "QUATERNION"
      },
      "armature_space": {
        "head": {
          "x": 0.5986900329589844,
          "y": -0.26740536093711853,
          "z": 0.38658303022384644
        },
        "tail": {
          "x": 0.6258872747421265,
          "y": -0.28017520904541016,
          "z": 0.3914955258369446
        }
      },
      "world_space": {
        "head": {
          "x": 0.5986900329589844,
          "y": -0.2041613608598709,
          "z": 1.3364369869232178
        },
        "tail": {
          "x": 0.6258872747421265,
          "y": -0.21693120896816254,
          "z": 1.3413496017456055
        },
        "rotation_quaternion": {
          "w": 0.5276050567626953,
          "x": -0.021303577348589897,
          "y": -0.10914291441440582,
          "z": -0.8421798348426819
        },
        "matrix": [
          [
            -0.442358136177063,
            0.8933269381523132,
            -0.07928643375635147,
            0.5986900329589844
          ],
          [
            -0.8840264081954956,
            -0.41944146156311035,
            0.20631583034992218,
            -0.2041613608598709
          ],
          [
            0.15105167031288147,
            0.16135743260383606,
            0.9752748608589172,
            1.3364369869232178
          ],
          [
            0.0,
            0.0,
            0.0,
            1.0
          ]
        ]
      },
      "bone_length_armature_space": 0.030444894662584886,
      "parent": "thumb_02_l",
      "has_children": false,
      "is_end_bone": true
    },
    "metacarpal_index_l": {
      "name": "metacarpal_index_l",
      "local": {
        "location": {
          "x": 0.0,
          "y": 0.0,
          "z": 0.0
        },
        "rotation_quaternion": {
          "w": 0.9999088644981384,
          "x": 0.006911651697009802,
          "y": 0.004432954825460911,
          "z": -0.010724262334406376
        },
        "scale": {
          "x": 1.0,
          "y": 1.0,
          "z": 1.0
        },
        "matrix_basis": [
          [
            0.9997307062149048,
            0.02150784805417061,
            0.008716857060790062,
            0.0
          ],
          [
            -0.02138529159128666,
            0.9996744394302368,
            -0.013917123898863792,
            0.0
          ],
          [
            -0.009013346396386623,
            0.01372696366161108,
            0.9998651742935181,
            0.0
          ],
          [
            0.0,
            0.0,
            0.0,
            1.0
          ]
        ],
        "rotation_mode": "QUATERNION"
      },
      "armature_space": {
        "head": {
          "x": 0.5760579705238342,
          "y": -0.18029586970806122,
          "z": 0.4374926686286926
        },
        "tail": {
          "x": 0.6160851120948792,
          "y": -0.28508877754211426,
          "z": 0.40364718437194824
        }
      },
      "world_space": {
        "head": {
          "x": 0.5760579705238342,
          "y": -0.1170518696308136,
          "z": 1.3873467445373535
        },
        "tail": {
          "x": 0.6160851120948792,
          "y": -0.22184477746486664,
          "z": 1.3535012006759644
        },
        "rotation_quaternion": {
          "w": 0.07423363626003265,
          "x": -0.9062999486923218,
          "y": -0.2175152599811554,
          "z": 0.35467851161956787
        },
        "matrix": [
          [
            0.6537801623344421,
            0.3416111171245575,
            -0.6751838326454163,
            0.5760579705238342
          ],
          [
            0.4469265341758728,
            -0.8943530917167664,
            -0.01974172703921795,
            -0.1170518696308136
          ],
          [
            -0.6106005311012268,
            -0.2888536751270294,
            -0.7373905181884766,
            1.3873467445373535
          ],
          [
            0.0,
            0.0,
            0.0,
            1.0
          ]
        ]
      },
      "bone_length_armature_space": 0.11717184826516375,
      "parent": "lowerarm_l",
      "has_children": true,
      "is_end_bone": false
    },
    "index_01_l": {
      "name": "index_01_l",
      "local": {
        "location": {
          "x": 0.0,
          "y": 0.0,
          "z": 0.0
        },
        "rotation_quaternion": {
          "w": 0.9975646138191223,
          "x": -0.06350835412740707,
          "y": -0.025026801973581314,
          "z": 0.014324985444545746
        },
        "scale": {
          "x": 1.0,
          "y": 1.0,
          "z": 1.0
        },
        "matrix_basis": [
          [
            0.998336911201477,
            -0.025401374325156212,
            -0.051751215010881424,
            0.0
          ],
          [
            0.03175901994109154,
            0.9915229678153992,
            0.1259903609752655,
            0.0
          ],
          [
            0.04811219125986099,
            -0.12742438912391663,
            0.9906806945800781,
            0.0
          ],
          [
            0.0,
            0.0,
            0.0,
            1.0
          ]
        ],
        "rotation_mode": "QUATERNION"
      },
      "armature_space": {
        "head": {
          "x": 0.6160851120948792,
          "y": -0.28508877754211426,
          "z": 0.40364718437194824
        },
        "tail": {
          "x": 0.6357468366622925,
          "y": -0.30432596802711487,
          "z": 0.3961361050605774
        }
      },
      "world_space": {
        "head": {
          "x": 0.6160851120948792,
          "y": -0.22184477746486664,
          "z": 1.3535012006759644
        },
        "tail": {
          "x": 0.6357468366622925,
          "y": -0.24108196794986725,
          "z": 1.3459901809692383
        },
        "rotation_quaternion": {
          "w": 0.011222797445952892,
          "x": -0.8635603189468384,
          "y": -0.4031737744808197,
          "z": 0.30263617634773254
        },
        "matrix": [
          [
            0.49172359704971313,
            0.6895379424095154,
            -0.5317379236221313,
            0.6160851120948792
          ],
          [
            0.7031227350234985,
            -0.6746493577957153,
            -0.22464895248413086,
            -0.22184477746486664
          ],
          [
            -0.5136435031890869,
            -0.26341426372528076,
            -0.8165767192840576,
            1.3535012006759644
          ],
          [
            0.0,
            0.0,
            0.0,
            1.0
          ]
        ]
      },
      "bone_length_armature_space": 0.028514368697271232,
      "parent": "metacarpal_index_l",
      "has_children": true,
      "is_end_bone": false
    },
    "index_02_l": {
      "name": "index_02_l",
      "local": {
        "location": {
          "x": 0.0,
          "y": 0.0,
          "z": 0.0
        },
        "rotation_quaternion": {
          "w": 0.9878825545310974,
          "x": 0.15501552820205688,
          "y": -0.0075787147507071495,
          "z": -0.0009344625868834555
        },
        "scale": {
          "x": 1.0,
          "y": 1.0,
          "z": 1.0
        },
        "matrix_basis": [
          [
            0.9998833537101746,
            -0.0005033583729527891,
            -0.015263472683727741,
            0.0
          ],
          [
            -0.004195915535092354,
            0.9519386291503906,
            -0.3062601089477539,
            0.0
          ],
          [
            0.014684047549962997,
            0.3062884211540222,
            0.9518254995346069,
            0.0
          ],
          [
            0.0,
            0.0,
            0.0,
            1.0
          ]
        ],
        "rotation_mode": "QUATERNION"
      },
      "armature_space": {
        "head": {
          "x": 0.6357468366622925,
          "y": -0.30432647466659546,
          "z": 0.3961358368396759
        },
        "tail": {
          "x": 0.6491647958755493,
          "y": -0.32238155603408813,
          "z": 0.3838043510913849
        }
      },
      "world_space": {
        "head": {
          "x": 0.6357468366622925,
          "y": -0.24108247458934784,
          "z": 1.3459898233413696
        },
        "tail": {
          "x": 0.6491647958755493,
          "y": -0.2591375708580017,
          "z": 1.3336583375930786
        },
        "rotation_quaternion": {
          "w": 0.11577398329973221,
          "x": -0.835996687412262,
          "y": -0.3670014441013336,
          "z": 0.3911726772785187
        },
        "matrix": [
          [
            0.42458677291870117,
            0.5230503678321838,
            -0.7390156984329224,
            0.6357468366622925
          ],
          [
            0.7041994333267212,
            -0.703812301158905,
            -0.093550905585289,
            -0.24108247458934784
          ],
          [
            -0.5690634250640869,
            -0.4806980490684509,
            -0.667165994644165,
            1.3459898233413696
          ],
          [
            0.0,
            0.0,
            0.0,
            1.0
          ]
        ]
      },
      "bone_length_armature_space": 0.025653325752879395,
      "parent": "index_01_l",
      "has_children": true,
      "is_end_bone": false
    },
    "index_03_l": {
      "name": "index_03_l",
      "local": {
        "location": {
          "x": 0.0,
          "y": 0.0,
          "z": 0.0
        },
        "rotation_quaternion": {
          "w": 0.9717952013015747,
          "x": 0.23566821217536926,
          "y": -0.006671275943517685,
          "z": -0.005496869329363108
        },
        "scale": {
          "x": 1.0,
          "y": 1.0,
          "z": 1.0
        },
        "matrix_basis": [
          [
            0.9998505711555481,
            0.007539247162640095,
            -0.015557102859020233,
            0.0
          ],
          [
            -0.013828078284859657,
            0.8888605833053589,
            -0.45796912908554077,
            0.0
          ],
          [
            0.010375353507697582,
            0.458115816116333,
            0.8888319730758667,
            0.0
          ],
          [
            0.0,
            0.0,
            0.0,
            1.0
          ]
        ],
        "rotation_mode": "QUATERNION"
      },
      "armature_space": {
        "head": {
          "x": 0.6491649150848389,
          "y": -0.32238155603408813,
          "z": 0.38380447030067444
        },
        "tail": {
          "x": 0.6519414782524109,
          "y": -0.3386225402355194,
          "z": 0.3596743941307068
        }
      },
      "world_space": {
        "head": {
          "x": 0.6491649150848389,
          "y": -0.2591375708580017,
          "z": 1.3336584568023682
        },
        "tail": {
          "x": 0.6519414782524109,
          "y": -0.2753785252571106,
          "z": 1.3095283508300781
        },
        "rotation_quaternion": {
          "w": 0.37297728657722473,
          "x": -0.7551150321960449,
          "y": -0.2880396544933319,
          "z": 0.45576581358909607
        },
        "matrix": [
          [
            0.41862189769744873,
            0.0950273871421814,
            -0.9031751155853271,
            0.6491649150848389
          ],
          [
            0.7749866843223572,
            -0.5558428764343262,
            0.3007235825061798,
            -0.2591375708580017
          ],
          [
            -0.4734489619731903,
            -0.8258445262908936,
            -0.30633479356765747,
            1.3336584568023682
          ],
          [
            0.0,
            0.0,
            0.0,
            1.0
          ]
        ]
      },
      "bone_length_armature_space": 0.029218820376924203,
      "parent": "index_02_l",
      "has_children": false,
      "is_end_bone": true
    },
    "metacarpal_pinky_l": {
      "name": "metacarpal_pinky_l",
      "local": {
        "location": {
          "x": 0.0,
          "y": 0.0,
          "z": 0.0
        },
        "rotation_quaternion": {
          "w": 0.9999440312385559,
          "x": -0.009002725593745708,
          "y": -0.003557416144758463,
          "z": 0.004291513469070196
        },
        "scale": {
          "x": 1.0,
          "y": 1.0,
          "z": 1.0
        },
        "matrix_basis": [
          [
            0.9999378323554993,
            -0.008518493734300137,
            -0.007191704586148262,
            0.0
          ],
          [
            0.008646599017083645,
            0.9998010396957397,
            0.01797390915453434,
            0.0
          ],
          [
            0.007037163246423006,
            -0.018034975975751877,
            0.9998126029968262,
            0.0
          ],
          [
            0.0,
            0.0,
            0.0,
            1.0
          ]
        ],
        "rotation_mode": "QUATERNION"
      },
      "armature_space": {
        "head": {
          "x": 0.5760579705238342,
          "y": -0.18029586970806122,
          "z": 0.4374926686286926
        },
        "tail": {
          "x": 0.6617208123207092,
          "y": -0.23401367664337158,
          "z": 0.41260284185409546
        }
      },
      "world_space": {
        "head": {
          "x": 0.5760579705238342,
          "y": -0.1170518696308136,
          "z": 1.3873467445373535
        },
        "tail": {
          "x": 0.6617208123207092,
          "y": -0.17076967656612396,
          "z": 1.3624567985534668
        },
        "rotation_quaternion": {
          "w": 0.4563892185688019,
          "x": 0.0869542807340622,
          "y": 0.1837778091430664,
          "z": -0.8662411570549011
        },
        "matrix": [
          [
            -0.5682954788208008,
            0.8226466774940491,
            0.017103150486946106,
            0.5760579705238342
          ],
          [
            -0.7587264180183411,
            -0.5158688426017761,
            -0.39776116609573364,
            -0.1170518696308136
          ],
          [
            -0.31839677691459656,
            -0.23902463912963867,
            0.917335569858551,
            1.3873467445373535
          ],
          [
            0.0,
            0.0,
            0.0,
            1.0
          ]
        ]
      },
      "bone_length_armature_space": 0.10413082559839563,
      "parent": "lowerarm_l",
      "has_children": true,
      "is_end_bone": false
    },
    "pinky_01_l": {
      "name": "pinky_01_l",
      "local": {
        "location": {
          "x": 0.0,
          "y": 0.0,
          "z": 0.0
        },
        "rotation_quaternion": {
          "w": 0.9998749494552612,
          "x": 0.004932629410177469,
          "y": 0.015026979148387909,
          "z": 0.0003679199726320803
        },
        "scale": {
          "x": 1.0,
          "y": 1.0,
          "z": 1.0
        },
        "matrix_basis": [
          [
            0.9995481371879578,
            -0.0005875029019080102,
            0.03005382977426052,
            0.0
          ],
          [
            0.0008839929942041636,
            0.9999510645866394,
            -0.009852968156337738,
            0.0
          ],
          [
            -0.030046571046113968,
            0.009875082410871983,
            0.9994997382164001,
            0.0
          ],
          [
            0.0,
            0.0,
            0.0,
            1.0
          ]
        ],
        "rotation_mode": "QUATERNION"
      },
      "armature_space": {
        "head": {
          "x": 0.6617208123207092,
