{
  "metadata": {
    "armature_name": "KIM_caucasian_male",
    "export_time": "2026-01-13T21:08:28.973501",
    "blender_version": "4.4.1",
    "bone_count": 56,
    "end_bone_count": 13,
    "spaces_included": [
      "LOCAL_CHANNELS",
      "ARMATURE_SPACE",
      "WORLD_SPACE"
    ],
    "note": "LOCAL matches Transform panel; replay pose via local.matrix_basis for best fidelity."
  },
  "bones": {
    "Root": {
      "name": "Root",
      "local": {
        "location": {
          "x": 0.0,
          "y": 0.0,
          "z": 0.0
        },
        "rotation_quaternion": {
          "w": 0.99988853931427,
          "x": -0.01376268733292818,
          "y": 0.005346383899450302,
          "z": 0.002217227127403021
        },
        "scale": {
          "x": 1.0,
          "y": 1.0,
          "z": 1.0
        },
        "matrix_basis": [
          [
            0.9999330043792725,
            -0.004581121262162924,
            0.010630546137690544,
            0.0
          ],
          [
            0.004286798648536205,
            0.9996113181114197,
            0.02754601463675499,
            0.0
          ],
          [
            -0.010752606205642223,
            -0.027498599141836166,
            0.999563992023468,
            0.0
          ],
          [
            0.0,
            0.0,
            0.0,
            1.0
          ]
        ],
        "rotation_mode": "QUATERNION"
      },
      "armature_space": {
        "head": {
          "x": 0.0,
          "y": 0.07072800397872925,
          "z": -0.009595036506652832
        },
        "tail": {
          "x": -0.0003269815060775727,
          "y": 0.00029134005308151245,
          "z": 0.0019412050023674965
        }
      },
      "world_space": {
        "head": {
          "x": 0.0,
          "y": 0.13397200405597687,
          "z": 0.9402589797973633
        },
        "tail": {
          "x": -0.0003269815060775727,
          "y": 0.06353534013032913,
          "z": 0.951795220375061
        },
        "rotation_quaternion": {
          "w": 0.08109158277511597,
          "x": 0.9966898560523987,
          "y": -0.0018520154990255833,
          "z": 0.005483608692884445
        },
        "matrix": [
          [
            0.9999330043792725,
            -0.004581121262162924,
            0.010630546137690544,
            0.0
          ],
          [
            -0.0028024185448884964,
            -0.9868413805961609,
            -0.1616670787334442,
            0.13397200405597687
          ],
          [
            0.01123135443776846,
            0.1616266369819641,
            -0.9867951273918152,
            0.9402589797973633
          ],
          [
            0.0,
            0.0,
            0.0,
            1.0
          ]
        ]
      },
      "bone_length_armature_space": 0.07137587303160486,
      "parent": null,
      "has_children": true,
      "is_end_bone": false
    },
    "spine_01": {
      "name": "spine_01",
      "local": {
        "location": {
          "x": 0.0,
          "y": 0.0,
          "z": 0.0
        },
        "rotation_quaternion": {
          "w": 0.9983137845993042,
          "x": 0.010210183449089527,
          "y": -0.0532541386783123,
          "z": -0.020723314955830574
        },
        "scale": {
          "x": 1.0,
          "y": 1.0,
          "z": 1.0
        },
        "matrix_basis": [
          [
            0.9934690594673157,
            0.040289271622896194,
            -0.10675185918807983,
            0.0
          ],
          [
            -0.04246421158313751,
            0.9989326000213623,
            -0.018178729340434074,
            0.0
          ],
          [
            0.10590550303459167,
            0.022593138739466667,
            0.9941195249557495,
            0.0
          ],
          [
            0.0,
            0.0,
            0.0,
            1.0
          ]
        ],
        "rotation_mode": "QUATERNION"
      },
      "armature_space": {
        "head": {
          "x": -0.0003269815060775727,
          "y": 0.00029134005308151245,
          "z": 0.0019412050023674965
        },
        "tail": {
          "x": 0.013934365473687649,
          "y": 0.025426387786865234,
          "z": 0.4890894293785095
        }
      },
      "world_space": {
        "head": {
          "x": -0.0003269815060775727,
          "y": 0.06353534013032913,
          "z": 0.951795220375061
        },
        "tail": {
          "x": 0.013934365473687649,
          "y": 0.08867038786411285,
          "z": 1.4389433860778809
        },
        "rotation_quaternion": {
          "w": 0.7244689464569092,
          "x": 0.686940610408783,
          "y": -0.02996070683002472,
          "z": -0.04857797920703888
        },
        "matrix": [
          [
            0.9934849739074707,
            0.02922399900853634,
            -0.1101517528295517,
            -0.0003269815060775727
          ],
          [
            -0.11154910922050476,
            0.05150611698627472,
            -0.9924233555793762,
            0.06353534013032913
          ],
          [
            -0.0233293604105711,
            0.9982520341873169,
            0.054429925978183746,
            0.951795220375061
          ],
          [
            0.0,
            0.0,
            0.0,
            1.0
          ]
        ]
      },
      "bone_length_armature_space": 0.48800465821851696,
      "parent": "Root",
      "has_children": true,
      "is_end_bone": false
    },
    "neck_01": {
      "name": "neck_01",
      "local": {
        "location": {
          "x": 0.0,
          "y": 0.0,
          "z": 0.0
        },
        "rotation_quaternion": {
          "w": 0.999312162399292,
          "x": -0.028042973950505257,
          "y": 0.017620127648115158,
          "z": 0.016683267429471016
        },
        "scale": {
          "x": 1.0,
          "y": 1.0,
          "z": 1.0
        },
        "matrix_basis": [
          [
            0.9988223910331726,
            -0.034331824630498886,
            0.03428031876683235,
            0.0
          ],
          [
            0.03235534206032753,
            0.9978705048561096,
            0.0566352941095829,
            0.0
          ],
          [
            -0.0361517108976841,
            -0.05545944720506668,
            0.9978062510490417,
            0.0
          ],
          [
            0.0,
            0.0,
            0.0,
            1.0
          ]
        ],
        "rotation_mode": "QUATERNION"
      },
      "armature_space": {
        "head": {
          "x": 0.012253991328179836,
          "y": -0.005220094695687294,
          "z": 0.5640676021575928
        },
        "tail": {
          "x": 0.007894698530435562,
          "y": -0.03318829461932182,
          "z": 0.662604570388794
        }
      },
      "world_space": {
        "head": {
          "x": 0.012253991328179836,
          "y": 0.058023907244205475,
          "z": 1.5139216184616089
        },
        "tail": {
          "x": 0.007894698530435562,
          "y": 0.030055705457925797,
          "z": 1.61245858669281
        },
        "rotation_quaternion": {
          "w": 0.6015620827674866,
          "x": 0.7975059151649475,
          "y": -0.0414854921400547,
          "z": -0.019656402990221977
        },
        "matrix": [
          [
            0.995785117149353,
            -0.04252083599567413,
            -0.08126457035541534,
            0.012253991328179836
          ],
          [
            -0.08981911838054657,
            -0.2728036940097809,
            -0.9578679203987122,
            0.058023907244205475
          ],
          [
            0.01856010966002941,
            0.9611361026763916,
            -0.2754758596420288,
            1.5139216184616089
          ],
          [
            0.0,
            0.0,
            0.0,
            1.0
          ]
        ]
      },
      "bone_length_armature_space": 0.10252198732779465,
      "parent": "spine_01",
      "has_children": true,
      "is_end_bone": false
    },
    "head": {
      "name": "head",
      "local": {
        "location": {
          "x": 0.0,
          "y": 0.0,
          "z": 0.0
        },
        "rotation_quaternion": {
          "w": 0.981399416923523,
          "x": -0.14356817305088043,
          "y": 0.12503406405448914,
          "z": -0.02469605952501297
        },
        "scale": {
          "x": 1.0,
          "y": 1.0,
          "z": 1.0
        },
        "matrix_basis": [
          [
            0.9675132036209106,
            0.012571572326123714,
            0.25250786542892456,
            0.0
          ],
          [
            -0.08437521755695343,
            0.9575565457344055,
            0.2756197452545166,
            0.0
          ],
          [
            -0.2383255809545517,
            -0.2879711389541626,
            0.9275093078613281,
            0.0
          ],
          [
            0.0,
            0.0,
            0.0,
            1.0
          ]
        ],
        "rotation_mode": "QUATERNION"
      },
      "armature_space": {
        "head": {
          "x": 0.007894689217209816,
          "y": -0.03318842500448227,
          "z": 0.6626044511795044
        },
        "tail": {
          "x": 0.012422014027833939,
          "y": 0.02456817403435707,
          "z": 0.8064688444137573
        }
      },
      "world_space": {
        "head": {
          "x": 0.007894689217209816,
          "y": 0.03005557507276535,
          "z": 1.6124584674835205
        },
        "tail": {
          "x": 0.012422014027833939,
          "y": 0.08781217038631439,
          "z": 1.7563228607177734
        },
        "rotation_quaternion": {
          "w": 0.8249624967575073,
          "x": 0.5591904520988464,
          "y": 0.07509937137365341,
          "z": 0.033212464302778244
        },
        "matrix": [
          [
            0.986514151096344,
            0.02919156104326248,
            0.16105225682258606,
            0.007894689217209816
          ],
          [
            0.13878753781318665,
            0.3724064826965332,
            -0.9176337122917175,
            0.03005557507276535
          ],
          [
            -0.08676452189683914,
            0.9276174902915955,
            0.36333444714546204,
            1.6124584674835205
          ],
          [
            0.0,
            0.0,
            0.0,
            1.0
          ]
        ]
      },
      "bone_length_armature_space": 0.15509121666275588,
      "parent": "neck_01",
      "has_children": false,
      "is_end_bone": true
    },
    "upperarm_l": {
      "name": "upperarm_l",
      "local": {
        "location": {
          "x": 0.0,
          "y": 0.0,
          "z": 0.0
        },
        "rotation_quaternion": {
          "w": 0.844538688659668,
          "x": 0.46144819259643555,
          "y": -0.25251665711402893,
          "z": 0.10027570277452469
        },
        "scale": {
          "x": 1.0,
          "y": 1.0,
          "z": 1.0
        },
        "matrix_basis": [
          [
            0.8523602485656738,
            -0.40242013335227966,
            -0.3339760899543762,
            0.0
          ],
          [
            -0.06367328763008118,
            0.5540207028388977,
            -0.8300642967224121,
            0.0
          ],
          [
            0.5190642476081848,
            0.728779137134552,
            0.4466018080711365,
            0.0
          ],
          [
            0.0,
            0.0,
            0.0,
            1.0
          ]
        ],
        "rotation_mode": "QUATERNION"
      },
      "armature_space": {
        "head": {
          "x": 0.15896138548851013,
          "y": -0.02857903391122818,
          "z": 0.49365144968032837
        },
        "tail": {
          "x": 0.29802656173706055,
          "y": -0.23150411248207092,
          "z": 0.5999059677124023
        }
      },
      "world_space": {
        "head": {
          "x": 0.15896138548851013,
          "y": 0.03466496616601944,
          "z": 1.4435055255889893
        },
        "tail": {
          "x": 0.29802656173706055,
          "y": -0.1682601124048233,
          "z": 1.5497599840164185
        },
        "rotation_quaternion": {
          "w": 0.34830576181411743,
          "x": 0.5542256236076355,
          "y": -0.006902056746184826,
          "z": -0.7559560537338257
        },
        "matrix": [
          [
            -0.1430334746837616,
            0.5189591646194458,
            -0.8427470326423645,
            0.15896138548851013
          ],
          [
            -0.534259021282196,
            -0.7572695016860962,
            -0.3756466209888458,
            0.03466496616601944
          ],
          [
            -0.8331382870674133,
            0.39651721715927124,
            0.3855758607387543,
            1.4435055255889893
          ],
          [
            0.0,
            0.0,
            0.0,
            1.0
          ]
        ]
      },
      "bone_length_armature_space": 0.2679696577268079,
      "parent": "spine_01",
      "has_children": true,
      "is_end_bone": false
    },
    "lowerarm_l": {
      "name": "lowerarm_l",
      "local": {
        "location": {
          "x": 0.0,
          "y": 0.0,
          "z": 0.0
        },
        "rotation_quaternion": {
          "w": 0.9101794958114624,
          "x": 0.3951261341571808,
          "y": -0.12342027574777603,
          "z": 0.014704810455441475
        },
        "scale": {
          "x": 1.0,
          "y": 1.0,
          "z": 1.0
        },
        "matrix_basis": [
          [
            0.9691023826599121,
            -0.12430118769407272,
            -0.21304869651794434,
            0.0
          ],
          [
            -0.07076511532068253,
            0.6873182058334351,
            -0.7229011654853821,
            0.0
          ],
          [
            0.23628972470760345,
            0.7156416773796082,
            0.6572855710983276,
            0.0
          ],
          [
            0.0,
            0.0,
            0.0,
            1.0
          ]
        ],
        "rotation_mode": "QUATERNION"
      },
      "armature_space": {
        "head": {
          "x": 0.29802659153938293,
          "y": -0.2315041422843933,
          "z": 0.5999060869216919
        },
        "tail": {
          "x": 0.2171400487422943,
          "y": -0.38845300674438477,
          "z": 0.8008893728256226
        }
      },
      "world_space": {
        "head": {
          "x": 0.29802659153938293,
          "y": -0.1682601422071457,
          "z": 1.549760103225708
        },
        "tail": {
          "x": 0.2171400487422943,
          "y": -0.32520902156829834,
          "z": 1.7507433891296387
        },
        "rotation_quaternion": {
          "w": 0.10098998993635178,
          "x": 0.5077957510948181,
          "y": -0.4432448148727417,
          "z": -0.7317639589309692
        },
        "matrix": [
          [
            -0.4638906717300415,
            -0.3023519217967987,
            -0.8326995372772217,
            0.29802659153938293
          ],
          [
            -0.5979565978050232,
            -0.5866711139678955,
            0.5461363196372986,
            -0.1682601422071457
          ],
          [
            -0.6536512970924377,
            0.7512705326080322,
            0.0913592278957367,
            1.549760103225708
          ],
          [
            0.0,
            0.0,
            0.0,
            1.0
          ]
        ]
      },
      "bone_length_armature_space": 0.26752543539737117,
      "parent": "upperarm_l",
      "has_children": true,
      "is_end_bone": false
    },
    "metacarpal_thumb_l": {
      "name": "metacarpal_thumb_l",
      "local": {
        "location": {
          "x": 0.0,
          "y": 0.0,
          "z": 0.0
        },
        "rotation_quaternion": {
          "w": 0.9991759061813354,
          "x": -0.030635133385658264,
          "y": -0.022838490083813667,
          "z": 0.01368904672563076
        },
        "scale": {
          "x": 1.0,
          "y": 1.0,
          "z": 1.0
        },
        "matrix_basis": [
          [
            0.9985820055007935,
            -0.025956211611628532,
            -0.04647807031869888,
            0.0
          ],
          [
            0.02875485084950924,
            0.9977481961250305,
            0.06059449911117554,
            0.0
          ],
          [
            0.04480060562491417,
            -0.061845049262046814,
            0.9970797896385193,
            0.0
          ],
          [
            0.0,
            0.0,
            0.0,
            1.0
          ]
        ],
        "rotation_mode": "QUATERNION"
      },
      "armature_space": {
        "head": {
          "x": 0.2171400487422943,
          "y": -0.38845300674438477,
          "z": 0.8008893728256226
        },
        "tail": {
          "x": 0.17747563123703003,
          "y": -0.39821484684944153,
          "z": 0.82890784740448
        }
      },
      "world_space": {
        "head": {
          "x": 0.2171400487422943,
          "y": -0.32520902156829834,
          "z": 1.7507433891296387
        },
        "tail": {
          "x": 0.17747563123703003,
          "y": -0.3349708318710327,
          "z": 1.778761863708496
        },
        "rotation_quaternion": {
          "w": 0.33831632137298584,
          "x": 0.7726175785064697,
          "y": -0.5357275605201721,
          "z": -0.04000389575958252
        },
        "matrix": [
          [
            0.4227895140647888,
            -0.8007566332817078,
            -0.42430800199508667,
            0.2171400487422943
          ],
          [
            -0.8548940420150757,
            -0.1970747709274292,
            -0.4799141585826874,
            -0.32520902156829834
          ],
          [
            0.3006754219532013,
            0.5656448602676392,
            -0.7678893208503723,
            1.7507433891296387
          ],
          [
            0.0,
            0.0,
            0.0,
            1.0
          ]
        ]
      },
      "bone_length_armature_space": 0.04953377054977995,
      "parent": "lowerarm_l",
      "has_children": true,
      "is_end_bone": false
    },
    "thumb_01_l": {
      "name": "thumb_01_l",
      "local": {
        "location": {
          "x": 0.0,
          "y": 0.0,
          "z": 0.0
        },
        "rotation_quaternion": {
          "w": 0.9821631908416748,
          "x": 0.18735933303833008,
          "y": 0.0019921166822314262,
          "z": -0.01574755273759365
        },
        "scale": {
          "x": 1.0,
          "y": 1.0,
          "z": 1.0
        },
        "matrix_basis": [
          [
            0.9994961023330688,
            0.03167981654405594,
            -0.0019877345766872168,
            0.0
          ],
          [
            -0.03018685057759285,
            0.9292969703674316,
            -0.3680976331233978,
            0.0
          ],
          [
            -0.009814069606363773,
            0.36797213554382324,
            0.9297850131988525,
            0.0
          ],
          [
            0.0,
            0.0,
            0.0,
            1.0
          ]
        ],
        "rotation_mode": "QUATERNION"
      },
      "armature_space": {
        "head": {
          "x": 0.17747563123703003,
          "y": -0.39821484684944153,
          "z": 0.82890784740448
        },
        "tail": {
          "x": 0.15279623866081238,
          "y": -0.42148295044898987,
          "z": 0.8260535001754761
        }
      },
      "world_space": {
        "head": {
          "x": 0.17747563123703003,
          "y": -0.3349708318710327,
          "z": 1.778761863708496
        },
        "tail": {
          "x": 0.15279623866081238,
          "y": -0.35823893547058105,
          "z": 1.7759075164794922
        },
        "rotation_quaternion": {
          "w": 0.302425354719162,
          "x": 0.5118516683578491,
          "y": -0.25835752487182617,
          "z": 0.7614448070526123
        },
        "matrix": [
          [
            -0.2930932343006134,
            -0.7250419855117798,
            0.6232254505157471,
            0.17747563123703003
          ],
          [
            0.19608008861541748,
            -0.6835805177688599,
            -0.7030435800552368,
            -0.3349708318710327
          ],
          [
            0.9357677698135376,
            -0.08385659009218216,
            0.3425210118293762,
            1.778761863708496
          ],
          [
            0.0,
            0.0,
            0.0,
            1.0
          ]
        ]
      },
      "bone_length_armature_space": 0.03403857128910006,
      "parent": "metacarpal_thumb_l",
      "has_children": true,
      "is_end_bone": false
    },
    "thumb_02_l": {
      "name": "thumb_02_l",
      "local": {
        "location": {
          "x": 0.0,
          "y": 0.0,
          "z": 0.0
        },
        "rotation_quaternion": {
          "w": 0.9239097833633423,
          "x": 0.38259392976760864,
          "y": -0.0006590998382307589,
          "z": 0.00351103488355875
        },
        "scale": {
          "x": 1.0,
          "y": 1.0,
          "z": 1.0
        },
        "matrix_basis": [
          [
            0.9999744892120361,
            -0.0069920942187309265,
            0.0014687037328258157,
            0.0
          ],
          [
            0.005983423907309771,
            0.707219123840332,
            -0.7069692015647888,
            0.0
          ],
          [
            0.0039044988807290792,
            0.7069599032402039,
            0.7072429060935974,
            0.0
          ],
          [
            0.0,
            0.0,
            0.0,
            1.0
          ]
        ],
        "rotation_mode": "QUATERNION"
      },
      "armature_space": {
        "head": {
          "x": 0.15279622375965118,
          "y": -0.4214829206466675,
          "z": 0.8260534405708313
        },
        "tail": {
          "x": 0.1712663769721985,
          "y": -0.42972463369369507,
          "z": 0.8607538938522339
        }
      },
      "world_space": {
        "head": {
          "x": 0.15279622375965118,
          "y": -0.35823893547058105,
          "z": 1.7759075164794922
        },
        "tail": {
          "x": 0.1712663769721985,
          "y": -0.36648064851760864,
          "z": 1.81060791015625
        },
        "rotation_quaternion": {
          "w": 0.0904967337846756,
          "x": 0.4593343734741211,
          "y": 0.6238676905632019,
          "z": 0.6257886290550232
        },
        "matrix": [
          [
            -0.5616413950920105,
            0.4598637819290161,
            0.6878107786178589,
            0.15279622375965118
          ],
          [
            0.6863940954208374,
            -0.20519961416721344,
            0.6976791620254517,
            -0.35823893547058105
          ],
          [
            0.46197983622550964,
            0.8639609813690186,
            -0.20040005445480347,
            1.7759075164794922
          ],
          [
            0.0,
            0.0,
            0.0,
            1.0
          ]
        ]
      },
      "bone_length_armature_space": 0.040164585385432355,
      "parent": "thumb_01_l",
      "has_children": true,
      "is_end_bone": false
    },
    "thumb_03_l": {
      "name": "thumb_03_l",
      "local": {
        "location": {
          "x": 0.0,
          "y": 0.0,
          "z": 0.0
        },
        "rotation_quaternion": {
          "w": 0.9850692749023438,
          "x": 0.17211554944515228,
          "y": -0.003842619713395834,
          "z": -2.2945459932088852e-07
        },
        "scale": {
          "x": 1.0,
          "y": 1.0,
          "z": 1.0
        },
        "matrix_basis": [
          [
            0.9999704957008362,
            -0.0013222971465438604,
            -0.007570572197437286,
            0.0
          ],
          [
            -0.0013232012279331684,
            0.9407524466514587,
            -0.3390914797782898,
            0.0
          ],
          [
            0.007570414338260889,
            0.3390914797782898,
            0.9407229423522949,
            0.0
          ],
          [
            0.0,
            0.0,
            0.0,
            1.0
          ]
        ],
        "rotation_mode": "QUATERNION"
      },
      "armature_space": {
        "head": {
          "x": 0.17126628756523132,
          "y": -0.42972463369369507,
          "z": 0.8607538938522339
        },
        "tail": {
          "x": 0.19497480988502502,
          "y": -0.42343437671661377,
          "z": 0.8787881135940552
        }
      },
      "world_space": {
        "head": {
          "x": 0.17126628756523132,
          "y": -0.36648064851760864,
          "z": 1.81060791015625
        },
        "tail": {
          "x": 0.19497480988502502,
          "y": -0.36019039154052734,
          "z": 1.8286421298980713
        },
        "rotation_quaternion": {
          "w": 0.21446509659290314,
          "x": -0.37651920318603516,
          "y": -0.7465323209762573,
          "z": -0.5049034953117371
        },
        "matrix": [
          [
            -0.6244750022888184,
            0.7787360548973083,
            0.06000334024429321,
            0.17126628756523132
          ],
          [
            0.3456021845340729,
            0.2066114842891693,
            0.9153528213500977,
            -0.36648064851760864
          ],
          [
            0.7004263401031494,
            0.5923567414283752,
            -0.3981587886810303,
            1.81060791015625
          ],
          [
            0.0,
            0.0,
            0.0,
            1.0
          ]
        ]
      },
      "bone_length_armature_space": 0.030444941504152615,
      "parent": "thumb_02_l",
      "has_children": false,
      "is_end_bone": true
    },
    "metacarpal_index_l": {
      "name": "metacarpal_index_l",
      "local": {
        "location": {
          "x": 0.0,
          "y": 0.0,
          "z": 0.0
        },
        "rotation_quaternion": {
          "w": 0.9985747933387756,
          "x": -0.049252044409513474,
          "y": 0.017648525536060333,
          "z": -0.0105398865416646
        },
        "scale": {
          "x": 1.0,
          "y": 1.0,
          "z": 1.0
        },
        "matrix_basis": [
          [
            0.9991548657417297,
            0.01931127719581127,
            0.03628496825695038,
            0.0
          ],
          [
            -0.02278818190097809,
            0.9949262738227844,
            0.09799167513847351,
            0.0
          ],
          [
            -0.034208524972200394,
            -0.09873572736978531,
            0.9945255517959595,
            0.0
          ],
          [
            0.0,
            0.0,
            0.0,
            1.0
          ]
        ],
        "rotation_mode": "QUATERNION"
      },
      "armature_space": {
        "head": {
          "x": 0.2171400487422943,
          "y": -0.38845300674438477,
          "z": 0.8008893728256226
        },
        "tail": {
          "x": 0.16080743074417114,
          "y": -0.43894296884536743,
          "z": 0.8903696537017822
        }
      },
      "world_space": {
        "head": {
          "x": 0.2171400487422943,
          "y": -0.32520902156829834,
          "z": 1.7507433891296387
        },
        "tail": {
          "x": 0.16080743074417114,
          "y": -0.375698983669281,
          "z": 1.8402236700057983
        },
        "rotation_quaternion": {
          "w": 0.29172301292419434,
          "x": 0.7687407732009888,
          "y": -0.4465920031070709,
          "z": -0.3528327941894531
        },
        "matrix": [
          [
            0.35212770104408264,
            -0.48076966404914856,
            -0.8030357360839844,
            0.2171400487422943
          ],
          [
            -0.8924864530563354,
            -0.43090566992759705,
            -0.1333727091550827,
            -0.32520902156829834
          ],
          [
            -0.28191399574279785,
            0.7636677622795105,
            -0.5808184742927551,
            1.7507433891296387
          ],
          [
            0.0,
            0.0,
            0.0,
            1.0
          ]
        ]
      },
      "bone_length_armature_space": 0.11717218457913735,
      "parent": "lowerarm_l",
      "has_children": true,
      "is_end_bone": false
    },
    "index_01_l": {
      "name": "index_01_l",
      "local": {
        "location": {
          "x": 0.0,
          "y": 0.0,
          "z": 0.0
        },
        "rotation_quaternion": {
          "w": 0.9757711291313171,
          "x": 0.2178361713886261,
          "y": -0.015527503564953804,
          "z": 0.013309884816408157
        },
        "scale": {
          "x": 1.0,
          "y": 1.0,
          "z": 1.0
        },
        "matrix_basis": [
          [
            0.9991635084152222,
            -0.032739706337451935,
            -0.024503830820322037,
            0.0
          ],
          [
            0.01920989900827408,
            0.9047405123710632,
            -0.4255298376083374,
            0.0
          ],
          [
            0.0361013263463974,
            0.4247031509876251,
            0.9046126008033752,
            0.0
          ],
          [
            0.0,
            0.0,
            0.0,
            1.0
          ]
        ],
        "rotation_mode": "QUATERNION"
      },
      "armature_space": {
        "head": {
          "x": 0.16080743074417114,
          "y": -0.43894296884536743,
          "z": 0.8903696537017822
        },
        "tail": {
          "x": 0.14458660781383514,
          "y": -0.45893949270248413,
          "z": 0.9026209712028503
        }
      },
      "world_space": {
        "head": {
          "x": 0.16080743074417114,
          "y": -0.375698983669281,
          "z": 1.8402236700057983
        },
        "tail": {
          "x": 0.14458660781383514,
          "y": -0.3956955075263977,
          "z": 1.8524749279022217
        },
        "rotation_quaternion": {
          "w": 0.09726119786500931,
          "x": 0.8521750569343567,
          "y": -0.374032586812973,
          "z": -0.3527573049068451
        },
        "matrix": [
          [
            0.47132307291030884,
            -0.5688648223876953,
            -0.6739786863327026,
            0.16080743074417114
          ],
          [
            -0.7061020731925964,
            -0.7012791633605957,
            0.09811973571777344,
            -0.375698983669281
          ],
          [
            -0.5284685492515564,
            0.42965400218963623,
            -0.732210636138916,
            1.8402236700057983
          ],
          [
            0.0,
            0.0,
            0.0,
            1.0
          ]
        ]
      },
      "bone_length_armature_space": 0.028514397148501482,
      "parent": "metacarpal_index_l",
      "has_children": true,
      "is_end_bone": false
    },
    "index_02_l": {
      "name": "index_02_l",
      "local": {
        "location": {
          "x": 0.0,
          "y": 0.0,
          "z": 0.0
        },
        "rotation_quaternion": {
          "w": 0.9132932424545288,
          "x": 0.4071595370769501,
          "y": 0.010682608000934124,
          "z": -0.0015995195135474205
        },
        "scale": {
          "x": 1.0,
          "y": 1.0,
          "z": 1.0
        },
        "matrix_basis": [
          [
            0.9997666478157043,
            0.011620712466537952,
            0.018210187554359436,
            0.0
          ],
          [
            0.005777390673756599,
            0.668437123298645,
            -0.743746280670166,
            0.0
          ],
          [
            -0.020815227180719376,
            0.7436779141426086,
            0.668213963508606,
            0.0
          ],
          [
            0.0,
            0.0,
            0.0,
            1.0
          ]
        ],
        "rotation_mode": "QUATERNION"
      },
      "armature_space": {
        "head": {
          "x": 0.14458607137203217,
          "y": -0.4589395821094513,
          "z": 0.9026210308074951
        },
        "tail": {
          "x": 0.1218225434422493,
          "y": -0.4693366289138794,
          "z": 0.8969806432723999
        }
      },
      "world_space": {
        "head": {
          "x": 0.14458607137203217,
          "y": -0.3956955671310425,
          "z": 1.8524750471115112
        },
        "tail": {
          "x": 0.1218225434422493,
          "y": -0.40609264373779297,
          "z": 1.846834659576416
        },
        "rotation_quaternion": {
          "w": 0.25377345085144043,
          "x": -0.813978910446167,
          "y": 0.48265162110328674,
          "z": 0.2002122849225998
        },
        "matrix": [
          [
            0.4539244472980499,
            -0.8873538970947266,
            -0.0809667706489563,
            0.14458607137203217
          ],
          [
            -0.6841204762458801,
            -0.4052918255329132,
            0.6063975095748901,
            -0.3956955671310425
          ],
          [
            -0.5709090232849121,
            -0.2198694944381714,
            -0.7910337448120117,
            1.8524750471115112
          ],
          [
            0.0,
            0.0,
            0.0,
            1.0
          ]
        ]
      },
      "bone_length_armature_space": 0.025653279947192638,
      "parent": "index_01_l",
      "has_children": true,
      "is_end_bone": false
    },
    "index_03_l": {
      "name": "index_03_l",
      "local": {
        "location": {
          "x": 0.0,
          "y": 0.0,
          "z": 0.0
        },
        "rotation_quaternion": {
          "w": 0.9671866297721863,
          "x": 0.2538979947566986,
          "y": -0.0050320932641625404,
          "z": -0.0077887047082185745
        },
        "scale": {
          "x": 1.0,
          "y": 1.0,
          "z": 1.0
        },
        "matrix_basis": [
          [
            0.999828040599823,
            0.012510985136032104,
            -0.013689019717276096,
            0.0
          ],
          [
            -0.017621539533138275,
            0.8709502816200256,
            -0.49105510115623474,
            0.0
          ],
          [
            0.005778873804956675,
            0.4912118911743164,
            0.8710209727287292,
            0.0
          ],
          [
            0.0,
            0.0,
            0.0,
            1.0
          ]
        ],
        "rotation_mode": "QUATERNION"
      },
      "armature_space": {
        "head": {
          "x": 0.12182255834341049,
          "y": -0.46933671832084656,
          "z": 0.8969808220863342
        },
        "tail": {
          "x": 0.10096736252307892,
          "y": -0.4715065360069275,
          "z": 0.8766316175460815
        }
      },
      "world_space": {
        "head": {
          "x": 0.12182255834341049,
          "y": -0.40609270334243774,
          "z": 1.8468348979949951
        },
        "tail": {
          "x": 0.10096736252307892,
          "y": -0.40826255083084106,
          "z": 1.8264856338500977
        },
        "rotation_quaternion": {
          "w": 0.4864058792591095,
          "x": -0.7326913475990295,
          "y": 0.47568702697753906,
          "z": 0.01716556027531624
        },
        "matrix": [
          [
            0.5468522310256958,
            -0.7137624025344849,
            0.43760234117507935,
            0.12182255834341049
          ],
          [
            -0.6803674101829529,
            -0.07426148653030396,
            0.7290992736816406,
            -0.40609270334243774
          ],
          [
            -0.48791077733039856,
            -0.6964447498321533,
            -0.5262336730957031,
            1.8468348979949951
          ],
          [
            0.0,
            0.0,
            0.0,
            1.0
          ]
        ]
      },
      "bone_length_armature_space": 0.02921878539791856,
      "parent": "index_02_l",
      "has_children": false,
      "is_end_bone": true
    },
    "metacarpal_pinky_l": {
      "name": "metacarpal_pinky_l",
      "local": {
        "location": {
          "x": 0.0,
          "y": 0.0,
          "z": 0.0
        },
        "rotation_quaternion": {
          "w": 0.9986842274665833,
          "x": -0.04850148409605026,
          "y": -0.008124629966914654,
          "z": 0.014546088874340057
        },
        "scale": {
          "x": 1.0,
          "y": 1.0,
          "z": 1.0
        },
        "matrix_basis": [
          [
            0.9994447827339172,
            -0.028265785425901413,
            -0.01763889379799366,
            0.0
          ],
          [
            0.029842011630535126,
            0.9948720335960388,
            0.09663897007703781,
            0.0
          ],
          [
            0.014816866256296635,
            -0.09711169451475143,
            0.9951632022857666,
            0.0
          ],
          [
            0.0,
            0.0,
            0.0,
            1.0
          ]
        ],
        "rotation_mode": "QUATERNION"
      },
      "armature_space": {
        "head": {
          "x": 0.2171400487422943,
          "y": -0.38845300674438477,
          "z": 0.8008893728256226
        },
        "tail": {
          "x": 0.21400025486946106,
          "y": -0.47108787298202515,
          "z": 0.8641735315322876
        }
      },
      "world_space": {
        "head": {
          "x": 0.2171400487422943,
          "y": -0.32520902156829834,
          "z": 1.7507433891296387
        },
        "tail": {
          "x": 0.21400025486946106,
          "y": -0.4078438878059387,
          "z": 1.8140275478363037
        },
        "rotation_quaternion": {
          "w": 0.050003595650196075,
          "x": 0.10085588693618774,
          "y": 0.3173569440841675,
          "z": 0.9416009783744812
        },
        "matrix": [
          [
            -0.9746554493904114,
            -0.030152346938848495,
            0.22166982293128967,
            0.2171400487422943
          ],
          [
            0.15818145871162415,
            -0.7935682535171509,
            0.5875611305236816,
            -0.32520902156829834
          ],
          [
            0.15819522738456726,
            0.6077371835708618,
            0.7782312035560608,
            1.7507433891296387
          ],
          [
            0.0,
            0.0,
            0.0,
            1.0
          ]
        ]
      },
      "bone_length_armature_space": 0.10413099312807517,
      "parent": "lowerarm_l",
      "has_children": true,
      "is_end_bone": false
    },
    "pinky_01_l": {
      "name": "pinky_01_l",
      "local": {
        "location": {
          "x": 0.0,
          "y": 0.0,
          "z": 0.0
        },
        "rotation_quaternion": {
          "w": 0.953048825263977,
          "x": 0.30268150568008423,
          "y": 0.0037436808925122023,
          "z": -0.008244102820754051
        },
        "scale": {
          "x": 1.0,
          "y": 1.0,
          "z": 1.0
        },
        "matrix_basis": [
          [
            0.9998360276222229,
            0.01798035018146038,
            0.0021451464854180813,
            0.0
          ],
          [
            -0.013447779230773449,
            0.8166318535804749,
            -0.577002227306366,
            0.0
          ],
          [
            -0.012126496061682701,
            0.5768787860870361,
            0.8167397975921631,
            0.0
          ],
          [
            0.0,
            0.0,
            0.0,
            1.0
          ]
        ],
        "rotation_mode": "QUATERNION"
      },
      "armature_space": {
        "head": {
          "x": 0.21400025486946106,
          "y": -0.47108787298202515,
          "z": 0.8641735315322876
        },
