{
  "metadata": {
    "armature_name": "KIM_caucasian_male",
    "export_time": "2026-01-13T21:04:27.104833",
    "blender_version": "4.4.1",
    "bone_count": 56,
    "end_bone_count": 13,
    "spaces_included": [
      "LOCAL_CHANNELS",
      "ARMATURE_SPACE",
      "WORLD_SPACE"
    ],
    "note": "LOCAL matches Transform panel; replay pose via local.matrix_basis for best fidelity."
  },
  "bones": {
    "Root": {
      "name": "Root",
      "local": {
        "location": {
          "x": 0.0,
          "y": 0.0,
          "z": 0.0
        },
        "rotation_quaternion": {
          "w": 0.9997636079788208,
          "x": 0.012316498905420303,
          "y": -0.01641085185110569,
          "z": -0.007195440120995045
        },
        "scale": {
          "x": 1.0,
          "y": 1.0,
          "z": 1.0
        },
        "matrix_basis": [
          [
            0.9993578195571899,
            0.013983230106532574,
            -0.0329911895096302,
            0.0
          ],
          [
            -0.014791727066040039,
            0.9995930790901184,
            -0.02439100854098797,
            0.0
          ],
          [
            0.032636698335409164,
            0.024863341823220253,
            0.9991579651832581,
            0.0
          ],
          [
            0.0,
            0.0,
            0.0,
            1.0
          ]
        ],
        "rotation_mode": "QUATERNION"
      },
      "armature_space": {
        "head": {
          "x": 0.0,
          "y": 0.07072800397872925,
          "z": -0.009595036506652832
        },
        "tail": {
          "x": 0.0009980652248486876,
          "y": -0.00020978599786758423,
          "z": -0.0017624516040086746
        }
      },
      "world_space": {
        "head": {
          "x": 0.0,
          "y": 0.13397200405597687,
          "z": 0.9402589797973633
        },
        "tail": {
          "x": 0.0009980652248486876,
          "y": 0.06303421407938004,
          "z": 0.9480915665626526
        },
        "rotation_quaternion": {
          "w": 0.055063214153051376,
          "x": 0.998322069644928,
          "y": 0.006073529366403818,
          "z": -0.016858311370015144
        },
        "matrix": [
          [
            0.9993578195571899,
            0.013983230106532574,
            -0.0329911895096302,
            0.0
          ],
          [
            0.01027012336999178,
            -0.9938623309135437,
            -0.1101468876004219,
            0.13397200405597687
          ],
          [
            -0.034329138696193695,
            0.10973715782165527,
            -0.9933746457099915,
            0.9402589797973633
          ],
          [
            0.0,
            0.0,
            0.0,
            1.0
          ]
        ]
      },
      "bone_length_armature_space": 0.07137587558479878,
      "parent": null,
      "has_children": true,
      "is_end_bone": false
    },
    "spine_01": {
      "name": "spine_01",
      "local": {
        "location": {
          "x": 0.0,
          "y": 0.0,
          "z": 0.0
        },
        "rotation_quaternion": {
          "w": 0.9986129999160767,
          "x": 0.01710677146911621,
          "y": -0.046877212822437286,
          "z": 0.01679825782775879
        },
        "scale": {
          "x": 1.0,
          "y": 1.0,
          "z": 1.0
        },
        "matrix_basis": [
          [
            0.9950407147407532,
            -0.03515375405550003,
            -0.09304966032505035,
            0.0
          ],
          [
            0.031946081668138504,
            0.9988503456115723,
            -0.03574100136756897,
            0.0
          ],
          [
            0.09419911354780197,
            0.03259117901325226,
            0.995019793510437,
            0.0
          ],
          [
            0.0,
            0.0,
            0.0,
            1.0
          ]
        ],
        "rotation_mode": "QUATERNION"
      },
      "armature_space": {
        "head": {
          "x": 0.0009980652248486876,
          "y": -0.00020978599786758423,
          "z": -0.0017624516040086746
        },
        "tail": {
          "x": 0.0006478697760030627,
          "y": -0.005420247092843056,
          "z": 0.4862142503261566
        }
      },
      "world_space": {
        "head": {
          "x": 0.0009980652248486876,
          "y": 0.06303421407938004,
          "z": 0.9480915665626526
        },
        "tail": {
          "x": 0.0006478697760030627,
          "y": 0.05782375484704971,
          "z": 1.4360682964324951
        },
        "rotation_quaternion": {
          "w": 0.7027004361152649,
          "x": 0.7102653384208679,
          "y": -0.029551301151514053,
          "z": -0.02935883402824402
        },
        "matrix": [
          [
            0.9965295791625977,
            -0.000717611750587821,
            -0.08323653787374496,
            0.0009980652248486876
          ],
          [
            -0.08323945105075836,
            -0.010677147656679153,
            -0.9964724779129028,
            0.06303421407938004
          ],
          [
            -0.00017371797002851963,
            0.9999497532844543,
            -0.01070079393684864,
            0.9480915665626526
          ],
          [
            0.0,
            0.0,
            0.0,
            1.0
          ]
        ]
      },
      "bone_length_armature_space": 0.4880046390900879,
      "parent": "Root",
      "has_children": true,
      "is_end_bone": false
    },
    "neck_01": {
      "name": "neck_01",
      "local": {
        "location": {
          "x": 0.0,
          "y": 0.0,
          "z": 0.0
        },
        "rotation_quaternion": {
          "w": 0.9903850555419922,
          "x": -0.014654501341283321,
          "y": 0.05341853201389313,
          "z": 0.12676499783992767
        },
        "scale": {
          "x": 1.0,
          "y": 1.0,
          "z": 1.0
        },
        "matrix_basis": [
          [
            0.9621542096138,
            -0.252657949924469,
            0.10209447890520096,
            0.0
          ],
          [
            0.24952667951583862,
            0.9674317836761475,
            0.04257039725780487,
            0.0
          ],
          [
            -0.10952518880367279,
            -0.015483997762203217,
            0.9938634037971497,
            0.0
          ],
          [
            0.0,
            0.0,
            0.0,
            1.0
          ]
        ],
        "rotation_mode": "QUATERNION"
      },
      "armature_space": {
        "head": {
          "x": -0.0022913524881005287,
          "y": -0.04076011851429939,
          "z": 0.5590579509735107
        },
        "tail": {
          "x": -0.03117838129401207,
          "y": -0.07563212513923645,
          "z": 0.6510373950004578
        }
      },
      "world_space": {
        "head": {
          "x": -0.0022913524881005287,
          "y": 0.022483881562948227,
          "z": 1.5089119672775269
        },
        "tail": {
          "x": -0.03117838129401207,
          "y": -0.01238812506198883,
          "z": 1.600891351699829
        },
        "rotation_quaternion": {
          "w": 0.5636511445045471,
          "x": 0.8135776519775391,
          "y": -0.11056791245937347,
          "z": 0.09035256505012512
        },
        "matrix": [
          [
            0.9592223167419434,
            -0.28176602721214294,
            0.0223727747797966,
            -0.0022913524881005287
          ],
          [
            -0.07805784791707993,
            -0.34014391899108887,
            -0.9371283054351807,
            0.022483881562948227
          ],
          [
            0.2716626822948456,
            0.8971737623214722,
            -0.348270982503891,
            1.5089119672775269
          ],
          [
            0.0,
            0.0,
            0.0,
            1.0
          ]
        ]
      },
      "bone_length_armature_space": 0.10252187789241478,
      "parent": "spine_01",
      "has_children": true,
      "is_end_bone": false
    },
    "head": {
      "name": "head",
      "local": {
        "location": {
          "x": 0.0,
          "y": 0.0,
          "z": 0.0
        },
        "rotation_quaternion": {
          "w": 0.9717885255813599,
          "x": -0.07299621403217316,
          "y": 0.1274711787700653,
          "z": -0.18452593684196472
        },
        "scale": {
          "x": 1.0,
          "y": 1.0,
          "z": 1.0
        },
        "matrix_basis": [
          [
            0.8994025588035583,
            0.3400305509567261,
            0.2746894359588623,
            0.0
          ],
          [
            -0.37725019454956055,
            0.9212434887886047,
            0.09483028948307037,
            0.0
          ],
          [
            -0.220810666680336,
            -0.18891724944114685,
            0.9568452835083008,
            0.0
          ],
          [
            0.0,
            0.0,
            0.0,
            1.0
          ]
        ],
        "rotation_mode": "QUATERNION"
      },
      "armature_space": {
        "head": {
          "x": -0.03117835894227028,
          "y": -0.075632244348526,
          "z": 0.6510372757911682
        },
        "tail": {
          "x": -0.016934553161263466,
          "y": -0.04761267453432083,
          "z": 0.8029100298881531
        }
      },
      "world_space": {
        "head": {
          "x": -0.03117835894227028,
          "y": -0.012388244271278381,
          "z": 1.600891351699829
        },
        "tail": {
          "x": -0.016934553161263466,
          "y": 0.01563132554292679,
          "z": 1.7527639865875244
        },
        "rotation_quaternion": {
          "w": 0.7630211114883423,
          "x": 0.6398663520812988,
          "y": 0.09017568081617355,
          "z": 0.015437759459018707
        },
        "matrix": [
          [
            0.9832602739334106,
            0.09184207022190094,
            0.15736746788024902,
            -0.03117835894227028
          ],
          [
            0.13895878195762634,
            0.1806662529706955,
            -0.9736788272857666,
            -0.012388244271278381
          ],
          [
            -0.11785636842250824,
            0.9792542457580566,
            0.16487988829612732,
            1.600891351699829
          ],
          [
            0.0,
            0.0,
            0.0,
            1.0
          ]
        ]
      },
      "bone_length_armature_space": 0.15509131666589263,
      "parent": "neck_01",
      "has_children": false,
      "is_end_bone": true
    },
    "upperarm_l": {
      "name": "upperarm_l",
      "local": {
        "location": {
          "x": 0.0,
          "y": 0.0,
          "z": 0.0
        },
        "rotation_quaternion": {
          "w": 0.9223836660385132,
          "x": -0.15760290622711182,
          "y": 0.27766385674476624,
          "z": -0.21742258965969086
        },
        "scale": {
          "x": 1.0,
          "y": 1.0,
          "z": 1.0
        },
        "matrix_basis": [
          [
            0.7512603998184204,
            0.31357282400131226,
            0.5807580947875977,
            0.0
          ],
          [
            -0.48861536383628845,
            0.8557775020599365,
            0.169999897480011,
            0.0
          ],
          [
            -0.4436923563480377,
            -0.41148146986961365,
            0.7961282134056091,
            0.0
          ],
          [
            0.0,
            0.0,
            0.0,
            1.0
          ]
        ],
        "rotation_mode": "QUATERNION"
      },
      "armature_space": {
        "head": {
          "x": 0.14697086811065674,
          "y": -0.05570632591843605,
          "z": 0.4917933940887451
        },
        "tail": {
          "x": 0.3792547881603241,
          "y": 0.04736868664622307,
          "z": 0.40677905082702637
        }
      },
      "world_space": {
        "head": {
          "x": 0.14697086811065674,
          "y": 0.007537674158811569,
          "z": 1.4416474103927612
        },
        "tail": {
          "x": 0.3792547881603241,
          "y": 0.11061269044876099,
          "z": 1.3566330671310425
        },
        "rotation_quaternion": {
          "w": 0.268865704536438,
          "x": 0.43134602904319763,
          "y": 0.7874249815940857,
          "z": -0.3487316071987152
        },
        "matrix": [
          [
            -0.4833030104637146,
            0.8668299317359924,
            0.12257339805364609,
            0.14697086811065674
          ],
          [
            0.4917825162410736,
            0.38465213775634766,
            -0.7811484932899475,
            0.007537674158811569
          ],
          [
            -0.7242754697799683,
            -0.31725382804870605,
            -0.6122002005577087,
            1.4416474103927612
          ],
          [
            0.0,
            0.0,
            0.0,
            1.0
          ]
        ]
      },
      "bone_length_armature_space": 0.2679696177588112,
      "parent": "spine_01",
      "has_children": true,
      "is_end_bone": false
    },
    "lowerarm_l": {
      "name": "lowerarm_l",
      "local": {
        "location": {
          "x": 0.0,
          "y": 0.0,
          "z": 0.0
        },
        "rotation_quaternion": {
          "w": 0.986339807510376,
          "x": 0.10583917051553726,
          "y": -0.04920455068349838,
          "z": 0.11623652279376984
        },
        "scale": {
          "x": 1.0,
          "y": 1.0,
          "z": 1.0
        },
        "matrix_basis": [
          [
            0.9681359529495239,
            -0.23971295356750488,
            -0.07246006280183792,
            0.0
          ],
          [
            0.21888187527656555,
            0.9505742788314819,
            -0.2202255129814148,
            0.0
          ],
          [
            0.12166956812143326,
            0.19734804332256317,
            0.9727539420127869,
            0.0
          ],
          [
            0.0,
            0.0,
            0.0,
            1.0
          ]
        ],
        "rotation_mode": "QUATERNION"
      },
      "armature_space": {
        "head": {
          "x": 0.37925493717193604,
          "y": 0.047368623316287994,
          "z": 0.40677911043167114
        },
        "tail": {
          "x": 0.6406224966049194,
          "y": 0.040567703545093536,
          "z": 0.3501211404800415
        }
      },
      "world_space": {
        "head": {
          "x": 0.37925493717193604,
          "y": 0.11061262339353561,
          "z": 1.356633186340332
        },
        "tail": {
          "x": 0.6406224966049194,
          "y": 0.10381170362234116,
          "z": 1.2999751567840576
        },
        "rotation_quaternion": {
          "w": 0.34093526005744934,
          "x": 0.5365563631057739,
          "y": 0.6091414093971252,
          "z": -0.4741489589214325
        },
        "matrix": [
          [
            -0.1917392611503601,
            0.9769856929779053,
            -0.09346116334199905,
            0.37925493717193604
          ],
          [
            0.3303702771663666,
            -0.02542167901992798,
            -0.9435091614723206,
            0.11061262339353561
          ],
          [
            -0.9241768717765808,
            -0.21178606152534485,
            -0.317895770072937,
            1.356633186340332
          ],
          [
            0.0,
            0.0,
            0.0,
            1.0
          ]
        ]
      },
      "bone_length_armature_space": 0.26752454202723075,
      "parent": "upperarm_l",
      "has_children": true,
      "is_end_bone": false
    },
    "metacarpal_thumb_l": {
      "name": "metacarpal_thumb_l",
      "local": {
        "location": {
          "x": 0.0,
          "y": 0.0,
          "z": 0.0
        },
        "rotation_quaternion": {
          "w": 0.9999012351036072,
          "x": 0.01393171213567257,
          "y": -0.0005233318661339581,
          "z": -0.0017775066662579775
        },
        "scale": {
          "x": 1.0,
          "y": 1.0,
          "z": 1.0
        },
        "matrix_basis": [
          [
            0.9999931454658508,
            0.0035400805063545704,
            -0.0010960877407342196,
            0.0
          ],
          [
            -0.0035692439414560795,
            0.9996054768562317,
            -0.027858812361955643,
            0.0
          ],
          [
            0.0009970329701900482,
            0.027862532064318657,
            0.9996112585067749,
            0.0
          ],
          [
            0.0,
            0.0,
            0.0,
            1.0
          ]
        ],
        "rotation_mode": "QUATERNION"
      },
      "armature_space": {
        "head": {
          "x": 0.6406224966049194,
          "y": 0.040567703545093536,
          "z": 0.3501211404800415
        },
        "tail": {
          "x": 0.6738950610160828,
          "y": 0.01574835181236267,
          "z": 0.32309281826019287
        }
      },
      "world_space": {
        "head": {
          "x": 0.6406224966049194,
          "y": 0.10381170362234116,
          "z": 1.2999751567840576
        },
        "tail": {
          "x": 0.6738950610160828,
          "y": 0.07899235188961029,
          "z": 1.272946834564209
        },
        "rotation_quaternion": {
          "w": 0.2719520032405853,
          "x": -0.8614287376403809,
          "y": -0.41894131898880005,
          "z": 0.09203791618347168
        },
        "matrix": [
          [
            0.6320332884788513,
            0.6717163920402527,
            -0.3864334225654602,
            0.6406224966049194
          ],
          [
            0.7718369960784912,
            -0.5010602474212646,
            0.3914160430431366,
            0.10381170362234116
          ],
          [
            0.06929538398981094,
            -0.5456557273864746,
            -0.8351477384567261,
            1.2999751567840576
          ],
          [
            0.0,
            0.0,
            0.0,
            1.0
          ]
        ]
      },
      "bone_length_armature_space": 0.04953376511489293,
      "parent": "lowerarm_l",
      "has_children": true,
      "is_end_bone": false
    },
    "thumb_01_l": {
      "name": "thumb_01_l",
      "local": {
        "location": {
          "x": 0.0,
          "y": 0.0,
          "z": 0.0
        },
        "rotation_quaternion": {
          "w": 0.9988539814949036,
          "x": -0.044220853596925735,
          "y": -0.0022529051639139652,
          "z": -0.01817362755537033
        },
        "scale": {
          "x": 1.0,
          "y": 1.0,
          "z": 1.0
        },
        "matrix_basis": [
          [
            0.9993292689323425,
            0.036504849791526794,
            -0.002893339842557907,
            0.0
          ],
          [
            -0.03610634803771973,
            0.9954284429550171,
            0.08842223882675171,
            0.0
          ],
          [
            0.006107953377068043,
            -0.08825846761465073,
            0.9960789084434509,
            0.0
          ],
          [
            0.0,
            0.0,
            0.0,
            1.0
          ]
        ],
        "rotation_mode": "QUATERNION"
      },
      "armature_space": {
        "head": {
          "x": 0.6738950610160828,
          "y": 0.01574835181236267,
          "z": 0.32309281826019287
        },
        "tail": {
          "x": 0.6756081581115723,
          "y": 0.008135631680488586,
          "z": 0.28996047377586365
        }
      },
      "world_space": {
        "head": {
          "x": 0.6738950610160828,
          "y": 0.07899235188961029,
          "z": 1.272946834564209
        },
        "tail": {
          "x": 0.6756081581115723,
          "y": 0.0713796317577362,
          "z": 1.2398145198822021
        },
        "rotation_quaternion": {
          "w": 0.5906075239181519,
          "x": -0.7276281714439392,
          "y": 0.19838941097259521,
          "z": -0.2870224118232727
        },
        "matrix": [
          [
            0.7565199732780457,
            0.050327278673648834,
            0.6520311236381531,
            0.6738950610160828
          ],
          [
            -0.6277419924736023,
            -0.2236497700214386,
            0.745601236820221,
            0.07899235188961029
          ],
          [
            0.18335147202014923,
            -0.9733763933181763,
            -0.13760322332382202,
            1.272946834564209
          ],
          [
            0.0,
            0.0,
            0.0,
            1.0
          ]
        ]
      },
      "bone_length_armature_space": 0.03403880809681037,
      "parent": "metacarpal_thumb_l",
      "has_children": true,
      "is_end_bone": false
    },
    "thumb_02_l": {
      "name": "thumb_02_l",
      "local": {
        "location": {
          "x": 0.0,
          "y": 0.0,
          "z": 0.0
        },
        "rotation_quaternion": {
          "w": 0.9980003833770752,
          "x": 0.06216005980968475,
          "y": -0.009620659053325653,
          "z": 0.006235979497432709
        },
        "scale": {
          "x": 1.0,
          "y": 1.0,
          "z": 1.0
        },
        "matrix_basis": [
          [
            0.9997370839118958,
            -0.013643061742186546,
            -0.018427584320306778,
            0.0
          ],
          [
            0.011250978335738182,
            0.9921944737434387,
            -0.124191515147686,
            0.0
          ],
          [
            0.019978100433945656,
            0.12395153939723969,
            0.9920871257781982,
            0.0
          ],
          [
            0.0,
            0.0,
            0.0,
            1.0
          ]
        ],
        "rotation_mode": "QUATERNION"
      },
      "armature_space": {
        "head": {
          "x": 0.6756080389022827,
          "y": 0.00813562236726284,
          "z": 0.28996047377586365
        },
        "tail": {
          "x": 0.7133650779724121,
          "y": 0.00807242188602686,
          "z": 0.27626433968544006
        }
      },
      "world_space": {
        "head": {
          "x": 0.6756080389022827,
          "y": 0.07137962430715561,
          "z": 1.2398145198822021
        },
        "tail": {
          "x": 0.7133650779724121,
          "y": 0.0713164210319519,
          "z": 1.2261183261871338
        },
        "rotation_quaternion": {
          "w": 0.7065253853797913,
          "x": -0.24693620204925537,
          "y": -0.00598242087289691,
          "z": -0.6631807684898376
        },
        "matrix": [
          [
            0.1203097552061081,
            0.9400621056556702,
            0.3190748989582062,
            0.6756080389022827
          ],
          [
            -0.9341542720794678,
            -0.0015735365450382233,
            0.35686659812927246,
            0.07137962430715561
          ],
          [
            0.33598026633262634,
            -0.3410019874572754,
            0.8779798746109009,
            1.2398145198822021
          ],
          [
            0.0,
            0.0,
            0.0,
            1.0
          ]
        ]
      },
      "bone_length_armature_space": 0.040164437651945,
      "parent": "thumb_01_l",
      "has_children": true,
      "is_end_bone": false
    },
    "thumb_03_l": {
      "name": "thumb_03_l",
      "local": {
        "location": {
          "x": 0.0,
          "y": 0.0,
          "z": 0.0
        },
        "rotation_quaternion": {
          "w": 0.9979027509689331,
          "x": 0.06469006091356277,
          "y": -0.0005109739140607417,
          "z": -0.002268056618049741
        },
        "scale": {
          "x": 1.0,
          "y": 1.0,
          "z": 1.0
        },
        "matrix_basis": [
          [
            0.9999892115592957,
            0.004460489843040705,
            -0.001313245971687138,
            0.0
          ],
          [
            -0.004592709708958864,
            0.9916201233863831,
            -0.12910646200180054,
            0.0
          ],
          [
            0.0007263630977831781,
            0.12911109626293182,
            0.9916298985481262,
            0.0
          ],
          [
            0.0,
            0.0,
            0.0,
            1.0
          ]
        ],
        "rotation_mode": "QUATERNION"
      },
      "armature_space": {
        "head": {
          "x": 0.7133650183677673,
          "y": 0.008072348311543465,
          "z": 0.2762643098831177
        },
        "tail": {
          "x": 0.7429605722427368,
          "y": 0.015204330906271935,
          "z": 0.2759047746658325
        }
      },
      "world_space": {
        "head": {
          "x": 0.7133650183677673,
          "y": 0.07131634652614594,
          "z": 1.2261183261871338
        },
        "tail": {
          "x": 0.7429605722427368,
          "y": 0.0784483328461647,
          "z": 1.2257587909698486
        },
        "rotation_quaternion": {
          "w": 0.7849107980728149,
          "x": 0.01794501766562462,
          "y": 0.032320257276296616,
          "z": -0.6185051798820496
        },
        "matrix": [
          [
            0.23281364142894745,
            0.9721026420593262,
            0.028538145124912262,
            0.7133650183677673
          ],
          [
            -0.969782829284668,
            0.23425883054733276,
            -0.06815063953399658,
            0.07131634652614594
          ],
          [
            -0.07293611764907837,
            -0.011809229850769043,
            0.9972737431526184,
            1.2261183261871338
          ],
          [
            0.0,
            0.0,
            0.0,
            1.0
          ]
        ]
      },
      "bone_length_armature_space": 0.030444889121055366,
      "parent": "thumb_02_l",
      "has_children": false,
      "is_end_bone": true
    },
    "metacarpal_index_l": {
      "name": "metacarpal_index_l",
      "local": {
        "location": {
          "x": 0.0,
          "y": 0.0,
          "z": 0.0
        },
        "rotation_quaternion": {
          "w": 0.9980990290641785,
          "x": -0.061171047389507294,
          "y": -0.0014296984300017357,
          "z": -0.007375870831310749
        },
        "scale": {
          "x": 1.0,
          "y": 1.0,
          "z": 1.0
        },
        "matrix_basis": [
          [
            0.9998871088027954,
            0.014898611232638359,
            -0.0019515817984938622,
            0.0
          ],
          [
            -0.014548786915838718,
            0.9924073815345764,
            0.1221306174993515,
            0.0
          ],
          [
            0.0037563408259302378,
            -0.12208843231201172,
            0.9925121068954468,
            0.0
          ],
          [
            0.0,
            0.0,
            0.0,
            1.0
          ]
        ],
        "rotation_mode": "QUATERNION"
      },
      "armature_space": {
        "head": {
          "x": 0.6406224966049194,
          "y": 0.040567703545093536,
          "z": 0.3501211404800415
        },
        "tail": {
          "x": 0.7505144476890564,
          "y": 0.011269580572843552,
          "z": 0.32193246483802795
        }
      },
      "world_space": {
        "head": {
          "x": 0.6406224966049194,
          "y": 0.10381170362234116,
          "z": 1.2999751567840576
        },
        "tail": {
          "x": 0.7505144476890564,
          "y": 0.07451358437538147,
          "z": 1.2717864513397217
        },
        "rotation_quaternion": {
          "w": 0.011739599518477917,
          "x": 0.7618843913078308,
          "y": 0.6122415661811829,
          "z": -0.2110796719789505
        },
        "matrix": [
          [
            0.16121035814285278,
            0.9378710389137268,
            -0.3072604537010193,
            0.6406224966049194
          ],
          [
            0.9279583692550659,
            -0.2500442862510681,
            -0.2763541042804718,
            0.10381170362234116
          ],
          [
            -0.3360145688056946,
            -0.24057570099830627,
            -0.9106215238571167,
            1.2999751567840576
          ],
          [
            0.0,
            0.0,
            0.0,
            1.0
          ]
        ]
      },
      "bone_length_armature_space": 0.11717176455909857,
      "parent": "lowerarm_l",
      "has_children": true,
      "is_end_bone": false
    },
    "index_01_l": {
      "name": "index_01_l",
      "local": {
        "location": {
          "x": 0.0,
          "y": 0.0,
          "z": 0.0
        },
        "rotation_quaternion": {
          "w": 0.9903563857078552,
          "x": -0.13779036700725555,
          "y": -0.003695917781442404,
          "z": -0.013943527825176716
        },
        "scale": {
          "x": 1.0,
          "y": 1.0,
          "z": 1.0
        },
        "matrix_basis": [
          [
            0.9995838403701782,
            0.028636647388339043,
            -0.0034779838752001524,
            0.0
          ],
          [
            -0.026599599048495293,
            0.9616388082504272,
            0.2730261981487274,
            0.0
          ],
          [
            0.011163119226694107,
            -0.2728200852870941,
            0.96200031042099,
            0.0
          ],
          [
            0.0,
            0.0,
            0.0,
            1.0
          ]
        ],
        "rotation_mode": "QUATERNION"
      },
      "armature_space": {
        "head": {
          "x": 0.7505144476890564,
          "y": 0.011269580572843552,
          "z": 0.32193246483802795
        },
        "tail": {
          "x": 0.7783339023590088,
          "y": 0.017403030768036842,
          "z": 0.3231687843799591
        }
      },
      "world_space": {
        "head": {
          "x": 0.7505144476890564,
          "y": 0.07451358437538147,
          "z": 1.2717864513397217
        },
        "tail": {
          "x": 0.7783339023590088,
          "y": 0.08064702898263931,
          "z": 1.2730227708816528
        },
        "rotation_quaternion": {
          "w": 0.10229019820690155,
          "x": 0.6240778565406799,
          "y": 0.7727141380310059,
          "z": -0.05455801263451576
        },
        "matrix": [
          [
            -0.20012706518173218,
            0.9756289124488831,
            0.08998449146747589,
            0.7505144476890564
          ],
          [
            0.9533060193061829,
            0.21510031819343567,
            -0.211990624666214,
            0.07451358437538147
          ],
          [
            -0.22618043422698975,
            0.043358221650123596,
            -0.9731271862983704,
            1.2717864513397217
          ],
          [
            0.0,
            0.0,
            0.0,
            1.0
          ]
        ]
      },
      "bone_length_armature_space": 0.028514378331859318,
      "parent": "metacarpal_index_l",
      "has_children": true,
      "is_end_bone": false
    },
    "index_02_l": {
      "name": "index_02_l",
      "local": {
        "location": {
          "x": 0.0,
          "y": 0.0,
          "z": 0.0
        },
        "rotation_quaternion": {
          "w": 0.9995524883270264,
          "x": 0.02960270270705223,
          "y": -0.004248723387718201,
          "z": 0.0007085820543579757
        },
        "scale": {
          "x": 1.0,
          "y": 1.0,
          "z": 1.0
        },
        "matrix_basis": [
          [
            0.9999628663063049,
            -0.0016680773114785552,
            -0.008451691828668118,
            0.0
          ],
          [
            0.0011649825610220432,
            0.9982463717460632,
            -0.059184931218624115,
            0.0
          ],
          [
            0.0085355956107378,
            0.05917288735508919,
            0.9982112646102905,
            0.0
          ],
          [
            0.0,
            0.0,
            0.0,
            1.0
          ]
        ],
        "rotation_mode": "QUATERNION"
      },
      "armature_space": {
        "head": {
          "x": 0.7783343195915222,
          "y": 0.01740282028913498,
          "z": 0.3231685757637024
        },
        "tail": {
          "x": 0.8032719492912292,
          "y": 0.023409346118569374,
          "z": 0.3235228955745697
        }
      },
      "world_space": {
        "head": {
          "x": 0.7783343195915222,
          "y": 0.0806468203663826,
          "z": 1.2730226516723633
        },
        "tail": {
          "x": 0.8032719492912292,
          "y": 0.08665334433317184,
          "z": 1.2733769416809082
        },
        "rotation_quaternion": {
          "w": 0.12305987626314163,
          "x": 0.6124873757362366,
          "y": 0.775840163230896,
          "z": -0.08824808150529861
        },
        "matrix": [
          [
            -0.2194310426712036,
            0.9721040725708008,
            0.08284682035446167,
            0.7783343195915222
          ],
          [
            0.9286648631095886,
            0.2341427206993103,
            -0.2876790165901184,
            0.0806468203663826
          ],
          [
            -0.2990529537200928,
            0.013811569660902023,
            -0.9541439414024353,
            1.2730226516723633
          ],
          [
            0.0,
            0.0,
            0.0,
            1.0
          ]
        ]
      },
      "bone_length_armature_space": 0.02565325022785118,
      "parent": "index_01_l",
      "has_children": true,
      "is_end_bone": false
    },
    "index_03_l": {
      "name": "index_03_l",
      "local": {
        "location": {
          "x": 0.0,
          "y": 0.0,
          "z": 0.0
        },
        "rotation_quaternion": {
          "w": 0.998978853225708,
          "x": 0.04490272328257561,
          "y": -0.0010492553701624274,
          "z": -0.0048975818790495396
        },
        "scale": {
          "x": 1.0,
          "y": 1.0,
          "z": 1.0
        },
        "matrix_basis": [
          [
            0.9999498128890991,
            0.009690932929515839,
            -0.0025361974257975817,
            0.0
          ],
          [
            -0.009879390709102154,
            0.9959195256233215,
            -0.08970346301794052,
            0.0
          ],
          [
            0.0016565383411943913,
            0.08972401916980743,
            0.995965301990509,
            0.0
          ],
          [
            0.0,
            0.0,
            0.0,
            1.0
          ]
        ],
        "rotation_mode": "QUATERNION"
      },
      "armature_space": {
        "head": {
          "x": 0.8032719492912292,
          "y": 0.023409361019730568,
          "z": 0.32352304458618164
        },
        "tail": {
          "x": 0.8308156728744507,
          "y": 0.031501106917858124,
          "z": 0.3180824816226959
        }
      },
      "world_space": {
        "head": {
          "x": 0.8032719492912292,
          "y": 0.08665335923433304,
          "z": 1.2733770608901978
        },
        "tail": {
          "x": 0.8308156728744507,
          "y": 0.09474510699510574,
          "z": 1.2679364681243896
        },
        "rotation_quaternion": {
          "w": 0.037170976400375366,
          "x": 0.583818793296814,
          "y": 0.7981775403022766,
          "z": -0.14382874965667725
        },
        "matrix": [
          [
            -0.3155476450920105,
            0.9426743984222412,
            -0.10860270261764526,
            0.8032719492912292
          ],
          [
            0.9212897419929504,
            0.2769373953342438,
            -0.2730039060115814,
            0.08665335923433304
          ],
          [
            -0.22727817296981812,
            -0.1862013190984726,
            -0.9558701515197754,
            1.2733770608901978
          ],
          [
            0.0,
            0.0,
            0.0,
            1.0
          ]
        ]
      },
      "bone_length_armature_space": 0.029218706047169196,
      "parent": "index_02_l",
      "has_children": false,
      "is_end_bone": true
    },
    "metacarpal_pinky_l": {
      "name": "metacarpal_pinky_l",
      "local": {
        "location": {
          "x": 0.0,
          "y": 0.0,
          "z": 0.0
        },
        "rotation_quaternion": {
          "w": 0.9990422129631042,
          "x": -0.0419858917593956,
          "y": -0.012233061715960503,
          "z": -0.001539492281153798
        },
        "scale": {
          "x": 1.0,
          "y": 1.0,
          "z": 1.0
        },
        "matrix_basis": [
          [
            0.9996959567070007,
            0.004103267565369606,
            -0.024313416332006454,
            0.0
          ],
          [
            -0.0020488034933805466,
            0.9964696168899536,
            0.08392902463674545,
            0.0
          ],
          [
            0.024571964517235756,
            -0.08385369181632996,
            0.9961750507354736,
            0.0
          ],
          [
            0.0,
            0.0,
            0.0,
            1.0
          ]
        ],
        "rotation_mode": "QUATERNION"
      },
      "armature_space": {
        "head": {
          "x": 0.6406224966049194,
          "y": 0.040567703545093536,
          "z": 0.3501211404800415
        },
        "tail": {
          "x": 0.7379677891731262,
          "y": 0.07252515107393265,
          "z": 0.33152467012405396
        }
      },
      "world_space": {
        "head": {
          "x": 0.6406224966049194,
          "y": 0.10381170362234116,
          "z": 1.2999751567840576
        },
        "tail": {
          "x": 0.7379677891731262,
          "y": 0.13576915860176086,
          "z": 1.2813787460327148
        },
        "rotation_quaternion": {
          "w": 0.7502698302268982,
          "x": 0.11271674185991287,
          "y": 0.30090704560279846,
          "z": -0.5777933597564697
        },
        "matrix": [
          [
            0.15121866762638092,
            0.934837281703949,
            0.3212663531303406,
            0.6406224966049194
          ],
          [
            -0.7991675734519958,
            0.30689728260040283,
            -0.5168612003326416,
            0.10381170362234116
          ],
          [
            -0.5817816853523254,
            -0.17858755588531494,
            0.7935051321983337,
            1.2999751567840576
          ],
          [
            0.0,
            0.0,
            0.0,
            1.0
          ]
        ]
      },
      "bone_length_armature_space": 0.10413074873780911,
      "parent": "lowerarm_l",
      "has_children": true,
      "is_end_bone": false
    },
    "pinky_01_l": {
      "name": "pinky_01_l",
      "local": {
        "location": {
          "x": 0.0,
          "y": 0.0,
          "z": 0.0
        },
        "rotation_quaternion": {
          "w": 0.9544200301170349,
          "x": 0.2975612282752991,
          "y": -0.020052557811141014,
          "z": 0.011732261627912521
        },
        "scale": {
          "x": 1.0,
          "y": 1.0,
          "z": 1.0
        },
        "matrix_basis": [
          [
            0.9989205002784729,
            -0.03432874009013176,
            -0.03129499405622482,
            0.0
          ],
          [
            0.010461283847689629,
            0.8226393461227417,
            -0.5684673190116882,
            0.0
          ],
          [
            0.0452592596411705,
            0.5675262808799744,
            0.8221104145050049,
            0.0
          ],
          [
            0.0,
            0.0,
            0.0,
            1.0
          ]
        ],
        "rotation_mode": "QUATERNION"
      },
      "armature_space": {
        "head": {
          "x": 0.7379677891731262,
          "y": 0.07252515107393265,
          "z": 0.33152467012405396
