{
  "metadata": {
    "armature_name": "KIM_caucasian_male",
    "export_time": "2026-01-13T21:05:45.121588",
    "blender_version": "4.4.1",
    "bone_count": 56,
    "end_bone_count": 13,
    "spaces_included": [
      "LOCAL_CHANNELS",
      "ARMATURE_SPACE",
      "WORLD_SPACE"
    ],
    "note": "LOCAL matches Transform panel; replay pose via local.matrix_basis for best fidelity."
  },
  "bones": {
    "Root": {
      "name": "Root",
      "local": {
        "location": {
          "x": 0.0,
          "y": 0.0,
          "z": 0.0
        },
        "rotation_quaternion": {
          "w": 0.9998739361763,
          "x": -0.015477040782570839,
          "y": -0.0035313675180077553,
          "z": -0.0004620092222467065
        },
        "scale": {
          "x": 1.0,
          "y": 1.0,
          "z": 1.0
        },
        "matrix_basis": [
          [
            0.9999746084213257,
            0.0010332121746614575,
            -0.00704754376783967,
            0.0
          ],
          [
            -0.0008145917090587318,
            0.999520480632782,
            0.03095344267785549,
            0.0
          ],
          [
            0.007076145615428686,
            -0.030946915969252586,
            0.9994959831237793,
            0.0
          ],
          [
            0.0,
            0.0,
            0.0,
            1.0
          ]
        ],
        "rotation_mode": "QUATERNION"
      },
      "armature_space": {
        "head": {
          "x": 0.0,
          "y": 0.07072800397872925,
          "z": -0.009595036506652832
        },
        "tail": {
          "x": 7.374641427304596e-05,
          "y": 0.0003308504819869995,
          "z": 0.002184228040277958
        }
      },
      "world_space": {
        "head": {
          "x": 0.0,
          "y": 0.13397200405597687,
          "z": 0.9402589797973633
        },
        "tail": {
          "x": 7.374641427304596e-05,
          "y": 0.06357485055923462,
          "z": 0.9520382285118103
        },
        "rotation_quaternion": {
          "w": 0.08280102908611298,
          "x": 0.9965597987174988,
          "y": 0.00022305884340312332,
          "z": -0.003554469905793667
        },
        "matrix": [
          [
            0.9999746084213257,
            0.0010332121746614575,
            -0.00704754376783967,
            0.0
          ],
          [
            -0.00014404626563191414,
            -0.9862878322601318,
            -0.16503441333770752,
            0.13397200405597687
          ],
          [
            -0.0071214716881513596,
            0.16503146290779114,
            -0.9862697124481201,
            0.9402589797973633
          ],
          [
            0.0,
            0.0,
            0.0,
            1.0
          ]
        ]
      },
      "bone_length_armature_space": 0.07137587674821112,
      "parent": null,
      "has_children": true,
      "is_end_bone": false
    },
    "spine_01": {
      "name": "spine_01",
      "local": {
        "location": {
          "x": 0.0,
          "y": 0.0,
          "z": 0.0
        },
        "rotation_quaternion": {
          "w": 0.9984586834907532,
          "x": -0.03460336849093437,
          "y": 0.02373311296105385,
          "z": -0.0363270603120327
        },
        "scale": {
          "x": 1.0,
          "y": 1.0,
          "z": 1.0
        },
        "matrix_basis": [
          [
            0.9962341785430908,
            0.07089964300394058,
            0.0499071441590786,
            0.0
          ],
          [
            -0.07418462634086609,
            0.9949659109115601,
            0.06737575680017471,
            0.0
          ],
          [
            -0.044878989458084106,
            -0.07082437723875046,
            0.9964786767959595,
            0.0
          ],
          [
            0.0,
            0.0,
            0.0,
            1.0
          ]
        ],
        "rotation_mode": "QUATERNION"
      },
      "armature_space": {
        "head": {
          "x": 7.374641427304596e-05,
          "y": 0.0003308504819869995,
          "z": 0.002184228040277958
        },
        "tail": {
          "x": 0.03811059892177582,
          "y": 0.07247772067785263,
          "z": 0.48332515358924866
        }
      },
      "world_space": {
        "head": {
          "x": 7.374641427304596e-05,
          "y": 0.06357485055923462,
          "z": 0.9520382285118103
        },
        "tail": {
          "x": 0.03811059892177582,
          "y": 0.13572171330451965,
          "z": 1.4331791400909424
        },
        "rotation_quaternion": {
          "w": 0.7562533617019653,
          "x": 0.6526196599006653,
          "y": 0.04473726078867912,
          "z": -0.012926445342600346
        },
        "matrix": [
          [
            0.9956629872322083,
            0.07794417440891266,
            0.050792794674634933,
            7.374641427304596e-05
          ],
          [
            0.03884095326066017,
            0.14784157276153564,
            -0.9882481098175049,
            0.06357485055923462
          ],
          [
            -0.08453802019357681,
            0.985942006111145,
            0.1441730558872223,
            0.9520382285118103
          ],
          [
            0.0,
            0.0,
            0.0,
            1.0
          ]
        ]
      },
      "bone_length_armature_space": 0.48800465713011565,
      "parent": "Root",
      "has_children": true,
      "is_end_bone": false
    },
    "neck_01": {
      "name": "neck_01",
      "local": {
        "location": {
          "x": 0.0,
          "y": 0.0,
          "z": 0.0
        },
        "rotation_quaternion": {
          "w": 0.9955951571464539,
          "x": -0.0027805205900222063,
          "y": -0.08667706698179245,
          "z": -0.03563270717859268
        },
        "scale": {
          "x": 1.0,
          "y": 1.0,
          "z": 1.0
        },
        "matrix_basis": [
          [
            0.9824348092079163,
            0.07143351435661316,
            -0.17239238321781158,
            0.0
          ],
          [
            -0.07046948373317719,
            0.9974451661109924,
            0.011713623069226742,
            0.0
          ],
          [
            0.17278869450092316,
            0.0006405314197763801,
            0.9849587082862854,
            0.0
          ],
          [
            0.0,
            0.0,
            0.0,
            1.0
          ]
        ],
        "rotation_mode": "QUATERNION"
      },
      "armature_space": {
        "head": {
          "x": 0.04557906836271286,
          "y": 0.049029573798179626,
          "z": 0.5605142712593079
        },
        "tail": {
          "x": 0.06221817433834076,
          "y": 0.02483074553310871,
          "z": 0.6587401032447815
        }
      },
      "world_space": {
        "head": {
          "x": 0.04557906836271286,
          "y": 0.11227357387542725,
          "z": 1.5103683471679688
        },
        "tail": {
          "x": 0.06221817433834076,
          "y": 0.08807474374771118,
          "z": 1.6085941791534424
        },
        "rotation_quaternion": {
          "w": 0.6178545355796814,
          "x": 0.7781307697296143,
          "y": 0.015403017401695251,
          "z": -0.11194208264350891
        },
        "matrix": [
          [
            0.9744636416435242,
            0.16229897737503052,
            -0.15517649054527283,
            0.04557906836271286
          ],
          [
            -0.11435574293136597,
            -0.2360370010137558,
            -0.9649920463562012,
            0.11227357387542725
          ],
          [
            -0.19324606657028198,
            0.9581013321876526,
            -0.21145205199718475,
            1.5103683471679688
          ],
          [
            0.0,
            0.0,
            0.0,
            1.0
          ]
        ]
      },
      "bone_length_armature_space": 0.10252198235991353,
      "parent": "spine_01",
      "has_children": true,
      "is_end_bone": false
    },
    "head": {
      "name": "head",
      "local": {
        "location": {
          "x": 0.0,
          "y": 0.0,
          "z": 0.0
        },
        "rotation_quaternion": {
          "w": 0.9868533611297607,
          "x": -0.06337439268827438,
          "y": -0.10694663226604462,
          "z": -0.10327846556901932
        },
        "scale": {
          "x": 1.0,
          "y": 1.0,
          "z": 1.0
        },
        "matrix_basis": [
          [
            0.9557919502258301,
            0.21739675104618073,
            -0.19799086451530457,
            0.0
          ],
          [
            -0.1902860403060913,
            0.9706344604492188,
            0.14717303216457367,
            0.0
          ],
          [
            0.2241717129945755,
            -0.10299189388751984,
            0.9690921902656555,
            0.0
          ],
          [
            0.0,
            0.0,
            0.0,
            1.0
          ]
        ],
        "rotation_mode": "QUATERNION"
      },
      "armature_space": {
        "head": {
          "x": 0.06221814453601837,
          "y": 0.024830613285303116,
          "z": 0.6587399840354919
        },
        "tail": {
          "x": 0.12762115895748138,
          "y": 0.05600197613239288,
          "z": 0.7958678007125854
        }
      },
      "world_space": {
        "head": {
          "x": 0.06221814453601837,
          "y": 0.08807460963726044,
          "z": 1.6085939407348633
        },
        "tail": {
          "x": 0.12762115895748138,
          "y": 0.1192459762096405,
          "z": 1.7457218170166016
        },
        "rotation_quaternion": {
          "w": 0.7744181752204895,
          "x": 0.5798789858818054,
          "y": 0.02776048518717289,
          "z": -0.25148794054985046
        },
        "matrix": [
          [
            0.8719656467437744,
            0.42170947790145874,
            -0.24867069721221924,
            0.06221814453601837
          ],
          [
            -0.3573206067085266,
            0.20098859071731567,
            -0.9120997786521912,
            0.08807460963726044
          ],
          [
            -0.3346637785434723,
            0.8841811418533325,
            0.3259420394897461,
            1.6085939407348633
          ],
          [
            0.0,
            0.0,
            0.0,
            1.0
          ]
        ]
      },
      "bone_length_armature_space": 0.15509108978951092,
      "parent": "neck_01",
      "has_children": false,
      "is_end_bone": true
    },
    "upperarm_l": {
      "name": "upperarm_l",
      "local": {
        "location": {
          "x": 0.0,
          "y": 0.0,
          "z": 0.0
        },
        "rotation_quaternion": {
          "w": 0.8042376041412354,
          "x": 0.43652331829071045,
          "y": 0.17439815402030945,
          "z": 0.36364102363586426
        },
        "scale": {
          "x": 1.0,
          "y": 1.0,
          "z": 1.0
        },
        "matrix_basis": [
          [
            0.6747009754180908,
            -0.4326498508453369,
            0.5979906916618347,
            0.0
          ],
          [
            0.7371652722358704,
            0.35442519187927246,
            -0.5753002762794495,
            0.0
          ],
          [
            0.03696046397089958,
            0.8289735913276672,
            0.5580653548240662,
            0.0
          ],
          [
            0.0,
            0.0,
            0.0,
            1.0
          ]
        ],
        "rotation_mode": "QUATERNION"
      },
      "armature_space": {
        "head": {
          "x": 0.1898520439863205,
          "y": 0.041767966002225876,
          "z": 0.4820304214954376
        },
        "tail": {
          "x": 0.31516173481941223,
          "y": -0.1564665138721466,
          "z": 0.6116776466369629
        }
      },
      "world_space": {
        "head": {
          "x": 0.1898520439863205,
          "y": 0.1050119698047638,
          "z": 1.4318844079971313
        },
        "tail": {
          "x": 0.31516173481941223,
          "y": -0.09322251379489899,
          "z": 1.561531662940979
        },
        "rotation_quaternion": {
          "w": 0.3406731188297272,
          "x": 0.8464231491088867,
          "y": 0.11857256293296814,
          "z": -0.39172735810279846
        },
        "matrix": [
          [
            0.6649810671806335,
            0.4676268398761749,
            -0.5823448896408081,
            0.1898520439863205
          ],
          [
            -0.06617604196071625,
            -0.7397652864456177,
            -0.669603168964386,
            0.1050119698047638
          ],
          [
            -0.743928074836731,
            0.4838135242462158,
            -0.46098792552948,
            1.4318844079971313
          ],
          [
            0.0,
            0.0,
            0.0,
            1.0
          ]
        ]
      },
      "bone_length_armature_space": 0.2679698332383752,
      "parent": "spine_01",
      "has_children": true,
      "is_end_bone": false
    },
    "lowerarm_l": {
      "name": "lowerarm_l",
      "local": {
        "location": {
          "x": 0.0,
          "y": 0.0,
          "z": 0.0
        },
        "rotation_quaternion": {
          "w": 0.8804303407669067,
          "x": 0.4687841832637787,
          "y": -0.016278734430670738,
          "z": 0.06941764056682587
        },
        "scale": {
          "x": 1.0,
          "y": 1.0,
          "z": 1.0
        },
        "matrix_basis": [
          [
            0.9898324012756348,
            -0.137497216463089,
            0.03641920164227486,
            0.0
          ],
          [
            0.10697236657142639,
            0.5508451461791992,
            -0.8277236819267273,
            0.0
          ],
          [
            0.09374836832284927,
            0.8232035636901855,
            0.5599527955055237,
            0.0
          ],
          [
            0.0,
            0.0,
            0.0,
            1.0
          ]
        ],
        "rotation_mode": "QUATERNION"
      },
      "armature_space": {
        "head": {
          "x": 0.31516167521476746,
          "y": -0.15646660327911377,
          "z": 0.6116777658462524
        },
        "tail": {
          "x": 0.18572506308555603,
          "y": -0.3904428482055664,
          "z": 0.6200829744338989
        }
      },
      "world_space": {
        "head": {
          "x": 0.31516167521476746,
          "y": -0.09322260320186615,
          "z": 1.5615317821502686
        },
        "tail": {
          "x": 0.18572506308555603,
          "y": -0.32719886302948,
          "z": 1.569936990737915
        },
        "rotation_quaternion": {
          "w": 0.08988069742918015,
          "x": -0.879205048084259,
          "y": 0.23371468484401703,
          "z": 0.4053363502025604
        },
        "matrix": [
          [
            0.5621598362922668,
            -0.48383089900016785,
            -0.6707341074943542,
            0.31516167521476746
          ],
          [
            -0.33810293674468994,
            -0.8745975494384766,
            0.3475135862827301,
            -0.09322260320186615
          ],
          [
            -0.7547657489776611,
            0.031418412923812866,
            -0.6552525162696838,
            1.5615317821502686
          ],
          [
            0.0,
            0.0,
            0.0,
            1.0
          ]
        ]
      },
      "bone_length_armature_space": 0.2675245210648753,
      "parent": "upperarm_l",
      "has_children": true,
      "is_end_bone": false
    },
    "metacarpal_thumb_l": {
      "name": "metacarpal_thumb_l",
      "local": {
        "location": {
          "x": 0.0,
          "y": 0.0,
          "z": 0.0
        },
        "rotation_quaternion": {
          "w": 0.9994003772735596,
          "x": -0.03351687639951706,
          "y": 0.0025730826891958714,
          "z": -0.008306847885251045
        },
        "scale": {
          "x": 1.0,
          "y": 1.0,
          "z": 1.0
        },
        "matrix_basis": [
          [
            0.9998487234115601,
            0.016431249678134918,
            0.005699918605387211,
            0.0
          ],
          [
            -0.01677621714770794,
            0.9976152181625366,
            0.06695081293582916,
            0.0
          ],
          [
            -0.004586240276694298,
            -0.06703630834817886,
            0.9977399706840515,
            0.0
          ],
          [
            0.0,
            0.0,
            0.0,
            1.0
          ]
        ],
        "rotation_mode": "QUATERNION"
      },
      "armature_space": {
        "head": {
          "x": 0.18572506308555603,
          "y": -0.3904428482055664,
          "z": 0.6200829744338989
        },
        "tail": {
          "x": 0.15045633912086487,
          "y": -0.4175012707710266,
          "z": 0.5982300639152527
        }
      },
      "world_space": {
        "head": {
          "x": 0.18572506308555603,
          "y": -0.32719886302948,
          "z": 1.569936990737915
        },
        "tail": {
          "x": 0.15045633912086487,
          "y": -0.3542572855949402,
          "z": 1.548084020614624
        },
        "rotation_quaternion": {
          "w": 0.06680324673652649,
          "x": -0.8049977421760559,
          "y": 0.4715985059738159,
          "z": -0.3537100851535797
        },
        "matrix": [
          [
            0.30496665835380554,
            -0.7120151519775391,
            0.6324791312217712,
            0.18572506308555603
          ],
          [
            -0.8065293431282043,
            -0.5462634563446045,
            -0.22606779634952545,
            -0.32719886302948
          ],
          [
            0.5064668655395508,
            -0.44117337465286255,
            -0.7408587336540222,
            1.569936990737915
          ],
          [
            0.0,
            0.0,
            0.0,
            1.0
          ]
        ]
      },
      "bone_length_armature_space": 0.04953373485578133,
      "parent": "lowerarm_l",
      "has_children": true,
      "is_end_bone": false
    },
    "thumb_01_l": {
      "name": "thumb_01_l",
      "local": {
        "location": {
          "x": 0.0,
          "y": 0.0,
          "z": 0.0
        },
        "rotation_quaternion": {
          "w": 0.9999245405197144,
          "x": 0.0034482441842556,
          "y": 0.009269364178180695,
          "z": 0.007287018001079559
        },
        "scale": {
          "x": 1.0,
          "y": 1.0,
          "z": 1.0
        },
        "matrix_basis": [
          [
            0.9997219443321228,
            -0.014509010128676891,
            0.018587583675980568,
            0.0
          ],
          [
            0.014636862091720104,
            0.9998700022697449,
            -0.006760875694453716,
            0.0
          ],
          [
            -0.018487075343728065,
            0.0070310598239302635,
            0.9998043775558472,
            0.0
          ],
          [
            0.0,
            0.0,
            0.0,
            1.0
          ]
        ],
        "rotation_mode": "QUATERNION"
      },
      "armature_space": {
        "head": {
          "x": 0.15045633912086487,
          "y": -0.4175012707710266,
          "z": 0.5982300639152527
        },
        "tail": {
          "x": 0.14970315992832184,
          "y": -0.4322368800640106,
          "z": 0.5675554275512695
        }
      },
      "world_space": {
        "head": {
          "x": 0.15045633912086487,
          "y": -0.3542572855949402,
          "z": 1.548084020614624
        },
        "tail": {
          "x": 0.14970315992832184,
          "y": -0.3689928650856018,
          "z": 1.5174094438552856
        },
        "rotation_quaternion": {
          "w": 0.0663500502705574,
          "x": -0.12605218589305878,
          "y": 0.5283401012420654,
          "z": -0.8369978070259094
        },
        "matrix": [
          [
            -0.9594171047210693,
            -0.02212703227996826,
            0.28112122416496277,
            0.15045633912086487
          ],
          [
            -0.2442663162946701,
            -0.4329092800617218,
            -0.8677117824554443,
            -0.3542572855949402
          ],
          [
            0.14090068638324738,
            -0.9011726379394531,
            0.40993788838386536,
            1.548084020614624
          ],
          [
            0.0,
            0.0,
            0.0,
            1.0
          ]
        ]
      },
      "bone_length_armature_space": 0.03403878313091199,
      "parent": "metacarpal_thumb_l",
      "has_children": true,
      "is_end_bone": false
    },
    "thumb_02_l": {
      "name": "thumb_02_l",
      "local": {
        "location": {
          "x": 0.0,
          "y": 0.0,
          "z": 0.0
        },
        "rotation_quaternion": {
          "w": 0.9978580474853516,
          "x": 0.06538145244121552,
          "y": -0.002140322234481573,
          "z": -0.00031784913153387606
        },
        "scale": {
          "x": 1.0,
          "y": 1.0,
          "z": 1.0
        },
        "matrix_basis": [
          [
            0.9999906420707703,
            0.0003544618666637689,
            -0.004313038196414709,
            0.0
          ],
          [
            -0.0009142113849520683,
            0.991450309753418,
            -0.13048145174980164,
            0.0
          ],
          [
            0.004229912534356117,
            0.1304841786623001,
            0.9914413690567017,
            0.0
          ],
          [
            0.0,
            0.0,
            0.0,
            1.0
          ]
        ],
        "rotation_mode": "QUATERNION"
      },
      "armature_space": {
        "head": {
          "x": 0.14970318973064423,
          "y": -0.43223685026168823,
          "z": 0.5675554275512695
        },
        "tail": {
          "x": 0.13125234842300415,
          "y": -0.4678984582424164,
          "z": 0.5685531497001648
        }
      },
      "world_space": {
        "head": {
          "x": 0.14970318973064423,
          "y": -0.3689928650856018,
          "z": 1.5174094438552856
        },
        "tail": {
          "x": 0.13125234842300415,
          "y": -0.40465444326400757,
          "z": 1.5184071063995361
        },
        "rotation_quaternion": {
          "w": 0.23576082289218903,
          "x": -0.03672713786363602,
          "y": 0.021711811423301697,
          "z": 0.9708741307258606
        },
        "matrix": [
          [
            -0.8861358761787415,
            -0.4593829810619354,
            -0.06107722222805023,
            0.14970318973064423
          ],
          [
            0.45619332790374756,
            -0.8878909349441528,
            0.05947699770331383,
            -0.3689928650856018
          ],
          [
            -0.0815529078245163,
            0.02484115958213806,
            0.9963663816452026,
            1.5174094438552856
          ],
          [
            0.0,
            0.0,
            0.0,
            1.0
          ]
        ]
      },
      "bone_length_armature_space": 0.040164403645542995,
      "parent": "thumb_01_l",
      "has_children": true,
      "is_end_bone": false
    },
    "thumb_03_l": {
      "name": "thumb_03_l",
      "local": {
        "location": {
          "x": 0.0,
          "y": 0.0,
          "z": 0.0
        },
        "rotation_quaternion": {
          "w": 0.9980707168579102,
          "x": 0.06171506270766258,
          "y": -0.006742144003510475,
          "z": -0.000900327053386718
        },
        "scale": {
          "x": 1.0,
          "y": 1.0,
          "z": 1.0
        },
        "matrix_basis": [
          [
            0.9999074935913086,
            0.0009649964631535113,
            -0.013569400645792484,
            0.0
          ],
          [
            -0.0026293639093637466,
            0.9923808574676514,
            -0.1231798529624939,
            0.0
          ],
          [
            0.013347145169973373,
            0.12320413440465927,
            0.9922915697097778,
            0.0
          ],
          [
            0.0,
            0.0,
            0.0,
            1.0
          ]
        ],
        "rotation_mode": "QUATERNION"
      },
      "armature_space": {
        "head": {
          "x": 0.13125231862068176,
          "y": -0.4678983986377716,
          "z": 0.56855309009552
        },
        "tail": {
          "x": 0.12070707976818085,
          "y": -0.4935868978500366,
          "z": 0.581034779548645
        }
      },
      "world_space": {
        "head": {
          "x": 0.13125231862068176,
          "y": -0.4046543836593628,
          "z": 1.5184071063995361
        },
        "tail": {
          "x": 0.12070707976818085,
          "y": -0.4303429126739502,
          "z": 1.5308887958526611
        },
        "rotation_quaternion": {
          "w": 0.1393968015909195,
          "x": -0.17127451300621033,
          "y": 0.2422461062669754,
          "z": 0.9447488784790039
        },
        "matrix": [
          [
            -0.9024671912193298,
            -0.3463713228702545,
            -0.2560855448246002,
            0.13125231862068176
          ],
          [
            0.18040908873081207,
            -0.8437705636024475,
            0.5054741501808167,
            -0.4046543836593628
          ],
          [
            -0.39116179943084717,
            0.4099758267402649,
            0.823969841003418,
            1.5184071063995361
          ],
          [
            0.0,
            0.0,
            0.0,
            1.0
          ]
        ]
      },
      "bone_length_armature_space": 0.03044492740389236,
      "parent": "thumb_02_l",
      "has_children": false,
      "is_end_bone": true
    },
    "metacarpal_index_l": {
      "name": "metacarpal_index_l",
      "local": {
        "location": {
          "x": 0.0,
          "y": 0.0,
          "z": 0.0
        },
        "rotation_quaternion": {
          "w": 0.9994805455207825,
          "x": -0.030498353764414787,
          "y": -0.004665614105761051,
          "z": 0.009321127086877823
        },
        "scale": {
          "x": 1.0,
          "y": 1.0,
          "z": 1.0
        },
        "matrix_basis": [
          [
            0.9997826814651489,
            -0.018347984179854393,
            -0.00989493913948536,
            0.0
          ],
          [
            0.018917158246040344,
            0.997965931892395,
            0.06087804585695267,
            0.0
          ],
          [
            0.008757823146879673,
            -0.061051998287439346,
            0.9980961680412292,
            0.0
          ],
          [
            0.0,
            0.0,
            0.0,
            1.0
          ]
        ],
        "rotation_mode": "QUATERNION"
      },
      "armature_space": {
        "head": {
          "x": 0.18572506308555603,
          "y": -0.3904428482055664,
          "z": 0.6200829744338989
        },
        "tail": {
          "x": 0.10830558091402054,
          "y": -0.47662806510925293,
          "z": 0.6025456786155701
        }
      },
      "world_space": {
        "head": {
          "x": 0.18572506308555603,
          "y": -0.32719886302948,
          "z": 1.569936990737915
        },
        "tail": {
          "x": 0.10830558091402054,
          "y": -0.4133840799331665,
          "z": 1.5523996353149414
        },
        "rotation_quaternion": {
          "w": 0.05817197263240814,
          "x": -0.9297480583190918,
          "y": 0.35894694924354553,
          "z": -0.057807452976703644
        },
        "matrix": [
          [
            0.7356306910514832,
            -0.6607351303100586,
            0.14925439655780792,
            0.18572506308555603
          ],
          [
            -0.6741859912872314,
            -0.7355462908744812,
            0.06667011231184006,
            -0.32719886302948
          ],
          [
            0.06573207676410675,
            -0.1496715247631073,
            -0.9865556955337524,
            1.569936990737915
          ],
          [
            0.0,
            0.0,
            0.0,
            1.0
          ]
        ]
      },
      "bone_length_armature_space": 0.11717177337680261,
      "parent": "lowerarm_l",
      "has_children": true,
      "is_end_bone": false
    },
    "index_01_l": {
      "name": "index_01_l",
      "local": {
        "location": {
          "x": 0.0,
          "y": 0.0,
          "z": 0.0
        },
        "rotation_quaternion": {
          "w": 0.9939243793487549,
          "x": -0.10901853442192078,
          "y": -0.013552669435739517,
          "z": 0.006751789711415768
        },
        "scale": {
          "x": 1.0,
          "y": 1.0,
          "z": 1.0
        },
        "matrix_basis": [
          [
            0.9995414614677429,
            -0.010466552339494228,
            -0.028412798419594765,
            0.0
          ],
          [
            0.016376521438360214,
            0.9761387705802917,
            0.21652935445308685,
            0.0
          ],
          [
            0.02546851709485054,
            -0.21689537167549133,
            0.9758625626564026,
            0.0
          ],
          [
            0.0,
            0.0,
            0.0,
            1.0
          ]
        ],
        "rotation_mode": "QUATERNION"
      },
      "armature_space": {
        "head": {
          "x": 0.10830558091402054,
          "y": -0.47662806510925293,
          "z": 0.6025456786155701
        },
        "tail": {
          "x": 0.09675280004739761,
          "y": -0.50187087059021,
          "z": 0.6090575456619263
        }
      },
      "world_space": {
        "head": {
          "x": 0.10830558091402054,
          "y": -0.4133840799331665,
          "z": 1.5523996353149414
        },
        "tail": {
          "x": 0.09675280004739761,
          "y": -0.43862688541412354,
          "z": 1.5589115619659424
        },
        "rotation_quaternion": {
          "w": 0.12294866144657135,
          "x": 0.9705700874328613,
          "y": -0.20554959774017334,
          "z": 0.02503330446779728
        },
        "matrix": [
          [
            0.9142454266548157,
            -0.40515637397766113,
            -0.0019512474536895752,
            0.10830558091402054
          ],
          [
            -0.39284494519233704,
            -0.8852659463882446,
            -0.2489522099494934,
            -0.4133840799331665
          ],
          [
            0.09913753718137741,
            0.2283707708120346,
            -0.968520998954773,
            1.5523996353149414
          ],
          [
            0.0,
            0.0,
            0.0,
            1.0
          ]
        ]
      },
      "bone_length_armature_space": 0.028514388727960957,
      "parent": "metacarpal_index_l",
      "has_children": true,
      "is_end_bone": false
    },
    "index_02_l": {
      "name": "index_02_l",
      "local": {
        "location": {
          "x": 0.0,
          "y": 0.0,
          "z": 0.0
        },
        "rotation_quaternion": {
          "w": 0.9975876808166504,
          "x": 0.06927518546581268,
          "y": 0.0033971089869737625,
          "z": -0.002882515313103795
        },
        "scale": {
          "x": 1.0,
          "y": 1.0,
          "z": 1.0
        },
        "matrix_basis": [
          [
            0.9999603033065796,
            0.006221794057637453,
            0.006378454621881247,
            0.0
          ],
          [
            -0.0052804527804255486,
            0.9903852939605713,
            -0.13823573291301727,
            0.0
          ],
          [
            -0.0071772015653550625,
            0.13819655776023865,
            0.9903787970542908,
            0.0
          ],
          [
            0.0,
            0.0,
            0.0,
            1.0
          ]
        ],
        "rotation_mode": "QUATERNION"
      },
      "armature_space": {
        "head": {
          "x": 0.09675242751836777,
          "y": -0.5018712282180786,
          "z": 0.6090573072433472
        },
        "tail": {
          "x": 0.0870717465877533,
          "y": -0.5253958106040955,
          "z": 0.612369179725647
        }
      },
      "world_space": {
        "head": {
          "x": 0.09675242751836777,
          "y": -0.4386272430419922,
          "z": 1.5589113235473633
        },
        "tail": {
          "x": 0.0870717465877533,
          "y": -0.46215182542800903,
          "z": 1.562223196029663
        },
        "rotation_quaternion": {
          "w": 0.06676428765058517,
          "x": 0.9790264964103699,
          "y": -0.19243694841861725,
          "z": 0.004228187724947929
        },
        "matrix": [
          [
            0.925900399684906,
            -0.3773663341999054,
            -0.017416909337043762,
            0.09675242751836777
          ],
          [
            -0.3762369453907013,
            -0.9170211553573608,
            -0.1323557198047638,
            -0.4386272430419922
          ],
          [
            0.03397481143474579,
            0.12910118699073792,
            -0.9910564422607422,
            1.5589113235473633
          ],
          [
            0.0,
            0.0,
            0.0,
            1.0
          ]
        ]
      },
      "bone_length_armature_space": 0.02565326578357557,
      "parent": "index_01_l",
      "has_children": true,
      "is_end_bone": false
    },
    "index_03_l": {
      "name": "index_03_l",
      "local": {
        "location": {
          "x": 0.0,
          "y": 0.0,
          "z": 0.0
        },
        "rotation_quaternion": {
          "w": 0.9987214803695679,
          "x": 0.05034250766038895,
          "y": 0.002893273951485753,
          "z": 0.003570601576939225
        },
        "scale": {
          "x": 1.0,
          "y": 1.0,
          "z": 1.0
        },
        "matrix_basis": [
          [
            0.9999577403068542,
            -0.006840763613581657,
            0.006138655822724104,
            0.0
          ],
          [
            0.007423382252454758,
            0.9949057698249817,
            -0.10053562372922897,
            0.0
          ],
          [
            -0.005419643595814705,
            0.10057695209980011,
            0.9949145317077637,
            0.0
          ],
          [
            0.0,
            0.0,
            0.0,
            1.0
          ]
        ],
        "rotation_mode": "QUATERNION"
      },
      "armature_space": {
        "head": {
          "x": 0.0870717316865921,
          "y": -0.5253958106040955,
          "z": 0.6123692989349365
        },
        "tail": {
          "x": 0.07863321155309677,
          "y": -0.5533198118209839,
          "z": 0.6107034683227539
        }
      },
      "world_space": {
        "head": {
          "x": 0.0870717316865921,
          "y": -0.46215182542800903,
          "z": 1.5622233152389526
        },
        "tail": {
          "x": 0.07863321155309677,
          "y": -0.49007582664489746,
          "z": 1.56055748462677
        },
        "rotation_quaternion": {
          "w": 0.020622119307518005,
          "x": -0.98731529712677,
          "y": 0.14741206169128418,
          "z": -0.055253852158784866
        },
        "matrix": [
          [
            0.9504333734512329,
            -0.28880560398101807,
            0.1151859313249588,
            0.0870717316865921
          ],
          [
            -0.29336318373680115,
            -0.9556888937950134,
            0.02443034201860428,
            -0.46215182542800903
          ],
          [
            0.10302676260471344,
            -0.05701196566224098,
            -0.9930505156517029,
            1.5622233152389526
          ],
          [
            0.0,
            0.0,
            0.0,
            1.0
          ]
        ]
      },
      "bone_length_armature_space": 0.0292187172140279,
      "parent": "index_02_l",
      "has_children": false,
      "is_end_bone": true
    },
    "metacarpal_pinky_l": {
      "name": "metacarpal_pinky_l",
      "local": {
        "location": {
          "x": 0.0,
          "y": 0.0,
          "z": 0.0
        },
        "rotation_quaternion": {
          "w": 0.9999623894691467,
          "x": -0.0009991651168093085,
          "y": 0.001475882832892239,
          "z": 0.008487910963594913
        },
        "scale": {
          "x": 1.0,
          "y": 1.0,
          "z": 1.0
        },
        "matrix_basis": [
          [
            0.9998515248298645,
            -0.016978133469820023,
            0.002934692893177271,
            0.0
          ],
          [
            0.016972234472632408,
            0.9998539090156555,
            0.0020233094692230225,
            0.0
          ],
          [
            -0.0029686163179576397,
            -0.001973200822249055,
            0.999993622303009,
            0.0
          ],
          [
            0.0,
            0.0,
            0.0,
            1.0
          ]
        ],
        "rotation_mode": "QUATERNION"
      },
      "armature_space": {
        "head": {
          "x": 0.18572506308555603,
          "y": -0.3904428482055664,
          "z": 0.6200829744338989
        },
        "tail": {
          "x": 0.16047626733779907,
          "y": -0.4883986711502075,
          "z": 0.6447887420654297
        }
      },
      "world_space": {
        "head": {
          "x": 0.18572506308555603,
          "y": -0.32719886302948,
          "z": 1.569936990737915
        },
        "tail": {
          "x": 0.16047626733779907,
          "y": -0.4251546859741211,
          "z": 1.5946427583694458
        },
        "rotation_quaternion": {
          "w": 0.05647618696093559,
          "x": -0.43917036056518555,
          "y": 0.16266632080078125,
          "z": 0.8817480802536011
        },
        "matrix": [
          [
            -0.6078799366950989,
            -0.24247202277183533,
            -0.7561015486717224,
            0.18572506308555603
          ],
          [
            -0.043281082063913345,
            -0.9407002925872803,
            0.3364666700363159,
            -0.32719886302948
          ],
          [
            -0.7928542494773865,
            0.2372570037841797,
            0.5613424777984619,
            1.569936990737915
          ],
          [
            0.0,
            0.0,
            0.0,
            1.0
          ]
        ]
      },
      "bone_length_armature_space": 0.1041307811590089,
      "parent": "lowerarm_l",
      "has_children": true,
      "is_end_bone": false
    },
    "pinky_01_l": {
      "name": "pinky_01_l",
      "local": {
        "location": {
          "x": 0.0,
          "y": 0.0,
          "z": 0.0
        },
        "rotation_quaternion": {
          "w": 0.9637385606765747,
          "x": 0.26578763127326965,
          "y": 0.023750947788357735,
          "z": -0.0009601078927516937
        },
        "scale": {
          "x": 1.0,
          "y": 1.0,
          "z": 1.0
        },
        "matrix_basis": [
          [
            0.9988699555397034,
            0.01447600219398737,
            0.045269038528203964,
            0.0
          ],
          [
            0.010774830356240273,
            0.8587120175361633,
            -0.5123451948165894,
            0.0
          ],
          [
            -0.046289779245853424,
            0.512253999710083,
            0.8575856685638428,
            0.0
          ],
          [
            0.0,
            0.0,
            0.0,
            1.0
          ]
        ],
        "rotation_mode": "QUATERNION"
      },
      "armature_space": {
        "head": {
          "x": 0.16047626733779907,
          "y": -0.4883986711502075,
          "z": 0.6447887420654297
        },
