{
  "metadata": {
    "armature_name": "KIM_caucasian_male",
    "export_time": "2026-01-13T19:12:18.596349",
    "blender_version": "4.4.1",
    "bone_count": 56,
    "end_bone_count": 13,
    "spaces_included": [
      "LOCAL_CHANNELS",
      "ARMATURE_SPACE",
      "WORLD_SPACE"
    ],
    "note": "LOCAL matches Transform panel; replay pose via local.matrix_basis for best fidelity."
  },
  "bones": {
    "Root": {
      "name": "Root",
      "local": {
        "location": {
          "x": 0.0,
          "y": 0.0,
          "z": 0.0
        },
        "rotation_quaternion": {
          "w": 0.9994820356369019,
          "x": 0.01728128269314766,
          "y": -0.0038654000964015722,
          "z": 0.026872383430600166
        },
        "scale": {
          "x": 1.0,
          "y": 1.0,
          "z": 1.0
        },
        "matrix_basis": [
          [
            0.998525857925415,
            -0.053850527852773666,
            -0.006798017304390669,
            0.0
          ],
          [
            0.053583331406116486,
            0.9979584813117981,
            -0.034752409905195236,
            0.0
          ],
          [
            0.008655574172735214,
            0.034336917102336884,
            0.9993728399276733,
            0.0
          ],
          [
            0.0,
            0.0,
            0.0,
            1.0
          ]
        ],
        "rotation_mode": "QUATERNION"
      },
      "armature_space": {
        "head": {
          "x": 0.0,
          "y": 0.07072800397872925,
          "z": -0.009595036506652832
        },
        "tail": {
          "x": -0.0038436283357441425,
          "y": -0.0001850724220275879,
          "z": -0.0024481872096657753
        }
      },
      "world_space": {
        "head": {
          "x": 0.0,
          "y": 0.13397200405597687,
          "z": 0.9402589797973633
        },
        "tail": {
          "x": -0.0038436283357441425,
          "y": 0.06305892765522003,
          "z": 0.9474058151245117
        },
        "rotation_quaternion": {
          "w": 0.05009074509143829,
          "x": 0.9983757138252258,
          "y": -0.027071744203567505,
          "z": -0.0020462865941226482
        },
        "matrix": [
          [
            0.998525857925415,
            -0.053850527852773666,
            -0.006798017304390669,
            0.0
          ],
          [
            -0.054260529577732086,
            -0.9935160875320435,
            -0.09990841150283813,
            0.13397200405597687
          ],
          [
            -0.001373879611492157,
            0.10012976825237274,
            -0.9949804544448853,
            0.9402589797973633
          ],
          [
            0.0,
            0.0,
            0.0,
            1.0
          ]
        ]
      },
      "bone_length_armature_space": 0.07137587501696886,
      "parent": null,
      "has_children": true,
      "is_end_bone": false
    },
    "spine_01": {
      "name": "spine_01",
      "local": {
        "location": {
          "x": 0.0,
          "y": 0.0,
          "z": 0.0
        },
        "rotation_quaternion": {
          "w": 0.9932754039764404,
          "x": 0.08944463729858398,
          "y": 0.01565077342092991,
          "z": -0.07182494550943375
        },
        "scale": {
          "x": 1.0,
          "y": 1.0,
          "z": 1.0
        },
        "matrix_basis": [
          [
            0.9891924858093262,
            0.14548365771770477,
            0.01824234426021576,
            0.0
          ],
          [
            -0.13988414406776428,
            0.9736816883087158,
            -0.1799345463514328,
            0.0
          ],
          [
            -0.04393976926803589,
            0.17543809115886688,
            0.9835094213485718,
            0.0
          ],
          [
            0.0,
            0.0,
            0.0,
            1.0
          ]
        ],
        "rotation_mode": "QUATERNION"
      },
      "armature_space": {
        "head": {
          "x": -0.0038436283357441425,
          "y": -0.0001850724220275879,
          "z": -0.0024481872096657753
        },
        "tail": {
          "x": 0.06337094306945801,
          "y": -0.08375882357358932,
          "z": 0.4736252725124359
        }
      },
      "world_space": {
        "head": {
          "x": -0.0038436283357441425,
          "y": 0.06305892765522003,
          "z": 0.9474058151245117
        },
        "tail": {
          "x": 0.06337094306945801,
          "y": -0.020514823496341705,
          "z": 1.4234793186187744
        },
        "rotation_quaternion": {
          "w": 0.6423866748809814,
          "x": 0.7630569338798523,
          "y": 0.04135846719145775,
          "z": -0.05807764455676079
        },
        "matrix": [
          [
            0.9898329377174377,
            0.13773442804813385,
            -0.035495951771736145,
            -0.0038436283357441425
          ],
          [
            -0.01149805262684822,
            -0.17125725746154785,
            -0.9851593375205994,
            0.06305892765522003
          ],
          [
            -0.14177028834819794,
            0.9755579233169556,
            -0.16793441772460938,
            0.9474058151245117
          ],
          [
            0.0,
            0.0,
            0.0,
            1.0
          ]
        ]
      },
      "bone_length_armature_space": 0.4880044233474231,
      "parent": "Root",
      "has_children": true,
      "is_end_bone": false
    },
    "neck_01": {
      "name": "neck_01",
      "local": {
        "location": {
          "x": 0.0,
          "y": 0.0,
          "z": 0.0
        },
        "rotation_quaternion": {
          "w": 0.9996511936187744,
          "x": 0.008430162444710732,
          "y": -0.004282207228243351,
          "z": -0.024661293253302574
        },
        "scale": {
          "x": 1.0,
          "y": 1.0,
          "z": 1.0
        },
        "matrix_basis": [
          [
            0.9987469911575317,
            0.04923318326473236,
            -0.008977224119007587,
            0.0
          ],
          [
            -0.04937758296728134,
            0.9986414909362793,
            -0.016643233597278595,
            0.0
          ],
          [
            0.008145629428327084,
            0.017065653577446938,
            0.9998211860656738,
            0.0
          ],
          [
            0.0,
            0.0,
            0.0,
            1.0
          ]
        ],
        "rotation_mode": "QUATERNION"
      },
      "armature_space": {
        "head": {
          "x": 0.07222463190555573,
          "y": -0.13046377897262573,
          "z": 0.5392301082611084
        },
        "tail": {
          "x": 0.08873167634010315,
          "y": -0.18654674291610718,
          "z": 0.6234496831893921
        }
      },
      "world_space": {
        "head": {
          "x": 0.07222463190555573,
          "y": -0.06721977889537811,
          "z": 1.4890841245651245
        },
        "tail": {
          "x": 0.08873167634010315,
          "y": -0.12330274283885956,
          "z": 1.5733036994934082
        },
        "rotation_quaternion": {
          "w": 0.4734932482242584,
          "x": 0.8757049441337585,
          "y": 0.04780793562531471,
          "z": -0.08160568028688431
        },
        "matrix": [
          [
            0.9821099638938904,
            0.16101086139678955,
            -0.09765081107616425,
            0.07222463190555573
          ],
          [
            0.006452417932450771,
            -0.5470369458198547,
            -0.8370837569236755,
            -0.06721977889537811
          ],
          [
            -0.1881994903087616,
            0.8214832544326782,
            -0.5382937788963318,
            1.4890841245651245
          ],
          [
            0.0,
            0.0,
            0.0,
            1.0
          ]
        ]
      },
      "bone_length_armature_space": 0.1025217944318909,
      "parent": "spine_01",
      "has_children": true,
      "is_end_bone": false
    },
    "head": {
      "name": "head",
      "local": {
        "location": {
          "x": 0.0,
          "y": 0.0,
          "z": 0.0
        },
        "rotation_quaternion": {
          "w": 0.9929214715957642,
          "x": -0.013815943151712418,
          "y": -0.017769435420632362,
          "z": 0.11662143468856812
        },
        "scale": {
          "x": 1.0,
          "y": 1.0,
          "z": 1.0
        },
        "matrix_basis": [
          [
            0.9721673727035522,
            -0.23110085725784302,
            -0.038509778678417206,
            0.0
          ],
          [
            0.23208285868167877,
            0.9724171161651611,
            0.023291699588298798,
            0.0
          ],
          [
            0.03206483647227287,
            -0.031580887734889984,
            0.9989867210388184,
            0.0
          ],
          [
            0.0,
            0.0,
            0.0,
            1.0
          ]
        ],
        "rotation_mode": "QUATERNION"
      },
      "armature_space": {
        "head": {
          "x": 0.08873165398836136,
          "y": -0.18654683232307434,
          "z": 0.6234495639801025
        },
        "tail": {
          "x": 0.08157695829868317,
          "y": -0.21316087245941162,
          "z": 0.77607262134552
        }
      },
      "world_space": {
        "head": {
          "x": 0.08873165398836136,
          "y": -0.12330283224582672,
          "z": 1.5733035802841187
        },
        "tail": {
          "x": 0.08157695829868317,
          "y": -0.149916872382164,
          "z": 1.7259266376495361
        },
        "rotation_quaternion": {
          "w": 0.6423396468162537,
          "x": 0.7652873992919922,
          "y": -0.03997274488210678,
          "z": -0.011714133433997631
        },
        "matrix": [
          [
            0.9965299963951111,
            -0.04613245651125908,
            -0.06928174197673798,
            0.08873165398836136
          ],
          [
            -0.07623040676116943,
            -0.17160363495349884,
            -0.982212483882904,
            -0.12330283224582672
          ],
          [
            0.03342300280928612,
            0.984092116355896,
            -0.17452691495418549,
            1.5733035802841187
          ],
          [
            0.0,
            0.0,
            0.0,
            1.0
          ]
        ]
      },
      "bone_length_armature_space": 0.1550912432571576,
      "parent": "neck_01",
      "has_children": false,
      "is_end_bone": true
    },
    "upperarm_l": {
      "name": "upperarm_l",
      "local": {
        "location": {
          "x": 0.0,
          "y": 0.0,
          "z": 0.0
        },
        "rotation_quaternion": {
          "w": 0.8019254803657532,
          "x": 0.23069435358047485,
          "y": 0.5217975378036499,
          "z": 0.1772652417421341
        },
        "scale": {
          "x": 1.0,
          "y": 1.0,
          "z": 1.0
        },
        "matrix_basis": [
          [
            0.39260873198509216,
            -0.04355553537607193,
            0.9186736345291138,
            0.0
          ],
          [
            0.5250585079193115,
            0.8307142853736877,
            -0.18500623106956482,
            0.0
          ],
          [
            -0.7550973296165466,
            0.5549924969673157,
            0.34901487827301025,
            0.0
          ],
          [
            0.0,
            0.0,
            0.0,
            1.0
          ]
        ],
        "rotation_mode": "QUATERNION"
      },
      "armature_space": {
        "head": {
          "x": 0.21132954955101013,
          "y": -0.1238204687833786,
          "z": 0.45186394453048706
        },
        "tail": {
          "x": 0.43284982442855835,
          "y": -0.26502612233161926,
          "z": 0.39897340536117554
        }
      },
      "world_space": {
        "head": {
          "x": 0.21132954955101013,
          "y": -0.06057646870613098,
          "z": 1.4017179012298584
        },
        "tail": {
          "x": 0.43284982442855835,
          "y": -0.20178212225437164,
          "z": 1.3488273620605469
        },
        "rotation_quaternion": {
          "w": 0.008397909812629223,
          "x": -0.8532582521438599,
          "y": -0.4862673282623291,
          "z": 0.18821275234222412
        },
        "matrix": [
          [
            0.45623958110809326,
            0.8266624212265015,
            -0.3293549418449402,
            0.21132954955101013
          ],
          [
            0.8329843282699585,
            -0.5269469022750854,
            -0.16871395707130432,
            -0.06057646870613098
          ],
          [
            -0.31302350759506226,
            -0.1973753273487091,
            -0.9290174245834351,
            1.4017179012298584
          ],
          [
            0.0,
            0.0,
            0.0,
            1.0
          ]
        ]
      },
      "bone_length_armature_space": 0.26796955042141185,
      "parent": "spine_01",
      "has_children": true,
      "is_end_bone": false
    },
    "lowerarm_l": {
      "name": "lowerarm_l",
      "local": {
        "location": {
          "x": 0.0,
          "y": 0.0,
          "z": 0.0
        },
        "rotation_quaternion": {
          "w": 0.9693202972412109,
          "x": 0.17075008153915405,
          "y": 0.046118732541799545,
          "z": -0.1706916093826294
        },
        "scale": {
          "x": 1.0,
          "y": 1.0,
          "z": 1.0
        },
        "matrix_basis": [
          [
            0.9374748468399048,
            0.34665924310684204,
            0.031116435304284096,
            0.0
          ],
          [
            -0.3151601254940033,
            0.883417546749115,
            -0.3467671871185303,
            0.0
          ],
          [
            -0.14769886434078217,
            0.31527888774871826,
            0.93743497133255,
            0.0
          ],
          [
            0.0,
            0.0,
            0.0,
            1.0
          ]
        ],
        "rotation_mode": "QUATERNION"
      },
      "armature_space": {
        "head": {
          "x": 0.43284982442855835,
          "y": -0.2650263011455536,
          "z": 0.39897334575653076
        },
        "tail": {
          "x": 0.6101009249687195,
          "y": -0.353601336479187,
          "z": 0.21923375129699707
        }
      },
      "world_space": {
        "head": {
          "x": 0.43284982442855835,
          "y": -0.20178230106830597,
          "z": 1.3488273620605469
        },
        "tail": {
          "x": 0.6101009249687195,
          "y": -0.2903573513031006,
          "z": 1.1690877676010132
        },
        "rotation_quaternion": {
          "w": 0.23213563859462738,
          "x": -0.7578181028366089,
          "y": -0.5296857357025146,
          "z": 0.3020891845226288
        },
        "matrix": [
          [
            0.25634804368019104,
            0.6625602841377258,
            -0.7037750482559204,
            0.43284982442855835
          ],
          [
            0.9430626034736633,
            -0.33109137415885925,
            0.03180578351020813,
            -0.20178230106830597
          ],
          [
            -0.21194127202033997,
            -0.6718622446060181,
            -0.7097154855728149,
            1.3488273620605469
          ],
          [
            0.0,
            0.0,
            0.0,
            1.0
          ]
        ]
      },
      "bone_length_armature_space": 0.2675253422739522,
      "parent": "upperarm_l",
      "has_children": true,
      "is_end_bone": false
    },
    "metacarpal_thumb_l": {
      "name": "metacarpal_thumb_l",
      "local": {
        "location": {
          "x": 0.0,
          "y": 0.0,
          "z": 0.0
        },
        "rotation_quaternion": {
          "w": 0.9995235204696655,
          "x": -0.030761148780584335,
          "y": 0.0023836845066398382,
          "z": -0.0009569035610184073
        },
        "scale": {
          "x": 1.0,
          "y": 1.0,
          "z": 1.0
        },
        "matrix_basis": [
          [
            0.9999868273735046,
            0.0017662454629316926,
            0.004823968280106783,
            0.0
          ],
          [
            -0.002059544902294874,
            0.9981056451797485,
            0.06148841977119446,
            0.0
          ],
          [
            -0.004706226754933596,
            -0.06149754673242569,
            0.9980961680412292,
            0.0
          ],
          [
            0.0,
            0.0,
            0.0,
            1.0
          ]
        ],
        "rotation_mode": "QUATERNION"
      },
      "armature_space": {
        "head": {
          "x": 0.6101009249687195,
          "y": -0.353601336479187,
          "z": 0.21923375129699707
        },
        "tail": {
          "x": 0.6173552870750427,
          "y": -0.36008530855178833,
          "z": 0.1706647276878357
        }
      },
      "world_space": {
        "head": {
          "x": 0.6101009249687195,
          "y": -0.2903573513031006,
          "z": 1.1690877676010132
        },
        "tail": {
          "x": 0.6173552870750427,
          "y": -0.2968413233757019,
          "z": 1.120518684387207
        },
        "rotation_quaternion": {
          "w": 0.6591912508010864,
          "x": -0.7430012226104736,
          "y": 0.004142104648053646,
          "z": -0.1157541573047638
        },
        "matrix": [
          [
            0.9731677770614624,
            0.14645293354988098,
            0.177470862865448,
            0.6101009249687195
          ],
          [
            -0.15876232087612152,
            -0.13090002536773682,
            0.9786009788513184,
            -0.2903573513031006
          ],
          [
            0.16655106842517853,
            -0.9805253744125366,
            -0.1041363850235939,
            1.1690877676010132
          ],
          [
            0.0,
            0.0,
            0.0,
            1.0
          ]
        ]
      },
      "bone_length_armature_space": 0.049534004873632166,
      "parent": "lowerarm_l",
      "has_children": true,
      "is_end_bone": false
    },
    "thumb_01_l": {
      "name": "thumb_01_l",
      "local": {
        "location": {
          "x": 0.0,
          "y": 0.0,
          "z": 0.0
        },
        "rotation_quaternion": {
          "w": 0.9983137845993042,
          "x": -0.05353071540594101,
          "y": -0.010982241481542587,
          "z": 0.0195853840559721
        },
        "scale": {
          "x": 1.0,
          "y": 1.0,
          "z": 1.0
        },
        "matrix_basis": [
          [
            0.9989916086196899,
            -0.03792894259095192,
            -0.02402428537607193,
            0.0
          ],
          [
            0.04028049111366272,
            0.9935017228126526,
            0.10645072162151337,
            0.0
          ],
          [
            0.019830606877803802,
            -0.10731108486652374,
            0.9940277338027954,
            0.0
          ],
          [
            0.0,
            0.0,
            0.0,
            1.0
          ]
        ],
        "rotation_mode": "QUATERNION"
      },
      "armature_space": {
        "head": {
          "x": 0.6173552870750427,
          "y": -0.36008530855178833,
          "z": 0.1706647276878357
        },
        "tail": {
          "x": 0.6174762845039368,
          "y": -0.33655595779418945,
          "z": 0.14606823027133942
        }
      },
      "world_space": {
        "head": {
          "x": 0.6173552870750427,
          "y": -0.2968413233757019,
          "z": 1.120518684387207
        },
        "tail": {
          "x": 0.6174762845039368,
          "y": -0.273311972618103,
          "z": 1.0959222316741943
        },
        "rotation_quaternion": {
          "w": 0.6544322371482849,
          "x": -0.27825474739074707,
          "y": 0.6460232734680176,
          "z": -0.27739259600639343
        },
        "matrix": [
          [
            0.011415920220315456,
            0.00355471670627594,
            0.9999285936355591,
            0.6173552870750427
          ],
          [
            -0.7225877046585083,
            0.6912550926208496,
            0.005792297422885895,
            -0.2968413233757019
          ],
          [
            -0.6911903023719788,
            -0.7226066589355469,
            0.010460056364536285,
            1.120518684387207
          ],
          [
            0.0,
            0.0,
            0.0,
            1.0
          ]
        ]
      },
      "bone_length_armature_space": 0.034038693561008505,
      "parent": "metacarpal_thumb_l",
      "has_children": true,
      "is_end_bone": false
    },
    "thumb_02_l": {
      "name": "thumb_02_l",
      "local": {
        "location": {
          "x": 0.0,
          "y": 0.0,
          "z": 0.0
        },
        "rotation_quaternion": {
          "w": 0.9965968132019043,
          "x": 0.08205261826515198,
          "y": -0.005720506887882948,
          "z": -0.005434384569525719
        },
        "scale": {
          "x": 1.0,
          "y": 1.0,
          "z": 1.0
        },
        "matrix_basis": [
          [
            0.9998754858970642,
            0.009893015958368778,
            -0.012293889187276363,
            0.0
          ],
          [
            -0.01177054550498724,
            0.9864756464958191,
            -0.163484588265419,
            0.0
          ],
          [
            0.01051026675850153,
            0.16360892355442047,
            0.9864692687988281,
            0.0
          ],
          [
            0.0,
            0.0,
            0.0,
            1.0
          ]
        ],
        "rotation_mode": "QUATERNION"
      },
      "armature_space": {
        "head": {
          "x": 0.617476224899292,
          "y": -0.33655595779418945,
          "z": 0.1460682600736618
        },
        "tail": {
          "x": 0.6441746354103088,
          "y": -0.3465208411216736,
          "z": 0.11776477098464966
        }
      },
      "world_space": {
        "head": {
          "x": 0.617476224899292,
          "y": -0.273311972618103,
          "z": 1.0959222316741943
        },
        "tail": {
          "x": 0.6441746354103088,
          "y": -0.28327685594558716,
          "z": 1.0676188468933105
        },
        "rotation_quaternion": {
          "w": 0.4022442698478699,
          "x": 0.03212394565343857,
          "y": 0.4627610146999359,
          "z": -0.7893160581588745
        },
        "matrix": [
          [
            -0.6743338704109192,
            0.664727509021759,
            0.32157638669013977,
            0.617476224899292
          ],
          [
            -0.6052667498588562,
            -0.24810263514518738,
            -0.7563710808753967,
            -0.273311972618103
          ],
          [
            -0.42300015687942505,
            -0.7046909928321838,
            0.5696448087692261,
            1.0959222316741943
          ],
          [
            0.0,
            0.0,
            0.0,
            1.0
          ]
        ]
      },
      "bone_length_armature_space": 0.040164555404507044,
      "parent": "thumb_01_l",
      "has_children": true,
      "is_end_bone": false
    },
    "thumb_03_l": {
      "name": "thumb_03_l",
      "local": {
        "location": {
          "x": 0.0,
          "y": 0.0,
          "z": 0.0
        },
        "rotation_quaternion": {
          "w": 0.9975082874298096,
          "x": 0.0701051652431488,
          "y": -0.007835393771529198,
          "z": -0.0010250494815409184
        },
        "scale": {
          "x": 1.0,
          "y": 1.0,
          "z": 1.0
        },
        "matrix_basis": [
          [
            0.9998751282691956,
            0.0009463875321671367,
            -0.015775462612509727,
            0.0
          ],
          [
            -0.0031435939017683268,
            0.9901684522628784,
            -0.13984490931034088,
            0.0
          ],
          [
            0.015488018281757832,
            0.13987703621387482,
            0.9900477528572083,
            0.0
          ],
          [
            0.0,
            0.0,
            0.0,
            1.0
          ]
        ],
        "rotation_mode": "QUATERNION"
      },
      "armature_space": {
        "head": {
          "x": 0.6441745162010193,
          "y": -0.3465208113193512,
          "z": 0.11776474863290787
        },
        "tail": {
          "x": 0.6686599254608154,
          "y": -0.36056065559387207,
          "z": 0.10635244101285934
        }
      },
      "world_space": {
        "head": {
          "x": 0.6441745162010193,
          "y": -0.2832767963409424,
          "z": 1.067618727684021
        },
        "tail": {
          "x": 0.6686599254608154,
          "y": -0.29731667041778564,
          "z": 1.056206464767456
        },
        "rotation_quaternion": {
          "w": 0.3660503625869751,
          "x": 0.2946251928806305,
          "y": 0.3680066168308258,
          "z": -0.8023554682731628
        },
        "matrix": [
          [
            -0.5584061741828918,
            0.8042535185813904,
            -0.203369140625,
            0.6441745162010193
          ],
          [
            -0.3705589473247528,
            -0.46115607023239136,
            -0.8062388896942139,
            -0.2832767963409424
          ],
          [
            -0.742210865020752,
            -0.3748513162136078,
            0.5555388927459717,
            1.067618727684021
          ],
          [
            0.0,
            0.0,
            0.0,
            1.0
          ]
        ]
      },
      "bone_length_armature_space": 0.03044492130971006,
      "parent": "thumb_02_l",
      "has_children": false,
      "is_end_bone": true
    },
    "metacarpal_index_l": {
      "name": "metacarpal_index_l",
      "local": {
        "location": {
          "x": 0.0,
          "y": 0.0,
          "z": 0.0
        },
        "rotation_quaternion": {
          "w": 0.9995236396789551,
          "x": -0.027458906173706055,
          "y": 0.011867903172969818,
          "z": -0.007594157010316849
        },
        "scale": {
          "x": 1.0,
          "y": 1.0,
          "z": 1.0
        },
        "matrix_basis": [
          [
            0.9996029734611511,
            0.014529319480061531,
            0.024141553789377213,
            0.0
          ],
          [
            -0.01583283767104149,
            0.9983766674995422,
            0.05471139773726463,
            0.0
          ],
          [
            -0.023307444527745247,
            -0.05507190525531769,
            0.9982103109359741,
            0.0
          ],
          [
            0.0,
            0.0,
            0.0,
            1.0
          ]
        ],
        "rotation_mode": "QUATERNION"
      },
      "armature_space": {
        "head": {
          "x": 0.6101009249687195,
          "y": -0.353601336479187,
          "z": 0.21923375129699707
        },
        "tail": {
          "x": 0.6637008786201477,
          "y": -0.38846322894096375,
          "z": 0.12104492634534836
        }
      },
      "world_space": {
        "head": {
          "x": 0.6101009249687195,
          "y": -0.2903573513031006,
          "z": 1.1690877676010132
        },
        "tail": {
          "x": 0.6637008786201477,
          "y": -0.32521921396255493,
          "z": 1.0708988904953003
        },
        "rotation_quaternion": {
          "w": 0.5235796570777893,
          "x": -0.8054004311561584,
          "y": -0.277669221162796,
          "z": -0.009719572961330414
        },
        "matrix": [
          [
            0.8456098437309265,
            0.45744794607162476,
            -0.2751094400882721,
            0.6101009249687195
          ],
          [
            0.4370940625667572,
            -0.2975282073020935,
            0.8487790822982788,
            -0.2903573513031006
          ],
          [
            0.30642199516296387,
            -0.8379907011985779,
            -0.45154309272766113,
            1.1690877676010132
          ],
          [
            0.0,
            0.0,
            0.0,
            1.0
          ]
        ]
      },
      "bone_length_armature_space": 0.11717231870704073,
      "parent": "lowerarm_l",
      "has_children": true,
      "is_end_bone": false
    },
    "index_01_l": {
      "name": "index_01_l",
      "local": {
        "location": {
          "x": 0.0,
          "y": 0.0,
          "z": 0.0
        },
        "rotation_quaternion": {
          "w": 0.9949835538864136,
          "x": -0.09672941267490387,
          "y": 0.01946396753191948,
          "z": -0.016506794840097427
        },
        "scale": {
          "x": 1.0,
          "y": 1.0,
          "z": 1.0
        },
        "matrix_basis": [
          [
            0.9986973404884338,
            0.02908250316977501,
            0.04192604124546051,
            0.0
          ],
          [
            -0.03661345690488815,
            0.9807419180870056,
            0.19184577465057373,
            0.0
          ],
          [
            -0.03553926944732666,
            -0.19313092529773712,
            0.9805291295051575,
            0.0
          ],
          [
            0.0,
            0.0,
            0.0,
            1.0
          ]
        ],
        "rotation_mode": "QUATERNION"
      },
      "armature_space": {
        "head": {
          "x": 0.6637008786201477,
          "y": -0.38846322894096375,
          "z": 0.12104492634534836
        },
        "tail": {
          "x": 0.6862126588821411,
          "y": -0.39930278062820435,
          "z": 0.1073046550154686
        }
      },
      "world_space": {
        "head": {
          "x": 0.6637008786201477,
          "y": -0.32521921396255493,
          "z": 1.0708988904953003
        },
        "tail": {
          "x": 0.6862126588821411,
          "y": -0.3360587954521179,
          "z": 1.0571587085723877
        },
        "rotation_quaternion": {
          "w": 0.39338406920433044,
          "x": -0.8075408339500427,
          "y": -0.39392516016960144,
          "z": -0.19480739533901215
        },
        "matrix": [
          [
            0.6137457489967346,
            0.78948974609375,
            0.004700228571891785,
            0.6637008786201477
          ],
          [
            0.48295530676841736,
            -0.3801431655883789,
            0.7888253927230835,
            -0.32521921396255493
          ],
          [
            0.6245611906051636,
            -0.48187175393104553,
            -0.6146031022071838,
            1.0708988904953003
          ],
          [
            0.0,
            0.0,
            0.0,
            1.0
          ]
        ]
      },
      "bone_length_armature_space": 0.02851440263460988,
      "parent": "metacarpal_index_l",
      "has_children": true,
      "is_end_bone": false
    },
    "index_02_l": {
      "name": "index_02_l",
      "local": {
        "location": {
          "x": 0.0,
          "y": 0.0,
          "z": 0.0
        },
        "rotation_quaternion": {
          "w": 0.9978134036064148,
          "x": 0.06589244306087494,
          "y": 0.004828138276934624,
          "z": 0.0018423154251649976
        },
        "scale": {
          "x": 1.0,
          "y": 1.0,
          "z": 1.0
        },
        "matrix_basis": [
          [
            0.9999465942382812,
            -0.003040298353880644,
            0.009877951815724373,
            0.0
          ],
          [
            0.0043128496035933495,
            0.9913095831871033,
            -0.1314789354801178,
            0.0
          ],
          [
            -0.009392373263835907,
            0.1315145194530487,
            0.9912697672843933,
            0.0
          ],
          [
            0.0,
            0.0,
            0.0,
            1.0
          ]
        ],
        "rotation_mode": "QUATERNION"
      },
      "armature_space": {
        "head": {
          "x": 0.6862128376960754,
          "y": -0.39930278062820435,
          "z": 0.10730413347482681
        },
        "tail": {
          "x": 0.7066821455955505,
          "y": -0.40681192278862,
          "z": 0.09378698468208313
        }
      },
      "world_space": {
        "head": {
          "x": 0.6862128376960754,
          "y": -0.3360587954521179,
          "z": 1.05715811252594
        },
        "tail": {
          "x": 0.7066821455955505,
          "y": -0.3435679078102112,
          "z": 1.0436409711837769
        },
        "rotation_quaternion": {
          "w": 0.4181000590324402,
          "x": -0.7885582447052002,
          "y": -0.42288699746131897,
          "z": -0.1566363275051117
        },
        "matrix": [
          [
            0.5932625532150269,
            0.7979215979576111,
            -0.10658647119998932,
            0.6862128376960754
          ],
          [
            0.5359652638435364,
            -0.292716920375824,
            0.7918701767921448,
            -0.3360587954521179
          ],
          [
            0.6006553769111633,
            -0.5269172191619873,
            -0.6013197302818298,
            1.05715811252594
          ],
          [
            0.0,
            0.0,
            0.0,
            1.0
          ]
        ]
      },
      "bone_length_armature_space": 0.02565332518562681,
      "parent": "index_01_l",
      "has_children": true,
      "is_end_bone": false
    },
    "index_03_l": {
      "name": "index_03_l",
      "local": {
        "location": {
          "x": 0.0,
          "y": 0.0,
          "z": 0.0
        },
        "rotation_quaternion": {
          "w": 0.9996910095214844,
          "x": 0.024556489661335945,
          "y": 0.0033256649039685726,
          "z": 0.0019316873513162136
        },
        "scale": {
          "x": 1.0,
          "y": 1.0,
          "z": 1.0
        },
        "matrix_basis": [
          [
            0.9999704360961914,
            -0.003698847722262144,
            0.006744145415723324,
            0.0
          ],
          [
            0.0040255142375826836,
            0.9987865090370178,
            -0.04908495396375656,
            0.0
          ],
          [
            -0.006554403807967901,
            0.04911065101623535,
            0.9987718462944031,
            0.0
          ],
          [
            0.0,
            0.0,
            0.0,
            1.0
          ]
        ],
        "rotation_mode": "QUATERNION"
      },
      "armature_space": {
        "head": {
          "x": 0.7066820859909058,
          "y": -0.40681204199790955,
          "z": 0.0937870591878891
        },
        "tail": {
          "x": 0.7308180928230286,
          "y": -0.41066572070121765,
          "z": 0.07777649164199829
        }
      },
      "world_space": {
        "head": {
          "x": 0.7066820859909058,
          "y": -0.34356802701950073,
          "z": 1.0436410903930664
        },
        "tail": {
          "x": 0.7308180928230286,
          "y": -0.34742170572280884,
          "z": 1.0276305675506592
        },
        "rotation_quaternion": {
          "w": 0.48119834065437317,
          "x": -0.7319329380989075,
          "y": -0.45000237226486206,
          "z": -0.1738397479057312
        },
        "matrix": [
          [
            0.5345540642738342,
            0.8260462880134583,
            -0.17860466241836548,
            0.7066820859909058
          ],
          [
            0.49144333600997925,
            -0.1318911910057068,
            0.8608648777008057,
            -0.34356802701950073
          ],
          [
            0.6875631213188171,
            -0.547956645488739,
            -0.47646042704582214,
            1.0436410903930664
          ],
          [
            0.0,
            0.0,
            0.0,
            1.0
          ]
        ]
      },
      "bone_length_armature_space": 0.029218759788123914,
      "parent": "index_02_l",
      "has_children": false,
      "is_end_bone": true
    },
    "metacarpal_pinky_l": {
      "name": "metacarpal_pinky_l",
      "local": {
        "location": {
          "x": 0.0,
          "y": 0.0,
          "z": 0.0
        },
        "rotation_quaternion": {
          "w": 0.9988382458686829,
          "x": -0.048190005123615265,
          "y": 0.00017575455422047526,
          "z": 4.4207092287251726e-05
        },
        "scale": {
          "x": 1.0,
          "y": 1.0,
          "z": 1.0
        },
        "matrix_basis": [
          [
            0.9999999403953552,
            -0.00010525069228606299,
            0.0003468400682322681,
            0.0
          ],
          [
            7.137224019970745e-05,
            0.9953554272651672,
            0.09626805782318115,
            0.0
          ],
          [
            -0.0003553614078555256,
            -0.09626802802085876,
            0.9953553676605225,
            0.0
          ],
          [
            0.0,
            0.0,
            0.0,
            1.0
          ]
        ],
        "rotation_mode": "QUATERNION"
      },
      "armature_space": {
        "head": {
          "x": 0.6101009249687195,
          "y": -0.353601336479187,
          "z": 0.21923375129699707
        },
        "tail": {
          "x": 0.7015218734741211,
          "y": -0.37746644020080566,
          "z": 0.17546264827251434
        }
      },
      "world_space": {
        "head": {
          "x": 0.6101009249687195,
          "y": -0.2903573513031006,
          "z": 1.1690877676010132
        },
        "tail": {
          "x": 0.7015218734741211,
          "y": -0.31422245502471924,
          "z": 1.1253166198730469
        },
        "rotation_quaternion": {
          "w": 0.2788742184638977,
          "x": 0.4796582758426666,
          "y": 0.5546504259109497,
          "z": -0.6200968027114868
        },
        "matrix": [
          [
            -0.3843125104904175,
            0.8779436349868774,
            -0.2855146825313568,
            0.6101009249687195
          ],
          [
            0.18622995913028717,
            -0.22918406128883362,
            -0.955402135848999,
            -0.2903573513031006
          ],
          [
            -0.9042309522628784,
            -0.4203474521636963,
            -0.07542251795530319,
            1.1690877676010132
          ],
          [
            0.0,
            0.0,
            0.0,
            1.0
          ]
        ]
      },
      "bone_length_armature_space": 0.10413088876378063,
      "parent": "lowerarm_l",
      "has_children": true,
      "is_end_bone": false
    },
    "pinky_01_l": {
      "name": "pinky_01_l",
      "local": {
        "location": {
          "x": 0.0,
          "y": 0.0,
          "z": 0.0
        },
        "rotation_quaternion": {
          "w": 0.9916258454322815,
          "x": -0.12694038450717926,
          "y": -0.017900530248880386,
          "z": 0.01561835128813982
        },
        "scale": {
          "x": 1.0,
          "y": 1.0,
          "z": 1.0
        },
        "matrix_basis": [
          [
            0.9988712668418884,
            -0.02643052116036415,
            -0.039466455578804016,
            0.0
          ],
          [
            0.03551972284913063,
            0.9672844409942627,
            0.2511955797672272,
            0.0
          ],
          [
            0.03153605759143829,
            -0.25231388211250305,
            0.9671314358711243,
            0.0
          ],
          [
            0.0,
            0.0,
            0.0,
            1.0
          ]
        ],
        "rotation_mode": "QUATERNION"
      },
      "armature_space": {
        "head": {
          "x": 0.7015218734741211,
          "y": -0.37746644020080566,
          "z": 0.17546264827251434
