{
  "metadata": {
    "armature_name": "KIM_caucasian_male",
    "export_time": "2026-01-13T21:08:22.035652",
    "blender_version": "4.4.1",
    "bone_count": 56,
    "end_bone_count": 13,
    "spaces_included": [
      "LOCAL_CHANNELS",
      "ARMATURE_SPACE",
      "WORLD_SPACE"
    ],
    "note": "LOCAL matches Transform panel; replay pose via local.matrix_basis for best fidelity."
  },
  "bones": {
    "Root": {
      "name": "Root",
      "local": {
        "location": {
          "x": 0.0,
          "y": 0.0,
          "z": 0.0
        },
        "rotation_quaternion": {
          "w": 0.9999335408210754,
          "x": -0.0049448697827756405,
          "y": -0.000780257920268923,
          "z": -0.010395066812634468
        },
        "scale": {
          "x": 1.0,
          "y": 1.0,
          "z": 1.0
        },
        "matrix_basis": [
          [
            0.9997826814651489,
            0.02079646848142147,
            -0.0014576076064258814,
            0.0
          ],
          [
            -0.020781034603714943,
            0.9997349977493286,
            0.009905303828418255,
            0.0
          ],
          [
            0.0016632166225463152,
            -0.00987286027520895,
            0.9999498724937439,
            0.0
          ],
          [
            0.0,
            0.0,
            0.0,
            1.0
          ]
        ],
        "rotation_mode": "QUATERNION"
      },
      "armature_space": {
        "head": {
          "x": 0.0,
          "y": 0.07072800397872925,
          "z": -0.009595036506652832
        },
        "tail": {
          "x": 0.0014843660173937678,
          "y": 0.00011347979307174683,
          "z": 0.0006957491859793663
        }
      },
      "world_space": {
        "head": {
          "x": 0.0,
          "y": 0.13397200405597687,
          "z": 0.9402589797973633
        },
        "tail": {
          "x": 0.0014843660173937678,
          "y": 0.06335747987031937,
          "z": 0.9505497813224792
        },
        "rotation_quaternion": {
          "w": 0.07229681313037872,
          "x": 0.9973286986351013,
          "y": 0.01031888835132122,
          "z": -0.0014787795953452587
        },
        "matrix": [
          [
            0.9997826814651489,
            0.02079646848142147,
            -0.0014576076064258814,
            0.0
          ],
          [
            0.020368821918964386,
            -0.9893333315849304,
            -0.14423835277557373,
            0.13397200405597687
          ],
          [
            -0.004441719502210617,
            0.1441773772239685,
            -0.9895489811897278,
            0.9402589797973633
          ],
          [
            0.0,
            0.0,
            0.0,
            1.0
          ]
        ]
      },
      "bone_length_armature_space": 0.07137586826831388,
      "parent": null,
      "has_children": true,
      "is_end_bone": false
    },
    "spine_01": {
      "name": "spine_01",
      "local": {
        "location": {
          "x": 0.0,
          "y": 0.0,
          "z": 0.0
        },
        "rotation_quaternion": {
          "w": 0.995904803276062,
          "x": -0.042287927120923996,
          "y": -0.039649758487939835,
          "z": 0.06937754899263382
        },
        "scale": {
          "x": 1.0,
          "y": 1.0,
          "z": 1.0
        },
        "matrix_basis": [
          [
            0.9872292876243591,
            -0.1348334550857544,
            -0.08484243601560593,
            0.0
          ],
          [
            0.1415402740240097,
            0.9867969751358032,
            0.07872789353132248,
            0.0
          ],
          [
            0.07310710102319717,
            -0.08973110467195511,
            0.9932792782783508,
            0.0
          ],
          [
            0.0,
            0.0,
            0.0,
            1.0
          ]
        ],
        "rotation_mode": "QUATERNION"
      },
      "armature_space": {
        "head": {
          "x": 0.0014843660173937678,
          "y": 0.00011347979307174683,
          "z": 0.0006957491859793663
        },
        "tail": {
          "x": -0.06362155824899673,
          "y": 0.06976229697465897,
          "z": 0.47929659485816956
        }
      },
      "world_space": {
        "head": {
          "x": 0.0014843660173937678,
          "y": 0.06335747987031937,
          "z": 0.9505497813224792
        },
        "tail": {
          "x": -0.06362155824899673,
          "y": 0.13300630450248718,
          "z": 1.4291505813598633
        },
        "rotation_quaternion": {
          "w": 0.7528069019317627,
          "x": 0.6540443301200867,
          "y": -0.06813839077949524,
          "z": 0.02941150963306427
        },
        "matrix": [
          [
            0.9889842867851257,
            -0.1334134340286255,
            -0.06411640346050262,
            0.0014843660173937678
          ],
          [
            -0.0448477640748024,
            0.14272262156009674,
            -0.988746166229248,
            0.06335747987031937
          ],
          [
            0.14106382429599762,
            0.9807369709014893,
            0.1351671814918518,
            0.9505497813224792
          ],
          [
            0.0,
            0.0,
            0.0,
            1.0
          ]
        ]
      },
      "bone_length_armature_space": 0.4880046370916036,
      "parent": "Root",
      "has_children": true,
      "is_end_bone": false
    },
    "neck_01": {
      "name": "neck_01",
      "local": {
        "location": {
          "x": 0.0,
          "y": 0.0,
          "z": 0.0
        },
        "rotation_quaternion": {
          "w": 0.9952826499938965,
          "x": 0.0725213959813118,
          "y": 0.004424629267305136,
          "z": 0.06429431587457657
        },
        "scale": {
          "x": 1.0,
          "y": 1.0,
          "z": 1.0
        },
        "matrix_basis": [
          [
            0.9916933178901672,
            -0.12734027206897736,
            0.01813293993473053,
            0.0
          ],
          [
            0.12862379848957062,
            0.9812137484550476,
            -0.1437896192073822,
            0.0
          ],
          [
            0.000517913606017828,
            0.14492753148078918,
            0.9894421100616455,
            0.0
          ],
          [
            0.0,
            0.0,
            0.0,
            1.0
          ]
        ],
        "rotation_mode": "QUATERNION"
      },
      "armature_space": {
        "head": {
          "x": -0.07561346143484116,
          "y": 0.04592207446694374,
          "z": 0.5557923316955566
        },
        "tail": {
          "x": -0.10354316979646683,
          "y": 0.007630288600921631,
          "z": 0.6467010974884033
        }
      },
      "world_space": {
        "head": {
          "x": -0.07561346143484116,
          "y": 0.10916607081890106,
          "z": 1.5056463479995728
        },
        "tail": {
          "x": -0.10354316979646683,
          "y": 0.07087428867816925,
          "z": 1.5965551137924194
        },
        "rotation_quaternion": {
          "w": 0.549496054649353,
          "x": 0.823968768119812,
          "y": -0.10631832480430603,
          "z": 0.08846479654312134
        },
        "matrix": [
          [
            0.9617406725883484,
            -0.2724282741546631,
            0.0289401113986969,
            -0.07561346143484116
          ],
          [
            -0.07798510044813156,
            -0.37350064516067505,
            -0.9243461489677429,
            0.10916607081890106
          ],
          [
            0.2626289427280426,
            0.8867303133010864,
            -0.38045966625213623,
            1.5056463479995728
          ],
          [
            0.0,
            0.0,
            0.0,
            1.0
          ]
        ]
      },
      "bone_length_armature_space": 0.10252186738888319,
      "parent": "spine_01",
      "has_children": true,
      "is_end_bone": false
    },
    "head": {
      "name": "head",
      "local": {
        "location": {
          "x": 0.0,
          "y": 0.0,
          "z": 0.0
        },
        "rotation_quaternion": {
          "w": 0.9877113103866577,
          "x": -0.017174607142806053,
          "y": 0.12168526649475098,
          "z": -0.09656231850385666
        },
        "scale": {
          "x": 1.0,
          "y": 1.0,
          "z": 1.0
        },
        "matrix_basis": [
          [
            0.9517368078231812,
            0.18657159805297852,
            0.2436966747045517,
            0.0
          ],
          [
            -0.19493117928504944,
            0.9807615280151367,
            0.010426684282720089,
            0.0
          ],
          [
            -0.2370629906654358,
            -0.057427529245615005,
            0.9697954654693604,
            0.0
          ],
          [
            0.0,
            0.0,
            0.0,
            1.0
          ]
        ],
        "rotation_mode": "QUATERNION"
      },
      "armature_space": {
        "head": {
          "x": -0.10354314744472504,
          "y": 0.0076301731169223785,
          "z": 0.6467009782791138
        },
        "tail": {
          "x": -0.11538258194923401,
          "y": 0.012027121149003506,
          "z": 0.801277220249176
        }
      },
      "world_space": {
        "head": {
          "x": -0.10354314744472504,
          "y": 0.0708741694688797,
          "z": 1.5965549945831299
        },
        "tail": {
          "x": -0.11538258194923401,
          "y": 0.0752711221575737,
          "z": 1.751131296157837
        },
        "rotation_quaternion": {
          "w": 0.7163935303688049,
          "x": 0.6920348405838013,
          "y": 0.030912313610315323,
          "z": 0.08314132690429688
        },
        "matrix": [
          [
            0.9842637777328491,
            -0.076338991522789,
            0.1593647003173828,
            -0.10354314744472504
          ],
          [
            0.16190919280052185,
            0.02835090458393097,
            -0.986398458480835,
            0.0708741694688797
          ],
          [
            0.07078316062688828,
            0.9966859817504883,
            0.04026414453983307,
            1.5965549945831299
          ],
          [
            0.0,
            0.0,
            0.0,
            1.0
          ]
        ]
      },
      "bone_length_armature_space": 0.15509132760272387,
      "parent": "neck_01",
      "has_children": false,
      "is_end_bone": true
    },
    "upperarm_l": {
      "name": "upperarm_l",
      "local": {
        "location": {
          "x": 0.0,
          "y": 0.0,
          "z": 0.0
        },
        "rotation_quaternion": {
          "w": 0.9280933737754822,
          "x": 0.1252061426639557,
          "y": 0.33509159088134766,
          "z": 0.1033429279923439
        },
        "scale": {
          "x": 1.0,
          "y": 1.0,
          "z": 1.0
        },
        "matrix_basis": [
          [
            0.7540677189826965,
            -0.10791271924972534,
            0.6478708982467651,
            0.0
          ],
          [
            0.2757348120212555,
            0.9472873210906982,
            -0.16314728558063507,
            0.0
          ],
          [
            -0.5961142182350159,
            0.30166468024253845,
            0.7440741062164307,
            0.0
          ],
          [
            0.0,
            0.0,
            0.0,
            1.0
          ]
        ],
        "rotation_mode": "QUATERNION"
      },
      "armature_space": {
        "head": {
          "x": 0.08149611949920654,
          "y": 0.026449598371982574,
          "z": 0.511469841003418
        },
        "tail": {
          "x": 0.32860079407691956,
          "y": -0.052749715745449066,
          "z": 0.578360915184021
        }
      },
      "world_space": {
        "head": {
          "x": 0.08149611949920654,
          "y": 0.0896935984492302,
          "z": 1.461323857307434
        },
        "tail": {
          "x": 0.32860079407691956,
          "y": 0.010494284331798553,
          "z": 1.528214931488037
        },
        "rotation_quaternion": {
          "w": 0.35533297061920166,
          "x": 0.7481628060340881,
          "y": 0.4753532409667969,
          "z": -0.29669880867004395
        },
        "matrix": [
          [
            0.3720172047615051,
            0.9221375584602356,
            -0.10613870620727539,
            0.08149611949920654
          ],
          [
            0.5004304051399231,
            -0.2955535352230072,
            -0.8137675523757935,
            0.0896935984492302
          ],
          [
            -0.7817803025245667,
            0.2496219426393509,
            -0.5714214444160461,
            1.461323857307434
          ],
          [
            0.0,
            0.0,
            0.0,
            1.0
          ]
        ]
      },
      "bone_length_armature_space": 0.26796952565862203,
      "parent": "spine_01",
      "has_children": true,
      "is_end_bone": false
    },
    "lowerarm_l": {
      "name": "lowerarm_l",
      "local": {
        "location": {
          "x": 0.0,
          "y": 0.0,
          "z": 0.0
        },
        "rotation_quaternion": {
          "w": 0.8453556895256042,
          "x": 0.5190302133560181,
          "y": -0.019363321363925934,
          "z": 0.12492591887712479
        },
        "scale": {
          "x": 1.0,
          "y": 1.0,
          "z": 1.0
        },
        "matrix_basis": [
          [
            0.9680371284484863,
            -0.23131397366523743,
            0.09694286435842514,
            0.0
          ],
          [
            0.19111336767673492,
            0.4300023019313812,
            -0.882368266582489,
            0.0
          ],
          [
            0.1624184399843216,
            0.872692346572876,
            0.4604654014110565,
            0.0
          ],
          [
            0.0,
            0.0,
            0.0,
            1.0
          ]
        ],
        "rotation_mode": "QUATERNION"
      },
      "armature_space": {
        "head": {
          "x": 0.32860082387924194,
          "y": -0.052749838680028915,
          "z": 0.5783610343933105
        },
        "tail": {
          "x": 0.3413914740085602,
          "y": -0.31777408719062805,
          "z": 0.5441858172416687
        }
      },
      "world_space": {
        "head": {
          "x": 0.32860082387924194,
          "y": 0.010494161397218704,
          "z": 1.5282150506973267
        },
        "tail": {
          "x": 0.3413914740085602,
          "y": -0.25453007221221924,
          "z": 1.49403977394104
        },
        "rotation_quaternion": {
          "w": 0.04395060986280441,
          "x": -0.8685781955718994,
          "y": -0.052357714623212814,
          "z": 0.49081459641456604
        },
        "matrix": [
          [
            0.5127193927764893,
            0.047811150550842285,
            -0.8572238683700562,
            0.32860082387924194
          ],
          [
            0.13409659266471863,
            -0.9906542301177979,
            0.024952083826065063,
            0.010494161397218704
          ],
          [
            -0.8480252027511597,
            -0.12774616479873657,
            -0.5143424272537231,
            1.5282150506973267
          ],
          [
            0.0,
            0.0,
            0.0,
            1.0
          ]
        ]
      },
      "bone_length_armature_space": 0.26752457609870417,
      "parent": "upperarm_l",
      "has_children": true,
      "is_end_bone": false
    },
    "metacarpal_thumb_l": {
      "name": "metacarpal_thumb_l",
      "local": {
        "location": {
          "x": 0.0,
          "y": 0.0,
          "z": 0.0
        },
        "rotation_quaternion": {
          "w": 0.998418390750885,
          "x": -0.0534747876226902,
          "y": 0.01263322215527296,
          "z": -0.011900560930371284
        },
        "scale": {
          "x": 1.0,
          "y": 1.0,
          "z": 1.0
        },
        "matrix_basis": [
          [
            0.9993975758552551,
            0.022412359714508057,
            0.026499243453145027,
            0.0
          ],
          [
            -0.025114595890045166,
            0.9939976334571838,
            0.10647974163293839,
            0.0
          ],
          [
            -0.023953722789883614,
            -0.1070811077952385,
            0.9939616918563843,
            0.0
          ],
          [
            0.0,
            0.0,
            0.0,
            1.0
          ]
        ],
        "rotation_mode": "QUATERNION"
      },
      "armature_space": {
        "head": {
          "x": 0.3413914740085602,
          "y": -0.31777408719062805,
          "z": 0.5441858172416687
        },
        "tail": {
          "x": 0.3210175335407257,
          "y": -0.35662010312080383,
          "z": 0.5211753249168396
        }
      },
      "world_space": {
        "head": {
          "x": 0.3413914740085602,
          "y": -0.25453007221221924,
          "z": 1.49403977394104
        },
        "tail": {
          "x": 0.3210175335407257,
          "y": -0.293376088142395,
          "z": 1.471029281616211
        },
        "rotation_quaternion": {
          "w": 0.18661904335021973,
          "x": -0.9170399904251099,
          "y": 0.2702889144420624,
          "z": -0.2261749655008316
        },
        "matrix": [
          [
            0.7515769600868225,
            -0.41131487488746643,
            0.5157051086425781,
            0.3413914740085602
          ],
          [
            -0.5801488757133484,
            -0.7842347025871277,
            0.22000770270824432,
            -0.25453007221221924
          ],
          [
            0.313943088054657,
            -0.4645424783229828,
            -0.828042209148407,
            1.49403977394104
          ],
          [
            0.0,
            0.0,
            0.0,
            1.0
          ]
        ]
      },
      "bone_length_armature_space": 0.04953375865178326,
      "parent": "lowerarm_l",
      "has_children": true,
      "is_end_bone": false
    },
    "thumb_01_l": {
      "name": "thumb_01_l",
      "local": {
        "location": {
          "x": 0.0,
          "y": 0.0,
          "z": 0.0
        },
        "rotation_quaternion": {
          "w": 0.9690465331077576,
          "x": 0.24607473611831665,
          "y": -0.019323330372571945,
          "z": 0.0047736200504004955
        },
        "scale": {
          "x": 1.0,
          "y": 1.0,
          "z": 1.0
        },
        "matrix_basis": [
          [
            0.999207615852356,
            -0.018761686980724335,
            -0.03510107845067978,
            0.0
          ],
          [
            -0.0002582469314802438,
            0.8788488507270813,
            -0.4771002233028412,
            0.0
          ],
          [
            0.03979974612593651,
            0.47673124074935913,
            0.8781476616859436,
            0.0
          ],
          [
            0.0,
            0.0,
            0.0,
            1.0
          ]
        ],
        "rotation_mode": "QUATERNION"
      },
      "armature_space": {
        "head": {
          "x": 0.3210175335407257,
          "y": -0.35662010312080383,
          "z": 0.5211753249168396
        },
        "tail": {
          "x": 0.3343089818954468,
          "y": -0.3747568428516388,
          "z": 0.49562087655067444
        }
      },
      "world_space": {
        "head": {
          "x": 0.3210175335407257,
          "y": -0.293376088142395,
          "z": 1.471029281616211
        },
        "tail": {
          "x": 0.3343089818954468,
          "y": -0.31151282787323,
          "z": 1.4454748630523682
        },
        "rotation_quaternion": {
          "w": 0.34297889471054077,
          "x": -0.2665507197380066,
          "y": 0.3405156135559082,
          "z": -0.8338857293128967
        },
        "matrix": [
          [
            -0.6226312518119812,
            0.39048177003860474,
            0.678125262260437,
            0.3210175335407257
          ],
          [
            -0.7535403966903687,
            -0.5328293442726135,
            -0.3850584030151367,
            -0.293376088142395
          ],
          [
            0.2109675407409668,
            -0.7507500052452087,
            0.6260040998458862,
            1.471029281616211
          ],
          [
            0.0,
            0.0,
            0.0,
            1.0
          ]
        ]
      },
      "bone_length_armature_space": 0.03403870957575808,
      "parent": "metacarpal_thumb_l",
      "has_children": true,
      "is_end_bone": false
    },
    "thumb_02_l": {
      "name": "thumb_02_l",
      "local": {
        "location": {
          "x": 0.0,
          "y": 0.0,
          "z": 0.0
        },
        "rotation_quaternion": {
          "w": 0.8915656805038452,
          "x": 0.4527885317802429,
          "y": 0.002845863811671734,
          "z": 0.009239357896149158
        },
        "scale": {
          "x": 1.0,
          "y": 1.0,
          "z": 1.0
        },
        "matrix_basis": [
          [
            0.9998130798339844,
            -0.013897839933633804,
            0.013441499322652817,
            0.0
          ],
          [
            0.019052138552069664,
            0.5897943377494812,
            -0.8073288202285767,
            0.0
          ],
          [
            0.0032924015540629625,
            0.8074340224266052,
            0.5899488925933838,
            0.0
          ],
          [
            0.0,
            0.0,
            0.0,
            1.0
          ]
        ],
        "rotation_mode": "QUATERNION"
      },
      "armature_space": {
        "head": {
          "x": 0.3343089520931244,
          "y": -0.374756783246994,
          "z": 0.49562087655067444
        },
        "tail": {
          "x": 0.3324841260910034,
          "y": -0.3944707214832306,
          "z": 0.530566930770874
        }
      },
      "world_space": {
        "head": {
          "x": 0.3343089520931244,
          "y": -0.3115127682685852,
          "z": 1.4454748630523682
        },
        "tail": {
          "x": 0.3324841260910034,
          "y": -0.3312267065048218,
          "z": 1.4804209470748901
        },
        "rotation_quaternion": {
          "w": 0.06028134003281593,
          "x": 0.14770980179309845,
          "y": -0.5009495615959167,
          "z": -0.8506453037261963
        },
        "matrix": [
          [
            -0.9490959048271179,
            -0.045434027910232544,
            -0.31169259548187256,
            0.3343089520931244
          ],
          [
            -0.25054603815078735,
            -0.4908314347267151,
            0.8344528675079346,
            -0.3115127682685852
          ],
          [
            -0.1909027248620987,
            0.8700749278068542,
            0.4544667601585388,
            1.4454748630523682
          ],
          [
            0.0,
            0.0,
            0.0,
            1.0
          ]
        ]
      },
      "bone_length_armature_space": 0.040164612770746295,
      "parent": "thumb_01_l",
      "has_children": true,
      "is_end_bone": false
    },
    "thumb_03_l": {
      "name": "thumb_03_l",
      "local": {
        "location": {
          "x": 0.0,
          "y": 0.0,
          "z": 0.0
        },
        "rotation_quaternion": {
          "w": 0.9916191697120667,
          "x": 0.12886278331279755,
          "y": 0.007536989636719227,
          "z": -0.005387527402490377
        },
        "scale": {
          "x": 1.0,
          "y": 1.0,
          "z": 1.0
        },
        "matrix_basis": [
          [
            0.9998283386230469,
            0.012627225369215012,
            0.01355914305895567,
            0.0
          ],
          [
            -0.008742275647819042,
            0.9667307138442993,
            -0.25564682483673096,
            0.0
          ],
          [
            -0.016336150467395782,
            0.255484402179718,
            0.9666751623153687,
            0.0
          ],
          [
            0.0,
            0.0,
            0.0,
            1.0
          ]
        ],
        "rotation_mode": "QUATERNION"
      },
      "armature_space": {
        "head": {
          "x": 0.33248409628868103,
          "y": -0.39447078108787537,
          "z": 0.5305668115615845
        },
        "tail": {
          "x": 0.3279673755168915,
          "y": -0.3947511613368988,
          "z": 0.560673713684082
        }
      },
      "world_space": {
        "head": {
          "x": 0.33248409628868103,
          "y": -0.33122676610946655,
          "z": 1.4804208278656006
        },
        "tail": {
          "x": 0.3279673755168915,
          "y": -0.33150714635849,
          "z": 1.5105277299880981
        },
        "rotation_quaternion": {
          "w": 0.18979498744010925,
          "x": 0.2909182608127594,
          "y": -0.6777706146240234,
          "z": -0.6480519771575928
        },
        "matrix": [
          [
            -0.7586879134178162,
            -0.14835737645626068,
            -0.6343361735343933,
            0.33248409628868103
          ],
          [
            -0.6403468251228333,
            -0.00920945405960083,
            0.7680310010910034,
            -0.33122676610946655
          ],
          [
            -0.11978638917207718,
            0.9888979196548462,
            -0.08801302313804626,
            1.4804208278656006
          ],
          [
            0.0,
            0.0,
            0.0,
            1.0
          ]
        ]
      },
      "bone_length_armature_space": 0.03044511303688048,
      "parent": "thumb_02_l",
      "has_children": false,
      "is_end_bone": true
    },
    "metacarpal_index_l": {
      "name": "metacarpal_index_l",
      "local": {
        "location": {
          "x": 0.0,
          "y": 0.0,
          "z": 0.0
        },
        "rotation_quaternion": {
          "w": 0.9992990493774414,
          "x": -0.03348894417285919,
          "y": 0.014145145192742348,
          "z": 0.008937915787100792
        },
        "scale": {
          "x": 1.0,
          "y": 1.0,
          "z": 1.0
        },
        "matrix_basis": [
          [
            0.99944007396698,
            -0.018810713663697243,
            0.02767181769013405,
            0.0
          ],
          [
            0.01691588945686817,
            0.9975972175598145,
            0.06718380004167557,
            0.0
          ],
          [
            -0.028869103640317917,
            -0.06667808443307877,
            0.9973568320274353,
            0.0
          ],
          [
            0.0,
            0.0,
            0.0,
            1.0
          ]
        ],
        "rotation_mode": "QUATERNION"
      },
      "armature_space": {
        "head": {
          "x": 0.3413914740085602,
          "y": -0.31777408719062805,
          "z": 0.5441858172416687
        },
        "tail": {
          "x": 0.31747785210609436,
          "y": -0.4285016357898712,
          "z": 0.5142394304275513
        }
      },
      "world_space": {
        "head": {
          "x": 0.3413914740085602,
          "y": -0.25453007221221924,
          "z": 1.49403977394104
        },
        "tail": {
          "x": 0.31747785210609436,
          "y": -0.3652576208114624,
          "z": 1.4640934467315674
        },
        "rotation_quaternion": {
          "w": 0.1333916336297989,
          "x": -0.985453188419342,
          "y": 0.09851755201816559,
          "z": 0.03718957677483559
        },
        "matrix": [
          [
            0.9778224229812622,
            -0.20409047603607178,
            -0.047014039009809494,
            0.3413914740085602
          ],
          [
            -0.1842474341392517,
            -0.9450021982192993,
            0.2702295780181885,
            -0.25453007221221924
          ],
          [
            -0.09958058595657349,
            -0.25557708740234375,
            -0.9616537690162659,
            1.49403977394104
          ],
          [
            0.0,
            0.0,
            0.0,
            1.0
          ]
        ]
      },
      "bone_length_armature_space": 0.11717182764913543,
      "parent": "lowerarm_l",
      "has_children": true,
      "is_end_bone": false
    },
    "index_01_l": {
      "name": "index_01_l",
      "local": {
        "location": {
          "x": 0.0,
          "y": 0.0,
          "z": 0.0
        },
        "rotation_quaternion": {
          "w": 0.9435118436813354,
          "x": 0.33111339807510376,
          "y": 0.0023565921001136303,
          "z": -0.011989101767539978
        },
        "scale": {
          "x": 1.0,
          "y": 1.0,
          "z": 1.0
        },
        "matrix_basis": [
          [
            0.9997014403343201,
            0.024184318259358406,
            -0.0034925593063235283,
            0.0
          ],
          [
            -0.021063121035695076,
            0.7804403305053711,
            -0.6248753070831299,
            0.0
          ],
          [
            -0.012386449612677097,
            0.6247622966766357,
            0.7807167172431946,
            0.0
          ],
          [
            0.0,
            0.0,
            0.0,
            1.0
          ]
        ],
        "rotation_mode": "QUATERNION"
      },
      "armature_space": {
        "head": {
          "x": 0.31747785210609436,
          "y": -0.4285016357898712,
          "z": 0.5142394304275513
        },
        "tail": {
          "x": 0.32127219438552856,
          "y": -0.4476063847541809,
          "z": 0.4934142529964447
        }
      },
      "world_space": {
        "head": {
          "x": 0.31747785210609436,
          "y": -0.3652576208114624,
          "z": 1.4640934467315674
        },
        "tail": {
          "x": 0.32127219438552856,
          "y": -0.3843623995780945,
          "z": 1.4432682991027832
        },
        "rotation_quaternion": {
          "w": 0.39749884605407715,
          "x": -0.9134479761123657,
          "y": -0.08362457156181335,
          "z": 0.024787798523902893
        },
        "matrix": [
          [
            0.9847850799560547,
            0.1330672651529312,
            -0.11176639795303345,
            0.31747785210609436
          ],
          [
            0.17248006165027618,
            -0.6700037717819214,
            0.7220429182052612,
            -0.3652576208114624
          ],
          [
            0.021196644753217697,
            -0.7303401827812195,
            -0.6827648878097534,
            1.4640934467315674
          ],
          [
            0.0,
            0.0,
            0.0,
            1.0
          ]
        ]
      },
      "bone_length_armature_space": 0.028514496057770507,
      "parent": "metacarpal_index_l",
      "has_children": true,
      "is_end_bone": false
    },
    "index_02_l": {
      "name": "index_02_l",
      "local": {
        "location": {
          "x": 0.0,
          "y": 0.0,
          "z": 0.0
        },
        "rotation_quaternion": {
          "w": 0.8954769968986511,
          "x": 0.4450138509273529,
          "y": -0.008807839825749397,
          "z": -0.0024893353693187237
        },
        "scale": {
          "x": 1.0,
          "y": 1.0,
          "z": 1.0
        },
        "matrix_basis": [
          [
            0.9998324513435364,
            -0.003380936337634921,
            -0.01799001358449459,
            0.0
          ],
          [
            -0.01229750644415617,
            0.6039129495620728,
            -0.7969554662704468,
            0.0
          ],
          [
            0.013558858074247837,
            0.7970432043075562,
            0.6037701964378357,
            0.0
          ],
          [
            0.0,
            0.0,
            0.0,
            1.0
          ]
        ],
        "rotation_mode": "QUATERNION"
      },
      "armature_space": {
        "head": {
          "x": 0.32127195596694946,
          "y": -0.4476064443588257,
          "z": 0.4934137165546417
        },
        "tail": {
          "x": 0.32029566168785095,
          "y": -0.44430598616600037,
          "z": 0.46799221634864807
        }
      },
      "world_space": {
        "head": {
          "x": 0.32127195596694946,
          "y": -0.38436245918273926,
          "z": 1.4432677030563354
        },
        "tail": {
          "x": 0.32029566168785095,
          "y": -0.38106197118759155,
          "z": 1.4178462028503418
        },
        "rotation_quaternion": {
          "w": 0.7465379238128662,
          "x": -0.6526355147361755,
          "y": -0.08372501283884048,
          "z": 0.09868268668651581
        },
        "matrix": [
          [
            0.9665037393569946,
            -0.03805692493915558,
            -0.25381553173065186,
            0.32127195596694946
          ],
          [
            0.2566247284412384,
            0.12865662574768066,
            0.9579100608825684,
            -0.38436245918273926
          ],
          [
            -0.003799847327172756,
            -0.9909655451774597,
            0.13411542773246765,
            1.4432677030563354
          ],
          [
            0.0,
            0.0,
            0.0,
            1.0
          ]
        ]
      },
      "bone_length_armature_space": 0.025653436917525564,
      "parent": "index_01_l",
      "has_children": true,
      "is_end_bone": false
    },
    "index_03_l": {
      "name": "index_03_l",
      "local": {
        "location": {
          "x": 0.0,
          "y": 0.0,
          "z": 0.0
        },
        "rotation_quaternion": {
          "w": 0.9208984971046448,
          "x": 0.3897069990634918,
          "y": -0.002971565816551447,
          "z": -0.008100050501525402
        },
        "scale": {
          "x": 1.0,
          "y": 1.0,
          "z": 1.0
        },
        "matrix_basis": [
          [
            0.9998511075973511,
            0.012602568604052067,
            -0.011786313727498055,
            0.0
          ],
          [
            -0.01723472774028778,
            0.6961256861686707,
            -0.7177130579948425,
            0.0
          ],
          [
            -0.0008402717649005353,
            0.7178093194961548,
            0.6962392330169678,
            0.0
          ],
          [
            0.0,
            0.0,
            0.0,
            1.0
          ]
        ],
        "rotation_mode": "QUATERNION"
      },
      "armature_space": {
        "head": {
          "x": 0.32029569149017334,
          "y": -0.4443061351776123,
          "z": 0.4679921865463257
        },
        "tail": {
          "x": 0.3173663020133972,
          "y": -0.4193953573703766,
          "z": 0.4530053436756134
        }
      },
      "world_space": {
        "head": {
          "x": 0.32029569149017334,
          "y": -0.3810621500015259,
          "z": 1.4178462028503418
        },
        "tail": {
          "x": 0.3173663020133972,
          "y": -0.3561513423919678,
          "z": 1.4028593301773071
        },
        "rotation_quaternion": {
          "w": 0.9603123664855957,
          "x": -0.26242247223854065,
          "y": -0.06389250606298447,
          "z": 0.06965991854667664
        },
        "matrix": [
          [
            0.9821304678916931,
            -0.10025690495967865,
            -0.15927430987358093,
            0.32029569149017334
          ],
          [
            0.16732437908649445,
            0.8525637984275818,
            0.4951139986515045,
            -0.3810621500015259
          ],
          [
            0.08615361899137497,
            -0.5129196047782898,
            0.8541107177734375,
            1.4178462028503418
          ],
          [
            0.0,
            0.0,
            0.0,
            1.0
          ]
        ]
      },
      "bone_length_armature_space": 0.0292187209570646,
      "parent": "index_02_l",
      "has_children": false,
      "is_end_bone": true
    },
    "metacarpal_pinky_l": {
      "name": "metacarpal_pinky_l",
      "local": {
        "location": {
          "x": 0.0,
          "y": 0.0,
          "z": 0.0
        },
        "rotation_quaternion": {
          "w": 0.9995145201683044,
          "x": -0.02904117852449417,
          "y": -0.004785933997482061,
          "z": 0.01022347342222929
        },
        "scale": {
          "x": 1.0,
          "y": 1.0,
          "z": 1.0
        },
        "matrix_basis": [
          [
            0.9997451305389404,
            -0.02015904150903225,
            -0.010161024518311024,
            0.0
          ],
          [
            0.020714998245239258,
            0.9981041550636292,
            0.05795630067586899,
            0.0
          ],
          [
            0.008973417803645134,
            -0.05815201625227928,
            0.998267412185669,
            0.0
          ],
          [
            0.0,
            0.0,
            0.0,
            1.0
          ]
        ],
        "rotation_mode": "QUATERNION"
      },
      "armature_space": {
        "head": {
          "x": 0.3413914740085602,
          "y": -0.31777408719062805,
          "z": 0.5441858172416687
        },
        "tail": {
          "x": 0.3790860176086426,
          "y": -0.4148411154747009,
          "z": 0.5447595119476318
        }
      },
      "world_space": {
        "head": {
          "x": 0.3413914740085602,
          "y": -0.25453007221221924,
          "z": 1.49403977394104
        },
        "tail": {
          "x": 0.3790860176086426,
          "y": -0.3515971302986145,
          "z": 1.494613528251648
        },
        "rotation_quaternion": {
          "w": 0.1700115203857422,
          "x": 0.3916613459587097,
          "y": 0.0708070769906044,
          "z": -0.901489794254303
        },
        "matrix": [
          [
            -0.635394811630249,
            0.3619924783706665,
            -0.6820811629295349,
            0.3413914740085602
          ],
          [
            -0.25106313824653625,
            -0.9321647882461548,
            -0.26083773374557495,
            -0.25453007221221924
          ],
          [
            -0.7302385568618774,
            0.005509506911039352,
            0.6831802129745483,
            1.49403977394104
          ],
          [
            0.0,
            0.0,
            0.0,
            1.0
          ]
        ]
      },
      "bone_length_armature_space": 0.1041307622470985,
      "parent": "lowerarm_l",
      "has_children": true,
      "is_end_bone": false
    },
    "pinky_01_l": {
      "name": "pinky_01_l",
      "local": {
        "location": {
          "x": 0.0,
          "y": 0.0,
          "z": 0.0
        },
        "rotation_quaternion": {
          "w": 0.9473851919174194,
          "x": 0.3195061683654785,
          "y": -0.015950048342347145,
          "z": -0.011081171222031116
        },
        "scale": {
          "x": 1.0,
          "y": 1.0,
          "z": 1.0
        },
        "matrix_basis": [
          [
            0.9992455840110779,
            0.01080399751663208,
            -0.03730268403887749,
            0.0
          ],
          [
            -0.03118855319917202,
            0.7955860495567322,
            -0.6050373315811157,
            0.0
          ],
          [
            0.023140674456954002,
            0.6057443022727966,
            0.795322835445404,
            0.0
          ],
          [
            0.0,
            0.0,
            0.0,
            1.0
          ]
        ],
        "rotation_mode": "QUATERNION"
      },
      "armature_space": {
        "head": {
          "x": 0.3790860176086426,
          "y": -0.4148411154747009,
          "z": 0.5447595119476318
        },
        "tail": {
