{
  "metadata": {
    "armature_name": "KIM_caucasian_male",
    "export_time": "2026-01-13T21:00:24.661682",
    "blender_version": "4.4.1",
    "bone_count": 56,
    "end_bone_count": 13,
    "spaces_included": [
      "LOCAL_CHANNELS",
      "ARMATURE_SPACE",
      "WORLD_SPACE"
    ],
    "note": "LOCAL matches Transform panel; replay pose via local.matrix_basis for best fidelity."
  },
  "bones": {
    "Root": {
      "name": "Root",
      "local": {
        "location": {
          "x": 0.0,
          "y": 0.0,
          "z": 0.0
        },
        "rotation_quaternion": {
          "w": 0.9995021820068359,
          "x": -0.005826457869261503,
          "y": 0.007882929407060146,
          "z": -0.029989400878548622
        },
        "scale": {
          "x": 1.0,
          "y": 1.0,
          "z": 1.0
        },
        "matrix_basis": [
          [
            0.9980769753456116,
            0.0598570853471756,
            0.016107473522424698,
            0.0
          ],
          [
            -0.060040801763534546,
            0.9981333613395691,
            0.011174306273460388,
            0.0
          ],
          [
            -0.015408546663820744,
            -0.01211992371827364,
            0.9998078346252441,
            0.0
          ],
          [
            0.0,
            0.0,
            0.0,
            1.0
          ]
        ],
        "rotation_mode": "QUATERNION"
      },
      "armature_space": {
        "head": {
          "x": 0.0,
          "y": 0.07072800397872925,
          "z": -0.009595036506652832
        },
        "tail": {
          "x": 0.004272351507097483,
          "y": 0.00024832040071487427,
          "z": 0.0008393125608563423
        }
      },
      "world_space": {
        "head": {
          "x": 0.0,
          "y": 0.13397200405597687,
          "z": 0.9402589797973633
        },
        "tail": {
          "x": 0.004272351507097483,
          "y": 0.0634923204779625,
          "z": 0.9506933093070984
        },
        "rotation_quaternion": {
          "w": 0.07314734160900116,
          "x": 0.9968389868736267,
          "y": 0.03045233152806759,
          "z": 0.005844698287546635
        },
        "matrix": [
          [
            0.9980769753456116,
            0.0598570853471756,
            0.016107473522424698,
            0.0
          ],
          [
            0.06156718730926514,
            -0.9874441623687744,
            -0.14547672867774963,
            0.13397200405597687
          ],
          [
            0.007197528146207333,
            0.14618875086307526,
            -0.9892376065254211,
            0.9402589797973633
          ],
          [
            0.0,
            0.0,
            0.0,
            1.0
          ]
        ]
      },
      "bone_length_armature_space": 0.0713758679832043,
      "parent": null,
      "has_children": true,
      "is_end_bone": false
    },
    "spine_01": {
      "name": "spine_01",
      "local": {
        "location": {
          "x": 0.0,
          "y": 0.0,
          "z": 0.0
        },
        "rotation_quaternion": {
          "w": 0.9960888624191284,
          "x": -0.010041383095085621,
          "y": -0.05449528992176056,
          "z": 0.0688224658370018
        },
        "scale": {
          "x": 1.0,
          "y": 1.0,
          "z": 1.0
        },
        "matrix_basis": [
          [
            0.9845874905586243,
            -0.13601216673851013,
            -0.10994644463062286,
            0.0
          ],
          [
            0.13820099830627441,
            0.9903252720832825,
            0.012503218837082386,
            0.0
          ],
          [
            0.10718216001987457,
            -0.027505220845341682,
            0.9938588738441467,
            0.0
          ],
          [
            0.0,
            0.0,
            0.0,
            1.0
          ]
        ],
        "rotation_mode": "QUATERNION"
      },
      "armature_space": {
        "head": {
          "x": 0.004272351507097483,
          "y": 0.00024832040071487427,
          "z": 0.0008393125608563423
        },
        "tail": {
          "x": -0.06800295412540436,
          "y": 0.0375899039208889,
          "z": 0.48201534152030945
        }
      },
      "world_space": {
        "head": {
          "x": 0.004272351507097483,
          "y": 0.0634923204779625,
          "z": 0.9506933093070984
        },
        "tail": {
          "x": -0.06800295412540436,
          "y": 0.10083390772342682,
          "z": 1.431869387626648
        },
        "rotation_quaternion": {
          "w": 0.7304443717002869,
          "x": 0.6784722805023193,
          "y": -0.06863322108983994,
          "z": 0.03763004019856453
        },
        "matrix": [
          [
            0.9877469539642334,
            -0.14810475707054138,
            -0.04920266941189766,
            0.004272351507097483
          ],
          [
            -0.038157135248184204,
            0.0765194445848465,
            -0.9963377714157104,
            0.0634923204779625
          ],
          [
            0.15132835507392883,
            0.9860139489173889,
            0.06993016600608826,
            0.9506933093070984
          ],
          [
            0.0,
            0.0,
            0.0,
            1.0
          ]
        ]
      },
      "bone_length_armature_space": 0.48800459176639455,
      "parent": "Root",
      "has_children": true,
      "is_end_bone": false
    },
    "neck_01": {
      "name": "neck_01",
      "local": {
        "location": {
          "x": 0.0,
          "y": 0.0,
          "z": 0.0
        },
        "rotation_quaternion": {
          "w": 0.9921571016311646,
          "x": 0.02732650749385357,
          "y": -0.07573806494474411,
          "z": 0.09561124444007874
        },
        "scale": {
          "x": 1.0,
          "y": 1.0,
          "z": 1.0
        },
        "matrix_basis": [
          [
            0.9702444672584534,
            -0.19386206567287445,
            -0.1450626701116562,
            0.0
          ],
          [
            0.1855834424495697,
            0.9802234768867493,
            -0.06870719790458679,
            0.0
          ],
          [
            0.15551355481147766,
            0.03974155709147453,
            0.987034022808075,
            0.0
          ],
          [
            0.0,
            0.0,
            0.0,
            1.0
          ]
        ],
        "rotation_mode": "QUATERNION"
      },
      "armature_space": {
        "head": {
          "x": -0.0805533230304718,
          "y": 0.008639104664325714,
          "z": 0.5566349625587463
        },
        "tail": {
          "x": -0.11579453945159912,
          "y": -0.025367505848407745,
          "z": 0.6467034816741943
        }
      },
      "world_space": {
        "head": {
          "x": -0.0805533230304718,
          "y": 0.07188310474157333,
          "z": 1.5064890384674072
        },
        "tail": {
          "x": -0.11579453945159912,
          "y": 0.037876494228839874,
          "z": 1.5965574979782104
        },
        "rotation_quaternion": {
          "w": 0.5492439866065979,
          "x": 0.8147225975990295,
          "y": -0.1802208423614502,
          "z": 0.045594461262226105
        },
        "matrix": [
          [
            0.9308828711509705,
            -0.3437451422214508,
            -0.12367825955152512,
            -0.0805533230304718
          ],
          [
            -0.2435765117406845,
            -0.3317027688026428,
            -0.911396861076355,
            0.07188310474157333
          ],
          [
            0.2722654938697815,
            0.8785344958305359,
            -0.39250820875167847,
            1.5064890384674072
          ],
          [
            0.0,
            0.0,
            0.0,
            1.0
          ]
        ]
      },
      "bone_length_armature_space": 0.10252185745310909,
      "parent": "spine_01",
      "has_children": true,
      "is_end_bone": false
    },
    "head": {
      "name": "head",
      "local": {
        "location": {
          "x": 0.0,
          "y": 0.0,
          "z": 0.0
        },
        "rotation_quaternion": {
          "w": 0.987443208694458,
          "x": 0.025491459295153618,
          "y": -0.1446230709552765,
          "z": 0.0582270547747612
        },
        "scale": {
          "x": 1.0,
          "y": 1.0,
          "z": 1.0
        },
        "matrix_basis": [
          [
            0.9513875842094421,
            -0.12236512452363968,
            -0.2826455533504486,
            0.0
          ],
          [
            0.10761851072311401,
            0.9919195771217346,
            -0.0671846866607666,
            0.0
          ],
          [
            0.2885827124118805,
            0.033500786870718,
            0.9568687081336975,
            0.0
          ],
          [
            0.0,
            0.0,
            0.0,
            1.0
          ]
        ],
        "rotation_mode": "QUATERNION"
      },
      "armature_space": {
        "head": {
          "x": -0.11579453200101852,
          "y": -0.025367625057697296,
          "z": 0.6467033624649048
        },
        "tail": {
          "x": -0.1772194504737854,
          "y": -0.022592995315790176,
          "z": 0.7890850305557251
        }
      },
      "world_space": {
        "head": {
          "x": -0.11579453200101852,
          "y": 0.037876375019550323,
          "z": 1.596557378768921
        },
        "tail": {
          "x": -0.1772194504737854,
          "y": 0.04065100476145744,
          "z": 1.7389390468597412
        },
        "rotation_quaternion": {
          "w": 0.6352689266204834,
          "x": 0.6992682814598083,
          "y": -0.32462018728256226,
          "z": -0.04559805989265442
        },
        "matrix": [
          [
            0.7850837707519531,
            -0.3960593342781067,
            -0.4762148857116699,
            -0.11579453200101852
          ],
          [
            -0.5119293928146362,
            0.017890430986881256,
            -0.8588415384292603,
            0.037876375019550323
          ],
          [
            0.34867385029792786,
            0.9180570840835571,
            -0.1887110024690628,
            1.596557378768921
          ],
          [
            0.0,
            0.0,
            0.0,
            1.0
          ]
        ]
      },
      "bone_length_armature_space": 0.1550911315283863,
      "parent": "neck_01",
      "has_children": false,
      "is_end_bone": true
    },
    "upperarm_l": {
      "name": "upperarm_l",
      "local": {
        "location": {
          "x": 0.0,
          "y": 0.0,
          "z": 0.0
        },
        "rotation_quaternion": {
          "w": 0.7373083829879761,
          "x": 0.18428391218185425,
          "y": 0.3273709714412689,
          "z": 0.5614659190177917
        },
        "scale": {
          "x": 1.0,
          "y": 1.0,
          "z": 1.0
        },
        "matrix_basis": [
          [
            0.1551685333251953,
            -0.7072886228561401,
            0.6896849870681763,
            0.0
          ],
          [
            0.948605477809906,
            0.3015909194946289,
            0.09586714208126068,
            0.0
          ],
          [
            -0.2758084535598755,
            0.6393634080886841,
            0.7177353501319885,
            0.0
          ],
          [
            0.0,
            0.0,
            0.0,
            1.0
          ]
        ],
        "rotation_mode": "QUATERNION"
      },
      "armature_space": {
        "head": {
          "x": 0.07740560173988342,
          "y": -0.005404610186815262,
          "z": 0.5132894515991211
        },
        "tail": {
          "x": 0.13231518864631653,
          "y": -0.16675689816474915,
          "z": 0.7200708389282227
        }
      },
      "world_space": {
        "head": {
          "x": 0.07740560173988342,
          "y": 0.05783938989043236,
          "z": 1.4631434679031372
        },
        "tail": {
          "x": 0.13231518864631653,
          "y": -0.10351289808750153,
          "z": 1.6699248552322388
        },
        "rotation_quaternion": {
          "w": 0.4260948896408081,
          "x": 0.8942888379096985,
          "y": 0.13182660937309265,
          "z": 0.036227185279130936
        },
        "matrix": [
          [
            0.9626185297966003,
            0.20490989089012146,
            0.17713703215122223,
            0.07740560173988342
          ],
          [
            0.2666551172733307,
            -0.6021294593811035,
            -0.7525526285171509,
            0.05783938989043236
          ],
          [
            -0.047546159476041794,
            0.7716602683067322,
            -0.6342662572860718,
            1.4631434679031372
          ],
          [
            0.0,
            0.0,
            0.0,
            1.0
          ]
        ]
      },
      "bone_length_armature_space": 0.2679704605609582,
      "parent": "spine_01",
      "has_children": true,
      "is_end_bone": false
    },
    "lowerarm_l": {
      "name": "lowerarm_l",
      "local": {
        "location": {
          "x": 0.0,
          "y": 0.0,
          "z": 0.0
        },
        "rotation_quaternion": {
          "w": 0.9772552251815796,
          "x": -0.00010722898878157139,
          "y": -0.004981086123734713,
          "z": 0.21200811862945557
        },
        "scale": {
          "x": 1.0,
          "y": 1.0,
          "z": 1.0
        },
        "matrix_basis": [
          [
            0.9100555181503296,
            -0.4143710136413574,
            -0.00978105142712593,
            0.0
          ],
          [
            0.41437315940856934,
            0.9101051092147827,
            -0.001902481191791594,
            0.0
          ],
          [
            0.00969011802226305,
            -0.0023216416593641043,
            0.9999503493309021,
            0.0
          ],
          [
            0.0,
            0.0,
            0.0,
            1.0
          ]
        ],
        "rotation_mode": "QUATERNION"
      },
      "armature_space": {
        "head": {
          "x": 0.13231509923934937,
          "y": -0.1667570173740387,
          "z": 0.7200708389282227
        },
        "tail": {
          "x": 0.060571976006031036,
          "y": -0.35094162821769714,
          "z": 0.900344729423523
        }
      },
      "world_space": {
        "head": {
          "x": 0.13231509923934937,
          "y": -0.10351301729679108,
          "z": 1.6699248552322388
        },
        "tail": {
          "x": 0.060571976006031036,
          "y": -0.28769761323928833,
          "z": 1.850198745727539
        },
        "rotation_quaternion": {
          "w": 0.37472355365753174,
          "x": 0.9171985983848572,
          "y": -0.12386804819107056,
          "z": 0.05464118346571922
        },
        "matrix": [
          [
            0.9633420705795288,
            -0.26817405223846436,
            0.007400378584861755,
            0.13231509923934937
          ],
          [
            -0.18627314269542694,
            -0.6884775757789612,
            -0.700928807258606,
            -0.10351301729679108
          ],
          [
            0.19306696951389313,
            0.6738595366477966,
            -0.7131985425949097,
            1.6699248552322388
          ],
          [
            0.0,
            0.0,
            0.0,
            1.0
          ]
        ]
      },
      "bone_length_armature_space": 0.2675251847473472,
      "parent": "upperarm_l",
      "has_children": true,
      "is_end_bone": false
    },
    "metacarpal_thumb_l": {
      "name": "metacarpal_thumb_l",
      "local": {
        "location": {
          "x": 0.0,
          "y": 0.0,
          "z": 0.0
        },
        "rotation_quaternion": {
          "w": 0.9997443556785583,
          "x": -0.009511045180261135,
          "y": 0.010173994116485119,
          "z": 0.01781284436583519
        },
        "scale": {
          "x": 1.0,
          "y": 1.0,
          "z": 1.0
        },
        "matrix_basis": [
          [
            0.9991583824157715,
            -0.035810112953186035,
            0.020003948360681534,
            0.0
          ],
          [
            0.035423051565885544,
            0.9991844892501831,
            0.01937968283891678,
            0.0
          ],
          [
            -0.020681623369455338,
            -0.018654771149158478,
            0.999612033367157,
            0.0
          ],
          [
            0.0,
            0.0,
            0.0,
            1.0
          ]
        ],
        "rotation_mode": "QUATERNION"
      },
      "armature_space": {
        "head": {
          "x": 0.060571976006031036,
          "y": -0.35094162821769714,
          "z": 0.900344729423523
        },
        "tail": {
          "x": 0.05827821046113968,
          "y": -0.4001230001449585,
          "z": 0.9057775139808655
        }
      },
      "world_space": {
        "head": {
          "x": 0.060571976006031036,
          "y": -0.28769761323928833,
          "z": 1.850198745727539
        },
        "tail": {
          "x": 0.05827821046113968,
          "y": -0.33687901496887207,
          "z": 1.8556315898895264
        },
        "rotation_quaternion": {
          "w": 0.053791344165802,
          "x": 0.6619410514831543,
          "y": 0.02573988027870655,
          "z": 0.7471801042556763
        },
        "matrix": [
          [
            -0.11788121610879898,
            -0.046307239681482315,
            0.9919473528862,
            0.060571976006031036
          ],
          [
            0.11446080356836319,
            -0.9928877353668213,
            -0.03274892643094063,
            -0.28769761323928833
          ],
          [
            0.9864158630371094,
            0.10967819392681122,
            0.12234391272068024,
            1.850198745727539
          ],
          [
            0.0,
            0.0,
            0.0,
            1.0
          ]
        ]
      },
      "bone_length_armature_space": 0.049533662797525205,
      "parent": "lowerarm_l",
      "has_children": true,
      "is_end_bone": false
    },
    "thumb_01_l": {
      "name": "thumb_01_l",
      "local": {
        "location": {
          "x": 0.0,
          "y": 0.0,
          "z": 0.0
        },
        "rotation_quaternion": {
          "w": 0.9997866749763489,
          "x": -0.008918259292840958,
          "y": -0.016286209225654602,
          "z": 0.009046031162142754
        },
        "scale": {
          "x": 1.0,
          "y": 1.0,
          "z": 1.0
        },
        "matrix_basis": [
          [
            0.9993058443069458,
            -0.017797714099287987,
            -0.032726820558309555,
            0.0
          ],
          [
            0.018378691747784615,
            0.9996772408485413,
            0.01753806322813034,
            0.0
          ],
          [
            0.03240412101149559,
            -0.01812736503779888,
            0.9993104338645935,
            0.0
          ],
          [
            0.0,
            0.0,
            0.0,
            1.0
          ]
        ],
        "rotation_mode": "QUATERNION"
      },
      "armature_space": {
        "head": {
          "x": 0.05827821046113968,
          "y": -0.4001230001449585,
          "z": 0.9057775139808655
        },
        "tail": {
          "x": 0.08318757265806198,
          "y": -0.42330461740493774,
          "z": 0.9066498279571533
        }
      },
      "world_space": {
        "head": {
          "x": 0.05827821046113968,
          "y": -0.33687901496887207,
          "z": 1.8556315898895264
        },
        "tail": {
          "x": 0.08318757265806198,
          "y": -0.3600606322288513,
          "z": 1.8565038442611694
        },
        "rotation_quaternion": {
          "w": 0.39895904064178467,
          "x": -0.008459504693746567,
          "y": -0.017658470198512077,
          "z": -0.9167596697807312
        },
        "matrix": [
          [
            -0.6815201044082642,
            0.7317979335784912,
            0.001420736312866211,
            0.05827821046113968
          ],
          [
            -0.7312001585960388,
            -0.6810396909713745,
            0.03912771865725517,
            -0.33687901496887207
          ],
          [
            0.0296005979180336,
            0.02562684938311577,
            0.9992401003837585,
            1.8556315898895264
          ],
          [
            0.0,
            0.0,
            0.0,
            1.0
          ]
        ]
      },
      "bone_length_armature_space": 0.034038575727882055,
      "parent": "metacarpal_thumb_l",
      "has_children": true,
      "is_end_bone": false
    },
    "thumb_02_l": {
      "name": "thumb_02_l",
      "local": {
        "location": {
          "x": 0.0,
          "y": 0.0,
          "z": 0.0
        },
        "rotation_quaternion": {
          "w": 0.994483470916748,
          "x": 0.10441548377275467,
          "y": -0.00824990775436163,
          "z": 0.005656638648360968
        },
        "scale": {
          "x": 1.0,
          "y": 1.0,
          "z": 1.0
        },
        "matrix_basis": [
          [
            0.999799907207489,
            -0.012973703444004059,
            -0.015227512456476688,
            0.0
          ],
          [
            0.009528030641376972,
            0.9781308174133301,
            -0.20777228474617004,
            0.0
          ],
          [
            0.017590075731277466,
            0.20758561789989471,
            0.9780586957931519,
            0.0
          ],
          [
            0.0,
            0.0,
            0.0,
            1.0
          ]
        ],
        "rotation_mode": "QUATERNION"
      },
      "armature_space": {
        "head": {
          "x": 0.08318758010864258,
          "y": -0.42330458760261536,
          "z": 0.9066497683525085
        },
        "tail": {
          "x": 0.07387343794107437,
          "y": -0.44994062185287476,
          "z": 0.9352322220802307
        }
      },
      "world_space": {
        "head": {
          "x": 0.08318758010864258,
          "y": -0.36006057262420654,
          "z": 1.8565037250518799
        },
        "tail": {
          "x": 0.07387343794107437,
          "y": -0.38669663667678833,
          "z": 1.8850862979888916
        },
        "rotation_quaternion": {
          "w": 0.08117907494306564,
          "x": 0.4484737515449524,
          "y": -0.40227195620536804,
          "z": -0.7940142750740051
        },
        "matrix": [
          [
            -0.5845637321472168,
            -0.2319004386663437,
            -0.7775006890296936,
            0.08318758010864258
          ],
          [
            -0.4897308945655823,
            -0.663175106048584,
            0.5660054683685303,
            -0.36006057262420654
          ],
          [
            -0.6468811631202698,
            0.7116366028785706,
            0.2741019129753113,
            1.8565037250518799
          ],
          [
            0.0,
            0.0,
            0.0,
            1.0
          ]
        ]
      },
      "bone_length_armature_space": 0.04016451500721278,
      "parent": "thumb_01_l",
      "has_children": true,
      "is_end_bone": false
    },
    "thumb_03_l": {
      "name": "thumb_03_l",
      "local": {
        "location": {
          "x": 0.0,
          "y": 0.0,
          "z": 0.0
        },
        "rotation_quaternion": {
          "w": 0.9982074499130249,
          "x": 0.05948377028107643,
          "y": -0.006561780348420143,
          "z": -0.0007488742121495306
        },
        "scale": {
          "x": 1.0,
          "y": 1.0,
          "z": 1.0
        },
        "matrix_basis": [
          [
            0.9999127388000488,
            0.0007144247647374868,
            -0.013189127668738365,
            0.0
          ],
          [
            -0.00227570254355669,
            0.9929222464561462,
            -0.11874445527791977,
            0.0
          ],
          [
            0.013010944239795208,
            0.11876410990953445,
            0.9928372502326965,
            0.0
          ],
          [
            0.0,
            0.0,
            0.0,
            1.0
          ]
        ],
        "rotation_mode": "QUATERNION"
      },
      "armature_space": {
        "head": {
          "x": 0.07387346774339676,
          "y": -0.44994065165519714,
          "z": 0.9352321624755859
        },
        "tail": {
          "x": 0.0605061799287796,
          "y": -0.4603461027145386,
          "z": 0.9605292081832886
        }
      },
      "world_space": {
        "head": {
          "x": 0.07387346774339676,
          "y": -0.38669663667678833,
          "z": 1.885086178779602
        },
        "tail": {
          "x": 0.0605061799287796,
          "y": -0.39710211753845215,
          "z": 1.9103832244873047
        },
        "rotation_quaternion": {
          "w": 0.14724037051200867,
          "x": 0.5557239651679993,
          "y": -0.5544623136520386,
          "z": -0.6017165780067444
        },
        "matrix": [
          [
            -0.33898288011550903,
            -0.43906518816947937,
            -0.8320531249046326,
            0.07387346774339676
          ],
          [
            -0.7934502363204956,
            -0.34178030490875244,
            0.5036097168922424,
            -0.38669663667678833
          ],
          [
            -0.5055012702941895,
            0.8309131860733032,
            -0.23251977562904358,
            1.885086178779602
          ],
          [
            0.0,
            0.0,
            0.0,
            1.0
          ]
        ]
      },
      "bone_length_armature_space": 0.030445004238282215,
      "parent": "thumb_02_l",
      "has_children": false,
      "is_end_bone": true
    },
    "metacarpal_index_l": {
      "name": "metacarpal_index_l",
      "local": {
        "location": {
          "x": 0.0,
          "y": 0.0,
          "z": 0.0
        },
        "rotation_quaternion": {
          "w": 0.997270405292511,
          "x": -0.07368014752864838,
          "y": -0.003634311258792877,
          "z": 0.0031396206468343735
        },
        "scale": {
          "x": 1.0,
          "y": 1.0,
          "z": 1.0
        },
        "matrix_basis": [
          [
            0.9999538660049438,
            -0.0057265483774244785,
            -0.007711437530815601,
            0.0
          ],
          [
            0.006797654554247856,
            0.989122748374939,
            0.14693523943424225,
            0.0
          ],
          [
            0.006786126643419266,
            -0.146980881690979,
            0.9891160726547241,
            0.0
          ],
          [
            0.0,
            0.0,
            0.0,
            1.0
          ]
        ],
        "rotation_mode": "QUATERNION"
      },
      "armature_space": {
        "head": {
          "x": 0.060571976006031036,
          "y": -0.35094162821769714,
          "z": 0.900344729423523
        },
        "tail": {
          "x": 0.022064507007598877,
          "y": -0.4463055729866028,
          "z": 0.9564886689186096
        }
      },
      "world_space": {
        "head": {
          "x": 0.060571976006031036,
          "y": -0.28769761323928833,
          "z": 1.850198745727539
        },
        "tail": {
          "x": 0.022064507007598877,
          "y": -0.38306158781051636,
          "z": 1.9063427448272705
        },
        "rotation_quaternion": {
          "w": 0.3046743869781494,
          "x": 0.8113215565681458,
          "y": -0.01526052225381136,
          "z": 0.4986964762210846
        },
        "matrix": [
          [
            0.5021387338638306,
            -0.32864126563072205,
            0.7999073266983032,
            0.060571976006031036
          ],
          [
            0.2791174352169037,
            -0.8138819336891174,
            -0.5095977783203125,
            -0.28769761323928833
          ],
          [
            0.8185107111930847,
            0.4791591763496399,
            -0.3169548511505127,
            1.850198745727539
          ],
          [
            0.0,
            0.0,
            0.0,
            1.0
          ]
        ]
      },
      "bone_length_armature_space": 0.11717187906500649,
      "parent": "lowerarm_l",
      "has_children": true,
      "is_end_bone": false
    },
    "index_01_l": {
      "name": "index_01_l",
      "local": {
        "location": {
          "x": 0.0,
          "y": 0.0,
          "z": 0.0
        },
        "rotation_quaternion": {
          "w": 0.989962100982666,
          "x": -0.13937027752399445,
          "y": -0.020734764635562897,
          "z": -0.011004259809851646
        },
        "scale": {
          "x": 1.0,
          "y": 1.0,
          "z": 1.0
        },
        "matrix_basis": [
          [
            0.9988979697227478,
            0.027567220851778984,
            -0.03798592835664749,
            0.0
          ],
          [
            -0.016007980331778526,
            0.9609096646308899,
            0.2763989269733429,
            0.0
          ],
          [
            0.04412059485912323,
            -0.2754862308502197,
            0.9602919816970825,
            0.0
          ],
          [
            0.0,
            0.0,
            0.0,
            1.0
          ]
        ],
        "rotation_mode": "QUATERNION"
      },
      "armature_space": {
        "head": {
          "x": 0.022064507007598877,
          "y": -0.4463055729866028,
          "z": 0.9564886689186096
        },
        "tail": {
          "x": 0.009827173314988613,
          "y": -0.45749223232269287,
          "z": 0.9796874523162842
        }
      },
      "world_space": {
        "head": {
          "x": 0.022064507007598877,
          "y": -0.38306158781051636,
          "z": 1.9063427448272705
        },
        "tail": {
          "x": 0.009827173314988613,
          "y": -0.39424824714660645,
          "z": 1.9295414686203003
        },
        "rotation_quaternion": {
          "w": 0.5499938726425171,
          "x": 0.7104007005691528,
          "y": 0.03672802075743675,
          "z": 0.4375942647457123
        },
        "matrix": [
          [
            0.6143262982368469,
            -0.42916375398635864,
            0.6621342897415161,
            0.022064507007598877
          ],
          [
            0.5335299968719482,
            -0.3923167586326599,
            -0.74928879737854,
            -0.38306158781051636
          ],
          [
            0.5813383460044861,
            0.8135811686515808,
            -0.012039721012115479,
            1.9063427448272705
          ],
          [
            0.0,
            0.0,
            0.0,
            1.0
          ]
        ]
      },
      "bone_length_armature_space": 0.028514509166970677,
      "parent": "metacarpal_index_l",
      "has_children": true,
      "is_end_bone": false
    },
    "index_02_l": {
      "name": "index_02_l",
      "local": {
        "location": {
          "x": 0.0,
          "y": 0.0,
          "z": 0.0
        },
        "rotation_quaternion": {
          "w": 0.9989153146743774,
          "x": 0.046302877366542816,
          "y": 0.0018606227822601795,
          "z": -0.004570567049086094
        },
        "scale": {
          "x": 1.0,
          "y": 1.0,
          "z": 1.0
        },
        "matrix_basis": [
          [
            0.9999513030052185,
            0.009303523227572441,
            0.003293948480859399,
            0.0
          ],
          [
            -0.008958914317190647,
            0.9956703186035156,
            -0.09252231568098068,
            0.0
          ],
          [
            -0.004140470176935196,
            0.09248829632997513,
            0.9957051873207092,
            0.0
          ],
          [
            0.0,
            0.0,
            0.0,
            1.0
          ]
        ],
        "rotation_mode": "QUATERNION"
      },
      "armature_space": {
        "head": {
          "x": 0.00982707366347313,
          "y": -0.45749273896217346,
          "z": 0.9796875715255737
        },
        "tail": {
          "x": 0.0003751106560230255,
          "y": -0.4681883454322815,
          "z": 1.0010032653808594
        }
      },
      "world_space": {
        "head": {
          "x": 0.00982707366347313,
          "y": -0.39424872398376465,
          "z": 1.9295415878295898
        },
        "tail": {
          "x": 0.0003751106560230255,
          "y": -0.40494436025619507,
          "z": 1.9508572816848755
        },
        "rotation_quaternion": {
          "w": 0.5380890965461731,
          "x": 0.7385776042938232,
          "y": 0.04467569664120674,
          "z": 0.4036923348903656
        },
        "matrix": [
          [
            0.6700746417045593,
            -0.3684506416320801,
            0.6443944573402405,
            0.00982707366347313
          ],
          [
            0.5004363059997559,
            -0.4169296324253082,
            -0.7587711811065674,
            -0.39424872398376465
          ],
          [
            0.5482409596443176,
            0.8309165239334106,
            -0.09498940408229828,
            1.9295415878295898
          ],
          [
            0.0,
            0.0,
            0.0,
            1.0
          ]
        ]
      },
      "bone_length_armature_space": 0.025653350995606804,
      "parent": "index_01_l",
      "has_children": true,
      "is_end_bone": false
    },
    "index_03_l": {
      "name": "index_03_l",
      "local": {
        "location": {
          "x": 0.0,
          "y": 0.0,
          "z": 0.0
        },
        "rotation_quaternion": {
          "w": 0.9999479651451111,
          "x": 0.00892686378210783,
          "y": 0.0007505202083848417,
          "z": 0.004896832164376974
        },
        "scale": {
          "x": 1.0,
          "y": 1.0,
          "z": 1.0
        },
        "matrix_basis": [
          [
            0.9999508857727051,
            -0.009779755026102066,
            0.0015883890446275473,
            0.0
          ],
          [
            0.009806554764509201,
            0.9997926354408264,
            -0.01784544810652733,
            0.0
          ],
          [
            -0.0014135355595499277,
            0.01786014810204506,
            0.9998394846916199,
            0.0
          ],
          [
            0.0,
            0.0,
            0.0,
            1.0
          ]
        ],
        "rotation_mode": "QUATERNION"
      },
      "armature_space": {
        "head": {
          "x": 0.0003750072792172432,
          "y": -0.46818822622299194,
          "z": 1.0010032653808594
        },
        "tail": {
          "x": -0.006677995435893536,
          "y": -0.48141908645629883,
          "z": 1.026081919670105
        }
      },
      "world_space": {
        "head": {
          "x": 0.0003750072792172432,
          "y": -0.4049442410469055,
          "z": 1.9508572816848755
        },
        "tail": {
          "x": -0.006677995435893536,
          "y": -0.4181751012802124,
          "z": 1.975935935974121
        },
        "rotation_quaternion": {
          "w": 0.5102782249450684,
          "x": 0.7497265338897705,
          "y": 0.1149151623249054,
          "z": 0.4053651690483093
        },
        "matrix": [
          [
            0.6449485421180725,
            -0.24138674139976501,
            0.7251026630401611,
            0.0003750072792172432
          ],
          [
            0.5860069394111633,
            -0.4528220593929291,
            -0.6719735860824585,
            -0.4049442410469055
          ],
          [
            0.49055182933807373,
            0.8583084940910339,
            -0.15059439837932587,
            1.9508572816848755
          ],
          [
            0.0,
            0.0,
            0.0,
            1.0
          ]
        ]
      },
      "bone_length_armature_space": 0.029218819567621766,
      "parent": "index_02_l",
      "has_children": false,
      "is_end_bone": true
    },
    "metacarpal_pinky_l": {
      "name": "metacarpal_pinky_l",
      "local": {
        "location": {
          "x": 0.0,
          "y": 0.0,
          "z": 0.0
        },
        "rotation_quaternion": {
          "w": 0.9998701810836792,
          "x": -0.010917430743575096,
          "y": -0.008769234642386436,
          "z": -0.007971128448843956
        },
        "scale": {
          "x": 1.0,
          "y": 1.0,
          "z": 1.0
        },
        "matrix_basis": [
          [
            0.9997191429138184,
            0.01613166183233261,
            -0.017362143844366074,
            0.0
          ],
          [
            -0.01574871316552162,
            0.9996345639228821,
            0.021971827372908592,
            0.0
          ],
          [
            0.017710240557789803,
            -0.021692225709557533,
            0.9996078014373779,
            0.0
          ],
          [
            0.0,
            0.0,
            0.0,
            1.0
          ]
        ],
        "rotation_mode": "QUATERNION"
      },
      "armature_space": {
        "head": {
          "x": 0.060571976006031036,
          "y": -0.35094162821769714,
          "z": 0.900344729423523
        },
        "tail": {
          "x": 0.036735277622938156,
          "y": -0.3985377848148346,
          "z": 0.989841878414154
        }
      },
      "world_space": {
        "head": {
          "x": 0.060571976006031036,
          "y": -0.28769761323928833,
          "z": 1.850198745727539
        },
        "tail": {
          "x": 0.036735277622938156,
          "y": -0.3352937698364258,
          "z": 1.9396958351135254
        },
        "rotation_quaternion": {
          "w": 0.3295281231403351,
          "x": 0.6918137669563293,
          "y": -0.4035721719264984,
          "z": -0.49993449449539185
        },
        "matrix": [
          [
            0.1743902713060379,
            -0.22891120612621307,
            -0.957699179649353,
            0.060571976006031036
          ],
          [
            -0.8878791928291321,
            -0.45708054304122925,
            -0.052424151450395584,
            -0.28769761323928833
          ],
          [
            -0.4257490038871765,
            0.8594686985015869,
            -0.2829577624797821,
            1.850198745727539
          ],
          [
            0.0,
            0.0,
            0.0,
            1.0
          ]
        ]
      },
      "bone_length_armature_space": 0.10413127110918691,
      "parent": "lowerarm_l",
      "has_children": true,
      "is_end_bone": false
    },
    "pinky_01_l": {
      "name": "pinky_01_l",
      "local": {
        "location": {
          "x": 0.0,
          "y": 0.0,
          "z": 0.0
        },
        "rotation_quaternion": {
          "w": 0.9585952758789062,
          "x": 0.2847319543361664,
          "y": 0.00014407881826628,
          "z": -0.004790697246789932
        },
        "scale": {
          "x": 1.0,
          "y": 1.0,
          "z": 1.0
        },
        "matrix_basis": [
          [
            0.9999540448188782,
            0.009266727603971958,
            -0.0024519027210772038,
            0.0
          ],
          [
            -0.009102631360292435,
            0.8378095030784607,
            -0.5458868145942688,
            0.0
          ],
          [
            -0.0030043558217585087,
            0.5458840131759644,
            0.8378553986549377,
            0.0
          ],
          [
            0.0,
            0.0,
            0.0,
            1.0
          ]
        ],
        "rotation_mode": "QUATERNION"
      },
      "armature_space": {
        "head": {
          "x": 0.036735277622938156,
          "y": -0.3985377848148346,
