{
  "metadata": {
    "armature_name": "KIM_caucasian_male",
    "export_time": "2026-01-13T19:11:07.358901",
    "blender_version": "4.4.1",
    "bone_count": 56,
    "end_bone_count": 13,
    "spaces_included": [
      "LOCAL_CHANNELS",
      "ARMATURE_SPACE",
      "WORLD_SPACE"
    ],
    "note": "LOCAL matches Transform panel; replay pose via local.matrix_basis for best fidelity."
  },
  "bones": {
    "Root": {
      "name": "Root",
      "local": {
        "location": {
          "x": 0.0,
          "y": 0.0,
          "z": 0.0
        },
        "rotation_quaternion": {
          "w": 0.9996000528335571,
          "x": -0.010684861801564693,
          "y": -0.0001264735183212906,
          "z": -0.026184845715761185
        },
        "scale": {
          "x": 1.0,
          "y": 1.0,
          "z": 1.0
        },
        "matrix_basis": [
          [
            0.9986286759376526,
            0.0523514486849308,
            0.00030671703279949725,
            0.0
          ],
          [
            -0.05234604328870773,
            0.9984003901481628,
            0.02136779949069023,
            0.0
          ],
          [
            0.0008124088053591549,
            -0.02135455422103405,
            0.9997716546058655,
            0.0
          ],
          [
            0.0,
            0.0,
            0.0,
            1.0
          ]
        ],
        "rotation_mode": "QUATERNION"
      },
      "armature_space": {
        "head": {
          "x": 0.0,
          "y": 0.07072800397872925,
          "z": -0.009595036506652832
        },
        "tail": {
          "x": 0.003736630082130432,
          "y": 0.00031803548336029053,
          "z": 0.001495026983320713
        }
      },
      "world_space": {
        "head": {
          "x": 0.0,
          "y": 0.13397200405597687,
          "z": 0.9402589797973633
        },
        "tail": {
          "x": 0.003736630082130432,
          "y": 0.06356203556060791,
          "z": 0.9513490200042725
        },
        "rotation_quaternion": {
          "w": 0.07800129801034927,
          "x": 0.9966093301773071,
          "y": 0.026116838678717613,
          "z": -0.0018902061274275184
        },
        "matrix": [
          [
            0.9986286759376526,
            0.0523514486849308,
            0.00030671703279949725,
            0.0
          ],
          [
            0.051761697977781296,
            -0.9864674210548401,
            -0.15557284653186798,
            0.13397200405597687
          ],
          [
            -0.007841902785003185,
            0.15537552535533905,
            -0.9878314733505249,
            0.9402589797973633
          ],
          [
            0.0,
            0.0,
            0.0,
            1.0
          ]
        ]
      },
      "bone_length_armature_space": 0.07137587566682752,
      "parent": null,
      "has_children": true,
      "is_end_bone": false
    },
    "spine_01": {
      "name": "spine_01",
      "local": {
        "location": {
          "x": 0.0,
          "y": 0.0,
          "z": 0.0
        },
        "rotation_quaternion": {
          "w": 0.9973660707473755,
          "x": 0.05267450585961342,
          "y": 0.0013309658970683813,
          "z": 0.049847207963466644
        },
        "scale": {
          "x": 1.0,
          "y": 1.0,
          "z": 1.0
        },
        "matrix_basis": [
          [
            0.9950269460678101,
            -0.0992916151881218,
            0.007906274870038033,
            0.0
          ],
          [
            0.09957204014062881,
            0.9894813299179077,
            -0.10493884235620499,
            0.0
          ],
          [
            0.0025964337401092052,
            0.10520421713590622,
            0.9944472312927246,
            0.0
          ],
          [
            0.0,
            0.0,
            0.0,
            1.0
          ]
        ],
        "rotation_mode": "QUATERNION"
      },
      "armature_space": {
        "head": {
          "x": 0.003736630082130432,
          "y": 0.00031803548336029053,
          "z": 0.001495026983320713
        },
        "tail": {
          "x": -0.03989645466208458,
          "y": -0.020413963124155998,
          "z": 0.487102746963501
        }
      },
      "world_space": {
        "head": {
          "x": 0.003736630082130432,
          "y": 0.06356203556060791,
          "z": 0.9513490200042725
        },
        "tail": {
          "x": -0.03989645466208458,
          "y": 0.04283003509044647,
          "z": 1.436956763267517
        },
        "rotation_quaternion": {
          "w": 0.6918245553970337,
          "x": 0.7200638651847839,
          "y": -0.011701702140271664,
          "z": 0.05244096368551254
        },
        "matrix": [
          [
            0.9942260384559631,
            -0.08941183239221573,
            0.05932997539639473,
            0.003736630082130432
          ],
          [
            0.05570732802152634,
            -0.04248349741101265,
            -0.9975429773330688,
            0.06356203556060791
          ],
          [
            0.09171337634325027,
            0.9950952529907227,
            -0.03725849837064743,
            0.9513490200042725
          ],
          [
            0.0,
            0.0,
            0.0,
            1.0
          ]
        ]
      },
      "bone_length_armature_space": 0.48800462734072014,
      "parent": "Root",
      "has_children": true,
      "is_end_bone": false
    },
    "neck_01": {
      "name": "neck_01",
      "local": {
        "location": {
          "x": 0.0,
          "y": 0.0,
          "z": 0.0
        },
        "rotation_quaternion": {
          "w": 0.9862836599349976,
          "x": -0.1385575532913208,
          "y": 0.025948576629161835,
          "z": 0.08586634695529938
        },
        "scale": {
          "x": 1.0,
          "y": 1.0,
          "z": 1.0
        },
        "matrix_basis": [
          [
            0.9839072823524475,
            -0.1765678972005844,
            0.027390452101826668,
            0.0
          ],
          [
            0.1621864140033722,
            0.9468575716018677,
            0.2777703106403351,
            0.0
          ],
          [
            -0.07498017698526382,
            -0.2688578963279724,
            0.9602569341659546,
            0.0
          ],
          [
            0.0,
            0.0,
            0.0,
            1.0
          ]
        ],
        "rotation_mode": "QUATERNION"
      },
      "armature_space": {
        "head": {
          "x": -0.04438546299934387,
          "y": -0.0581197664141655,
          "z": 0.558669924736023
        },
        "tail": {
          "x": -0.07062771171331406,
          "y": -0.07470966130495071,
          "z": 0.6563780307769775
        }
      },
      "world_space": {
        "head": {
          "x": -0.04438546299934387,
          "y": 0.005124233663082123,
          "z": 1.508523941040039
        },
        "tail": {
          "x": -0.07062771171331406,
          "y": -0.011465661227703094,
          "z": 1.6062320470809937
        },
        "rotation_quaternion": {
          "w": 0.6438659429550171,
          "x": 0.7526485919952393,
          "y": -0.06728343665599823,
          "z": 0.12012360244989395
        },
        "matrix": [
          [
            0.9620866179466248,
            -0.2559686601161957,
            0.09417716413736343,
            -0.04438546299934387
          ],
          [
            0.05340391770005226,
            -0.16181893646717072,
            -0.9853745698928833,
            0.005124233663082123
          ],
          [
            0.26746654510498047,
            0.9530515074729919,
            -0.14201614260673523,
            1.508523941040039
          ],
          [
            0.0,
            0.0,
            0.0,
            1.0
          ]
        ]
      },
      "bone_length_armature_space": 0.10252196986923993,
      "parent": "spine_01",
      "has_children": true,
      "is_end_bone": false
    },
    "head": {
      "name": "head",
      "local": {
        "location": {
          "x": 0.0,
          "y": 0.0,
          "z": 0.0
        },
        "rotation_quaternion": {
          "w": 0.9973470568656921,
          "x": -0.062080834060907364,
          "y": -0.0019133301684632897,
          "z": -0.03796461597084999
        },
        "scale": {
          "x": 1.0,
          "y": 1.0,
          "z": 1.0
        },
        "matrix_basis": [
          [
            0.9971100687980652,
            0.07596535980701447,
            0.0008972416399046779,
            0.0
          ],
          [
            -0.07549023628234863,
            0.989409327507019,
            0.12397754937410355,
            0.0
          ],
          [
            0.00853025820106268,
            -0.12368699908256531,
            0.9922845959663391,
            0.0
          ],
          [
            0.0,
            0.0,
            0.0,
            1.0
          ]
        ],
        "rotation_mode": "QUATERNION"
      },
      "armature_space": {
        "head": {
          "x": -0.07062767446041107,
          "y": -0.07470980286598206,
          "z": 0.6563779711723328
        },
        "tail": {
          "x": -0.10108757764101028,
          "y": -0.023861370980739594,
          "z": 0.7996954917907715
        }
      },
      "world_space": {
        "head": {
          "x": -0.07062767446041107,
          "y": -0.011465802788734436,
          "z": 1.606231927871704
        },
        "tail": {
          "x": -0.10108757764101028,
          "y": 0.039382629096508026,
          "z": 1.7495495080947876
        },
        "rotation_quaternion": {
          "w": 0.8114760518074036,
          "x": 0.5756286382675171,
          "y": -0.07374376058578491,
          "z": 0.06870383024215698
        },
        "matrix": [
          [
            0.9796832799911499,
            -0.1964011788368225,
            -0.040585752576589584,
            -0.07062767446041107
          ],
          [
            0.026606161147356033,
            0.32786357402801514,
            -0.9443506002426147,
            -0.011465802788734436
          ],
          [
            0.19877950847148895,
            0.9240913987159729,
            0.32642918825149536,
            1.606231927871704
          ],
          [
            0.0,
            0.0,
            0.0,
            1.0
          ]
        ]
      },
      "bone_length_armature_space": 0.1550911999437592,
      "parent": "neck_01",
      "has_children": false,
      "is_end_bone": true
    },
    "upperarm_l": {
      "name": "upperarm_l",
      "local": {
        "location": {
          "x": 0.0,
          "y": 0.0,
          "z": 0.0
        },
        "rotation_quaternion": {
          "w": 0.9580748081207275,
          "x": 0.27062296867370605,
          "y": 0.09377683699131012,
          "z": -0.007859284989535809
        },
        "scale": {
          "x": 1.0,
          "y": 1.0,
          "z": 1.0
        },
        "matrix_basis": [
          [
            0.9822883009910583,
            0.06581589579582214,
            0.17543664574623108,
            0.0
          ],
          [
            0.03569676727056503,
            0.853402853012085,
            -0.5200281143188477,
            0.0
          ],
          [
            -0.18394425511360168,
            0.5170800685882568,
            0.8359382152557373,
            0.0
          ],
          [
            0.0,
            0.0,
            0.0,
            1.0
          ]
        ],
        "rotation_mode": "QUATERNION"
      },
      "armature_space": {
        "head": {
          "x": 0.11094681918621063,
          "y": -0.05008973926305771,
          "z": 0.5054299831390381
        },
        "tail": {
          "x": 0.35298770666122437,
          "y": -0.16470377147197723,
          "z": 0.4960789382457733
        }
      },
      "world_space": {
        "head": {
          "x": 0.11094681918621063,
          "y": 0.013154260814189911,
          "z": 1.4552839994430542
        },
        "tail": {
          "x": 0.35298770666122437,
          "y": -0.10145977139472961,
          "z": 1.4459329843521118
        },
        "rotation_quaternion": {
          "w": 0.31340011954307556,
          "x": 0.6650866866111755,
          "y": 0.43350091576576233,
          "z": -0.5210731029510498
        },
        "matrix": [
          [
            0.08111865073442459,
            0.9032407402992249,
            -0.42139750719070435,
            0.11094681918621063
          ],
          [
            0.2500225007534027,
            -0.4277130961418152,
            -0.8686487078666687,
            0.013154260814189911
          ],
          [
            -0.9648426175117493,
            -0.03489593416452408,
            -0.2605286240577698,
            1.4552839994430542
          ],
          [
            0.0,
            0.0,
            0.0,
            1.0
          ]
        ]
      },
      "bone_length_armature_space": 0.2679694217064691,
      "parent": "spine_01",
      "has_children": true,
      "is_end_bone": false
    },
    "lowerarm_l": {
      "name": "lowerarm_l",
      "local": {
        "location": {
          "x": 0.0,
          "y": 0.0,
          "z": 0.0
        },
        "rotation_quaternion": {
          "w": 0.8255994915962219,
          "x": 0.5122238993644714,
          "y": -0.15324623882770538,
          "z": 0.18035466969013214
        },
        "scale": {
          "x": 1.0,
          "y": 1.0,
          "z": 1.0
        },
        "matrix_basis": [
          [
            0.8879755735397339,
            -0.4547942280769348,
            -0.06827609241008759,
            0.0
          ],
          [
            0.14080867171287537,
            0.41019773483276367,
            -0.901060938835144,
            0.0
          ],
          [
            0.4378039836883545,
            0.7905062437057495,
            0.42828452587127686,
            0.0
          ],
          [
            0.0,
            0.0,
            0.0,
            1.0
          ]
        ],
        "rotation_mode": "QUATERNION"
      },
      "armature_space": {
        "head": {
          "x": 0.35298776626586914,
          "y": -0.1647038757801056,
          "z": 0.49607905745506287
        },
        "tail": {
          "x": 0.32322216033935547,
          "y": -0.4127073884010315,
          "z": 0.5918794870376587
        }
      },
      "world_space": {
        "head": {
          "x": 0.35298776626586914,
          "y": -0.10145987570285797,
          "z": 1.4459331035614014
        },
        "tail": {
          "x": 0.32322216033935547,
          "y": -0.34946340322494507,
          "z": 1.5417335033416748
        },
        "rotation_quaternion": {
          "w": 0.08585724234580994,
          "x": 0.6815198659896851,
          "y": -0.17062555253505707,
          "z": -0.7064319252967834
        },
        "matrix": [
          [
            -0.05631878972053528,
            -0.11126306653022766,
            -0.9921938180923462,
            0.35298776626586914
          ],
          [
            -0.3538745641708374,
            -0.9270310997962952,
            0.12404221296310425,
            -0.10145987570285797
          ],
          [
            -0.9336026906967163,
            0.35809966921806335,
            0.012836374342441559,
            1.4459331035614014
          ],
          [
            0.0,
            0.0,
            0.0,
            1.0
          ]
        ]
      },
      "bone_length_armature_space": 0.2675246824674909,
      "parent": "upperarm_l",
      "has_children": true,
      "is_end_bone": false
    },
    "metacarpal_thumb_l": {
      "name": "metacarpal_thumb_l",
      "local": {
        "location": {
          "x": 0.0,
          "y": 0.0,
          "z": 0.0
        },
        "rotation_quaternion": {
          "w": 0.9994064569473267,
          "x": -0.0322212390601635,
          "y": -0.010918785817921162,
          "z": -0.00543441204354167
        },
        "scale": {
          "x": 1.0,
          "y": 1.0,
          "z": 1.0
        },
        "matrix_basis": [
          [
            0.999702513217926,
            0.01156600657850504,
            -0.021474402397871017,
            0.0
          ],
          [
            -0.010158739052712917,
            0.9978645443916321,
            0.06452289968729019,
            0.0
          ],
          [
            0.022174816578626633,
            -0.06428555399179459,
            0.9976851344108582,
            0.0
          ],
          [
            0.0,
            0.0,
            0.0,
            1.0
          ]
        ],
        "rotation_mode": "QUATERNION"
      },
      "armature_space": {
        "head": {
          "x": 0.32322216033935547,
          "y": -0.4127073884010315,
          "z": 0.5918794870376587
        },
        "tail": {
          "x": 0.2899082899093628,
          "y": -0.44821441173553467,
          "z": 0.6009911894798279
        }
      },
      "world_space": {
        "head": {
          "x": 0.32322216033935547,
          "y": -0.34946340322494507,
          "z": 1.5417335033416748
        },
        "tail": {
          "x": 0.2899082899093628,
          "y": -0.38497042655944824,
          "z": 1.5508451461791992
        },
        "rotation_quaternion": {
          "w": 0.10659271478652954,
          "x": 0.9263161420822144,
          "y": -0.3608670234680176,
          "z": 0.018744980916380882
        },
        "matrix": [
          [
            0.7388471364974976,
            -0.6725500226020813,
            -0.04220441356301308,
            0.32322216033935547
          ],
          [
            -0.6645578145980835,
            -0.7168259024620056,
            -0.21100637316703796,
            -0.34946340322494507
          ],
          [
            0.11165924370288849,
            0.1839493215084076,
            -0.9765802025794983,
            1.5417335033416748
          ],
          [
            0.0,
            0.0,
            0.0,
            1.0
          ]
        ]
      },
      "bone_length_armature_space": 0.04953368307740429,
      "parent": "lowerarm_l",
      "has_children": true,
      "is_end_bone": false
    },
    "thumb_01_l": {
      "name": "thumb_01_l",
      "local": {
        "location": {
          "x": 0.0,
          "y": 0.0,
          "z": 0.0
        },
        "rotation_quaternion": {
          "w": 0.9981523752212524,
          "x": 0.05259298160672188,
          "y": 0.022151226177811623,
          "z": 0.02086019329726696
        },
        "scale": {
          "x": 1.0,
          "y": 1.0,
          "z": 1.0
        },
        "matrix_basis": [
          [
            0.9981483221054077,
            -0.03931330516934395,
            0.04641479626297951,
            0.0
          ],
          [
            0.043973300606012344,
            0.993597686290741,
            -0.10406745970249176,
            0.0
          ],
          [
            -0.042026396840810776,
            0.10591577738523483,
            0.9934865832328796,
            0.0
          ],
          [
            0.0,
            0.0,
            0.0,
            1.0
          ]
        ],
        "rotation_mode": "QUATERNION"
      },
      "armature_space": {
        "head": {
          "x": 0.2899082899093628,
          "y": -0.44821441173553467,
          "z": 0.6009911894798279
        },
        "tail": {
          "x": 0.2738760709762573,
          "y": -0.468924343585968,
          "z": 0.5792495608329773
        }
      },
      "world_space": {
        "head": {
          "x": 0.2899082899093628,
          "y": -0.38497042655944824,
          "z": 1.5508451461791992
        },
        "tail": {
          "x": 0.2738760709762573,
          "y": -0.4056803584098816,
          "z": 1.5291035175323486
        },
        "rotation_quaternion": {
          "w": 0.028693020343780518,
          "x": 0.4843076765537262,
          "y": -0.44154834747314453,
          "z": 0.7547567486763
        },
        "matrix": [
          [
            -0.5292468070983887,
            -0.471001535654068,
            0.7057301998138428,
            0.2899082899093628
          ],
          [
            -0.38437619805336,
            -0.6084255576133728,
            -0.6943151950836182,
            -0.38497042655944824
          ],
          [
            0.7564125657081604,
            -0.6387352347373962,
            0.14096583425998688,
            1.5508451461791992
          ],
          [
            0.0,
            0.0,
            0.0,
            1.0
          ]
        ]
      },
      "bone_length_armature_space": 0.03403868029125716,
      "parent": "metacarpal_thumb_l",
      "has_children": true,
      "is_end_bone": false
    },
    "thumb_02_l": {
      "name": "thumb_02_l",
      "local": {
        "location": {
          "x": 0.0,
          "y": 0.0,
          "z": 0.0
        },
        "rotation_quaternion": {
          "w": 0.9927459955215454,
          "x": 0.11971965432167053,
          "y": 0.010965912602841854,
          "z": 0.0015897855628281832
        },
        "scale": {
          "x": 1.0,
          "y": 1.0,
          "z": 1.0
        },
        "matrix_basis": [
          [
            0.9997544288635254,
            -0.0005308359977789223,
            0.02215338870882988,
            0.0
          ],
          [
            0.005782177206128836,
            0.9713293313980103,
            -0.23766754567623138,
            0.0
          ],
          [
            -0.02139207534492016,
            0.2377372831106186,
            0.9710938930511475,
            0.0
          ],
          [
            0.0,
            0.0,
            0.0,
            1.0
          ]
        ],
        "rotation_mode": "QUATERNION"
      },
      "armature_space": {
        "head": {
          "x": 0.2738760709762573,
          "y": -0.46892431378364563,
          "z": 0.5792495608329773
        },
        "tail": {
          "x": 0.273800790309906,
          "y": -0.5050604343414307,
          "z": 0.5967811346054077
        }
      },
      "world_space": {
        "head": {
          "x": 0.2738760709762573,
          "y": -0.4056802988052368,
          "z": 1.5291035175323486
        },
        "tail": {
          "x": 0.273800790309906,
          "y": -0.44181644916534424,
          "z": 1.5466351509094238
        },
        "rotation_quaternion": {
          "w": 0.06624441593885422,
          "x": 0.2843066453933716,
          "y": 0.2139129936695099,
          "z": 0.9322139024734497
        },
        "matrix": [
          [
            -0.8295628428459167,
            -0.0018744468688964844,
            0.5584100484848022,
            0.2738760709762573
          ],
          [
            0.245141863822937,
            -0.8997058868408203,
            0.3611578345298767,
            -0.4056802988052368
          ],
          [
            0.5017315745353699,
            0.4364948272705078,
            0.7468277215957642,
            1.5291035175323486
          ],
          [
            0.0,
            0.0,
            0.0,
            1.0
          ]
        ]
      },
      "bone_length_armature_space": 0.04016442442030946,
      "parent": "thumb_01_l",
      "has_children": true,
      "is_end_bone": false
    },
    "thumb_03_l": {
      "name": "thumb_03_l",
      "local": {
        "location": {
          "x": 0.0,
          "y": 0.0,
          "z": 0.0
        },
        "rotation_quaternion": {
          "w": 0.9980123043060303,
          "x": 0.06240002065896988,
          "y": 0.007846654392778873,
          "z": 0.00402347045019269
        },
        "scale": {
          "x": 1.0,
          "y": 1.0,
          "z": 1.0
        },
        "matrix_basis": [
          [
            0.999844491481781,
            -0.007051683031022549,
            0.016164245083928108,
            0.0
          ],
          [
            0.009010208770632744,
            0.9921801090240479,
            -0.12448883801698685,
            0.0
          ],
          [
            -0.015159985981881618,
            0.12461511790752411,
            0.9920893311500549,
            0.0
          ],
          [
            0.0,
            0.0,
            0.0,
            1.0
          ]
        ],
        "rotation_mode": "QUATERNION"
      },
      "armature_space": {
        "head": {
          "x": 0.27380070090293884,
          "y": -0.5050604343414307,
          "z": 0.5967810750007629
        },
        "tail": {
          "x": 0.28324928879737854,
          "y": -0.5268178582191467,
          "z": 0.6158660054206848
        }
      },
      "world_space": {
        "head": {
          "x": 0.27380070090293884,
          "y": -0.44181644916534424,
          "z": 1.5466351509094238
        },
        "tail": {
          "x": 0.28324928879737854,
          "y": -0.4635738730430603,
          "z": 1.5657200813293457
        },
        "rotation_quaternion": {
          "w": 0.12241646647453308,
          "x": -0.11971639841794968,
          "y": -0.3573365807533264,
          "z": -0.9181464314460754
        },
        "matrix": [
          [
            -0.9413642883300781,
            0.3103507459163666,
            0.1323457509279251,
            0.27380070090293884
          ],
          [
            -0.1392350047826767,
            -0.7146492600440979,
            0.6854854822158813,
            -0.44181644916534424
          ],
          [
            0.3073236644268036,
            0.6268680095672607,
            0.715962827205658,
            1.5466351509094238
          ],
          [
            0.0,
            0.0,
            0.0,
            1.0
          ]
        ]
      },
      "bone_length_armature_space": 0.030444964566428617,
      "parent": "thumb_02_l",
      "has_children": false,
      "is_end_bone": true
    },
    "metacarpal_index_l": {
      "name": "metacarpal_index_l",
      "local": {
        "location": {
          "x": 0.0,
          "y": 0.0,
          "z": 0.0
        },
        "rotation_quaternion": {
          "w": 0.9994156360626221,
          "x": -0.03131122887134552,
          "y": -0.005964840762317181,
          "z": 0.012345452792942524
        },
        "scale": {
          "x": 1.0,
          "y": 1.0,
          "z": 1.0
        },
        "matrix_basis": [
          [
            0.9996240139007568,
            -0.024302944540977478,
            -0.012695812620222569,
            0.0
          ],
          [
            0.025050010532140732,
            0.9977343678474426,
            0.06243858486413956,
            0.0
          ],
          [
            0.011149607598781586,
            -0.06273314356803894,
            0.9979680776596069,
            0.0
          ],
          [
            0.0,
            0.0,
            0.0,
            1.0
          ]
        ],
        "rotation_mode": "QUATERNION"
      },
      "armature_space": {
        "head": {
          "x": 0.32322216033935547,
          "y": -0.4127073884010315,
          "z": 0.5918794870376587
        },
        "tail": {
          "x": 0.2772071659564972,
          "y": -0.5118604898452759,
          "z": 0.6340757012367249
        }
      },
      "world_space": {
        "head": {
          "x": 0.32322216033935547,
          "y": -0.34946340322494507,
          "z": 1.5417335033416748
        },
        "tail": {
          "x": 0.2772071659564972,
          "y": -0.44861650466918945,
          "z": 1.5839297771453857
        },
        "rotation_quaternion": {
          "w": 0.116094671189785,
          "x": 0.9149459600448608,
          "y": -0.2518171966075897,
          "z": -0.2932303249835968
        },
        "matrix": [
          [
            0.7012078762054443,
            -0.3927142024040222,
            -0.5950487852096558,
            0.32322216033935547
          ],
          [
            -0.5288836359977722,
            -0.8462202548980713,
            -0.06475913524627686,
            -0.34946340322494507
          ],
          [
            -0.47811436653137207,
            0.3601228594779968,
            -0.8010820746421814,
            1.5417335033416748
          ],
          [
            0.0,
            0.0,
            0.0,
            1.0
          ]
        ]
      },
      "bone_length_armature_space": 0.11717182938783675,
      "parent": "lowerarm_l",
      "has_children": true,
      "is_end_bone": false
    },
    "index_01_l": {
      "name": "index_01_l",
      "local": {
        "location": {
          "x": 0.0,
          "y": 0.0,
          "z": 0.0
        },
        "rotation_quaternion": {
          "w": 0.9977461099624634,
          "x": -0.0653570219874382,
          "y": -0.015109161846339703,
          "z": 0.001680285669863224
        },
        "scale": {
          "x": 1.0,
          "y": 1.0,
          "z": 1.0
        },
        "matrix_basis": [
          [
            0.9995377659797668,
            -0.0013780173612758517,
            -0.030369851738214493,
            0.0
          ],
          [
            0.0053279767744243145,
            0.9914512634277344,
            0.1303686499595642,
            0.0
          ],
          [
            0.02993057854473591,
            -0.13047020137310028,
            0.9910003542900085,
            0.0
          ],
          [
            0.0,
            0.0,
            0.0,
            1.0
          ]
        ],
        "rotation_mode": "QUATERNION"
      },
      "armature_space": {
        "head": {
          "x": 0.2772071659564972,
          "y": -0.5118604898452759,
          "z": 0.6340757012367249
        },
        "tail": {
          "x": 0.2781396806240082,
          "y": -0.538257896900177,
          "z": 0.6448171138763428
        }
      },
      "world_space": {
        "head": {
          "x": 0.2772071659564972,
          "y": -0.44861650466918945,
          "z": 1.5839297771453857
        },
        "tail": {
          "x": 0.2781396806240082,
          "y": -0.4750139117240906,
          "z": 1.5946711301803589
        },
        "rotation_quaternion": {
          "w": 0.18654251098632812,
          "x": 0.9252755641937256,
          "y": -0.048196036368608475,
          "z": -0.3267175257205963
        },
        "matrix": [
          [
            0.781865656375885,
            0.03270376846194267,
            -0.6225885152816772,
            0.2772071659564972
          ],
          [
            -0.21108271181583405,
            -0.9257582426071167,
            -0.31371331214904785,
            -0.44861650466918945
          ],
          [
            -0.5866304039955139,
            0.3767010271549225,
            -0.716920793056488,
            1.5839297771453857
          ],
          [
            0.0,
            0.0,
            0.0,
            1.0
          ]
        ]
      },
      "bone_length_armature_space": 0.028514393660874975,
      "parent": "metacarpal_index_l",
      "has_children": true,
      "is_end_bone": false
    },
    "index_02_l": {
      "name": "index_02_l",
      "local": {
        "location": {
          "x": 0.0,
          "y": 0.0,
          "z": 0.0
        },
        "rotation_quaternion": {
          "w": 0.9874382615089417,
          "x": 0.15778085589408875,
          "y": 0.004828122444450855,
          "z": 0.006903099827468395
        },
        "scale": {
          "x": 1.0,
          "y": 1.0,
          "z": 1.0
        },
        "matrix_basis": [
          [
            0.9998580813407898,
            -0.012109199538826942,
            0.01171329990029335,
            0.0
          ],
          [
            0.015156340785324574,
            0.9501150846481323,
            -0.31153103709220886,
            0.0
          ],
          [
            -0.007356591522693634,
            0.3116643726825714,
            0.9501637816429138,
            0.0
          ],
          [
            0.0,
            0.0,
            0.0,
            1.0
          ]
        ],
        "rotation_mode": "QUATERNION"
      },
      "armature_space": {
        "head": {
          "x": 0.2781393229961395,
          "y": -0.5382583141326904,
          "z": 0.6448171138763428
        },
        "tail": {
          "x": 0.27446359395980835,
          "y": -0.5632922053337097,
          "z": 0.649046003818512
        }
      },
      "world_space": {
        "head": {
          "x": 0.2781393229961395,
          "y": -0.475014328956604,
          "z": 1.5946711301803589
        },
        "tail": {
          "x": 0.27446359395980835,
          "y": -0.5000482201576233,
          "z": 1.5989000797271729
        },
        "rotation_quaternion": {
          "w": 0.0527883917093277,
          "x": 0.9322808980941772,
          "y": -0.09636098146438599,
          "z": -0.3446451723575592
        },
        "matrix": [
          [
            0.7438684105873108,
            -0.1432849019765854,
            -0.6527857184410095,
            0.2781393229961395
          ],
          [
            -0.21605779230594635,
            -0.9758559465408325,
            -0.03200647234916687,
            -0.475014328956604
          ],
          [
            -0.6324434876441956,
            0.16484811902046204,
            -0.7568716406822205,
            1.5946711301803589
          ],
          [
            0.0,
            0.0,
            0.0,
            1.0
          ]
        ]
      },
      "bone_length_armature_space": 0.025653268531211533,
      "parent": "index_01_l",
      "has_children": true,
      "is_end_bone": false
    },
    "index_03_l": {
      "name": "index_03_l",
      "local": {
        "location": {
          "x": 0.0,
          "y": 0.0,
          "z": 0.0
        },
        "rotation_quaternion": {
          "w": 0.9767939448356628,
          "x": 0.21406623721122742,
          "y": 0.006008791271597147,
          "z": -0.003624379402026534
        },
        "scale": {
          "x": 1.0,
          "y": 1.0,
          "z": 1.0
        },
        "matrix_basis": [
          [
            0.999901533126831,
            0.009653102606534958,
            0.01018698699772358,
            0.0
          ],
          [
            -0.004507984966039658,
            0.9083250164985657,
            -0.4182407557964325,
            0.0
          ],
          [
            -0.013290416449308395,
            0.41815364360809326,
            0.9082790613174438,
            0.0
          ],
          [
            0.0,
            0.0,
            0.0,
            1.0
          ]
        ],
        "rotation_mode": "QUATERNION"
      },
      "armature_space": {
        "head": {
          "x": 0.2744636833667755,
          "y": -0.5632922053337097,
          "z": 0.6490461230278015
        },
        "tail": {
          "x": 0.2640356123447418,
          "y": -0.5890564918518066,
          "z": 0.6400356292724609
        }
      },
      "world_space": {
        "head": {
          "x": 0.2744636833667755,
          "y": -0.5000482201576233,
          "z": 1.5989000797271729
        },
        "tail": {
          "x": 0.2640356123447418,
          "y": -0.5258125066757202,
          "z": 1.589889645576477
        },
        "rotation_quaternion": {
          "w": 0.20540446043014526,
          "x": -0.9284719228744507,
          "y": 0.13008351624011993,
          "z": 0.2807619869709015
        },
        "matrix": [
          [
            0.808502197265625,
            -0.35689738392829895,
            -0.46791911125183105,
            0.2744636833667755
          ],
          [
            -0.12621887028217316,
            -0.88177490234375,
            0.4544689357280731,
            -0.5000482201576233
          ],
          [
            -0.5748023390769958,
            -0.308382123708725,
            -0.7579690217971802,
            1.5989000797271729
          ],
          [
            0.0,
            0.0,
            0.0,
            1.0
          ]
        ]
      },
      "bone_length_armature_space": 0.02921869505928734,
      "parent": "index_02_l",
      "has_children": false,
      "is_end_bone": true
    },
    "metacarpal_pinky_l": {
      "name": "metacarpal_pinky_l",
      "local": {
        "location": {
          "x": 0.0,
          "y": 0.0,
          "z": 0.0
        },
        "rotation_quaternion": {
          "w": 0.999642014503479,
          "x": -0.02487937919795513,
          "y": 0.0050229704938828945,
          "z": 0.008469578810036182
        },
        "scale": {
          "x": 1.0,
          "y": 1.0,
          "z": 1.0
        },
        "matrix_basis": [
          [
            0.9998060464859009,
            -0.017183030024170876,
            0.00962090864777565,
            0.0
          ],
          [
            0.01668315753340721,
            0.9986185431480408,
            0.04982602968811989,
            0.0
          ],
          [
            -0.010463780723512173,
            -0.04965586215257645,
            0.9987115859985352,
            0.0
          ],
          [
            0.0,
            0.0,
            0.0,
            1.0
          ]
        ],
        "rotation_mode": "QUATERNION"
      },
      "armature_space": {
        "head": {
          "x": 0.32322216033935547,
          "y": -0.4127073884010315,
          "z": 0.5918794870376587
        },
        "tail": {
          "x": 0.34628891944885254,
          "y": -0.509727954864502,
          "z": 0.6218487024307251
        }
      },
      "world_space": {
        "head": {
          "x": 0.32322216033935547,
          "y": -0.34946340322494507,
          "z": 1.5417335033416748
        },
        "tail": {
          "x": 0.34628891944885254,
          "y": -0.4464839696884155,
          "z": 1.5717027187347412
        },
        "rotation_quaternion": {
          "w": 0.125391885638237,
          "x": 0.08824889361858368,
          "y": -0.1357109099626541,
          "z": -0.9788113236427307
        },
        "matrix": [
          [
            -0.9529779553413391,
            0.22151720523834229,
            -0.20679229497909546,
            0.32322216033935547
          ],
          [
            -0.26942285895347595,
            -0.9317188262939453,
            0.24353963136672974,
            -0.34946340322494507
          ],
          [
            -0.1387251615524292,
            0.2878035604953766,
            0.9475962519645691,
            1.5417335033416748
          ],
          [
            0.0,
            0.0,
            0.0,
            1.0
          ]
        ]
      },
      "bone_length_armature_space": 0.10413077920255746,
      "parent": "lowerarm_l",
      "has_children": true,
      "is_end_bone": false
    },
    "pinky_01_l": {
      "name": "pinky_01_l",
      "local": {
        "location": {
          "x": 0.0,
          "y": 0.0,
          "z": 0.0
        },
        "rotation_quaternion": {
          "w": 0.9998181462287903,
          "x": 0.008732126094400883,
          "y": 0.014805760234594345,
          "z": 0.008269351907074451
        },
        "scale": {
          "x": 1.0,
          "y": 1.0,
          "z": 1.0
        },
        "matrix_basis": [
          [
            0.9994248151779175,
            -0.016277125105261803,
            0.029750553891062737,
            0.0
          ],
          [
            0.016794268041849136,
            0.999710738658905,
            -0.017216207459568977,
            0.0
          ],
          [
            -0.02946171723306179,
            0.017705943435430527,
            0.9994090795516968,
            0.0
          ],
          [
            0.0,
            0.0,
            0.0,
            1.0
          ]
        ],
        "rotation_mode": "QUATERNION"
      },
      "armature_space": {
        "head": {
          "x": 0.34628891944885254,
          "y": -0.509727954864502,
          "z": 0.6218487024307251
        },
        "tail": {
