{
  "metadata": {
    "armature_name": "KIM_caucasian_male",
    "export_time": "2026-01-13T20:56:33.697766",
    "blender_version": "4.4.1",
    "bone_count": 56,
    "end_bone_count": 13,
    "spaces_included": [
      "LOCAL_CHANNELS",
      "ARMATURE_SPACE",
      "WORLD_SPACE"
    ],
    "note": "LOCAL matches Transform panel; replay pose via local.matrix_basis for best fidelity."
  },
  "bones": {
    "Root": {
      "name": "Root",
      "local": {
        "location": {
          "x": 0.0,
          "y": 0.0,
          "z": 0.0
        },
        "rotation_quaternion": {
          "w": 0.9996199607849121,
          "x": -0.016184069216251373,
          "y": -0.014849371276795864,
          "z": -0.016665872186422348
        },
        "scale": {
          "x": 1.0,
          "y": 1.0,
          "z": 1.0
        },
        "matrix_basis": [
          [
            0.9990034699440002,
            0.03379972279071808,
            -0.029148012399673462,
            0.0
          ],
          [
            -0.032838430255651474,
            0.9989206194877625,
            0.03285079449415207,
            0.0
          ],
          [
            0.030226899310946465,
            -0.03186088055372238,
            0.999035120010376,
            0.0
          ],
          [
            0.0,
            0.0,
            0.0,
            1.0
          ]
        ],
        "rotation_mode": "QUATERNION"
      },
      "armature_space": {
        "head": {
          "x": 0.0,
          "y": 0.07072800397872925,
          "z": -0.009595036506652832
        },
        "tail": {
          "x": 0.0024124844931066036,
          "y": 0.00038205087184906006,
          "z": 0.00224311463534832
        }
      },
      "world_space": {
        "head": {
          "x": 0.0,
          "y": 0.13397200405597687,
          "z": 0.9402589797973633
        },
        "tail": {
          "x": 0.0024124844931066036,
          "y": 0.06362605094909668,
          "z": 0.9520971179008484
        },
        "rotation_quaternion": {
          "w": 0.08348935842514038,
          "x": 0.9962587356567383,
          "y": 0.01562764309346676,
          "z": -0.01593839004635811
        },
        "matrix": [
          [
            0.9990034699440002,
            0.03379972279071808,
            -0.029148012399673462,
            0.0
          ],
          [
            0.02847696840763092,
            -0.98557049036026,
            -0.16685259342193604,
            0.13397200405597687
          ],
          [
            -0.03436720743775368,
            0.1658564954996109,
            -0.9855579733848572,
            0.9402589797973633
          ],
          [
            0.0,
            0.0,
            0.0,
            1.0
          ]
        ]
      },
      "bone_length_armature_space": 0.07137587177404671,
      "parent": null,
      "has_children": true,
      "is_end_bone": false
    },
    "spine_01": {
      "name": "spine_01",
      "local": {
        "location": {
          "x": 0.0,
          "y": 0.0,
          "z": 0.0
        },
        "rotation_quaternion": {
          "w": 0.9963756799697876,
          "x": 0.07523899525403976,
          "y": -0.0015781584661453962,
          "z": -0.03965272009372711
        },
        "scale": {
          "x": 1.0,
          "y": 1.0,
          "z": 1.0
        },
        "matrix_basis": [
          [
            0.9968503713607788,
            0.07878053188323975,
            -0.0091117387637496,
            0.0
          ],
          [
            -0.07925549149513245,
            0.9855335354804993,
            -0.14980745315551758,
            0.0
          ],
          [
            -0.0028219842351973057,
            0.15005776286125183,
            0.988673210144043,
            0.0
          ],
          [
            0.0,
            0.0,
            0.0,
            1.0
          ]
        ],
        "rotation_mode": "QUATERNION"
      },
      "armature_space": {
        "head": {
          "x": 0.0024124844931066036,
          "y": 0.00038205087184906006,
          "z": 0.00224311463534832
        },
        "tail": {
          "x": 0.058491043746471405,
          "y": -0.03325209766626358,
          "z": 0.4858466386795044
        }
      },
      "world_space": {
        "head": {
          "x": 0.0024124844931066036,
          "y": 0.06362605094909668,
          "z": 0.9520971179008484
        },
        "tail": {
          "x": 0.058491043746471405,
          "y": 0.02999190241098404,
          "z": 1.4357006549835205
        },
        "rotation_quaternion": {
          "w": 0.6806232929229736,
          "x": 0.7303205728530884,
          "y": 0.04785976558923721,
          "z": -0.03306439891457558
        },
        "matrix": [
          [
            0.9932323694229126,
            0.11491479724645615,
            0.016854509711265564,
            0.0024124844931066036
          ],
          [
            0.024897878989577293,
            -0.068922258913517,
            -0.9973112940788269,
            0.06362605094909668
          ],
          [
            -0.11344494670629501,
            0.9909883737564087,
            -0.0713183730840683,
            0.9520971179008484
          ],
          [
            0.0,
            0.0,
            0.0,
            1.0
          ]
        ]
      },
      "bone_length_armature_space": 0.48800455395562486,
      "parent": "Root",
      "has_children": true,
      "is_end_bone": false
    },
    "neck_01": {
      "name": "neck_01",
      "local": {
        "location": {
          "x": 0.0,
          "y": 0.0,
          "z": 0.0
        },
        "rotation_quaternion": {
          "w": 0.9918050765991211,
          "x": 0.04059192165732384,
          "y": -0.03156319260597229,
          "z": 0.11695675551891327
        },
        "scale": {
          "x": 1.0,
          "y": 1.0,
          "z": 1.0
        },
        "matrix_basis": [
          [
            0.970649778842926,
            -0.23455902934074402,
            -0.05311407148838043,
            0.0
          ],
          [
            0.22943419218063354,
            0.969346821308136,
            -0.08790160715579987,
            0.0
          ],
          [
            0.0721040666103363,
            0.07313548773527145,
            0.9947121143341064,
            0.0
          ],
          [
            0.0,
            0.0,
            0.0,
            1.0
          ]
        ],
        "rotation_mode": "QUATERNION"
      },
      "armature_space": {
        "head": {
          "x": 0.06748945266008377,
          "y": -0.0728856772184372,
          "z": 0.5559319257736206
        },
        "tail": {
          "x": 0.054582905024290085,
          "y": -0.1241564229130745,
          "z": 0.6437695622444153
        }
      },
      "world_space": {
        "head": {
          "x": 0.06748945266008377,
          "y": -0.009641677141189575,
          "z": 1.5057859420776367
        },
        "tail": {
          "x": 0.054582905024290085,
          "y": -0.060912422835826874,
          "z": 1.5936236381530762
        },
        "rotation_quaternion": {
          "w": 0.4938633143901825,
          "x": 0.8660078644752502,
          "y": -0.07777930796146393,
          "z": -0.008933432400226593
        },
        "matrix": [
          [
            0.9877411127090454,
            -0.12589134275913239,
            -0.0922979861497879,
            0.06748945266008377
          ],
          [
            -0.1435392051935196,
            -0.5000982880592346,
            -0.8539896011352539,
            -0.009641677141189575
          ],
          [
            0.06135208532214165,
            0.8567743897438049,
            -0.5120424628257751,
            1.5057859420776367
          ],
          [
            0.0,
            0.0,
            0.0,
            1.0
          ]
        ]
      },
      "bone_length_armature_space": 0.10252179755456478,
      "parent": "spine_01",
      "has_children": true,
      "is_end_bone": false
    },
    "head": {
      "name": "head",
      "local": {
        "location": {
          "x": 0.0,
          "y": 0.0,
          "z": 0.0
        },
        "rotation_quaternion": {
          "w": 0.9841905832290649,
          "x": -0.06070965155959129,
          "y": 0.1517670750617981,
          "z": 0.06819219142198563
        },
        "scale": {
          "x": 1.0,
          "y": 1.0,
          "z": 1.0
        },
        "matrix_basis": [
          [
            0.9446331858634949,
            -0.1526556760072708,
            0.2904556095600128,
            0.0
          ],
          [
            0.11580077558755875,
            0.9833283424377441,
            0.14019839465618134,
            0.0
          ],
          [
            -0.3070152997970581,
            -0.09880107641220093,
            0.9465621709823608,
            0.0
          ],
          [
            0.0,
            0.0,
            0.0,
            1.0
          ]
        ],
        "rotation_mode": "QUATERNION"
      },
      "armature_space": {
        "head": {
          "x": 0.05458289757370949,
          "y": -0.12415651977062225,
          "z": 0.6437694430351257
        },
        "tail": {
          "x": 0.02036295458674431,
          "y": -0.12973663210868835,
          "z": 0.794935405254364
        }
      },
      "world_space": {
        "head": {
          "x": 0.05458289757370949,
          "y": -0.060912519693374634,
          "z": 1.593623399734497
        },
        "tail": {
          "x": 0.02036295458674431,
          "y": -0.06649263203144073,
          "z": 1.7447893619537354
        },
        "rotation_quaternion": {
          "w": 0.6937291622161865,
          "x": 0.707675576210022,
          "y": -0.02738504484295845,
          "z": 0.13109293580055237
        },
        "matrix": [
          [
            0.9641296863555908,
            -0.22064539790153503,
            0.14754550158977509,
            0.05458289757370949
          ],
          [
            0.1431250423192978,
            -0.03597979247570038,
            -0.9890503883361816,
            -0.060912519693374634
          ],
          [
            0.22353975474834442,
            0.9746971130371094,
            -0.003110334277153015,
            1.593623399734497
          ],
          [
            0.0,
            0.0,
            0.0,
            1.0
          ]
        ]
      },
      "bone_length_armature_space": 0.15509123368669206,
      "parent": "neck_01",
      "has_children": false,
      "is_end_bone": true
    },
    "upperarm_l": {
      "name": "upperarm_l",
      "local": {
        "location": {
          "x": 0.0,
          "y": 0.0,
          "z": 0.0
        },
        "rotation_quaternion": {
          "w": 0.7389273643493652,
          "x": 0.4264430105686188,
          "y": 0.29107069969177246,
          "z": 0.43290936946868896
        },
        "scale": {
          "x": 1.0,
          "y": 1.0,
          "z": 1.0
        },
        "matrix_basis": [
          [
            0.45573464035987854,
            -0.3915270268917084,
            0.7993825674057007,
            0.0
          ],
          [
            0.8880273103713989,
            0.2614716589450836,
            -0.378206342458725,
            0.0
          ],
          [
            -0.06093785911798477,
            0.8822352886199951,
            0.4668484032154083,
            0.0
          ],
          [
            0.0,
            0.0,
            0.0,
            1.0
          ]
        ],
        "rotation_mode": "QUATERNION"
      },
      "armature_space": {
        "head": {
          "x": 0.2088049054145813,
          "y": -0.06769943237304688,
          "z": 0.4720856845378876
        },
        "tail": {
          "x": 0.30495136976242065,
          "y": -0.3076828122138977,
          "z": 0.5425944924354553
        }
      },
      "world_space": {
        "head": {
          "x": 0.2088049054145813,
          "y": -0.004455432295799255,
          "z": 1.421939730644226
        },
        "tail": {
          "x": 0.30495136976242065,
          "y": -0.24443881213665009,
          "z": 1.4924485683441162
        },
        "rotation_quaternion": {
          "w": 0.18139903247356415,
          "x": 0.9344585537910461,
          "y": 0.13897129893302917,
          "z": -0.2730725109577179
        },
        "matrix": [
          [
            0.8122368454933167,
            0.3587963283061981,
            -0.45993098616600037,
            0.2088049054145813
          ],
          [
            0.16065578162670135,
            -0.8955625295639038,
            -0.4149187505245209,
            -0.004455432295799255
          ],
          [
            -0.5607720613479614,
            0.26312267780303955,
            -0.7850573658943176,
            1.421939730644226
          ],
          [
            0.0,
            0.0,
            0.0,
            1.0
          ]
        ]
      },
      "bone_length_armature_space": 0.2679695100189642,
      "parent": "spine_01",
      "has_children": true,
      "is_end_bone": false
    },
    "lowerarm_l": {
      "name": "lowerarm_l",
      "local": {
        "location": {
          "x": 0.0,
          "y": 0.0,
          "z": 0.0
        },
        "rotation_quaternion": {
          "w": 0.9218993782997131,
          "x": 0.3761497139930725,
          "y": -0.08235260099172592,
          "z": 0.042792629450559616
        },
        "scale": {
          "x": 1.0,
          "y": 1.0,
          "z": 1.0
        },
        "matrix_basis": [
          [
            0.9827736616134644,
            -0.14085480570793152,
            -0.1196487545967102,
            0.0
          ],
          [
            0.016947181895375252,
            0.7133603692054749,
            -0.7005925178527832,
            0.0
          ],
          [
            0.18403449654579163,
            0.6864961981773376,
            0.7034589052200317,
            0.0
          ],
          [
            0.0,
            0.0,
            0.0,
            1.0
          ]
        ],
        "rotation_mode": "QUATERNION"
      },
      "armature_space": {
        "head": {
          "x": 0.3049512505531311,
          "y": -0.30768293142318726,
          "z": 0.5425945520401001
        },
        "tail": {
          "x": 0.2116106003522873,
          "y": -0.5487074851989746,
          "z": 0.4735717177391052
        }
      },
      "world_space": {
        "head": {
          "x": 0.3049512505531311,
          "y": -0.24443893134593964,
          "z": 1.4924485683441162
        },
        "tail": {
          "x": 0.2116106003522873,
          "y": -0.4854635000228882,
          "z": 1.4234256744384766
        },
        "rotation_quaternion": {
          "w": 0.19576017558574677,
          "x": -0.8827461004257202,
          "y": 0.10585935413837433,
          "z": 0.41380074620246887
        },
        "matrix": [
          [
            0.6351258158683777,
            -0.348905086517334,
            -0.6891157627105713,
            0.3049512505531311
          ],
          [
            -0.024883106350898743,
            -0.9009438753128052,
            0.433221697807312,
            -0.24443893134593964
          ],
          [
            -0.7720131874084473,
            -0.25800567865371704,
            -0.580898106098175,
            1.4924485683441162
          ],
          [
            0.0,
            0.0,
            0.0,
            1.0
          ]
        ]
      },
      "bone_length_armature_space": 0.2675246999825721,
      "parent": "upperarm_l",
      "has_children": true,
      "is_end_bone": false
    },
    "metacarpal_thumb_l": {
      "name": "metacarpal_thumb_l",
      "local": {
        "location": {
          "x": 0.0,
          "y": 0.0,
          "z": 0.0
        },
        "rotation_quaternion": {
          "w": 0.9999796748161316,
          "x": -0.001188761554658413,
          "y": 0.002975896932184696,
          "z": 0.005513511598110199
        },
        "scale": {
          "x": 1.0,
          "y": 1.0,
          "z": 1.0
        },
        "matrix_basis": [
          [
            0.9999215006828308,
            -0.01103387400507927,
            0.0059385644271969795,
            0.0
          ],
          [
            0.011019723489880562,
            0.9999364018440247,
            0.002410290064290166,
            0.0
          ],
          [
            -0.0059647816233336926,
            -0.0023446595296263695,
            0.9999794363975525,
            0.0
          ],
          [
            0.0,
            0.0,
            0.0,
            1.0
          ]
        ],
        "rotation_mode": "QUATERNION"
      },
      "armature_space": {
        "head": {
          "x": 0.2116106003522873,
          "y": -0.5487074851989746,
          "z": 0.4735717177391052
        },
        "tail": {
          "x": 0.18336211144924164,
          "y": -0.5710145235061646,
          "z": 0.4395419955253601
        }
      },
      "world_space": {
        "head": {
          "x": 0.2116106003522873,
          "y": -0.4854635000228882,
          "z": 1.4234256744384766
        },
        "tail": {
          "x": 0.18336211144924164,
          "y": -0.5077705383300781,
          "z": 1.3893959522247314
        },
        "rotation_quaternion": {
          "w": 0.25325679779052734,
          "x": -0.7927724719047546,
          "y": 0.4590104818344116,
          "z": -0.31093764305114746
        },
        "matrix": [
          [
            0.3852527439594269,
            -0.5702885985374451,
            0.7255007028579712,
            0.2116106003522873
          ],
          [
            -0.8852763175964355,
            -0.4503404498100281,
            0.11610065400600433,
            -0.4854635000228882
          ],
          [
            0.26051244139671326,
            -0.6870017647743225,
            -0.6783624291419983,
            1.4234256744384766
          ],
          [
            0.0,
            0.0,
            0.0,
            1.0
          ]
        ]
      },
      "bone_length_armature_space": 0.049533857948556845,
      "parent": "lowerarm_l",
      "has_children": true,
      "is_end_bone": false
    },
    "thumb_01_l": {
      "name": "thumb_01_l",
      "local": {
        "location": {
          "x": 0.0,
          "y": 0.0,
          "z": 0.0
        },
        "rotation_quaternion": {
          "w": 0.9566726088523865,
          "x": 0.29100269079208374,
          "y": 0.0055394466035068035,
          "z": 0.008016316220164299
        },
        "scale": {
          "x": 1.0,
          "y": 1.0,
          "z": 1.0
        },
        "matrix_basis": [
          [
            0.9998100996017456,
            -0.012113992124795914,
            0.015264412388205528,
            0.0
          ],
          [
            0.018561968579888344,
            0.8305063247680664,
            -0.556699812412262,
            0.0
          ],
          [
            -0.005933334585279226,
            0.5568774342536926,
            0.8305734992027283,
            0.0
          ],
          [
            0.0,
            0.0,
            0.0,
            1.0
          ]
        ],
        "rotation_mode": "QUATERNION"
      },
      "armature_space": {
        "head": {
          "x": 0.18336211144924164,
          "y": -0.5710145235061646,
          "z": 0.4395419955253601
        },
        "tail": {
          "x": 0.19453145563602448,
          "y": -0.590964674949646,
          "z": 0.414325475692749
        }
      },
      "world_space": {
        "head": {
          "x": 0.18336211144924164,
          "y": -0.5077705383300781,
          "z": 1.3893959522247314
        },
        "tail": {
          "x": 0.19453145563602448,
          "y": -0.5277206897735596,
          "z": 1.3641794919967651
        },
        "rotation_quaternion": {
          "w": 0.20647281408309937,
          "x": -0.04818706959486008,
          "y": 0.40536049008369446,
          "z": -0.8892298936843872
        },
        "matrix": [
          [
            -0.9100936055183411,
            0.32813772559165955,
            0.25309163331985474,
            0.18336211144924164
          ],
          [
            -0.4062708914279938,
            -0.5861037969589233,
            -0.7010181546211243,
            -0.5077705383300781
          ],
          [
            -0.08169345557689667,
            -0.7408214807510376,
            0.6667259931564331,
            1.3893959522247314
          ],
          [
            0.0,
            0.0,
            0.0,
            1.0
          ]
        ]
      },
      "bone_length_armature_space": 0.03403873779145776,
      "parent": "metacarpal_thumb_l",
      "has_children": true,
      "is_end_bone": false
    },
    "thumb_02_l": {
      "name": "thumb_02_l",
      "local": {
        "location": {
          "x": 0.0,
          "y": 0.0,
          "z": 0.0
        },
        "rotation_quaternion": {
          "w": 0.899490475654602,
          "x": 0.436796098947525,
          "y": -0.01120790746062994,
          "z": 0.0006026243208907545
        },
        "scale": {
          "x": 1.0,
          "y": 1.0,
          "z": 1.0
        },
        "matrix_basis": [
          [
            0.9997480511665344,
            -0.010875250212848186,
            -0.01963636465370655,
            0.0
          ],
          [
            -0.008707030676305294,
            0.6184176206588745,
            -0.785801351070404,
            0.0
          ],
          [
            0.020689260214567184,
            0.7857743501663208,
            0.6181671023368835,
            0.0
          ],
          [
            0.0,
            0.0,
            0.0,
            1.0
          ]
        ],
        "rotation_mode": "QUATERNION"
      },
      "armature_space": {
        "head": {
          "x": 0.19453147053718567,
          "y": -0.5909645557403564,
          "z": 0.414325475692749
        },
        "tail": {
          "x": 0.17498236894607544,
          "y": -0.6117789149284363,
          "z": 0.4425705373287201
        }
      },
      "world_space": {
        "head": {
          "x": 0.19453147053718567,
          "y": -0.52772057056427,
          "z": 1.3641794919967651
        },
        "tail": {
          "x": 0.17498236894607544,
          "y": -0.5485349297523499,
          "z": 1.3924245834350586
        },
        "rotation_quaternion": {
          "w": 0.21406012773513794,
          "x": -0.13374347984790802,
          "y": 0.4416598081588745,
          "z": 0.8609457612037659
        },
        "matrix": [
          [
            -0.8725817799568176,
            -0.4867269694805145,
            -0.041206687688827515,
            0.19453147053718567
          ],
          [
            0.2504514753818512,
            -0.5182291865348816,
            0.8177485466003418,
            -0.52772057056427
          ],
          [
            -0.41937747597694397,
            0.70323646068573,
            0.5741034150123596,
            1.3641794919967651
          ],
          [
            0.0,
            0.0,
            0.0,
            1.0
          ]
        ]
      },
      "bone_length_armature_space": 0.040164516909328436,
      "parent": "thumb_01_l",
      "has_children": true,
      "is_end_bone": false
    },
    "thumb_03_l": {
      "name": "thumb_03_l",
      "local": {
        "location": {
          "x": 0.0,
          "y": 0.0,
          "z": 0.0
        },
        "rotation_quaternion": {
          "w": 0.9891713261604309,
          "x": 0.1463821679353714,
          "y": -0.008258644491434097,
          "z": 0.006659883074462414
        },
        "scale": {
          "x": 1.0,
          "y": 1.0,
          "z": 1.0
        },
        "matrix_basis": [
          [
            0.9997748732566833,
            -0.015593367628753185,
            -0.01438865251839161,
            0.0
          ],
          [
            0.010757694020867348,
            0.9570558071136475,
            -0.2897040843963623,
            0.0
          ],
          [
            0.018288204446434975,
            0.28948408365249634,
            0.9570081233978271,
            0.0
          ],
          [
            0.0,
            0.0,
            0.0,
            1.0
          ]
        ],
        "rotation_mode": "QUATERNION"
      },
      "armature_space": {
        "head": {
          "x": 0.17498233914375305,
          "y": -0.611778974533081,
          "z": 0.4425704777240753
        },
        "tail": {
          "x": 0.16324803233146667,
          "y": -0.6125215291976929,
          "z": 0.4706535041332245
        }
      },
      "world_space": {
        "head": {
          "x": 0.17498233914375305,
          "y": -0.5485349893569946,
          "z": 1.392424464225769
        },
        "tail": {
          "x": 0.16324803233146667,
          "y": -0.5492775440216064,
          "z": 1.420507550239563
        },
        "rotation_quaternion": {
          "w": 0.08109305799007416,
          "x": -0.19738663733005524,
          "y": 0.6937066316604614,
          "z": 0.6879198551177979
        },
        "matrix": [
          [
            -0.9089245200157166,
            -0.3854278326034546,
            -0.1590648889541626,
            0.17498233914375305
          ],
          [
            -0.1622883677482605,
            -0.024389535188674927,
            0.9864420294761658,
            -0.5485349893569946
          ],
          [
            -0.3840844929218292,
            0.9224218726158142,
            -0.04038164019584656,
            1.392424464225769
          ],
          [
            0.0,
            0.0,
            0.0,
            1.0
          ]
        ]
      },
      "bone_length_armature_space": 0.03044506041322481,
      "parent": "thumb_02_l",
      "has_children": false,
      "is_end_bone": true
    },
    "metacarpal_index_l": {
      "name": "metacarpal_index_l",
      "local": {
        "location": {
          "x": 0.0,
          "y": 0.0,
          "z": 0.0
        },
        "rotation_quaternion": {
          "w": 0.9997722506523132,
          "x": -0.00903795100748539,
          "y": -0.007958372123539448,
          "z": 0.017620857805013657
        },
        "scale": {
          "x": 1.0,
          "y": 1.0,
          "z": 1.0
        },
        "matrix_basis": [
          [
            0.9992523193359375,
            -0.03508983552455902,
            -0.016231631860136986,
            0.0
          ],
          [
            0.03537754341959953,
            0.9992156624794006,
            0.017791317775845528,
            0.0
          ],
          [
            0.015594606287777424,
            -0.01835225149989128,
            0.999709963798523,
            0.0
          ],
          [
            0.0,
            0.0,
            0.0,
            1.0
          ]
        ],
        "rotation_mode": "QUATERNION"
      },
      "armature_space": {
        "head": {
          "x": 0.2116106003522873,
          "y": -0.5487074851989746,
          "z": 0.4735717177391052
        },
        "tail": {
          "x": 0.14801226556301117,
          "y": -0.6323069930076599,
          "z": 0.4216521978378296
        }
      },
      "world_space": {
        "head": {
          "x": 0.2116106003522873,
          "y": -0.4854635000228882,
          "z": 1.4234256744384766
        },
        "tail": {
          "x": 0.14801226556301117,
          "y": -0.5690630078315735,
          "z": 1.3715062141418457
        },
        "rotation_quaternion": {
          "w": 0.22989033162593842,
          "x": -0.9251317381858826,
          "y": 0.30068454146385193,
          "z": -0.029507599771022797
        },
        "matrix": [
          [
            0.8174358606338501,
            -0.5427787899971008,
            0.19284680485725403,
            0.2116106003522873
          ],
          [
            -0.5699132084846497,
            -0.7134785056114197,
            0.40761178731918335,
            -0.4854635000228882
          ],
          [
            -0.08365217596292496,
            -0.4431062340736389,
            -0.8925654292106628,
            1.4234256744384766
          ],
          [
            0.0,
            0.0,
            0.0,
            1.0
          ]
        ]
      },
      "bone_length_armature_space": 0.11717193718726836,
      "parent": "lowerarm_l",
      "has_children": true,
      "is_end_bone": false
    },
    "index_01_l": {
      "name": "index_01_l",
      "local": {
        "location": {
          "x": 0.0,
          "y": 0.0,
          "z": 0.0
        },
        "rotation_quaternion": {
          "w": 0.9516558647155762,
          "x": 0.30678248405456543,
          "y": 0.006261961068958044,
          "z": -0.01401737704873085
        },
        "scale": {
          "x": 1.0,
          "y": 1.0,
          "z": 1.0
        },
        "matrix_basis": [
          [
            0.9995285868644714,
            0.030521558597683907,
            0.003317892551422119,
            0.0
          ],
          [
            -0.0228373184800148,
            0.8113760352134705,
            -0.5840782523155212,
            0.0
          ],
          [
            -0.020519034937024117,
            0.5837271213531494,
            0.8116905689239502,
            0.0
          ],
          [
            0.0,
            0.0,
            0.0,
            1.0
          ]
        ],
        "rotation_mode": "QUATERNION"
      },
      "armature_space": {
        "head": {
          "x": 0.14801226556301117,
          "y": -0.6323069930076599,
          "z": 0.4216521978378296
        },
        "tail": {
          "x": 0.14593392610549927,
          "y": -0.6489417552947998,
          "z": 0.3985861539840698
        }
      },
      "world_space": {
        "head": {
          "x": 0.14801226556301117,
          "y": -0.5690630078315735,
          "z": 1.3715062141418457
        },
        "tail": {
          "x": 0.14593392610549927,
          "y": -0.5856977701187134,
          "z": 1.348440170288086
        },
        "rotation_quaternion": {
          "w": 0.4456578493118286,
          "x": -0.8825344443321228,
          "y": 0.09847905486822128,
          "z": -0.11324264854192734
        },
        "matrix": [
          [
            0.9549559354782104,
            -0.07288768142461777,
            0.28765708208084106,
            0.14801226556301117
          ],
          [
            -0.2747572958469391,
            -0.5833823680877686,
            0.7643123865127563,
            -0.5690630078315735
          ],
          [
            0.1121055856347084,
            -0.8089267015457153,
            -0.5771340131759644,
            1.3715062141418457
          ],
          [
            0.0,
            0.0,
            0.0,
            1.0
          ]
        ]
      },
      "bone_length_armature_space": 0.028514508002771877,
      "parent": "metacarpal_index_l",
      "has_children": true,
      "is_end_bone": false
    },
    "index_02_l": {
      "name": "index_02_l",
      "local": {
        "location": {
          "x": 0.0,
          "y": 0.0,
          "z": 0.0
        },
        "rotation_quaternion": {
          "w": 0.9011881351470947,
          "x": 0.4333690404891968,
          "y": 0.006809303071349859,
          "z": -0.002187578473240137
        },
        "scale": {
          "x": 1.0,
          "y": 1.0,
          "z": 1.0
        },
        "matrix_basis": [
          [
            0.9998977184295654,
            0.009844722226262093,
            0.010376868769526482,
            0.0
          ],
          [
            0.0019590428564697504,
            0.6243729591369629,
            -0.7811238765716553,
            0.0
          ],
          [
            -0.01416898425668478,
            0.7810642719268799,
            0.6242898106575012,
            0.0
          ],
          [
            0.0,
            0.0,
            0.0,
            1.0
          ]
        ],
        "rotation_mode": "QUATERNION"
      },
      "armature_space": {
        "head": {
          "x": 0.14593374729156494,
          "y": -0.648941695690155,
          "z": 0.39858564734458923
        },
        "tail": {
          "x": 0.14978311955928802,
          "y": -0.6436858177185059,
          "z": 0.3737732172012329
        }
      },
      "world_space": {
        "head": {
          "x": 0.14593374729156494,
          "y": -0.5856977105140686,
          "z": 1.3484396934509277
        },
        "tail": {
          "x": 0.14978311955928802,
          "y": -0.5804418325424194,
          "z": 1.323627233505249
        },
        "rotation_quaternion": {
          "w": 0.775674045085907,
          "x": -0.6192139387130737,
          "y": 0.027759021148085594,
          "z": -0.11888432502746582
        },
        "matrix": [
          [
            0.9701917171478271,
            0.15005365014076233,
            0.19029434025287628,
            0.14593374729156494
          ],
          [
            -0.218809112906456,
            0.20488065481185913,
            0.9540159702301025,
            -0.5856977105140686
          ],
          [
            0.1041664332151413,
            -0.9672229290008545,
            0.23160916566848755,
            1.3484396934509277
          ],
          [
            0.0,
            0.0,
            0.0,
            1.0
          ]
        ]
      },
      "bone_length_armature_space": 0.025653432272056857,
      "parent": "index_01_l",
      "has_children": true,
      "is_end_bone": false
    },
    "index_03_l": {
      "name": "index_03_l",
      "local": {
        "location": {
          "x": 0.0,
          "y": 0.0,
          "z": 0.0
        },
        "rotation_quaternion": {
          "w": 0.9346956610679626,
          "x": 0.35536646842956543,
          "y": -0.006622212007641792,
          "z": 0.0038721065502613783
        },
        "scale": {
          "x": 1.0,
          "y": 1.0,
          "z": 1.0
        },
        "matrix_basis": [
          [
            0.9998822808265686,
            -0.011945107020437717,
            -0.009627471677958965,
            0.0
          ],
          [
            0.0025318581610918045,
            0.7473993301391602,
            -0.6643702983856201,
            0.0
          ],
          [
            0.015131539665162563,
            0.6642677187919617,
            0.7473416328430176,
            0.0
          ],
          [
            0.0,
            0.0,
            0.0,
            1.0
          ]
        ],
        "rotation_mode": "QUATERNION"
      },
      "armature_space": {
        "head": {
          "x": 0.14978305995464325,
          "y": -0.6436859369277954,
          "z": 0.3737731873989105
        },
        "tail": {
          "x": 0.15965211391448975,
          "y": -0.6200076341629028,
          "z": 0.35978490114212036
        }
      },
      "world_space": {
        "head": {
          "x": 0.14978305995464325,
          "y": -0.580441951751709,
          "z": 1.323627233505249
        },
        "tail": {
          "x": 0.15965211391448975,
          "y": -0.5567636489868164,
          "z": 1.3096389770507812
        },
        "rotation_quaternion": {
          "w": 0.9503843188285828,
          "x": -0.2595844566822052,
          "y": -0.044288624078035355,
          "z": -0.16560228168964386
        },
        "matrix": [
          [
            0.9412286877632141,
            0.337765097618103,
            0.0017937272787094116,
            0.14978305995464325
          ],
          [
            -0.291778564453125,
            0.8103832602500916,
            0.5080789923667908,
            -0.580441951751709
          ],
          [
            0.17015856504440308,
            -0.47874438762664795,
            0.8613150119781494,
            1.323627233505249
          ],
          [
            0.0,
            0.0,
            0.0,
            1.0
          ]
        ]
      },
      "bone_length_armature_space": 0.029218699292579423,
      "parent": "index_02_l",
      "has_children": false,
      "is_end_bone": true
    },
    "metacarpal_pinky_l": {
      "name": "metacarpal_pinky_l",
      "local": {
        "location": {
          "x": 0.0,
          "y": 0.0,
          "z": 0.0
        },
        "rotation_quaternion": {
          "w": 0.9996857047080994,
          "x": 0.015433605760335922,
          "y": 0.01718735508620739,
          "z": 0.009747534990310669
        },
        "scale": {
          "x": 1.0,
          "y": 1.0,
          "z": 1.0
        },
        "matrix_basis": [
          [
            0.9992191791534424,
            -0.01895841769874096,
            0.034664787352085114,
            0.0
          ],
          [
            0.020019467920064926,
            0.9993335604667664,
            -0.030522441491484642,
            0.0
          ],
          [
            -0.03406302630901337,
            0.031192578375339508,
            0.9989327788352966,
            0.0
          ],
          [
            0.0,
            0.0,
            0.0,
            1.0
          ]
        ],
        "rotation_mode": "QUATERNION"
      },
      "armature_space": {
        "head": {
          "x": 0.2116106003522873,
          "y": -0.5487074851989746,
          "z": 0.4735717177391052
        },
        "tail": {
          "x": 0.19760727882385254,
          "y": -0.6518077850341797,
          "z": 0.46939489245414734
        }
      },
      "world_space": {
        "head": {
          "x": 0.2116106003522873,
          "y": -0.4854635000228882,
          "z": 1.4234256744384766
        },
        "tail": {
          "x": 0.19760727882385254,
          "y": -0.5885637998580933,
          "z": 1.4192489385604858
        },
        "rotation_quaternion": {
          "w": 0.06883586943149567,
          "x": -0.4756581783294678,
          "y": 0.014469514600932598,
          "z": 0.8768132925033569
        },
        "matrix": [
          [
            -0.5380218029022217,
            -0.13447822630405426,
            -0.8321348428726196,
            0.2116106003522873
          ],
          [
            0.10694713145494461,
            -0.9901044368743896,
            0.09085968881845474,
            -0.4854635000228882
          ],
          [
            -0.8361247777938843,
            -0.040111243724823,
            0.5470835566520691,
            1.4234256744384766
          ],
          [
            0.0,
            0.0,
            0.0,
            1.0
          ]
        ]
      },
      "bone_length_armature_space": 0.10413073755808272,
      "parent": "lowerarm_l",
      "has_children": true,
      "is_end_bone": false
    },
    "pinky_01_l": {
      "name": "pinky_01_l",
      "local": {
        "location": {
          "x": 0.0,
          "y": 0.0,
          "z": 0.0
        },
        "rotation_quaternion": {
          "w": 0.9476776123046875,
          "x": 0.31882309913635254,
          "y": 0.015691742300987244,
          "z": -0.003580323653295636
        },
        "scale": {
          "x": 1.0,
          "y": 1.0,
          "z": 1.0
        },
        "matrix_basis": [
          [
            0.9994819164276123,
            0.01679176464676857,
            0.027458446100354195,
            0.0
          ],
          [
            0.003219794714823365,
            0.7966780066490173,
            -0.6043953895568848,
            0.0
          ],
          [
            -0.032024405896663666,
            0.6041706800460815,
            0.7962111830711365,
            0.0
          ],
          [
            0.0,
            0.0,
            0.0,
            1.0
          ]
        ],
        "rotation_mode": "QUATERNION"
      },
      "armature_space": {
        "head": {
          "x": 0.19760727882385254,
          "y": -0.6518077850341797,
          "z": 0.46939489245414734
        },
        "tail": {
