{
  "metadata": {
    "armature_name": "KIM_caucasian_male",
    "export_time": "2026-01-13T21:04:45.428138",
    "blender_version": "4.4.1",
    "bone_count": 56,
    "end_bone_count": 13,
    "spaces_included": [
      "LOCAL_CHANNELS",
      "ARMATURE_SPACE",
      "WORLD_SPACE"
    ],
    "note": "LOCAL matches Transform panel; replay pose via local.matrix_basis for best fidelity."
  },
  "bones": {
    "Root": {
      "name": "Root",
      "local": {
        "location": {
          "x": 0.0,
          "y": 0.0,
          "z": 0.0
        },
        "rotation_quaternion": {
          "w": 0.9995914697647095,
          "x": -0.0033934717066586018,
          "y": 0.01896892674267292,
          "z": 0.021107593551278114
        },
        "scale": {
          "x": 1.0,
          "y": 1.0,
          "z": 1.0
        },
        "matrix_basis": [
          [
            0.9983893036842346,
            -0.042326681315898895,
            0.037779100239276886,
            0.0
          ],
          [
            0.0420692004263401,
            0.9990859031677246,
            0.007584947627037764,
            0.0
          ],
          [
            -0.03806561231613159,
            -0.005983394104987383,
            0.9992573261260986,
            0.0
          ],
          [
            0.0,
            0.0,
            0.0,
            1.0
          ]
        ],
        "rotation_mode": "QUATERNION"
      },
      "armature_space": {
        "head": {
          "x": 0.0,
          "y": 0.07072800397872925,
          "z": -0.009595036506652832
        },
        "tail": {
          "x": -0.003021103562787175,
          "y": 0.0001220703125,
          "z": 0.00041442643851041794
        }
      },
      "world_space": {
        "head": {
          "x": 0.0,
          "y": 0.13397200405597687,
          "z": 0.9402589797973633
        },
        "tail": {
          "x": -0.003021103562787175,
          "y": 0.06336607038974762,
          "z": 0.9502684473991394
        },
        "rotation_quaternion": {
          "w": 0.07072590291500092,
          "x": 0.9970921277999878,
          "y": -0.019781745970249176,
          "z": 0.02034781128168106
        },
        "matrix": [
          [
            0.9983893036842346,
            -0.042326681315898895,
            0.037779100239276886,
            0.0
          ],
          [
            -0.03657019883394241,
            -0.9892129898071289,
            -0.1418459564447403,
            0.13397200405597687
          ],
          [
            0.043375711888074875,
            0.14023594558238983,
            -0.9891746044158936,
            0.9402589797973633
          ],
          [
            0.0,
            0.0,
            0.0,
            1.0
          ]
        ]
      },
      "bone_length_armature_space": 0.07137586655606358,
      "parent": null,
      "has_children": true,
      "is_end_bone": false
    },
    "spine_01": {
      "name": "spine_01",
      "local": {
        "location": {
          "x": 0.0,
          "y": 0.0,
          "z": 0.0
        },
        "rotation_quaternion": {
          "w": 0.9979200959205627,
          "x": 0.04727103188633919,
          "y": 0.043010223656892776,
          "z": -0.008435877971351147
        },
        "scale": {
          "x": 1.0,
          "y": 1.0,
          "z": 1.0
        },
        "matrix_basis": [
          [
            0.9961578845977783,
            0.02090293914079666,
            0.08504398912191391,
            0.0
          ],
          [
            -0.012770389206707478,
            0.9953885674476624,
            -0.09507108479738235,
            0.0
          ],
          [
            -0.08663907647132874,
            0.09361976385116577,
            0.9918311238288879,
            0.0
          ],
          [
            0.0,
            0.0,
            0.0,
            1.0
          ]
        ],
        "rotation_mode": "QUATERNION"
      },
      "armature_space": {
        "head": {
          "x": -0.003021103562787175,
          "y": 0.0001220703125,
          "z": 0.00041442643851041794
        },
        "tail": {
          "x": -0.01470004953444004,
          "y": -0.01947493851184845,
          "z": 0.48788556456565857
        }
      },
      "world_space": {
        "head": {
          "x": -0.003021103562787175,
          "y": 0.06336607038974762,
          "z": 0.9502684473991394
        },
        "tail": {
          "x": -0.01470004953444004,
          "y": 0.04376906156539917,
          "z": 1.437739610671997
        },
        "rotation_quaternion": {
          "w": 0.6927071809768677,
          "x": 0.720680296421051,
          "y": 0.008810593746602535,
          "z": 0.026440788060426712
        },
        "matrix": [
          [
            0.998446524143219,
            -0.023932207375764847,
            0.05031684413552284,
            -0.003021103562787175
          ],
          [
            0.049330513924360275,
            -0.040157705545425415,
            -0.9979749321937561,
            0.06336607038974762
          ],
          [
            0.025904569774866104,
            0.9989137649536133,
            -0.03891591727733612,
            0.9502684473991394
          ],
          [
            0.0,
            0.0,
            0.0,
            1.0
          ]
        ]
      },
      "bone_length_armature_space": 0.4880046545358441,
      "parent": "Root",
      "has_children": true,
      "is_end_bone": false
    },
    "neck_01": {
      "name": "neck_01",
      "local": {
        "location": {
          "x": 0.0,
          "y": 0.0,
          "z": 0.0
        },
        "rotation_quaternion": {
          "w": 0.9943972826004028,
          "x": 0.05502594634890556,
          "y": -0.08530960232019424,
          "z": -0.029469246044754982
        },
        "scale": {
          "x": 1.0,
          "y": 1.0,
          "z": 1.0
        },
        "matrix_basis": [
          [
            0.9837076663970947,
            0.04921979457139969,
            -0.17290641367435455,
            0.0
          ],
          [
            -0.06799676269292831,
            0.992207407951355,
            -0.10440728068351746,
            0.0
          ],
          [
            0.1664201319217682,
            0.11446332186460495,
            0.9793888330459595,
            0.0
          ],
          [
            0.0,
            0.0,
            0.0,
            1.0
          ]
        ],
        "rotation_mode": "QUATERNION"
      },
      "armature_space": {
        "head": {
          "x": -0.014707319438457489,
          "y": -0.05702543631196022,
          "z": 0.559674859046936
        },
        "tail": {
          "x": -0.009343594312667847,
          "y": -0.10978448390960693,
          "z": 0.6474155783653259
        }
      },
      "world_space": {
        "head": {
          "x": -0.014707319438457489,
          "y": 0.006218563765287399,
          "z": 1.5095288753509521
        },
        "tail": {
          "x": -0.009343594312667847,
          "y": -0.046540483832359314,
          "z": 1.5972695350646973
        },
        "rotation_quaternion": {
          "w": 0.4925914704799652,
          "x": 0.8678005933761597,
          "y": -0.006773848552256823,
          "z": -0.06503850221633911
        },
        "matrix": [
          [
            0.9914482831954956,
            0.05231812968850136,
            -0.11955402046442032,
            -0.014707319438457489
          ],
          [
            -0.07583128660917282,
            -0.5146152973175049,
            -0.854061484336853,
            0.006218563765287399
          ],
          [
            -0.10620804876089096,
            0.8558290600776672,
            -0.5062513947486877,
            1.5095288753509521
          ],
          [
            0.0,
            0.0,
            0.0,
            1.0
          ]
        ]
      },
      "bone_length_armature_space": 0.10252180552093126,
      "parent": "spine_01",
      "has_children": true,
      "is_end_bone": false
    },
    "head": {
      "name": "head",
      "local": {
        "location": {
          "x": 0.0,
          "y": 0.0,
          "z": 0.0
        },
        "rotation_quaternion": {
          "w": 0.9951106309890747,
          "x": 0.05509842559695244,
          "y": -0.07271960377693176,
          "z": -0.037826523184776306
        },
        "scale": {
          "x": 1.0,
          "y": 1.0,
          "z": 1.0
        },
        "matrix_basis": [
          [
            0.9865620136260986,
            0.06726968288421631,
            -0.1488964706659317,
            0.0
          ],
          [
            -0.08329661935567856,
            0.9910666346549988,
            -0.10415659844875336,
            0.0
          ],
          [
            0.14055973291397095,
            0.1151595190167427,
            0.9833520650863647,
            0.0
          ],
          [
            0.0,
            0.0,
            0.0,
            1.0
          ]
        ],
        "rotation_mode": "QUATERNION"
      },
      "armature_space": {
        "head": {
          "x": -0.009343616664409637,
          "y": -0.1097845807671547,
          "z": 0.6474154591560364
        },
        "tail": {
          "x": 0.013335878029465675,
          "y": -0.1544349640607834,
          "z": 0.7941984534263611
        }
      },
      "world_space": {
        "head": {
          "x": -0.009343616664409637,
          "y": -0.046540580689907074,
          "z": 1.5972695350646973
        },
        "tail": {
          "x": 0.013335878029465675,
          "y": -0.09119096398353577,
          "z": 1.7440524101257324
        },
        "rotation_quaternion": {
          "w": 0.5964412093162537,
          "x": 0.7891062498092651,
          "y": -0.017552772536873817,
          "z": -0.14581173658370972
        },
        "matrix": [
          [
            0.9568619728088379,
            0.14623421430587769,
            -0.251059353351593,
            -0.009343616664409637
          ],
          [
            -0.2016374170780182,
            -0.2878994345664978,
            -0.9361926317214966,
            -0.046540580689907074
          ],
          [
            -0.20918485522270203,
            0.9464362859725952,
            -0.24599625170230865,
            1.5972695350646973
          ],
          [
            0.0,
            0.0,
            0.0,
            1.0
          ]
        ]
      },
      "bone_length_armature_space": 0.15509114815063005,
      "parent": "neck_01",
      "has_children": false,
      "is_end_bone": true
    },
    "upperarm_l": {
      "name": "upperarm_l",
      "local": {
        "location": {
          "x": 0.0,
          "y": 0.0,
          "z": 0.0
        },
        "rotation_quaternion": {
          "w": 0.8126896619796753,
          "x": 0.4371746778488159,
          "y": 0.38450562953948975,
          "z": -0.023858217522501945
        },
        "scale": {
          "x": 1.0,
          "y": 1.0,
          "z": 1.0
        },
        "matrix_basis": [
          [
            0.7031723856925964,
            0.3749709129333496,
            0.6041070818901062,
            0.0
          ],
          [
            0.29741358757019043,
            0.6166181564331055,
            -0.7289219498634338,
            0.0
          ],
          [
            -0.6458278894424438,
            0.6922274231910706,
            0.3220674395561218,
            0.0
          ],
          [
            0.0,
            0.0,
            0.0,
            1.0
          ]
        ],
        "rotation_mode": "QUATERNION"
      },
      "armature_space": {
        "head": {
          "x": 0.13682857155799866,
          "y": -0.0501096174120903,
          "z": 0.49630171060562134
        },
        "tail": {
          "x": 0.3179726302623749,
          "y": -0.2134343683719635,
          "z": 0.385307639837265
        }
      },
      "world_space": {
        "head": {
          "x": 0.13682857155799866,
          "y": 0.013134382665157318,
          "z": 1.4461557865142822
        },
        "tail": {
          "x": 0.3179726302623749,
          "y": -0.15019036829471588,
          "z": 1.3351616859436035
        },
        "rotation_quaternion": {
          "w": 0.02129644714295864,
          "x": -0.7866045236587524,
          "y": -0.4413622319698334,
          "z": 0.4312763810157776
        },
        "matrix": [
          [
            0.23839876055717468,
            0.6759877800941467,
            -0.6972851753234863,
            0.13682857155799866
          ],
          [
            0.7127243280410767,
            -0.6094902753829956,
            -0.34719711542129517,
            0.013134382665157318
          ],
          [
            -0.6596934199333191,
            -0.4142042100429535,
            -0.627099335193634,
            1.4461557865142822
          ],
          [
            0.0,
            0.0,
            0.0,
            1.0
          ]
        ]
      },
      "bone_length_armature_space": 0.26796981933647307,
      "parent": "spine_01",
      "has_children": true,
      "is_end_bone": false
    },
    "lowerarm_l": {
      "name": "lowerarm_l",
      "local": {
        "location": {
          "x": 0.0,
          "y": 0.0,
          "z": 0.0
        },
        "rotation_quaternion": {
          "w": 0.9786823987960815,
          "x": 0.20042788982391357,
          "y": -0.0009479170548729599,
          "z": -0.04481888562440872
        },
        "scale": {
          "x": 1.0,
          "y": 1.0,
          "z": 1.0
        },
        "matrix_basis": [
          [
            0.9959807395935059,
            0.08734693378210068,
            -0.019821329042315483,
            0.0
          ],
          [
            -0.08810688555240631,
            0.9156398773193359,
            -0.3922255337238312,
            0.0
          ],
          [
            -0.016110489144921303,
            0.3923954665660858,
            0.9196555018424988,
            0.0
          ],
          [
            0.0,
            0.0,
            0.0,
            1.0
          ]
        ],
        "rotation_mode": "QUATERNION"
      },
      "armature_space": {
        "head": {
          "x": 0.3179726302623749,
          "y": -0.21343454718589783,
          "z": 0.3853076696395874
        },
        "tail": {
          "x": 0.3779870867729187,
          "y": -0.40712594985961914,
          "z": 0.21080338954925537
        }
      },
      "world_space": {
        "head": {
          "x": 0.3179726302623749,
          "y": -0.1501905471086502,
          "z": 1.3351616859436035
        },
        "tail": {
          "x": 0.3779870867729187,
          "y": -0.3438819646835327,
          "z": 1.1606574058532715
        },
        "rotation_quaternion": {
          "w": 0.19936463236808777,
          "x": -0.7259711027145386,
          "y": -0.3134431838989258,
          "z": 0.5787686109542847
        },
        "matrix": [
          [
            0.1335609406232834,
            0.2243325412273407,
            -0.965316653251648,
            0.3179726302623749
          ],
          [
            0.6858735680580139,
            -0.7240138053894043,
            -0.07335838675498962,
            -0.1501905471086502
          ],
          [
            -0.7153636813163757,
            -0.6522927284240723,
            -0.25056564807891846,
            1.3351616859436035
          ],
          [
            0.0,
            0.0,
            0.0,
            1.0
          ]
        ]
      },
      "bone_length_armature_space": 0.26752539536300807,
      "parent": "upperarm_l",
      "has_children": true,
      "is_end_bone": false
    },
    "metacarpal_thumb_l": {
      "name": "metacarpal_thumb_l",
      "local": {
        "location": {
          "x": 0.0,
          "y": 0.0,
          "z": 0.0
        },
        "rotation_quaternion": {
          "w": 0.9996849298477173,
          "x": -0.023332346230745316,
          "y": 0.005372159648686647,
          "z": -0.007535056676715612
        },
        "scale": {
          "x": 1.0,
          "y": 1.0,
          "z": 1.0
        },
        "matrix_basis": [
          [
            0.9998286962509155,
            0.014814674854278564,
            0.011092554777860641,
            0.0
          ],
          [
            -0.015316055156290531,
            0.9987976551055908,
            0.04656903073191643,
            0.0
          ],
          [
            -0.010389313101768494,
            -0.046730950474739075,
            0.9988535046577454,
            0.0
          ],
          [
            0.0,
            0.0,
            0.0,
            1.0
          ]
        ],
        "rotation_mode": "QUATERNION"
      },
      "armature_space": {
        "head": {
          "x": 0.3779870867729187,
          "y": -0.40712594985961914,
          "z": 0.21080338954925537
        },
        "tail": {
          "x": 0.3602108061313629,
          "y": -0.43341052532196045,
          "z": 0.17276746034622192
        }
      },
      "world_space": {
        "head": {
          "x": 0.3779870867729187,
          "y": -0.3438819646835327,
          "z": 1.1606574058532715
        },
        "tail": {
          "x": 0.3602108061313629,
          "y": -0.370166540145874,
          "z": 1.1226215362548828
        },
        "rotation_quaternion": {
          "w": 0.44405674934387207,
          "x": -0.8745302557945251,
          "y": 0.19363227486610413,
          "z": 0.02274220623075962
        },
        "matrix": [
          [
            0.9239782691001892,
            -0.3588724732398987,
            0.1321912705898285,
            0.3779870867729187
          ],
          [
            -0.31847816705703735,
            -0.5306403636932373,
            0.7854886054992676,
            -0.3438819646835327
          ],
          [
            -0.21174602210521698,
            -0.7678803205490112,
            -0.6045967936515808,
            1.1606574058532715
          ],
          [
            0.0,
            0.0,
            0.0,
            1.0
          ]
        ]
      },
      "bone_length_armature_space": 0.04953389643334752,
      "parent": "lowerarm_l",
      "has_children": true,
      "is_end_bone": false
    },
    "thumb_01_l": {
      "name": "thumb_01_l",
      "local": {
        "location": {
          "x": 0.0,
          "y": 0.0,
          "z": 0.0
        },
        "rotation_quaternion": {
          "w": 0.9502589702606201,
          "x": 0.3110695779323578,
          "y": 0.005451557692140341,
          "z": 0.014627829194068909
        },
        "scale": {
          "x": 1.0,
          "y": 1.0,
          "z": 1.0
        },
        "matrix_basis": [
          [
            0.9995126128196716,
            -0.024408824741840363,
            0.01946132816374302,
            0.0
          ],
          [
            0.031192079186439514,
            0.8060435056686401,
            -0.5910338163375854,
            0.0
          ],
          [
            -0.0012602378847077489,
            0.5913528203964233,
            0.8064119815826416,
            0.0
          ],
          [
            0.0,
            0.0,
            0.0,
            1.0
          ]
        ],
        "rotation_mode": "QUATERNION"
      },
      "armature_space": {
        "head": {
          "x": 0.3602108061313629,
          "y": -0.43341052532196045,
          "z": 0.17276746034622192
        },
        "tail": {
          "x": 0.37172070145606995,
          "y": -0.43109506368637085,
          "z": 0.14081749320030212
        }
      },
      "world_space": {
        "head": {
          "x": 0.3602108061313629,
          "y": -0.370166540145874,
          "z": 1.1226215362548828
        },
        "tail": {
          "x": 0.37172070145606995,
          "y": -0.3678510785102844,
          "z": 1.0906715393066406
        },
        "rotation_quaternion": {
          "w": 0.4953901469707489,
          "x": -0.2652883529663086,
          "y": 0.5372152924537659,
          "z": -0.6289756894111633
        },
        "matrix": [
          [
            -0.36841854453086853,
            0.3381422758102417,
            0.8659836053848267,
            0.3602108061313629
          ],
          [
            -0.9082117080688477,
            0.06802442669868469,
            -0.41294556856155396,
            -0.370166540145874
          ],
          [
            -0.19854453206062317,
            -0.9386398792266846,
            0.2820448577404022,
            1.1226215362548828
          ],
          [
            0.0,
            0.0,
            0.0,
            1.0
          ]
        ]
      },
      "bone_length_armature_space": 0.03403879401571194,
      "parent": "metacarpal_thumb_l",
      "has_children": true,
      "is_end_bone": false
    },
    "thumb_02_l": {
      "name": "thumb_02_l",
      "local": {
        "location": {
          "x": 0.0,
          "y": 0.0,
          "z": 0.0
        },
        "rotation_quaternion": {
          "w": 0.901326060295105,
          "x": 0.43312451243400574,
          "y": -0.003164417576044798,
          "z": -0.002116995630785823
        },
        "scale": {
          "x": 1.0,
          "y": 1.0,
          "z": 1.0
        },
        "matrix_basis": [
          [
            0.9999710321426392,
            0.001075032982043922,
            -0.007538189645856619,
            0.0
          ],
          [
            -0.006557380314916372,
            0.6247973442077637,
            -0.7807593941688538,
            0.0
          ],
          [
            0.0038704986218363047,
            0.7807862162590027,
            0.6247862577438354,
            0.0
          ],
          [
            0.0,
            0.0,
            0.0,
            1.0
          ]
        ],
        "rotation_mode": "QUATERNION"
      },
      "armature_space": {
        "head": {
          "x": 0.37172067165374756,
          "y": -0.4310950040817261,
          "z": 0.14081749320030212
        },
        "tail": {
          "x": 0.38213545083999634,
          "y": -0.46591776609420776,
          "z": 0.1579081118106842
        }
      },
      "world_space": {
        "head": {
          "x": 0.37172067165374756,
          "y": -0.36785101890563965,
          "z": 1.0906715393066406
        },
        "tail": {
          "x": 0.38213545083999634,
          "y": -0.40267378091812134,
          "z": 1.107762098312378
        },
        "rotation_quaternion": {
          "w": 0.16842547059059143,
          "x": 0.15815332531929016,
          "y": -0.1952689290046692,
          "z": -0.9531476497650146
        },
        "matrix": [
          [
            -0.8932406902313232,
            0.25930407643318176,
            -0.3672635853290558,
            0.37172067165374756
          ],
          [
            -0.3828337490558624,
            -0.8670057058334351,
            0.31896600127220154,
            -0.36785101890563965
          ],
          [
            -0.2357124239206314,
            0.42551663517951965,
            0.8737214803695679,
            1.0906715393066406
          ],
          [
            0.0,
            0.0,
            0.0,
            1.0
          ]
        ]
      },
      "bone_length_armature_space": 0.04016443185749713,
      "parent": "thumb_01_l",
      "has_children": true,
      "is_end_bone": false
    },
    "thumb_03_l": {
      "name": "thumb_03_l",
      "local": {
        "location": {
          "x": 0.0,
          "y": 0.0,
          "z": 0.0
        },
        "rotation_quaternion": {
          "w": 0.9908899068832397,
          "x": 0.13444995880126953,
          "y": -0.006749503780156374,
          "z": 0.0038670708891004324
        },
        "scale": {
          "x": 1.0,
          "y": 1.0,
          "z": 1.0
        },
        "matrix_basis": [
          [
            0.999879002571106,
            -0.009478623978793621,
            -0.012336174957454205,
            0.0
          ],
          [
            0.005848742090165615,
            0.9638165235519409,
            -0.26650241017341614,
            0.0
          ],
          [
            0.01441588532179594,
            0.26639801263809204,
            0.9637553095817566,
            0.0
          ],
          [
            0.0,
            0.0,
            0.0,
            1.0
          ]
        ],
        "rotation_mode": "QUATERNION"
      },
      "armature_space": {
        "head": {
          "x": 0.38213542103767395,
          "y": -0.46591779589653015,
          "z": 0.15790802240371704
        },
        "tail": {
          "x": 0.3849552571773529,
          "y": -0.48304176330566406,
          "z": 0.18292236328125
        }
      },
      "world_space": {
        "head": {
          "x": 0.38213542103767395,
          "y": -0.40267378091812134,
          "z": 1.107762098312378
        },
        "tail": {
          "x": 0.3849552571773529,
          "y": -0.41979777812957764,
          "z": 1.1327763795852661
        },
        "rotation_quaternion": {
          "w": 0.23613035678863525,
          "x": 0.35794275999069214,
          "y": -0.40374910831451416,
          "z": -0.8081497550010681
        },
        "matrix": [
          [
            -0.6322391033172607,
            0.09262068569660187,
            -0.7692172527313232,
            0.38213542103767395
          ],
          [
            -0.6706956624984741,
            -0.5624582767486572,
            0.48353686928749084,
            -0.40267378091812134
          ],
          [
            -0.38787034153938293,
            0.8216269612312317,
            0.41773176193237305,
            1.107762098312378
          ],
          [
            0.0,
            0.0,
            0.0,
            1.0
          ]
        ]
      },
      "bone_length_armature_space": 0.030445015291424987,
      "parent": "thumb_02_l",
      "has_children": false,
      "is_end_bone": true
    },
    "metacarpal_index_l": {
      "name": "metacarpal_index_l",
      "local": {
        "location": {
          "x": 0.0,
          "y": 0.0,
          "z": 0.0
        },
        "rotation_quaternion": {
          "w": 0.998162567615509,
          "x": -0.05905477702617645,
          "y": 0.012159026227891445,
          "z": -0.006026043556630611
        },
        "scale": {
          "x": 1.0,
          "y": 1.0,
          "z": 1.0
        },
        "matrix_basis": [
          [
            0.9996317028999329,
            0.010593845508992672,
            0.02498510293662548,
            0.0
          ],
          [
            -0.013466039672493935,
            0.9929524660110474,
            0.11774599552154541,
            0.0
          ],
          [
            -0.023561635985970497,
            -0.1180390790104866,
            0.9927293658256531,
            0.0
          ],
          [
            0.0,
            0.0,
            0.0,
            1.0
          ]
        ],
        "rotation_mode": "QUATERNION"
      },
      "armature_space": {
        "head": {
          "x": 0.3779870867729187,
          "y": -0.40712594985961914,
          "z": 0.21080338954925537
        },
        "tail": {
          "x": 0.37686029076576233,
          "y": -0.49474868178367615,
          "z": 0.13301971554756165
        }
      },
      "world_space": {
        "head": {
          "x": 0.3779870867729187,
          "y": -0.3438819646835327,
          "z": 1.1606574058532715
        },
        "tail": {
          "x": 0.37686029076576233,
          "y": -0.43150466680526733,
          "z": 1.0828737020492554
        },
        "rotation_quaternion": {
          "w": 0.3465099334716797,
          "x": -0.9091714024543762,
          "y": -0.07761355489492416,
          "z": 0.21751895546913147
        },
        "matrix": [
          [
            0.8933233618736267,
            -0.009616576135158539,
            -0.44931134581565857,
            0.3779870867729187
          ],
          [
            0.2918728291988373,
            -0.7478145956993103,
            0.5963082909584045,
            -0.3438819646835327
          ],
          [
            -0.34173813462257385,
            -0.6638433337211609,
            -0.6652376651763916,
            1.1606574058532715
          ],
          [
            0.0,
            0.0,
            0.0,
            1.0
          ]
        ]
      },
      "bone_length_armature_space": 0.11717214999198546,
      "parent": "lowerarm_l",
      "has_children": true,
      "is_end_bone": false
    },
    "index_01_l": {
      "name": "index_01_l",
      "local": {
        "location": {
          "x": 0.0,
          "y": 0.0,
          "z": 0.0
        },
        "rotation_quaternion": {
          "w": 0.9563843011856079,
          "x": 0.29163095355033875,
          "y": 0.003035125322639942,
          "z": -0.0164728332310915
        },
        "scale": {
          "x": 1.0,
          "y": 1.0,
          "z": 1.0
        },
        "matrix_basis": [
          [
            0.9994388818740845,
            0.03327899053692818,
            -0.003802483668550849,
            0.0
          ],
          [
            -0.029738444834947586,
            0.8293600678443909,
            -0.5579225420951843,
            0.0
          ],
          [
            -0.015413468703627586,
            0.5577225089073181,
            0.8298843502998352,
            0.0
          ],
          [
            0.0,
            0.0,
            0.0,
            1.0
          ]
        ],
        "rotation_mode": "QUATERNION"
      },
      "armature_space": {
        "head": {
          "x": 0.37686029076576233,
          "y": -0.49474868178367615,
          "z": 0.13301971554756165
        },
        "tail": {
          "x": 0.37983238697052,
          "y": -0.5019695162773132,
          "z": 0.10559515655040741
        }
      },
      "world_space": {
        "head": {
          "x": 0.37686029076576233,
          "y": -0.43150466680526733,
          "z": 1.0828737020492554
        },
        "tail": {
          "x": 0.37983238697052,
          "y": -0.4387255311012268,
          "z": 1.05544912815094
        },
        "rotation_quaternion": {
          "w": 0.574042022228241,
          "x": -0.7685506343841553,
          "y": -0.2094239443540573,
          "z": 0.1895984560251236
        },
        "matrix": [
          [
            0.8403878808021545,
            0.1042311042547226,
            -0.5318683385848999,
            0.37686029076576233
          ],
          [
            0.5395810008049011,
            -0.253235399723053,
            0.8029472827911377,
            -0.43150466680526733
          ],
          [
            -0.05099565163254738,
            -0.9617801904678345,
            -0.2690582871437073,
            1.0828737020492554
          ],
          [
            0.0,
            0.0,
            0.0,
            1.0
          ]
        ]
      },
      "bone_length_armature_space": 0.02851456174724217,
      "parent": "metacarpal_index_l",
      "has_children": true,
      "is_end_bone": false
    },
    "index_02_l": {
      "name": "index_02_l",
      "local": {
        "location": {
          "x": 0.0,
          "y": 0.0,
          "z": 0.0
        },
        "rotation_quaternion": {
          "w": 0.900546669960022,
          "x": 0.43475690484046936,
          "y": 0.0015038959681987762,
          "z": 2.1007144823670387e-05
        },
        "scale": {
          "x": 1.0,
          "y": 1.0,
          "z": 1.0
        },
        "matrix_basis": [
          [
            0.9999954700469971,
            0.0012698224745690823,
            0.0027269229758530855,
            0.0
          ],
          [
            0.0013454941799864173,
            0.6219728589057922,
            -0.7830377221107483,
            0.0
          ],
          [
            -0.0026903909165412188,
            0.7830378413200378,
            0.6219683289527893,
            0.0
          ],
          [
            0.0,
            0.0,
            0.0,
            1.0
          ]
        ],
        "rotation_mode": "QUATERNION"
      },
      "armature_space": {
        "head": {
          "x": 0.37983202934265137,
          "y": -0.5019694566726685,
          "z": 0.1055947095155716
        },
        "tail": {
          "x": 0.37055686116218567,
          "y": -0.4909655749797821,
          "z": 0.08435837179422379
        }
      },
      "world_space": {
        "head": {
          "x": 0.37983202934265137,
          "y": -0.43872547149658203,
          "z": 1.0554487705230713
        },
        "tail": {
          "x": 0.37055686116218567,
          "y": -0.4277215600013733,
          "z": 1.034212350845337
        },
        "rotation_quaternion": {
          "w": 0.8352129459381104,
          "x": -0.4509684145450592,
          "y": -0.1299731433391571,
          "z": 0.28662508726119995
        },
        "matrix": [
          [
            0.8019052743911743,
            -0.3615587651729584,
            -0.4756290912628174,
            0.37983202934265137
          ],
          [
            0.5960144996643066,
            0.42894643545150757,
            0.6788017749786377,
            -0.43872547149658203
          ],
          [
            -0.041407011449337006,
            -0.8278220295906067,
            0.5594731569290161,
            1.0554487705230713
          ],
          [
            0.0,
            0.0,
            0.0,
            1.0
          ]
        ]
      },
      "bone_length_armature_space": 0.025653385739769635,
      "parent": "index_01_l",
      "has_children": true,
      "is_end_bone": false
    },
    "index_03_l": {
      "name": "index_03_l",
      "local": {
        "location": {
          "x": 0.0,
          "y": 0.0,
          "z": 0.0
        },
        "rotation_quaternion": {
          "w": 0.9258086085319519,
          "x": 0.37797215580940247,
          "y": -0.0038178819231688976,
          "z": 0.0009990378748625517
        },
        "scale": {
          "x": 1.0,
          "y": 1.0,
          "z": 1.0
        },
        "matrix_basis": [
          [
            0.9999688267707825,
            -0.004735941998660564,
            -0.006314038764685392,
            0.0
          ],
          [
            -0.0010362704051658511,
            0.7142720818519592,
            -0.6998673677444458,
            0.0
          ],
          [
            0.007824473083019257,
            0.6998521089553833,
            0.7142449617385864,
            0.0
          ],
          [
            0.0,
            0.0,
            0.0,
            1.0
          ]
        ],
        "rotation_mode": "QUATERNION"
      },
      "armature_space": {
        "head": {
          "x": 0.37055692076683044,
          "y": -0.49096572399139404,
          "z": 0.08435829728841782
        },
        "tail": {
          "x": 0.35573339462280273,
          "y": -0.4660014510154724,
          "z": 0.08107511699199677
        }
      },
      "world_space": {
        "head": {
          "x": 0.37055692076683044,
          "y": -0.4277217388153076,
          "z": 1.034212350845337
        },
        "tail": {
          "x": 0.35573339462280273,
          "y": -0.402757465839386,
          "z": 1.0309290885925293
        },
        "rotation_quaternion": {
          "w": 0.9628461003303528,
          "x": -0.05528818815946579,
          "y": -0.011165493167936802,
          "z": 0.26409462094306946
        },
        "matrix": [
          [
            0.8602586388587952,
            -0.5073302388191223,
            -0.05070395767688751,
            0.37055692076683044
          ],
          [
            0.5097995400428772,
            0.8543945550918579,
            0.10057088732719421,
            -0.4277217388153076
          ],
          [
            -0.0077009922824800014,
            -0.11236590147018433,
            0.993644118309021,
            1.034212350845337
          ],
          [
            0.0,
            0.0,
            0.0,
            1.0
          ]
        ]
      },
      "bone_length_armature_space": 0.029218677877095527,
      "parent": "index_02_l",
      "has_children": false,
      "is_end_bone": true
    },
    "metacarpal_pinky_l": {
      "name": "metacarpal_pinky_l",
      "local": {
        "location": {
          "x": 0.0,
          "y": 0.0,
          "z": 0.0
        },
        "rotation_quaternion": {
          "w": 0.9995183348655701,
          "x": 0.027727236971259117,
          "y": 0.008811496198177338,
          "z": 0.010803543962538242
        },
        "scale": {
          "x": 1.0,
          "y": 1.0,
          "z": 1.0
        },
        "matrix_basis": [
          [
            0.9996112585067749,
            -0.021108044311404228,
            0.018213609233498573,
            0.0
          ],
          [
            0.022085318341851234,
            0.9982289671897888,
            -0.05523737147450447,
            0.0
          ],
          [
            -0.017015399411320686,
            0.055618155747652054,
            0.9983071088790894,
            0.0
          ],
          [
            0.0,
            0.0,
            0.0,
            1.0
          ]
        ],
        "rotation_mode": "QUATERNION"
      },
      "armature_space": {
        "head": {
          "x": 0.3779870867729187,
          "y": -0.40712594985961914,
          "z": 0.21080338954925537
        },
        "tail": {
          "x": 0.430422306060791,
          "y": -0.48022326827049255,
          "z": 0.15835730731487274
        }
      },
      "world_space": {
        "head": {
          "x": 0.3779870867729187,
          "y": -0.3438819646835327,
          "z": 1.1606574058532715
        },
        "tail": {
          "x": 0.430422306060791,
          "y": -0.41697925329208374,
          "z": 1.1082112789154053
        },
        "rotation_quaternion": {
          "w": 0.17148171365261078,
          "x": 0.29454565048217773,
          "y": 0.3458412289619446,
          "z": -0.8742029666900635
        },
        "matrix": [
          [
            -0.7676742076873779,
            0.5035516023635864,
            -0.39637356996536255,
            0.3779870867729187
          ],
          [
            -0.09608909487724304,
            -0.7019762396812439,
            -0.7056884765625,
            -0.3438819646835327
          ],
          [
            -0.6335999965667725,
            -0.5036559700965881,
            0.5872783064842224,
            1.1606574058532715
          ],
          [
            0.0,
            0.0,
            0.0,
            1.0
          ]
        ]
      },
      "bone_length_armature_space": 0.10413098295280124,
      "parent": "lowerarm_l",
      "has_children": true,
      "is_end_bone": false
    },
    "pinky_01_l": {
      "name": "pinky_01_l",
      "local": {
        "location": {
          "x": 0.0,
          "y": 0.0,
          "z": 0.0
        },
        "rotation_quaternion": {
          "w": 0.943996250629425,
          "x": 0.32992425560951233,
          "y": 0.003643458243459463,
          "z": -0.002815580926835537
        },
        "scale": {
          "x": 1.0,
          "y": 1.0,
          "z": 1.0
        },
        "matrix_basis": [
          [
            0.9999576210975647,
            0.007719926070421934,
            0.00502096489071846,
            0.0
          ],
          [
            -0.0029116652440279722,
            0.782284140586853,
            -0.6229150295257568,
            0.0
          ],
          [
            -0.008736678399145603,
            0.6228740215301514,
            0.7822734117507935,
            0.0
          ],
          [
            0.0,
            0.0,
            0.0,
            1.0
          ]
        ],
        "rotation_mode": "QUATERNION"
      },
      "armature_space": {
        "head": {
          "x": 0.430422306060791,
          "y": -0.48022326827049255,
