{
  "metadata": {
    "armature_name": "KIM_caucasian_male",
    "export_time": "2026-01-13T21:05:02.578017",
    "blender_version": "4.4.1",
    "bone_count": 56,
    "end_bone_count": 13,
    "spaces_included": [
      "LOCAL_CHANNELS",
      "ARMATURE_SPACE",
      "WORLD_SPACE"
    ],
    "note": "LOCAL matches Transform panel; replay pose via local.matrix_basis for best fidelity."
  },
  "bones": {
    "Root": {
      "name": "Root",
      "local": {
        "location": {
          "x": 0.0,
          "y": 0.0,
          "z": 0.0
        },
        "rotation_quaternion": {
          "w": 0.9996030330657959,
          "x": -0.01626286469399929,
          "y": -0.018820511177182198,
          "z": -0.013235416263341904
        },
        "scale": {
          "x": 1.0,
          "y": 1.0,
          "z": 1.0
        },
        "matrix_basis": [
          [
            0.9989412426948547,
            0.027072476223111153,
            -0.037195589393377304,
            0.0
          ],
          [
            -0.02584817446768284,
            0.9991207122802734,
            0.03301101177930832,
            0.0
          ],
          [
            0.038056571036577225,
            -0.032014623284339905,
            0.9987626075744629,
            0.0
          ],
          [
            0.0,
            0.0,
            0.0,
            1.0
          ]
        ],
        "rotation_mode": "QUATERNION"
      },
      "armature_space": {
        "head": {
          "x": 0.0,
          "y": 0.07072800397872925,
          "z": -0.009595036506652832
        },
        "tail": {
          "x": 0.001932321465574205,
          "y": 0.0003693699836730957,
          "z": 0.002255910076200962
        }
      },
      "world_space": {
        "head": {
          "x": 0.0,
          "y": 0.13397200405597687,
          "z": 0.9402589797973633
        },
        "tail": {
          "x": 0.001932321465574205,
          "y": 0.06361337006092072,
          "z": 0.9521099328994751
        },
        "rotation_quaternion": {
          "w": 0.0835668295621872,
          "x": 0.9962365031242371,
          "y": 0.011937450617551804,
          "z": -0.01966940052807331
        },
        "matrix": [
          [
            0.9989412426948547,
            0.027072476223111153,
            -0.037195589393377304,
            0.0
          ],
          [
            0.020497621968388557,
            -0.9857481718063354,
            -0.1669747233390808,
            0.13397200405597687
          ],
          [
            -0.04118616506457329,
            0.1660357564687729,
            -0.9852663278579712,
            0.9402589797973633
          ],
          [
            0.0,
            0.0,
            0.0,
            1.0
          ]
        ]
      },
      "bone_length_armature_space": 0.07137588088640276,
      "parent": null,
      "has_children": true,
      "is_end_bone": false
    },
    "spine_01": {
      "name": "spine_01",
      "local": {
        "location": {
          "x": 0.0,
          "y": 0.0,
          "z": 0.0
        },
        "rotation_quaternion": {
          "w": 0.991065263748169,
          "x": 0.1157580092549324,
          "y": 0.038049936294555664,
          "z": 0.05423984304070473
        },
        "scale": {
          "x": 1.0,
          "y": 1.0,
          "z": 1.0
        },
        "matrix_basis": [
          [
            0.9912204742431641,
            -0.09870127588510513,
            0.087977334856987,
            0.0
          ],
          [
            0.11631961911916733,
            0.9673162698745728,
            -0.22531983256340027,
            0.0
          ],
          [
            -0.06286254525184631,
            0.23357513546943665,
            0.970304548740387,
            0.0
          ],
          [
            0.0,
            0.0,
            0.0,
            1.0
          ]
        ],
        "rotation_mode": "QUATERNION"
      },
      "armature_space": {
        "head": {
          "x": 0.001932321465574205,
          "y": 0.0003693699836730957,
          "z": 0.002255910076200962
        },
        "tail": {
          "x": -0.024867726489901543,
          "y": -0.07663600146770477,
          "z": 0.48340070247650146
        }
      },
      "world_space": {
        "head": {
          "x": 0.001932321465574205,
          "y": 0.06361337006092072,
          "z": 0.9521099328994751
        },
        "tail": {
          "x": -0.024867726489901543,
          "y": -0.013392001390457153,
          "z": 1.4332547187805176
        },
        "rotation_quaternion": {
          "w": 0.6488065719604492,
          "x": 0.7587385773658752,
          "y": 0.012293517589569092,
          "z": 0.05669883266091347
        },
        "matrix": [
          [
            0.9932682514190674,
            -0.054917991161346436,
            0.10199099034070969,
            0.001932321465574205
          ],
          [
            0.09222789108753204,
            -0.15779750049114227,
            -0.9831551313400269,
            0.06361337006092072
          ],
          [
            0.07008740305900574,
            0.9859499335289001,
            -0.15167219936847687,
            0.9521099328994751
          ],
          [
            0.0,
            0.0,
            0.0,
            1.0
          ]
        ]
      },
      "bone_length_armature_space": 0.4880044749346851,
      "parent": "Root",
      "has_children": true,
      "is_end_bone": false
    },
    "neck_01": {
      "name": "neck_01",
      "local": {
        "location": {
          "x": 0.0,
          "y": 0.0,
          "z": 0.0
        },
        "rotation_quaternion": {
          "w": 0.9900023937225342,
          "x": -0.1183357685804367,
          "y": 0.06580881029367447,
          "z": -0.039511628448963165
        },
        "scale": {
          "x": 1.0,
          "y": 1.0,
          "z": 1.0
        },
        "matrix_basis": [
          [
            0.9882160425186157,
            0.06265813857316971,
            0.1396530419588089,
            0.0
          ],
          [
            -0.09380828589200974,
            0.9688709378242493,
            0.22910496592521667,
            0.0
          ],
          [
            -0.12095048278570175,
            -0.2395058125257492,
            0.9633316993713379,
            0.0
          ],
          [
            0.0,
            0.0,
            0.0,
            1.0
          ]
        ],
        "rotation_mode": "QUATERNION"
      },
      "armature_space": {
        "head": {
          "x": -0.025351645424962044,
          "y": -0.12228594720363617,
          "z": 0.550330400466919
        },
        "tail": {
          "x": -0.022953493520617485,
          "y": -0.1524389237165451,
          "z": 0.6482885479927063
        }
      },
      "world_space": {
        "head": {
          "x": -0.025351645424962044,
          "y": -0.05904194712638855,
          "z": 1.500184416770935
        },
        "tail": {
          "x": -0.022953493520617485,
          "y": -0.08919492363929749,
          "z": 1.5981426239013672
        },
        "rotation_quaternion": {
          "w": 0.5882951021194458,
          "x": 0.7990570664405823,
          "y": 0.08277442306280136,
          "z": 0.09254824370145798
        },
        "matrix": [
          [
            0.9691663384437561,
            0.023391738533973694,
            0.24529415369033813,
            -0.025351645424962044
          ],
          [
            0.24117432534694672,
            -0.2941141128540039,
            -0.9248416423797607,
            -0.05904194712638855
          ],
          [
            0.05051138624548912,
            0.9554904699325562,
            -0.2906898856163025,
            1.500184416770935
          ],
          [
            0.0,
            0.0,
            0.0,
            1.0
          ]
        ]
      },
      "bone_length_armature_space": 0.10252195587489324,
      "parent": "spine_01",
      "has_children": true,
      "is_end_bone": false
    },
    "head": {
      "name": "head",
      "local": {
        "location": {
          "x": 0.0,
          "y": 0.0,
          "z": 0.0
        },
        "rotation_quaternion": {
          "w": 0.9811369180679321,
          "x": 0.041338030248880386,
          "y": -0.08097109198570251,
          "z": -0.17060299217700958
        },
        "scale": {
          "x": 1.0,
          "y": 1.0,
          "z": 1.0
        },
        "matrix_basis": [
          [
            0.9286766052246094,
            0.3280754089355469,
            -0.17299224436283112,
            0.0
          ],
          [
            -0.34146416187286377,
            0.9383715987205505,
            -0.05348871275782585,
            0.0
          ],
          [
            0.1447826772928238,
            0.10874435305595398,
            0.9834697246551514,
            0.0
          ],
          [
            0.0,
            0.0,
            0.0,
            1.0
          ]
        ],
        "rotation_mode": "QUATERNION"
      },
      "armature_space": {
        "head": {
          "x": -0.0229534562677145,
          "y": -0.15243904292583466,
          "z": 0.6482884287834167
        },
        "tail": {
          "x": 0.020523669198155403,
          "y": -0.1479371339082718,
          "z": 0.7970929145812988
        }
      },
      "world_space": {
        "head": {
          "x": -0.0229534562677145,
          "y": -0.08919504284858704,
          "z": 1.598142385482788
        },
        "tail": {
          "x": 0.020523669198155403,
          "y": -0.08469313383102417,
          "z": 1.746946930885315
        },
        "rotation_quaternion": {
          "w": 0.7066620588302612,
          "x": 0.6924140453338623,
          "y": 0.12305374443531036,
          "z": -0.07777852565050125
        },
        "matrix": [
          [
            0.9576166272163391,
            0.2803344130516052,
            0.0662032812833786,
            -0.0229534562677145
          ],
          [
            0.060480013489723206,
            0.029027685523033142,
            -0.9977473616600037,
            -0.08919504284858704
          ],
          [
            -0.2816266119480133,
            0.959470272064209,
            0.010841932147741318,
            1.598142385482788
          ],
          [
            0.0,
            0.0,
            0.0,
            1.0
          ]
        ]
      },
      "bone_length_armature_space": 0.1550912732410939,
      "parent": "neck_01",
      "has_children": false,
      "is_end_bone": true
    },
    "upperarm_l": {
      "name": "upperarm_l",
      "local": {
        "location": {
          "x": 0.0,
          "y": 0.0,
          "z": 0.0
        },
        "rotation_quaternion": {
          "w": 0.9625387787818909,
          "x": -0.018961001187562943,
          "y": 0.2700437903404236,
          "z": 0.015363361686468124
        },
        "scale": {
          "x": 1.0,
          "y": 1.0,
          "z": 1.0
        },
        "matrix_basis": [
          [
            0.8536806106567383,
            -0.03981626406311989,
            0.5192726254463196,
            0.0
          ],
          [
            0.019335061311721802,
            0.9988089203834534,
            0.04479895904660225,
            0.0
          ],
          [
            -0.5204378366470337,
            -0.02820383757352829,
            0.8534336686134338,
            0.0
          ],
          [
            0.0,
            0.0,
            0.0,
            1.0
          ]
        ],
        "rotation_mode": "QUATERNION"
      },
      "armature_space": {
        "head": {
          "x": 0.1276547759771347,
          "y": -0.10098195821046829,
          "z": 0.4940962791442871
        },
        "tail": {
          "x": 0.3911018967628479,
          "y": -0.05963928997516632,
          "z": 0.5204408764839172
        }
      },
      "world_space": {
        "head": {
          "x": 0.1276547759771347,
          "y": -0.03773795813322067,
          "z": 1.4439502954483032
        },
        "tail": {
          "x": 0.3911018967628479,
          "y": 0.003604710102081299,
          "z": 1.4702949523925781
        },
        "rotation_quaternion": {
          "w": 0.3424318730831146,
          "x": 0.6067540049552917,
          "y": 0.6781465411186218,
          "z": -0.2338958978652954
        },
        "matrix": [
          [
            -0.029178522527217865,
            0.9831237196922302,
            0.18060019612312317,
            0.1276547759771347
          ],
          [
            0.6627489328384399,
            0.15428128838539124,
            -0.7327764630317688,
            -0.03773795813322067
          ],
          [
            -0.7482776641845703,
            0.09831202775239944,
            -0.6560710668563843,
            1.4439502954483032
          ],
          [
            0.0,
            0.0,
            0.0,
            1.0
          ]
        ]
      },
      "bone_length_armature_space": 0.26796946212250616,
      "parent": "spine_01",
      "has_children": true,
      "is_end_bone": false
    },
    "lowerarm_l": {
      "name": "lowerarm_l",
      "local": {
        "location": {
          "x": 0.0,
          "y": 0.0,
          "z": 0.0
        },
        "rotation_quaternion": {
          "w": 0.9620551466941833,
          "x": 0.25749361515045166,
          "y": 0.08434518426656723,
          "z": -0.032139260321855545
        },
        "scale": {
          "x": 1.0,
          "y": 1.0,
          "z": 1.0
        },
        "matrix_basis": [
          [
            0.9837059378623962,
            0.10527617484331131,
            0.1457381248474121,
            0.0
          ],
          [
            -0.018402788788080215,
            0.8653281927108765,
            -0.5008677244186401,
            0.0
          ],
          [
            -0.1788407415151596,
            0.49002453684806824,
            0.853165864944458,
            0.0
          ],
          [
            0.0,
            0.0,
            0.0,
            1.0
          ]
        ],
        "rotation_mode": "QUATERNION"
      },
      "armature_space": {
        "head": {
          "x": 0.39110198616981506,
          "y": -0.05963939055800438,
          "z": 0.520440936088562
        },
        "tail": {
          "x": 0.6310775876045227,
          "y": -0.14781294763088226,
          "z": 0.4416590929031372
        }
      },
      "world_space": {
        "head": {
          "x": 0.39110198616981506,
          "y": 0.0036046095192432404,
          "z": 1.4702949523925781
        },
        "tail": {
          "x": 0.6310775876045227,
          "y": -0.08456894755363464,
          "z": 1.3915131092071533
        },
        "rotation_quaternion": {
          "w": 0.12172436714172363,
          "x": 0.7038900852203369,
          "y": 0.5660269856452942,
          "z": -0.41150403022766113
        },
        "matrix": [
          [
            0.020554136484861374,
            0.8970229625701904,
            -0.4415055811405182,
            0.39110198616981506
          ],
          [
            0.6966605186462402,
            -0.3295905888080597,
            -0.6372082829475403,
            0.0036046095192432404
          ],
          [
            -0.717110812664032,
            -0.2944846749305725,
            -0.6316999197006226,
            1.4702949523925781
          ],
          [
            0.0,
            0.0,
            0.0,
            1.0
          ]
        ]
      },
      "bone_length_armature_space": 0.2675246625590431,
      "parent": "upperarm_l",
      "has_children": true,
      "is_end_bone": false
    },
    "metacarpal_thumb_l": {
      "name": "metacarpal_thumb_l",
      "local": {
        "location": {
          "x": 0.0,
          "y": 0.0,
          "z": 0.0
        },
        "rotation_quaternion": {
          "w": 0.9997014403343201,
          "x": -0.012480993755161762,
          "y": -0.018334336578845978,
          "z": 0.010253379121422768
        },
        "scale": {
          "x": 1.0,
          "y": 1.0,
          "z": 1.0
        },
        "matrix_basis": [
          [
            0.9991174340248108,
            -0.02004297450184822,
            -0.0369136705994606,
            0.0
          ],
          [
            0.020958296954631805,
            0.9994781613349915,
            0.024578556418418884,
            0.0
          ],
          [
            0.03640178218483925,
            -0.02533051185309887,
            0.9990161657333374,
            0.0
          ],
          [
            0.0,
            0.0,
            0.0,
            1.0
          ]
        ],
        "rotation_mode": "QUATERNION"
      },
      "armature_space": {
        "head": {
          "x": 0.6310775876045227,
          "y": -0.14781294763088226,
          "z": 0.4416590929031372
        },
        "tail": {
          "x": 0.652687668800354,
          "y": -0.17427149415016174,
          "z": 0.4057905375957489
        }
      },
      "world_space": {
        "head": {
          "x": 0.6310775876045227,
          "y": -0.08456894755363464,
          "z": 1.3915131092071533
        },
        "tail": {
          "x": 0.652687668800354,
          "y": -0.11102749407291412,
          "z": 1.3556445837020874
        },
        "rotation_quaternion": {
          "w": 0.42148733139038086,
          "x": -0.8753393292427063,
          "y": -0.23510020971298218,
          "z": -0.02928343415260315
        },
        "matrix": [
          [
            0.8877403140068054,
            0.4362703561782837,
            -0.1469191014766693,
            0.6310775876045227
          ],
          [
            0.38690119981765747,
            -0.5341527462005615,
            0.7516571283340454,
            -0.08456894755363464
          ],
          [
            0.24945060908794403,
            -0.7241249084472656,
            -0.6429861187934875,
            1.3915131092071533
          ],
          [
            0.0,
            0.0,
            0.0,
            1.0
          ]
        ]
      },
      "bone_length_armature_space": 0.04953386235521378,
      "parent": "lowerarm_l",
      "has_children": true,
      "is_end_bone": false
    },
    "thumb_01_l": {
      "name": "thumb_01_l",
      "local": {
        "location": {
          "x": 0.0,
          "y": 0.0,
          "z": 0.0
        },
        "rotation_quaternion": {
          "w": 0.9997001886367798,
          "x": -0.0162871852517128,
          "y": 0.01824989728629589,
          "z": 0.0011307935928925872
        },
        "scale": {
          "x": 1.0,
          "y": 1.0,
          "z": 1.0
        },
        "matrix_basis": [
          [
            0.9993312954902649,
            -0.002855387981981039,
            0.03645201772451401,
            0.0
          ],
          [
            0.0016664302675053477,
            0.9994668960571289,
            0.03260587900876999,
            0.0
          ],
          [
            -0.03652568534016609,
            -0.03252333030104637,
            0.9988033175468445,
            0.0
          ],
          [
            0.0,
            0.0,
            0.0,
            1.0
          ]
        ],
        "rotation_mode": "QUATERNION"
      },
      "armature_space": {
        "head": {
          "x": 0.652687668800354,
          "y": -0.17427149415016174,
          "z": 0.4057905375957489
        },
        "tail": {
          "x": 0.6540815830230713,
          "y": -0.169265016913414,
          "z": 0.3721507787704468
        }
      },
      "world_space": {
        "head": {
          "x": 0.652687668800354,
          "y": -0.11102749407291412,
          "z": 1.3556445837020874
        },
        "tail": {
          "x": 0.6540815830230713,
          "y": -0.10602101683616638,
          "z": 1.322004795074463
        },
        "rotation_quaternion": {
          "w": 0.6379584074020386,
          "x": -0.5350679755210876,
          "y": 0.40810588002204895,
          "z": -0.37438061833381653
        },
        "matrix": [
          [
            0.38657790422439575,
            0.04095068573951721,
            0.9213470816612244,
            0.652687668800354
          ],
          [
            -0.9144072532653809,
            0.14708228409290314,
            0.37712886929512024,
            -0.11102749407291412
          ],
          [
            -0.12007178366184235,
            -0.9882828593254089,
            0.09430538862943649,
            1.3556445837020874
          ],
          [
            0.0,
            0.0,
            0.0,
            1.0
          ]
        ]
      },
      "bone_length_armature_space": 0.034038819362352896,
      "parent": "metacarpal_thumb_l",
      "has_children": true,
      "is_end_bone": false
    },
    "thumb_02_l": {
      "name": "thumb_02_l",
      "local": {
        "location": {
          "x": 0.0,
          "y": 0.0,
          "z": 0.0
        },
        "rotation_quaternion": {
          "w": 0.9954656958580017,
          "x": 0.09482190012931824,
          "y": 0.007449451368302107,
          "z": 0.001222485676407814
        },
        "scale": {
          "x": 1.0,
          "y": 1.0,
          "z": 1.0
        },
        "matrix_basis": [
          [
            0.9998860359191895,
            -0.00102114281617105,
            0.015063183382153511,
            0.0
          ],
          [
            0.003846627427265048,
            0.9820145964622498,
            -0.18876568973064423,
            0.0
          ],
          [
            -0.014599509537220001,
            0.188802108168602,
            0.9819066524505615,
            0.0
          ],
          [
            0.0,
            0.0,
            0.0,
            1.0
          ]
        ],
        "rotation_mode": "QUATERNION"
      },
      "armature_space": {
        "head": {
          "x": 0.6540815234184265,
          "y": -0.1692650020122528,
          "z": 0.37215080857276917
        },
        "tail": {
          "x": 0.6898431181907654,
          "y": -0.18183383345603943,
          "z": 0.35887250304222107
        }
      },
      "world_space": {
        "head": {
          "x": 0.6540815234184265,
          "y": -0.10602100193500519,
          "z": 1.322004795074463
        },
        "tail": {
          "x": 0.6898431181907654,
          "y": -0.11858983337879181,
          "z": 1.3087265491485596
        },
        "rotation_quaternion": {
          "w": 0.5647254586219788,
          "x": -0.06840014457702637,
          "y": 0.1569000482559204,
          "z": -0.8073344826698303
        },
        "matrix": [
          [
            -0.35281237959861755,
            0.8903805017471313,
            0.28765565156936646,
            0.6540815234184265
          ],
          [
            -0.9333091378211975,
            -0.3129347562789917,
            -0.17608526349067688,
            -0.10602100193500519
          ],
          [
            -0.06676680594682693,
            -0.33059918880462646,
            0.9414138793945312,
            1.322004795074463
          ],
          [
            0.0,
            0.0,
            0.0,
            1.0
          ]
        ]
      },
      "bone_length_armature_space": 0.04016441962958325,
      "parent": "thumb_01_l",
      "has_children": true,
      "is_end_bone": false
    },
    "thumb_03_l": {
      "name": "thumb_03_l",
      "local": {
        "location": {
          "x": 0.0,
          "y": 0.0,
          "z": 0.0
        },
        "rotation_quaternion": {
          "w": 0.9948219060897827,
          "x": 0.10135218501091003,
          "y": -0.00752750551328063,
          "z": -0.0006021116278134286
        },
        "scale": {
          "x": 1.0,
          "y": 1.0,
          "z": 1.0
        },
        "matrix_basis": [
          [
            0.9998859763145447,
            -0.00032787059899419546,
            -0.015099105425179005,
            0.0
          ],
          [
            -0.002723845886066556,
            0.979454755783081,
            -0.20164568722248077,
            0.0
          ],
          [
            0.014855003915727139,
            0.2016638070344925,
            0.9793421626091003,
            0.0
          ],
          [
            0.0,
            0.0,
            0.0,
            1.0
          ]
        ],
        "rotation_mode": "QUATERNION"
      },
      "armature_space": {
        "head": {
          "x": 0.6898430585861206,
          "y": -0.18183386325836182,
          "z": 0.3588724434375763
        },
        "tail": {
          "x": 0.7187696099281311,
          "y": -0.1904381662607193,
          "z": 0.36288630962371826
        }
      },
      "world_space": {
        "head": {
          "x": 0.6898430585861206,
          "y": -0.1185898631811142,
          "z": 1.30872642993927
        },
        "tail": {
          "x": 0.7187696099281311,
          "y": -0.12719416618347168,
          "z": 1.3127403259277344
        },
        "rotation_quaternion": {
          "w": 0.592665433883667,
          "x": 0.2231423258781433,
          "y": 0.0862409695982933,
          "z": -0.7691019177436829
        },
        "matrix": [
          [
            -0.19790983200073242,
            0.9501287937164307,
            -0.24101203680038452,
            0.6898430585861206
          ],
          [
            -0.8731523156166077,
            -0.282618910074234,
            -0.3971545100212097,
            -0.1185898631811142
          ],
          [
            -0.44546642899513245,
            0.13184021413326263,
            0.885546088218689,
            1.30872642993927
          ],
          [
            0.0,
            0.0,
            0.0,
            1.0
          ]
        ]
      },
      "bone_length_armature_space": 0.030444876828117008,
      "parent": "thumb_02_l",
      "has_children": false,
      "is_end_bone": true
    },
    "metacarpal_index_l": {
      "name": "metacarpal_index_l",
      "local": {
        "location": {
          "x": 0.0,
          "y": 0.0,
          "z": 0.0
        },
        "rotation_quaternion": {
          "w": 0.9993323087692261,
          "x": 0.03282639756798744,
          "y": 0.005392482504248619,
          "z": -0.015112999826669693
        },
        "scale": {
          "x": 1.0,
          "y": 1.0,
          "z": 1.0
        },
        "matrix_basis": [
          [
            0.9994850158691406,
            0.030559848994016647,
            0.009785553440451622,
            0.0
          ],
          [
            -0.02985178679227829,
            0.9973880648612976,
            -0.06577195227146149,
            0.0
          ],
          [
            -0.011769974604249,
            0.06544596701860428,
            0.9977867007255554,
            0.0
          ],
          [
            0.0,
            0.0,
            0.0,
            1.0
          ]
        ],
        "rotation_mode": "QUATERNION"
      },
      "armature_space": {
        "head": {
          "x": 0.6310775876045227,
          "y": -0.14781294763088226,
          "z": 0.4416590929031372
        },
        "tail": {
          "x": 0.7139176726341248,
          "y": -0.1978543996810913,
          "z": 0.3756086528301239
        }
      },
      "world_space": {
        "head": {
          "x": 0.6310775876045227,
          "y": -0.08456894755363464,
          "z": 1.3915131092071533
        },
        "tail": {
          "x": 0.7139176726341248,
          "y": -0.1346103996038437,
          "z": 1.3254626989364624
        },
        "rotation_quaternion": {
          "w": 0.26694151759147644,
          "x": -0.8351072669029236,
          "y": -0.46390002965927124,
          "z": 0.12702330946922302
        },
        "matrix": [
          [
            0.5373223423957825,
            0.7069970965385437,
            -0.4598257541656494,
            0.6310775876045227
          ],
          [
            0.842629075050354,
            -0.4270777702331543,
            0.32799553871154785,
            -0.08456894755363464
          ],
          [
            0.03551159054040909,
            -0.5637062191963196,
            -0.825219988822937,
            1.3915131092071533
          ],
          [
            0.0,
            0.0,
            0.0,
            1.0
          ]
        ]
      },
      "bone_length_armature_space": 0.1171720405156627,
      "parent": "lowerarm_l",
      "has_children": true,
      "is_end_bone": false
    },
    "index_01_l": {
      "name": "index_01_l",
      "local": {
        "location": {
          "x": 0.0,
          "y": 0.0,
          "z": 0.0
        },
        "rotation_quaternion": {
          "w": 0.9949368238449097,
          "x": -0.10011790692806244,
          "y": -0.008190839551389217,
          "z": -0.003184675704687834
        },
        "scale": {
          "x": 1.0,
          "y": 1.0,
          "z": 1.0
        },
        "matrix_basis": [
          [
            0.999845564365387,
            0.007977201603353024,
            -0.015661049634218216,
            0.0
          ],
          [
            -0.004697002936154604,
            0.9799325466156006,
            0.19927415251731873,
            0.0
          ],
          [
            0.016936421394348145,
            -0.1991698145866394,
            0.9798186421394348,
            0.0
          ],
          [
            0.0,
            0.0,
            0.0,
            1.0
          ]
        ],
        "rotation_mode": "QUATERNION"
      },
      "armature_space": {
        "head": {
          "x": 0.7139176726341248,
          "y": -0.1978543996810913,
          "z": 0.3756086528301239
        },
        "tail": {
          "x": 0.7411447763442993,
          "y": -0.2036752700805664,
          "z": 0.369454562664032
        }
      },
      "world_space": {
        "head": {
          "x": 0.7139176726341248,
          "y": -0.1346103996038437,
          "z": 1.3254626989364624
        },
        "tail": {
          "x": 0.7411447763442993,
          "y": -0.1404312700033188,
          "z": 1.3193085193634033
        },
        "rotation_quaternion": {
          "w": 0.15644976496696472,
          "x": -0.7756196856498718,
          "y": -0.6111090779304504,
          "z": -0.021984875202178955
        },
        "matrix": [
          [
            0.25212422013282776,
            0.9548553228378296,
            -0.15711359679698944,
            0.7139176726341248
          ],
          [
            0.9410979747772217,
            -0.204137921333313,
            0.26955994963645935,
            -0.1346103996038437
          ],
          [
            0.22532038390636444,
            -0.2158236801624298,
            -0.9500867128372192,
            1.3254626989364624
          ],
          [
            0.0,
            0.0,
            0.0,
            1.0
          ]
        ]
      },
      "bone_length_armature_space": 0.02851439198135191,
      "parent": "metacarpal_index_l",
      "has_children": true,
      "is_end_bone": false
    },
    "index_02_l": {
      "name": "index_02_l",
      "local": {
        "location": {
          "x": 0.0,
          "y": 0.0,
          "z": 0.0
        },
        "rotation_quaternion": {
          "w": 0.9997181296348572,
          "x": 0.021649761125445366,
          "y": -0.00967454444617033,
          "z": 0.0012500497978180647
        },
        "scale": {
          "x": 1.0,
          "y": 1.0,
          "z": 1.0
        },
        "matrix_basis": [
          [
            0.9998096823692322,
            -0.0029182981234043837,
            -0.01928950846195221,
            0.0
          ],
          [
            0.0020804917439818382,
            0.9990594387054443,
            -0.043311506509780884,
            0.0
          ],
          [
            0.019397761672735214,
            0.04326312988996506,
            0.9988753795623779,
            0.0
          ],
          [
            0.0,
            0.0,
            0.0,
            1.0
          ]
        ],
        "rotation_mode": "QUATERNION"
      },
      "armature_space": {
        "head": {
          "x": 0.7411450147628784,
          "y": -0.20367547869682312,
          "z": 0.36945414543151855
        },
        "tail": {
          "x": 0.7657614350318909,
          "y": -0.20824012160301208,
          "z": 0.3638608157634735
        }
      },
      "world_space": {
        "head": {
          "x": 0.7411450147628784,
          "y": -0.1404314786195755,
          "z": 1.3193081617355347
        },
        "tail": {
          "x": 0.7657614350318909,
          "y": -0.14499612152576447,
          "z": 1.313714861869812
        },
        "rotation_quaternion": {
          "w": 0.13276958465576172,
          "x": -0.7673584222793579,
          "y": -0.6272192597389221,
          "z": 0.011375362053513527
        },
        "matrix": [
          [
            0.21293270587921143,
            0.9595831036567688,
            -0.1840105801820755,
            0.7411450147628784
          ],
          [
            0.9656249284744263,
            -0.17793628573417664,
            0.18949244916439056,
            -0.1404314786195755
          ],
          [
            0.14909356832504272,
            -0.21803611516952515,
            -0.9644922614097595,
            1.3193081617355347
          ],
          [
            0.0,
            0.0,
            0.0,
            1.0
          ]
        ]
      },
      "bone_length_armature_space": 0.025653253605340376,
      "parent": "index_01_l",
      "has_children": true,
      "is_end_bone": false
    },
    "index_03_l": {
      "name": "index_03_l",
      "local": {
        "location": {
          "x": 0.0,
          "y": 0.0,
          "z": 0.0
        },
        "rotation_quaternion": {
          "w": 0.9989586472511292,
          "x": 0.04480678588151932,
          "y": -0.00779026048257947,
          "z": 0.0036540795117616653
        },
        "scale": {
          "x": 1.0,
          "y": 1.0,
          "z": 1.0
        },
        "matrix_basis": [
          [
            0.9998519420623779,
            -0.007998662069439888,
            -0.015236840583384037,
            0.0
          ],
          [
            0.006602435372769833,
            0.9959579706192017,
            -0.08957718312740326,
            0.0
          ],
          [
            0.015891751274466515,
            0.08946332335472107,
            0.9958633184432983,
            0.0
          ],
          [
            0.0,
            0.0,
            0.0,
            1.0
          ]
        ],
        "rotation_mode": "QUATERNION"
      },
      "armature_space": {
        "head": {
          "x": 0.7657614350318909,
          "y": -0.20824018120765686,
          "z": 0.36386096477508545
        },
        "tail": {
          "x": 0.7928416728973389,
          "y": -0.20986062288284302,
          "z": 0.3530089259147644
        }
      },
      "world_space": {
        "head": {
          "x": 0.7657614350318909,
          "y": -0.14499618113040924,
          "z": 1.3137149810791016
        },
        "tail": {
          "x": 0.7928416728973389,
          "y": -0.1466166228055954,
          "z": 1.3028628826141357
        },
        "rotation_quaternion": {
          "w": 0.21783730387687683,
          "x": -0.725203812122345,
          "y": -0.65177983045578,
          "z": 0.042537909001111984
        },
        "matrix": [
          [
            0.1467456966638565,
            0.9268132448196411,
            -0.3456629514694214,
            0.7657614350318909
          ],
          [
            0.9638799428939819,
            -0.055459171533584595,
            0.2604995667934418,
            -0.14499618113040924
          ],
          [
            0.2222667634487152,
            -0.37140750885009766,
            -0.9014808535575867,
            1.3137149810791016
          ],
          [
            0.0,
            0.0,
            0.0,
            1.0
          ]
        ]
      },
      "bone_length_armature_space": 0.029218690390214477,
      "parent": "index_02_l",
      "has_children": false,
      "is_end_bone": true
    },
    "metacarpal_pinky_l": {
      "name": "metacarpal_pinky_l",
      "local": {
        "location": {
          "x": 0.0,
          "y": 0.0,
          "z": 0.0
        },
        "rotation_quaternion": {
          "w": 0.9981563687324524,
          "x": -0.0603519007563591,
          "y": -8.025672286748886e-07,
          "z": 0.006440420635044575
        },
        "scale": {
          "x": 1.0,
          "y": 1.0,
          "z": 1.0
        },
        "matrix_basis": [
          [
            0.9999170303344727,
            -0.01285699661821127,
            -0.0007789854425936937,
            0.0
          ],
          [
            0.01285719033330679,
            0.9926323294639587,
            0.12048126012086868,
            0.0
          ],
          [
            -0.0007757810526527464,
            -0.12048127502202988,
            0.9927152991294861,
            0.0
          ],
          [
            0.0,
            0.0,
            0.0,
            1.0
          ]
        ],
        "rotation_mode": "QUATERNION"
      },
      "armature_space": {
        "head": {
          "x": 0.6310775876045227,
          "y": -0.14781294763088226,
          "z": 0.4416590929031372
        },
        "tail": {
          "x": 0.7341565489768982,
          "y": -0.14841514825820923,
          "z": 0.42690831422805786
        }
      },
      "world_space": {
        "head": {
          "x": 0.6310775876045227,
          "y": -0.08456894755363464,
          "z": 1.3915131092071533
        },
        "tail": {
          "x": 0.7341565489768982,
          "y": -0.08517114818096161,
          "z": 1.3767623901367188
        },
        "rotation_quaternion": {
          "w": 0.5828595161437988,
          "x": 0.3119465112686157,
          "y": 0.39671415090560913,
          "z": -0.6368533372879028
        },
        "matrix": [
          [
            -0.1259268969297409,
            0.9898990988731384,
            0.06513090431690216,
            0.6310775876045227
          ],
          [
            -0.4948861300945282,
            -0.005783155560493469,
            -0.8689387440681458,
            -0.08456894755363464
          ],
          [
            -0.8597914576530457,
            -0.14165617525577545,
            0.4906180799007416,
            1.3915131092071533
          ],
          [
            0.0,
            0.0,
            0.0,
            1.0
          ]
        ]
      },
      "bone_length_armature_space": 0.10413078401098441,
      "parent": "lowerarm_l",
      "has_children": true,
      "is_end_bone": false
    },
    "pinky_01_l": {
      "name": "pinky_01_l",
      "local": {
        "location": {
          "x": 0.0,
          "y": 0.0,
          "z": 0.0
        },
        "rotation_quaternion": {
          "w": 0.9612900018692017,
          "x": 0.27523401379585266,
          "y": -0.012278569862246513,
          "z": 0.004146174062043428
        },
        "scale": {
          "x": 1.0,
          "y": 1.0,
          "z": 1.0
        },
        "matrix_basis": [
          [
            0.9996640682220459,
            -0.014730311930179596,
            -0.021324196830391884,
            0.0
          ],
          [
            0.0012123911874368787,
            0.8484581112861633,
            -0.5292612314224243,
            0.0
          ],
          [
            0.025888869538903236,
            0.5290576219558716,
            0.84819096326828,
            0.0
          ],
          [
            0.0,
            0.0,
            0.0,
            1.0
          ]
        ],
        "rotation_mode": "QUATERNION"
      },
      "armature_space": {
        "head": {
          "x": 0.7341565489768982,
          "y": -0.14841514825820923,
          "z": 0.42690831422805786
        },
        "tail": {
