{
  "metadata": {
    "armature_name": "KIM_caucasian_male",
    "export_time": "2026-01-13T20:25:33.888071",
    "blender_version": "4.4.1",
    "bone_count": 56,
    "end_bone_count": 13,
    "spaces_included": [
      "LOCAL_CHANNELS",
      "ARMATURE_SPACE",
      "WORLD_SPACE"
    ],
    "note": "LOCAL matches Transform panel; replay pose via local.matrix_basis for best fidelity."
  },
  "bones": {
    "Root": {
      "name": "Root",
      "local": {
        "location": {
          "x": 0.0,
          "y": 0.0,
          "z": 0.0
        },
        "rotation_quaternion": {
          "w": 0.9999145269393921,
          "x": -0.0011863643303513527,
          "y": 0.01247047446668148,
          "z": -0.0037408831994980574
        },
        "scale": {
          "x": 1.0,
          "y": 1.0,
          "z": 1.0
        },
        "matrix_basis": [
          [
            0.9996609687805176,
            0.007451537996530533,
            0.024947693571448326,
            0.0
          ],
          [
            -0.00751071609556675,
            0.9999691843986511,
            0.0022792245727032423,
            0.0
          ],
          [
            -0.024929940700531006,
            -0.0024658269248902798,
            0.9996861815452576,
            0.0
          ],
          [
            0.0,
            0.0,
            0.0,
            1.0
          ]
        ],
        "rotation_mode": "QUATERNION"
      },
      "armature_space": {
        "head": {
          "x": 0.0,
          "y": 0.07072800397872925,
          "z": -0.009595036506652832
        },
        "tail": {
          "x": 0.000531859986949712,
          "y": 2.5838613510131836e-05,
          "z": 0.00017410796135663986
        }
      },
      "world_space": {
        "head": {
          "x": 0.0,
          "y": 0.13397200405597687,
          "z": 0.9402589797973633
        },
        "tail": {
          "x": 0.000531859986949712,
          "y": 0.06326983869075775,
          "z": 0.950028121471405
        },
        "rotation_quaternion": {
          "w": 0.06854555755853653,
          "x": 0.9975630640983582,
          "y": 0.004572493955492973,
          "z": 0.012190126813948154
        },
        "matrix": [
          [
            0.9996609687805176,
            0.007451537996530533,
            0.024947693571448326,
            0.0
          ],
          [
            0.010793866589665413,
            -0.9905611872673035,
            -0.13664604723453522,
            0.13397200405597687
          ],
          [
            0.023694166913628578,
            0.13686901330947876,
            -0.9903128743171692,
            0.9402589797973633
          ],
          [
            0.0,
            0.0,
            0.0,
            1.0
          ]
        ]
      },
      "bone_length_armature_space": 0.071375872751423,
      "parent": null,
      "has_children": true,
      "is_end_bone": false
    },
    "spine_01": {
      "name": "spine_01",
      "local": {
        "location": {
          "x": 0.0,
          "y": 0.0,
          "z": 0.0
        },
        "rotation_quaternion": {
          "w": 0.9927200675010681,
          "x": 0.10679348558187485,
          "y": -0.054471492767333984,
          "z": -0.011612913571298122
        },
        "scale": {
          "x": 1.0,
          "y": 1.0,
          "z": 1.0
        },
        "matrix_basis": [
          [
            0.9937959909439087,
            0.01142234355211258,
            -0.11063025146722794,
            0.0
          ],
          [
            -0.03469114750623703,
            0.9769206047058105,
            -0.21076692640781403,
            0.0
          ],
          [
            0.1056695207953453,
            0.21329721808433533,
            0.9712560176849365,
            0.0
          ],
          [
            0.0,
            0.0,
            0.0,
            1.0
          ]
        ],
        "rotation_mode": "QUATERNION"
      },
      "armature_space": {
        "head": {
          "x": 0.000531859986949712,
          "y": 2.5838613510131836e-05,
          "z": 0.00017410796135663986
        },
        "tail": {
          "x": -0.004429769702255726,
          "y": -0.08052274584770203,
          "z": 0.4814595878124237
        }
      },
      "world_space": {
        "head": {
          "x": 0.000531859986949712,
          "y": 0.06326983869075775,
          "z": 0.950028121471405
        },
        "tail": {
          "x": -0.004429769702255726,
          "y": -0.017278745770454407,
          "z": 1.4313136339187622
        },
        "rotation_quaternion": {
          "w": 0.6451724171638489,
          "x": 0.7625024318695068,
          "y": -0.03497560694813728,
          "z": -0.03345676511526108
        },
        "matrix": [
          [
            0.9953146576881409,
            -0.010167248547077179,
            -0.09615231305360794,
            0.000531859986949712
          ],
          [
            -0.09650874137878418,
            -0.1650581657886505,
            -0.9815508127212524,
            0.06326983869075775
          ],
          [
            -0.005891191307455301,
            0.9862382411956787,
            -0.16526812314987183,
            0.950028121471405
          ],
          [
            0.0,
            0.0,
            0.0,
            1.0
          ]
        ]
      },
      "bone_length_armature_space": 0.48800452032513447,
      "parent": "Root",
      "has_children": true,
      "is_end_bone": false
    },
    "neck_01": {
      "name": "neck_01",
      "local": {
        "location": {
          "x": 0.0,
          "y": 0.0,
          "z": 0.0
        },
        "rotation_quaternion": {
          "w": 0.9965678453445435,
          "x": -0.06987883895635605,
          "y": 0.04080825299024582,
          "z": -0.017441486939787865
        },
        "scale": {
          "x": 1.0,
          "y": 1.0,
          "z": 1.0
        },
        "matrix_basis": [
          [
            0.9960609674453735,
            0.029059983789920807,
            0.08377397060394287,
            0.0
          ],
          [
            -0.040466517210006714,
            0.9896255135536194,
            0.13785450160503387,
            0.0
          ],
          [
            -0.07889880239963531,
            -0.1407015174627304,
            0.9869032502174377,
            0.0
          ],
          [
            0.0,
            0.0,
            0.0,
            1.0
          ]
        ],
        "rotation_mode": "QUATERNION"
      },
      "armature_space": {
        "head": {
          "x": -0.008508805185556412,
          "y": -0.1266486644744873,
          "z": 0.5479388236999512
        },
        "tail": {
          "x": -0.00895192101597786,
          "y": -0.16807398200035095,
          "z": 0.641717791557312
        }
      },
      "world_space": {
        "head": {
          "x": -0.008508805185556412,
          "y": -0.06340466439723969,
          "z": 1.4977928400039673
        },
        "tail": {
          "x": -0.00895192101597786,
          "y": -0.10482998192310333,
          "z": 1.5915718078613281
        },
        "rotation_quaternion": {
          "w": 0.5458477735519409,
          "x": 0.8378704190254211,
          "y": -0.00416947528719902,
          "z": -0.002440967597067356
        },
        "matrix": [
          [
            0.9999533295631409,
            -0.004322178661823273,
            -0.008642241358757019,
            -0.008508805185556412
          ],
          [
            -0.00965176522731781,
            -0.4040653109550476,
            -0.9146794080734253,
            -0.06340466439723969
          ],
          [
            0.00046136975288391113,
            0.9147260189056396,
            -0.40409180521965027,
            1.4977928400039673
          ],
          [
            0.0,
            0.0,
            0.0,
            1.0
          ]
        ]
      },
      "bone_length_armature_space": 0.10252194014580528,
      "parent": "spine_01",
      "has_children": true,
      "is_end_bone": false
    },
    "head": {
      "name": "head",
      "local": {
        "location": {
          "x": 0.0,
          "y": 0.0,
          "z": 0.0
        },
        "rotation_quaternion": {
          "w": 0.9849727749824524,
          "x": -0.09849749505519867,
          "y": -0.14101648330688477,
          "z": -0.015533046796917915
        },
        "scale": {
          "x": 1.0,
          "y": 1.0,
          "z": 1.0
        },
        "matrix_basis": [
          [
            0.9597461223602295,
            0.05837879702448845,
            -0.27473485469818115,
            0.0
          ],
          [
            -0.002819715766236186,
            0.9801139235496521,
            0.19841553270816803,
            0.0
          ],
          [
            0.280854731798172,
            -0.18965387344360352,
            0.9408251643180847,
            0.0
          ],
          [
            0.0,
            0.0,
            0.0,
            1.0
          ]
        ],
        "rotation_mode": "QUATERNION"
      },
      "armature_space": {
        "head": {
          "x": -0.00895192101597786,
          "y": -0.1680741012096405,
          "z": 0.6417176127433777
        },
        "tail": {
          "x": 0.0002394542098045349,
          "y": -0.14581294357776642,
          "z": 0.7949274778366089
        }
      },
      "world_space": {
        "head": {
          "x": -0.00895192101597786,
          "y": -0.10483010113239288,
          "z": 1.591571569442749
        },
        "tail": {
          "x": 0.0002394542098045349,
          "y": -0.0825689435005188,
          "z": 1.744781494140625
        },
        "rotation_quaternion": {
          "w": 0.7507063746452332,
          "x": 0.6438186764717102,
          "y": -0.0905996635556221,
          "z": -0.11717242002487183
        },
        "matrix": [
          [
            0.9561246037483215,
            0.05926470458507538,
            -0.2869033217430115,
            -0.00895192101597786
          ],
          [
            -0.2925839424133301,
            0.1435367912054062,
            -0.9454057812690735,
            -0.10483010113239288
          ],
          [
            -0.014848391525447369,
            0.9878759980201721,
            0.15457916259765625,
            1.591571569442749
          ],
          [
            0.0,
            0.0,
            0.0,
            1.0
          ]
        ]
      },
      "bone_length_armature_space": 0.15509127406795378,
      "parent": "neck_01",
      "has_children": false,
      "is_end_bone": true
    },
    "upperarm_l": {
      "name": "upperarm_l",
      "local": {
        "location": {
          "x": 0.0,
          "y": 0.0,
          "z": 0.0
        },
        "rotation_quaternion": {
          "w": 0.9426103234291077,
          "x": 0.08881586045026779,
          "y": -0.1509091854095459,
          "z": -0.2842956483364105
        },
        "scale": {
          "x": 1.0,
          "y": 1.0,
          "z": 1.0
        },
        "matrix_basis": [
          [
            0.7928047776222229,
            0.5091537833213806,
            -0.3349970281124115,
            0.0
          ],
          [
            -0.5627663135528564,
            0.8225754499435425,
            -0.0816318467259407,
            0.0
          ],
          [
            0.23399718105793,
            0.2532431483268738,
            0.9386762976646423,
            0.0
          ],
          [
            0.0,
            0.0,
            0.0,
            1.0
          ]
        ],
        "rotation_mode": "QUATERNION"
      },
      "armature_space": {
        "head": {
          "x": 0.14116507768630981,
          "y": -0.13316208124160767,
          "z": 0.4802452623844147
        },
        "tail": {
          "x": 0.35591548681259155,
          "y": -0.1856471747159958,
          "z": 0.3288005292415619
        }
      },
      "world_space": {
        "head": {
          "x": 0.14116507768630981,
          "y": -0.06991808116436005,
          "z": 1.4300992488861084
        },
        "tail": {
          "x": 0.35591548681259155,
          "y": -0.12240317463874817,
          "z": 1.2786545753479004
        },
        "rotation_quaternion": {
          "w": 0.30542853474617004,
          "x": 0.3391323387622833,
          "y": 0.5556825399398804,
          "z": -0.6949241161346436
        },
        "matrix": [
          [
            -0.5834055542945862,
            0.8013989925384521,
            -0.1318993866443634,
            0.14116507768630981
          ],
          [
            -0.04760260879993439,
            -0.19586223363876343,
            -0.9794754385948181,
            -0.06991808116436005
          ],
          [
            -0.8107905387878418,
            -0.5651567578315735,
            0.1524159014225006,
            1.4300992488861084
          ],
          [
            0.0,
            0.0,
            0.0,
            1.0
          ]
        ]
      },
      "bone_length_armature_space": 0.2679700183073786,
      "parent": "spine_01",
      "has_children": true,
      "is_end_bone": false
    },
    "lowerarm_l": {
      "name": "lowerarm_l",
      "local": {
        "location": {
          "x": 0.0,
          "y": 0.0,
          "z": 0.0
        },
        "rotation_quaternion": {
          "w": 0.9608868956565857,
          "x": 0.06048426777124405,
          "y": 0.02877793461084366,
          "z": 0.26871904730796814
        },
        "scale": {
          "x": 1.0,
          "y": 1.0,
          "z": 1.0
        },
        "matrix_basis": [
          [
            0.8539237976074219,
            -0.512935996055603,
            0.08781123161315918,
            0.0
          ],
          [
            0.5198984742164612,
            0.8482634425163269,
            -0.10077071934938431,
            0.0
          ],
          [
            -0.02279813028872013,
            0.1317034363746643,
            0.9910269379615784,
            0.0
          ],
          [
            0.0,
            0.0,
            0.0,
            1.0
          ]
        ],
        "rotation_mode": "QUATERNION"
      },
      "armature_space": {
        "head": {
          "x": 0.3559156656265259,
          "y": -0.18564721941947937,
          "z": 0.32880058884620667
        },
        "tail": {
          "x": 0.6125329732894897,
          "y": -0.2601717710494995,
          "z": 0.3415667712688446
        }
      },
      "world_space": {
        "head": {
          "x": 0.3559156656265259,
          "y": -0.12240321934223175,
          "z": 1.2786545753479004
        },
        "tail": {
          "x": 0.6125329732894897,
          "y": -0.1969277709722519,
          "z": 1.291420817375183
        },
        "rotation_quaternion": {
          "w": 0.4962846636772156,
          "x": 0.4825773537158966,
          "y": 0.3382532596588135,
          "z": -0.6374993920326233
        },
        "matrix": [
          [
            -0.04164053127169609,
            0.9592292308807373,
            -0.27954429388046265,
            0.3559156656265259
          ],
          [
            -0.30629605054855347,
            -0.2785710096359253,
            -0.9102643132209778,
            -0.12240321934223175
          ],
          [
            -0.9510320425033569,
            0.04771963134407997,
            0.30540919303894043,
            1.2786545753479004
          ],
          [
            0.0,
            0.0,
            0.0,
            1.0
          ]
        ]
      },
      "bone_length_armature_space": 0.2675244380449563,
      "parent": "upperarm_l",
      "has_children": true,
      "is_end_bone": false
    },
    "metacarpal_thumb_l": {
      "name": "metacarpal_thumb_l",
      "local": {
        "location": {
          "x": 0.0,
          "y": 0.0,
          "z": 0.0
        },
        "rotation_quaternion": {
          "w": 0.9987695813179016,
          "x": -0.04702545329928398,
          "y": -0.008547462522983551,
          "z": 0.013229185715317726
        },
        "scale": {
          "x": 1.0,
          "y": 1.0,
          "z": 1.0
        },
        "matrix_basis": [
          [
            0.9995038509368896,
            -0.025621920824050903,
            -0.01831810735166073,
            0.0
          ],
          [
            0.027229713276028633,
            0.9952272176742554,
            0.09370902925729752,
            0.0
          ],
          [
            0.015829674899578094,
            -0.09416133910417557,
            0.9954310655593872,
            0.0
          ],
          [
            0.0,
            0.0,
            0.0,
            1.0
          ]
        ],
        "rotation_mode": "QUATERNION"
      },
      "armature_space": {
        "head": {
          "x": 0.6125329732894897,
          "y": -0.2601717710494995,
          "z": 0.3415667712688446
        },
        "tail": {
          "x": 0.6412872076034546,
          "y": -0.2998964190483093,
          "z": 0.3485473394393921
        }
      },
      "world_space": {
        "head": {
          "x": 0.6125329732894897,
          "y": -0.1969277709722519,
          "z": 1.291420817375183
        },
        "tail": {
          "x": 0.6412872076034546,
          "y": -0.2366524189710617,
          "z": 1.2984013557434082
        },
        "rotation_quaternion": {
          "w": 0.11329283565282822,
          "x": 0.9411742687225342,
          "y": 0.29356104135513306,
          "z": -0.12319760769605637
        },
        "matrix": [
          [
            0.7972884178161621,
            0.580498993396759,
            -0.1653837114572525,
            0.6125329732894897
          ],
          [
            0.5246694684028625,
            -0.8019729256629944,
            -0.28558939695358276,
            -0.1969277709722519
          ],
          [
            -0.29841911792755127,
            0.14092561602592468,
            -0.9439808130264282,
            1.291420817375183
          ],
          [
            0.0,
            0.0,
            0.0,
            1.0
          ]
        ]
      },
      "bone_length_armature_space": 0.04953364488622626,
      "parent": "lowerarm_l",
      "has_children": true,
      "is_end_bone": false
    },
    "thumb_01_l": {
      "name": "thumb_01_l",
      "local": {
        "location": {
          "x": 0.0,
          "y": 0.0,
          "z": 0.0
        },
        "rotation_quaternion": {
          "w": 0.9988896250724792,
          "x": 0.041310712695121765,
          "y": 0.022556474432349205,
          "z": 0.002038734033703804
        },
        "scale": {
          "x": 1.0,
          "y": 1.0,
          "z": 1.0
        },
        "matrix_basis": [
          [
            0.998974084854126,
            -0.0022092924918979406,
            0.045231301337480545,
            0.0
          ],
          [
            0.005936588626354933,
            0.9965785145759583,
            -0.08243770897388458,
            0.0
          ],
          [
            -0.04489441215991974,
            0.08262165635824203,
            0.9955692887306213,
            0.0
          ],
          [
            0.0,
            0.0,
            0.0,
            1.0
          ]
        ],
        "rotation_mode": "QUATERNION"
      },
      "armature_space": {
        "head": {
          "x": 0.6412872076034546,
          "y": -0.2998964190483093,
          "z": 0.3485473394393921
        },
        "tail": {
          "x": 0.6491341590881348,
          "y": -0.3259548544883728,
          "z": 0.3281019330024719
        }
      },
      "world_space": {
        "head": {
          "x": 0.6412872076034546,
          "y": -0.2366524189710617,
          "z": 1.2984013557434082
        },
        "tail": {
          "x": 0.6491341590881348,
          "y": -0.2627108693122864,
          "z": 1.2779560089111328
        },
        "rotation_quaternion": {
          "w": 0.33638566732406616,
          "x": -0.7991118431091309,
          "y": 0.06377479434013367,
          "z": -0.49416372179985046
        },
        "matrix": [
          [
            0.5034709572792053,
            0.23053085803985596,
            0.8326898217201233,
            0.6412872076034546
          ],
          [
            -0.43438461422920227,
            -0.7655561566352844,
            0.474588006734848,
            -0.2366524189710617
          ],
          [
            0.7468827366828918,
            -0.600653886795044,
            -0.285297691822052,
            1.2984013557434082
          ],
          [
            0.0,
            0.0,
            0.0,
            1.0
          ]
        ]
      },
      "bone_length_armature_space": 0.034038674626733996,
      "parent": "metacarpal_thumb_l",
      "has_children": true,
      "is_end_bone": false
    },
    "thumb_02_l": {
      "name": "thumb_02_l",
      "local": {
        "location": {
          "x": 0.0,
          "y": 0.0,
          "z": 0.0
        },
        "rotation_quaternion": {
          "w": 0.9910162091255188,
          "x": 0.13338670134544373,
          "y": -0.0022088480181992054,
          "z": -0.009485902264714241
        },
        "scale": {
          "x": 1.0,
          "y": 1.0,
          "z": 1.0
        },
        "matrix_basis": [
          [
            0.9998102784156799,
            0.018212104216217995,
            -0.0069085946306586266,
            0.0
          ],
          [
            -0.01939062774181366,
            0.9642360210418701,
            -0.26433485746383667,
            0.0
          ],
          [
            0.001847421983256936,
            0.26441866159439087,
            0.9644061923027039,
            0.0
          ],
          [
            0.0,
            0.0,
            0.0,
            1.0
          ]
        ],
        "rotation_mode": "QUATERNION"
      },
      "armature_space": {
        "head": {
          "x": 0.6491340398788452,
          "y": -0.3259548544883728,
          "z": 0.3281019330024719
        },
        "tail": {
          "x": 0.6880978345870972,
          "y": -0.3325194716453552,
          "z": 0.33530664443969727
        }
      },
      "world_space": {
        "head": {
          "x": 0.6491340398788452,
          "y": -0.2627108693122864,
          "z": 1.2779560089111328
        },
        "tail": {
          "x": 0.6880978345870972,
          "y": -0.2692754864692688,
          "z": 1.2851606607437134
        },
        "rotation_quaternion": {
          "w": 0.5412045121192932,
          "x": -0.29456233978271484,
          "y": -0.3540824055671692,
          "z": -0.7035314440727234
        },
        "matrix": [
          [
            -0.2406601458787918,
            0.9701076745986938,
            0.031203389167785645,
            0.6491340398788452
          ],
          [
            -0.5529107451438904,
            -0.16344395279884338,
            0.8170530200004578,
            -0.2627108693122864
          ],
          [
            0.7977344989776611,
            0.17938056588172913,
            0.5757222175598145,
            1.2779560089111328
          ],
          [
            0.0,
            0.0,
            0.0,
            1.0
          ]
        ]
      },
      "bone_length_armature_space": 0.04016440463906153,
      "parent": "thumb_01_l",
      "has_children": true,
      "is_end_bone": false
    },
    "thumb_03_l": {
      "name": "thumb_03_l",
      "local": {
        "location": {
          "x": 0.0,
          "y": 0.0,
          "z": 0.0
        },
        "rotation_quaternion": {
          "w": 0.9951465129852295,
          "x": 0.09828034043312073,
          "y": 0.0046561178751289845,
          "z": -0.0016793920658528805
        },
        "scale": {
          "x": 1.0,
          "y": 1.0,
          "z": 1.0
        },
        "matrix_basis": [
          [
            0.9999510049819946,
            0.004257692024111748,
            0.008936936035752296,
            0.0
          ],
          [
            -0.002427272731438279,
            0.9806762933731079,
            -0.1956223100423813,
            0.0
          ],
          [
            -0.009597141295671463,
            0.1955910325050354,
            0.9806385636329651,
            0.0
          ],
          [
            0.0,
            0.0,
            0.0,
            1.0
          ]
        ],
        "rotation_mode": "QUATERNION"
      },
      "armature_space": {
        "head": {
          "x": 0.6880977749824524,
          "y": -0.3325195610523224,
          "z": 0.33530664443969727
        },
        "tail": {
          "x": 0.7155053615570068,
          "y": -0.3246886134147644,
          "z": 0.34600216150283813
        }
      },
      "world_space": {
        "head": {
          "x": 0.6880977749824524,
          "y": -0.2692755460739136,
          "z": 1.2851606607437134
        },
        "tail": {
          "x": 0.7155053615570068,
          "y": -0.261444628238678,
          "z": 1.295856237411499
        },
        "rotation_quaternion": {
          "w": 0.7096665501594543,
          "x": -0.054842397570610046,
          "y": -0.3535296320915222,
          "z": -0.606945276260376
        },
        "matrix": [
          [
            0.01326662302017212,
            0.9002355933189392,
            -0.4352008104324341,
            0.6880977749824524
          ],
          [
            -0.8226796984672546,
            0.2572172284126282,
            0.5069884061813354,
            -0.2692755460739136
          ],
          [
            0.5683533549308777,
            0.35130763053894043,
            0.7440236210823059,
            1.2851606607437134
          ],
          [
            0.0,
            0.0,
            0.0,
            1.0
          ]
        ]
      },
      "bone_length_armature_space": 0.030444927762373637,
      "parent": "thumb_02_l",
      "has_children": false,
      "is_end_bone": true
    },
    "metacarpal_index_l": {
      "name": "metacarpal_index_l",
      "local": {
        "location": {
          "x": 0.0,
          "y": 0.0,
          "z": 0.0
        },
        "rotation_quaternion": {
          "w": 0.9993336200714111,
          "x": -0.031269241124391556,
          "y": 0.013305787928402424,
          "z": 0.013332899659872055
        },
        "scale": {
          "x": 1.0,
          "y": 1.0,
          "z": 1.0
        },
        "matrix_basis": [
          [
            0.999290406703949,
            -0.027480153366923332,
            0.025760022923350334,
            0.0
          ],
          [
            0.02581590600311756,
            0.9976889491081238,
            0.06285161525011063,
            0.0
          ],
          [
            -0.027427662163972855,
            -0.06214199960231781,
            0.9976903796195984,
            0.0
          ],
          [
            0.0,
            0.0,
            0.0,
            1.0
          ]
        ],
        "rotation_mode": "QUATERNION"
      },
      "armature_space": {
        "head": {
          "x": 0.6125329732894897,
          "y": -0.2601717710494995,
          "z": 0.3415667712688446
        },
        "tail": {
          "x": 0.7105215191841125,
          "y": -0.3219638764858246,
          "z": 0.3591507077217102
        }
      },
      "world_space": {
        "head": {
          "x": 0.6125329732894897,
          "y": -0.1969277709722519,
          "z": 1.291420817375183
        },
        "tail": {
          "x": 0.7105215191841125,
          "y": -0.25871986150741577,
          "z": 1.309004783630371
        },
        "rotation_quaternion": {
          "w": 0.26533520221710205,
          "x": 0.8049715161323547,
          "y": 0.40732625126838684,
          "z": -0.34015214443206787
        },
        "matrix": [
          [
            0.43676304817199707,
            0.8362813591957092,
            -0.3314681649208069,
            0.6125329732894897
          ],
          [
            0.47526389360427856,
            -0.527363657951355,
            -0.7042812705039978,
            -0.1969277709722519
          ],
          [
            -0.7637863755226135,
            0.15006981790065765,
            -0.627792477607727,
            1.291420817375183
          ],
          [
            0.0,
            0.0,
            0.0,
            1.0
          ]
        ]
      },
      "bone_length_armature_space": 0.1171717291640827,
      "parent": "lowerarm_l",
      "has_children": true,
      "is_end_bone": false
    },
    "index_01_l": {
      "name": "index_01_l",
      "local": {
        "location": {
          "x": 0.0,
          "y": 0.0,
          "z": 0.0
        },
        "rotation_quaternion": {
          "w": 0.9976369738578796,
          "x": -0.06633080542087555,
          "y": 0.014432722702622414,
          "z": -0.010600505396723747
        },
        "scale": {
          "x": 1.0,
          "y": 1.0,
          "z": 1.0
        },
        "matrix_basis": [
          [
            0.9993586540222168,
            0.0192362442612648,
            0.03020351566374302,
            0.0
          ],
          [
            -0.023065580055117607,
            0.9909756779670715,
            0.13204213976860046,
            0.0
          ],
          [
            -0.02739095501601696,
            -0.1326541155576706,
            0.9907838702201843,
            0.0
          ],
          [
            0.0,
            0.0,
            0.0,
            1.0
          ]
        ],
        "rotation_mode": "QUATERNION"
      },
      "armature_space": {
        "head": {
          "x": 0.7105215191841125,
          "y": -0.3219638764858246,
          "z": 0.3591507077217102
        },
        "tail": {
          "x": 0.7388116121292114,
          "y": -0.32541555166244507,
          "z": 0.3600584864616394
        }
      },
      "world_space": {
        "head": {
          "x": 0.7105215191841125,
          "y": -0.25871986150741577,
          "z": 1.309004783630371
        },
        "tail": {
          "x": 0.7388116121292114,
          "y": -0.26217156648635864,
          "z": 1.3099124431610107
        },
        "rotation_quaternion": {
          "w": 0.2803080379962921,
          "x": 0.6882661581039429,
          "y": 0.6007499098777771,
          "z": -0.29464685916900635
        },
        "matrix": [
          [
            0.10456424951553345,
            0.9921355247497559,
            -0.06879803538322449,
            0.7105215191841125
          ],
          [
            0.6617678999900818,
            -0.1210508719086647,
            -0.7398717999458313,
            -0.25871986150741577
          ],
          [
            -0.7423855662345886,
            0.03183607757091522,
            -0.6692264676094055,
            1.309004783630371
          ],
          [
            0.0,
            0.0,
            0.0,
            1.0
          ]
        ]
      },
      "bone_length_armature_space": 0.028514338507678046,
      "parent": "metacarpal_index_l",
      "has_children": true,
      "is_end_bone": false
    },
    "index_02_l": {
      "name": "index_02_l",
      "local": {
        "location": {
          "x": 0.0,
          "y": 0.0,
          "z": 0.0
        },
        "rotation_quaternion": {
          "w": 0.9847000241279602,
          "x": 0.17425215244293213,
          "y": -0.00019592605531215668,
          "z": 0.0014141153078526258
        },
        "scale": {
          "x": 1.0,
          "y": 1.0,
          "z": 1.0
        },
        "matrix_basis": [
          [
            0.9999959468841553,
            -0.0028532398864626884,
            0.00010696848767111078,
            0.0
          ],
          [
            0.0027166777290403843,
            0.9392683506011963,
            -0.34317275881767273,
            0.0
          ],
          [
            0.0008786820690147579,
            0.3431716561317444,
            0.9392722845077515,
            0.0
          ],
          [
            0.0,
            0.0,
            0.0,
            1.0
          ]
        ],
        "rotation_mode": "QUATERNION"
      },
      "armature_space": {
        "head": {
          "x": 0.7388119697570801,
          "y": -0.3254159986972809,
          "z": 0.3600584864616394
        },
        "tail": {
          "x": 0.7624776363372803,
          "y": -0.334174782037735,
          "z": 0.35544225573539734
        }
      },
      "world_space": {
        "head": {
          "x": 0.7388119697570801,
          "y": -0.26217198371887207,
          "z": 1.3099124431610107
        },
        "tail": {
          "x": 0.7624776363372803,
          "y": -0.27093076705932617,
          "z": 1.3052963018417358
        },
        "rotation_quaternion": {
          "w": 0.1877027451992035,
          "x": 0.7083163261413574,
          "y": 0.5422652363777161,
          "z": -0.41110125184059143
        },
        "matrix": [
          [
            0.07388678938150406,
            0.9225212335586548,
            -0.3788072466850281,
            0.7388119697570801
          ],
          [
            0.6138603687286377,
            -0.34142929315567017,
            -0.711759626865387,
            -0.26217198371887207
          ],
          [
            -0.7859541773796082,
            -0.17994657158851624,
            -0.5915313363075256,
            1.3099124431610107
          ],
          [
            0.0,
            0.0,
            0.0,
            1.0
          ]
        ]
      },
      "bone_length_armature_space": 0.0256532575761193,
      "parent": "index_01_l",
      "has_children": true,
      "is_end_bone": false
    },
    "index_03_l": {
      "name": "index_03_l",
      "local": {
        "location": {
          "x": 0.0,
          "y": 0.0,
          "z": 0.0
        },
        "rotation_quaternion": {
          "w": 0.9738227128982544,
          "x": 0.22715039551258087,
          "y": 0.004815132822841406,
          "z": 0.0069993832148611546
        },
        "scale": {
          "x": 1.0,
          "y": 1.0,
          "z": 1.0
        },
        "matrix_basis": [
          [
            0.999855637550354,
            -0.011444797739386559,
            0.012557996436953545,
            0.0
          ],
          [
            0.015819834545254707,
            0.8967074155807495,
            -0.44234102964401245,
            0.0
          ],
          [
            -0.006198346149176359,
            0.442475825548172,
            0.896759033203125,
            0.0
          ],
          [
            0.0,
            0.0,
            0.0,
            1.0
          ]
        ],
        "rotation_mode": "QUATERNION"
      },
      "armature_space": {
        "head": {
          "x": 0.762477695941925,
          "y": -0.3341746926307678,
          "z": 0.3554423749446869
        },
        "tail": {
          "x": 0.7798227071762085,
          "y": -0.3516542613506317,
          "z": 0.33971500396728516
        }
      },
      "world_space": {
        "head": {
          "x": 0.762477695941925,
          "y": -0.2709307074546814,
          "z": 1.3052964210510254
        },
        "tail": {
          "x": 0.7798227071762085,
          "y": -0.2884102463722229,
          "z": 1.2895690202713013
        },
        "rotation_quaternion": {
          "w": 0.04571790620684624,
          "x": -0.7200295925140381,
          "y": -0.44586166739463806,
          "z": 0.5297874808311462
        },
        "matrix": [
          [
            0.041063446551561356,
            0.5936281085014343,
            -0.8036909699440002,
            0.762477695941925
          ],
          [
            0.6905086636543274,
            -0.598232626914978,
            -0.4065904915332794,
            -0.2709307074546814
          ],
          [
            -0.7221620082855225,
            -0.5382639169692993,
            -0.4344744384288788,
            1.3052964210510254
          ],
          [
            0.0,
            0.0,
            0.0,
            1.0
          ]
        ]
      },
      "bone_length_armature_space": 0.02921874287055051,
      "parent": "index_02_l",
      "has_children": false,
      "is_end_bone": true
    },
    "metacarpal_pinky_l": {
      "name": "metacarpal_pinky_l",
      "local": {
        "location": {
          "x": 0.0,
          "y": 0.0,
          "z": 0.0
        },
        "rotation_quaternion": {
          "w": 0.9971078634262085,
          "x": -0.07324608415365219,
          "y": -0.01064645778387785,
          "z": -0.017248529940843582
        },
        "scale": {
          "x": 1.0,
          "y": 1.0,
          "z": 1.0
        },
        "matrix_basis": [
          [
            0.9991782903671265,
            0.035956911742687225,
            -0.01870455965399742,
            0.0
          ],
          [
            -0.03283766657114029,
            0.9886749982833862,
            0.14643576741218567,
            0.0
          ],
          [
            0.02375810779631138,
            -0.14570121467113495,
            0.9890433549880981,
            0.0
          ],
          [
            0.0,
            0.0,
            0.0,
            1.0
          ]
        ],
        "rotation_mode": "QUATERNION"
      },
      "armature_space": {
        "head": {
          "x": 0.6125329732894897,
          "y": -0.2601717710494995,
          "z": 0.3415667712688446
        },
        "tail": {
          "x": 0.7145934700965881,
          "y": -0.26354706287384033,
          "z": 0.3211835026741028
        }
      },
      "world_space": {
        "head": {
          "x": 0.6125329732894897,
          "y": -0.1969277709722519,
          "z": 1.291420817375183
        },
        "tail": {
          "x": 0.7145934700965881,
          "y": -0.2003030627965927,
          "z": 1.2710375785827637
        },
        "rotation_quaternion": {
          "w": 0.6939017176628113,
          "x": -0.09186780452728271,
          "y": 0.04789023473858833,
          "z": -0.7125779390335083
        },
        "matrix": [
          [
            -0.020121172070503235,
            0.9801186919212341,
            0.19738826155662537,
            0.6125329732894897
          ],
          [
            -0.9977172017097473,
            -0.03241391479969025,
            0.05924512818455696,
            -0.1969277709722519
          ],
          [
            0.06446489691734314,
            -0.19574680924415588,
            0.9785404205322266,
            1.291420817375183
          ],
          [
            0.0,
            0.0,
            0.0,
            1.0
          ]
        ]
      },
      "bone_length_armature_space": 0.10413075902228293,
      "parent": "lowerarm_l",
      "has_children": true,
      "is_end_bone": false
    },
    "pinky_01_l": {
      "name": "pinky_01_l",
      "local": {
        "location": {
          "x": 0.0,
          "y": 0.0,
          "z": 0.0
        },
        "rotation_quaternion": {
          "w": 0.999561071395874,
          "x": 0.022035682573914528,
          "y": 0.016109008342027664,
          "z": 0.011515770107507706
        },
        "scale": {
          "x": 1.0,
          "y": 1.0,
          "z": 1.0
        },
        "matrix_basis": [
          [
            0.9992157816886902,
            -0.022311484441161156,
            0.032711390405893326,
            0.0
          ],
          [
            0.023731376975774765,
            0.9987636208534241,
            -0.043681006878614426,
            0.0
          ],
          [
            -0.03169636055827141,
            0.04442303627729416,
            0.9985098838806152,
            0.0
          ],
          [
            0.0,
            0.0,
            0.0,
            1.0
          ]
        ],
        "rotation_mode": "QUATERNION"
      },
      "armature_space": {
        "head": {
          "x": 0.7145934700965881,
          "y": -0.26354706287384033,
          "z": 0.3211835026741028
        },
        "tail": {
