{
  "metadata": {
    "armature_name": "KIM_caucasian_male",
    "export_time": "2026-01-13T21:16:27.471982",
    "blender_version": "4.4.1",
    "bone_count": 56,
    "end_bone_count": 13,
    "spaces_included": [
      "LOCAL_CHANNELS",
      "ARMATURE_SPACE",
      "WORLD_SPACE"
    ],
    "note": "LOCAL matches Transform panel; replay pose via local.matrix_basis for best fidelity."
  },
  "bones": {
    "Root": {
      "name": "Root",
      "local": {
        "location": {
          "x": 0.0,
          "y": 0.0,
          "z": 0.0
        },
        "rotation_quaternion": {
          "w": 0.9998093843460083,
          "x": 0.009432841092348099,
          "y": 0.015901189297437668,
          "z": 0.006276686210185289
        },
        "scale": {
          "x": 1.0,
          "y": 1.0,
          "z": 1.0
        },
        "matrix_basis": [
          [
            0.9994155168533325,
            -0.012250992469489574,
            0.03191472962498665,
            0.0
          ],
          [
            0.012850966304540634,
            0.9997432231903076,
            -0.018662473186850548,
            0.0
          ],
          [
            -0.03167790174484253,
            0.019061699509620667,
            0.9993163347244263,
            0.0
          ],
          [
            0.0,
            0.0,
            0.0,
            1.0
          ]
        ],
        "rotation_mode": "QUATERNION"
      },
      "armature_space": {
        "head": {
          "x": 0.0,
          "y": 0.07072800397872925,
          "z": -0.009595036506652832
        },
        "tail": {
          "x": -0.0008744252263568342,
          "y": -0.00016473233699798584,
          "z": -0.00135066919028759
        }
      },
      "world_space": {
        "head": {
          "x": 0.0,
          "y": 0.13397200405597687,
          "z": 0.9402589797973633
        },
        "tail": {
          "x": -0.0008744252263568342,
          "y": 0.06307926774024963,
          "z": 0.9485033750534058
        },
        "rotation_quaternion": {
          "w": 0.05794340744614601,
          "x": 0.9981735944747925,
          "y": -0.005191198084503412,
          "z": 0.01628791354596615
        },
        "matrix": [
          [
            0.9994155168533325,
            -0.012250992469489574,
            0.03191472962498665,
            0.0
          ],
          [
            -0.00847586989402771,
            -0.9932311773300171,
            -0.11584470421075821,
            0.13397200405597687
          ],
          [
            0.03311813995242119,
            0.1155063658952713,
            -0.9927615523338318,
            0.9402589797973633
          ],
          [
            0.0,
            0.0,
            0.0,
            1.0
          ]
        ]
      },
      "bone_length_armature_space": 0.07137586783029637,
      "parent": null,
      "has_children": true,
      "is_end_bone": false
    },
    "spine_01": {
      "name": "spine_01",
      "local": {
        "location": {
          "x": 0.0,
          "y": 0.0,
          "z": 0.0
        },
        "rotation_quaternion": {
          "w": 0.9975757598876953,
          "x": 0.028627809137105942,
          "y": 0.036229610443115234,
          "z": -0.05206209048628807
        },
        "scale": {
          "x": 1.0,
          "y": 1.0,
          "z": 1.0
        },
        "matrix_basis": [
          [
            0.9919539093971252,
            0.10594610869884491,
            0.06930271536111832,
            0.0
          ],
          [
            -0.10179740935564041,
            0.9929399490356445,
            -0.060889195650815964,
            0.0
          ],
          [
            -0.07526440918445587,
            0.05334443971514702,
            0.9957357048988342,
            0.0
          ],
          [
            0.0,
            0.0,
            0.0,
            1.0
          ]
        ],
        "rotation_mode": "QUATERNION"
      },
      "armature_space": {
        "head": {
          "x": -0.0008744252263568342,
          "y": -0.00016473233699798584,
          "z": -0.00135066919028759
        },
        "tail": {
          "x": 0.034625861793756485,
          "y": -0.013045652769505978,
          "z": 0.4851905405521393
        }
      },
      "world_space": {
        "head": {
          "x": -0.0008744252263568342,
          "y": 0.06307926774024963,
          "z": 0.9485033750534058
        },
        "tail": {
          "x": 0.034625861793756485,
          "y": 0.05019834637641907,
          "z": 1.435044527053833
        },
        "rotation_quaternion": {
          "w": 0.696078896522522,
          "x": 0.7163713574409485,
          "y": 0.04771187901496887,
          "z": -0.0031515234149992466
        },
        "matrix": [
          [
            0.9954273104667664,
            0.07274630665779114,
            0.061907630413770676,
            -0.0008744252263568342
          ],
          [
            0.06397189199924469,
            -0.026395263150334358,
            -0.9976025819778442,
            0.06307926774024963
          ],
          [
            -0.07093827426433563,
            0.9970081448554993,
            -0.030929408967494965,
            0.9485033750534058
          ],
          [
            0.0,
            0.0,
            0.0,
            1.0
          ]
        ]
      },
      "bone_length_armature_space": 0.48800465030151563,
      "parent": "Root",
      "has_children": true,
      "is_end_bone": false
    },
    "neck_01": {
      "name": "neck_01",
      "local": {
        "location": {
          "x": 0.0,
          "y": 0.0,
          "z": 0.0
        },
        "rotation_quaternion": {
          "w": 0.9815385341644287,
          "x": -0.09437116980552673,
          "y": 0.1292712390422821,
          "z": 0.10471552610397339
        },
        "scale": {
          "x": 1.0,
          "y": 1.0,
          "z": 1.0
        },
        "matrix_basis": [
          [
            0.9446471929550171,
            -0.22996360063552856,
            0.2340051531791687,
            0.0
          ],
          [
            0.1811656951904297,
            0.9602574706077576,
            0.21233129501342773,
            0.0
          ],
          [
            -0.2735336720943451,
            -0.1581844687461853,
            0.9487660527229309,
            0.0
          ],
          [
            0.0,
            0.0,
            0.0,
            1.0
          ]
        ],
        "rotation_mode": "QUATERNION"
      },
      "armature_space": {
        "head": {
          "x": 0.04209921881556511,
          "y": -0.0495755709707737,
          "z": 0.5571173429489136
        },
        "tail": {
          "x": 0.02711736224591732,
          "y": -0.07595574110746384,
          "z": 0.6550478339195251
        }
      },
      "world_space": {
        "head": {
          "x": 0.04209921881556511,
          "y": 0.013668429106473923,
          "z": 1.5069713592529297
        },
        "tail": {
          "x": 0.02711736224591732,
          "y": -0.012711741030216217,
          "z": 1.6049017906188965
        },
        "rotation_quaternion": {
          "w": 0.6087000370025635,
          "x": 0.7772274613380432,
          "y": 0.02876172587275505,
          "z": 0.1567627340555191
        },
        "matrix": [
          [
            0.9491968154907227,
            -0.14613403379917145,
            0.27869415283203125,
            0.04209921881556511
          ],
          [
            0.2355508655309677,
            -0.25731396675109863,
            -0.9371795654296875,
            0.013668429106473923
          ],
          [
            0.20866739749908447,
            0.9552207589149475,
            -0.20982199907302856,
            1.5069713592529297
          ],
          [
            0.0,
            0.0,
            0.0,
            1.0
          ]
        ]
      },
      "bone_length_armature_space": 0.10252195006868038,
      "parent": "spine_01",
      "has_children": true,
      "is_end_bone": false
    },
    "head": {
      "name": "head",
      "local": {
        "location": {
          "x": 0.0,
          "y": 0.0,
          "z": 0.0
        },
        "rotation_quaternion": {
          "w": 0.9773272275924683,
          "x": -0.10973741114139557,
          "y": -0.07766410708427429,
          "z": 0.16357733309268951
        },
        "scale": {
          "x": 1.0,
          "y": 1.0,
          "z": 1.0
        },
        "matrix_basis": [
          [
            0.9344214797019958,
            -0.30269184708595276,
            -0.18770760297775269,
            0.0
          ],
          [
            0.3367824852466583,
            0.9224002957344055,
            0.1890905499458313,
            0.0
          ],
          [
            0.11590538918972015,
            -0.2399068921804428,
            0.9638519883155823,
            0.0
          ],
          [
            0.0,
            0.0,
            0.0,
            1.0
          ]
        ],
        "rotation_mode": "QUATERNION"
      },
      "armature_space": {
        "head": {
          "x": 0.027117418125271797,
          "y": -0.07595586776733398,
          "z": 0.6550477147102356
        },
        "tail": {
          "x": -0.05904999375343323,
          "y": -0.03675701469182968,
          "z": 0.777896523475647
        }
      },
      "world_space": {
        "head": {
          "x": 0.027117418125271797,
          "y": -0.012711867690086365,
          "z": 1.6049017906188965
        },
        "tail": {
          "x": -0.05904999375343323,
          "y": 0.026486985385417938,
          "z": 1.727750539779663
        },
        "rotation_quaternion": {
          "w": 0.7698698043823242,
          "x": 0.5681700706481934,
          "y": -0.1835058629512787,
          "z": 0.22540827095508575
        },
        "matrix": [
          [
            0.83103346824646,
            -0.5555953979492188,
            -0.02640889585018158,
            0.027117418125271797
          ],
          [
            0.13854792714118958,
            0.2527487277984619,
            -0.9575608968734741,
            -0.012711867690086365
          ],
          [
            0.5386950373649597,
            0.792111873626709,
            0.2870202660560608,
            1.6049017906188965
          ],
          [
            0.0,
            0.0,
            0.0,
            1.0
          ]
        ]
      },
      "bone_length_armature_space": 0.15509094942248491,
      "parent": "neck_01",
      "has_children": false,
      "is_end_bone": true
    },
    "upperarm_l": {
      "name": "upperarm_l",
      "local": {
        "location": {
          "x": 0.0,
          "y": 0.0,
          "z": 0.0
        },
        "rotation_quaternion": {
          "w": 0.8770065903663635,
          "x": -0.13271835446357727,
          "y": 0.4616987705230713,
          "z": -0.008919027633965015
        },
        "scale": {
          "x": 1.0,
          "y": 1.0,
          "z": 1.0
        },
        "matrix_basis": [
          [
            0.5735093951225281,
            -0.10690771043300629,
            0.8121931552886963,
            0.0
          ],
          [
            -0.13819588720798492,
            0.964612603187561,
            0.2245539277791977,
            0.0
          ],
          [
            -0.8074582815170288,
            -0.24102555215358734,
            0.5384401679039001,
            0.0
          ],
          [
            0.0,
            0.0,
            0.0,
            1.0
          ]
        ],
        "rotation_mode": "QUATERNION"
      },
      "armature_space": {
        "head": {
          "x": 0.18672163784503937,
          "y": -0.04138730466365814,
          "z": 0.47937121987342834
        },
        "tail": {
          "x": 0.4391464591026306,
          "y": 0.048142120242118835,
          "z": 0.4879632294178009
        }
      },
      "world_space": {
        "head": {
          "x": 0.18672163784503937,
          "y": 0.021856695413589478,
          "z": 1.429225206375122
        },
        "tail": {
          "x": 0.4391464591026306,
          "y": 0.11138612031936646,
          "z": 1.4378172159194946
        },
        "rotation_quaternion": {
          "w": 0.22514183819293976,
          "x": 0.5597496628761292,
          "y": 0.7850881814956665,
          "z": -0.14009989798069
        },
        "matrix": [
          [
            -0.27198225259780884,
            0.9419910907745361,
            0.19666871428489685,
            0.18672163784503937
          ],
          [
            0.8158209323883057,
            0.33410313725471497,
            -0.47202903032302856,
            0.021856695413589478
          ],
          [
            -0.5103576183319092,
            0.03206342086195946,
            -0.8593726754188538,
            1.429225206375122
          ],
          [
            0.0,
            0.0,
            0.0,
            1.0
          ]
        ]
      },
      "bone_length_armature_space": 0.2679694708247828,
      "parent": "spine_01",
      "has_children": true,
      "is_end_bone": false
    },
    "lowerarm_l": {
      "name": "lowerarm_l",
      "local": {
        "location": {
          "x": 0.0,
          "y": 0.0,
          "z": 0.0
        },
        "rotation_quaternion": {
          "w": 0.9768165946006775,
          "x": 0.198109969496727,
          "y": -0.03642946109175682,
          "z": -0.07249007374048233
        },
        "scale": {
          "x": 1.0,
          "y": 1.0,
          "z": 1.0
        },
        "matrix_basis": [
          [
            0.9868361949920654,
            0.1271849423646927,
            -0.09989181905984879,
            0.0
          ],
          [
            -0.1560530960559845,
            0.9109952449798584,
            -0.3817526698112488,
            0.0
          ],
          [
            0.04244779050350189,
            0.39231574535369873,
            0.9188506603240967,
            0.0
          ],
          [
            0.0,
            0.0,
            0.0,
            1.0
          ]
        ],
        "rotation_mode": "QUATERNION"
      },
      "armature_space": {
        "head": {
          "x": 0.43914657831192017,
          "y": 0.04814203083515167,
          "z": 0.4879632592201233
        },
        "tail": {
          "x": 0.6822819709777832,
          "y": 0.06240856274962425,
          "z": 0.37727832794189453
        }
      },
      "world_space": {
        "head": {
          "x": 0.43914657831192017,
          "y": 0.11138603091239929,
          "z": 1.4378173351287842
        },
        "tail": {
          "x": 0.6822819709777832,
          "y": 0.12565256655216217,
          "z": 1.3271323442459106
        },
        "rotation_quaternion": {
          "w": 0.13928933441638947,
          "x": 0.5598104596138,
          "y": 0.712224543094635,
          "z": -0.3999338448047638
        },
        "matrix": [
          [
            -0.33441975712776184,
            0.9088342785835266,
            -0.2493663728237152,
            0.43914657831192017
          ],
          [
            0.6860100626945496,
            0.05332794785499573,
            -0.7256352305412292,
            0.11138603091239929
          ],
          [
            -0.646187961101532,
            -0.41373756527900696,
            -0.6413086652755737,
            1.4378173351287842
          ],
          [
            0.0,
            0.0,
            0.0,
            1.0
          ]
        ]
      },
      "bone_length_armature_space": 0.26752477463923324,
      "parent": "upperarm_l",
      "has_children": true,
      "is_end_bone": false
    },
    "metacarpal_thumb_l": {
      "name": "metacarpal_thumb_l",
      "local": {
        "location": {
          "x": 0.0,
          "y": 0.0,
          "z": 0.0
        },
        "rotation_quaternion": {
          "w": 0.9997462034225464,
          "x": -0.0007764307083562016,
          "y": 0.02002466283738613,
          "z": 0.010299818590283394
        },
        "scale": {
          "x": 1.0,
          "y": 1.0,
          "z": 1.0
        },
        "matrix_basis": [
          [
            0.9989858269691467,
            -0.020625503733754158,
            0.04002316668629646,
            0.0
          ],
          [
            0.020563313737511635,
            0.9997866153717041,
            0.0019649681635200977,
            0.0
          ],
          [
            -0.040055155754089355,
            -0.0011399665381759405,
            0.9991968274116516,
            0.0
          ],
          [
            0.0,
            0.0,
            0.0,
            1.0
          ]
        ],
        "rotation_mode": "QUATERNION"
      },
      "armature_space": {
        "head": {
          "x": 0.6822819709777832,
          "y": 0.06240856274962425,
          "z": 0.37727832794189453
        },
        "tail": {
          "x": 0.7067684531211853,
          "y": 0.0488399900496006,
          "z": 0.33641374111175537
        }
      },
      "world_space": {
        "head": {
          "x": 0.6822819709777832,
          "y": 0.12565256655216217,
          "z": 1.3271323442459106
        },
        "tail": {
          "x": 0.7067684531211853,
          "y": 0.11208398640155792,
          "z": 1.2862677574157715
        },
        "rotation_quaternion": {
          "w": 0.4877699613571167,
          "x": -0.7950408458709717,
          "y": -0.35371890664100647,
          "z": 0.06980998069047928
        },
        "matrix": [
          [
            0.7400174736976624,
            0.4943397641181946,
            -0.45607244968414307,
            0.6822819709777832
          ],
          [
            0.6305463910102844,
            -0.2739262580871582,
            0.7262064218521118,
            0.12565256655216217
          ],
          [
            0.23406478762626648,
            -0.8249863982200623,
            -0.5144174695014954,
            1.3271323442459106
          ],
          [
            0.0,
            0.0,
            0.0,
            1.0
          ]
        ]
      },
      "bone_length_armature_space": 0.0495339118566331,
      "parent": "lowerarm_l",
      "has_children": true,
      "is_end_bone": false
    },
    "thumb_01_l": {
      "name": "thumb_01_l",
      "local": {
        "location": {
          "x": 0.0,
          "y": 0.0,
          "z": 0.0
        },
        "rotation_quaternion": {
          "w": 0.96848064661026,
          "x": 0.24782957136631012,
          "y": 0.0010524839162826538,
          "z": -0.02499379962682724
        },
        "scale": {
          "x": 1.0,
          "y": 1.0,
          "z": 1.0
        },
        "matrix_basis": [
          [
            0.9987484216690063,
            0.04893369600176811,
            -0.010349784977734089,
            0.0
          ],
          [
            -0.047890350222587585,
            0.8759116530418396,
            -0.48008888959884644,
            0.0
          ],
          [
            -0.01442702580243349,
            0.47998368740081787,
            0.8771588206291199,
            0.0
          ],
          [
            0.0,
            0.0,
            0.0,
            1.0
          ]
        ],
        "rotation_mode": "QUATERNION"
      },
      "armature_space": {
        "head": {
          "x": 0.7067684531211853,
          "y": 0.0488399900496006,
          "z": 0.33641374111175537
        },
        "tail": {
          "x": 0.716884970664978,
          "y": 0.06696607917547226,
          "z": 0.3094371557235718
        }
      },
      "world_space": {
        "head": {
          "x": 0.7067684531211853,
          "y": 0.11208398640155792,
          "z": 1.2862677574157715
        },
        "tail": {
          "x": 0.716884970664978,
          "y": 0.13021007180213928,
          "z": 1.259291172027588
        },
        "rotation_quaternion": {
          "w": 0.8306776881217957,
          "x": -0.3760305643081665,
          "y": 0.27610281109809875,
          "z": -0.3038797676563263
        },
        "matrix": [
          [
            0.6628479361534119,
            0.2972070574760437,
            0.6872411370277405,
            0.7067684531211853
          ],
          [
            -0.7124990820884705,
            0.5325160026550293,
            0.45691561698913574,
            0.11208398640155792
          ],
          [
            -0.23017048835754395,
            -0.7925295829772949,
            0.5647414326667786,
            1.2862677574157715
          ],
          [
            0.0,
            0.0,
            0.0,
            1.0
          ]
        ]
      },
      "bone_length_armature_space": 0.03403873095129029,
      "parent": "metacarpal_thumb_l",
      "has_children": true,
      "is_end_bone": false
    },
    "thumb_02_l": {
      "name": "thumb_02_l",
      "local": {
        "location": {
          "x": 0.0,
          "y": 0.0,
          "z": 0.0
        },
        "rotation_quaternion": {
          "w": 0.8826929330825806,
          "x": 0.4698810875415802,
          "y": -0.0012899109860882163,
          "z": 0.007954984903335571
        },
        "scale": {
          "x": 1.0,
          "y": 1.0,
          "z": 1.0
        },
        "matrix_basis": [
          [
            0.9998701214790344,
            -0.015255827456712723,
            0.005198603495955467,
            0.0
          ],
          [
            0.012831408530473709,
            0.5582969784736633,
            -0.8295419812202454,
            0.0
          ],
          [
            0.009752984158694744,
            0.8295009136199951,
            0.5584201812744141,
            0.0
          ],
          [
            0.0,
            0.0,
            0.0,
            1.0
          ]
        ],
        "rotation_mode": "QUATERNION"
      },
      "armature_space": {
        "head": {
          "x": 0.7168848514556885,
          "y": 0.06696607172489166,
          "z": 0.3094371557235718
        },
        "tail": {
          "x": 0.7458361387252808,
          "y": 0.05398903414607048,
          "z": 0.3340665400028229
        }
      },
      "world_space": {
        "head": {
          "x": 0.7168848514556885,
          "y": 0.13021007180213928,
          "z": 1.259291172027588
        },
        "tail": {
          "x": 0.7458361387252808,
          "y": 0.1172330379486084,
          "z": 1.2839205265045166
        },
        "rotation_quaternion": {
          "w": 0.5732405185699463,
          "x": 0.41364559531211853,
          "y": -0.09922238439321518,
          "z": -0.7003197073936462
        },
        "matrix": [
          [
            -0.0005831711459904909,
            0.7208194732666016,
            -0.6931224465370178,
            0.7168848514556885
          ],
          [
            -0.8849890232086182,
            -0.32309794425964355,
            -0.3352644741535187,
            0.13021007180213928
          ],
          [
            -0.46561580896377563,
            0.6132144331932068,
            0.6381099820137024,
            1.259291172027588
          ],
          [
            0.0,
            0.0,
            0.0,
            1.0
          ]
        ]
      },
      "bone_length_armature_space": 0.04016450114893879,
      "parent": "thumb_01_l",
      "has_children": true,
      "is_end_bone": false
    },
    "thumb_03_l": {
      "name": "thumb_03_l",
      "local": {
        "location": {
          "x": 0.0,
          "y": 0.0,
          "z": 0.0
        },
        "rotation_quaternion": {
          "w": 0.9878191947937012,
          "x": 0.15559034049510956,
          "y": 0.001196041121147573,
          "z": -0.0018670911667868495
        },
        "scale": {
          "x": 1.0,
          "y": 1.0,
          "z": 1.0
        },
        "matrix_basis": [
          [
            0.9999901652336121,
            0.004060881678014994,
            0.0017819420900195837,
            0.0
          ],
          [
            -0.0033165120985358953,
            0.951576292514801,
            -0.30739471316337585,
            0.0
          ],
          [
            -0.002943947445601225,
            0.30738577246665955,
            0.9515804052352905,
            0.0
          ],
          [
            0.0,
            0.0,
            0.0,
            1.0
          ]
        ],
        "rotation_mode": "QUATERNION"
      },
      "armature_space": {
        "head": {
          "x": 0.7458361387252808,
          "y": 0.053989022970199585,
          "z": 0.3340664505958557
        },
        "tail": {
          "x": 0.7531248927116394,
          "y": 0.0410638153553009,
          "z": 0.36065053939819336
        }
      },
      "world_space": {
        "head": {
          "x": 0.7458361387252808,
          "y": 0.1172330230474472,
          "z": 1.2839205265045166
        },
        "tail": {
          "x": 0.7531248927116394,
          "y": 0.10430781543254852,
          "z": 1.3105045557022095
        },
        "rotation_quaternion": {
          "w": 0.49926748871803284,
          "x": 0.6759926080703735,
          "y": -0.1961083561182022,
          "z": -0.5052797198295593
        },
        "matrix": [
          [
            0.41246652603149414,
            0.2394075095653534,
            -0.8789512515068054,
            0.7458361387252808
          ],
          [
            -0.7696759700775146,
            -0.4245445430278778,
            -0.47682392597198486,
            0.1172330230474472
          ],
          [
            -0.4873133599758148,
            0.8731873631477356,
            0.009155422449111938,
            1.2839205265045166
          ],
          [
            0.0,
            0.0,
            0.0,
            1.0
          ]
        ]
      },
      "bone_length_armature_space": 0.030445043790590813,
      "parent": "thumb_02_l",
      "has_children": false,
      "is_end_bone": true
    },
    "metacarpal_index_l": {
      "name": "metacarpal_index_l",
      "local": {
        "location": {
          "x": 0.0,
          "y": 0.0,
          "z": 0.0
        },
        "rotation_quaternion": {
          "w": 0.9983211159706116,
          "x": -0.05495251342654228,
          "y": 0.013902944512665272,
          "z": -0.011919792741537094
        },
        "scale": {
          "x": 1.0,
          "y": 1.0,
          "z": 1.0
        },
        "matrix_basis": [
          [
            0.9993292689323425,
            0.02227155864238739,
            0.02906925044953823,
            0.0
          ],
          [
            -0.025327565148472786,
            0.9936763048171997,
            0.10938906669616699,
            0.0
          ],
          [
            -0.026449160650372505,
            -0.1100519523024559,
            0.9935738444328308,
            0.0
          ],
          [
            0.0,
            0.0,
            0.0,
            1.0
          ]
        ],
        "rotation_mode": "QUATERNION"
      },
      "armature_space": {
        "head": {
          "x": 0.6822819709777832,
          "y": 0.06240856274962425,
          "z": 0.37727832794189453
        },
        "tail": {
          "x": 0.7803986668586731,
          "y": 0.04719666764140129,
          "z": 0.31506112217903137
        }
      },
      "world_space": {
        "head": {
          "x": 0.6822819709777832,
          "y": 0.12565256655216217,
          "z": 1.3271323442459106
        },
        "tail": {
          "x": 0.7803986668586731,
          "y": 0.11044067144393921,
          "z": 1.264915108680725
        },
        "rotation_quaternion": {
          "w": 0.23519331216812134,
          "x": -0.7365449666976929,
          "y": -0.6162557005882263,
          "z": 0.14971569180488586
        },
        "matrix": [
          [
            0.19562633335590363,
            0.8373753428459167,
            -0.5104241371154785,
            0.6822819709777832
          ],
          [
            0.9782247543334961,
            -0.1298256367444992,
            0.16193144023418427,
            0.12565256655216217
          ],
          [
            0.06933266669511795,
            -0.5309915542602539,
            -0.8445445895195007,
            1.3271323442459106
          ],
          [
            0.0,
            0.0,
            0.0,
            1.0
          ]
        ]
      },
      "bone_length_armature_space": 0.11717195997665163,
      "parent": "lowerarm_l",
      "has_children": true,
      "is_end_bone": false
    },
    "index_01_l": {
      "name": "index_01_l",
      "local": {
        "location": {
          "x": 0.0,
          "y": 0.0,
          "z": 0.0
        },
        "rotation_quaternion": {
          "w": 0.9254632592201233,
          "x": 0.378033846616745,
          "y": 0.011139015667140484,
          "z": 0.02200501412153244
        },
        "scale": {
          "x": 1.0,
          "y": 1.0,
          "z": 1.0
        },
        "matrix_basis": [
          [
            0.9987834095954895,
            -0.03230781480669975,
            0.037254780530929565,
            0.0
          ],
          [
            0.04915151372551918,
            0.7132123708724976,
            -0.6992226243019104,
            0.0
          ],
          [
            -0.00398021936416626,
            0.7002031207084656,
            0.7139326930046082,
            0.0
          ],
          [
            0.0,
            0.0,
            0.0,
            1.0
          ]
        ],
        "rotation_mode": "QUATERNION"
      },
      "armature_space": {
        "head": {
          "x": 0.7803986668586731,
          "y": 0.04719666764140129,
          "z": 0.31506112217903137
        },
        "tail": {
          "x": 0.7912176847457886,
          "y": 0.05425194278359413,
          "z": 0.2896396517753601
        }
      },
      "world_space": {
        "head": {
          "x": 0.7803986668586731,
          "y": 0.11044067144393921,
          "z": 1.264915108680725
        },
        "tail": {
          "x": 0.7912176847457886,
          "y": 0.11749593913555145,
          "z": 1.2394936084747314
        },
        "rotation_quaternion": {
          "w": 0.4499469995498657,
          "x": -0.5189882516860962,
          "y": -0.6490477919578552,
          "z": 0.3270108103752136
        },
        "matrix": [
          [
            -0.05639660730957985,
            0.3794231712818146,
            -0.9235028624534607,
            0.7803986668586731
          ],
          [
            0.9679717421531677,
            0.2474287897348404,
            0.04254437983036041,
            0.11044067144393921
          ],
          [
            0.24464619159698486,
            -0.8915314674377441,
            -0.3812277615070343,
            1.264915108680725
          ],
          [
            0.0,
            0.0,
            0.0,
            1.0
          ]
        ]
      },
      "bone_length_armature_space": 0.028514543486891964,
      "parent": "metacarpal_index_l",
      "has_children": true,
      "is_end_bone": false
    },
    "index_02_l": {
      "name": "index_02_l",
      "local": {
        "location": {
          "x": 0.0,
          "y": 0.0,
          "z": 0.0
        },
        "rotation_quaternion": {
          "w": 0.8850077986717224,
          "x": 0.46550217270851135,
          "y": -0.008188795298337936,
          "z": 0.0013658953830599785
        },
        "scale": {
          "x": 1.0,
          "y": 1.0,
          "z": 1.0
        },
        "matrix_basis": [
          [
            0.9998621344566345,
            -0.010041460394859314,
            -0.013222641311585903,
            0.0
          ],
          [
            -0.00520614767447114,
            0.5666117072105408,
            -0.8239684700965881,
            0.0
          ],
          [
            0.015765950083732605,
            0.8239237070083618,
            0.566481351852417,
            0.0
          ],
          [
            0.0,
            0.0,
            0.0,
            1.0
          ]
        ],
        "rotation_mode": "QUATERNION"
      },
      "armature_space": {
        "head": {
          "x": 0.791217565536499,
          "y": 0.05425182357430458,
          "z": 0.2896391451358795
        },
        "tail": {
          "x": 0.7781029939651489,
          "y": 0.0577736459672451,
          "z": 0.26787444949150085
        }
      },
      "world_space": {
        "head": {
          "x": 0.791217565536499,
          "y": 0.1174958199262619,
          "z": 1.2394931316375732
        },
        "tail": {
          "x": 0.7781029939651489,
          "y": 0.12101764976978302,
          "z": 1.2177284955978394
        },
        "rotation_quaternion": {
          "w": 0.6048790216445923,
          "x": -0.24882608652114868,
          "y": -0.4502924084663391,
          "z": 0.6078188419342041
        },
        "matrix": [
          [
            -0.14440953731536865,
            -0.511223554611206,
            -0.8472286462783813,
            0.791217565536499
          ],
          [
            0.9594036936759949,
            0.1372854858636856,
            -0.24636873602867126,
            0.1174958199262619
          ],
          [
            0.24226434528827667,
            -0.8484182357788086,
            0.4706474542617798,
            1.2394931316375732
          ],
          [
            0.0,
            0.0,
            0.0,
            1.0
          ]
        ]
      },
      "bone_length_armature_space": 0.025653405079484784,
      "parent": "index_01_l",
      "has_children": true,
      "is_end_bone": false
    },
    "index_03_l": {
      "name": "index_03_l",
      "local": {
        "location": {
          "x": 0.0,
          "y": 0.0,
          "z": 0.0
        },
        "rotation_quaternion": {
          "w": 0.9291049242019653,
          "x": 0.36976855993270874,
          "y": 0.0011543009895831347,
          "z": 0.005819369573146105
        },
        "scale": {
          "x": 1.0,
          "y": 1.0,
          "z": 1.0
        },
        "matrix_basis": [
          [
            0.9999296069145203,
            -0.009959961287677288,
            0.006448573432862759,
            0.0
          ],
          [
            0.011667258106172085,
            0.7264747023582458,
            -0.6870941519737244,
            0.0
          ],
          [
            0.002158706309273839,
            0.6871210336685181,
            0.7265397310256958,
            0.0
          ],
          [
            0.0,
            0.0,
            0.0,
            1.0
          ]
        ],
        "rotation_mode": "QUATERNION"
      },
      "armature_space": {
        "head": {
          "x": 0.7781031131744385,
          "y": 0.0577736534178257,
          "z": 0.2678743898868561
        },
        "tail": {
          "x": 0.7493658065795898,
          "y": 0.057891443371772766,
          "z": 0.2625938653945923
        }
      },
      "world_space": {
        "head": {
          "x": 0.7781031131744385,
          "y": 0.12101764976978302,
          "z": 1.2177283763885498
        },
        "tail": {
          "x": 0.7493658065795898,
          "y": 0.12113544344902039,
          "z": 1.2124478816986084
        },
        "rotation_quaternion": {
          "w": 0.6900373101234436,
          "x": 0.03333374857902527,
          "y": -0.16082192957401276,
          "z": 0.7048926949501038
        },
        "matrix": [
          [
            -0.045473989099264145,
            -0.9835256934165955,
            -0.17495489120483398,
            0.7781031131744385
          ],
          [
            0.9620835781097412,
            0.004031315445899963,
            -0.2727257311344147,
            0.12101764976978302
          ],
          [
            0.26894092559814453,
            -0.1807245910167694,
            0.9460569620132446,
            1.2177283763885498
          ],
          [
            0.0,
            0.0,
            0.0,
            1.0
          ]
        ]
      },
      "bone_length_armature_space": 0.029218668463375046,
      "parent": "index_02_l",
      "has_children": false,
      "is_end_bone": true
    },
    "metacarpal_pinky_l": {
      "name": "metacarpal_pinky_l",
      "local": {
        "location": {
          "x": 0.0,
          "y": 0.0,
          "z": 0.0
        },
        "rotation_quaternion": {
          "w": 0.9999927282333374,
          "x": 0.0007824636995792389,
          "y": 0.0037259976379573345,
          "z": 0.0003994016442447901
        },
        "scale": {
          "x": 1.0,
          "y": 1.0,
          "z": 1.0
        },
        "matrix_basis": [
          [
            0.9999719262123108,
            -0.0007929665734991431,
            0.007452566176652908,
            0.0
          ],
          [
            0.0008046284201554954,
            0.9999984502792358,
            -0.0015619397163391113,
            0.0
          ],
          [
            -0.007451315876096487,
            0.001567892380990088,
            0.9999710321426392,
            0.0
          ],
          [
            0.0,
            0.0,
            0.0,
            1.0
          ]
        ],
        "rotation_mode": "QUATERNION"
      },
      "armature_space": {
        "head": {
          "x": 0.6822819709777832,
          "y": 0.06240856274962425,
          "z": 0.37727832794189453
        },
        "tail": {
          "x": 0.7802081108093262,
          "y": 0.09092820435762405,
          "z": 0.3562944233417511
        }
      },
      "world_space": {
        "head": {
          "x": 0.6822819709777832,
          "y": 0.12565256655216217,
          "z": 1.3271323442459106
        },
        "tail": {
          "x": 0.7802081108093262,
          "y": 0.15417221188545227,
          "z": 1.3061484098434448
        },
        "rotation_quaternion": {
          "w": 0.6394264698028564,
          "x": 0.2514071464538574,
          "y": 0.4775739312171936,
          "z": -0.5475869178771973
        },
        "matrix": [
          [
            -0.055857978761196136,
            0.9404149651527405,
            0.3354095220565796,
            0.6822819709777832
          ],
          [
            -0.46015217900276184,
            0.2738829553127289,
            -0.8445403575897217,
            0.12565256655216217
          ],
          [
            -0.8860880732536316,
            -0.20151492953300476,
            0.4174375534057617,
            1.3271323442459106
          ],
          [
            0.0,
            0.0,
            0.0,
            1.0
          ]
        ]
      },
      "bone_length_armature_space": 0.10413079681061897,
      "parent": "lowerarm_l",
      "has_children": true,
      "is_end_bone": false
    },
    "pinky_01_l": {
      "name": "pinky_01_l",
      "local": {
        "location": {
          "x": 0.0,
          "y": 0.0,
          "z": 0.0
        },
        "rotation_quaternion": {
          "w": 0.9480233192443848,
          "x": 0.3180784583091736,
          "y": -0.004407437983900309,
          "z": 0.007642814889550209
        },
        "scale": {
          "x": 1.0,
          "y": 1.0,
          "z": 1.0
        },
        "matrix_basis": [
          [
            0.9998443126678467,
            -0.017294956371188164,
            -0.003494678530842066,
            0.0
          ],
          [
            0.011687311343848705,
            0.7975353598594666,
            -0.6031589508056641,
            0.0
          ],
          [
            0.013218737207353115,
            0.6030242443084717,
            0.7976133227348328,
            0.0
          ],
          [
            0.0,
            0.0,
            0.0,
            1.0
          ]
        ],
        "rotation_mode": "QUATERNION"
      },
      "armature_space": {
        "head": {
          "x": 0.7802081108093262,
          "y": 0.09092820435762405,
          "z": 0.3562944233417511
        },
        "tail": {
          "x": 0.790664792060852,
