{
  "metadata": {
    "armature_name": "KIM_caucasian_male",
    "export_time": "2026-01-13T19:11:26.367979",
    "blender_version": "4.4.1",
    "bone_count": 56,
    "end_bone_count": 13,
    "spaces_included": [
      "LOCAL_CHANNELS",
      "ARMATURE_SPACE",
      "WORLD_SPACE"
    ],
    "note": "LOCAL matches Transform panel; replay pose via local.matrix_basis for best fidelity."
  },
  "bones": {
    "Root": {
      "name": "Root",
      "local": {
        "location": {
          "x": 0.0,
          "y": 0.0,
          "z": 0.0
        },
        "rotation_quaternion": {
          "w": 0.9998670816421509,
          "x": 0.008765090256929398,
          "y": -0.013752621598541737,
          "z": -0.00012777899974025786
        },
        "scale": {
          "x": 1.0,
          "y": 1.0,
          "z": 1.0
        },
        "matrix_basis": [
          [
            0.9996216893196106,
            1.443809196643997e-05,
            -0.027503827586770058,
            0.0
          ],
          [
            -0.0004966099513694644,
            0.999846339225769,
            -0.01752433553338051,
            0.0
          ],
          [
            0.027499347925186157,
            0.017531365156173706,
            0.9994680881500244,
            0.0
          ],
          [
            0.0,
            0.0,
            0.0,
            1.0
          ]
        ],
        "rotation_mode": "QUATERNION"
      },
      "armature_space": {
        "head": {
          "x": 0.0,
          "y": 0.07072800397872925,
          "z": -0.009595036506652832
        },
        "tail": {
          "x": 1.0305313935532467e-06,
          "y": -0.0001573413610458374,
          "z": -0.0012414418160915375
        }
      },
      "world_space": {
        "head": {
          "x": 0.0,
          "y": 0.13397200405597687,
          "z": 0.9402589797973633
        },
        "tail": {
          "x": 1.0305313935532467e-06,
          "y": 0.06308665871620178,
          "z": 0.9486125707626343
        },
        "rotation_quaternion": {
          "w": 0.05861351639032364,
          "x": 0.9981860518455505,
          "y": -0.0007989965961314738,
          "z": -0.013729987666010857
        },
        "matrix": [
          [
            0.9996216893196106,
            1.443809196643997e-05,
            -0.027503827586770058,
            0.0
          ],
          [
            -0.0032046267297118902,
            -0.9931275844573975,
            -0.11699291318655014,
            0.13397200405597687
          ],
          [
            -0.02731669321656227,
            0.11703668534755707,
            -0.9927589297294617,
            0.9402589797973633
          ],
          [
            0.0,
            0.0,
            0.0,
            1.0
          ]
        ]
      },
      "bone_length_armature_space": 0.07137586872969877,
      "parent": null,
      "has_children": true,
      "is_end_bone": false
    },
    "spine_01": {
      "name": "spine_01",
      "local": {
        "location": {
          "x": 0.0,
          "y": 0.0,
          "z": 0.0
        },
        "rotation_quaternion": {
          "w": 0.9929401874542236,
          "x": 0.11079182475805283,
          "y": 0.04144185036420822,
          "z": 0.008808591403067112
        },
        "scale": {
          "x": 1.0,
          "y": 1.0,
          "z": 1.0
        },
        "matrix_basis": [
          [
            0.9964099526405334,
            -0.00830997247248888,
            0.08425039798021317,
            0.0
          ],
          [
            0.026675645262002945,
            0.9752951860427856,
            -0.21928922832012177,
            0.0
          ],
          [
            -0.0803467184305191,
            0.2207493931055069,
            0.9720155000686646,
            0.0
          ],
          [
            0.0,
            0.0,
            0.0,
            1.0
          ]
        ],
        "rotation_mode": "QUATERNION"
      },
      "armature_space": {
        "head": {
          "x": 1.0305313935532467e-06,
          "y": -0.0001573413610458374,
          "z": -0.0012414418160915375
        },
        "tail": {
          "x": 0.008728369139134884,
          "y": -0.09393821656703949,
          "z": 0.47758767008781433
        }
      },
      "world_space": {
        "head": {
          "x": 1.0305313935532467e-06,
          "y": 0.06308665871620178,
          "z": 0.9486125707626343
        },
        "tail": {
          "x": 0.008728369139134884,
          "y": -0.03069421648979187,
          "z": 1.4274417161941528
        },
        "rotation_quaternion": {
          "w": 0.6347836852073669,
          "x": 0.7717047929763794,
          "y": 0.031029019504785538,
          "z": 0.023635368794202805
        },
        "matrix": [
          [
            0.9969571232795715,
            0.017883844673633575,
            0.07587254047393799,
            1.0305313935532467e-06
          ],
          [
            0.07789725065231323,
            -0.19217343628406525,
            -0.9782645106315613,
            0.06308665871620178
          ],
          [
            -0.0029143928550183773,
            0.9812047481536865,
            -0.19298402965068817,
            0.9486125707626343
          ],
          [
            0.0,
            0.0,
            0.0,
            1.0
          ]
        ]
      },
      "bone_length_armature_space": 0.488004453487207,
      "parent": "Root",
      "has_children": true,
      "is_end_bone": false
    },
    "neck_01": {
      "name": "neck_01",
      "local": {
        "location": {
          "x": 0.0,
          "y": 0.0,
          "z": 0.0
        },
        "rotation_quaternion": {
          "w": 0.989343523979187,
          "x": 0.04554235562682152,
          "y": -0.10405907779932022,
          "z": -0.09108767658472061
        },
        "scale": {
          "x": 1.0,
          "y": 1.0,
          "z": 1.0
        },
        "matrix_basis": [
          [
            0.9617494940757751,
            0.17075581848621368,
            -0.214197039604187,
            0.0
          ],
          [
            -0.18971219658851624,
            0.9792578816413879,
            -0.0711570680141449,
            0.0
          ],
          [
            0.19760365784168243,
            0.10907106846570969,
            0.9741951823234558,
            0.0
          ],
          [
            0.0,
            0.0,
            0.0,
            1.0
          ]
        ],
        "rotation_mode": "QUATERNION"
      },
      "armature_space": {
        "head": {
          "x": 0.012669089250266552,
          "y": -0.14193549752235413,
          "z": 0.5427371859550476
        },
        "tail": {
          "x": 0.03536786511540413,
          "y": -0.20505912601947784,
          "z": 0.6202670335769653
        }
      },
      "world_space": {
        "head": {
          "x": 0.012669089250266552,
          "y": -0.0786914974451065,
          "z": 1.492591142654419
        },
        "tail": {
          "x": 0.03536786511540413,
          "y": -0.14181512594223022,
          "z": 1.5701210498809814
        },
        "rotation_quaternion": {
          "w": 0.4333628714084625,
          "x": 0.8907573223114014,
          "y": 0.06588240712881088,
          "z": -0.1200319305062294
        },
        "matrix": [
          [
            0.9625038504600525,
            0.22140537202358246,
            -0.15673580765724182,
            0.012669089250266552
          ],
          [
            0.013336360454559326,
            -0.6157121062278748,
            -0.7878584861755371,
            -0.0786914974451065
          ],
          [
            -0.2709420919418335,
            0.7562311291694641,
            -0.595582902431488,
            1.492591142654419
          ],
          [
            0.0,
            0.0,
            0.0,
            1.0
          ]
        ]
      },
      "bone_length_armature_space": 0.10252172544916172,
      "parent": "spine_01",
      "has_children": true,
      "is_end_bone": false
    },
    "head": {
      "name": "head",
      "local": {
        "location": {
          "x": 0.0,
          "y": 0.0,
          "z": 0.0
        },
        "rotation_quaternion": {
          "w": 0.9865777492523193,
          "x": 0.03151017799973488,
          "y": -0.08734147250652313,
          "z": 0.13432374596595764
        },
        "scale": {
          "x": 1.0,
          "y": 1.0,
          "z": 1.0
        },
        "matrix_basis": [
          [
            0.948657214641571,
            -0.27054592967033386,
            -0.16387318074703217,
            0.0
          ],
          [
            0.25953733921051025,
            0.9619284868240356,
            -0.08563854545354843,
            0.0
          ],
          [
            0.18080343306064606,
            0.03871041163802147,
            0.9827571511268616,
            0.0
          ],
          [
            0.0,
            0.0,
            0.0,
            1.0
          ]
        ],
        "rotation_mode": "QUATERNION"
      },
      "armature_space": {
        "head": {
          "x": 0.035367824137210846,
          "y": -0.2050592005252838,
          "z": 0.620266854763031
        },
        "tail": {
          "x": 0.033728551119565964,
          "y": -0.2543915808200836,
          "z": 0.7672936916351318
        }
      },
      "world_space": {
        "head": {
          "x": 0.035367824137210846,
          "y": -0.1418152004480362,
          "z": 1.5701208114624023
        },
        "tail": {
          "x": 0.033728551119565964,
          "y": -0.191147580742836,
          "z": 1.717147707939148
        },
        "rotation_quaternion": {
          "w": 0.5787829756736755,
          "x": 0.8058289885520935,
          "y": -0.0772395133972168,
          "z": -0.09840820729732513
        },
        "matrix": [
          [
            0.9686998724937439,
            -0.010569797828793526,
            -0.24801000952720642,
            0.035367824137210846
          ],
          [
            -0.23839759826660156,
            -0.3180883526802063,
            -0.917598307132721,
            -0.1418152004480362
          ],
          [
            -0.06919091939926147,
            0.9480087161064148,
            -0.31065505743026733,
            1.5701208114624023
          ],
          [
            0.0,
            0.0,
            0.0,
            1.0
          ]
        ]
      },
      "bone_length_armature_space": 0.1550911408356995,
      "parent": "neck_01",
      "has_children": false,
      "is_end_bone": true
    },
    "upperarm_l": {
      "name": "upperarm_l",
      "local": {
        "location": {
          "x": 0.0,
          "y": 0.0,
          "z": 0.0
        },
        "rotation_quaternion": {
          "w": 0.9169853925704956,
          "x": 0.17963464558124542,
          "y": 0.24697686731815338,
          "z": 0.25665491819381714
        },
        "scale": {
          "x": 1.0,
          "y": 1.0,
          "z": 1.0
        },
        "matrix_basis": [
          [
            0.7462613582611084,
            -0.38196641206741333,
            0.5451565980911255,
            0.0
          ],
          [
            0.5594288110733032,
            0.8037192821502686,
            -0.20266903936862946,
            0.0
          ],
          [
            -0.36074012517929077,
            0.4562203586101532,
            0.8134676218032837,
            0.0
          ],
          [
            0.0,
            0.0,
            0.0,
            1.0
          ]
        ],
        "rotation_mode": "QUATERNION"
      },
      "armature_space": {
        "head": {
          "x": 0.1612526923418045,
          "y": -0.12045517563819885,
          "z": 0.4757400155067444
        },
        "tail": {
          "x": 0.3932952284812927,
          "y": -0.23493149876594543,
          "z": 0.5454473495483398
        }
      },
      "world_space": {
        "head": {
          "x": 0.1612526923418045,
          "y": -0.05721117556095123,
          "z": 1.4255940914154053
        },
        "tail": {
          "x": 0.3932952284812927,
          "y": -0.17168749868869781,
          "z": 1.495301365852356
        },
        "rotation_quaternion": {
          "w": 0.29578909277915955,
          "x": 0.8085560202598572,
          "y": 0.4459916353225708,
          "z": -0.2446172833442688
        },
        "matrix": [
          [
            0.4825073480606079,
            0.8659290671348572,
            -0.13173280656337738,
            0.1612526923418045
          ],
          [
            0.5765089392662048,
            -0.42719918489456177,
            -0.6965188980102539,
            -0.05721117556095123
          ],
          [
            -0.6594161987304688,
            0.2601317763328552,
            -0.7053481936454773,
            1.4255940914154053
          ],
          [
            0.0,
            0.0,
            0.0,
            1.0
          ]
        ]
      },
      "bone_length_armature_space": 0.26796955346245604,
      "parent": "spine_01",
      "has_children": true,
      "is_end_bone": false
    },
    "lowerarm_l": {
      "name": "lowerarm_l",
      "local": {
        "location": {
          "x": 0.0,
          "y": 0.0,
          "z": 0.0
        },
        "rotation_quaternion": {
          "w": 0.900109052658081,
          "x": 0.3502849042415619,
          "y": 0.21057051420211792,
          "z": -0.1508783996105194
        },
        "scale": {
          "x": 1.0,
          "y": 1.0,
          "z": 1.0
        },
        "matrix_basis": [
          [
            0.8657915592193604,
            0.41913336515426636,
            0.27337199449539185,
            0.0
          ],
          [
            -0.12409467995166779,
            0.7090724110603333,
            -0.6941303014755249,
            0.0
          ],
          [
            -0.4847736954689026,
            0.5670481324195862,
            0.6659210920333862,
            0.0
          ],
          [
            0.0,
            0.0,
            0.0,
            1.0
          ]
        ],
        "rotation_mode": "QUATERNION"
      },
      "armature_space": {
        "head": {
          "x": 0.3932952284812927,
          "y": -0.23493164777755737,
          "z": 0.5454474687576294
        },
        "tail": {
          "x": 0.557276725769043,
          "y": -0.3959180414676666,
          "z": 0.40846893191337585
        }
      },
      "world_space": {
        "head": {
          "x": 0.3932952284812927,
          "y": -0.17168764770030975,
          "z": 1.4953014850616455
        },
        "tail": {
          "x": 0.557276725769043,
          "y": -0.3326740264892578,
          "z": 1.3583229780197144
        },
        "rotation_quaternion": {
          "w": 0.15928895771503448,
          "x": -0.8463732004165649,
          "y": -0.4168276786804199,
          "z": 0.2907477617263794
        },
        "matrix": [
          [
            0.4834396243095398,
            0.6129587292671204,
            -0.624954104423523,
            0.3932952284812927
          ],
          [
            0.7982097268104553,
            -0.6017632484436035,
            0.02725011110305786,
            -0.17168764770030975
          ],
          [
            -0.35937294363975525,
            -0.5120224356651306,
            -0.7801913022994995,
            1.4953014850616455
          ],
          [
            0.0,
            0.0,
            0.0,
            1.0
          ]
        ]
      },
      "bone_length_armature_space": 0.2675250829207079,
      "parent": "upperarm_l",
      "has_children": true,
      "is_end_bone": false
    },
    "metacarpal_thumb_l": {
      "name": "metacarpal_thumb_l",
      "local": {
        "location": {
          "x": 0.0,
          "y": 0.0,
          "z": 0.0
        },
        "rotation_quaternion": {
          "w": 0.9988396763801575,
          "x": -0.04444540664553642,
          "y": 0.01599699631333351,
          "z": -0.009386823512613773
        },
        "scale": {
          "x": 1.0,
          "y": 1.0,
          "z": 1.0
        },
        "matrix_basis": [
          [
            0.9993119835853577,
            0.017329877242445946,
            0.032791271805763245,
            0.0
          ],
          [
            -0.020173849537968636,
            0.995872974395752,
            0.08848734945058823,
            0.0
          ],
          [
            -0.031122466549277306,
            -0.08908799290657043,
            0.9955374002456665,
            0.0
          ],
          [
            0.0,
            0.0,
            0.0,
            1.0
          ]
        ],
        "rotation_mode": "QUATERNION"
      },
      "armature_space": {
        "head": {
          "x": 0.557276725769043,
          "y": -0.3959180414676666,
          "z": 0.40846893191337585
        },
        "tail": {
          "x": 0.5663714408874512,
          "y": -0.4155581593513489,
          "z": 0.36391371488571167
        }
      },
      "world_space": {
        "head": {
          "x": 0.557276725769043,
          "y": -0.3326740264892578,
          "z": 1.3583229780197144
        },
        "tail": {
          "x": 0.5663714408874512,
          "y": -0.35231417417526245,
          "z": 1.313767671585083
        },
        "rotation_quaternion": {
          "w": 0.5471246242523193,
          "x": -0.8005423545837402,
          "y": 0.04903886094689369,
          "z": -0.23954501748085022
        },
        "matrix": [
          [
            0.8804273009300232,
            0.18360620737075806,
            0.43719157576560974,
            0.557276725769043
          ],
          [
            -0.34063610434532166,
            -0.3965006470680237,
            0.8524990081787109,
            -0.3326740264892578
          ],
          [
            0.32987290620803833,
            -0.8994932770729065,
            -0.2865482270717621,
            1.3583229780197144
          ],
          [
            0.0,
            0.0,
            0.0,
            1.0
          ]
        ]
      },
      "bone_length_armature_space": 0.04953398280368491,
      "parent": "lowerarm_l",
      "has_children": true,
      "is_end_bone": false
    },
    "thumb_01_l": {
      "name": "thumb_01_l",
      "local": {
        "location": {
          "x": 0.0,
          "y": 0.0,
          "z": 0.0
        },
        "rotation_quaternion": {
          "w": 0.9954683780670166,
          "x": -0.09450334310531616,
          "y": 0.00929973367601633,
          "z": -0.0050392597913742065
        },
        "scale": {
          "x": 1.0,
          "y": 1.0,
          "z": 1.0
        },
        "matrix_basis": [
          [
            0.9997762441635132,
            0.008275135420262814,
            0.019467635080218315,
            0.0
          ],
          [
            -0.011790559627115726,
            0.9820874333381653,
            0.18805645406246185,
            0.0
          ],
          [
            -0.017562728375196457,
            -0.18824391067028046,
            0.9819652438163757,
            0.0
          ],
          [
            0.0,
            0.0,
            0.0,
            1.0
          ]
        ],
        "rotation_mode": "QUATERNION"
      },
      "armature_space": {
        "head": {
          "x": 0.5663714408874512,
          "y": -0.4155581593513489,
          "z": 0.36391371488571167
        },
        "tail": {
          "x": 0.5717065930366516,
          "y": -0.40014564990997314,
          "z": 0.33403682708740234
        }
      },
      "world_space": {
        "head": {
          "x": 0.5663714408874512,
          "y": -0.35231417417526245,
          "z": 1.313767671585083
        },
        "tail": {
          "x": 0.5717065930366516,
          "y": -0.3369016647338867,
          "z": 1.2838908433914185
        },
        "rotation_quaternion": {
          "w": 0.5765453577041626,
          "x": -0.2806110084056854,
          "y": 0.6276891827583313,
          "z": -0.4414285123348236
        },
        "matrix": [
          [
            -0.17770451307296753,
            0.1567375659942627,
            0.9715216755867004,
            0.5663714408874512
          ],
          [
            -0.8612808585166931,
            0.4527953565120697,
            -0.23059028387069702,
            -0.35231417417526245
          ],
          [
            -0.47604677081108093,
            -0.8777357339859009,
            0.05453146994113922,
            1.313767671585083
          ],
          [
            0.0,
            0.0,
            0.0,
            1.0
          ]
        ]
      },
      "bone_length_armature_space": 0.034038768305000605,
      "parent": "metacarpal_thumb_l",
      "has_children": true,
      "is_end_bone": false
    },
    "thumb_02_l": {
      "name": "thumb_02_l",
      "local": {
        "location": {
          "x": 0.0,
          "y": 0.0,
          "z": 0.0
        },
        "rotation_quaternion": {
          "w": 0.9982270002365112,
          "x": 0.059386901557445526,
          "y": -0.0008427107823081315,
          "z": -0.00393672427162528
        },
        "scale": {
          "x": 1.0,
          "y": 1.0,
          "z": 1.0
        },
        "matrix_basis": [
          [
            0.9999675750732422,
            0.007759396918118,
            -0.0021500131115317345,
            0.0
          ],
          [
            -0.007959580980241299,
            0.9929153919219971,
            -0.11855658143758774,
            0.0
          ],
          [
            0.001214853604324162,
            0.11856985092163086,
            0.9929449558258057,
            0.0
          ],
          [
            0.0,
            0.0,
            0.0,
            1.0
          ]
        ],
        "rotation_mode": "QUATERNION"
      },
      "armature_space": {
        "head": {
          "x": 0.5717065334320068,
          "y": -0.40014562010765076,
          "z": 0.33403685688972473
        },
        "tail": {
          "x": 0.594437837600708,
          "y": -0.4221152663230896,
          "z": 0.30926164984703064
        }
      },
      "world_space": {
        "head": {
          "x": 0.5717065334320068,
          "y": -0.33690160512924194,
          "z": 1.2838908433914185
        },
        "tail": {
          "x": 0.594437837600708,
          "y": -0.3588712811470032,
          "z": 1.2591156959533691
        },
        "rotation_quaternion": {
          "w": 0.3066246509552002,
          "x": 0.0372200533747673,
          "y": 0.36398449540138245,
          "z": -0.8786987066268921
        },
        "matrix": [
          [
            -0.8091914653778076,
            0.5659566521644592,
            0.1578044891357422,
            0.5717065334320068
          ],
          [
            -0.5117679238319397,
            -0.5469929575920105,
            -0.662489652633667,
            -0.33690160512924194
          ],
          [
            -0.288625031709671,
            -0.6168450117111206,
            0.7322649955749512,
            1.2838908433914185
          ],
          [
            0.0,
            0.0,
            0.0,
            1.0
          ]
        ]
      },
      "bone_length_armature_space": 0.040164517271636176,
      "parent": "thumb_01_l",
      "has_children": true,
      "is_end_bone": false
    },
    "thumb_03_l": {
      "name": "thumb_03_l",
      "local": {
        "location": {
          "x": 0.0,
          "y": 0.0,
          "z": 0.0
        },
        "rotation_quaternion": {
          "w": 0.9964757561683655,
          "x": 0.08361013233661652,
          "y": 0.00674572354182601,
          "z": -0.00033470350899733603
        },
        "scale": {
          "x": 1.0,
          "y": 1.0,
          "z": 1.0
        },
        "matrix_basis": [
          [
            0.9999087452888489,
            0.0017950695473700762,
            0.013387930579483509,
            0.0
          ],
          [
            0.00046097382437437773,
            0.9860184788703918,
            -0.1666354537010193,
            0.0
          ],
          [
            -0.013499869033694267,
            0.16662642359733582,
            0.9859277009963989,
            0.0
          ],
          [
            0.0,
            0.0,
            0.0,
            1.0
          ]
        ],
        "rotation_mode": "QUATERNION"
      },
      "armature_space": {
        "head": {
          "x": 0.5944377779960632,
          "y": -0.4221152365207672,
          "z": 0.30926159024238586
        },
        "tail": {
          "x": 0.6143097281455994,
          "y": -0.44413086771965027,
          "z": 0.3023834228515625
        }
      },
      "world_space": {
        "head": {
          "x": 0.5944377779960632,
          "y": -0.3588712215423584,
          "z": 1.2591155767440796
        },
        "tail": {
          "x": 0.6143097281455994,
          "y": -0.38088685274124146,
          "z": 1.2522374391555786
        },
        "rotation_quaternion": {
          "w": 0.291853666305542,
          "x": 0.3058988153934479,
          "y": 0.23077253997325897,
          "z": -0.8763511776924133
        },
        "matrix": [
          [
            -0.6424947381019592,
            0.652719259262085,
            -0.40144509077072144,
            0.5944377779960632
          ],
          [
            -0.37034767866134644,
            -0.7231306433677673,
            -0.5830309391021729,
            -0.3588712215423584
          ],
          [
            -0.6708577275276184,
            -0.22592231631278992,
            0.7063450813293457,
            1.2591155767440796
          ],
          [
            0.0,
            0.0,
            0.0,
            1.0
          ]
        ]
      },
      "bone_length_armature_space": 0.030444894184609335,
      "parent": "thumb_02_l",
      "has_children": false,
      "is_end_bone": true
    },
    "metacarpal_index_l": {
      "name": "metacarpal_index_l",
      "local": {
        "location": {
          "x": 0.0,
          "y": 0.0,
          "z": 0.0
        },
        "rotation_quaternion": {
          "w": 0.9991129636764526,
          "x": -0.03779022768139839,
          "y": 0.011895526200532913,
          "z": 0.014276588335633278
        },
        "scale": {
          "x": 1.0,
          "y": 1.0,
          "z": 1.0
        },
        "matrix_basis": [
          [
            0.9993093609809875,
            -0.02942691743373871,
            0.022690918296575546,
            0.0
          ],
          [
            0.027628779411315918,
            0.9967361688613892,
            0.07585306465625763,
            0.0
          ],
          [
            -0.024848980829119682,
            -0.0751737579703331,
            0.9968608021736145,
            0.0
          ],
          [
            0.0,
            0.0,
            0.0,
            1.0
          ]
        ],
        "rotation_mode": "QUATERNION"
      },
      "armature_space": {
        "head": {
          "x": 0.557276725769043,
          "y": -0.3959180414676666,
          "z": 0.40846893191337585
        },
        "tail": {
          "x": 0.6035319566726685,
          "y": -0.46513131260871887,
          "z": 0.326011061668396
        }
      },
      "world_space": {
        "head": {
          "x": 0.557276725769043,
          "y": -0.3326740264892578,
          "z": 1.3583229780197144
        },
        "tail": {
          "x": 0.6035319566726685,
          "y": -0.40188729763031006,
          "z": 1.275865077972412
        },
        "rotation_quaternion": {
          "w": 0.4108958840370178,
          "x": -0.8889994621276855,
          "y": -0.18924860656261444,
          "z": -0.07091884315013885
        },
        "matrix": [
          [
            0.9183107614517212,
            0.3947645425796509,
            -0.029430672526359558,
            0.557276725769043
          ],
          [
            0.27820485830307007,
            -0.590699315071106,
            0.7574145197868347,
            -0.3326740264892578
          ],
          [
            0.28161802887916565,
            -0.7037351727485657,
            -0.6522747874259949,
            1.3583229780197144
          ],
          [
            0.0,
            0.0,
            0.0,
            1.0
          ]
        ]
      },
      "bone_length_armature_space": 0.11717219650162386,
      "parent": "lowerarm_l",
      "has_children": true,
      "is_end_bone": false
    },
    "index_01_l": {
      "name": "index_01_l",
      "local": {
        "location": {
          "x": 0.0,
          "y": 0.0,
          "z": 0.0
        },
        "rotation_quaternion": {
          "w": 0.9916293621063232,
          "x": -0.12734171748161316,
          "y": 0.0075755612924695015,
          "z": -0.019948361441493034
        },
        "scale": {
          "x": 1.0,
          "y": 1.0,
          "z": 1.0
        },
        "matrix_basis": [
          [
            0.9990893602371216,
            0.037633392959833145,
            0.02010481432080269,
            0.0
          ],
          [
            -0.04149213060736656,
            0.9667723178863525,
            0.2522493302822113,
            0.0
          ],
          [
            -0.009943780489265919,
            -0.2528538107872009,
            0.9674534201622009,
            0.0
          ],
          [
            0.0,
            0.0,
            0.0,
            1.0
          ]
        ],
        "rotation_mode": "QUATERNION"
      },
      "armature_space": {
        "head": {
          "x": 0.6035319566726685,
          "y": -0.46513131260871887,
          "z": 0.326011061668396
        },
        "tail": {
          "x": 0.6227332353591919,
          "y": -0.484924852848053,
          "z": 0.3187587559223175
        }
      },
      "world_space": {
        "head": {
          "x": 0.6035319566726685,
          "y": -0.40188729763031006,
          "z": 1.275865077972412
        },
        "tail": {
          "x": 0.6227332353591919,
          "y": -0.42168086767196655,
          "z": 1.2686127424240112
        },
        "rotation_quaternion": {
          "w": 0.2228531688451767,
          "x": -0.8928324580192566,
          "y": -0.3213348090648651,
          "z": -0.2234516143798828
        },
        "matrix": [
          [
            0.6936266422271729,
            0.6733905673027039,
            0.25578761100769043,
            0.6035319566726685
          ],
          [
            0.4742036759853363,
            -0.6941604018211365,
            0.5415465235710144,
            -0.40188729763031006
          ],
          [
            0.5422342419624329,
            -0.2543381452560425,
            -0.8008174896240234,
            1.275865077972412
          ],
          [
            0.0,
            0.0,
            0.0,
            1.0
          ]
        ]
      },
      "bone_length_armature_space": 0.02851436971794366,
      "parent": "metacarpal_index_l",
      "has_children": true,
      "is_end_bone": false
    },
    "index_02_l": {
      "name": "index_02_l",
      "local": {
        "location": {
          "x": 0.0,
          "y": 0.0,
          "z": 0.0
        },
        "rotation_quaternion": {
          "w": 0.9994077086448669,
          "x": 0.03387556970119476,
          "y": -0.00593667384237051,
          "z": -0.0012394890654832125
        },
        "scale": {
          "x": 1.0,
          "y": 1.0,
          "z": 1.0
        },
        "matrix_basis": [
          [
            0.9999264478683472,
            0.0020752933342009783,
            -0.011950291693210602,
            0.0
          ],
          [
            -0.0028797262348234653,
            0.9977018237113953,
            -0.06769629567861557,
            0.0
          ],
          [
            0.011782338842749596,
            0.06772572547197342,
            0.9976344108581543,
            0.0
          ],
          [
            0.0,
            0.0,
            0.0,
            1.0
          ]
        ],
        "rotation_mode": "QUATERNION"
      },
      "armature_space": {
        "head": {
          "x": 0.6227334141731262,
          "y": -0.4849250614643097,
          "z": 0.3187582790851593
        },
        "tail": {
          "x": 0.640720009803772,
          "y": -0.501905083656311,
          "z": 0.31195732951164246
        }
      },
      "world_space": {
        "head": {
          "x": 0.6227334141731262,
          "y": -0.4216810464859009,
          "z": 1.268612265586853
        },
        "tail": {
          "x": 0.640720009803772,
          "y": -0.4386610984802246,
          "z": 1.261811375617981
        },
        "rotation_quaternion": {
          "w": 0.22100003063678741,
          "x": -0.8922945261001587,
          "y": -0.34670785069465637,
          "z": -0.1864486187696457
        },
        "matrix": [
          [
            0.690061092376709,
            0.7011417150497437,
            0.17948803305625916,
            0.6227334141731262
          ],
          [
            0.5363218784332275,
            -0.6619049310684204,
            0.5236804485321045,
            -0.4216810464859009
          ],
          [
            0.48598214983940125,
            -0.26511070132255554,
            -0.8327978849411011,
            1.268612265586853
          ],
          [
            0.0,
            0.0,
            0.0,
            1.0
          ]
        ]
      },
      "bone_length_armature_space": 0.025653297673861302,
      "parent": "index_01_l",
      "has_children": true,
      "is_end_bone": false
    },
    "index_03_l": {
      "name": "index_03_l",
      "local": {
        "location": {
          "x": 0.0,
          "y": 0.0,
          "z": 0.0
        },
        "rotation_quaternion": {
          "w": 0.9991216063499451,
          "x": 0.04181408882141113,
          "y": 0.0027380497194826603,
          "z": 0.00017693964764475822
        },
        "scale": {
          "x": 1.0,
          "y": 1.0,
          "z": 1.0
        },
        "matrix_basis": [
          [
            0.9999849200248718,
            -0.00012459034041967243,
            0.00548608647659421,
            0.0
          ],
          [
            0.0005825465777888894,
            0.9965031147003174,
            -0.0835537537932396,
            0.0
          ],
          [
            -0.005456492304801941,
            0.0835556909441948,
            0.9964881539344788,
            0.0
          ],
          [
            0.0,
            0.0,
            0.0,
            1.0
          ]
        ],
        "rotation_mode": "QUATERNION"
      },
      "armature_space": {
        "head": {
          "x": 0.6407199501991272,
          "y": -0.5019051432609558,
          "z": 0.3119574189186096
        },
        "tail": {
          "x": 0.6636387705802917,
          "y": -0.5167551040649414,
          "z": 0.30156806111335754
        }
      },
      "world_space": {
        "head": {
          "x": 0.6407199501991272,
          "y": -0.4386611580848694,
          "z": 1.2618114948272705
        },
        "tail": {
          "x": 0.6636387705802917,
          "y": -0.453511118888855,
          "z": 1.2514220476150513
        },
        "rotation_quaternion": {
          "w": 0.3021199703216553,
          "x": -0.8456207513809204,
          "y": -0.393198698759079,
          "z": -0.19759559631347656
        },
        "matrix": [
          [
            0.6127012968063354,
            0.7843893766403198,
            0.09659376740455627,
            0.6407199501991272
          ],
          [
            0.545600414276123,
            -0.5082359313964844,
            0.6663458347320557,
            -0.4386611580848694
          ],
          [
            0.5717716217041016,
            -0.3555724322795868,
            -0.7393646240234375,
            1.2618114948272705
          ],
          [
            0.0,
            0.0,
            0.0,
            1.0
          ]
        ]
      },
      "bone_length_armature_space": 0.029218700039630903,
      "parent": "index_02_l",
      "has_children": false,
      "is_end_bone": true
    },
    "metacarpal_pinky_l": {
      "name": "metacarpal_pinky_l",
      "local": {
        "location": {
          "x": 0.0,
          "y": 0.0,
          "z": 0.0
        },
        "rotation_quaternion": {
          "w": 0.999376654624939,
          "x": -0.029681624844670296,
          "y": -0.016121843829751015,
          "z": 0.010272632353007793
        },
        "scale": {
          "x": 1.0,
          "y": 1.0,
          "z": 1.0
        },
        "matrix_basis": [
          [
            0.9992691278457642,
            -0.019575413316488266,
            -0.03283340483903885,
            0.0
          ],
          [
            0.021489502862095833,
            0.998026967048645,
            0.058995019644498825,
            0.0
          ],
          [
            0.03161377087235451,
            -0.05965747311711311,
            0.9977181553840637,
            0.0
          ],
          [
            0.0,
            0.0,
            0.0,
            1.0
          ]
        ],
        "rotation_mode": "QUATERNION"
      },
      "armature_space": {
        "head": {
          "x": 0.557276725769043,
          "y": -0.3959180414676666,
          "z": 0.40846893191337585
        },
        "tail": {
          "x": 0.6420531868934631,
          "y": -0.45099374651908875,
          "z": 0.38351207971572876
        }
      },
      "world_space": {
        "head": {
          "x": 0.557276725769043,
          "y": -0.3326740264892578,
          "z": 1.3583229780197144
        },
        "tail": {
          "x": 0.6420531868934631,
          "y": -0.38774973154067993,
          "z": 1.3333661556243896
        },
        "rotation_quaternion": {
          "w": 0.28475770354270935,
          "x": 0.5343303084373474,
          "y": 0.393013060092926,
          "z": -0.6920585632324219
        },
        "matrix": [
          [
            -0.26680895686149597,
            0.8141347169876099,
            -0.5157493948936462,
            0.557276725769043
          ],
          [
            0.025857914239168167,
            -0.5289089679718018,
            -0.8482847213745117,
            -0.3326740264892578
          ],
          [
            -0.9634093642234802,
            -0.2396683394908905,
            0.12006571143865585,
            1.3583229780197144
          ],
          [
            0.0,
            0.0,
            0.0,
            1.0
          ]
        ]
      },
      "bone_length_armature_space": 0.10413081274171966,
      "parent": "lowerarm_l",
      "has_children": true,
      "is_end_bone": false
    },
    "pinky_01_l": {
      "name": "pinky_01_l",
      "local": {
        "location": {
          "x": 0.0,
          "y": 0.0,
          "z": 0.0
        },
        "rotation_quaternion": {
          "w": 0.9939237833023071,
          "x": -0.1086307018995285,
          "y": 0.014890532940626144,
          "z": 0.009658931754529476
        },
        "scale": {
          "x": 1.0,
          "y": 1.0,
          "z": 1.0
        },
        "matrix_basis": [
          [
            0.9993699789047241,
            -0.022435622289776802,
            0.02750159613788128,
            0.0
          ],
          [
            0.01596534624695778,
            0.9762121438980103,
            0.2162289321422577,
            0.0
          ],
          [
            -0.031698621809482574,
            -0.21565362811088562,
            0.9759553074836731,
            0.0
          ],
          [
            0.0,
            0.0,
            0.0,
            1.0
          ]
        ],
        "rotation_mode": "QUATERNION"
      },
      "armature_space": {
        "head": {
          "x": 0.6420531868934631,
          "y": -0.45099374651908875,
          "z": 0.38351207971572876
        },
        "tail": {
