{
  "metadata": {
    "armature_name": "KIM_caucasian_male",
    "export_time": "2026-01-13T21:05:43.125003",
    "blender_version": "4.4.1",
    "bone_count": 56,
    "end_bone_count": 13,
    "spaces_included": [
      "LOCAL_CHANNELS",
      "ARMATURE_SPACE",
      "WORLD_SPACE"
    ],
    "note": "LOCAL matches Transform panel; replay pose via local.matrix_basis for best fidelity."
  },
  "bones": {
    "Root": {
      "name": "Root",
      "local": {
        "location": {
          "x": 0.0,
          "y": 0.0,
          "z": 0.0
        },
        "rotation_quaternion": {
          "w": 0.9994344711303711,
          "x": -0.01759551651775837,
          "y": -0.0008347502443939447,
          "z": -0.02864583395421505
        },
        "scale": {
          "x": 1.0,
          "y": 1.0,
          "z": 1.0
        },
        "matrix_basis": [
          [
            0.9983574151992798,
            0.05728864297270775,
            -0.0006604798254556954,
            0.0
          ],
          [
            -0.057229891419410706,
            0.9977396130561829,
            0.03521895408630371,
            0.0
          ],
          [
            0.002676632720977068,
            -0.0351233072578907,
            0.9993793964385986,
            0.0
          ],
          [
            0.0,
            0.0,
            0.0,
            1.0
          ]
        ],
        "rotation_mode": "QUATERNION"
      },
      "armature_space": {
        "head": {
          "x": 0.0,
          "y": 0.07072800397872925,
          "z": -0.009595036506652832
        },
        "tail": {
          "x": 0.004089026711881161,
          "y": 0.000496886670589447,
          "z": 0.0024625305086374283
        }
      },
      "world_space": {
        "head": {
          "x": 0.0,
          "y": 0.13397200405597687,
          "z": 0.9402589797973633
        },
        "tail": {
          "x": 0.004089026711881161,
          "y": 0.06374088674783707,
          "z": 0.9523165225982666
        },
        "rotation_quaternion": {
          "w": 0.08488509804010391,
          "x": 0.9959785342216492,
          "y": 0.028524525463581085,
          "z": -0.0027626673690974712
        },
        "matrix": [
          [
            0.9983574151992798,
            0.05728864297270775,
            -0.0006604798254556954,
            0.0
          ],
          [
            0.05635060742497444,
            -0.9839616417884827,
            -0.16924554109573364,
            0.13397200405597687
          ],
          [
            -0.010345753282308578,
            0.16893057525157928,
            -0.9855807423591614,
            0.9402589797973633
          ],
          [
            0.0,
            0.0,
            0.0,
            1.0
          ]
        ]
      },
      "bone_length_armature_space": 0.07137586905355983,
      "parent": null,
      "has_children": true,
      "is_end_bone": false
    },
    "spine_01": {
      "name": "spine_01",
      "local": {
        "location": {
          "x": 0.0,
          "y": 0.0,
          "z": 0.0
        },
        "rotation_quaternion": {
          "w": 0.9976180791854858,
          "x": 0.0618489533662796,
          "y": 0.024141555652022362,
          "z": 0.018712442368268967
        },
        "scale": {
          "x": 1.0,
          "y": 1.0,
          "z": 1.0
        },
        "matrix_basis": [
          [
            0.9981340765953064,
            -0.034349482506513596,
            0.050482794642448425,
            0.0
          ],
          [
            0.04032200202345848,
            0.9916490912437439,
            -0.12249977141618729,
            0.0
          ],
          [
            -0.04585341364145279,
            0.12430676072835922,
            0.9911837577819824,
            0.0
          ],
          [
            0.0,
            0.0,
            0.0,
            1.0
          ]
        ],
        "rotation_mode": "QUATERNION"
      },
      "armature_space": {
        "head": {
          "x": 0.004089026711881161,
          "y": 0.000496886670589447,
          "z": 0.0024625305086374283
        },
        "tail": {
          "x": -0.006430602632462978,
          "y": -0.021111274138092995,
          "z": 0.48987501859664917
        }
      },
      "world_space": {
        "head": {
          "x": 0.004089026711881161,
          "y": 0.06374088674783707,
          "z": 0.9523165225982666
        },
        "tail": {
          "x": -0.006430602632462978,
          "y": 0.042132727801799774,
          "z": 1.4397289752960205
        },
        "rotation_quaternion": {
          "w": 0.6906662583351135,
          "x": 0.7211347222328186,
          "y": 0.02898990362882614,
          "z": 0.045874424278736115
        },
        "matrix": [
          [
            0.9941102266311646,
            -0.021556563675403595,
            0.10620777308940887,
            0.004089026711881161
          ],
          [
            0.10517890006303787,
            -0.04427890479564667,
            -0.9934670329093933,
            0.06374088674783707
          ],
          [
            0.02611878328025341,
            0.9987935423851013,
            -0.041752032935619354,
            0.9523165225982666
          ],
          [
            0.0,
            0.0,
            0.0,
            1.0
          ]
        ]
      },
      "bone_length_armature_space": 0.4880046124311121,
      "parent": "Root",
      "has_children": true,
      "is_end_bone": false
    },
    "neck_01": {
      "name": "neck_01",
      "local": {
        "location": {
          "x": 0.0,
          "y": 0.0,
          "z": 0.0
        },
        "rotation_quaternion": {
          "w": 0.9913008213043213,
          "x": -0.07361292093992233,
          "y": 0.09349244087934494,
          "z": -0.05624204874038696
        },
        "scale": {
          "x": 1.0,
          "y": 1.0,
          "z": 1.0
        },
        "matrix_basis": [
          [
            0.9761919975280762,
            0.09774107486009598,
            0.19363854825496674,
            0.0
          ],
          [
            -0.1252700835466385,
            0.9828359484672546,
            0.13542868196964264,
            0.0
          ],
          [
            -0.177077978849411,
            -0.15646150708198547,
            0.9716805815696716,
            0.0
          ],
          [
            0.0,
            0.0,
            0.0,
            1.0
          ]
        ],
        "rotation_mode": "QUATERNION"
      },
      "armature_space": {
        "head": {
          "x": -0.0043256087228655815,
          "y": -0.05880718305706978,
          "z": 0.5615571141242981
        },
        "tail": {
          "x": 0.006014635786414146,
          "y": -0.08545129001140594,
          "z": 0.6600148677825928
        }
      },
      "world_space": {
        "head": {
          "x": -0.0043256087228655815,
          "y": 0.004436817020177841,
          "z": 1.511411190032959
        },
        "tail": {
          "x": 0.006014635786414146,
          "y": -0.022207289934158325,
          "z": 1.6098688840866089
        },
        "rotation_quaternion": {
          "w": 0.5939829349517822,
          "x": 0.7886362075805664,
          "y": 0.13130062818527222,
          "z": 0.08942822366952896
        },
        "matrix": [
          [
            0.9495254158973694,
            0.10085944086313248,
            0.2970336377620697,
            -0.0043256087228655815
          ],
          [
            0.3133349120616913,
            -0.2598884403705597,
            -0.9133889675140381,
            0.004436817020177841
          ],
          [
            -0.014928072690963745,
            0.9603633880615234,
            -0.2783762812614441,
            1.511411190032959
          ],
          [
            0.0,
            0.0,
            0.0,
            1.0
          ]
        ]
      },
      "bone_length_armature_space": 0.10252198828588598,
      "parent": "spine_01",
      "has_children": true,
      "is_end_bone": false
    },
    "head": {
      "name": "head",
      "local": {
        "location": {
          "x": 0.0,
          "y": 0.0,
          "z": 0.0
        },
        "rotation_quaternion": {
          "w": 0.9869276285171509,
          "x": 0.06598755717277527,
          "y": -0.14703524112701416,
          "z": -0.0005203534383326769
        },
        "scale": {
          "x": 1.0,
          "y": 1.0,
          "z": 1.0
        },
        "matrix_basis": [
          [
            0.9567607045173645,
            -0.018377890810370445,
            -0.29029494524002075,
            0.0
          ],
          [
            -0.02043209597468376,
            0.9912907481193542,
            -0.13009686768054962,
            0.0
          ],
          [
            0.29015761613845825,
            0.13040290772914886,
            0.9480525851249695,
            0.0
          ],
          [
            0.0,
            0.0,
            0.0,
            1.0
          ]
        ],
        "rotation_mode": "QUATERNION"
      },
      "armature_space": {
        "head": {
          "x": 0.006014674436300993,
          "y": -0.08545141667127609,
          "z": 0.6600147485733032
        },
        "tail": {
          "x": 0.0074433679692447186,
          "y": -0.09199893474578857,
          "z": 0.8149611949920654
        }
      },
      "world_space": {
        "head": {
          "x": 0.006014674436300993,
          "y": -0.022207416594028473,
          "z": 1.6098687648773193
        },
        "tail": {
          "x": 0.0074433679692447186,
          "y": -0.028754934668540955,
          "z": 1.7648152112960815
        },
        "rotation_quaternion": {
          "w": 0.6919421553611755,
          "x": 0.7218668460845947,
          "y": 0.010353632271289825,
          "z": 0.0041447957046329975
        },
        "matrix": [
          [
            0.9997513294219971,
            0.009212017059326172,
            0.02031227946281433,
            0.006014674436300993
          ],
          [
            0.02068382501602173,
            -0.04221745580434799,
            -0.998894453048706,
            -0.022207416594028473
          ],
          [
            -0.008344316855072975,
            0.9990730285644531,
            -0.042398788034915924,
            1.6098687648773193
          ],
          [
            0.0,
            0.0,
            0.0,
            1.0
          ]
        ]
      },
      "bone_length_armature_space": 0.15509130180880723,
      "parent": "neck_01",
      "has_children": false,
      "is_end_bone": true
    },
    "upperarm_l": {
      "name": "upperarm_l",
      "local": {
        "location": {
          "x": 0.0,
          "y": 0.0,
          "z": 0.0
        },
        "rotation_quaternion": {
          "w": 0.9894382357597351,
          "x": 0.0782400444149971,
          "y": -0.11927323043346405,
          "z": 0.025778878480196
        },
        "scale": {
          "x": 1.0,
          "y": 1.0,
          "z": 1.0
        },
        "matrix_basis": [
          [
            0.9702187180519104,
            -0.06967709958553314,
            -0.23199310898780823,
            0.0
          ],
          [
            0.03234932944178581,
            0.986427903175354,
            -0.160976842045784,
            0.0
          ],
          [
            0.24006086587905884,
            0.14867793023586273,
            0.9593048095703125,
            0.0
          ],
          [
            0.0,
            0.0,
            0.0,
            1.0
          ]
        ],
        "rotation_mode": "QUATERNION"
      },
      "armature_space": {
        "head": {
          "x": 0.14657841622829437,
          "y": -0.04322275519371033,
          "z": 0.4982151389122009
        },
        "tail": {
          "x": 0.4139622449874878,
          "y": -0.045470088720321655,
          "z": 0.515778124332428
        }
      },
      "world_space": {
        "head": {
          "x": 0.14657841622829437,
          "y": 0.020021244883537292,
          "z": 1.4480690956115723
        },
        "tail": {
          "x": 0.4139622449874878,
          "y": 0.017773911356925964,
          "z": 1.4656322002410889
        },
        "rotation_quaternion": {
          "w": 0.5528472065925598,
          "x": 0.47534888982772827,
          "y": 0.43608132004737854,
          "z": -0.5274812579154968
        },
        "matrix": [
          [
            0.06319264322519302,
            0.9978145956993103,
            -0.01930294930934906,
            0.14657841622829437
          ],
          [
            -0.16865238547325134,
            -0.0083865225315094,
            -0.9856399893760681,
            0.020021244883537292
          ],
          [
            -0.9836549758911133,
            0.06554107367992401,
            0.16775411367416382,
            1.4480690956115723
          ],
          [
            0.0,
            0.0,
            0.0,
            1.0
          ]
        ]
      },
      "bone_length_armature_space": 0.2679694225957034,
      "parent": "spine_01",
      "has_children": true,
      "is_end_bone": false
    },
    "lowerarm_l": {
      "name": "lowerarm_l",
      "local": {
        "location": {
          "x": 0.0,
          "y": 0.0,
          "z": 0.0
        },
        "rotation_quaternion": {
          "w": 0.9868154525756836,
          "x": 0.048466574400663376,
          "y": 0.017448436468839645,
          "z": -0.15343376994132996
        },
        "scale": {
          "x": 1.0,
          "y": 1.0,
          "z": 1.0
        },
        "matrix_basis": [
          [
            0.9523072838783264,
            0.30451294779777527,
            0.019563954323530197,
            0.0
          ],
          [
            -0.3011302947998047,
            0.9482181668281555,
            -0.10100948810577393,
            0.0
          ],
          [
            -0.04930959269404411,
            0.09030076861381531,
            0.9946931004524231,
            0.0
          ],
          [
            0.0,
            0.0,
            0.0,
            1.0
          ]
        ],
        "rotation_mode": "QUATERNION"
      },
      "armature_space": {
        "head": {
          "x": 0.41396230459213257,
          "y": -0.045470114797353745,
          "z": 0.5157782435417175
        },
        "tail": {
          "x": 0.6686276197433472,
          "y": -0.12141147255897522,
          "z": 0.48499178886413574
        }
      },
      "world_space": {
        "head": {
          "x": 0.41396230459213257,
          "y": 0.017773885279893875,
          "z": 1.4656322002410889
        },
        "tail": {
          "x": 0.6686276197433472,
          "y": -0.0581674724817276,
          "z": 1.4348458051681519
        },
        "rotation_quaternion": {
          "w": 0.4447965621948242,
          "x": 0.4606004059314728,
          "y": 0.40027785301208496,
          "z": -0.655576765537262
        },
        "matrix": [
          [
            -0.18000589311122894,
            0.9519329071044922,
            -0.2478330135345459,
            0.41396230459213257
          ],
          [
            -0.21446159482002258,
            -0.2838669419288635,
            -0.9345725774765015,
            0.017773885279893875
          ],
          [
            -0.9600090980529785,
            -0.11507907509803772,
            0.25525182485580444,
            1.4656322002410889
          ],
          [
            0.0,
            0.0,
            0.0,
            1.0
          ]
        ]
      },
      "bone_length_armature_space": 0.26752442104660773,
      "parent": "upperarm_l",
      "has_children": true,
      "is_end_bone": false
    },
    "metacarpal_thumb_l": {
      "name": "metacarpal_thumb_l",
      "local": {
        "location": {
          "x": 0.0,
          "y": 0.0,
          "z": 0.0
        },
        "rotation_quaternion": {
          "w": 0.9984232187271118,
          "x": -0.05417730659246445,
          "y": -0.00214347499422729,
          "z": -0.014536848291754723
        },
        "scale": {
          "x": 1.0,
          "y": 1.0,
          "z": 1.0
        },
        "matrix_basis": [
          [
            0.9995681643486023,
            0.02926010824739933,
            -0.0027050557546317577,
            0.0
          ],
          [
            -0.028795598074793816,
            0.993707001209259,
            0.1082460805773735,
            0.0
          ],
          [
            0.005855325143784285,
            -0.10812143981456757,
            0.9941204786300659,
            0.0
          ],
          [
            0.0,
            0.0,
            0.0,
            1.0
          ]
        ],
        "rotation_mode": "QUATERNION"
      },
      "armature_space": {
        "head": {
          "x": 0.6686276197433472,
          "y": -0.12141147255897522,
          "z": 0.48499178886413574
        },
        "tail": {
          "x": 0.6996782422065735,
          "y": -0.15998634696006775,
          "z": 0.4837992489337921
        }
      },
      "world_space": {
        "head": {
          "x": 0.6686276197433472,
          "y": -0.0581674724817276,
          "z": 1.4348458051681519
        },
        "tail": {
          "x": 0.6996782422065735,
          "y": -0.09674234688282013,
          "z": 1.4336532354354858
        },
        "rotation_quaternion": {
          "w": 0.04657785966992378,
          "x": 0.9280194640159607,
          "y": 0.32931753993034363,
          "z": -0.16781044006347656
        },
        "matrix": [
          [
            0.7267789244651794,
            0.6268587708473206,
            -0.2807844877243042,
            0.6686276197433472
          ],
          [
            0.5955936908721924,
            -0.7787606716156006,
            -0.19697728753089905,
            -0.0581674724817276
          ],
          [
            -0.3421429395675659,
            -0.02407538890838623,
            -0.9393470287322998,
            1.4348458051681519
          ],
          [
            0.0,
            0.0,
            0.0,
            1.0
          ]
        ]
      },
      "bone_length_armature_space": 0.049533668389640725,
      "parent": "lowerarm_l",
      "has_children": true,
      "is_end_bone": false
    },
    "thumb_01_l": {
      "name": "thumb_01_l",
      "local": {
        "location": {
          "x": 0.0,
          "y": 0.0,
          "z": 0.0
        },
        "rotation_quaternion": {
          "w": 0.9621677398681641,
          "x": 0.27142253518104553,
          "y": -0.017786454409360886,
          "z": -0.01570424623787403
        },
        "scale": {
          "x": 1.0,
          "y": 1.0,
          "z": 1.0
        },
        "matrix_basis": [
          [
            0.9988740086555481,
            0.02056494913995266,
            -0.04275207966566086,
            0.0
          ],
          [
            -0.03987552598118782,
            0.8521663546562195,
            -0.5217493772506714,
            0.0
          ],
          [
            0.025702131912112236,
            0.5228666663169861,
            0.8520268797874451,
            0.0
          ],
          [
            0.0,
            0.0,
            0.0,
            1.0
          ]
        ],
        "rotation_mode": "QUATERNION"
      },
      "armature_space": {
        "head": {
          "x": 0.6996782422065735,
          "y": -0.15998634696006775,
          "z": 0.4837992489337921
        },
        "tail": {
          "x": 0.716882050037384,
          "y": -0.17248590290546417,
          "z": 0.4572206139564514
        }
      },
      "world_space": {
        "head": {
          "x": 0.6996782422065735,
          "y": -0.09674234688282013,
          "z": 1.4336532354354858
        },
        "tail": {
          "x": 0.716882050037384,
          "y": -0.10924190282821655,
          "z": 1.4070746898651123
        },
        "rotation_quaternion": {
          "w": 0.5615075826644897,
          "x": -0.7193881273269653,
          "y": -0.03318756818771362,
          "z": -0.4075395166873932
        },
        "matrix": [
          [
            0.6656213998794556,
            0.5054214000701904,
            0.5490871667861938,
            0.6996782422065735
          ],
          [
            -0.40992093086242676,
            -0.3672175407409668,
            0.8349347114562988,
            -0.09674234688282013
          ],
          [
            0.6236324906349182,
            -0.7808390259742737,
            -0.037244707345962524,
            1.4336532354354858
          ],
          [
            0.0,
            0.0,
            0.0,
            1.0
          ]
        ]
      },
      "bone_length_armature_space": 0.0340387091482473,
      "parent": "metacarpal_thumb_l",
      "has_children": true,
      "is_end_bone": false
    },
    "thumb_02_l": {
      "name": "thumb_02_l",
      "local": {
        "location": {
          "x": 0.0,
          "y": 0.0,
          "z": 0.0
        },
        "rotation_quaternion": {
          "w": 0.892741322517395,
          "x": 0.4504765570163727,
          "y": 0.008075328543782234,
          "z": 0.004318032879382372
        },
        "scale": {
          "x": 1.0,
          "y": 1.0,
          "z": 1.0
        },
        "matrix_basis": [
          [
            0.999832272529602,
            -0.0004342803731560707,
            0.01830870471894741,
            0.0
          ],
          [
            0.014985265210270882,
            0.5941044688224792,
            -0.8042483329772949,
            0.0
          ],
          [
            -0.010528014041483402,
            0.8043878078460693,
            0.5940113067626953,
            0.0
          ],
          [
            0.0,
            0.0,
            0.0,
            1.0
          ]
        ],
        "rotation_mode": "QUATERNION"
      },
      "armature_space": {
        "head": {
          "x": 0.716882050037384,
          "y": -0.17248593270778656,
          "z": 0.45722058415412903
        },
        "tail": {
          "x": 0.7398313879966736,
          "y": -0.15295982360839844,
          "z": 0.48377710580825806
        }
      },
      "world_space": {
        "head": {
          "x": 0.716882050037384,
          "y": -0.10924193263053894,
          "z": 1.4070745706558228
        },
        "tail": {
          "x": 0.7398313879966736,
          "y": -0.08971582353115082,
          "z": 1.433631181716919
        },
        "rotation_quaternion": {
          "w": 0.7200385332107544,
          "x": 0.13812804222106934,
          "y": -0.47394365072250366,
          "z": -0.48769110441207886
        },
        "matrix": [
          [
            0.07506757974624634,
            0.5713852047920227,
            -0.8172412514686584,
            0.716882050037384
          ],
          [
            -0.8332425951957703,
            0.4861544668674469,
            0.26336389780044556,
            -0.10924193263053894
          ],
          [
            0.5477910041809082,
            0.6611953377723694,
            0.5126010775566101,
            1.4070745706558228
          ],
          [
            0.0,
            0.0,
            0.0,
            1.0
          ]
        ]
      },
      "bone_length_armature_space": 0.04016453538701877,
      "parent": "thumb_01_l",
      "has_children": true,
      "is_end_bone": false
    },
    "thumb_03_l": {
      "name": "thumb_03_l",
      "local": {
        "location": {
          "x": 0.0,
          "y": 0.0,
          "z": 0.0
        },
        "rotation_quaternion": {
          "w": 0.9865694046020508,
          "x": 0.16311734914779663,
          "y": -0.0082396836951375,
          "z": -0.002390168607234955
        },
        "scale": {
          "x": 1.0,
          "y": 1.0,
          "z": 1.0
        },
        "matrix_basis": [
          [
            0.9998527765274048,
            0.002028063638135791,
            -0.01703779585659504,
            0.0
          ],
          [
            -0.00740420538932085,
            0.9467740058898926,
            -0.32181379199028015,
            0.0
          ],
          [
            0.01547828409820795,
            0.32189255952835083,
            0.9466496706008911,
            0.0
          ],
          [
            0.0,
            0.0,
            0.0,
            1.0
          ]
        ],
        "rotation_mode": "QUATERNION"
      },
      "armature_space": {
        "head": {
          "x": 0.7398314476013184,
          "y": -0.1529599130153656,
          "z": 0.48377707600593567
        },
        "tail": {
          "x": 0.7407508492469788,
          "y": -0.13551701605319977,
          "z": 0.5087130069732666
        }
      },
      "world_space": {
        "head": {
          "x": 0.7398314476013184,
          "y": -0.08971591293811798,
          "z": 1.4336310625076294
        },
        "tail": {
          "x": 0.7407508492469788,
          "y": -0.07227301597595215,
          "z": 1.4585670232772827
        },
        "rotation_quaternion": {
          "w": 0.7638830542564392,
          "x": 0.3891150951385498,
          "y": -0.4504985809326172,
          "z": -0.24924501776695251
        },
        "matrix": [
          [
            0.4698563814163208,
            0.03019842505455017,
            -0.8822258710861206,
            0.7398314476013184
          ],
          [
            -0.7313793897628784,
            0.5729333758354187,
            -0.3699072003364563,
            -0.08971591293811798
          ],
          [
            0.49428901076316833,
            0.8190516233444214,
            0.2912849485874176,
            1.4336310625076294
          ],
          [
            0.0,
            0.0,
            0.0,
            1.0
          ]
        ]
      },
      "bone_length_armature_space": 0.03044504236413949,
      "parent": "thumb_02_l",
      "has_children": false,
      "is_end_bone": true
    },
    "metacarpal_index_l": {
      "name": "metacarpal_index_l",
      "local": {
        "location": {
          "x": 0.0,
          "y": 0.0,
          "z": 0.0
        },
        "rotation_quaternion": {
          "w": 0.9997636079788208,
          "x": 0.007686926983296871,
          "y": 0.017486153170466423,
          "z": 0.010393024422228336
        },
        "scale": {
          "x": 1.0,
          "y": 1.0,
          "z": 1.0
        },
        "matrix_basis": [
          [
            0.9991724491119385,
            -0.020512305200099945,
            0.03512382134795189,
            0.0
          ],
          [
            0.021049965173006058,
            0.9996657967567444,
            -0.015006751753389835,
            0.0
          ],
          [
            -0.03480425849556923,
            0.015733687207102776,
            0.9992703199386597,
            0.0
          ],
          [
            0.0,
            0.0,
            0.0,
            1.0
          ]
        ],
        "rotation_mode": "QUATERNION"
      },
      "armature_space": {
        "head": {
          "x": 0.6686276197433472,
          "y": -0.12141147255897522,
          "z": 0.48499178886413574
        },
        "tail": {
          "x": 0.7631246447563171,
          "y": -0.19015198945999146,
          "z": 0.47637391090393066
        }
      },
      "world_space": {
        "head": {
          "x": 0.6686276197433472,
          "y": -0.0581674724817276,
          "z": 1.4348458051681519
        },
        "tail": {
          "x": 0.7631246447563171,
          "y": -0.12690798938274384,
          "z": 1.4262279272079468
        },
        "rotation_quaternion": {
          "w": 0.16225333511829376,
          "x": 0.7997205257415771,
          "y": 0.42466527223587036,
          "z": -0.39214831590652466
        },
        "matrix": [
          [
            0.3317570686340332,
            0.8064830303192139,
            -0.48940977454185486,
            0.6686276197433472
          ],
          [
            0.5519723296165466,
            -0.5866647362709045,
            -0.5925800800323486,
            -0.0581674724817276
          ],
          [
            -0.7650302648544312,
            -0.07354916632175446,
            -0.63979172706604,
            1.4348458051681519
          ],
          [
            0.0,
            0.0,
            0.0,
            1.0
          ]
        ]
      },
      "bone_length_armature_space": 0.11717172941246881,
      "parent": "lowerarm_l",
      "has_children": true,
      "is_end_bone": false
    },
    "index_01_l": {
      "name": "index_01_l",
      "local": {
        "location": {
          "x": 0.0,
          "y": 0.0,
          "z": 0.0
        },
        "rotation_quaternion": {
          "w": 0.9462924003601074,
          "x": 0.323106974363327,
          "y": 0.0022561773657798767,
          "z": -0.01129965204745531
        },
        "scale": {
          "x": 1.0,
          "y": 1.0,
          "z": 1.0
        },
        "matrix_basis": [
          [
            0.9997344613075256,
            0.02284352295100689,
            -0.0030319858342409134,
            0.0
          ],
          [
            -0.019927576184272766,
            0.7909483909606934,
            -0.6115583181381226,
            0.0
          ],
          [
            -0.01157199963927269,
            0.6114563345909119,
            0.7911936044692993,
            0.0
          ],
          [
            0.0,
            0.0,
            0.0,
            1.0
          ]
        ],
        "rotation_mode": "QUATERNION"
      },
      "armature_space": {
        "head": {
          "x": 0.7631246447563171,
          "y": -0.19015198945999146,
          "z": 0.47637391090393066
        },
        "tail": {
          "x": 0.7776691317558289,
          "y": -0.20685113966464996,
          "z": 0.4584108889102936
        }
      },
      "world_space": {
        "head": {
          "x": 0.7631246447563171,
          "y": -0.12690798938274384,
          "z": 1.4262279272079468
        },
        "tail": {
          "x": 0.7776691317558289,
          "y": -0.14360713958740234,
          "z": 1.4082648754119873
        },
        "rotation_quaternion": {
          "w": 0.10635406523942947,
          "x": -0.7064939141273499,
          "y": -0.4425697326660156,
          "z": 0.5419291853904724
        },
        "matrix": [
          [
            0.02088826894760132,
            0.5100756883621216,
            -0.8598756790161133,
            0.7631246447563171
          ],
          [
            0.7406186461448669,
            -0.585640013217926,
            -0.3294087052345276,
            -0.12690798938274384
          ],
          [
            -0.6716050505638123,
            -0.6299642324447632,
            -0.3900076746940613,
            1.4262279272079468
          ],
          [
            0.0,
            0.0,
            0.0,
            1.0
          ]
        ]
      },
      "bone_length_armature_space": 0.028514450223366346,
      "parent": "metacarpal_index_l",
      "has_children": true,
      "is_end_bone": false
    },
    "index_02_l": {
      "name": "index_02_l",
      "local": {
        "location": {
          "x": 0.0,
          "y": 0.0,
          "z": 0.0
        },
        "rotation_quaternion": {
          "w": 0.888789713382721,
          "x": 0.4582898020744324,
          "y": -0.0048039318062365055,
          "z": -0.0005579884746111929
        },
        "scale": {
          "x": 1.0,
          "y": 1.0,
          "z": 1.0
        },
        "matrix_basis": [
          [
            0.9999532103538513,
            -0.0034113170113414526,
            -0.009050811640918255,
            0.0
          ],
          [
            -0.005395054817199707,
            0.5799403190612793,
            -0.8146411776542664,
            0.0
          ],
          [
            0.008027929812669754,
            0.8146519064903259,
            0.5798947811126709,
            0.0
          ],
          [
            0.0,
            0.0,
            0.0,
            1.0
          ]
        ],
        "rotation_mode": "QUATERNION"
      },
      "armature_space": {
        "head": {
          "x": 0.7776690125465393,
          "y": -0.20685164630413055,
          "z": 0.45841068029403687
        },
        "tail": {
          "x": 0.7681463360786438,
          "y": -0.22342319786548615,
          "z": 0.44129934906959534
        }
      },
      "world_space": {
        "head": {
          "x": 0.7776690125465393,
          "y": -0.14360764622688293,
          "z": 1.4082646369934082
        },
        "tail": {
          "x": 0.7681463360786438,
          "y": -0.16017919778823853,
          "z": 1.391153335571289
        },
        "rotation_quaternion": {
          "w": 0.38891294598579407,
          "x": -0.5644928812980652,
          "y": -0.16048428416252136,
          "z": 0.7101685404777527
        },
        "matrix": [
          [
            -0.0601884126663208,
            -0.371206134557724,
            -0.9265977144241333,
            0.7776690125465393
          ],
          [
            0.733572244644165,
            -0.645982027053833,
            0.21113784611225128,
            -0.14360764622688293
          ],
          [
            -0.6769450902938843,
            -0.6670237183570862,
            0.31118953227996826,
            1.4082646369934082
          ],
          [
            0.0,
            0.0,
            0.0,
            1.0
          ]
        ]
      },
      "bone_length_armature_space": 0.02565336914766509,
      "parent": "index_01_l",
      "has_children": true,
      "is_end_bone": false
    },
    "index_03_l": {
      "name": "index_03_l",
      "local": {
        "location": {
          "x": 0.0,
          "y": 0.0,
          "z": 0.0
        },
        "rotation_quaternion": {
          "w": 0.938605546951294,
          "x": 0.3449872136116028,
          "y": -0.0018732757307589054,
          "z": -0.0001402871566824615
        },
        "scale": {
          "x": 1.0,
          "y": 1.0,
          "z": 1.0
        },
        "matrix_basis": [
          [
            0.9999929666519165,
            -0.001029163715429604,
            -0.0036133285611867905,
            0.0
          ],
          [
            -0.001555860973894596,
            0.7619675993919373,
            -0.6476132869720459,
            0.0
          ],
          [
            0.0034197394270449877,
            0.6476143598556519,
            0.7619606256484985,
            0.0
          ],
          [
            0.0,
            0.0,
            0.0,
            1.0
          ]
        ],
        "rotation_mode": "QUATERNION"
      },
      "armature_space": {
        "head": {
          "x": 0.7681465148925781,
          "y": -0.22342324256896973,
          "z": 0.44129934906959534
        },
        "tail": {
          "x": 0.7411794066429138,
          "y": -0.2297646552324295,
          "z": 0.43200981616973877
        }
      },
      "world_space": {
        "head": {
          "x": 0.7681465148925781,
          "y": -0.1601792424917221,
          "z": 1.391153335571289
        },
        "tail": {
          "x": 0.7411794066429138,
          "y": -0.16652065515518188,
          "z": 1.3818638324737549
        },
        "rotation_quaternion": {
          "w": 0.6171249151229858,
          "x": -0.372173935174942,
          "y": 0.10314468294382095,
          "z": 0.6855687499046326
        },
        "matrix": [
          [
            0.038715388625860214,
            -0.9229400157928467,
            -0.3829919099807739,
            0.7681465148925781
          ],
          [
            0.7693865299224854,
            -0.21703296899795532,
            0.6007838249206543,
            -0.1601792424917221
          ],
          [
            -0.6376129984855652,
            -0.31793102622032166,
            0.7017006278038025,
            1.391153335571289
          ],
          [
            0.0,
            0.0,
            0.0,
            1.0
          ]
        ]
      },
      "bone_length_armature_space": 0.029218724381047858,
      "parent": "index_02_l",
      "has_children": false,
      "is_end_bone": true
    },
    "metacarpal_pinky_l": {
      "name": "metacarpal_pinky_l",
      "local": {
        "location": {
          "x": 0.0,
          "y": 0.0,
          "z": 0.0
        },
        "rotation_quaternion": {
          "w": 0.9998534917831421,
          "x": 0.0054816692136228085,
          "y": 0.008307813666760921,
          "z": 0.013926046900451183
        },
        "scale": {
          "x": 1.0,
          "y": 1.0,
          "z": 1.0
        },
        "matrix_basis": [
          [
            0.9994741082191467,
            -0.027756931260228157,
            0.016765868291258812,
            0.0
          ],
          [
            0.027939094230532646,
            0.9995520114898682,
            -0.010730342008173466,
            0.0
          ],
          [
            -0.016460517421364784,
            0.011193121783435345,
            0.9998018741607666,
            0.0
          ],
          [
            0.0,
            0.0,
            0.0,
            1.0
          ]
        ],
        "rotation_mode": "QUATERNION"
      },
      "armature_space": {
        "head": {
          "x": 0.6686276197433472,
          "y": -0.12141147255897522,
          "z": 0.48499178886413574
        },
        "tail": {
          "x": 0.7709825038909912,
          "y": -0.11731882393360138,
          "z": 0.4662848711013794
        }
      },
      "world_space": {
        "head": {
          "x": 0.6686276197433472,
          "y": -0.0581674724817276,
          "z": 1.4348458051681519
        },
        "tail": {
          "x": 0.7709825038909912,
          "y": -0.05407482385635376,
          "z": 1.4161388874053955
        },
        "rotation_quaternion": {
          "w": 0.7150980234146118,
          "x": -0.03751418739557266,
          "y": 0.09102968126535416,
          "z": -0.6920557022094727
        },
        "matrix": [
          [
            0.025544751435518265,
            0.982945442199707,
            0.18211312592029572,
            0.6686276197433472
          ],
          [
            -0.9966050982475281,
            0.0393030121922493,
            -0.07234346866607666,
            -0.0581674724817276
          ],
          [
            -0.07826868444681168,
            -0.1796482503414154,
            0.9806195497512817,
            1.4348458051681519
          ],
          [
            0.0,
            0.0,
            0.0,
            1.0
          ]
        ]
      },
      "bone_length_armature_space": 0.10413078644317439,
      "parent": "lowerarm_l",
      "has_children": true,
      "is_end_bone": false
    },
    "pinky_01_l": {
      "name": "pinky_01_l",
      "local": {
        "location": {
          "x": 0.0,
          "y": 0.0,
          "z": 0.0
        },
        "rotation_quaternion": {
          "w": 0.9540232419967651,
          "x": 0.29967403411865234,
          "y": -0.005178597290068865,
          "z": 0.0029061760287731886
        },
        "scale": {
          "x": 1.0,
          "y": 1.0,
          "z": 1.0
        },
        "matrix_basis": [
          [
            0.9999294877052307,
            -0.008648901246488094,
            -0.008139193058013916,
            0.0
          ],
          [
            0.0024413366336375475,
            0.820374071598053,
            -0.5718221068382263,
            0.0
          ],
          [
            0.011622815392911434,
            0.5717619061470032,
            0.8203372955322266,
            0.0
          ],
          [
            0.0,
            0.0,
            0.0,
            1.0
          ]
        ],
        "rotation_mode": "QUATERNION"
      },
      "armature_space": {
        "head": {
          "x": 0.7709825038909912,
          "y": -0.11731882393360138,
