{
  "metadata": {
    "armature_name": "KIM_caucasian_male",
    "export_time": "2026-01-13T21:07:23.954556",
    "blender_version": "4.4.1",
    "bone_count": 56,
    "end_bone_count": 13,
    "spaces_included": [
      "LOCAL_CHANNELS",
      "ARMATURE_SPACE",
      "WORLD_SPACE"
    ],
    "note": "LOCAL matches Transform panel; replay pose via local.matrix_basis for best fidelity."
  },
  "bones": {
    "Root": {
      "name": "Root",
      "local": {
        "location": {
          "x": 0.0,
          "y": 0.0,
          "z": 0.0
        },
        "rotation_quaternion": {
          "w": 0.9997475147247314,
          "x": -0.01627133972942829,
          "y": -0.013676381669938564,
          "z": -0.0072889369912445545
        },
        "scale": {
          "x": 1.0,
          "y": 1.0,
          "z": 1.0
        },
        "matrix_basis": [
          [
            0.9995196461677551,
            0.015019259415566921,
            -0.027108656242489815,
            0.0
          ],
          [
            -0.014129127375781536,
            0.9993642568588257,
            0.03273383527994156,
            0.0
          ],
          [
            0.027583058923482895,
            -0.03233509138226509,
            0.9990963935852051,
            0.0
          ],
          [
            0.0,
            0.0,
            0.0,
            1.0
          ]
        ],
        "rotation_mode": "QUATERNION"
      },
      "armature_space": {
        "head": {
          "x": 0.0,
          "y": 0.07072800397872925,
          "z": -0.009595036506652832
        },
        "tail": {
          "x": 0.001072012702934444,
          "y": 0.00035522133111953735,
          "z": 0.002280912362039089
        }
      },
      "world_space": {
        "head": {
          "x": 0.0,
          "y": 0.13397200405597687,
          "z": 0.9402589797973633
        },
        "tail": {
          "x": 0.001072012702934444,
          "y": 0.06359922140836716,
          "z": 0.952134907245636
        },
        "rotation_quaternion": {
          "w": 0.08358502388000488,
          "x": 0.9963801503181458,
          "y": 0.006351028569042683,
          "z": -0.014136353507637978
        },
        "matrix": [
          [
            0.9995196461677551,
            0.015019259415566921,
            -0.027108656242489815,
            0.0
          ],
          [
            0.010292897000908852,
            -0.9859464168548584,
            -0.16674493253231049,
            0.13397200405597687
          ],
          [
            -0.029232259839773178,
            0.16638605296611786,
            -0.9856343865394592,
            0.9402589797973633
          ],
          [
            0.0,
            0.0,
            0.0,
            1.0
          ]
        ]
      },
      "bone_length_armature_space": 0.07137587913990776,
      "parent": null,
      "has_children": true,
      "is_end_bone": false
    },
    "spine_01": {
      "name": "spine_01",
      "local": {
        "location": {
          "x": 0.0,
          "y": 0.0,
          "z": 0.0
        },
        "rotation_quaternion": {
          "w": 0.9977550506591797,
          "x": -0.0474652536213398,
          "y": 0.028926510363817215,
          "z": 0.0373530350625515
        },
        "scale": {
          "x": 1.0,
          "y": 1.0,
          "z": 1.0
        },
        "matrix_basis": [
          [
            0.9955360293388367,
            -0.07728436589241028,
            0.05417720228433609,
            0.0
          ],
          [
            0.0717923492193222,
            0.9927036166191101,
            0.09687837958335876,
            0.0
          ],
          [
            -0.061269085854291916,
            -0.0925564095377922,
            0.9938206076622009,
            0.0
          ],
          [
            0.0,
            0.0,
            0.0,
            1.0
          ]
        ],
        "rotation_mode": "QUATERNION"
      },
      "armature_space": {
        "head": {
          "x": 0.001072012702934444,
          "y": 0.00035522133111953735,
          "z": 0.002280912362039089
        },
        "tail": {
          "x": -0.023471100255846977,
          "y": 0.08343783766031265,
          "z": 0.4825344383716583
        }
      },
      "world_space": {
        "head": {
          "x": 0.001072012702934444,
          "y": 0.06359922140836716,
          "z": 0.952134907245636
        },
        "tail": {
          "x": -0.023471100255846977,
          "y": 0.14668184518814087,
          "z": 1.432388424873352
        },
        "rotation_quaternion": {
          "w": 0.7648641467094421,
          "x": 0.6427621841430664,
          "y": 0.010394182987511158,
          "z": 0.04161202162504196
        },
        "matrix": [
          [
            0.9963207840919495,
            -0.05029313638806343,
            0.0693938359618187,
            0.001072012702934444
          ],
          [
            0.07701738178730011,
            0.17025083303451538,
            -0.9823864698410034,
            0.06359922140836716
          ],
          [
            0.03759327530860901,
            0.9841235876083374,
            0.1734982132911682,
            0.952134907245636
          ],
          [
            0.0,
            0.0,
            0.0,
            1.0
          ]
        ]
      },
      "bone_length_armature_space": 0.4880046330958287,
      "parent": "Root",
      "has_children": true,
      "is_end_bone": false
    },
    "neck_01": {
      "name": "neck_01",
      "local": {
        "location": {
          "x": 0.0,
          "y": 0.0,
          "z": 0.0
        },
        "rotation_quaternion": {
          "w": 0.986801266670227,
          "x": -0.14595927298069,
          "y": 0.0071515585295856,
          "z": -0.0697709321975708
        },
        "scale": {
          "x": 1.0,
          "y": 1.0,
          "z": 1.0
        },
        "matrix_basis": [
          [
            0.9901617169380188,
            0.13561241328716278,
            0.03448176383972168,
            0.0
          ],
          [
            -0.13978776335716248,
            0.9476557970046997,
            0.2870676517486572,
            0.0
          ],
          [
            0.006253094878047705,
            -0.28906354308128357,
            0.9572895169258118,
            0.0
          ],
          [
            0.0,
            0.0,
            0.0,
            1.0
          ]
        ],
        "rotation_mode": "QUATERNION"
      },
      "armature_space": {
        "head": {
          "x": -0.02474687620997429,
          "y": 0.06183374673128128,
          "z": 0.5606074333190918
        },
        "tail": {
          "x": -0.015268541872501373,
          "y": 0.07077358663082123,
          "z": 0.6622982025146484
        }
      },
      "world_space": {
        "head": {
          "x": -0.02474687620997429,
          "y": 0.1250777542591095,
          "z": 1.510461449623108
        },
        "tail": {
          "x": -0.015268541872501373,
          "y": 0.13401758670806885,
          "z": 1.6121522188186646
        },
        "rotation_quaternion": {
          "w": 0.7338927984237671,
          "x": 0.6755709052085876,
          "y": 0.0707179456949234,
          "z": 0.002110421424731612
        },
        "matrix": [
          [
            0.989989161491394,
            0.09245231002569199,
            0.10664967447519302,
            -0.02474687620997429
          ],
          [
            0.09864697605371475,
            0.08719977736473083,
            -0.991294801235199,
            0.1250777542591095
          ],
          [
            -0.10094790905714035,
            0.9918985366821289,
            0.0772063285112381,
            1.510461449623108
          ],
          [
            0.0,
            0.0,
            0.0,
            1.0
          ]
        ]
      },
      "bone_length_armature_space": 0.10252205819104415,
      "parent": "spine_01",
      "has_children": true,
      "is_end_bone": false
    },
    "head": {
      "name": "head",
      "local": {
        "location": {
          "x": 0.0,
          "y": 0.0,
          "z": 0.0
        },
        "rotation_quaternion": {
          "w": 0.9907427430152893,
          "x": 0.0711274966597557,
          "y": 0.10881088674068451,
          "z": 0.03911416605114937
        },
        "scale": {
          "x": 1.0,
          "y": 1.0,
          "z": 1.0
        },
        "matrix_basis": [
          [
            0.9732605218887329,
            -0.06202526018023491,
            0.22117137908935547,
            0.0
          ],
          [
            0.09298304468393326,
            0.9868219494819641,
            -0.13242600858211517,
            0.0
          ],
          [
            -0.2100430130958557,
            0.14945019781589508,
            0.9662021398544312,
            0.0
          ],
          [
            0.0,
            0.0,
            0.0,
            1.0
          ]
        ],
        "rotation_mode": "QUATERNION"
      },
      "armature_space": {
        "head": {
          "x": -0.015268531627953053,
          "y": 0.0707734227180481,
          "z": 0.6622981429100037
        },
        "tail": {
          "x": -0.014589007943868637,
          "y": 0.1164272129535675,
          "z": 0.8105161190032959
        }
      },
      "world_space": {
        "head": {
          "x": -0.015268531627953053,
          "y": 0.13401742279529572,
          "z": 1.612152099609375
        },
        "tail": {
          "x": -0.014589007943868637,
          "y": 0.17967121303081512,
          "z": 1.760370135307312
        },
        "rotation_quaternion": {
          "w": 0.7923052310943604,
          "x": 0.5854611992835999,
          "y": 0.13941606879234314,
          "z": 0.1002541333436966
        },
        "matrix": [
          [
            0.9410247206687927,
            0.00438147597014904,
            0.33830976486206055,
            -0.015268531627953053
          ],
          [
            0.3221089839935303,
            0.29436928033828735,
            -0.899773895740509,
            0.13401742279529572
          ],
          [
            -0.10353071987628937,
            0.9556888341903687,
            0.2755984663963318,
            1.612152099609375
          ],
          [
            0.0,
            0.0,
            0.0,
            1.0
          ]
        ]
      },
      "bone_length_armature_space": 0.15509125696247225,
      "parent": "neck_01",
      "has_children": false,
      "is_end_bone": true
    },
    "upperarm_l": {
      "name": "upperarm_l",
      "local": {
        "location": {
          "x": 0.0,
          "y": 0.0,
          "z": 0.0
        },
        "rotation_quaternion": {
          "w": 0.7974213361740112,
          "x": 0.07251860201358795,
          "y": 0.5771662592887878,
          "z": 0.16043508052825928
        },
        "scale": {
          "x": 1.0,
          "y": 1.0,
          "z": 1.0
        },
        "matrix_basis": [
          [
            0.2822794020175934,
            -0.1721581369638443,
            0.9437584280967712,
            0.0
          ],
          [
            0.3395792841911316,
            0.9380033016204834,
            0.06953966617584229,
            0.0
          ],
          [
            -0.8972203135490417,
            0.3008511960506439,
            0.3232403099536896,
            0.0
          ],
          [
            0.0,
            0.0,
            0.0,
            1.0
          ]
        ],
        "rotation_mode": "QUATERNION"
      },
      "armature_space": {
        "head": {
          "x": 0.1283026486635208,
          "y": 0.05881122499704361,
          "z": 0.5006589889526367
        },
        "tail": {
          "x": 0.38567501306533813,
          "y": 0.014509860426187515,
          "z": 0.5606967806816101
        }
      },
      "world_space": {
        "head": {
          "x": 0.1283026486635208,
          "y": 0.12205522507429123,
          "z": 1.4505130052566528
        },
        "tail": {
          "x": 0.38567501306533813,
          "y": 0.07775385677814484,
          "z": 1.5105507373809814
        },
        "rotation_quaternion": {
          "w": 0.22239434719085693,
          "x": 0.7576239109039307,
          "y": 0.6065301895141602,
          "z": -0.09310194104909897
        },
        "matrix": [
          [
            0.24690565466880798,
            0.9604541659355164,
            0.12870727479457855,
            0.1283026486635208
          ],
          [
            0.8776333928108215,
            -0.1653224527835846,
            -0.4499204158782959,
            0.12205522507429123
          ],
          [
            -0.4108518064022064,
            0.22404709458351135,
            -0.8837521076202393,
            1.4505130052566528
          ],
          [
            0.0,
            0.0,
            0.0,
            1.0
          ]
        ]
      },
      "bone_length_armature_space": 0.267969567364372,
      "parent": "spine_01",
      "has_children": true,
      "is_end_bone": false
    },
    "lowerarm_l": {
      "name": "lowerarm_l",
      "local": {
        "location": {
          "x": 0.0,
          "y": 0.0,
          "z": 0.0
        },
        "rotation_quaternion": {
          "w": 0.9282079935073853,
          "x": 0.35650622844696045,
          "y": 0.0657794401049614,
          "z": -0.08370475471019745
        },
        "scale": {
          "x": 1.0,
          "y": 1.0,
          "z": 1.0
        },
        "matrix_basis": [
          [
            0.9773331880569458,
            0.20229239761829376,
            0.062431469559669495,
            0.0
          ],
          [
            -0.10848928242921829,
            0.7317936420440674,
            -0.6728359460830688,
            0.0
          ],
          [
            -0.18179653584957123,
            0.6508117318153381,
            0.7371527552604675,
            0.0
          ],
          [
            0.0,
            0.0,
            0.0,
            1.0
          ]
        ],
        "rotation_mode": "QUATERNION"
      },
      "armature_space": {
        "head": {
          "x": 0.3856750726699829,
          "y": 0.014509718865156174,
          "z": 0.5606967806816101
        },
        "tail": {
          "x": 0.5838276147842407,
          "y": -0.0912373811006546,
          "z": 0.4153599441051483
        }
      },
      "world_space": {
        "head": {
          "x": 0.3856750726699829,
          "y": 0.07775372266769409,
          "z": 1.5105507373809814
        },
        "tail": {
          "x": 0.5838276147842407,
          "y": -0.027993381023406982,
          "z": 1.3652139902114868
        },
        "rotation_quaternion": {
          "w": 0.12405874580144882,
          "x": -0.7675949335098267,
          "y": -0.5356948375701904,
          "z": 0.3293002247810364
        },
        "matrix": [
          [
            0.2091829776763916,
            0.7406893372535706,
            -0.6384526491165161,
            0.3856750726699829
          ],
          [
            0.9040983319282532,
            -0.39528006315231323,
            -0.16235779225826263,
            0.07775372266769409
          ],
          [
            -0.3726261258125305,
            -0.5432655811309814,
            -0.7523472309112549,
            1.5105507373809814
          ],
          [
            0.0,
            0.0,
            0.0,
            1.0
          ]
        ]
      },
      "bone_length_armature_space": 0.26752509336446756,
      "parent": "upperarm_l",
      "has_children": true,
      "is_end_bone": false
    },
    "metacarpal_thumb_l": {
      "name": "metacarpal_thumb_l",
      "local": {
        "location": {
          "x": 0.0,
          "y": 0.0,
          "z": 0.0
        },
        "rotation_quaternion": {
          "w": 0.9990622997283936,
          "x": -0.04094870015978813,
          "y": 0.006366182118654251,
          "z": -0.012544390745460987
        },
        "scale": {
          "x": 1.0,
          "y": 1.0,
          "z": 1.0
        },
        "matrix_basis": [
          [
            0.9996042251586914,
            0.0245438814163208,
            0.013747777789831161,
            0.0
          ],
          [
            -0.025586629286408424,
            0.9963316917419434,
            0.08166088163852692,
            0.0
          ],
          [
            -0.011693072505295277,
            -0.08198032528162003,
            0.9965653419494629,
            0.0
          ],
          [
            0.0,
            0.0,
            0.0,
            1.0
          ]
        ],
        "rotation_mode": "QUATERNION"
      },
      "armature_space": {
        "head": {
          "x": 0.5838276147842407,
          "y": -0.0912373811006546,
          "z": 0.4153599441051483
        },
        "tail": {
          "x": 0.5967599749565125,
          "y": -0.10716407746076584,
          "z": 0.3702743649482727
        }
      },
      "world_space": {
        "head": {
          "x": 0.5838276147842407,
          "y": -0.027993381023406982,
          "z": 1.3652139902114868
        },
        "tail": {
          "x": 0.5967599749565125,
          "y": -0.04392007738351822,
          "z": 1.3201284408569336
        },
        "rotation_quaternion": {
          "w": 0.5784592032432556,
          "x": -0.8021808862686157,
          "y": -0.06796278804540634,
          "z": -0.13142240047454834
        },
        "matrix": [
          [
            0.9562186598777771,
            0.26108184456825256,
            0.1322202980518341,
            0.5838276147842407
          ],
          [
            -0.04300650954246521,
            -0.3215326964855194,
            0.9459213614463806,
            -0.027993381023406982
          ],
          [
            0.2894781827926636,
            -0.9102004170417786,
            -0.29622864723205566,
            1.3652139902114868
          ],
          [
            0.0,
            0.0,
            0.0,
            1.0
          ]
        ]
      },
      "bone_length_armature_space": 0.04953397942525617,
      "parent": "lowerarm_l",
      "has_children": true,
      "is_end_bone": false
    },
    "thumb_01_l": {
      "name": "thumb_01_l",
      "local": {
        "location": {
          "x": 0.0,
          "y": 0.0,
          "z": 0.0
        },
        "rotation_quaternion": {
          "w": 0.9973270297050476,
          "x": 0.07263968884944916,
          "y": -0.002109951339662075,
          "z": 0.007609058171510696
        },
        "scale": {
          "x": 1.0,
          "y": 1.0,
          "z": 1.0
        },
        "matrix_basis": [
          [
            0.9998753070831299,
            -0.015483970753848553,
            -0.003103183815255761,
            0.0
          ],
          [
            0.014870906248688698,
            0.9893311262130737,
            -0.1449231654405594,
            0.0
          ],
          [
            0.005314062349498272,
            0.1448589414358139,
            0.9894380569458008,
            0.0
          ],
          [
            0.0,
            0.0,
            0.0,
            1.0
          ]
        ],
        "rotation_mode": "QUATERNION"
      },
      "armature_space": {
        "head": {
          "x": 0.5967599749565125,
          "y": -0.10716407746076584,
          "z": 0.3702743649482727
        },
        "tail": {
          "x": 0.6067572236061096,
          "y": -0.08999799937009811,
          "z": 0.34263354539871216
        }
      },
      "world_space": {
        "head": {
          "x": 0.5967599749565125,
          "y": -0.04392007738351822,
          "z": 1.3201284408569336
        },
        "tail": {
          "x": 0.6067572236061096,
          "y": -0.026753999292850494,
          "z": 1.292487621307373
        },
        "rotation_quaternion": {
          "w": 0.6934755444526672,
          "x": -0.27265921235084534,
          "y": 0.5208153128623962,
          "z": -0.416533499956131
        },
        "matrix": [
          [
            0.11050230264663696,
            0.29370415210723877,
            0.9494879245758057,
            0.5967599749565125
          ],
          [
            -0.8617222905158997,
            0.5043125152587891,
            -0.05571039766073227,
            -0.04392007738351822
          ],
          [
            -0.495204895734787,
            -0.8120439648628235,
            0.30882132053375244,
            1.3201284408569336
          ],
          [
            0.0,
            0.0,
            0.0,
            1.0
          ]
        ]
      },
      "bone_length_armature_space": 0.03403871513339775,
      "parent": "metacarpal_thumb_l",
      "has_children": true,
      "is_end_bone": false
    },
    "thumb_02_l": {
      "name": "thumb_02_l",
      "local": {
        "location": {
          "x": 0.0,
          "y": 0.0,
          "z": 0.0
        },
        "rotation_quaternion": {
          "w": 0.9929999709129333,
          "x": 0.11764930188655853,
          "y": 0.010242114774882793,
          "z": -0.0021995778661221266
        },
        "scale": {
          "x": 1.0,
          "y": 1.0,
          "z": 1.0
        },
        "matrix_basis": [
          [
            0.999780535697937,
            0.006778317037969828,
            0.019823281094431877,
            0.0
          ],
          [
            -0.0019584062974900007,
            0.9723076224327087,
            -0.2336965650320053,
            0.0
          ],
          [
            -0.0208583977073431,
            0.23360644280910492,
            0.972107470035553,
            0.0
          ],
          [
            0.0,
            0.0,
            0.0,
            1.0
          ]
        ],
        "rotation_mode": "QUATERNION"
      },
      "armature_space": {
        "head": {
          "x": 0.6067571640014648,
          "y": -0.08999797701835632,
          "z": 0.34263357520103455
        },
        "tail": {
          "x": 0.6388869285583496,
          "y": -0.10958798229694366,
          "z": 0.3285946249961853
        }
      },
      "world_space": {
        "head": {
          "x": 0.6067571640014648,
          "y": -0.026753976941108704,
          "z": 1.292487621307373
        },
        "tail": {
          "x": 0.6388869285583496,
          "y": -0.046343982219696045,
          "z": 1.2784485816955566
        },
        "rotation_quaternion": {
          "w": 0.41953909397125244,
          "x": 0.15574191510677338,
          "y": 0.2830438017845154,
          "z": -0.8483028411865234
        },
        "matrix": [
          [
            -0.5994625687599182,
            0.7999562621116638,
            -0.026734918355941772,
            0.6067571640014648
          ],
          [
            -0.6236301064491272,
            -0.48774537444114685,
            -0.6108928322792053,
            -0.026753976941108704
          ],
          [
            -0.5017313957214355,
            -0.3495372235774994,
            0.791266918182373,
            1.292487621307373
          ],
          [
            0.0,
            0.0,
            0.0,
            1.0
          ]
        ]
      },
      "bone_length_armature_space": 0.04016443901308945,
      "parent": "thumb_01_l",
      "has_children": true,
      "is_end_bone": false
    },
    "thumb_03_l": {
      "name": "thumb_03_l",
      "local": {
        "location": {
          "x": 0.0,
          "y": 0.0,
          "z": 0.0
        },
        "rotation_quaternion": {
          "w": 0.995811939239502,
          "x": 0.09102684259414673,
          "y": 0.008534927852451801,
          "z": 0.0002401150413788855
        },
        "scale": {
          "x": 1.0,
          "y": 1.0,
          "z": 1.0
        },
        "matrix_basis": [
          [
            0.9998542070388794,
            0.0010755961993709207,
            0.01704207994043827,
            0.0
          ],
          [
            0.0020320338662713766,
            0.9834281206130981,
            -0.18128713965415955,
            0.0
          ],
          [
            -0.016954652965068817,
            0.18129533529281616,
            0.9832825660705566,
            0.0
          ],
          [
            0.0,
            0.0,
            0.0,
            1.0
          ]
        ],
        "rotation_mode": "QUATERNION"
      },
      "armature_space": {
        "head": {
          "x": 0.6388868689537048,
          "y": -0.10958795249462128,
          "z": 0.32859453558921814
        },
        "tail": {
          "x": 0.6620251536369324,
          "y": -0.12926118075847626,
          "z": 0.33070993423461914
        }
      },
      "world_space": {
        "head": {
          "x": 0.6388868689537048,
          "y": -0.04634395241737366,
          "z": 1.2784485816955566
        },
        "tail": {
          "x": 0.6620251536369324,
          "y": -0.06601718068122864,
          "z": 1.2805639505386353
        },
        "rotation_quaternion": {
          "w": 0.38643527030944824,
          "x": 0.43257004022598267,
          "y": 0.16604623198509216,
          "z": -0.7974833250045776
        },
        "matrix": [
          [
            -0.3271014094352722,
            0.7600058317184448,
            -0.5616014003753662,
            0.6388868689537048
          ],
          [
            -0.47269880771636963,
            -0.6461915969848633,
            -0.5991598963737488,
            -0.04634395241737366
          ],
          [
            -0.8182730078697205,
            0.0694824606180191,
            0.5706273317337036,
            1.2784485816955566
          ],
          [
            0.0,
            0.0,
            0.0,
            1.0
          ]
        ]
      },
      "bone_length_armature_space": 0.030444885356997003,
      "parent": "thumb_02_l",
      "has_children": false,
      "is_end_bone": true
    },
    "metacarpal_index_l": {
      "name": "metacarpal_index_l",
      "local": {
        "location": {
          "x": 0.0,
          "y": 0.0,
          "z": 0.0
        },
        "rotation_quaternion": {
          "w": 0.9980688095092773,
          "x": -0.060857970267534256,
          "y": 0.01136164739727974,
          "z": -0.005086599383503199
        },
        "scale": {
          "x": 1.0,
          "y": 1.0,
          "z": 1.0
        },
        "matrix_basis": [
          [
            0.999690055847168,
            0.008770658634603024,
            0.023298531770706177,
            0.0
          ],
          [
            -0.011536446399986744,
            0.9925408959388733,
            0.12136530131101608,
            0.0
          ],
          [
            -0.022060291841626167,
            -0.12159647047519684,
            0.9923344254493713,
            0.0
          ],
          [
            0.0,
            0.0,
            0.0,
            1.0
          ]
        ],
        "rotation_mode": "QUATERNION"
      },
      "armature_space": {
        "head": {
          "x": 0.5838276147842407,
          "y": -0.0912373811006546,
          "z": 0.4153599441051483
        },
        "tail": {
          "x": 0.6499539017677307,
          "y": -0.14522531628608704,
          "z": 0.3350983262062073
        }
      },
      "world_space": {
        "head": {
          "x": 0.5838276147842407,
          "y": -0.027993381023406982,
          "z": 1.3652139902114868
        },
        "tail": {
          "x": 0.6499539017677307,
          "y": -0.08198131620883942,
          "z": 1.2849524021148682
        },
        "rotation_quaternion": {
          "w": 0.40273529291152954,
          "x": -0.854607105255127,
          "y": -0.3277569115161896,
          "z": -0.005148060154169798
        },
        "matrix": [
          [
            0.7850968837738037,
            0.5643536448478699,
            -0.25520122051239014,
            0.5838276147842407
          ],
          [
            0.5560620427131653,
            -0.4607589542865753,
            0.6917343139648438,
            -0.027993381023406982
          ],
          [
            0.27279898524284363,
            -0.6849913597106934,
            -0.6755602359771729,
            1.3652139902114868
          ],
          [
            0.0,
            0.0,
            0.0,
            1.0
          ]
        ]
      },
      "bone_length_armature_space": 0.1171721398698021,
      "parent": "lowerarm_l",
      "has_children": true,
      "is_end_bone": false
    },
    "index_01_l": {
      "name": "index_01_l",
      "local": {
        "location": {
          "x": 0.0,
          "y": 0.0,
          "z": 0.0
        },
        "rotation_quaternion": {
          "w": 0.9961300492286682,
          "x": -0.08652598410844803,
          "y": -0.006622326094657183,
          "z": -0.013938036747276783
        },
        "scale": {
          "x": 1.0,
          "y": 1.0,
          "z": 1.0
        },
        "matrix_basis": [
          [
            0.9995237588882446,
            0.028914200142025948,
            -0.010781391523778439,
            0.0
          ],
          [
            -0.026622187346220016,
            0.984637975692749,
            0.17256687581539154,
            0.0
          ],
          [
            0.015605400316417217,
            -0.17219765484333038,
            0.9849388003349304,
            0.0
          ],
          [
            0.0,
            0.0,
            0.0,
            1.0
          ]
        ],
        "rotation_mode": "QUATERNION"
      },
      "armature_space": {
        "head": {
          "x": 0.6499539017677307,
          "y": -0.14522531628608704,
          "z": 0.3350983262062073
        },
        "tail": {
          "x": 0.6743545532226562,
          "y": -0.1571536362171173,
          "z": 0.32641538977622986
        }
      },
      "world_space": {
        "head": {
          "x": 0.6499539017677307,
          "y": -0.08198131620883942,
          "z": 1.2849524021148682
        },
        "tail": {
          "x": 0.6743545532226562,
          "y": -0.09390963613986969,
          "z": 1.2762694358825684
        },
        "rotation_quaternion": {
          "w": 0.2690252363681793,
          "x": -0.8284532427787781,
          "y": -0.46739891171455383,
          "z": -0.151092991232872
        },
        "matrix": [
          [
            0.5174180269241333,
            0.8557319641113281,
            -0.0011391043663024902,
            0.6499539017677307
          ],
          [
            0.6931419968605042,
            -0.4183264374732971,
            0.586990237236023,
            -0.08198131620883942
          ],
          [
            0.5018339157104492,
            -0.30451130867004395,
            -0.809598445892334,
            1.2849524021148682
          ],
          [
            0.0,
            0.0,
            0.0,
            1.0
          ]
        ]
      },
      "bone_length_armature_space": 0.028514382093593946,
      "parent": "metacarpal_index_l",
      "has_children": true,
      "is_end_bone": false
    },
    "index_02_l": {
      "name": "index_02_l",
      "local": {
        "location": {
          "x": 0.0,
          "y": 0.0,
          "z": 0.0
        },
        "rotation_quaternion": {
          "w": 0.984271764755249,
          "x": 0.1764579713344574,
          "y": 0.0038260607980191708,
          "z": 0.007553359027951956
        },
        "scale": {
          "x": 1.0,
          "y": 1.0,
          "z": 1.0
        },
        "matrix_basis": [
          [
            0.9998565912246704,
            -0.013518838211894035,
            0.010197468101978302,
            0.0
          ],
          [
            0.01621939428150654,
            0.9376110434532166,
            -0.34730738401412964,
            0.0
          ],
          [
            -0.004866066388785839,
            0.3474229872226715,
            0.9376959204673767,
            0.0
          ],
          [
            0.0,
            0.0,
            0.0,
            1.0
          ]
        ],
        "rotation_mode": "QUATERNION"
      },
      "armature_space": {
        "head": {
          "x": 0.6743547916412354,
          "y": -0.15715377032756805,
          "z": 0.32641488313674927
        },
        "tail": {
          "x": 0.6951020956039429,
          "y": -0.1627514809370041,
          "z": 0.31240394711494446
        }
      },
      "world_space": {
        "head": {
          "x": 0.6743547916412354,
          "y": -0.09390977025032043,
          "z": 1.2762689590454102
        },
        "tail": {
          "x": 0.6951020956039429,
          "y": -0.09950748085975647,
          "z": 1.2622579336166382
        },
        "rotation_quaternion": {
          "w": 0.3822328448295593,
          "x": -0.778862476348877,
          "y": -0.49476686120033264,
          "z": -0.04977259039878845
        },
        "matrix": [
          [
            0.505455493927002,
            0.8087598085403442,
            -0.3007025122642517,
            0.6743547916412354
          ],
          [
            0.7326633930206299,
            -0.2182064652442932,
            0.6446632742881775,
            -0.09390977025032043
          ],
          [
            0.45576632022857666,
            -0.5461662411689758,
            -0.7028468251228333,
            1.2762689590454102
          ],
          [
            0.0,
            0.0,
            0.0,
            1.0
          ]
        ]
      },
      "bone_length_armature_space": 0.025653290583195307,
      "parent": "index_01_l",
      "has_children": true,
      "is_end_bone": false
    },
    "index_03_l": {
      "name": "index_03_l",
      "local": {
        "location": {
          "x": 0.0,
          "y": 0.0,
          "z": 0.0
        },
        "rotation_quaternion": {
          "w": 0.968998908996582,
          "x": 0.24687550961971283,
          "y": -0.0024228980764746666,
          "z": -0.009376862086355686
        },
        "scale": {
          "x": 1.0,
          "y": 1.0,
          "z": 1.0
        },
        "matrix_basis": [
          [
            0.9998124241828918,
            0.01697603054344654,
            -0.009325406514108181,
            0.0
          ],
          [
            -0.019368646666407585,
            0.8779290914535522,
            -0.47839877009391785,
            0.0
          ],
          [
            6.573597056558356e-05,
            0.47848963737487793,
            0.8780932426452637,
            0.0
          ],
          [
            0.0,
            0.0,
            0.0,
            1.0
          ]
        ],
        "rotation_mode": "QUATERNION"
      },
      "armature_space": {
        "head": {
          "x": 0.6951021552085876,
          "y": -0.16275158524513245,
          "z": 0.31240400671958923
        },
        "tail": {
          "x": 0.711637556552887,
          "y": -0.1548691987991333,
          "z": 0.28964030742645264
        }
      },
      "world_space": {
        "head": {
          "x": 0.6951021552085876,
          "y": -0.09950758516788483,
          "z": 1.2622580528259277
        },
        "tail": {
          "x": 0.711637556552887,
          "y": -0.09162519872188568,
          "z": 1.2394943237304688
        },
        "rotation_quaternion": {
          "w": 0.5986192226409912,
          "x": -0.6016599535942078,
          "y": -0.5258713364601135,
          "z": 0.055854685604572296
        },
        "matrix": [
          [
            0.44067561626434326,
            0.5659196376800537,
            -0.696806788444519,
            0.6951021552085876
          ],
          [
            0.6996658444404602,
            0.26977235078811646,
            0.6615821719169617,
            -0.09950758516788483
          ],
          [
            0.5623860955238342,
            -0.7790802121162415,
            -0.27707406878471375,
            1.2622580528259277
          ],
          [
            0.0,
            0.0,
            0.0,
            1.0
          ]
        ]
      },
      "bone_length_armature_space": 0.02921878707099765,
      "parent": "index_02_l",
      "has_children": false,
      "is_end_bone": true
    },
    "metacarpal_pinky_l": {
      "name": "metacarpal_pinky_l",
      "local": {
        "location": {
          "x": 0.0,
          "y": 0.0,
          "z": 0.0
        },
        "rotation_quaternion": {
          "w": 0.9993237853050232,
          "x": 0.03471921384334564,
          "y": 0.00865496788173914,
          "z": -0.00845950748771429
        },
        "scale": {
          "x": 1.0,
          "y": 1.0,
          "z": 1.0
        },
        "matrix_basis": [
          [
            0.999707043170929,
            0.01750856079161167,
            0.016710815951228142,
            0.0
          ],
          [
            -0.01630658656358719,
            0.9974460005760193,
            -0.06953790783882141,
            0.0
          ],
          [
            -0.017885645851492882,
            0.06924504041671753,
            0.9974393248558044,
            0.0
          ],
          [
            0.0,
            0.0,
            0.0,
            1.0
          ]
        ],
        "rotation_mode": "QUATERNION"
      },
      "armature_space": {
        "head": {
          "x": 0.5838276147842407,
          "y": -0.0912373811006546,
          "z": 0.4153599441051483
        },
        "tail": {
          "x": 0.6746439933776855,
          "y": -0.13159450888633728,
          "z": 0.3842645585536957
        }
      },
      "world_space": {
        "head": {
          "x": 0.5838276147842407,
          "y": -0.027993381023406982,
          "z": 1.3652139902114868
        },
        "tail": {
          "x": 0.6746439933776855,
          "y": -0.06835050880908966,
          "z": 1.3341186046600342
        },
        "rotation_quaternion": {
          "w": 0.3215680420398712,
          "x": 0.4845220446586609,
          "y": 0.45034846663475037,
          "z": -0.6775091886520386
        },
        "matrix": [
          [
            -0.32366517186164856,
            0.8721376061439514,
            -0.3669016361236572,
            0.5838276147842407
          ],
          [
            0.0006750300526618958,
            -0.38756197690963745,
            -0.9218435287475586,
            -0.027993381023406982
          ],
          [
            -0.946178138256073,
            -0.29861876368522644,
            0.12485165894031525,
            1.3652139902114868
          ],
          [
            0.0,
            0.0,
            0.0,
            1.0
          ]
        ]
      },
      "bone_length_armature_space": 0.10413085801957148,
      "parent": "lowerarm_l",
      "has_children": true,
      "is_end_bone": false
    },
    "pinky_01_l": {
      "name": "pinky_01_l",
      "local": {
        "location": {
          "x": 0.0,
          "y": 0.0,
          "z": 0.0
        },
        "rotation_quaternion": {
          "w": 0.9986863136291504,
          "x": 0.0468977689743042,
          "y": 0.020493069663643837,
          "z": -0.0025364768225699663
        },
        "scale": {
          "x": 1.0,
          "y": 1.0,
          "z": 1.0
        },
        "matrix_basis": [
          [
            0.9991471767425537,
            0.006988448090851307,
            0.04069438576698303,
            0.0
          ],
          [
            -0.0031441308092325926,
            0.9955883026123047,
            -0.09377627819776535,
            0.0
          ],
          [
            -0.04117020592093468,
            0.0935683622956276,
            0.9947612881660461,
            0.0
          ],
          [
            0.0,
            0.0,
            0.0,
            1.0
          ]
        ],
        "rotation_mode": "QUATERNION"
      },
      "armature_space": {
        "head": {
          "x": 0.6746439933776855,
          "y": -0.13159450888633728,
          "z": 0.3842645585536957
        },
        "tail": {
