{
  "metadata": {
    "armature_name": "KIM_caucasian_male",
    "export_time": "2026-01-13T19:11:25.904991",
    "blender_version": "4.4.1",
    "bone_count": 56,
    "end_bone_count": 13,
    "spaces_included": [
      "LOCAL_CHANNELS",
      "ARMATURE_SPACE",
      "WORLD_SPACE"
    ],
    "note": "LOCAL matches Transform panel; replay pose via local.matrix_basis for best fidelity."
  },
  "bones": {
    "Root": {
      "name": "Root",
      "local": {
        "location": {
          "x": 0.0,
          "y": 0.0,
          "z": 0.0
        },
        "rotation_quaternion": {
          "w": 0.9994688034057617,
          "x": 0.004640060476958752,
          "y": -0.013135718181729317,
          "z": -0.029464000836014748
        },
        "scale": {
          "x": 1.0,
          "y": 1.0,
          "z": 1.0
        },
        "matrix_basis": [
          [
            0.9979186654090881,
            0.05877479910850525,
            -0.026530910283327103,
            0.0
          ],
          [
            -0.05901860073208809,
            0.998220682144165,
            -0.008501130156219006,
            0.0
          ],
          [
            0.02598405070602894,
            0.010049252770841122,
            0.9996118545532227,
            0.0
          ],
          [
            0.0,
            0.0,
            0.0,
            1.0
          ]
        ],
        "rotation_mode": "QUATERNION"
      },
      "armature_space": {
        "head": {
          "x": 0.0,
          "y": 0.07072800397872925,
          "z": -0.009595036506652832
        },
        "tail": {
          "x": 0.0041951024904847145,
          "y": 2.9422342777252197e-05,
          "z": -0.0007278416305780411
        }
      },
      "world_space": {
        "head": {
          "x": 0.0,
          "y": 0.13397200405597687,
          "z": 0.9402589797973633
        },
        "tail": {
          "x": 0.0041951024904847145,
          "y": 0.06327342242002487,
          "z": 0.9491261839866638
        },
        "rotation_quaternion": {
          "w": 0.06270233541727066,
          "x": 0.9975107908248901,
          "y": 0.02851214073598385,
          "z": -0.015090803615748882
        },
        "matrix": [
          [
            0.9979186654090881,
            0.05877479910850525,
            -0.026530910283327103,
            0.0
          ],
          [
            0.05498987063765526,
            -0.9905109405517578,
            -0.1259535402059555,
            0.13397200405597687
          ],
          [
            -0.03368223458528519,
            0.12423238903284073,
            -0.9916883707046509,
            0.9402589797973633
          ],
          [
            0.0,
            0.0,
            0.0,
            1.0
          ]
        ]
      },
      "bone_length_armature_space": 0.07137587510616515,
      "parent": null,
      "has_children": true,
      "is_end_bone": false
    },
    "spine_01": {
      "name": "spine_01",
      "local": {
        "location": {
          "x": 0.0,
          "y": 0.0,
          "z": 0.0
        },
        "rotation_quaternion": {
          "w": 0.9962989091873169,
          "x": 0.06802961230278015,
          "y": -0.051912784576416016,
          "z": 0.008093399927020073
        },
        "scale": {
          "x": 1.0,
          "y": 1.0,
          "z": 1.0
        },
        "matrix_basis": [
          [
            0.9944791197776794,
            -0.023190103471279144,
            -0.10234011709690094,
            0.0
          ],
          [
            0.009063677862286568,
            0.9906129240989685,
            -0.13639596104621887,
            0.0
          ],
          [
            0.10454248636960983,
            0.13471534848213196,
            0.9853540658950806,
            0.0
          ],
          [
            0.0,
            0.0,
            0.0,
            1.0
          ]
        ],
        "rotation_mode": "QUATERNION"
      },
      "armature_space": {
        "head": {
          "x": 0.0041951024904847145,
          "y": 2.9422342777252197e-05,
          "z": -0.0007278416305780411
        },
        "tail": {
          "x": 0.011872689239680767,
          "y": -0.04765626788139343,
          "z": 0.484880656003952
        }
      },
      "world_space": {
        "head": {
          "x": 0.0041951024904847145,
          "y": 0.06327342242002487,
          "z": 0.9491261839866638
        },
        "tail": {
          "x": 0.011872689239680767,
          "y": 0.015587732195854187,
          "z": 1.4347347021102905
        },
        "rotation_quaternion": {
          "w": 0.6715753674507141,
          "x": 0.7404544353485107,
          "y": -0.011324480175971985,
          "z": -0.024199262261390686
        },
        "matrix": [
          [
            0.9985723495483398,
            0.015732720494270325,
            -0.051047246903181076,
            0.0041951024904847145
          ],
          [
            -0.04927366226911545,
            -0.0977163314819336,
            -0.9939938187599182,
            0.06327342242002487
          ],
          [
            -0.02062656171619892,
            0.9950968623161316,
            -0.096803218126297,
            0.9491261839866638
          ],
          [
            0.0,
            0.0,
            0.0,
            1.0
          ]
        ]
      },
      "bone_length_armature_space": 0.4880045799095279,
      "parent": "Root",
      "has_children": true,
      "is_end_bone": false
    },
    "neck_01": {
      "name": "neck_01",
      "local": {
        "location": {
          "x": 0.0,
          "y": 0.0,
          "z": 0.0
        },
        "rotation_quaternion": {
          "w": 0.9921350479125977,
          "x": -0.06712046265602112,
          "y": -0.09719552099704742,
          "z": 0.04142346233129501
        },
        "scale": {
          "x": 1.0,
          "y": 1.0,
          "z": 1.0
        },
        "matrix_basis": [
          [
            0.9776742458343506,
            -0.06914772093296051,
            -0.1984228938817978,
            0.0
          ],
          [
            0.0952429547905922,
            0.9875578880310059,
            0.12513278424739838,
            0.0
          ],
          [
            0.18730144202709198,
            -0.14123748242855072,
            0.9720957279205322,
            0.0
          ],
          [
            0.0,
            0.0,
            0.0,
            1.0
          ]
        ],
        "rotation_mode": "QUATERNION"
      },
      "armature_space": {
        "head": {
          "x": 0.011254274286329746,
          "y": -0.0892830491065979,
          "z": 0.5543829798698425
        },
        "tail": {
          "x": 0.004481437616050243,
          "y": -0.12353178858757019,
          "z": 0.6507774591445923
        }
      },
      "world_space": {
        "head": {
          "x": 0.011254274286329746,
          "y": -0.02603904902935028,
          "z": 1.5042369365692139
        },
        "tail": {
          "x": 0.004481437616050243,
          "y": -0.06028778851032257,
          "z": 1.6006314754486084
        },
        "rotation_quaternion": {
          "w": 0.5682669878005981,
          "x": 0.8122749328613281,
          "y": -0.1002010777592659,
          "z": -0.08510006964206696
        },
        "matrix": [
          [
            0.9654355049133301,
            -0.06606270372867584,
            -0.25213131308555603,
            0.011254274286329746
          ],
          [
            -0.2595009207725525,
            -0.3340645432472229,
            -0.9061238765716553,
            -0.02603904902935028
          ],
          [
            -0.024367555975914,
            0.9402385354042053,
            -0.3396642804145813,
            1.5042369365692139
          ],
          [
            0.0,
            0.0,
            0.0,
            1.0
          ]
        ]
      },
      "bone_length_armature_space": 0.10252191513381284,
      "parent": "spine_01",
      "has_children": true,
      "is_end_bone": false
    },
    "head": {
      "name": "head",
      "local": {
        "location": {
          "x": 0.0,
          "y": 0.0,
          "z": 0.0
        },
        "rotation_quaternion": {
          "w": 0.9877777099609375,
          "x": -0.07686124742031097,
          "y": -0.11015649139881134,
          "z": 0.07907763868570328
        },
        "scale": {
          "x": 1.0,
          "y": 1.0,
          "z": 1.0
        },
        "matrix_basis": [
          [
            0.9632245302200317,
            -0.13928872346878052,
            -0.2297762632369995,
            0.0
          ],
          [
            0.1731557846069336,
            0.9756781458854675,
            0.13442182540893555,
            0.0
          ],
          [
            0.20546424388885498,
            -0.169265478849411,
            0.9639157652854919,
            0.0
          ],
          [
            0.0,
            0.0,
            0.0,
            1.0
          ]
        ],
        "rotation_mode": "QUATERNION"
      },
      "armature_space": {
        "head": {
          "x": 0.00448140362277627,
          "y": -0.12353190779685974,
          "z": 0.6507773399353027
        },
        "tail": {
          "x": -0.005103747826069593,
          "y": -0.09007574617862701,
          "z": 0.8019134402275085
        }
      },
      "world_space": {
        "head": {
          "x": 0.00448140362277627,
          "y": -0.06028790771961212,
          "z": 1.6006313562393188
        },
        "tail": {
          "x": -0.005103747826069593,
          "y": -0.026831746101379395,
          "z": 1.7517673969268799
        },
        "rotation_quaternion": {
          "w": 0.7513887286186218,
          "x": 0.6128740310668945,
          "y": -0.20802628993988037,
          "z": -0.12855124473571777
        },
        "matrix": [
          [
            0.8803996443748474,
            -0.06180371716618538,
            -0.4701882600784302,
            0.00448140362277627
          ],
          [
            -0.44817131757736206,
            0.21572068333625793,
            -0.8675295114517212,
            -0.06028790771961212
          ],
          [
            0.1550465077161789,
            0.9745044112205505,
            0.16222207248210907,
            1.6006313562393188
          ],
          [
            0.0,
            0.0,
            0.0,
            1.0
          ]
        ]
      },
      "bone_length_armature_space": 0.15509129632866228,
      "parent": "neck_01",
      "has_children": false,
      "is_end_bone": true
    },
    "upperarm_l": {
      "name": "upperarm_l",
      "local": {
        "location": {
          "x": 0.0,
          "y": 0.0,
          "z": 0.0
        },
        "rotation_quaternion": {
          "w": 0.6651265025138855,
          "x": 0.5651136040687561,
          "y": -0.05555015802383423,
          "z": 0.484940767288208
        },
        "scale": {
          "x": 1.0,
          "y": 1.0,
          "z": 1.0
        },
        "matrix_basis": [
          [
            0.5234932899475098,
            -0.7078782320022583,
            0.47419747710227966,
            0.0
          ],
          [
            0.5823096036911011,
            -0.10904186964035034,
            -0.8056211471557617,
            0.0
          ],
          [
            0.6219890117645264,
            0.6978669762611389,
            0.35512158274650574,
            0.0
          ],
          [
            0.0,
            0.0,
            0.0,
            1.0
          ]
        ],
        "rotation_mode": "QUATERNION"
      },
      "armature_space": {
        "head": {
          "x": 0.15981997549533844,
          "y": -0.09327678382396698,
          "z": 0.4841020107269287
        },
        "tail": {
          "x": 0.13530635833740234,
          "y": -0.3018791079521179,
          "z": 0.6505115032196045
        }
      },
      "world_space": {
        "head": {
          "x": 0.15981997549533844,
          "y": -0.03003278374671936,
          "z": 1.4339560270309448
        },
        "tail": {
          "x": 0.13530635833740234,
          "y": -0.2386351078748703,
          "z": 1.6003655195236206
        },
        "rotation_quaternion": {
          "w": 0.2707946300506592,
          "x": 0.8389464020729065,
          "y": -0.19350071251392365,
          "z": -0.43057721853256226
        },
        "matrix": [
          [
            0.5543217658996582,
            -0.09147916734218597,
            -0.8272599577903748,
            0.15981997549533844
          ],
          [
            -0.5578699111938477,
            -0.7784556746482849,
            -0.28772932291030884,
            -0.03003278374671936
          ],
          [
            -0.6176688075065613,
            0.621001660823822,
            -0.4825519323348999,
            1.4339560270309448
          ],
          [
            0.0,
            0.0,
            0.0,
            1.0
          ]
        ]
      },
      "bone_length_armature_space": 0.2679700837983157,
      "parent": "spine_01",
      "has_children": true,
      "is_end_bone": false
    },
    "lowerarm_l": {
      "name": "lowerarm_l",
      "local": {
        "location": {
          "x": 0.0,
          "y": 0.0,
          "z": 0.0
        },
        "rotation_quaternion": {
          "w": 0.9359118938446045,
          "x": 0.33908718824386597,
          "y": 0.06659247726202011,
          "z": 0.06822329014539719
        },
        "scale": {
          "x": 1.0,
          "y": 1.0,
          "z": 1.0
        },
        "matrix_basis": [
          [
            0.9818220734596252,
            -0.08254066854715347,
            0.17091667652130127,
            0.0
          ],
          [
            0.17286328971385956,
            0.7607309222221375,
            -0.6256251335144043,
            0.0
          ],
          [
            -0.07838209718465805,
            0.643797755241394,
            0.7611706256866455,
            0.0
          ],
          [
            0.0,
            0.0,
            0.0,
            1.0
          ]
        ],
        "rotation_mode": "QUATERNION"
      },
      "armature_space": {
        "head": {
          "x": 0.1353062391281128,
          "y": -0.3018791377544403,
          "z": 0.6505115628242493
        },
        "tail": {
          "x": -0.07104817032814026,
          "y": -0.4624558389186859,
          "z": 0.707101047039032
        }
      },
      "world_space": {
        "head": {
          "x": 0.1353062391281128,
          "y": -0.2386351376771927,
          "z": 1.6003656387329102
        },
        "tail": {
          "x": -0.07104817032814026,
          "y": -0.3992118239402771,
          "z": 1.6569550037384033
        },
        "rotation_quaternion": {
          "w": 0.022015584632754326,
          "x": -0.8499470353126526,
          "y": 0.4465411305427551,
          "z": 0.2787587344646454
        },
        "matrix": [
          [
            0.4457886815071106,
            -0.7713477611541748,
            -0.45419737696647644,
            0.1353062391281128
          ],
          [
            -0.7467989325523376,
            -0.6002318263053894,
            0.28637975454330444,
            -0.2386351376771927
          ],
          [
            -0.49352625012397766,
            0.21153011918067932,
            -0.843623697757721,
            1.6003656387329102
          ],
          [
            0.0,
            0.0,
            0.0,
            1.0
          ]
        ]
      },
      "bone_length_armature_space": 0.26752455768610245,
      "parent": "upperarm_l",
      "has_children": true,
      "is_end_bone": false
    },
    "metacarpal_thumb_l": {
      "name": "metacarpal_thumb_l",
      "local": {
        "location": {
          "x": 0.0,
          "y": 0.0,
          "z": 0.0
        },
        "rotation_quaternion": {
          "w": 0.9991995692253113,
          "x": -0.03635456785559654,
          "y": -0.00789885688573122,
          "z": -0.014706350862979889
        },
        "scale": {
          "x": 1.0,
          "y": 1.0,
          "z": 1.0
        },
        "matrix_basis": [
          [
            0.9994426369667053,
            0.029963478446006775,
            -0.01471578236669302,
            0.0
          ],
          [
            -0.02881483919918537,
            0.9969241619110107,
            0.07288326323032379,
            0.0
          ],
          [
            0.016854355111718178,
            -0.07241860777139664,
            0.9972319006919861,
            0.0
          ],
          [
            0.0,
            0.0,
            0.0,
            1.0
          ]
        ],
        "rotation_mode": "QUATERNION"
      },
      "armature_space": {
        "head": {
          "x": -0.07104817032814026,
          "y": -0.4624558389186859,
          "z": 0.707101047039032
        },
        "tail": {
          "x": -0.11249075829982758,
          "y": -0.4828926920890808,
          "z": 0.6892562508583069
        }
      },
      "world_space": {
        "head": {
          "x": -0.07104817032814026,
          "y": -0.3992118239402771,
          "z": 1.6569550037384033
        },
        "tail": {
          "x": -0.11249075829982758,
          "y": -0.4196487069129944,
          "z": 1.6391103267669678
        },
        "rotation_quaternion": {
          "w": 0.10678163915872574,
          "x": 0.6912767887115479,
          "y": -0.5313225388526917,
          "z": 0.4779439866542816
        },
        "matrix": [
          [
            -0.02147027850151062,
            -0.8366550207138062,
            0.547309160232544,
            -0.07104817032814026
          ],
          [
            -0.6325099468231201,
            -0.41258499026298523,
            -0.6555188298225403,
            -0.3992118239402771
          ],
          [
            0.7742595076560974,
            -0.3602554500102997,
            -0.5203385949134827,
            1.6569550037384033
          ],
          [
            0.0,
            0.0,
            0.0,
            1.0
          ]
        ]
      },
      "bone_length_armature_space": 0.049533723398442996,
      "parent": "lowerarm_l",
      "has_children": true,
      "is_end_bone": false
    },
    "thumb_01_l": {
      "name": "thumb_01_l",
      "local": {
        "location": {
          "x": 0.0,
          "y": 0.0,
          "z": 0.0
        },
        "rotation_quaternion": {
          "w": 0.9977962970733643,
          "x": -0.06591677665710449,
          "y": -0.007585885003209114,
          "z": -0.0002805953845381737
        },
        "scale": {
          "x": 1.0,
          "y": 1.0,
          "z": 1.0
        },
        "matrix_basis": [
          [
            0.9998847246170044,
            0.0015600282931700349,
            -0.01510134432464838,
            0.0
          ],
          [
            0.00044012011494487524,
            0.9913098216056824,
            0.13154728710651398,
            0.0
          ],
          [
            0.01517532765865326,
            -0.1315387785434723,
            0.9911948442459106,
            0.0
          ],
          [
            0.0,
            0.0,
            0.0,
            1.0
          ]
        ],
        "rotation_mode": "QUATERNION"
      },
      "armature_space": {
        "head": {
          "x": -0.11249075829982758,
          "y": -0.4828926920890808,
          "z": 0.6892562508583069
        },
        "tail": {
          "x": -0.11720740795135498,
          "y": -0.5026669502258301,
          "z": 0.6619548201560974
        }
      },
      "world_space": {
        "head": {
          "x": -0.11249075829982758,
          "y": -0.4196487069129944,
          "z": 1.6391103267669678
        },
        "tail": {
          "x": -0.11720740795135498,
          "y": -0.43942296504974365,
          "z": 1.6118087768554688
        },
        "rotation_quaternion": {
          "w": 0.07258301228284836,
          "x": 0.010523208416998386,
          "y": -0.4519554376602173,
          "z": 0.8890203833580017
        },
        "matrix": [
          [
            -0.9892417788505554,
            -0.1385677009820938,
            -0.0468984916806221,
            -0.11249075829982758
          ],
          [
            0.11954410374164581,
            -0.5809364914894104,
            -0.8051225543022156,
            -0.4196487069129944
          ],
          [
            0.08431977033615112,
            -0.8020734786987305,
            0.5912550687789917,
            1.6391103267669678
          ],
          [
            0.0,
            0.0,
            0.0,
            1.0
          ]
        ]
      },
      "bone_length_armature_space": 0.03403874556680271,
      "parent": "metacarpal_thumb_l",
      "has_children": true,
      "is_end_bone": false
    },
    "thumb_02_l": {
      "name": "thumb_02_l",
      "local": {
        "location": {
          "x": 0.0,
          "y": 0.0,
          "z": 0.0
        },
        "rotation_quaternion": {
          "w": 0.9971839189529419,
          "x": 0.07453637570142746,
          "y": -0.0076904864981770515,
          "z": 0.00307729234918952
        },
        "scale": {
          "x": 1.0,
          "y": 1.0,
          "z": 1.0
        },
        "matrix_basis": [
          [
            0.999862790107727,
            -0.007283695042133331,
            -0.014878918416798115,
            0.0
          ],
          [
            0.004990810994058847,
            0.9888697266578674,
            -0.1487002819776535,
            0.0
          ],
          [
            0.015796398743987083,
            0.148605614900589,
            0.9887703657150269,
            0.0
          ],
          [
            0.0,
            0.0,
            0.0,
            1.0
          ]
        ],
        "rotation_mode": "QUATERNION"
      },
      "armature_space": {
        "head": {
          "x": -0.117207370698452,
          "y": -0.5026668906211853,
          "z": 0.6619548201560974
        },
        "tail": {
          "x": -0.14661544561386108,
          "y": -0.5292389392852783,
          "z": 0.668456494808197
        }
      },
      "world_space": {
        "head": {
          "x": -0.117207370698452,
          "y": -0.4394229054450989,
          "z": 1.6118087768554688
        },
        "tail": {
          "x": -0.14661544561386108,
          "y": -0.4659949541091919,
          "z": 1.6183104515075684
        },
        "rotation_quaternion": {
          "w": 0.3921512961387634,
          "x": -0.08114538341760635,
          "y": 0.12420333921909332,
          "z": 0.9078580737113953
        },
        "matrix": [
          [
            -0.6792654991149902,
            -0.7321926355361938,
            -0.049923330545425415,
            -0.117207370698452
          ],
          [
            0.6918785572052002,
            -0.6615815162658691,
            0.2891610562801361,
            -0.4394229054450989
          ],
          [
            -0.24475105106830597,
            0.16187691688537598,
            0.9559847712516785,
            1.6118087768554688
          ],
          [
            0.0,
            0.0,
            0.0,
            1.0
          ]
        ]
      },
      "bone_length_armature_space": 0.04016441731986577,
      "parent": "thumb_01_l",
      "has_children": true,
      "is_end_bone": false
    },
    "thumb_03_l": {
      "name": "thumb_03_l",
      "local": {
        "location": {
          "x": 0.0,
          "y": 0.0,
          "z": 0.0
        },
        "rotation_quaternion": {
          "w": 0.9987863302230835,
          "x": 0.049252528697252274,
          "y": -0.0001329938240814954,
          "z": -0.0004144629056099802
        },
        "scale": {
          "x": 1.0,
          "y": 1.0,
          "z": 1.0
        },
        "matrix_basis": [
          [
            0.9999996423721313,
            0.0008148191845975816,
            -0.000306491507217288,
            0.0
          ],
          [
            -0.0008410203154198825,
            0.9951480627059937,
            -0.09838539361953735,
            0.0
          ],
          [
            0.0002248381351819262,
            0.09838561713695526,
            0.9951483607292175,
            0.0
          ],
          [
            0.0,
            0.0,
            0.0,
            1.0
          ]
        ],
        "rotation_mode": "QUATERNION"
      },
      "armature_space": {
        "head": {
          "x": -0.14661546051502228,
          "y": -0.5292388796806335,
          "z": 0.6684564352035522
        },
        "tail": {
          "x": -0.1652831733226776,
          "y": -0.5472973585128784,
          "z": 0.6843404769897461
        }
      },
      "world_space": {
        "head": {
          "x": -0.14661546051502228,
          "y": -0.4659948945045471,
          "z": 1.6183104515075684
        },
        "tail": {
          "x": -0.1652831733226776,
          "y": -0.484053373336792,
          "z": 1.6341944932937622
        },
        "rotation_quaternion": {
          "w": 0.27993515133857727,
          "x": -0.1739916205406189,
          "y": 0.3536374568939209,
          "z": 0.8753877878189087
        },
        "matrix": [
          [
            -0.7827263474464417,
            -0.613163948059082,
            -0.10662779957056046,
            -0.14661546051502228
          ],
          [
            0.36704492568969727,
            -0.5931531190872192,
            0.7165526151657104,
            -0.4659948945045471
          ],
          [
            -0.5026139616966248,
            0.5217306613922119,
            0.6893407106399536,
            1.6183104515075684
          ],
          [
            0.0,
            0.0,
            0.0,
            1.0
          ]
        ]
      },
      "bone_length_armature_space": 0.030444949510229684,
      "parent": "thumb_02_l",
      "has_children": false,
      "is_end_bone": true
    },
    "metacarpal_index_l": {
      "name": "metacarpal_index_l",
      "local": {
        "location": {
          "x": 0.0,
          "y": 0.0,
          "z": 0.0
        },
        "rotation_quaternion": {
          "w": 0.998109757900238,
          "x": -0.05999688804149628,
          "y": 0.01328994520008564,
          "z": 0.0008525809971615672
        },
        "scale": {
          "x": 1.0,
          "y": 1.0,
          "z": 1.0
        },
        "matrix_basis": [
          [
            0.9996452927589417,
            -0.0032966495491564274,
            0.026427343487739563,
            0.0
          ],
          [
            0.00010722811566665769,
            0.9927992820739746,
            0.11978962272405624,
            0.0
          ],
          [
            -0.026631953194737434,
            -0.11974430084228516,
            0.9924474954605103,
            0.0
          ],
          [
            0.0,
            0.0,
            0.0,
            1.0
          ]
        ],
        "rotation_mode": "QUATERNION"
      },
      "armature_space": {
        "head": {
          "x": -0.07104817032814026,
          "y": -0.4624558389186859,
          "z": 0.707101047039032
        },
        "tail": {
          "x": -0.1740088164806366,
          "y": -0.5183017253875732,
          "z": 0.7101929783821106
        }
      },
      "world_space": {
        "head": {
          "x": -0.07104817032814026,
          "y": -0.3992118239402771,
          "z": 1.6569550037384033
        },
        "tail": {
          "x": -0.1740088164806366,
          "y": -0.4550577402114868,
          "z": 1.6600470542907715
        },
        "rotation_quaternion": {
          "w": 0.12700286507606506,
          "x": 0.8383750915527344,
          "y": -0.49554213881492615,
          "z": 0.18824340403079987
        },
        "matrix": [
          [
            0.4380045235157013,
            -0.8787156939506531,
            0.18976527452468872,
            -0.07104817032814026
          ],
          [
            -0.7830853462219238,
            -0.47661569714546204,
            -0.39951837062835693,
            -0.3992118239402771
          ],
          [
            0.4415103793144226,
            0.026388093829154968,
            -0.8968759179115295,
            1.6569550037384033
          ],
          [
            0.0,
            0.0,
            0.0,
            1.0
          ]
        ]
      },
      "bone_length_armature_space": 0.11717174449804318,
      "parent": "lowerarm_l",
      "has_children": true,
      "is_end_bone": false
    },
    "index_01_l": {
      "name": "index_01_l",
      "local": {
        "location": {
          "x": 0.0,
          "y": 0.0,
          "z": 0.0
        },
        "rotation_quaternion": {
          "w": 0.9945554733276367,
          "x": -0.10273586958646774,
          "y": -0.0016853620763868093,
          "z": 0.017377324402332306
        },
        "scale": {
          "x": 1.0,
          "y": 1.0,
          "z": 1.0
        },
        "matrix_basis": [
          [
            0.9993903636932373,
            -0.034219130873680115,
            -0.0069229211658239365,
            0.0
          ],
          [
            0.03491172194480896,
            0.9782867431640625,
            0.20429447293281555,
            0.0
          ],
          [
            -0.0002181769086746499,
            -0.2044116109609604,
            0.9788849949836731,
            0.0
          ],
          [
            0.0,
            0.0,
            0.0,
            1.0
          ]
        ],
        "rotation_mode": "QUATERNION"
      },
      "armature_space": {
        "head": {
          "x": -0.1740088164806366,
          "y": -0.5183017253875732,
          "z": 0.7101929783821106
        },
        "tail": {
          "x": -0.19461029767990112,
          "y": -0.5332396030426025,
          "z": 0.7230579853057861
        }
      },
      "world_space": {
        "head": {
          "x": -0.1740088164806366,
          "y": -0.4550577402114868,
          "z": 1.6600470542907715
        },
        "tail": {
          "x": -0.19461029767990112,
          "y": -0.4699956178665161,
          "z": 1.6729120016098022
        },
        "rotation_quaternion": {
          "w": 0.3086862862110138,
          "x": 0.8658854961395264,
          "y": -0.37785714864730835,
          "z": 0.11035928130149841
        },
        "matrix": [
          [
            0.6900892853736877,
            -0.7224950194358826,
            -0.04216323047876358,
            -0.1740088164806366
          ],
          [
            -0.5862300992012024,
            -0.5238726735115051,
            -0.6179739832878113,
            -0.4550577402114868
          ],
          [
            0.4243973195552826,
            0.451177179813385,
            -0.7850733995437622,
            1.6600470542907715
          ],
          [
            0.0,
            0.0,
            0.0,
            1.0
          ]
        ]
      },
      "bone_length_armature_space": 0.02851437545922539,
      "parent": "metacarpal_index_l",
      "has_children": true,
      "is_end_bone": false
    },
    "index_02_l": {
      "name": "index_02_l",
      "local": {
        "location": {
          "x": 0.0,
          "y": 0.0,
          "z": 0.0
        },
        "rotation_quaternion": {
          "w": 0.999014139175415,
          "x": 0.04399435222148895,
          "y": 0.005835588090121746,
          "z": 0.0011274206917732954
        },
        "scale": {
          "x": 1.0,
          "y": 1.0,
          "z": 1.0
        },
        "matrix_basis": [
          [
            0.9999293684959412,
            -0.0017391525907441974,
            0.01175887044519186,
            0.0
          ],
          [
            0.0027660841587930918,
            0.9961264729499817,
            -0.08788879960775375,
            0.0
          ],
          [
            -0.01156046986579895,
            0.08791511505842209,
            0.9960609078407288,
            0.0
          ],
          [
            0.0,
            0.0,
            0.0,
            1.0
          ]
        ],
        "rotation_mode": "QUATERNION"
      },
      "armature_space": {
        "head": {
          "x": -0.19461075961589813,
          "y": -0.5332398414611816,
          "z": 0.7230578660964966
        },
        "tail": {
          "x": -0.2127545326948166,
          "y": -0.5478524565696716,
          "z": 0.7337987422943115
        }
      },
      "world_space": {
        "head": {
          "x": -0.19461075961589813,
          "y": -0.4699958562850952,
          "z": 1.6729118824005127
        },
        "tail": {
          "x": -0.2127545326948166,
          "y": -0.4846084713935852,
          "z": 1.6836527585983276
        },
        "rotation_quaternion": {
          "w": 0.2767047882080078,
          "x": 0.8810514211654663,
          "y": -0.37232258915901184,
          "z": 0.09251455217599869
        },
        "matrix": [
          [
            0.7056335806846619,
            -0.7072692513465881,
            -0.04302814602851868,
            -0.19461075961589813
          ],
          [
            -0.6048728823661804,
            -0.5696199536323547,
            -0.556472897529602,
            -0.4699958562850952
          ],
          [
            0.3690684139728546,
            0.41869479417800903,
            -0.8297573924064636,
            1.6729118824005127
          ],
          [
            0.0,
            0.0,
            0.0,
            1.0
          ]
        ]
      },
      "bone_length_armature_space": 0.025653293135835288,
      "parent": "index_01_l",
      "has_children": true,
      "is_end_bone": false
    },
    "index_03_l": {
      "name": "index_03_l",
      "local": {
        "location": {
          "x": 0.0,
          "y": 0.0,
          "z": 0.0
        },
        "rotation_quaternion": {
          "w": 0.9987490177154541,
          "x": 0.0491180345416069,
          "y": 0.00560952490195632,
          "z": -0.007520859129726887
        },
        "scale": {
          "x": 1.0,
          "y": 1.0,
          "z": 1.0
        },
        "matrix_basis": [
          [
            0.9998239278793335,
            0.015573958866298199,
            0.01046619564294815,
            0.0
          ],
          [
            -0.014471843838691711,
            0.9950616955757141,
            -0.0981975570321083,
            0.0
          ],
          [
            -0.011943834833800793,
            0.09802880138158798,
            0.995111882686615,
            0.0
          ],
          [
            0.0,
            0.0,
            0.0,
            1.0
          ]
        ],
        "rotation_mode": "QUATERNION"
      },
      "armature_space": {
        "head": {
          "x": -0.2127545326948166,
          "y": -0.5478523969650269,
          "z": 0.7337988615036011
        },
        "tail": {
          "x": -0.2308497130870819,
          "y": -0.5690793991088867,
          "z": 0.7425001263618469
        }
      },
      "world_space": {
        "head": {
          "x": -0.2127545326948166,
          "y": -0.48460841178894043,
          "z": 1.6836528778076172
        },
        "tail": {
          "x": -0.2308497130870819,
          "y": -0.5058354139328003,
          "z": 1.6923542022705078
        },
        "rotation_quaternion": {
          "w": 0.2110409140586853,
          "x": 0.9173719882965088,
          "y": -0.30367448925971985,
          "z": 0.14721480011940002
        },
        "matrix": [
          [
            0.7722190022468567,
            -0.6193019151687622,
            0.14192500710487366,
            -0.2127545326948166
          ],
          [
            -0.4950285851955414,
            -0.7264865040779114,
            -0.4766174852848053,
            -0.48460841178894043
          ],
          [
            0.3982790410518646,
            0.29779747128486633,
            -0.8675854802131653,
            1.6836528778076172
          ],
          [
            0.0,
            0.0,
            0.0,
            1.0
          ]
        ]
      },
      "bone_length_armature_space": 0.029218712864011672,
      "parent": "index_02_l",
      "has_children": false,
      "is_end_bone": true
    },
    "metacarpal_pinky_l": {
      "name": "metacarpal_pinky_l",
      "local": {
        "location": {
          "x": 0.0,
          "y": 0.0,
          "z": 0.0
        },
        "rotation_quaternion": {
          "w": 0.9999162554740906,
          "x": 0.007572393864393234,
          "y": 0.009992357343435287,
          "z": -0.0032226131297647953
        },
        "scale": {
          "x": 1.0,
          "y": 1.0,
          "z": 1.0
        },
        "matrix_basis": [
          [
            0.9997795224189758,
            0.006596018560230732,
            0.019934235140681267,
            0.0
          ],
          [
            -0.00629335455596447,
            0.9998645186424255,
            -0.015207922086119652,
            0.0
          ],
          [
            -0.020031847059726715,
            0.015079116448760033,
            0.9996856451034546,
            0.0
          ],
          [
            0.0,
            0.0,
            0.0,
            1.0
          ]
        ],
        "rotation_mode": "QUATERNION"
      },
      "armature_space": {
        "head": {
          "x": -0.07104817032814026,
          "y": -0.4624558389186859,
          "z": 0.707101047039032
        },
        "tail": {
          "x": -0.13427436351776123,
          "y": -0.5303817391395569,
          "z": 0.7543425559997559
        }
      },
      "world_space": {
        "head": {
          "x": -0.07104817032814026,
          "y": -0.3992118239402771,
          "z": 1.6569550037384033
        },
        "tail": {
          "x": -0.13427436351776123,
          "y": -0.46713775396347046,
          "z": 1.704196572303772
        },
        "rotation_quaternion": {
          "w": 0.15586216747760773,
          "x": -0.4719682037830353,
          "y": 0.38671767711639404,
          "z": 0.7767897844314575
        },
        "matrix": [
          [
            -0.5059066414833069,
            -0.6071808338165283,
            -0.6126909255981445,
            -0.07104817032814026
          ],
          [
            -0.12289177626371384,
            -0.6523135900497437,
            0.7479203939437866,
            -0.3992118239402771
          ],
          [
            -0.8537953495979309,
            0.4536750316619873,
            0.2553947865962982,
            1.6569550037384033
          ],
          [
            0.0,
            0.0,
            0.0,
            1.0
          ]
        ]
      },
      "bone_length_armature_space": 0.10413087674559085,
      "parent": "lowerarm_l",
      "has_children": true,
      "is_end_bone": false
    },
    "pinky_01_l": {
      "name": "pinky_01_l",
      "local": {
        "location": {
          "x": 0.0,
          "y": 0.0,
          "z": 0.0
        },
        "rotation_quaternion": {
          "w": 0.9916165471076965,
          "x": -0.1281401664018631,
          "y": 0.009967870078980923,
          "z": -0.013325816951692104
        },
        "scale": {
          "x": 1.0,
          "y": 1.0,
          "z": 1.0
        },
        "matrix_basis": [
          [
            0.9994461536407471,
            0.02387363277375698,
            0.023183753713965416,
            0.0
          ],
          [
            -0.028982769697904587,
            0.9668050408363342,
            0.25386616587638855,
            0.0
          ],
          [
            -0.016353465616703033,
            -0.2543974816799164,
            0.9669615030288696,
            0.0
          ],
          [
            0.0,
            0.0,
            0.0,
            1.0
          ]
        ],
        "rotation_mode": "QUATERNION"
      },
      "armature_space": {
        "head": {
          "x": -0.13427436351776123,
          "y": -0.5303817391395569,
