{
  "metadata": {
    "armature_name": "KIM_caucasian_male",
    "export_time": "2026-01-13T20:55:38.878721",
    "blender_version": "4.4.1",
    "bone_count": 56,
    "end_bone_count": 13,
    "spaces_included": [
      "LOCAL_CHANNELS",
      "ARMATURE_SPACE",
      "WORLD_SPACE"
    ],
    "note": "LOCAL matches Transform panel; replay pose via local.matrix_basis for best fidelity."
  },
  "bones": {
    "Root": {
      "name": "Root",
      "local": {
        "location": {
          "x": 0.0,
          "y": 0.0,
          "z": 0.0
        },
        "rotation_quaternion": {
          "w": 0.999447226524353,
          "x": 0.01606820337474346,
          "y": -0.012264689430594444,
          "z": -0.026396384462714195
        },
        "scale": {
          "x": 1.0,
          "y": 1.0,
          "z": 1.0
        },
        "matrix_basis": [
          [
            0.99830561876297,
            0.05236944183707237,
            -0.02536410465836525,
            0.0
          ],
          [
            -0.05315772816538811,
            0.9980900883674622,
            -0.03147115558385849,
            0.0
          ],
          [
            0.023667534813284874,
            0.032766129821538925,
            0.9991827607154846,
            0.0
          ],
          [
            0.0,
            0.0,
            0.0,
            1.0
          ]
        ],
        "rotation_mode": "QUATERNION"
      },
      "armature_space": {
        "head": {
          "x": 0.0,
          "y": 0.07072800397872925,
          "z": -0.009595036506652832
        },
        "tail": {
          "x": 0.003737914375960827,
          "y": -0.00017930567264556885,
          "z": -0.002335825003683567
        }
      },
      "world_space": {
        "head": {
          "x": 0.0,
          "y": 0.13397200405597687,
          "z": 0.9402589797973633
        },
        "tail": {
          "x": 0.003737914375960827,
          "y": 0.06306469440460205,
          "z": 0.9475181698799133
        },
        "rotation_quaternion": {
          "w": 0.05129871144890785,
          "x": 0.9982591271400452,
          "y": 0.025510171428322792,
          "z": -0.014015093445777893
        },
        "matrix": [
          [
            0.99830561876297,
            0.05236944183707237,
            -0.02536410465836525,
            0.0
          ],
          [
            0.04949360713362694,
            -0.9934353232383728,
            -0.10313433408737183,
            0.13397200405597687
          ],
          [
            -0.030598850920796394,
            0.10170400142669678,
            -0.9943510293960571,
            0.9402589797973633
          ],
          [
            0.0,
            0.0,
            0.0,
            1.0
          ]
        ]
      },
      "bone_length_armature_space": 0.07137586839732996,
      "parent": null,
      "has_children": true,
      "is_end_bone": false
    },
    "spine_01": {
      "name": "spine_01",
      "local": {
        "location": {
          "x": 0.0,
          "y": 0.0,
          "z": 0.0
        },
        "rotation_quaternion": {
          "w": 0.9943170547485352,
          "x": 0.10168375819921494,
          "y": -0.028078027069568634,
          "z": 0.014341129921376705
        },
        "scale": {
          "x": 1.0,
          "y": 1.0,
          "z": 1.0
        },
        "matrix_basis": [
          [
            0.9980118870735168,
            -0.03422942012548447,
            -0.052920401096343994,
            0.0
          ],
          [
            0.0228091012686491,
            0.9789094924926758,
            -0.20301713049411774,
            0.0
          ],
          [
            0.05875344201922417,
            0.20140644907951355,
            0.9777441024780273,
            0.0
          ],
          [
            0.0,
            0.0,
            0.0,
            1.0
          ]
        ],
        "rotation_mode": "QUATERNION"
      },
      "armature_space": {
        "head": {
          "x": 0.003737914375960827,
          "y": -0.00017930567264556885,
          "z": -0.002335825003683567
        },
        "tail": {
          "x": 0.006240614224225283,
          "y": -0.09183108061552048,
          "z": 0.47697827219963074
        }
      },
      "world_space": {
        "head": {
          "x": 0.003737914375960827,
          "y": 0.06306469440460205,
          "z": 0.9475181698799133
        },
        "tail": {
          "x": 0.006240614224225283,
          "y": -0.028587080538272858,
          "z": 1.4268323183059692
        },
        "rotation_quaternion": {
          "w": 0.6372542977333069,
          "x": 0.7706329226493835,
          "y": -0.0012330481549724936,
          "z": -0.005515006370842457
        },
        "matrix": [
          [
            0.9999361038208008,
            0.005128470249474049,
            -0.010071579366922379,
            0.003737914375960827
          ],
          [
            -0.00892934575676918,
            -0.18781054019927979,
            -0.9821648001670837,
            0.06306469440460205
          ],
          [
            -0.006928605958819389,
            0.9821985363960266,
            -0.18775492906570435,
            0.9475181698799133
          ],
          [
            0.0,
            0.0,
            0.0,
            1.0
          ]
        ]
      },
      "bone_length_armature_space": 0.488004407974213,
      "parent": "Root",
      "has_children": true,
      "is_end_bone": false
    },
    "neck_01": {
      "name": "neck_01",
      "local": {
        "location": {
          "x": 0.0,
          "y": 0.0,
          "z": 0.0
        },
        "rotation_quaternion": {
          "w": 0.9910303354263306,
          "x": -0.13235557079315186,
          "y": -0.00869906134903431,
          "z": 0.016283897683024406
        },
        "scale": {
          "x": 1.0,
          "y": 1.0,
          "z": 1.0
        },
        "matrix_basis": [
          [
            0.9993183016777039,
            -0.02997293509542942,
            -0.021552596241235733,
            0.0
          ],
          [
            0.034578412771224976,
            0.9644336700439453,
            0.2620534598827362,
            0.0
          ],
          [
            0.012931537814438343,
            -0.26262009143829346,
            0.9648126363754272,
            0.0
          ],
          [
            0.0,
            0.0,
            0.0,
            1.0
          ]
        ],
        "rotation_mode": "QUATERNION"
      },
      "armature_space": {
        "head": {
          "x": 0.006266825832426548,
          "y": -0.13964419066905975,
          "z": 0.5423819422721863
        },
        "tail": {
          "x": 0.00363519717939198,
          "y": -0.17114268243312836,
          "z": 0.6399097442626953
        }
      },
      "world_space": {
        "head": {
          "x": 0.006266825832426548,
          "y": -0.07640019059181213,
          "z": 1.4922358989715576
        },
        "tail": {
          "x": 0.00363519717939198,
          "y": -0.10789868235588074,
          "z": 1.5897637605667114
        },
        "rotation_quaternion": {
          "w": 0.588189423084259,
          "x": 0.8084440231323242,
          "y": -0.020343367010354996,
          "z": -0.00614079087972641
        },
        "matrix": [
          [
            0.9990968704223633,
            -0.02566908299922943,
            -0.03386058658361435,
            0.006266825832426548
          ],
          [
            -0.04011696204543114,
            -0.30723837018013,
            -0.950786828994751,
            -0.07640019059181213
          ],
          [
            0.014002608135342598,
            0.9512926340103149,
            -0.30799373984336853,
            1.4922358989715576
          ],
          [
            0.0,
            0.0,
            0.0,
            1.0
          ]
        ]
      },
      "bone_length_armature_space": 0.10252196040365033,
      "parent": "spine_01",
      "has_children": true,
      "is_end_bone": false
    },
    "head": {
      "name": "head",
      "local": {
        "location": {
          "x": 0.0,
          "y": 0.0,
          "z": 0.0
        },
        "rotation_quaternion": {
          "w": 0.9592903852462769,
          "x": -0.11053183674812317,
          "y": 0.12497849762439728,
          "z": -0.2278706580400467
        },
        "scale": {
          "x": 1.0,
          "y": 1.0,
          "z": 1.0
        },
        "matrix_basis": [
          [
            0.8649106621742249,
            0.40956005454063416,
            0.2901552617549896,
            0.0
          ],
          [
            -0.46481648087501526,
            0.8717153668403625,
            0.15510639548301697,
            0.0
          ],
          [
            -0.18940742313861847,
            -0.2690221071243286,
            0.9443261623382568,
            0.0
          ],
          [
            0.0,
            0.0,
            0.0,
            1.0
          ]
        ],
        "rotation_mode": "QUATERNION"
      },
      "armature_space": {
        "head": {
          "x": 0.0036351941525936127,
          "y": -0.1711428016424179,
          "z": 0.6399096250534058
        },
        "tail": {
          "x": 0.06725208461284637,
          "y": -0.12452094256877899,
          "z": 0.77344810962677
        }
      },
      "world_space": {
        "head": {
          "x": 0.0036351941525936127,
          "y": -0.10789880156517029,
          "z": 1.5897636413574219
        },
        "tail": {
          "x": 0.06725208461284637,
          "y": -0.06127694249153137,
          "z": 1.7233021259307861
        },
        "rotation_quaternion": {
          "w": 0.773194432258606,
          "x": 0.5841180086135864,
          "y": 0.2290748655796051,
          "z": -0.09220150858163834
        },
        "matrix": [
          [
            0.8780476450920105,
            0.4101928472518921,
            0.24652405083179474,
            0.0036351941525936127
          ],
          [
            0.12503179907798767,
            0.3006111979484558,
            -0.9455159306526184,
            -0.10789880156517029
          ],
          [
            -0.461954802274704,
            0.8610376119613647,
            0.21266432106494904,
            1.5897636413574219
          ],
          [
            0.0,
            0.0,
            0.0,
            1.0
          ]
        ]
      },
      "bone_length_armature_space": 0.15509104737916618,
      "parent": "neck_01",
      "has_children": false,
      "is_end_bone": true
    },
    "upperarm_l": {
      "name": "upperarm_l",
      "local": {
        "location": {
          "x": 0.0,
          "y": 0.0,
          "z": 0.0
        },
        "rotation_quaternion": {
          "w": 0.8465600609779358,
          "x": 0.5206334590911865,
          "y": 0.08087611198425293,
          "z": 0.07573646306991577
        },
        "scale": {
          "x": 1.0,
          "y": 1.0,
          "z": 1.0
        },
        "matrix_basis": [
          [
            0.9754461050033569,
            -0.04401731118559837,
            0.21579484641551971,
            0.0
          ],
          [
            0.21244454383850098,
            0.44640958309173584,
            -0.8692444562911987,
            0.0
          ],
          [
            -0.05807109922170639,
            0.8937455415725708,
            0.4447997212409973,
            0.0
          ],
          [
            0.0,
            0.0,
            0.0,
            1.0
          ]
        ],
        "rotation_mode": "QUATERNION"
      },
      "armature_space": {
        "head": {
          "x": 0.15588045120239258,
          "y": -0.13149350881576538,
          "z": 0.47473248839378357
        },
        "tail": {
          "x": 0.2825421690940857,
          "y": -0.3639066219329834,
          "z": 0.4329155683517456
        }
      },
      "world_space": {
        "head": {
          "x": 0.15588045120239258,
          "y": -0.06824950873851776,
          "z": 1.424586534500122
        },
        "tail": {
          "x": 0.2825421690940857,
          "y": -0.300662636756897,
          "z": 1.3827695846557617
        },
        "rotation_quaternion": {
          "w": 0.08570025861263275,
          "x": 0.7644810080528259,
          "y": 0.24289748072624207,
          "z": -0.5909526944160461
        },
        "matrix": [
          [
            0.18355070054531097,
            0.4726721942424774,
            -0.8619107007980347,
            0.15588045120239258
          ],
          [
            0.2700914740562439,
            -0.8673120141029358,
            -0.41811609268188477,
            -0.06824950873851776
          ],
          [
            -0.945183515548706,
            -0.15605111420154572,
            -0.28686273097991943,
            1.424586534500122
          ],
          [
            0.0,
            0.0,
            0.0,
            1.0
          ]
        ]
      },
      "bone_length_armature_space": 0.267969589520549,
      "parent": "spine_01",
      "has_children": true,
      "is_end_bone": false
    },
    "lowerarm_l": {
      "name": "lowerarm_l",
      "local": {
        "location": {
          "x": 0.0,
          "y": 0.0,
          "z": 0.0
        },
        "rotation_quaternion": {
          "w": 0.9970867037773132,
          "x": -0.0008721622289158404,
          "y": -0.061566755175590515,
          "z": 0.04502124339342117
        },
        "scale": {
          "x": 1.0,
          "y": 1.0,
          "z": 1.0
        },
        "matrix_basis": [
          [
            0.9883652329444885,
            -0.08967277407646179,
            -0.12285331636667252,
            0.0
          ],
          [
            0.08988755941390991,
            0.9959446787834167,
            -0.0038043810054659843,
            0.0
          ],
          [
            0.12269625067710876,
            -0.007282866630703211,
            0.992417573928833,
            0.0
          ],
          [
            0.0,
            0.0,
            0.0,
            1.0
          ]
        ],
        "rotation_mode": "QUATERNION"
      },
      "armature_space": {
        "head": {
          "x": 0.2825421392917633,
          "y": -0.36390674114227295,
          "z": 0.43291565775871277
        },
        "tail": {
          "x": 0.37714138627052307,
          "y": -0.6140104532241821,
          "z": 0.4246390759944916
        }
      },
      "world_space": {
        "head": {
          "x": 0.2825421392917633,
          "y": -0.3006627559661865,
          "z": 1.3827697038650513
        },
        "tail": {
          "x": 0.37714138627052307,
          "y": -0.5507664680480957,
          "z": 1.37449312210083
        },
        "rotation_quaternion": {
          "w": 0.11559252440929413,
          "x": 0.6974731683731079,
          "y": 0.1385553628206253,
          "z": -0.6935214996337891
        },
        "matrix": [
          [
            -0.000339314341545105,
            0.3536096513271332,
            -0.9353930354118347,
            0.2825421392917633
          ],
          [
            0.03294512256979942,
            -0.9348814487457275,
            -0.35342830419540405,
            -0.3006627559661865
          ],
          [
            -0.9994640350341797,
            -0.030937645584344864,
            -0.011332869529724121,
            1.3827697038650513
          ],
          [
            0.0,
            0.0,
            0.0,
            1.0
          ]
        ]
      },
      "bone_length_armature_space": 0.26752454550169175,
      "parent": "upperarm_l",
      "has_children": true,
      "is_end_bone": false
    },
    "metacarpal_thumb_l": {
      "name": "metacarpal_thumb_l",
      "local": {
        "location": {
          "x": 0.0,
          "y": 0.0,
          "z": 0.0
        },
        "rotation_quaternion": {
          "w": 0.9992376565933228,
          "x": 0.03704199194908142,
          "y": 0.0019789645448327065,
          "z": 0.012172667309641838
        },
        "scale": {
          "x": 1.0,
          "y": 1.0,
          "z": 1.0
        },
        "matrix_basis": [
          [
            0.9996958374977112,
            -0.02418016642332077,
            0.004856711253523827,
            0.0
          ],
          [
            0.024473384022712708,
            0.9969594478607178,
            -0.07397932559251785,
            0.0
          ],
          [
            -0.0030531121883541346,
            0.07407568395137787,
            0.9972479343414307,
            0.0
          ],
          [
            0.0,
            0.0,
            0.0,
            1.0
          ]
        ],
        "rotation_mode": "QUATERNION"
      },
      "armature_space": {
        "head": {
          "x": 0.37714138627052307,
          "y": -0.6140104532241821,
          "z": 0.4246390759944916
        },
        "tail": {
          "x": 0.36252036690711975,
          "y": -0.6592137217521667,
          "z": 0.41062188148498535
        }
      },
      "world_space": {
        "head": {
          "x": 0.37714138627052307,
          "y": -0.5507664680480957,
          "z": 1.37449312210083
        },
        "tail": {
          "x": 0.36252036690711975,
          "y": -0.5959697365760803,
          "z": 1.3604758977890015
        },
        "rotation_quaternion": {
          "w": 0.1475735902786255,
          "x": -0.9777176380157471,
          "y": 0.1481015831232071,
          "z": 0.01887262798845768
        },
        "matrix": [
          [
            0.9554195404052734,
            -0.2951733469963074,
            0.006807966157793999,
            0.37714138627052307
          ],
          [
            -0.28403306007385254,
            -0.9125760793685913,
            0.29416030645370483,
            -0.5507664680480957
          ],
          [
            -0.08061633259057999,
            -0.2829829454421997,
            -0.9557382464408875,
            1.37449312210083
          ],
          [
            0.0,
            0.0,
            0.0,
            1.0
          ]
        ]
      },
      "bone_length_armature_space": 0.04953374014378275,
      "parent": "lowerarm_l",
      "has_children": true,
      "is_end_bone": false
    },
    "thumb_01_l": {
      "name": "thumb_01_l",
      "local": {
        "location": {
          "x": 0.0,
          "y": 0.0,
          "z": 0.0
        },
        "rotation_quaternion": {
          "w": 0.984298586845398,
          "x": 0.1763690561056137,
          "y": 0.006929050199687481,
          "z": -0.0015324573032557964
        },
        "scale": {
          "x": 1.0,
          "y": 1.0,
          "z": 1.0
        },
        "matrix_basis": [
          [
            0.9998992681503296,
            0.005460930988192558,
            0.013099952600896358,
            0.0
          ],
          [
            -0.0005726510426029563,
            0.9377832412719727,
            -0.34722086787223816,
            0.0
          ],
          [
            -0.014181064441800117,
            0.3471783995628357,
            0.937691867351532,
            0.0
          ],
          [
            0.0,
            0.0,
            0.0,
            1.0
          ]
        ],
        "rotation_mode": "QUATERNION"
      },
      "armature_space": {
        "head": {
          "x": 0.36252036690711975,
          "y": -0.6592137217521667,
          "z": 0.41062188148498535
        },
        "tail": {
          "x": 0.3636500835418701,
          "y": -0.6744763255119324,
          "z": 0.38021770119667053
        }
      },
      "world_space": {
        "head": {
          "x": 0.36252036690711975,
          "y": -0.5959697365760803,
          "z": 1.3604758977890015
        },
        "tail": {
          "x": 0.3636500835418701,
          "y": -0.611232340335846,
          "z": 1.3300716876983643
        },
        "rotation_quaternion": {
          "w": 0.3343594968318939,
          "x": -0.5170637369155884,
          "y": 0.4049791395664215,
          "z": -0.6759000420570374
        },
        "matrix": [
          [
            -0.2416987270116806,
            0.033189088106155396,
            0.9697836637496948,
            0.36252036690711975
          ],
          [
            -0.8707869648933411,
            -0.4483919143676758,
            -0.20168045163154602,
            -0.5959697365760803
          ],
          [
            0.42815157771110535,
            -0.8932274580001831,
            0.13727708160877228,
            1.3604758977890015
          ],
          [
            0.0,
            0.0,
            0.0,
            1.0
          ]
        ]
      },
      "bone_length_armature_space": 0.03403876513040441,
      "parent": "metacarpal_thumb_l",
      "has_children": true,
      "is_end_bone": false
    },
    "thumb_02_l": {
      "name": "thumb_02_l",
      "local": {
        "location": {
          "x": 0.0,
          "y": 0.0,
          "z": 0.0
        },
        "rotation_quaternion": {
          "w": 0.9404303431510925,
          "x": 0.33995354175567627,
          "y": 0.004212664905935526,
          "z": 0.0021521016024053097
        },
        "scale": {
          "x": 1.0,
          "y": 1.0,
          "z": 1.0
        },
        "matrix_basis": [
          [
            0.9999552369117737,
            -0.001183582586236298,
            0.009386665187776089,
            0.0
          ],
          [
            0.006912024226039648,
            0.7688539028167725,
            -0.6393871307373047,
            0.0
          ],
          [
            -0.006460206583142281,
            0.6394233703613281,
            0.7688276767730713,
            0.0
          ],
          [
            0.0,
            0.0,
            0.0,
            1.0
          ]
        ],
        "rotation_mode": "QUATERNION"
      },
      "armature_space": {
        "head": {
          "x": 0.36365002393722534,
          "y": -0.6744763255119324,
          "z": 0.38021770119667053
        },
        "tail": {
          "x": 0.38552314043045044,
          "y": -0.7002246975898743,
          "z": 0.4019380211830139
        }
      },
      "world_space": {
        "head": {
          "x": 0.36365002393722534,
          "y": -0.611232340335846,
          "z": 1.3300716876983643
        },
        "tail": {
          "x": 0.38552314043045044,
          "y": -0.6369807124137878,
          "z": 1.3517920970916748
        },
        "rotation_quaternion": {
          "w": 0.2773006558418274,
          "x": -0.0681239664554596,
          "y": -0.32026025652885437,
          "z": -0.9032700657844543
        },
        "matrix": [
          [
            -0.8369268178939819,
            0.5445898771286011,
            -0.05454927682876587,
            0.36365002393722534
          ],
          [
            -0.4573208689689636,
            -0.6410747766494751,
            0.6163448691368103,
            -0.611232340335846
          ],
          [
            0.3006865680217743,
            0.540785014629364,
            0.7855908274650574,
            1.3300716876983643
          ],
          [
            0.0,
            0.0,
            0.0,
            1.0
          ]
        ]
      },
      "bone_length_armature_space": 0.04016446437467222,
      "parent": "thumb_01_l",
      "has_children": true,
      "is_end_bone": false
    },
    "thumb_03_l": {
      "name": "thumb_03_l",
      "local": {
        "location": {
          "x": 0.0,
          "y": 0.0,
          "z": 0.0
        },
        "rotation_quaternion": {
          "w": 0.9854573011398315,
          "x": 0.16978402435779572,
          "y": -0.003647448495030403,
          "z": 0.005832517519593239
        },
        "scale": {
          "x": 1.0,
          "y": 1.0,
          "z": 1.0
        },
        "matrix_basis": [
          [
            0.9999053478240967,
            -0.012733951210975647,
            -0.005208272952586412,
            0.0
          ],
          [
            0.010256837122142315,
            0.9422787427902222,
            -0.33467236161231995,
            0.0
          ],
          [
            0.00916934572160244,
            0.3345872759819031,
            0.9423201680183411,
            0.0
          ],
          [
            0.0,
            0.0,
            0.0,
            1.0
          ]
        ],
        "rotation_mode": "QUATERNION"
      },
      "armature_space": {
        "head": {
          "x": 0.38552308082580566,
          "y": -0.700224757194519,
          "z": 0.40193793177604675
        },
        "tail": {
          "x": 0.39917445182800293,
          "y": -0.7053562998771667,
          "z": 0.42866259813308716
        }
      },
      "world_space": {
        "head": {
          "x": 0.38552308082580566,
          "y": -0.6369807720184326,
          "z": 1.3517919778823853
        },
        "tail": {
          "x": 0.39917445182800293,
          "y": -0.6421123147010803,
          "z": 1.378516674041748
        },
        "rotation_quaternion": {
          "w": 0.41224074363708496,
          "x": 0.16785994172096252,
          "y": -0.4957626163959503,
          "z": -0.7457212209701538
        },
        "matrix": [
          [
            -0.6037596464157104,
            0.44839632511138916,
            -0.6591019034385681,
            0.38552308082580566
          ],
          [
            -0.7812720537185669,
            -0.16855275630950928,
            0.6010027527809143,
            -0.6369807720184326
          ],
          [
            0.15839418768882751,
            0.8778047561645508,
            0.45208853483200073,
            1.3517919778823853
          ],
          [
            0.0,
            0.0,
            0.0,
            1.0
          ]
        ]
      },
      "bone_length_armature_space": 0.030445039488831645,
      "parent": "thumb_02_l",
      "has_children": false,
      "is_end_bone": true
    },
    "metacarpal_index_l": {
      "name": "metacarpal_index_l",
      "local": {
        "location": {
          "x": 0.0,
          "y": 0.0,
          "z": 0.0
        },
        "rotation_quaternion": {
          "w": 0.9983850717544556,
          "x": -0.05417286604642868,
          "y": -0.013593411073088646,
          "z": 0.010391171090304852
        },
        "scale": {
          "x": 1.0,
          "y": 1.0,
          "z": 1.0
        },
        "matrix_basis": [
          [
            0.9994145035743713,
            -0.01927599124610424,
            -0.028268756344914436,
            0.0
          ],
          [
            0.02222156897187233,
            0.9939146637916565,
            0.10788825899362564,
            0.0
          ],
          [
            0.0260170791298151,
            -0.10845326632261276,
            0.9937610626220703,
            0.0
          ],
          [
            0.0,
            0.0,
            0.0,
            1.0
          ]
        ],
        "rotation_mode": "QUATERNION"
      },
      "armature_space": {
        "head": {
          "x": 0.37714138627052307,
          "y": -0.6140104532241821,
          "z": 0.4246390759944916
        },
        "tail": {
          "x": 0.3886847496032715,
          "y": -0.7305968999862671,
          "z": 0.4265289604663849
        }
      },
      "world_space": {
        "head": {
          "x": 0.37714138627052307,
          "y": -0.5507664680480957,
          "z": 1.37449312210083
        },
        "tail": {
          "x": 0.3886847496032715,
          "y": -0.6673529148101807,
          "z": 1.3763829469680786
        },
        "rotation_quaternion": {
          "w": 0.023355981335043907,
          "x": 0.9467868208885193,
          "y": 0.044183045625686646,
          "z": -0.31795766949653625
        },
        "matrix": [
          [
            0.7939015626907349,
            0.09851649403572083,
            -0.6000124216079712,
            0.37714138627052307
          ],
          [
            0.06881138682365417,
            -0.9950048327445984,
            -0.07232357561588287,
            -0.5507664680480957
          ],
          [
            -0.6041443943977356,
            0.01612929254770279,
            -0.7967205047607422,
            1.37449312210083
          ],
          [
            0.0,
            0.0,
            0.0,
            1.0
          ]
        ]
      },
      "bone_length_armature_space": 0.11717175666216874,
      "parent": "lowerarm_l",
      "has_children": true,
      "is_end_bone": false
    },
    "index_01_l": {
      "name": "index_01_l",
      "local": {
        "location": {
          "x": 0.0,
          "y": 0.0,
          "z": 0.0
        },
        "rotation_quaternion": {
          "w": 0.9654630422592163,
          "x": 0.26004457473754883,
          "y": -0.008067465387284756,
          "z": 0.013887557201087475
        },
        "scale": {
          "x": 1.0,
          "y": 1.0,
          "z": 1.0
        },
        "matrix_basis": [
          [
            0.999484121799469,
            -0.03101164847612381,
            -0.0083549115806818,
            0.0
          ],
          [
            0.02262004464864731,
            0.8643679022789001,
            -0.502350926399231,
            0.0
          ],
          [
            0.022800447419285774,
            0.5019027590751648,
            0.864623486995697,
            0.0
          ],
          [
            0.0,
            0.0,
            0.0,
            1.0
          ]
        ],
        "rotation_mode": "QUATERNION"
      },
      "armature_space": {
        "head": {
          "x": 0.3886847496032715,
          "y": -0.7305968999862671,
          "z": 0.4265289604663849
        },
        "tail": {
          "x": 0.3913081884384155,
          "y": -0.7556300163269043,
          "z": 0.41312992572784424
        }
      },
      "world_space": {
        "head": {
          "x": 0.3886847496032715,
          "y": -0.6673529148101807,
          "z": 1.3763829469680786
        },
        "tail": {
          "x": 0.3913081884384155,
          "y": -0.6923860311508179,
          "z": 1.3629839420318604
        },
        "rotation_quaternion": {
          "w": 0.2083127349615097,
          "x": -0.9018797278404236,
          "y": -0.13285428285598755,
          "z": 0.354356586933136
        },
        "matrix": [
          [
            0.7135624885559082,
            0.0920042097568512,
            -0.6945242881774902,
            0.3886847496032715
          ],
          [
            0.3872712552547455,
            -0.8779116868972778,
            0.28158921003341675,
            -0.6673529148101807
          ],
          [
            -0.5838272571563721,
            -0.46990472078323364,
            -0.6620796322822571,
            1.3763829469680786
          ],
          [
            0.0,
            0.0,
            0.0,
            1.0
          ]
        ]
      },
      "bone_length_armature_space": 0.028514443612935588,
      "parent": "metacarpal_index_l",
      "has_children": true,
      "is_end_bone": false
    },
    "index_02_l": {
      "name": "index_02_l",
      "local": {
        "location": {
          "x": 0.0,
          "y": 0.0,
          "z": 0.0
        },
        "rotation_quaternion": {
          "w": 0.9191785454750061,
          "x": 0.3937899172306061,
          "y": 0.003333732485771179,
          "z": 0.005415911320596933
        },
        "scale": {
          "x": 1.0,
          "y": 1.0,
          "z": 1.0
        },
        "matrix_basis": [
          [
            0.9999191164970398,
            -0.007330798543989658,
            0.010394053533673286,
            0.0
          ],
          [
            0.012581959366798401,
            0.6898003220558167,
            -0.7238903641700745,
            0.0
          ],
          [
            -0.001863128156401217,
            0.7239626049995422,
            0.6898368000984192,
            0.0
          ],
          [
            0.0,
            0.0,
            0.0,
            1.0
          ]
        ],
        "rotation_mode": "QUATERNION"
      },
      "armature_space": {
        "head": {
          "x": 0.39130786061286926,
          "y": -0.755630373954773,
          "z": 0.41312968730926514
        },
        "tail": {
          "x": 0.37996673583984375,
          "y": -0.7670356035232544,
          "z": 0.39314478635787964
        }
      },
      "world_space": {
        "head": {
          "x": 0.39130786061286926,
          "y": -0.6923863887786865,
          "z": 1.3629837036132812
        },
        "tail": {
          "x": 0.37996673583984375,
          "y": -0.703791618347168,
          "z": 1.342998743057251
        },
        "rotation_quaternion": {
          "w": 0.5269186496734619,
          "x": -0.7453331351280212,
          "y": 0.007867995649576187,
          "z": 0.40837904810905457
        },
        "matrix": [
          [
            0.6663307547569275,
            -0.442092627286911,
            -0.6004645824432373,
            0.39130786061286926
          ],
          [
            0.4186345338821411,
            -0.4445915222167969,
            0.7918863296508789,
            -0.6923863887786865
          ],
          [
            -0.6170523762702942,
            -0.7790390253067017,
            -0.11116993427276611,
            1.3629837036132812
          ],
          [
            0.0,
            0.0,
            0.0,
            1.0
          ]
        ]
      },
      "bone_length_armature_space": 0.025653394106724264,
      "parent": "index_01_l",
      "has_children": true,
      "is_end_bone": false
    },
    "index_03_l": {
      "name": "index_03_l",
      "local": {
        "location": {
          "x": 0.0,
          "y": 0.0,
          "z": 0.0
        },
        "rotation_quaternion": {
          "w": 0.9684154987335205,
          "x": 0.2493053376674652,
          "y": 0.001778136589564383,
          "z": 0.003898781258612871
        },
        "scale": {
          "x": 1.0,
          "y": 1.0,
          "z": 1.0
        },
        "matrix_basis": [
          [
            0.9999632835388184,
            -0.006664682645350695,
            0.005387924145907164,
            0.0
          ],
          [
            0.00843787845224142,
            0.8756632804870605,
            -0.4828484356403351,
            0.0
          ],
          [
            -0.0014999761478975415,
            0.482876181602478,
            0.8756873607635498,
            0.0
          ],
          [
            0.0,
            0.0,
            0.0,
            1.0
          ]
        ],
        "rotation_mode": "QUATERNION"
      },
      "armature_space": {
        "head": {
          "x": 0.3799668252468109,
          "y": -0.767035722732544,
          "z": 0.3931448459625244
        },
        "tail": {
          "x": 0.3615993559360504,
          "y": -0.7635549306869507,
          "z": 0.37068912386894226
        }
      },
      "world_space": {
        "head": {
          "x": 0.3799668252468109,
          "y": -0.7037917375564575,
          "z": 1.3429988622665405
        },
        "tail": {
          "x": 0.3615993559360504,
          "y": -0.7003109455108643,
          "z": 1.3205431699752808
        },
        "rotation_quaternion": {
          "w": 0.7406109571456909,
          "x": -0.5676696300506592,
          "y": 0.10516851395368576,
          "z": 0.3437824249267578
        },
        "matrix": [
          [
            0.7415053844451904,
            -0.628620445728302,
            -0.23453418910503387,
            0.3799668252468109
          ],
          [
            0.38981887698173523,
            0.11912903189659119,
            0.9131538271903992,
            -0.7037917375564575
          ],
          [
            -0.5460907816886902,
            -0.7685396075248718,
            0.3333859145641327,
            1.3429988622665405
          ],
          [
            0.0,
            0.0,
            0.0,
            1.0
          ]
        ]
      },
      "bone_length_armature_space": 0.029218816890698156,
      "parent": "index_02_l",
      "has_children": false,
      "is_end_bone": true
    },
    "metacarpal_pinky_l": {
      "name": "metacarpal_pinky_l",
      "local": {
        "location": {
          "x": 0.0,
          "y": 0.0,
          "z": 0.0
        },
        "rotation_quaternion": {
          "w": 0.9993385076522827,
          "x": -0.03334178403019905,
          "y": -0.005214017815887928,
          "z": 0.013553476892411709
        },
        "scale": {
          "x": 1.0,
          "y": 1.0,
          "z": 1.0
        },
        "matrix_basis": [
          [
            0.9995782375335693,
            -0.026741333305835724,
            -0.011324931867420673,
            0.0
          ],
          [
            0.027436712756752968,
            0.9974092841148376,
            0.06649812310934067,
            0.0
          ],
          [
            0.00951734371483326,
            -0.06678079068660736,
            0.9977222681045532,
            0.0
          ],
          [
            0.0,
            0.0,
            0.0,
            1.0
          ]
        ],
        "rotation_mode": "QUATERNION"
      },
      "armature_space": {
        "head": {
          "x": 0.37714138627052307,
          "y": -0.6140104532241821,
          "z": 0.4246390759944916
        },
        "tail": {
          "x": 0.44517964124679565,
          "y": -0.6923109889030457,
          "z": 0.4155263304710388
        }
      },
      "world_space": {
        "head": {
          "x": 0.37714138627052307,
          "y": -0.5507664680480957,
          "z": 1.37449312210083
        },
        "tail": {
          "x": 0.44517964124679565,
          "y": -0.6290670037269592,
          "z": 1.3653802871704102
        },
        "rotation_quaternion": {
          "w": 0.34044286608695984,
          "x": 0.11734788864850998,
          "y": 0.09014687687158585,
          "z": -0.9285481572151184
        },
        "matrix": [
          [
            -0.740656316280365,
            0.6533924341201782,
            -0.15654593706130981,
            0.37714138627052307
          ],
          [
            -0.6110785007476807,
            -0.7519442439079285,
            -0.24731187522411346,
            -0.5507664680480957
          ],
          [
            -0.27930790185928345,
            -0.0875125303864479,
            0.9562126398086548,
            1.37449312210083
          ],
          [
            0.0,
            0.0,
            0.0,
            1.0
          ]
        ]
      },
      "bone_length_armature_space": 0.10413078311546028,
      "parent": "lowerarm_l",
      "has_children": true,
      "is_end_bone": false
    },
    "pinky_01_l": {
      "name": "pinky_01_l",
      "local": {
        "location": {
          "x": 0.0,
          "y": 0.0,
          "z": 0.0
        },
        "rotation_quaternion": {
          "w": 0.9419510364532471,
          "x": 0.3349670171737671,
          "y": 0.019407160580158234,
          "z": -0.012194842100143433
        },
        "scale": {
          "x": 1.0,
          "y": 1.0,
          "z": 1.0
        },
        "matrix_basis": [
          [
            0.9989492893218994,
            0.03597540408372879,
            0.02839145064353943,
            0.0
          ],
          [
            -0.00997237116098404,
            0.7752967476844788,
            -0.6315183639526367,
            0.0
          ],
          [
            -0.044730931520462036,
            0.630571722984314,
            0.7748408913612366,
            0.0
          ],
          [
            0.0,
            0.0,
            0.0,
            1.0
          ]
        ],
        "rotation_mode": "QUATERNION"
      },
      "armature_space": {
        "head": {
          "x": 0.44517964124679565,
          "y": -0.6923109889030457,
          "z": 0.4155263304710388
        },
        "tail": {
