{
  "metadata": {
    "armature_name": "KIM_caucasian_male",
    "export_time": "2026-01-13T19:11:38.198708",
    "blender_version": "4.4.1",
    "bone_count": 56,
    "end_bone_count": 13,
    "spaces_included": [
      "LOCAL_CHANNELS",
      "ARMATURE_SPACE",
      "WORLD_SPACE"
    ],
    "note": "LOCAL matches Transform panel; replay pose via local.matrix_basis for best fidelity."
  },
  "bones": {
    "Root": {
      "name": "Root",
      "local": {
        "location": {
          "x": 0.0,
          "y": 0.0,
          "z": 0.0
        },
        "rotation_quaternion": {
          "w": 0.9997316598892212,
          "x": -0.01577906869351864,
          "y": 0.008741163648664951,
          "z": -0.01453553419560194
        },
        "scale": {
          "x": 1.0,
          "y": 1.0,
          "z": 1.0
        },
        "matrix_basis": [
          [
            0.9994246363639832,
            0.028787411749362946,
            0.017936350777745247,
            0.0
          ],
          [
            -0.029339121654629707,
            0.9990794658660889,
            0.03129555284976959,
            0.0
          ],
          [
            -0.017018921673297882,
            -0.031803783029317856,
            0.9993492364883423,
            0.0
          ],
          [
            0.0,
            0.0,
            0.0,
            1.0
          ]
        ],
        "rotation_mode": "QUATERNION"
      },
      "armature_space": {
        "head": {
          "x": 0.0,
          "y": 0.07072800397872925,
          "z": -0.009595036506652832
        },
        "tail": {
          "x": 0.0020547264721244574,
          "y": 0.0003702715039253235,
          "z": 0.002240600995719433
        }
      },
      "world_space": {
        "head": {
          "x": 0.0,
          "y": 0.13397200405597687,
          "z": 0.9402589797973633
        },
        "tail": {
          "x": 0.0020547264721244574,
          "y": 0.06361427158117294,
          "z": 0.9520946145057678
        },
        "rotation_quaternion": {
          "w": 0.08309280127286911,
          "x": 0.9963974952697754,
          "y": 0.015091384761035442,
          "z": 0.007742076180875301
        },
        "matrix": [
          [
            0.9994246363639832,
            0.028787411749362946,
            0.017936350777745247,
            0.0
          ],
          [
            0.03136066347360611,
            -0.9857355952262878,
            -0.1653537005186081,
            0.13397200405597687
          ],
          [
            0.012920515611767769,
            0.16582126915454865,
            -0.9860782623291016,
            0.9402589797973633
          ],
          [
            0.0,
            0.0,
            0.0,
            1.0
          ]
        ]
      },
      "bone_length_armature_space": 0.07137586890702306,
      "parent": null,
      "has_children": true,
      "is_end_bone": false
    },
    "spine_01": {
      "name": "spine_01",
      "local": {
        "location": {
          "x": 0.0,
          "y": 0.0,
          "z": 0.0
        },
        "rotation_quaternion": {
          "w": 0.9984634518623352,
          "x": 0.03590698540210724,
          "y": -0.025141699239611626,
          "z": -0.03390214219689369
        },
        "scale": {
          "x": 1.0,
          "y": 1.0,
          "z": 1.0
        },
        "matrix_basis": [
          [
            0.9964370727539062,
            0.06589457392692566,
            -0.05264078453183174,
            0.0
          ],
          [
            -0.06950562447309494,
            0.9951226711273193,
            -0.06999891251325607,
            0.0
          ],
          [
            0.04777148738503456,
            0.073408342897892,
            0.996157169342041,
            0.0
          ],
          [
            0.0,
            0.0,
            0.0,
            1.0
          ]
        ],
        "rotation_mode": "QUATERNION"
      },
      "armature_space": {
        "head": {
          "x": 0.0020547264721244574,
          "y": 0.0003702715039253235,
          "z": 0.002240600995719433
        },
        "tail": {
          "x": 0.02782992646098137,
          "y": 0.00355992722325027,
          "z": 0.48955363035202026
        }
      },
      "world_space": {
        "head": {
          "x": 0.0020547264721244574,
          "y": 0.06361427158117294,
          "z": 0.9520946145057678
        },
        "tail": {
          "x": 0.02782992646098137,
          "y": 0.06680392473936081,
          "z": 1.4394075870513916
        },
        "rotation_quaternion": {
          "w": 0.7093281149864197,
          "x": 0.7043018341064453,
          "y": 0.011019250378012657,
          "z": -0.02628978341817856
        },
        "matrix": [
          [
            0.9983748197555542,
            0.052817899733781815,
            -0.021399712190032005,
            0.0020547264721244574
          ],
          [
            -0.021774794906377792,
            0.00653616338968277,
            -0.9997415542602539,
            0.06361427158117294
          ],
          [
            -0.05266476795077324,
            0.9985897541046143,
            0.007674761116504669,
            0.9520946145057678
          ],
          [
            0.0,
            0.0,
            0.0,
            1.0
          ]
        ]
      },
      "bone_length_armature_space": 0.4880046406894782,
      "parent": "Root",
      "has_children": true,
      "is_end_bone": false
    },
    "neck_01": {
      "name": "neck_01",
      "local": {
        "location": {
          "x": 0.0,
          "y": 0.0,
          "z": 0.0
        },
        "rotation_quaternion": {
          "w": 0.9895267486572266,
          "x": -0.039349187165498734,
          "y": -0.053950823843479156,
          "z": 0.1279764622449875
        },
        "scale": {
          "x": 1.0,
          "y": 1.0,
          "z": 1.0
        },
        "matrix_basis": [
          [
            0.9614226818084717,
            -0.24902641773223877,
            -0.11684310436248779,
            0.0
          ],
          [
            0.25751811265945435,
            0.9641473293304443,
            0.06406527757644653,
            0.0
          ],
          [
            0.0967000275850296,
            -0.09168301522731781,
            0.9910818934440613,
            0.0
          ],
          [
            0.0,
            0.0,
            0.0,
            1.0
          ]
        ],
        "rotation_mode": "QUATERNION"
      },
      "armature_space": {
        "head": {
          "x": 0.03095502033829689,
          "y": -0.03063298389315605,
          "z": 0.5629350543022156
        },
        "tail": {
          "x": 0.00988464243710041,
          "y": -0.05826453119516373,
          "z": 0.6593886017799377
        }
      },
      "world_space": {
        "head": {
          "x": 0.03095502033829689,
          "y": 0.03261101618409157,
          "z": 1.512789011001587
        },
        "tail": {
          "x": 0.00988464243710041,
          "y": 0.004979468882083893,
          "z": 1.6092426776885986
        },
        "rotation_quaternion": {
          "w": 0.5902287364006042,
          "x": 0.7967175245285034,
          "y": -0.1298835724592209,
          "z": -0.0012193545699119568
        },
        "matrix": [
          [
            0.9662573933601379,
            -0.20552188158035278,
            -0.15526601672172546,
            0.03095502033829689
          ],
          [
            -0.20840142667293549,
            -0.26951998472213745,
            -0.9401744604110718,
            0.03261101618409157
          ],
          [
            0.15137995779514313,
            0.9408143162727356,
            -0.3032597005367279,
            1.512789011001587
          ],
          [
            0.0,
            0.0,
            0.0,
            1.0
          ]
        ]
      },
      "bone_length_armature_space": 0.1025219482944365,
      "parent": "spine_01",
      "has_children": true,
      "is_end_bone": false
    },
    "head": {
      "name": "head",
      "local": {
        "location": {
          "x": 0.0,
          "y": 0.0,
          "z": 0.0
        },
        "rotation_quaternion": {
          "w": 0.9476796388626099,
          "x": -0.1928732842206955,
          "y": -0.08564776927232742,
          "z": 0.23951588571071625
        },
        "scale": {
          "x": 1.0,
          "y": 1.0,
          "z": 1.0
        },
        "matrix_basis": [
          [
            0.8705931901931763,
            -0.42093032598495483,
            -0.25472572445869446,
            0.0
          ],
          [
            0.4870069921016693,
            0.8108640909194946,
            0.32453617453575134,
            0.0
          ],
          [
            0.06994086503982544,
            -0.40659216046333313,
            0.9109287261962891,
            0.0
          ],
          [
            0.0,
            0.0,
            0.0,
            1.0
          ]
        ],
        "rotation_mode": "QUATERNION"
      },
      "armature_space": {
        "head": {
          "x": 0.009884633123874664,
          "y": -0.058264657855033875,
          "z": 0.6593884825706482
        },
        "tail": {
          "x": -0.05626446008682251,
          "y": 0.028064914047718048,
          "z": 0.769953727722168
        }
      },
      "world_space": {
        "head": {
          "x": 0.009884633123874664,
          "y": 0.004979342222213745,
          "z": 1.6092424392700195
        },
        "tail": {
          "x": -0.05626446008682251,
          "y": 0.09130891412496567,
          "z": 1.719807744026184
        },
        "rotation_quaternion": {
          "w": 0.8137387633323669,
          "x": 0.4660544991493225,
          "y": -0.3408064544200897,
          "z": 0.06688376516103745
        },
        "matrix": [
          [
            0.7587561011314392,
            -0.42652010917663574,
            -0.492311030626297,
            0.009884633123874664
          ],
          [
            -0.20881512761116028,
            0.5566409826278687,
            -0.8040816783905029,
            0.004979342222213745
          ],
          [
            0.6170014142990112,
            0.7129092216491699,
            0.33329248428344727,
            1.6092424392700195
          ],
          [
            0.0,
            0.0,
            0.0,
            1.0
          ]
        ]
      },
      "bone_length_armature_space": 0.15509084696198197,
      "parent": "neck_01",
      "has_children": false,
      "is_end_bone": true
    },
    "upperarm_l": {
      "name": "upperarm_l",
      "local": {
        "location": {
          "x": 0.0,
          "y": 0.0,
          "z": 0.0
        },
        "rotation_quaternion": {
          "w": 0.8958238363265991,
          "x": 0.24903744459152222,
          "y": 0.3507709503173828,
          "z": -0.11153349280357361
        },
        "scale": {
          "x": 1.0,
          "y": 1.0,
          "z": 1.0
        },
        "matrix_basis": [
          [
            0.7290400266647339,
            0.37453892827033997,
            0.5729058980941772,
            0.0
          ],
          [
            -0.025118520483374596,
            0.8510812520980835,
            -0.5244327783584595,
            0.0
          ],
          [
            -0.6840099692344666,
            0.3679419457912445,
            0.6298801898956299,
            0.0
          ],
          [
            0.0,
            0.0,
            0.0,
            1.0
          ]
        ],
        "rotation_mode": "QUATERNION"
      },
      "armature_space": {
        "head": {
          "x": 0.17709322273731232,
          "y": -0.03752678632736206,
          "z": 0.4879467785358429
        },
        "tail": {
          "x": 0.39850813150405884,
          "y": -0.13036635518074036,
          "z": 0.36893385648727417
        }
      },
      "world_space": {
        "head": {
          "x": 0.17709322273731232,
          "y": 0.02571721374988556,
          "z": 1.4378007650375366
        },
        "tail": {
          "x": 0.39850813150405884,
          "y": -0.06712235510349274,
          "z": 1.3187878131866455
        },
        "rotation_quaternion": {
          "w": 0.0687079131603241,
          "x": 0.6707873940467834,
          "y": 0.5674942135810852,
          "z": -0.4725186824798584
        },
        "matrix": [
          [
            -0.09064942598342896,
            0.826269268989563,
            -0.5559330582618713,
            0.17709322273731232
          ],
          [
            0.696403443813324,
            -0.346455842256546,
            -0.6284829378128052,
            0.02571721374988556
          ],
          [
            -0.7119066715240479,
            -0.44412878155708313,
            -0.544015109539032,
            1.4378007650375366
          ],
          [
            0.0,
            0.0,
            0.0,
            1.0
          ]
        ]
      },
      "bone_length_armature_space": 0.26796981933647307,
      "parent": "spine_01",
      "has_children": true,
      "is_end_bone": false
    },
    "lowerarm_l": {
      "name": "lowerarm_l",
      "local": {
        "location": {
          "x": 0.0,
          "y": 0.0,
          "z": 0.0
        },
        "rotation_quaternion": {
          "w": 0.9492010474205017,
          "x": 0.20481246709823608,
          "y": -0.027339529246091843,
          "z": 0.23732247948646545
        },
        "scale": {
          "x": 1.0,
          "y": 1.0,
          "z": 1.0
        },
        "matrix_basis": [
          [
            0.8858611583709717,
            -0.4617324471473694,
            0.045311786234378815,
            0.0
          ],
          [
            0.43933454155921936,
            0.8034597635269165,
            -0.401792973279953,
            0.0
          ],
          [
            0.14911462366580963,
            0.37583985924720764,
            0.9146088361740112,
            0.0
          ],
          [
            0.0,
            0.0,
            0.0,
            1.0
          ]
        ],
        "rotation_mode": "QUATERNION"
      },
      "armature_space": {
        "head": {
          "x": 0.3985081911087036,
          "y": -0.1303665041923523,
          "z": 0.36893385648727417
        },
        "tail": {
          "x": 0.5134544372558594,
          "y": -0.36921995878219604,
          "z": 0.33279848098754883
        }
      },
      "world_space": {
        "head": {
          "x": 0.3985081911087036,
          "y": -0.06712250411510468,
          "z": 1.3187878131866455
        },
        "tail": {
          "x": 0.5134544372558594,
          "y": -0.3059759736061096,
          "z": 1.282652497291565
        },
        "rotation_quaternion": {
          "w": 0.08851100504398346,
          "x": 0.7459864616394043,
          "y": 0.21389560401439667,
          "z": -0.6244346499443054
        },
        "matrix": [
          [
            0.12865963578224182,
            0.4296663701534271,
            -0.8937747478485107,
            0.3985081911087036
          ],
          [
            0.20858773589134216,
            -0.8928284049034119,
            -0.39918529987335205,
            -0.06712250411510468
          ],
          [
            -0.9695104360580444,
            -0.1350731998682022,
            -0.20449593663215637,
            1.3187878131866455
          ],
          [
            0.0,
            0.0,
            0.0,
            1.0
          ]
        ]
      },
      "bone_length_armature_space": 0.26752453788643477,
      "parent": "upperarm_l",
      "has_children": true,
      "is_end_bone": false
    },
    "metacarpal_thumb_l": {
      "name": "metacarpal_thumb_l",
      "local": {
        "location": {
          "x": 0.0,
          "y": 0.0,
          "z": 0.0
        },
        "rotation_quaternion": {
          "w": 0.9995640516281128,
          "x": 0.028068888932466507,
          "y": 0.00015699256618972868,
          "z": 0.009156758897006512
        },
        "scale": {
          "x": 1.0,
          "y": 1.0,
          "z": 1.0
        },
        "matrix_basis": [
          [
            0.999832272529602,
            -0.01829672046005726,
            0.0008278883760794997,
            0.0
          ],
          [
            0.01831434667110443,
            0.9982565641403198,
            -0.056110430508852005,
            0.0
          ],
          [
            0.00020019184739794582,
            0.05611617863178253,
            0.998424232006073,
            0.0
          ],
          [
            0.0,
            0.0,
            0.0,
            1.0
          ]
        ],
        "rotation_mode": "QUATERNION"
      },
      "armature_space": {
        "head": {
          "x": 0.5134544372558594,
          "y": -0.36921995878219604,
          "z": 0.33279848098754883
        },
        "tail": {
          "x": 0.5047376155853271,
          "y": -0.4124715328216553,
          "z": 0.3102837800979614
        }
      },
      "world_space": {
        "head": {
          "x": 0.5134544372558594,
          "y": -0.3059759736061096,
          "z": 1.282652497291565
        },
        "tail": {
          "x": 0.5047376155853271,
          "y": -0.34922754764556885,
          "z": 1.2601377964019775
        },
        "rotation_quaternion": {
          "w": 0.23198524117469788,
          "x": -0.9673348069190979,
          "y": 0.09795575588941574,
          "z": -0.02917056903243065
        },
        "matrix": [
          [
            0.9791073203086853,
            -0.175977885723114,
            0.10188427567481995,
            0.5134544372558594
          ],
          [
            -0.20304642617702484,
            -0.8731752038002014,
            0.4430994391441345,
            -0.3059759736061096
          ],
          [
            0.010987050831317902,
            -0.4545331299304962,
            -0.8906697630882263,
            1.282652497291565
          ],
          [
            0.0,
            0.0,
            0.0,
            1.0
          ]
        ]
      },
      "bone_length_armature_space": 0.04953376019411633,
      "parent": "lowerarm_l",
      "has_children": true,
      "is_end_bone": false
    },
    "thumb_01_l": {
      "name": "thumb_01_l",
      "local": {
        "location": {
          "x": 0.0,
          "y": 0.0,
          "z": 0.0
        },
        "rotation_quaternion": {
          "w": 0.9988791942596436,
          "x": -0.047189585864543915,
          "y": -0.0032924467232078314,
          "z": -0.0016315680695697665
        },
        "scale": {
          "x": 1.0,
          "y": 1.0,
          "z": 1.0
        },
        "matrix_basis": [
          [
            0.9999729990959167,
            0.0035702171735465527,
            -0.006423526909202337,
            0.0
          ],
          [
            -0.0029487404972314835,
            0.995540976524353,
            0.09428413212299347,
            0.0
          ],
          [
            0.00673149898648262,
            -0.09426264464855194,
            0.9955245852470398,
            0.0
          ],
          [
            0.0,
            0.0,
            0.0,
            1.0
          ]
        ],
        "rotation_mode": "QUATERNION"
      },
      "armature_space": {
        "head": {
          "x": 0.5047376155853271,
          "y": -0.4124715328216553,
          "z": 0.3102837800979614
        },
        "tail": {
          "x": 0.4962194263935089,
          "y": -0.41939881443977356,
          "z": 0.2780643403530121
        }
      },
      "world_space": {
        "head": {
          "x": 0.5047376155853271,
          "y": -0.34922754764556885,
          "z": 1.2601377964019775
        },
        "tail": {
          "x": 0.4962194263935089,
          "y": -0.35615479946136475,
          "z": 1.2279183864593506
        },
        "rotation_quaternion": {
          "w": 0.3175320327281952,
          "x": -0.548704981803894,
          "y": 0.5453591346740723,
          "z": -0.5483427047729492
        },
        "matrix": [
          [
            -0.19619350135326385,
            -0.2502509653568268,
            0.9480940699577332,
            0.5047376155853271
          ],
          [
            -0.9467151761054993,
            -0.20351259410381317,
            -0.249625563621521,
            -0.34922754764556885
          ],
          [
            0.255418986082077,
            -0.946556806564331,
            -0.19699016213417053,
            1.2601377964019775
          ],
          [
            0.0,
            0.0,
            0.0,
            1.0
          ]
        ]
      },
      "bone_length_armature_space": 0.03403878791701808,
      "parent": "metacarpal_thumb_l",
      "has_children": true,
      "is_end_bone": false
    },
    "thumb_02_l": {
      "name": "thumb_02_l",
      "local": {
        "location": {
          "x": 0.0,
          "y": 0.0,
          "z": 0.0
        },
        "rotation_quaternion": {
          "w": 0.9953063726425171,
          "x": 0.09672218561172485,
          "y": -0.0020600752905011177,
          "z": -0.0023986008018255234
        },
        "scale": {
          "x": 1.0,
          "y": 1.0,
          "z": 1.0
        },
        "matrix_basis": [
          [
            0.9999800324440002,
            0.004376175347715616,
            -0.004564807750284672,
            0.0
          ],
          [
            -0.005173195153474808,
            0.981278121471405,
            -0.19252653419971466,
            0.0
          ],
          [
            0.003636816283687949,
            0.1925462931394577,
            0.9812811613082886,
            0.0
          ],
          [
            0.0,
            0.0,
            0.0,
            1.0
          ]
        ],
        "rotation_mode": "QUATERNION"
      },
      "armature_space": {
        "head": {
          "x": 0.49621936678886414,
          "y": -0.41939878463745117,
          "z": 0.2780643403530121
        },
        "tail": {
          "x": 0.5132185220718384,
          "y": -0.4543091058731079,
          "z": 0.26779404282569885
        }
      },
      "world_space": {
        "head": {
          "x": 0.49621936678886414,
          "y": -0.35615479946136475,
          "z": 1.2279183864593506
        },
        "tail": {
          "x": 0.5132185220718384,
          "y": -0.3910651206970215,
          "z": 1.2176480293273926
        },
        "rotation_quaternion": {
          "w": 0.24513614177703857,
          "x": -0.24328561127185822,
          "y": 0.07290718704462051,
          "z": -0.935630738735199
        },
        "matrix": [
          [
            -0.7614403963088989,
            0.42323988676071167,
            0.4909953474998474,
            0.49621936678886414
          ],
          [
            -0.49418848752975464,
            -0.8691855072975159,
            -0.017150819301605225,
            -0.35615479946136475
          ],
          [
            0.41950955986976624,
            -0.25570622086524963,
            0.8709992170333862,
            1.2279183864593506
          ],
          [
            0.0,
            0.0,
            0.0,
            1.0
          ]
        ]
      },
      "bone_length_armature_space": 0.04016442316209209,
      "parent": "thumb_01_l",
      "has_children": true,
      "is_end_bone": false
    },
    "thumb_03_l": {
      "name": "thumb_03_l",
      "local": {
        "location": {
          "x": 0.0,
          "y": 0.0,
          "z": 0.0
        },
        "rotation_quaternion": {
          "w": 0.9976503252983093,
          "x": 0.06837033480405807,
          "y": -0.0029574627988040447,
          "z": 0.0032770067919045687
        },
        "scale": {
          "x": 1.0,
          "y": 1.0,
          "z": 1.0
        },
        "matrix_basis": [
          [
            0.9999610185623169,
            -0.0069430191069841385,
            -0.005452927201986313,
            0.0
          ],
          [
            0.006134208291769028,
            0.9906294941902161,
            -0.1364387571811676,
            0.0
          ],
          [
            0.0063491277396678925,
            0.1363999843597412,
            0.990633487701416,
            0.0
          ],
          [
            0.0,
            0.0,
            0.0,
            1.0
          ]
        ],
        "rotation_mode": "QUATERNION"
      },
      "armature_space": {
        "head": {
          "x": 0.5132184624671936,
          "y": -0.4543091058731079,
          "z": 0.26779401302337646
        },
        "tail": {
          "x": 0.5334817171096802,
          "y": -0.4769526422023773,
          "z": 0.26968109607696533
        }
      },
      "world_space": {
        "head": {
          "x": 0.5132184624671936,
          "y": -0.3910651206970215,
          "z": 1.2176480293273926
        },
        "tail": {
          "x": 0.5334817171096802,
          "y": -0.4137086272239685,
          "z": 1.2195351123809814
        },
        "rotation_quaternion": {
          "w": 0.3562736511230469,
          "x": -0.003480881452560425,
          "y": -0.03451945260167122,
          "z": -0.9337373375892639
        },
        "matrix": [
          [
            -0.7461138963699341,
            0.6655722856521606,
            -0.018096253275871277,
            0.5132184624671936
          ],
          [
            -0.6650916934013367,
            -0.7437548041343689,
            0.06694492697715759,
            -0.3910651206970215
          ],
          [
            0.031097043305635452,
            0.06198392063379288,
            0.9975994229316711,
            1.2176480293273926
          ],
          [
            0.0,
            0.0,
            0.0,
            1.0
          ]
        ]
      },
      "bone_length_armature_space": 0.03044487344494416,
      "parent": "thumb_02_l",
      "has_children": false,
      "is_end_bone": true
    },
    "metacarpal_index_l": {
      "name": "metacarpal_index_l",
      "local": {
        "location": {
          "x": 0.0,
          "y": 0.0,
          "z": 0.0
        },
        "rotation_quaternion": {
          "w": 0.9997294545173645,
          "x": -0.006789883133023977,
          "y": 0.020034989342093468,
          "z": 0.009680231101810932
        },
        "scale": {
          "x": 1.0,
          "y": 1.0,
          "z": 1.0
        },
        "matrix_basis": [
          [
            0.9990097880363464,
            -0.019627295434474945,
            0.039927683770656586,
            0.0
          ],
          [
            0.01908315345644951,
            0.9997203946113586,
            0.013963978737592697,
            0.0
          ],
          [
            -0.04019059240818024,
            -0.013188205659389496,
            0.9991049766540527,
            0.0
          ],
          [
            0.0,
            0.0,
            0.0,
            1.0
          ]
        ],
        "rotation_mode": "QUATERNION"
      },
      "armature_space": {
        "head": {
          "x": 0.5134544372558594,
          "y": -0.36921995878219604,
          "z": 0.33279848098754883
        },
        "tail": {
          "x": 0.5288698673248291,
          "y": -0.48248356580734253,
          "z": 0.30705052614212036
        }
      },
      "world_space": {
        "head": {
          "x": 0.5134544372558594,
          "y": -0.3059759736061096,
          "z": 1.282652497291565
        },
        "tail": {
          "x": 0.5288698673248291,
          "y": -0.4192395806312561,
          "z": 1.2569046020507812
        },
        "rotation_quaternion": {
          "w": 0.09349630773067474,
          "x": -0.967344343662262,
          "y": -0.08908175677061081,
          "z": 0.21810036897659302
        },
        "matrix": [
          [
            0.8889931440353394,
            0.13156245648860931,
            -0.43861398100852966,
            0.5134544372558594
          ],
          [
            0.21312877535820007,
            -0.9666460156440735,
            0.14202788472175598,
            -0.3059759736061096
          ],
          [
            -0.40530142188072205,
            -0.21974551677703857,
            -0.8873875141143799,
            1.282652497291565
          ],
          [
            0.0,
            0.0,
            0.0,
            1.0
          ]
        ]
      },
      "bone_length_armature_space": 0.11717182702817067,
      "parent": "lowerarm_l",
      "has_children": true,
      "is_end_bone": false
    },
    "index_01_l": {
      "name": "index_01_l",
      "local": {
        "location": {
          "x": 0.0,
          "y": 0.0,
          "z": 0.0
        },
        "rotation_quaternion": {
          "w": 0.9942588806152344,
          "x": -0.10533270239830017,
          "y": -0.017094653099775314,
          "z": 0.007884294725954533
        },
        "scale": {
          "x": 1.0,
          "y": 1.0,
          "z": 1.0
        },
        "matrix_basis": [
          [
            0.9992912411689758,
            -0.012076808139681816,
            -0.0356539711356163,
            0.0
          ],
          [
            0.01927931234240532,
            0.9776856899261475,
            0.209186390042305,
            0.0
          ],
          [
            0.03233207389712334,
            -0.2097255140542984,
            0.9772256016731262,
            0.0
          ],
          [
            0.0,
            0.0,
            0.0,
            1.0
          ]
        ],
        "rotation_mode": "QUATERNION"
      },
      "armature_space": {
        "head": {
          "x": 0.5288698673248291,
          "y": -0.48248356580734253,
          "z": 0.30705052614212036
        },
        "tail": {
          "x": 0.5443651080131531,
          "y": -0.5064119100570679,
          "z": 0.30641865730285645
        }
      },
      "world_space": {
        "head": {
          "x": 0.5288698673248291,
          "y": -0.4192395806312561,
          "z": 1.2569046020507812
        },
        "tail": {
          "x": 0.5443651080131531,
          "y": -0.44316792488098145,
          "z": 1.2562726736068726
        },
        "rotation_quaternion": {
          "w": 0.036675117909908295,
          "x": 0.9450532793998718,
          "y": 0.2811945974826813,
          "z": -0.1626623570919037
        },
        "matrix": [
          [
            0.7889410257339478,
            0.5434190034866333,
            -0.2868233323097229,
            0.5288698673248291
          ],
          [
            0.51955646276474,
            -0.8391690254211426,
            -0.16080044209957123,
            -0.4192395806312561
          ],
          [
            -0.3280769884586334,
            -0.022159695625305176,
            -0.9443985223770142,
            1.2569046020507812
          ],
          [
            0.0,
            0.0,
            0.0,
            1.0
          ]
        ]
      },
      "bone_length_armature_space": 0.02851433662680792,
      "parent": "metacarpal_index_l",
      "has_children": true,
      "is_end_bone": false
    },
    "index_02_l": {
      "name": "index_02_l",
      "local": {
        "location": {
          "x": 0.0,
          "y": 0.0,
          "z": 0.0
        },
        "rotation_quaternion": {
          "w": 0.9963079690933228,
          "x": 0.0857648253440857,
          "y": -0.001111176679842174,
          "z": 0.0036753006279468536
        },
        "scale": {
          "x": 1.0,
          "y": 1.0,
          "z": 1.0
        },
        "matrix_basis": [
          [
            0.9999704957008362,
            -0.007514062337577343,
            -0.0015837253304198384,
            0.0
          ],
          [
            0.0071328626945614815,
            0.9852617979049683,
            -0.17090453207492828,
            0.0
          ],
          [
            0.0028445713687688112,
            0.17088818550109863,
            0.985286295413971,
            0.0
          ],
          [
            0.0,
            0.0,
            0.0,
            1.0
          ]
        ],
        "rotation_mode": "QUATERNION"
      },
      "armature_space": {
        "head": {
          "x": 0.5443650484085083,
          "y": -0.5064124464988708,
          "z": 0.30641841888427734
        },
        "tail": {
          "x": 0.5574195981025696,
          "y": -0.5281383991241455,
          "z": 0.3024621307849884
        }
      },
      "world_space": {
        "head": {
          "x": 0.5443650484085083,
          "y": -0.4431684613227844,
          "z": 1.2562724351882935
        },
        "tail": {
          "x": 0.5574195981025696,
          "y": -0.4648944139480591,
          "z": 1.2523161172866821
        },
        "rotation_quaternion": {
          "w": 0.019092179834842682,
          "x": -0.9367007613182068,
          "y": -0.27601051330566406,
          "z": 0.21458180248737335
        },
        "matrix": [
          [
            0.7555453181266785,
            0.5088852643966675,
            -0.412537157535553,
            0.5443650484085083
          ],
          [
            0.5252724289894104,
            -0.8469073176383972,
            -0.08268769085407257,
            -0.4431684613227844
          ],
          [
            -0.39146143198013306,
            -0.15422187745571136,
            -0.9071866869926453,
            1.2562724351882935
          ],
          [
            0.0,
            0.0,
            0.0,
            1.0
          ]
        ]
      },
      "bone_length_armature_space": 0.02565327441646951,
      "parent": "index_01_l",
      "has_children": true,
      "is_end_bone": false
    },
    "index_03_l": {
      "name": "index_03_l",
      "local": {
        "location": {
          "x": 0.0,
          "y": 0.0,
          "z": 0.0
        },
        "rotation_quaternion": {
          "w": 0.999849796295166,
          "x": 0.01647120900452137,
          "y": 0.00534340413287282,
          "z": 0.0007868037791922688
        },
        "scale": {
          "x": 1.0,
          "y": 1.0,
          "z": 1.0
        },
        "matrix_basis": [
          [
            0.9999416470527649,
            -0.0013973464956507087,
            0.010711122304201126,
            0.0
          ],
          [
            0.0017493958584964275,
            0.9994561672210693,
            -0.032929062843322754,
            0.0
          ],
          [
            -0.010659283958375454,
            0.03294587880373001,
            0.9994003176689148,
            0.0
          ],
          [
            0.0,
            0.0,
            0.0,
            1.0
          ]
        ],
        "rotation_mode": "QUATERNION"
      },
      "armature_space": {
        "head": {
          "x": 0.5574196577072144,
          "y": -0.5281383991241455,
          "z": 0.30246224999427795
        },
        "tail": {
          "x": 0.5726804137229919,
          "y": -0.5514854788780212,
          "z": 0.29375848174095154
        }
      },
      "world_space": {
        "head": {
          "x": 0.5574196577072144,
          "y": -0.4648944139480591,
          "z": 1.2523162364959717
        },
        "tail": {
          "x": 0.5726804137229919,
          "y": -0.4882414937019348,
          "z": 1.24361252784729
        },
        "rotation_quaternion": {
          "w": 0.09787821769714355,
          "x": -0.928687334060669,
          "y": -0.3014903962612152,
          "z": 0.19251814484596252
        },
        "matrix": [
          [
            0.7440801858901978,
            0.522294282913208,
            -0.4165972173213959,
            0.5574196577072144
          ],
          [
            0.5976675748825073,
            -0.7990468144416809,
            0.0657104104757309,
            -0.4648944139480591
          ],
          [
            -0.2985619604587555,
            -0.29788321256637573,
            -0.9067196249961853,
            1.2523162364959717
          ],
          [
            0.0,
            0.0,
            0.0,
            1.0
          ]
        ]
      },
      "bone_length_armature_space": 0.02921869879454509,
      "parent": "index_02_l",
      "has_children": false,
      "is_end_bone": true
    },
    "metacarpal_pinky_l": {
      "name": "metacarpal_pinky_l",
      "local": {
        "location": {
          "x": 0.0,
          "y": 0.0,
          "z": 0.0
        },
        "rotation_quaternion": {
          "w": 0.9996448755264282,
          "x": -0.024789467453956604,
          "y": -0.0008173492969945073,
          "z": -0.009749417193233967
        },
        "scale": {
          "x": 1.0,
          "y": 1.0,
          "z": 1.0
        },
        "matrix_basis": [
          [
            0.9998085498809814,
            0.01953243277966976,
            -0.0011507523013278842,
            0.0
          ],
          [
            -0.019451387226581573,
            0.9985808730125427,
            0.0495772659778595,
            0.0
          ],
          [
            0.002117483876645565,
            -0.04954539239406586,
            0.9987696409225464,
            0.0
          ],
          [
            0.0,
            0.0,
            0.0,
            1.0
          ]
        ],
        "rotation_mode": "QUATERNION"
      },
      "armature_space": {
        "head": {
          "x": 0.5134544372558594,
          "y": -0.36921995878219604,
          "z": 0.33279848098754883
        },
        "tail": {
          "x": 0.5845922231674194,
          "y": -0.4441540539264679,
          "z": 0.31985577940940857
        }
      },
      "world_space": {
        "head": {
          "x": 0.5134544372558594,
          "y": -0.3059759736061096,
          "z": 1.282652497291565
        },
        "tail": {
          "x": 0.5845922231674194,
          "y": -0.3809100389480591,
          "z": 1.269709825515747
        },
        "rotation_quaternion": {
          "w": 0.34341323375701904,
          "x": 0.21128588914871216,
          "y": 0.14919589459896088,
          "z": -0.9028656482696533
        },
        "matrix": [
          [
            -0.6748512387275696,
            0.6831583380699158,
            -0.27905282378196716,
            0.5134544372558594
          ],
          [
            -0.5570667386054993,
            -0.7196154594421387,
            -0.41452455520629883,
            -0.3059759736061096
          ],
          [
            -0.48400038480758667,
            -0.12429283559322357,
            0.8662036657333374,
            1.282652497291565
          ],
          [
            0.0,
            0.0,
            0.0,
            1.0
          ]
        ]
      },
      "bone_length_armature_space": 0.1041307673241016,
      "parent": "lowerarm_l",
      "has_children": true,
      "is_end_bone": false
    },
    "pinky_01_l": {
      "name": "pinky_01_l",
      "local": {
        "location": {
          "x": 0.0,
          "y": 0.0,
          "z": 0.0
        },
        "rotation_quaternion": {
          "w": 0.9609740972518921,
          "x": 0.276547908782959,
          "y": 0.0004853093414567411,
          "z": 0.0070609743706882
        },
        "scale": {
          "x": 1.0,
          "y": 1.0,
          "z": 1.0
        },
        "matrix_basis": [
          [
            0.9998998045921326,
            -0.013302404433488846,
            0.004838134627789259,
            0.0
          ],
          [
            0.01383924949914217,
            0.8469427824020386,
            -0.5315039157867432,
            0.0
          ],
          [
            0.0029726559296250343,
            0.5315176248550415,
            0.8470420241355896,
            0.0
          ],
          [
            0.0,
            0.0,
            0.0,
            1.0
          ]
        ],
        "rotation_mode": "QUATERNION"
      },
      "armature_space": {
        "head": {
          "x": 0.5845922231674194,
          "y": -0.4441540539264679,
          "z": 0.31985577940940857
        },
