{
  "metadata": {
    "armature_name": "KIM_caucasian_male",
    "export_time": "2026-01-13T21:16:38.063452",
    "blender_version": "4.4.1",
    "bone_count": 56,
    "end_bone_count": 13,
    "spaces_included": [
      "LOCAL_CHANNELS",
      "ARMATURE_SPACE",
      "WORLD_SPACE"
    ],
    "note": "LOCAL matches Transform panel; replay pose via local.matrix_basis for best fidelity."
  },
  "bones": {
    "Root": {
      "name": "Root",
      "local": {
        "location": {
          "x": 0.0,
          "y": 0.0,
          "z": 0.0
        },
        "rotation_quaternion": {
          "w": 0.999988853931427,
          "x": -0.004438831005245447,
          "y": 0.0013131513260304928,
          "z": 0.0009696322958916426
        },
        "scale": {
          "x": 1.0,
          "y": 1.0,
          "z": 1.0
        },
        "matrix_basis": [
          [
            0.999994695186615,
            -0.0019509006524458528,
            0.002617665333673358,
            0.0
          ],
          [
            0.001927585224620998,
            0.9999586939811707,
            0.008880109526216984,
            0.0
          ],
          [
            -0.002634881529957056,
            -0.008875016123056412,
            0.9999571442604065,
            0.0
          ],
          [
            0.0,
            0.0,
            0.0,
            1.0
          ]
        ],
        "rotation_mode": "QUATERNION"
      },
      "armature_space": {
        "head": {
          "x": 0.0,
          "y": 0.07072800397872925,
          "z": -0.009595036506652832
        },
        "tail": {
          "x": -0.00013924723316449672,
          "y": 8.80807638168335e-05,
          "z": 0.0006273193284869194
        }
      },
      "world_space": {
        "head": {
          "x": 0.0,
          "y": 0.13397200405597687,
          "z": 0.9402589797973633
        },
        "tail": {
          "x": -0.00013924723316449672,
          "y": 0.06333208084106445,
          "z": 0.9504813551902771
        },
        "rotation_quaternion": {
          "w": 0.07179564237594604,
          "x": 0.9974180459976196,
          "y": -0.0008789652492851019,
          "z": 0.0013754903338849545
        },
        "matrix": [
          [
            0.999994695186615,
            -0.0019509006524458528,
            0.002617665333673358,
            0.0
          ],
          [
            -0.001555882510729134,
            -0.9896891713142395,
            -0.14322343468666077,
            0.13397200405597687
          ],
          [
            0.0028701084665954113,
            0.14321865141391754,
            -0.9896939992904663,
            0.9402589797973633
          ],
          [
            0.0,
            0.0,
            0.0,
            1.0
          ]
        ]
      },
      "bone_length_armature_space": 0.07137587009397584,
      "parent": null,
      "has_children": true,
      "is_end_bone": false
    },
    "spine_01": {
      "name": "spine_01",
      "local": {
        "location": {
          "x": 0.0,
          "y": 0.0,
          "z": 0.0
        },
        "rotation_quaternion": {
          "w": 0.9929521083831787,
          "x": 0.11047445237636566,
          "y": 0.009048812091350555,
          "z": 0.04194989427924156
        },
        "scale": {
          "x": 1.0,
          "y": 1.0,
          "z": 1.0
        },
        "matrix_basis": [
          [
            0.99631667137146,
            -0.08130914717912674,
            0.027238857001066208,
            0.0
          ],
          [
            0.08530779927968979,
            0.9720712304115295,
            -0.21863248944282532,
            0.0
          ],
          [
            -0.008701290935277939,
            0.2201508730649948,
            0.9754270315170288,
            0.0
          ],
          [
            0.0,
            0.0,
            0.0,
            1.0
          ]
        ],
        "rotation_mode": "QUATERNION"
      },
      "armature_space": {
        "head": {
          "x": -0.00013924723316449672,
          "y": 8.80807638168335e-05,
          "z": 0.0006273193284869194
        },
        "tail": {
          "x": -0.04132038727402687,
          "y": -0.08073966205120087,
          "z": 0.48012638092041016
        }
      },
      "world_space": {
        "head": {
          "x": -0.00013924723316449672,
          "y": 0.06333208084106445,
          "z": 0.9504813551902771
        },
        "tail": {
          "x": -0.04132038727402687,
          "y": -0.017495661973953247,
          "z": 1.4299803972244263
        },
        "rotation_quaternion": {
          "w": 0.6454607248306274,
          "x": 0.7625123262405396,
          "y": -0.02377190627157688,
          "z": 0.03728698939085007
        },
        "matrix": [
          [
            0.9960891604423523,
            -0.08438736945390701,
            0.026175351813435555,
            -0.00013924723316449672
          ],
          [
            0.01188131794333458,
            -0.16563020646572113,
            -0.9861164093017578,
            0.06333208084106445
          ],
          [
            0.08755181729793549,
            0.9825776219367981,
            -0.1639818698167801,
            0.9504813551902771
          ],
          [
            0.0,
            0.0,
            0.0,
            1.0
          ]
        ]
      },
      "bone_length_armature_space": 0.488004476783477,
      "parent": "Root",
      "has_children": true,
      "is_end_bone": false
    },
    "neck_01": {
      "name": "neck_01",
      "local": {
        "location": {
          "x": 0.0,
          "y": 0.0,
          "z": 0.0
        },
        "rotation_quaternion": {
          "w": 0.9958251714706421,
          "x": 0.02746369130909443,
          "y": -0.07253234088420868,
          "z": -0.04813636094331741
        },
        "scale": {
          "x": 1.0,
          "y": 1.0,
          "z": 1.0
        },
        "matrix_basis": [
          [
            0.984843909740448,
            0.09188678860664368,
            -0.14710307121276855,
            0.0
          ],
          [
            -0.09985481202602386,
            0.9938572645187378,
            -0.04771518334746361,
            0.0
          ],
          [
            0.14181505143642426,
            0.061680957674980164,
            0.9879696369171143,
            0.0
          ],
          [
            0.0,
            0.0,
            0.0,
            1.0
          ]
        ],
        "rotation_mode": "QUATERNION"
      },
      "armature_space": {
        "head": {
          "x": -0.04659132659435272,
          "y": -0.12706580758094788,
          "z": 0.5463822484016418
        },
        "tail": {
          "x": -0.043802544474601746,
          "y": -0.18612070381641388,
          "z": 0.6301405429840088
        }
      },
      "world_space": {
        "head": {
          "x": -0.04659132659435272,
          "y": -0.06382180750370026,
          "z": 1.4962363243103027
        },
        "tail": {
          "x": -0.043802544474601746,
          "y": -0.12287670373916626,
          "z": 1.579994559288025
        },
        "rotation_quaternion": {
          "w": 0.4603413939476013,
          "x": 0.8865085244178772,
          "y": -0.008541550487279892,
          "z": -0.045994408428668976
        },
        "matrix": [
          [
            0.9956231713294983,
            0.027201956138014793,
            -0.08941274881362915,
            -0.04659132659435272
          ],
          [
            -0.05749046802520752,
            -0.5760253667831421,
            -0.8154078722000122,
            -0.06382180750370026
          ],
          [
            -0.07368526607751846,
            0.8169842958450317,
            -0.5719451904296875,
            1.4962363243103027
          ],
          [
            0.0,
            0.0,
            0.0,
            1.0
          ]
        ]
      },
      "bone_length_armature_space": 0.10252175329597632,
      "parent": "spine_01",
      "has_children": true,
      "is_end_bone": false
    },
    "head": {
      "name": "head",
      "local": {
        "location": {
          "x": 0.0,
          "y": 0.0,
          "z": 0.0
        },
        "rotation_quaternion": {
          "w": 0.9730667471885681,
          "x": -0.08692958205938339,
          "y": -0.006712696049362421,
          "z": -0.21339955925941467
        },
        "scale": {
          "x": 1.0,
          "y": 1.0,
          "z": 1.0
        },
        "matrix_basis": [
          [
            0.9088311195373535,
            0.41647109389305115,
            0.024037666618824005,
            0.0
          ],
          [
            -0.41413697600364685,
            0.8938077688217163,
            0.17204155027866364,
            0.0
          ],
          [
            0.05016527324914932,
            -0.1663115918636322,
            0.9847963452339172,
            0.0
          ],
          [
            0.0,
            0.0,
            0.0,
            1.0
          ]
        ],
        "rotation_mode": "QUATERNION"
      },
      "armature_space": {
        "head": {
          "x": -0.04380256310105324,
          "y": -0.18612079322338104,
          "z": 0.6301404237747192
        },
        "tail": {
          "x": 0.030376460403203964,
          "y": -0.19863905012607574,
          "z": 0.7657648921012878
        }
      },
      "world_space": {
        "head": {
          "x": -0.04380256310105324,
          "y": -0.12287679314613342,
          "z": 1.5799944400787354
        },
        "tail": {
          "x": 0.030376460403203964,
          "y": -0.13539505004882812,
          "z": 1.7156188488006592
        },
        "rotation_quaternion": {
          "w": 0.6571270823478699,
          "x": 0.7118917107582092,
          "y": 0.16681155562400818,
          "z": -0.1832158863544464
        },
        "matrix": [
          [
            0.8772117495536804,
            0.4782959520816803,
            -0.04162469133734703,
            -0.04380256310105324
          ],
          [
            -0.0032860003411769867,
            -0.08071601390838623,
            -0.9967319369316101,
            -0.12287679314613342
          ],
          [
            -0.4800959527492523,
            0.8744876980781555,
            -0.06923487782478333,
            1.5799944400787354
          ],
          [
            0.0,
            0.0,
            0.0,
            1.0
          ]
        ]
      },
      "bone_length_armature_space": 0.15509104240627103,
      "parent": "neck_01",
      "has_children": false,
      "is_end_bone": true
    },
    "upperarm_l": {
      "name": "upperarm_l",
      "local": {
        "location": {
          "x": 0.0,
          "y": 0.0,
          "z": 0.0
        },
        "rotation_quaternion": {
          "w": 0.8654776811599731,
          "x": 0.5000403523445129,
          "y": -0.024038851261138916,
          "z": 0.018174519762396812
        },
        "scale": {
          "x": 1.0,
          "y": 1.0,
          "z": 1.0
        },
        "matrix_basis": [
          [
            0.9981836676597595,
            -0.05550007522106171,
            -0.023434191942214966,
            0.0
          ],
          [
            0.007418490946292877,
            0.4992586672306061,
            -0.8664213418960571,
            0.0
          ],
          [
            0.05978616327047348,
            0.8646737337112427,
            0.4987635612487793,
            0.0
          ],
          [
            0.0,
            0.0,
            0.0,
            1.0
          ]
        ],
        "rotation_mode": "QUATERNION"
      },
      "armature_space": {
        "head": {
          "x": 0.10857701301574707,
          "y": -0.11729681491851807,
          "z": 0.4929552674293518
        },
        "tail": {
          "x": 0.25636282563209534,
          "y": -0.34005770087242126,
          "z": 0.4743921458721161
        }
      },
      "world_space": {
        "head": {
          "x": 0.10857701301574707,
          "y": -0.05405281484127045,
          "z": 1.4428093433380127
        },
        "tail": {
          "x": 0.25636282563209534,
          "y": -0.27681368589401245,
          "z": 1.4242461919784546
        },
        "rotation_quaternion": {
          "w": 0.16509711742401123,
          "x": 0.7133305668830872,
          "y": 0.2389490157365799,
          "z": -0.6378134489059448
        },
        "matrix": [
          [
            0.07219453155994415,
            0.551502525806427,
            -0.8310434222221375,
            0.10857701301574707
          ],
          [
            0.13029669225215912,
            -0.8312921524047852,
            -0.540348470211029,
            -0.05405281484127045
          ],
          [
            -0.9888501167297363,
            -0.06927326321601868,
            -0.13187506794929504,
            1.4428093433380127
          ],
          [
            0.0,
            0.0,
            0.0,
            1.0
          ]
        ]
      },
      "bone_length_armature_space": 0.2679694928587829,
      "parent": "spine_01",
      "has_children": true,
      "is_end_bone": false
    },
    "lowerarm_l": {
      "name": "lowerarm_l",
      "local": {
        "location": {
          "x": 0.0,
          "y": 0.0,
          "z": 0.0
        },
        "rotation_quaternion": {
          "w": 0.9414597153663635,
          "x": 0.12786462903022766,
          "y": -0.022002708166837692,
          "z": 0.3111594617366791
        },
        "scale": {
          "x": 1.0,
          "y": 1.0,
          "z": 1.0
        },
        "matrix_basis": [
          [
            0.8053913116455078,
            -0.5915149450302124,
            0.03814325109124184,
            0.0
          ],
          [
            0.5802614688873291,
            0.7736608386039734,
            -0.2544514834880829,
            0.0
          ],
          [
            0.12100190669298172,
            0.22706609964370728,
            0.9663330316543579,
            0.0
          ],
          [
            0.0,
            0.0,
            0.0,
            1.0
          ]
        ],
        "rotation_mode": "QUATERNION"
      },
      "armature_space": {
        "head": {
          "x": 0.25636282563209534,
          "y": -0.3400578200817108,
          "z": 0.47439226508140564
        },
        "tail": {
          "x": 0.2970651388168335,
          "y": -0.5533727407455444,
          "z": 0.6306283473968506
        }
      },
      "world_space": {
        "head": {
          "x": 0.25636282563209534,
          "y": -0.276813805103302,
          "z": 1.4242463111877441
        },
        "tail": {
          "x": 0.2970651388168335,
          "y": -0.490128755569458,
          "z": 1.5804823637008667
        },
        "rotation_quaternion": {
          "w": 0.2813052535057068,
          "x": 0.6989018321037292,
          "y": -0.14894473552703857,
          "z": -0.6404834985733032
        },
        "matrix": [
          [
            0.13519398868083954,
            0.15214420855045319,
            -0.979068398475647,
            0.25636282563209534
          ],
          [
            -0.5685383081436157,
            -0.7973660826683044,
            -0.20241467654705048,
            -0.276813805103302
          ],
          [
            -0.8114783763885498,
            0.5840065479278564,
            -0.021299555897712708,
            1.4242463111877441
          ],
          [
            0.0,
            0.0,
            0.0,
            1.0
          ]
        ]
      },
      "bone_length_armature_space": 0.26752503896988156,
      "parent": "upperarm_l",
      "has_children": true,
      "is_end_bone": false
    },
    "metacarpal_thumb_l": {
      "name": "metacarpal_thumb_l",
      "local": {
        "location": {
          "x": 0.0,
          "y": 0.0,
          "z": 0.0
        },
        "rotation_quaternion": {
          "w": 0.9997778534889221,
          "x": 0.0036683143116533756,
          "y": -0.017171939834952354,
          "z": 0.011663257144391537
        },
        "scale": {
          "x": 1.0,
          "y": 1.0,
          "z": 1.0
        },
        "matrix_basis": [
          [
            0.9991381764411926,
            -0.023447316139936447,
            -0.03425068035721779,
            0.0
          ],
          [
            0.02319534868001938,
            0.9997010231018066,
            -0.007735560182482004,
            0.0
          ],
          [
            0.03442182019352913,
            0.006934437435120344,
            0.9993833303451538,
            0.0
          ],
          [
            0.0,
            0.0,
            0.0,
            1.0
          ]
        ],
        "rotation_mode": "QUATERNION"
      },
      "armature_space": {
        "head": {
          "x": 0.2970651388168335,
          "y": -0.5533727407455444,
          "z": 0.6306283473968506
        },
        "tail": {
          "x": 0.2747379243373871,
          "y": -0.5952553153038025,
          "z": 0.6448034048080444
        }
      },
      "world_space": {
        "head": {
          "x": 0.2970651388168335,
          "y": -0.490128755569458,
          "z": 1.5804823637008667
        },
        "tail": {
          "x": 0.2747379243373871,
          "y": -0.5320113301277161,
          "z": 1.5946574211120605
        },
        "rotation_quaternion": {
          "w": 0.17404130101203918,
          "x": 0.954688310623169,
          "y": -0.21665842831134796,
          "z": 0.10648472607135773
        },
        "matrix": [
          [
            0.8834403157234192,
            -0.4507482349872589,
            0.12790383398532867,
            0.2970651388168335
          ],
          [
            -0.3766171336174011,
            -0.8455371856689453,
            -0.3784525394439697,
            -0.490128755569458
          ],
          [
            0.2787359356880188,
            0.28617072105407715,
            -0.916748046875,
            1.5804823637008667
          ],
          [
            0.0,
            0.0,
            0.0,
            1.0
          ]
        ]
      },
      "bone_length_armature_space": 0.049533693286194974,
      "parent": "lowerarm_l",
      "has_children": true,
      "is_end_bone": false
    },
    "thumb_01_l": {
      "name": "thumb_01_l",
      "local": {
        "location": {
          "x": 0.0,
          "y": 0.0,
          "z": 0.0
        },
        "rotation_quaternion": {
          "w": 0.9851211309432983,
          "x": 0.17116878926753998,
          "y": 0.005390300881117582,
          "z": -0.014444886706769466
        },
        "scale": {
          "x": 1.0,
          "y": 1.0,
          "z": 1.0
        },
        "matrix_basis": [
          [
            0.9995245933532715,
            0.030305229127407074,
            0.005675171036273241,
            0.0
          ],
          [
            -0.02661462314426899,
            0.9409852027893066,
            -0.3373997211456299,
            0.0
          ],
          [
            -0.01556522585451603,
            0.3370882570743561,
            0.9413443803787231,
            0.0
          ],
          [
            0.0,
            0.0,
            0.0,
            1.0
          ]
        ],
        "rotation_mode": "QUATERNION"
      },
      "armature_space": {
        "head": {
          "x": 0.2747379243373871,
          "y": -0.5952553153038025,
          "z": 0.6448034048080444
        },
        "tail": {
          "x": 0.27413856983184814,
          "y": -0.6265300512313843,
          "z": 0.6313810348510742
        }
      },
      "world_space": {
        "head": {
          "x": 0.2747379243373871,
          "y": -0.5320113301277161,
          "z": 1.5946574211120605
        },
        "tail": {
          "x": 0.27413856983184814,
          "y": -0.5632860660552979,
          "z": 1.5812350511550903
        },
        "rotation_quaternion": {
          "w": 0.10016924887895584,
          "x": -0.524373471736908,
          "y": 0.17482848465442657,
          "z": -0.827305018901825
        },
        "matrix": [
          [
            -0.42999768257141113,
            -0.017607927322387695,
            0.9026583433151245,
            0.2747379243373871
          ],
          [
            -0.34909170866012573,
            -0.9188027381896973,
            -0.18421894311904907,
            -0.5320113301277161
          ],
          [
            0.8326141834259033,
            -0.3943279981613159,
            0.38893890380859375,
            1.5946574211120605
          ],
          [
            0.0,
            0.0,
            0.0,
            1.0
          ]
        ]
      },
      "bone_length_armature_space": 0.0340386298044078,
      "parent": "metacarpal_thumb_l",
      "has_children": true,
      "is_end_bone": false
    },
    "thumb_02_l": {
      "name": "thumb_02_l",
      "local": {
        "location": {
          "x": 0.0,
          "y": 0.0,
          "z": 0.0
        },
        "rotation_quaternion": {
          "w": 0.9126307964324951,
          "x": 0.4087236225605011,
          "y": 0.004868393763899803,
          "z": 0.00512466486543417
        },
        "scale": {
          "x": 1.0,
          "y": 1.0,
          "z": 1.0
        },
        "matrix_basis": [
          [
            0.9999001026153564,
            -0.005374198779463768,
            0.013075235299766064,
            0.0
          ],
          [
            0.013333508744835854,
            0.6658374667167664,
            -0.7459776401519775,
            0.0
          ],
          [
            -0.004696948919445276,
            0.7460774183273315,
            0.665842592716217,
            0.0
          ],
          [
            0.0,
            0.0,
            0.0,
            1.0
          ]
        ],
        "rotation_mode": "QUATERNION"
      },
      "armature_space": {
        "head": {
          "x": 0.27413856983184814,
          "y": -0.6265300512313843,
          "z": 0.6313810348510742
        },
        "tail": {
          "x": 0.2896716594696045,
          "y": -0.6287122964859009,
          "z": 0.66835618019104
        }
      },
      "world_space": {
        "head": {
          "x": 0.27413856983184814,
          "y": -0.5632860660552979,
          "z": 1.5812350511550903
        },
        "tail": {
          "x": 0.2896716594696045,
          "y": -0.5654683113098145,
          "z": 1.6182101964950562
        },
        "rotation_quaternion": {
          "w": 0.1525709331035614,
          "x": -0.12567658722400665,
          "y": -0.6704891920089722,
          "z": -0.7151027321815491
        },
        "matrix": [
          [
            -0.9218549728393555,
            0.3867374658584595,
            -0.024853095412254333,
            0.27413856983184814
          ],
          [
            -0.04968053847551346,
            -0.054332733154296875,
            0.9972861409187317,
            -0.5632860660552979
          ],
          [
            0.3843402862548828,
            0.9205943942070007,
            0.06930172443389893,
            1.5812350511550903
          ],
          [
            0.0,
            0.0,
            0.0,
            1.0
          ]
        ]
      },
      "bone_length_armature_space": 0.04016466699502806,
      "parent": "thumb_01_l",
      "has_children": true,
      "is_end_bone": false
    },
    "thumb_03_l": {
      "name": "thumb_03_l",
      "local": {
        "location": {
          "x": 0.0,
          "y": 0.0,
          "z": 0.0
        },
        "rotation_quaternion": {
          "w": 0.9825672507286072,
          "x": 0.1856972724199295,
          "y": -0.0052962335757911205,
          "z": -0.007072828244417906
        },
        "scale": {
          "x": 1.0,
          "y": 1.0,
          "z": 1.0
        },
        "matrix_basis": [
          [
            0.9998438358306885,
            0.011932066641747952,
            -0.013034621253609657,
            0.0
          ],
          [
            -0.015866050496697426,
            0.9309329986572266,
            -0.3648451864719391,
            0.0
          ],
          [
            0.007781001273542643,
            0.3649950325489044,
            0.930976927280426,
            0.0
          ],
          [
            0.0,
            0.0,
            0.0,
            1.0
          ]
        ],
        "rotation_mode": "QUATERNION"
      },
      "armature_space": {
        "head": {
          "x": 0.28967157006263733,
          "y": -0.6287123560905457,
          "z": 0.6683561205863953
        },
        "tail": {
          "x": 0.2988002598285675,
          "y": -0.6125362515449524,
          "z": 0.6924787163734436
        }
      },
      "world_space": {
        "head": {
          "x": 0.28967157006263733,
          "y": -0.5654683709144592,
          "z": 1.6182100772857666
        },
        "tail": {
          "x": 0.2988002598285675,
          "y": -0.549292266368866,
          "z": 1.6423327922821045
        },
        "rotation_quaternion": {
          "w": 0.35667547583580017,
          "x": 0.028094353154301643,
          "y": -0.799027144908905,
          "z": -0.4832691550254822
        },
        "matrix": [
          [
            -0.7439879179000854,
            0.2998432219028473,
            -0.5971399545669556,
            0.28967157006263733
          ],
          [
            -0.3896351754665375,
            0.5313246846199036,
            0.7522488832473755,
            -0.5654683709144592
          ],
          [
            0.5428354740142822,
            0.7923370003700256,
            -0.27847087383270264,
            1.6182100772857666
          ],
          [
            0.0,
            0.0,
            0.0,
            1.0
          ]
        ]
      },
      "bone_length_armature_space": 0.030445015112184868,
      "parent": "thumb_02_l",
      "has_children": false,
      "is_end_bone": true
    },
    "metacarpal_index_l": {
      "name": "metacarpal_index_l",
      "local": {
        "location": {
          "x": 0.0,
          "y": 0.0,
          "z": 0.0
        },
        "rotation_quaternion": {
          "w": 0.9994722604751587,
          "x": 0.03150852769613266,
          "y": -0.002452513901516795,
          "z": -0.007521463558077812
        },
        "scale": {
          "x": 1.0,
          "y": 1.0,
          "z": 1.0
        },
        "matrix_basis": [
          [
            0.9998748302459717,
            0.014880438335239887,
            -0.005376419518142939,
            0.0
          ],
          [
            -0.015189538709819317,
            0.9979012608528137,
            -0.06294690817594528,
            0.0
          ],
          [
            0.004428458865731955,
            0.06302069127559662,
            0.9980024099349976,
            0.0
          ],
          [
            0.0,
            0.0,
            0.0,
            1.0
          ]
        ],
        "rotation_mode": "QUATERNION"
      },
      "armature_space": {
        "head": {
          "x": 0.2970651388168335,
          "y": -0.5533727407455444,
          "z": 0.6306283473968506
        },
        "tail": {
          "x": 0.2780081033706665,
          "y": -0.6561548113822937,
          "z": 0.6835615038871765
        }
      },
      "world_space": {
        "head": {
          "x": 0.2970651388168335,
          "y": -0.490128755569458,
          "z": 1.5804823637008667
        },
        "tail": {
          "x": 0.2780081033706665,
          "y": -0.5929108262062073,
          "z": 1.6334154605865479
        },
        "rotation_quaternion": {
          "w": 0.2095446139574051,
          "x": 0.945989191532135,
          "y": -0.1322692185640335,
          "z": -0.20904645323753357
        },
        "matrix": [
          [
            0.8776088953018188,
            -0.16264180839061737,
            -0.4509439468383789,
            0.2970651388168335
          ],
          [
            -0.3378596901893616,
            -0.8771919012069702,
            -0.3411529064178467,
            -0.490128755569458
          ],
          [
            -0.34008142352104187,
            0.4517570734024048,
            -0.8247876167297363,
            1.5804823637008667
          ],
          [
            0.0,
            0.0,
            0.0,
            1.0
          ]
        ]
      },
      "bone_length_armature_space": 0.11717185559254642,
      "parent": "lowerarm_l",
      "has_children": true,
      "is_end_bone": false
    },
    "index_01_l": {
      "name": "index_01_l",
      "local": {
        "location": {
          "x": 0.0,
          "y": 0.0,
          "z": 0.0
        },
        "rotation_quaternion": {
          "w": 0.9807431697845459,
          "x": 0.19408045709133148,
          "y": -0.011861349456012249,
          "z": -0.018302198499441147
        },
        "scale": {
          "x": 1.0,
          "y": 1.0,
          "z": 1.0
        },
        "matrix_basis": [
          [
            0.99904865026474,
            0.031295400112867355,
            -0.03037007339298725,
            0.0
          ],
          [
            -0.04050362482666969,
            0.9239956140518188,
            -0.3802519738674164,
            0.0
          ],
          [
            0.01616167649626732,
            0.38112035393714905,
            0.9243841767311096,
            0.0
          ],
          [
            0.0,
            0.0,
            0.0,
            1.0
          ]
        ],
        "rotation_mode": "QUATERNION"
      },
      "armature_space": {
        "head": {
          "x": 0.2780081033706665,
          "y": -0.6561548113822937,
          "z": 0.6835615038871765
        },
        "tail": {
          "x": 0.27981582283973694,
          "y": -0.6845442056655884,
          "z": 0.6855217814445496
        }
      },
      "world_space": {
        "head": {
          "x": 0.2780081033706665,
          "y": -0.5929108262062073,
          "z": 1.6334154605865479
        },
        "tail": {
          "x": 0.27981582283973694,
          "y": -0.621300220489502,
          "z": 1.635375738143921
        },
        "rotation_quaternion": {
          "w": 0.04139656573534012,
          "x": 0.9655217528343201,
          "y": 0.02185085415840149,
          "z": -0.25607937574386597
        },
        "matrix": [
          [
            0.8678919076919556,
            0.06339657306671143,
            -0.4926912784576416,
            0.2780081033706665
          ],
          [
            0.02099335379898548,
            -0.995617687702179,
            -0.09113013744354248,
            -0.5929108262062073
          ],
          [
            -0.49631306529045105,
            0.06874749064445496,
            -0.8654256463050842,
            1.6334154605865479
          ],
          [
            0.0,
            0.0,
            0.0,
            1.0
          ]
        ]
      },
      "bone_length_armature_space": 0.028514351581067608,
      "parent": "metacarpal_index_l",
      "has_children": true,
      "is_end_bone": false
    },
    "index_02_l": {
      "name": "index_02_l",
      "local": {
        "location": {
          "x": 0.0,
          "y": 0.0,
          "z": 0.0
        },
        "rotation_quaternion": {
          "w": 0.9175385236740112,
          "x": 0.397610068321228,
          "y": 0.0037801454309374094,
          "z": -0.0038889399729669094
        },
        "scale": {
          "x": 1.0,
          "y": 1.0,
          "z": 1.0
        },
        "matrix_basis": [
          [
            0.9999411702156067,
            0.0101425526663661,
            0.00384429469704628,
            0.0
          ],
          [
            -0.00413045659661293,
            0.6837822198867798,
            -0.7296745181083679,
            0.0
          ],
          [
            -0.01002942118793726,
            0.7296156883239746,
            0.6837838888168335,
            0.0
          ],
          [
            0.0,
            0.0,
            0.0,
            1.0
          ]
        ],
        "rotation_mode": "QUATERNION"
      },
      "armature_space": {
        "head": {
          "x": 0.2798154950141907,
          "y": -0.6845446228981018,
          "z": 0.68552166223526
        },
        "tail": {
          "x": 0.27170827984809875,
          "y": -0.7043191194534302,
          "z": 0.6713323593139648
        }
      },
      "world_space": {
        "head": {
          "x": 0.2798154950141907,
          "y": -0.6213006377220154,
          "z": 1.635375738143921
        },
        "tail": {
          "x": 0.27170827984809875,
          "y": -0.6410751342773438,
          "z": 1.621186375617981
        },
        "rotation_quaternion": {
          "w": 0.33026042580604553,
          "x": -0.8994911313056946,
          "y": 0.07422951608896255,
          "z": 0.27628567814826965
        },
        "matrix": [
          [
            0.8363128900527954,
            -0.31602996587753296,
            -0.4480021297931671,
            0.2798154950141907
          ],
          [
            0.04895398020744324,
            -0.7708367109298706,
            0.6351490020751953,
            -0.6213006377220154
          ],
          [
            -0.5460664629936218,
            -0.5531194806098938,
            -0.6291936635971069,
            1.635375738143921
          ],
          [
            0.0,
            0.0,
            0.0,
            1.0
          ]
        ]
      },
      "bone_length_armature_space": 0.025653342203198953,
      "parent": "index_01_l",
      "has_children": true,
      "is_end_bone": false
    },
    "index_03_l": {
      "name": "index_03_l",
      "local": {
        "location": {
          "x": 0.0,
          "y": 0.0,
          "z": 0.0
        },
        "rotation_quaternion": {
          "w": 0.9673014879226685,
          "x": 0.25360456109046936,
          "y": 0.0026176765095442533,
          "z": -0.002435268135741353
        },
        "scale": {
          "x": 1.0,
          "y": 1.0,
          "z": 1.0
        },
        "matrix_basis": [
          [
            0.9999744296073914,
            0.00603898661211133,
            0.0038289744406938553,
            0.0
          ],
          [
            -0.0033835675567388535,
            0.8713576197624207,
            -0.4906368851661682,
            0.0
          ],
          [
            -0.0062993550673127174,
            0.49061137437820435,
            0.8713557720184326,
            0.0
          ],
          [
            0.0,
            0.0,
            0.0,
            1.0
          ]
        ],
        "rotation_mode": "QUATERNION"
      },
      "armature_space": {
        "head": {
          "x": 0.27170833945274353,
          "y": -0.7043192386627197,
          "z": 0.6713324189186096
        },
        "tail": {
          "x": 0.2596642076969147,
          "y": -0.7121056914329529,
          "z": 0.6458755731582642
        }
      },
      "world_space": {
        "head": {
          "x": 0.27170833945274353,
          "y": -0.6410752534866333,
          "z": 1.6211864948272705
        },
        "tail": {
          "x": 0.2596642076969147,
          "y": -0.6488617062568665,
          "z": 1.5957295894622803
        },
        "rotation_quaternion": {
          "w": 0.5949512124061584,
          "x": -0.7702193856239319,
          "y": 0.11309007555246353,
          "z": 0.20001457631587982
        },
        "matrix": [
          [
            0.8944100141525269,
            -0.4122062921524048,
            -0.17354218661785126,
            0.27170833945274353
          ],
          [
            0.06378715485334396,
            -0.2664884924888611,
            0.961725115776062,
            -0.6410752534866333
          ],
          [
            -0.44267916679382324,
            -0.8712527751922607,
            -0.21205705404281616,
            1.6211864948272705
          ],
          [
            0.0,
            0.0,
            0.0,
            1.0
          ]
        ]
      },
      "bone_length_armature_space": 0.02921884558979663,
      "parent": "index_02_l",
      "has_children": false,
      "is_end_bone": true
    },
    "metacarpal_pinky_l": {
      "name": "metacarpal_pinky_l",
      "local": {
        "location": {
          "x": 0.0,
          "y": 0.0,
          "z": 0.0
        },
        "rotation_quaternion": {
          "w": 0.9996805191040039,
          "x": -0.02276626229286194,
          "y": -0.009804978966712952,
          "z": -0.0049383980222046375
        },
        "scale": {
          "x": 1.0,
          "y": 1.0,
          "z": 1.0
        },
        "matrix_basis": [
          [
            0.9997589588165283,
            0.010320086032152176,
            -0.01937883533537388,
            0.0
          ],
          [
            -0.00942719541490078,
            0.9989145994186401,
            0.0456148199737072,
            0.0
          ],
          [
            0.01982855051755905,
            -0.04542113468050957,
            0.9987711310386658,
            0.0
          ],
          [
            0.0,
            0.0,
            0.0,
            1.0
          ]
        ],
        "rotation_mode": "QUATERNION"
      },
      "armature_space": {
        "head": {
          "x": 0.2970651388168335,
          "y": -0.5533727407455444,
          "z": 0.6306283473968506
        },
        "tail": {
          "x": 0.3439970016479492,
          "y": -0.6289502382278442,
          "z": 0.6847457885742188
        }
      },
      "world_space": {
        "head": {
          "x": 0.2970651388168335,
          "y": -0.490128755569458,
          "z": 1.5804823637008667
        },
        "tail": {
          "x": 0.3439970016479492,
          "y": -0.5657062530517578,
          "z": 1.6345998048782349
        },
        "rotation_quaternion": {
          "w": 0.2725049555301666,
          "x": 0.10443533957004547,
          "y": -0.250686913728714,
          "z": -0.9230332374572754
        },
        "matrix": [
          [
            -0.829668402671814,
            0.4507012665271759,
            -0.32942208647727966,
            0.2970651388168335
          ],
          [
            -0.5554240345954895,
            -0.7257938981056213,
            0.40586620569229126,
            -0.490128755569458
          ],
          [
            -0.05616890266537666,
            0.5197063088417053,
            0.8525050282478333,
            1.5804823637008667
          ],
          [
            0.0,
            0.0,
            0.0,
            1.0
          ]
        ]
      },
      "bone_length_armature_space": 0.10413095388557547,
      "parent": "lowerarm_l",
      "has_children": true,
      "is_end_bone": false
    },
    "pinky_01_l": {
      "name": "pinky_01_l",
      "local": {
        "location": {
          "x": 0.0,
          "y": 0.0,
          "z": 0.0
        },
        "rotation_quaternion": {
          "w": 0.9336580038070679,
          "x": 0.3579283356666565,
          "y": -0.006171778310090303,
          "z": 0.011492324993014336
        },
        "scale": {
          "x": 1.0,
          "y": 1.0,
          "z": 1.0
        },
        "matrix_basis": [
          [
            0.9996596574783325,
            -0.02587791159749031,
            -0.0032978029921650887,
            0.0
          ],
          [
            0.01704169437289238,
            0.7435104846954346,
            -0.6685071587562561,
            0.0
          ],
          [
            0.019751517102122307,
            0.6682234406471252,
            0.7436984181404114,
            0.0
          ],
          [
            0.0,
            0.0,
            0.0,
            1.0
          ]
        ],
        "rotation_mode": "QUATERNION"
      },
      "armature_space": {
        "head": {
          "x": 0.3439970016479492,
          "y": -0.6289502382278442,
          "z": 0.6847457885742188
        },
        "tail": {
