{
  "metadata": {
    "armature_name": "KIM_caucasian_male",
    "export_time": "2026-01-13T20:24:43.503585",
    "blender_version": "4.4.1",
    "bone_count": 56,
    "end_bone_count": 13,
    "spaces_included": [
      "LOCAL_CHANNELS",
      "ARMATURE_SPACE",
      "WORLD_SPACE"
    ],
    "note": "LOCAL matches Transform panel; replay pose via local.matrix_basis for best fidelity."
  },
  "bones": {
    "Root": {
      "name": "Root",
      "local": {
        "location": {
          "x": 0.0,
          "y": 0.0,
          "z": 0.0
        },
        "rotation_quaternion": {
          "w": 0.999534010887146,
          "x": -0.012907762080430984,
          "y": 0.008104353211820126,
          "z": -0.026449577882885933
        },
        "scale": {
          "x": 1.0,
          "y": 1.0,
          "z": 1.0
        },
        "matrix_basis": [
          [
            0.9984694719314575,
            0.052665285766124725,
            0.016883963719010353,
            0.0
          ],
          [
            -0.05308372527360916,
            0.9982675909996033,
            0.02537478134036064,
            0.0
          ],
          [
            -0.01551834400743246,
            -0.02623220719397068,
            0.9995354413986206,
            0.0
          ],
          [
            0.0,
            0.0,
            0.0,
            1.0
          ]
        ],
        "rotation_mode": "QUATERNION"
      },
      "armature_space": {
        "head": {
          "x": 0.0,
          "y": 0.07072800397872925,
          "z": -0.009595036506652832
        },
        "tail": {
          "x": 0.0037590304855257273,
          "y": 0.00037422776222229004,
          "z": 0.0018387418240308762
        }
      },
      "world_space": {
        "head": {
          "x": 0.0,
          "y": 0.13397200405597687,
          "z": 0.9402589797973633
        },
        "tail": {
          "x": 0.0037590304855257273,
          "y": 0.06361822783946991,
          "z": 0.9516927599906921
        },
        "rotation_quaternion": {
          "w": 0.08021469414234161,
          "x": 0.9963936805725098,
          "y": 0.026935461908578873,
          "z": 0.006304087117314339
        },
        "matrix": [
          [
            0.9984694719314575,
            0.052665285766124725,
            0.016883963719010353,
            0.0
          ],
          [
            0.054688017815351486,
            -0.985680103302002,
            -0.15951170027256012,
            0.13397200405597687
          ],
          [
            0.008241567760705948,
            0.16019108891487122,
            -0.9870587587356567,
            0.9402589797973633
          ],
          [
            0.0,
            0.0,
            0.0,
            1.0
          ]
        ]
      },
      "bone_length_armature_space": 0.07137587539923866,
      "parent": null,
      "has_children": true,
      "is_end_bone": false
    },
    "spine_01": {
      "name": "spine_01",
      "local": {
        "location": {
          "x": 0.0,
          "y": 0.0,
          "z": 0.0
        },
        "rotation_quaternion": {
          "w": 0.9975638389587402,
          "x": -0.049500174820423126,
          "y": -0.03162651136517525,
          "z": 0.037627995014190674
        },
        "scale": {
          "x": 1.0,
          "y": 1.0,
          "z": 1.0
        },
        "matrix_basis": [
          [
            0.9951677918434143,
            -0.07194162160158157,
            -0.06682411581277847,
            0.0
          ],
          [
            0.07820369303226471,
            0.9922677278518677,
            0.09637908637523651,
            0.0
          ],
          [
            0.05937374383211136,
            -0.10113925486803055,
            0.9930989742279053,
            0.0
          ],
          [
            0.0,
            0.0,
            0.0,
            1.0
          ]
        ],
        "rotation_mode": "QUATERNION"
      },
      "armature_space": {
        "head": {
          "x": 0.0037590304855257273,
          "y": 0.00037422776222229004,
          "z": 0.0018387418240308762
        },
        "tail": {
          "x": -0.039858024567365646,
          "y": 0.08256109058856964,
          "z": 0.4808913767337799
        }
      },
      "world_space": {
        "head": {
          "x": 0.0037590304855257273,
          "y": 0.06361822783946991,
          "z": 0.9516927599906921
        },
        "tail": {
          "x": -0.039858024567365646,
          "y": 0.14580509066581726,
          "z": 1.4307453632354736
        },
        "rotation_quaternion": {
          "w": 0.7635635137557983,
          "x": 0.6441413760185242,
          "y": -0.03432496637105942,
          "z": 0.029571017250418663
        },
        "matrix": [
          [
            0.9958946704864502,
            -0.08937898278236389,
            -0.014322184026241302,
            0.0037590304855257273
          ],
          [
            0.0009390451014041901,
            0.16841527819633484,
            -0.9857156872749329,
            0.06361822783946991
          ],
          [
            0.09051498770713806,
            0.9816627502441406,
            0.16780808568000793,
            0.9516927599906921
          ],
          [
            0.0,
            0.0,
            0.0,
            1.0
          ]
        ]
      },
      "bone_length_armature_space": 0.48800466750720195,
      "parent": "Root",
      "has_children": true,
      "is_end_bone": false
    },
    "neck_01": {
      "name": "neck_01",
      "local": {
        "location": {
          "x": 0.0,
          "y": 0.0,
          "z": 0.0
        },
        "rotation_quaternion": {
          "w": 0.9924574494361877,
          "x": 0.06930632889270782,
          "y": 0.08062519878149033,
          "z": 0.061028268188238144
        },
        "scale": {
          "x": 1.0,
          "y": 1.0,
          "z": 1.0
        },
        "matrix_basis": [
          [
            0.9795502424240112,
            -0.10996024310588837,
            0.16849344968795776,
            0.0
          ],
          [
            0.1323115974664688,
            0.9829443693161011,
            -0.12772633135318756,
            0.0
          ],
          [
            -0.15157486498355865,
            0.14740799367427826,
            0.9773924350738525,
            0.0
          ],
          [
            0.0,
            0.0,
            0.0,
            1.0
          ]
        ],
        "rotation_mode": "QUATERNION"
      },
      "armature_space": {
        "head": {
          "x": -0.046898916363716125,
          "y": 0.06070714071393013,
          "z": 0.5585868954658508
        },
        "tail": {
          "x": -0.06671960651874542,
          "y": 0.023931503295898438,
          "z": 0.6522108316421509
        }
      },
      "world_space": {
        "head": {
          "x": -0.046898916363716125,
          "y": 0.12395113706588745,
          "z": 1.5084409713745117
        },
        "tail": {
          "x": -0.06671960651874542,
          "y": 0.08717550337314606,
          "z": 1.602064847946167
        },
        "rotation_quaternion": {
          "w": 0.5657826662063599,
          "x": 0.8126524090766907,
          "y": -0.023105332627892494,
          "z": 0.13766685128211975
        },
        "matrix": [
          [
            0.9610281586647034,
            -0.19333229959011078,
            0.19760428369045258,
            -0.046898916363716125
          ],
          [
            0.11822482198476791,
            -0.35871201753616333,
            -0.9259313941001892,
            0.12395113706588745
          ],
          [
            0.2498973309993744,
            0.913213849067688,
            -0.3218788206577301,
            1.5084409713745117
          ],
          [
            0.0,
            0.0,
            0.0,
            1.0
          ]
        ]
      },
      "bone_length_armature_space": 0.10252194247491637,
      "parent": "spine_01",
      "has_children": true,
      "is_end_bone": false
    },
    "head": {
      "name": "head",
      "local": {
        "location": {
          "x": 0.0,
          "y": 0.0,
          "z": 0.0
        },
        "rotation_quaternion": {
          "w": 0.9780904054641724,
          "x": 0.038003746420145035,
          "y": 0.07426150888204575,
          "z": 0.1907361000776291
        },
        "scale": {
          "x": 1.0,
          "y": 1.0,
          "z": 1.0
        },
        "matrix_basis": [
          [
            0.9162099361419678,
            -0.3674698770046234,
            0.1597663164138794,
            0.0
          ],
          [
            0.3787587285041809,
            0.924350917339325,
            -0.046013496816158295,
            0.0
          ],
          [
            -0.13077156245708466,
            0.10267090052366257,
            0.9860818982124329,
            0.0
          ],
          [
            0.0,
            0.0,
            0.0,
            1.0
          ]
        ],
        "rotation_mode": "QUATERNION"
      },
      "armature_space": {
        "head": {
          "x": -0.06671956181526184,
          "y": 0.023931387811899185,
          "z": 0.6522106528282166
        },
        "tail": {
          "x": -0.15589389204978943,
          "y": 0.001575307920575142,
          "z": 0.7771159410476685
        }
      },
      "world_space": {
        "head": {
          "x": -0.06671956181526184,
          "y": 0.0871753841638565,
          "z": 1.602064609527588
        },
        "tail": {
          "x": -0.15589389204978943,
          "y": 0.06481930613517761,
          "z": 1.7269699573516846
        },
        "rotation_quaternion": {
          "w": 0.6424074769020081,
          "x": 0.6874449849128723,
          "y": -0.1234409362077713,
          "z": 0.3154274821281433
        },
        "matrix": [
          [
            0.7705348134040833,
            -0.5749836564064026,
            0.275081604719162,
            -0.06671956181526184
          ],
          [
            0.23555204272270203,
            -0.14414887130260468,
            -0.9611122608184814,
            0.0871753841638565
          ],
          [
            0.5922808647155762,
            0.8053719997406006,
            0.024366088211536407,
            1.602064609527588
          ],
          [
            0.0,
            0.0,
            0.0,
            1.0
          ]
        ]
      },
      "bone_length_armature_space": 0.15509089969349468,
      "parent": "neck_01",
      "has_children": false,
      "is_end_bone": true
    },
    "upperarm_l": {
      "name": "upperarm_l",
      "local": {
        "location": {
          "x": 0.0,
          "y": 0.0,
          "z": 0.0
        },
        "rotation_quaternion": {
          "w": 0.943058967590332,
          "x": -0.19227482378482819,
          "y": 0.21249382197856903,
          "z": -0.168868750333786
        },
        "scale": {
          "x": 1.0,
          "y": 1.0,
          "z": 1.0
        },
        "matrix_basis": [
          [
            0.8526594638824463,
            0.2367919534444809,
            0.4657268226146698,
            0.0
          ],
          [
            -0.4002208113670349,
            0.8690274953842163,
            0.290885865688324,
            0.0
          ],
          [
            -0.3358500003814697,
            -0.4344201385974884,
            0.8357535600662231,
            0.0
          ],
          [
            0.0,
            0.0,
            0.0,
            1.0
          ]
        ],
        "rotation_mode": "QUATERNION"
      },
      "armature_space": {
        "head": {
          "x": 0.10844656825065613,
          "y": 0.04638561233878136,
          "z": 0.506723940372467
        },
        "tail": {
          "x": 0.34189337491989136,
          "y": 0.1606544703245163,
          "z": 0.4415099024772644
        }
      },
      "world_space": {
        "head": {
          "x": 0.10844656825065613,
          "y": 0.10962961614131927,
          "z": 1.456578016281128
        },
        "tail": {
          "x": 0.34189337491989136,
          "y": 0.22389847040176392,
          "z": 1.3913638591766357
        },
        "rotation_quaternion": {
          "w": 0.43487513065338135,
          "x": 0.36794501543045044,
          "y": 0.7239450812339783,
          "z": -0.3891063332557678
        },
        "matrix": [
          [
            -0.35099971294403076,
            0.8711696267127991,
            0.34331125020980835,
            0.10844656825065613
          ],
          [
            0.19431956112384796,
            0.42642495036125183,
            -0.8834035396575928,
            0.10962961614131927
          ],
          [
            -0.9159971475601196,
            -0.24336369335651398,
            -0.3189634382724762,
            1.456578016281128
          ],
          [
            0.0,
            0.0,
            0.0,
            1.0
          ]
        ]
      },
      "bone_length_armature_space": 0.2679695030680048,
      "parent": "spine_01",
      "has_children": true,
      "is_end_bone": false
    },
    "lowerarm_l": {
      "name": "lowerarm_l",
      "local": {
        "location": {
          "x": 0.0,
          "y": 0.0,
          "z": 0.0
        },
        "rotation_quaternion": {
          "w": 0.8843337297439575,
          "x": 0.45332252979278564,
          "y": 0.09742952138185501,
          "z": -0.054407961666584015
        },
        "scale": {
          "x": 1.0,
          "y": 1.0,
          "z": 1.0
        },
        "matrix_basis": [
          [
            0.9750944972038269,
            0.18456359207630157,
            0.12299171090126038,
            0.0
          ],
          [
            -0.007895597256720066,
            0.5830768942832947,
            -0.8123787045478821,
            0.0
          ],
          [
            -0.2216491401195526,
            0.7911749482154846,
            0.5700123310089111,
            0.0
          ],
          [
            0.0,
            0.0,
            0.0,
            1.0
          ]
        ],
        "rotation_mode": "QUATERNION"
      },
      "armature_space": {
        "head": {
          "x": 0.3418935537338257,
          "y": 0.1606544405221939,
          "z": 0.44150999188423157
        },
        "tail": {
          "x": 0.5328599214553833,
          "y": 0.012225627899169922,
          "z": 0.3271844983100891
        }
      },
      "world_space": {
        "head": {
          "x": 0.3418935537338257,
          "y": 0.22389844059944153,
          "z": 1.3913639783859253
        },
        "tail": {
          "x": 0.5328599214553833,
          "y": 0.07546962797641754,
          "z": 1.27703857421875
        },
        "rotation_quaternion": {
          "w": 0.15532778203487396,
          "x": 0.5652242302894592,
          "y": 0.44548875093460083,
          "z": -0.6767086982727051
        },
        "matrix": [
          [
            -0.3127908706665039,
            0.7138276100158691,
            -0.626587450504303,
            0.3418935537338257
          ],
          [
            0.2933778762817383,
            -0.5548232793807983,
            -0.7785248160362244,
            0.22389844059944153
          ],
          [
            -0.9033839106559753,
            -0.4273459315299988,
            -0.03587859869003296,
            1.3913639783859253
          ],
          [
            0.0,
            0.0,
            0.0,
            1.0
          ]
        ]
      },
      "bone_length_armature_space": 0.2675249193017533,
      "parent": "upperarm_l",
      "has_children": true,
      "is_end_bone": false
    },
    "metacarpal_thumb_l": {
      "name": "metacarpal_thumb_l",
      "local": {
        "location": {
          "x": 0.0,
          "y": 0.0,
          "z": 0.0
        },
        "rotation_quaternion": {
          "w": 0.999823272228241,
          "x": 0.008156003430485725,
          "y": 0.0159805528819561,
          "z": 0.005623399745672941
        },
        "scale": {
          "x": 1.0,
          "y": 1.0,
          "z": 1.0
        },
        "matrix_basis": [
          [
            0.999426007270813,
            -0.01098413672298193,
            0.03204718604683876,
            0.0
          ],
          [
            0.011505486443638802,
            0.9998037219047546,
            -0.016129393130540848,
            0.0
          ],
          [
            -0.031863726675510406,
            0.016488853842020035,
            0.999356210231781,
            0.0
          ],
          [
            0.0,
            0.0,
            0.0,
            1.0
          ]
        ],
        "rotation_mode": "QUATERNION"
      },
      "armature_space": {
        "head": {
          "x": 0.5328599214553833,
          "y": 0.012225627899169922,
          "z": 0.3271844983100891
        },
        "tail": {
          "x": 0.5388217568397522,
          "y": -0.029268842190504074,
          "z": 0.3007977306842804
        }
      },
      "world_space": {
        "head": {
          "x": 0.5328599214553833,
          "y": 0.07546962797641754,
          "z": 1.27703857421875
        },
        "tail": {
          "x": 0.5388217568397522,
          "y": 0.033975157886743546,
          "z": 1.2506517171859741
        },
        "rotation_quaternion": {
          "w": 0.2621828615665436,
          "x": -0.943155825138092,
          "y": -0.1113964393734932,
          "z": 0.17119628190994263
        },
        "matrix": [
          [
            0.9165651798248291,
            0.12035927921533585,
            -0.3813420534133911,
            0.5328599214553833
          ],
          [
            0.2998978793621063,
            -0.8377023339271545,
            0.45641666650772095,
            0.07546962797641754
          ],
          [
            -0.26451870799064636,
            -0.5327038168907166,
            -0.8039096593856812,
            1.27703857421875
          ],
          [
            0.0,
            0.0,
            0.0,
            1.0
          ]
        ]
      },
      "bone_length_armature_space": 0.049533786487215466,
      "parent": "lowerarm_l",
      "has_children": true,
      "is_end_bone": false
    },
    "thumb_01_l": {
      "name": "thumb_01_l",
      "local": {
        "location": {
          "x": 0.0,
          "y": 0.0,
          "z": 0.0
        },
        "rotation_quaternion": {
          "w": 0.9987095594406128,
          "x": 0.047082118690013885,
          "y": 0.017140556126832962,
          "z": -0.008293860591948032
        },
        "scale": {
          "x": 1.0,
          "y": 1.0,
          "z": 1.0
        },
        "matrix_basis": [
          [
            0.9992748498916626,
            0.01818034239113331,
            0.03345588967204094,
            0.0
          ],
          [
            -0.014952288009226322,
            0.9954289793968201,
            -0.09432704746723175,
            0.0
          ],
          [
            -0.03501785919070244,
            0.09375840425491333,
            0.9949789643287659,
            0.0
          ],
          [
            0.0,
            0.0,
            0.0,
            1.0
          ]
        ],
        "rotation_mode": "QUATERNION"
      },
      "armature_space": {
        "head": {
          "x": 0.5388217568397522,
          "y": -0.029268842190504074,
          "z": 0.3007977306842804
        },
        "tail": {
          "x": 0.5312149524688721,
          "y": -0.03749300539493561,
          "z": 0.2686552405357361
        }
      },
      "world_space": {
        "head": {
          "x": 0.5388217568397522,
          "y": 0.033975157886743546,
          "z": 1.2506517171859741
        },
        "tail": {
          "x": 0.5312149524688721,
          "y": 0.02575099468231201,
          "z": 1.2185091972351074
        },
        "rotation_quaternion": {
          "w": 0.44355082511901855,
          "x": -0.6781469583511353,
          "y": 0.42714864015579224,
          "z": -0.40115275979042053
        },
        "matrix": [
          [
            0.31324025988578796,
            -0.2234766185283661,
            0.923005223274231,
            0.5388217568397522
          ],
          [
            -0.9352027177810669,
            -0.24161306023597717,
            0.25888049602508545,
            0.033975157886743546
          ],
          [
            0.16515673696994781,
            -0.9442958831787109,
            -0.28468069434165955,
            1.2506517171859741
          ],
          [
            0.0,
            0.0,
            0.0,
            1.0
          ]
        ]
      },
      "bone_length_armature_space": 0.03403880106294172,
      "parent": "metacarpal_thumb_l",
      "has_children": true,
      "is_end_bone": false
    },
    "thumb_02_l": {
      "name": "thumb_02_l",
      "local": {
        "location": {
          "x": 0.0,
          "y": 0.0,
          "z": 0.0
        },
        "rotation_quaternion": {
          "w": 0.9937918186187744,
          "x": 0.1108529195189476,
          "y": -0.005701320245862007,
          "z": 0.007545480504631996
        },
        "scale": {
          "x": 1.0,
          "y": 1.0,
          "z": 1.0
        },
        "matrix_basis": [
          [
            0.999821126461029,
            -0.01626128889620304,
            -0.009658973664045334,
            0.0
          ],
          [
            0.013733257539570332,
            0.9753093719482422,
            -0.22041548788547516,
            0.0
          ],
          [
            0.01300472766160965,
            0.2202434092760086,
            0.975358247756958,
            0.0
          ],
          [
            0.0,
            0.0,
            0.0,
            1.0
          ]
        ],
        "rotation_mode": "QUATERNION"
      },
      "armature_space": {
        "head": {
          "x": 0.5312148332595825,
          "y": -0.03749298304319382,
          "z": 0.2686552405357361
        },
        "tail": {
          "x": 0.5625770092010498,
          "y": -0.05802304670214653,
          "z": 0.25422903895378113
        }
      },
      "world_space": {
        "head": {
          "x": 0.5312148332595825,
          "y": 0.025751017034053802,
          "z": 1.2185091972351074
        },
        "tail": {
          "x": 0.5625770092010498,
          "y": 0.0052209533751010895,
          "z": 1.2040830850601196
        },
        "rotation_quaternion": {
          "w": 0.4917571544647217,
          "x": -0.2798781991004944,
          "y": 0.05098286643624306,
          "z": -0.8229482769966125
        },
        "matrix": [
          [
            -0.35968488454818726,
            0.780844509601593,
            0.510792076587677,
            0.5312148332595825
          ],
          [
            -0.8379193544387817,
            -0.5111507177352905,
            0.19135400652885437,
            0.025751017034053802
          ],
          [
            0.41051167249679565,
            -0.35917842388153076,
            0.838144063949585,
            1.2185091972351074
          ],
          [
            0.0,
            0.0,
            0.0,
            1.0
          ]
        ]
      },
      "bone_length_armature_space": 0.040164472707760204,
      "parent": "thumb_01_l",
      "has_children": true,
      "is_end_bone": false
    },
    "thumb_03_l": {
      "name": "thumb_03_l",
      "local": {
        "location": {
          "x": 0.0,
          "y": 0.0,
          "z": 0.0
        },
        "rotation_quaternion": {
          "w": 0.9991964101791382,
          "x": 0.039470065385103226,
          "y": 0.005640666466206312,
          "z": -0.004112461116164923
        },
        "scale": {
          "x": 1.0,
          "y": 1.0,
          "z": 1.0
        },
        "matrix_basis": [
          [
            0.9999025464057922,
            0.008663587272167206,
            0.010947628878057003,
            0.0
          ],
          [
            -0.007773037999868393,
            0.9968504309654236,
            -0.07892309129238129,
            0.0
          ],
          [
            -0.011596905998885632,
            0.0788303017616272,
            0.9968205690383911,
            0.0
          ],
          [
            0.0,
            0.0,
            0.0,
            1.0
          ]
        ],
        "rotation_mode": "QUATERNION"
      },
      "armature_space": {
        "head": {
          "x": 0.5625768899917603,
          "y": -0.058023080229759216,
          "z": 0.25422903895378113
        },
        "tail": {
          "x": 0.5913562774658203,
          "y": -0.06745632737874985,
          "z": 0.25112244486808777
        }
      },
      "world_space": {
        "head": {
          "x": 0.5625768899917603,
          "y": 0.005220919847488403,
          "z": 1.2040830850601196
        },
        "tail": {
          "x": 0.5913562774658203,
          "y": -0.004212327301502228,
          "z": 1.2009764909744263
        },
        "rotation_quaternion": {
          "w": 0.5858075022697449,
          "x": -0.026809971779584885,
          "y": 0.04366021975874901,
          "z": -0.808829128742218
        },
        "matrix": [
          [
            -0.3122212886810303,
            0.9452953338623047,
            0.09452289342880249,
            0.5625768899917603
          ],
          [
            -0.9499775767326355,
            -0.30984675884246826,
            -0.039215441793203354,
            0.005220919847488403
          ],
          [
            -0.007783472537994385,
            -0.10203949362039566,
            0.9947572350502014,
            1.2040830850601196
          ],
          [
            0.0,
            0.0,
            0.0,
            1.0
          ]
        ]
      },
      "bone_length_armature_space": 0.03044487222759931,
      "parent": "thumb_02_l",
      "has_children": false,
      "is_end_bone": true
    },
    "metacarpal_index_l": {
      "name": "metacarpal_index_l",
      "local": {
        "location": {
          "x": 0.0,
          "y": 0.0,
          "z": 0.0
        },
        "rotation_quaternion": {
          "w": 0.9998096823692322,
          "x": -0.01709679514169693,
          "y": 0.0028970413841307163,
          "z": 0.00894385389983654
        },
        "scale": {
          "x": 1.0,
          "y": 1.0,
          "z": 1.0
        },
        "matrix_basis": [
          [
            0.9998232126235962,
            -0.017983363941311836,
            0.0054871574975550175,
            0.0
          ],
          [
            0.017785243690013885,
            0.9992554187774658,
            0.03423890471458435,
            0.0
          ],
          [
            -0.006098802667111158,
            -0.03413525968790054,
            0.9993985891342163,
            0.0
          ],
          [
            0.0,
            0.0,
            0.0,
            1.0
          ]
        ],
        "rotation_mode": "QUATERNION"
      },
      "armature_space": {
        "head": {
          "x": 0.5328599214553833,
          "y": 0.012225627899169922,
          "z": 0.3271844983100891
        },
        "tail": {
          "x": 0.590125560760498,
          "y": -0.07675565034151077,
          "z": 0.27686309814453125
        }
      },
      "world_space": {
        "head": {
          "x": 0.5328599214553833,
          "y": 0.07546962797641754,
          "z": 1.27703857421875
        },
        "tail": {
          "x": 0.590125560760498,
          "y": -0.013511650264263153,
          "z": 1.2267171144485474
        },
        "rotation_quaternion": {
          "w": 0.100241519510746,
          "x": -0.8534232378005981,
          "y": -0.3320345878601074,
          "z": 0.38906753063201904
        },
        "matrix": [
          [
            0.4767580032348633,
            0.4887324273586273,
            -0.7306451201438904,
            0.5328599214553833
          ],
          [
            0.644733726978302,
            -0.7594090700149536,
            -0.0872730240225792,
            0.07546962797641754
          ],
          [
            -0.5975152850151062,
            -0.42946717143058777,
            -0.6771615147590637,
            1.27703857421875
          ],
          [
            0.0,
            0.0,
            0.0,
            1.0
          ]
        ]
      },
      "bone_length_armature_space": 0.117171944142067,
      "parent": "lowerarm_l",
      "has_children": true,
      "is_end_bone": false
    },
    "index_01_l": {
      "name": "index_01_l",
      "local": {
        "location": {
          "x": 0.0,
          "y": 0.0,
          "z": 0.0
        },
        "rotation_quaternion": {
          "w": 0.9954030513763428,
          "x": -0.09377742558717728,
          "y": 0.004779499489814043,
          "z": -0.018863528966903687
        },
        "scale": {
          "x": 1.0,
          "y": 1.0,
          "z": 1.0
        },
        "matrix_basis": [
          [
            0.9992426633834839,
            0.03665721043944359,
            0.013053002767264843,
            0.0
          ],
          [
            -0.03845004737377167,
            0.9816999435424805,
            0.18651235103607178,
            0.0
          ],
          [
            -0.005977110471576452,
            -0.18687298893928528,
            0.9823659062385559,
            0.0
          ],
          [
            0.0,
            0.0,
            0.0,
            1.0
          ]
        ],
        "rotation_mode": "QUATERNION"
      },
      "armature_space": {
        "head": {
          "x": 0.590125560760498,
          "y": -0.07675565034151077,
          "z": 0.27686309814453125
        },
        "tail": {
          "x": 0.6138527989387512,
          "y": -0.08831337839365005,
          "z": 0.2660692036151886
        }
      },
      "world_space": {
        "head": {
          "x": 0.590125560760498,
          "y": -0.013511650264263153,
          "z": 1.2267171144485474
        },
        "tail": {
          "x": 0.6138527989387512,
          "y": -0.025069378316402435,
          "z": 1.2159231901168823
        },
        "rotation_quaternion": {
          "w": 0.05114620178937912,
          "x": -0.7922036051750183,
          "y": -0.542880117893219,
          "z": 0.2740049660205841
        },
        "matrix": [
          [
            0.2604033648967743,
            0.8321155309677124,
            -0.4896669387817383,
            0.590125560760498
          ],
          [
            0.8881716728210449,
            -0.4053298830986023,
            -0.21646979451179504,
            -0.013511650264263153
          ],
          [
            -0.3786063492298126,
            -0.37854188680648804,
            -0.8446167707443237,
            1.2267171144485474
          ],
          [
            0.0,
            0.0,
            0.0,
            1.0
          ]
        ]
      },
      "bone_length_armature_space": 0.028514400848435168,
      "parent": "metacarpal_index_l",
      "has_children": true,
      "is_end_bone": false
    },
    "index_02_l": {
      "name": "index_02_l",
      "local": {
        "location": {
          "x": 0.0,
          "y": 0.0,
          "z": 0.0
        },
        "rotation_quaternion": {
          "w": 0.9835625290870667,
          "x": 0.18047060072422028,
          "y": -0.004994730465114117,
          "z": 0.003175666555762291
        },
        "scale": {
          "x": 1.0,
          "y": 1.0,
          "z": 1.0
        },
        "matrix_basis": [
          [
            0.9999299645423889,
            -0.00804973766207695,
            -0.00867903046309948,
            0.0
          ],
          [
            0.004444129299372435,
            0.9348405599594116,
            -0.35503995418548584,
            0.0
          ],
          [
            0.010971488431096077,
            0.35497650504112244,
            0.9348108172416687,
            0.0
          ],
          [
            0.0,
            0.0,
            0.0,
            1.0
          ]
        ],
        "rotation_mode": "QUATERNION"
      },
      "armature_space": {
        "head": {
          "x": 0.613852858543396,
          "y": -0.08831381052732468,
          "z": 0.2660689055919647
        },
        "tail": {
          "x": 0.6300210952758789,
          "y": -0.09998960047960281,
          "z": 0.24993330240249634
        }
      },
      "world_space": {
        "head": {
          "x": 0.613852858543396,
          "y": -0.025069810450077057,
          "z": 1.2159229516983032
        },
        "tail": {
          "x": 0.6300210952758789,
          "y": -0.036745600402355194,
          "z": 1.1997873783111572
        },
        "rotation_quaternion": {
          "w": 0.15918254852294922,
          "x": -0.7587524652481079,
          "y": -0.4970827102661133,
          "z": 0.38969796895980835
        },
        "matrix": [
          [
            0.2020864337682724,
            0.6302609443664551,
            -0.7496212720870972,
            0.613852858543396
          ],
          [
            0.8783918619155884,
            -0.4551384449005127,
            -0.14586660265922546,
            -0.025069810450077057
          ],
          [
            -0.43311771750450134,
            -0.6289883852005005,
            -0.6455980539321899,
            1.2159229516983032
          ],
          [
            0.0,
            0.0,
            0.0,
            1.0
          ]
        ]
      },
      "bone_length_armature_space": 0.025653335963423812,
      "parent": "index_01_l",
      "has_children": true,
      "is_end_bone": false
    },
    "index_03_l": {
      "name": "index_03_l",
      "local": {
        "location": {
          "x": 0.0,
          "y": 0.0,
          "z": 0.0
        },
        "rotation_quaternion": {
          "w": 0.9771851301193237,
          "x": 0.21210242807865143,
          "y": -0.009458644315600395,
          "z": 0.005688832141458988
        },
        "scale": {
          "x": 1.0,
          "y": 1.0,
          "z": 1.0
        },
        "matrix_basis": [
          [
            0.9997563362121582,
            -0.015130487270653248,
            -0.016072463244199753,
            0.0
          ],
          [
            0.007105681579560041,
            0.9099603891372681,
            -0.4146342873573303,
            0.0
          ],
          [
            0.02089892327785492,
            0.4144190549850464,
            0.9098461866378784,
            0.0
          ],
          [
            0.0,
            0.0,
            0.0,
            1.0
          ]
        ],
        "rotation_mode": "QUATERNION"
      },
      "armature_space": {
        "head": {
          "x": 0.6300212144851685,
          "y": -0.09998959302902222,
          "z": 0.2499334067106247
        },
        "tail": {
          "x": 0.6357147693634033,
          "y": -0.11114480346441269,
          "z": 0.22353479266166687
        }
      },
      "world_space": {
        "head": {
          "x": 0.6300212144851685,
          "y": -0.0367455929517746,
          "z": 1.1997873783111572
        },
        "tail": {
          "x": 0.6357147693634033,
          "y": -0.04790080338716507,
          "z": 1.1733888387680054
        },
        "rotation_quaternion": {
          "w": 0.3734014928340912,
          "x": -0.6755338311195374,
          "y": -0.41192176938056946,
          "z": 0.4842993915081024
        },
        "matrix": [
          [
            0.1915488839149475,
            0.19485974311828613,
            -0.961945116519928,
            0.6300212144851685
          ],
          [
            0.9182106256484985,
            -0.38178351521492004,
            0.10550303757190704,
            -0.0367455929517746
          ],
          [
            -0.3466981053352356,
            -0.9034839868545532,
            -0.2520541846752167,
            1.1997873783111572
          ],
          [
            0.0,
            0.0,
            0.0,
            1.0
          ]
        ]
      },
      "bone_length_armature_space": 0.02921886526204741,
      "parent": "index_02_l",
      "has_children": false,
      "is_end_bone": true
    },
    "metacarpal_pinky_l": {
      "name": "metacarpal_pinky_l",
      "local": {
        "location": {
          "x": 0.0,
          "y": 0.0,
          "z": 0.0
        },
        "rotation_quaternion": {
          "w": 0.9997197389602661,
          "x": -0.023337347432971,
          "y": 0.0025849163066595793,
          "z": -0.003028592560440302
        },
        "scale": {
          "x": 1.0,
          "y": 1.0,
          "z": 1.0
        },
        "matrix_basis": [
          [
            0.9999682903289795,
            0.005934837274253368,
            0.005309742409735918,
            0.0
          ],
          [
            -0.0061761378310620785,
            0.9988923668861389,
            0.046645957976579666,
            0.0
          ],
          [
            -0.005027025006711483,
            -0.04667727276682854,
            0.9988973736763,
            0.0
          ],
          [
            0.0,
            0.0,
            0.0,
            1.0
          ]
        ],
        "rotation_mode": "QUATERNION"
      },
      "armature_space": {
        "head": {
          "x": 0.5328599214553833,
          "y": 0.012225627899169922,
          "z": 0.3271844983100891
        },
        "tail": {
          "x": 0.6219512820243835,
          "y": -0.015927882865071297,
          "z": 0.2812132239341736
        }
      },
      "world_space": {
        "head": {
          "x": 0.5328599214553833,
          "y": 0.07546962797641754,
          "z": 1.27703857421875
        },
        "tail": {
          "x": 0.6219512820243835,
          "y": 0.04731611907482147,
          "z": 1.231067180633545
        },
        "rotation_quaternion": {
          "w": 0.5182241797447205,
          "x": 0.050253018736839294,
          "y": 0.31025761365890503,
          "z": -0.7953983545303345
        },
        "matrix": [
          [
            -0.4578353762626648,
            0.855571985244751,
            0.24162593483924866,
            0.5328599214553833
          ],
          [
            -0.7932083010673523,
            -0.270366907119751,
            -0.5456398129463196,
            0.07546962797641754
          ],
          [
            -0.4015100598335266,
            -0.44147631525993347,
            0.8024354577064514,
            1.27703857421875
          ],
          [
            0.0,
            0.0,
            0.0,
            1.0
          ]
        ]
      },
      "bone_length_armature_space": 0.10413092006696606,
      "parent": "lowerarm_l",
      "has_children": true,
      "is_end_bone": false
    },
    "pinky_01_l": {
      "name": "pinky_01_l",
      "local": {
        "location": {
          "x": 0.0,
          "y": 0.0,
          "z": 0.0
        },
        "rotation_quaternion": {
          "w": 0.998986005783081,
          "x": 0.0436522401869297,
          "y": 0.007057134062051773,
          "z": 0.008476007729768753
        },
        "scale": {
          "x": 1.0,
          "y": 1.0,
          "z": 1.0
        },
        "matrix_basis": [
          [
            0.9997566938400269,
            -0.016318706795573235,
            0.014839950017631054,
            0.0
          ],
          [
            0.017550945281982422,
            0.9960452914237976,
            -0.08709631860256195,
            0.0
          ],
          [
            -0.013359962962567806,
            0.08733558654785156,
            0.9960893392562866,
            0.0
          ],
          [
            0.0,
            0.0,
            0.0,
            1.0
          ]
        ],
        "rotation_mode": "QUATERNION"
      },
      "armature_space": {
        "head": {
          "x": 0.6219512820243835,
          "y": -0.015927882865071297,
          "z": 0.2812132239341736
        },
        "tail": {
