{
  "metadata": {
    "armature_name": "KIM_caucasian_male",
    "export_time": "2026-01-13T20:24:43.118849",
    "blender_version": "4.4.1",
    "bone_count": 56,
    "end_bone_count": 13,
    "spaces_included": [
      "LOCAL_CHANNELS",
      "ARMATURE_SPACE",
      "WORLD_SPACE"
    ],
    "note": "LOCAL matches Transform panel; replay pose via local.matrix_basis for best fidelity."
  },
  "bones": {
    "Root": {
      "name": "Root",
      "local": {
        "location": {
          "x": 0.0,
          "y": 0.0,
          "z": 0.0
        },
        "rotation_quaternion": {
          "w": 0.999916672706604,
          "x": 0.012810994870960712,
          "y": -0.001587643171660602,
          "z": -0.00038662878796458244
        },
        "scale": {
          "x": 1.0,
          "y": 1.0,
          "z": 1.0
        },
        "matrix_basis": [
          [
            0.9999946355819702,
            0.0007325145415961742,
            -0.003184927860274911,
            0.0
          ],
          [
            -0.0008138717385008931,
            0.999671459197998,
            -0.025618627667427063,
            0.0
          ],
          [
            0.003165115602314472,
            0.02562108263373375,
            0.999666690826416,
            0.0
          ],
          [
            0.0,
            0.0,
            0.0,
            1.0
          ]
        ],
        "rotation_mode": "QUATERNION"
      },
      "armature_space": {
        "head": {
          "x": 0.0,
          "y": 0.07072800397872925,
          "z": -0.009595036506652832
        },
        "tail": {
          "x": 5.228386362432502e-05,
          "y": -0.0002226009964942932,
          "z": -0.001815293449908495
        }
      },
      "world_space": {
        "head": {
          "x": 0.0,
          "y": 0.13397200405597687,
          "z": 0.9402589797973633
        },
        "tail": {
          "x": 5.228386362432502e-05,
          "y": 0.06302139908075333,
          "z": 0.9480386972427368
        },
        "rotation_quaternion": {
          "w": 0.05458014830946922,
          "x": 0.998508095741272,
          "y": 0.00027879432309418917,
          "z": -0.0016100830398499966
        },
        "matrix": [
          [
            0.9999946355819702,
            0.0007325145415961742,
            -0.003184927860274911,
            0.0
          ],
          [
            0.0003809988556895405,
            -0.9940418601036072,
            -0.10899879038333893,
            0.13397200405597687
          ],
          [
            -0.0032458172645419836,
            0.10899682343006134,
            -0.9940438270568848,
            0.9402589797973633
          ],
          [
            0.0,
            0.0,
            0.0,
            1.0
          ]
        ]
      },
      "bone_length_armature_space": 0.07137587576639405,
      "parent": null,
      "has_children": true,
      "is_end_bone": false
    },
    "spine_01": {
      "name": "spine_01",
      "local": {
        "location": {
          "x": 0.0,
          "y": 0.0,
          "z": 0.0
        },
        "rotation_quaternion": {
          "w": 0.9904553890228271,
          "x": 0.10381440073251724,
          "y": 0.03952547907829285,
          "z": 0.08160041272640228
        },
        "scale": {
          "x": 1.0,
          "y": 1.0,
          "z": 1.0
        },
        "matrix_basis": [
          [
            0.9835582375526428,
            -0.15343651175498962,
            0.09523904323577881,
            0.0
          ],
          [
            0.16984976828098297,
            0.9651278853416443,
            -0.1991964727640152,
            0.0
          ],
          [
            -0.06135385110974312,
            0.2120976597070694,
            0.9753206372261047,
            0.0
          ],
          [
            0.0,
            0.0,
            0.0,
            1.0
          ]
        ],
        "rotation_mode": "QUATERNION"
      },
      "armature_space": {
        "head": {
          "x": 5.228386362432502e-05,
          "y": -0.0002226009964942932,
          "z": -0.001815293449908495
        },
        "tail": {
          "x": -0.07325342297554016,
          "y": -0.09377937018871307,
          "z": 0.47149401903152466
        }
      },
      "world_space": {
        "head": {
          "x": 5.228386362432502e-05,
          "y": 0.06302139908075333,
          "z": 0.9480386972427368
        },
        "tail": {
          "x": -0.07325342297554016,
          "y": -0.030535370111465454,
          "z": 1.4213480949401855
        },
        "rotation_quaternion": {
          "w": 0.6351199150085449,
          "x": 0.7672420740127563,
          "y": -0.02766767144203186,
          "z": 0.08483482897281647
        },
        "matrix": [
          [
            0.984075129032135,
            -0.1502162218093872,
            0.09503213316202164,
            5.228386362432502e-05
          ],
          [
            0.06530405580997467,
            -0.19171421229839325,
            -0.9792758822441101,
            0.06302139908075333
          ],
          [
            0.16532331705093384,
            0.9698936939239502,
            -0.1788536012172699,
            0.9480386972427368
          ],
          [
            0.0,
            0.0,
            0.0,
            1.0
          ]
        ]
      },
      "bone_length_armature_space": 0.48800440426311675,
      "parent": "Root",
      "has_children": true,
      "is_end_bone": false
    },
    "neck_01": {
      "name": "neck_01",
      "local": {
        "location": {
          "x": 0.0,
          "y": 0.0,
          "z": 0.0
        },
        "rotation_quaternion": {
          "w": 0.9890247583389282,
          "x": -0.04724080488085747,
          "y": 0.11026781052350998,
          "z": 0.08625202625989914
        },
        "scale": {
          "x": 1.0,
          "y": 1.0,
          "z": 1.0
        },
        "matrix_basis": [
          [
            0.960803210735321,
            -0.1810290664434433,
            0.20996595919132233,
            0.0
          ],
          [
            0.16019250452518463,
            0.9806578159332275,
            0.11246629804372787,
            0.0
          ],
          [
            -0.22626441717147827,
            -0.07442300766706467,
            0.9712186455726624,
            0.0
          ],
          [
            0.0,
            0.0,
            0.0,
            1.0
          ]
        ],
        "rotation_mode": "QUATERNION"
      },
      "armature_space": {
        "head": {
          "x": -0.08095626533031464,
          "y": -0.1417781114578247,
          "z": 0.5363054275512695
        },
        "tail": {
          "x": -0.11065827310085297,
          "y": -0.19183897972106934,
          "z": 0.6206998229026794
        }
      },
      "world_space": {
        "head": {
          "x": -0.08095626533031464,
          "y": -0.07853411138057709,
          "z": 1.4861594438552856
        },
        "tail": {
          "x": -0.11065827310085297,
          "y": -0.12859497964382172,
          "z": 1.5705537796020508
        },
        "rotation_quaternion": {
          "w": 0.5043602585792542,
          "x": 0.8330950140953064,
          "y": -0.03836919739842415,
          "z": 0.22383299469947815
        },
        "matrix": [
          [
            0.896853506565094,
            -0.28971534967422485,
            0.3342432975769043,
            -0.08095626533031464
          ],
          [
            0.16185344755649567,
            -0.48829710483551025,
            -0.857537031173706,
            -0.07853411138057709
          ],
          [
            0.41165465116500854,
            0.823188841342926,
            -0.3910432457923889,
            1.4861594438552856
          ],
          [
            0.0,
            0.0,
            0.0,
            1.0
          ]
        ]
      },
      "bone_length_armature_space": 0.10252177342480956,
      "parent": "spine_01",
      "has_children": true,
      "is_end_bone": false
    },
    "head": {
      "name": "head",
      "local": {
        "location": {
          "x": 0.0,
          "y": 0.0,
          "z": 0.0
        },
        "rotation_quaternion": {
          "w": 0.9844411611557007,
          "x": -0.11228154599666595,
          "y": 0.006282479036599398,
          "z": -0.1350150853395462
        },
        "scale": {
          "x": 1.0,
          "y": 1.0,
          "z": 1.0
        },
        "matrix_basis": [
          [
            0.9634628891944885,
            0.26441800594329834,
            0.04268886521458626,
            0.0
          ],
          [
            -0.26723963022232056,
            0.9383275508880615,
            0.2193726897239685,
            0.0
          ],
          [
            0.017949942499399185,
            -0.22276560962200165,
            0.974706768989563,
            0.0
          ],
          [
            0.0,
            0.0,
            0.0,
            1.0
          ]
        ],
        "rotation_mode": "QUATERNION"
      },
      "armature_space": {
        "head": {
          "x": -0.110658198595047,
          "y": -0.1918390840291977,
          "z": 0.6206997036933899
        },
        "tail": {
          "x": -0.13789479434490204,
          "y": -0.17274357378482819,
          "z": 0.7721818685531616
        }
      },
      "world_space": {
        "head": {
          "x": -0.110658198595047,
          "y": -0.12859508395195007,
          "z": 1.5705537796020508
        },
        "tail": {
          "x": -0.13789479434490204,
          "y": -0.10949957370758057,
          "z": 1.7220358848571777
        },
        "rotation_quaternion": {
          "w": 0.7493745684623718,
          "x": 0.6517724394798279,
          "y": -0.0004911893629468977,
          "z": 0.11674901098012924
        },
        "matrix": [
          [
            0.9727385640144348,
            -0.1756177842617035,
            0.15145240724086761,
            -0.110658198595047
          ],
          [
            0.17433834075927734,
            0.12312520295381546,
            -0.9769579172134399,
            -0.12859508395195007
          ],
          [
            0.15292471647262573,
            0.9767356514930725,
            0.15038563311100006,
            1.5705537796020508
          ],
          [
            0.0,
            0.0,
            0.0,
            1.0
          ]
        ]
      },
      "bone_length_armature_space": 0.15509131629058043,
      "parent": "neck_01",
      "has_children": false,
      "is_end_bone": true
    },
    "upperarm_l": {
      "name": "upperarm_l",
      "local": {
        "location": {
          "x": 0.0,
          "y": 0.0,
          "z": 0.0
        },
        "rotation_quaternion": {
          "w": 0.8548043966293335,
          "x": 0.09495435655117035,
          "y": 0.4923543930053711,
          "z": 0.13371716439723969
        },
        "scale": {
          "x": 1.0,
          "y": 1.0,
          "z": 1.0
        },
        "matrix_basis": [
          [
            0.4794137477874756,
            -0.13510164618492126,
            0.8671274781227112,
            0.0
          ],
          [
            0.32210642099380493,
            0.94620680809021,
            -0.030662335455417633,
            0.0
          ],
          [
            -0.816339373588562,
            0.294007271528244,
            0.49714162945747375,
            0.0
          ],
          [
            0.0,
            0.0,
            0.0,
            1.0
          ]
        ],
        "rotation_mode": "QUATERNION"
      },
      "armature_space": {
        "head": {
          "x": 0.07705377787351608,
          "y": -0.12222085893154144,
          "z": 0.49534913897514343
        },
        "tail": {
          "x": 0.33243846893310547,
          "y": -0.1791217178106308,
          "z": 0.5532163381576538
        }
      },
      "world_space": {
        "head": {
          "x": 0.07705377787351608,
          "y": -0.05897685885429382,
          "z": 1.445203185081482
        },
        "tail": {
          "x": 0.33243846893310547,
          "y": -0.11587771773338318,
          "z": 1.50307035446167
        },
        "rotation_quaternion": {
          "w": 0.1661107987165451,
          "x": 0.7777793407440186,
          "y": 0.6051747798919678,
          "z": -0.03507281094789505
        },
        "matrix": [
          [
            0.2650664448738098,
            0.9530366063117981,
            0.14649561047554016,
            0.07705377787351608
          ],
          [
            0.9297332763671875,
            -0.21234086155891418,
            -0.30084508657455444,
            -0.05897685885429382
          ],
          [
            -0.2556103467941284,
            0.2159470170736313,
            -0.942361056804657,
            1.445203185081482
          ],
          [
            0.0,
            0.0,
            0.0,
            1.0
          ]
        ]
      },
      "bone_length_armature_space": 0.2679695130600088,
      "parent": "spine_01",
      "has_children": true,
      "is_end_bone": false
    },
    "lowerarm_l": {
      "name": "lowerarm_l",
      "local": {
        "location": {
          "x": 0.0,
          "y": 0.0,
          "z": 0.0
        },
        "rotation_quaternion": {
          "w": 0.9554901719093323,
          "x": 0.11537408828735352,
          "y": 0.07463997602462769,
          "z": -0.2610677480697632
        },
        "scale": {
          "x": 1.0,
          "y": 1.0,
          "z": 1.0
        },
        "matrix_basis": [
          [
            0.8525450229644775,
            0.5161183476448059,
            0.08239462226629257,
            0.0
          ],
          [
            -0.4816722869873047,
            0.8370649218559265,
            -0.2594498097896576,
            0.0
          ],
          [
            -0.20287643373012543,
            0.18150542676448822,
            0.9622353911399841,
            0.0
          ],
          [
            0.0,
            0.0,
            0.0,
            1.0
          ]
        ],
        "rotation_mode": "QUATERNION"
      },
      "armature_space": {
        "head": {
          "x": 0.33243852853775024,
          "y": -0.17912186682224274,
          "z": 0.5532163381576538
        },
        "tail": {
          "x": 0.589128851890564,
          "y": -0.1487523913383484,
          "z": 0.4842439889907837
        }
      },
      "world_space": {
        "head": {
          "x": 0.33243852853775024,
          "y": -0.11587786674499512,
          "z": 1.50307035446167
        },
        "tail": {
          "x": 0.589128851890564,
          "y": -0.08550839126110077,
          "z": 1.4340980052947998
        },
        "rotation_quaternion": {
          "w": 0.011094975285232067,
          "x": -0.6454547047615051,
          "y": -0.7460812926292419,
          "z": 0.16318054497241974
        },
        "matrix": [
          [
            -0.16652977466583252,
            0.9595020413398743,
            -0.22720766067504883,
            0.33243852853775024
          ],
          [
            0.9667447209358215,
            0.11352039128541946,
            -0.22916826605796814,
            -0.11587786674499512
          ],
          [
            -0.1940952092409134,
            -0.25781700015068054,
            -0.9465049505233765,
            1.50307035446167
          ],
          [
            0.0,
            0.0,
            0.0,
            1.0
          ]
        ]
      },
      "bone_length_armature_space": 0.2675246059885823,
      "parent": "upperarm_l",
      "has_children": true,
      "is_end_bone": false
    },
    "metacarpal_thumb_l": {
      "name": "metacarpal_thumb_l",
      "local": {
        "location": {
          "x": 0.0,
          "y": 0.0,
          "z": 0.0
        },
        "rotation_quaternion": {
          "w": 0.9998307228088379,
          "x": -0.004984852857887745,
          "y": -0.0034119184128940105,
          "z": 0.017381925135850906
        },
        "scale": {
          "x": 1.0,
          "y": 1.0,
          "z": 1.0
        },
        "matrix_basis": [
          [
            0.9993724822998047,
            -0.03472394868731499,
            -0.006995974574238062,
            0.0
          ],
          [
            0.0347919799387455,
            0.9993460178375244,
            0.009849406778812408,
            0.0
          ],
          [
            0.006649388931691647,
            -0.010086629539728165,
            0.9999270439147949,
            0.0
          ],
          [
            0.0,
            0.0,
            0.0,
            1.0
          ]
        ],
        "rotation_mode": "QUATERNION"
      },
      "armature_space": {
        "head": {
          "x": 0.589128851890564,
          "y": -0.1487523913383484,
          "z": 0.4842439889907837
        },
        "tail": {
          "x": 0.617343544960022,
          "y": -0.14328041672706604,
          "z": 0.44390052556991577
        }
      },
      "world_space": {
        "head": {
          "x": 0.589128851890564,
          "y": -0.08550839126110077,
          "z": 1.4340980052947998
        },
        "tail": {
          "x": 0.617343544960022,
          "y": -0.08003641664981842,
          "z": 1.393754482269287
        },
        "rotation_quaternion": {
          "w": 0.6629946827888489,
          "x": -0.6607200503349304,
          "y": -0.34010761976242065,
          "z": -0.09062987565994263
        },
        "matrix": [
          [
            0.7522246241569519,
            0.5696061253547668,
            -0.3312196135520935,
            0.589128851890564
          ],
          [
            0.3292613625526428,
            0.11046969890594482,
            0.9377546310424805,
            -0.08550839126110077
          ],
          [
            0.5707449913024902,
            -0.8144655823707581,
            -0.10445116460323334,
            1.4340980052947998
          ],
          [
            0.0,
            0.0,
            0.0,
            1.0
          ]
        ]
      },
      "bone_length_armature_space": 0.049533892228665256,
      "parent": "lowerarm_l",
      "has_children": true,
      "is_end_bone": false
    },
    "thumb_01_l": {
      "name": "thumb_01_l",
      "local": {
        "location": {
          "x": 0.0,
          "y": 0.0,
          "z": 0.0
        },
        "rotation_quaternion": {
          "w": 0.9975450038909912,
          "x": -0.06905055046081543,
          "y": 0.0012636412866413593,
          "z": 0.01159745268523693
        },
        "scale": {
          "x": 1.0,
          "y": 1.0,
          "z": 1.0
        },
        "matrix_basis": [
          [
            0.9997277855873108,
            -0.02331247180700302,
            0.0009194571175612509,
            0.0
          ],
          [
            0.022963451221585274,
            0.9901950359344482,
            0.13779138028621674,
            0.0
          ],
          [
            -0.004122699145227671,
            -0.13773275911808014,
            0.9904608726501465,
            0.0
          ],
          [
            0.0,
            0.0,
            0.0,
            1.0
          ]
        ],
        "rotation_mode": "QUATERNION"
      },
      "armature_space": {
        "head": {
          "x": 0.617343544960022,
          "y": -0.14328041672706604,
          "z": 0.44390052556991577
        },
        "tail": {
          "x": 0.6145743131637573,
          "y": -0.12026504427194595,
          "z": 0.41897550225257874
        }
      },
      "world_space": {
        "head": {
          "x": 0.617343544960022,
          "y": -0.08003641664981842,
          "z": 1.393754482269287
        },
        "tail": {
          "x": 0.6145743131637573,
          "y": -0.057021044194698334,
          "z": 1.3688294887542725
        },
        "rotation_quaternion": {
          "w": 0.8225113749504089,
          "x": -0.3788357377052307,
          "y": 0.40193605422973633,
          "z": -0.1356690526008606
        },
        "matrix": [
          [
            0.6400831937789917,
            -0.08135547488927841,
            0.7639858722686768,
            0.617343544960022
          ],
          [
            -0.5277139544487,
            0.6761555671691895,
            0.5141324400901794,
            -0.08003641664981842
          ],
          [
            -0.5584049224853516,
            -0.7322580814361572,
            0.3898667097091675,
            1.393754482269287
          ],
          [
            0.0,
            0.0,
            0.0,
            1.0
          ]
        ]
      },
      "bone_length_armature_space": 0.03403869509382738,
      "parent": "metacarpal_thumb_l",
      "has_children": true,
      "is_end_bone": false
    },
    "thumb_02_l": {
      "name": "thumb_02_l",
      "local": {
        "location": {
          "x": 0.0,
          "y": 0.0,
          "z": 0.0
        },
        "rotation_quaternion": {
          "w": 0.9976632595062256,
          "x": 0.06727087497711182,
          "y": 0.006658061873167753,
          "z": 0.009915145114064217
        },
        "scale": {
          "x": 1.0,
          "y": 1.0,
          "z": 1.0
        },
        "matrix_basis": [
          [
            0.999714732170105,
            -0.018888164311647415,
            0.014619008637964725,
            0.0
          ],
          [
            0.020679738372564316,
            0.990752637386322,
            -0.13409532606601715,
            0.0
          ],
          [
            -0.011951006017625332,
            0.13435938954353333,
            0.9908605813980103,
            0.0
          ],
          [
            0.0,
            0.0,
            0.0,
            1.0
          ]
        ],
        "rotation_mode": "QUATERNION"
      },
      "armature_space": {
        "head": {
          "x": 0.6145742535591125,
          "y": -0.12026506662368774,
          "z": 0.41897550225257874
        },
        "tail": {
          "x": 0.6504455208778381,
          "y": -0.11018797010183334,
          "z": 0.4039793014526367
        }
      },
      "world_space": {
        "head": {
          "x": 0.6145742535591125,
          "y": -0.057021066546440125,
          "z": 1.3688294887542725
        },
        "tail": {
          "x": 0.6504455208778381,
          "y": -0.046943970024585724,
          "z": 1.3538333177566528
        },
        "rotation_quaternion": {
          "w": 0.6910292506217957,
          "x": 0.06834528595209122,
          "y": 0.38461431860923767,
          "z": -0.6081770658493042
        },
        "matrix": [
          [
            -0.03561706840991974,
            0.8931107521057129,
            0.44842422008514404,
            0.6145742535591125
          ],
          [
            -0.7879630327224731,
            0.2508961260318756,
            -0.562286376953125,
            -0.057021066546440125
          ],
          [
            -0.6146969199180603,
            -0.3733707666397095,
            0.6948063969612122,
            1.3688294887542725
          ],
          [
            0.0,
            0.0,
            0.0,
            1.0
          ]
        ]
      },
      "bone_length_armature_space": 0.040164434303079456,
      "parent": "thumb_01_l",
      "has_children": true,
      "is_end_bone": false
    },
    "thumb_03_l": {
      "name": "thumb_03_l",
      "local": {
        "location": {
          "x": 0.0,
          "y": 0.0,
          "z": 0.0
        },
        "rotation_quaternion": {
          "w": 0.9982349872589111,
          "x": 0.05880511552095413,
          "y": -0.003789384849369526,
          "z": 0.0073947845958173275
        },
        "scale": {
          "x": 1.0,
          "y": 1.0,
          "z": 1.0
        },
        "matrix_basis": [
          [
            0.9998618960380554,
            -0.015209135599434376,
            -0.00669569056481123,
            0.0
          ],
          [
            0.01431779470294714,
            0.992974579334259,
            -0.11745869368314743,
            0.0
          ],
          [
            0.00843509566038847,
            0.11734660714864731,
            0.9930552244186401,
            0.0
          ],
          [
            0.0,
            0.0,
            0.0,
            1.0
          ]
        ],
        "rotation_mode": "QUATERNION"
      },
      "armature_space": {
        "head": {
          "x": 0.6504454612731934,
          "y": -0.11018799245357513,
          "z": 0.40397924184799194
        },
        "tail": {
          "x": 0.680679202079773,
          "y": -0.10660898685455322,
          "z": 0.40400266647338867
        }
      },
      "world_space": {
        "head": {
          "x": 0.6504454612731934,
          "y": -0.046943992376327515,
          "z": 1.3538331985473633
        },
        "tail": {
          "x": 0.680679202079773,
          "y": -0.0433649867773056,
          "z": 1.3538566827774048
        },
        "rotation_quaternion": {
          "w": 0.641455352306366,
          "x": 0.3415011167526245,
          "y": 0.3838157653808594,
          "z": -0.569734513759613
        },
        "matrix": [
          [
            0.056174661964178085,
            0.9930657148361206,
            0.10326936841011047,
            0.6504454612731934
          ],
          [
            -0.4687722623348236,
            0.11755680292844772,
            -0.8754619359970093,
            -0.046943992376327515
          ],
          [
            -0.8815376162528992,
            0.0007693618535995483,
            0.47212788462638855,
            1.3538331985473633
          ],
          [
            0.0,
            0.0,
            0.0,
            1.0
          ]
        ]
      },
      "bone_length_armature_space": 0.030444850275299532,
      "parent": "thumb_02_l",
      "has_children": false,
      "is_end_bone": true
    },
    "metacarpal_index_l": {
      "name": "metacarpal_index_l",
      "local": {
        "location": {
          "x": 0.0,
          "y": 0.0,
          "z": 0.0
        },
        "rotation_quaternion": {
          "w": 0.9978362321853638,
          "x": -0.06391948461532593,
          "y": -0.014051289297640324,
          "z": -0.006304877810180187
        },
        "scale": {
          "x": 1.0,
          "y": 1.0,
          "z": 1.0
        },
        "matrix_basis": [
          [
            0.9995256066322327,
            0.014378773048520088,
            -0.027235761284828186,
            0.0
          ],
          [
            -0.010786168277263641,
            0.991749107837677,
            0.1277395337820053,
            0.0
          ],
          [
            0.02884778007864952,
            -0.12738516926765442,
            0.9914337396621704,
            0.0
          ],
          [
            0.0,
            0.0,
            0.0,
            1.0
          ]
        ],
        "rotation_mode": "QUATERNION"
      },
      "armature_space": {
        "head": {
          "x": 0.589128851890564,
          "y": -0.1487523913383484,
          "z": 0.4842439889907837
        },
        "tail": {
          "x": 0.6935938596725464,
          "y": -0.14682653546333313,
          "z": 0.4312100112438202
        }
      },
      "world_space": {
        "head": {
          "x": 0.589128851890564,
          "y": -0.08550839126110077,
          "z": 1.4340980052947998
        },
        "tail": {
          "x": 0.6935938596725464,
          "y": -0.08358253538608551,
          "z": 1.3810640573501587
        },
        "rotation_quaternion": {
          "w": 0.38374078273773193,
          "x": -0.6978635787963867,
          "y": -0.6007995009422302,
          "z": -0.06906118988990784
        },
        "matrix": [
          [
            0.26853877305984497,
            0.8915547728538513,
            -0.36471450328826904,
            0.589128851890564
          ],
          [
            0.7855511903762817,
            0.016436122357845306,
            0.6185787320137024,
            -0.08550839126110077
          ],
          [
            0.5574958920478821,
            -0.4526175856590271,
            -0.6959525346755981,
            1.4340980052947998
          ],
          [
            0.0,
            0.0,
            0.0,
            1.0
          ]
        ]
      },
      "bone_length_armature_space": 0.11717188124420373,
      "parent": "lowerarm_l",
      "has_children": true,
      "is_end_bone": false
    },
    "index_01_l": {
      "name": "index_01_l",
      "local": {
        "location": {
          "x": 0.0,
          "y": 0.0,
          "z": 0.0
        },
        "rotation_quaternion": {
          "w": 0.9925245046615601,
          "x": -0.12075584381818771,
          "y": 0.015886450186371803,
          "z": -0.007794647011905909
        },
        "scale": {
          "x": 1.0,
          "y": 1.0,
          "z": 1.0
        },
        "matrix_basis": [
          [
            0.999373733997345,
            0.011635992676019669,
            0.03341788053512573,
            0.0
          ],
          [
            -0.019309518858790398,
            0.9707145690917969,
            0.2394586056470871,
            0.0
          ],
          [
            -0.029652884230017662,
            -0.2399539202451706,
            0.9703313112258911,
            0.0
          ],
          [
            0.0,
            0.0,
            0.0,
            1.0
          ]
        ],
        "rotation_mode": "QUATERNION"
      },
      "armature_space": {
        "head": {
          "x": 0.6935938596725464,
          "y": -0.14682653546333313,
          "z": 0.4312100112438202
        },
        "tail": {
          "x": 0.7220447063446045,
          "y": -0.14547306299209595,
          "z": 0.4325462579727173
        }
      },
      "world_space": {
        "head": {
          "x": 0.6935938596725464,
          "y": -0.08358253538608551,
          "z": 1.3810640573501587
        },
        "tail": {
          "x": 0.7220447063446045,
          "y": -0.08222906291484833,
          "z": 1.3824002742767334
        },
        "rotation_quaternion": {
          "w": 0.2641485035419464,
          "x": -0.6299821138381958,
          "y": -0.6737657785415649,
          "z": -0.28175869584083557
        },
        "matrix": [
          [
            -0.06669499725103378,
            0.9977728724479675,
            -0.0009394586086273193,
            0.6935938596725464
          ],
          [
            0.7000690698623657,
            0.04746624827384949,
            0.7124961614608765,
            -0.08358253538608551
          ],
          [
            0.7109594941139221,
            0.046862490475177765,
            -0.7016800045967102,
            1.3810640573501587
          ],
          [
            0.0,
            0.0,
            0.0,
            1.0
          ]
        ]
      },
      "bone_length_armature_space": 0.028514349635409525,
      "parent": "metacarpal_index_l",
      "has_children": true,
      "is_end_bone": false
    },
    "index_02_l": {
      "name": "index_02_l",
      "local": {
        "location": {
          "x": 0.0,
          "y": 0.0,
          "z": 0.0
        },
        "rotation_quaternion": {
          "w": 0.9995208978652954,
          "x": 0.029666218906641006,
          "y": 0.008705688640475273,
          "z": -0.0014884981792420149
        },
        "scale": {
          "x": 1.0,
          "y": 1.0,
          "z": 1.0
        },
        "matrix_basis": [
          [
            0.9998440146446228,
            0.0034920996986329556,
            0.017314719036221504,
            0.0
          ],
          [
            -0.0024590403772890568,
            0.9982354044914246,
            -0.05932992696762085,
            0.0
          ],
          [
            -0.017491351813077927,
            0.05927809327840805,
            0.9980882406234741,
            0.0
          ],
          [
            0.0,
            0.0,
            0.0,
            1.0
          ]
        ],
        "rotation_mode": "QUATERNION"
      },
      "armature_space": {
        "head": {
          "x": 0.7220451235771179,
          "y": -0.14547298848628998,
          "z": 0.43254590034484863
        },
        "tail": {
          "x": 0.7475681900978088,
          "y": -0.1432511806488037,
          "z": 0.43385952711105347
        }
      },
      "world_space": {
        "head": {
          "x": 0.7220451235771179,
          "y": -0.08222898840904236,
          "z": 1.3823999166488647
        },
        "tail": {
          "x": 0.7475681900978088,
          "y": -0.08000718057155609,
          "z": 1.3837134838104248
        },
        "rotation_quaternion": {
          "w": 0.2507033348083496,
          "x": -0.6228470206260681,
          "y": -0.6931478381156921,
          "z": -0.2622128427028656
        },
        "matrix": [
          [
            -0.09841770678758621,
            0.9949253797531128,
            -0.02090887725353241,
            0.7220451235771179
          ],
          [
            0.7319755554199219,
            0.08660924434661865,
            0.6758041381835938,
            -0.08222898840904236
          ],
          [
            0.674190878868103,
            0.05120660364627838,
            -0.7367896437644958,
            1.3823999166488647
          ],
          [
            0.0,
            0.0,
            0.0,
            1.0
          ]
        ]
      },
      "bone_length_armature_space": 0.02565324443399095,
      "parent": "index_01_l",
      "has_children": true,
      "is_end_bone": false
    },
    "index_03_l": {
      "name": "index_03_l",
      "local": {
        "location": {
          "x": 0.0,
          "y": 0.0,
          "z": 0.0
        },
        "rotation_quaternion": {
          "w": 0.9995502829551697,
          "x": 0.029380755499005318,
          "y": 0.005932600237429142,
          "z": -0.001019564107991755
        },
        "scale": {
          "x": 1.0,
          "y": 1.0,
          "z": 1.0
        },
        "matrix_basis": [
          [
            0.9999275207519531,
            0.0023868198040872812,
            0.011799952946603298,
            0.0
          ],
          [
            -0.0016896026208996773,
            0.9982714653015137,
            -0.05874718353152275,
            0.0
          ],
          [
            -0.011919775977730751,
            0.05872298777103424,
            0.9982031583786011,
            0.0
          ],
          [
            0.0,
            0.0,
            0.0,
            1.0
          ]
        ],
        "rotation_mode": "QUATERNION"
      },
      "armature_space": {
        "head": {
          "x": 0.7475681900978088,
          "y": -0.14325128495693207,
          "z": 0.43385961651802063
        },
        "tail": {
          "x": 0.775820791721344,
          "y": -0.13580366969108582,
          "z": 0.4340970516204834
        }
      },
      "world_space": {
        "head": {
          "x": 0.7475681900978088,
          "y": -0.08000728487968445,
          "z": 1.3837136030197144
        },
        "tail": {
          "x": 0.775820791721344,
          "y": -0.0725596696138382,
          "z": 1.3839510679244995
        },
        "rotation_quaternion": {
          "w": 0.3123455047607422,
          "x": -0.5588727593421936,
          "y": -0.7279338240623474,
          "z": -0.24538518488407135
        },
        "matrix": [
          [
            -0.18020181357860565,
            0.9669352769851685,
            -0.1804528534412384,
            0.7475681900978088
          ],
          [
            0.6603556275367737,
            0.25489211082458496,
            0.7063716650009155,
            -0.08000728487968445
          ],
          [
            0.7290173768997192,
            0.00812654197216034,
            -0.6844574809074402,
            1.3837136030197144
          ],
          [
            0.0,
            0.0,
            0.0,
            1.0
          ]
        ]
      },
      "bone_length_armature_space": 0.029218707345754467,
      "parent": "index_02_l",
      "has_children": false,
      "is_end_bone": true
    },
    "metacarpal_pinky_l": {
      "name": "metacarpal_pinky_l",
      "local": {
        "location": {
          "x": 0.0,
          "y": 0.0,
          "z": 0.0
        },
        "rotation_quaternion": {
          "w": 0.9995442032814026,
          "x": -0.02949967235326767,
          "y": -0.0009397345129400492,
          "z": 0.006347057409584522
        },
        "scale": {
          "x": 1.0,
          "y": 1.0,
          "z": 1.0
        },
        "matrix_basis": [
          [
            0.9999176859855652,
            -0.01263288501650095,
            -0.0022530846763402224,
            0.0
          ],
          [
            0.012743772938847542,
            0.9981789588928223,
            0.05896052345633507,
            0.0
          ],
          [
            0.0015041400911286473,
            -0.058984383940696716,
            0.9982577562332153,
            0.0
          ],
          [
            0.0,
            0.0,
            0.0,
            1.0
          ]
        ],
        "rotation_mode": "QUATERNION"
      },
      "armature_space": {
        "head": {
          "x": 0.589128851890564,
          "y": -0.1487523913383484,
          "z": 0.4842439889907837
        },
        "tail": {
          "x": 0.6900545358657837,
          "y": -0.12383150309324265,
          "z": 0.49025824666023254
        }
      },
      "world_space": {
        "head": {
          "x": 0.589128851890564,
          "y": -0.08550839126110077,
          "z": 1.4340980052947998
        },
        "tail": {
          "x": 0.6900545358657837,
          "y": -0.060587503015995026,
          "z": 1.4401122331619263
        },
        "rotation_quaternion": {
          "w": 0.5493348836898804,
          "x": 0.4665391743183136,
          "y": 0.5638202428817749,
          "z": -0.40333497524261475
        },
        "matrix": [
          [
            0.038856230676174164,
            0.9692204594612122,
            0.2431078553199768,
            0.589128851890564
          ],
          [
            0.0829557403922081,
            0.23932300508022308,
            -0.9673898816108704,
            -0.08550839126110077
          ],
          [
            -0.9958024024963379,
            0.057756807655096054,
            -0.07110466063022614,
            1.4340980052947998
          ],
          [
            0.0,
            0.0,
            0.0,
            1.0
          ]
        ]
      },
      "bone_length_armature_space": 0.10413076023196408,
      "parent": "lowerarm_l",
      "has_children": true,
      "is_end_bone": false
    },
    "pinky_01_l": {
      "name": "pinky_01_l",
      "local": {
        "location": {
          "x": 0.0,
          "y": 0.0,
          "z": 0.0
        },
        "rotation_quaternion": {
          "w": 0.9962655305862427,
          "x": -0.08633071929216385,
          "y": -0.0007405593059957027,
          "z": -0.0012617874890565872
        },
        "scale": {
          "x": 1.0,
          "y": 1.0,
          "z": 1.0
        },
        "matrix_basis": [
          [
            0.9999957084655762,
            0.0026420168578624725,
            -0.00125772540923208,
            0.0
          ],
          [
            -0.0023862847592681646,
            0.9850908517837524,
            0.17201851308345795,
            0.0
          ],
          [
            0.0016934494487941265,
            -0.1720147728919983,
            0.9850929379463196,
            0.0
          ],
          [
            0.0,
            0.0,
            0.0,
            1.0
          ]
        ],
        "rotation_mode": "QUATERNION"
      },
      "armature_space": {
        "head": {
          "x": 0.6900545358657837,
          "y": -0.12383150309324265,
          "z": 0.49025824666023254
        },
