{
  "metadata": {
    "armature_name": "KIM_caucasian_male",
    "export_time": "2026-01-13T21:15:52.120837",
    "blender_version": "4.4.1",
    "bone_count": 56,
    "end_bone_count": 13,
    "spaces_included": [
      "LOCAL_CHANNELS",
      "ARMATURE_SPACE",
      "WORLD_SPACE"
    ],
    "note": "LOCAL matches Transform panel; replay pose via local.matrix_basis for best fidelity."
  },
  "bones": {
    "Root": {
      "name": "Root",
      "local": {
        "location": {
          "x": 0.0,
          "y": 0.0,
          "z": 0.0
        },
        "rotation_quaternion": {
          "w": 0.9999232292175293,
          "x": 0.004386890679597855,
          "y": 0.01119609922170639,
          "z": 0.0029913736507296562
        },
        "scale": {
          "x": 1.0,
          "y": 1.0,
          "z": 1.0
        },
        "matrix_basis": [
          [
            0.9997314214706421,
            -0.005884055979549885,
            0.022416725754737854,
            0.0
          ],
          [
            0.006080520339310169,
            0.9999436140060425,
            -0.008706124499440193,
            0.0
          ],
          [
            -0.022364234551787376,
            0.008840091526508331,
            0.9997107982635498,
            0.0
          ],
          [
            0.0,
            0.0,
            0.0,
            1.0
          ]
        ],
        "rotation_mode": "QUATERNION"
      },
      "armature_space": {
        "head": {
          "x": 0.0,
          "y": 0.07072800397872925,
          "z": -0.009595036506652832
        },
        "tail": {
          "x": -0.00041997962398454547,
          "y": -8.083134889602661e-05,
          "z": -0.0006257882341742516
        }
      },
      "world_space": {
        "head": {
          "x": 0.0,
          "y": 0.13397200405597687,
          "z": 0.9402589797973633
        },
        "tail": {
          "x": -0.00041997962398454547,
          "y": 0.06316316872835159,
          "z": 0.9492282271385193
        },
        "rotation_quaternion": {
          "w": 0.06298554688692093,
          "x": 0.9979472160339355,
          "y": -0.002230319892987609,
          "z": 0.011372187174856663
        },
        "matrix": [
          [
            0.9997314214706421,
            -0.005884055979549885,
            0.022416725754737854,
            0.0
          ],
          [
            -0.0030189109966158867,
            -0.9920557141304016,
            -0.12576371431350708,
            0.13397200405597687
          ],
          [
            0.022978799417614937,
            0.1256621927022934,
            -0.9918139576911926,
            0.9402589797973633
          ],
          [
            0.0,
            0.0,
            0.0,
            1.0
          ]
        ]
      },
      "bone_length_armature_space": 0.0713758700412893,
      "parent": null,
      "has_children": true,
      "is_end_bone": false
    },
    "spine_01": {
      "name": "spine_01",
      "local": {
        "location": {
          "x": 0.0,
          "y": 0.0,
          "z": 0.0
        },
        "rotation_quaternion": {
          "w": 0.9989108443260193,
          "x": 0.04350816458463669,
          "y": -0.00915210135281086,
          "z": -0.014155901968479156
        },
        "scale": {
          "x": 1.0,
          "y": 1.0,
          "z": 1.0
        },
        "matrix_basis": [
          [
            0.9994316697120667,
            0.027484586462378502,
            -0.01951606199145317,
            0.0
          ],
          [
            -0.029077351093292236,
            0.9958133101463318,
            -0.08666244149208069,
            0.0
          ],
          [
            0.01705247163772583,
            0.08718066662549973,
            0.9960465431213379,
            0.0
          ],
          [
            0.0,
            0.0,
            0.0,
            1.0
          ]
        ],
        "rotation_mode": "QUATERNION"
      },
      "armature_space": {
        "head": {
          "x": -0.00041997962398454547,
          "y": -8.083134889602661e-05,
          "z": -0.0006257882341742516
        },
        "tail": {
          "x": 0.0017205660697072744,
          "y": -0.02416529506444931,
          "z": 0.48677948117256165
        }
      },
      "world_space": {
        "head": {
          "x": -0.00041997962398454547,
          "y": 0.06316316872835159,
          "z": 0.9492282271385193
        },
        "tail": {
          "x": 0.0017205660697072744,
          "y": 0.03907870501279831,
          "z": 1.4366334676742554
        },
        "rotation_quaternion": {
          "w": 0.689412534236908,
          "x": 0.7242865562438965,
          "y": -0.00579054793342948,
          "z": -0.009264693595468998
        },
        "matrix": [
          [
            0.9997612833976746,
            0.0043863533064723015,
            -0.021404700353741646,
            -0.00041997962398454547
          ],
          [
            -0.02116238698363304,
            -0.04935328662395477,
            -0.9985572695732117,
            0.06316316872835159
          ],
          [
            -0.005436474457383156,
            0.998778760433197,
            -0.04924994334578514,
            0.9492282271385193
          ],
          [
            0.0,
            0.0,
            0.0,
            1.0
          ]
        ]
      },
      "bone_length_armature_space": 0.48800464806880195,
      "parent": "Root",
      "has_children": true,
      "is_end_bone": false
    },
    "neck_01": {
      "name": "neck_01",
      "local": {
        "location": {
          "x": 0.0,
          "y": 0.0,
          "z": 0.0
        },
        "rotation_quaternion": {
          "w": 0.9928991794586182,
          "x": -0.0649942010641098,
          "y": -0.09860817342996597,
          "z": -0.014266782440245152
        },
        "scale": {
          "x": 1.0,
          "y": 1.0,
          "z": 1.0
        },
        "matrix_basis": [
          [
            0.9801457524299622,
            0.041148871183395386,
            -0.19396142661571503,
            0.0
          ],
          [
            -0.015513034537434578,
            0.9911444187164307,
            0.1318790167570114,
            0.0
          ],
          [
            0.19767045974731445,
            -0.12625174224376678,
            0.9721043705940247,
            0.0
          ],
          [
            0.0,
            0.0,
            0.0,
            1.0
          ]
        ],
        "rotation_mode": "QUATERNION"
      },
      "armature_space": {
        "head": {
          "x": 0.00129940384067595,
          "y": -0.06240927428007126,
          "z": 0.558200478553772
        },
        "tail": {
          "x": 0.005403287708759308,
          "y": -0.0939788967370987,
          "z": 0.6556544303894043
        }
      },
      "world_space": {
        "head": {
          "x": 0.00129940384067595,
          "y": 0.0008347257971763611,
          "z": 1.508054494857788
        },
        "tail": {
          "x": 0.005403287708759308,
          "y": -0.030734896659851074,
          "z": 1.6055084466934204
        },
        "rotation_quaternion": {
          "w": 0.5862728953361511,
          "x": 0.8024703860282898,
          "y": -0.04814479127526283,
          "z": -0.10003804415464401
        },
        "matrix": [
          [
            0.9753490090370178,
            0.040029559284448624,
            -0.21700666844844818,
            0.00129940384067595
          ],
          [
            -0.19456839561462402,
            -0.3079322278499603,
            -0.9313008189201355,
            0.0008347257971763611
          ],
          [
            -0.10410381853580475,
            0.9505722522735596,
            -0.2925558090209961,
            1.508054494857788
          ],
          [
            0.0,
            0.0,
            0.0,
            1.0
          ]
        ]
      },
      "bone_length_armature_space": 0.10252197697508497,
      "parent": "spine_01",
      "has_children": true,
      "is_end_bone": false
    },
    "head": {
      "name": "head",
      "local": {
        "location": {
          "x": 0.0,
          "y": 0.0,
          "z": 0.0
        },
        "rotation_quaternion": {
          "w": 0.9850955009460449,
          "x": -0.0164213627576828,
          "y": -0.07689852267503738,
          "z": -0.15298287570476532
        },
        "scale": {
          "x": 1.0,
          "y": 1.0,
          "z": 1.0
        },
        "matrix_basis": [
          [
            0.9413657188415527,
            0.30393102765083313,
            -0.14648039638996124,
            0.0
          ],
          [
            -0.2988799214363098,
            0.952653169631958,
            0.05588153377175331,
            0.0
          ],
          [
            0.15652915835380554,
            -0.0088249072432518,
            0.9876338839530945,
            0.0
          ],
          [
            0.0,
            0.0,
            0.0,
            1.0
          ]
        ],
        "rotation_mode": "QUATERNION"
      },
      "armature_space": {
        "head": {
          "x": 0.005403251387178898,
          "y": -0.09397901594638824,
          "z": 0.6556543111801147
        },
        "tail": {
          "x": 0.06862962990999222,
          "y": -0.09460774064064026,
          "z": 0.7972710132598877
        }
      },
      "world_space": {
        "head": {
          "x": 0.005403251387178898,
          "y": -0.030735015869140625,
          "z": 1.6055083274841309
        },
        "tail": {
          "x": 0.06862962990999222,
          "y": -0.03136374056339264,
          "z": 1.7471250295639038
        },
        "rotation_quaternion": {
          "w": 0.7053746581077576,
          "x": 0.6550963521003723,
          "y": 0.020482048392295837,
          "z": -0.2699553668498993
        },
        "matrix": [
          [
            0.8534082174301147,
            0.4076748490333557,
            -0.3248007893562317,
            0.005403251387178898
          ],
          [
            -0.35400664806365967,
            -0.004053905606269836,
            -0.9352342486381531,
            -0.030735015869140625
          ],
          [
            -0.38259124755859375,
            0.913124680519104,
            0.14086008071899414,
            1.6055083274841309
          ],
          [
            0.0,
            0.0,
            0.0,
            1.0
          ]
        ]
      },
      "bone_length_armature_space": 0.1550911365369223,
      "parent": "neck_01",
      "has_children": false,
      "is_end_bone": true
    },
    "upperarm_l": {
      "name": "upperarm_l",
      "local": {
        "location": {
          "x": 0.0,
          "y": 0.0,
          "z": 0.0
        },
        "rotation_quaternion": {
          "w": 0.9065173864364624,
          "x": 0.02588428184390068,
          "y": 0.4207082688808441,
          "z": 0.02368510328233242
        },
        "scale": {
          "x": 1.0,
          "y": 1.0,
          "z": 1.0
        },
        "matrix_basis": [
          [
            0.6448871493339539,
            -0.021162452176213264,
            0.7639848589897156,
            0.0
          ],
          [
            0.06472137570381165,
            0.9975380301475525,
            -0.0270000658929348,
            0.0
          ],
          [
            -0.7615326046943665,
            0.06685814261436462,
            0.6446691155433655,
            0.0
          ],
          [
            0.0,
            0.0,
            0.0,
            1.0
          ]
        ],
        "rotation_mode": "QUATERNION"
      },
      "armature_space": {
        "head": {
          "x": 0.15090054273605347,
          "y": -0.0654512345790863,
          "z": 0.49010229110717773
        },
        "tail": {
          "x": 0.418533593416214,
          "y": -0.07864537090063095,
          "z": 0.48763638734817505
        }
      },
      "world_space": {
        "head": {
          "x": 0.15090054273605347,
          "y": -0.002207234501838684,
          "z": 1.4399563074111938
        },
        "tail": {
          "x": 0.418533593416214,
          "y": -0.015401370823383331,
          "z": 1.437490463256836
        },
        "rotation_quaternion": {
          "w": 0.2100101262331009,
          "x": 0.6878271698951721,
          "y": 0.656715989112854,
          "z": -0.2269667685031891
        },
        "matrix": [
          [
            0.034419771283864975,
            0.9987447261810303,
            -0.03639074042439461,
            0.15090054273605347
          ],
          [
            0.808083176612854,
            -0.04923747107386589,
            -0.5870073437690735,
            -0.002207234501838684
          ],
          [
            -0.5880656242370605,
            -0.00920223630964756,
            -0.8087697625160217,
            1.4399563074111938
          ],
          [
            0.0,
            0.0,
            0.0,
            1.0
          ]
        ]
      },
      "bone_length_armature_space": 0.26796943647047394,
      "parent": "spine_01",
      "has_children": true,
      "is_end_bone": false
    },
    "lowerarm_l": {
      "name": "lowerarm_l",
      "local": {
        "location": {
          "x": 0.0,
          "y": 0.0,
          "z": 0.0
        },
        "rotation_quaternion": {
          "w": 0.9556244611740112,
          "x": 0.027081897482275963,
          "y": 0.06119487062096596,
          "z": -0.2868863642215729
        },
        "scale": {
          "x": 1.0,
          "y": 1.0,
          "z": 1.0
        },
        "matrix_basis": [
          [
            0.8279027938842773,
            0.5516257882118225,
            0.10141977667808533,
            0.0
          ],
          [
            -0.5449966788291931,
            0.8339255452156067,
            -0.08687219768762589,
            0.0
          ],
          [
            -0.13249748945236206,
            0.016648299992084503,
            0.9910435080528259,
            0.0
          ],
          [
            0.0,
            0.0,
            0.0,
            1.0
          ]
        ],
        "rotation_mode": "QUATERNION"
      },
      "armature_space": {
        "head": {
          "x": 0.41853368282318115,
          "y": -0.0786455050110817,
          "z": 0.48763641715049744
        },
        "tail": {
          "x": 0.6492882966995239,
          "y": -0.015521831810474396,
          "z": 0.36789828538894653
        }
      },
      "world_space": {
        "head": {
          "x": 0.41853368282318115,
          "y": -0.015401504933834076,
          "z": 1.437490463256836
        },
        "tail": {
          "x": 0.6492882966995239,
          "y": 0.047722168266773224,
          "z": 1.3177523612976074
        },
        "rotation_quaternion": {
          "w": 0.06703059375286102,
          "x": 0.5223468542098999,
          "y": 0.7832529544830322,
          "z": -0.3304174840450287
        },
        "matrix": [
          [
            -0.4453202188014984,
            0.8625552654266357,
            -0.24018333852291107,
            0.41853368282318115
          ],
          [
            0.773964524269104,
            0.23595476150512695,
            -0.5876263380050659,
            -0.015401504933834076
          ],
          [
            -0.4501902163028717,
            -0.4475782811641693,
            -0.7726686596870422,
            1.437490463256836
          ],
          [
            0.0,
            0.0,
            0.0,
            1.0
          ]
        ]
      },
      "bone_length_armature_space": 0.2675247809218147,
      "parent": "upperarm_l",
      "has_children": true,
      "is_end_bone": false
    },
    "metacarpal_thumb_l": {
      "name": "metacarpal_thumb_l",
      "local": {
        "location": {
          "x": 0.0,
          "y": 0.0,
          "z": 0.0
        },
        "rotation_quaternion": {
          "w": 0.9976655840873718,
          "x": -0.06462239474058151,
          "y": 0.02102208137512207,
          "z": -0.006741359364241362
        },
        "scale": {
          "x": 1.0,
          "y": 1.0,
          "z": 1.0
        },
        "matrix_basis": [
          [
            0.9990252256393433,
            0.010734249837696552,
            0.04281729832291603,
            0.0
          ],
          [
            -0.01616823859512806,
            0.9915570020675659,
            0.12865965068340302,
            0.0
          ],
          [
            -0.0410747304558754,
            -0.12922650575637817,
            0.9907640218734741,
            0.0
          ],
          [
            0.0,
            0.0,
            0.0,
            1.0
          ]
        ],
        "rotation_mode": "QUATERNION"
      },
      "armature_space": {
        "head": {
          "x": 0.6492882966995239,
          "y": -0.015521831810474396,
          "z": 0.36789828538894653
        },
        "tail": {
          "x": 0.6758558750152588,
          "y": -0.020840788260102272,
          "z": 0.32643163204193115
        }
      },
      "world_space": {
        "head": {
          "x": 0.6492882966995239,
          "y": 0.047722168266773224,
          "z": 1.3177523612976074
        },
        "tail": {
          "x": 0.6758558750152588,
          "y": 0.0424032136797905,
          "z": 1.2762856483459473
        },
        "rotation_quaternion": {
          "w": 0.5391934514045715,
          "x": -0.7426850199699402,
          "y": -0.3944360613822937,
          "z": 0.045929811894893646
        },
        "matrix": [
          [
            0.6846193671226501,
            0.5363535284996033,
            -0.4935797452926636,
            0.6492882966995239
          ],
          [
            0.6354162693023682,
            -0.10738062858581543,
            0.7646672129631042,
            0.047722168266773224
          ],
          [
            0.35713422298431396,
            -0.8371404409408569,
            -0.4143247902393341,
            1.3177523612976074
          ],
          [
            0.0,
            0.0,
            0.0,
            1.0
          ]
        ]
      },
      "bone_length_armature_space": 0.04953393596468772,
      "parent": "lowerarm_l",
      "has_children": true,
      "is_end_bone": false
    },
    "thumb_01_l": {
      "name": "thumb_01_l",
      "local": {
        "location": {
          "x": 0.0,
          "y": 0.0,
          "z": 0.0
        },
        "rotation_quaternion": {
          "w": 0.9992917776107788,
          "x": -0.035280659794807434,
          "y": -0.01106412336230278,
          "z": -0.0069913482293486595
        },
        "scale": {
          "x": 1.0,
          "y": 1.0,
          "z": 1.0
        },
        "matrix_basis": [
          [
            0.999657392501831,
            0.014753492549061775,
            -0.02161925658583641,
            0.0
          ],
          [
            -0.01319209486246109,
            0.9974128007888794,
            0.07066605240106583,
            0.0
          ],
          [
            0.0226058941334486,
            -0.07035663723945618,
            0.9972656965255737,
            0.0
          ],
          [
            0.0,
            0.0,
            0.0,
            1.0
          ]
        ],
        "rotation_mode": "QUATERNION"
      },
      "armature_space": {
        "head": {
          "x": 0.6758558750152588,
          "y": -0.020840788260102272,
          "z": 0.32643163204193115
        },
        "tail": {
          "x": 0.6713734865188599,
          "y": -0.008559990674257278,
          "z": 0.2950034737586975
        }
      },
      "world_space": {
        "head": {
          "x": 0.6758558750152588,
          "y": 0.0424032136797905,
          "z": 1.2762856483459473
        },
        "tail": {
          "x": 0.6713734865188599,
          "y": 0.05468400940299034,
          "z": 1.2448575496673584
        },
        "rotation_quaternion": {
          "w": 0.7573771476745605,
          "x": -0.545505940914154,
          "y": 0.32676443457603455,
          "z": -0.14841879904270172
        },
        "matrix": [
          [
            0.7423945069313049,
            -0.13168510794639587,
            0.6568936705589294,
            0.6758558750152588
          ],
          [
            -0.5813212394714355,
            0.36079058051109314,
            0.7293121814727783,
            0.0424032136797905
          ],
          [
            -0.33304330706596375,
            -0.9233096241950989,
            0.1912996768951416,
            1.2762856483459473
          ],
          [
            0.0,
            0.0,
            0.0,
            1.0
          ]
        ]
      },
      "bone_length_armature_space": 0.03403878620697886,
      "parent": "metacarpal_thumb_l",
      "has_children": true,
      "is_end_bone": false
    },
    "thumb_02_l": {
      "name": "thumb_02_l",
      "local": {
        "location": {
          "x": 0.0,
          "y": 0.0,
          "z": 0.0
        },
        "rotation_quaternion": {
          "w": 0.9956265091896057,
          "x": 0.09337051212787628,
          "y": -0.0014363952213898301,
          "z": 0.0027787708677351475
        },
        "scale": {
          "x": 1.0,
          "y": 1.0,
          "z": 1.0
        },
        "matrix_basis": [
          [
            0.9999804496765137,
            -0.005801470018923283,
            -0.0023413158487528563,
            0.0
          ],
          [
            0.005265002138912678,
            0.9825484752655029,
            -0.18593229353427887,
            0.0
          ],
          [
            0.0033791367895901203,
            0.18591633439064026,
            0.9825597405433655,
            0.0
          ],
          [
            0.0,
            0.0,
            0.0,
            1.0
          ]
        ],
        "rotation_mode": "QUATERNION"
      },
      "armature_space": {
        "head": {
          "x": 0.6713734269142151,
          "y": -0.008560008369386196,
          "z": 0.2950035035610199
        },
        "tail": {
          "x": 0.7073110938072205,
          "y": 0.00025883782655000687,
          "z": 0.279386430978775
        }
      },
      "world_space": {
        "head": {
          "x": 0.6713734269142151,
          "y": 0.05468399077653885,
          "z": 1.2448575496673584
        },
        "tail": {
          "x": 0.7073110938072205,
          "y": 0.06350284069776535,
          "z": 1.2292404174804688
        },
        "rotation_quaternion": {
          "w": 0.7432829737663269,
          "x": -0.06133085489273071,
          "y": 0.23940621316432953,
          "z": -0.6216539740562439
        },
        "matrix": [
          [
            0.11246062070131302,
            0.8947644829750061,
            0.4321445822715759,
            0.6713734269142151
          ],
          [
            -0.9534956812858582,
            0.21956869959831238,
            -0.20648503303527832,
            0.05468399077653885
          ],
          [
            -0.27964380383491516,
            -0.38882893323898315,
            0.8778526782989502,
            1.2448575496673584
          ],
          [
            0.0,
            0.0,
            0.0,
            1.0
          ]
        ]
      },
      "bone_length_armature_space": 0.04016442316209209,
      "parent": "thumb_01_l",
      "has_children": true,
      "is_end_bone": false
    },
    "thumb_03_l": {
      "name": "thumb_03_l",
      "local": {
        "location": {
          "x": 0.0,
          "y": 0.0,
          "z": 0.0
        },
        "rotation_quaternion": {
          "w": 0.9982321262359619,
          "x": 0.05908732861280441,
          "y": 0.00527574447914958,
          "z": -0.0036755306646227837
        },
        "scale": {
          "x": 1.0,
          "y": 1.0,
          "z": 1.0
        },
        "matrix_basis": [
          [
            0.9999173283576965,
            0.007961524650454521,
            0.010098480619490147,
            0.0
          ],
          [
            -0.006714606191962957,
            0.9929903745651245,
            -0.11800452321767807,
            0.0
          ],
          [
            -0.010967189446091652,
            0.1179269552230835,
            0.9929617047309875,
            0.0
          ],
          [
            0.0,
            0.0,
            0.0,
            1.0
          ]
        ],
        "rotation_mode": "QUATERNION"
      },
      "armature_space": {
        "head": {
          "x": 0.7073110938072205,
          "y": 0.00025878846645355225,
          "z": 0.27938637137413025
        },
        "tail": {
          "x": 0.7369561791419983,
          "y": 0.00719115138053894,
          "z": 0.2793424725532532
        }
      },
      "world_space": {
        "head": {
          "x": 0.7073110938072205,
          "y": 0.06350278854370117,
          "z": 1.2292404174804688
        },
        "tail": {
          "x": 0.7369561791419983,
          "y": 0.07043515145778656,
          "z": 1.229196548461914
        },
        "rotation_quaternion": {
          "w": 0.734244167804718,
          "x": 0.21596407890319824,
          "y": 0.2733820378780365,
          "z": -0.582672655582428
        },
        "matrix": [
          [
            0.17150871455669403,
            0.9737297296524048,
            0.14978301525115967,
            0.7073110938072205
          ],
          [
            -0.7375673651695251,
            0.2277020514011383,
            -0.6357254385948181,
            0.06350278854370117
          ],
          [
            -0.6531358957290649,
            -0.0014423280954360962,
            0.75724858045578,
            1.2292404174804688
          ],
          [
            0.0,
            0.0,
            0.0,
            1.0
          ]
        ]
      },
      "bone_length_armature_space": 0.030444879111586345,
      "parent": "thumb_02_l",
      "has_children": false,
      "is_end_bone": true
    },
    "metacarpal_index_l": {
      "name": "metacarpal_index_l",
      "local": {
        "location": {
          "x": 0.0,
          "y": 0.0,
          "z": 0.0
        },
        "rotation_quaternion": {
          "w": 0.9977201223373413,
          "x": -0.06442782282829285,
          "y": -0.01656322553753853,
          "z": 0.011377370916306973
        },
        "scale": {
          "x": 1.0,
          "y": 1.0,
          "z": 1.0
        },
        "matrix_basis": [
          [
            0.9991924166679382,
            -0.020568598061800003,
            -0.034516964107751846,
            0.0
          ],
          [
            0.024837128818035126,
            0.9914392232894897,
            0.128184974193573,
            0.0
          ],
          [
            0.03158488869667053,
            -0.12893876433372498,
            0.9911494255065918,
            0.0
          ],
          [
            0.0,
            0.0,
            0.0,
            1.0
          ]
        ],
        "rotation_mode": "QUATERNION"
      },
      "armature_space": {
        "head": {
          "x": 0.6492882966995239,
          "y": -0.015521831810474396,
          "z": 0.36789828538894653
        },
        "tail": {
          "x": 0.7434301376342773,
          "y": -0.011932668276131153,
          "z": 0.29822972416877747
        }
      },
      "world_space": {
        "head": {
          "x": 0.6492882966995239,
          "y": 0.047722168266773224,
          "z": 1.3177523612976074
        },
        "tail": {
          "x": 0.7434301376342773,
          "y": 0.05131133273243904,
          "z": 1.2480837106704712
        },
        "rotation_quaternion": {
          "w": 0.3026820421218872,
          "x": -0.6820616722106934,
          "y": -0.6509214639663696,
          "z": 0.13955917954444885
        },
        "matrix": [
          [
            0.1136457771062851,
            0.8034520149230957,
            -0.5844219326972961,
            0.6492882966995239
          ],
          [
            0.9724223613739014,
            0.030631650239229202,
            0.2312074899673462,
            0.047722168266773224
          ],
          [
            0.20366837084293365,
            -0.5945850014686584,
            -0.7778189182281494,
            1.3177523612976074
          ],
          [
            0.0,
            0.0,
            0.0,
            1.0
          ]
        ]
      },
      "bone_length_armature_space": 0.11717199598091858,
      "parent": "lowerarm_l",
      "has_children": true,
      "is_end_bone": false
    },
    "index_01_l": {
      "name": "index_01_l",
      "local": {
        "location": {
          "x": 0.0,
          "y": 0.0,
          "z": 0.0
        },
        "rotation_quaternion": {
          "w": 0.991321861743927,
          "x": -0.13119155168533325,
          "y": 0.005228044930845499,
          "z": -0.006521999835968018
        },
        "scale": {
          "x": 1.0,
          "y": 1.0,
          "z": 1.0
        },
        "matrix_basis": [
          [
            0.9998602867126465,
            0.01155905146151781,
            0.012076612561941147,
            0.0
          ],
          [
            -0.014302552677690983,
            0.9654924869537354,
            0.260037899017334,
            0.0
          ],
          [
            -0.008654087781906128,
            -0.26017430424690247,
            0.9655228853225708,
            0.0
          ],
          [
            0.0,
            0.0,
            0.0,
            1.0
          ]
        ],
        "rotation_mode": "QUATERNION"
      },
      "armature_space": {
        "head": {
          "x": 0.7434301376342773,
          "y": -0.011932668276131153,
          "z": 0.29822972416877747
        },
        "tail": {
          "x": 0.7706801295280457,
          "y": -0.004623538814485073,
          "z": 0.29409652948379517
        }
      },
      "world_space": {
        "head": {
          "x": 0.7434301376342773,
          "y": 0.05131133273243904,
          "z": 1.2480837106704712
        },
        "tail": {
          "x": 0.7706801295280457,
          "y": 0.05862046033143997,
          "z": 1.243950605392456
        },
        "rotation_quaternion": {
          "w": 0.214759960770607,
          "x": -0.6051096320152283,
          "y": -0.7629184722900391,
          "z": -0.07533840090036392
        },
        "matrix": [
          [
            -0.1754402071237564,
            0.9556584358215332,
            -0.23651041090488434,
            0.7434301376342773
          ],
          [
            0.8909395933151245,
            0.2563314437866211,
            0.3748616576194763,
            0.05131133273243904
          ],
          [
            0.41886869072914124,
            -0.14495150744915009,
            -0.8964108824729919,
            1.2480837106704712
          ],
          [
            0.0,
            0.0,
            0.0,
            1.0
          ]
        ]
      },
      "bone_length_armature_space": 0.028514360053450143,
      "parent": "metacarpal_index_l",
      "has_children": true,
      "is_end_bone": false
    },
    "index_02_l": {
      "name": "index_02_l",
      "local": {
        "location": {
          "x": 0.0,
          "y": 0.0,
          "z": 0.0
        },
        "rotation_quaternion": {
          "w": 0.9996745586395264,
          "x": 0.024533122777938843,
          "y": -0.002830331679433584,
          "z": 0.006393515970557928
        },
        "scale": {
          "x": 1.0,
          "y": 1.0,
          "z": 1.0
        },
        "matrix_basis": [
          [
            0.9999022483825684,
            -0.012921744026243687,
            -0.005345115438103676,
            0.0
          ],
          [
            0.012643996626138687,
            0.9987145066261292,
            -0.049086470156908035,
            0.0
          ],
          [
            0.005972526967525482,
            0.04901408404111862,
            0.9987802505493164,
            0.0
          ],
          [
            0.0,
            0.0,
            0.0,
            1.0
          ]
        ],
        "rotation_mode": "QUATERNION"
      },
      "armature_space": {
        "head": {
          "x": 0.7706804871559143,
          "y": -0.004623533692210913,
          "z": 0.29409608244895935
        },
        "tail": {
          "x": 0.7950417995452881,
          "y": 0.0024233930744230747,
          "z": 0.29022878408432007
        }
      },
      "world_space": {
        "head": {
          "x": 0.7706804871559143,
          "y": 0.05862046778202057,
          "z": 1.2439501285552979
        },
        "tail": {
          "x": 0.7950417995452881,
          "y": 0.06566739082336426,
          "z": 1.2400827407836914
        },
        "rotation_quaternion": {
          "w": 0.19064155220985413,
          "x": -0.6000965237617493,
          "y": -0.775245726108551,
          "z": -0.050340622663497925
        },
        "matrix": [
          [
            -0.2070794552564621,
            0.9496386647224426,
            -0.23516760766506195,
            0.7706804871559143
          ],
          [
            0.9112505912780762,
            0.27469900250434875,
            0.30686017870903015,
            0.05862046778202057
          ],
          [
            0.35601019859313965,
            -0.15075302124023438,
            -0.9222498536109924,
            1.2439501285552979
          ],
          [
            0.0,
            0.0,
            0.0,
            1.0
          ]
        ]
      },
      "bone_length_armature_space": 0.02565324009759676,
      "parent": "index_01_l",
      "has_children": true,
      "is_end_bone": false
    },
    "index_03_l": {
      "name": "index_03_l",
      "local": {
        "location": {
          "x": 0.0,
          "y": 0.0,
          "z": 0.0
        },
        "rotation_quaternion": {
          "w": 0.9999123215675354,
          "x": 0.010264933109283447,
          "y": -0.008375742472708225,
          "z": -0.0001683686423348263
        },
        "scale": {
          "x": 1.0,
          "y": 1.0,
          "z": 1.0
        },
        "matrix_basis": [
          [
            0.999859631061554,
            0.0001647548924665898,
            -0.01675347238779068,
            0.0
          ],
          [
            -0.0005086606252007186,
            0.9997891783714294,
            -0.020525244995951653,
            0.0
          ],
          [
            0.016746560111641884,
            0.020530886948108673,
            0.999648928642273,
            0.0
          ],
          [
            0.0,
            0.0,
            0.0,
            1.0
          ]
        ],
        "rotation_mode": "QUATERNION"
      },
      "armature_space": {
        "head": {
          "x": 0.7950418591499329,
          "y": 0.002423323690891266,
          "z": 0.29022887349128723
        },
        "tail": {
          "x": 0.8212032914161682,
          "y": 0.013796399347484112,
          "z": 0.28390708565711975
        }
      },
      "world_space": {
        "head": {
          "x": 0.7950418591499329,
          "y": 0.06566732376813889,
          "z": 1.240082859992981
        },
        "tail": {
          "x": 0.8212032914161682,
          "y": 0.07704039663076401,
          "z": 1.2337610721588135
        },
        "rotation_quaternion": {
          "w": 0.24199053645133972,
          "x": -0.5516984462738037,
          "y": -0.7975344657897949,
          "z": -0.03175440430641174
        },
        "matrix": [
          [
            -0.27413806319236755,
            0.8953660130500793,
            -0.3509519100189209,
            0.7950418591499329
          ],
          [
            0.8646285533905029,
            0.3892398476600647,
            0.3176632523536682,
            0.06566732376813889
          ],
          [
            0.42103344202041626,
            -0.2163606733083725,
            -0.8808707594871521,
            1.240082859992981
          ],
          [
            0.0,
            0.0,
            0.0,
            1.0
          ]
        ]
      },
      "bone_length_armature_space": 0.02921869904356226,
      "parent": "index_02_l",
      "has_children": false,
      "is_end_bone": true
    },
    "metacarpal_pinky_l": {
      "name": "metacarpal_pinky_l",
      "local": {
        "location": {
          "x": 0.0,
          "y": 0.0,
          "z": 0.0
        },
        "rotation_quaternion": {
          "w": 0.9989960193634033,
          "x": -0.04063161462545395,
          "y": 0.018592428416013718,
          "z": 0.003211550647392869
        },
        "scale": {
          "x": 1.0,
          "y": 1.0,
          "z": 1.0
        },
        "matrix_basis": [
          [
            0.999288022518158,
            -0.007927533239126205,
            0.0368865430355072,
            0.0
          ],
          [
            0.004905771929770708,
            0.9966775178909302,
            0.08130106329917908,
            0.0
          ],
          [
            -0.037408504635095596,
            -0.08106222003698349,
            0.9960067868232727,
            0.0
          ],
          [
            0.0,
            0.0,
            0.0,
            1.0
          ]
        ],
        "rotation_mode": "QUATERNION"
      },
      "armature_space": {
        "head": {
          "x": 0.6492882966995239,
          "y": -0.015521831810474396,
          "z": 0.36789828538894653
        },
        "tail": {
          "x": 0.7382415533065796,
          "y": 0.03435797616839409,
          "z": 0.3468615412712097
        }
      },
      "world_space": {
        "head": {
          "x": 0.6492882966995239,
          "y": 0.047722168266773224,
          "z": 1.3177523612976074
        },
        "tail": {
          "x": 0.7382415533065796,
          "y": 0.097601979970932,
          "z": 1.296715497970581
        },
        "rotation_quaternion": {
          "w": 0.6173676252365112,
          "x": 0.26143091917037964,
          "y": 0.5986348390579224,
          "z": -0.4383464455604553
        },
        "matrix": [
          [
            -0.10102295130491257,
            0.8542455434799194,
            0.5099593997001648,
            0.6492882966995239
          ],
          [
            -0.22823870182037354,
            0.47901126742362976,
            -0.8476176857948303,
            0.047722168266773224
          ],
          [
            -0.9683570861816406,
            -0.20202229917049408,
            0.14658086001873016,
            1.3177523612976074
          ],
          [
            0.0,
            0.0,
            0.0,
            1.0
          ]
        ]
      },
      "bone_length_armature_space": 0.10413078912456074,
      "parent": "lowerarm_l",
      "has_children": true,
      "is_end_bone": false
    },
    "pinky_01_l": {
      "name": "pinky_01_l",
      "local": {
        "location": {
          "x": 0.0,
          "y": 0.0,
          "z": 0.0
        },
        "rotation_quaternion": {
          "w": 0.9535037875175476,
          "x": 0.3011621832847595,
          "y": -0.011169211007654667,
          "z": 0.002691046567633748
        },
        "scale": {
          "x": 1.0,
          "y": 1.0,
          "z": 1.0
        },
        "matrix_basis": [
          [
            0.9997360110282898,
            -0.011859334073960781,
            -0.019678886979818344,
            0.0
          ],
          [
            -0.0015956417191773653,
            0.8185881972312927,
            -0.5743786692619324,
            0.0
          ],
          [
            0.022920653223991394,
            0.5742584466934204,
            0.8183531761169434,
            0.0
          ],
          [
            0.0,
            0.0,
            0.0,
            1.0
          ]
        ],
        "rotation_mode": "QUATERNION"
      },
      "armature_space": {
        "head": {
          "x": 0.7382415533065796,
          "y": 0.03435797616839409,
