{
  "metadata": {
    "armature_name": "KIM_caucasian_male",
    "export_time": "2026-01-13T21:00:03.598217",
    "blender_version": "4.4.1",
    "bone_count": 56,
    "end_bone_count": 13,
    "spaces_included": [
      "LOCAL_CHANNELS",
      "ARMATURE_SPACE",
      "WORLD_SPACE"
    ],
    "note": "LOCAL matches Transform panel; replay pose via local.matrix_basis for best fidelity."
  },
  "bones": {
    "Root": {
      "name": "Root",
      "local": {
        "location": {
          "x": 0.0,
          "y": 0.0,
          "z": 0.0
        },
        "rotation_quaternion": {
          "w": 0.9998947381973267,
          "x": -0.01342053897678852,
          "y": -0.0026446699630469084,
          "z": -0.004844834096729755
        },
        "scale": {
          "x": 1.0,
          "y": 1.0,
          "z": 1.0
        },
        "matrix_basis": [
          [
            0.9999390840530396,
            0.009759633801877499,
            -0.0051587424241006374,
            0.0
          ],
          [
            -0.00961766205728054,
            0.9995928406715393,
            0.026863878592848778,
            0.0
          ],
          [
            0.005418823566287756,
            -0.02681262604892254,
            0.9996258020401001,
            0.0
          ],
          [
            0.0,
            0.0,
            0.0,
            1.0
          ]
        ],
        "rotation_mode": "QUATERNION"
      },
      "armature_space": {
        "head": {
          "x": 0.0,
          "y": 0.07072800397872925,
          "z": -0.009595036506652832
        },
        "tail": {
          "x": 0.000696602335665375,
          "y": 0.0002860650420188904,
          "z": 0.0018925098702311516
        }
      },
      "world_space": {
        "head": {
          "x": 0.0,
          "y": 0.13397200405597687,
          "z": 0.9402589797973633
        },
        "tail": {
          "x": 0.000696602335665375,
          "y": 0.06353006511926651,
          "z": 0.9517465233802795
        },
        "rotation_quaternion": {
          "w": 0.08075061440467834,
          "x": 0.9967190623283386,
          "y": 0.00465566199272871,
          "z": -0.002965048421174288
        },
        "matrix": [
          [
            0.9999390840530396,
            0.009759633801877499,
            -0.0051587424241006374,
            0.0
          ],
          [
            0.008801913820207119,
            -0.9869152903556824,
            -0.16099943220615387,
            0.13397200405597687
          ],
          [
            -0.00666257506236434,
            0.160944402217865,
            -0.9869480729103088,
            0.9402589797973633
          ],
          [
            0.0,
            0.0,
            0.0,
            1.0
          ]
        ]
      },
      "bone_length_armature_space": 0.07137587570067432,
      "parent": null,
      "has_children": true,
      "is_end_bone": false
    },
    "spine_01": {
      "name": "spine_01",
      "local": {
        "location": {
          "x": 0.0,
          "y": 0.0,
          "z": 0.0
        },
        "rotation_quaternion": {
          "w": 0.9943761825561523,
          "x": 0.07215587794780731,
          "y": -0.02954733930528164,
          "z": -0.07166964560747147
        },
        "scale": {
          "x": 1.0,
          "y": 1.0,
          "z": 1.0
        },
        "matrix_basis": [
          [
            0.987980842590332,
            0.13826915621757507,
            -0.0691051110625267,
            0.0
          ],
          [
            -0.14679720997810364,
            0.9793139696121216,
            -0.13926488161087036,
            0.0
          ],
          [
            0.04841956868767738,
            0.14773546159267426,
            0.9878409504890442,
            0.0
          ],
          [
            0.0,
            0.0,
            0.0,
            1.0
          ]
        ],
        "rotation_mode": "QUATERNION"
      },
      "armature_space": {
        "head": {
          "x": 0.000696602335665375,
          "y": 0.0002860650420188904,
          "z": 0.0018925098702311516
        },
        "tail": {
          "x": 0.07170233130455017,
          "y": -0.03586345165967941,
          "z": 0.48334845900535583
        }
      },
      "world_space": {
        "head": {
          "x": 0.000696602335665375,
          "y": 0.06353006511926651,
          "z": 0.9517465233802795
        },
        "tail": {
          "x": 0.07170233130455017,
          "y": 0.027380548417568207,
          "z": 1.4332025051116943
        },
        "rotation_quaternion": {
          "w": 0.6796311140060425,
          "x": 0.7292778491973877,
          "y": 0.03260546550154686,
          "z": -0.07205840945243835
        },
        "matrix": [
          [
            0.9874890446662903,
            0.1455031782388687,
            -0.06078081205487251,
            0.000696602335665375
          ],
          [
            -0.05038842558860779,
            -0.07407668977975845,
            -0.995978832244873,
            0.06353006511926651
          ],
          [
            -0.1494216024875641,
            0.9865875840187073,
            -0.0658196285367012,
            0.9517465233802795
          ],
          [
            0.0,
            0.0,
            0.0,
            1.0
          ]
        ]
      },
      "bone_length_armature_space": 0.48800455168936413,
      "parent": "Root",
      "has_children": true,
      "is_end_bone": false
    },
    "neck_01": {
      "name": "neck_01",
      "local": {
        "location": {
          "x": 0.0,
          "y": 0.0,
          "z": 0.0
        },
        "rotation_quaternion": {
          "w": 0.9944045543670654,
          "x": -0.07147436589002609,
          "y": 0.07650328427553177,
          "z": 0.014084390364587307
        },
        "scale": {
          "x": 1.0,
          "y": 1.0,
          "z": 1.0
        },
        "matrix_basis": [
          [
            0.9878977537155151,
            -0.0389472097158432,
            0.15013708174228668,
            0.0
          ],
          [
            0.01707511581480503,
            0.9893860816955566,
            0.14430387318134308,
            0.0
          ],
          [
            -0.15416377782821655,
            -0.13999386131763458,
            0.9780773520469666,
            0.0
          ],
          [
            0.0,
            0.0,
            0.0,
            1.0
          ]
        ],
        "rotation_mode": "QUATERNION"
      },
      "armature_space": {
        "head": {
          "x": 0.08024794608354568,
          "y": -0.07582821696996689,
          "z": 0.5533022284507751
        },
        "tail": {
          "x": 0.08924093842506409,
          "y": -0.10813315957784653,
          "z": 0.6501849889755249
        }
      },
      "world_space": {
        "head": {
          "x": 0.08024794608354568,
          "y": -0.012584216892719269,
          "z": 1.5031561851501465
        },
        "tail": {
          "x": 0.08924093842506409,
          "y": -0.04488915950059891,
          "z": 1.600039005279541
        },
        "rotation_quaternion": {
          "w": 0.5829358100891113,
          "x": 0.8108869194984436,
          "y": 0.051317330449819565,
          "z": -0.003853855188935995
        },
        "matrix": [
          [
            0.9947034120559692,
            0.08771828562021255,
            0.053579747676849365,
            0.08024794608354568
          ],
          [
            0.0787324458360672,
            -0.31510457396507263,
            -0.9457858204841614,
            -0.012584216892719269
          ],
          [
            -0.06607985496520996,
            0.9450008869171143,
            -0.3203449845314026,
            1.5031561851501465
          ],
          [
            0.0,
            0.0,
            0.0,
            1.0
          ]
        ]
      },
      "bone_length_armature_space": 0.10252196170771943,
      "parent": "spine_01",
      "has_children": true,
      "is_end_bone": false
    },
    "head": {
      "name": "head",
      "local": {
        "location": {
          "x": 0.0,
          "y": 0.0,
          "z": 0.0
        },
        "rotation_quaternion": {
          "w": 0.9940954446792603,
          "x": 0.01194002665579319,
          "y": -0.016161074861884117,
          "z": -0.10663264244794846
        },
        "scale": {
          "x": 1.0,
          "y": 1.0,
          "z": 1.0
        },
        "matrix_basis": [
          [
            0.9767366051673889,
            0.21162012219429016,
            -0.034677695482969284,
            0.0
          ],
          [
            -0.21239197254180908,
            0.976973831653595,
            -0.020292455330491066,
            0.0
          ],
          [
            0.029584908857941628,
            0.027185648679733276,
            0.9991925358772278,
            0.0
          ],
          [
            0.0,
            0.0,
            0.0,
            1.0
          ]
        ],
        "rotation_mode": "QUATERNION"
      },
      "armature_space": {
        "head": {
          "x": 0.08924094587564468,
          "y": -0.10813328623771667,
          "z": 0.6501848697662354
        },
        "tail": {
          "x": 0.1315905898809433,
          "y": -0.10256429016590118,
          "z": 0.7992780804634094
        }
      },
      "world_space": {
        "head": {
          "x": 0.08924094587564468,
          "y": -0.044889286160469055,
          "z": 1.6000388860702515
        },
        "tail": {
          "x": 0.1315905898809433,
          "y": -0.039320290088653564,
          "z": 1.7491321563720703
        },
        "rotation_quaternion": {
          "w": 0.7109997868537903,
          "x": 0.6892023682594299,
          "y": 0.11150320619344711,
          "z": -0.08394381403923035
        },
        "matrix": [
          [
            0.9610411524772644,
            0.2730645537376404,
            0.042847342789173126,
            0.08924094587564468
          ],
          [
            0.03432657942175865,
            0.035908110439777374,
            -0.9987656474113464,
            -0.044889286160469055
          ],
          [
            -0.27426791191101074,
            0.9613322615623474,
            0.02513500303030014,
            1.6000388860702515
          ],
          [
            0.0,
            0.0,
            0.0,
            1.0
          ]
        ]
      },
      "bone_length_armature_space": 0.1550912342144751,
      "parent": "neck_01",
      "has_children": false,
      "is_end_bone": true
    },
    "upperarm_l": {
      "name": "upperarm_l",
      "local": {
        "location": {
          "x": 0.0,
          "y": 0.0,
          "z": 0.0
        },
        "rotation_quaternion": {
          "w": 0.9130702018737793,
          "x": -0.08562970906496048,
          "y": 0.3895270526409149,
          "z": -0.08508367836475372
        },
        "scale": {
          "x": 1.0,
          "y": 1.0,
          "z": 1.0
        },
        "matrix_basis": [
          [
            0.6820588707923889,
            0.08866456896066666,
            0.7259024977684021,
            0.0
          ],
          [
            -0.2220849245786667,
            0.9708566665649414,
            0.09008708596229553,
            0.0
          ],
          [
            -0.6967597007751465,
            -0.22265666723251343,
            0.6818724274635315,
            0.0
          ],
          [
            0.0,
            0.0,
            0.0,
            1.0
          ]
        ],
        "rotation_mode": "QUATERNION"
      },
      "armature_space": {
        "head": {
          "x": 0.2183985412120819,
          "y": -0.08158425986766815,
          "z": 0.46437275409698486
        },
        "tail": {
          "x": 0.47244006395339966,
          "y": -0.022391870617866516,
          "z": 0.4029982089996338
        }
      },
      "world_space": {
        "head": {
          "x": 0.2183985412120819,
          "y": -0.018340259790420532,
          "z": 1.414226770401001
        },
        "tail": {
          "x": 0.47244006395339966,
          "y": 0.040852129459381104,
          "z": 1.35285222530365
        },
        "rotation_quaternion": {
          "w": 0.16873781383037567,
          "x": 0.5607162117958069,
          "y": 0.7628727555274963,
          "z": -0.2741354703903198
        },
        "matrix": [
          [
            -0.31424903869628906,
            0.9480242729187012,
            -0.04997578263282776,
            0.2183985412120819
          ],
          [
            0.7629968523979187,
            0.22089232504367828,
            -0.6074888706207275,
            -0.018340259790420532
          ],
          [
            -0.5648781061172485,
            -0.22903558611869812,
            -0.7927608489990234,
            1.414226770401001
          ],
          [
            0.0,
            0.0,
            0.0,
            1.0
          ]
        ]
      },
      "bone_length_armature_space": 0.26796952565862203,
      "parent": "spine_01",
      "has_children": true,
      "is_end_bone": false
    },
    "lowerarm_l": {
      "name": "lowerarm_l",
      "local": {
        "location": {
          "x": 0.0,
          "y": 0.0,
          "z": 0.0
        },
        "rotation_quaternion": {
          "w": 0.883743166923523,
          "x": 0.4245699942111969,
          "y": 0.18904374539852142,
          "z": -0.05477806553244591
        },
        "scale": {
          "x": 1.0,
          "y": 1.0,
          "z": 1.0
        },
        "matrix_basis": [
          [
            0.9225236773490906,
            0.2573440968990326,
            0.2876179814338684,
            0.0
          ],
          [
            0.06370512396097183,
            0.6334793567657471,
            -0.7711325883865356,
            0.0
          ],
          [
            -0.3806464970111847,
            0.7297107577323914,
            0.5680055618286133,
            0.0
          ],
          [
            0.0,
            0.0,
            0.0,
            1.0
          ]
        ],
        "rotation_mode": "QUATERNION"
      },
      "armature_space": {
        "head": {
          "x": 0.4724401831626892,
          "y": -0.022391971200704575,
          "z": 0.4029982388019562
        },
        "tail": {
          "x": 0.591839075088501,
          "y": -0.10189919173717499,
          "z": 0.17718280851840973
        }
      },
      "world_space": {
        "head": {
          "x": 0.4724401831626892,
          "y": 0.040852028876543045,
          "z": 1.35285222530365
        },
        "tail": {
          "x": 0.591839075088501,
          "y": -0.03865519165992737,
          "z": 1.1270368099212646
        },
        "rotation_quaternion": {
          "w": 0.22375740110874176,
          "x": -0.6173381209373474,
          "y": -0.5489386320114136,
          "z": 0.5171968936920166
        },
        "matrix": [
          [
            -0.1376546323299408,
            0.4463101029396057,
            -0.8842273950576782,
            0.4724401831626892
          ],
          [
            0.9092148542404175,
            -0.29719603061676025,
            -0.2915530800819397,
            0.040852028876543045
          ],
          [
            -0.3929138779640198,
            -0.844092607498169,
            -0.36488425731658936,
            1.35285222530365
          ],
          [
            0.0,
            0.0,
            0.0,
            1.0
          ]
        ]
      },
      "bone_length_armature_space": 0.26752588882963024,
      "parent": "upperarm_l",
      "has_children": true,
      "is_end_bone": false
    },
    "metacarpal_thumb_l": {
      "name": "metacarpal_thumb_l",
      "local": {
        "location": {
          "x": 0.0,
          "y": 0.0,
          "z": 0.0
        },
        "rotation_quaternion": {
          "w": 0.9991481304168701,
          "x": -0.03880572319030762,
          "y": -0.013998900540173054,
          "z": -0.0011061651166528463
        },
        "scale": {
          "x": 1.0,
          "y": 1.0,
          "z": 1.0
        },
        "matrix_basis": [
          [
            0.9996055960655212,
            0.0032969205640256405,
            -0.027888098731637,
            0.0
          ],
          [
            -0.0011239707237109542,
            0.9969857931137085,
            0.07757630199193954,
            0.0
          ],
          [
            0.02805980108678341,
            -0.07751435786485672,
            0.9965962767601013,
            0.0
          ],
          [
            0.0,
            0.0,
            0.0,
            1.0
          ]
        ],
        "rotation_mode": "QUATERNION"
      },
      "armature_space": {
        "head": {
          "x": 0.591839075088501,
          "y": -0.10189919173717499,
          "z": 0.17718280851840973
        },
        "tail": {
          "x": 0.5831134915351868,
          "y": -0.11741550266742706,
          "z": 0.13095811009407043
        }
      },
      "world_space": {
        "head": {
          "x": 0.591839075088501,
          "y": -0.03865519165992737,
          "z": 1.1270368099212646
        },
        "tail": {
          "x": 0.5831134915351868,
          "y": -0.05417150259017944,
          "z": 1.0808120965957642
        },
        "rotation_quaternion": {
          "w": 0.5859324932098389,
          "x": -0.7981725335121155,
          "y": 0.0077227079309523106,
          "z": 0.13980019092559814
        },
        "matrix": [
          [
            0.9607925415039062,
            -0.1761549860239029,
            -0.21411831676959991,
            0.591839075088501
          ],
          [
            0.15149766206741333,
            -0.3132477104663849,
            0.9375097751617432,
            -0.03865519165992737
          ],
          [
            -0.2322206050157547,
            -0.9331977367401123,
            -0.2742801308631897,
            1.1270368099212646
          ],
          [
            0.0,
            0.0,
            0.0,
            1.0
          ]
        ]
      },
      "bone_length_armature_space": 0.04953397208084508,
      "parent": "lowerarm_l",
      "has_children": true,
      "is_end_bone": false
    },
    "thumb_01_l": {
      "name": "thumb_01_l",
      "local": {
        "location": {
          "x": 0.0,
          "y": 0.0,
          "z": 0.0
        },
        "rotation_quaternion": {
          "w": 0.9990966320037842,
          "x": 0.0280657559633255,
          "y": -0.026279067620635033,
          "z": 0.01810046285390854
        },
        "scale": {
          "x": 1.0,
          "y": 1.0,
          "z": 1.0
        },
        "matrix_basis": [
          [
            0.997963547706604,
            -0.03764330595731735,
            -0.05149465054273605,
            0.0
          ],
          [
            0.03469314053654671,
            0.9977693557739258,
            -0.057032130658626556,
            0.0
          ],
          [
            0.05352666229009628,
            0.05512947961688042,
            0.9970434308052063,
            0.0
          ],
          [
            0.0,
            0.0,
            0.0,
            1.0
          ]
        ],
        "rotation_mode": "QUATERNION"
      },
      "armature_space": {
        "head": {
          "x": 0.5831134915351868,
          "y": -0.11741550266742706,
          "z": 0.13095811009407043
        },
        "tail": {
          "x": 0.5715407729148865,
          "y": -0.09997017681598663,
          "z": 0.1041184589266777
        }
      },
      "world_space": {
        "head": {
          "x": 0.5831134915351868,
          "y": -0.05417150259017944,
          "z": 1.0808120965957642
        },
        "tail": {
          "x": 0.5715407729148865,
          "y": -0.036726176738739014,
          "z": 1.0539724826812744
        },
        "rotation_quaternion": {
          "w": 0.5690343379974365,
          "x": -0.4444672167301178,
          "y": 0.657616138458252,
          "z": -0.21491852402687073
        },
        "matrix": [
          [
            0.042702458798885345,
            -0.33998867869377136,
            0.9394592642784119,
            0.5831134915351868
          ],
          [
            -0.829170286655426,
            0.51251620054245,
            0.2231680005788803,
            -0.05417150259017944
          ],
          [
            -0.557367205619812,
            -0.7885068655014038,
            -0.2600245475769043,
            1.0808120965957642
          ],
          [
            0.0,
            0.0,
            0.0,
            1.0
          ]
        ]
      },
      "bone_length_armature_space": 0.034038714705887034,
      "parent": "metacarpal_thumb_l",
      "has_children": true,
      "is_end_bone": false
    },
    "thumb_02_l": {
      "name": "thumb_02_l",
      "local": {
        "location": {
          "x": 0.0,
          "y": 0.0,
          "z": 0.0
        },
        "rotation_quaternion": {
          "w": 0.9927176237106323,
          "x": 0.12029944360256195,
          "y": 0.0005686968215741217,
          "z": 0.006291593424975872
        },
        "scale": {
          "x": 1.0,
          "y": 1.0,
          "z": 1.0
        },
        "matrix_basis": [
          [
            0.9999201893806458,
            -0.012354723177850246,
            0.0026428611017763615,
            0.0
          ],
          [
            0.01262837927788496,
            0.9709769487380981,
            -0.23883959650993347,
            0.0
          ],
          [
            0.0003846396575681865,
            0.23885391652584076,
            0.9710554480552673,
            0.0
          ],
          [
            0.0,
            0.0,
            0.0,
            1.0
          ]
        ],
        "rotation_mode": "QUATERNION"
      },
      "armature_space": {
        "head": {
          "x": 0.5715407133102417,
          "y": -0.09997016191482544,
          "z": 0.10411850363016129
        },
        "tail": {
          "x": 0.5951622128486633,
          "y": -0.11047089844942093,
          "z": 0.07337842881679535
        }
      },
      "world_space": {
        "head": {
          "x": 0.5715407133102417,
          "y": -0.03672616183757782,
          "z": 1.0539724826812744
        },
        "tail": {
          "x": 0.5951622128486633,
          "y": -0.04722689837217331,
          "z": 1.0232324600219727
        },
        "rotation_quaternion": {
          "w": 0.4455960690975189,
          "x": -0.13273829221725464,
          "y": 0.41318508982658386,
          "z": -0.783008873462677
        },
        "matrix": [
          [
            -0.5676473379135132,
            0.5881204605102539,
            0.5760993957519531,
            0.5715407133102417
          ],
          [
            -0.807503879070282,
            -0.2614437937736511,
            -0.5287577509880066,
            -0.03672616183757782
          ],
          [
            -0.16035732626914978,
            -0.765356183052063,
            0.6233214139938354,
            1.0539724826812744
          ],
          [
            0.0,
            0.0,
            0.0,
            1.0
          ]
        ]
      },
      "bone_length_armature_space": 0.0401645728858348,
      "parent": "thumb_01_l",
      "has_children": true,
      "is_end_bone": false
    },
    "thumb_03_l": {
      "name": "thumb_03_l",
      "local": {
        "location": {
          "x": 0.0,
          "y": 0.0,
          "z": 0.0
        },
        "rotation_quaternion": {
          "w": 0.9985334873199463,
          "x": 0.0538565069437027,
          "y": -0.005503217689692974,
          "z": -0.00036975834518671036
        },
        "scale": {
          "x": 1.0,
          "y": 1.0,
          "z": 1.0
        },
        "matrix_basis": [
          [
            0.9999391436576843,
            0.0001456640165997669,
            -0.011030121706426144,
            0.0
          ],
          [
            -0.0013312003575265408,
            0.9941986799240112,
            -0.1075509786605835,
            0.0
          ],
          [
            0.010950466617941856,
            0.10755912214517593,
            0.9941383600234985,
            0.0
          ],
          [
            0.0,
            0.0,
            0.0,
            1.0
          ]
        ],
        "rotation_mode": "QUATERNION"
      },
      "armature_space": {
        "head": {
          "x": 0.5951620936393738,
          "y": -0.11047089844942093,
          "z": 0.07337841391563416
        },
        "tail": {
          "x": 0.6201576590538025,
          "y": -0.12079791724681854,
          "z": 0.059397391974925995
        }
      },
      "world_space": {
        "head": {
          "x": 0.5951620936393738,
          "y": -0.04722689837217331,
          "z": 1.0232324600219727
        },
        "tail": {
          "x": 0.6201576590538025,
          "y": -0.05755391716957092,
          "z": 1.009251356124878
        },
        "rotation_quaternion": {
          "w": 0.4491129517555237,
          "x": 0.13360904157161713,
          "y": 0.35874107480049133,
          "z": -0.8073109984397888
        },
        "matrix": [
          [
            -0.560891330242157,
            0.8210099935531616,
            0.10650458186864853,
            0.5951620936393738
          ],
          [
            -0.6292874813079834,
            -0.33920371532440186,
            -0.6992411613464355,
            -0.04722689837217331
          ],
          [
            -0.5379614233970642,
            -0.45922401547431946,
            0.7069123387336731,
            1.0232324600219727
          ],
          [
            0.0,
            0.0,
            0.0,
            1.0
          ]
        ]
      },
      "bone_length_armature_space": 0.030444943296558113,
      "parent": "thumb_02_l",
      "has_children": false,
      "is_end_bone": true
    },
    "metacarpal_index_l": {
      "name": "metacarpal_index_l",
      "local": {
        "location": {
          "x": 0.0,
          "y": 0.0,
          "z": 0.0
        },
        "rotation_quaternion": {
          "w": 0.9995828866958618,
          "x": 0.01036082860082388,
          "y": 0.017662299796938896,
          "z": 0.020369024947285652
        },
        "scale": {
          "x": 1.0,
          "y": 1.0,
          "z": 1.0
        },
        "matrix_basis": [
          [
            0.998546302318573,
            -0.04035506397485733,
            0.03573194518685341,
            0.0
          ],
          [
            0.04108704999089241,
            0.998955488204956,
            -0.019993485882878304,
            0.0
          ],
          [
            -0.03488778695464134,
            0.0214325413107872,
            0.999161422252655,
            0.0
          ],
          [
            0.0,
            0.0,
            0.0,
            1.0
          ]
        ],
        "rotation_mode": "QUATERNION"
      },
      "armature_space": {
        "head": {
          "x": 0.591839075088501,
          "y": -0.10189919173717499,
          "z": 0.17718280851840973
        },
        "tail": {
          "x": 0.6040387749671936,
          "y": -0.14168430864810944,
          "z": 0.06764876842498779
        }
      },
      "world_space": {
        "head": {
          "x": 0.591839075088501,
          "y": -0.03865519165992737,
          "z": 1.1270368099212646
        },
        "tail": {
          "x": 0.6040387749671936,
          "y": -0.07844030857086182,
          "z": 1.017502784729004
        },
        "rotation_quaternion": {
          "w": 0.519464373588562,
          "x": -0.7739893794059753,
          "y": -0.24573242664337158,
          "z": 0.2659189701080322
        },
        "matrix": [
          [
            0.737805187702179,
            0.10411820560693741,
            -0.6669352054595947,
            0.591839075088501
          ],
          [
            0.6566596627235413,
            -0.3395453095436096,
            0.6734297275543213,
            -0.03865519165992737
          ],
          [
            -0.1563389003276825,
            -0.9348162412643433,
            -0.31889015436172485,
            1.1270368099212646
          ],
          [
            0.0,
            0.0,
            0.0,
            1.0
          ]
        ]
      },
      "bone_length_armature_space": 0.11717249853754433,
      "parent": "lowerarm_l",
      "has_children": true,
      "is_end_bone": false
    },
    "index_01_l": {
      "name": "index_01_l",
      "local": {
        "location": {
          "x": 0.0,
          "y": 0.0,
          "z": 0.0
        },
        "rotation_quaternion": {
          "w": 0.9982894659042358,
          "x": -0.05429714918136597,
          "y": 0.014813389629125595,
          "z": 0.01583108864724636
        },
        "scale": {
          "x": 1.0,
          "y": 1.0,
          "z": 1.0
        },
        "matrix_basis": [
          [
            0.9990598559379578,
            -0.03321666643023491,
            0.027856934815645218,
            0.0
          ],
          [
            0.029999367892742157,
            0.9936023950576782,
            0.10887756943702698,
            0.0
          ],
          [
            -0.03129526600241661,
            -0.10793951898813248,
            0.9936647415161133,
            0.0
          ],
          [
            0.0,
            0.0,
            0.0,
            1.0
          ]
        ],
        "rotation_mode": "QUATERNION"
      },
      "armature_space": {
        "head": {
          "x": 0.6040387749671936,
          "y": -0.14168430864810944,
          "z": 0.06764876842498779
        },
        "tail": {
          "x": 0.6177276968955994,
          "y": -0.14949505031108856,
          "z": 0.04388570785522461
        }
      },
      "world_space": {
        "head": {
          "x": 0.6040387749671936,
          "y": -0.07844030857086182,
          "z": 1.017502784729004
        },
        "tail": {
          "x": 0.6177276968955994,
          "y": -0.08625105023384094,
          "z": 0.9937397241592407
        },
        "rotation_quaternion": {
          "w": 0.47273731231689453,
          "x": -0.7895931005477905,
          "y": -0.3735743463039398,
          "z": 0.11620858311653137
        },
        "matrix": [
          [
            0.693873941898346,
            0.48007136583328247,
            -0.5367216467857361,
            0.6040387749671936
          ],
          [
            0.6998176574707031,
            -0.27392303943634033,
            0.659713625907898,
            -0.07844030857086182
          ],
          [
            0.1696910262107849,
            -0.8333714008331299,
            -0.5260335206985474,
            1.017502784729004
          ],
          [
            0.0,
            0.0,
            0.0,
            1.0
          ]
        ]
      },
      "bone_length_armature_space": 0.02851451076176347,
      "parent": "metacarpal_index_l",
      "has_children": true,
      "is_end_bone": false
    },
    "index_02_l": {
      "name": "index_02_l",
      "local": {
        "location": {
          "x": 0.0,
          "y": 0.0,
          "z": 0.0
        },
        "rotation_quaternion": {
          "w": 0.9766103625297546,
          "x": 0.21469640731811523,
          "y": 0.011732203885912895,
          "z": 0.00022873308626003563
        },
        "scale": {
          "x": 1.0,
          "y": 1.0,
          "z": 1.0
        },
        "matrix_basis": [
          [
            0.9997246265411377,
            0.0045909578911960125,
            0.023013800382614136,
            0.0
          ],
          [
            0.005484490189701319,
            0.9078108072280884,
            -0.41934409737586975,
            0.0
          ],
          [
            -0.022817367687821388,
            0.4193548262119293,
            0.9075356125831604,
            0.0
          ],
          [
            0.0,
            0.0,
            0.0,
            1.0
          ]
        ],
        "rotation_mode": "QUATERNION"
      },
      "armature_space": {
        "head": {
          "x": 0.617727518081665,
          "y": -0.14949510991573334,
          "z": 0.043885186314582825
        },
        "tail": {
          "x": 0.6238521933555603,
          "y": -0.14932188391685486,
          "z": 0.018974201753735542
        }
      },
      "world_space": {
        "head": {
          "x": 0.617727518081665,
          "y": -0.08625110983848572,
          "z": 0.9937391877174377
        },
        "tail": {
          "x": 0.6238521933555603,
          "y": -0.08607788383960724,
          "z": 0.9688282012939453
        },
        "rotation_quaternion": {
          "w": 0.6112217307090759,
          "x": -0.6749845743179321,
          "y": -0.360255628824234,
          "z": 0.20253317058086395
        },
        "matrix": [
          [
            0.6583909392356873,
            0.23874841630458832,
            -0.7138068675994873,
            0.617727518081665
          ],
          [
            0.7339208722114563,
            0.0067523568868637085,
            0.6792019009590149,
            -0.08625110983848572
          ],
          [
            0.1669800728559494,
            -0.9710648059844971,
            -0.17077738046646118,
            0.9937391877174377
          ],
          [
            0.0,
            0.0,
            0.0,
            1.0
          ]
        ]
      },
      "bone_length_armature_space": 0.025653436886573316,
      "parent": "index_01_l",
      "has_children": true,
      "is_end_bone": false
    },
    "index_03_l": {
      "name": "index_03_l",
      "local": {
        "location": {
          "x": 0.0,
          "y": 0.0,
          "z": 0.0
        },
        "rotation_quaternion": {
          "w": 0.9779179096221924,
          "x": 0.20882070064544678,
          "y": -0.005089724902063608,
          "z": -0.006676538847386837
        },
        "scale": {
          "x": 1.0,
          "y": 1.0,
          "z": 1.0
        },
        "matrix_basis": [
          [
            0.9998590350151062,
            0.010932534001767635,
            -0.012743065133690834,
            0.0
          ],
          [
            -0.015183893963694572,
            0.9126986861228943,
            -0.40835103392601013,
            0.0
          ],
          [
            0.0071662673726677895,
            0.4084869623184204,
            0.9127359986305237,
            0.0
          ],
          [
            0.0,
            0.0,
            0.0,
            1.0
          ]
        ],
        "rotation_mode": "QUATERNION"
      },
      "armature_space": {
        "head": {
          "x": 0.6238523125648499,
          "y": -0.1493220031261444,
          "z": 0.01897423528134823
        },
        "tail": {
          "x": 0.6221007704734802,
          "y": -0.13692395389080048,
          "z": -0.007425790652632713
        }
      },
      "world_space": {
        "head": {
          "x": 0.6238523125648499,
          "y": -0.08607800304889679,
          "z": 0.9688282608985901
        },
        "tail": {
          "x": 0.6221007704734802,
          "y": -0.07367995381355286,
          "z": 0.9424282312393188
        },
        "rotation_quaternion": {
          "w": 0.7798080444335938,
          "x": -0.48110029101371765,
          "y": -0.32258185744285583,
          "z": 0.23745101690292358
        },
        "matrix": [
          [
            0.6791163086891174,
            -0.05994504690170288,
            -0.7315786480903625,
            0.6238523125648499
          ],
          [
            0.680720865726471,
            0.424319326877594,
            0.5971370935440063,
            -0.08607800304889679
          ],
          [
            0.2746300995349884,
            -0.9035323858261108,
            0.3289707899093628,
            0.9688282608985901
          ],
          [
            0.0,
            0.0,
            0.0,
            1.0
          ]
        ]
      },
      "bone_length_armature_space": 0.029218844585951198,
      "parent": "index_02_l",
      "has_children": false,
      "is_end_bone": true
    },
    "metacarpal_pinky_l": {
      "name": "metacarpal_pinky_l",
      "local": {
        "location": {
          "x": 0.0,
          "y": 0.0,
          "z": 0.0
        },
        "rotation_quaternion": {
          "w": 0.9973721504211426,
          "x": -0.06827867031097412,
          "y": -0.0168844573199749,
          "z": 0.017369315028190613
        },
        "scale": {
          "x": 1.0,
          "y": 1.0,
          "z": 1.0
        },
        "matrix_basis": [
          [
            0.9988264441490173,
            -0.032341644167900085,
            -0.03605208173394203,
            0.0
          ],
          [
            0.03695303946733475,
            0.9900726675987244,
            0.13561195135116577,
            0.0
          ],
          [
            0.03130826726555824,
            -0.13678503036499023,
            0.9901058673858643,
            0.0
          ],
          [
            0.0,
            0.0,
            0.0,
            1.0
          ]
        ],
        "rotation_mode": "QUATERNION"
      },
      "armature_space": {
        "head": {
          "x": 0.591839075088501,
          "y": -0.10189919173717499,
          "z": 0.17718280851840973
        },
        "tail": {
          "x": 0.6664716601371765,
          "y": -0.10719617456197739,
          "z": 0.10475900769233704
        }
      },
      "world_space": {
        "head": {
          "x": 0.591839075088501,
          "y": -0.03865519165992737,
          "z": 1.1270368099212646
        },
        "tail": {
          "x": 0.6664716601371765,
          "y": -0.04395217448472977,
          "z": 1.0546129941940308
        },
        "rotation_quaternion": {
          "w": 0.314685583114624,
          "x": 0.23215939104557037,
          "y": 0.6128126978874207,
          "z": -0.6866846084594727
        },
        "matrix": [
          [
            -0.6941496133804321,
            0.716719925403595,
            0.06684762239456177,
            0.591839075088501
          ],
          [
            -0.14764267206192017,
            -0.05086858570575714,
            -0.98773193359375,
            -0.03865519165992737
          ],
          [
            -0.704531729221344,
            -0.6955082416534424,
            0.14112888276576996,
            1.1270368099212646
          ],
          [
            0.0,
            0.0,
            0.0,
            1.0
          ]
        ]
      },
      "bone_length_armature_space": 0.10413110850600438,
      "parent": "lowerarm_l",
      "has_children": true,
      "is_end_bone": false
    },
    "pinky_01_l": {
      "name": "pinky_01_l",
      "local": {
        "location": {
          "x": 0.0,
          "y": 0.0,
          "z": 0.0
        },
        "rotation_quaternion": {
          "w": 0.9996234178543091,
          "x": 0.019130026921629906,
          "y": 0.016127951443195343,
          "z": -0.011271360330283642
        },
        "scale": {
          "x": 1.0,
          "y": 1.0,
          "z": 1.0
        },
        "matrix_basis": [
          [
            0.9992256760597229,
            0.02315128780901432,
            0.03181251138448715,
            0.0
          ],
          [
            -0.021917175501585007,
            0.9990140199661255,
            -0.03860921412706375,
            0.0
          ],
          [
            -0.03267499804496765,
            0.03788207843899727,
            0.9987478852272034,
            0.0
          ],
          [
            0.0,
            0.0,
            0.0,
            1.0
          ]
        ],
        "rotation_mode": "QUATERNION"
      },
      "armature_space": {
        "head": {
          "x": 0.6664716601371765,
          "y": -0.10719617456197739,
          "z": 0.10475900769233704
        },
        "tail": {
