{
  "metadata": {
    "armature_name": "KIM_caucasian_male",
    "export_time": "2026-01-13T20:59:38.475089",
    "blender_version": "4.4.1",
    "bone_count": 56,
    "end_bone_count": 13,
    "spaces_included": [
      "LOCAL_CHANNELS",
      "ARMATURE_SPACE",
      "WORLD_SPACE"
    ],
    "note": "LOCAL matches Transform panel; replay pose via local.matrix_basis for best fidelity."
  },
  "bones": {
    "Root": {
      "name": "Root",
      "local": {
        "location": {
          "x": 0.0,
          "y": 0.0,
          "z": 0.0
        },
        "rotation_quaternion": {
          "w": 0.999393105506897,
          "x": 0.00998840481042862,
          "y": 0.016517430543899536,
          "z": -0.028999438509345055
        },
        "scale": {
          "x": 1.0,
          "y": 1.0,
          "z": 1.0
        },
        "matrix_basis": [
          [
            0.9977723956108093,
            0.05829364433884621,
            0.032435495406389236,
            0.0
          ],
          [
            -0.05763371288776398,
            0.99811851978302,
            -0.020922677591443062,
            0.0
          ],
          [
            -0.033594127744436264,
            0.019006693735718727,
            0.9992548227310181,
            0.0
          ],
          [
            0.0,
            0.0,
            0.0,
            1.0
          ]
        ],
        "rotation_mode": "QUATERNION"
      },
      "armature_space": {
        "head": {
          "x": 0.0,
          "y": 0.07072800397872925,
          "z": -0.009595036506652832
        },
        "tail": {
          "x": 0.004160759504884481,
          "y": -4.930049180984497e-05,
          "z": -0.0013623684644699097
        }
      },
      "world_space": {
        "head": {
          "x": 0.0,
          "y": 0.13397200405597687,
          "z": 0.9402589797973633
        },
        "tail": {
          "x": 0.004160759504884481,
          "y": 0.06319469958543777,
          "z": 0.948491632938385
        },
        "rotation_quaternion": {
          "w": 0.05736105144023895,
          "x": 0.9977955222129822,
          "y": 0.030046306550502777,
          "z": 0.014526279643177986
        },
        "matrix": [
          [
            0.9977723956108093,
            0.05829364433884621,
            0.032435495406389236,
            0.0
          ],
          [
            0.061626628041267395,
            -0.9916138648986816,
            -0.11359674483537674,
            0.13397200405597687
          ],
          [
            0.025541754439473152,
            0.11534245312213898,
            -0.9930043816566467,
            0.9402589797973633
          ],
          [
            0.0,
            0.0,
            0.0,
            1.0
          ]
        ]
      },
      "bone_length_armature_space": 0.07137587463469906,
      "parent": null,
      "has_children": true,
      "is_end_bone": false
    },
    "spine_01": {
      "name": "spine_01",
      "local": {
        "location": {
          "x": 0.0,
          "y": 0.0,
          "z": 0.0
        },
        "rotation_quaternion": {
          "w": 0.9948827624320984,
          "x": 0.08166728168725967,
          "y": 0.02415003441274166,
          "z": 0.05436496064066887
        },
        "scale": {
          "x": 1.0,
          "y": 1.0,
          "z": 1.0
        },
        "matrix_basis": [
          [
            0.9929224252700806,
            -0.10422898828983307,
            0.05693258345127106,
            0.0
          ],
          [
            0.11211805790662766,
            0.980749785900116,
            -0.159872904419899,
            0.0
          ],
          [
            -0.03917323052883148,
            0.1651245802640915,
            0.9854944348335266,
            0.0
          ],
          [
            0.0,
            0.0,
            0.0,
            1.0
          ]
        ],
        "rotation_mode": "QUATERNION"
      },
      "armature_space": {
        "head": {
          "x": 0.004160759504884481,
          "y": -4.930049180984497e-05,
          "z": -0.0013623684644699097
        },
        "tail": {
          "x": -0.054690103977918625,
          "y": -0.07117660343647003,
          "z": 0.47783052921295166
        }
      },
      "world_space": {
        "head": {
          "x": 0.004160759504884481,
          "y": 0.06319469958543777,
          "z": 0.948491632938385
        },
        "tail": {
          "x": -0.054690103977918625,
          "y": -0.007932603359222412,
          "z": 1.4276845455169678
        },
        "rotation_quaternion": {
          "w": 0.6535213589668274,
          "x": 0.7520293593406677,
          "y": -0.005788409151136875,
          "z": 0.08560517430305481
        },
        "matrix": [
          [
            0.9852765798568726,
            -0.12059572339057922,
            0.12118865549564362,
            0.004160759504884481
          ],
          [
            0.10318271815776825,
            -0.14575231075286865,
            -0.9839256405830383,
            0.06319469958543777
          ],
          [
            0.1363217979669571,
            0.9819502234458923,
            -0.13116474449634552,
            0.948491632938385
          ],
          [
            0.0,
            0.0,
            0.0,
            1.0
          ]
        ]
      },
      "bone_length_armature_space": 0.48800447559070803,
      "parent": "Root",
      "has_children": true,
      "is_end_bone": false
    },
    "neck_01": {
      "name": "neck_01",
      "local": {
        "location": {
          "x": 0.0,
          "y": 0.0,
          "z": 0.0
        },
        "rotation_quaternion": {
          "w": 0.9898589849472046,
          "x": -0.08396916091442108,
          "y": -0.1044500395655632,
          "z": 0.04710311442613602
        },
        "scale": {
          "x": 1.0,
          "y": 1.0,
          "z": 1.0
        },
        "matrix_basis": [
          [
            0.9737429618835449,
            -0.07570971548557281,
            -0.21469204127788544,
            0.0
          ],
          [
            0.11079204827547073,
            0.9814609289169312,
            0.15639540553092957,
            0.0
          ],
          [
            0.1988711953163147,
            -0.17607510089874268,
            0.9640787243843079,
            0.0
          ],
          [
            0.0,
            0.0,
            0.0,
            1.0
          ]
        ],
        "rotation_mode": "QUATERNION"
      },
      "armature_space": {
        "head": {
          "x": -0.05931705981492996,
          "y": -0.11597134172916412,
          "z": 0.5451785922050476
        },
        "tail": {
          "x": -0.07637851685285568,
          "y": -0.15250489115715027,
          "z": 0.6394386291503906
        }
      },
      "world_space": {
        "head": {
          "x": -0.05931705981492996,
          "y": -0.052727341651916504,
          "z": 1.495032548904419
        },
        "tail": {
          "x": -0.07637851685285568,
          "y": -0.08926089107990265,
          "z": 1.5892926454544067
        },
        "rotation_quaternion": {
          "w": 0.5602384209632874,
          "x": 0.823329746723175,
          "y": -0.0892031341791153,
          "z": 0.017431193962693214
        },
        "matrix": [
          [
            0.9834778308868408,
            -0.16641859710216522,
            -0.07124760746955872,
            -0.05931705981492996
          ],
          [
            -0.12735670804977417,
            -0.35635077953338623,
            -0.9256319999694824,
            -0.052727341651916504
          ],
          [
            0.12865400314331055,
            0.9194183945655823,
            -0.3716611862182617,
            1.495032548904419
          ],
          [
            0.0,
            0.0,
            0.0,
            1.0
          ]
        ]
      },
      "bone_length_armature_space": 0.10252193835867024,
      "parent": "spine_01",
      "has_children": true,
      "is_end_bone": false
    },
    "head": {
      "name": "head",
      "local": {
        "location": {
          "x": 0.0,
          "y": 0.0,
          "z": 0.0
        },
        "rotation_quaternion": {
          "w": 0.986068844795227,
          "x": -0.10143978148698807,
          "y": -0.027412941679358482,
          "z": -0.12894503772258759
        },
        "scale": {
          "x": 1.0,
          "y": 1.0,
          "z": 1.0
        },
        "matrix_basis": [
          [
            0.965243399143219,
            0.2598589062690735,
            -0.02790178172290325,
            0.0
          ],
          [
            -0.24873584508895874,
            0.9461662769317627,
            0.20712274312973022,
            0.0
          ],
          [
            0.08022240549325943,
            -0.1929836869239807,
            0.9779170155525208,
            0.0
          ],
          [
            0.0,
            0.0,
            0.0,
            1.0
          ]
        ],
        "rotation_mode": "QUATERNION"
      },
      "armature_space": {
        "head": {
          "x": -0.07637851685285568,
          "y": -0.15250501036643982,
          "z": 0.6394384503364563
        },
        "tail": {
          "x": -0.05196458846330643,
          "y": -0.127724751830101,
          "z": 0.7905781269073486
        }
      },
      "world_space": {
        "head": {
          "x": -0.07637851685285568,
          "y": -0.0892610102891922,
          "z": 1.5892925262451172
        },
        "tail": {
          "x": -0.05196458846330643,
          "y": -0.0644807517528534,
          "z": 1.7404321432113647
        },
        "rotation_quaternion": {
          "w": 0.7612665891647339,
          "x": 0.6370793581008911,
          "y": -0.019048145040869713,
          "z": -0.11933263391256332
        },
        "matrix": [
          [
            0.970793604850769,
            0.15741761028766632,
            -0.1810510754585266,
            -0.07637851685285568
          ],
          [
            -0.205959290266037,
            0.1597796529531479,
            -0.9654281735420227,
            -0.0892610102891922
          ],
          [
            -0.12304817885160446,
            0.9745275974273682,
            0.18753500282764435,
            1.5892925262451172
          ],
          [
            0.0,
            0.0,
            0.0,
            1.0
          ]
        ]
      },
      "bone_length_armature_space": 0.1550912753815468,
      "parent": "neck_01",
      "has_children": false,
      "is_end_bone": true
    },
    "upperarm_l": {
      "name": "upperarm_l",
      "local": {
        "location": {
          "x": 0.0,
          "y": 0.0,
          "z": 0.0
        },
        "rotation_quaternion": {
          "w": 0.7538143396377563,
          "x": 0.5541753768920898,
          "y": -0.1816958338022232,
          "z": 0.3027215898036957
        },
        "scale": {
          "x": 1.0,
          "y": 1.0,
          "z": 1.0
        },
        "matrix_basis": [
          [
            0.7506925463676453,
            -0.6577744483947754,
            0.06159185245633125,
            0.0
          ],
          [
            0.2550090253353119,
            0.20249858498573303,
            -0.9454972147941589,
            0.0
          ],
          [
            0.6094515323638916,
            0.7254841923713684,
            0.3197525441646576,
            0.0
          ],
          [
            0.0,
            0.0,
            0.0,
            1.0
          ]
        ],
        "rotation_mode": "QUATERNION"
      },
      "armature_space": {
        "head": {
          "x": 0.09696589410305023,
          "y": -0.09383611381053925,
          "z": 0.49921390414237976
        },
        "tail": {
          "x": 0.16501188278198242,
          "y": -0.3049931824207306,
          "z": 0.6495147347450256
        }
      },
      "world_space": {
        "head": {
          "x": 0.09696589410305023,
          "y": -0.030592113733291626,
          "z": 1.4490679502487183
        },
        "tail": {
          "x": 0.16501188278198242,
          "y": -0.24174918234348297,
          "z": 1.5993688106536865
        },
        "rotation_quaternion": {
          "w": 0.32052484154701233,
          "x": 0.7794744372367859,
          "y": -0.05718015879392624,
          "z": -0.5351764559745789
        },
        "matrix": [
          [
            0.42063435912132263,
            0.2539319097995758,
            -0.870968222618103,
            0.09696589410305023
          ],
          [
            -0.43221551179885864,
            -0.7879893779754639,
            -0.43847793340682983,
            -0.030592113733291626
          ],
          [
            -0.7976629137992859,
            0.5608879923820496,
            -0.22170387208461761,
            1.4490679502487183
          ],
          [
            0.0,
            0.0,
            0.0,
            1.0
          ]
        ]
      },
      "bone_length_armature_space": 0.26796996530640943,
      "parent": "spine_01",
      "has_children": true,
      "is_end_bone": false
    },
    "lowerarm_l": {
      "name": "lowerarm_l",
      "local": {
        "location": {
          "x": 0.0,
          "y": 0.0,
          "z": 0.0
        },
        "rotation_quaternion": {
          "w": 0.9634449481964111,
          "x": 0.1873997151851654,
          "y": 0.10821142047643661,
          "z": -0.1579415649175644
        },
        "scale": {
          "x": 1.0,
          "y": 1.0,
          "z": 1.0
        },
        "matrix_basis": [
          [
            0.9266895055770874,
            0.34489357471466064,
            0.14931508898735046,
            0.0
          ],
          [
            -0.263778418302536,
            0.8798716068267822,
            -0.39528077840805054,
            0.0
          ],
          [
            -0.2677079141139984,
            0.3269164562225342,
            0.9063432812690735,
            0.0
          ],
          [
            0.0,
            0.0,
            0.0,
            1.0
          ]
        ],
        "rotation_mode": "QUATERNION"
      },
      "armature_space": {
        "head": {
          "x": 0.16501180827617645,
          "y": -0.304993212223053,
          "z": 0.64951491355896
        },
        "tail": {
          "x": 0.13892365992069244,
          "y": -0.5665818452835083,
          "z": 0.6991147994995117
        }
      },
      "world_space": {
        "head": {
          "x": 0.16501180827617645,
          "y": -0.24174921214580536,
          "z": 1.599368929862976
        },
        "tail": {
          "x": 0.13892365992069244,
          "y": -0.5033378601074219,
          "z": 1.6489688158035278
        },
        "rotation_quaternion": {
          "w": 0.05688827857375145,
          "x": 0.8649489879608154,
          "y": -0.08864353597164154,
          "z": -0.4906825125217438
        },
        "matrix": [
          [
            0.5027462244033813,
            -0.09751684963703156,
            -0.8589162826538086,
            0.16501180827617645
          ],
          [
            -0.20917277038097382,
            -0.9778120517730713,
            -0.011418819427490234,
            -0.24174921214580536
          ],
          [
            -0.8387510180473328,
            0.18540304899215698,
            -0.5119925737380981,
            1.599368929862976
          ],
          [
            0.0,
            0.0,
            0.0,
            1.0
          ]
        ]
      },
      "bone_length_armature_space": 0.2675244912157837,
      "parent": "upperarm_l",
      "has_children": true,
      "is_end_bone": false
    },
    "metacarpal_thumb_l": {
      "name": "metacarpal_thumb_l",
      "local": {
        "location": {
          "x": 0.0,
          "y": 0.0,
          "z": 0.0
        },
        "rotation_quaternion": {
          "w": 0.9984942078590393,
          "x": -0.05323115736246109,
          "y": 0.010668481700122356,
          "z": -0.007881945930421352
        },
        "scale": {
          "x": 1.0,
          "y": 1.0,
          "z": 1.0
        },
        "matrix_basis": [
          [
            0.9996480941772461,
            0.014604363590478897,
            0.02214396372437477,
            0.0
          ],
          [
            -0.016875946894288063,
            0.9942086338996887,
            0.1061338260769844,
            0.0
          ],
          [
            -0.020465703681111336,
            -0.10647018253803253,
            0.9941052794456482,
            0.0
          ],
          [
            0.0,
            0.0,
            0.0,
            1.0
          ]
        ],
        "rotation_mode": "QUATERNION"
      },
      "armature_space": {
        "head": {
          "x": 0.13892365992069244,
          "y": -0.5665818452835083,
          "z": 0.6991147994995117
        },
        "tail": {
          "x": 0.11233720928430557,
          "y": -0.6070485711097717,
          "z": 0.6886653304100037
        }
      },
      "world_space": {
        "head": {
          "x": 0.13892365992069244,
          "y": -0.5033378601074219,
          "z": 1.6489688158035278
        },
        "tail": {
          "x": 0.11233720928430557,
          "y": -0.5438045859336853,
          "z": 1.638519287109375
        },
        "rotation_quaternion": {
          "w": 0.024949410930275917,
          "x": -0.9128146767616272,
          "y": 0.30149710178375244,
          "z": -0.2743111252784729
        },
        "matrix": [
          [
            0.6677054762840271,
            -0.536734938621521,
            0.5158345699310303,
            0.13892365992069244
          ],
          [
            -0.5641096830368042,
            -0.8169537782669067,
            -0.1198611706495285,
            -0.5033378601074219
          ],
          [
            0.4857494831085205,
            -0.2109573483467102,
            -0.8482679128646851,
            1.6489688158035278
          ],
          [
            0.0,
            0.0,
            0.0,
            1.0
          ]
        ]
      },
      "bone_length_armature_space": 0.049533692257971544,
      "parent": "lowerarm_l",
      "has_children": true,
      "is_end_bone": false
    },
    "thumb_01_l": {
      "name": "thumb_01_l",
      "local": {
        "location": {
          "x": 0.0,
          "y": 0.0,
          "z": 0.0
        },
        "rotation_quaternion": {
          "w": 0.9652772545814514,
          "x": 0.26095837354660034,
          "y": -0.007719532120972872,
          "z": -0.009006597101688385
        },
        "scale": {
          "x": 1.0,
          "y": 1.0,
          "z": 1.0
        },
        "matrix_basis": [
          [
            0.9997186064720154,
            0.013358773663640022,
            -0.01960367150604725,
            0.0
          ],
          [
            -0.02141667902469635,
            0.863639235496521,
            -0.5036553144454956,
            0.0
          ],
          [
            0.010202283971011639,
            0.5039334297180176,
            0.8636822700500488,
            0.0
          ],
          [
            0.0,
            0.0,
            0.0,
            1.0
          ]
        ],
        "rotation_mode": "QUATERNION"
      },
      "armature_space": {
        "head": {
          "x": 0.11233720928430557,
          "y": -0.6070485711097717,
          "z": 0.6886653304100037
        },
        "tail": {
          "x": 0.12182220071554184,
          "y": -0.6347035765647888,
          "z": 0.671233594417572
        }
      },
      "world_space": {
        "head": {
          "x": 0.11233720928430557,
          "y": -0.5438045859336853,
          "z": 1.638519287109375
        },
        "tail": {
          "x": 0.12182220071554184,
          "y": -0.5714595913887024,
          "z": 1.6210875511169434
        },
        "rotation_quaternion": {
          "w": 0.2205309122800827,
          "x": -0.28653454780578613,
          "y": 0.21245171129703522,
          "z": -0.907815158367157
        },
        "matrix": [
          [
            -0.7385279536247253,
            0.2786540985107422,
            0.6139451265335083,
            0.11233720928430557
          ],
          [
            -0.522152304649353,
            -0.8124610781669617,
            -0.25935307145118713,
            -0.5438045859336853
          ],
          [
            0.4265393018722534,
            -0.5121166110038757,
            0.7455298900604248,
            1.638519287109375
          ],
          [
            0.0,
            0.0,
            0.0,
            1.0
          ]
        ]
      },
      "bone_length_armature_space": 0.0340386512204868,
      "parent": "metacarpal_thumb_l",
      "has_children": true,
      "is_end_bone": false
    },
    "thumb_02_l": {
      "name": "thumb_02_l",
      "local": {
        "location": {
          "x": 0.0,
          "y": 0.0,
          "z": 0.0
        },
        "rotation_quaternion": {
          "w": 0.873832643032074,
          "x": 0.48613178730010986,
          "y": -0.00278138997964561,
          "z": 0.00920924823731184
        },
        "scale": {
          "x": 1.0,
          "y": 1.0,
          "z": 1.0
        },
        "matrix_basis": [
          [
            0.9998149275779724,
            -0.01879892684519291,
            0.004092877730727196,
            0.0
          ],
          [
            0.013390439562499523,
            0.5271821618080139,
            -0.8496468663215637,
            0.0
          ],
          [
            0.013814755715429783,
            0.8495444059371948,
            0.5273362994194031,
            0.0
          ],
          [
            0.0,
            0.0,
            0.0,
            1.0
          ]
        ],
        "rotation_mode": "QUATERNION"
      },
      "armature_space": {
        "head": {
          "x": 0.12182219326496124,
          "y": -0.6347035765647888,
          "z": 0.6712335348129272
        },
        "tail": {
          "x": 0.11709530651569366,
          "y": -0.6378535032272339,
          "z": 0.71099454164505
        }
      },
      "world_space": {
        "head": {
          "x": 0.12182219326496124,
          "y": -0.5714595913887024,
          "z": 1.6210875511169434
        },
        "tail": {
          "x": 0.11709530651569366,
          "y": -0.5746095180511475,
          "z": 1.660848617553711
        },
        "rotation_quaternion": {
          "w": 0.0032805351074784994,
          "x": 0.09020977467298508,
          "y": -0.6788051724433899,
          "z": -0.7287489771842957
        },
        "matrix": [
          [
            -0.9837031364440918,
            -0.1176883652806282,
            -0.1359335035085678,
            0.12182219326496124
          ],
          [
            -0.1272503286600113,
            -0.0784253478050232,
            0.9887653589248657,
            -0.5714595913887024
          ],
          [
            -0.12702766060829163,
            0.9899559020996094,
            0.062172651290893555,
            1.6210875511169434
          ],
          [
            0.0,
            0.0,
            0.0,
            1.0
          ]
        ]
      },
      "bone_length_armature_space": 0.04016470023662496,
      "parent": "thumb_01_l",
      "has_children": true,
      "is_end_bone": false
    },
    "thumb_03_l": {
      "name": "thumb_03_l",
      "local": {
        "location": {
          "x": 0.0,
          "y": 0.0,
          "z": 0.0
        },
        "rotation_quaternion": {
          "w": 0.9879817366600037,
          "x": 0.15448477864265442,
          "y": -0.002949368441477418,
          "z": -0.004244936630129814
        },
        "scale": {
          "x": 1.0,
          "y": 1.0,
          "z": 1.0
        },
        "matrix_basis": [
          [
            0.9999465346336365,
            0.007476574741303921,
            -0.007139400579035282,
            0.0
          ],
          [
            -0.009299105033278465,
            0.952232837677002,
            -0.3052312433719635,
            0.0
          ],
          [
            0.004516288172453642,
            0.30528131127357483,
            0.9522514939308167,
            0.0
          ],
          [
            0.0,
            0.0,
            0.0,
            1.0
          ]
        ],
        "rotation_mode": "QUATERNION"
      },
      "armature_space": {
        "head": {
          "x": 0.11709526926279068,
          "y": -0.6378535628318787,
          "z": 0.7109944820404053
        },
        "tail": {
          "x": 0.11272643506526947,
          "y": -0.6237885355949402,
          "z": 0.7376401424407959
        }
      },
      "world_space": {
        "head": {
          "x": 0.11709526926279068,
          "y": -0.5746095776557922,
          "z": 1.6608484983444214
        },
        "tail": {
          "x": 0.11272643506526947,
          "y": -0.5605445504188538,
          "z": 1.687494158744812
        },
        "rotation_quaternion": {
          "w": 0.16527031362056732,
          "x": 0.1812743991613388,
          "y": -0.8388545513153076,
          "z": -0.48595094680786133
        },
        "matrix": [
          [
            -0.8796505331993103,
            -0.14349974691867828,
            -0.4534567594528198,
            0.11709526926279068
          ],
          [
            -0.4647526144981384,
            0.4619828164577484,
            0.7553654909133911,
            -0.5746095776557922
          ],
          [
            0.10109490901231766,
            0.8752092719078064,
            -0.4730779230594635,
            1.6608484983444214
          ],
          [
            0.0,
            0.0,
            0.0,
            1.0
          ]
        ]
      },
      "bone_length_armature_space": 0.03044508020615277,
      "parent": "thumb_02_l",
      "has_children": false,
      "is_end_bone": true
    },
    "metacarpal_index_l": {
      "name": "metacarpal_index_l",
      "local": {
        "location": {
          "x": 0.0,
          "y": 0.0,
          "z": 0.0
        },
        "rotation_quaternion": {
          "w": 0.999253511428833,
          "x": -0.03613298386335373,
          "y": -0.01147632859647274,
          "z": 0.007434967439621687
        },
        "scale": {
          "x": 1.0,
          "y": 1.0,
          "z": 1.0
        },
        "matrix_basis": [
          [
            0.9996260404586792,
            -0.014029487036168575,
            -0.023472817614674568,
            0.0
          ],
          [
            0.015688182786107063,
            0.9972782731056213,
            0.07204136997461319,
            0.0
          ],
          [
            0.02239822782576084,
            -0.07238267362117767,
            0.9971253871917725,
            0.0
          ],
          [
            0.0,
            0.0,
            0.0,
            1.0
          ]
        ],
        "rotation_mode": "QUATERNION"
      },
      "armature_space": {
        "head": {
          "x": 0.13892365992069244,
          "y": -0.5665818452835083,
          "z": 0.6991147994995117
        },
        "tail": {
          "x": 0.09920664131641388,
          "y": -0.6766564249992371,
          "z": 0.7050613164901733
        }
      },
      "world_space": {
        "head": {
          "x": 0.13892365992069244,
          "y": -0.5033378601074219,
          "z": 1.6489688158035278
        },
        "tail": {
          "x": 0.09920664131641388,
          "y": -0.6134124398231506,
          "z": 1.6549153327941895
        },
        "rotation_quaternion": {
          "w": 0.018807759508490562,
          "x": 0.9839401245117188,
          "y": -0.1730073094367981,
          "z": -0.039706822484731674
        },
        "matrix": [
          [
            0.9369838237762451,
            -0.33896419405937195,
            -0.08464594185352325,
            0.13892365992069244
          ],
          [
            -0.3419511616230011,
            -0.939429521560669,
            -0.02327262982726097,
            -0.5033378601074219
          ],
          [
            -0.07163119316101074,
            0.05075036734342575,
            -0.9961462616920471,
            1.6489688158035278
          ],
          [
            0.0,
            0.0,
            0.0,
            1.0
          ]
        ]
      },
      "bone_length_armature_space": 0.11717173809045832,
      "parent": "lowerarm_l",
      "has_children": true,
      "is_end_bone": false
    },
    "index_01_l": {
      "name": "index_01_l",
      "local": {
        "location": {
          "x": 0.0,
          "y": 0.0,
          "z": 0.0
        },
        "rotation_quaternion": {
          "w": 0.9487127065658569,
          "x": 0.3156174421310425,
          "y": 0.017829658463597298,
          "z": -0.003458751831203699
        },
        "scale": {
          "x": 1.0,
          "y": 1.0,
          "z": 1.0
        },
        "matrix_basis": [
          [
            0.999340295791626,
            0.017817426472902298,
            0.03164716064929962,
            0.0
          ],
          [
            0.004691978916525841,
            0.8007473349571228,
            -0.598983883857727,
            0.0
          ],
          [
            -0.036013733595609665,
            0.5987372398376465,
            0.8001354932785034,
            0.0
          ],
          [
            0.0,
            0.0,
            0.0,
            1.0
          ]
        ],
        "rotation_mode": "QUATERNION"
      },
      "armature_space": {
        "head": {
          "x": 0.09920664131641388,
          "y": -0.6766564249992371,
          "z": 0.7050613164901733
        },
        "tail": {
          "x": 0.09890327602624893,
          "y": -0.7018700242042542,
          "z": 0.6917476058006287
        }
      },
      "world_space": {
        "head": {
          "x": 0.09920664131641388,
          "y": -0.6134124398231506,
          "z": 1.6549153327941895
        },
        "tail": {
          "x": 0.09890327602624893,
          "y": -0.6386260390281677,
          "z": 1.6416015625
        },
        "rotation_quaternion": {
          "w": 0.24058043956756592,
          "x": -0.970434844493866,
          "y": 0.000668472028337419,
          "z": 0.01941446028649807
        },
        "matrix": [
          [
            0.9992455244064331,
            -0.01063898578286171,
            -0.03735920041799545,
            0.09920664131641388
          ],
          [
            0.008044132962822914,
            -0.8842414617538452,
            0.4669608473777771,
            -0.6134124398231506
          ],
          [
            -0.038002870976924896,
            -0.46691304445266724,
            -0.8834942579269409,
            1.6549153327941895
          ],
          [
            0.0,
            0.0,
            0.0,
            1.0
          ]
        ]
      },
      "bone_length_armature_space": 0.02851442580067275,
      "parent": "metacarpal_index_l",
      "has_children": true,
      "is_end_bone": false
    },
    "index_02_l": {
      "name": "index_02_l",
      "local": {
        "location": {
          "x": 0.0,
          "y": 0.0,
          "z": 0.0
        },
        "rotation_quaternion": {
          "w": 0.8988909721374512,
          "x": 0.4380647540092468,
          "y": 0.008656484074890614,
          "z": -0.004398396238684654
        },
        "scale": {
          "x": 1.0,
          "y": 1.0,
          "z": 1.0
        },
        "matrix_basis": [
          [
            0.9998114109039307,
            0.015491558238863945,
            0.011708905920386314,
            0.0
          ],
          [
            -0.00032315621501766145,
            0.6161598563194275,
            -0.7876210808753967,
            0.0
          ],
          [
            -0.01941603608429432,
            0.7874687314033508,
            0.6160486936569214,
            0.0
          ],
          [
            0.0,
            0.0,
            0.0,
            1.0
          ]
        ],
        "rotation_mode": "QUATERNION"
      },
      "armature_space": {
        "head": {
          "x": 0.09890302270650864,
          "y": -0.7018702626228333,
          "z": 0.6917471289634705
        },
        "tail": {
          "x": 0.09757203608751297,
          "y": -0.7073134779930115,
          "z": 0.6667131781578064
        }
      },
      "world_space": {
        "head": {
          "x": 0.09890302270650864,
          "y": -0.6386262774467468,
          "z": 1.6416010856628418
        },
        "tail": {
          "x": 0.09757203608751297,
          "y": -0.644069492816925,
          "z": 1.6165671348571777
        },
        "rotation_quaternion": {
          "w": 0.6276195645332336,
          "x": -0.7773293256759644,
          "y": -0.0013639196986332536,
          "z": 0.04302285239100456
        },
        "matrix": [
          [
            0.9962945580482483,
            -0.05188361182808876,
            -0.0685974657535553,
            0.09890302270650864
          ],
          [
            0.05612412840127945,
            -0.2121841013431549,
            0.9756167531013489,
            -0.6386262774467468
          ],
          [
            -0.06517425924539566,
            -0.9758585095405579,
            -0.20848646759986877,
            1.6416010856628418
          ],
          [
            0.0,
            0.0,
            0.0,
            1.0
          ]
        ]
      },
      "bone_length_armature_space": 0.02565343716015794,
      "parent": "index_01_l",
      "has_children": true,
      "is_end_bone": false
    },
    "index_03_l": {
      "name": "index_03_l",
      "local": {
        "location": {
          "x": 0.0,
          "y": 0.0,
          "z": 0.0
        },
        "rotation_quaternion": {
          "w": 0.9333541989326477,
          "x": 0.35890576243400574,
          "y": 0.002190124476328492,
          "z": 0.005643170792609453
        },
        "scale": {
          "x": 1.0,
          "y": 1.0,
          "z": 1.0
        },
        "matrix_basis": [
          [
            0.9999266862869263,
            -0.008962057530879974,
            0.008139057084918022,
            0.0
          ],
          [
            0.01210625097155571,
            0.7423096299171448,
            -0.6699476838111877,
            0.0
          ],
          [
            -3.759072205866687e-05,
            0.6699970960617065,
            0.742363691329956,
            0.0
          ],
          [
            0.0,
            0.0,
            0.0,
            1.0
          ]
        ],
        "rotation_mode": "QUATERNION"
      },
      "armature_space": {
        "head": {
          "x": 0.09757202118635178,
          "y": -0.707313597202301,
          "z": 0.6667131781578064
        },
        "tail": {
          "x": 0.09809403121471405,
          "y": -0.690468966960907,
          "z": 0.6428442597389221
        }
      },
      "world_space": {
        "head": {
          "x": 0.09757202118635178,
          "y": -0.6440696120262146,
          "z": 1.6165671348571777
        },
        "tail": {
          "x": 0.09809403121471405,
          "y": -0.6272249817848206,
          "z": 1.592698335647583
        },
        "rotation_quaternion": {
          "w": 0.8877887725830078,
          "x": -0.46013036370277405,
          "y": -0.009098182432353497,
          "z": -0.005346313118934631
        },
        "matrix": [
          [
            0.9997774362564087,
            0.0178656168282032,
            -0.01123442966490984,
            0.09757202118635178
          ],
          [
            -0.0011200446169823408,
            0.5765025615692139,
            0.8170945048332214,
            -0.6440696120262146
          ],
          [
            0.021074654534459114,
            -0.8169052600860596,
            0.5763990879058838,
            1.6165671348571777
          ],
          [
            0.0,
            0.0,
            0.0,
            1.0
          ]
        ]
      },
      "bone_length_armature_space": 0.029218818491307853,
      "parent": "index_02_l",
      "has_children": false,
      "is_end_bone": true
    },
    "metacarpal_pinky_l": {
      "name": "metacarpal_pinky_l",
      "local": {
        "location": {
          "x": 0.0,
          "y": 0.0,
          "z": 0.0
        },
        "rotation_quaternion": {
          "w": 0.9990023374557495,
          "x": -0.03855636715888977,
          "y": 0.019290108233690262,
          "z": 0.011645286343991756
        },
        "scale": {
          "x": 1.0,
          "y": 1.0,
          "z": 1.0
        },
        "matrix_basis": [
          [
            0.9989845752716064,
            -0.024754850193858147,
            0.03764372691512108,
            0.0
          ],
          [
            0.021779824048280716,
            0.9967555999755859,
            0.07748507708311081,
            0.0
          ],
          [
            -0.03943972662091255,
            -0.0765865221619606,
            0.9962825775146484,
            0.0
          ],
          [
            0.0,
            0.0,
            0.0,
            1.0
          ]
        ],
        "rotation_mode": "QUATERNION"
      },
      "armature_space": {
        "head": {
          "x": 0.13892365992069244,
          "y": -0.5665818452835083,
          "z": 0.6991147994995117
        },
        "tail": {
          "x": 0.1640608310699463,
          "y": -0.6630372405052185,
          "z": 0.7292429804801941
        }
      },
      "world_space": {
        "head": {
          "x": 0.13892365992069244,
          "y": -0.5033378601074219,
          "z": 1.6489688158035278
        },
        "tail": {
          "x": 0.1640608310699463,
          "y": -0.5997932553291321,
          "z": 1.6790969371795654
        },
        "rotation_quaternion": {
          "w": 0.1706767976284027,
          "x": 0.38212740421295166,
          "y": -0.08788580447435379,
          "z": -0.9039492011070251
        },
        "matrix": [
          [
            -0.6496962904930115,
            0.24140000343322754,
            -0.7208476662635803,
            0.13892365992069244
          ],
          [
            -0.37573400139808655,
            -0.9262908697128296,
            0.028447270393371582,
            -0.5033378601074219
          ],
          [
            -0.6608521938323975,
            0.2893301248550415,
            0.6925145387649536,
            1.6489688158035278
          ],
          [
            0.0,
            0.0,
            0.0,
            1.0
          ]
        ]
      },
      "bone_length_armature_space": 0.10413082168549442,
      "parent": "lowerarm_l",
      "has_children": true,
      "is_end_bone": false
    },
    "pinky_01_l": {
      "name": "pinky_01_l",
      "local": {
        "location": {
          "x": 0.0,
          "y": 0.0,
          "z": 0.0
        },
        "rotation_quaternion": {
          "w": 0.9541699290275574,
          "x": 0.2986324429512024,
          "y": 0.005044928751885891,
          "z": 0.018791472539305687
        },
        "scale": {
          "x": 1.0,
          "y": 1.0,
          "z": 1.0
        },
        "matrix_basis": [
          [
            0.9992428421974182,
            -0.03284735605120659,
            0.020850924775004387,
            0.0
          ],
          [
            0.03887367621064186,
            0.820931077003479,
            -0.5697025656700134,
            0.0
          ],
          [
            0.0015960481250658631,
            0.5700817704200745,
            0.8215864300727844,
            0.0
          ],
          [
            0.0,
            0.0,
            0.0,
            1.0
          ]
        ],
        "rotation_mode": "QUATERNION"
      },
      "armature_space": {
        "head": {
          "x": 0.1640608310699463,
          "y": -0.6630372405052185,
          "z": 0.7292429804801941
        },
        "tail": {
