{
  "metadata": {
    "armature_name": "KIM_caucasian_male",
    "export_time": "2026-01-13T21:00:52.808112",
    "blender_version": "4.4.1",
    "bone_count": 56,
    "end_bone_count": 13,
    "spaces_included": [
      "LOCAL_CHANNELS",
      "ARMATURE_SPACE",
      "WORLD_SPACE"
    ],
    "note": "LOCAL matches Transform panel; replay pose via local.matrix_basis for best fidelity."
  },
  "bones": {
    "Root": {
      "name": "Root",
      "local": {
        "location": {
          "x": 0.0,
          "y": 0.0,
          "z": 0.0
        },
        "rotation_quaternion": {
          "w": 0.9997718334197998,
          "x": -0.018560096621513367,
          "y": -0.00934434961527586,
          "z": -0.004949633497744799
        },
        "scale": {
          "x": 1.0,
          "y": 1.0,
          "z": 1.0
        },
        "matrix_basis": [
          [
            0.9997763633728027,
            0.010243872180581093,
            -0.01850070431828499,
            0.0
          ],
          [
            -0.009550143964588642,
            0.9992620348930359,
            0.03720422461628914,
            0.0
          ],
          [
            0.01886816695332527,
            -0.03701922297477722,
            0.9991363883018494,
            0.0
          ],
          [
            0.0,
            0.0,
            0.0,
            1.0
          ]
        ],
        "rotation_mode": "QUATERNION"
      },
      "armature_space": {
        "head": {
          "x": 0.0,
          "y": 0.07072800397872925,
          "z": -0.009595036506652832
        },
        "tail": {
          "x": 0.0007311652880162001,
          "y": 0.0004073977470397949,
          "z": 0.002611233852803707
        }
      },
      "world_space": {
        "head": {
          "x": 0.0,
          "y": 0.13397200405597687,
          "z": 0.9402589797973633
        },
        "tail": {
          "x": 0.0007311652880162001,
          "y": 0.06365139782428741,
          "z": 0.9524652361869812
        },
        "rotation_quaternion": {
          "w": 0.08587023615837097,
          "x": 0.996250331401825,
          "y": 0.004308880306780338,
          "z": -0.009656569920480251
        },
        "matrix": [
          [
            0.9997763633728027,
            0.010243872180581093,
            -0.01850070431828499,
            0.0
          ],
          [
            0.006927017122507095,
            -0.9852153658866882,
            -0.1711801290512085,
            0.13397200405597687
          ],
          [
            -0.019980859011411667,
            0.1710139662027359,
            -0.9850730299949646,
            0.9402589797973633
          ],
          [
            0.0,
            0.0,
            0.0,
            1.0
          ]
        ]
      },
      "bone_length_armature_space": 0.07137587286271926,
      "parent": null,
      "has_children": true,
      "is_end_bone": false
    },
    "spine_01": {
      "name": "spine_01",
      "local": {
        "location": {
          "x": 0.0,
          "y": 0.0,
          "z": 0.0
        },
        "rotation_quaternion": {
          "w": 0.9986264109611511,
          "x": 0.050843507051467896,
          "y": 0.0020760081242769957,
          "z": 0.012486157938838005
        },
        "scale": {
          "x": 1.0,
          "y": 1.0,
          "z": 1.0
        },
        "matrix_basis": [
          [
            0.9996795654296875,
            -0.024726910516619682,
            0.0054159932769834995,
            0.0
          ],
          [
            0.025149118155241013,
            0.9945180416107178,
            -0.10149549692869186,
            0.0
          ],
          [
            -0.0028766330797225237,
            0.10159917920827866,
            0.9948212504386902,
            0.0
          ],
          [
            0.0,
            0.0,
            0.0,
            1.0
          ]
        ],
        "rotation_mode": "QUATERNION"
      },
      "armature_space": {
        "head": {
          "x": 0.0007311652880162001,
          "y": 0.0004073977470397949,
          "z": 0.002611233852803707
        },
        "tail": {
          "x": -0.0015262509696185589,
          "y": -0.008387219160795212,
          "z": 0.4905313551425934
        }
      },
      "world_space": {
        "head": {
          "x": 0.0007311652880162001,
          "y": 0.06365139782428741,
          "z": 0.9524652361869812
        },
        "tail": {
          "x": -0.0015262509696185589,
          "y": 0.05485678091645241,
          "z": 1.440385341644287
        },
        "rotation_quaternion": {
          "w": 0.7007014155387878,
          "x": 0.7134257555007935,
          "y": 0.002549014752730727,
          "z": 0.005896169692277908
        },
        "matrix": [
          [
            0.9999174475669861,
            -0.00462584150955081,
            0.011985118500888348,
            0.0007311652880162001
          ],
          [
            0.011899938806891441,
            -0.018021710216999054,
            -0.9997667670249939,
            0.06365139782428741
          ],
          [
            0.0048408000729978085,
            0.9998338222503662,
            -0.017966225743293762,
            0.9524652361869812
          ],
          [
            0.0,
            0.0,
            0.0,
            1.0
          ]
        ]
      },
      "bone_length_armature_space": 0.4880046142654598,
      "parent": "Root",
      "has_children": true,
      "is_end_bone": false
    },
    "neck_01": {
      "name": "neck_01",
      "local": {
        "location": {
          "x": 0.0,
          "y": 0.0,
          "z": 0.0
        },
        "rotation_quaternion": {
          "w": 0.9934437274932861,
          "x": 0.022501347586512566,
          "y": -0.06184205785393715,
          "z": 0.09348248690366745
        },
        "scale": {
          "x": 1.0,
          "y": 1.0,
          "z": 1.0
        },
        "matrix_basis": [
          [
            0.9748731851577759,
            -0.18852223455905914,
            -0.11866624653339386,
            0.0
          ],
          [
            0.18295611441135406,
            0.9815094470977783,
            -0.056269943714141846,
            0.0
          ],
          [
            0.12708017230033875,
            0.033145345747470856,
            0.9913384914398193,
            0.0
          ],
          [
            0.0,
            0.0,
            0.0,
            1.0
          ]
        ],
        "rotation_mode": "QUATERNION"
      },
      "armature_space": {
        "head": {
          "x": -0.0014492988120764494,
          "y": -0.0443790927529335,
          "z": 0.563114583492279
        },
        "tail": {
          "x": -0.020710352808237076,
          "y": -0.0875939279794693,
          "z": 0.6540663242340088
        }
      },
      "world_space": {
        "head": {
          "x": -0.0014492988120764494,
          "y": 0.018864907324314117,
          "z": 1.5129685401916504
        },
        "tail": {
          "x": -0.020710352808237076,
          "y": -0.02434992790222168,
          "z": 1.603920340538025
        },
        "rotation_quaternion": {
          "w": 0.5266818404197693,
          "x": 0.8430560231208801,
          "y": -0.10883872210979462,
          "z": 0.004138335585594177
        },
        "matrix": [
          [
            0.9762738347053528,
            -0.18787361681461334,
            -0.10766982287168503,
            -0.0014492988120764494
          ],
          [
            -0.17915582656860352,
            -0.4215203821659088,
            -0.8889454007148743,
            0.018864907324314117
          ],
          [
            0.12162502110004425,
            0.8871495127677917,
            -0.4451819062232971,
            1.5129685401916504
          ],
          [
            0.0,
            0.0,
            0.0,
            1.0
          ]
        ]
      },
      "bone_length_armature_space": 0.10252184978836841,
      "parent": "spine_01",
      "has_children": true,
      "is_end_bone": false
    },
    "head": {
      "name": "head",
      "local": {
        "location": {
          "x": 0.0,
          "y": 0.0,
          "z": 0.0
        },
        "rotation_quaternion": {
          "w": 0.9984525442123413,
          "x": -0.023501448333263397,
          "y": 0.0226222462952137,
          "z": 0.04503818228840828
        },
        "scale": {
          "x": 1.0,
          "y": 1.0,
          "z": 1.0
        },
        "matrix_basis": [
          [
            0.9949195981025696,
            -0.09100028872489929,
            0.043057553470134735,
            0.0
          ],
          [
            0.08887366205453873,
            0.9948384761810303,
            0.048967890441417694,
            0.0
          ],
          [
            -0.047291405498981476,
            -0.04489243030548096,
            0.9978718161582947,
            0.0
          ],
          [
            0.0,
            0.0,
            0.0,
            1.0
          ]
        ],
        "rotation_mode": "QUATERNION"
      },
      "armature_space": {
        "head": {
          "x": -0.020710354670882225,
          "y": -0.08759403228759766,
          "z": 0.6540662050247192
        },
        "tail": {
          "x": -0.054404228925704956,
          "y": -0.08923432976007462,
          "z": 0.8054443001747131
        }
      },
      "world_space": {
        "head": {
          "x": -0.020710354670882225,
          "y": -0.024350032210350037,
          "z": 1.6039202213287354
        },
        "tail": {
          "x": -0.054404228925704956,
          "y": -0.025990329682826996,
          "z": 1.755298376083374
        },
        "rotation_quaternion": {
          "w": 0.6919492483139038,
          "x": 0.7103053331375122,
          "y": -0.12616585195064545,
          "z": 0.02747363969683647
        },
        "matrix": [
          [
            0.9666544795036316,
            -0.2172534018754959,
            -0.13557280600070953,
            -0.020710354670882225
          ],
          [
            -0.14121317863464355,
            -0.010576430708169937,
            -0.9899227619171143,
            -0.024350032210350037
          ],
          [
            0.2136315256357193,
            0.9760648012161255,
            -0.04090399295091629,
            1.6039202213287354
          ],
          [
            0.0,
            0.0,
            0.0,
            1.0
          ]
        ]
      },
      "bone_length_armature_space": 0.15509124887364836,
      "parent": "neck_01",
      "has_children": false,
      "is_end_bone": true
    },
    "upperarm_l": {
      "name": "upperarm_l",
      "local": {
        "location": {
          "x": 0.0,
          "y": 0.0,
          "z": 0.0
        },
        "rotation_quaternion": {
          "w": -0.720766544342041,
          "x": 0.4140409231185913,
          "y": 0.28697410225868225,
          "z": 0.4761424660682678
        },
        "scale": {
          "x": 1.0,
          "y": 1.0,
          "z": 1.0
        },
        "matrix_basis": [
          [
            0.3818684220314026,
            0.9240131378173828,
            -0.019397731870412827,
            0.0
          ],
          [
            -0.44873708486557007,
            0.2037169337272644,
            0.8701348304748535,
            0.0
          ],
          [
            0.8079676032066345,
            -0.32357257604599,
            0.49243196845054626,
            0.0
          ],
          [
            0.0,
            0.0,
            0.0,
            1.0
          ]
        ],
        "rotation_mode": "QUATERNION"
      },
      "armature_space": {
        "head": {
          "x": 0.14888742566108704,
          "y": -0.04457128793001175,
          "z": 0.4965868294239044
        },
        "tail": {
          "x": 0.1944131851196289,
          "y": 0.055068157613277435,
          "z": 0.25203049182891846
        }
      },
      "world_space": {
        "head": {
          "x": 0.14888742566108704,
          "y": 0.01867271214723587,
          "z": 1.4464408159255981
        },
        "tail": {
          "x": 0.1944131851196289,
          "y": 0.11831215769052505,
          "z": 1.2018845081329346
        },
        "rotation_quaternion": {
          "w": 0.4852306842803955,
          "x": -0.23968321084976196,
          "y": 0.6711681485176086,
          "z": -0.5065931081771851
        },
        "matrix": [
          [
            -0.4142082929611206,
            0.1698916107416153,
            0.8941858410835266,
            0.14888742566108704
          ],
          [
            -0.813363790512085,
            0.37183138728141785,
            -0.44741594791412354,
            0.01867271214723587
          ],
          [
            -0.40850210189819336,
            -0.9126277565956116,
            -0.015832457691431046,
            1.4464408159255981
          ],
          [
            0.0,
            0.0,
            0.0,
            1.0
          ]
        ]
      },
      "bone_length_armature_space": 0.2679709258387398,
      "parent": "spine_01",
      "has_children": true,
      "is_end_bone": false
    },
    "lowerarm_l": {
      "name": "lowerarm_l",
      "local": {
        "location": {
          "x": 0.0,
          "y": 0.0,
          "z": 0.0
        },
        "rotation_quaternion": {
          "w": 0.8924120664596558,
          "x": 0.4398861527442932,
          "y": 0.022331103682518005,
          "z": -0.09799231588840485
        },
        "scale": {
          "x": 1.0,
          "y": 1.0,
          "z": 1.0
        },
        "matrix_basis": [
          [
            0.9797976613044739,
            0.19454534351825714,
            -0.04635383188724518,
            0.0
          ],
          [
            -0.15525276958942413,
            0.5937953591346741,
            -0.7894959449768066,
            0.0
          ],
          [
            -0.12606802582740784,
            0.780742883682251,
            0.612002968788147,
            0.0
          ],
          [
            0.0,
            0.0,
            0.0,
            1.0
          ]
        ],
        "rotation_mode": "QUATERNION"
      },
      "armature_space": {
        "head": {
          "x": 0.19441328942775726,
          "y": 0.05506826192140579,
          "z": 0.2520304322242737
        },
        "tail": {
          "x": 0.4190508723258972,
          "y": -0.00791691243648529,
          "z": 0.12110896408557892
        }
      },
      "world_space": {
        "head": {
          "x": 0.19441328942775726,
          "y": 0.11831226199865341,
          "z": 1.2018845081329346
        },
        "tail": {
          "x": 0.4190508723258972,
          "y": 0.05532708764076233,
          "z": 1.0709630250930786
        },
        "rotation_quaternion": {
          "w": 0.5348305106163025,
          "x": -0.0016270148335024714,
          "y": 0.3102213442325592,
          "z": -0.7859494686126709
        },
        "matrix": [
          [
            -0.4279058873653412,
            0.8396898508071899,
            0.33439141511917114,
            0.19441328942775726
          ],
          [
            -0.8417103886604309,
            -0.2354370504617691,
            -0.48589420318603516,
            0.11831226199865341
          ],
          [
            -0.32927531003952026,
            -0.4893812835216522,
            0.8075256943702698,
            1.2018845081329346
          ],
          [
            0.0,
            0.0,
            0.0,
            1.0
          ]
        ]
      },
      "bone_length_armature_space": 0.26752496803932474,
      "parent": "upperarm_l",
      "has_children": true,
      "is_end_bone": false
    },
    "metacarpal_thumb_l": {
      "name": "metacarpal_thumb_l",
      "local": {
        "location": {
          "x": 0.0,
          "y": 0.0,
          "z": 0.0
        },
        "rotation_quaternion": {
          "w": 0.9998021721839905,
          "x": 0.010040480643510818,
          "y": -0.009489798918366432,
          "z": -0.014313437975943089
        },
        "scale": {
          "x": 1.0,
          "y": 1.0,
          "z": 1.0
        },
        "matrix_basis": [
          [
            0.9994101524353027,
            0.028430648148059845,
            -0.019263271242380142,
            0.0
          ],
          [
            -0.028811777010560036,
            0.9993886351585388,
            -0.01980532519519329,
            0.0
          ],
          [
            0.018688416108489037,
            0.020348651334643364,
            0.9996182918548584,
            0.0
          ],
          [
            0.0,
            0.0,
            0.0,
            1.0
          ]
        ],
        "rotation_mode": "QUATERNION"
      },
      "armature_space": {
        "head": {
          "x": 0.4190508723258972,
          "y": -0.00791691243648529,
          "z": 0.12110896408557892
        },
        "tail": {
          "x": 0.45734721422195435,
          "y": -0.03933248296380043,
          "z": 0.12091939151287079
        }
      },
      "world_space": {
        "head": {
          "x": 0.4190508723258972,
          "y": 0.05532708764076233,
          "z": 1.0709630250930786
        },
        "tail": {
          "x": 0.45734721422195435,
          "y": 0.02391151711344719,
          "z": 1.0707733631134033
        },
        "rotation_quaternion": {
          "w": 0.25963351130485535,
          "x": 0.7155619263648987,
          "y": 0.33981847763061523,
          "z": -0.5523449778556824
        },
        "matrix": [
          [
            0.158875972032547,
            0.773137629032135,
            -0.6140166521072388,
            0.4190508723258972
          ],
          [
            0.1995077133178711,
            -0.6342266201972961,
            -0.7469627857208252,
            0.05532708764076233
          ],
          [
            -0.9669373631477356,
            -0.0038271835073828697,
            -0.25501278042793274,
            1.0709630250930786
          ],
          [
            0.0,
            0.0,
            0.0,
            1.0
          ]
        ]
      },
      "bone_length_armature_space": 0.049533662531145176,
      "parent": "lowerarm_l",
      "has_children": true,
      "is_end_bone": false
    },
    "thumb_01_l": {
      "name": "thumb_01_l",
      "local": {
        "location": {
          "x": 0.0,
          "y": 0.0,
          "z": 0.0
        },
        "rotation_quaternion": {
          "w": 0.998248279094696,
          "x": -0.05781322717666626,
          "y": -0.01236705668270588,
          "z": -0.0022515279706567526
        },
        "scale": {
          "x": 1.0,
          "y": 1.0,
          "z": 1.0
        },
        "matrix_basis": [
          [
            0.9996839761734009,
            0.00592512683942914,
            -0.024430450052022934,
            0.0
          ],
          [
            -0.0030652089044451714,
            0.9933051466941833,
            0.11547959595918655,
            0.0
          ],
          [
            0.02495112270116806,
            -0.11536821722984314,
            0.9930093884468079,
            0.0
          ],
          [
            0.0,
            0.0,
            0.0,
            1.0
          ]
        ],
        "rotation_mode": "QUATERNION"
      },
      "armature_space": {
        "head": {
          "x": 0.45734721422195435,
          "y": -0.03933248296380043,
          "z": 0.12091939151287079
        },
        "tail": {
          "x": 0.45809972286224365,
          "y": -0.07333503663539886,
          "z": 0.12229245156049728
        }
      },
      "world_space": {
        "head": {
          "x": 0.45734721422195435,
          "y": 0.02391151711344719,
          "z": 1.0707733631134033
        },
        "tail": {
          "x": 0.45809972286224365,
          "y": -0.010091036558151245,
          "z": 1.0721464157104492
        },
        "rotation_quaternion": {
          "w": 0.019304784014821053,
          "x": 0.997016191482544,
          "y": 0.012513706460595131,
          "z": 0.07368647307157516
        },
        "matrix": [
          [
            0.9888272881507874,
            0.02210763469338417,
            0.14741632342338562,
            0.45734721422195435
          ],
          [
            0.027797825634479523,
            -0.9989416003227234,
            -0.0366506353020668,
            0.02391151711344719
          ],
          [
            0.14645105600357056,
            0.040338337421417236,
            -0.988402247428894,
            1.0707733631134033
          ],
          [
            0.0,
            0.0,
            0.0,
            1.0
          ]
        ]
      },
      "bone_length_armature_space": 0.03403858412950283,
      "parent": "metacarpal_thumb_l",
      "has_children": true,
      "is_end_bone": false
    },
    "thumb_02_l": {
      "name": "thumb_02_l",
      "local": {
        "location": {
          "x": 0.0,
          "y": 0.0,
          "z": 0.0
        },
        "rotation_quaternion": {
          "w": 0.9922448396682739,
          "x": 0.12385419011116028,
          "y": -0.004060124047100544,
          "z": -0.009688669815659523
        },
        "scale": {
          "x": 1.0,
          "y": 1.0,
          "z": 1.0
        },
        "matrix_basis": [
          [
            0.9997792840003967,
            0.018221339210867882,
            -0.010457239113748074,
            0.0
          ],
          [
            -0.0202327910810709,
            0.9691325426101685,
            -0.24570868909358978,
            0.0
          ],
          [
            0.005657309666275978,
            0.24586603045463562,
            0.9692873358726501,
            0.0
          ],
          [
            0.0,
            0.0,
            0.0,
            1.0
          ]
        ],
        "rotation_mode": "QUATERNION"
      },
      "armature_space": {
        "head": {
          "x": 0.45809969305992126,
          "y": -0.07333502173423767,
          "z": 0.12229248881340027
        },
        "tail": {
          "x": 0.48978301882743835,
          "y": -0.0839667022228241,
          "z": 0.10001425445079803
        }
      },
      "world_space": {
        "head": {
          "x": 0.45809969305992126,
          "y": -0.010091021656990051,
          "z": 1.0721465349197388
        },
        "tail": {
          "x": 0.48978301882743835,
          "y": -0.020722702145576477,
          "z": 1.0498682260513306
        },
        "rotation_quaternion": {
          "w": 0.5129607915878296,
          "x": -0.7337904572486877,
          "y": -0.3232949376106262,
          "z": -0.3064363896846771
        },
        "matrix": [
          [
            0.6031540632247925,
            0.788841187953949,
            0.1180439293384552,
            0.45809969305992126
          ],
          [
            0.1600847840309143,
            -0.2647040784358978,
            0.950949490070343,
            -0.010091021656990051
          ],
          [
            0.7814005017280579,
            -0.5546761155128479,
            -0.2859399914741516,
            1.0721465349197388
          ],
          [
            0.0,
            0.0,
            0.0,
            1.0
          ]
        ]
      },
      "bone_length_armature_space": 0.040164480497384365,
      "parent": "thumb_01_l",
      "has_children": true,
      "is_end_bone": false
    },
    "thumb_03_l": {
      "name": "thumb_03_l",
      "local": {
        "location": {
          "x": 0.0,
          "y": 0.0,
          "z": 0.0
        },
        "rotation_quaternion": {
          "w": 0.9976852536201477,
          "x": 0.06788741052150726,
          "y": -0.0024402772542089224,
          "z": -0.0030828427989035845
        },
        "scale": {
          "x": 1.0,
          "y": 1.0,
          "z": 1.0
        },
        "matrix_basis": [
          [
            0.9999690651893616,
            0.005820085294544697,
            -0.005287829786539078,
            0.0
          ],
          [
            -0.006482741795480251,
            0.9907636046409607,
            -0.1354454904794693,
            0.0
          ],
          [
            0.004450684878975153,
            0.13547557592391968,
            0.990770697593689,
            0.0
          ],
          [
            0.0,
            0.0,
            0.0,
            1.0
          ]
        ],
        "rotation_mode": "QUATERNION"
      },
      "armature_space": {
        "head": {
          "x": 0.48978301882743835,
          "y": -0.08396673947572708,
          "z": 0.1000143364071846
        },
        "tail": {
          "x": 0.511299729347229,
          "y": -0.08059777319431305,
          "z": 0.0787404477596283
        }
      },
      "world_space": {
        "head": {
          "x": 0.48978301882743835,
          "y": -0.02072273939847946,
          "z": 1.0498683452606201
        },
        "tail": {
          "x": 0.511299729347229,
          "y": -0.01735377311706543,
          "z": 1.0285944938659668
        },
        "rotation_quaternion": {
          "w": 0.7169671654701233,
          "x": -0.5803719162940979,
          "y": -0.20319238305091858,
          "z": -0.3283890187740326
        },
        "matrix": [
          [
            0.7017460465431213,
            0.706743061542511,
            0.08981315791606903,
            0.48978301882743835
          ],
          [
            -0.2350369542837143,
            0.11065799742937088,
            0.9656671285629272,
            -0.02072273939847946
          ],
          [
            0.6725444197654724,
            -0.6987671852111816,
            0.24376708269119263,
            1.0498683452606201
          ],
          [
            0.0,
            0.0,
            0.0,
            1.0
          ]
        ]
      },
      "bone_length_armature_space": 0.03044498476084248,
      "parent": "thumb_02_l",
      "has_children": false,
      "is_end_bone": true
    },
    "metacarpal_index_l": {
      "name": "metacarpal_index_l",
      "local": {
        "location": {
          "x": 0.0,
          "y": 0.0,
          "z": 0.0
        },
        "rotation_quaternion": {
          "w": 0.9998437166213989,
          "x": -0.006765320897102356,
          "y": -0.015432910062372684,
          "z": -0.005360302049666643
        },
        "scale": {
          "x": 1.0,
          "y": 1.0,
          "z": 1.0
        },
        "matrix_basis": [
          [
            0.9994661808013916,
            0.010927746072411537,
            -0.030788468196988106,
            0.0
          ],
          [
            -0.010510111227631569,
            0.9998509883880615,
            0.013693977147340775,
            0.0
          ],
          [
            0.030933525413274765,
            -0.01336307730525732,
            0.9994320869445801,
            0.0
          ],
          [
            0.0,
            0.0,
            0.0,
            1.0
          ]
        ],
        "rotation_mode": "QUATERNION"
      },
      "armature_space": {
        "head": {
          "x": 0.4190508723258972,
          "y": -0.00791691243648529,
          "z": 0.12110896408557892
        },
        "tail": {
          "x": 0.5221489071846008,
          "y": -0.05530456081032753,
          "z": 0.09187810868024826
        }
      },
      "world_space": {
        "head": {
          "x": 0.4190508723258972,
          "y": 0.05532708764076233,
          "z": 1.0709630250930786
        },
        "tail": {
          "x": 0.5221489071846008,
          "y": 0.00793943926692009,
          "z": 1.0417320728302002
        },
        "rotation_quaternion": {
          "w": 0.3720080554485321,
          "x": 0.43401259183883667,
          "y": 0.39924389123916626,
          "z": -0.7168315649032593
        },
        "matrix": [
          [
            -0.3464861512184143,
            0.879888117313385,
            -0.3251837193965912,
            0.4190508723258972
          ],
          [
            -0.1867821365594864,
            -0.40442901849746704,
            -0.8952931761741638,
            0.05532708764076233
          ],
          [
            -0.9192779660224915,
            -0.24947020411491394,
            0.304477721452713,
            1.0709630250930786
          ],
          [
            0.0,
            0.0,
            0.0,
            1.0
          ]
        ]
      },
      "bone_length_armature_space": 0.11717182715236363,
      "parent": "lowerarm_l",
      "has_children": true,
      "is_end_bone": false
    },
    "index_01_l": {
      "name": "index_01_l",
      "local": {
        "location": {
          "x": 0.0,
          "y": 0.0,
          "z": 0.0
        },
        "rotation_quaternion": {
          "w": 0.9976693391799927,
          "x": -0.06663510948419571,
          "y": -0.011839309707283974,
          "z": -0.008689936250448227
        },
        "scale": {
          "x": 1.0,
          "y": 1.0,
          "z": 1.0
        },
        "matrix_basis": [
          [
            0.9995686411857605,
            0.01891719363629818,
            -0.02246532216668129,
            0.0
          ],
          [
            -0.015761539340019226,
            0.9909684658050537,
            0.1331653743982315,
            0.0
          ],
          [
            0.024781541898846626,
            -0.13275384902954102,
            0.9908391833305359,
            0.0
          ],
          [
            0.0,
            0.0,
            0.0,
            1.0
          ]
        ],
        "rotation_mode": "QUATERNION"
      },
      "armature_space": {
        "head": {
          "x": 0.5221489071846008,
          "y": -0.05530456081032753,
          "z": 0.09187810868024826
        },
        "tail": {
          "x": 0.5436650514602661,
          "y": -0.060803815722465515,
          "z": 0.07399272173643112
        }
      },
      "world_space": {
        "head": {
          "x": 0.5221489071846008,
          "y": 0.00793943926692009,
          "z": 1.0417320728302002
        },
        "tail": {
          "x": 0.5436650514602661,
          "y": 0.0024401843547821045,
          "z": 1.0238467454910278
        },
        "rotation_quaternion": {
          "w": 0.28236305713653564,
          "x": 0.31258055567741394,
          "y": 0.5690715312957764,
          "z": -0.7062025666236877
        },
        "matrix": [
          [
            -0.6451291441917419,
            0.7545725703239441,
            -0.12011989951133728,
            0.5221489071846008
          ],
          [
            -0.043052881956100464,
            -0.1928590089082718,
            -0.9802817106246948,
            0.00793943926692009
          ],
          [
            -0.7628650665283203,
            -0.6272412538528442,
            0.15690569579601288,
            1.0417320728302002
          ],
          [
            0.0,
            0.0,
            0.0,
            1.0
          ]
        ]
      },
      "bone_length_armature_space": 0.028514441037339112,
      "parent": "metacarpal_index_l",
      "has_children": true,
      "is_end_bone": false
    },
    "index_02_l": {
      "name": "index_02_l",
      "local": {
        "location": {
          "x": 0.0,
          "y": 0.0,
          "z": 0.0
        },
        "rotation_quaternion": {
          "w": 0.999855637550354,
          "x": 0.012882578186690807,
          "y": -0.008516531437635422,
          "z": 0.007092063315212727
        },
        "scale": {
          "x": 1.0,
          "y": 1.0,
          "z": 1.0
        },
        "matrix_basis": [
          [
            0.9997543692588806,
            -0.014401508495211601,
            -0.016847874969244003,
            0.0
          ],
          [
            0.013962648808956146,
            0.9995675086975098,
            -0.025882236659526825,
            0.0
          ],
          [
            0.017213331535458565,
            0.025640636682510376,
            0.9995230436325073,
            0.0
          ],
          [
            0.0,
            0.0,
            0.0,
            1.0
          ]
        ],
        "rotation_mode": "QUATERNION"
      },
      "armature_space": {
        "head": {
          "x": 0.5436654686927795,
          "y": -0.06080418825149536,
          "z": 0.07399271428585052
        },
        "tail": {
          "x": 0.562800943851471,
          "y": -0.065517857670784,
          "z": 0.057569921016693115
        }
      },
      "world_space": {
        "head": {
          "x": 0.5436654686927795,
          "y": 0.0024398118257522583,
          "z": 1.0238467454910278
        },
        "tail": {
          "x": 0.562800943851471,
          "y": -0.002273857593536377,
          "z": 1.0074238777160645
        },
        "rotation_quaternion": {
          "w": 0.30209118127822876,
          "x": 0.27748486399650574,
          "y": 0.5629109740257263,
          "z": -0.7175473570823669
        },
        "matrix": [
          [
            -0.6634860634803772,
            0.7459282875061035,
            -0.0581149160861969,
            0.5436654686927795
          ],
          [
            -0.12113416939973831,
            -0.18374548852443695,
            -0.9754817485809326,
            0.0024398118257522583
          ],
          [
            -0.738322913646698,
            -0.6401833295822144,
            0.2122705727815628,
            1.0238467454910278
          ],
          [
            0.0,
            0.0,
            0.0,
            1.0
          ]
        ]
      },
      "bone_length_armature_space": 0.02565332773826335,
      "parent": "index_01_l",
      "has_children": true,
      "is_end_bone": false
    },
    "index_03_l": {
      "name": "index_03_l",
      "local": {
        "location": {
          "x": 0.0,
          "y": 0.0,
          "z": 0.0
        },
        "rotation_quaternion": {
          "w": 0.9998879432678223,
          "x": 0.013438034802675247,
          "y": -7.700303103774786e-05,
          "z": 0.006599448621273041
        },
        "scale": {
          "x": 1.0,
          "y": 1.0,
          "z": 1.0
        },
        "matrix_basis": [
          [
            0.9999128580093384,
            -0.013199487701058388,
            2.3378435798804276e-05,
            0.0
          ],
          [
            0.013195348903536797,
            0.9995517134666443,
            -0.026874074712395668,
            0.0
          ],
          [
            0.00033135604462586343,
            0.026872040703892708,
            0.9996388554573059,
            0.0
          ],
          [
            0.0,
            0.0,
            0.0,
            1.0
          ]
        ],
        "rotation_mode": "QUATERNION"
      },
      "armature_space": {
        "head": {
          "x": 0.5628010034561157,
          "y": -0.06551771610975266,
          "z": 0.05756991356611252
        },
        "tail": {
          "x": 0.582645058631897,
          "y": -0.074412040412426,
          "z": 0.03805473446846008
        }
      },
      "world_space": {
        "head": {
          "x": 0.5628010034561157,
          "y": -0.0022737160325050354,
          "z": 1.0074238777160645
        },
        "tail": {
          "x": 0.582645058631897,
          "y": -0.011168040335178375,
          "z": 0.9879087209701538
        },
        "rotation_quaternion": {
          "w": 0.23809178173542023,
          "x": 0.2981838285923004,
          "y": 0.5395464301109314,
          "z": -0.7505253553390503
        },
        "matrix": [
          [
            -0.7087976336479187,
            0.6791560053825378,
            -0.19066467881202698,
            0.5628010034561157
          ],
          [
            -0.03562285378575325,
            -0.3044053912162781,
            -0.9518765211105347,
            -0.0022737160325050354
          ],
          [
            -0.7045168876647949,
            -0.6679007411003113,
            0.2399561107158661,
            1.0074238777160645
          ],
          [
            0.0,
            0.0,
            0.0,
            1.0
          ]
        ]
      },
      "bone_length_armature_space": 0.02921879105526002,
      "parent": "index_02_l",
      "has_children": false,
      "is_end_bone": true
    },
    "metacarpal_pinky_l": {
      "name": "metacarpal_pinky_l",
      "local": {
        "location": {
          "x": 0.0,
          "y": 0.0,
          "z": 0.0
        },
        "rotation_quaternion": {
          "w": 0.9996843338012695,
          "x": -0.021972300484776497,
          "y": -0.00826252717524767,
          "z": 0.008953947573900223
        },
        "scale": {
          "x": 1.0,
          "y": 1.0,
          "z": 1.0
        },
        "matrix_basis": [
          [
            0.9997031092643738,
            -0.017539149150252342,
            -0.016913315281271935,
            0.0
          ],
          [
            0.018265334889292717,
            0.9988740682601929,
            0.04378276318311691,
            0.0
          ],
          [
            0.0161263607442379,
            -0.04407869279384613,
            0.998897910118103,
            0.0
          ],
          [
            0.0,
            0.0,
            0.0,
            1.0
          ]
        ],
        "rotation_mode": "QUATERNION"
      },
      "armature_space": {
        "head": {
          "x": 0.4190508723258972,
          "y": -0.00791691243648529,
          "z": 0.12110896408557892
        },
        "tail": {
          "x": 0.48805126547813416,
          "y": -0.018075846135616302,
          "z": 0.043784692883491516
        }
      },
      "world_space": {
        "head": {
          "x": 0.4190508723258972,
          "y": 0.05532708764076233,
          "z": 1.0709630250930786
        },
        "tail": {
          "x": 0.48805126547813416,
          "y": 0.04516815394163132,
          "z": 0.9936386942863464
        },
        "rotation_quaternion": {
          "w": 0.6709470748901367,
          "x": -0.5282709002494812,
          "y": 0.03242632374167442,
          "z": -0.519334614276886
        },
        "matrix": [
          [
            0.4584771394729614,
            0.6626321077346802,
            0.592214047908783,
            0.4190508723258972
          ],
          [
            -0.731154203414917,
            -0.09755939245223999,
            0.6752006411552429,
            0.05532708764076233
          ],
          [
            0.5051885843276978,
            -0.7425689697265625,
            0.4397611916065216,
            1.0709630250930786
          ],
          [
            0.0,
            0.0,
            0.0,
            1.0
          ]
        ]
      },
      "bone_length_armature_space": 0.10413117248349141,
      "parent": "lowerarm_l",
      "has_children": true,
      "is_end_bone": false
    },
    "pinky_01_l": {
      "name": "pinky_01_l",
      "local": {
        "location": {
          "x": 0.0,
          "y": 0.0,
          "z": 0.0
        },
        "rotation_quaternion": {
          "w": 0.9907453060150146,
          "x": -0.13556835055351257,
          "y": -0.006410224828869104,
          "z": 0.0019755400717258453
        },
        "scale": {
          "x": 1.0,
          "y": 1.0,
          "z": 1.0
        },
        "matrix_basis": [
          [
            0.9999099969863892,
            -0.0021764668636024,
            -0.013237441889941692,
            0.0
          ],
          [
            0.005652561318129301,
            0.9632346630096436,
            0.26860207319259644,
            0.0
          ],
          [
            0.012166159227490425,
            -0.2686527371406555,
            0.9631602764129639,
            0.0
          ],
          [
            0.0,
            0.0,
            0.0,
            1.0
          ]
        ],
        "rotation_mode": "QUATERNION"
      },
      "armature_space": {
        "head": {
          "x": 0.48805126547813416,
