{
  "metadata": {
    "armature_name": "KIM_caucasian_male",
    "export_time": "2026-01-13T20:26:39.030496",
    "blender_version": "4.4.1",
    "bone_count": 56,
    "end_bone_count": 13,
    "spaces_included": [
      "LOCAL_CHANNELS",
      "ARMATURE_SPACE",
      "WORLD_SPACE"
    ],
    "note": "LOCAL matches Transform panel; replay pose via local.matrix_basis for best fidelity."
  },
  "bones": {
    "Root": {
      "name": "Root",
      "local": {
        "location": {
          "x": 0.0,
          "y": 0.0,
          "z": 0.0
        },
        "rotation_quaternion": {
          "w": 0.9998341798782349,
          "x": -0.005008764564990997,
          "y": -0.007591132074594498,
          "z": 0.01578320749104023
        },
        "scale": {
          "x": 1.0,
          "y": 1.0,
          "z": 1.0
        },
        "matrix_basis": [
          [
            0.9993865489959717,
            -0.03148513659834862,
            -0.01533785555511713,
            0.0
          ],
          [
            0.031637225300073624,
            0.9994515776634216,
            0.009776243008673191,
            0.0
          ],
          [
            0.01502163801342249,
            -0.010255493223667145,
            0.9998345971107483,
            0.0
          ],
          [
            0.0,
            0.0,
            0.0,
            1.0
          ]
        ],
        "rotation_mode": "QUATERNION"
      },
      "armature_space": {
        "head": {
          "x": 0.0,
          "y": 0.07072800397872925,
          "z": -0.009595036506652832
        },
        "tail": {
          "x": -0.002247279044240713,
          "y": 0.00013718754053115845,
          "z": 0.0007200920954346657
        }
      },
      "world_space": {
        "head": {
          "x": 0.0,
          "y": 0.13397200405597687,
          "z": 0.9402589797973633
        },
        "tail": {
          "x": -0.002247279044240713,
          "y": 0.06338118761777878,
          "z": 0.9505741000175476
        },
        "rotation_quaternion": {
          "w": 0.07235386967658997,
          "x": 0.9972253441810608,
          "y": -0.01625875197350979,
          "z": -0.006510606501251459
        },
        "matrix": [
          [
            0.9993865489959717,
            -0.03148513659834862,
            -0.01533785555511713,
            0.0
          ],
          [
            -0.03336941450834274,
            -0.9890010952949524,
            -0.14409497380256653,
            0.13397200405597687
          ],
          [
            -0.010632412508130074,
            0.1445184350013733,
            -0.989452064037323,
            0.9402589797973633
          ],
          [
            0.0,
            0.0,
            0.0,
            1.0
          ]
        ]
      },
      "bone_length_armature_space": 0.0713758745263893,
      "parent": null,
      "has_children": true,
      "is_end_bone": false
    },
    "spine_01": {
      "name": "spine_01",
      "local": {
        "location": {
          "x": 0.0,
          "y": 0.0,
          "z": 0.0
        },
        "rotation_quaternion": {
          "w": 0.9976113438606262,
          "x": -0.02495439164340496,
          "y": 0.04554814100265503,
          "z": 0.04554256051778793
        },
        "scale": {
          "x": 1.0,
          "y": 1.0,
          "z": 1.0
        },
        "matrix_basis": [
          [
            0.9917024970054626,
            -0.09314080327749252,
            0.08860570937395096,
            0.0
          ],
          [
            0.08859429508447647,
            0.9946063160896301,
            0.05393832549452782,
            0.0
          ],
          [
            -0.09315165877342224,
            -0.04564081132411957,
            0.994605302810669,
            0.0
          ],
          [
            0.0,
            0.0,
            0.0,
            1.0
          ]
        ],
        "rotation_mode": "QUATERNION"
      },
      "armature_space": {
        "head": {
          "x": -0.002247279044240713,
          "y": 0.00013718754053115845,
          "z": 0.0007200920954346657
        },
        "tail": {
          "x": -0.040872301906347275,
          "y": 0.05131899192929268,
          "z": 0.4844938814640045
        }
      },
      "world_space": {
        "head": {
          "x": -0.002247279044240713,
          "y": 0.06338118761777878,
          "z": 0.9505741000175476
        },
        "tail": {
          "x": -0.040872301906347275,
          "y": 0.11456298828125,
          "z": 1.4343478679656982
        },
        "rotation_quaternion": {
          "w": 0.7432438135147095,
          "x": 0.6672431826591492,
          "y": -0.005351531319320202,
          "z": 0.04844162240624428
        },
        "matrix": [
          [
            0.9952495098114014,
            -0.07914943993091583,
            0.056690193712711334,
            -0.002247279044240713
          ],
          [
            0.06486686319112778,
            0.10488048195838928,
            -0.9923670887947083,
            0.06338118761777878
          ],
          [
            0.07260016351938248,
            0.991337239742279,
            0.10951625555753708,
            0.9505741000175476
          ],
          [
            0.0,
            0.0,
            0.0,
            1.0
          ]
        ]
      },
      "bone_length_armature_space": 0.4880046679843094,
      "parent": "Root",
      "has_children": true,
      "is_end_bone": false
    },
    "neck_01": {
      "name": "neck_01",
      "local": {
        "location": {
          "x": 0.0,
          "y": 0.0,
          "z": 0.0
        },
        "rotation_quaternion": {
          "w": 0.9924150109291077,
          "x": -0.020348303020000458,
          "y": -0.004578603897243738,
          "z": 0.12115120887756348
        },
        "scale": {
          "x": 1.0,
          "y": 1.0,
          "z": 1.0
        },
        "matrix_basis": [
          [
            0.9706028699874878,
            -0.2402782291173935,
            -0.014018193818628788,
            0.0
          ],
          [
            0.24065089225769043,
            0.9698166847229004,
            0.03927851468324661,
            0.0
          ],
          [
            0.004157307557761669,
            -0.041497331112623215,
            0.9991299510002136,
            0.0
          ],
          [
            0.0,
            0.0,
            0.0,
            1.0
          ]
        ],
        "rotation_mode": "QUATERNION"
      },
      "armature_space": {
        "head": {
          "x": -0.044701460748910904,
          "y": 0.024582449346780777,
          "z": 0.5608761310577393
        },
        "tail": {
          "x": -0.07470348477363586,
          "y": -0.0007369089871644974,
          "z": 0.6555838584899902
        }
      },
      "world_space": {
        "head": {
          "x": -0.044701460748910904,
          "y": 0.0878264456987381,
          "z": 1.5107301473617554
        },
        "tail": {
          "x": -0.07470348477363586,
          "y": 0.06250709295272827,
          "z": 1.6054378747940063
        },
        "rotation_quaternion": {
          "w": 0.6059117913246155,
          "x": 0.7809517979621887,
          "y": -0.0968887209892273,
          "z": 0.11661002039909363
        },
        "matrix": [
          [
            0.9540295004844666,
            -0.2926417589187622,
            0.06471997499465942,
            -0.044701460748910904
          ],
          [
            -0.01002163253724575,
            -0.24696671962738037,
            -0.9689722657203674,
            0.0878264456987381
          ],
          [
            0.2995474934577942,
            0.9237856268882751,
            -0.23854884505271912,
            1.5107301473617554
          ],
          [
            0.0,
            0.0,
            0.0,
            1.0
          ]
        ]
      },
      "bone_length_armature_space": 0.10252192501635402,
      "parent": "spine_01",
      "has_children": true,
      "is_end_bone": false
    },
    "head": {
      "name": "head",
      "local": {
        "location": {
          "x": 0.0,
          "y": 0.0,
          "z": 0.0
        },
        "rotation_quaternion": {
          "w": 0.976577877998352,
          "x": -0.14632155001163483,
          "y": 0.15172317624092102,
          "z": -0.043196044862270355
        },
        "scale": {
          "x": 1.0,
          "y": 1.0,
          "z": 1.0
        },
        "matrix_basis": [
          [
            0.9502283334732056,
            0.039967864751815796,
            0.3089800179004669,
            0.0
          ],
          [
            -0.12876933813095093,
            0.9534482359886169,
            0.2726810872554779,
            0.0
          ],
          [
            -0.2836979627609253,
            -0.298896461725235,
            0.9111401438713074,
            0.0
          ],
          [
            0.0,
            0.0,
            0.0,
            1.0
          ]
        ],
        "rotation_mode": "QUATERNION"
      },
      "armature_space": {
        "head": {
          "x": -0.07470345497131348,
          "y": -0.0007370412349700928,
          "z": 0.6555837392807007
        },
        "tail": {
          "x": -0.11044696718454361,
          "y": 0.06294791400432587,
          "z": 0.7924044132232666
        }
      },
      "world_space": {
        "head": {
          "x": -0.07470345497131348,
          "y": 0.06250695884227753,
          "z": 1.6054377555847168
        },
        "tail": {
          "x": -0.11044696718454361,
          "y": 0.1261919140815735,
          "z": 1.7422584295272827
        },
        "rotation_quaternion": {
          "w": 0.8397563099861145,
          "x": 0.5233480930328369,
          "y": 0.011179951950907707,
          "z": 0.14419116079807281
        },
        "matrix": [
          [
            0.9581677317619324,
            -0.23046916723251343,
            0.16970224678516388,
            -0.07470345497131348
          ],
          [
            0.2538740038871765,
            0.4106316864490509,
            -0.8757453560829163,
            0.06250695884227753
          ],
          [
            0.13214832544326782,
            0.8822004199028015,
            0.45196646451950073,
            1.6054377555847168
          ],
          [
            0.0,
            0.0,
            0.0,
            1.0
          ]
        ]
      },
      "bone_length_armature_space": 0.1550911626001642,
      "parent": "neck_01",
      "has_children": false,
      "is_end_bone": true
    },
    "upperarm_l": {
      "name": "upperarm_l",
      "local": {
        "location": {
          "x": 0.0,
          "y": 0.0,
          "z": 0.0
        },
        "rotation_quaternion": {
          "w": 0.8943051099777222,
          "x": 0.31819745898246765,
          "y": 0.215412437915802,
          "z": 0.22927340865135193
        },
        "scale": {
          "x": 1.0,
          "y": 1.0,
          "z": 1.0
        },
        "matrix_basis": [
          [
            0.8020623922348022,
            -0.27299338579177856,
            0.5311973094940186,
            0.0
          ],
          [
            0.5471681356430054,
            0.6923681497573853,
            -0.47035452723503113,
            0.0
          ],
          [
            -0.23938044905662537,
            0.6679078936576843,
            0.7046957015991211,
            0.0
          ],
          [
            0.0,
            0.0,
            0.0,
            1.0
          ]
        ],
        "rotation_mode": "QUATERNION"
      },
      "armature_space": {
        "head": {
          "x": 0.11008621752262115,
          "y": 0.024098914116621017,
          "z": 0.5054898858070374
        },
        "tail": {
          "x": 0.3078034520149231,
          "y": -0.12849999964237213,
          "z": 0.6025938987731934
        }
      },
      "world_space": {
        "head": {
          "x": 0.11008621752262115,
          "y": 0.08734291791915894,
          "z": 1.4553439617156982
        },
        "tail": {
          "x": 0.3078034520149231,
          "y": -0.06525599956512451,
          "z": 1.5524479150772095
        },
        "rotation_quaternion": {
          "w": 0.35583266615867615,
          "x": 0.8097529411315918,
          "y": 0.2977430820465088,
          "z": -0.3592108190059662
        },
        "matrix": [
          [
            0.5646332502365112,
            0.7378350496292114,
            -0.36984965205192566,
            0.11008621752262115
          ],
          [
            0.22655990719795227,
            -0.5694639086723328,
            -0.7901782393455505,
            0.08734291791915894
          ],
          [
            -0.7936425805091858,
            0.3623698353767395,
            -0.48870623111724854,
            1.4553439617156982
          ],
          [
            0.0,
            0.0,
            0.0,
            1.0
          ]
        ]
      },
      "bone_length_armature_space": 0.26796963339846275,
      "parent": "spine_01",
      "has_children": true,
      "is_end_bone": false
    },
    "lowerarm_l": {
      "name": "lowerarm_l",
      "local": {
        "location": {
          "x": 0.0,
          "y": 0.0,
          "z": 0.0
        },
        "rotation_quaternion": {
          "w": 0.9753944873809814,
          "x": 0.20531345903873444,
          "y": 0.0790843814611435,
          "z": -0.014063806273043156
        },
        "scale": {
          "x": 1.0,
          "y": 1.0,
          "z": 1.0
        },
        "matrix_basis": [
          [
            0.9870957136154175,
            0.05990969389677048,
            0.14850196242332458,
            0.0
          ],
          [
            0.005038657691329718,
            0.9152972102165222,
            -0.4027476906776428,
            0.0
          ],
          [
            -0.16005191206932068,
            0.3982987701892853,
            0.9031841158866882,
            0.0
          ],
          [
            0.0,
            0.0,
            0.0,
            1.0
          ]
        ],
        "rotation_mode": "QUATERNION"
      },
      "armature_space": {
        "head": {
          "x": 0.3078034222126007,
          "y": -0.12850011885166168,
          "z": 0.6025940775871277
        },
        "tail": {
          "x": 0.41853663325309753,
          "y": -0.37016919255256653,
          "z": 0.6326535940170288
        }
      },
      "world_space": {
        "head": {
          "x": 0.3078034222126007,
          "y": -0.06525611877441406,
          "z": 1.552448034286499
        },
        "tail": {
          "x": 0.41853663325309753,
          "y": -0.3069251775741577,
          "z": 1.582507610321045
        },
        "rotation_quaternion": {
          "w": 0.13903483748435974,
          "x": 0.8908823132514954,
          "y": 0.17027221620082855,
          "z": -0.3974989652633667
        },
        "matrix": [
          [
            0.6260037422180176,
            0.41391801834106445,
            -0.6609017848968506,
            0.3078034222126007
          ],
          [
            0.1928527057170868,
            -0.9033530950546265,
            -0.3830942213535309,
            -0.06525611877441406
          ],
          [
            -0.7556023001670837,
            0.11236166954040527,
            -0.6453325748443604,
            1.552448034286499
          ],
          [
            0.0,
            0.0,
            0.0,
            1.0
          ]
        ]
      },
      "bone_length_armature_space": 0.2675245063375107,
      "parent": "upperarm_l",
      "has_children": true,
      "is_end_bone": false
    },
    "metacarpal_thumb_l": {
      "name": "metacarpal_thumb_l",
      "local": {
        "location": {
          "x": 0.0,
          "y": 0.0,
          "z": 0.0
        },
        "rotation_quaternion": {
          "w": 0.9995690584182739,
          "x": -0.028433069586753845,
          "y": 0.007113416213542223,
          "z": -0.001690191449597478
        },
        "scale": {
          "x": 1.0,
          "y": 1.0,
          "z": 1.0
        },
        "matrix_basis": [
          [
            0.999893069267273,
            0.0029744135681539774,
            0.014316815882921219,
            0.0
          ],
          [
            -0.0037834385875612497,
            0.9983773827552795,
            0.056817587465047836,
            0.0
          ],
          [
            -0.014124587178230286,
            -0.05686568096280098,
            0.9982818961143494,
            0.0
          ],
          [
            0.0,
            0.0,
            0.0,
            1.0
          ]
        ],
        "rotation_mode": "QUATERNION"
      },
      "armature_space": {
        "head": {
          "x": 0.41853663325309753,
          "y": -0.37016919255256653,
          "z": 0.6326535940170288
        },
        "tail": {
          "x": 0.4196115732192993,
          "y": -0.41587120294570923,
          "z": 0.6135810613632202
        }
      },
      "world_space": {
        "head": {
          "x": 0.41853663325309753,
          "y": -0.3069251775741577,
          "z": 1.582507610321045
        },
        "tail": {
          "x": 0.4196115732192993,
          "y": -0.3526272177696228,
          "z": 1.5634350776672363
        },
        "rotation_quaternion": {
          "w": 0.19015784561634064,
          "x": -0.9324472546577454,
          "y": 0.05017395317554474,
          "z": -0.3030920922756195
        },
        "matrix": [
          [
            0.8112356662750244,
            0.021700948476791382,
            0.5843164324760437,
            0.41853663325309753
          ],
          [
            -0.20883959531784058,
            -0.9226454496383667,
            0.32420873641967773,
            -0.3069251775741577
          ],
          [
            0.5461563467979431,
            -0.38504159450531006,
            -0.7439558506011963,
            1.582507610321045
          ],
          [
            0.0,
            0.0,
            0.0,
            1.0
          ]
        ]
      },
      "bone_length_armature_space": 0.04953373237014506,
      "parent": "lowerarm_l",
      "has_children": true,
      "is_end_bone": false
    },
    "thumb_01_l": {
      "name": "thumb_01_l",
      "local": {
        "location": {
          "x": 0.0,
          "y": 0.0,
          "z": 0.0
        },
        "rotation_quaternion": {
          "w": 0.9987562894821167,
          "x": 0.04904141649603844,
          "y": -0.008798892609775066,
          "z": -0.0018544308841228485
        },
        "scale": {
          "x": 1.0,
          "y": 1.0,
          "z": 1.0
        },
        "matrix_basis": [
          [
            0.9998382925987244,
            0.0028412286192178726,
            -0.017757786437869072,
            0.0
          ],
          [
            -0.0045672692358493805,
            0.995182991027832,
            -0.09792821109294891,
            0.0
          ],
          [
            0.017394009977579117,
            0.09799347817897797,
            0.9950350522994995,
            0.0
          ],
          [
            0.0,
            0.0,
            0.0,
            1.0
          ]
        ],
        "rotation_mode": "QUATERNION"
      },
      "armature_space": {
        "head": {
          "x": 0.4196115732192993,
          "y": -0.41587120294570923,
          "z": 0.6135810613632202
        },
        "tail": {
          "x": 0.4342702329158783,
          "y": -0.4284464716911316,
          "z": 0.5855520963668823
        }
      },
      "world_space": {
        "head": {
          "x": 0.4196115732192993,
          "y": -0.3526272177696228,
          "z": 1.5634350776672363
        },
        "tail": {
          "x": 0.4342702329158783,
          "y": -0.36520248651504517,
          "z": 1.5354061126708984
        },
        "rotation_quaternion": {
          "w": 0.4450491666793823,
          "x": -0.3473682999610901,
          "y": 0.3423594534397125,
          "z": -0.7510370016098022
        },
        "matrix": [
          [
            -0.36253130435943604,
            0.43064814805984497,
            0.8265066742897034,
            0.4196115732192993
          ],
          [
            -0.9063469767570496,
            -0.3694419264793396,
            -0.20505546033382416,
            -0.3526272177696228
          ],
          [
            0.21704021096229553,
            -0.8234469890594482,
            0.5242546200752258,
            1.5634350776672363
          ],
          [
            0.0,
            0.0,
            0.0,
            1.0
          ]
        ]
      },
      "bone_length_armature_space": 0.03403875061676807,
      "parent": "metacarpal_thumb_l",
      "has_children": true,
      "is_end_bone": false
    },
    "thumb_02_l": {
      "name": "thumb_02_l",
      "local": {
        "location": {
          "x": 0.0,
          "y": 0.0,
          "z": 0.0
        },
        "rotation_quaternion": {
          "w": 0.9943008422851562,
          "x": 0.10620628297328949,
          "y": -0.0022266486193984747,
          "z": 0.009016409516334534
        },
        "scale": {
          "x": 1.0,
          "y": 1.0,
          "z": 1.0
        },
        "matrix_basis": [
          [
            0.99982750415802,
            -0.01840301603078842,
            -0.002512718550860882,
            0.0
          ],
          [
            0.017457079142332077,
            0.9772778749465942,
            -0.21124213933944702,
            0.0
          ],
          [
            0.0063431160524487495,
            0.21116183698177338,
            0.977430522441864,
            0.0
          ],
          [
            0.0,
            0.0,
            0.0,
            1.0
          ]
        ],
        "rotation_mode": "QUATERNION"
      },
      "armature_space": {
        "head": {
          "x": 0.4342702031135559,
          "y": -0.4284464418888092,
          "z": 0.5855520963668823
        },
        "tail": {
          "x": 0.4526815116405487,
          "y": -0.46257972717285156,
          "z": 0.5959982872009277
        }
      },
      "world_space": {
        "head": {
          "x": 0.4342702031135559,
          "y": -0.3652024269104004,
          "z": 1.5354061126708984
        },
        "tail": {
          "x": 0.4526815116405487,
          "y": -0.39933574199676514,
          "z": 1.5458523035049438
        },
        "rotation_quaternion": {
          "w": 0.24949371814727783,
          "x": 0.08631043136119843,
          "y": -0.11328350007534027,
          "z": -0.9578467011451721
        },
        "matrix": [
          [
            -0.8606067895889282,
            0.4583984911441803,
            -0.22187143564224243,
            0.4342702031135559
          ],
          [
            -0.497508704662323,
            -0.8498393893241882,
            0.17394858598709106,
            -0.3652024269104004
          ],
          [
            -0.10881870985031128,
            0.2600855529308319,
            0.9594416618347168,
            1.5354061126708984
          ],
          [
            0.0,
            0.0,
            0.0,
            1.0
          ]
        ]
      },
      "bone_length_armature_space": 0.04016441636880559,
      "parent": "thumb_01_l",
      "has_children": true,
      "is_end_bone": false
    },
    "thumb_03_l": {
      "name": "thumb_03_l",
      "local": {
        "location": {
          "x": 0.0,
          "y": 0.0,
          "z": 0.0
        },
        "rotation_quaternion": {
          "w": 0.9987070560455322,
          "x": 0.05052553862333298,
          "y": -0.003733787452802062,
          "z": -0.004198982380330563
        },
        "scale": {
          "x": 1.0,
          "y": 1.0,
          "z": 1.0
        },
        "matrix_basis": [
          [
            0.9999368786811829,
            0.008009803481400013,
            -0.00788223184645176,
            0.0
          ],
          [
            -0.008764409460127354,
            0.9948590993881226,
            -0.10088906437158585,
            0.0
          ],
          [
            0.0070336079224944115,
            0.10095178335905075,
            0.9948664307594299,
            0.0
          ],
          [
            0.0,
            0.0,
            0.0,
            1.0
          ]
        ],
        "rotation_mode": "QUATERNION"
      },
      "armature_space": {
        "head": {
          "x": 0.45268145203590393,
          "y": -0.46257972717285156,
          "z": 0.595998227596283
        },
        "tail": {
          "x": 0.4661876857280731,
          "y": -0.48293954133987427,
          "z": 0.6141629219055176
        }
      },
      "world_space": {
        "head": {
          "x": 0.45268145203590393,
          "y": -0.39933574199676514,
          "z": 1.5458521842956543
        },
        "tail": {
          "x": 0.4661876857280731,
          "y": -0.41969555616378784,
          "z": 1.5640169382095337
        },
        "rotation_quaternion": {
          "w": 0.33518263697624207,
          "x": 0.29458022117614746,
          "y": -0.23082685470581055,
          "z": -0.8646352291107178
        },
        "matrix": [
          [
            -0.6017496585845947,
            0.4436286687850952,
            -0.664146900177002,
            0.45268145203590393
          ],
          [
            -0.7156160473823547,
            -0.668742835521698,
            0.2016846239566803,
            -0.39933574199676514
          ],
          [
            -0.35467374324798584,
            0.5966416001319885,
            0.7198886871337891,
            1.5458521842956543
          ],
          [
            0.0,
            0.0,
            0.0,
            1.0
          ]
        ]
      },
      "bone_length_armature_space": 0.030444975081864726,
      "parent": "thumb_02_l",
      "has_children": false,
      "is_end_bone": true
    },
    "metacarpal_index_l": {
      "name": "metacarpal_index_l",
      "local": {
        "location": {
          "x": 0.0,
          "y": 0.0,
          "z": 0.0
        },
        "rotation_quaternion": {
          "w": 0.9993358850479126,
          "x": -0.03278358653187752,
          "y": 0.008342253975570202,
          "z": 0.01354063581675291
        },
        "scale": {
          "x": 1.0,
          "y": 1.0,
          "z": 1.0
        },
        "matrix_basis": [
          [
            0.9994941353797913,
            -0.027610264718532562,
            0.01578560657799244,
            0.0
          ],
          [
            0.02651630900800228,
            0.9974837899208069,
            0.06574954837560654,
            0.0
          ],
          [
            -0.017561249434947968,
            -0.06529770791530609,
            0.9977113008499146,
            0.0
          ],
          [
            0.0,
            0.0,
            0.0,
            1.0
          ]
        ],
        "rotation_mode": "QUATERNION"
      },
      "armature_space": {
        "head": {
          "x": 0.41853663325309753,
          "y": -0.37016919255256653,
          "z": 0.6326535940170288
        },
        "tail": {
          "x": 0.44107896089553833,
          "y": -0.48489314317703247,
          "z": 0.624941349029541
        }
      },
      "world_space": {
        "head": {
          "x": 0.41853663325309753,
          "y": -0.3069251775741577,
          "z": 1.582507610321045
        },
        "tail": {
          "x": 0.44107896089553833,
          "y": -0.42164915800094604,
          "z": 1.5747953653335571
        },
        "rotation_quaternion": {
          "w": 0.037668295204639435,
          "x": -0.9936259388923645,
          "y": -0.09500761330127716,
          "z": -0.047562047839164734
        },
        "matrix": [
          [
            0.977422833442688,
            0.1923871636390686,
            0.08736009895801544,
            0.41853663325309753
          ],
          [
            0.18522097170352936,
            -0.9791093468666077,
            0.08389347791671753,
            -0.3069251775741577
          ],
          [
            0.10167603939771652,
            -0.0658198744058609,
            -0.9926449060440063,
            1.582507610321045
          ],
          [
            0.0,
            0.0,
            0.0,
            1.0
          ]
        ]
      },
      "bone_length_armature_space": 0.1171717542976499,
      "parent": "lowerarm_l",
      "has_children": true,
      "is_end_bone": false
    },
    "index_01_l": {
      "name": "index_01_l",
      "local": {
        "location": {
          "x": 0.0,
          "y": 0.0,
          "z": 0.0
        },
        "rotation_quaternion": {
          "w": 0.9989281296730042,
          "x": -0.04619310051202774,
          "y": -0.0018696929328143597,
          "z": 0.002310368465259671
        },
        "scale": {
          "x": 1.0,
          "y": 1.0,
          "z": 1.0
        },
        "matrix_basis": [
          [
            0.9999823570251465,
            -0.004443050362169743,
            -0.003948824014514685,
            0.0
          ],
          [
            0.004788517951965332,
            0.995721697807312,
            0.09227853268384933,
            0.0
          ],
          [
            0.003521931590512395,
            -0.0922958180308342,
            0.9957253932952881,
            0.0
          ],
          [
            0.0,
            0.0,
            0.0,
            1.0
          ]
        ],
        "rotation_mode": "QUATERNION"
      },
      "armature_space": {
        "head": {
          "x": 0.44107896089553833,
          "y": -0.48489314317703247,
          "z": 0.624941349029541
        },
        "tail": {
          "x": 0.4548315107822418,
          "y": -0.5092390775680542,
          "z": 0.6305280327796936
        }
      },
      "world_space": {
        "head": {
          "x": 0.44107896089553833,
          "y": -0.42164915800094604,
          "z": 1.5747953653335571
        },
        "tail": {
          "x": 0.4548315107822418,
          "y": -0.4459950923919678,
          "z": 1.5803821086883545
        },
        "rotation_quaternion": {
          "w": 0.07874494791030884,
          "x": 0.958836019039154,
          "y": 0.2586355209350586,
          "z": 0.08683547377586365
        },
        "matrix": [
          [
            0.8511345386505127,
            0.4823024272918701,
            0.20725448429584503,
            0.44107896089553833
          ],
          [
            0.5096539855003357,
            -0.8538137674331665,
            -0.10608956217765808,
            -0.42164915800094604
          ],
          [
            0.12579087913036346,
            0.19592514634132385,
            -0.9725245833396912,
            1.5747953653335571
          ],
          [
            0.0,
            0.0,
            0.0,
            1.0
          ]
        ]
      },
      "bone_length_armature_space": 0.02851435070791369,
      "parent": "metacarpal_index_l",
      "has_children": true,
      "is_end_bone": false
    },
    "index_02_l": {
      "name": "index_02_l",
      "local": {
        "location": {
          "x": 0.0,
          "y": 0.0,
          "z": 0.0
        },
        "rotation_quaternion": {
          "w": 0.9842000603675842,
          "x": 0.17692337930202484,
          "y": 0.006940273102372885,
          "z": -0.0006014513201080263
        },
        "scale": {
          "x": 1.0,
          "y": 1.0,
          "z": 1.0
        },
        "matrix_basis": [
          [
            0.9999029636383057,
            0.0036396898794919252,
            0.013448412530124187,
            0.0
          ],
          [
            0.0012718962971121073,
            0.9373955130577087,
            -0.34826433658599854,
            0.0
          ],
          [
            -0.013874055817723274,
            0.3482476472854614,
            0.937299907207489,
            0.0
          ],
          [
            0.0,
            0.0,
            0.0,
            1.0
          ]
        ],
        "rotation_mode": "QUATERNION"
      },
      "armature_space": {
        "head": {
          "x": 0.4548315405845642,
          "y": -0.5092395544052124,
          "z": 0.6305277943611145
        },
        "tail": {
          "x": 0.46847110986709595,
          "y": -0.5307498574256897,
          "z": 0.6274685859680176
        }
      },
      "world_space": {
        "head": {
          "x": 0.4548315405845642,
          "y": -0.445995569229126,
          "z": 1.5803818702697754
        },
        "tail": {
          "x": 0.46847110986709595,
          "y": -0.46750587224960327,
          "z": 1.5773226022720337
        },
        "rotation_quaternion": {
          "w": 0.06707052886486053,
          "x": -0.9586266875267029,
          "y": -0.2761346101760864,
          "z": -0.01691392995417118
        },
        "matrix": [
          [
            0.8469272255897522,
            0.5316888689994812,
            -0.004613131284713745,
            0.4548315405845642
          ],
          [
            0.527151346206665,
            -0.8385023474693298,
            0.13793174922466278,
            -0.445995569229126
          ],
          [
            0.06946969032287598,
            -0.11925163865089417,
            -0.9904378652572632,
            1.5803818702697754
          ],
          [
            0.0,
            0.0,
            0.0,
            1.0
          ]
        ]
      },
      "bone_length_armature_space": 0.025653259898315618,
      "parent": "index_01_l",
      "has_children": true,
      "is_end_bone": false
    },
    "index_03_l": {
      "name": "index_03_l",
      "local": {
        "location": {
          "x": 0.0,
          "y": 0.0,
          "z": 0.0
        },
        "rotation_quaternion": {
          "w": 0.9762300252914429,
          "x": 0.21661068499088287,
          "y": 0.005653408821672201,
          "z": 0.004775654058903456
        },
        "scale": {
          "x": 1.0,
          "y": 1.0,
          "z": 1.0
        },
        "matrix_basis": [
          [
            0.9998904466629028,
            -0.00687509635463357,
            0.013106970116496086,
            0.0
          ],
          [
            0.01177345123142004,
            0.9061139822006226,
            -0.4228697121143341,
            0.0
          ],
          [
            -0.00896913930773735,
            0.4229777157306671,
            0.9060956835746765,
            0.0
          ],
          [
            0.0,
            0.0,
            0.0,
            1.0
          ]
        ],
        "rotation_mode": "QUATERNION"
      },
      "armature_space": {
        "head": {
          "x": 0.46847108006477356,
          "y": -0.5307498574256897,
          "z": 0.6274687051773071
        },
        "tail": {
          "x": 0.4843243360519409,
          "y": -0.5481932759284973,
          "z": 0.6102020144462585
        }
      },
      "world_space": {
        "head": {
          "x": 0.46847108006477356,
          "y": -0.46750587224960327,
          "z": 1.5773227214813232
        },
        "tail": {
          "x": 0.4843243360519409,
          "y": -0.4849492907524109,
          "z": 1.5600559711456299
        },
        "rotation_quaternion": {
          "w": 0.3226303458213806,
          "x": -0.8932831883430481,
          "y": -0.3121093511581421,
          "z": 0.02329573780298233
        },
        "matrix": [
          [
            0.8040896058082581,
            0.5425723791122437,
            -0.24301260709762573,
            0.46847108006477356
          ],
          [
            0.5726370215415955,
            -0.5969946384429932,
            0.5618577003479004,
            -0.46750587224960327
          ],
          [
            0.15977297723293304,
            -0.5909467339515686,
            -0.7907392382621765,
            1.5773227214813232
          ],
          [
            0.0,
            0.0,
            0.0,
            1.0
          ]
        ]
      },
      "bone_length_armature_space": 0.029218781219111305,
      "parent": "index_02_l",
      "has_children": false,
      "is_end_bone": true
    },
    "metacarpal_pinky_l": {
      "name": "metacarpal_pinky_l",
      "local": {
        "location": {
          "x": 0.0,
          "y": 0.0,
          "z": 0.0
        },
        "rotation_quaternion": {
          "w": 0.9995296597480774,
          "x": -0.020760033279657364,
          "y": 0.009500663727521896,
          "z": -0.020474253222346306
        },
        "scale": {
          "x": 1.0,
          "y": 1.0,
          "z": 1.0
        },
        "matrix_basis": [
          [
            0.9989810585975647,
            0.04053477942943573,
            0.0198424831032753,
            0.0
          ],
          [
            -0.0413237139582634,
            0.9982996582984924,
            0.041111499071121216,
            0.0
          ],
          [
            -0.018142297863960266,
            -0.04188957437872887,
            0.9989575147628784,
            0.0
          ],
          [
            0.0,
            0.0,
            0.0,
            1.0
          ]
        ],
        "rotation_mode": "QUATERNION"
      },
      "armature_space": {
        "head": {
          "x": 0.41853663325309753,
          "y": -0.37016919255256653,
          "z": 0.6326535940170288
        },
        "tail": {
          "x": 0.4826068580150604,
          "y": -0.448239803314209,
          "z": 0.6580151915550232
        }
      },
      "world_space": {
        "head": {
          "x": 0.41853663325309753,
          "y": -0.3069251775741577,
          "z": 1.582507610321045
        },
        "tail": {
          "x": 0.4826068580150604,
          "y": -0.38499581813812256,
          "z": 1.6078691482543945
        },
        "rotation_quaternion": {
          "w": 0.3503507673740387,
          "x": 0.46104520559310913,
          "y": 0.04884381219744682,
          "z": -0.8138219118118286
        },
        "matrix": [
          [
            -0.32938292622566223,
            0.6152862310409546,
            -0.7161912322044373,
            0.41853663325309753
          ],
          [
            -0.5252085328102112,
            -0.7497361302375793,
            -0.40255677700042725,
            -0.3069251775741577
          ],
          [
            -0.7846479415893555,
            0.24355548620224,
            0.5701072812080383,
            1.582507610321045
          ],
          [
            0.0,
            0.0,
            0.0,
            1.0
          ]
        ]
      },
      "bone_length_armature_space": 0.10413080463642312,
      "parent": "lowerarm_l",
      "has_children": true,
      "is_end_bone": false
    },
    "pinky_01_l": {
      "name": "pinky_01_l",
      "local": {
        "location": {
          "x": 0.0,
          "y": 0.0,
          "z": 0.0
        },
        "rotation_quaternion": {
          "w": 0.9970816373825073,
          "x": 0.07477476447820663,
          "y": 0.014805527403950691,
          "z": 0.004231586586683989
        },
        "scale": {
          "x": 1.0,
          "y": 1.0,
          "z": 1.0
        },
        "matrix_basis": [
          [
            0.999525785446167,
            -0.006224315147846937,
            0.03015747107565403,
            0.0
          ],
          [
            0.0106526343151927,
            0.9887816309928894,
            -0.1489877849817276,
            0.0
          ],
          [
            -0.028891807422041893,
            0.14923839271068573,
            0.9883790612220764,
            0.0
          ],
          [
            0.0,
            0.0,
            0.0,
            1.0
          ]
        ],
        "rotation_mode": "QUATERNION"
      },
      "armature_space": {
        "head": {
          "x": 0.4826068580150604,
          "y": -0.448239803314209,
          "z": 0.6580151915550232
        },
        "tail": {
