{
  "metadata": {
    "armature_name": "KIM_caucasian_male",
    "export_time": "2026-01-13T20:59:30.848288",
    "blender_version": "4.4.1",
    "bone_count": 56,
    "end_bone_count": 13,
    "spaces_included": [
      "LOCAL_CHANNELS",
      "ARMATURE_SPACE",
      "WORLD_SPACE"
    ],
    "note": "LOCAL matches Transform panel; replay pose via local.matrix_basis for best fidelity."
  },
  "bones": {
    "Root": {
      "name": "Root",
      "local": {
        "location": {
          "x": 0.0,
          "y": 0.0,
          "z": 0.0
        },
        "rotation_quaternion": {
          "w": 0.9994544982910156,
          "x": 0.015527925454080105,
          "y": 0.012049600481987,
          "z": -0.02654218301177025
        },
        "scale": {
          "x": 1.0,
          "y": 1.0,
          "z": 1.0
        },
        "matrix_basis": [
          [
            0.9983006119728088,
            0.05342961847782135,
            0.023261765018105507,
            0.0
          ],
          [
            -0.052681196480989456,
            0.9981088042259216,
            -0.03167855367064476,
            0.0
          ],
          [
            -0.024910345673561096,
            0.030399264767766,
            0.9992274045944214,
            0.0
          ],
          [
            0.0,
            0.0,
            0.0,
            1.0
          ]
        ],
        "rotation_mode": "QUATERNION"
      },
      "armature_space": {
        "head": {
          "x": 0.0,
          "y": 0.07072800397872925,
          "z": -0.009595036506652832
        },
        "tail": {
          "x": 0.0038135854993015528,
          "y": -0.00015792250633239746,
          "z": -0.0021682404913008213
        }
      },
      "world_space": {
        "head": {
          "x": 0.0,
          "y": 0.13397200405597687,
          "z": 0.9402589797973633
        },
        "tail": {
          "x": 0.0038135854993015528,
          "y": 0.06308607757091522,
          "z": 0.9476857781410217
        },
        "rotation_quaternion": {
          "w": 0.05183825641870499,
          "x": 0.9982300400733948,
          "y": 0.027293642982840538,
          "z": 0.010234139859676361
        },
        "matrix": [
          [
            0.9983006119728088,
            0.05342961847782135,
            0.023261765018105507,
            0.0
          ],
          [
            0.05555170774459839,
            -0.9931356906890869,
            -0.1029348224401474,
            0.13397200405597687
          ],
          [
            0.017602497711777687,
            0.10405191779136658,
            -0.9944231510162354,
            0.9402589797973633
          ],
          [
            0.0,
            0.0,
            0.0,
            1.0
          ]
        ]
      },
      "bone_length_armature_space": 0.07137587299731009,
      "parent": null,
      "has_children": true,
      "is_end_bone": false
    },
    "spine_01": {
      "name": "spine_01",
      "local": {
        "location": {
          "x": 0.0,
          "y": 0.0,
          "z": 0.0
        },
        "rotation_quaternion": {
          "w": 0.9980255365371704,
          "x": 0.021847935393452644,
          "y": 0.047670427709817886,
          "z": -0.03457498922944069
        },
        "scale": {
          "x": 1.0,
          "y": 1.0,
          "z": 1.0
        },
        "matrix_basis": [
          [
            0.9930642247200012,
            0.07109644263982773,
            0.09364182502031326,
            0.0
          ],
          [
            -0.06693044304847717,
            0.9966544508934021,
            -0.0469060055911541,
            0.0
          ],
          [
            -0.09666339308023453,
            0.04031318426132202,
            0.9945003986358643,
            0.0
          ],
          [
            0.0,
            0.0,
            0.0,
            1.0
          ]
        ],
        "rotation_mode": "QUATERNION"
      },
      "armature_space": {
        "head": {
          "x": 0.0038135854993015528,
          "y": -0.00015792250633239746,
          "z": -0.0021682404913008213
        },
        "tail": {
          "x": 0.030553147196769714,
          "y": -0.01049223355948925,
          "z": 0.48499366641044617
        }
      },
      "world_space": {
        "head": {
          "x": 0.0038135854993015528,
          "y": 0.06308607757091522,
          "z": 0.9476857781410217
        },
        "tail": {
          "x": 0.030553147196769714,
          "y": 0.05275176465511322,
          "z": 1.4348477125167847
        },
        "rotation_quaternion": {
          "w": 0.6958682537078857,
          "x": 0.7137244939804077,
          "y": 0.07196322828531265,
          "z": 0.03443888574838638
        },
        "matrix": [
          [
            0.9872704744338989,
            0.05479404702782631,
            0.14931395649909973,
            0.0038135854993015528
          ],
          [
            0.15065401792526245,
            -0.021176813170313835,
            -0.9883597493171692,
            0.06308607757091522
          ],
          [
            -0.05099445581436157,
            0.9982801079750061,
            -0.029163293540477753,
            0.9476857781410217
          ],
          [
            0.0,
            0.0,
            0.0,
            1.0
          ]
        ]
      },
      "bone_length_armature_space": 0.4880046397976973,
      "parent": "Root",
      "has_children": true,
      "is_end_bone": false
    },
    "neck_01": {
      "name": "neck_01",
      "local": {
        "location": {
          "x": 0.0,
          "y": 0.0,
          "z": 0.0
        },
        "rotation_quaternion": {
          "w": 0.9834458827972412,
          "x": -0.084604412317276,
          "y": -0.13120992481708527,
          "z": -0.09197954833507538
        },
        "scale": {
          "x": 1.0,
          "y": 1.0,
          "z": 1.0
        },
        "matrix_basis": [
          [
            0.9486474394798279,
            0.20311568677425385,
            -0.24251197278499603,
            0.0
          ],
          [
            -0.15871194005012512,
            0.9687637090682983,
            0.1905449777841568,
            0.0
          ],
          [
            0.2736394703388214,
            -0.14227046072483063,
            0.9512521028518677,
            0.0
          ],
          [
            0.0,
            0.0,
            0.0,
            1.0
          ]
        ],
        "rotation_mode": "QUATERNION"
      },
      "armature_space": {
        "head": {
          "x": 0.03974335640668869,
          "y": -0.046319521963596344,
          "z": 0.5570748448371887
        },
        "tail": {
          "x": 0.06928824633359909,
          "y": -0.06923135370016098,
          "z": 0.6525363326072693
        }
      },
      "world_space": {
        "head": {
          "x": 0.03974335640668869,
          "y": 0.016924478113651276,
          "z": 1.5069289207458496
        },
        "tail": {
          "x": 0.06928824633359909,
          "y": -0.005987353622913361,
          "z": 1.6023902893066406
        },
        "rotation_quaternion": {
          "w": 0.6180433630943298,
          "x": 0.7705157995223999,
          "y": 0.07925021648406982,
          "z": -0.1343398243188858
        },
        "matrix": [
          [
            0.9513446092605591,
            0.2881828546524048,
            -0.10906016826629639,
            0.03974335640668869
          ],
          [
            -0.04392699897289276,
            -0.22348351776599884,
            -0.9737175107002258,
            0.016924478113651276
          ],
          [
            -0.3049840033054352,
            0.9311376810073853,
            -0.19995315372943878,
            1.5069289207458496
          ],
          [
            0.0,
            0.0,
            0.0,
            1.0
          ]
        ]
      },
      "bone_length_armature_space": 0.10252193921030739,
      "parent": "spine_01",
      "has_children": true,
      "is_end_bone": false
    },
    "head": {
      "name": "head",
      "local": {
        "location": {
          "x": 0.0,
          "y": 0.0,
          "z": 0.0
        },
        "rotation_quaternion": {
          "w": 0.9843859076499939,
          "x": -0.05416862666606903,
          "y": -0.12162439525127411,
          "z": -0.11514218151569366
        },
        "scale": {
          "x": 1.0,
          "y": 1.0,
          "z": 1.0
        },
        "matrix_basis": [
          [
            0.9438995718955994,
            0.23986513912677765,
            -0.22697649896144867,
            0.0
          ],
          [
            -0.21351222693920135,
            0.967616081237793,
            0.13465386629104614,
            0.0
          ],
          [
            0.25192487239837646,
            -0.07863746583461761,
            0.9645465612411499,
            0.0
          ],
          [
            0.0,
            0.0,
            0.0,
            1.0
          ]
        ],
        "rotation_mode": "QUATERNION"
      },
      "armature_space": {
        "head": {
          "x": 0.0692882090806961,
          "y": -0.06923148781061172,
          "z": 0.6525362133979797
        },
        "tail": {
          "x": 0.15083956718444824,
          "y": -0.037358805537223816,
          "z": 0.7805468440055847
        }
      },
      "world_space": {
        "head": {
          "x": 0.0692882090806961,
          "y": -0.005987487733364105,
          "z": 1.6023902893066406
        },
        "tail": {
          "x": 0.15083956718444824,
          "y": 0.025885194540023804,
          "z": 1.730400800704956
        },
        "rotation_quaternion": {
          "w": 0.7712487578392029,
          "x": 0.5669030547142029,
          "y": 0.08905385434627533,
          "z": -0.2754374146461487
        },
        "matrix": [
          [
            0.8324066400527954,
            0.5258316993713379,
            -0.17492946982383728,
            0.0692882090806961
          ],
          [
            -0.3238945007324219,
            0.20551060140132904,
            -0.9235032200813293,
            -0.005987487733364105
          ],
          [
            -0.4496607780456543,
            0.8253946900367737,
            0.34138378500938416,
            1.6023902893066406
          ],
          [
            0.0,
            0.0,
            0.0,
            1.0
          ]
        ]
      },
      "bone_length_armature_space": 0.15509098320065787,
      "parent": "neck_01",
      "has_children": false,
      "is_end_bone": true
    },
    "upperarm_l": {
      "name": "upperarm_l",
      "local": {
        "location": {
          "x": 0.0,
          "y": 0.0,
          "z": 0.0
        },
        "rotation_quaternion": {
          "w": 0.9058433771133423,
          "x": 0.2036888599395752,
          "y": 0.28886979818344116,
          "z": 0.23347994685173035
        },
        "scale": {
          "x": 1.0,
          "y": 1.0,
          "z": 1.0
        },
        "matrix_basis": [
          [
            0.7240827083587646,
            -0.3053134083747864,
            0.6184561252593994,
            0.0
          ],
          [
            0.5406716465950012,
            0.8079959154129028,
            -0.23412980139255524,
            0.0
          ],
          [
            -0.4282270669937134,
            0.503911018371582,
            0.7501301765441895,
            0.0
          ],
          [
            0.0,
            0.0,
            0.0,
            1.0
          ]
        ],
        "rotation_mode": "QUATERNION"
      },
      "armature_space": {
        "head": {
          "x": 0.18462751805782318,
          "y": -0.025450177490711212,
          "z": 0.4822404682636261
        },
        "tail": {
          "x": 0.42837274074554443,
          "y": -0.12023384869098663,
          "z": 0.5406526923179626
        }
      },
      "world_space": {
        "head": {
          "x": 0.18462751805782318,
          "y": 0.03779382258653641,
          "z": 1.4320944547653198
        },
        "tail": {
          "x": 0.42837274074554443,
          "y": -0.056989848613739014,
          "z": 1.490506649017334
        },
        "rotation_quaternion": {
          "w": 0.3148479461669922,
          "x": 0.7723276019096375,
          "y": 0.47330161929130554,
          "z": -0.2834897041320801
        },
        "matrix": [
          [
            0.39123761653900146,
            0.9096007943153381,
            -0.1398557722568512,
            0.18462751805782318
          ],
          [
            0.5525763034820557,
            -0.35371077060699463,
            -0.7546842694282532,
            0.03779382258653641
          ],
          [
            -0.7359345555305481,
            0.2179810255765915,
            -0.6410139799118042,
            1.4320944547653198
          ],
          [
            0.0,
            0.0,
            0.0,
            1.0
          ]
        ]
      },
      "bone_length_armature_space": 0.26796952609305696,
      "parent": "spine_01",
      "has_children": true,
      "is_end_bone": false
    },
    "lowerarm_l": {
      "name": "lowerarm_l",
      "local": {
        "location": {
          "x": 0.0,
          "y": 0.0,
          "z": 0.0
        },
        "rotation_quaternion": {
          "w": 0.9705117344856262,
          "x": 0.22312715649604797,
          "y": 0.025843249633908272,
          "z": 0.0874844342470169
        },
        "scale": {
          "x": 1.0,
          "y": 1.0,
          "z": 1.0
        },
        "matrix_basis": [
          [
            0.9833571910858154,
            -0.15827667713165283,
            0.08920265734195709,
            0.0
          ],
          [
            0.1813420057296753,
            0.8851214647293091,
            -0.42857328057289124,
            0.0
          ],
          [
            -0.011122047901153564,
            0.43761682510375977,
            0.8990927934646606,
            0.0
          ],
          [
            0.0,
            0.0,
            0.0,
            1.0
          ]
        ],
        "rotation_mode": "QUATERNION"
      },
      "armature_space": {
        "head": {
          "x": 0.42837274074554443,
          "y": -0.12023399025201797,
          "z": 0.5406528115272522
        },
        "tail": {
          "x": 0.5781828165054321,
          "y": -0.3413703739643097,
          "z": 0.5556525588035583
        }
      },
      "world_space": {
        "head": {
          "x": 0.42837274074554443,
          "y": -0.056989990174770355,
          "z": 1.490506887435913
        },
        "tail": {
          "x": 0.5781828165054321,
          "y": -0.2781263589859009,
          "z": 1.5055065155029297
        },
        "rotation_quaternion": {
          "w": 0.145854651927948,
          "x": 0.8732135891914368,
          "y": 0.2557829022407532,
          "z": -0.3883293569087982
        },
        "matrix": [
          [
            0.567550539970398,
            0.5599863529205322,
            -0.6035739779472351,
            0.42837274074554443
          ],
          [
            0.3334271013736725,
            -0.8266023993492126,
            -0.45338180661201477,
            -0.056989990174770355
          ],
          [
            -0.7528083920478821,
            0.05606865882873535,
            -0.6558583378791809,
            1.490506887435913
          ],
          [
            0.0,
            0.0,
            0.0,
            1.0
          ]
        ]
      },
      "bone_length_armature_space": 0.267524494180295,
      "parent": "upperarm_l",
      "has_children": true,
      "is_end_bone": false
    },
    "metacarpal_thumb_l": {
      "name": "metacarpal_thumb_l",
      "local": {
        "location": {
          "x": 0.0,
          "y": 0.0,
          "z": 0.0
        },
        "rotation_quaternion": {
          "w": 0.9991559982299805,
          "x": -0.04105160012841225,
          "y": 0.00018239347264170647,
          "z": 0.001420907792635262
        },
        "scale": {
          "x": 1.0,
          "y": 1.0,
          "z": 1.0
        },
        "matrix_basis": [
          [
            0.9999958872795105,
            -0.0028543921653181314,
            0.0002478179812896997,
            0.0
          ],
          [
            0.002824441995471716,
            0.9966254830360413,
            0.08203442394733429,
            0.0
          ],
          [
            -0.0004811401304323226,
            -0.08203338831663132,
            0.9966294765472412,
            0.0
          ],
          [
            0.0,
            0.0,
            0.0,
            1.0
          ]
        ],
        "rotation_mode": "QUATERNION"
      },
      "armature_space": {
        "head": {
          "x": 0.5781828165054321,
          "y": -0.3413703739643097,
          "z": 0.5556525588035583
        },
        "tail": {
          "x": 0.5854769945144653,
          "y": -0.38572749495506287,
          "z": 0.5348479151725769
        }
      },
      "world_space": {
        "head": {
          "x": 0.5781828165054321,
          "y": -0.2781263589859009,
          "z": 1.5055065155029297
        },
        "tail": {
          "x": 0.5854769945144653,
          "y": -0.32248347997665405,
          "z": 1.4847018718719482
        },
        "rotation_quaternion": {
          "w": 0.2282116711139679,
          "x": -0.9356842041015625,
          "y": -0.01313489768654108,
          "z": -0.2687789797782898
        },
        "matrix": [
          [
            0.8551709055900574,
            0.1472567915916443,
            0.496988981962204,
            0.5781828165054321
          ],
          [
            -0.09809626638889313,
            -0.8954942226409912,
            0.43412816524505615,
            -0.2781263589859009
          ],
          [
            0.5089826583862305,
            -0.42001038789749146,
            -0.751360297203064,
            1.5055065155029297
          ],
          [
            0.0,
            0.0,
            0.0,
            1.0
          ]
        ]
      },
      "bone_length_armature_space": 0.049533750426006114,
      "parent": "lowerarm_l",
      "has_children": true,
      "is_end_bone": false
    },
    "thumb_01_l": {
      "name": "thumb_01_l",
      "local": {
        "location": {
          "x": 0.0,
          "y": 0.0,
          "z": 0.0
        },
        "rotation_quaternion": {
          "w": 0.9875994920730591,
          "x": 0.15668337047100067,
          "y": -0.0014195641269907355,
          "z": 0.00978289358317852
        },
        "scale": {
          "x": 1.0,
          "y": 1.0,
          "z": 1.0
        },
        "matrix_basis": [
          [
            0.9998045563697815,
            -0.0197680052369833,
            0.0002617118589114398,
            0.0
          ],
          [
            0.01887831650674343,
            0.9507092237472534,
            -0.30950862169265747,
            0.0
          ],
          [
            0.005869555287063122,
            0.3094530701637268,
            0.9508966207504272,
            0.0
          ],
          [
            0.0,
            0.0,
            0.0,
            1.0
          ]
        ],
        "rotation_mode": "QUATERNION"
      },
      "armature_space": {
        "head": {
          "x": 0.5854769945144653,
          "y": -0.38572749495506287,
          "z": 0.5348479151725769
        },
        "tail": {
          "x": 0.6068763732910156,
          "y": -0.39482778310775757,
          "z": 0.5099905729293823
        }
      },
      "world_space": {
        "head": {
          "x": 0.5854769945144653,
          "y": -0.32248347997665405,
          "z": 1.4847018718719482
        },
        "tail": {
          "x": 0.6068763732910156,
          "y": -0.33158379793167114,
          "z": 1.4598445892333984
        },
        "rotation_quaternion": {
          "w": 0.5436680912971497,
          "x": -0.3136591613292694,
          "y": 0.26598575711250305,
          "z": -0.7316383123397827
        },
        "matrix": [
          [
            -0.2120833694934845,
            0.6286796927452087,
            0.7481861710548401,
            0.5854769945144653
          ],
          [
            -0.9623947739601135,
            -0.26735231280326843,
            -0.04815495014190674,
            -0.32248347997665405
          ],
          [
            0.16975559294223785,
            -0.7302688360214233,
            0.6617438197135925,
            1.4847018718719482
          ],
          [
            0.0,
            0.0,
            0.0,
            1.0
          ]
        ]
      },
      "bone_length_armature_space": 0.03403874452474628,
      "parent": "metacarpal_thumb_l",
      "has_children": true,
      "is_end_bone": false
    },
    "thumb_02_l": {
      "name": "thumb_02_l",
      "local": {
        "location": {
          "x": 0.0,
          "y": 0.0,
          "z": 0.0
        },
        "rotation_quaternion": {
          "w": 0.9218811988830566,
          "x": 0.3874611258506775,
          "y": 0.0006378447287715971,
          "z": 0.002941838465631008
        },
        "scale": {
          "x": 1.0,
          "y": 1.0,
          "z": 1.0
        },
        "matrix_basis": [
          [
            0.9999818801879883,
            -0.004929771181195974,
            0.003455730155110359,
            0.0
          ],
          [
            0.005918331444263458,
            0.6997304558753967,
            -0.714382529258728,
            0.0
          ],
          [
            0.0011036619544029236,
            0.714389979839325,
            0.6997469663619995,
            0.0
          ],
          [
            0.0,
            0.0,
            0.0,
            1.0
          ]
        ],
        "rotation_mode": "QUATERNION"
      },
      "armature_space": {
        "head": {
          "x": 0.6068763136863708,
          "y": -0.3948277533054352,
          "z": 0.5099905729293823
        },
        "tail": {
          "x": 0.6162801384925842,
          "y": -0.4177037477493286,
          "z": 0.5416362285614014
        }
      },
      "world_space": {
        "head": {
          "x": 0.6068763136863708,
          "y": -0.33158373832702637,
          "z": 1.4598445892333984
        },
        "tail": {
          "x": 0.6162801384925842,
          "y": -0.3544597625732422,
          "z": 1.4914902448654175
        },
        "rotation_quaternion": {
          "w": 0.26001453399658203,
          "x": 0.2669600546360016,
          "y": -0.3842042088508606,
          "z": -0.8446963429450989
        },
        "matrix": [
          [
            -0.7222493886947632,
            0.23413321375846863,
            -0.6507976651191711,
            0.6068763136863708
          ],
          [
            -0.644401490688324,
            -0.56955885887146,
            0.5102443695068359,
            -0.33158373832702637
          ],
          [
            -0.25120487809181213,
            0.7879037857055664,
            0.5622438192367554,
            1.4598445892333984
          ],
          [
            0.0,
            0.0,
            0.0,
            1.0
          ]
        ]
      },
      "bone_length_armature_space": 0.04016454435413014,
      "parent": "thumb_01_l",
      "has_children": true,
      "is_end_bone": false
    },
    "thumb_03_l": {
      "name": "thumb_03_l",
      "local": {
        "location": {
          "x": 0.0,
          "y": 0.0,
          "z": 0.0
        },
        "rotation_quaternion": {
          "w": 0.9852715134620667,
          "x": 0.170959010720253,
          "y": 0.003446734743192792,
          "z": 0.0011285139480605721
        },
        "scale": {
          "x": 1.0,
          "y": 1.0,
          "z": 1.0
        },
        "matrix_basis": [
          [
            0.999973714351654,
            -0.0010452845599502325,
            0.007177798543125391,
            0.0
          ],
          [
            0.0034022859763354063,
            0.941543459892273,
            -0.3368743062019348,
            0.0
          ],
          [
            -0.006406079977750778,
            0.3368898630142212,
            0.9415223002433777,
            0.0
          ],
          [
            0.0,
            0.0,
            0.0,
            1.0
          ]
        ],
        "rotation_mode": "QUATERNION"
      },
      "armature_space": {
        "head": {
          "x": 0.6162801384925842,
          "y": -0.417703777551651,
          "z": 0.5416361689567566
        },
        "tail": {
          "x": 0.6116052865982056,
          "y": -0.4229432940483093,
          "z": 0.571260392665863
        }
      },
      "world_space": {
        "head": {
          "x": 0.6162801384925842,
          "y": -0.3544597625732422,
          "z": 1.491490125656128
        },
        "tail": {
          "x": 0.6116052865982056,
          "y": -0.3596993088722229,
          "z": 1.5211143493652344
        },
        "rotation_quaternion": {
          "w": 0.3084567189216614,
          "x": 0.46725425124168396,
          "y": -0.5646284818649292,
          "z": -0.6064013838768005
        },
        "matrix": [
          [
            -0.3730538487434387,
            -0.15355195105075836,
            -0.9150153398513794,
            0.6162801384925842
          ],
          [
            -0.9017481207847595,
            -0.17209860682487488,
            0.3965252637863159,
            -0.3544597625732422
          ],
          [
            -0.218362495303154,
            0.9730452299118042,
            -0.07426321506500244,
            1.491490125656128
          ],
          [
            0.0,
            0.0,
            0.0,
            1.0
          ]
        ]
      },
      "bone_length_armature_space": 0.03044505556067877,
      "parent": "thumb_02_l",
      "has_children": false,
      "is_end_bone": true
    },
    "metacarpal_index_l": {
      "name": "metacarpal_index_l",
      "local": {
        "location": {
          "x": 0.0,
          "y": 0.0,
          "z": 0.0
        },
        "rotation_quaternion": {
          "w": 0.9994301199913025,
          "x": -0.030921801924705505,
          "y": -0.013300560414791107,
          "z": -0.002563687739893794
        },
        "scale": {
          "x": 1.0,
          "y": 1.0,
          "z": 1.0
        },
        "matrix_basis": [
          [
            0.9996330738067627,
            0.005947008263319731,
            -0.026427414268255234,
            0.0
          ],
          [
            -0.004301899112761021,
            0.9980745315551758,
            0.061876557767391205,
            0.0
          ],
          [
            0.026744509115815163,
            -0.06174016371369362,
            0.9977338910102844,
            0.0
          ],
          [
            0.0,
            0.0,
            0.0,
            1.0
          ]
        ],
        "rotation_mode": "QUATERNION"
      },
      "armature_space": {
        "head": {
          "x": 0.5781828165054321,
          "y": -0.3413703739643097,
          "z": 0.5556525588035583
        },
        "tail": {
          "x": 0.622849702835083,
          "y": -0.4487232267856598,
          "z": 0.541179895401001
        }
      },
      "world_space": {
        "head": {
          "x": 0.5781828165054321,
          "y": -0.2781263589859009,
          "z": 1.5055065155029297
        },
        "tail": {
          "x": 0.622849702835083,
          "y": -0.385479211807251,
          "z": 1.491033911705017
        },
        "rotation_quaternion": {
          "w": 0.06654677540063858,
          "x": -0.9786713123321533,
          "y": -0.1935746818780899,
          "z": -0.017408503219485283
        },
        "matrix": [
          [
            0.9244516491889954,
            0.3812088072299957,
            0.008310633711516857,
            0.5781828165054321
          ],
          [
            0.3765751123428345,
            -0.9162008762359619,
            0.13699400424957275,
            -0.2781263589859009
          ],
          [
            0.059838227927684784,
            -0.12351661920547485,
            -0.9905440807342529,
            1.5055065155029297
          ],
          [
            0.0,
            0.0,
            0.0,
            1.0
          ]
        ]
      },
      "bone_length_armature_space": 0.11717177145181094,
      "parent": "lowerarm_l",
      "has_children": true,
      "is_end_bone": false
    },
    "index_01_l": {
      "name": "index_01_l",
      "local": {
        "location": {
          "x": 0.0,
          "y": 0.0,
          "z": 0.0
        },
        "rotation_quaternion": {
          "w": 0.9710111618041992,
          "x": 0.2383592575788498,
          "y": 0.01682668924331665,
          "z": 0.006251529790461063
        },
        "scale": {
          "x": 1.0,
          "y": 1.0,
          "z": 1.0
        },
        "matrix_basis": [
          [
            0.9993555545806885,
            -0.004119016230106354,
            0.03565802797675133,
            0.0
          ],
          [
            0.020162204280495644,
            0.8862915635108948,
            -0.4626886248588562,
            0.0
          ],
          [
            -0.029697585850954056,
            0.4631093740463257,
            0.8858034610748291,
            0.0
          ],
          [
            0.0,
            0.0,
            0.0,
            1.0
          ]
        ],
        "rotation_mode": "QUATERNION"
      },
      "armature_space": {
        "head": {
          "x": 0.622849702835083,
          "y": -0.4487232267856598,
          "z": 0.541179895401001
        },
        "tail": {
          "x": 0.6411323547363281,
          "y": -0.46690329909324646,
          "z": 0.5290020704269409
        }
      },
      "world_space": {
        "head": {
          "x": 0.622849702835083,
          "y": -0.385479211807251,
          "z": 1.491033911705017
        },
        "tail": {
          "x": 0.6411323547363281,
          "y": -0.40365928411483765,
          "z": 1.478856086730957
        },
        "rotation_quaternion": {
          "w": 0.23051075637340546,
          "x": -0.9047622680664062,
          "y": -0.3578778803348541,
          "z": 0.013914288021624088
        },
        "matrix": [
          [
            0.7434592247009277,
            0.6411741375923157,
            -0.1901688575744629,
            0.622849702835083
          ],
          [
            0.6540043950080872,
            -0.6375762224197388,
            0.40715453028678894,
            -0.385479211807251
          ],
          [
            0.13981139659881592,
            -0.4270778298377991,
            -0.8933486938476562,
            1.491033911705017
          ],
          [
            0.0,
            0.0,
            0.0,
            1.0
          ]
        ]
      },
      "bone_length_armature_space": 0.028514379286745897,
      "parent": "metacarpal_index_l",
      "has_children": true,
      "is_end_bone": false
    },
    "index_02_l": {
      "name": "index_02_l",
      "local": {
        "location": {
          "x": 0.0,
          "y": 0.0,
          "z": 0.0
        },
        "rotation_quaternion": {
          "w": 0.9042537808418274,
          "x": 0.4268953502178192,
          "y": -0.005934488959610462,
          "z": -0.007083582226186991
        },
        "scale": {
          "x": 1.0,
          "y": 1.0,
          "z": 1.0
        },
        "matrix_basis": [
          [
            0.9998292326927185,
            0.007743900641798973,
            -0.016780463978648186,
            0.0
          ],
          [
            -0.017877522855997086,
            0.6354203820228577,
            -0.7719593644142151,
            0.0
          ],
          [
            0.004684671759605408,
            0.7721275687217712,
            0.6354503035545349,
            0.0
          ],
          [
            0.0,
            0.0,
            0.0,
            1.0
          ]
        ],
        "rotation_mode": "QUATERNION"
      },
      "armature_space": {
        "head": {
          "x": 0.6411324143409729,
          "y": -0.46690359711647034,
          "z": 0.5290015339851379
        },
        "tail": {
          "x": 0.6479501128196716,
          "y": -0.47030365467071533,
          "z": 0.504505455493927
        }
      },
      "world_space": {
        "head": {
          "x": 0.6411324143409729,
          "y": -0.4036595821380615,
          "z": 1.4788556098937988
        },
        "tail": {
          "x": 0.6479501128196716,
          "y": -0.4070596694946289,
          "z": 1.454359531402588
        },
        "rotation_quaternion": {
          "w": 0.5665042996406555,
          "x": -0.7264944911003113,
          "y": -0.33586186170578003,
          "z": 0.19615156948566437
        },
        "matrix": [
          [
            0.6974416375160217,
            0.2657623291015625,
            -0.6655414700508118,
            0.6411324143409729
          ],
          [
            0.710246205329895,
            -0.13253909349441528,
            0.6913636326789856,
            -0.4036595821380615
          ],
          [
            0.0955294519662857,
            -0.9548912644386292,
            -0.28119638562202454,
            1.4788556098937988
          ],
          [
            0.0,
            0.0,
            0.0,
            1.0
          ]
        ]
      },
      "bone_length_armature_space": 0.025653445956964886,
      "parent": "index_01_l",
      "has_children": true,
      "is_end_bone": false
    },
    "index_03_l": {
      "name": "index_03_l",
      "local": {
        "location": {
          "x": 0.0,
          "y": 0.0,
          "z": 0.0
        },
        "rotation_quaternion": {
          "w": 0.9673678874969482,
          "x": 0.2532649338245392,
          "y": 0.005095369182527065,
          "z": -0.0055029685609042645
        },
        "scale": {
          "x": 1.0,
          "y": 1.0,
          "z": 1.0
        },
        "matrix_basis": [
          [
            0.9998875260353088,
            0.013227746821939945,
            0.007070775143802166,
            0.0
          ],
          [
            -0.00806583371013403,
            0.8716531991958618,
            -0.4900568127632141,
            0.0
          ],
          [
            -0.012645610608160496,
            0.4899446368217468,
            0.8716618418693542,
            0.0
          ],
          [
            0.0,
            0.0,
            0.0,
            1.0
          ]
        ],
        "rotation_mode": "QUATERNION"
      },
      "armature_space": {
        "head": {
          "x": 0.6479501724243164,
          "y": -0.4703037738800049,
          "z": 0.5045055150985718
        },
        "tail": {
          "x": 0.6459095478057861,
          "y": -0.45951172709465027,
          "z": 0.4774295389652252
        }
      },
      "world_space": {
        "head": {
          "x": 0.6479501724243164,
          "y": -0.40705978870391846,
          "z": 1.454359531402588
        },
        "tail": {
          "x": 0.6459095478057861,
          "y": -0.39626771211624146,
          "z": 1.427283525466919
        },
        "rotation_quaternion": {
          "w": 0.77618807554245,
          "x": -0.5106332898139954,
          "y": -0.28672197461128235,
          "z": 0.23361556231975555
        },
        "matrix": [
          [
            0.726428747177124,
            -0.0698404610157013,
            -0.6836836934089661,
            0.6479501724243164
          ],
          [
            0.6554788947105408,
            0.3693546652793884,
            0.6587294340133667,
            -0.40705978870391846
          ],
          [
            0.20651786029338837,
            -0.926666796207428,
            0.3140918016433716,
            1.454359531402588
          ],
          [
            0.0,
            0.0,
            0.0,
            1.0
          ]
        ]
      },
      "bone_length_armature_space": 0.029218845247399743,
      "parent": "index_02_l",
      "has_children": false,
      "is_end_bone": true
    },
    "metacarpal_pinky_l": {
      "name": "metacarpal_pinky_l",
      "local": {
        "location": {
          "x": 0.0,
          "y": 0.0,
          "z": 0.0
        },
        "rotation_quaternion": {
          "w": 0.999782919883728,
          "x": -0.02042892388999462,
          "y": -0.003630790626630187,
          "z": -0.0019386876374483109
        },
        "scale": {
          "x": 1.0,
          "y": 1.0,
          "z": 1.0
        },
        "matrix_basis": [
          [
            0.9999661445617676,
            0.00402488000690937,
            -0.007180794142186642,
            0.0
          ],
          [
            -0.0037281871773302555,
            0.9991577863693237,
            0.04086305573582649,
            0.0
          ],
          [
            0.007339215371757746,
            -0.04083489999175072,
            0.9991389513015747,
            0.0
          ],
          [
            0.0,
            0.0,
            0.0,
            1.0
          ]
        ],
        "rotation_mode": "QUATERNION"
      },
      "armature_space": {
        "head": {
          "x": 0.5781828165054321,
          "y": -0.3413703739643097,
          "z": 0.5556525588035583
        },
        "tail": {
          "x": 0.6557498574256897,
          "y": -0.4068778157234192,
          "z": 0.5787901878356934
        }
      },
      "world_space": {
        "head": {
          "x": 0.5781828165054321,
          "y": -0.2781263589859009,
          "z": 1.5055065155029297
        },
        "tail": {
          "x": 0.6557498574256897,
          "y": -0.34363383054733276,
          "z": 1.5286442041397095
        },
        "rotation_quaternion": {
          "w": 0.4193025231361389,
          "x": 0.44837334752082825,
          "y": 0.0981854572892189,
          "z": -0.7832664847373962
        },
        "matrix": [
          [
            -0.24629254639148712,
            0.7449001669883728,
            -0.6200512051582336,
            0.5781828165054321
          ],
          [
            -0.5688045620918274,
            -0.6290882229804993,
            -0.529820442199707,
            -0.2781263589859009
          ],
          [
            -0.7847363948822021,
            0.2221979796886444,
            0.5786460041999817,
            1.5055065155029297
          ],
          [
            0.0,
            0.0,
            0.0,
            1.0
          ]
        ]
      },
      "bone_length_armature_space": 0.10413078646937686,
      "parent": "lowerarm_l",
      "has_children": true,
      "is_end_bone": false
    },
    "pinky_01_l": {
      "name": "pinky_01_l",
      "local": {
        "location": {
          "x": 0.0,
          "y": 0.0,
          "z": 0.0
        },
        "rotation_quaternion": {
          "w": 0.9572370052337646,
          "x": 0.28865236043930054,
          "y": -0.013261143118143082,
          "z": -0.014190025627613068
        },
        "scale": {
          "x": 1.0,
          "y": 1.0,
          "z": 1.0
        },
        "matrix_basis": [
          [
            0.9992455840110779,
            0.01951071433722973,
            -0.03358008340001106,
            0.0
          ],
          [
            -0.03482215479016304,
            0.8329569101333618,
            -0.5522410869598389,
            0.0
          ],
          [
            0.01719614490866661,
            0.5529937744140625,
            0.8330079317092896,
            0.0
          ],
          [
            0.0,
            0.0,
            0.0,
            1.0
          ]
        ],
        "rotation_mode": "QUATERNION"
      },
      "armature_space": {
        "head": {
          "x": 0.6557498574256897,
          "y": -0.4068778157234192,
          "z": 0.5787901878356934
        },
        "tail": {
          "x": 0.6741688847541809,
