{
  "metadata": {
    "armature_name": "KIM_caucasian_male",
    "export_time": "2026-01-13T21:02:57.842691",
    "blender_version": "4.4.1",
    "bone_count": 56,
    "end_bone_count": 13,
    "spaces_included": [
      "LOCAL_CHANNELS",
      "ARMATURE_SPACE",
      "WORLD_SPACE"
    ],
    "note": "LOCAL matches Transform panel; replay pose via local.matrix_basis for best fidelity."
  },
  "bones": {
    "Root": {
      "name": "Root",
      "local": {
        "location": {
          "x": 0.0,
          "y": 0.0,
          "z": 0.0
        },
        "rotation_quaternion": {
          "w": 0.999602735042572,
          "x": -0.01950177736580372,
          "y": -0.015666943043470383,
          "z": 0.012984327971935272
        },
        "scale": {
          "x": 1.0,
          "y": 1.0,
          "z": 1.0
        },
        "matrix_basis": [
          [
            0.9991719126701355,
            -0.0253472737967968,
            -0.03182787448167801,
            0.0
          ],
          [
            0.02656940557062626,
            0.9989022016525269,
            0.03858121111989021,
            0.0
          ],
          [
            0.03081500343978405,
            -0.03939490765333176,
            0.9987484812736511,
            0.0
          ],
          [
            0.0,
            0.0,
            0.0,
            1.0
          ]
        ],
        "rotation_mode": "QUATERNION"
      },
      "armature_space": {
        "head": {
          "x": 0.0,
          "y": 0.07072800397872925,
          "z": -0.009595036506652832
        },
        "tail": {
          "x": -0.0018091837409883738,
          "y": 0.00045564770698547363,
          "z": 0.002775808796286583
        }
      },
      "world_space": {
        "head": {
          "x": 0.0,
          "y": 0.13397200405597687,
          "z": 0.9402589797973633
        },
        "tail": {
          "x": -0.0018091837409883738,
          "y": 0.0636996477842331,
          "z": 0.952629804611206
        },
        "rotation_quaternion": {
          "w": 0.08679836988449097,
          "x": 0.99601811170578,
          "y": -0.014010278508067131,
          "z": -0.014756622724235058
        },
        "matrix": [
          [
            0.9991719126701355,
            -0.0253472737967968,
            -0.03182787448167801,
            0.0
          ],
          [
            -0.03047069162130356,
            -0.9845394492149353,
            -0.17249247431755066,
            0.13397200405597687
          ],
          [
            -0.026963800191879272,
            0.1733197122812271,
            -0.9845035672187805,
            0.9402589797973633
          ],
          [
            0.0,
            0.0,
            0.0,
            1.0
          ]
        ]
      },
      "bone_length_armature_space": 0.0713758698308418,
      "parent": null,
      "has_children": true,
      "is_end_bone": false
    },
    "spine_01": {
      "name": "spine_01",
      "local": {
        "location": {
          "x": 0.0,
          "y": 0.0,
          "z": 0.0
        },
        "rotation_quaternion": {
          "w": 0.996514081954956,
          "x": -0.020873846486210823,
          "y": 0.03450603410601616,
          "z": 0.07303032279014587
        },
        "scale": {
          "x": 1.0,
          "y": 1.0,
          "z": 1.0
        },
        "matrix_basis": [
          [
            0.9869518280029297,
            -0.1469920426607132,
            0.06572265177965164,
            0.0
          ],
          [
            0.14411094784736633,
            0.9884617328643799,
            0.046642135828733444,
            0.0
          ],
          [
            -0.07182034850120544,
            -0.03656218945980072,
            0.9967472553253174,
            0.0
          ],
          [
            0.0,
            0.0,
            0.0,
            1.0
          ]
        ],
        "rotation_mode": "QUATERNION"
      },
      "armature_space": {
        "head": {
          "x": -0.0018091837409883738,
          "y": 0.00045564770698547363,
          "z": 0.002775808796286583
        },
        "tail": {
          "x": -0.058763887733221054,
          "y": 0.061515722423791885,
          "z": 0.48358386754989624
        }
      },
      "world_space": {
        "head": {
          "x": -0.0018091837409883738,
          "y": 0.0636996477842331,
          "z": 0.952629804611206
        },
        "tail": {
          "x": -0.058763887733221054,
          "y": 0.1247597187757492,
          "z": 1.4334378242492676
        },
        "rotation_quaternion": {
          "w": 0.749660074710846,
          "x": 0.6589447259902954,
          "y": -0.023893510922789574,
          "z": 0.05683985352516174
        },
        "matrix": [
          [
            0.9923965930938721,
            -0.11671016365289688,
            0.03908535838127136,
            -0.0018091837409883738
          ],
          [
            0.053732939064502716,
            0.1251227855682373,
            -0.990685224533081,
            0.0636996477842331
          ],
          [
            0.11073340475559235,
            0.9852598905563354,
            0.1304425746202469,
            0.952629804611206
          ],
          [
            0.0,
            0.0,
            0.0,
            1.0
          ]
        ]
      },
      "bone_length_armature_space": 0.4880046592770991,
      "parent": "Root",
      "has_children": true,
      "is_end_bone": false
    },
    "neck_01": {
      "name": "neck_01",
      "local": {
        "location": {
          "x": 0.0,
          "y": 0.0,
          "z": 0.0
        },
        "rotation_quaternion": {
          "w": 0.9891484975814819,
          "x": -0.11660400778055191,
          "y": 0.04672638699412346,
          "z": -0.07619372755289078
        },
        "scale": {
          "x": 1.0,
          "y": 1.0,
          "z": 1.0
        },
        "matrix_basis": [
          [
            0.984022319316864,
            0.139836847782135,
            0.11020766198635101,
            0.0
          ],
          [
            -0.1616307944059372,
            0.9611960649490356,
            0.22355684638023376,
            0.0
          ],
          [
            -0.07466968148946762,
            -0.23779787123203278,
            0.9684402942657471,
            0.0
          ],
          [
            0.0,
            0.0,
            0.0,
            1.0
          ]
        ],
        "rotation_mode": "QUATERNION"
      },
      "armature_space": {
        "head": {
          "x": -0.06595373153686523,
          "y": 0.03631962090730667,
          "z": 0.5602468252182007
        },
        "tail": {
          "x": -0.06282017379999161,
          "y": 0.034886132925748825,
          "z": 0.662710964679718
        }
      },
      "world_space": {
        "head": {
          "x": -0.06595373153686523,
          "y": 0.09956362098455429,
          "z": 1.5101008415222168
        },
        "tail": {
          "x": -0.06282017379999161,
          "y": 0.09813013672828674,
          "z": 1.612565040588379
        },
        "rotation_quaternion": {
          "w": 0.6987532377243042,
          "x": 0.7103990316390991,
          "y": 0.06893803179264069,
          "z": 0.048215944319963455
        },
        "matrix": [
          [
            0.9858455061912537,
            0.030564919114112854,
            0.16484662890434265,
            -0.06595373153686523
          ],
          [
            0.16532929241657257,
            -0.013982340693473816,
            -0.9861395359039307,
            0.09956362098455429
          ],
          [
            -0.02783636376261711,
            0.9994420409202576,
            -0.018838807940483093,
            1.5101008415222168
          ],
          [
            0.0,
            0.0,
            0.0,
            1.0
          ]
        ]
      },
      "bone_length_armature_space": 0.1025220661041631,
      "parent": "spine_01",
      "has_children": true,
      "is_end_bone": false
    },
    "head": {
      "name": "head",
      "local": {
        "location": {
          "x": 0.0,
          "y": 0.0,
          "z": 0.0
        },
        "rotation_quaternion": {
          "w": 0.9540131092071533,
          "x": -0.1777045726776123,
          "y": 0.09710094332695007,
          "z": -0.22102369368076324
        },
        "scale": {
          "x": 1.0,
          "y": 1.0,
          "z": 1.0
        },
        "matrix_basis": [
          [
            0.883439838886261,
            0.3872084319591522,
            0.263824999332428,
            0.0
          ],
          [
            -0.456229567527771,
            0.8391392230987549,
            0.29614177346229553,
            0.0
          ],
          [
            -0.1067173033952713,
            -0.38198819756507874,
            0.9179849624633789,
            0.0
          ],
          [
            0.0,
            0.0,
            0.0,
            1.0
          ]
        ],
        "rotation_mode": "QUATERNION"
      },
      "armature_space": {
        "head": {
          "x": -0.06282015144824982,
          "y": 0.03488598018884659,
          "z": 0.6627109050750732
        },
        "tail": {
          "x": -0.017301153391599655,
          "y": 0.14414358139038086,
          "z": 0.7629303932189941
        }
      },
      "world_space": {
        "head": {
          "x": -0.06282015144824982,
          "y": 0.09812998026609421,
          "z": 1.6125649213790894
        },
        "tail": {
          "x": -0.017301153391599655,
          "y": 0.20738758146762848,
          "z": 1.7127844095230103
        },
        "rotation_quaternion": {
          "w": 0.8887792229652405,
          "x": 0.3799344599246979,
          "y": 0.24961969256401062,
          "z": -0.058407120406627655
        },
        "matrix": [
          [
            0.8685576915740967,
            0.2935001254081726,
            0.3993309736251831,
            -0.06282015144824982
          ],
          [
            0.08585505187511444,
            0.7044776678085327,
            -0.7045143246650696,
            0.09812998026609421
          ],
          [
            -0.48809814453125,
            0.6462011337280273,
            0.5866844654083252,
            1.6125649213790894
          ],
          [
            0.0,
            0.0,
            0.0,
            1.0
          ]
        ]
      },
      "bone_length_armature_space": 0.1550907756524345,
      "parent": "neck_01",
      "has_children": false,
      "is_end_bone": true
    },
    "upperarm_l": {
      "name": "upperarm_l",
      "local": {
        "location": {
          "x": 0.0,
          "y": 0.0,
          "z": 0.0
        },
        "rotation_quaternion": {
          "w": 0.9283244013786316,
          "x": 0.35577574372291565,
          "y": -0.10533510893583298,
          "z": -0.02328321523964405
        },
        "scale": {
          "x": 1.0,
          "y": 1.0,
          "z": 1.0
        },
        "matrix_basis": [
          [
            0.9767248034477234,
            -0.031722601503133774,
            -0.21213750541210175,
            0.0
          ],
          [
            -0.11818010360002518,
            0.7457630038261414,
            -0.6556455492973328,
            0.0
          ],
          [
            0.17900310456752777,
            0.66545569896698,
            0.7246562838554382,
            0.0
          ],
          [
            0.0,
            0.0,
            0.0,
            1.0
          ]
        ],
        "rotation_mode": "QUATERNION"
      },
      "armature_space": {
        "head": {
          "x": 0.09087424725294113,
          "y": 0.03281092271208763,
          "z": 0.5110558271408081
        },
        "tail": {
          "x": 0.3027215003967285,
          "y": -0.1250455230474472,
          "z": 0.5558858513832092
        }
      },
      "world_space": {
        "head": {
          "x": 0.09087424725294113,
          "y": 0.09605492651462555,
          "z": 1.4609098434448242
        },
        "tail": {
          "x": 0.3027215003967285,
          "y": -0.061801522970199585,
          "z": 1.5057399272918701
        },
        "rotation_quaternion": {
          "w": 0.39803844690322876,
          "x": 0.5792474150657654,
          "y": 0.21684770286083221,
          "z": -0.6775064468383789
        },
        "matrix": [
          [
            -0.012074880301952362,
            0.790565013885498,
            -0.6122590899467468,
            0.09087424725294113
          ],
          [
            -0.2881307601928711,
            -0.5890837907791138,
            -0.754957914352417,
            0.09605492651462555
          ],
          [
            -0.9575220346450806,
            0.1672952026128769,
            0.23490014672279358,
            1.4609098434448242
          ],
          [
            0.0,
            0.0,
            0.0,
            1.0
          ]
        ]
      },
      "bone_length_armature_space": 0.26796948264956066,
      "parent": "spine_01",
      "has_children": true,
      "is_end_bone": false
    },
    "lowerarm_l": {
      "name": "lowerarm_l",
      "local": {
        "location": {
          "x": 0.0,
          "y": 0.0,
          "z": 0.0
        },
        "rotation_quaternion": {
          "w": 0.9758023023605347,
          "x": 0.2161421924829483,
          "y": 0.03256765380501747,
          "z": -0.005631730891764164
        },
        "scale": {
          "x": 1.0,
          "y": 1.0,
          "z": 1.0
        },
        "matrix_basis": [
          [
            0.9978152513504028,
            0.025069400668144226,
            0.06112467497587204,
            0.0
          ],
          [
            0.0030875762458890676,
            0.9065016508102417,
            -0.42219093441963196,
            0.0
          ],
          [
            -0.06599368900060654,
            0.4214572608470917,
            0.9044438004493713,
            0.0
          ],
          [
            0.0,
            0.0,
            0.0,
            1.0
          ]
        ],
        "rotation_mode": "QUATERNION"
      },
      "armature_space": {
        "head": {
          "x": 0.3027215301990509,
          "y": -0.12504558265209198,
          "z": 0.5558859705924988
        },
        "tail": {
          "x": 0.3965969681739807,
          "y": -0.3565927743911743,
          "z": 0.6515036821365356
        }
      },
      "world_space": {
        "head": {
          "x": 0.3027215301990509,
          "y": -0.06180158257484436,
          "z": 1.5057399272918701
        },
        "tail": {
          "x": 0.3965969681739807,
          "y": -0.2933487892150879,
          "z": 1.6013576984405518
        },
        "rotation_quaternion": {
          "w": 0.2589857578277588,
          "x": 0.6545838713645935,
          "y": -0.012926370836794376,
          "z": -0.7101262807846069
        },
        "matrix": [
          [
            -0.008892558515071869,
            0.3509041666984558,
            -0.9363690614700317,
            0.3027215301990509
          ],
          [
            -0.38474875688552856,
            -0.865517795085907,
            -0.32069888710975647,
            -0.06180158257484436
          ],
          [
            -0.9229854345321655,
            0.357416570186615,
            0.14270740747451782,
            1.5057399272918701
          ],
          [
            0.0,
            0.0,
            0.0,
            1.0
          ]
        ]
      },
      "bone_length_armature_space": 0.2675246669106165,
      "parent": "upperarm_l",
      "has_children": true,
      "is_end_bone": false
    },
    "metacarpal_thumb_l": {
      "name": "metacarpal_thumb_l",
      "local": {
        "location": {
          "x": 0.0,
          "y": 0.0,
          "z": 0.0
        },
        "rotation_quaternion": {
          "w": 0.999192476272583,
          "x": -0.03798592463135719,
          "y": -0.011922210454940796,
          "z": -0.005416209809482098
        },
        "scale": {
          "x": 1.0,
          "y": 1.0,
          "z": 1.0
        },
        "matrix_basis": [
          [
            0.9996570348739624,
            0.011729424819350243,
            -0.023413686081767082,
            0.0
          ],
          [
            -0.009917919524013996,
            0.9970554709434509,
            0.07603964954614639,
            0.0
          ],
          [
            0.02423664554953575,
            -0.07578135281801224,
            0.9968298673629761,
            0.0
          ],
          [
            0.0,
            0.0,
            0.0,
            1.0
          ]
        ],
        "rotation_mode": "QUATERNION"
      },
      "armature_space": {
        "head": {
          "x": 0.3965969681739807,
          "y": -0.3565927743911743,
          "z": 0.6515036821365356
        },
        "tail": {
          "x": 0.38363775610923767,
          "y": -0.4024750292301178,
          "z": 0.6649373769760132
        }
      },
      "world_space": {
        "head": {
          "x": 0.3965969681739807,
          "y": -0.2933487892150879,
          "z": 1.6013576984405518
        },
        "tail": {
          "x": 0.38363775610923767,
          "y": -0.339231014251709,
          "z": 1.6147913932800293
        },
        "rotation_quaternion": {
          "w": 0.13591359555721283,
          "x": 0.9812596440315247,
          "y": -0.13559295237064362,
          "z": -0.01647966355085373
        },
        "matrix": [
          [
            0.9626858234405518,
            -0.26162418723106384,
            -0.06919963657855988,
            0.3965969681739807
          ],
          [
            -0.2705834209918976,
            -0.9262840747833252,
            -0.2622644305229187,
            -0.2933487892150879
          ],
          [
            0.004515858367085457,
            0.27120351791381836,
            -0.9625187516212463,
            1.6013576984405518
          ],
          [
            0.0,
            0.0,
            0.0,
            1.0
          ]
        ]
      },
      "bone_length_armature_space": 0.049533692257971544,
      "parent": "lowerarm_l",
      "has_children": true,
      "is_end_bone": false
    },
    "thumb_01_l": {
      "name": "thumb_01_l",
      "local": {
        "location": {
          "x": 0.0,
          "y": 0.0,
          "z": 0.0
        },
        "rotation_quaternion": {
          "w": 0.9989421367645264,
          "x": 0.041290219873189926,
          "y": 0.010416281409561634,
          "z": -0.017357518896460533
        },
        "scale": {
          "x": 1.0,
          "y": 1.0,
          "z": 1.0
        },
        "matrix_basis": [
          [
            0.9991804361343384,
            0.03553849458694458,
            0.01937713287770748,
            0.0
          ],
          [
            -0.03381813317537308,
            0.9959876537322998,
            -0.08285468071699142,
            0.0
          ],
          [
            -0.022243916988372803,
            0.08213148266077042,
            0.9963732361793518,
            0.0
          ],
          [
            0.0,
            0.0,
            0.0,
            1.0
          ]
        ],
        "rotation_mode": "QUATERNION"
      },
      "armature_space": {
        "head": {
          "x": 0.38363775610923767,
          "y": -0.4024750292301178,
          "z": 0.6649373769760132
        },
        "tail": {
          "x": 0.37450066208839417,
          "y": -0.4303416311740875,
          "z": 0.6476573944091797
        }
      },
      "world_space": {
        "head": {
          "x": 0.38363775610923767,
          "y": -0.339231014251709,
          "z": 1.6147913932800293
        },
        "tail": {
          "x": 0.37450066208839417,
          "y": -0.3670976161956787,
          "z": 1.5975114107131958
        },
        "rotation_quaternion": {
          "w": 0.0754668340086937,
          "x": -0.6428133845329285,
          "y": 0.29149118065834045,
          "z": -0.7043639421463013
        },
        "matrix": [
          [
            -0.16219276189804077,
            -0.26843374967575073,
            0.9495455026626587,
            0.38363775610923767
          ],
          [
            -0.4810601770877838,
            -0.8186766505241394,
            -0.3136078417301178,
            -0.339231014251709
          ],
          [
            0.8615591526031494,
            -0.5076579451560974,
            0.0036502666771411896,
            1.6147913932800293
          ],
          [
            0.0,
            0.0,
            0.0,
            1.0
          ]
        ]
      },
      "bone_length_armature_space": 0.03403868103940166,
      "parent": "metacarpal_thumb_l",
      "has_children": true,
      "is_end_bone": false
    },
    "thumb_02_l": {
      "name": "thumb_02_l",
      "local": {
        "location": {
          "x": 0.0,
          "y": 0.0,
          "z": 0.0
        },
        "rotation_quaternion": {
          "w": 0.9927303791046143,
          "x": 0.12026658654212952,
          "y": 0.0003825527965091169,
          "z": -0.0047275470569729805
        },
        "scale": {
          "x": 1.0,
          "y": 1.0,
          "z": 1.0
        },
        "matrix_basis": [
          [
            0.9999549984931946,
            0.009478376246988773,
            -0.00037758832331746817,
            0.0
          ],
          [
            -0.009294342249631882,
            0.9710271954536438,
            -0.2387882024049759,
            0.0
          ],
          [
            -0.001896675443276763,
            0.23878097534179688,
            0.9710716009140015,
            0.0
          ],
          [
            0.0,
            0.0,
            0.0,
            1.0
          ]
        ],
        "rotation_mode": "QUATERNION"
      },
      "armature_space": {
        "head": {
          "x": 0.3745006322860718,
          "y": -0.43034160137176514,
          "z": 0.6476573944091797
        },
        "tail": {
          "x": 0.39302968978881836,
          "y": -0.4609020948410034,
          "z": 0.6659852862358093
        }
      },
      "world_space": {
        "head": {
          "x": 0.3745006322860718,
          "y": -0.3670976161956787,
          "z": 1.5975114107131958
        },
        "tail": {
          "x": 0.39302968978881836,
          "y": -0.397658109664917,
          "z": 1.6158392429351807
        },
        "rotation_quaternion": {
          "w": 0.14464278519153595,
          "x": -0.3298985958099365,
          "y": -0.31406331062316895,
          "z": -0.878413200378418
        },
        "matrix": [
          [
            -0.7404909729957581,
            0.4613304138183594,
            0.4887198507785797,
            0.3745006322860718
          ],
          [
            -0.04689477011561394,
            -0.7608854174613953,
            0.6471896171569824,
            -0.3670976161956787
          ],
          [
            0.6704327464103699,
            0.4563220739364624,
            0.5850675702095032,
            1.5975114107131958
          ],
          [
            0.0,
            0.0,
            0.0,
            1.0
          ]
        ]
      },
      "bone_length_armature_space": 0.04016442923076039,
      "parent": "thumb_01_l",
      "has_children": true,
      "is_end_bone": false
    },
    "thumb_03_l": {
      "name": "thumb_03_l",
      "local": {
        "location": {
          "x": 0.0,
          "y": 0.0,
          "z": 0.0
        },
        "rotation_quaternion": {
          "w": 0.9989920854568481,
          "x": 0.044733770191669464,
          "y": -0.0015748246805742383,
          "z": 0.003375398460775614
        },
        "scale": {
          "x": 1.0,
          "y": 1.0,
          "z": 1.0
        },
        "matrix_basis": [
          [
            0.9999722242355347,
            -0.006884888280183077,
            -0.002844486152753234,
            0.0
          ],
          [
            0.006603097077459097,
            0.9959750175476074,
            -0.08938799798488617,
            0.0
          ],
          [
            0.0034484632778912783,
            0.08936673402786255,
            0.9959928393363953,
            0.0
          ],
          [
            0.0,
            0.0,
            0.0,
            1.0
          ]
        ],
        "rotation_mode": "QUATERNION"
      },
      "armature_space": {
        "head": {
          "x": 0.3930296003818512,
          "y": -0.4609020948410034,
          "z": 0.6659852266311646
        },
        "tail": {
          "x": 0.41426655650138855,
          "y": -0.47522804141044617,
          "z": 0.6824367642402649
        }
      },
      "world_space": {
        "head": {
          "x": 0.3930296003818512,
          "y": -0.397658109664917,
          "z": 1.6158392429351807
        },
        "tail": {
          "x": 0.41426655650138855,
          "y": -0.41198402643203735,
          "z": 1.6322908401489258
        },
        "rotation_quaternion": {
          "w": 0.340766042470932,
          "x": -0.16009216010570526,
          "y": -0.3854884207248688,
          "z": -0.8424059748649597
        },
        "matrix": [
          [
            -0.7164974808692932,
            0.6975544095039368,
            0.007000736892223358,
            0.3930296003818512
          ],
          [
            -0.4507007300853729,
            -0.4705534279346466,
            0.7585832476615906,
            -0.397658109664917
          ],
          [
            0.5324504971504211,
            0.5403710603713989,
            0.6515440344810486,
            1.6158392429351807
          ],
          [
            0.0,
            0.0,
            0.0,
            1.0
          ]
        ]
      },
      "bone_length_armature_space": 0.030444935887948044,
      "parent": "thumb_02_l",
      "has_children": false,
      "is_end_bone": true
    },
    "metacarpal_index_l": {
      "name": "metacarpal_index_l",
      "local": {
        "location": {
          "x": 0.0,
          "y": 0.0,
          "z": 0.0
        },
        "rotation_quaternion": {
          "w": 0.9997440576553345,
          "x": -0.0029234783723950386,
          "y": 0.01656995713710785,
          "z": -0.015126253478229046
        },
        "scale": {
          "x": 1.0,
          "y": 1.0,
          "z": 1.0
        },
        "matrix_basis": [
          [
            0.9989932775497437,
            0.03014788031578064,
            0.033219873905181885,
            0.0
          ],
          [
            -0.030341647565364838,
            0.9995253086090088,
            0.005344177596271038,
            0.0
          ],
          [
            -0.033042989671230316,
            -0.0063467430882155895,
            0.9994337558746338,
            0.0
          ],
          [
            0.0,
            0.0,
            0.0,
            1.0
          ]
        ],
        "rotation_mode": "QUATERNION"
      },
      "armature_space": {
        "head": {
          "x": 0.3965969681739807,
          "y": -0.3565927743911743,
          "z": 0.6515036821365356
        },
        "tail": {
          "x": 0.40544262528419495,
          "y": -0.467083603143692,
          "z": 0.6894873976707458
        }
      },
      "world_space": {
        "head": {
          "x": 0.3965969681739807,
          "y": -0.2933487892150879,
          "z": 1.6013576984405518
        },
        "tail": {
          "x": 0.40544262528419495,
          "y": -0.4038395881652832,
          "z": 1.6393413543701172
        },
        "rotation_quaternion": {
          "w": 0.16831658780574799,
          "x": 0.9392446875572205,
          "y": -0.013366623781621456,
          "z": -0.2988484501838684
        },
        "matrix": [
          [
            0.8210220336914062,
            0.07549300789833069,
            -0.5658829808235168,
            0.3965969681739807
          ],
          [
            -0.1257113665342331,
            -0.9429818987846375,
            -0.30819180607795715,
            -0.2933487892150879
          ],
          [
            -0.5568879246711731,
            0.3241715133190155,
            -0.76472407579422,
            1.6013576984405518
          ],
          [
            0.0,
            0.0,
            0.0,
            1.0
          ]
        ]
      },
      "bone_length_armature_space": 0.11717180405247209,
      "parent": "lowerarm_l",
      "has_children": true,
      "is_end_bone": false
    },
    "index_01_l": {
      "name": "index_01_l",
      "local": {
        "location": {
          "x": 0.0,
          "y": 0.0,
          "z": 0.0
        },
        "rotation_quaternion": {
          "w": 0.996493399143219,
          "x": -0.08173151314258575,
          "y": -0.01689048483967781,
          "z": -0.005967829376459122
        },
        "scale": {
          "x": 1.0,
          "y": 1.0,
          "z": 1.0
        },
        "matrix_basis": [
          [
            0.9993581771850586,
            0.014654775150120258,
            -0.0326869934797287,
            0.0
          ],
          [
            -0.00913283508270979,
            0.9865686893463135,
            0.16309142112731934,
            0.0
          ],
          [
            0.03463803231716156,
            -0.1626882255077362,
            0.9860693216323853,
            0.0
          ],
          [
            0.0,
            0.0,
            0.0,
            1.0
          ]
        ],
        "rotation_mode": "QUATERNION"
      },
      "armature_space": {
        "head": {
          "x": 0.40544262528419495,
          "y": -0.467083603143692,
          "z": 0.6894873976707458
        },
        "tail": {
          "x": 0.4201394319534302,
          "y": -0.4897336959838867,
          "z": 0.6986551284790039
        }
      },
      "world_space": {
        "head": {
          "x": 0.40544262528419495,
          "y": -0.4038395881652832,
          "z": 1.6393413543701172
        },
        "tail": {
          "x": 0.4201394319534302,
          "y": -0.4264897108078003,
          "z": 1.64850914478302
        },
        "rotation_quaternion": {
          "w": 0.2492475062608719,
          "x": 0.895286500453949,
          "y": 0.20175707340240479,
          "z": -0.3092440068721771
        },
        "matrix": [
          [
            0.7273245453834534,
            0.5154176950454712,
            -0.45314839482307434,
            0.40544262528419495
          ],
          [
            0.20710468292236328,
            -0.7943392395973206,
            -0.57108074426651,
            -0.4038395881652832
          ],
          [
            -0.6543031930923462,
            0.32151320576667786,
            -0.6844930052757263,
            1.6393413543701172
          ],
          [
            0.0,
            0.0,
            0.0,
            1.0
          ]
        ]
      },
      "bone_length_armature_space": 0.028514384772857733,
      "parent": "metacarpal_index_l",
      "has_children": true,
      "is_end_bone": false
    },
    "index_02_l": {
      "name": "index_02_l",
      "local": {
        "location": {
          "x": 0.0,
          "y": 0.0,
          "z": 0.0
        },
        "rotation_quaternion": {
          "w": 0.9769638776779175,
          "x": 0.21337613463401794,
          "y": -0.001709663076326251,
          "z": 0.0030487319454550743
        },
        "scale": {
          "x": 1.0,
          "y": 1.0,
          "z": 1.0
        },
        "matrix_basis": [
          [
            0.9999755620956421,
            -0.006686604581773281,
            -0.002039504935964942,
            0.0
          ],
          [
            0.0052273995243012905,
            0.9089226722717285,
            -0.41693198680877686,
            0.0
          ],
          [
            0.004641611594706774,
            0.41691112518310547,
            0.9089354276657104,
            0.0
          ],
          [
            0.0,
            0.0,
            0.0,
            1.0
          ]
        ],
        "rotation_mode": "QUATERNION"
      },
      "armature_space": {
        "head": {
          "x": 0.4201393127441406,
          "y": -0.4897342324256897,
          "z": 0.6986551880836487
        },
        "tail": {
          "x": 0.427783727645874,
          "y": -0.5142029523849487,
          "z": 0.6996212601661682
        }
      },
      "world_space": {
        "head": {
          "x": 0.4201393127441406,
          "y": -0.42649024724960327,
          "z": 1.6485092639923096
        },
        "tail": {
          "x": 0.427783727645874,
          "y": -0.4509589672088623,
          "z": 1.649475336074829
        },
        "rotation_quaternion": {
          "w": 0.07505644112825394,
          "x": 0.9138146042823792,
          "y": 0.13211186230182648,
          "z": -0.3766375482082367
        },
        "matrix": [
          [
            0.6813812255859375,
            0.29799017310142517,
            -0.6685218811035156,
            0.4201393127441406
          ],
          [
            0.18491345643997192,
            -0.953825831413269,
            -0.2366929054260254,
            -0.42649024724960327
          ],
          [
            -0.7081904411315918,
            0.037658631801605225,
            -0.705026388168335,
            1.6485092639923096
          ],
          [
            0.0,
            0.0,
            0.0,
            1.0
          ]
        ]
      },
      "bone_length_armature_space": 0.025653237846305466,
      "parent": "index_01_l",
      "has_children": true,
      "is_end_bone": false
    },
    "index_03_l": {
      "name": "index_03_l",
      "local": {
        "location": {
          "x": 0.0,
          "y": 0.0,
          "z": 0.0
        },
        "rotation_quaternion": {
          "w": 0.9674606919288635,
          "x": 0.2527763545513153,
          "y": 0.005111358594149351,
          "z": 0.009899932891130447
        },
        "scale": {
          "x": 1.0,
          "y": 1.0,
          "z": 1.0
        },
        "matrix_basis": [
          [
            0.9997517466545105,
            -0.01657153107225895,
            0.014895015396177769,
            0.0
          ],
          [
            0.021739652380347252,
            0.872012197971344,
            -0.48900115489959717,
            0.0
          ],
          [
            -0.0048851389437913895,
            0.4892035722732544,
            0.8721559643745422,
            0.0
          ],
          [
            0.0,
            0.0,
            0.0,
            1.0
          ]
        ],
        "rotation_mode": "QUATERNION"
      },
      "armature_space": {
        "head": {
          "x": 0.4277838170528412,
          "y": -0.5142029523849487,
          "z": 0.6996213793754578
        },
        "tail": {
          "x": 0.42581093311309814,
          "y": -0.5404479503631592,
          "z": 0.6869310736656189
        }
      },
      "world_space": {
        "head": {
          "x": 0.4277838170528412,
          "y": -0.4509589672088623,
          "z": 1.649475336074829
        },
        "tail": {
          "x": 0.42581093311309814,
          "y": -0.47720396518707275,
          "z": 1.6367850303649902
        },
        "rotation_quaternion": {
          "w": 0.21901696920394897,
          "x": -0.8987985253334045,
          "y": -0.054026857018470764,
          "z": 0.37586408853530884
        },
        "matrix": [
          [
            0.7116149663925171,
            -0.06752181053161621,
            -0.699317455291748,
            0.4277838170528412
          ],
          [
            0.26175954937934875,
            -0.8982260227203369,
            0.35308951139450073,
            -0.4509589672088623
          ],
          [
            -0.6519908308982849,
            -0.43432074785232544,
            -0.6215203404426575,
            1.649475336074829
          ],
          [
            0.0,
            0.0,
            0.0,
            1.0
          ]
        ]
      },
      "bone_length_armature_space": 0.029218762503961604,
      "parent": "index_02_l",
      "has_children": false,
      "is_end_bone": true
    },
    "metacarpal_pinky_l": {
      "name": "metacarpal_pinky_l",
      "local": {
        "location": {
          "x": 0.0,
          "y": 0.0,
          "z": 0.0
        },
        "rotation_quaternion": {
          "w": 0.9995384812355042,
          "x": -0.025157902389764786,
          "y": -0.013641897588968277,
          "z": 0.010193201713263988
        },
        "scale": {
          "x": 1.0,
          "y": 1.0,
          "z": 1.0
        },
        "matrix_basis": [
          [
            0.9994199872016907,
            -0.01969059184193611,
            -0.027784083038568497,
            0.0
          ],
          [
            0.02106339856982231,
            0.9985263347625732,
            0.050014473497867584,
            0.0
          ],
          [
            0.02675832435488701,
            -0.050570692867040634,
            0.9983619451522827,
            0.0
          ],
          [
            0.0,
            0.0,
            0.0,
            1.0
          ]
        ],
        "rotation_mode": "QUATERNION"
      },
      "armature_space": {
        "head": {
          "x": 0.3965969681739807,
          "y": -0.3565927743911743,
          "z": 0.6515036821365356
        },
        "tail": {
          "x": 0.4635285437107086,
          "y": -0.432218462228775,
          "z": 0.6768836379051208
        }
      },
      "world_space": {
        "head": {
          "x": 0.3965969681739807,
          "y": -0.2933487892150879,
          "z": 1.6013576984405518
        },
        "tail": {
          "x": 0.4635285437107086,
          "y": -0.3689744472503662,
          "z": 1.6267375946044922
        },
        "rotation_quaternion": {
          "w": 0.3505415618419647,
          "x": 0.03436025604605675,
          "y": -0.11828847974538803,
          "z": -0.9284114837646484
        },
        "matrix": [
          [
            -0.751879870891571,
            0.6427646279335022,
            -0.14673137664794922,
            0.3965969681739807
          ],
          [
            -0.6590226888656616,
            -0.7262568473815918,
            0.19555146992206573,
            -0.2933487892150879
          ],
          [
            0.019128557294607162,
            0.24373142421245575,
            0.9696614146232605,
            1.6013576984405518
          ],
          [
            0.0,
            0.0,
            0.0,
            1.0
          ]
        ]
      },
      "bone_length_armature_space": 0.10413079457467482,
      "parent": "lowerarm_l",
      "has_children": true,
      "is_end_bone": false
    },
    "pinky_01_l": {
      "name": "pinky_01_l",
      "local": {
        "location": {
          "x": 0.0,
          "y": 0.0,
          "z": 0.0
        },
        "rotation_quaternion": {
          "w": 0.9992012977600098,
          "x": 0.039170365780591965,
          "y": 0.003926640842109919,
          "z": -0.006853781640529633
        },
        "scale": {
          "x": 1.0,
          "y": 1.0,
          "z": 1.0
        },
        "matrix_basis": [
          [
            0.9998751878738403,
            0.014004230499267578,
            0.0073100789450109005,
            0.0
          ],
          [
            -0.013388998806476593,
            0.9968374371528625,
            -0.07833198457956314,
            0.0
          ],
          [
            -0.00838393997400999,
            0.07822433859109879,
            0.9969004988670349,
            0.0
          ],
          [
            0.0,
            0.0,
            0.0,
            1.0
          ]
        ],
        "rotation_mode": "QUATERNION"
      },
      "armature_space": {
        "head": {
          "x": 0.4635285437107086,
          "y": -0.432218462228775,
          "z": 0.6768836379051208
        },
        "tail": {
