{
  "metadata": {
    "armature_name": "KIM_caucasian_male",
    "export_time": "2026-01-13T21:03:01.219090",
    "blender_version": "4.4.1",
    "bone_count": 56,
    "end_bone_count": 13,
    "spaces_included": [
      "LOCAL_CHANNELS",
      "ARMATURE_SPACE",
      "WORLD_SPACE"
    ],
    "note": "LOCAL matches Transform panel; replay pose via local.matrix_basis for best fidelity."
  },
  "bones": {
    "Root": {
      "name": "Root",
      "local": {
        "location": {
          "x": 0.0,
          "y": 0.0,
          "z": 0.0
        },
        "rotation_quaternion": {
          "w": 0.9997018575668335,
          "x": 0.018440594896674156,
          "y": 0.011089849285781384,
          "z": -0.011543149128556252
        },
        "scale": {
          "x": 1.0,
          "y": 1.0,
          "z": 1.0
        },
        "matrix_basis": [
          [
            0.9994875192642212,
            0.023488422855734825,
            0.02174736000597477,
            0.0
          ],
          [
            -0.022670408710837364,
            0.999053418636322,
            -0.037126217037439346,
            0.0
          ],
          [
            -0.022598810493946075,
            0.03661417216062546,
            0.9990739226341248,
            0.0
          ],
          [
            0.0,
            0.0,
            0.0,
            1.0
          ]
        ],
        "rotation_mode": "QUATERNION"
      },
      "armature_space": {
        "head": {
          "x": 0.0,
          "y": 0.07072800397872925,
          "z": -0.009595036506652832
        },
        "tail": {
          "x": 0.001676506595686078,
          "y": -0.0002843588590621948,
          "z": -0.0025987490080296993
        }
      },
      "world_space": {
        "head": {
          "x": 0.0,
          "y": 0.13397200405597687,
          "z": 0.9402589797973633
        },
        "tail": {
          "x": 0.001676506595686078,
          "y": 0.06295964121818542,
          "z": 0.9472552537918091
        },
        "rotation_quaternion": {
          "w": 0.04894886165857315,
          "x": 0.9986730217933655,
          "y": 0.012264026328921318,
          "z": 0.010287019424140453
        },
        "matrix": [
          [
            0.9994875192642212,
            0.023488422855734825,
            0.02174736000597477,
            0.0
          ],
          [
            0.025502584874629974,
            -0.9949072003364563,
            -0.09751597046852112,
            0.13397200405597687
          ],
          [
            0.019346266984939575,
            0.09802034497261047,
            -0.9950034022331238,
            0.9402589797973633
          ],
          [
            0.0,
            0.0,
            0.0,
            1.0
          ]
        ]
      },
      "bone_length_armature_space": 0.07137586582497252,
      "parent": null,
      "has_children": true,
      "is_end_bone": false
    },
    "spine_01": {
      "name": "spine_01",
      "local": {
        "location": {
          "x": 0.0,
          "y": 0.0,
          "z": 0.0
        },
        "rotation_quaternion": {
          "w": 0.9943687319755554,
          "x": 0.09348427504301071,
          "y": 0.007830781862139702,
          "z": 0.04929880052804947
        },
        "scale": {
          "x": 1.0,
          "y": 1.0,
          "z": 1.0
        },
        "matrix_basis": [
          [
            0.9950166344642639,
            -0.09657826274633408,
            0.024790694937109947,
            0.0
          ],
          [
            0.09950648248195648,
            0.9776606559753418,
            -0.1851435899734497,
            0.0
          ],
          [
            -0.006356044206768274,
            0.18668778240680695,
            0.9823987483978271,
            0.0
          ],
          [
            0.0,
            0.0,
            0.0,
            1.0
          ]
        ],
        "rotation_mode": "QUATERNION"
      },
      "armature_space": {
        "head": {
          "x": 0.001676506595686078,
          "y": -0.0002843588590621948,
          "z": -0.0025987490080296993
        },
        "tail": {
          "x": -0.05247339606285095,
          "y": -0.08796805143356323,
          "z": 0.4743998944759369
        }
      },
      "world_space": {
        "head": {
          "x": 0.001676506595686078,
          "y": 0.06295964121818542,
          "z": 0.9472552537918091
        },
        "tail": {
          "x": -0.05247339606285095,
          "y": -0.024724051356315613,
          "z": 1.4242539405822754
        },
        "rotation_quaternion": {
          "w": 0.6399278044700623,
          "x": 0.7659571766853333,
          "y": -0.025548351928591728,
          "z": 0.056119393557310104
        },
        "matrix": [
          [
            0.99239581823349,
            -0.1109626367688179,
            0.05327117070555687,
            0.001676506595686078
          ],
          [
            0.03268613666296005,
            -0.1796792447566986,
            -0.9831821322441101,
            0.06295964121818542
          ],
          [
            0.1186690628528595,
            0.9774538278579712,
            -0.17468813061714172,
            0.9472552537918091
          ],
          [
            0.0,
            0.0,
            0.0,
            1.0
          ]
        ]
      },
      "bone_length_armature_space": 0.48800447225095483,
      "parent": "Root",
      "has_children": true,
      "is_end_bone": false
    },
    "neck_01": {
      "name": "neck_01",
      "local": {
        "location": {
          "x": 0.0,
          "y": 0.0,
          "z": 0.0
        },
        "rotation_quaternion": {
          "w": 0.986329972743988,
          "x": -0.14160415530204773,
          "y": 0.029673833400011063,
          "z": -0.07887419313192368
        },
        "scale": {
          "x": 1.0,
          "y": 1.0,
          "z": 1.0
        },
        "matrix_basis": [
          [
            0.9857966303825378,
            0.14718808233737946,
            0.08087421208620071,
            0.0
          ],
          [
            -0.16399583220481873,
            0.9474542737007141,
            0.27465584874153137,
            0.0
          ],
          [
            -0.036198556423187256,
            -0.2840178310871124,
            0.9581354260444641,
            0.0
          ],
          [
            0.0,
            0.0,
            0.0,
            1.0
          ]
        ],
        "rotation_mode": "QUATERNION"
      },
      "armature_space": {
        "head": {
          "x": -0.05875043943524361,
          "y": -0.13522107899188995,
          "z": 0.539909303188324
        },
        "tail": {
          "x": -0.05438923090696335,
          "y": -0.16267941892147064,
          "z": 0.6385895013809204
        }
      },
      "world_space": {
        "head": {
          "x": -0.05875043943524361,
          "y": -0.07197707891464233,
          "z": 1.4897632598876953
        },
        "tail": {
          "x": -0.05438923090696335,
          "y": -0.09943541884422302,
          "z": 1.5884435176849365
        },
        "rotation_quaternion": {
          "w": 0.6020199656486511,
          "x": 0.7949425578117371,
          "y": 0.06046973168849945,
          "z": 0.044517189264297485
        },
        "matrix": [
          [
            0.9887231588363647,
            0.042539533227682114,
            0.14358529448509216,
            -0.05875043943524361
          ],
          [
            0.1497405618429184,
            -0.26783043146133423,
            -0.951758861541748,
            -0.07197707891464233
          ],
          [
            -0.002030741423368454,
            0.9625331163406372,
            -0.27118292450904846,
            1.4897632598876953
          ],
          [
            0.0,
            0.0,
            0.0,
            1.0
          ]
        ]
      },
      "bone_length_armature_space": 0.10252200663155901,
      "parent": "spine_01",
      "has_children": true,
      "is_end_bone": false
    },
    "head": {
      "name": "head",
      "local": {
        "location": {
          "x": 0.0,
          "y": 0.0,
          "z": 0.0
        },
        "rotation_quaternion": {
          "w": 0.9602189064025879,
          "x": -0.15343816578388214,
          "y": -0.08615824580192566,
          "z": 0.21682529151439667
        },
        "scale": {
          "x": 1.0,
          "y": 1.0,
          "z": 1.0
        },
        "matrix_basis": [
          [
            0.8911271095275879,
            -0.38995957374572754,
            -0.23200009763240814,
            0.0
          ],
          [
            0.4428394138813019,
            0.8588870167732239,
            0.25730589032173157,
            0.0
          ],
          [
            0.09892300516366959,
            -0.3320310413837433,
            0.9380669593811035,
            0.0
          ],
          [
            0.0,
            0.0,
            0.0,
            1.0
          ]
        ],
        "rotation_mode": "QUATERNION"
      },
      "armature_space": {
        "head": {
          "x": -0.05438920855522156,
          "y": -0.1626795381307602,
          "z": 0.6385893821716309
        },
        "tail": {
          "x": -0.12345875054597855,
          "y": -0.10830046236515045,
          "z": 0.7663608193397522
        }
      },
      "world_space": {
        "head": {
          "x": -0.05438920855522156,
          "y": -0.09943553805351257,
          "z": 1.588443398475647
        },
        "tail": {
          "x": -0.12345875054597855,
          "y": -0.04505646228790283,
          "z": 1.716214895248413
        },
        "rotation_quaternion": {
          "w": 0.8041285276412964,
          "x": 0.546349048614502,
          "y": -0.16938525438308716,
          "z": 0.1618296355009079
        },
        "matrix": [
          [
            0.8902397155761719,
            -0.4453507661819458,
            -0.09558229148387909,
            -0.05438920855522156
          ],
          [
            0.07517906278371811,
            0.35062864422798157,
            -0.9334923028945923,
            -0.09943553805351257
          ],
          [
            0.44924864172935486,
            0.8238523006439209,
            0.3456261157989502,
            1.588443398475647
          ],
          [
            0.0,
            0.0,
            0.0,
            1.0
          ]
        ]
      },
      "bone_length_armature_space": 0.15509102636164593,
      "parent": "neck_01",
      "has_children": false,
      "is_end_bone": true
    },
    "upperarm_l": {
      "name": "upperarm_l",
      "local": {
        "location": {
          "x": 0.0,
          "y": 0.0,
          "z": 0.0
        },
        "rotation_quaternion": {
          "w": 0.881359338760376,
          "x": 0.2407650351524353,
          "y": 0.3229822814464569,
          "z": 0.24682074785232544
        },
        "scale": {
          "x": 1.0,
          "y": 1.0,
          "z": 1.0
        },
        "matrix_basis": [
          [
            0.6695239543914795,
            -0.27954986691474915,
            0.688178539276123,
            0.0
          ],
          [
            0.5906012058258057,
            0.7622234225273132,
            -0.2649635672569275,
            0.0
          ],
          [
            -0.45047527551651,
            0.5838384628295898,
            0.6754292845726013,
            0.0
          ],
          [
            0.0,
            0.0,
            0.0,
            1.0
          ]
        ],
        "rotation_mode": "QUATERNION"
      },
      "armature_space": {
        "head": {
          "x": 0.09773637354373932,
          "y": -0.12137781083583832,
          "z": 0.4914601445198059
        },
        "tail": {
          "x": 0.30854034423828125,
          "y": -0.27396368980407715,
          "z": 0.5553889274597168
        }
      },
      "world_space": {
        "head": {
          "x": 0.09773637354373932,
          "y": -0.0581338107585907,
          "z": 1.4413142204284668
        },
        "tail": {
          "x": 0.30854034423828125,
          "y": -0.21071968972682953,
          "z": 1.505242943763733
        },
        "rotation_quaternion": {
          "w": 0.22476349771022797,
          "x": 0.8661463856697083,
          "y": 0.4059227406978607,
          "z": -0.18573828041553497
        },
        "matrix": [
          [
            0.601455807685852,
            0.7866716980934143,
            -0.13927844166755676,
            0.09773637354373932
          ],
          [
            0.619683027267456,
            -0.569415271282196,
            -0.5401475429534912,
            -0.0581338107585907
          ],
          [
            -0.5042290687561035,
            0.2385675460100174,
            -0.8299716711044312,
            1.4413142204284668
          ],
          [
            0.0,
            0.0,
            0.0,
            1.0
          ]
        ]
      },
      "bone_length_armature_space": 0.26796949959252503,
      "parent": "spine_01",
      "has_children": true,
      "is_end_bone": false
    },
    "lowerarm_l": {
      "name": "lowerarm_l",
      "local": {
        "location": {
          "x": 0.0,
          "y": 0.0,
          "z": 0.0
        },
        "rotation_quaternion": {
          "w": 0.9524527788162231,
          "x": 0.17631998658180237,
          "y": 0.13454538583755493,
          "z": -0.20890812575817108
        },
        "scale": {
          "x": 1.0,
          "y": 1.0,
          "z": 1.0
        },
        "matrix_basis": [
          [
            0.8765098452568054,
            0.4453963339328766,
            0.1826269030570984,
            0.0
          ],
          [
            -0.35050415992736816,
            0.8505373001098633,
            -0.3920881748199463,
            0.0
          ],
          [
            -0.32996562123298645,
            0.27965766191482544,
            0.9016175866127014,
            0.0
          ],
          [
            0.0,
            0.0,
            0.0,
            1.0
          ]
        ],
        "rotation_mode": "QUATERNION"
      },
      "armature_space": {
        "head": {
          "x": 0.30854031443595886,
          "y": -0.2739638686180115,
          "z": 0.5553889870643616
        },
        "tail": {
          "x": 0.5223006010055542,
          "y": -0.4072561264038086,
          "z": 0.46533796191215515
        }
      },
      "world_space": {
        "head": {
          "x": 0.30854031443595886,
          "y": -0.21071986854076385,
          "z": 1.5052430629730225
        },
        "tail": {
          "x": 0.5223006010055542,
          "y": -0.34401214122772217,
          "z": 1.4151920080184937
        },
        "rotation_quaternion": {
          "w": 0.060246702283620834,
          "x": -0.8322563767433167,
          "y": -0.4972408711910248,
          "z": 0.23763664066791534
        },
        "matrix": [
          [
            0.39255958795547485,
            0.7990307211875916,
            -0.4554629921913147,
            0.30854031443595886
          ],
          [
            0.8562973737716675,
            -0.49824321269989014,
            -0.13604623079299927,
            -0.21071986854076385
          ],
          [
            -0.33563798666000366,
            -0.33660849928855896,
            -0.8798046708106995,
            1.5052430629730225
          ],
          [
            0.0,
            0.0,
            0.0,
            1.0
          ]
        ]
      },
      "bone_length_armature_space": 0.2675247156482339,
      "parent": "upperarm_l",
      "has_children": true,
      "is_end_bone": false
    },
    "metacarpal_thumb_l": {
      "name": "metacarpal_thumb_l",
      "local": {
        "location": {
          "x": 0.0,
          "y": 0.0,
          "z": 0.0
        },
        "rotation_quaternion": {
          "w": 0.9992724657058716,
          "x": -0.03311606124043465,
          "y": 0.011605205945670605,
          "z": 0.014938194304704666
        },
        "scale": {
          "x": 1.0,
          "y": 1.0,
          "z": 1.0
        },
        "matrix_basis": [
          [
            0.9992843270301819,
            -0.030623290687799454,
            0.022204136475920677,
            0.0
          ],
          [
            0.02908601425588131,
            0.997360348701477,
            0.06653065979480743,
            0.0
          ],
          [
            -0.024182913824915886,
            -0.06583721190690994,
            0.9975373148918152,
            0.0
          ],
          [
            0.0,
            0.0,
            0.0,
            1.0
          ]
        ],
        "rotation_mode": "QUATERNION"
      },
      "armature_space": {
        "head": {
          "x": 0.5223006010055542,
          "y": -0.4072561264038086,
          "z": 0.46533796191215515
        },
        "tail": {
          "x": 0.5415632724761963,
          "y": -0.4257683753967285,
          "z": 0.4236263632774353
        }
      },
      "world_space": {
        "head": {
          "x": 0.5223006010055542,
          "y": -0.34401214122772217,
          "z": 1.4151920080184937
        },
        "tail": {
          "x": 0.5415632724761963,
          "y": -0.3625243902206421,
          "z": 1.3734803199768066
        },
        "rotation_quaternion": {
          "w": 0.554675817489624,
          "x": -0.7917385697364807,
          "y": -0.07395895570516586,
          "z": -0.24497918784618378
        },
        "matrix": [
          [
            0.8690309524536133,
            0.38888004422187805,
            0.305870920419693,
            0.5223006010055542
          ],
          [
            -0.1546534299850464,
            -0.3737308382987976,
            0.9145532250404358,
            -0.34401214122772217
          ],
          [
            0.4699682891368866,
            -0.8420854806900024,
            -0.2646430730819702,
            1.4151920080184937
          ],
          [
            0.0,
            0.0,
            0.0,
            1.0
          ]
        ]
      },
      "bone_length_armature_space": 0.0495339416749716,
      "parent": "lowerarm_l",
      "has_children": true,
      "is_end_bone": false
    },
    "thumb_01_l": {
      "name": "thumb_01_l",
      "local": {
        "location": {
          "x": 0.0,
          "y": 0.0,
          "z": 0.0
        },
        "rotation_quaternion": {
          "w": 0.9993674755096436,
          "x": -0.03224789723753929,
          "y": 0.00034776251413859427,
          "z": 0.014992914162576199
        },
        "scale": {
          "x": 1.0,
          "y": 1.0,
          "z": 1.0
        },
        "matrix_basis": [
          [
            0.9995501637458801,
            -0.029989290982484818,
            -0.0002718948235269636,
            0.0
          ],
          [
            0.02994443289935589,
            0.9974705576896667,
            0.06446542590856552,
            0.0
          ],
          [
            -0.0016620650421828032,
            -0.06444457173347473,
            0.9979199171066284,
            0.0
          ],
          [
            0.0,
            0.0,
            0.0,
            1.0
          ]
        ],
        "rotation_mode": "QUATERNION"
      },
      "armature_space": {
        "head": {
          "x": 0.5415632724761963,
          "y": -0.4257683753967285,
          "z": 0.4236263632774353
        },
        "tail": {
          "x": 0.552298903465271,
          "y": -0.40935519337654114,
          "z": 0.3958057165145874
        }
      },
      "world_space": {
        "head": {
          "x": 0.5415632724761963,
          "y": -0.3625243902206421,
          "z": 1.3734803199768066
        },
        "tail": {
          "x": 0.552298903465271,
          "y": -0.3461111783981323,
          "z": 1.3456597328186035
        },
        "rotation_quaternion": {
          "w": 0.6883441209793091,
          "x": -0.26956233382225037,
          "y": 0.5169913172721863,
          "z": -0.43155378103256226
        },
        "matrix": [
          [
            0.09296239167451859,
            0.31539514660835266,
            0.944395899772644,
            0.5415632724761963
          ],
          [
            -0.8728383183479309,
            0.4821936786174774,
            -0.0751170963048935,
            -0.3625243902206421
          ],
          [
            -0.4790775179862976,
            -0.8173272609710693,
            0.32011717557907104,
            1.3734803199768066
          ],
          [
            0.0,
            0.0,
            0.0,
            1.0
          ]
        ]
      },
      "bone_length_armature_space": 0.03403872325610024,
      "parent": "metacarpal_thumb_l",
      "has_children": true,
      "is_end_bone": false
    },
    "thumb_02_l": {
      "name": "thumb_02_l",
      "local": {
        "location": {
          "x": 0.0,
          "y": 0.0,
          "z": 0.0
        },
        "rotation_quaternion": {
          "w": 0.9937734603881836,
          "x": 0.11071538180112839,
          "y": -0.008509756997227669,
          "z": -0.009166914969682693
        },
        "scale": {
          "x": 1.0,
          "y": 1.0,
          "z": 1.0
        },
        "matrix_basis": [
          [
            0.9996870756149292,
            0.016335351392626762,
            -0.01894337870180607,
            0.0
          ],
          [
            -0.020103994756937027,
            0.9753161668777466,
            -0.21989600360393524,
            0.0
          ],
          [
            0.014883704483509064,
            0.2202080339193344,
            0.9753393530845642,
            0.0
          ],
          [
            0.0,
            0.0,
            0.0,
            1.0
          ]
        ],
        "rotation_mode": "QUATERNION"
      },
      "armature_space": {
        "head": {
          "x": 0.5522987842559814,
          "y": -0.40935516357421875,
          "z": 0.3958057165145874
        },
        "tail": {
          "x": 0.5838295221328735,
          "y": -0.42993733286857605,
          "z": 0.3818282186985016
        }
      },
      "world_space": {
        "head": {
          "x": 0.5522987842559814,
          "y": -0.3461111783981323,
          "z": 1.3456597328186035
        },
        "tail": {
          "x": 0.5838295221328735,
          "y": -0.36669331789016724,
          "z": 1.3316822052001953
        },
        "rotation_quaternion": {
          "w": 0.41341644525527954,
          "x": 0.13954651355743408,
          "y": 0.2699304521083832,
          "z": -0.858342170715332
        },
        "matrix": [
          [
            -0.6192268133163452,
            0.785041332244873,
            -0.016368120908737183,
            0.5522987842559814
          ],
          [
            -0.6343711018562317,
            -0.5124478936195374,
            -0.5787662863731384,
            -0.3461111783981323
          ],
          [
            -0.4627473056316376,
            -0.34800711274147034,
            0.8153344392776489,
            1.3456597328186035
          ],
          [
            0.0,
            0.0,
            0.0,
            1.0
          ]
        ]
      },
      "bone_length_armature_space": 0.04016445658504493,
      "parent": "thumb_01_l",
      "has_children": true,
      "is_end_bone": false
    },
    "thumb_03_l": {
      "name": "thumb_03_l",
      "local": {
        "location": {
          "x": 0.0,
          "y": 0.0,
          "z": 0.0
        },
        "rotation_quaternion": {
          "w": 0.9965203404426575,
          "x": 0.0828842967748642,
          "y": -0.007870028726756573,
          "z": 0.0039561172015964985
        },
        "scale": {
          "x": 1.0,
          "y": 1.0,
          "z": 1.0
        },
        "matrix_basis": [
          [
            0.9998448491096497,
            -0.009189305827021599,
            -0.015029487200081348,
            0.0
          ],
          [
            0.006580098997801542,
            0.9862290620803833,
            -0.16525404155254364,
            0.0
          ],
          [
            0.016341086477041245,
            0.16512951254844666,
            0.9861364960670471,
            0.0
          ],
          [
            0.0,
            0.0,
            0.0,
            1.0
          ]
        ],
        "rotation_mode": "QUATERNION"
      },
      "armature_space": {
        "head": {
          "x": 0.583829402923584,
          "y": -0.42993730306625366,
          "z": 0.3818281590938568
        },
        "tail": {
          "x": 0.6071311235427856,
          "y": -0.44939547777175903,
          "z": 0.3841300904750824
        }
      },
      "world_space": {
        "head": {
          "x": 0.583829402923584,
          "y": -0.36669331789016724,
          "z": 1.3316822052001953
        },
        "tail": {
          "x": 0.6071311235427856,
          "y": -0.3861514925956726,
          "z": 1.333984136581421
        },
        "rotation_quaternion": {
          "w": 0.39742499589920044,
          "x": 0.4013250768184662,
          "y": 0.1499621868133545,
          "z": -0.8114820122718811
        },
        "matrix": [
          [
            -0.3619825839996338,
            0.7653746008872986,
            -0.5321372151374817,
            0.583829402923584
          ],
          [
            -0.5246399641036987,
            -0.6391280293464661,
            -0.562377393245697,
            -0.36669331789016724
          ],
          [
            -0.7705392837524414,
            0.07560969144105911,
            0.6329034566879272,
            1.3316822052001953
          ],
          [
            0.0,
            0.0,
            0.0,
            1.0
          ]
        ]
      },
      "bone_length_armature_space": 0.030444862234913994,
      "parent": "thumb_02_l",
      "has_children": false,
      "is_end_bone": true
    },
    "metacarpal_index_l": {
      "name": "metacarpal_index_l",
      "local": {
        "location": {
          "x": 0.0,
          "y": 0.0,
          "z": 0.0
        },
        "rotation_quaternion": {
          "w": 0.9996229410171509,
          "x": 0.02472396194934845,
          "y": -0.007603641599416733,
          "z": -0.009217790327966213
        },
        "scale": {
          "x": 1.0,
          "y": 1.0,
          "z": 1.0
        },
        "matrix_basis": [
          [
            0.9997144341468811,
            0.01805264502763748,
            -0.015657350420951843,
            0.0
          ],
          [
            -0.01880461350083351,
            0.9986075162887573,
            -0.049289099872112274,
            0.0
          ],
          [
            0.014745748601853848,
            0.04956945776939392,
            0.9986618161201477,
            0.0
          ],
          [
            0.0,
            0.0,
            0.0,
            1.0
          ]
        ],
        "rotation_mode": "QUATERNION"
      },
      "armature_space": {
        "head": {
          "x": 0.5223006010055542,
          "y": -0.4072561264038086,
          "z": 0.46533796191215515
        },
        "tail": {
          "x": 0.5982739925384521,
          "y": -0.4572135806083679,
          "z": 0.3914353549480438
        }
      },
      "world_space": {
        "head": {
          "x": 0.5223006010055542,
          "y": -0.34401214122772217,
          "z": 1.4151920080184937
        },
        "tail": {
          "x": 0.5982739925384521,
          "y": -0.3939695954322815,
          "z": 1.3412894010543823
        },
        "rotation_quaternion": {
          "w": 0.40845391154289246,
          "x": -0.8406233191490173,
          "y": -0.3463881313800812,
          "z": -0.08082858473062515
        },
        "matrix": [
          [
            0.7469631433486938,
            0.6483935117721558,
            -0.14707636833190918,
            0.5223006010055542
          ],
          [
            0.5163365602493286,
            -0.42636096477508545,
            0.7427064776420593,
            -0.34401214122772217
          ],
          [
            0.41886210441589355,
            -0.6307204365730286,
            -0.6532692313194275,
            1.4151920080184937
          ],
          [
            0.0,
            0.0,
            0.0,
            1.0
          ]
        ]
      },
      "bone_length_armature_space": 0.1171720921798257,
      "parent": "lowerarm_l",
      "has_children": true,
      "is_end_bone": false
    },
    "index_01_l": {
      "name": "index_01_l",
      "local": {
        "location": {
          "x": 0.0,
          "y": 0.0,
          "z": 0.0
        },
        "rotation_quaternion": {
          "w": 0.9949780702590942,
          "x": -0.09772621095180511,
          "y": -0.02126315049827099,
          "z": 0.004041464999318123
        },
        "scale": {
          "x": 1.0,
          "y": 1.0,
          "z": 1.0
        },
        "matrix_basis": [
          [
            0.9990630745887756,
            -0.003886403748765588,
            -0.043102651834487915,
            0.0
          ],
          [
            0.012198272161185741,
            0.9808664917945862,
            0.19429901242256165,
            0.0
          ],
          [
            0.04152282327413559,
            -0.19464273750782013,
            0.9799949526786804,
            0.0
          ],
          [
            0.0,
            0.0,
            0.0,
            1.0
          ]
        ],
        "rotation_mode": "QUATERNION"
      },
      "armature_space": {
        "head": {
          "x": 0.5982739925384521,
          "y": -0.4572135806083679,
          "z": 0.3914353549480438
        },
        "tail": {
          "x": 0.6229518055915833,
          "y": -0.47012367844581604,
          "z": 0.385319322347641
        }
      },
      "world_space": {
        "head": {
          "x": 0.5982739925384521,
          "y": -0.3939695954322815,
          "z": 1.3412894010543823
        },
        "tail": {
          "x": 0.6229518055915833,
          "y": -0.4068796634674072,
          "z": 1.3351733684539795
        },
        "rotation_quaternion": {
          "w": 0.25014206767082214,
          "x": -0.8245749473571777,
          "y": -0.4594014585018158,
          "z": -0.21553559601306915
        },
        "matrix": [
          [
            0.48498907685279846,
            0.8654510378837585,
            0.1256173551082611,
            0.5982739925384521
          ],
          [
            0.6497940421104431,
            -0.4527572989463806,
            0.6105559468269348,
            -0.3939695954322815
          ],
          [
            0.5852855443954468,
            -0.2144896388053894,
            -0.7819523811340332,
            1.3412894010543823
          ],
          [
            0.0,
            0.0,
            0.0,
            1.0
          ]
        ]
      },
      "bone_length_armature_space": 0.028514398615716623,
      "parent": "metacarpal_index_l",
      "has_children": true,
      "is_end_bone": false
    },
    "index_02_l": {
      "name": "index_02_l",
      "local": {
        "location": {
          "x": 0.0,
          "y": 0.0,
          "z": 0.0
        },
        "rotation_quaternion": {
          "w": 0.9997538328170776,
          "x": 0.019879702478647232,
          "y": 0.009647568687796593,
          "z": -0.001991353463381529
        },
        "scale": {
          "x": 1.0,
          "y": 1.0,
          "z": 1.0
        },
        "matrix_basis": [
          [
            0.9998059272766113,
            0.0043653082102537155,
            0.019211212173104286,
            0.0
          ],
          [
            -0.0035981449764221907,
            0.9992016553878784,
            -0.03978804126381874,
            0.0
          ],
          [
            -0.019369563087821007,
            0.03971119225025177,
            0.9990234375,
            0.0
          ],
          [
            0.0,
            0.0,
            0.0,
            1.0
          ]
        ],
        "rotation_mode": "QUATERNION"
      },
      "armature_space": {
        "head": {
          "x": 0.6229520440101624,
          "y": -0.470123827457428,
          "z": 0.3853188455104828
        },
        "tail": {
          "x": 0.6455673575401306,
          "y": -0.4811006188392639,
          "z": 0.380205363035202
        }
      },
      "world_space": {
        "head": {
          "x": 0.6229520440101624,
          "y": -0.40687984228134155,
          "z": 1.3351728916168213
        },
        "tail": {
          "x": 0.6455673575401306,
          "y": -0.4178566336631775,
          "z": 1.3300594091415405
        },
        "rotation_quaternion": {
          "w": 0.2376209795475006,
          "x": -0.8211331963539124,
          "y": -0.4791560471057892,
          "z": -0.19921350479125977
        },
        "matrix": [
          [
            0.46144646406173706,
            0.881576657295227,
            0.09944454580545425,
            0.6229520440101624
          ],
          [
            0.6922284960746765,
            -0.4278900623321533,
            0.5811452269554138,
            -0.40687984228134155
          ],
          [
            0.5548803806304932,
            -0.19933100044727325,
            -0.807706356048584,
            1.3351728916168213
          ],
          [
            0.0,
            0.0,
            0.0,
            1.0
          ]
        ]
      },
      "bone_length_armature_space": 0.02565326548222193,
      "parent": "index_01_l",
      "has_children": true,
      "is_end_bone": false
    },
    "index_03_l": {
      "name": "index_03_l",
      "local": {
        "location": {
          "x": 0.0,
          "y": 0.0,
          "z": 0.0
        },
        "rotation_quaternion": {
          "w": 0.999591052532196,
          "x": 0.028342807665467262,
          "y": -0.0035853164736181498,
          "z": -0.0012354266364127398
        },
        "scale": {
          "x": 1.0,
          "y": 1.0,
          "z": 1.0
        },
        "matrix_basis": [
          [
            0.9999712109565735,
            0.002266607014462352,
            -0.007237731479108334,
            0.0
          ],
          [
            -0.0026730787940323353,
            0.9983903169631958,
            -0.056653574109077454,
            0.0
          ],
          [
            0.0070976694114506245,
            0.05667129158973694,
            0.9983676671981812,
            0.0
          ],
          [
            0.0,
            0.0,
            0.0,
            1.0
          ]
        ],
        "rotation_mode": "QUATERNION"
      },
      "armature_space": {
        "head": {
          "x": 0.6455673575401306,
          "y": -0.4811007082462311,
          "z": 0.3802054524421692
        },
        "tail": {
          "x": 0.6726569533348083,
          "y": -0.489013135433197,
          "z": 0.37263721227645874
        }
      },
      "world_space": {
        "head": {
          "x": 0.6455673575401306,
          "y": -0.41785669326782227,
          "z": 1.33005952835083
        },
        "tail": {
          "x": 0.6726569533348083,
          "y": -0.4257691502571106,
          "z": 1.32249116897583
        },
        "rotation_quaternion": {
          "w": 0.3027482032775879,
          "x": -0.7717902064323425,
          "y": -0.5224388241767883,
          "z": -0.19935168325901031
        },
        "matrix": [
          [
            0.37463220953941345,
            0.9271330833435059,
            -0.008621789515018463,
            0.6455673575401306
          ],
          [
            0.6857211589813232,
            -0.27080047130584717,
            0.6756134033203125,
            -0.41785669326782227
          ],
          [
            0.6240541934967041,
            -0.25902092456817627,
            -0.7372103333473206,
            1.33005952835083
          ],
          [
            0.0,
            0.0,
            0.0,
            1.0
          ]
        ]
      },
      "bone_length_armature_space": 0.029218675137904597,
      "parent": "index_02_l",
      "has_children": false,
      "is_end_bone": true
    },
    "metacarpal_pinky_l": {
      "name": "metacarpal_pinky_l",
      "local": {
        "location": {
          "x": 0.0,
          "y": 0.0,
          "z": 0.0
        },
        "rotation_quaternion": {
          "w": 0.9996535778045654,
          "x": -0.023302409797906876,
          "y": 0.0015257347840815783,
          "z": -0.012149078771471977
        },
        "scale": {
          "x": 1.0,
          "y": 1.0,
          "z": 1.0
        },
        "matrix_basis": [
          [
            0.999700129032135,
            0.024218633770942688,
            0.0036166179925203323,
            0.0
          ],
          [
            -0.02436084672808647,
            0.9986187815666199,
            0.04655160382390022,
            0.0
          ],
          [
            -0.00248420680873096,
            -0.04662574827671051,
            0.9989093542098999,
            0.0
          ],
          [
            0.0,
            0.0,
            0.0,
            1.0
          ]
        ],
        "rotation_mode": "QUATERNION"
      },
      "armature_space": {
        "head": {
          "x": 0.5223006010055542,
          "y": -0.4072561264038086,
          "z": 0.46533796191215515
        },
        "tail": {
          "x": 0.6179254651069641,
          "y": -0.44756776094436646,
          "z": 0.45673179626464844
        }
      },
      "world_space": {
        "head": {
          "x": 0.5223006010055542,
          "y": -0.34401214122772217,
          "z": 1.4151920080184937
        },
        "tail": {
          "x": 0.6179254651069641,
          "y": -0.38432377576828003,
          "z": 1.4065858125686646
        },
        "rotation_quaternion": {
          "w": 0.3795216381549835,
          "x": 0.5526506304740906,
          "y": 0.4029901921749115,
          "z": -0.6230085492134094
        },
        "matrix": [
          [
            -0.10108154267072678,
            0.9183154106140137,
            -0.3827257454395294,
            0.5223006010055542
          ],
          [
            -0.027465932071208954,
            -0.38712528347969055,
            -0.9216180443763733,
            -0.34401214122772217
          ],
          [
            -0.9945061206817627,
            -0.08264768868684769,
            0.06435300409793854,
            1.4151920080184937
          ],
          [
            0.0,
            0.0,
            0.0,
            1.0
          ]
        ]
      },
      "bone_length_armature_space": 0.10413072686746823,
      "parent": "lowerarm_l",
      "has_children": true,
      "is_end_bone": false
    },
    "pinky_01_l": {
      "name": "pinky_01_l",
      "local": {
        "location": {
          "x": 0.0,
          "y": 0.0,
          "z": 0.0
        },
        "rotation_quaternion": {
          "w": 0.9582568407058716,
          "x": 0.28560563921928406,
          "y": -0.012638859450817108,
          "z": -0.003704086644575
        },
        "scale": {
          "x": 1.0,
          "y": 1.0,
          "z": 1.0
        },
        "matrix_basis": [
          [
            0.9996531009674072,
            -0.00012052633246639743,
            -0.02633836306631565,
            0.0
          ],
          [
            -0.014318391680717468,
            0.8368313908576965,
            -0.5472734570503235,
            0.0
          ],
          [
            0.022106731310486794,
            0.5474607348442078,
            0.8365393280982971,
            0.0
          ],
          [
            0.0,
            0.0,
            0.0,
            1.0
          ]
        ],
        "rotation_mode": "QUATERNION"
      },
      "armature_space": {
        "head": {
          "x": 0.6179254651069641,
          "y": -0.44756776094436646,
          "z": 0.45673179626464844
        },
        "tail": {
