{
  "metadata": {
    "armature_name": "KIM_caucasian_male",
    "export_time": "2026-01-13T21:07:34.560693",
    "blender_version": "4.4.1",
    "bone_count": 56,
    "end_bone_count": 13,
    "spaces_included": [
      "LOCAL_CHANNELS",
      "ARMATURE_SPACE",
      "WORLD_SPACE"
    ],
    "note": "LOCAL matches Transform panel; replay pose via local.matrix_basis for best fidelity."
  },
  "bones": {
    "Root": {
      "name": "Root",
      "local": {
        "location": {
          "x": 0.0,
          "y": 0.0,
          "z": 0.0
        },
        "rotation_quaternion": {
          "w": 0.9999513626098633,
          "x": 0.009658433496952057,
          "y": -0.00018564390484243631,
          "z": 0.0020046578720211983
        },
        "scale": {
          "x": 1.0,
          "y": 1.0,
          "z": 1.0
        },
        "matrix_basis": [
          [
            0.9999918937683105,
            -0.0040127066895365715,
            -0.00033254604204557836,
            0.0
          ],
          [
            0.004005534574389458,
            0.9998053908348083,
            -0.019316671416163445,
            0.0
          ],
          [
            0.0004099934594705701,
            0.01931518316268921,
            0.9998133778572083,
            0.0
          ],
          [
            0.0,
            0.0,
            0.0,
            1.0
          ]
        ],
        "rotation_mode": "QUATERNION"
      },
      "armature_space": {
        "head": {
          "x": 0.0,
          "y": 0.07072800397872925,
          "z": -0.009595036506652832
        },
        "tail": {
          "x": -0.00028641041717492044,
          "y": -0.000171564519405365,
          "z": -0.0013680020347237587
        }
      },
      "world_space": {
        "head": {
          "x": 0.0,
          "y": 0.13397200405597687,
          "z": 0.9402589797973633
        },
        "tail": {
          "x": -0.00028641041717492044,
          "y": 0.06307243555784225,
          "z": 0.9484860301017761
        },
        "rotation_quaternion": {
          "w": 0.0577278733253479,
          "x": 0.9983303546905518,
          "y": -0.0020126099698245525,
          "z": -5.0172726332675666e-05
        },
        "matrix": [
          [
            0.9999918937683105,
            -0.0040127066895365715,
            -0.00033254604204557836,
            0.0
          ],
          [
            -0.004024292342364788,
            -0.9933269023895264,
            -0.11526326090097427,
            0.13397200405597687
          ],
          [
            0.00013218788080848753,
            0.11526352912187576,
            -0.9933419823646545,
            0.9402589797973633
          ],
          [
            0.0,
            0.0,
            0.0,
            1.0
          ]
        ]
      },
      "bone_length_armature_space": 0.07137587123224892,
      "parent": null,
      "has_children": true,
      "is_end_bone": false
    },
    "spine_01": {
      "name": "spine_01",
      "local": {
        "location": {
          "x": 0.0,
          "y": 0.0,
          "z": 0.0
        },
        "rotation_quaternion": {
          "w": 0.995544970035553,
          "x": -0.028420068323612213,
          "y": -0.04940089210867882,
          "z": 0.07511486858129501
        },
        "scale": {
          "x": 1.0,
          "y": 1.0,
          "z": 1.0
        },
        "matrix_basis": [
          [
            0.9838346242904663,
            -0.1467525064945221,
            -0.10263115912675858,
            0.0
          ],
          [
            0.15236841142177582,
            0.9871001243591309,
            0.049165427684783936,
            0.0
          ],
          [
            0.09409207850694656,
            -0.06400839239358902,
            0.9935036897659302,
            0.0
          ],
          [
            0.0,
            0.0,
            0.0,
            1.0
          ]
        ],
        "rotation_mode": "QUATERNION"
      },
      "armature_space": {
        "head": {
          "x": -0.00028641041717492044,
          "y": -0.000171564519405365,
          "z": -0.0013680020347237587
        },
        "tail": {
          "x": -0.07178592681884766,
          "y": 0.044556181877851486,
          "z": 0.4792937636375427
        }
      },
      "world_space": {
        "head": {
          "x": -0.00028641041717492044,
          "y": 0.06307243555784225,
          "z": 0.9484860301017761
        },
        "tail": {
          "x": -0.07178592681884766,
          "y": 0.1078001856803894,
          "z": 1.429147720336914
        },
        "rotation_quaternion": {
          "w": 0.7333975434303284,
          "x": 0.6736841797828674,
          "y": -0.08919278532266617,
          "z": 0.01795719377696514
        },
        "matrix": [
          [
            0.9834444522857666,
            -0.14651504158973694,
            -0.10663163661956787,
            -0.00028641041717492044
          ],
          [
            -0.09383499622344971,
            0.09165498614311218,
            -0.9913599491119385,
            0.06307243555784225
          ],
          [
            0.155023455619812,
            0.9849601984024048,
            0.07638897746801376,
            0.9484860301017761
          ],
          [
            0.0,
            0.0,
            0.0,
            1.0
          ]
        ]
      },
      "bone_length_armature_space": 0.4880046022627591,
      "parent": "Root",
      "has_children": true,
      "is_end_bone": false
    },
    "neck_01": {
      "name": "neck_01",
      "local": {
        "location": {
          "x": 0.0,
          "y": 0.0,
          "z": 0.0
        },
        "rotation_quaternion": {
          "w": 0.9828197956085205,
          "x": -0.1255725473165512,
          "y": 0.07157660275697708,
          "z": -0.1147768497467041
        },
        "scale": {
          "x": 1.0,
          "y": 1.0,
          "z": 1.0
        },
        "matrix_basis": [
          [
            0.9634061455726624,
            0.20763380825519562,
            0.16951945424079895,
            0.0
          ],
          [
            -0.24358603358268738,
            0.9421156048774719,
            0.2303996980190277,
            0.0
          ],
          [
            -0.11186815798282623,
            -0.2632610499858856,
            0.958216667175293,
            0.0
          ],
          [
            0.0,
            0.0,
            0.0,
            1.0
          ]
        ],
        "rotation_mode": "QUATERNION"
      },
      "armature_space": {
        "head": {
          "x": -0.08621156960725784,
          "y": 0.016886219382286072,
          "z": 0.5540602803230286
        },
        "tail": {
          "x": -0.08107568323612213,
          "y": 0.012351952493190765,
          "z": 0.6563531756401062
        }
      },
      "world_space": {
        "head": {
          "x": -0.08621156960725784,
          "y": 0.08013021945953369,
          "z": 1.5039143562316895
        },
        "tail": {
          "x": -0.08107568323612213,
          "y": 0.07559595257043839,
          "z": 1.6062071323394775
        },
        "rotation_quaternion": {
          "w": 0.6896976232528687,
          "x": 0.7224602699279785,
          "y": 0.04693906381726265,
          "z": 0.012851610779762268
        },
        "matrix": [
          [
            0.9952630996704102,
            0.0500958152115345,
            0.08331738412380219,
            -0.08621156960725784
          ],
          [
            0.08555097132921219,
            -0.044227540493011475,
            -0.9953519105911255,
            0.08013021945953369
          ],
          [
            -0.04617825150489807,
            0.997771680355072,
            -0.04830509424209595,
            1.5039143562316895
          ],
          [
            0.0,
            0.0,
            0.0,
            1.0
          ]
        ]
      },
      "bone_length_armature_space": 0.10252206352264119,
      "parent": "spine_01",
      "has_children": true,
      "is_end_bone": false
    },
    "head": {
      "name": "head",
      "local": {
        "location": {
          "x": 0.0,
          "y": 0.0,
          "z": 0.0
        },
        "rotation_quaternion": {
          "w": 0.9656016230583191,
          "x": 0.10313650220632553,
          "y": 0.04297741502523422,
          "z": 0.2347964346408844
        },
        "scale": {
          "x": 1.0,
          "y": 1.0,
          "z": 1.0
        },
        "matrix_basis": [
          [
            0.8860471248626709,
            -0.4445745646953583,
            0.13143028318881989,
            0.0
          ],
          [
            0.4623047113418579,
            0.8684669733047485,
            -0.17899565398693085,
            0.0
          ],
          [
            -0.03456595912575722,
            0.21935944259166718,
            0.9750316143035889,
            0.0
          ],
          [
            0.0,
            0.0,
            0.0,
            1.0
          ]
        ],
        "rotation_mode": "QUATERNION"
      },
      "armature_space": {
        "head": {
          "x": -0.08107566833496094,
          "y": 0.012351801618933678,
          "z": 0.6563531160354614
        },
        "tail": {
          "x": -0.1444118171930313,
          "y": 0.01741359941661358,
          "z": 0.797831654548645
        }
      },
      "world_space": {
        "head": {
          "x": -0.08107566833496094,
          "y": 0.07559580355882645,
          "z": 1.6062071323394775
        },
        "tail": {
          "x": -0.1444118171930313,
          "y": 0.08065760135650635,
          "z": 1.7476856708526611
        },
        "rotation_quaternion": {
          "w": 0.7161200046539307,
          "x": 0.655983030796051,
          "y": -0.05908241122961044,
          "z": 0.23101460933685303
        },
        "matrix": [
          [
            0.8862823843955994,
            -0.4083826243877411,
            0.21846531331539154,
            -0.08107566833496094
          ],
          [
            0.2533569931983948,
            0.032637760043144226,
            -0.9668223857879639,
            0.07559580355882645
          ],
          [
            0.3877061605453491,
            0.9122337102890015,
            0.13239285349845886,
            1.6062071323394775
          ],
          [
            0.0,
            0.0,
            0.0,
            1.0
          ]
        ]
      },
      "bone_length_armature_space": 0.1550911538037759,
      "parent": "neck_01",
      "has_children": false,
      "is_end_bone": true
    },
    "upperarm_l": {
      "name": "upperarm_l",
      "local": {
        "location": {
          "x": 0.0,
          "y": 0.0,
          "z": 0.0
        },
        "rotation_quaternion": {
          "w": -0.6739001274108887,
          "x": 0.46292009949684143,
          "y": 0.08001100271940231,
          "z": 0.5702296495437622
        },
        "scale": {
          "x": 1.0,
          "y": 1.0,
          "z": 1.0
        },
        "matrix_basis": [
          [
            0.33687278628349304,
            0.842633068561554,
            0.42010268568992615,
            0.0
          ],
          [
            -0.6944782733917236,
            -0.07891374081373215,
            0.7151731252670288,
            0.0
          ],
          [
            0.635780394077301,
            -0.5326745510101318,
            0.5586064457893372,
            0.0
          ],
          [
            0.0,
            0.0,
            0.0,
            1.0
          ]
        ],
        "rotation_mode": "QUATERNION"
      },
      "armature_space": {
        "head": {
          "x": 0.07081198692321777,
          "y": -0.006510529667139053,
          "z": 0.5113604068756104
        },
        "tail": {
          "x": 0.08770889043807983,
          "y": 0.12204885482788086,
          "z": 0.27684956789016724
        }
      },
      "world_space": {
        "head": {
          "x": 0.07081198692321777,
          "y": 0.056733470410108566,
          "z": 1.4612144231796265
        },
        "tail": {
          "x": 0.08770889043807983,
          "y": 0.18529285490512848,
          "z": 1.2267036437988281
        },
        "rotation_quaternion": {
          "w": 0.3547370731830597,
          "x": -0.17640183866024017,
          "y": 0.7836060523986816,
          "z": -0.4785453975200653
        },
        "matrix": [
          [
            -0.6860888600349426,
            0.06305535137653351,
            0.7247800827026367,
            0.07081198692321777
          ],
          [
            -0.6159743666648865,
            0.47975391149520874,
            -0.6248297691345215,
            0.056733470410108566
          ],
          [
            -0.3871181309223175,
            -0.8751402497291565,
            -0.2903159260749817,
            1.4612144231796265
          ],
          [
            0.0,
            0.0,
            0.0,
            1.0
          ]
        ]
      },
      "bone_length_armature_space": 0.2679708046863047,
      "parent": "spine_01",
      "has_children": true,
      "is_end_bone": false
    },
    "lowerarm_l": {
      "name": "lowerarm_l",
      "local": {
        "location": {
          "x": 0.0,
          "y": 0.0,
          "z": 0.0
        },
        "rotation_quaternion": {
          "w": 0.9480727910995483,
          "x": 0.1147984117269516,
          "y": -0.07048999518156052,
          "z": 0.2881154417991638
        },
        "scale": {
          "x": 1.0,
          "y": 1.0,
          "z": 1.0
        },
        "matrix_basis": [
          [
            0.8240413069725037,
            -0.562493085861206,
            -0.06750890612602234,
            0.0
          ],
          [
            0.5301245450973511,
            0.8076216578483582,
            -0.2582930028438568,
            0.0
          ],
          [
            0.19980968534946442,
            0.1770559847354889,
            0.9637049436569214,
            0.0
          ],
          [
            0.0,
            0.0,
            0.0,
            1.0
          ]
        ],
        "rotation_mode": "QUATERNION"
      },
      "armature_space": {
        "head": {
          "x": 0.08770901709794998,
          "y": 0.12204893678426743,
          "z": 0.27684953808784485
        },
        "tail": {
          "x": 0.25343140959739685,
          "y": 0.2918892502784729,
          "z": 0.1533185839653015
        }
      },
      "world_space": {
        "head": {
          "x": 0.08770901709794998,
          "y": 0.18529292941093445,
          "z": 1.2267035245895386
        },
        "tail": {
          "x": 0.25343140959739685,
          "y": 0.3551332354545593,
          "z": 1.1031725406646729
        },
        "rotation_quaternion": {
          "w": 0.6256818771362305,
          "x": 0.07057678699493408,
          "y": 0.6526507139205933,
          "z": -0.42141231894493103
        },
        "matrix": [
          [
            -0.20708295702934265,
            0.619466245174408,
            0.7572174072265625,
            0.08770901709794998
          ],
          [
            -0.43521642684936523,
            0.6348589658737183,
            -0.6383894681930542,
            0.18529292941093445
          ],
          [
            -0.8761933445930481,
            -0.4617556631565094,
            0.1381337195634842,
            1.2267035245895386
          ],
          [
            0.0,
            0.0,
            0.0,
            1.0
          ]
        ]
      },
      "bone_length_armature_space": 0.2675248374922385,
      "parent": "upperarm_l",
      "has_children": true,
      "is_end_bone": false
    },
    "metacarpal_thumb_l": {
      "name": "metacarpal_thumb_l",
      "local": {
        "location": {
          "x": 0.0,
          "y": 0.0,
          "z": 0.0
        },
        "rotation_quaternion": {
          "w": 0.9998742341995239,
          "x": 0.0029049264267086983,
          "y": -0.015352021902799606,
          "z": -0.0027268638368695974
        },
        "scale": {
          "x": 1.0,
          "y": 1.0,
          "z": 1.0
        },
        "matrix_basis": [
          [
            0.9995137453079224,
            0.005363848991692066,
            -0.030716024339199066,
            0.0
          ],
          [
            -0.005542234983295202,
            0.9999682307243347,
            -0.005725396331399679,
            0.0
          ],
          [
            0.0306843388825655,
            0.005892848130315542,
            0.9995117783546448,
            0.0
          ],
          [
            0.0,
            0.0,
            0.0,
            1.0
          ]
        ],
        "rotation_mode": "QUATERNION"
      },
      "armature_space": {
        "head": {
          "x": 0.25343140959739685,
          "y": 0.2918892502784729,
          "z": 0.1533185839653015
        },
        "tail": {
          "x": 0.2976180613040924,
          "y": 0.29422232508659363,
          "z": 0.13105455040931702
        }
      },
      "world_space": {
        "head": {
          "x": 0.25343140959739685,
          "y": 0.3551332354545593,
          "z": 1.1031725406646729
        },
        "tail": {
          "x": 0.2976180613040924,
          "y": 0.35746634006500244,
          "z": 1.0809085369110107
        },
        "rotation_quaternion": {
          "w": 0.03744243457913399,
          "x": 0.5995283126831055,
          "y": 0.7225991487503052,
          "z": -0.3420736491680145
        },
        "matrix": [
          [
            -0.27832603454589844,
            0.8920528888702393,
            -0.35605618357658386,
            0.25343140959739685
          ],
          [
            0.8408225178718567,
            0.04710095375776291,
            -0.5392581224441528,
            0.3551332354545593
          ],
          [
            -0.46427857875823975,
            -0.4494726061820984,
            -0.7631734013557434,
            1.1031725406646729
          ],
          [
            0.0,
            0.0,
            0.0,
            1.0
          ]
        ]
      },
      "bone_length_armature_space": 0.04953373169307883,
      "parent": "lowerarm_l",
      "has_children": true,
      "is_end_bone": false
    },
    "thumb_01_l": {
      "name": "thumb_01_l",
      "local": {
        "location": {
          "x": 0.0,
          "y": 0.0,
          "z": 0.0
        },
        "rotation_quaternion": {
          "w": 0.9818209409713745,
          "x": 0.18924355506896973,
          "y": 0.008072840981185436,
          "z": -0.012226908467710018
        },
        "scale": {
          "x": 1.0,
          "y": 1.0,
          "z": 1.0
        },
        "matrix_basis": [
          [
            0.9995706677436829,
            0.02706473506987095,
            0.011224441230297089,
            0.0
          ],
          [
            -0.02095380239188671,
            0.9280747771263123,
            -0.37180396914482117,
            0.0
          ],
          [
            -0.020479895174503326,
            0.371409147977829,
            0.9282433986663818,
            0.0
          ],
          [
            0.0,
            0.0,
            0.0,
            1.0
          ]
        ],
        "rotation_mode": "QUATERNION"
      },
      "armature_space": {
        "head": {
          "x": 0.2976180613040924,
          "y": 0.29422232508659363,
          "z": 0.13105455040931702
        },
        "tail": {
          "x": 0.3068348467350006,
          "y": 0.28972381353378296,
          "z": 0.09859759360551834
        }
      },
      "world_space": {
        "head": {
          "x": 0.2976180613040924,
          "y": 0.35746634006500244,
          "z": 1.0809085369110107
        },
        "tail": {
          "x": 0.3068348467350006,
          "y": 0.3529677987098694,
          "z": 1.0484516620635986
        },
        "rotation_quaternion": {
          "w": 0.6216180324554443,
          "x": -0.7510030269622803,
          "y": -0.21797125041484833,
          "z": 0.04554203152656555
        },
        "matrix": [
          [
            0.9008281826972961,
            0.2707746922969818,
            -0.3393956422805786,
            0.2976180613040924
          ],
          [
            0.3840152621269226,
            -0.13215932250022888,
            0.9138197898864746,
            0.35746634006500244
          ],
          [
            0.2025868147611618,
            -0.9535344839096069,
            -0.22303506731987,
            1.0809085369110107
          ],
          [
            0.0,
            0.0,
            0.0,
            1.0
          ]
        ]
      },
      "bone_length_armature_space": 0.034038797642864514,
      "parent": "metacarpal_thumb_l",
      "has_children": true,
      "is_end_bone": false
    },
    "thumb_02_l": {
      "name": "thumb_02_l",
      "local": {
        "location": {
          "x": 0.0,
          "y": 0.0,
          "z": 0.0
        },
        "rotation_quaternion": {
          "w": 0.9302115440368652,
          "x": 0.36693423986434937,
          "y": -0.008092807605862617,
          "z": -0.0005196173442527652
        },
        "scale": {
          "x": 1.0,
          "y": 1.0,
          "z": 1.0
        },
        "matrix_basis": [
          [
            0.9998684525489807,
            -0.00497234845533967,
            -0.01543737668544054,
            0.0
          ],
          [
            -0.00690576434135437,
            0.7307180166244507,
            -0.6826445460319519,
            0.0
          ],
          [
            0.01467471569776535,
            0.6826613545417786,
            0.7305875420570374,
            0.0
          ],
          [
            0.0,
            0.0,
            0.0,
            1.0
          ]
        ],
        "rotation_mode": "QUATERNION"
      },
      "armature_space": {
        "head": {
          "x": 0.3068348467350006,
          "y": 0.2897237539291382,
          "z": 0.09859761595726013
        },
        "tail": {
          "x": 0.3176240026950836,
          "y": 0.3276516795158386,
          "z": 0.10622964799404144
        }
      },
      "world_space": {
        "head": {
          "x": 0.3068348467350006,
          "y": 0.3529677391052246,
          "z": 1.0484516620635986
        },
        "tail": {
          "x": 0.3176240026950836,
          "y": 0.39089566469192505,
          "z": 1.0560836791992188
        },
        "rotation_quaternion": {
          "w": 0.9603922963142395,
          "x": 0.06302639096975327,
          "y": -0.2231702357530594,
          "z": -0.15449711680412292
        },
        "matrix": [
          [
            0.8526511788368225,
            0.26862484216690063,
            -0.44813671708106995,
            0.3068348467350006
          ],
          [
            -0.3248870372772217,
            0.9443168640136719,
            -0.052100807428359985,
            0.3529677391052246
          ],
          [
            0.40919002890586853,
            0.19001984596252441,
            0.8924515843391418,
            1.0484516620635986
          ],
          [
            0.0,
            0.0,
            0.0,
            1.0
          ]
        ]
      },
      "bone_length_armature_space": 0.04016442805325766,
      "parent": "thumb_01_l",
      "has_children": true,
      "is_end_bone": false
    },
    "thumb_03_l": {
      "name": "thumb_03_l",
      "local": {
        "location": {
          "x": 0.0,
          "y": 0.0,
          "z": 0.0
        },
        "rotation_quaternion": {
          "w": 0.9824712872505188,
          "x": 0.18635398149490356,
          "y": 0.00013797794235870242,
          "z": -0.004730973858386278
        },
        "scale": {
          "x": 1.0,
          "y": 1.0,
          "z": 1.0
        },
        "matrix_basis": [
          [
            0.9999551773071289,
            0.009347517043352127,
            -0.0014921529218554497,
            0.0
          ],
          [
            -0.009244666434824467,
            0.9304996132850647,
            -0.36617618799209595,
            0.0
          ],
          [
            -0.0020343903452157974,
            0.36617356538772583,
            0.930544376373291,
            0.0
          ],
          [
            0.0,
            0.0,
            0.0,
            1.0
          ]
        ],
        "rotation_mode": "QUATERNION"
      },
      "armature_space": {
        "head": {
          "x": 0.3176240622997284,
          "y": 0.32765161991119385,
          "z": 0.10622960329055786
        },
        "tail": {
          "x": 0.3163866400718689,
          "y": 0.35017129778862,
          "z": 0.12668029963970184
        }
      },
      "world_space": {
        "head": {
          "x": 0.3176240622997284,
          "y": 0.3908956050872803,
          "z": 1.0560836791992188
        },
        "tail": {
          "x": 0.3163866400718689,
          "y": 0.4134153127670288,
          "z": 1.0765342712402344
        },
        "rotation_quaternion": {
          "w": 0.9305484890937805,
          "x": 0.36076435446739197,
          "y": -0.0626310333609581,
          "z": -0.0024425031151622534
        },
        "matrix": [
          [
            0.9921426773071289,
            -0.0406443253159523,
            -0.11832451075315475,
            0.3176240622997284
          ],
          [
            -0.04973563924431801,
            0.7396866679191589,
            -0.6711113452911377,
            0.3908956050872803
          ],
          [
            0.11480073630809784,
            0.6717284321784973,
            0.7318577170372009,
            1.0560836791992188
          ],
          [
            0.0,
            0.0,
            0.0,
            1.0
          ]
        ]
      },
      "bone_length_armature_space": 0.0304450007038896,
      "parent": "thumb_02_l",
      "has_children": false,
      "is_end_bone": true
    },
    "metacarpal_index_l": {
      "name": "metacarpal_index_l",
      "local": {
        "location": {
          "x": 0.0,
          "y": 0.0,
          "z": 0.0
        },
        "rotation_quaternion": {
          "w": 0.9985929131507874,
          "x": -0.048422571271657944,
          "y": 0.013737333938479424,
          "z": -0.016698921099305153
        },
        "scale": {
          "x": 1.0,
          "y": 1.0,
          "z": 1.0
        },
        "matrix_basis": [
          [
            0.9990648627281189,
            0.032020453363657,
            0.0290532186627388,
            0.0
          ],
          [
            -0.03468124195933342,
            0.994752824306488,
            0.09625007212162018,
            0.0
          ],
          [
            -0.025818798691034317,
            -0.09716767072677612,
            0.9949330687522888,
            0.0
          ],
          [
            0.0,
            0.0,
            0.0,
            1.0
          ]
        ],
        "rotation_mode": "QUATERNION"
      },
      "armature_space": {
        "head": {
          "x": 0.25343140959739685,
          "y": 0.2918892502784729,
          "z": 0.1533185839653015
        },
        "tail": {
          "x": 0.34439724683761597,
          "y": 0.3479761779308319,
          "z": 0.10526945441961288
        }
      },
      "world_space": {
        "head": {
          "x": 0.25343140959739685,
          "y": 0.3551332354545593,
          "z": 1.1031725406646729
        },
        "tail": {
          "x": 0.34439724683761597,
          "y": 0.4112201929092407,
          "z": 1.0551234483718872
        },
        "rotation_quaternion": {
          "w": 0.2630694806575775,
          "x": 0.3568408489227295,
          "y": 0.8186155557632446,
          "z": -0.36514076590538025
        },
        "matrix": [
          [
            -0.6069177985191345,
            0.7763462066650391,
            0.17010977864265442,
            0.25343140959739685
          ],
          [
            0.392117440700531,
            0.4786728024482727,
            -0.7855677604675293,
            0.3551332354545593
          ],
          [
            -0.6913037896156311,
            -0.4100744128227234,
            -0.5949387550354004,
            1.1031725406646729
          ],
          [
            0.0,
            0.0,
            0.0,
            1.0
          ]
        ]
      },
      "bone_length_armature_space": 0.11717186366508613,
      "parent": "lowerarm_l",
      "has_children": true,
      "is_end_bone": false
    },
    "index_01_l": {
      "name": "index_01_l",
      "local": {
        "location": {
          "x": 0.0,
          "y": 0.0,
          "z": 0.0
        },
        "rotation_quaternion": {
          "w": 0.9785499572753906,
          "x": 0.20475032925605774,
          "y": -0.021677331998944283,
          "z": -0.006894071586430073
        },
        "scale": {
          "x": 1.0,
          "y": 1.0,
          "z": 1.0
        },
        "matrix_basis": [
          [
            0.9989651441574097,
            0.00461550522595644,
            -0.04524783045053482,
            0.0
          ],
          [
            -0.022369269281625748,
            0.9160595536231995,
            -0.4004179537296295,
            0.0
          ],
          [
            0.03960157930850983,
            0.4010157287120819,
            0.9152147769927979,
            0.0
          ],
          [
            0.0,
            0.0,
            0.0,
            1.0
          ]
        ],
        "rotation_mode": "QUATERNION"
      },
      "armature_space": {
        "head": {
          "x": 0.34439724683761597,
          "y": 0.3479761779308319,
          "z": 0.10526945441961288
        },
        "tail": {
          "x": 0.3597026765346527,
          "y": 0.3578934371471405,
          "z": 0.08334988355636597
        }
      },
      "world_space": {
        "head": {
          "x": 0.34439724683761597,
          "y": 0.4112201929092407,
          "z": 1.0551234483718872
        },
        "tail": {
          "x": 0.3597026765346527,
          "y": 0.4211374521255493,
          "z": 1.0332038402557373
        },
        "rotation_quaternion": {
          "w": 0.17581745982170105,
          "x": 0.2190660536289215,
          "y": 0.8018649816513062,
          "z": -0.5273622274398804
        },
        "matrix": [
          [
            -0.8421964049339294,
            0.5367621779441833,
            0.05090753734111786,
            0.34439724683761597
          ],
          [
            0.16588599979877472,
            0.34779828786849976,
            -0.9227777719497681,
            0.4112201929092407
          ],
          [
            -0.5130210518836975,
            -0.7687201499938965,
            -0.3819591999053955,
            1.0551234483718872
          ],
          [
            0.0,
            0.0,
            0.0,
            1.0
          ]
        ]
      },
      "bone_length_armature_space": 0.02851448416060796,
      "parent": "metacarpal_index_l",
      "has_children": true,
      "is_end_bone": false
    },
    "index_02_l": {
      "name": "index_02_l",
      "local": {
        "location": {
          "x": 0.0,
          "y": 0.0,
          "z": 0.0
        },
        "rotation_quaternion": {
          "w": 0.9275107383728027,
          "x": 0.3736779987812042,
          "y": -0.009391878731548786,
          "z": -0.0007136823260225356
        },
        "scale": {
          "x": 1.0,
          "y": 1.0,
          "z": 1.0
        },
        "matrix_basis": [
          [
            0.9998225569725037,
            -0.005695180967450142,
            -0.017955511808395386,
            0.0
          ],
          [
            -0.008342972956597805,
            0.7207285165786743,
            -0.6931673288345337,
            0.0
          ],
          [
            0.016888761892914772,
            0.6931940913200378,
            0.7205531001091003,
            0.0
          ],
          [
            0.0,
            0.0,
            0.0,
            1.0
          ]
        ],
        "rotation_mode": "QUATERNION"
      },
      "armature_space": {
        "head": {
          "x": 0.3597031235694885,
          "y": 0.3578932285308838,
          "z": 0.08334959298372269
        },
        "tail": {
          "x": 0.3714471459388733,
          "y": 0.3486585319042206,
          "z": 0.062495458871126175
        }
      },
      "world_space": {
        "head": {
          "x": 0.3597031235694885,
          "y": 0.4211372137069702,
          "z": 1.0332036018371582
        },
        "tail": {
          "x": 0.3714471459388733,
          "y": 0.4119025468826294,
          "z": 1.0123494863510132
        },
        "rotation_quaternion": {
          "w": 0.12109394371509552,
          "x": 0.24144800007343292,
          "y": 0.5525814890861511,
          "z": -0.788474977016449
        },
        "matrix": [
          [
            -0.8540787100791931,
            0.45779845118522644,
            -0.2469213306903839,
            0.3597031235694885
          ],
          [
            0.07587782293558121,
            -0.3599812686443329,
            -0.9298692345619202,
            0.4211372137069702
          ],
          [
            -0.5145831108093262,
            -0.8129231333732605,
            0.27271655201911926,
            1.0332036018371582
          ],
          [
            0.0,
            0.0,
            0.0,
            1.0
          ]
        ]
      },
      "bone_length_armature_space": 0.02565339325584765,
      "parent": "index_01_l",
      "has_children": true,
      "is_end_bone": false
    },
    "index_03_l": {
      "name": "index_03_l",
      "local": {
        "location": {
          "x": 0.0,
          "y": 0.0,
          "z": 0.0
        },
        "rotation_quaternion": {
          "w": 0.9673423767089844,
          "x": 0.25337234139442444,
          "y": 0.006201242096722126,
          "z": -0.00358883710578084
        },
        "scale": {
          "x": 1.0,
          "y": 1.0,
          "z": 1.0
        },
        "matrix_basis": [
          [
            0.999897301197052,
            0.010085714980959892,
            0.010178823955357075,
            0.0
          ],
          [
            -0.0038008219562470913,
            0.8715791702270508,
            -0.4902401268482208,
            0.0
          ],
          [
            -0.01381607260555029,
            0.4901511073112488,
            0.8715280294418335,
            0.0
          ],
          [
            0.0,
            0.0,
            0.0,
            1.0
          ]
        ],
        "rotation_mode": "QUATERNION"
      },
      "armature_space": {
        "head": {
          "x": 0.37144720554351807,
          "y": 0.34865865111351013,
          "z": 0.06249544396996498
        },
        "tail": {
          "x": 0.37527748942375183,
          "y": 0.3250380754470825,
          "z": 0.04572838544845581
        }
      },
      "world_space": {
        "head": {
          "x": 0.37144720554351807,
          "y": 0.41190266609191895,
          "z": 1.0123494863510132
        },
        "tail": {
          "x": 0.37527748942375183,
          "y": 0.38828206062316895,
          "z": 0.9955824017524719
        },
        "rotation_quaternion": {
          "w": 0.015931501984596252,
          "x": -0.25920578837394714,
          "y": -0.30910101532936096,
          "z": 0.9148852825164795
        },
        "matrix": [
          [
            -0.8651173114776611,
            0.1310902237892151,
            -0.48413556814193726,
            0.37144720554351807
          ],
          [
            0.1893920749425888,
            -0.8084063529968262,
            -0.5573244094848633,
            0.41190266609191895
          ],
          [
            -0.4644409418106079,
            -0.573847234249115,
            0.6745429635047913,
            1.0123494863510132
          ],
          [
            0.0,
            0.0,
            0.0,
            1.0
          ]
        ]
      },
      "bone_length_armature_space": 0.02921877687688637,
      "parent": "index_02_l",
      "has_children": false,
      "is_end_bone": true
    },
    "metacarpal_pinky_l": {
      "name": "metacarpal_pinky_l",
      "local": {
        "location": {
          "x": 0.0,
          "y": 0.0,
          "z": 0.0
        },
        "rotation_quaternion": {
          "w": 0.998583972454071,
          "x": -0.05189017578959465,
          "y": -0.009774095378816128,
          "z": 0.006483853328973055
        },
        "scale": {
          "x": 1.0,
          "y": 1.0,
          "z": 1.0
        },
        "matrix_basis": [
          [
            0.9997248649597168,
            -0.011934985406696796,
            -0.02019340731203556,
            0.0
          ],
          [
            0.013963703066110611,
            0.9945307374000549,
            0.1035066470503807,
            0.0
          ],
          [
            0.018847612664103508,
            -0.10376014560461044,
            0.9944237470626831,
            0.0
          ],
          [
            0.0,
            0.0,
            0.0,
            1.0
          ]
        ],
        "rotation_mode": "QUATERNION"
      },
      "armature_space": {
        "head": {
          "x": 0.25343140959739685,
          "y": 0.2918892502784729,
          "z": 0.1533185839653015
        },
        "tail": {
          "x": 0.2847920060157776,
          "y": 0.3716418445110321,
          "z": 0.09416374564170837
        }
      },
      "world_space": {
        "head": {
          "x": 0.25343140959739685,
          "y": 0.3551332354545593,
          "z": 1.1031725406646729
        },
        "tail": {
          "x": 0.2847920060157776,
          "y": 0.4348858594894409,
          "z": 1.0440177917480469
        },
        "rotation_quaternion": {
          "w": 0.920363187789917,
          "x": -0.26377400755882263,
          "y": 0.18940947949886322,
          "z": -0.21789652109146118
        },
        "matrix": [
          [
            0.8332901000976562,
            0.3011656701564789,
            0.4636019766330719,
            0.25343140959739685
          ],
          [
            -0.5010108947753906,
            0.7658888697624207,
            0.4029921889305115,
            0.3551332354545593
          ],
          [
            -0.23370224237442017,
            -0.5680822730064392,
            0.7891005277633667,
            1.1031725406646729
          ],
          [
            0.0,
            0.0,
            0.0,
            1.0
          ]
        ]
      },
      "bone_length_armature_space": 0.10413096674223403,
      "parent": "lowerarm_l",
      "has_children": true,
      "is_end_bone": false
    },
    "pinky_01_l": {
      "name": "pinky_01_l",
      "local": {
        "location": {
          "x": 0.0,
          "y": 0.0,
          "z": 0.0
        },
        "rotation_quaternion": {
          "w": 0.9539916515350342,
          "x": 0.29902058839797974,
          "y": 0.01620548404753208,
          "z": -0.014969000592827797
        },
        "scale": {
          "x": 1.0,
          "y": 1.0,
          "z": 1.0
        },
        "matrix_basis": [
          [
            0.9990265965461731,
            0.038252148777246475,
            0.02196771465241909,
            0.0
          ],
          [
            -0.018869057297706604,
            0.8207252621650696,
            -0.5710114240646362,
            0.0
          ],
          [
            -0.03987187147140503,
            0.5700411200523376,
            0.8206481337547302,
            0.0
          ],
          [
            0.0,
            0.0,
            0.0,
            1.0
          ]
        ],
        "rotation_mode": "QUATERNION"
      },
      "armature_space": {
        "head": {
          "x": 0.2847920060157776,
          "y": 0.3716418445110321,
          "z": 0.09416374564170837
        },
        "tail": {
          "x": 0.2915227711200714,
