{
  "metadata": {
    "armature_name": "KIM_caucasian_male",
    "export_time": "2026-01-13T21:07:22.438410",
    "blender_version": "4.4.1",
    "bone_count": 56,
    "end_bone_count": 13,
    "spaces_included": [
      "LOCAL_CHANNELS",
      "ARMATURE_SPACE",
      "WORLD_SPACE"
    ],
    "note": "LOCAL matches Transform panel; replay pose via local.matrix_basis for best fidelity."
  },
  "bones": {
    "Root": {
      "name": "Root",
      "local": {
        "location": {
          "x": 0.0,
          "y": 0.0,
          "z": 0.0
        },
        "rotation_quaternion": {
          "w": 0.9995155334472656,
          "x": 0.009420719929039478,
          "y": -0.012078775092959404,
          "z": 0.027096206322312355
        },
        "scale": {
          "x": 1.0,
          "y": 1.0,
          "z": 1.0
        },
        "matrix_basis": [
          [
            0.9982398152351379,
            -0.05439373850822449,
            -0.023635314777493477,
            0.0
          ],
          [
            0.053938575088977814,
            0.9983540773391724,
            -0.019486889243125916,
            0.0
          ],
          [
            0.024656377732753754,
            0.018177734687924385,
            0.9995307326316833,
            0.0
          ],
          [
            0.0,
            0.0,
            0.0,
            1.0
          ]
        ],
        "rotation_mode": "QUATERNION"
      },
      "armature_space": {
        "head": {
          "x": 0.0,
          "y": 0.07072800397872925,
          "z": -0.009595036506652832
        },
        "tail": {
          "x": -0.003882400458678603,
          "y": -5.8002769947052e-05,
          "z": -0.001301477663218975
        }
      },
      "world_space": {
        "head": {
          "x": 0.0,
          "y": 0.13397200405597687,
          "z": 0.9402589797973633
        },
        "tail": {
          "x": -0.003882400458678603,
          "y": 0.06318599730730057,
          "z": 0.9485525488853455
        },
        "rotation_quaternion": {
          "w": 0.05793570727109909,
          "x": 0.9978795051574707,
          "y": -0.02784837782382965,
          "z": -0.010225924663245678
        },
        "matrix": [
          [
            0.9982398152351379,
            -0.05439373850822449,
            -0.023635314777493477,
            0.0
          ],
          [
            -0.056763533502817154,
            -0.9917358160018921,
            -0.1150566041469574,
            0.13397200405597687
          ],
          [
            -0.017181802541017532,
            0.11619555950164795,
            -0.9930847883224487,
            0.9402589797973633
          ],
          [
            0.0,
            0.0,
            0.0,
            1.0
          ]
        ]
      },
      "bone_length_armature_space": 0.07137587146823085,
      "parent": null,
      "has_children": true,
      "is_end_bone": false
    },
    "spine_01": {
      "name": "spine_01",
      "local": {
        "location": {
          "x": 0.0,
          "y": 0.0,
          "z": 0.0
        },
        "rotation_quaternion": {
          "w": 0.9977530241012573,
          "x": 0.03959159180521965,
          "y": -0.010417452082037926,
          "z": -0.05303667113184929
        },
        "scale": {
          "x": 1.0,
          "y": 1.0,
          "z": 1.0
        },
        "matrix_basis": [
          [
            0.9941571950912476,
            0.10501011461019516,
            -0.024987701326608658,
            0.0
          ],
          [
            -0.10665988177061081,
            0.9912392497062683,
            -0.0779002457857132,
            0.0
          ],
          [
            0.016588475555181503,
            0.08011027425527573,
            0.9966479539871216,
            0.0
          ],
          [
            0.0,
            0.0,
            0.0,
            1.0
          ]
        ],
        "rotation_mode": "QUATERNION"
      },
      "armature_space": {
        "head": {
          "x": -0.003882400458678603,
          "y": -5.8002769947052e-05,
          "z": -0.001301477663218975
        },
        "tail": {
          "x": 0.05414704605937004,
          "y": -0.028744148090481758,
          "z": 0.48239076137542725
        }
      },
      "world_space": {
        "head": {
          "x": -0.003882400458678603,
          "y": 0.06318599730730057,
          "z": 0.9485525488853455
        },
        "tail": {
          "x": 0.05414704605937004,
          "y": 0.03449985384941101,
          "z": 1.4322447776794434
        },
        "rotation_quaternion": {
          "w": 0.6858482360839844,
          "x": 0.7241193056106567,
          "y": 0.014847407117486,
          "z": -0.0710141658782959
        },
        "matrix": [
          [
            0.9894732236862183,
            0.11891250312328339,
            -0.08247847855091095,
            -0.003882400458678603
          ],
          [
            -0.07590651512145996,
            -0.05878293514251709,
            -0.9953808188438416,
            0.06318599730730057
          ],
          [
            -0.12321246415376663,
            0.9911701083183289,
            -0.04913917928934097,
            0.9485525488853455
          ],
          [
            0.0,
            0.0,
            0.0,
            1.0
          ]
        ]
      },
      "bone_length_armature_space": 0.4880045917067561,
      "parent": "Root",
      "has_children": true,
      "is_end_bone": false
    },
    "neck_01": {
      "name": "neck_01",
      "local": {
        "location": {
          "x": 0.0,
          "y": 0.0,
          "z": 0.0
        },
        "rotation_quaternion": {
          "w": 0.9962507486343384,
          "x": 0.01488364115357399,
          "y": 0.01271388866007328,
          "z": 0.08426883071660995
        },
        "scale": {
          "x": 1.0,
          "y": 1.0,
          "z": 1.0
        },
        "matrix_basis": [
          [
            0.9854742288589478,
            -0.16752731800079346,
            0.02784089557826519,
            0.0
          ],
          [
            0.16828422248363495,
            0.985354483127594,
            -0.02751290798187256,
            0.0
          ],
          [
            -0.022823987528681755,
            0.03179844468832016,
            0.9992336630821228,
            0.0
          ],
          [
            0.0,
            0.0,
            0.0,
            1.0
          ]
        ],
        "rotation_mode": "QUATERNION"
      },
      "armature_space": {
        "head": {
          "x": 0.05999324470758438,
          "y": -0.06756839156150818,
          "z": 0.5532585382461548
        },
        "tail": {
          "x": 0.05054755508899689,
          "y": -0.11285953223705292,
          "z": 0.6447474956512451
        }
      },
      "world_space": {
        "head": {
          "x": 0.05999324470758438,
          "y": -0.004324391484260559,
          "z": 1.503112554550171
        },
        "tail": {
          "x": 0.05054755508899689,
          "y": -0.0496155321598053,
          "z": 1.5946015119552612
        },
        "rotation_quaternion": {
          "w": 0.5242958664894104,
          "x": 0.8488720655441284,
          "y": -0.06501711159944534,
          "z": -0.0174030140042305
        },
        "matrix": [
          [
            0.9909397959709167,
            -0.09213388711214066,
            -0.09772264212369919,
            0.05999324470758438
          ],
          [
            -0.12863142788410187,
            -0.44177281856536865,
            -0.8878576159477234,
            -0.004324391484260559
          ],
          [
            0.038630712777376175,
            0.8923893570899963,
            -0.44962555170059204,
            1.503112554550171
          ],
          [
            0.0,
            0.0,
            0.0,
            1.0
          ]
        ]
      },
      "bone_length_armature_space": 0.1025218875443077,
      "parent": "spine_01",
      "has_children": true,
      "is_end_bone": false
    },
    "head": {
      "name": "head",
      "local": {
        "location": {
          "x": 0.0,
          "y": 0.0,
          "z": 0.0
        },
        "rotation_quaternion": {
          "w": 0.9801156520843506,
          "x": -0.007767261005938053,
          "y": -0.10782711207866669,
          "z": 0.16639253497123718
        },
        "scale": {
          "x": 1.0,
          "y": 1.0,
          "z": 1.0
        },
        "matrix_basis": [
          [
            0.9213736653327942,
            -0.32449281215667725,
            -0.21395090222358704,
            0.0
          ],
          [
            0.3278428912162781,
            0.9445064067840576,
            -0.020657625049352646,
            0.0
          ],
          [
            0.20878125727176666,
            -0.05110888183116913,
            0.9766259789466858,
            0.0
          ],
          [
            0.0,
            0.0,
            0.0,
            1.0
          ]
        ],
        "rotation_mode": "QUATERNION"
      },
      "armature_space": {
        "head": {
          "x": 0.05054754763841629,
          "y": -0.11285963654518127,
          "z": 0.6447473764419556
        },
        "tail": {
          "x": -0.0057916417717933655,
          "y": -0.1117178276181221,
          "z": 0.7892391681671143
        }
      },
      "world_space": {
        "head": {
          "x": 0.05054754763841629,
          "y": -0.049615636467933655,
          "z": 1.5946013927459717
        },
        "tail": {
          "x": -0.0057916417717933655,
          "y": -0.04847382754087448,
          "z": 1.7390931844711304
        },
        "rotation_quaternion": {
          "w": 0.6620551943778992,
          "x": 0.7044955492019653,
          "y": -0.2556634545326233,
          "z": 0.0022954388987272978
        },
        "matrix": [
          [
            0.8692609667778015,
            -0.3632672131061554,
            -0.33529454469680786,
            0.05054754763841629
          ],
          [
            -0.3571902811527252,
            0.007362239062786102,
            -0.9340028762817383,
            -0.049615636467933655
          ],
          [
            0.3417631685733795,
            0.9316627383232117,
            -0.12335748970508575,
            1.5946013927459717
          ],
          [
            0.0,
            0.0,
            0.0,
            1.0
          ]
        ]
      },
      "bone_length_armature_space": 0.15509121586998167,
      "parent": "neck_01",
      "has_children": false,
      "is_end_bone": true
    },
    "upperarm_l": {
      "name": "upperarm_l",
      "local": {
        "location": {
          "x": 0.0,
          "y": 0.0,
          "z": 0.0
        },
        "rotation_quaternion": {
          "w": 0.8199566602706909,
          "x": 0.0828452929854393,
          "y": 0.5510677695274353,
          "z": -0.13089007139205933
        },
        "scale": {
          "x": 1.0,
          "y": 1.0,
          "z": 1.0
        },
        "matrix_basis": [
          [
            0.3583841919898987,
            0.30595511198043823,
            0.882016122341156,
            0.0
          ],
          [
            -0.1233416274189949,
            0.9520089030265808,
            -0.2801176905632019,
            0.0
          ],
          [
            -0.9253906011581421,
            -0.008399499580264091,
            0.3789219558238983,
            0.0
          ],
          [
            0.0,
            0.0,
            0.0,
            1.0
          ]
        ],
        "rotation_mode": "QUATERNION"
      },
      "armature_space": {
        "head": {
          "x": 0.20015935599803925,
          "y": -0.07817809283733368,
          "z": 0.46800562739372253
        },
        "tail": {
          "x": 0.4411557912826538,
          "y": -0.0781003087759018,
          "z": 0.3508368134498596
        }
      },
      "world_space": {
        "head": {
          "x": 0.20015935599803925,
          "y": -0.01493409276008606,
          "z": 1.417859673500061
        },
        "tail": {
          "x": 0.4411557912826538,
          "y": -0.014856308698654175,
          "z": 1.3006908893585205
        },
        "rotation_quaternion": {
          "w": 0.054807256907224655,
          "x": -0.6578840017318726,
          "y": -0.7050829529762268,
          "z": 0.25892648100852966
        },
        "matrix": [
          [
            -0.12836793065071106,
            0.8993430733680725,
            -0.41797593235969543,
            0.20015935599803925
          ],
          [
            0.956108570098877,
            0.0002902830019593239,
            -0.29301345348358154,
            -0.01493409276008606
          ],
          [
            -0.2633991539478302,
            -0.4372469186782837,
            -0.8599130511283875,
            1.417859673500061
          ],
          [
            0.0,
            0.0,
            0.0,
            1.0
          ]
        ]
      },
      "bone_length_armature_space": 0.2679698062974002,
      "parent": "spine_01",
      "has_children": true,
      "is_end_bone": false
    },
    "lowerarm_l": {
      "name": "lowerarm_l",
      "local": {
        "location": {
          "x": 0.0,
          "y": 0.0,
          "z": 0.0
        },
        "rotation_quaternion": {
          "w": 0.9576312303543091,
          "x": 0.27374884486198425,
          "y": -0.0034573168959468603,
          "z": 0.08939800411462784
        },
        "scale": {
          "x": 1.0,
          "y": 1.0,
          "z": 1.0
        },
        "matrix_basis": [
          [
            0.9839920997619629,
            -0.17311351001262665,
            0.042323529720306396,
            0.0
          ],
          [
            0.1693277657032013,
            0.8341391086578369,
            -0.5249190330505371,
            0.0
          ],
          [
            0.05556686967611313,
            0.523682713508606,
            0.8500992059707642,
            0.0
          ],
          [
            0.0,
            0.0,
            0.0,
            1.0
          ]
        ],
        "rotation_mode": "QUATERNION"
      },
      "armature_space": {
        "head": {
          "x": 0.44115588068962097,
          "y": -0.07810043543577194,
          "z": 0.35083678364753723
        },
        "tail": {
          "x": 0.5668925046920776,
          "y": -0.20115980505943298,
          "z": 0.14930100739002228
        }
      },
      "world_space": {
        "head": {
          "x": 0.44115588068962097,
          "y": -0.014856435358524323,
          "z": 1.300690770149231
        },
        "tail": {
          "x": 0.5668925046920776,
          "y": -0.13791580498218536,
          "z": 1.099155068397522
        },
        "rotation_quaternion": {
          "w": 0.18082661926746368,
          "x": -0.6762461066246033,
          "y": -0.48713910579681396,
          "z": 0.5221958160400391
        },
        "matrix": [
          [
            -0.01998758874833584,
            0.4700005352497101,
            -0.8824397921562195,
            0.44115588068962097
          ],
          [
            0.8477060198783875,
            -0.4599929451942444,
            -0.2641999125480652,
            -0.014856435358524323
          ],
          [
            -0.5300930142402649,
            -0.7533358335494995,
            -0.38923120498657227,
            1.300690770149231
          ],
          [
            0.0,
            0.0,
            0.0,
            1.0
          ]
        ]
      },
      "bone_length_armature_space": 0.267525653845638,
      "parent": "upperarm_l",
      "has_children": true,
      "is_end_bone": false
    },
    "metacarpal_thumb_l": {
      "name": "metacarpal_thumb_l",
      "local": {
        "location": {
          "x": 0.0,
          "y": 0.0,
          "z": 0.0
        },
        "rotation_quaternion": {
          "w": 0.9995226263999939,
          "x": 0.02846207469701767,
          "y": -0.004200977273285389,
          "z": -0.011258716695010662
        },
        "scale": {
          "x": 1.0,
          "y": 1.0,
          "z": 1.0
        },
        "matrix_basis": [
          [
            0.9997112154960632,
            0.022267546504735947,
            -0.009038836695253849,
            0.0
          ],
          [
            -0.022745821624994278,
            0.9981263279914856,
            -0.056802380830049515,
            0.0
          ],
          [
            0.007757050916552544,
            0.0569915696978569,
            0.9983445405960083,
            0.0
          ],
          [
            0.0,
            0.0,
            0.0,
            1.0
          ]
        ],
        "rotation_mode": "QUATERNION"
      },
      "armature_space": {
        "head": {
          "x": 0.5668925046920776,
          "y": -0.20115980505943298,
          "z": 0.14930100739002228
        },
        "tail": {
          "x": 0.560284435749054,
          "y": -0.21648243069648743,
          "z": 0.10266231745481491
        }
      },
      "world_space": {
        "head": {
          "x": 0.5668925046920776,
          "y": -0.13791580498218536,
          "z": 1.099155068397522
        },
        "tail": {
          "x": 0.560284435749054,
          "y": -0.1532384306192398,
          "z": 1.0525163412094116
        },
        "rotation_quaternion": {
          "w": 0.5865586996078491,
          "x": -0.8065395951271057,
          "y": 0.0357820950448513,
          "z": 0.06451714783906937
        },
        "matrix": [
          [
            0.9891143441200256,
            -0.1334056258201599,
            -0.062093980610370636,
            0.5668925046920776
          ],
          [
            0.01796603761613369,
            -0.3093375861644745,
            0.9507827162742615,
            -0.13791580498218536
          ],
          [
            -0.14604860544204712,
            -0.9415553212165833,
            -0.3035747706890106,
            1.099155068397522
          ],
          [
            0.0,
            0.0,
            0.0,
            1.0
          ]
        ]
      },
      "bone_length_armature_space": 0.04953399708856038,
      "parent": "lowerarm_l",
      "has_children": true,
      "is_end_bone": false
    },
    "thumb_01_l": {
      "name": "thumb_01_l",
      "local": {
        "location": {
          "x": 0.0,
          "y": 0.0,
          "z": 0.0
        },
        "rotation_quaternion": {
          "w": 0.9983006715774536,
          "x": 0.05602084845304489,
          "y": -0.0005621840828098357,
          "z": -0.01604188233613968
        },
        "scale": {
          "x": 1.0,
          "y": 1.0,
          "z": 1.0
        },
        "matrix_basis": [
          [
            0.999484658241272,
            0.031966254115104675,
            -0.0029198171105235815,
            0.0
          ],
          [
            -0.03209223225712776,
            0.993208646774292,
            -0.11183326691389084,
            0.0
          ],
          [
            -0.0006749022286385298,
            0.11186933517456055,
            0.993722677230835,
            0.0
          ],
          [
            0.0,
            0.0,
            0.0,
            1.0
          ]
        ],
        "rotation_mode": "QUATERNION"
      },
      "armature_space": {
        "head": {
          "x": 0.560284435749054,
          "y": -0.21648243069648743,
          "z": 0.10266231745481491
        },
        "tail": {
          "x": 0.5553105473518372,
          "y": -0.20028352737426758,
          "z": 0.07314125448465347
        }
      },
      "world_space": {
        "head": {
          "x": 0.560284435749054,
          "y": -0.1532384306192398,
          "z": 1.0525163412094116
        },
        "tail": {
          "x": 0.5553105473518372,
          "y": -0.13703952729701996,
          "z": 1.0229952335357666
        },
        "rotation_quaternion": {
          "w": 0.5627058148384094,
          "x": -0.3949231505393982,
          "y": 0.6490852236747742,
          "z": -0.3257087767124176
        },
        "matrix": [
          [
            -0.05479667708277702,
            -0.1461242437362671,
            0.9877474904060364,
            0.560284435749054
          ],
          [
            -0.8792345523834229,
            0.47589829564094543,
            0.021626025438308716,
            -0.1532384306192398
          ],
          [
            -0.4732314348220825,
            -0.867282509803772,
            -0.1545560657978058,
            1.0525163412094116
          ],
          [
            0.0,
            0.0,
            0.0,
            1.0
          ]
        ]
      },
      "bone_length_armature_space": 0.034038759808237486,
      "parent": "metacarpal_thumb_l",
      "has_children": true,
      "is_end_bone": false
    },
    "thumb_02_l": {
      "name": "thumb_02_l",
      "local": {
        "location": {
          "x": 0.0,
          "y": 0.0,
          "z": 0.0
        },
        "rotation_quaternion": {
          "w": 0.9942957162857056,
          "x": 0.10636559873819351,
          "y": 0.00750501174479723,
          "z": 0.002471809508278966
        },
        "scale": {
          "x": 1.0,
          "y": 1.0,
          "z": 1.0
        },
        "matrix_basis": [
          [
            0.9998751282691956,
            -0.0033188690431416035,
            0.015450232662260532,
            0.0
          ],
          [
            0.006511969491839409,
            0.9773604869842529,
            -0.21148061752319336,
            0.0
          ],
          [
            -0.014398571103811264,
            0.21155482530593872,
            0.9772600531578064,
            0.0
          ],
          [
            0.0,
            0.0,
            0.0,
            1.0
          ]
        ],
        "rotation_mode": "QUATERNION"
      },
      "armature_space": {
        "head": {
          "x": 0.5553105473518372,
          "y": -0.2002834975719452,
          "z": 0.07314129173755646
        },
        "tail": {
          "x": 0.5790538787841797,
          "y": -0.21776510775089264,
          "z": 0.04586786776781082
        }
      },
      "world_space": {
        "head": {
          "x": 0.5553105473518372,
          "y": -0.13703949749469757,
          "z": 1.0229953527450562
        },
        "tail": {
          "x": 0.5790538787841797,
          "y": -0.15452110767364502,
          "z": 0.9957218766212463
        },
        "rotation_quaternion": {
          "w": 0.380548357963562,
          "x": -0.06933443993330002,
          "y": 0.37088698148727417,
          "z": -0.8442858457565308
        },
        "matrix": [
          [
            -0.7007502317428589,
            0.5911529064178467,
            0.3993588089942932,
            0.5553105473518372
          ],
          [
            -0.6940152049064636,
            -0.4352512061595917,
            -0.5734975934028625,
            -0.13703949749469757
          ],
          [
            -0.16520525515079498,
            -0.6790446639060974,
            0.7152761220932007,
            1.0229953527450562
          ],
          [
            0.0,
            0.0,
            0.0,
            1.0
          ]
        ]
      },
      "bone_length_armature_space": 0.040164563284692,
      "parent": "thumb_01_l",
      "has_children": true,
      "is_end_bone": false
    },
    "thumb_03_l": {
      "name": "thumb_03_l",
      "local": {
        "location": {
          "x": 0.0,
          "y": 0.0,
          "z": 0.0
        },
        "rotation_quaternion": {
          "w": 0.9989216327667236,
          "x": 0.04526191204786301,
          "y": -0.009029477834701538,
          "z": -0.005049257539212704
        },
        "scale": {
          "x": 1.0,
          "y": 1.0,
          "z": 1.0
        },
        "matrix_basis": [
          [
            0.9997859597206116,
            0.009270242415368557,
            -0.01849655993282795,
            0.0
          ],
          [
            -0.0109050078317523,
            0.9958517551422119,
            -0.09033501893281937,
            0.0
          ],
          [
            0.017582403495907784,
            0.09051738679409027,
            0.9957396388053894,
            0.0
          ],
          [
            0.0,
            0.0,
            0.0,
            1.0
          ]
        ],
        "rotation_mode": "QUATERNION"
      },
      "armature_space": {
        "head": {
          "x": 0.5790537595748901,
          "y": -0.21776509284973145,
          "z": 0.04586784541606903
        },
        "tail": {
          "x": 0.6025232672691345,
          "y": -0.2336951047182083,
          "z": 0.034808434545993805
        }
      },
      "world_space": {
        "head": {
          "x": 0.5790537595748901,
          "y": -0.15452109277248383,
          "z": 0.9957218766212463
        },
        "tail": {
          "x": 0.6025232672691345,
          "y": -0.1704511046409607,
          "z": 0.9846624732017517
        },
        "rotation_quaternion": {
          "w": 0.3882031738758087,
          "x": 0.1829947978258133,
          "y": 0.29610374569892883,
          "z": -0.8533076047897339
        },
        "matrix": [
          [
            -0.6316221356391907,
            0.7708848118782043,
            -0.08240313827991486,
            0.5790537595748901
          ],
          [
            -0.554144024848938,
            -0.5232410430908203,
            -0.647412896156311,
            -0.15452109277248383
          ],
          [
            -0.542201817035675,
            -0.36326003074645996,
            0.7576766014099121,
            0.9957218766212463
          ],
          [
            0.0,
            0.0,
            0.0,
            1.0
          ]
        ]
      },
      "bone_length_armature_space": 0.03044492847933617,
      "parent": "thumb_02_l",
      "has_children": false,
      "is_end_bone": true
    },
    "metacarpal_index_l": {
      "name": "metacarpal_index_l",
      "local": {
        "location": {
          "x": 0.0,
          "y": 0.0,
          "z": 0.0
        },
        "rotation_quaternion": {
          "w": 0.9993774890899658,
          "x": -0.027669887989759445,
          "y": -0.019562669098377228,
          "z": -0.0098139438778162
        },
        "scale": {
          "x": 1.0,
          "y": 1.0,
          "z": 1.0
        },
        "matrix_basis": [
          [
            0.9990419745445251,
            0.020698262378573418,
            -0.038557879626750946,
            0.0
          ],
          [
            -0.018533075228333473,
            0.9982761144638062,
            0.05568930134177208,
            0.0
          ],
          [
            0.03964408487081528,
            -0.05492135137319565,
            0.9977033734321594,
            0.0
          ],
          [
            0.0,
            0.0,
            0.0,
            1.0
          ]
        ],
        "rotation_mode": "QUATERNION"
      },
      "armature_space": {
        "head": {
          "x": 0.5668925046920776,
          "y": -0.20115980505943298,
          "z": 0.14930100739002228
        },
        "tail": {
          "x": 0.5933057069778442,
          "y": -0.25943228602409363,
          "z": 0.05113774538040161
        }
      },
      "world_space": {
        "head": {
          "x": 0.5668925046920776,
          "y": -0.13791580498218536,
          "z": 1.099155068397522
        },
        "tail": {
          "x": 0.5933057069778442,
          "y": -0.196188285946846,
          "z": 1.0009918212890625
        },
        "rotation_quaternion": {
          "w": 0.4296727478504181,
          "x": -0.8319330811500549,
          "y": -0.25830012559890747,
          "z": 0.2378023862838745
        },
        "matrix": [
          [
            0.7534617185592651,
            0.2254229187965393,
            -0.6176406145095825,
            0.5668925046920776
          ],
          [
            0.6341317892074585,
            -0.4973253309726715,
            0.5920684337615967,
            -0.13791580498218536
          ],
          [
            -0.17370301485061646,
            -0.8377725481987,
            -0.5176665782928467,
            1.099155068397522
          ],
          [
            0.0,
            0.0,
            0.0,
            1.0
          ]
        ]
      },
      "bone_length_armature_space": 0.11717237335169808,
      "parent": "lowerarm_l",
      "has_children": true,
      "is_end_bone": false
    },
    "index_01_l": {
      "name": "index_01_l",
      "local": {
        "location": {
          "x": 0.0,
          "y": 0.0,
          "z": 0.0
        },
        "rotation_quaternion": {
          "w": 0.99681556224823,
          "x": -0.07507046312093735,
          "y": 0.024876441806554794,
          "z": 0.0102227833122015
        },
        "scale": {
          "x": 1.0,
          "y": 1.0,
          "z": 1.0
        },
        "matrix_basis": [
          [
            0.9985533356666565,
            -0.02411543019115925,
            0.04805959016084671,
            0.0
          ],
          [
            0.016645487397909164,
            0.9885198473930359,
            0.1501714289188385,
            0.0
          ],
          [
            -0.051129307597875595,
            -0.1491542011499405,
            0.9874911904335022,
            0.0
          ],
          [
            0.0,
            0.0,
            0.0,
            1.0
          ]
        ],
        "rotation_mode": "QUATERNION"
      },
      "armature_space": {
        "head": {
          "x": 0.5933057069778442,
          "y": -0.25943228602409363,
          "z": 0.05113774538040161
        },
        "tail": {
          "x": 0.6107062697410583,
          "y": -0.2714489996433258,
          "z": 0.03200940787792206
        }
      },
      "world_space": {
        "head": {
          "x": 0.5933057069778442,
          "y": -0.196188285946846,
          "z": 1.0009918212890625
        },
        "tail": {
          "x": 0.6107062697410583,
          "y": -0.20820499956607819,
          "z": 0.9818634390830994
        },
        "rotation_quaternion": {
          "w": 0.3616684079170227,
          "x": -0.8392231464385986,
          "y": -0.3980986177921295,
          "z": 0.08011254668235779
        },
        "matrix": [
          [
            0.6701977252960205,
            0.6102389693260193,
            -0.422425776720047,
            0.5933057069778442
          ],
          [
            0.7261372208595276,
            -0.42142653465270996,
            0.5432541966438293,
            -0.196188285946846
          ],
          [
            0.15349523723125458,
            -0.670831561088562,
            -0.7255607843399048,
            1.0009918212890625
          ],
          [
            0.0,
            0.0,
            0.0,
            1.0
          ]
        ]
      },
      "bone_length_armature_space": 0.028514457368052148,
      "parent": "metacarpal_index_l",
      "has_children": true,
      "is_end_bone": false
    },
    "index_02_l": {
      "name": "index_02_l",
      "local": {
        "location": {
          "x": 0.0,
          "y": 0.0,
          "z": 0.0
        },
        "rotation_quaternion": {
          "w": 0.9842702746391296,
          "x": 0.1765921264886856,
          "y": -0.002443255390971899,
          "z": -0.0046215723268687725
        },
        "scale": {
          "x": 1.0,
          "y": 1.0,
          "z": 1.0
        },
        "matrix_basis": [
          [
            0.999945342540741,
            0.008234833367168903,
            -0.006441914010792971,
            0.0
          ],
          [
            -0.00996067188680172,
            0.9375877380371094,
            -0.34760618209838867,
            0.0
          ],
          [
            0.0031773806549608707,
            0.34765133261680603,
            0.9376184940338135,
            0.0
          ],
          [
            0.0,
            0.0,
            0.0,
            1.0
          ]
        ],
        "rotation_mode": "QUATERNION"
      },
      "armature_space": {
        "head": {
          "x": 0.6107062697410583,
          "y": -0.27144914865493774,
          "z": 0.032008878886699677
        },
        "tail": {
          "x": 0.6224061846733093,
          "y": -0.2770455777645111,
          "z": 0.00987544097006321
        }
      },
      "world_space": {
        "head": {
          "x": 0.6107062697410583,
          "y": -0.20820514857769012,
          "z": 0.9818629026412964
        },
        "tail": {
          "x": 0.6224061846733093,
          "y": -0.2138015776872635,
          "z": 0.9597294330596924
        },
        "rotation_quaternion": {
          "w": 0.47646448016166687,
          "x": -0.7619562149047852,
          "y": -0.404849648475647,
          "z": 0.16882281005382538
        },
        "matrix": [
          [
            0.6151894927024841,
            0.4560794234275818,
            -0.6430658102035522,
            0.6107062697410583
          ],
          [
            0.7778333425521851,
            -0.2181561440229416,
            0.5893927812576294,
            -0.20820514857769012
          ],
          [
            0.12852278351783752,
            -0.8627921938896179,
            -0.4889640808105469,
            0.9818629026412964
          ],
          [
            0.0,
            0.0,
            0.0,
            1.0
          ]
        ]
      },
      "bone_length_armature_space": 0.025653402970020688,
      "parent": "index_01_l",
      "has_children": true,
      "is_end_bone": false
    },
    "index_03_l": {
      "name": "index_03_l",
      "local": {
        "location": {
          "x": 0.0,
          "y": 0.0,
          "z": 0.0
        },
        "rotation_quaternion": {
          "w": 0.9805094003677368,
          "x": 0.19643758237361908,
          "y": -0.002902072388678789,
          "z": -0.002271545585244894
        },
        "scale": {
          "x": 1.0,
          "y": 1.0,
          "z": 1.0
        },
        "matrix_basis": [
          [
            0.9999728202819824,
            0.003314391477033496,
            -0.006583452224731445,
            0.0
          ],
          [
            -0.005594695918262005,
            0.9228142499923706,
            -0.38520461320877075,
            0.0
          ],
          [
            0.004798584617674351,
            0.38523098826408386,
            0.9228076934814453,
            0.0
          ],
          [
            0.0,
            0.0,
            0.0,
            1.0
          ]
        ],
        "rotation_mode": "QUATERNION"
      },
      "armature_space": {
        "head": {
          "x": 0.6224063038825989,
          "y": -0.27704566717147827,
          "z": 0.009875517338514328
        },
        "tail": {
          "x": 0.6274341940879822,
          "y": -0.27209746837615967,
          "z": -0.018478987738490105
        }
      },
      "world_space": {
        "head": {
          "x": 0.6224063038825989,
          "y": -0.21380166709423065,
          "z": 0.9597295522689819
        },
        "tail": {
          "x": 0.6274341940879822,
          "y": -0.20885346829891205,
          "z": 0.9313750267028809
        },
        "rotation_quaternion": {
          "w": 0.663316011428833,
          "x": -0.606446385383606,
          "y": -0.3803775906562805,
          "z": 0.21805419027805328
        },
        "matrix": [
          [
            0.6155290007591248,
            0.17207883298397064,
            -0.7690988183021545,
            0.6224063038825989
          ],
          [
            0.7506365180015564,
            0.16935044527053833,
            0.6386436820030212,
            -0.21380166709423065
          ],
          [
            0.2401466816663742,
            -0.9704238176345825,
            -0.024928301572799683,
            0.9597295522689819
          ],
          [
            0.0,
            0.0,
            0.0,
            1.0
          ]
        ]
      },
      "bone_length_armature_space": 0.029218868903902514,
      "parent": "index_02_l",
      "has_children": false,
      "is_end_bone": true
    },
    "metacarpal_pinky_l": {
      "name": "metacarpal_pinky_l",
      "local": {
        "location": {
          "x": 0.0,
          "y": 0.0,
          "z": 0.0
        },
        "rotation_quaternion": {
          "w": 0.9979169964790344,
          "x": -0.06423713266849518,
          "y": -0.0027469713240861893,
          "z": 0.0052679916843771935
        },
        "scale": {
          "x": 1.0,
          "y": 1.0,
          "z": 1.0
        },
        "matrix_basis": [
          [
            0.9999294281005859,
            -0.010161121375858784,
            -0.006159299984574318,
            0.0
          ],
          [
            0.010866952128708363,
            0.9916916489601135,
            0.1281777173280716,
            0.0
          ],
          [
            0.0048056975938379765,
            -0.1282355934381485,
            0.9917320609092712,
            0.0
          ],
          [
            0.0,
            0.0,
            0.0,
            1.0
          ]
        ],
        "rotation_mode": "QUATERNION"
      },
      "armature_space": {
        "head": {
          "x": 0.5668925046920776,
          "y": -0.20115980505943298,
          "z": 0.14930100739002228
        },
        "tail": {
          "x": 0.6437109708786011,
          "y": -0.22517582774162292,
          "z": 0.08322960138320923
        }
      },
      "world_space": {
        "head": {
          "x": 0.5668925046920776,
          "y": -0.13791580498218536,
          "z": 1.099155068397522
        },
        "tail": {
          "x": 0.6437109708786011,
          "y": -0.1619318276643753,
          "z": 1.0330836772918701
        },
        "rotation_quaternion": {
          "w": 0.30354413390159607,
          "x": 0.2682856321334839,
          "y": 0.5408741235733032,
          "z": -0.7371153235435486
        },
        "matrix": [
          [
            -0.6717674732208252,
            0.7377117276191711,
            -0.06715511530637741,
            0.5668925046920776
          ],
          [
            -0.1572798490524292,
            -0.23063325881958008,
            -0.9602457284927368,
            -0.13791580498218536
          ],
          [
            -0.7238780856132507,
            -0.6345041990280151,
            0.2709599733352661,
            1.099155068397522
          ],
          [
            0.0,
            0.0,
            0.0,
            1.0
          ]
        ]
      },
      "bone_length_armature_space": 0.10413105617981477,
      "parent": "lowerarm_l",
      "has_children": true,
      "is_end_bone": false
    },
    "pinky_01_l": {
      "name": "pinky_01_l",
      "local": {
        "location": {
          "x": 0.0,
          "y": 0.0,
          "z": 0.0
        },
        "rotation_quaternion": {
          "w": 0.9974778294563293,
          "x": 0.0677327886223793,
          "y": 0.011372288689017296,
          "z": -0.01791861467063427
        },
        "scale": {
          "x": 1.0,
          "y": 1.0,
          "z": 1.0
        },
        "matrix_basis": [
          [
            0.9990991950035095,
            0.0372873954474926,
            0.020259855315089226,
            0.0
          ],
          [
            -0.034206289798021317,
            0.9901823997497559,
            -0.1355314552783966,
            0.0
          ],
          [
            -0.025114567950367928,
            0.13471636176109314,
            0.9905658960342407,
            0.0
          ],
          [
            0.0,
            0.0,
            0.0,
            1.0
          ]
        ],
        "rotation_mode": "QUATERNION"
      },
      "armature_space": {
        "head": {
          "x": 0.6437109708786011,
          "y": -0.22517582774162292,
          "z": 0.08322960138320923
        },
