{
  "metadata": {
    "armature_name": "KIM_caucasian_male",
    "export_time": "2026-01-13T19:11:22.402657",
    "blender_version": "4.4.1",
    "bone_count": 56,
    "end_bone_count": 13,
    "spaces_included": [
      "LOCAL_CHANNELS",
      "ARMATURE_SPACE",
      "WORLD_SPACE"
    ],
    "note": "LOCAL matches Transform panel; replay pose via local.matrix_basis for best fidelity."
  },
  "bones": {
    "Root": {
      "name": "Root",
      "local": {
        "location": {
          "x": 0.0,
          "y": 0.0,
          "z": 0.0
        },
        "rotation_quaternion": {
          "w": 0.9998423457145691,
          "x": -0.0006707680295221508,
          "y": 0.0064131757244467735,
          "z": 0.01654910482466221
        },
        "scale": {
          "x": 1.0,
          "y": 1.0,
          "z": 1.0
        },
        "matrix_basis": [
          [
            0.9993699789047241,
            -0.03310159593820572,
            0.012802127748727798,
            0.0
          ],
          [
            0.03308438882231712,
            0.9994513392448425,
            0.0015535892453044653,
            0.0
          ],
          [
            -0.01284653041511774,
            -0.0011290599359199405,
            0.9999168515205383,
            0.0
          ],
          [
            0.0,
            0.0,
            0.0,
            1.0
          ]
        ],
        "rotation_mode": "QUATERNION"
      },
      "armature_space": {
        "head": {
          "x": 0.0,
          "y": 0.07072800397872925,
          "z": -0.009595036506652832
        },
        "tail": {
          "x": -0.0023626552429050207,
          "y": 4.963576793670654e-05,
          "z": 7.459241896867752e-05
        }
      },
      "world_space": {
        "head": {
          "x": 0.0,
          "y": 0.13397200405597687,
          "z": 0.9402589797973633
        },
        "tail": {
          "x": -0.0023626552429050207,
          "y": 0.06329363584518433,
          "z": 0.9499285817146301
        },
        "rotation_quaternion": {
          "w": 0.06802626699209213,
          "x": 0.997525691986084,
          "y": -0.01607946678996086,
          "z": 0.007513484917581081
        },
        "matrix": [
          [
            0.9993699789047241,
            -0.03310159593820572,
            0.012802127748727798,
            0.0
          ],
          [
            -0.03105713054537773,
            -0.9902277588844299,
            -0.1359580010175705,
            0.13397200405597687
          ],
          [
            0.017177538946270943,
            0.13547475636005402,
            -0.9906389713287354,
            0.9402589797973633
          ],
          [
            0.0,
            0.0,
            0.0,
            1.0
          ]
        ]
      },
      "bone_length_armature_space": 0.07137587557444565,
      "parent": null,
      "has_children": true,
      "is_end_bone": false
    },
    "spine_01": {
      "name": "spine_01",
      "local": {
        "location": {
          "x": 0.0,
          "y": 0.0,
          "z": 0.0
        },
        "rotation_quaternion": {
          "w": 0.9949830770492554,
          "x": 0.09259700775146484,
          "y": -0.02282639406621456,
          "z": -0.03022283874452114
        },
        "scale": {
          "x": 1.0,
          "y": 1.0,
          "z": 1.0
        },
        "matrix_basis": [
          [
            0.9971310496330261,
            0.05591511353850365,
            -0.05102084204554558,
            0.0
          ],
          [
            -0.06436973810195923,
            0.9810247421264648,
            -0.18288515508174896,
            0.0
          ],
          [
            0.039826661348342896,
            0.18564467132091522,
            0.9818094968795776,
            0.0
          ],
          [
            0.0,
            0.0,
            0.0,
            1.0
          ]
        ],
        "rotation_mode": "QUATERNION"
      },
      "armature_space": {
        "head": {
          "x": -0.0023626552429050207,
          "y": 4.963576793670654e-05,
          "z": 7.459241896867752e-05
        },
        "tail": {
          "x": 0.01452241837978363,
          "y": -0.06810948997735977,
          "z": 0.4830007553100586
        }
      },
      "world_space": {
        "head": {
          "x": -0.0023626552429050207,
          "y": 0.06329363584518433,
          "z": 0.9499285817146301
        },
        "tail": {
          "x": 0.01452241837978363,
          "y": -0.004865489900112152,
          "z": 1.4328547716140747
        },
        "rotation_quaternion": {
          "w": 0.6557403802871704,
          "x": 0.7537413239479065,
          "y": -0.013014795258641243,
          "z": -0.041342634707689285
        },
        "matrix": [
          [
            0.9962427616119385,
            0.03460047394037247,
            -0.07939167320728302,
            -0.0023626552429050207
          ],
          [
            -0.07383938878774643,
            -0.1396699845790863,
            -0.9874413013458252,
            0.06329363584518433
          ],
          [
            -0.04525495693087578,
            0.9896003007888794,
            -0.13659220933914185,
            0.9499285817146301
          ],
          [
            0.0,
            0.0,
            0.0,
            1.0
          ]
        ]
      },
      "bone_length_armature_space": 0.48800455306104823,
      "parent": "Root",
      "has_children": true,
      "is_end_bone": false
    },
    "neck_01": {
      "name": "neck_01",
      "local": {
        "location": {
          "x": 0.0,
          "y": 0.0,
          "z": 0.0
        },
        "rotation_quaternion": {
          "w": 0.9911670684814453,
          "x": -0.12889936566352844,
          "y": 0.002390047302469611,
          "z": -0.031098488718271255
        },
        "scale": {
          "x": 1.0,
          "y": 1.0,
          "z": 1.0
        },
        "matrix_basis": [
          [
            0.9980543255805969,
            0.06103144586086273,
            0.012755023315548897,
            0.0
          ],
          [
            -0.062263745814561844,
            0.9648357033729553,
            0.2553729712963104,
            0.0
          ],
          [
            0.0032792785204946995,
            -0.2556702792644501,
            0.9667584896087646,
            0.0
          ],
          [
            0.0,
            0.0,
            0.0,
            1.0
          ]
        ],
        "rotation_mode": "QUATERNION"
      },
      "armature_space": {
        "head": {
          "x": 0.01430247351527214,
          "y": -0.112580806016922,
          "z": 0.5507206916809082
        },
        "tail": {
          "x": 0.02303261309862137,
          "y": -0.14039070904254913,
          "z": 0.6490118503570557
        }
      },
      "world_space": {
        "head": {
          "x": 0.01430247351527214,
          "y": -0.04933680593967438,
          "z": 1.5005747079849243
        },
        "tail": {
          "x": 0.02303261309862137,
          "y": -0.07714670896530151,
          "z": 1.5988658666610718
        },
        "rotation_quaternion": {
          "w": 0.6035091876983643,
          "x": 0.7953933477401733,
          "y": 0.012114043347537518,
          "z": -0.054583676159381866
        },
        "matrix": [
          [
            0.9937477707862854,
            0.08515437692403793,
            -0.07220856845378876,
            0.01430247351527214
          ],
          [
            -0.046612128615379333,
            -0.271259605884552,
            -0.9613772034645081,
            -0.04933680593967438
          ],
          [
            -0.10145349055528641,
            0.9587385058403015,
            -0.2655971944332123,
            1.5005747079849243
          ],
          [
            0.0,
            0.0,
            0.0,
            1.0
          ]
        ]
      },
      "bone_length_armature_space": 0.1025219881794314,
      "parent": "spine_01",
      "has_children": true,
      "is_end_bone": false
    },
    "head": {
      "name": "head",
      "local": {
        "location": {
          "x": 0.0,
          "y": 0.0,
          "z": 0.0
        },
        "rotation_quaternion": {
          "w": 0.9864084720611572,
          "x": -0.0972244068980217,
          "y": -0.09483100473880768,
          "z": 0.0924820601940155
        },
        "scale": {
          "x": 1.0,
          "y": 1.0,
          "z": 1.0
        },
        "matrix_basis": [
          [
            0.9649083018302917,
            -0.1640104055404663,
            -0.2050672471523285,
            0.0
          ],
          [
            0.2008899450302124,
            0.9639889597892761,
            0.17426562309265137,
            0.0
          ],
          [
            0.16910117864608765,
            -0.20934629440307617,
            0.963109016418457,
            0.0
          ],
          [
            0.0,
            0.0,
            0.0,
            1.0
          ]
        ],
        "rotation_mode": "QUATERNION"
      },
      "armature_space": {
        "head": {
          "x": 0.023032596334815025,
          "y": -0.14039082825183868,
          "z": 0.6490117311477661
        },
        "tail": {
          "x": 0.014719123020768166,
          "y": -0.09269760549068451,
          "z": 0.7963533401489258
        }
      },
      "world_space": {
        "head": {
          "x": 0.023032596334815025,
          "y": -0.07714682817459106,
          "z": 1.5988657474517822
        },
        "tail": {
          "x": 0.014719123020768166,
          "y": -0.02945360541343689,
          "z": 1.746207356452942
        },
        "rotation_quaternion": {
          "w": 0.8014757037162781,
          "x": 0.5867214798927307,
          "y": -0.10675137490034103,
          "z": -0.044706568121910095
        },
        "matrix": [
          [
            0.9732109904289246,
            -0.053604111075401306,
            -0.22357746958732605,
            0.023032596334815025
          ],
          [
            -0.19692867994308472,
            0.30751922726631165,
            -0.9309412837028503,
            -0.07714682817459106
          ],
          [
            0.11865726858377457,
            0.9500380158424377,
            0.28872597217559814,
            1.5988657474517822
          ],
          [
            0.0,
            0.0,
            0.0,
            1.0
          ]
        ]
      },
      "bone_length_armature_space": 0.1550912873446254,
      "parent": "neck_01",
      "has_children": false,
      "is_end_bone": true
    },
    "upperarm_l": {
      "name": "upperarm_l",
      "local": {
        "location": {
          "x": 0.0,
          "y": 0.0,
          "z": 0.0
        },
        "rotation_quaternion": {
          "w": 0.8855918645858765,
          "x": 0.2652774751186371,
          "y": 0.3579891324043274,
          "z": 0.13114382326602936
        },
        "scale": {
          "x": 1.0,
          "y": 1.0,
          "z": 1.0
        },
        "matrix_basis": [
          [
            0.7092901468276978,
            -0.04234689846634865,
            0.7036435604095459,
            0.0
          ],
          [
            0.42221271991729736,
            0.8248583078384399,
            -0.37595900893211365,
            0.0
          ],
          [
            -0.5644855499267578,
            0.5637512803077698,
            0.6029433012008667,
            0.0
          ],
          [
            0.0,
            0.0,
            0.0,
            1.0
          ]
        ],
        "rotation_mode": "QUATERNION"
      },
      "armature_space": {
        "head": {
          "x": 0.16116027534008026,
          "y": -0.11741888523101807,
          "z": 0.4769880175590515
        },
        "tail": {
          "x": 0.3759927451610565,
          "y": -0.2752946615219116,
          "z": 0.4499717354774475
        }
      },
      "world_space": {
        "head": {
          "x": 0.16116027534008026,
          "y": -0.05417488515377045,
          "z": 1.4268419742584229
        },
        "tail": {
          "x": 0.3759927451610565,
          "y": -0.212050661444664,
          "z": 1.3998258113861084
        },
        "rotation_quaternion": {
          "w": 0.10994544625282288,
          "x": 0.8310290575027466,
          "y": 0.4396969676017761,
          "z": -0.32244279980659485
        },
        "matrix": [
          [
            0.4053936004638672,
            0.8017051219940186,
            -0.4392319321632385,
            0.16116027534008026
          ],
          [
            0.6598997116088867,
            -0.5891559720039368,
            -0.4662919044494629,
            -0.05417488515377045
          ],
          [
            -0.6326085329055786,
            -0.10081855952739716,
            -0.7678907513618469,
            1.4268419742584229
          ],
          [
            0.0,
            0.0,
            0.0,
            1.0
          ]
        ]
      },
      "bone_length_armature_space": 0.2679694581039821,
      "parent": "spine_01",
      "has_children": true,
      "is_end_bone": false
    },
    "lowerarm_l": {
      "name": "lowerarm_l",
      "local": {
        "location": {
          "x": 0.0,
          "y": 0.0,
          "z": 0.0
        },
        "rotation_quaternion": {
          "w": 0.9248825907707214,
          "x": 0.18651416897773743,
          "y": 0.15416932106018066,
          "z": -0.2933199107646942
        },
        "scale": {
          "x": 1.0,
          "y": 1.0,
          "z": 1.0
        },
        "matrix_basis": [
          [
            0.7803905010223389,
            0.6000824570655823,
            0.1757604032754898,
            0.0
          ],
          [
            -0.48506343364715576,
            0.7583518028259277,
            -0.4354492723941803,
            0.0
          ],
          [
            -0.3945936858654022,
            0.254565566778183,
            0.8828885555267334,
            0.0
          ],
          [
            0.0,
            0.0,
            0.0,
            1.0
          ]
        ],
        "rotation_mode": "QUATERNION"
      },
      "armature_space": {
        "head": {
          "x": 0.3759927451610565,
          "y": -0.27529481053352356,
          "z": 0.4499717652797699
        },
        "tail": {
          "x": 0.5421652793884277,
          "y": -0.3577110469341278,
          "z": 0.2571917474269867
        }
      },
      "world_space": {
        "head": {
          "x": 0.3759927451610565,
          "y": -0.21205081045627594,
          "z": 1.3998258113861084
        },
        "tail": {
          "x": 0.5421652793884277,
          "y": -0.294467031955719,
          "z": 1.2070457935333252
        },
        "rotation_quaternion": {
          "w": 0.2382398545742035,
          "x": -0.7308791875839233,
          "y": -0.5377790331840515,
          "z": 0.346195250749588
        },
        "matrix": [
          [
            0.18188247084617615,
            0.6211488842964172,
            -0.7622942328453064,
            0.3759927451610565
          ],
          [
            0.9510585069656372,
            -0.3080699145793915,
            -0.024106860160827637,
            -0.21205081045627594
          ],
          [
            -0.2498147189617157,
            -0.7206070423126221,
            -0.6467860341072083,
            1.3998258113861084
          ],
          [
            0.0,
            0.0,
            0.0,
            1.0
          ]
        ]
      },
      "bone_length_armature_space": 0.26752548413484856,
      "parent": "upperarm_l",
      "has_children": true,
      "is_end_bone": false
    },
    "metacarpal_thumb_l": {
      "name": "metacarpal_thumb_l",
      "local": {
        "location": {
          "x": 0.0,
          "y": 0.0,
          "z": 0.0
        },
        "rotation_quaternion": {
          "w": 0.9999288320541382,
          "x": -0.010446342639625072,
          "y": 0.00028447946533560753,
          "z": 0.005757228937000036
        },
        "scale": {
          "x": 1.0,
          "y": 1.0,
          "z": 1.0
        },
        "matrix_basis": [
          [
            0.9999335408210754,
            -0.011519582010805607,
            0.00044863446964882314,
            0.0
          ],
          [
            0.011507694609463215,
            0.9997154474258423,
            0.020894473418593407,
            0.0
          ],
          [
            -0.0006892023957334459,
            -0.02088792249560356,
            0.999781608581543,
            0.0
          ],
          [
            0.0,
            0.0,
            0.0,
            1.0
          ]
        ],
        "rotation_mode": "QUATERNION"
      },
      "armature_space": {
        "head": {
          "x": 0.5421652793884277,
          "y": -0.3577110469341278,
          "z": 0.2571917474269867
        },
        "tail": {
          "x": 0.545181393623352,
          "y": -0.36281442642211914,
          "z": 0.20801374316215515
        }
      },
      "world_space": {
        "head": {
          "x": 0.5421652793884277,
          "y": -0.294467031955719,
          "z": 1.2070457935333252
        },
        "tail": {
          "x": 0.545181393623352,
          "y": -0.2995704412460327,
          "z": 1.1578677892684937
        },
        "rotation_quaternion": {
          "w": 0.6695817112922668,
          "x": -0.7403045296669006,
          "y": 0.012101929634809494,
          "z": -0.05884871259331703
        },
        "matrix": [
          [
            0.9927806854248047,
            0.060889702290296555,
            0.10333792865276337,
            0.5421652793884277
          ],
          [
            -0.0967257171869278,
            -0.10302844643592834,
            0.989964485168457,
            -0.294467031955719
          ],
          [
            0.07092593610286713,
            -0.9928199052810669,
            -0.09639482200145721,
            1.2070457935333252
          ],
          [
            0.0,
            0.0,
            0.0,
            1.0
          ]
        ]
      },
      "bone_length_armature_space": 0.049534004331982164,
      "parent": "lowerarm_l",
      "has_children": true,
      "is_end_bone": false
    },
    "thumb_01_l": {
      "name": "thumb_01_l",
      "local": {
        "location": {
          "x": 0.0,
          "y": 0.0,
          "z": 0.0
        },
        "rotation_quaternion": {
          "w": 0.9891014695167542,
          "x": 0.14571645855903625,
          "y": -0.013704262673854828,
          "z": 0.016043322160840034
        },
        "scale": {
          "x": 1.0,
          "y": 1.0,
          "z": 1.0
        },
        "matrix_basis": [
          [
            0.9991096258163452,
            -0.03573082014918327,
            -0.022434260696172714,
            0.0
          ],
          [
            0.02774307318031788,
            0.9570186734199524,
            -0.28869643807411194,
            0.0
          ],
          [
            0.03178536519408226,
            0.28781700134277344,
            0.9571577906608582,
            0.0
          ],
          [
            0.0,
            0.0,
            0.0,
            1.0
          ]
        ],
        "rotation_mode": "QUATERNION"
      },
      "armature_space": {
        "head": {
          "x": 0.545181393623352,
          "y": -0.36281442642211914,
          "z": 0.20801374316215515
        },
        "tail": {
          "x": 0.5548977255821228,
          "y": -0.3400222957134247,
          "z": 0.18467402458190918
        }
      },
      "world_space": {
        "head": {
          "x": 0.545181393623352,
          "y": -0.2995704412460327,
          "z": 1.1578677892684937
        },
        "tail": {
          "x": 0.5548977255821228,
          "y": -0.27677828073501587,
          "z": 1.1345280408859253
        },
        "rotation_quaternion": {
          "w": 0.6858023405075073,
          "x": -0.17843295633792877,
          "y": 0.6037170886993408,
          "z": -0.36518827080726624
        },
        "matrix": [
          [
            0.0043264348059892654,
            0.285451203584671,
            0.9583834409713745,
            0.545181393623352
          ],
          [
            -0.7163408398628235,
            0.6695972084999084,
            -0.1962033212184906,
            -0.2995704412460327
          ],
          [
            -0.6977426409721375,
            -0.6856845021247864,
            0.20737864077091217,
            1.1578677892684937
          ],
          [
            0.0,
            0.0,
            0.0,
            1.0
          ]
        ]
      },
      "bone_length_armature_space": 0.034038665542119415,
      "parent": "metacarpal_thumb_l",
      "has_children": true,
      "is_end_bone": false
    },
    "thumb_02_l": {
      "name": "thumb_02_l",
      "local": {
        "location": {
          "x": 0.0,
          "y": 0.0,
          "z": 0.0
        },
        "rotation_quaternion": {
          "w": 0.9290383458137512,
          "x": 0.3698214888572693,
          "y": -0.010528073646128178,
          "z": 0.0029872055165469646
        },
        "scale": {
          "x": 1.0,
          "y": 1.0,
          "z": 1.0
        },
        "matrix_basis": [
          [
            0.9997604489326477,
            -0.013337472453713417,
            -0.017352502793073654,
            0.0
          ],
          [
            -0.002236558822914958,
            0.726446270942688,
            -0.6872195601463318,
            0.0
          ],
          [
            0.02177143469452858,
            0.6870937943458557,
            0.7262424230575562,
            0.0
          ],
          [
            0.0,
            0.0,
            0.0,
            1.0
          ]
        ],
        "rotation_mode": "QUATERNION"
      },
      "armature_space": {
        "head": {
          "x": 0.554897665977478,
          "y": -0.3400222659111023,
          "z": 0.18467403948307037
        },
        "tail": {
          "x": 0.5805429220199585,
          "y": -0.3705047369003296,
          "z": 0.17954382300376892
        }
      },
      "world_space": {
        "head": {
          "x": 0.554897665977478,
          "y": -0.27677828073501587,
          "z": 1.1345280408859253
        },
        "tail": {
          "x": 0.5805429220199585,
          "y": -0.30726075172424316,
          "z": 1.1293978691101074
        },
        "rotation_quaternion": {
          "w": 0.3082140386104584,
          "x": 0.25993338227272034,
          "y": 0.15978924930095673,
          "z": -0.9010584354400635
        },
        "matrix": [
          [
            -0.6748775243759155,
            0.6385071873664856,
            -0.36993080377578735,
            0.554897665977478
          ],
          [
            -0.4723692834377289,
            -0.7589426040649414,
            -0.44818931818008423,
            -0.27677828073501587
          ],
          [
            -0.5669326782226562,
            -0.12773028016090393,
            0.8138096332550049,
            1.1345280408859253
          ],
          [
            0.0,
            0.0,
            0.0,
            1.0
          ]
        ]
      },
      "bone_length_armature_space": 0.04016440391444402,
      "parent": "thumb_01_l",
      "has_children": true,
      "is_end_bone": false
    },
    "thumb_03_l": {
      "name": "thumb_03_l",
      "local": {
        "location": {
          "x": 0.0,
          "y": 0.0,
          "z": 0.0
        },
        "rotation_quaternion": {
          "w": 0.9810838103294373,
          "x": 0.19348403811454773,
          "y": -0.002973957220092416,
          "z": 0.005453566554933786
        },
        "scale": {
          "x": 1.0,
          "y": 1.0,
          "z": 1.0
        },
        "matrix_basis": [
          [
            0.9999228119850159,
            -0.011851638555526733,
            -0.003725046291947365,
            0.0
          ],
          [
            0.009549985639750957,
            0.9250683784484863,
            -0.3796805441379547,
            0.0
          ],
          [
            0.007945758290588856,
            0.3796156644821167,
            0.9251101613044739,
            0.0
          ],
          [
            0.0,
            0.0,
            0.0,
            1.0
          ]
        ],
        "rotation_mode": "QUATERNION"
      },
      "armature_space": {
        "head": {
          "x": 0.5805428624153137,
          "y": -0.3705047070980072,
          "z": 0.17954376339912415
        },
        "tail": {
          "x": 0.5896874666213989,
          "y": -0.3969936966896057,
          "z": 0.19144341349601746
        }
      },
      "world_space": {
        "head": {
          "x": 0.5805428624153137,
          "y": -0.3072606921195984,
          "z": 1.1293977499008179
        },
        "tail": {
          "x": 0.5896874666213989,
          "y": -0.3337497115135193,
          "z": 1.141297459602356
        },
        "rotation_quaternion": {
          "w": 0.24034710228443146,
          "x": 0.5268222689628601,
          "y": -0.08485846221446991,
          "z": -0.8108579516410828
        },
        "matrix": [
          [
            -0.3293827772140503,
            0.3003658950328827,
            -0.8951464891433716,
            0.5805428624153137
          ],
          [
            -0.47918617725372314,
            -0.8700641393661499,
            -0.11562588810920715,
            -0.3072606921195984
          ],
          [
            -0.8135707378387451,
            0.3908587098121643,
            0.43051809072494507,
            1.1293977499008179
          ],
          [
            0.0,
            0.0,
            0.0,
            1.0
          ]
        ]
      },
      "bone_length_armature_space": 0.030444901712723415,
      "parent": "thumb_02_l",
      "has_children": false,
      "is_end_bone": true
    },
    "metacarpal_index_l": {
      "name": "metacarpal_index_l",
      "local": {
        "location": {
          "x": 0.0,
          "y": 0.0,
          "z": 0.0
        },
        "rotation_quaternion": {
          "w": 0.9997429251670837,
          "x": -0.0036066933535039425,
          "y": 0.016055110841989517,
          "z": -0.01560246106237173
        },
        "scale": {
          "x": 1.0,
          "y": 1.0,
          "z": 1.0
        },
        "matrix_basis": [
          [
            0.9989975690841675,
            0.03108108788728714,
            0.032214514911174774,
            0.0
          ],
          [
            -0.03131271153688431,
            0.9994871020317078,
            0.006710533984005451,
            0.0
          ],
          [
            -0.03198942169547081,
            -0.0077125309035182,
            0.9994584321975708,
            0.0
          ],
          [
            0.0,
            0.0,
            0.0,
            1.0
          ]
        ],
        "rotation_mode": "QUATERNION"
      },
      "armature_space": {
        "head": {
          "x": 0.5421652793884277,
          "y": -0.3577110469341278,
          "z": 0.2571917474269867
        },
        "tail": {
          "x": 0.5885938405990601,
          "y": -0.38615792989730835,
          "z": 0.1534394919872284
        }
      },
      "world_space": {
        "head": {
          "x": 0.5421652793884277,
          "y": -0.294467031955719,
          "z": 1.2070457935333252
        },
        "tail": {
          "x": 0.5885938405990601,
          "y": -0.3229139447212219,
          "z": 1.103293538093567
        },
        "rotation_quaternion": {
          "w": 0.5475685596466064,
          "x": -0.7871803045272827,
          "y": -0.28067582845687866,
          "z": 0.04167628288269043
        },
        "matrix": [
          [
            0.8389672636985779,
            0.3962438702583313,
            -0.3729937970638275,
            0.5421652793884277
          ],
          [
            0.48752832412719727,
            -0.24277937412261963,
            0.8386744260787964,
            -0.294467031955719
          ],
          [
            0.24176658689975739,
            -0.885471761226654,
            -0.39686617255210876,
            1.2070457935333252
          ],
          [
            0.0,
            0.0,
            0.0,
            1.0
          ]
        ]
      },
      "bone_length_armature_space": 0.11717238279031814,
      "parent": "lowerarm_l",
      "has_children": true,
      "is_end_bone": false
    },
    "index_01_l": {
      "name": "index_01_l",
      "local": {
        "location": {
          "x": 0.0,
          "y": 0.0,
          "z": 0.0
        },
        "rotation_quaternion": {
          "w": 0.9763447642326355,
          "x": 0.2158544808626175,
          "y": 0.003096470143646002,
          "z": 0.012173857539892197
        },
        "scale": {
          "x": 1.0,
          "y": 1.0,
          "z": 1.0
        },
        "matrix_basis": [
          [
            0.9996843934059143,
            -0.022434990853071213,
            0.011302008293569088,
            0.0
          ],
          [
            0.025108538568019867,
            0.9065172672271729,
            -0.4214213788509369,
            0.0
          ],
          [
            -0.00079088140046224,
            0.42157217860221863,
            0.9067944884300232,
            0.0
          ],
          [
            0.0,
            0.0,
            0.0,
            1.0
          ]
        ],
        "rotation_mode": "QUATERNION"
      },
      "armature_space": {
        "head": {
          "x": 0.5885938405990601,
          "y": -0.38615792989730835,
          "z": 0.1534394919872284
        },
        "tail": {
          "x": 0.6031412482261658,
          "y": -0.38091495633125305,
          "z": 0.12948201596736908
        }
      },
      "world_space": {
        "head": {
          "x": 0.5885938405990601,
          "y": -0.3229139447212219,
          "z": 1.103293538093567
        },
        "tail": {
          "x": 0.6031412482261658,
          "y": -0.31767094135284424,
          "z": 1.0793360471725464
        },
        "rotation_quaternion": {
          "w": 0.6534350514411926,
          "x": -0.638764500617981,
          "y": -0.40615057945251465,
          "z": 0.006650049239397049
        },
        "matrix": [
          [
            0.6699928045272827,
            0.5101783275604248,
            -0.5392841100692749,
            0.5885938405990601
          ],
          [
            0.5275633335113525,
            0.18387141823768616,
            0.8293784856796265,
            -0.3229139447212219
          ],
          [
            0.5222939848899841,
            -0.8401898145675659,
            -0.14595919847488403,
            1.103293538093567
          ],
          [
            0.0,
            0.0,
            0.0,
            1.0
          ]
        ]
      },
      "bone_length_armature_space": 0.02851449615345812,
      "parent": "metacarpal_index_l",
      "has_children": true,
      "is_end_bone": false
    },
    "index_02_l": {
      "name": "index_02_l",
      "local": {
        "location": {
          "x": 0.0,
          "y": 0.0,
          "z": 0.0
        },
        "rotation_quaternion": {
          "w": 0.9272656440734863,
          "x": 0.37423619627952576,
          "y": 0.011194729246199131,
          "z": 0.0007124727126210928
        },
        "scale": {
          "x": 1.0,
          "y": 1.0,
          "z": 1.0
        },
        "matrix_basis": [
          [
            0.9997483491897583,
            0.0070576430298388,
            0.02129424177110195,
            0.0
          ],
          [
            0.009700248949229717,
            0.7198935151100159,
            -0.6940167546272278,
            0.0
          ],
          [
            -0.020227709785103798,
            0.6940487027168274,
            0.7196438908576965,
            0.0
          ],
          [
            0.0,
            0.0,
            0.0,
            1.0
          ]
        ],
        "rotation_mode": "QUATERNION"
      },
      "armature_space": {
        "head": {
          "x": 0.6031411290168762,
          "y": -0.38091474771499634,
          "z": 0.12948152422904968
        },
        "tail": {
          "x": 0.6033764481544495,
          "y": -0.3634088337421417,
          "z": 0.11073099076747894
        }
      },
      "world_space": {
        "head": {
          "x": 0.6031411290168762,
          "y": -0.3176707625389099,
          "z": 1.0793355703353882
        },
        "tail": {
          "x": 0.6033764481544495,
          "y": -0.3001648187637329,
          "z": 1.0605850219726562
        },
        "rotation_quaternion": {
          "w": 0.8283822536468506,
          "x": -0.36203622817993164,
          "y": -0.39368125796318054,
          "z": 0.1665164977312088
        },
        "matrix": [
          [
            0.6345751285552979,
            0.009173810482025146,
            -0.7728064060211182,
            0.6031411290168762
          ],
          [
            0.5609325170516968,
            0.682404637336731,
            0.46869948506355286,
            -0.3176707625389099
          ],
          [
            0.5316706299781799,
            -0.7309218049049377,
            0.4278944134712219,
            1.0793355703353882
          ],
          [
            0.0,
            0.0,
            0.0,
            1.0
          ]
        ]
      },
      "bone_length_armature_space": 0.02565336045386778,
      "parent": "index_01_l",
      "has_children": true,
      "is_end_bone": false
    },
    "index_03_l": {
      "name": "index_03_l",
      "local": {
        "location": {
          "x": 0.0,
          "y": 0.0,
          "z": 0.0
        },
        "rotation_quaternion": {
          "w": 0.9700030088424683,
          "x": 0.24304410815238953,
          "y": 0.004178464412689209,
          "z": 0.002526261378079653
        },
        "scale": {
          "x": 1.0,
          "y": 1.0,
          "z": 1.0
        },
        "matrix_basis": [
          [
            0.9999523162841797,
            -0.0028698600362986326,
            0.009334231726825237,
            0.0
          ],
          [
            0.006932064425200224,
            0.8818463683128357,
            -0.4714859127998352,
            0.0
          ],
          [
            -0.0068782600574195385,
            0.47152814269065857,
            0.8818241953849792,
            0.0
          ],
          [
            0.0,
            0.0,
            0.0,
            1.0
          ]
        ],
        "rotation_mode": "QUATERNION"
      },
      "armature_space": {
        "head": {
          "x": 0.603376567363739,
          "y": -0.3634089231491089,
          "z": 0.11073093116283417
        },
        "tail": {
          "x": 0.5932824015617371,
          "y": -0.3375851809978485,
          "z": 0.10151270031929016
        }
      },
      "world_space": {
        "head": {
          "x": 0.603376567363739,
          "y": -0.30016493797302246,
          "z": 1.0605849027633667
        },
        "tail": {
          "x": 0.5932824015617371,
          "y": -0.2743411660194397,
          "z": 1.0513666868209839
        },
        "rotation_quaternion": {
          "w": 0.915166974067688,
          "x": -0.09401993453502655,
          "y": -0.32306936383247375,
          "z": 0.2219366431236267
        },
        "matrix": [
          [
            0.692740261554718,
            -0.3454689085483551,
            -0.6330572962760925,
            0.603376567363739
          ],
          [
            0.46696868538856506,
            0.8838089108467102,
            0.02868521213531494,
            -0.30016493797302246
          ],
          [
            0.5495960712432861,
            -0.3154909014701843,
            0.773578405380249,
            1.0605849027633667
          ],
          [
            0.0,
            0.0,
            0.0,
            1.0
          ]
        ]
      },
      "bone_length_armature_space": 0.02921872058353913,
      "parent": "index_02_l",
      "has_children": false,
      "is_end_bone": true
    },
    "metacarpal_pinky_l": {
      "name": "metacarpal_pinky_l",
      "local": {
        "location": {
          "x": 0.0,
          "y": 0.0,
          "z": 0.0
        },
        "rotation_quaternion": {
          "w": 0.9985859394073486,
          "x": -0.04985339567065239,
          "y": -0.007728371769189835,
          "z": 0.01676825061440468
        },
        "scale": {
          "x": 1.0,
          "y": 1.0,
          "z": 1.0
        },
        "matrix_basis": [
          [
            0.9993181824684143,
            -0.03271850571036339,
            -0.01710679568350315,
            0.0
          ],
          [
            0.034259650856256485,
            0.9944669008255005,
            0.099306620657444,
            0.0
          ],
          [
            0.01376297790557146,
            -0.09982497990131378,
            0.9949098229408264,
            0.0
          ],
          [
            0.0,
            0.0,
            0.0,
            1.0
          ]
        ],
        "rotation_mode": "QUATERNION"
      },
      "armature_space": {
        "head": {
          "x": 0.5421652793884277,
          "y": -0.3577110469341278,
          "z": 0.2571917474269867
        },
        "tail": {
          "x": 0.6324020624160767,
          "y": -0.37744787335395813,
          "z": 0.20911867916584015
        }
      },
      "world_space": {
        "head": {
          "x": 0.5421652793884277,
          "y": -0.294467031955719,
          "z": 1.2070457935333252
        },
        "tail": {
          "x": 0.6324020624160767,
          "y": -0.3142038583755493,
          "z": 1.1589727401733398
        },
        "rotation_quaternion": {
          "w": 0.293427973985672,
          "x": 0.43688395619392395,
          "y": 0.56491619348526,
          "z": -0.6355330348014832
        },
        "matrix": [
          [
            -0.4460636377334595,
            0.8665721416473389,
            -0.2237846553325653,
            0.5421652793884277
          ],
          [
            0.12064231932163239,
            -0.18953877687454224,
            -0.9744336605072021,
            -0.294467031955719
          ],
          [
            -0.8868391513824463,
            -0.46166062355041504,
            -0.020000047981739044,
            1.2070457935333252
          ],
          [
            0.0,
            0.0,
            0.0,
            1.0
          ]
        ]
      },
      "bone_length_armature_space": 0.10413087618660526,
      "parent": "lowerarm_l",
      "has_children": true,
      "is_end_bone": false
    },
    "pinky_01_l": {
      "name": "pinky_01_l",
      "local": {
        "location": {
          "x": 0.0,
          "y": 0.0,
          "z": 0.0
        },
        "rotation_quaternion": {
          "w": 0.9495080709457397,
          "x": 0.3135935962200165,
          "y": -0.0091137969866395,
          "z": 0.0032197372056543827
        },
        "scale": {
          "x": 1.0,
          "y": 1.0,
          "z": 1.0
        },
        "matrix_basis": [
          [
            0.9998131394386292,
            -0.011830389499664307,
            -0.015287869609892368,
            0.0
          ],
          [
            0.00039827617001719773,
            0.8032974004745483,
            -0.5955780148506165,
            0.0
          ],
          [
            0.019326625391840935,
            0.5954605937004089,
            0.8031519651412964,
            0.0
          ],
          [
            0.0,
            0.0,
            0.0,
            1.0
          ]
        ],
        "rotation_mode": "QUATERNION"
      },
      "armature_space": {
        "head": {
          "x": 0.6324020624160767,
          "y": -0.37744787335395813,
          "z": 0.20911867916584015
        },
        "tail": {
