{
  "metadata": {
    "armature_name": "KIM_caucasian_male",
    "export_time": "2026-01-13T21:04:12.388630",
    "blender_version": "4.4.1",
    "bone_count": 56,
    "end_bone_count": 13,
    "spaces_included": [
      "LOCAL_CHANNELS",
      "ARMATURE_SPACE",
      "WORLD_SPACE"
    ],
    "note": "LOCAL matches Transform panel; replay pose via local.matrix_basis for best fidelity."
  },
  "bones": {
    "Root": {
      "name": "Root",
      "local": {
        "location": {
          "x": 0.0,
          "y": 0.0,
          "z": 0.0
        },
        "rotation_quaternion": {
          "w": 0.9998942613601685,
          "x": -0.01441689021885395,
          "y": 0.00025184586411342025,
          "z": -0.0019450680119916797
        },
        "scale": {
          "x": 1.0,
          "y": 1.0,
          "z": 1.0
        },
        "matrix_basis": [
          [
            0.999992311000824,
            0.003882463090121746,
            0.0005597221315838397,
            0.0
          ],
          [
            -0.0038969863671809435,
            0.99957674741745,
            0.028829751536250114,
            0.0
          ],
          [
            -0.0004475548048503697,
            -0.028831711038947105,
            0.9995841979980469,
            0.0
          ],
          [
            0.0,
            0.0,
            0.0,
            1.0
          ]
        ],
        "rotation_mode": "QUATERNION"
      },
      "armature_space": {
        "head": {
          "x": 0.0,
          "y": 0.07072800397872925,
          "z": -0.009595036506652832
        },
        "tail": {
          "x": 0.0002771141880657524,
          "y": 0.0003065839409828186,
          "z": 0.0020351624116301537
        }
      },
      "world_space": {
        "head": {
          "x": 0.0,
          "y": 0.13397200405597687,
          "z": 0.9402589797973633
        },
        "tail": {
          "x": 0.0002771141880657524,
          "y": 0.06355058401823044,
          "z": 0.951889157295227
        },
        "rotation_quaternion": {
          "w": 0.08174466341733932,
          "x": 0.9966514110565186,
          "y": 0.001957615604624152,
          "z": 0.00012023841554764658
        },
        "matrix": [
          [
            0.999992311000824,
            0.003882463090121746,
            0.0005597221315838397,
            0.0
          ],
          [
            0.0039217788726091385,
            -0.9866278767585754,
            -0.16294187307357788,
            0.13397200405597687
          ],
          [
            -8.037511724978685e-05,
            0.1629430055618286,
            -0.986642599105835,
            0.9402589797973633
          ],
          [
            0.0,
            0.0,
            0.0,
            1.0
          ]
        ]
      },
      "bone_length_armature_space": 0.07137586853112439,
      "parent": null,
      "has_children": true,
      "is_end_bone": false
    },
    "spine_01": {
      "name": "spine_01",
      "local": {
        "location": {
          "x": 0.0,
          "y": 0.0,
          "z": 0.0
        },
        "rotation_quaternion": {
          "w": 0.994676947593689,
          "x": 0.09527973085641861,
          "y": -0.03450985625386238,
          "z": 0.018678586930036545
        },
        "scale": {
          "x": 1.0,
          "y": 1.0,
          "z": 1.0
        },
        "matrix_basis": [
          [
            0.9969203472137451,
            -0.04373449832201004,
            -0.06509293615818024,
            0.0
          ],
          [
            0.030582139268517494,
            0.9811457395553589,
            -0.19083429872989655,
            0.0
          ],
          [
            0.07221169769763947,
            0.1882559061050415,
            0.979461669921875,
            0.0
          ],
          [
            0.0,
            0.0,
            0.0,
            1.0
          ]
        ],
        "rotation_mode": "QUATERNION"
      },
      "armature_space": {
        "head": {
          "x": 0.0002771141880657524,
          "y": 0.0003065839409828186,
          "z": 0.0020351624116301537
        },
        "tail": {
          "x": -0.02080881968140602,
          "y": -0.055225346237421036,
          "z": 0.48641109466552734
        }
      },
      "world_space": {
        "head": {
          "x": 0.0002771141880657524,
          "y": 0.06355058401823044,
          "z": 0.951889157295227
        },
        "tail": {
          "x": -0.02080881968140602,
          "y": 0.008018653839826584,
          "z": 1.4362651109695435
        },
        "rotation_quaternion": {
          "w": 0.6646571159362793,
          "x": 0.7462073564529419,
          "y": -0.03651607036590576,
          "z": -0.00849188957363367
        },
        "matrix": [
          [
            0.9971888661384583,
            -0.0432087741792202,
            -0.061215005815029144,
            0.0002771141880657524
          ],
          [
            -0.06578575074672699,
            -0.11379465460777283,
            -0.9913239479064941,
            0.06355058401823044
          ],
          [
            0.035868145525455475,
            0.9925711154937744,
            -0.11631902307271957,
            0.951889157295227
          ],
          [
            0.0,
            0.0,
            0.0,
            1.0
          ]
        ]
      },
      "bone_length_armature_space": 0.4880045559833318,
      "parent": "Root",
      "has_children": true,
      "is_end_bone": false
    },
    "neck_01": {
      "name": "neck_01",
      "local": {
        "location": {
          "x": 0.0,
          "y": 0.0,
          "z": 0.0
        },
        "rotation_quaternion": {
          "w": 0.9884160161018372,
          "x": -0.11865750700235367,
          "y": 0.08057425916194916,
          "z": 0.049620114266872406
        },
        "scale": {
          "x": 1.0,
          "y": 1.0,
          "z": 1.0
        },
        "matrix_basis": [
          [
            0.9820912480354309,
            -0.11721210926771164,
            0.14750617742538452,
            0.0
          ],
          [
            0.07896915078163147,
            0.9669165015220642,
            0.2425621747970581,
            0.0
          ],
          [
            -0.17105737328529358,
            -0.2265697568655014,
            0.9588563442230225,
            0.0
          ],
          [
            0.0,
            0.0,
            0.0,
            1.0
          ]
        ],
        "rotation_mode": "QUATERNION"
      },
      "armature_space": {
        "head": {
          "x": -0.026095464825630188,
          "y": -0.09793676435947418,
          "z": 0.5550516247749329
        },
        "tail": {
          "x": -0.043370626866817474,
          "y": -0.12460184097290039,
          "z": 0.6525261998176575
        }
      },
      "world_space": {
        "head": {
          "x": -0.026095464825630188,
          "y": -0.03469276428222656,
          "z": 1.5049057006835938
        },
        "tail": {
          "x": -0.043370626866817474,
          "y": -0.06135784089565277,
          "z": 1.6023802757263184
        },
        "rotation_quaternion": {
          "w": 0.6069833040237427,
          "x": 0.7888554334640503,
          "y": -0.03904809430241585,
          "z": 0.08805551379919052
        },
        "matrix": [
          [
            0.9814429879188538,
            -0.16850309073925018,
            0.09152200073003769,
            -0.026095464825630188
          ],
          [
            0.04528886079788208,
            -0.26009297370910645,
            -0.964521050453186,
            -0.03469276428222656
          ],
          [
            0.18633034825325012,
            0.9507736563682556,
            -0.24763774871826172,
            1.5049057006835938
          ],
          [
            0.0,
            0.0,
            0.0,
            1.0
          ]
        ]
      },
      "bone_length_armature_space": 0.102521948436376,
      "parent": "spine_01",
      "has_children": true,
      "is_end_bone": false
    },
    "head": {
      "name": "head",
      "local": {
        "location": {
          "x": 0.0,
          "y": 0.0,
          "z": 0.0
        },
        "rotation_quaternion": {
          "w": 0.9860566258430481,
          "x": -0.12589620053768158,
          "y": 0.03334887698292732,
          "z": 0.1035882756114006
        },
        "scale": {
          "x": 1.0,
          "y": 1.0,
          "z": 1.0
        },
        "matrix_basis": [
          [
            0.9763146638870239,
            -0.21268481016159058,
            0.039685022085905075,
            0.0
          ],
          [
            0.19589081406593323,
            0.9468392133712769,
            0.2551906704902649,
            0.0
          ],
          [
            -0.09185050427913666,
            -0.2413724660873413,
            0.9660760164260864,
            0.0
          ],
          [
            0.0,
            0.0,
            0.0,
            1.0
          ]
        ],
        "rotation_mode": "QUATERNION"
      },
      "armature_space": {
        "head": {
          "x": -0.04337059706449509,
          "y": -0.12460197508335114,
          "z": 0.6525260806083679
        },
        "tail": {
          "x": -0.10456531494855881,
          "y": -0.07322342693805695,
          "z": 0.785449743270874
        }
      },
      "world_space": {
        "head": {
          "x": -0.04337059706449509,
          "y": -0.061357975006103516,
          "z": 1.6023800373077393
        },
        "tail": {
          "x": -0.10456531494855881,
          "y": -0.009979426860809326,
          "z": 1.7353037595748901
        },
        "rotation_quaternion": {
          "w": 0.8085461258888245,
          "x": 0.5528584122657776,
          "y": -0.10905905067920685,
          "z": 0.16943149268627167
        },
        "matrix": [
          [
            0.9187979698181152,
            -0.39457497000694275,
            0.010986503213644028,
            -0.04337059706449509
          ],
          [
            0.15340007841587067,
            0.33128172159194946,
            -0.9309786558151245,
            -0.061357975006103516
          ],
          [
            0.3637039065361023,
            0.8570729494094849,
            0.3649104833602905,
            1.6023800373077393
          ],
          [
            0.0,
            0.0,
            0.0,
            1.0
          ]
        ]
      },
      "bone_length_armature_space": 0.15509109767107812,
      "parent": "neck_01",
      "has_children": false,
      "is_end_bone": true
    },
    "upperarm_l": {
      "name": "upperarm_l",
      "local": {
        "location": {
          "x": 0.0,
          "y": 0.0,
          "z": 0.0
        },
        "rotation_quaternion": {
          "w": 0.9216291904449463,
          "x": 0.2147996425628662,
          "y": 0.03386298939585686,
          "z": 0.32142508029937744
        },
        "scale": {
          "x": 1.0,
          "y": 1.0,
          "z": 1.0
        },
        "matrix_basis": [
          [
            0.7910784482955933,
            -0.577921986579895,
            0.2005022168159485,
            0.0
          ],
          [
            0.6070169806480408,
            0.7010940909385681,
            -0.3741624057292938,
            0.0
          ],
          [
            0.07566574215888977,
            0.4177000820636749,
            0.9054288268089294,
            0.0
          ],
          [
            0.0,
            0.0,
            0.0,
            1.0
          ]
        ],
        "rotation_mode": "QUATERNION"
      },
      "armature_space": {
        "head": {
          "x": 0.1261916160583496,
          "y": -0.10331820696592331,
          "z": 0.49335241317749023
        },
        "tail": {
          "x": 0.30817660689353943,
          "y": -0.2402355670928955,
          "z": 0.6345719695091248
        }
      },
      "world_space": {
        "head": {
          "x": 0.1261916160583496,
          "y": -0.04007420688867569,
          "z": 1.4432064294815063
        },
        "tail": {
          "x": 0.30817660689353943,
          "y": -0.1769915670156479,
          "z": 1.584425926208496
        },
        "rotation_quaternion": {
          "w": 0.44150862097740173,
          "x": 0.7850204110145569,
          "y": 0.22270694375038147,
          "z": -0.3731149435043335
        },
        "matrix": [
          [
            0.6223741173744202,
            0.679125964641571,
            -0.3891508877277374,
            0.1261916160583496
          ],
          [
            0.020193614065647125,
            -0.5109440088272095,
            -0.8593770265579224,
            -0.04007420688867569
          ],
          [
            -0.782464861869812,
            0.52699875831604,
            -0.33171534538269043,
            1.4432064294815063
          ],
          [
            0.0,
            0.0,
            0.0,
            1.0
          ]
        ]
      },
      "bone_length_armature_space": 0.2679698923214512,
      "parent": "spine_01",
      "has_children": true,
      "is_end_bone": false
    },
    "lowerarm_l": {
      "name": "lowerarm_l",
      "local": {
        "location": {
          "x": 0.0,
          "y": 0.0,
          "z": 0.0
        },
        "rotation_quaternion": {
          "w": 0.9650930762290955,
          "x": 0.013728500343859196,
          "y": 0.002708077896386385,
          "z": -0.26153331995010376
        },
        "scale": {
          "x": 1.0,
          "y": 1.0,
          "z": 1.0
        },
        "matrix_basis": [
          [
            0.8631860017776489,
            0.5048823356628418,
            -0.001953826053068042,
            0.0
          ],
          [
            -0.5047336220741272,
            0.8628237247467041,
            -0.027915066108107567,
            0.0
          ],
          [
            -0.012408015318214893,
            0.0250820554792881,
            0.9996083974838257,
            0.0
          ],
          [
            0.0,
            0.0,
            0.0,
            1.0
          ]
        ],
        "rotation_mode": "QUATERNION"
      },
      "armature_space": {
        "head": {
          "x": 0.30817657709121704,
          "y": -0.24023568630218506,
          "z": 0.6345720887184143
        },
        "tail": {
          "x": 0.5196630358695984,
          "y": -0.40333253145217896,
          "z": 0.6501365900039673
        }
      },
      "world_space": {
        "head": {
          "x": 0.30817657709121704,
          "y": -0.17699168622493744,
          "z": 1.5844261646270752
        },
        "tail": {
          "x": 0.5196630358695984,
          "y": -0.34008854627609253,
          "z": 1.5999906063079834
        },
        "rotation_quaternion": {
          "w": 0.28218135237693787,
          "x": 0.7304688692092896,
          "y": 0.3399224281311035,
          "z": -0.5208088159561157
        },
        "matrix": [
          [
            0.22642134130001068,
            0.7905311584472656,
            -0.5690288543701172,
            0.30817657709121704
          ],
          [
            0.2026805728673935,
            -0.609652042388916,
            -0.7663193345069885,
            -0.17699168622493744
          ],
          [
            -0.952715277671814,
            0.058179713785648346,
            -0.29826629161834717,
            1.5844261646270752
          ],
          [
            0.0,
            0.0,
            0.0,
            1.0
          ]
        ]
      },
      "bone_length_armature_space": 0.26752449447946586,
      "parent": "upperarm_l",
      "has_children": true,
      "is_end_bone": false
    },
    "metacarpal_thumb_l": {
      "name": "metacarpal_thumb_l",
      "local": {
        "location": {
          "x": 0.0,
          "y": 0.0,
          "z": 0.0
        },
        "rotation_quaternion": {
          "w": 0.9987938404083252,
          "x": -0.044301826506853104,
          "y": -0.013484582304954529,
          "z": 0.0163272675126791
        },
        "scale": {
          "x": 1.0,
          "y": 1.0,
          "z": 1.0
        },
        "matrix_basis": [
          [
            0.9991031885147095,
            -0.03142036497592926,
            -0.028383290395140648,
            0.0
          ],
          [
            0.033809930086135864,
            0.995541512966156,
            0.08805645257234573,
            0.0
          ],
          [
            0.02548998035490513,
            -0.08893711864948273,
            0.9957110285758972,
            0.0
          ],
          [
            0.0,
            0.0,
            0.0,
            1.0
          ]
        ],
        "rotation_mode": "QUATERNION"
      },
      "armature_space": {
        "head": {
          "x": 0.5196630358695984,
          "y": -0.40333253145217896,
          "z": 0.6501365900039673
        },
        "tail": {
          "x": 0.5340065956115723,
          "y": -0.44940513372421265,
          "z": 0.638948917388916
        }
      },
      "world_space": {
        "head": {
          "x": 0.5196630358695984,
          "y": -0.34008854627609253,
          "z": 1.5999906063079834
        },
        "tail": {
          "x": 0.5340065956115723,
          "y": -0.3861611485481262,
          "z": 1.5888029336929321
        },
        "rotation_quaternion": {
          "w": 0.12535502016544342,
          "x": -0.9797824621200562,
          "y": -0.13864606618881226,
          "z": -0.07134300470352173
        },
        "matrix": [
          [
            0.9513749480247498,
            0.28957220911979675,
            0.10504096746444702,
            0.5196630358695984
          ],
          [
            0.25379982590675354,
            -0.9301267862319946,
            0.2654237747192383,
            -0.34008854627609253
          ],
          [
            0.1745622158050537,
            -0.22586053609848022,
            -0.95839923620224,
            1.5999906063079834
          ],
          [
            0.0,
            0.0,
            0.0,
            1.0
          ]
        ]
      },
      "bone_length_armature_space": 0.049533689026412066,
      "parent": "lowerarm_l",
      "has_children": true,
      "is_end_bone": false
    },
    "thumb_01_l": {
      "name": "thumb_01_l",
      "local": {
        "location": {
          "x": 0.0,
          "y": 0.0,
          "z": 0.0
        },
        "rotation_quaternion": {
          "w": 0.9985114336013794,
          "x": -0.052110470831394196,
          "y": 0.00925662461668253,
          "z": -0.013182022608816624
        },
        "scale": {
          "x": 1.0,
          "y": 1.0,
          "z": 1.0
        },
        "matrix_basis": [
          [
            0.9994810819625854,
            0.025360066443681717,
            0.01985953375697136,
            0.0
          ],
          [
            -0.027289533987641335,
            0.9942214488983154,
            0.103821761906147,
            0.0
          ],
          [
            -0.017111849039793015,
            -0.10430984199047089,
            0.9943976402282715,
            0.0
          ],
          [
            0.0,
            0.0,
            0.0,
            1.0
          ]
        ],
        "rotation_mode": "QUATERNION"
      },
      "armature_space": {
        "head": {
          "x": 0.5340065956115723,
          "y": -0.44940513372421265,
          "z": 0.638948917388916
        },
        "tail": {
          "x": 0.5358645915985107,
          "y": -0.4660188853740692,
          "z": 0.6092981100082397
        }
      },
      "world_space": {
        "head": {
          "x": 0.5340065956115723,
          "y": -0.3861611485481262,
          "z": 1.5888029336929321
        },
        "tail": {
          "x": 0.5358645915985107,
          "y": -0.4027748703956604,
          "z": 1.5591521263122559
        },
        "rotation_quaternion": {
          "w": 0.394059956073761,
          "x": -0.6367080807685852,
          "y": 0.3172920346260071,
          "z": -0.5819324851036072
        },
        "matrix": [
          [
            0.12136252224445343,
            0.0545850470662117,
            0.991106390953064,
            0.5340065956115723
          ],
          [
            -0.862676739692688,
            -0.48808592557907104,
            0.13251765072345734,
            -0.3861611485481262
          ],
          [
            0.49098122119903564,
            -0.8710936307907104,
            -0.012146085500717163,
            1.5888029336929321
          ],
          [
            0.0,
            0.0,
            0.0,
            1.0
          ]
        ]
      },
      "bone_length_armature_space": 0.03403879056223483,
      "parent": "metacarpal_thumb_l",
      "has_children": true,
      "is_end_bone": false
    },
    "thumb_02_l": {
      "name": "thumb_02_l",
      "local": {
        "location": {
          "x": 0.0,
          "y": 0.0,
          "z": 0.0
        },
        "rotation_quaternion": {
          "w": 0.9948555827140808,
          "x": 0.10097787529230118,
          "y": -0.008062184788286686,
          "z": -0.001047444180585444
        },
        "scale": {
          "x": 1.0,
          "y": 1.0,
          "z": 1.0
        },
        "matrix_basis": [
          [
            0.9998677968978882,
            0.0004559067892841995,
            -0.01625295728445053,
            0.0
          ],
          [
            -0.003712316043674946,
            0.9796047210693359,
            -0.2008999139070511,
            0.0
          ],
          [
            0.01582988165318966,
            0.20093369483947754,
            0.9794769287109375,
            0.0
          ],
          [
            0.0,
            0.0,
            0.0,
            1.0
          ]
        ],
        "rotation_mode": "QUATERNION"
      },
      "armature_space": {
        "head": {
          "x": 0.535864531993866,
          "y": -0.4660188555717468,
          "z": 0.6092981100082397
        },
        "tail": {
          "x": 0.5666353702545166,
          "y": -0.4917333424091339,
          "z": 0.6115568280220032
        }
      },
      "world_space": {
        "head": {
          "x": 0.535864531993866,
          "y": -0.4027748703956604,
          "z": 1.5591521263122559
        },
        "tail": {
          "x": 0.5666353702545166,
          "y": -0.4284893274307251,
          "z": 1.561410903930664
        },
        "rotation_quaternion": {
          "w": 0.4047620892524719,
          "x": -0.20652903616428375,
          "y": -0.1266966611146927,
          "z": -0.8817377686500549
        },
        "matrix": [
          [
            -0.5870268940925598,
            0.7661215662956238,
            0.2616439461708069,
            0.535864531993866
          ],
          [
            -0.661454975605011,
            -0.6402304172515869,
            0.3906177878379822,
            -0.4027748703956604
          ],
          [
            0.4667758047580719,
            0.056237272918224335,
            0.8825937509536743,
            1.5591521263122559
          ],
          [
            0.0,
            0.0,
            0.0,
            1.0
          ]
        ]
      },
      "bone_length_armature_space": 0.040164425879406364,
      "parent": "thumb_01_l",
      "has_children": true,
      "is_end_bone": false
    },
    "thumb_03_l": {
      "name": "thumb_03_l",
      "local": {
        "location": {
          "x": 0.0,
          "y": 0.0,
          "z": 0.0
        },
        "rotation_quaternion": {
          "w": 0.9981704950332642,
          "x": 0.059886835515499115,
          "y": -0.008317827247083187,
          "z": 0.000266228336840868
        },
        "scale": {
          "x": 1.0,
          "y": 1.0,
          "z": 1.0
        },
        "matrix_basis": [
          [
            0.999861478805542,
            -0.0015277392230927944,
            -0.016573332250118256,
            0.0
          ],
          [
            -0.00046477417345158756,
            0.9928269982337952,
            -0.11955897510051727,
            0.0
          ],
          [
            0.016637107357382774,
            0.11955011636018753,
            0.992688775062561,
            0.0
          ],
          [
            0.0,
            0.0,
            0.0,
            1.0
          ]
        ],
        "rotation_mode": "QUATERNION"
      },
      "armature_space": {
        "head": {
          "x": 0.5666353106498718,
          "y": -0.4917333722114563,
          "z": 0.6115568280220032
        },
        "tail": {
          "x": 0.5931323170661926,
          "y": -0.5028418898582458,
          "z": 0.6216266751289368
        }
      },
      "world_space": {
        "head": {
          "x": 0.5666353106498718,
          "y": -0.4284893870353699,
          "z": 1.561410903930664
        },
        "tail": {
          "x": 0.5931323170661926,
          "y": -0.4395979046821594,
          "z": 1.5714807510375977
        },
        "rotation_quaternion": {
          "w": 0.532264232635498,
          "x": 0.023554211482405663,
          "y": -0.18509027361869812,
          "z": -0.8257613182067871
        },
        "matrix": [
          [
            -0.4322798252105713,
            0.8703271150588989,
            -0.23593513667583466,
            0.5666353106498718
          ],
          [
            -0.8877660036087036,
            -0.3648722767829895,
            0.2806059420108795,
            -0.4284893870353699
          ],
          [
            0.15813308954238892,
            0.33075740933418274,
            0.9303803443908691,
            1.561410903930664
          ],
          [
            0.0,
            0.0,
            0.0,
            1.0
          ]
        ]
      },
      "bone_length_armature_space": 0.030444906970452778,
      "parent": "thumb_02_l",
      "has_children": false,
      "is_end_bone": true
    },
    "metacarpal_index_l": {
      "name": "metacarpal_index_l",
      "local": {
        "location": {
          "x": 0.0,
          "y": 0.0,
          "z": 0.0
        },
        "rotation_quaternion": {
          "w": 0.9998458027839661,
          "x": -0.015031400136649609,
          "y": -0.005730558652430773,
          "z": -0.007043688558042049
        },
        "scale": {
          "x": 1.0,
          "y": 1.0,
          "z": 1.0
        },
        "matrix_basis": [
          [
            0.9998350739479065,
            0.014257481321692467,
            -0.011247596703469753,
            0.0
          ],
          [
            -0.01391292829066515,
            0.9994488954544067,
            0.0301388930529356,
            0.0
          ],
          [
            0.011671102605760098,
            -0.029977435246109962,
            0.9994824528694153,
            0.0
          ],
          [
            0.0,
            0.0,
            0.0,
            1.0
          ]
        ],
        "rotation_mode": "QUATERNION"
      },
      "armature_space": {
        "head": {
          "x": 0.5196630358695984,
          "y": -0.40333253145217896,
          "z": 0.6501365900039673
        },
        "tail": {
          "x": 0.5910072326660156,
          "y": -0.4960155189037323,
          "z": 0.6431305408477783
        }
      },
      "world_space": {
        "head": {
          "x": 0.5196630358695984,
          "y": -0.34008854627609253,
          "z": 1.5999906063079834
        },
        "tail": {
          "x": 0.5910072326660156,
          "y": -0.4327715039253235,
          "z": 1.5929845571517944
        },
        "rotation_quaternion": {
          "w": 0.0244219321757555,
          "x": 0.9321005344390869,
          "y": 0.3223397731781006,
          "z": -0.1633683443069458
        },
        "matrix": [
          [
            0.7388154864311218,
            0.6088860034942627,
            -0.28880688548088074,
            0.5196630358695984
          ],
          [
            0.5929267406463623,
            -0.7910012602806091,
            -0.15084883570671082,
            -0.34008854627609253
          ],
          [
            -0.3202980160713196,
            -0.05979309603571892,
            -0.9454354047775269,
            1.5999906063079834
          ],
          [
            0.0,
            0.0,
            0.0,
            1.0
          ]
        ]
      },
      "bone_length_armature_space": 0.11717173279672956,
      "parent": "lowerarm_l",
      "has_children": true,
      "is_end_bone": false
    },
    "index_01_l": {
      "name": "index_01_l",
      "local": {
        "location": {
          "x": 0.0,
          "y": 0.0,
          "z": 0.0
        },
        "rotation_quaternion": {
          "w": 0.997003436088562,
          "x": -0.0755767896771431,
          "y": 0.01286662183701992,
          "z": 0.010338750667870045
        },
        "scale": {
          "x": 1.0,
          "y": 1.0,
          "z": 1.0
        },
        "matrix_basis": [
          [
            0.9994550943374634,
            -0.022560376673936844,
            0.024093393236398697,
            0.0
          ],
          [
            0.018670704215765,
            0.9883624911308289,
            0.15096668899059296,
            0.0
          ],
          [
            -0.02721887081861496,
            -0.15043458342552185,
            0.9882451891899109,
            0.0
          ],
          [
            0.0,
            0.0,
            0.0,
            1.0
          ]
        ],
        "rotation_mode": "QUATERNION"
      },
      "armature_space": {
        "head": {
          "x": 0.5910072326660156,
          "y": -0.4960155189037323,
          "z": 0.6431305408477783
        },
        "tail": {
          "x": 0.61562579870224,
          "y": -0.5100479125976562,
          "z": 0.6463067531585693
        }
      },
      "world_space": {
        "head": {
          "x": 0.5910072326660156,
          "y": -0.4327715039253235,
          "z": 1.5929845571517944
        },
        "tail": {
          "x": 0.61562579870224,
          "y": -0.4468039274215698,
          "z": 1.5961607694625854
        },
        "rotation_quaternion": {
          "w": 0.10985419899225235,
          "x": 0.8601369857788086,
          "y": 0.49180665612220764,
          "z": -0.07888361066579819
        },
        "matrix": [
          [
            0.5038070678710938,
            0.8633735775947571,
            -0.027646586298942566,
            0.5910072326660156
          ],
          [
            0.8287110924720764,
            -0.4921163320541382,
            -0.26657092571258545,
            -0.4327715039253235
          ],
          [
            -0.2437565177679062,
            0.11138951778411865,
            -0.9634258151054382,
            1.5929845571517944
          ],
          [
            0.0,
            0.0,
            0.0,
            1.0
          ]
        ]
      },
      "bone_length_armature_space": 0.028514385251297666,
      "parent": "metacarpal_index_l",
      "has_children": true,
      "is_end_bone": false
    },
    "index_02_l": {
      "name": "index_02_l",
      "local": {
        "location": {
          "x": 0.0,
          "y": 0.0,
          "z": 0.0
        },
        "rotation_quaternion": {
          "w": 0.9955453276634216,
          "x": 0.09417560696601868,
          "y": -0.0039755054749548435,
          "z": 0.0021552450489252806
        },
        "scale": {
          "x": 1.0,
          "y": 1.0,
          "z": 1.0
        },
        "matrix_basis": [
          [
            0.9999591112136841,
            -0.005040079355239868,
            -0.00750964879989624,
            0.0
          ],
          [
            0.003542497055605054,
            0.9822525978088379,
            -0.1875293105840683,
            0.0
          ],
          [
            0.008321534842252731,
            0.18749503791332245,
            0.9822303056716919,
            0.0
          ],
          [
            0.0,
            0.0,
            0.0,
            1.0
          ]
        ],
        "rotation_mode": "QUATERNION"
      },
      "armature_space": {
        "head": {
          "x": 0.6156259775161743,
          "y": -0.5100483894348145,
          "z": 0.646306574344635
        },
        "tail": {
          "x": 0.6375769376754761,
          "y": -0.523283839225769,
          "z": 0.6452729105949402
        }
      },
      "world_space": {
        "head": {
          "x": 0.6156259775161743,
          "y": -0.446804404258728,
          "z": 1.596160650253296
        },
        "tail": {
          "x": 0.6375769376754761,
          "y": -0.4600398540496826,
          "z": 1.5951268672943115
        },
        "rotation_quaternion": {
          "w": 0.06174595654010773,
          "x": 0.857633650302887,
          "y": 0.4880772531032562,
          "z": -0.1497754007577896
        },
        "matrix": [
          [
            0.4786955714225769,
            0.8556790947914124,
            -0.19663046300411224,
            0.6156259775161743
          ],
          [
            0.8186869621276855,
            -0.5159357786178589,
            -0.25211605429649353,
            -0.446804404258728
          ],
          [
            -0.3171805441379547,
            -0.040292829275131226,
            -0.9475163221359253,
            1.596160650253296
          ],
          [
            0.0,
            0.0,
            0.0,
            1.0
          ]
        ]
      },
      "bone_length_armature_space": 0.025653269612539154,
      "parent": "index_01_l",
      "has_children": true,
      "is_end_bone": false
    },
    "index_03_l": {
      "name": "index_03_l",
      "local": {
        "location": {
          "x": 0.0,
          "y": 0.0,
          "z": 0.0
        },
        "rotation_quaternion": {
          "w": 0.9998038411140442,
          "x": 0.01865093968808651,
          "y": -0.00493201008066535,
          "z": -0.00448431633412838
        },
        "scale": {
          "x": 1.0,
          "y": 1.0,
          "z": 1.0
        },
        "matrix_basis": [
          [
            0.9999111294746399,
            0.00878289993852377,
            -0.01002935878932476,
            0.0
          ],
          [
            -0.009150846861302853,
            0.9992640614509583,
            -0.0372503288090229,
            0.0
          ],
          [
            0.009694811888039112,
            0.03733879700303078,
            0.9992556571960449,
            0.0
          ],
          [
            0.0,
            0.0,
            0.0,
            1.0
          ]
        ],
        "rotation_mode": "QUATERNION"
      },
      "armature_space": {
        "head": {
          "x": 0.6375769376754761,
          "y": -0.5232837796211243,
          "z": 0.6452730298042297
        },
        "tail": {
          "x": 0.6629637479782104,
          "y": -0.5366414785385132,
          "z": 0.6397221088409424
        }
      },
      "world_space": {
        "head": {
          "x": 0.6375769376754761,
          "y": -0.46003979444503784,
          "z": 1.5951271057128906
        },
        "tail": {
          "x": 0.6629637479782104,
          "y": -0.47339749336242676,
          "z": 1.5895761251449585
        },
        "rotation_quaternion": {
          "w": 0.015372736379504204,
          "x": -0.8388866186141968,
          "y": -0.5207513570785522,
          "z": 0.1576423943042755
        },
        "matrix": [
          [
            0.40793341398239136,
            0.8688559532165527,
            -0.28049853444099426,
            0.6375769376754761
          ],
          [
            0.878549337387085,
            -0.45716336369514465,
            -0.1383947879076004,
            -0.46003979444503784
          ],
          [
            -0.24847964942455292,
            -0.18997785449028015,
            -0.9498317837715149,
            1.5951271057128906
          ],
          [
            0.0,
            0.0,
            0.0,
            1.0
          ]
        ]
      },
      "bone_length_armature_space": 0.02921867495114157,
      "parent": "index_02_l",
      "has_children": false,
      "is_end_bone": true
    },
    "metacarpal_pinky_l": {
      "name": "metacarpal_pinky_l",
      "local": {
        "location": {
          "x": 0.0,
          "y": 0.0,
          "z": 0.0
        },
        "rotation_quaternion": {
          "w": 0.9991426467895508,
          "x": -0.03529658541083336,
          "y": -0.018131151795387268,
          "z": -0.011815827339887619
        },
        "scale": {
          "x": 1.0,
          "y": 1.0,
          "z": 1.0
        },
        "matrix_basis": [
          [
            0.9990633130073547,
            0.024891329929232597,
            -0.03539709746837616,
            0.0
          ],
          [
            -0.02233145758509636,
            0.9972290992736816,
            0.0709611177444458,
            0.0
          ],
          [
            0.037065330892801285,
            -0.07010418176651001,
            0.996850848197937,
            0.0
          ],
          [
            0.0,
            0.0,
            0.0,
            1.0
          ]
        ],
        "rotation_mode": "QUATERNION"
      },
      "armature_space": {
        "head": {
          "x": 0.5196630358695984,
          "y": -0.40333253145217896,
          "z": 0.6501365900039673
        },
        "tail": {
          "x": 0.617494523525238,
          "y": -0.43828216195106506,
          "z": 0.6572596430778503
        }
      },
      "world_space": {
        "head": {
          "x": 0.5196630358695984,
          "y": -0.34008854627609253,
          "z": 1.5999906063079834
        },
        "tail": {
          "x": 0.617494523525238,
          "y": -0.37503814697265625,
          "z": 1.6071135997772217
        },
        "rotation_quaternion": {
          "w": 0.5643249750137329,
          "x": 0.2237500250339508,
          "y": 0.11713450402021408,
          "z": -0.785972535610199
        },
        "matrix": [
          [
            -0.2629459798336029,
            0.9395062327384949,
            -0.2195168435573578,
            0.5196630358695984
          ],
          [
            -0.8346706628799438,
            -0.33563220500946045,
            -0.4366650879383087,
            -0.34008854627609253
          ],
          [
            -0.4839305281639099,
            0.06840503215789795,
            0.8724369406700134,
            1.5999906063079834
          ],
          [
            0.0,
            0.0,
            0.0,
            1.0
          ]
        ]
      },
      "bone_length_armature_space": 0.10413075719247641,
      "parent": "lowerarm_l",
      "has_children": true,
      "is_end_bone": false
    },
    "pinky_01_l": {
      "name": "pinky_01_l",
      "local": {
        "location": {
          "x": 0.0,
          "y": 0.0,
          "z": 0.0
        },
        "rotation_quaternion": {
          "w": 0.9940270185470581,
          "x": -0.10838495194911957,
          "y": 0.009140891954302788,
          "z": -0.008910550735890865
        },
        "scale": {
          "x": 1.0,
          "y": 1.0,
          "z": 1.0
        },
        "matrix_basis": [
          [
            0.9996740818023682,
            0.015733186155557632,
            0.020104127004742622,
            0.0
          ],
          [
            -0.019696125760674477,
            0.9763466119766235,
            0.21531224250793457,
            0.0
          ],
          [
            -0.01624104753136635,
            -0.21563804149627686,
            0.976338267326355,
            0.0
          ],
          [
            0.0,
            0.0,
            0.0,
            1.0
          ]
        ],
        "rotation_mode": "QUATERNION"
      },
      "armature_space": {
        "head": {
          "x": 0.617494523525238,
          "y": -0.43828216195106506,
          "z": 0.6572596430778503
        },
        "tail": {
