{
  "metadata": {
    "armature_name": "KIM_caucasian_male",
    "export_time": "2026-01-13T19:12:03.715691",
    "blender_version": "4.4.1",
    "bone_count": 56,
    "end_bone_count": 13,
    "spaces_included": [
      "LOCAL_CHANNELS",
      "ARMATURE_SPACE",
      "WORLD_SPACE"
    ],
    "note": "LOCAL matches Transform panel; replay pose via local.matrix_basis for best fidelity."
  },
  "bones": {
    "Root": {
      "name": "Root",
      "local": {
        "location": {
          "x": 0.0,
          "y": 0.0,
          "z": 0.0
        },
        "rotation_quaternion": {
          "w": 0.9998257160186768,
          "x": -0.00432134885340929,
          "y": 0.016186732798814774,
          "z": -0.008246003650128841
        },
        "scale": {
          "x": 1.0,
          "y": 1.0,
          "z": 1.0
        },
        "matrix_basis": [
          [
            0.9993399977684021,
            0.01634923554956913,
            0.03243909031152725,
            0.0
          ],
          [
            -0.01662903092801571,
            0.9998266696929932,
            0.008374239318072796,
            0.0
          ],
          [
            -0.0322965569794178,
            -0.008908143267035484,
            0.9994386434555054,
            0.0
          ],
          [
            0.0,
            0.0,
            0.0,
            1.0
          ]
        ],
        "rotation_mode": "QUATERNION"
      },
      "armature_space": {
        "head": {
          "x": 0.0,
          "y": 0.07072800397872925,
          "z": -0.009595036506652832
        },
        "tail": {
          "x": 0.001166940899565816,
          "y": 9.773671627044678e-05,
          "z": 0.0006283959373831749
        }
      },
      "world_space": {
        "head": {
          "x": 0.0,
          "y": 0.13397200405597687,
          "z": 0.9402589797973633
        },
        "tail": {
          "x": 0.001166940899565816,
          "y": 0.06334173679351807,
          "z": 0.9504824280738831
        },
        "rotation_quaternion": {
          "w": 0.07166744023561478,
          "x": 0.9972631931304932,
          "y": 0.009317736141383648,
          "z": 0.015594445168972015
        },
        "matrix": [
          [
            0.9993399977684021,
            0.01634923554956913,
            0.03243909031152725,
            0.0
          ],
          [
            0.020819708704948425,
            -0.9895538687705994,
            -0.1426524668931961,
            0.13397200405597687
          ],
          [
            0.0297681987285614,
            0.14323373138904572,
            -0.9892481565475464,
            0.9402589797973633
          ],
          [
            0.0,
            0.0,
            0.0,
            1.0
          ]
        ]
      },
      "bone_length_armature_space": 0.07137586997817497,
      "parent": null,
      "has_children": true,
      "is_end_bone": false
    },
    "spine_01": {
      "name": "spine_01",
      "local": {
        "location": {
          "x": 0.0,
          "y": 0.0,
          "z": 0.0
        },
        "rotation_quaternion": {
          "w": 0.9989961385726929,
          "x": -0.03246433660387993,
          "y": 0.030799027532339096,
          "z": -0.0020683063194155693
        },
        "scale": {
          "x": 1.0,
          "y": 1.0,
          "z": 1.0
        },
        "matrix_basis": [
          [
            0.9980942606925964,
            0.0021327200811356306,
            0.061670511960983276,
            0.0
          ],
          [
            -0.006132199894636869,
            0.9978835582733154,
            0.06473609060049057,
            0.0
          ],
          [
            -0.06140192598104477,
            -0.06499090045690536,
            0.9959949851036072,
            0.0
          ],
          [
            0.0,
            0.0,
            0.0,
            1.0
          ]
        ],
        "rotation_mode": "QUATERNION"
      },
      "armature_space": {
        "head": {
          "x": 0.001166940899565816,
          "y": 9.773671627044678e-05,
          "z": 0.0006283959373831749
        },
        "tail": {
          "x": -0.013435198925435543,
          "y": 0.058587413281202316,
          "z": 0.48489511013031006
        }
      },
      "world_space": {
        "head": {
          "x": 0.001166940899565816,
          "y": 0.06334173679351807,
          "z": 0.9504824280738831
        },
        "tail": {
          "x": -0.013435198925435543,
          "y": 0.12183141708374023,
          "z": 1.4347491264343262
        },
        "rotation_quaternion": {
          "w": 0.748027503490448,
          "x": 0.6623290777206421,
          "y": 0.01955804042518139,
          "z": 0.03731818497180939
        },
        "matrix": [
          [
            0.9964495897293091,
            -0.02992234192788601,
            0.07869390398263931,
            0.001166940899565816
          ],
          [
            0.0817379504442215,
            0.11985559016466141,
            -0.9894208312034607,
            0.06334173679351807
          ],
          [
            0.02017410285770893,
            0.9923473596572876,
            0.12187579274177551,
            0.9504824280738831
          ],
          [
            0.0,
            0.0,
            0.0,
            1.0
          ]
        ]
      },
      "bone_length_armature_space": 0.48800464247397185,
      "parent": "Root",
      "has_children": true,
      "is_end_bone": false
    },
    "neck_01": {
      "name": "neck_01",
      "local": {
        "location": {
          "x": 0.0,
          "y": 0.0,
          "z": 0.0
        },
        "rotation_quaternion": {
          "w": 0.9980828762054443,
          "x": 0.008386421017348766,
          "y": 0.03924277797341347,
          "z": 0.047119349241256714
        },
        "scale": {
          "x": 1.0,
          "y": 1.0,
          "z": 1.0
        },
        "matrix_basis": [
          [
            0.9924795627593994,
            -0.09339981526136398,
            0.07912541180849075,
            0.0
          ],
          [
            0.09471624344587326,
            0.9954188466072083,
            -0.013042498379945755,
            0.0
          ],
          [
            -0.07754476368427277,
            0.020438874140381813,
            0.9967793226242065,
            0.0
          ],
          [
            0.0,
            0.0,
            0.0,
            1.0
          ]
        ],
        "rotation_mode": "QUATERNION"
      },
      "armature_space": {
        "head": {
          "x": -0.012896927073597908,
          "y": 0.03304950147867203,
          "z": 0.5617799758911133
        },
        "tail": {
          "x": -0.022040842100977898,
          "y": 0.003224395215511322,
          "z": 0.6594406366348267
        }
      },
      "world_space": {
        "head": {
          "x": -0.012896927073597908,
          "y": 0.09629350155591965,
          "z": 1.5116339921951294
        },
        "tail": {
          "x": -0.022040842100977898,
          "y": 0.06646839529275894,
          "z": 1.6092946529388428
        },
        "rotation_quaternion": {
          "w": 0.5953043699264526,
          "x": 0.798167884349823,
          "y": 0.012429687194526196,
          "z": 0.0915769562125206
        },
        "matrix": [
          [
            0.982918381690979,
            -0.08919035643339157,
            0.1609858274459839,
            -0.012896927073597908
          ],
          [
            0.12887373566627502,
            -0.2909160852432251,
            -0.9480293393135071,
            0.09629350155591965
          ],
          [
            0.13138946890830994,
            0.9525885581970215,
            -0.2744552791118622,
            1.5116339921951294
          ],
          [
            0.0,
            0.0,
            0.0,
            1.0
          ]
        ]
      },
      "bone_length_armature_space": 0.10252196252387151,
      "parent": "spine_01",
      "has_children": true,
      "is_end_bone": false
    },
    "head": {
      "name": "head",
      "local": {
        "location": {
          "x": 0.0,
          "y": 0.0,
          "z": 0.0
        },
        "rotation_quaternion": {
          "w": 0.9971926808357239,
          "x": 0.024280810728669167,
          "y": 0.059040915220975876,
          "z": 0.039135128259658813
        },
        "scale": {
          "x": 1.0,
          "y": 1.0,
          "z": 1.0
        },
        "matrix_basis": [
          [
            0.9899652004241943,
            -0.07518340647220612,
            0.11965080350637436,
            0.0
          ],
          [
            0.08091764897108078,
            0.9957577586174011,
            -0.043804146349430084,
            0.0
          ],
          [
            -0.11584987491369247,
            0.053046442568302155,
            0.9918492436408997,
            0.0
          ],
          [
            0.0,
            0.0,
            0.0,
            1.0
          ]
        ],
        "rotation_mode": "QUATERNION"
      },
      "armature_space": {
        "head": {
          "x": -0.02204081043601036,
          "y": 0.0032242685556411743,
          "z": 0.6594405174255371
        },
        "tail": {
          "x": -0.05448511242866516,
          "y": 0.0046404218301177025,
          "z": 0.8110936284065247
        }
      },
      "world_space": {
        "head": {
          "x": -0.02204081043601036,
          "y": 0.0664682686328888,
          "z": 1.6092945337295532
        },
        "tail": {
          "x": -0.05448511242866516,
          "y": 0.0678844228386879,
          "z": 1.7609477043151855
        },
        "rotation_quaternion": {
          "w": 0.7102071642875671,
          "x": 0.6854660511016846,
          "y": 0.01308682281523943,
          "z": 0.15990933775901794
        },
        "matrix": [
          [
            0.9485151171684265,
            -0.2091963142156601,
            0.23781488835811615,
            -0.02204081043601036
          ],
          [
            0.2450801134109497,
            0.009131159633398056,
            -0.9694599509239197,
            0.0664682686328888
          ],
          [
            0.20063751935958862,
            0.9778379201889038,
            0.05993039160966873,
            1.6092945337295532
          ],
          [
            0.0,
            0.0,
            0.0,
            1.0
          ]
        ]
      },
      "bone_length_armature_space": 0.1550912782073844,
      "parent": "neck_01",
      "has_children": false,
      "is_end_bone": true
    },
    "upperarm_l": {
      "name": "upperarm_l",
      "local": {
        "location": {
          "x": 0.0,
          "y": 0.0,
          "z": 0.0
        },
        "rotation_quaternion": {
          "w": 0.9245800375938416,
          "x": -0.02750406786799431,
          "y": 0.377270370721817,
          "z": -0.045414697378873825
        },
        "scale": {
          "x": 1.0,
          "y": 1.0,
          "z": 1.0
        },
        "matrix_basis": [
          [
            0.7112091183662415,
            0.06322610378265381,
            0.7001314759254456,
            0.0
          ],
          [
            -0.104731984436512,
            0.9943620562553406,
            0.016592184081673622,
            0.0
          ],
          [
            -0.6951351165771484,
            -0.08512666076421738,
            0.7138211727142334,
            0.0
          ],
          [
            0.0,
            0.0,
            0.0,
            1.0
          ]
        ],
        "rotation_mode": "QUATERNION"
      },
      "armature_space": {
        "head": {
          "x": 0.1388324797153473,
          "y": 0.034099578857421875,
          "z": 0.49850136041641235
        },
        "tail": {
          "x": 0.4008325934410095,
          "y": 0.0863601565361023,
          "z": 0.47770750522613525
        }
      },
      "world_space": {
        "head": {
          "x": 0.1388324797153473,
          "y": 0.0973435789346695,
          "z": 1.4483554363250732
        },
        "tail": {
          "x": 0.4008325934410095,
          "y": 0.14960415661334991,
          "z": 1.4275615215301514
        },
        "rotation_quaternion": {
          "w": 0.31059789657592773,
          "x": 0.5589612722396851,
          "y": 0.7078437209129333,
          "z": -0.30008119344711304
        },
        "matrix": [
          [
            -0.18218129873275757,
            0.9777238965034485,
            0.10423937439918518,
            0.1388324797153473
          ],
          [
            0.604905366897583,
            0.19502440094947815,
            -0.7720460891723633,
            0.0973435789346695
          ],
          [
            -0.7751818895339966,
            -0.07759781181812286,
            -0.626965343952179,
            1.4483554363250732
          ],
          [
            0.0,
            0.0,
            0.0,
            1.0
          ]
        ]
      },
      "bone_length_armature_space": 0.26796942742200575,
      "parent": "spine_01",
      "has_children": true,
      "is_end_bone": false
    },
    "lowerarm_l": {
      "name": "lowerarm_l",
      "local": {
        "location": {
          "x": 0.0,
          "y": 0.0,
          "z": 0.0
        },
        "rotation_quaternion": {
          "w": 0.892450213432312,
          "x": 0.38302159309387207,
          "y": -0.0834680125117302,
          "z": 0.22329431772232056
        },
        "scale": {
          "x": 1.0,
          "y": 1.0,
          "z": 1.0
        },
        "matrix_basis": [
          [
            0.8863455057144165,
            -0.4624982178211212,
            0.022071000188589096,
            0.0
          ],
          [
            0.3346180319786072,
            0.6068682074546814,
            -0.7209312915802002,
            0.0
          ],
          [
            0.3200351893901825,
            0.6463795304298401,
            0.692655086517334,
            0.0
          ],
          [
            0.0,
            0.0,
            0.0,
            1.0
          ]
        ],
        "rotation_mode": "QUATERNION"
      },
      "armature_space": {
        "head": {
          "x": 0.4008327126502991,
          "y": 0.08636005967855453,
          "z": 0.47770756483078003
        },
        "tail": {
          "x": 0.5770193934440613,
          "y": -0.11490324884653091,
          "z": 0.4822554886341095
        }
      },
      "world_space": {
        "head": {
          "x": 0.4008327126502991,
          "y": 0.14960405230522156,
          "z": 1.4275615215301514
        },
        "tail": {
          "x": 0.5770193934440613,
          "y": -0.051659248769283295,
          "z": 1.4321094751358032
        },
        "rotation_quaternion": {
          "w": 0.21484673023223877,
          "x": 0.7558431029319763,
          "y": 0.27871471643447876,
          "z": -0.5521416068077087
        },
        "matrix": [
          [
            0.23491495847702026,
            0.658581554889679,
            -0.7149020433425903,
            0.4008327126502991
          ],
          [
            0.18407756090164185,
            -0.7523173689842224,
            -0.6325618028640747,
            0.14960405230522156
          ],
          [
            -0.9544332027435303,
            0.017000049352645874,
            -0.29796335101127625,
            1.4275615215301514
          ],
          [
            0.0,
            0.0,
            0.0,
            1.0
          ]
        ]
      },
      "bone_length_armature_space": 0.2675244821556658,
      "parent": "upperarm_l",
      "has_children": true,
      "is_end_bone": false
    },
    "metacarpal_thumb_l": {
      "name": "metacarpal_thumb_l",
      "local": {
        "location": {
          "x": 0.0,
          "y": 0.0,
          "z": 0.0
        },
        "rotation_quaternion": {
          "w": 0.9990042448043823,
          "x": -0.044354647397994995,
          "y": 0.00311355572193861,
          "z": 0.003670021891593933
        },
        "scale": {
          "x": 1.0,
          "y": 1.0,
          "z": 1.0
        },
        "matrix_basis": [
          [
            0.9999536871910095,
            -0.007608936168253422,
            0.005895345937460661,
            0.0
          ],
          [
            0.007056533358991146,
            0.9960383772850037,
            0.08864381909370422,
            0.0
          ],
          [
            -0.006546475924551487,
            -0.0885981097817421,
            0.9960459470748901,
            0.0
          ],
          [
            0.0,
            0.0,
            0.0,
            1.0
          ]
        ],
        "rotation_mode": "QUATERNION"
      },
      "armature_space": {
        "head": {
          "x": 0.5770193934440613,
          "y": -0.11490324884653091,
          "z": 0.4822554886341095
        },
        "tail": {
          "x": 0.5829999446868896,
          "y": -0.16243557631969452,
          "z": 0.46966585516929626
        }
      },
      "world_space": {
        "head": {
          "x": 0.5770193934440613,
          "y": -0.051659248769283295,
          "z": 1.4321094751358032
        },
        "tail": {
          "x": 0.5829999446868896,
          "y": -0.0991915762424469,
          "z": 1.4195199012756348
        },
        "rotation_quaternion": {
          "w": 0.13332848250865936,
          "x": -0.9858725070953369,
          "y": -0.04924880713224411,
          "z": -0.08861996978521347
        },
        "matrix": [
          [
            0.9794420003890991,
            0.12073720246553421,
            0.16160330176353455,
            0.5770193934440613
          ],
          [
            0.07347506284713745,
            -0.9595962762832642,
            0.27161815762519836,
            -0.051659248769283295
          ],
          [
            0.18786968290805817,
            -0.25416314601898193,
            -0.9487465023994446,
            1.4321094751358032
          ],
          [
            0.0,
            0.0,
            0.0,
            1.0
          ]
        ]
      },
      "bone_length_armature_space": 0.04953370635931953,
      "parent": "lowerarm_l",
      "has_children": true,
      "is_end_bone": false
    },
    "thumb_01_l": {
      "name": "thumb_01_l",
      "local": {
        "location": {
          "x": 0.0,
          "y": 0.0,
          "z": 0.0
        },
        "rotation_quaternion": {
          "w": 0.9993984699249268,
          "x": -0.03219657391309738,
          "y": -0.01277321856468916,
          "z": 0.001756214303895831
        },
        "scale": {
          "x": 1.0,
          "y": 1.0,
          "z": 1.0
        },
        "matrix_basis": [
          [
            0.9996675252914429,
            -0.0026878081262111664,
            -0.02564415894448757,
            0.0
          ],
          [
            0.004332823678851128,
            0.997920572757721,
            0.06430954486131668,
            0.0
          ],
          [
            0.025417981669306755,
            -0.06439927965402603,
            0.9976004362106323,
            0.0
          ],
          [
            0.0,
            0.0,
            0.0,
            1.0
          ]
        ],
        "rotation_mode": "QUATERNION"
      },
      "armature_space": {
        "head": {
          "x": 0.5829999446868896,
          "y": -0.16243557631969452,
          "z": 0.46966585516929626
        },
        "tail": {
          "x": 0.5835667848587036,
          "y": -0.17736943066120148,
          "z": 0.4390832185745239
        }
      },
      "world_space": {
        "head": {
          "x": 0.5829999446868896,
          "y": -0.0991915762424469,
          "z": 1.4195199012756348
        },
        "tail": {
          "x": 0.5835667848587036,
          "y": -0.11412543058395386,
          "z": 1.38893723487854
        },
        "rotation_quaternion": {
          "w": 0.3803369998931885,
          "x": -0.5978956818580627,
          "y": 0.36875104904174805,
          "z": -0.6015706062316895
        },
        "matrix": [
          [
            0.004269620403647423,
            0.016652211546897888,
            0.9998521208763123,
            0.5829999446868896
          ],
          [
            -0.8985482454299927,
            -0.4387332499027252,
            0.011143911629915237,
            -0.0991915762424469
          ],
          [
            0.4388561546802521,
            -0.8984697461128235,
            0.013089612126350403,
            1.4195199012756348
          ],
          [
            0.0,
            0.0,
            0.0,
            1.0
          ]
        ]
      },
      "bone_length_armature_space": 0.03403878590805598,
      "parent": "metacarpal_thumb_l",
      "has_children": true,
      "is_end_bone": false
    },
    "thumb_02_l": {
      "name": "thumb_02_l",
      "local": {
        "location": {
          "x": 0.0,
          "y": 0.0,
          "z": 0.0
        },
        "rotation_quaternion": {
          "w": 0.9968319535255432,
          "x": 0.07915356010198593,
          "y": -0.0064786397852003574,
          "z": -0.004357633646577597
        },
        "scale": {
          "x": 1.0,
          "y": 1.0,
          "z": 1.0
        },
        "matrix_basis": [
          [
            0.9998780488967896,
            0.007662042044103146,
            -0.013606075197458267,
            0.0
          ],
          [
            -0.009713271632790565,
            0.9874314665794373,
            -0.15774913132190704,
            0.0
          ],
          [
            0.012226385995745659,
            0.15786205232143402,
            0.9873855113983154,
            0.0
          ],
          [
            0.0,
            0.0,
            0.0,
            1.0
          ]
        ],
        "rotation_mode": "QUATERNION"
      },
      "armature_space": {
        "head": {
          "x": 0.5835667252540588,
          "y": -0.1773693859577179,
          "z": 0.4390832185745239
        },
        "tail": {
          "x": 0.6102392077445984,
          "y": -0.20739716291427612,
          "z": 0.4387848675251007
        }
      },
      "world_space": {
        "head": {
          "x": 0.5835667252540588,
          "y": -0.11412538588047028,
          "z": 1.38893723487854
        },
        "tail": {
          "x": 0.6102392077445984,
          "y": -0.1441531628370285,
          "z": 1.3886388540267944
        },
        "rotation_quaternion": {
          "w": 0.34794437885284424,
          "x": -0.1985887587070465,
          "y": -0.07157948613166809,
          "z": -0.9134405851364136
        },
        "matrix": [
          [
            -0.6789942383766174,
            0.6640831232070923,
            0.3129861056804657,
            0.5835667252540588
          ],
          [
            -0.6072231531143188,
            -0.7476217746734619,
            0.26896411180496216,
            -0.11412538588047028
          ],
          [
            0.41261211037635803,
            -0.0074281394481658936,
            0.9108841419219971,
            1.38893723487854
          ],
          [
            0.0,
            0.0,
            0.0,
            1.0
          ]
        ]
      },
      "bone_length_armature_space": 0.040164383752080514,
      "parent": "thumb_01_l",
      "has_children": true,
      "is_end_bone": false
    },
    "thumb_03_l": {
      "name": "thumb_03_l",
      "local": {
        "location": {
          "x": 0.0,
          "y": 0.0,
          "z": 0.0
        },
        "rotation_quaternion": {
          "w": 0.9978924989700317,
          "x": 0.06454965472221375,
          "y": -0.006615483667701483,
          "z": 0.0004047062247991562
        },
        "scale": {
          "x": 1.0,
          "y": 1.0,
          "z": 1.0
        },
        "matrix_basis": [
          [
            0.9999121427536011,
            -0.0016617609653621912,
            -0.013150835409760475,
            0.0
          ],
          [
            -4.634776269085705e-05,
            0.9916663765907288,
            -0.1288325935602188,
            0.0
          ],
          [
            0.013255330733954906,
            0.12882187962532043,
            0.9915791749954224,
            0.0
          ],
          [
            0.0,
            0.0,
            0.0,
            1.0
          ]
        ],
        "rotation_mode": "QUATERNION"
      },
      "armature_space": {
        "head": {
          "x": 0.6102391481399536,
          "y": -0.20739717781543732,
          "z": 0.4387848377227783
        },
        "tail": {
          "x": 0.634736180305481,
          "y": -0.22303186357021332,
          "z": 0.44785916805267334
        }
      },
      "world_space": {
        "head": {
          "x": 0.6102391481399536,
          "y": -0.1441531777381897,
          "z": 1.3886388540267944
        },
        "tail": {
          "x": 0.634736180305481,
          "y": -0.1597878634929657,
          "z": 1.3977131843566895
        },
        "rotation_quaternion": {
          "w": 0.46912404894828796,
          "x": 0.035753630101680756,
          "y": -0.1521586775779724,
          "z": -0.8691904544830322
        },
        "matrix": [
          [
            -0.557288408279419,
            0.804635763168335,
            -0.20491665601730347,
            0.6102391481399536
          ],
          [
            -0.8263970017433167,
            -0.513540506362915,
            0.23096370697021484,
            -0.1441531777381897
          ],
          [
            0.08060846477746964,
            0.2980574369430542,
            0.9511456489562988,
            1.3886388540267944
          ],
          [
            0.0,
            0.0,
            0.0,
            1.0
          ]
        ]
      },
      "bone_length_armature_space": 0.030444891675237562,
      "parent": "thumb_02_l",
      "has_children": false,
      "is_end_bone": true
    },
    "metacarpal_index_l": {
      "name": "metacarpal_index_l",
      "local": {
        "location": {
          "x": 0.0,
          "y": 0.0,
          "z": 0.0
        },
        "rotation_quaternion": {
          "w": 0.9996979236602783,
          "x": -0.017451144754886627,
          "y": -0.01277135405689478,
          "z": -0.011684530414640903
        },
        "scale": {
          "x": 1.0,
          "y": 1.0,
          "z": 1.0
        },
        "matrix_basis": [
          [
            0.9994007349014282,
            0.023807751014828682,
            -0.025127176195383072,
            0.0
          ],
          [
            -0.02291625179350376,
            0.9991178512573242,
            0.03519020229578018,
            0.0
          ],
          [
            0.025942809879779816,
            -0.03459329158067703,
            0.9990646839141846,
            0.0
          ],
          [
            0.0,
            0.0,
            0.0,
            1.0
          ]
        ],
        "rotation_mode": "QUATERNION"
      },
      "armature_space": {
        "head": {
          "x": 0.5770193934440613,
          "y": -0.11490324884653091,
          "z": 0.4822554886341095
        },
        "tail": {
          "x": 0.6299200057983398,
          "y": -0.21882107853889465,
          "z": 0.4707735478878021
        }
      },
      "world_space": {
        "head": {
          "x": 0.5770193934440613,
          "y": -0.051659248769283295,
          "z": 1.4321094751358032
        },
        "tail": {
          "x": 0.6299200057983398,
          "y": -0.15557707846164703,
          "z": 1.4206275939941406
        },
        "rotation_quaternion": {
          "w": 0.0062993490137159824,
          "x": -0.9543328881263733,
          "y": -0.23773522675037384,
          "z": 0.18080703914165497
        },
        "matrix": [
          [
            0.821581244468689,
            0.45147937536239624,
            -0.348095178604126,
            0.5770193934440613
          ],
          [
            0.4560350179672241,
            -0.8868847489356995,
            -0.07394617795944214,
            -0.051659248769283295
          ],
          [
            -0.3421074151992798,
            -0.09799246490001678,
            -0.9345447421073914,
            1.4321094751358032
          ],
          [
            0.0,
            0.0,
            0.0,
            1.0
          ]
        ]
      },
      "bone_length_armature_space": 0.1171717761090488,
      "parent": "lowerarm_l",
      "has_children": true,
      "is_end_bone": false
    },
    "index_01_l": {
      "name": "index_01_l",
      "local": {
        "location": {
          "x": 0.0,
          "y": 0.0,
          "z": 0.0
        },
        "rotation_quaternion": {
          "w": 0.9964702129364014,
          "x": -0.081444650888443,
          "y": 0.008655430749058723,
          "z": -0.01841297559440136
        },
        "scale": {
          "x": 1.0,
          "y": 1.0,
          "z": 1.0
        },
        "matrix_basis": [
          [
            0.9991720914840698,
            0.03528608754277229,
            0.020249035209417343,
            0.0
          ],
          [
            -0.03810584172606468,
            0.9860554337501526,
            0.16199558973312378,
            0.0
          ],
          [
            -0.014250481501221657,
            -0.16263307631015778,
            0.9865837097167969,
            0.0
          ],
          [
            0.0,
            0.0,
            0.0,
            1.0
          ]
        ],
        "rotation_mode": "QUATERNION"
      },
      "armature_space": {
        "head": {
          "x": 0.6299200057983398,
          "y": -0.21882107853889465,
          "z": 0.4707735478878021
        },
        "tail": {
          "x": 0.6527208685874939,
          "y": -0.23585015535354614,
          "z": 0.4725625813007355
        }
      },
      "world_space": {
        "head": {
          "x": 0.6299200057983398,
          "y": -0.15557707846164703,
          "z": 1.4206275939941406
        },
        "tail": {
          "x": 0.6527208685874939,
          "y": -0.17260615527629852,
          "z": 1.4224165678024292
        },
        "rotation_quaternion": {
          "w": 0.08655393868684769,
          "x": 0.8876637816429138,
          "y": 0.4403444230556488,
          "z": -0.10323866456747055
        },
        "matrix": [
          [
            0.5908769369125366,
            0.7996270060539246,
            -0.10705472528934479,
            0.6299200057983398
          ],
          [
            0.7638843655586243,
            -0.5972102284431458,
            -0.24458369612693787,
            -0.15557707846164703
          ],
          [
            -0.25951096415519714,
            0.06274113059043884,
            -0.9637072086334229,
            1.4206275939941406
          ],
          [
            0.0,
            0.0,
            0.0,
            1.0
          ]
        ]
      },
      "bone_length_armature_space": 0.028514372484922636,
      "parent": "metacarpal_index_l",
      "has_children": true,
      "is_end_bone": false
    },
    "index_02_l": {
      "name": "index_02_l",
      "local": {
        "location": {
          "x": 0.0,
          "y": 0.0,
          "z": 0.0
        },
        "rotation_quaternion": {
          "w": 0.9998513460159302,
          "x": 0.0167889092117548,
          "y": -0.0034298249520361423,
          "z": 0.0019585739355534315
        },
        "scale": {
          "x": 1.0,
          "y": 1.0,
          "z": 1.0
        },
        "matrix_basis": [
          [
            0.9999688267707825,
            -0.0040317317470908165,
            -0.006792865693569183,
            0.0
          ],
          [
            0.0038013996090739965,
            0.9994285702705383,
            -0.03358626365661621,
            0.0
          ],
          [
            0.0069243949837982655,
            0.033559393137693405,
            0.9994127154350281,
            0.0
          ],
          [
            0.0,
            0.0,
            0.0,
            1.0
          ]
        ],
        "rotation_mode": "QUATERNION"
      },
      "armature_space": {
        "head": {
          "x": 0.6527209877967834,
          "y": -0.23585063219070435,
          "z": 0.47256237268447876
        },
        "tail": {
          "x": 0.6736084818840027,
          "y": -0.25067025423049927,
          "z": 0.47403889894485474
        }
      },
      "world_space": {
        "head": {
          "x": 0.6527209877967834,
          "y": -0.17260663211345673,
          "z": 1.4224164485931396
        },
        "tail": {
          "x": 0.6736084818840027,
          "y": -0.18742625415325165,
          "z": 1.4238929748535156
        },
        "rotation_quaternion": {
          "w": 0.1022179126739502,
          "x": 0.8776919841766357,
          "y": 0.4480026960372925,
          "z": -0.13602131605148315
        },
        "matrix": [
          [
            0.5615832209587097,
            0.8142244219779968,
            -0.14718103408813477,
            0.6527209877967834
          ],
          [
            0.758609414100647,
            -0.5776897668838501,
            -0.30130863189697266,
            -0.17260663211345673
          ],
          [
            -0.33035942912101746,
            0.05755666643381119,
            -0.9421060085296631,
            1.4224164485931396
          ],
          [
            0.0,
            0.0,
            0.0,
            1.0
          ]
        ]
      },
      "bone_length_armature_space": 0.025653240203956974,
      "parent": "index_01_l",
      "has_children": true,
      "is_end_bone": false
    },
    "index_03_l": {
      "name": "index_03_l",
      "local": {
        "location": {
          "x": 0.0,
          "y": 0.0,
          "z": 0.0
        },
        "rotation_quaternion": {
          "w": 0.9997646808624268,
          "x": 0.019815849140286446,
          "y": -0.004108138382434845,
          "z": 0.007817183621227741
        },
        "scale": {
          "x": 1.0,
          "y": 1.0,
          "z": 1.0
        },
        "matrix_basis": [
          [
            0.9998440146446228,
            -0.01579350046813488,
            -0.00790453515946865,
            0.0
          ],
          [
            0.015467875637114048,
            0.9990924596786499,
            -0.03968660160899162,
            0.0
          ],
          [
            0.008524151518940926,
            0.03955814242362976,
            0.9991809129714966,
            0.0
          ],
          [
            0.0,
            0.0,
            0.0,
            1.0
          ]
        ],
        "rotation_mode": "QUATERNION"
      },
      "armature_space": {
        "head": {
          "x": 0.6736084818840027,
          "y": -0.2506702244281769,
          "z": 0.4740390181541443
        },
        "tail": {
          "x": 0.69785076379776,
          "y": -0.2667689025402069,
          "z": 0.47141656279563904
        }
      },
      "world_space": {
        "head": {
          "x": 0.6736084818840027,
          "y": -0.18742622435092926,
          "z": 1.4238929748535156
        },
        "tail": {
          "x": 0.69785076379776,
          "y": -0.2035249024629593,
          "z": 1.4212706089019775
        },
        "rotation_quaternion": {
          "w": 0.02573368139564991,
          "x": 0.869073212146759,
          "y": 0.47312986850738525,
          "z": -0.14211903512477875
        },
        "matrix": [
          [
            0.5119003653526306,
            0.8296833038330078,
            -0.22267240285873413,
            0.6736084818840027
          ],
          [
            0.8150544762611389,
            -0.5509718060493469,
            -0.1792117953300476,
            -0.18742622435092926
          ],
          [
            -0.2713764011859894,
            -0.08975285291671753,
            -0.9582865238189697,
            1.4238929748535156
          ],
          [
            0.0,
            0.0,
            0.0,
            1.0
          ]
        ]
      },
      "bone_length_armature_space": 0.02921870863850334,
      "parent": "index_02_l",
      "has_children": false,
      "is_end_bone": true
    },
    "metacarpal_pinky_l": {
      "name": "metacarpal_pinky_l",
      "local": {
        "location": {
          "x": 0.0,
          "y": 0.0,
          "z": 0.0
        },
        "rotation_quaternion": {
          "w": 0.9996799826622009,
          "x": -0.017073921859264374,
          "y": 0.007818056270480156,
          "z": -0.016950206831097603
        },
        "scale": {
          "x": 1.0,
          "y": 1.0,
          "z": 1.0
        },
        "matrix_basis": [
          [
            0.9993031620979309,
            0.03362259641289711,
            0.01620992086827755,
            0.0
          ],
          [
            -0.03415653482079506,
            0.9988423585891724,
            0.033871881663799286,
            0.0
          ],
          [
            -0.015052295289933681,
            -0.03440194949507713,
            0.9992946982383728,
            0.0
          ],
          [
            0.0,
            0.0,
            0.0,
            1.0
          ]
        ],
        "rotation_mode": "QUATERNION"
      },
      "armature_space": {
        "head": {
          "x": 0.5770193934440613,
          "y": -0.11490324884653091,
          "z": 0.4822554886341095
        },
        "tail": {
          "x": 0.6648455858230591,
          "y": -0.17055632174015045,
          "z": 0.48795750737190247
        }
      },
      "world_space": {
        "head": {
          "x": 0.5770193934440613,
          "y": -0.051659248769283295,
          "z": 1.4321094751358032
        },
        "tail": {
          "x": 0.6648455858230591,
          "y": -0.10731232166290283,
          "z": 1.4378114938735962
        },
        "rotation_quaternion": {
          "w": 0.46905460953712463,
          "x": 0.25982362031936646,
          "y": 0.11296193301677704,
          "z": -0.836492121219635
        },
        "matrix": [
          [
            -0.4249584674835205,
            0.8434219360351562,
            -0.328708678483963,
            0.5770193934440613
          ],
          [
            -0.7260212898254395,
            -0.5344537496566772,
            -0.4327271282672882,
            -0.051659248769283295
          ],
          [
            -0.5406556129455566,
            0.05475817620754242,
            0.8394683003425598,
            1.4321094751358032
          ],
          [
            0.0,
            0.0,
            0.0,
            1.0
          ]
        ]
      },
      "bone_length_armature_space": 0.10413077092257514,
      "parent": "lowerarm_l",
      "has_children": true,
      "is_end_bone": false
    },
    "pinky_01_l": {
      "name": "pinky_01_l",
      "local": {
        "location": {
          "x": 0.0,
          "y": 0.0,
          "z": 0.0
        },
        "rotation_quaternion": {
          "w": 0.9953622817993164,
          "x": -0.09424809366464615,
          "y": -0.009002030827105045,
          "z": 0.017032906413078308
        },
        "scale": {
          "x": 1.0,
          "y": 1.0,
          "z": 1.0
        },
        "matrix_basis": [
          [
            0.9992576837539673,
            -0.032210975885391235,
            -0.021131202578544617,
            0.0
          ],
          [
            0.035604674369096756,
            0.9816543459892273,
            0.18731532990932465,
            0.0
          ],
          [
            0.014709926210343838,
            -0.18792866170406342,
            0.9820725321769714,
            0.0
          ],
          [
            0.0,
            0.0,
            0.0,
            1.0
          ]
        ],
        "rotation_mode": "QUATERNION"
      },
      "armature_space": {
        "head": {
          "x": 0.6648455858230591,
          "y": -0.17055632174015045,
          "z": 0.48795750737190247
        },
