{
  "metadata": {
    "armature_name": "KIM_caucasian_male",
    "export_time": "2026-01-13T21:16:27.370431",
    "blender_version": "4.4.1",
    "bone_count": 56,
    "end_bone_count": 13,
    "spaces_included": [
      "LOCAL_CHANNELS",
      "ARMATURE_SPACE",
      "WORLD_SPACE"
    ],
    "note": "LOCAL matches Transform panel; replay pose via local.matrix_basis for best fidelity."
  },
  "bones": {
    "Root": {
      "name": "Root",
      "local": {
        "location": {
          "x": 0.0,
          "y": 0.0,
          "z": 0.0
        },
        "rotation_quaternion": {
          "w": 0.999782383441925,
          "x": 0.016193222254514694,
          "y": 0.013159483671188354,
          "z": 0.00015561783220618963
        },
        "scale": {
          "x": 1.0,
          "y": 1.0,
          "z": 1.0
        },
        "matrix_basis": [
          [
            0.9996535778045654,
            0.00011502095003379509,
            0.026318280026316643,
            0.0
          ],
          [
            0.0007373568369075656,
            0.9994755387306213,
            -0.03237530216574669,
            0.0
          ],
          [
            -0.026308199390769005,
            0.03238349407911301,
            0.9991292357444763,
            0.0
          ],
          [
            0.0,
            0.0,
            0.0,
            1.0
          ]
        ],
        "rotation_mode": "QUATERNION"
      },
      "armature_space": {
        "head": {
          "x": 0.0,
          "y": 0.07072800397872925,
          "z": -0.009595036506652832
        },
        "tail": {
          "x": 8.209720363083761e-06,
          "y": -0.0002736225724220276,
          "z": -0.002295468468219042
        }
      },
      "world_space": {
        "head": {
          "x": 0.0,
          "y": 0.13397200405597687,
          "z": 0.9402589797973633
        },
        "tail": {
          "x": 8.209720363083761e-06,
          "y": 0.06297037750482559,
          "z": 0.9475585222244263
        },
        "rotation_quaternion": {
          "w": 0.051196541637182236,
          "x": 0.9986019134521484,
          "y": 0.0007312624366022646,
          "z": 0.013140073046088219
        },
        "matrix": [
          [
            0.9996535778045654,
            0.00011502095003379509,
            0.026318280026316643,
            0.0
          ],
          [
            0.0028059391770511866,
            -0.9947567582130432,
            -0.10223118960857391,
            0.13397200405597687
          ],
          [
            0.026168711483478546,
            0.10226941108703613,
            -0.9944195747375488,
            0.9402589797973633
          ],
          [
            0.0,
            0.0,
            0.0,
            1.0
          ]
        ]
      },
      "bone_length_armature_space": 0.07137586914343493,
      "parent": null,
      "has_children": true,
      "is_end_bone": false
    },
    "spine_01": {
      "name": "spine_01",
      "local": {
        "location": {
          "x": 0.0,
          "y": 0.0,
          "z": 0.0
        },
        "rotation_quaternion": {
          "w": 0.99406898021698,
          "x": 0.09663757681846619,
          "y": -0.045524634420871735,
          "z": -0.02038724534213543
        },
        "scale": {
          "x": 1.0,
          "y": 1.0,
          "z": 1.0
        },
        "matrix_basis": [
          [
            0.9950237274169922,
            0.03173387423157692,
            -0.09444960206747055,
            0.0
          ],
          [
            -0.049331437796354294,
            0.9804911017417908,
            -0.19027258455753326,
            0.0
          ],
          [
            0.0865689069032669,
            0.19398507475852966,
            0.9771773815155029,
            0.0
          ],
          [
            0.0,
            0.0,
            0.0,
            1.0
          ]
        ],
        "rotation_mode": "QUATERNION"
      },
      "armature_space": {
        "head": {
          "x": 8.209720363083761e-06,
          "y": -0.0002736225724220276,
          "z": -0.002295468468219042
        },
        "tail": {
          "x": 0.00317989569157362,
          "y": -0.08802974969148636,
          "z": 0.4777432978153229
        }
      },
      "world_space": {
        "head": {
          "x": 8.209720363083761e-06,
          "y": 0.06297037750482559,
          "z": 0.9475585222244263
        },
        "tail": {
          "x": 0.00317989569157362,
          "y": -0.02478574961423874,
          "z": 1.4275972843170166
        },
        "rotation_quaternion": {
          "w": 0.6398752927780151,
          "x": 0.7672357559204102,
          "y": -0.025407835841178894,
          "z": -0.03554362431168556
        },
        "matrix": [
          [
            0.9961821436882019,
            0.006499340292066336,
            -0.08705625683069229,
            8.209720363083761e-06
          ],
          [
            -0.08447448909282684,
            -0.17982767522335052,
            -0.9800643920898438,
            0.06297037750482559
          ],
          [
            -0.02202513813972473,
            0.9836835265159607,
            -0.17859426140785217,
            0.9475585222244263
          ],
          [
            0.0,
            0.0,
            0.0,
            1.0
          ]
        ]
      },
      "bone_length_armature_space": 0.48800452535806005,
      "parent": "Root",
      "has_children": true,
      "is_end_bone": false
    },
    "neck_01": {
      "name": "neck_01",
      "local": {
        "location": {
          "x": 0.0,
          "y": 0.0,
          "z": 0.0
        },
        "rotation_quaternion": {
          "w": 0.9955915212631226,
          "x": 0.019578037783503532,
          "y": 0.010324387811124325,
          "z": 0.09114611148834229
        },
        "scale": {
          "x": 1.0,
          "y": 1.0,
          "z": 1.0
        },
        "matrix_basis": [
          [
            0.9831715822219849,
            -0.18108433485031128,
            0.024126669391989708,
            0.0
          ],
          [
            0.18189285695552826,
            0.9826181530952454,
            -0.03710140287876129,
            0.0
          ],
          [
            -0.01698882132768631,
            0.04086551070213318,
            0.9990202188491821,
            0.0
          ],
          [
            0.0,
            0.0,
            0.0,
            1.0
          ]
        ],
        "rotation_mode": "QUATERNION"
      },
      "armature_space": {
        "head": {
          "x": 0.000636617885902524,
          "y": -0.13518550992012024,
          "z": 0.5435733795166016
        },
        "tail": {
          "x": -0.02093587815761566,
          "y": -0.191367045044899,
          "z": 0.6265732645988464
        }
      },
      "world_space": {
        "head": {
          "x": 0.000636617885902524,
          "y": -0.07194150984287262,
          "z": 1.4934273958206177
        },
        "tail": {
          "x": -0.02093587815761566,
          "y": -0.12812304496765137,
          "z": 1.5764272212982178
        },
        "rotation_quaternion": {
          "w": 0.4630500376224518,
          "x": 0.8794775605201721,
          "y": -0.10763505846261978,
          "z": 0.022777462378144264
        },
        "matrix": [
          [
            0.9757916927337646,
            -0.21041958034038544,
            -0.0596170648932457,
            0.000636617885902524
          ],
          [
            -0.16823169589042664,
            -0.5479984283447266,
            -0.8193877339363098,
            -0.07194150984287262
          ],
          [
            0.13974595069885254,
            0.809586226940155,
            -0.5701363682746887,
            1.4934273958206177
          ],
          [
            0.0,
            0.0,
            0.0,
            1.0
          ]
        ]
      },
      "bone_length_armature_space": 0.10252179514158952,
      "parent": "spine_01",
      "has_children": true,
      "is_end_bone": false
    },
    "head": {
      "name": "head",
      "local": {
        "location": {
          "x": 0.0,
          "y": 0.0,
          "z": 0.0
        },
        "rotation_quaternion": {
          "w": 0.9892150163650513,
          "x": 0.03792889043688774,
          "y": -0.1406547874212265,
          "z": 0.015208576805889606
        },
        "scale": {
          "x": 1.0,
          "y": 1.0,
          "z": 1.0
        },
        "matrix_basis": [
          [
            0.9599698781967163,
            -0.04075886681675911,
            -0.27712196111679077,
            0.0
          ],
          [
            0.019419344142079353,
            0.9966601729393005,
            -0.07931797206401825,
            0.0
          ],
          [
            0.2794293463230133,
            0.07076133787631989,
            0.9575552344322205,
            0.0
          ],
          [
            0.0,
            0.0,
            0.0,
            1.0
          ]
        ],
        "rotation_mode": "QUATERNION"
      },
      "armature_space": {
        "head": {
          "x": -0.020935872569680214,
          "y": -0.19136713445186615,
          "z": 0.6265731453895569
        },
        "tail": {
          "x": -0.05566716194152832,
          "y": -0.23401185870170593,
          "z": 0.7715849876403809
        }
      },
      "world_space": {
        "head": {
          "x": -0.020935872569680214,
          "y": -0.12812313437461853,
          "z": 1.5764272212982178
        },
        "tail": {
          "x": -0.05566716194152832,
          "y": -0.1707678586244583,
          "z": 1.721439003944397
        },
        "rotation_quaternion": {
          "w": 0.56484055519104,
          "x": 0.7928236126899719,
          "y": -0.2084978222846985,
          "z": -0.09441760927438736
        },
        "matrix": [
          [
            0.8952276110649109,
            -0.22394251823425293,
            -0.3852498531341553,
            -0.020935872569680214
          ],
          [
            -0.4372667074203491,
            -0.27496716380119324,
            -0.8562659025192261,
            -0.12812313437461853
          ],
          [
            0.08582344651222229,
            0.9350160360336304,
            -0.3440839946269989,
            1.5764272212982178
          ],
          [
            0.0,
            0.0,
            0.0,
            1.0
          ]
        ]
      },
      "bone_length_armature_space": 0.1550911667286023,
      "parent": "neck_01",
      "has_children": false,
      "is_end_bone": true
    },
    "upperarm_l": {
      "name": "upperarm_l",
      "local": {
        "location": {
          "x": 0.0,
          "y": 0.0,
          "z": 0.0
        },
        "rotation_quaternion": {
          "w": 0.9781467914581299,
          "x": 0.16219966113567352,
          "y": -0.11565036326646805,
          "z": -0.05954143777489662
        },
        "scale": {
          "x": 1.0,
          "y": 1.0,
          "z": 1.0
        },
        "matrix_basis": [
          [
            0.9661596417427063,
            0.07896362990140915,
            -0.24556127190589905,
            0.0
          ],
          [
            -0.15399743616580963,
            0.9402921795845032,
            -0.30353817343711853,
            0.0
          ],
          [
            0.20693086087703705,
            0.33108213543891907,
            0.920632541179657,
            0.0
          ],
          [
            0.0,
            0.0,
            0.0,
            1.0
          ]
        ],
        "rotation_mode": "QUATERNION"
      },
      "armature_space": {
        "head": {
          "x": 0.14934951066970825,
          "y": -0.13889643549919128,
          "z": 0.47358888387680054
        },
        "tail": {
          "x": 0.39603352546691895,
          "y": -0.23191215097904205,
          "z": 0.4256020486354828
        }
      },
      "world_space": {
        "head": {
          "x": 0.14934951066970825,
          "y": -0.07565243542194366,
          "z": 1.4234428405761719
        },
        "tail": {
          "x": 0.39603352546691895,
          "y": -0.16866815090179443,
          "z": 1.3754560947418213
        },
        "rotation_quaternion": {
          "w": 0.36285215616226196,
          "x": 0.5227656960487366,
          "y": 0.4413415789604187,
          "z": -0.6326705813407898
        },
        "matrix": [
          [
            -0.19010916352272034,
            0.9205676913261414,
            -0.34119436144828796,
            0.14934951066970825
          ],
          [
            0.0023032575845718384,
            -0.34711316227912903,
            -0.9378206133842468,
            -0.07565243542194366
          ],
          [
            -0.9817672967910767,
            -0.17907576262950897,
            0.06386867165565491,
            1.4234428405761719
          ],
          [
            0.0,
            0.0,
            0.0,
            1.0
          ]
        ]
      },
      "bone_length_armature_space": 0.2679695208798378,
      "parent": "spine_01",
      "has_children": true,
      "is_end_bone": false
    },
    "lowerarm_l": {
      "name": "lowerarm_l",
      "local": {
        "location": {
          "x": 0.0,
          "y": 0.0,
          "z": 0.0
        },
        "rotation_quaternion": {
          "w": 0.9400627017021179,
          "x": 0.251304566860199,
          "y": 0.16437366604804993,
          "z": -0.1615840345621109
        },
        "scale": {
          "x": 1.0,
          "y": 1.0,
          "z": 1.0
        },
        "matrix_basis": [
          [
            0.8937438130378723,
            0.38641396164894104,
            0.2278294861316681,
            0.0
          ],
          [
            -0.22118254005908966,
            0.821473240852356,
            -0.5256044268608093,
            0.0
          ],
          [
            -0.39025670289993286,
            0.41936376690864563,
            0.819654643535614,
            0.0
          ],
          [
            0.0,
            0.0,
            0.0,
            1.0
          ]
        ],
        "rotation_mode": "QUATERNION"
      },
      "armature_space": {
        "head": {
          "x": 0.3960335850715637,
          "y": -0.23191222548484802,
          "z": 0.42560216784477234
        },
        "tail": {
          "x": 0.5238707065582275,
          "y": -0.4455910623073578,
          "z": 0.3277831971645355
        }
      },
      "world_space": {
        "head": {
          "x": 0.3960335850715637,
          "y": -0.1686682254076004,
          "z": 1.3754562139511108
        },
        "tail": {
          "x": 0.5238707065582275,
          "y": -0.382347047328949,
          "z": 1.277637243270874
        },
        "rotation_quaternion": {
          "w": 0.06005362048745155,
          "x": 0.6304433345794678,
          "y": 0.31149837374687195,
          "z": -0.7084515690803528
        },
        "matrix": [
          [
            -0.19787047803401947,
            0.4778520166873932,
            -0.8558646440505981,
            0.3960335850715637
          ],
          [
            0.30767279863357544,
            -0.7987263202667236,
            -0.5170824527740479,
            -0.1686682254076004
          ],
          [
            -0.9306969046592712,
            -0.3656449615955353,
            0.011021912097930908,
            1.3754562139511108
          ],
          [
            0.0,
            0.0,
            0.0,
            1.0
          ]
        ]
      },
      "bone_length_armature_space": 0.2675248096421852,
      "parent": "upperarm_l",
      "has_children": true,
      "is_end_bone": false
    },
    "metacarpal_thumb_l": {
      "name": "metacarpal_thumb_l",
      "local": {
        "location": {
          "x": 0.0,
          "y": 0.0,
          "z": 0.0
        },
        "rotation_quaternion": {
          "w": 0.9990351796150208,
          "x": -0.04247957840561867,
          "y": -0.007349889259785414,
          "z": 0.008381213992834091
        },
        "scale": {
          "x": 1.0,
          "y": 1.0,
          "z": 1.0
        },
        "matrix_basis": [
          [
            0.9997514486312866,
            -0.016121814027428627,
            -0.015397656708955765,
            0.0
          ],
          [
            0.017370695248246193,
            0.9962505102157593,
            0.08475398272275925,
            0.0
          ],
          [
            0.013973535038530827,
            -0.08500038832426071,
            0.9962829351425171,
            0.0
          ],
          [
            0.0,
            0.0,
            0.0,
            1.0
          ]
        ],
        "rotation_mode": "QUATERNION"
      },
      "armature_space": {
        "head": {
          "x": 0.5238707065582275,
          "y": -0.4455910623073578,
          "z": 0.3277831971645355
        },
        "tail": {
          "x": 0.5160813927650452,
          "y": -0.4908783435821533,
          "z": 0.30929046869277954
        }
      },
      "world_space": {
        "head": {
          "x": 0.5238707065582275,
          "y": -0.382347047328949,
          "z": 1.277637243270874
        },
        "tail": {
          "x": 0.5160813927650452,
          "y": -0.4276343584060669,
          "z": 1.2591445446014404
        },
        "rotation_quaternion": {
          "w": 0.20078781247138977,
          "x": -0.9670001864433289,
          "y": 0.0504792258143425,
          "z": 0.148481547832489
        },
        "matrix": [
          [
            0.9508100748062134,
            -0.1572534739971161,
            -0.266891747713089,
            0.5238707065582275
          ],
          [
            -0.03800043836236,
            -0.9142724275588989,
            0.4033138155937195,
            -0.382347047328949
          ],
          [
            -0.3074365556240082,
            -0.3733362555503845,
            -0.8752812743186951,
            1.277637243270874
          ],
          [
            0.0,
            0.0,
            0.0,
            1.0
          ]
        ]
      },
      "bone_length_armature_space": 0.0495337488102283,
      "parent": "lowerarm_l",
      "has_children": true,
      "is_end_bone": false
    },
    "thumb_01_l": {
      "name": "thumb_01_l",
      "local": {
        "location": {
          "x": 0.0,
          "y": 0.0,
          "z": 0.0
        },
        "rotation_quaternion": {
          "w": 0.9753729104995728,
          "x": 0.2195664495229721,
          "y": -0.02003137581050396,
          "z": 0.006096517667174339
        },
        "scale": {
          "x": 1.0,
          "y": 1.0,
          "z": 1.0
        },
        "matrix_basis": [
          [
            0.9991231560707092,
            -0.020689193159341812,
            -0.03639893978834152,
            0.0
          ],
          [
            0.0030963202007114887,
            0.9035068154335022,
            -0.42856258153915405,
            0.0
          ],
          [
            0.04175330325961113,
            0.42807409167289734,
            0.9027786254882812,
            0.0
          ],
          [
            0.0,
            0.0,
            0.0,
            1.0
          ]
        ],
        "rotation_mode": "QUATERNION"
      },
      "armature_space": {
        "head": {
          "x": 0.5160813927650452,
          "y": -0.4908783435821533,
          "z": 0.30929046869277954
        },
        "tail": {
          "x": 0.5164443850517273,
          "y": -0.500581681728363,
          "z": 0.2766660153865814
        }
      },
      "world_space": {
        "head": {
          "x": 0.5160813927650452,
          "y": -0.4276343584060669,
          "z": 1.2591445446014404
        },
        "tail": {
          "x": 0.5164443850517273,
          "y": -0.4373376965522766,
          "z": 1.22652006149292
        },
        "rotation_quaternion": {
          "w": 0.44482699036598206,
          "x": -0.5903815031051636,
          "y": 0.399493545293808,
          "z": -0.5422025322914124
        },
        "matrix": [
          [
            0.0928439274430275,
            0.01066368818283081,
            0.9956234693527222,
            0.5160813927650452
          ],
          [
            -0.9540795683860779,
            -0.2850682735443115,
            0.09202325344085693,
            -0.4276343584060669
          ],
          [
            0.2848033308982849,
            -0.9584551453590393,
            -0.01629289984703064,
            1.2591445446014404
          ],
          [
            0.0,
            0.0,
            0.0,
            1.0
          ]
        ]
      },
      "bone_length_armature_space": 0.03403882248371411,
      "parent": "metacarpal_thumb_l",
      "has_children": true,
      "is_end_bone": false
    },
    "thumb_02_l": {
      "name": "thumb_02_l",
      "local": {
        "location": {
          "x": 0.0,
          "y": 0.0,
          "z": 0.0
        },
        "rotation_quaternion": {
          "w": 0.9324644804000854,
          "x": 0.36114177107810974,
          "y": 0.00795567687600851,
          "z": 0.004835440777242184
        },
        "scale": {
          "x": 1.0,
          "y": 1.0,
          "z": 1.0
        },
        "matrix_basis": [
          [
            0.9998266696929932,
            -0.0032714991830289364,
            0.018329331651329994,
            0.0
          ],
          [
            0.014764008112251759,
            0.7391064763069153,
            -0.6734268069267273,
            0.0
          ],
          [
            -0.011344213038682938,
            0.6735807061195374,
            0.739026665687561,
            0.0
          ],
          [
            0.0,
            0.0,
            0.0,
            1.0
          ]
        ],
        "rotation_mode": "QUATERNION"
      },
      "armature_space": {
        "head": {
          "x": 0.5164443254470825,
          "y": -0.5005816221237183,
          "z": 0.2766660153865814
        },
        "tail": {
          "x": 0.5479335188865662,
          "y": -0.5201493501663208,
          "z": 0.2921164333820343
        }
      },
      "world_space": {
        "head": {
          "x": 0.5164443254470825,
          "y": -0.43733763694763184,
          "z": 1.22652006149292
        },
        "tail": {
          "x": 0.5479335188865662,
          "y": -0.4569053649902344,
          "z": 1.241970419883728
        },
        "rotation_quaternion": {
          "w": 0.4417803883552551,
          "x": -0.04692687839269638,
          "y": -0.24745507538318634,
          "z": -0.8610424399375916
        },
        "matrix": [
          [
            -0.6052555441856384,
            0.7840077877044678,
            -0.1378309428691864,
            0.5164443254470825
          ],
          [
            -0.7375593781471252,
            -0.4871915280818939,
            0.4676010012626648,
            -0.43733763694763184
          ],
          [
            0.29945436120033264,
            0.38467907905578613,
            0.8731343746185303,
            1.22652006149292
          ],
          [
            0.0,
            0.0,
            0.0,
            1.0
          ]
        ]
      },
      "bone_length_armature_space": 0.04016442017304617,
      "parent": "thumb_01_l",
      "has_children": true,
      "is_end_bone": false
    },
    "thumb_03_l": {
      "name": "thumb_03_l",
      "local": {
        "location": {
          "x": 0.0,
          "y": 0.0,
          "z": 0.0
        },
        "rotation_quaternion": {
          "w": 0.9868444204330444,
          "x": 0.16152191162109375,
          "y": 0.006262453272938728,
          "z": -0.003113461658358574
        },
        "scale": {
          "x": 1.0,
          "y": 1.0,
          "z": 1.0
        },
        "matrix_basis": [
          [
            0.9999021887779236,
            0.008168051019310951,
            0.011354349553585052,
            0.0
          ],
          [
            -0.004121957812458277,
            0.947801947593689,
            -0.31883299350738525,
            0.0
          ],
          [
            -0.013365918770432472,
            0.31875500082969666,
            0.9477428793907166,
            0.0
          ],
          [
            0.0,
            0.0,
            0.0,
            1.0
          ]
        ],
        "rotation_mode": "QUATERNION"
      },
      "armature_space": {
        "head": {
          "x": 0.5479334592819214,
          "y": -0.5201494097709656,
          "z": 0.2921163737773895
        },
        "tail": {
          "x": 0.5661322474479675,
          "y": -0.5244074463844299,
          "z": 0.31614911556243896
        }
      },
      "world_space": {
        "head": {
          "x": 0.5479334592819214,
          "y": -0.45690542459487915,
          "z": 1.241970419883728
        },
        "tail": {
          "x": 0.5661322474479675,
          "y": -0.4611634612083435,
          "z": 1.266003131866455
        },
        "rotation_quaternion": {
          "w": 0.5400465130805969,
          "x": 0.23706293106079102,
          "y": -0.3720460832118988,
          "z": -0.7167515158653259
        },
        "matrix": [
          [
            -0.30429908633232117,
            0.597761869430542,
            -0.7416754961013794,
            0.5479334592819214
          ],
          [
            -0.9505559206008911,
            -0.13986146450042725,
            0.2772766947746277,
            -0.45690542459487915
          ],
          [
            0.06201332062482834,
            0.7893848419189453,
            0.6107704639434814,
            1.241970419883728
          ],
          [
            0.0,
            0.0,
            0.0,
            1.0
          ]
        ]
      },
      "bone_length_armature_space": 0.03044502317798927,
      "parent": "thumb_02_l",
      "has_children": false,
      "is_end_bone": true
    },
    "metacarpal_index_l": {
      "name": "metacarpal_index_l",
      "local": {
        "location": {
          "x": 0.0,
          "y": 0.0,
          "z": 0.0
        },
        "rotation_quaternion": {
          "w": 0.9987423419952393,
          "x": -0.04653213545680046,
          "y": -0.013348156586289406,
          "z": 0.013050457462668419
        },
        "scale": {
          "x": 1.0,
          "y": 1.0,
          "z": 1.0
        },
        "matrix_basis": [
          [
            0.9993030428886414,
            -0.02482585236430168,
            -0.027877269312739372,
            0.0
          ],
          [
            0.02731032483279705,
            0.9953289031982422,
            0.0925988256931305,
            0.0
          ],
          [
            0.025448206812143326,
            -0.0932956263422966,
            0.9953131675720215,
            0.0
          ],
          [
            0.0,
            0.0,
            0.0,
            1.0
          ]
        ],
        "rotation_mode": "QUATERNION"
      },
      "armature_space": {
        "head": {
          "x": 0.5238707065582275,
          "y": -0.4455910623073578,
          "z": 0.3277831971645355
        },
        "tail": {
          "x": 0.5513104200363159,
          "y": -0.553500771522522,
          "z": 0.2912893295288086
        }
      },
      "world_space": {
        "head": {
          "x": 0.5238707065582275,
          "y": -0.382347047328949,
          "z": 1.277637243270874
        },
        "tail": {
          "x": 0.5513104200363159,
          "y": -0.49025678634643555,
          "z": 1.2411433458328247
        },
        "rotation_quaternion": {
          "w": 0.09919985383749008,
          "x": -0.9012739062309265,
          "y": -0.17228692770004272,
          "z": 0.3849443793296814
        },
        "matrix": [
          [
            0.6442697644233704,
            0.23418359458446503,
            -0.7280617952346802,
            0.5238707065582275
          ],
          [
            0.3869285583496094,
            -0.9209534525871277,
            0.046169087290763855,
            -0.382347047328949
          ],
          [
            -0.6597034931182861,
            -0.31145626306533813,
            -0.6839597821235657,
            1.277637243270874
          ],
          [
            0.0,
            0.0,
            0.0,
            1.0
          ]
        ]
      },
      "bone_length_armature_space": 0.11717186167799949,
      "parent": "lowerarm_l",
      "has_children": true,
      "is_end_bone": false
    },
    "index_01_l": {
      "name": "index_01_l",
      "local": {
        "location": {
          "x": 0.0,
          "y": 0.0,
          "z": 0.0
        },
        "rotation_quaternion": {
          "w": 0.9668965339660645,
          "x": 0.2549115717411041,
          "y": 0.005031801760196686,
          "z": -0.010293039493262768
        },
        "scale": {
          "x": 1.0,
          "y": 1.0,
          "z": 1.0
        },
        "matrix_basis": [
          [
            0.9997374415397644,
            0.022469937801361084,
            0.004482833668589592,
            0.0
          ],
          [
            -0.017339279875159264,
            0.8698282837867737,
            -0.49304983019828796,
            0.0
          ],
          [
            -0.014978093095123768,
            0.4928426444530487,
            0.8699895143508911,
            0.0
          ],
          [
            0.0,
            0.0,
            0.0,
            1.0
          ]
        ],
        "rotation_mode": "QUATERNION"
      },
      "armature_space": {
        "head": {
          "x": 0.5513104200363159,
          "y": -0.553500771522522,
          "z": 0.2912893295288086
        },
        "tail": {
          "x": 0.5557178854942322,
          "y": -0.5717641115188599,
          "z": 0.2698393762111664
        }
      },
      "world_space": {
        "head": {
          "x": 0.5513104200363159,
          "y": -0.49025678634643555,
          "z": 1.2411433458328247
        },
        "tail": {
          "x": 0.5557178854942322,
          "y": -0.5085201263427734,
          "z": 1.2196934223175049
        },
        "rotation_quaternion": {
          "w": 0.33263149857521057,
          "x": -0.8090429902076721,
          "y": -0.2628847062587738,
          "z": 0.40705952048301697
        },
        "matrix": [
          [
            0.530388355255127,
            0.154570072889328,
            -0.8335440754890442,
            0.5513104200363159
          ],
          [
            0.6961720585823059,
            -0.6404964327812195,
            0.3242056965827942,
            -0.49025678634643555
          ],
          [
            -0.48377251625061035,
            -0.7522509694099426,
            -0.4473223090171814,
            1.2411433458328247
          ],
          [
            0.0,
            0.0,
            0.0,
            1.0
          ]
        ]
      },
      "bone_length_armature_space": 0.028514485053692723,
      "parent": "metacarpal_index_l",
      "has_children": true,
      "is_end_bone": false
    },
    "index_02_l": {
      "name": "index_02_l",
      "local": {
        "location": {
          "x": 0.0,
          "y": 0.0,
          "z": 0.0
        },
        "rotation_quaternion": {
          "w": 0.8904398679733276,
          "x": 0.454978346824646,
          "y": 0.007297066040337086,
          "z": 0.00764981796965003
        },
        "scale": {
          "x": 1.0,
          "y": 1.0,
          "z": 1.0
        },
        "matrix_basis": [
          [
            0.9997764825820923,
            -0.0069833919405937195,
            0.019956199452280998,
            0.0
          ],
          [
            0.020263420417904854,
            0.5858723521232605,
            -0.8101500868797302,
            0.0
          ],
          [
            -0.006034194026142359,
            0.8103733658790588,
            0.5858829021453857,
            0.0
          ],
          [
            0.0,
            0.0,
            0.0,
            1.0
          ]
        ],
        "rotation_mode": "QUATERNION"
      },
      "armature_space": {
        "head": {
          "x": 0.5557175874710083,
          "y": -0.5717644095420837,
          "z": 0.2698390483856201
        },
        "tail": {
          "x": 0.5407568216323853,
          "y": -0.5760588645935059,
          "z": 0.24944713711738586
        }
      },
      "world_space": {
        "head": {
          "x": 0.5557175874710083,
          "y": -0.5085204243659973,
          "z": 1.2196930646896362
        },
        "tail": {
          "x": 0.5407568216323853,
          "y": -0.5128148794174194,
          "z": 1.1993011236190796
        },
        "rotation_quaternion": {
          "w": 0.6424431204795837,
          "x": -0.5715240836143494,
          "y": -0.05971870198845863,
          "z": 0.5070115923881531
        },
        "matrix": [
          [
            0.4787423312664032,
            -0.5831906795501709,
            -0.6562728881835938,
            0.5557175874710083
          ],
          [
            0.7197163105010986,
            -0.16740290820598602,
            0.6737842559814453,
            -0.5085204243659973
          ],
          [
            -0.5028097629547119,
            -0.7949053049087524,
            0.3395918607711792,
            1.2196930646896362
          ],
          [
            0.0,
            0.0,
            0.0,
            1.0
          ]
        ]
      },
      "bone_length_armature_space": 0.025653399850140694,
      "parent": "index_01_l",
      "has_children": true,
      "is_end_bone": false
    },
    "index_03_l": {
      "name": "index_03_l",
      "local": {
        "location": {
          "x": 0.0,
          "y": 0.0,
          "z": 0.0
        },
        "rotation_quaternion": {
          "w": 0.9573843479156494,
          "x": 0.28880923986434937,
          "y": -0.001091589336283505,
          "z": 0.0018051849910989404
        },
        "scale": {
          "x": 1.0,
          "y": 1.0,
          "z": 1.0
        },
        "matrix_basis": [
          [
            0.9999911189079285,
            -0.004087033681571484,
            -0.0010474328882992268,
            0.0
          ],
          [
            0.002825989620760083,
            0.8331719040870667,
            -0.5530068278312683,
            0.0
          ],
          [
            0.003132849233224988,
            0.552998960018158,
            0.8331760764122009,
            0.0
          ],
          [
            0.0,
            0.0,
            0.0,
            1.0
          ]
        ],
        "rotation_mode": "QUATERNION"
      },
      "armature_space": {
        "head": {
          "x": 0.5407569408416748,
          "y": -0.5760589838027954,
          "z": 0.24944709241390228
        },
        "tail": {
          "x": 0.5171305537223816,
          "y": -0.5652995109558105,
          "z": 0.23603957891464233
        }
      },
      "world_space": {
        "head": {
          "x": 0.5407569408416748,
          "y": -0.512814998626709,
          "z": 1.1993011236190796
        },
        "tail": {
          "x": 0.5171305537223816,
          "y": -0.5020555257797241,
          "z": 1.1858935356140137
        },
        "rotation_quaternion": {
          "w": 0.8215081095695496,
          "x": -0.3323313295841217,
          "y": 0.09615225344896317,
          "z": 0.453249454498291
        },
        "matrix": [
          [
            0.5706384778022766,
            -0.8086050748825073,
            -0.1432802379131317,
            0.5407569408416748
          ],
          [
            0.6807889342308044,
            0.3682403862476349,
            0.6331870555877686,
            -0.512814998626709
          ],
          [
            -0.45923948287963867,
            -0.45886772871017456,
            0.7606275081634521,
            1.1993011236190796
          ],
          [
            0.0,
            0.0,
            0.0,
            1.0
          ]
        ]
      },
      "bone_length_armature_space": 0.02921872431879362,
      "parent": "index_02_l",
      "has_children": false,
      "is_end_bone": true
    },
    "metacarpal_pinky_l": {
      "name": "metacarpal_pinky_l",
      "local": {
        "location": {
          "x": 0.0,
          "y": 0.0,
          "z": 0.0
        },
        "rotation_quaternion": {
          "w": 0.9973886013031006,
          "x": -0.06880205124616623,
          "y": 0.02058008685708046,
          "z": -0.007673054002225399
        },
        "scale": {
          "x": 1.0,
          "y": 1.0,
          "z": 1.0
        },
        "matrix_basis": [
          [
            0.9990351796150208,
            0.012474128976464272,
            0.042108532041311264,
            0.0
          ],
          [
            -0.018137937411665916,
            0.9904147982597351,
            0.13692894577980042,
            0.0
          ],
          [
            -0.03999684378504753,
            -0.13756059110164642,
            0.9896854758262634,
            0.0
          ],
          [
            0.0,
            0.0,
            0.0,
            1.0
          ]
        ],
        "rotation_mode": "QUATERNION"
      },
      "armature_space": {
        "head": {
          "x": 0.5238707065582275,
          "y": -0.4455910623073578,
          "z": 0.3277831971645355
        },
        "tail": {
          "x": 0.5964067578315735,
          "y": -0.5014049410820007,
          "z": 0.2781184911727905
        }
      },
      "world_space": {
        "head": {
          "x": 0.5238707065582275,
          "y": -0.382347047328949,
          "z": 1.277637243270874
        },
        "tail": {
          "x": 0.5964067578315735,
          "y": -0.4381609559059143,
          "z": 1.2279725074768066
        },
        "rotation_quaternion": {
          "w": 0.3696812093257904,
          "x": 0.08354707807302475,
          "y": 0.3087661862373352,
          "z": -0.8723641633987427
        },
        "matrix": [
          [
            -0.7127108573913574,
            0.6965863108634949,
            0.08252482116222382,
            0.5238707065582275
          ],
          [
            -0.5934019684791565,
            -0.5359981060028076,
            -0.6004837155342102,
            -0.382347047328949
          ],
          [
            -0.3740587830543518,
            -0.4769456088542938,
            0.7953725457191467,
            1.277637243270874
          ],
          [
            0.0,
            0.0,
            0.0,
            1.0
          ]
        ]
      },
      "bone_length_armature_space": 0.10413093152616552,
      "parent": "lowerarm_l",
      "has_children": true,
      "is_end_bone": false
    },
    "pinky_01_l": {
      "name": "pinky_01_l",
      "local": {
        "location": {
          "x": 0.0,
          "y": 0.0,
          "z": 0.0
        },
        "rotation_quaternion": {
          "w": 0.9396195411682129,
          "x": 0.3415801525115967,
          "y": 0.011598258279263973,
          "z": 0.017425689846277237
        },
        "scale": {
          "x": 1.0,
          "y": 1.0,
          "z": 1.0
        },
        "matrix_basis": [
          [
            0.9991236329078674,
            -0.024823566898703575,
            0.03370044007897377,
            0.0
          ],
          [
            0.04067050665616989,
            0.766038715839386,
            -0.641506552696228,
            0.0
          ],
          [
            -0.009891360998153687,
            0.6423149704933167,
            0.7663769721984863,
            0.0
          ],
          [
            0.0,
            0.0,
            0.0,
            1.0
          ]
        ],
        "rotation_mode": "QUATERNION"
      },
      "armature_space": {
        "head": {
          "x": 0.5964067578315735,
          "y": -0.5014049410820007,
          "z": 0.2781184911727905
        },
        "tail": {
          "x": 0.5984768867492676,
