{
  "metadata": {
    "armature_name": "KIM_caucasian_male",
    "export_time": "2026-01-13T20:59:51.737253",
    "blender_version": "4.4.1",
    "bone_count": 56,
    "end_bone_count": 13,
    "spaces_included": [
      "LOCAL_CHANNELS",
      "ARMATURE_SPACE",
      "WORLD_SPACE"
    ],
    "note": "LOCAL matches Transform panel; replay pose via local.matrix_basis for best fidelity."
  },
  "bones": {
    "Root": {
      "name": "Root",
      "local": {
        "location": {
          "x": 0.0,
          "y": 0.0,
          "z": 0.0
        },
        "rotation_quaternion": {
          "w": 0.999838650226593,
          "x": -0.0005323896766640246,
          "y": 0.01024748757481575,
          "z": -0.014749662019312382
        },
        "scale": {
          "x": 1.0,
          "y": 1.0,
          "z": 1.0
        },
        "matrix_basis": [
          [
            0.999354898929596,
            0.029483653604984283,
            0.02050737291574478,
            0.0
          ],
          [
            -0.029505476355552673,
            0.9995643496513367,
            0.0007623136043548584,
            0.0
          ],
          [
            -0.0204759631305933,
            -0.0013669015606865287,
            0.9997894167900085,
            0.0
          ],
          [
            0.0,
            0.0,
            0.0,
            1.0
          ]
        ],
        "rotation_mode": "QUATERNION"
      },
      "armature_space": {
        "head": {
          "x": 0.0,
          "y": 0.07072800397872925,
          "z": -0.009595036506652832
        },
        "tail": {
          "x": 0.002104421379044652,
          "y": 4.392862319946289e-05,
          "z": 9.249802678823471e-05
        }
      },
      "world_space": {
        "head": {
          "x": 0.0,
          "y": 0.13397200405597687,
          "z": 0.9402589797973633
        },
        "tail": {
          "x": 0.002104421379044652,
          "y": 0.06328792870044708,
          "z": 0.9499465227127075
        },
        "rotation_quaternion": {
          "w": 0.06788796931505203,
          "x": 0.9975314140319824,
          "y": 0.01540650799870491,
          "z": 0.009230555035173893
        },
        "matrix": [
          [
            0.999354898929596,
            0.029483653604984283,
            0.02050737291574478,
            0.0
          ],
          [
            0.03199023753404617,
            -0.9903076887130737,
            -0.1351567804813385,
            0.13397200405597687
          ],
          [
            0.016323838382959366,
            0.13572563230991364,
            -0.9906190633773804,
            0.9402589797973633
          ],
          [
            0.0,
            0.0,
            0.0,
            1.0
          ]
        ]
      },
      "bone_length_armature_space": 0.07137587263096819,
      "parent": null,
      "has_children": true,
      "is_end_bone": false
    },
    "spine_01": {
      "name": "spine_01",
      "local": {
        "location": {
          "x": 0.0,
          "y": 0.0,
          "z": 0.0
        },
        "rotation_quaternion": {
          "w": 0.9958981275558472,
          "x": 0.0556224025785923,
          "y": -0.0476231724023819,
          "z": 0.05315183475613594
        },
        "scale": {
          "x": 1.0,
          "y": 1.0,
          "z": 1.0
        },
        "matrix_basis": [
          [
            0.9898138046264648,
            -0.11116545647382736,
            -0.08894278854131699,
            0.0
          ],
          [
            0.10056979209184647,
            0.9881620407104492,
            -0.1158510148525238,
            0.0
          ],
          [
            0.10076852142810822,
            0.1057259738445282,
            0.9892763495445251,
            0.0
          ],
          [
            0.0,
            0.0,
            0.0,
            1.0
          ]
        ],
        "rotation_mode": "QUATERNION"
      },
      "armature_space": {
        "head": {
          "x": 0.002104421379044652,
          "y": 4.392862319946289e-05,
          "z": 9.249802678823471e-05
        },
        "tail": {
          "x": -0.05910119041800499,
          "y": -0.03028758056461811,
          "z": 0.4832926094532013
        }
      },
      "world_space": {
        "head": {
          "x": 0.002104421379044652,
          "y": 0.06328792870044708,
          "z": 0.9499465227127075
        },
        "tail": {
          "x": -0.05910119041800499,
          "y": 0.03295642137527466,
          "z": 1.433146595954895
        },
        "rotation_quaternion": {
          "w": 0.6816808581352234,
          "x": 0.7284042835235596,
          "y": -0.06506693363189697,
          "z": 0.022467173635959625
        },
        "matrix": [
          [
            0.9905229806900024,
            -0.12542101740837097,
            -0.05598022788763046,
            0.002104421379044652
          ],
          [
            -0.06415995955467224,
            -0.06215457618236542,
            -0.9960021376609802,
            0.06328792870044708
          ],
          [
            0.12144096940755844,
            0.990161657333374,
            -0.06961394846439362,
            0.9499465227127075
          ],
          [
            0.0,
            0.0,
            0.0,
            1.0
          ]
        ]
      },
      "bone_length_armature_space": 0.4880045831188213,
      "parent": "Root",
      "has_children": true,
      "is_end_bone": false
    },
    "neck_01": {
      "name": "neck_01",
      "local": {
        "location": {
          "x": 0.0,
          "y": 0.0,
          "z": 0.0
        },
        "rotation_quaternion": {
          "w": 0.9845010042190552,
          "x": -0.062326401472091675,
          "y": -0.06963974237442017,
          "z": 0.14840395748615265
        },
        "scale": {
          "x": 1.0,
          "y": 1.0,
          "z": 1.0
        },
        "matrix_basis": [
          [
            0.9462531208992004,
            -0.2835268974304199,
            -0.1556197553873062,
            0.0
          ],
          [
            0.3008884787559509,
            0.9481833577156067,
            0.10205118358135223,
            0.0
          ],
          [
            0.118621826171875,
            -0.14339043200016022,
            0.9825314283370972,
            0.0
          ],
          [
            0.0,
            0.0,
            0.0,
            1.0
          ]
        ],
        "rotation_mode": "QUATERNION"
      },
      "armature_space": {
        "head": {
          "x": -0.07022573798894882,
          "y": -0.06938023865222931,
          "z": 0.5533764958381653
        },
        "tail": {
          "x": -0.11227670311927795,
          "y": -0.09664565324783325,
          "z": 0.6428138613700867
        }
      },
      "world_space": {
        "head": {
          "x": -0.07022573798894882,
          "y": -0.0061362385749816895,
          "z": 1.5032305717468262
        },
        "tail": {
          "x": -0.11227670311927795,
          "y": -0.03340165317058563,
          "z": 1.592667818069458
        },
        "rotation_quaternion": {
          "w": 0.5630836486816406,
          "x": 0.7940870523452759,
          "y": -0.22352200746536255,
          "z": 0.048994194716215134
        },
        "matrix": [
          [
            0.8952744007110596,
            -0.41016796231269836,
            -0.17391376197338104,
            -0.07022573798894882
          ],
          [
            -0.29981809854507446,
            -0.26594865322113037,
            -0.9161772131919861,
            -0.0061362385749816895
          ],
          [
            0.3295363783836365,
            0.8723782300949097,
            -0.3610761761665344,
            1.5032305717468262
          ],
          [
            0.0,
            0.0,
            0.0,
            1.0
          ]
        ]
      },
      "bone_length_armature_space": 0.10252184411078234,
      "parent": "spine_01",
      "has_children": true,
      "is_end_bone": false
    },
    "head": {
      "name": "head",
      "local": {
        "location": {
          "x": 0.0,
          "y": 0.0,
          "z": 0.0
        },
        "rotation_quaternion": {
          "w": 0.9878013134002686,
          "x": -0.13669981062412262,
          "y": -0.07427708804607391,
          "z": -0.006682949606329203
        },
        "scale": {
          "x": 1.0,
          "y": 1.0,
          "z": 1.0
        },
        "matrix_basis": [
          [
            0.9888765215873718,
            0.03351018205285072,
            -0.1449148952960968,
            0.0
          ],
          [
            0.007104475051164627,
            0.9625369906425476,
            0.27105727791786194,
            0.0
          ],
          [
            0.14856912195682526,
            -0.2690717279911041,
            0.9515921473503113,
            0.0
          ],
          [
            0.0,
            0.0,
            0.0,
            1.0
          ]
        ],
        "rotation_mode": "QUATERNION"
      },
      "armature_space": {
        "head": {
          "x": -0.11227670311927795,
          "y": -0.0966457724571228,
          "z": 0.6428137421607971
        },
        "tail": {
          "x": -0.14235103130340576,
          "y": -0.046143971383571625,
          "z": 0.7863351106643677
        }
      },
      "world_space": {
        "head": {
          "x": -0.11227670311927795,
          "y": -0.03340177237987518,
          "z": 1.592667818069458
        },
        "tail": {
          "x": -0.14235103130340576,
          "y": 0.017100028693675995,
          "z": 1.7361891269683838
        },
        "rotation_quaternion": {
          "w": 0.7661226391792297,
          "x": 0.5751104950904846,
          "y": -0.275444895029068,
          "z": -0.08021364361047745
        },
        "matrix": [
          [
            0.8353925347328186,
            -0.19391506910324097,
            -0.5143114924430847,
            -0.11227670311927795
          ],
          [
            -0.4397282004356384,
            0.3256285488605499,
            -0.8370217084884644,
            -0.03340177237987518
          ],
          [
            0.3297874927520752,
            0.9254056811332703,
            0.18675824999809265,
            1.592667818069458
          ],
          [
            0.0,
            0.0,
            0.0,
            1.0
          ]
        ]
      },
      "bone_length_armature_space": 0.1550912016326653,
      "parent": "neck_01",
      "has_children": false,
      "is_end_bone": true
    },
    "upperarm_l": {
      "name": "upperarm_l",
      "local": {
        "location": {
          "x": 0.0,
          "y": 0.0,
          "z": 0.0
        },
        "rotation_quaternion": {
          "w": 0.9704724550247192,
          "x": 0.06703212112188339,
          "y": -0.19887131452560425,
          "z": 0.11891193687915802
        },
        "scale": {
          "x": 1.0,
          "y": 1.0,
          "z": 1.0
        },
        "matrix_basis": [
          [
            0.892620325088501,
            -0.2574630379676819,
            -0.3700564205646515,
            0.0
          ],
          [
            0.20413999259471893,
            0.962733268737793,
            -0.17740200459957123,
            0.0
          ],
          [
            0.40194010734558105,
            0.08280930668115616,
            0.9119138121604919,
            0.0
          ],
          [
            0.0,
            0.0,
            0.0,
            1.0
          ]
        ],
        "rotation_mode": "QUATERNION"
      },
      "armature_space": {
        "head": {
          "x": 0.08660344779491425,
          "y": -0.07800333946943283,
          "z": 0.5048241019248962
        },
        "tail": {
          "x": 0.33565816283226013,
          "y": -0.11225813627243042,
          "z": 0.5975930690765381
        }
      },
      "world_space": {
        "head": {
          "x": 0.08660344779491425,
          "y": -0.014759339392185211,
          "z": 1.4546780586242676
        },
        "tail": {
          "x": 0.33565816283226013,
          "y": -0.0490141361951828,
          "z": 1.5474470853805542
        },
        "rotation_quaternion": {
          "w": 0.5977303385734558,
          "x": 0.536401629447937,
          "y": 0.2807190418243408,
          "z": -0.5255364775657654
        },
        "matrix": [
          [
            0.29001498222351074,
            0.9294146299362183,
            -0.22820964455604553,
            0.08660344779491425
          ],
          [
            -0.32710444927215576,
            -0.12783099710941315,
            -0.9363023042678833,
            -0.014759339392185211
          ],
          [
            -0.8993920683860779,
            0.346192330121994,
            0.2669437527656555,
            1.4546780586242676
          ],
          [
            0.0,
            0.0,
            0.0,
            1.0
          ]
        ]
      },
      "bone_length_armature_space": 0.2679696318779411,
      "parent": "spine_01",
      "has_children": true,
      "is_end_bone": false
    },
    "lowerarm_l": {
      "name": "lowerarm_l",
      "local": {
        "location": {
          "x": 0.0,
          "y": 0.0,
          "z": 0.0
        },
        "rotation_quaternion": {
          "w": 0.9542714953422546,
          "x": 0.25265198945999146,
          "y": -0.00511210085824132,
          "z": 0.1597088873386383
        },
        "scale": {
          "x": 1.0,
          "y": 1.0,
          "z": 1.0
        },
        "matrix_basis": [
          [
            0.9489338994026184,
            -0.30739444494247437,
            0.0709448754787445,
            0.0
          ],
          [
            0.3022281229496002,
            0.821320116519928,
            -0.4838300943374634,
            0.0
          ],
          [
            0.09045819938182831,
            0.48056429624557495,
            0.8722816705703735,
            0.0
          ],
          [
            0.0,
            0.0,
            0.0,
            1.0
          ]
        ],
        "rotation_mode": "QUATERNION"
      },
      "armature_space": {
        "head": {
          "x": 0.3356581926345825,
          "y": -0.11225815117359161,
          "z": 0.5975931882858276
        },
        "tail": {
          "x": 0.4538908004760742,
          "y": -0.23104381561279297,
          "z": 0.8061139583587646
        }
      },
      "world_space": {
        "head": {
          "x": 0.3356581926345825,
          "y": -0.049014151096343994,
          "z": 1.5474472045898438
        },
        "tail": {
          "x": 0.4538908004760742,
          "y": -0.16779981553554535,
          "z": 1.7559679746627808
        },
        "rotation_quaternion": {
          "w": 0.5248100161552429,
          "x": 0.6954792141914368,
          "y": -0.05064879730343819,
          "z": -0.48817798495292664
        },
        "matrix": [
          [
            0.5182303786277771,
            0.44195061922073364,
            -0.7321997880935669,
            0.3356581926345825
          ],
          [
            -0.5828554630279541,
            -0.4440179467201233,
            -0.680534839630127,
            -0.049014151096343994
          ],
          [
            -0.625877857208252,
            0.7794455885887146,
            0.027489423751831055,
            1.5474472045898438
          ],
          [
            0.0,
            0.0,
            0.0,
            1.0
          ]
        ]
      },
      "bone_length_armature_space": 0.2675255024114003,
      "parent": "upperarm_l",
      "has_children": true,
      "is_end_bone": false
    },
    "metacarpal_thumb_l": {
      "name": "metacarpal_thumb_l",
      "local": {
        "location": {
          "x": 0.0,
          "y": 0.0,
          "z": 0.0
        },
        "rotation_quaternion": {
          "w": 0.9977619647979736,
          "x": -0.06326773762702942,
          "y": -0.018673710525035858,
          "z": 0.010937247425317764
        },
        "scale": {
          "x": 1.0,
          "y": 1.0,
          "z": 1.0
        },
        "matrix_basis": [
          [
            0.9990633130073547,
            -0.019462652504444122,
            -0.038647785782814026,
            0.0
          ],
          [
            0.02418842539191246,
            0.9917551279067993,
            0.125843808054924,
            0.0
          ],
          [
            0.03587988764047623,
            -0.1266607642173767,
            0.9912969470024109,
            0.0
          ],
          [
            0.0,
            0.0,
            0.0,
            1.0
          ]
        ],
        "rotation_mode": "QUATERNION"
      },
      "armature_space": {
        "head": {
          "x": 0.4538908004760742,
          "y": -0.23104381561279297,
          "z": 0.8061139583587646
        },
        "tail": {
          "x": 0.4507337510585785,
          "y": -0.2705138325691223,
          "z": 0.835875391960144
        }
      },
      "world_space": {
        "head": {
          "x": 0.4538908004760742,
          "y": -0.16779981553554535,
          "z": 1.7559679746627808
        },
        "tail": {
          "x": 0.4507337510585785,
          "y": -0.2072698324918747,
          "z": 1.7857294082641602
        },
        "rotation_quaternion": {
          "w": 0.31620103120803833,
          "x": 0.9225524663925171,
          "y": 0.040009524673223495,
          "z": 0.2175159752368927
        },
        "matrix": [
          [
            0.9021719694137573,
            -0.0637357085943222,
            0.4266414940357208,
            0.4538908004760742
          ],
          [
            0.211379274725914,
            -0.7968321442604065,
            -0.5660187005996704,
            -0.16779981553554535
          ],
          [
            0.3760400414466858,
            0.6008328795433044,
            -0.7054131627082825,
            1.7559679746627808
          ],
          [
            0.0,
            0.0,
            0.0,
            1.0
          ]
        ]
      },
      "bone_length_armature_space": 0.04953374813086715,
      "parent": "lowerarm_l",
      "has_children": true,
      "is_end_bone": false
    },
    "thumb_01_l": {
      "name": "thumb_01_l",
      "local": {
        "location": {
          "x": 0.0,
          "y": 0.0,
          "z": 0.0
        },
        "rotation_quaternion": {
          "w": 0.9840009808540344,
          "x": 0.1772841066122055,
          "y": -0.014546805992722511,
          "z": 0.010040522553026676
        },
        "scale": {
          "x": 1.0,
          "y": 1.0,
          "z": 1.0
        },
        "matrix_basis": [
          [
            0.9993751645088196,
            -0.0249176025390625,
            -0.025068093091249466,
            0.0
          ],
          [
            0.01460193283855915,
            0.9369390606880188,
            -0.34918758273124695,
            0.0
          ],
          [
            0.03218819200992584,
            0.34860336780548096,
            0.9367174506187439,
            0.0
          ],
          [
            0.0,
            0.0,
            0.0,
            1.0
          ]
        ],
        "rotation_mode": "QUATERNION"
      },
      "armature_space": {
        "head": {
          "x": 0.4507337510585785,
          "y": -0.2705138325691223,
          "z": 0.835875391960144
        },
        "tail": {
          "x": 0.4672869145870209,
          "y": -0.30019131302833557,
          "z": 0.8339093923568726
        }
      },
      "world_space": {
        "head": {
          "x": 0.4507337510585785,
          "y": -0.2072698324918747,
          "z": 1.7857294082641602
        },
        "tail": {
          "x": 0.4672869145870209,
          "y": -0.23694731295108795,
          "z": 1.7837634086608887
        },
        "rotation_quaternion": {
          "w": 0.22429776191711426,
          "x": -0.5462127923965454,
          "y": -0.11726589500904083,
          "z": -0.798492968082428
        },
        "matrix": [
          [
            -0.3026838004589081,
            0.48630571365356445,
            0.8196882009506226,
            0.4507337510585785
          ],
          [
            -0.2300959825515747,
            -0.8718777894973755,
            0.43230190873146057,
            -0.2072698324918747
          ],
          [
            0.9249053597450256,
            -0.05775770545005798,
            0.3758033514022827,
            1.7857294082641602
          ],
          [
            0.0,
            0.0,
            0.0,
            1.0
          ]
        ]
      },
      "bone_length_armature_space": 0.03403858439502808,
      "parent": "metacarpal_thumb_l",
      "has_children": true,
      "is_end_bone": false
    },
    "thumb_02_l": {
      "name": "thumb_02_l",
      "local": {
        "location": {
          "x": 0.0,
          "y": 0.0,
          "z": 0.0
        },
        "rotation_quaternion": {
          "w": 0.9304141998291016,
          "x": 0.3664329946041107,
          "y": 0.0075129372999072075,
          "z": -9.196264727506787e-05
        },
        "scale": {
          "x": 1.0,
          "y": 1.0,
          "z": 1.0
        },
        "matrix_basis": [
          [
            0.9998871088027954,
            0.005677103064954281,
            0.013912891037762165,
            0.0
          ],
          [
            0.005334849469363689,
            0.7314537167549133,
            -0.6818702816963196,
            0.0
          ],
          [
            -0.014047683216631413,
            0.6818675398826599,
            0.7313408255577087,
            0.0
          ],
          [
            0.0,
            0.0,
            0.0,
            1.0
          ]
        ],
        "rotation_mode": "QUATERNION"
      },
      "armature_space": {
        "head": {
          "x": 0.4672868847846985,
          "y": -0.30019131302833557,
          "z": 0.8339093923568726
        },
        "tail": {
          "x": 0.47859349846839905,
          "y": -0.28549909591674805,
          "z": 0.8695393800735474
        }
      },
      "world_space": {
        "head": {
          "x": 0.4672868847846985,
          "y": -0.23694731295108795,
          "z": 1.7837634086608887
        },
        "tail": {
          "x": 0.47859349846839905,
          "y": -0.22225509583950043,
          "z": 1.8193933963775635
        },
        "rotation_quaternion": {
          "w": 0.29755279421806335,
          "x": 0.034360479563474655,
          "y": -0.7709490656852722,
          "z": -0.5620669722557068
        },
        "matrix": [
          [
            -0.8205640912055969,
            0.281508207321167,
            -0.49742043018341064,
            0.4672868847846985
          ],
          [
            -0.3874676823616028,
            0.3658016324043274,
            0.8462021350860596,
            -0.23694731295108795
          ],
          [
            0.4201728105545044,
            0.887104332447052,
            -0.1910887062549591,
            1.7837634086608887
          ],
          [
            0.0,
            0.0,
            0.0,
            1.0
          ]
        ]
      },
      "bone_length_armature_space": 0.04016462125382115,
      "parent": "thumb_01_l",
      "has_children": true,
      "is_end_bone": false
    },
    "thumb_03_l": {
      "name": "thumb_03_l",
      "local": {
        "location": {
          "x": 0.0,
          "y": 0.0,
          "z": 0.0
        },
        "rotation_quaternion": {
          "w": 0.9764063358306885,
          "x": 0.21584452688694,
          "y": -0.004483452066779137,
          "z": 0.004680586978793144
        },
        "scale": {
          "x": 1.0,
          "y": 1.0,
          "z": 1.0
        },
        "matrix_basis": [
          [
            0.9999159574508667,
            -0.011075766757130623,
            -0.006734783761203289,
            0.0
          ],
          [
            0.007204852532595396,
            0.9067784547805786,
            -0.4215458929538727,
            0.0
          ],
          [
            0.010775900445878506,
            0.42146196961402893,
            0.9067820906639099,
            0.0
          ],
          [
            0.0,
            0.0,
            0.0,
            1.0
          ]
        ],
        "rotation_mode": "QUATERNION"
      },
      "armature_space": {
        "head": {
          "x": 0.47859346866607666,
          "y": -0.2854992151260376,
          "z": 0.8695393800735474
        },
        "tail": {
          "x": 0.47555795311927795,
          "y": -0.26070570945739746,
          "z": 0.8869452476501465
        }
      },
      "world_space": {
        "head": {
          "x": 0.47859346866607666,
          "y": -0.22225521504878998,
          "z": 1.8193933963775635
        },
        "tail": {
          "x": 0.47555795311927795,
          "y": -0.19746170938014984,
          "z": 1.8367992639541626
        },
        "rotation_quaternion": {
          "w": 0.45451387763023376,
          "x": 0.18921436369419098,
          "y": -0.8370205163955688,
          "z": -0.23877117037773132
        },
        "matrix": [
          [
            -0.5152301788330078,
            -0.09970501065254211,
            -0.8512321710586548,
            0.47859346866607666
          ],
          [
            -0.5338021516799927,
            0.8143731355667114,
            0.22771000862121582,
            -0.22225521504878998
          ],
          [
            0.670521080493927,
            0.5717177391052246,
            -0.47281548380851746,
            1.8193933963775635
          ],
          [
            0.0,
            0.0,
            0.0,
            1.0
          ]
        ]
      },
      "bone_length_armature_space": 0.03044497570920597,
      "parent": "thumb_02_l",
      "has_children": false,
      "is_end_bone": true
    },
    "metacarpal_index_l": {
      "name": "metacarpal_index_l",
      "local": {
        "location": {
          "x": 0.0,
          "y": 0.0,
          "z": 0.0
        },
        "rotation_quaternion": {
          "w": 0.9995520114898682,
          "x": -0.014988337643444538,
          "y": 0.019396154209971428,
          "z": -0.017176855355501175
        },
        "scale": {
          "x": 1.0,
          "y": 1.0,
          "z": 1.0
        },
        "matrix_basis": [
          [
            0.9986574649810791,
            0.033756889402866364,
            0.03928983584046364,
            0.0
          ],
          [
            -0.034919753670692444,
            0.9989606142044067,
            0.029296915978193283,
            0.0
          ],
          [
            -0.038260024040937424,
            -0.03062957525253296,
            0.9987982511520386,
            0.0
          ],
          [
            0.0,
            0.0,
            0.0,
            1.0
          ]
        ],
        "rotation_mode": "QUATERNION"
      },
      "armature_space": {
        "head": {
          "x": 0.4538908004760742,
          "y": -0.23104381561279297,
          "z": 0.8061139583587646
        },
        "tail": {
          "x": 0.4841085374355316,
          "y": -0.30517104268074036,
          "z": 0.8916788101196289
        }
      },
      "world_space": {
        "head": {
          "x": 0.4538908004760742,
          "y": -0.16779981553554535,
          "z": 1.7559679746627808
        },
        "tail": {
          "x": 0.4841085374355316,
          "y": -0.24192704260349274,
          "z": 1.841532826423645
        },
        "rotation_quaternion": {
          "w": 0.41371703147888184,
          "x": 0.9009397625923157,
          "y": 0.11188971251249313,
          "z": -0.06801857054233551
        },
        "matrix": [
          [
            0.9657080769538879,
            0.2578927278518677,
            -0.029978927224874496,
            0.4538908004760742
          ],
          [
            0.14533169567584991,
            -0.6326374411582947,
            -0.7606896162033081,
            -0.16779981553554535
          ],
          [
            -0.21514374017715454,
            0.7302518486976624,
            -0.6484285593032837,
            1.7559679746627808
          ],
          [
            0.0,
            0.0,
            0.0,
            1.0
          ]
        ]
      },
      "bone_length_armature_space": 0.11717209963138579,
      "parent": "lowerarm_l",
      "has_children": true,
      "is_end_bone": false
    },
    "index_01_l": {
      "name": "index_01_l",
      "local": {
        "location": {
          "x": 0.0,
          "y": 0.0,
          "z": 0.0
        },
        "rotation_quaternion": {
          "w": 0.9743365049362183,
          "x": 0.2248973250389099,
          "y": 0.0039091650396585464,
          "z": -0.00863318145275116
        },
        "scale": {
          "x": 1.0,
          "y": 1.0,
          "z": 1.0
        },
        "matrix_basis": [
          [
            0.999820351600647,
            0.0185815691947937,
            0.003734525525942445,
            0.0
          ],
          [
            -0.015064925886690617,
            0.898693323135376,
            -0.4383188486099243,
            0.0
          ],
          [
            -0.011500842869281769,
            0.43818384408950806,
            0.8988118171691895,
            0.0
          ],
          [
            0.0,
            0.0,
            0.0,
            1.0
          ]
        ],
        "rotation_mode": "QUATERNION"
      },
      "armature_space": {
        "head": {
          "x": 0.4841085374355316,
          "y": -0.30517104268074036,
          "z": 0.8916788101196289
        },
        "tail": {
          "x": 0.4999966025352478,
          "y": -0.32644471526145935,
          "z": 0.9020745158195496
        }
      },
      "world_space": {
        "head": {
          "x": 0.4841085374355316,
          "y": -0.24192704260349274,
          "z": 1.841532826423645
        },
        "tail": {
          "x": 0.4999966025352478,
          "y": -0.26320070028305054,
          "z": 1.851928472518921
        },
        "rotation_quaternion": {
          "w": 0.2482544481754303,
          "x": 0.9172987937927246,
          "y": 0.2556077241897583,
          "z": -0.17775705456733704
        },
        "matrix": [
          [
            0.8061341643333435,
            0.5571954250335693,
            -0.1992000937461853,
            0.4841085374355316
          ],
          [
            0.38067978620529175,
            -0.7460683584213257,
            -0.5463196039199829,
            -0.24192704260349274
          ],
          [
            -0.453026682138443,
            0.36457714438438416,
            -0.813550591468811,
            1.841532826423645
          ],
          [
            0.0,
            0.0,
            0.0,
            1.0
          ]
        ]
      },
      "bone_length_armature_space": 0.028514390131384553,
      "parent": "metacarpal_index_l",
      "has_children": true,
      "is_end_bone": false
    },
    "index_02_l": {
      "name": "index_02_l",
      "local": {
        "location": {
          "x": 0.0,
          "y": 0.0,
          "z": 0.0
        },
        "rotation_quaternion": {
          "w": 0.9132793545722961,
          "x": 0.40728244185447693,
          "y": -0.005908655468374491,
          "z": 0.0026474494952708483
        },
        "scale": {
          "x": 1.0,
          "y": 1.0,
          "z": 1.0
        },
        "matrix_basis": [
          [
            0.999916136264801,
            -0.009648704901337624,
            -0.008635986596345901,
            0.0
          ],
          [
            2.2738679035683163e-05,
            0.668228030204773,
            -0.7439565658569336,
            0.0
          ],
          [
            0.012949025258421898,
            0.7438939809799194,
            0.6681721806526184,
            0.0
          ],
          [
            0.0,
            0.0,
            0.0,
            1.0
          ]
        ],
        "rotation_mode": "QUATERNION"
      },
      "armature_space": {
        "head": {
          "x": 0.4999965727329254,
          "y": -0.32644525170326233,
          "z": 0.9020745158195496
        },
        "tail": {
          "x": 0.5054934024810791,
          "y": -0.35017234086990356,
          "z": 0.8940183520317078
        }
      },
      "world_space": {
        "head": {
          "x": 0.4999965727329254,
          "y": -0.2632012367248535,
          "z": 1.851928472518921
        },
        "tail": {
          "x": 0.5054934024810791,
          "y": -0.28692835569381714,
          "z": 1.843872308731079
        },
        "rotation_quaternion": {
          "w": 0.11881346255540848,
          "x": -0.9337053298950195,
          "y": -0.15305624902248383,
          "z": 0.3010838031768799
        },
        "matrix": [
          [
            0.7718443870544434,
            0.2142740935087204,
            -0.5986171960830688,
            0.4999965727329254
          ],
          [
            0.35736456513404846,
            -0.9249145984649658,
            0.12970668077468872,
            -0.2632012367248535
          ],
          [
            -0.5258805155754089,
            -0.3140413165092468,
            -0.7904695272445679,
            1.851928472518921
          ],
          [
            0.0,
            0.0,
            0.0,
            1.0
          ]
        ]
      },
      "bone_length_armature_space": 0.025653297780221275,
      "parent": "index_01_l",
      "has_children": true,
      "is_end_bone": false
    },
    "index_03_l": {
      "name": "index_03_l",
      "local": {
        "location": {
          "x": 0.0,
          "y": 0.0,
          "z": 0.0
        },
        "rotation_quaternion": {
          "w": 0.9595545530319214,
          "x": 0.28152167797088623,
          "y": 0.0007040284690447152,
          "z": 0.00038716819835826755
        },
        "scale": {
          "x": 1.0,
          "y": 1.0,
          "z": 1.0
        },
        "matrix_basis": [
          [
            0.9999986886978149,
            -0.00034661946119740605,
            0.0015690999571233988,
            0.0
          ],
          [
            0.00113941659219563,
            0.8414908051490784,
            -0.5402702689170837,
            0.0
          ],
          [
            -0.0011331149144098163,
            0.5402713418006897,
            0.8414900898933411,
            0.0
          ],
          [
            0.0,
            0.0,
            0.0,
            1.0
          ]
        ],
        "rotation_mode": "QUATERNION"
      },
      "armature_space": {
        "head": {
          "x": 0.5054934620857239,
          "y": -0.35017237067222595,
          "z": 0.8940184712409973
        },
        "tail": {
          "x": 0.502249538898468,
          "y": -0.36786797642707825,
          "z": 0.8709949254989624
        }
      },
      "world_space": {
        "head": {
          "x": 0.5054934620857239,
          "y": -0.28692835569381714,
          "z": 1.8438725471496582
        },
        "tail": {
          "x": 0.502249538898468,
          "y": -0.30462396144866943,
          "z": 1.8208489418029785
        },
        "rotation_quaternion": {
          "w": 0.43435055017471313,
          "x": -0.8418444991111755,
          "y": -0.09234083443880081,
          "z": 0.3067745864391327
        },
        "matrix": [
          [
            0.7947254776954651,
            -0.11102135479450226,
            -0.5967288017272949,
            0.5054934620857239
          ],
          [
            0.42196789383888245,
            -0.6056267023086548,
            0.6746551990509033,
            -0.28692835569381714
          ],
          [
            -0.43629878759384155,
            -0.7879724502563477,
            -0.43446171283721924,
            1.8438725471496582
          ],
          [
            0.0,
            0.0,
            0.0,
            1.0
          ]
        ]
      },
      "bone_length_armature_space": 0.029218849356162126,
      "parent": "index_02_l",
      "has_children": false,
      "is_end_bone": true
    },
    "metacarpal_pinky_l": {
      "name": "metacarpal_pinky_l",
      "local": {
        "location": {
          "x": 0.0,
          "y": 0.0,
          "z": 0.0
        },
        "rotation_quaternion": {
          "w": 0.9995266795158386,
          "x": -0.0262468159198761,
          "y": -0.015993796288967133,
          "z": 0.0013262600405141711
        },
        "scale": {
          "x": 1.0,
          "y": 1.0,
          "z": 1.0
        },
        "matrix_basis": [
          [
            0.9994848966598511,
            -0.0018116921419277787,
            -0.03204207122325897,
            0.0
          ],
          [
            0.0034908370580524206,
            0.9986186623573303,
            0.05242636054754257,
            0.0
          ],
          [
            0.03190283104777336,
            -0.05251120775938034,
            0.9981105923652649,
            0.0
          ],
          [
            0.0,
            0.0,
            0.0,
            1.0
          ]
        ],
        "rotation_mode": "QUATERNION"
      },
      "armature_space": {
        "head": {
          "x": 0.4538908004760742,
          "y": -0.23104381561279297,
          "z": 0.8061139583587646
        },
        "tail": {
          "x": 0.5247012972831726,
          "y": -0.2556094527244568,
          "z": 0.878402829170227
        }
      },
      "world_space": {
        "head": {
          "x": 0.4538908004760742,
          "y": -0.16779981553554535,
          "z": 1.7559679746627808
        },
        "tail": {
          "x": 0.5247012972831726,
          "y": -0.19236545264720917,
          "z": 1.8282568454742432
        },
        "rotation_quaternion": {
          "w": 0.5130617022514343,
          "x": 0.15937551856040955,
          "y": -0.3446902930736542,
          "z": -0.7697765231132507
        },
        "matrix": [
          [
            -0.42273226380348206,
            0.6800151467323303,
            -0.5990629196166992,
            0.4538908004760742
          ],
          [
            -0.8997570872306824,
            -0.2359115034341812,
            0.36712807416915894,
            -0.16779981553554535
          ],
          [
            0.10832689702510834,
            0.6942126154899597,
            0.7115815877914429,
            1.7559679746627808
          ],
          [
            0.0,
            0.0,
            0.0,
            1.0
          ]
        ]
      },
      "bone_length_armature_space": 0.10413106149016872,
      "parent": "lowerarm_l",
      "has_children": true,
      "is_end_bone": false
    },
    "pinky_01_l": {
      "name": "pinky_01_l",
      "local": {
        "location": {
          "x": 0.0,
          "y": 0.0,
          "z": 0.0
        },
        "rotation_quaternion": {
          "w": 0.9506762623786926,
          "x": 0.30990201234817505,
          "y": 0.008804270066320896,
          "z": -0.009906061924993992
        },
        "scale": {
          "x": 1.0,
          "y": 1.0,
          "z": 1.0
        },
        "matrix_basis": [
          [
            0.9996486902236938,
            0.024291837587952614,
            0.010600203648209572,
            0.0
          ],
          [
            -0.013377993367612362,
            0.8077252507209778,
            -0.5894073843955994,
            0.0
          ],
          [
            -0.022879838943481445,
            0.589058518409729,
            0.8077664375305176,
            0.0
          ],
          [
            0.0,
            0.0,
            0.0,
            1.0
          ]
        ],
        "rotation_mode": "QUATERNION"
      },
      "armature_space": {
        "head": {
          "x": 0.5247012972831726,
          "y": -0.2556094527244568,
          "z": 0.878402829170227
        },
        "tail": {
