{
  "metadata": {
    "armature_name": "KIM_caucasian_male",
    "export_time": "2026-01-13T20:24:28.696571",
    "blender_version": "4.4.1",
    "bone_count": 56,
    "end_bone_count": 13,
    "spaces_included": [
      "LOCAL_CHANNELS",
      "ARMATURE_SPACE",
      "WORLD_SPACE"
    ],
    "note": "LOCAL matches Transform panel; replay pose via local.matrix_basis for best fidelity."
  },
  "bones": {
    "Root": {
      "name": "Root",
      "local": {
        "location": {
          "x": 0.0,
          "y": 0.0,
          "z": 0.0
        },
        "rotation_quaternion": {
          "w": 0.9995646476745605,
          "x": 0.004331585485488176,
          "y": 0.01386557798832655,
          "z": 0.025681840255856514
        },
        "scale": {
          "x": 1.0,
          "y": 1.0,
          "z": 1.0
        },
        "matrix_basis": [
          [
            0.9982963800430298,
            -0.051221199333667755,
            0.027941569685935974,
            0.0
          ],
          [
            0.051461439579725266,
            0.9986433386802673,
            -0.00794721208512783,
            0.0
          ],
          [
            -0.027496596798300743,
            0.00937158614397049,
            0.9995779395103455,
            0.0
          ],
          [
            0.0,
            0.0,
            0.0,
            1.0
          ]
        ],
        "rotation_mode": "QUATERNION"
      },
      "armature_space": {
        "head": {
          "x": 0.0,
          "y": 0.07072800397872925,
          "z": -0.009595036506652832
        },
        "tail": {
          "x": -0.0036559575237333775,
          "y": 6.034970283508301e-06,
          "z": -0.0006758561357855797
        }
      },
      "world_space": {
        "head": {
          "x": 0.0,
          "y": 0.13397200405597687,
          "z": 0.9402589797973633
        },
        "tail": {
          "x": -0.0036559575237333775,
          "y": 0.06325003504753113,
          "z": 0.949178159236908
        },
        "rotation_quaternion": {
          "w": 0.06301657110452652,
          "x": 0.997585654258728,
          "y": -0.02468940243124962,
          "z": 0.01556420885026455
        },
        "matrix": [
          [
            0.9982963800430298,
            -0.051221199333667755,
            0.027941569685935974,
            0.0
          ],
          [
            -0.047297973185777664,
            -0.9908386468887329,
            -0.12649787962436676,
            0.13397200405597687
          ],
          [
            0.0341651514172554,
            0.12496072798967361,
            -0.9915803074836731,
            0.9402589797973633
          ],
          [
            0.0,
            0.0,
            0.0,
            1.0
          ]
        ]
      },
      "bone_length_armature_space": 0.07137587063360842,
      "parent": null,
      "has_children": true,
      "is_end_bone": false
    },
    "spine_01": {
      "name": "spine_01",
      "local": {
        "location": {
          "x": 0.0,
          "y": 0.0,
          "z": 0.0
        },
        "rotation_quaternion": {
          "w": 0.9960761666297913,
          "x": 0.07770908623933792,
          "y": -0.03137950599193573,
          "z": -0.028444604948163033
        },
        "scale": {
          "x": 1.0,
          "y": 1.0,
          "z": 1.0
        },
        "matrix_basis": [
          [
            0.996412456035614,
            0.051789041608572006,
            -0.06693356484174728,
            0.0
          ],
          [
            -0.06154293194413185,
            0.9863044023513794,
            -0.15302318334579468,
            0.0
          ],
          [
            0.05809194594621658,
            0.15659348666667938,
            0.9859532713890076,
            0.0
          ],
          [
            0.0,
            0.0,
            0.0,
            1.0
          ]
        ],
        "rotation_mode": "QUATERNION"
      },
      "armature_space": {
        "head": {
          "x": -0.0036559575237333775,
          "y": 6.034970283508301e-06,
          "z": -0.0006758561357855797
        },
        "tail": {
          "x": 0.0022975048050284386,
          "y": -0.05876734480261803,
          "z": 0.4837399423122406
        }
      },
      "world_space": {
        "head": {
          "x": -0.0036559575237333775,
          "y": 0.06325003504753113,
          "z": 0.949178159236908
        },
        "tail": {
          "x": 0.0022975048050284386,
          "y": 0.004476655274629593,
          "z": 1.433593988418579
        },
        "rotation_quaternion": {
          "w": 0.6623928546905518,
          "x": 0.7471129894256592,
          "y": -0.031890206038951874,
          "z": -0.04517779126763344
        },
        "matrix": [
          [
            0.9938840270042419,
            0.012199686840176582,
            -0.10975336283445358,
            -0.0036559575237333775
          ],
          [
            -0.10750193893909454,
            -0.12043695151805878,
            -0.9868832230567932,
            0.06325003504753113
          ],
          [
            -0.02525831013917923,
            0.9926528334617615,
            -0.11839061975479126,
            0.949178159236908
          ],
          [
            0.0,
            0.0,
            0.0,
            1.0
          ]
        ]
      },
      "bone_length_armature_space": 0.48800453608645683,
      "parent": "Root",
      "has_children": true,
      "is_end_bone": false
    },
    "neck_01": {
      "name": "neck_01",
      "local": {
        "location": {
          "x": 0.0,
          "y": 0.0,
          "z": 0.0
        },
        "rotation_quaternion": {
          "w": 0.9862074851989746,
          "x": -0.044411394745111465,
          "y": -0.0841343030333519,
          "z": -0.1354399174451828
        },
        "scale": {
          "x": 1.0,
          "y": 1.0,
          "z": 1.0
        },
        "matrix_basis": [
          [
            0.9491549134254456,
            0.2746167778968811,
            -0.1539176106452942,
            0.0
          ],
          [
            -0.2596706748008728,
            0.9593673348426819,
            0.11038798838853836,
            0.0
          ],
          [
            0.17797790467739105,
            -0.06480741500854492,
            0.9818980693817139,
            0.0
          ],
          [
            0.0,
            0.0,
            0.0,
            1.0
          ]
        ],
        "rotation_mode": "QUATERNION"
      },
      "armature_space": {
        "head": {
          "x": -0.0006155483424663544,
          "y": -0.10181109607219696,
          "z": 0.5523145794868469
        },
        "tail": {
          "x": 0.025086907669901848,
          "y": -0.14695295691490173,
          "z": 0.640701949596405
        }
      },
      "world_space": {
        "head": {
          "x": -0.0006155483424663544,
          "y": -0.03856709599494934,
          "z": 1.5021686553955078
        },
        "tail": {
          "x": 0.025086907669901848,
          "y": -0.08370895683765411,
          "z": 1.5905559062957764
        },
        "rotation_quaternion": {
          "w": 0.5277777910232544,
          "x": 0.829086184501648,
          "y": 0.03594858944416046,
          "z": -0.18103693425655365
        },
        "matrix": [
          [
            0.9318670034408569,
            0.25070348381996155,
            -0.26224347949028015,
            -0.0006155483424663544
          ],
          [
            -0.13148441910743713,
            -0.44031673669815063,
            -0.8881629109382629,
            -0.03856709599494934
          ],
          [
            -0.3381381630897522,
            0.8621361255645752,
            -0.37735646963119507,
            1.5021686553955078
          ],
          [
            0.0,
            0.0,
            0.0,
            1.0
          ]
        ]
      },
      "bone_length_armature_space": 0.10252185660147126,
      "parent": "spine_01",
      "has_children": true,
      "is_end_bone": false
    },
    "head": {
      "name": "head",
      "local": {
        "location": {
          "x": 0.0,
          "y": 0.0,
          "z": 0.0
        },
        "rotation_quaternion": {
          "w": 0.9923044443130493,
          "x": 0.014236724935472012,
          "y": 0.10599502921104431,
          "z": 0.062404826283454895
        },
        "scale": {
          "x": 1.0,
          "y": 1.0,
          "z": 1.0
        },
        "matrix_basis": [
          [
            0.9697414040565491,
            -0.12083113193511963,
            0.21213555335998535,
            0.0
          ],
          [
            0.12686721980571747,
            0.991805911064148,
            -0.015025127679109573,
            0.0
          ],
          [
            -0.20858179032802582,
            0.04148353263735771,
            0.9771247506141663,
            0.0
          ],
          [
            0.0,
            0.0,
            0.0,
            1.0
          ]
        ],
        "rotation_mode": "QUATERNION"
      },
      "armature_space": {
        "head": {
          "x": 0.025086848065257072,
          "y": -0.1469530612230301,
          "z": 0.6407018303871155
        },
        "tail": {
          "x": 0.057067759335041046,
          "y": -0.16453057527542114,
          "z": 0.7914384603500366
        }
      },
      "world_space": {
        "head": {
          "x": 0.025086848065257072,
          "y": -0.08370906114578247,
          "z": 1.5905559062957764
        },
        "tail": {
          "x": 0.057067759335041046,
          "y": -0.10128657519817352,
          "z": 1.7412924766540527
        },
        "rotation_quaternion": {
          "w": 0.6596114635467529,
          "x": 0.744154691696167,
          "y": 0.09079618006944656,
          "z": -0.05387680605053902
        },
        "matrix": [
          [
            0.9777067303657532,
            0.20620842278003693,
            0.03959633409976959,
            0.025086848065257072
          ],
          [
            0.06405854225158691,
            -0.11333737522363663,
            -0.9914895296096802,
            -0.08370906114578247
          ],
          [
            -0.19996710121631622,
            0.9719288945198059,
            -0.12402186542749405,
            1.5905559062957764
          ],
          [
            0.0,
            0.0,
            0.0,
            1.0
          ]
        ]
      },
      "bone_length_armature_space": 0.15509119393875961,
      "parent": "neck_01",
      "has_children": false,
      "is_end_bone": true
    },
    "upperarm_l": {
      "name": "upperarm_l",
      "local": {
        "location": {
          "x": 0.0,
          "y": 0.0,
          "z": 0.0
        },
        "rotation_quaternion": {
          "w": 0.7432340383529663,
          "x": -0.2783699929714203,
          "y": 0.555578351020813,
          "z": -0.24788306653499603
        },
        "scale": {
          "x": 1.0,
          "y": 1.0,
          "z": 1.0
        },
        "matrix_basis": [
          [
            0.2597733736038208,
            0.05915758013725281,
            0.9638559222221375,
            0.0
          ],
          [
            -0.6777829527854919,
            0.7221282720565796,
            0.138351172208786,
            0.0
          ],
          [
            -0.6878430843353271,
            -0.6892250180244446,
            0.22768568992614746,
            0.0
          ],
          [
            0.0,
            0.0,
            0.0,
            1.0
          ]
        ],
        "rotation_mode": "QUATERNION"
      },
      "armature_space": {
        "head": {
          "x": 0.14729712903499603,
          "y": -0.1129893958568573,
          "z": 0.48143434524536133
        },
        "tail": {
          "x": 0.3529148995876312,
          "y": 0.05882938206195831,
          "z": 0.48413190245628357
        }
      },
      "world_space": {
        "head": {
          "x": 0.14729712903499603,
          "y": -0.04974539577960968,
          "z": 1.4312883615493774
        },
        "tail": {
          "x": 0.3529148995876312,
          "y": 0.12207338213920593,
          "z": 1.433985948562622
        },
        "rotation_quaternion": {
          "w": 0.06076044589281082,
          "x": 0.42294594645500183,
          "y": 0.9038264155387878,
          "z": -0.022864051163196564
        },
        "matrix": [
          [
            -0.6348497271537781,
            0.7673180103302002,
            0.09049321711063385,
            0.14729712903499603
          ],
          [
            0.7617610692977905,
            0.6411879658699036,
            -0.09272781014442444,
            -0.04974539577960968
          ],
          [
            -0.12917500734329224,
            0.010066621005535126,
            -0.9915778636932373,
            1.4312883615493774
          ],
          [
            0.0,
            0.0,
            0.0,
            1.0
          ]
        ]
      },
      "bone_length_armature_space": 0.2679694673060288,
      "parent": "spine_01",
      "has_children": true,
      "is_end_bone": false
    },
    "lowerarm_l": {
      "name": "lowerarm_l",
      "local": {
        "location": {
          "x": 0.0,
          "y": 0.0,
          "z": 0.0
        },
        "rotation_quaternion": {
          "w": 0.9464288949966431,
          "x": 0.05655423179268837,
          "y": 0.007093353662639856,
          "z": 0.3178423345088959
        },
        "scale": {
          "x": 1.0,
          "y": 1.0,
          "z": 1.0
        },
        "matrix_basis": [
          [
            0.7978518605232239,
            -0.6008279919624329,
            0.04937736690044403,
            0.0
          ],
          [
            0.6024326682090759,
            0.7915557622909546,
            -0.10253997892141342,
            0.0
          ],
          [
            0.022523948922753334,
            0.11155825108289719,
            0.9935026168823242,
            0.0
          ],
          [
            0.0,
            0.0,
            0.0,
            1.0
          ]
        ],
        "rotation_mode": "QUATERNION"
      },
      "armature_space": {
        "head": {
          "x": 0.35291504859924316,
          "y": 0.05882934480905533,
          "z": 0.4841318428516388
        },
        "tail": {
          "x": 0.6201232671737671,
          "y": 0.04701394587755203,
          "z": 0.47870245575904846
        }
      },
      "world_space": {
        "head": {
          "x": 0.35291504859924316,
          "y": 0.12207334488630295,
          "z": 1.4339858293533325
        },
        "tail": {
          "x": 0.6201232671737671,
          "y": 0.11025794595479965,
          "z": 1.4285564422607422
        },
        "rotation_quaternion": {
          "w": 0.09564238786697388,
          "x": 0.7134263515472412,
          "y": 0.6846672892570496,
          "z": -0.11448162794113159
        },
        "matrix": [
          [
            0.03624898940324783,
            0.9988179802894592,
            -0.032380469143390656,
            0.35291504859924316
          ],
          [
            0.9550207853317261,
            -0.044165678322315216,
            -0.2932320535182953,
            0.12207334488630295
          ],
          [
            -0.2943166494369507,
            -0.020294949412345886,
            -0.9554998278617859,
            1.4339858293533325
          ],
          [
            0.0,
            0.0,
            0.0,
            1.0
          ]
        ]
      },
      "bone_length_armature_space": 0.267524418530852,
      "parent": "upperarm_l",
      "has_children": true,
      "is_end_bone": false
    },
    "metacarpal_thumb_l": {
      "name": "metacarpal_thumb_l",
      "local": {
        "location": {
          "x": 0.0,
          "y": 0.0,
          "z": 0.0
        },
        "rotation_quaternion": {
          "w": 0.9999369382858276,
          "x": -0.001775973942130804,
          "y": -0.010254189372062683,
          "z": 0.004231148865073919
        },
        "scale": {
          "x": 1.0,
          "y": 1.0,
          "z": 1.0
        },
        "matrix_basis": [
          [
            0.9997538924217224,
            -0.008425341919064522,
            -0.020522113889455795,
            0.0
          ],
          [
            0.008498186245560646,
            0.9999578595161438,
            0.003464949782937765,
            0.0
          ],
          [
            0.020492056384682655,
            -0.0036384977865964174,
            0.9997833967208862,
            0.0
          ],
          [
            0.0,
            0.0,
            0.0,
            1.0
          ]
        ],
        "rotation_mode": "QUATERNION"
      },
      "armature_space": {
        "head": {
          "x": 0.6201232671737671,
          "y": 0.04701394587755203,
          "z": 0.47870245575904846
        },
        "tail": {
          "x": 0.6582649946212769,
          "y": 0.04509170725941658,
          "z": 0.4471570551395416
        }
      },
      "world_space": {
        "head": {
          "x": 0.6201232671737671,
          "y": 0.11025794595479965,
          "z": 1.4285564422607422
        },
        "tail": {
          "x": 0.6582649946212769,
          "y": 0.1083357036113739,
          "z": 1.3970110416412354
        },
        "rotation_quaternion": {
          "w": 0.5758614540100098,
          "x": -0.6907495856285095,
          "y": -0.38598012924194336,
          "z": -0.20559164881706238
        },
        "matrix": [
          [
            0.6175018548965454,
            0.770016074180603,
            -0.16051895916461945,
            0.6201232671737671
          ],
          [
            0.2964503765106201,
            -0.038806721568107605,
            0.9542596340179443,
            0.11025794595479965
          ],
          [
            0.7285715937614441,
            -0.6368474960327148,
            -0.25223565101623535,
            1.4285564422607422
          ],
          [
            0.0,
            0.0,
            0.0,
            1.0
          ]
        ]
      },
      "bone_length_armature_space": 0.04953381425836821,
      "parent": "lowerarm_l",
      "has_children": true,
      "is_end_bone": false
    },
    "thumb_01_l": {
      "name": "thumb_01_l",
      "local": {
        "location": {
          "x": 0.0,
          "y": 0.0,
          "z": 0.0
        },
        "rotation_quaternion": {
          "w": 0.997295081615448,
          "x": -0.07244586944580078,
          "y": -0.005123847629874945,
          "z": -0.011310219764709473
        },
        "scale": {
          "x": 1.0,
          "y": 1.0,
          "z": 1.0
        },
        "matrix_basis": [
          [
            0.9996916651725769,
            0.023301655426621437,
            -0.008581218309700489,
            0.0
          ],
          [
            -0.02181684970855713,
            0.9892473220825195,
            0.14461572468280792,
            0.0
          ],
          [
            0.011858733370900154,
            -0.14438392221927643,
            0.9894506931304932,
            0.0
          ],
          [
            0.0,
            0.0,
            0.0,
            1.0
          ]
        ],
        "rotation_mode": "QUATERNION"
      },
      "armature_space": {
        "head": {
          "x": 0.6582649946212769,
          "y": 0.04509170725941658,
          "z": 0.4471570551395416
        },
        "tail": {
          "x": 0.6661361455917358,
          "y": 0.06447242200374603,
          "z": 0.4203043580055237
        }
      },
      "world_space": {
        "head": {
          "x": 0.6582649946212769,
          "y": 0.1083357036113739,
          "z": 1.3970110416412354
        },
        "tail": {
          "x": 0.6661361455917358,
          "y": 0.12771642208099365,
          "z": 1.3701584339141846
        },
        "rotation_quaternion": {
          "w": 0.8355152606964111,
          "x": -0.3766312301158905,
          "y": 0.29428163170814514,
          "z": -0.27103766798973083
        },
        "matrix": [
          [
            0.6798733472824097,
            0.23124189674854279,
            0.6959161162376404,
            0.6582649946212769
          ],
          [
            -0.6745840907096863,
            0.5693749189376831,
            0.4698391258716583,
            0.1083357036113739
          ],
          [
            -0.28759315609931946,
            -0.78889000415802,
            0.5430993437767029,
            1.3970110416412354
          ],
          [
            0.0,
            0.0,
            0.0,
            1.0
          ]
        ]
      },
      "bone_length_armature_space": 0.03403872058415884,
      "parent": "metacarpal_thumb_l",
      "has_children": true,
      "is_end_bone": false
    },
    "thumb_02_l": {
      "name": "thumb_02_l",
      "local": {
        "location": {
          "x": 0.0,
          "y": 0.0,
          "z": 0.0
        },
        "rotation_quaternion": {
          "w": 0.9984846711158752,
          "x": 0.05450916662812233,
          "y": -0.007203083951026201,
          "z": -0.0023218784481287003
        },
        "scale": {
          "x": 1.0,
          "y": 1.0,
          "z": 1.0
        },
        "matrix_basis": [
          [
            0.9998854398727417,
            0.0038514519110322,
            -0.014637465588748455,
            0.0
          ],
          [
            -0.005421988200396299,
            0.9940467476844788,
            -0.10881968587636948,
            0.0
          ],
          [
            0.014131210744380951,
            0.10888658463954926,
            0.9939537048339844,
            0.0
          ],
          [
            0.0,
            0.0,
            0.0,
            1.0
          ]
        ],
        "rotation_mode": "QUATERNION"
      },
      "armature_space": {
        "head": {
          "x": 0.6661360263824463,
          "y": 0.06447241455316544,
          "z": 0.4203043580055237
        },
        "tail": {
          "x": 0.7057152390480042,
          "y": 0.0676732063293457,
          "z": 0.4142692983150482
        }
      },
      "world_space": {
        "head": {
          "x": 0.6661360263824463,
          "y": 0.12771642208099365,
          "z": 1.3701584339141846
        },
        "tail": {
          "x": 0.7057152390480042,
          "y": 0.13091720640659332,
          "z": 1.3641233444213867
        },
        "rotation_quaternion": {
          "w": 0.6959397792816162,
          "x": 0.11819188296794891,
          "y": 0.235616534948349,
          "z": -0.6679697036743164
        },
        "matrix": [
          [
            -0.003398335538804531,
            0.9854296445846558,
            0.1700494885444641,
            0.6661360263824463
          ],
          [
            -0.8740373849868774,
            0.07969218492507935,
            -0.4792787730693817,
            0.12771642208099365
          ],
          [
            -0.4858514070510864,
            -0.1502590775489807,
            0.8610369563102722,
            1.3701584339141846
          ],
          [
            0.0,
            0.0,
            0.0,
            1.0
          ]
        ]
      },
      "bone_length_armature_space": 0.04016442500760139,
      "parent": "thumb_01_l",
      "has_children": true,
      "is_end_bone": false
    },
    "thumb_03_l": {
      "name": "thumb_03_l",
      "local": {
        "location": {
          "x": 0.0,
          "y": 0.0,
          "z": 0.0
        },
        "rotation_quaternion": {
          "w": 0.9987212419509888,
          "x": 0.050363022834062576,
          "y": 0.0024228133261203766,
          "z": 0.003684599418193102
        },
        "scale": {
          "x": 1.0,
          "y": 1.0,
          "z": 1.0
        },
        "matrix_basis": [
          [
            0.9999610781669617,
            -0.0071157352067530155,
            0.005210565403103828,
            0.0
          ],
          [
            0.007603815756738186,
            0.9948999881744385,
            -0.1005793884396553,
            0.0
          ],
          [
            -0.004468295257538557,
            0.10061509907245636,
            0.9949153661727905,
            0.0
          ],
          [
            0.0,
            0.0,
            0.0,
            1.0
          ]
        ],
        "rotation_mode": "QUATERNION"
      },
      "armature_space": {
        "head": {
          "x": 0.7057151794433594,
          "y": 0.06767318397760391,
          "z": 0.41426920890808105
        },
        "tail": {
          "x": 0.7353016138076782,
          "y": 0.06802723556756973,
          "z": 0.42143917083740234
        }
      },
      "world_space": {
        "head": {
          "x": 0.7057151794433594,
          "y": 0.13091719150543213,
          "z": 1.3641232252120972
        },
        "tail": {
          "x": 0.7353016138076782,
          "y": 0.13127124309539795,
          "z": 1.3712931871414185
        },
        "rotation_quaternion": {
          "w": 0.670741081237793,
          "x": 0.3833146393299103,
          "y": 0.2364787459373474,
          "z": -0.5892826914787292
        },
        "matrix": [
          [
            0.1936456561088562,
            0.9718037843704224,
            -0.13453182578086853,
            0.7057151794433594
          ],
          [
            -0.609222412109375,
            0.011629179120063782,
            -0.7929143309593201,
            0.13091719150543213
          ],
          [
            -0.7689984440803528,
            0.235506072640419,
            0.5942999124526978,
            1.3641232252120972
          ],
          [
            0.0,
            0.0,
            0.0,
            1.0
          ]
        ]
      },
      "bone_length_armature_space": 0.030444881018807136,
      "parent": "thumb_02_l",
      "has_children": false,
      "is_end_bone": true
    },
    "metacarpal_index_l": {
      "name": "metacarpal_index_l",
      "local": {
        "location": {
          "x": 0.0,
          "y": 0.0,
          "z": 0.0
        },
        "rotation_quaternion": {
          "w": 0.9994932413101196,
          "x": 0.026584060862660408,
          "y": 0.008497453294694424,
          "z": 0.01531284675002098
        },
        "scale": {
          "x": 1.0,
          "y": 1.0,
          "z": 1.0
        },
        "matrix_basis": [
          [
            0.9993866086006165,
            -0.030158380046486855,
            0.017800450325012207,
            0.0
          ],
          [
            0.031061967834830284,
            0.9981176257133484,
            -0.05288093909621239,
            0.0
          ],
          [
            -0.01617213897407055,
            0.05340141803026199,
            0.9984421730041504,
            0.0
          ],
          [
            0.0,
            0.0,
            0.0,
            1.0
          ]
        ],
        "rotation_mode": "QUATERNION"
      },
      "armature_space": {
        "head": {
          "x": 0.6201232671737671,
          "y": 0.04701394587755203,
          "z": 0.47870245575904846
        },
        "tail": {
          "x": 0.728040337562561,
          "y": 0.03843476623296738,
          "z": 0.43387454748153687
        }
      },
      "world_space": {
        "head": {
          "x": 0.6201232671737671,
          "y": 0.11025794595479965,
          "z": 1.4285564422607422
        },
        "tail": {
          "x": 0.728040337562561,
          "y": 0.101678766310215,
          "z": 1.3837285041809082
        },
        "rotation_quaternion": {
          "w": 0.35343778133392334,
          "x": -0.7240666151046753,
          "y": -0.581782877445221,
          "z": -0.11107712984085083
        },
        "matrix": [
          [
            0.2983793616294861,
            0.9210163950920105,
            -0.25039613246917725,
            0.6201232671737671
          ],
          [
            0.7639833688735962,
            -0.07321883738040924,
            0.6410684585571289,
            0.11025794595479965
          ],
          [
            0.5721055865287781,
            -0.3825829029083252,
            -0.7254926562309265,
            1.4285564422607422
          ],
          [
            0.0,
            0.0,
            0.0,
            1.0
          ]
        ]
      },
      "bone_length_armature_space": 0.11717182845638963,
      "parent": "lowerarm_l",
      "has_children": true,
      "is_end_bone": false
    },
    "index_01_l": {
      "name": "index_01_l",
      "local": {
        "location": {
          "x": 0.0,
          "y": 0.0,
          "z": 0.0
        },
        "rotation_quaternion": {
          "w": 0.9956084489822388,
          "x": -0.09338291734457016,
          "y": -0.0017780507914721966,
          "z": -0.0063539850525557995
        },
        "scale": {
          "x": 1.0,
          "y": 1.0,
          "z": 1.0
        },
        "matrix_basis": [
          [
            0.9999129176139832,
            0.012984241358935833,
            -0.0023537774104624987,
            0.0
          ],
          [
            -0.012320083566009998,
            0.9824784994125366,
            0.18596823513507843,
            0.0
          ],
          [
            0.004727192223072052,
            -0.18592305481433868,
            0.9825529456138611,
            0.0
          ],
          [
            0.0,
            0.0,
            0.0,
            1.0
          ]
        ],
        "rotation_mode": "QUATERNION"
      },
      "armature_space": {
        "head": {
          "x": 0.728040337562561,
          "y": 0.03843476623296738,
          "z": 0.43387454748153687
        },
        "tail": {
          "x": 0.7564531564712524,
          "y": 0.038223396986722946,
          "z": 0.4362694025039673
        }
      },
      "world_space": {
        "head": {
          "x": 0.728040337562561,
          "y": 0.101678766310215,
          "z": 1.3837285041809082
        },
        "tail": {
          "x": 0.7564531564712524,
          "y": 0.10146740078926086,
          "z": 1.3861234188079834
        },
        "rotation_quaternion": {
          "w": 0.22786790132522583,
          "x": -0.6499164700508118,
          "y": -0.666611909866333,
          "z": -0.28515493869781494
        },
        "matrix": [
          [
            -0.051368165761232376,
            0.9964391589164734,
            0.06685812026262283,
            0.728040337562561
          ],
          [
            0.7365296483039856,
            -0.007412664592266083,
            0.6763648986816406,
            0.101678766310215
          ],
          [
            0.6744574904441833,
            0.08398715406656265,
            -0.7335307598114014,
            1.3837285041809082
          ],
          [
            0.0,
            0.0,
            0.0,
            1.0
          ]
        ]
      },
      "bone_length_armature_space": 0.028514352260228838,
      "parent": "metacarpal_index_l",
      "has_children": true,
      "is_end_bone": false
    },
    "index_02_l": {
      "name": "index_02_l",
      "local": {
        "location": {
          "x": 0.0,
          "y": 0.0,
          "z": 0.0
        },
        "rotation_quaternion": {
          "w": 0.9998603463172913,
          "x": 0.01559340488165617,
          "y": -0.00238981400616467,
          "z": 0.005527591332793236
        },
        "scale": {
          "x": 1.0,
          "y": 1.0,
          "z": 1.0
        },
        "matrix_basis": [
          [
            0.9999274611473083,
            -0.011128169484436512,
            -0.004606572445482016,
            0.0
          ],
          [
            0.01097910851240158,
            0.9994525909423828,
            -0.03120887465775013,
            0.0
          ],
          [
            0.004951348528265953,
            0.031156035140156746,
            0.9995022416114807,
            0.0
          ],
          [
            0.0,
            0.0,
            0.0,
            1.0
          ]
        ],
        "rotation_mode": "QUATERNION"
      },
      "armature_space": {
        "head": {
          "x": 0.7564535737037659,
          "y": 0.03822343796491623,
          "z": 0.43626901507377625
        },
        "tail": {
          "x": 0.7819802761077881,
          "y": 0.03829968720674515,
          "z": 0.43881309032440186
        }
      },
      "world_space": {
        "head": {
          "x": 0.7564535737037659,
          "y": 0.10146743804216385,
          "z": 1.3861230611801147
        },
        "tail": {
          "x": 0.7819802761077881,
          "y": 0.10154368728399277,
          "z": 1.388667106628418
        },
        "rotation_quaternion": {
          "w": 0.20011278986930847,
          "x": -0.6541527509689331,
          "y": -0.6792955994606018,
          "z": -0.26570042967796326
        },
        "matrix": [
          [
            -0.06407701224088669,
            0.9950657486915588,
            0.07574908435344696,
            0.7564535737037659
          ],
          [
            0.7823866009712219,
            0.002972237765789032,
            0.6227861046791077,
            0.10146743804216385
          ],
          [
            0.6194930076599121,
            0.09917201101779938,
            -0.7787216901779175,
            1.3861230611801147
          ],
          [
            0.0,
            0.0,
            0.0,
            1.0
          ]
        ]
      },
      "bone_length_armature_space": 0.025653277793436183,
      "parent": "index_01_l",
      "has_children": true,
      "is_end_bone": false
    },
    "index_03_l": {
      "name": "index_03_l",
      "local": {
        "location": {
          "x": 0.0,
          "y": 0.0,
          "z": 0.0
        },
        "rotation_quaternion": {
          "w": 0.999843180179596,
          "x": 0.015554132871329784,
          "y": -0.007076031528413296,
          "z": 0.004659847356379032
        },
        "scale": {
          "x": 1.0,
          "y": 1.0,
          "z": 1.0
        },
        "matrix_basis": [
          [
            0.9998564124107361,
            -0.009538356214761734,
            -0.014004884287714958,
            0.0
          ],
          [
            0.009098109789192677,
            0.9994727373123169,
            -0.031169334426522255,
            0.0
          ],
          [
            0.014294803142547607,
            0.03103744052350521,
            0.9994159936904907,
            0.0
          ],
          [
            0.0,
            0.0,
            0.0,
            1.0
          ]
        ],
        "rotation_mode": "QUATERNION"
      },
      "armature_space": {
        "head": {
          "x": 0.7819802761077881,
          "y": 0.038299575448036194,
          "z": 0.4388132095336914
        },
        "tail": {
          "x": 0.8108531832695007,
          "y": 0.04246510565280914,
          "z": 0.44046738743782043
        }
      },
      "world_space": {
        "head": {
          "x": 0.7819802761077881,
          "y": 0.10154357552528381,
          "z": 1.3886672258377075
        },
        "tail": {
          "x": 0.8108531832695007,
          "y": 0.10570910573005676,
          "z": 1.3903213739395142
        },
        "rotation_quaternion": {
          "w": 0.24760837852954865,
          "x": -0.6053520441055298,
          "y": -0.7141242623329163,
          "z": -0.24953089654445648
        },
        "matrix": [
          [
            -0.144476979970932,
            0.9881650805473328,
            -0.05153530836105347,
            0.7819802761077881
          ],
          [
            0.7410218715667725,
            0.14256396889686584,
            0.6561723351478577,
            0.10154357552528381
          ],
          [
            0.6557589769363403,
            0.0566135048866272,
            -0.7528539299964905,
            1.3886672258377075
          ],
          [
            0.0,
            0.0,
            0.0,
            1.0
          ]
        ]
      },
      "bone_length_armature_space": 0.02921870481375632,
      "parent": "index_02_l",
      "has_children": false,
      "is_end_bone": true
    },
    "metacarpal_pinky_l": {
      "name": "metacarpal_pinky_l",
      "local": {
        "location": {
          "x": 0.0,
          "y": 0.0,
          "z": 0.0
        },
        "rotation_quaternion": {
          "w": 0.9998390674591064,
          "x": 0.010172214359045029,
          "y": 0.010915244929492474,
          "z": -0.009959598071873188
        },
        "scale": {
          "x": 1.0,
          "y": 1.0,
          "z": 1.0
        },
        "matrix_basis": [
          [
            0.9995633363723755,
            0.020138055086135864,
            0.021624354645609856,
            0.0
          ],
          [
            -0.019693925976753235,
            0.9995946884155273,
            -0.02055857703089714,
            0.0
          ],
          [
            -0.02202959917485714,
            0.020123731344938278,
            0.9995547533035278,
            0.0
          ],
          [
            0.0,
            0.0,
            0.0,
            1.0
          ]
        ],
        "rotation_mode": "QUATERNION"
      },
      "armature_space": {
        "head": {
          "x": 0.6201232671737671,
          "y": 0.04701394587755203,
          "z": 0.47870245575904846
        },
        "tail": {
          "x": 0.7208791971206665,
          "y": 0.05028706416487694,
          "z": 0.5047937035560608
        }
      },
      "world_space": {
        "head": {
          "x": 0.6201232671737671,
          "y": 0.11025794595479965,
          "z": 1.4285564422607422
        },
        "tail": {
          "x": 0.7208791971206665,
          "y": 0.11353106796741486,
          "z": 1.4546477794647217
        },
        "rotation_quaternion": {
          "w": 0.5689440369606018,
          "x": 0.5492871403694153,
          "y": 0.4381988048553467,
          "z": -0.4272800087928772
        },
        "matrix": [
          [
            0.2508276402950287,
            0.9675905108451843,
            0.029223572462797165,
            0.6201232671737671
          ],
          [
            -0.004804940894246101,
            0.03143276274204254,
            -0.9994944930076599,
            0.11025794595479965
          ],
          [
            -0.9680266380310059,
            0.2505621016025543,
            0.012532450258731842,
            1.4285564422607422
          ],
          [
            0.0,
            0.0,
            0.0,
            1.0
          ]
        ]
      },
      "bone_length_armature_space": 0.10413080412110791,
      "parent": "lowerarm_l",
      "has_children": true,
      "is_end_bone": false
    },
    "pinky_01_l": {
      "name": "pinky_01_l",
      "local": {
        "location": {
          "x": 0.0,
          "y": 0.0,
          "z": 0.0
        },
        "rotation_quaternion": {
          "w": 0.9928786754608154,
          "x": -0.11888065189123154,
          "y": -0.005194170866161585,
          "z": 0.005689944606274366
        },
        "scale": {
          "x": 1.0,
          "y": 1.0,
          "z": 1.0
        },
        "matrix_basis": [
          [
            0.9998812675476074,
            -0.010063876397907734,
            -0.011667211540043354,
            0.0
          ],
          [
            0.01253382209688425,
            0.9716700315475464,
            0.23600901663303375,
            0.0
          ],
          [
            0.008961514569818974,
            -0.23612724244594574,
            0.9716808199882507,
            0.0
          ],
          [
            0.0,
            0.0,
            0.0,
            1.0
          ]
        ],
        "rotation_mode": "QUATERNION"
      },
      "armature_space": {
        "head": {
          "x": 0.7208791971206665,
          "y": 0.05028706416487694,
          "z": 0.5047937035560608
        },
        "tail": {
