{
  "metadata": {
    "armature_name": "KIM_caucasian_male",
    "export_time": "2026-01-13T20:24:59.447531",
    "blender_version": "4.4.1",
    "bone_count": 56,
    "end_bone_count": 13,
    "spaces_included": [
      "LOCAL_CHANNELS",
      "ARMATURE_SPACE",
      "WORLD_SPACE"
    ],
    "note": "LOCAL matches Transform panel; replay pose via local.matrix_basis for best fidelity."
  },
  "bones": {
    "Root": {
      "name": "Root",
      "local": {
        "location": {
          "x": 0.0,
          "y": 0.0,
          "z": 0.0
        },
        "rotation_quaternion": {
          "w": 0.9996820688247681,
          "x": 0.01287996768951416,
          "y": 0.0036420756950974464,
          "z": -0.021367274224758148
        },
        "scale": {
          "x": 1.0,
          "y": 1.0,
          "z": 1.0
        },
        "matrix_basis": [
          [
            0.999060332775116,
            0.04281478002667427,
            0.0067314160987734795,
            0.0
          ],
          [
            -0.04262714087963104,
            0.9987550973892212,
            -0.02590738795697689,
            0.0
          ],
          [
            -0.007832255214452744,
            0.025596102699637413,
            0.9996416568756104,
            0.0
          ],
          [
            0.0,
            0.0,
            0.0,
            1.0
          ]
        ],
        "rotation_mode": "QUATERNION"
      },
      "armature_space": {
        "head": {
          "x": 0.0,
          "y": 0.07072800397872925,
          "z": -0.009595036506652832
        },
        "tail": {
          "x": 0.0030559422448277473,
          "y": -0.00015754252672195435,
          "z": -0.0018223193474113941
        }
      },
      "world_space": {
        "head": {
          "x": 0.0,
          "y": 0.13397200405597687,
          "z": 0.9402589797973633
        },
        "tail": {
          "x": 0.0030559422448277473,
          "y": 0.06308645755052567,
          "z": 0.9480317234992981
        },
        "rotation_quaternion": {
          "w": 0.05449553579092026,
          "x": 0.9982787370681763,
          "y": 0.021564090624451637,
          "z": 0.0021943356841802597
        },
        "matrix": [
          [
            0.999060332775116,
            0.04281478002667427,
            0.0067314160987734795,
            0.0
          ],
          [
            0.04329310730099678,
            -0.9931304454803467,
            -0.10870929062366486,
            0.13397200405597687
          ],
          [
            0.0020308648236095905,
            0.10889838635921478,
            -0.994057834148407,
            0.9402589797973633
          ],
          [
            0.0,
            0.0,
            0.0,
            1.0
          ]
        ]
      },
      "bone_length_armature_space": 0.07137586714858184,
      "parent": null,
      "has_children": true,
      "is_end_bone": false
    },
    "spine_01": {
      "name": "spine_01",
      "local": {
        "location": {
          "x": 0.0,
          "y": 0.0,
          "z": 0.0
        },
        "rotation_quaternion": {
          "w": 0.9990663528442383,
          "x": 0.014540635980665684,
          "y": -0.015276974998414516,
          "z": 0.037702932953834534
        },
        "scale": {
          "x": 1.0,
          "y": 1.0,
          "z": 1.0
        },
        "matrix_basis": [
          [
            0.9966902136802673,
            -0.0757797360420227,
            -0.02942897379398346,
            0.0
          ],
          [
            0.07489118725061417,
            0.9967341423034668,
            -0.030206093564629555,
            0.0
          ],
          [
            0.03162187337875366,
            0.0279021468013525,
            0.9991103410720825,
            0.0
          ],
          [
            0.0,
            0.0,
            0.0,
            1.0
          ]
        ],
        "rotation_mode": "QUATERNION"
      },
      "armature_space": {
        "head": {
          "x": 0.0030559422448277473,
          "y": -0.00015754252672195435,
          "z": -0.0018223193474113941
        },
        "tail": {
          "x": -0.034730661660432816,
          "y": -0.005181855987757444,
          "z": 0.48469123244285583
        }
      },
      "world_space": {
        "head": {
          "x": 0.0030559422448277473,
          "y": 0.06308645755052567,
          "z": 0.9480317234992981
        },
        "tail": {
          "x": -0.034730661660432816,
          "y": 0.05806214362382889,
          "z": 1.4345452785491943
        },
        "rotation_quaternion": {
          "w": 0.7030926942825317,
          "x": 0.7100078463554382,
          "y": -0.02264036424458027,
          "z": 0.03220178559422493
        },
        "matrix": [
          [
            0.9969008564949036,
            -0.07743136584758759,
            0.013889934867620468,
            0.0030559422448277473
          ],
          [
            0.013131484389305115,
            -0.010295698419213295,
            -0.9998608231544495,
            0.06308645755052567
          ],
          [
            0.07756414264440536,
            0.9969515204429626,
            -0.009247984737157822,
            0.9480317234992981
          ],
          [
            0.0,
            0.0,
            0.0,
            1.0
          ]
        ]
      },
      "bone_length_armature_space": 0.48800462062580546,
      "parent": "Root",
      "has_children": true,
      "is_end_bone": false
    },
    "neck_01": {
      "name": "neck_01",
      "local": {
        "location": {
          "x": 0.0,
          "y": 0.0,
          "z": 0.0
        },
        "rotation_quaternion": {
          "w": 0.9893872737884521,
          "x": -0.06204508617520332,
          "y": -0.09381097555160522,
          "z": 0.09199298173189163
        },
        "scale": {
          "x": 1.0,
          "y": 1.0,
          "z": 1.0
        },
        "matrix_basis": [
          [
            0.9654735922813416,
            -0.17039234936237335,
            -0.1970461905002594,
            0.0
          ],
          [
            0.19367438554763794,
            0.9753754138946533,
            0.10551333427429199,
            0.0
          ],
          [
            0.17421534657478333,
            -0.14003314077854156,
            0.9746997952461243,
            0.0
          ],
          [
            0.0,
            0.0,
            0.0,
            1.0
          ]
        ],
        "rotation_mode": "QUATERNION"
      },
      "armature_space": {
        "head": {
          "x": -0.03991835564374924,
          "y": -0.040611304342746735,
          "z": 0.5573657751083374
        },
        "tail": {
          "x": -0.06455086171627045,
          "y": -0.06652623414993286,
          "z": 0.6534512042999268
        }
      },
      "world_space": {
        "head": {
          "x": -0.03991835564374924,
          "y": 0.022632695734500885,
          "z": 1.5072197914123535
        },
        "tail": {
          "x": -0.06455086171627045,
          "y": -0.0032822340726852417,
          "z": 1.6033052206039429
        },
        "rotation_quaternion": {
          "w": 0.5933257937431335,
          "x": 0.7914199829101562,
          "y": -0.1468888819217682,
          "z": 0.006543953437358141
        },
        "matrix": [
          [
            0.956761360168457,
            -0.24026715755462646,
            -0.16394904255867004,
            -0.03991835564374924
          ],
          [
            -0.22473733127117157,
            -0.25277596712112427,
            -0.9410620331764221,
            0.022632695734500885
          ],
          [
            0.18466496467590332,
            0.9372234344482422,
            -0.29584622383117676,
            1.5072197914123535
          ],
          [
            0.0,
            0.0,
            0.0,
            1.0
          ]
        ]
      },
      "bone_length_armature_space": 0.10252196475941848,
      "parent": "spine_01",
      "has_children": true,
      "is_end_bone": false
    },
    "head": {
      "name": "head",
      "local": {
        "location": {
          "x": 0.0,
          "y": 0.0,
          "z": 0.0
        },
        "rotation_quaternion": {
          "w": 0.9929476976394653,
          "x": -0.06186312437057495,
          "y": -0.10099789500236511,
          "z": 0.00523397559300065
        },
        "scale": {
          "x": 1.0,
          "y": 1.0,
          "z": 1.0
        },
        "matrix_basis": [
          [
            0.9795440435409546,
            0.002101962687447667,
            -0.20121882855892181,
            0.0
          ],
          [
            0.02289021946489811,
            0.9922910928726196,
            0.12179645150899887,
            0.0
          ],
          [
            0.19992367923259735,
            -0.12391093373298645,
            0.9719447493553162,
            0.0
          ],
          [
            0.0,
            0.0,
            0.0,
            1.0
          ]
        ],
        "rotation_mode": "QUATERNION"
      },
      "armature_space": {
        "head": {
          "x": -0.06455087661743164,
          "y": -0.06652636080980301,
          "z": 0.6534510254859924
        },
        "tail": {
          "x": -0.0850241482257843,
          "y": -0.03189004212617874,
          "z": 0.8032324314117432
        }
      },
      "world_space": {
        "head": {
          "x": -0.06455087661743164,
          "y": -0.0032823607325553894,
          "z": 1.6033051013946533
        },
        "tail": {
          "x": -0.0850241482257843,
          "y": 0.03135395795106888,
          "z": 1.7530864477157593
        },
        "rotation_quaternion": {
          "w": 0.7500330209732056,
          "x": 0.6160317659378052,
          "y": -0.22161929309368134,
          "z": -0.09402257204055786
        },
        "matrix": [
          [
            0.8840896487236023,
            -0.13200879096984863,
            -0.44828447699546814,
            -0.06455087661743164
          ],
          [
            -0.4140881896018982,
            0.22333014011383057,
            -0.8824142813682556,
            -0.0032823607325553894
          ],
          [
            0.21660296618938446,
            0.9657695889472961,
            0.14278076589107513,
            1.6033051013946533
          ],
          [
            0.0,
            0.0,
            0.0,
            1.0
          ]
        ]
      },
      "bone_length_armature_space": 0.15509125933694579,
      "parent": "neck_01",
      "has_children": false,
      "is_end_bone": true
    },
    "upperarm_l": {
      "name": "upperarm_l",
      "local": {
        "location": {
          "x": 0.0,
          "y": 0.0,
          "z": 0.0
        },
        "rotation_quaternion": {
          "w": 0.9481269121170044,
          "x": 0.015001218765974045,
          "y": 0.19708070158958435,
          "z": 0.24897734820842743
        },
        "scale": {
          "x": 1.0,
          "y": 1.0,
          "z": 1.0
        },
        "matrix_basis": [
          [
            0.7983389496803284,
            -0.46621134877204895,
            0.38118496537208557,
            0.0
          ],
          [
            0.47803714871406555,
            0.8755704760551453,
            0.06969114392995834,
            0.0
          ],
          [
            -0.3662451207637787,
            0.12658338248729706,
            0.9218683242797852,
            0.0
          ],
          [
            0.0,
            0.0,
            0.0,
            1.0
          ]
        ],
        "rotation_mode": "QUATERNION"
      },
      "armature_space": {
        "head": {
          "x": 0.11486506462097168,
          "y": -0.041138313710689545,
          "z": 0.5019680857658386
        },
        "tail": {
          "x": 0.34386253356933594,
          "y": -0.06691405177116394,
          "z": 0.6387293338775635
        }
      },
      "world_space": {
        "head": {
          "x": 0.11486506462097168,
          "y": 0.022105686366558075,
          "z": 1.45182204246521
        },
        "tail": {
          "x": 0.34386253356933594,
          "y": -0.003670051693916321,
          "z": 1.5885833501815796
        },
        "rotation_quaternion": {
          "w": 0.49970683455467224,
          "x": 0.707335889339447,
          "y": 0.4496643841266632,
          "z": -0.21856606006622314
        },
        "matrix": [
          [
            0.5000604391098022,
            0.8545656800270081,
            0.14020337164402008,
            0.11486506462097168
          ],
          [
            0.4176921248435974,
            -0.09618911147117615,
            -0.9034828543663025,
            0.022105686366558075
          ],
          [
            -0.7586043477058411,
            0.5103613138198853,
            -0.4050493538379669,
            1.45182204246521
          ],
          [
            0.0,
            0.0,
            0.0,
            1.0
          ]
        ]
      },
      "bone_length_armature_space": 0.2679699060061324,
      "parent": "spine_01",
      "has_children": true,
      "is_end_bone": false
    },
    "lowerarm_l": {
      "name": "lowerarm_l",
      "local": {
        "location": {
          "x": 0.0,
          "y": 0.0,
          "z": 0.0
        },
        "rotation_quaternion": {
          "w": 0.9109362363815308,
          "x": 0.2928279936313629,
          "y": 0.24580489099025726,
          "z": -0.1550063192844391
        },
        "scale": {
          "x": 1.0,
          "y": 1.0,
          "z": 1.0
        },
        "matrix_basis": [
          [
            0.8311060070991516,
            0.4263588488101959,
            0.3570447862148285,
            0.0
          ],
          [
            -0.13844464719295502,
            0.780449628829956,
            -0.6096978783607483,
            0.0
          ],
          [
            -0.5386055707931519,
            0.4572926461696625,
            0.7076634168624878,
            0.0
          ],
          [
            0.0,
            0.0,
            0.0,
            1.0
          ]
        ],
        "rotation_mode": "QUATERNION"
      },
      "armature_space": {
        "head": {
          "x": 0.3438625633716583,
          "y": -0.0669141560792923,
          "z": 0.638729453086853
        },
        "tail": {
          "x": 0.5760487914085388,
          "y": -0.19728074967861176,
          "z": 0.612971305847168
        }
      },
      "world_space": {
        "head": {
          "x": 0.3438625633716583,
          "y": -0.0036701560020446777,
          "z": 1.5885834693908691
        },
        "tail": {
          "x": 0.5760487914085388,
          "y": -0.13403674960136414,
          "z": 1.562825322151184
        },
        "rotation_quaternion": {
          "w": 0.09884835034608841,
          "x": 0.8220385909080505,
          "y": 0.49656304717063904,
          "z": -0.26058921217918396
        },
        "matrix": [
          [
            0.3710361123085022,
            0.867906391620636,
            -0.3302583694458008,
            0.3438625633716583
          ],
          [
            0.7648703455924988,
            -0.4873071312904358,
            -0.4213140606880188,
            -0.0036701560020446777
          ],
          [
            -0.5266014337539673,
            -0.09628330171108246,
            -0.8446505665779114,
            1.5885834693908691
          ],
          [
            0.0,
            0.0,
            0.0,
            1.0
          ]
        ]
      },
      "bone_length_armature_space": 0.26752453386122743,
      "parent": "upperarm_l",
      "has_children": true,
      "is_end_bone": false
    },
    "metacarpal_thumb_l": {
      "name": "metacarpal_thumb_l",
      "local": {
        "location": {
          "x": 0.0,
          "y": 0.0,
          "z": 0.0
        },
        "rotation_quaternion": {
          "w": 0.999903678894043,
          "x": -0.0023523031268268824,
          "y": -0.010554648004472256,
          "z": 0.008701762184500694
        },
        "scale": {
          "x": 1.0,
          "y": 1.0,
          "z": 1.0
        },
        "matrix_basis": [
          [
            0.9996257424354553,
            -0.017352191731333733,
            -0.0211482010781765,
            0.0
          ],
          [
            0.01745150424540043,
            0.9998375177383423,
            0.004520465154200792,
            0.0
          ],
          [
            0.021066324785351753,
            -0.004887841176241636,
            0.9997661113739014,
            0.0
          ],
          [
            0.0,
            0.0,
            0.0,
            1.0
          ]
        ],
        "rotation_mode": "QUATERNION"
      },
      "armature_space": {
        "head": {
          "x": 0.5760487914085388,
          "y": -0.19728074967861176,
          "z": 0.612971305847168
        },
        "tail": {
          "x": 0.6029154062271118,
          "y": -0.22195836901664734,
          "z": 0.5794630646705627
        }
      },
      "world_space": {
        "head": {
          "x": 0.5760487914085388,
          "y": -0.13403674960136414,
          "z": 1.562825322151184
        },
        "tail": {
          "x": 0.6029154062271118,
          "y": -0.15871436893939972,
          "z": 1.5293171405792236
        },
        "rotation_quaternion": {
          "w": 0.46024978160858154,
          "x": -0.8341064453125,
          "y": -0.19766417145729065,
          "z": -0.2310098558664322
        },
        "matrix": [
          [
            0.815126895904541,
            0.5423904061317444,
            0.2034223973751068,
            0.5760487914085388
          ],
          [
            0.1171036958694458,
            -0.4981987774372101,
            0.859118640422821,
            -0.13403674960136414
          ],
          [
            0.5673266053199768,
            -0.6764743328094482,
            -0.4696137011051178,
            1.562825322151184
          ],
          [
            0.0,
            0.0,
            0.0,
            1.0
          ]
        ]
      },
      "bone_length_armature_space": 0.0495338485476874,
      "parent": "lowerarm_l",
      "has_children": true,
      "is_end_bone": false
    },
    "thumb_01_l": {
      "name": "thumb_01_l",
      "local": {
        "location": {
          "x": 0.0,
          "y": 0.0,
          "z": 0.0
        },
        "rotation_quaternion": {
          "w": 0.9842838048934937,
          "x": 0.17504240572452545,
          "y": 0.022127754986286163,
          "z": 0.007475622929632664
        },
        "scale": {
          "x": 1.0,
          "y": 1.0,
          "z": 1.0
        },
        "matrix_basis": [
          [
            0.9989089369773865,
            -0.0069696782156825066,
            0.04617708548903465,
            0.0
          ],
          [
            0.022462859749794006,
            0.9386085271835327,
            -0.34425196051597595,
            0.0
          ],
          [
            -0.040942881256341934,
            0.34491366147994995,
            0.9377410411834717,
            0.0
          ],
          [
            0.0,
            0.0,
            0.0,
            1.0
          ]
        ],
        "rotation_mode": "QUATERNION"
      },
      "armature_space": {
        "head": {
          "x": 0.6029154062271118,
          "y": -0.22195836901664734,
          "z": 0.5794630646705627
        },
        "tail": {
          "x": 0.6261979937553406,
          "y": -0.21058669686317444,
          "z": 0.5573896169662476
        }
      },
      "world_space": {
        "head": {
          "x": 0.6029154062271118,
          "y": -0.15871436893939972,
          "z": 1.5293171405792236
        },
        "tail": {
          "x": 0.6261979937553406,
          "y": -0.14734269678592682,
          "z": 1.5072436332702637
        },
        "rotation_quaternion": {
          "w": 0.7579840421676636,
          "x": -0.2125076800584793,
          "y": 0.30414092540740967,
          "z": -0.5364689826965332
        },
        "matrix": [
          [
            0.23939663171768188,
            0.6840065717697144,
            0.6890749335289001,
            0.6029154062271118
          ],
          [
            -0.942534863948822,
            0.33408206701278687,
            -0.00417153537273407,
            -0.15871436893939972
          ],
          [
            -0.2330632358789444,
            -0.6484826803207397,
            0.7246832251548767,
            1.5293171405792236
          ],
          [
            0.0,
            0.0,
            0.0,
            1.0
          ]
        ]
      },
      "bone_length_armature_space": 0.03403866746592035,
      "parent": "metacarpal_thumb_l",
      "has_children": true,
      "is_end_bone": false
    },
    "thumb_02_l": {
      "name": "thumb_02_l",
      "local": {
        "location": {
          "x": 0.0,
          "y": 0.0,
          "z": 0.0
        },
        "rotation_quaternion": {
          "w": 0.9230591058731079,
          "x": 0.3845839500427246,
          "y": -0.00705022132024169,
          "z": 0.0027004689909517765
        },
        "scale": {
          "x": 1.0,
          "y": 1.0,
          "z": 1.0
        },
        "matrix_basis": [
          [
            0.9998859763145447,
            -0.0104081891477108,
            -0.010938428342342377,
            0.0
          ],
          [
            -0.00043741893023252487,
            0.7041757702827454,
            -0.7100254893302917,
            0.0
          ],
          [
            0.015092656016349792,
            0.7099493741989136,
            0.70409095287323,
            0.0
          ],
          [
            0.0,
            0.0,
            0.0,
            1.0
          ]
        ],
        "rotation_mode": "QUATERNION"
      },
      "armature_space": {
        "head": {
          "x": 0.6261979341506958,
          "y": -0.21058666706085205,
          "z": 0.5573896169662476
        },
        "tail": {
          "x": 0.6450176239013672,
          "y": -0.23816648125648499,
          "z": 0.5797135829925537
        }
      },
      "world_space": {
        "head": {
          "x": 0.6261979341506958,
          "y": -0.14734266698360443,
          "z": 1.5072436332702637
        },
        "tail": {
          "x": 0.6450176239013672,
          "y": -0.17492248117923737,
          "z": 1.5295675992965698
        },
        "rotation_quaternion": {
          "w": 0.3665434420108795,
          "x": 0.4268510043621063,
          "y": -0.1493617296218872,
          "z": -0.8131023049354553
        },
        "matrix": [
          [
            -0.36688756942749023,
            0.4685662090778351,
            -0.8036410808563232,
            0.6261979341506958
          ],
          [
            -0.7235857248306274,
            -0.686673104763031,
            -0.07002797722816467,
            -0.14734266698360443
          ],
          [
            -0.5846561789512634,
            0.555814266204834,
            0.5909836292266846,
            1.5072436332702637
          ],
          [
            0.0,
            0.0,
            0.0,
            1.0
          ]
        ]
      },
      "bone_length_armature_space": 0.04016449046085493,
      "parent": "thumb_01_l",
      "has_children": true,
      "is_end_bone": false
    },
    "thumb_03_l": {
      "name": "thumb_03_l",
      "local": {
        "location": {
          "x": 0.0,
          "y": 0.0,
          "z": 0.0
        },
        "rotation_quaternion": {
          "w": 0.9867245554924011,
          "x": 0.1621919721364975,
          "y": 0.007900988683104515,
          "z": 0.0024892783258110285
        },
        "scale": {
          "x": 1.0,
          "y": 1.0,
          "z": 1.0
        },
        "matrix_basis": [
          [
            0.9998627305030823,
            -0.002349510323256254,
            0.016399681568145752,
            0.0
          ],
          [
            0.007475418038666248,
            0.9473751187324524,
            -0.3200382590293884,
            0.0
          ],
          [
            -0.014784717001020908,
            0.32011693716049194,
            0.947262704372406,
            0.0
          ],
          [
            0.0,
            0.0,
            0.0,
            1.0
          ]
        ],
        "rotation_mode": "QUATERNION"
      },
      "armature_space": {
        "head": {
          "x": 0.6450176239013672,
          "y": -0.23816649615764618,
          "z": 0.5797134637832642
        },
        "tail": {
          "x": 0.6439478993415833,
          "y": -0.2561441659927368,
          "z": 0.6042605042457581
        }
      },
      "world_space": {
        "head": {
          "x": 0.6450176239013672,
          "y": -0.17492249608039856,
          "z": 1.5295674800872803
        },
        "tail": {
          "x": 0.6439478993415833,
          "y": -0.1929001659154892,
          "z": 1.554114580154419
        },
        "rotation_quaternion": {
          "w": 0.32000309228897095,
          "x": 0.6575067639350891,
          "y": -0.3199191093444824,
          "z": -0.6024405360221863
        },
        "matrix": [
          [
            0.06943579018115997,
            -0.03513571619987488,
            -0.9969674944877625,
            0.6450176239013672
          ],
          [
            -0.8062639236450195,
            -0.5904993414878845,
            -0.035343289375305176,
            -0.17492249608039856
          ],
          [
            -0.5874715447425842,
            0.8062781691551208,
            -0.06933106482028961,
            1.5295674800872803
          ],
          [
            0.0,
            0.0,
            0.0,
            1.0
          ]
        ]
      },
      "bone_length_armature_space": 0.030445001712115744,
      "parent": "thumb_02_l",
      "has_children": false,
      "is_end_bone": true
    },
    "metacarpal_index_l": {
      "name": "metacarpal_index_l",
      "local": {
        "location": {
          "x": 0.0,
          "y": 0.0,
          "z": 0.0
        },
        "rotation_quaternion": {
          "w": 0.998778223991394,
          "x": -0.04939824715256691,
          "y": -0.0014243669575080276,
          "z": 0.0001390537217957899
        },
        "scale": {
          "x": 1.0,
          "y": 1.0,
          "z": 1.0
        },
        "matrix_basis": [
          [
            0.9999958872795105,
            -0.00013704519369639456,
            -0.00285899150185287,
            0.0
          ],
          [
            0.0004184901190456003,
            0.995119571685791,
            0.09867539256811142,
            0.0
          ],
          [
            0.0028315153904259205,
            -0.0986761823296547,
            0.9951155781745911,
            0.0
          ],
          [
            0.0,
            0.0,
            0.0,
            1.0
          ]
        ],
        "rotation_mode": "QUATERNION"
      },
      "armature_space": {
        "head": {
          "x": 0.5760487914085388,
          "y": -0.19728074967861176,
          "z": 0.612971305847168
        },
        "tail": {
          "x": 0.6634944081306458,
          "y": -0.26755234599113464,
          "z": 0.5791422724723816
        }
      },
      "world_space": {
        "head": {
          "x": 0.5760487914085388,
          "y": -0.13403674960136414,
          "z": 1.562825322151184
        },
        "tail": {
          "x": 0.6634944081306458,
          "y": -0.20430834591388702,
          "z": 1.528996229171753
        },
        "rotation_quaternion": {
          "w": 0.20413057506084442,
          "x": -0.889454185962677,
          "y": -0.3980763554573059,
          "z": -0.09347370266914368
        },
        "matrix": [
          [
            0.665595531463623,
            0.7463030815124512,
            0.00376071035861969,
            0.5760487914085388
          ],
          [
            0.6699805855751038,
            -0.5997315645217896,
            0.43754833936691284,
            -0.13403674960136414
          ],
          [
            0.3288019001483917,
            -0.2887132465839386,
            -0.8991931080818176,
            1.562825322151184
          ],
          [
            0.0,
            0.0,
            0.0,
            1.0
          ]
        ]
      },
      "bone_length_armature_space": 0.11717182442011863,
      "parent": "lowerarm_l",
      "has_children": true,
      "is_end_bone": false
    },
    "index_01_l": {
      "name": "index_01_l",
      "local": {
        "location": {
          "x": 0.0,
          "y": 0.0,
          "z": 0.0
        },
        "rotation_quaternion": {
          "w": 0.974420428276062,
          "x": 0.2242112159729004,
          "y": -0.011312303133308887,
          "z": -0.010305818170309067
        },
        "scale": {
          "x": 1.0,
          "y": 1.0,
          "z": 1.0
        },
        "matrix_basis": [
          [
            0.999531626701355,
            0.015011709183454514,
            -0.026667239144444466,
            0.0
          ],
          [
            -0.02515709027647972,
            0.8992462158203125,
            -0.43671882152557373,
            0.0
          ],
          [
            0.01742451824247837,
            0.437185138463974,
            0.8992027044296265,
            0.0
          ],
          [
            0.0,
            0.0,
            0.0,
            1.0
          ]
        ],
        "rotation_mode": "QUATERNION"
      },
      "armature_space": {
        "head": {
          "x": 0.6634944081306458,
          "y": -0.26755234599113464,
          "z": 0.5791422724723816
        },
        "tail": {
          "x": 0.6889353394508362,
          "y": -0.2721034288406372,
          "z": 0.5670957565307617
        }
      },
      "world_space": {
        "head": {
          "x": 0.6634944081306458,
          "y": -0.20430834591388702,
          "z": 1.528996229171753
        },
        "tail": {
          "x": 0.6889353394508362,
          "y": -0.2088594287633896,
          "z": 1.5169497728347778
        },
        "rotation_quaternion": {
          "w": 0.30468547344207764,
          "x": -0.760604202747345,
          "y": -0.5721561908721924,
          "z": -0.035849541425704956
        },
        "matrix": [
          [
            0.3427026569843292,
            0.892214298248291,
            -0.294123113155365,
            0.6634944081306458
          ],
          [
            0.8485249280929565,
            -0.15960659086704254,
            0.5045112371444702,
            -0.20430834591388702
          ],
          [
            0.4031916856765747,
            -0.4224712550640106,
            -0.8117688298225403,
            1.528996229171753
          ],
          [
            0.0,
            0.0,
            0.0,
            1.0
          ]
        ]
      },
      "bone_length_armature_space": 0.0285144150740378,
      "parent": "metacarpal_index_l",
      "has_children": true,
      "is_end_bone": false
    },
    "index_02_l": {
      "name": "index_02_l",
      "local": {
        "location": {
          "x": 0.0,
          "y": 0.0,
          "z": 0.0
        },
        "rotation_quaternion": {
          "w": 0.9169222116470337,
          "x": 0.3990509808063507,
          "y": 0.0027850493788719177,
          "z": 0.002063577529042959
        },
        "scale": {
          "x": 1.0,
          "y": 1.0,
          "z": 1.0
        },
        "matrix_basis": [
          [
            0.9999759793281555,
            -0.0015615267911925912,
            0.006754292640835047,
            0.0
          ],
          [
            0.00600703340023756,
            0.6815081238746643,
            -0.7317858934402466,
            0.0
          ],
          [
            -0.003460401901975274,
            0.7318089008331299,
            0.6815010905265808,
            0.0
          ],
          [
            0.0,
            0.0,
            0.0,
            1.0
          ]
        ],
        "rotation_mode": "QUATERNION"
      },
      "armature_space": {
        "head": {
          "x": 0.6889354586601257,
          "y": -0.27210354804992676,
          "z": 0.5670952796936035
        },
        "tail": {
          "x": 0.6995573043823242,
          "y": -0.26646748185157776,
          "z": 0.5444345474243164
        }
      },
      "world_space": {
        "head": {
          "x": 0.6889354586601257,
          "y": -0.20885954797267914,
          "z": 1.5169492959976196
        },
        "tail": {
          "x": 0.6995573043823242,
          "y": -0.20322348177433014,
          "z": 1.4942885637283325
        },
        "rotation_quaternion": {
          "w": 0.5532721877098083,
          "x": -0.5877876281738281,
          "y": -0.5511258840560913,
          "z": 0.2113192230463028
        },
        "matrix": [
          [
            0.30320504307746887,
            0.4140549898147583,
            -0.8582686185836792,
            0.6889354586601257
          ],
          [
            0.8817257881164551,
            0.2197011262178421,
            0.41748225688934326,
            -0.20885954797267914
          ],
          [
            0.361426442861557,
            -0.8833463191986084,
            -0.298470139503479,
            1.5169492959976196
          ],
          [
            0.0,
            0.0,
            0.0,
            1.0
          ]
        ]
      },
      "bone_length_armature_space": 0.025653413889597666,
      "parent": "index_01_l",
      "has_children": true,
      "is_end_bone": false
    },
    "index_03_l": {
      "name": "index_03_l",
      "local": {
        "location": {
          "x": 0.0,
          "y": 0.0,
          "z": 0.0
        },
        "rotation_quaternion": {
          "w": 0.9642438292503357,
          "x": 0.2649034261703491,
          "y": 0.00490146316587925,
          "z": 0.006000486668199301
        },
        "scale": {
          "x": 1.0,
          "y": 1.0,
          "z": 1.0
        },
        "matrix_basis": [
          [
            0.9998799562454224,
            -0.008975035510957241,
            0.012631510384380817,
            0.0
          ],
          [
            0.0141686936840415,
            0.8595803380012512,
            -0.5108041763305664,
            0.0
          ],
          [
            -0.006273312494158745,
            0.510921835899353,
            0.8596042990684509,
            0.0
          ],
          [
            0.0,
            0.0,
            0.0,
            1.0
          ]
        ],
        "rotation_mode": "QUATERNION"
      },
      "armature_space": {
        "head": {
          "x": 0.6995574235916138,
          "y": -0.2664675712585449,
          "z": 0.5444346070289612
        },
        "tail": {
          "x": 0.6955735683441162,
          "y": -0.25151368975639343,
          "z": 0.5196505188941956
        }
      },
      "world_space": {
        "head": {
          "x": 0.6995574235916138,
          "y": -0.2032235711812973,
          "z": 1.494288682937622
        },
        "tail": {
          "x": 0.6955735683441162,
          "y": -0.1882696896791458,
          "z": 1.4695045948028564
        },
        "rotation_quaternion": {
          "w": 0.7315813899040222,
          "x": -0.3681012988090515,
          "y": -0.46977078914642334,
          "z": 0.3295537531375885
        },
        "matrix": [
          [
            0.3414199948310852,
            -0.13634657859802246,
            -0.9299687147140503,
            0.6995574235916138
          ],
          [
            0.828037679195404,
            0.5117914080619812,
            0.2289619743824005,
            -0.2032235711812973
          ],
          [
            0.4447356164455414,
            -0.8482268452644348,
            0.28763824701309204,
            1.494288682937622
          ],
          [
            0.0,
            0.0,
            0.0,
            1.0
          ]
        ]
      },
      "bone_length_armature_space": 0.02921884120089077,
      "parent": "index_02_l",
      "has_children": false,
      "is_end_bone": true
    },
    "metacarpal_pinky_l": {
      "name": "metacarpal_pinky_l",
      "local": {
        "location": {
          "x": 0.0,
          "y": 0.0,
          "z": 0.0
        },
        "rotation_quaternion": {
          "w": 0.9988734722137451,
          "x": -0.04640607535839081,
          "y": 0.009042923338711262,
          "z": -0.004075491800904274
        },
        "scale": {
          "x": 1.0,
          "y": 1.0,
          "z": 1.0
        },
        "matrix_basis": [
          [
            0.9998032450675964,
            0.007302508223801851,
            0.018443727865815163,
            0.0
          ],
          [
            -0.00898109469562769,
            0.9956597089767456,
            0.09263388812541962,
            0.0
          ],
          [
            -0.01768721640110016,
            -0.09278130531311035,
            0.9955294132232666,
            0.0
          ],
          [
            0.0,
            0.0,
            0.0,
            1.0
          ]
        ],
        "rotation_mode": "QUATERNION"
      },
      "armature_space": {
        "head": {
          "x": 0.5760487914085388,
          "y": -0.19728074967861176,
          "z": 0.612971305847168
        },
        "tail": {
          "x": 0.6759616732597351,
          "y": -0.22341521084308624,
          "z": 0.6262989044189453
        }
      },
      "world_space": {
        "head": {
          "x": 0.5760487914085388,
          "y": -0.13403674960136414,
          "z": 1.562825322151184
        },
        "tail": {
          "x": 0.6759616732597351,
          "y": -0.16017121076583862,
          "z": 1.5761529207229614
        },
        "rotation_quaternion": {
          "w": 0.5188353657722473,
          "x": 0.504378616809845,
          "y": 0.32453081011772156,
          "z": -0.6091731190681458
        },
        "matrix": [
          [
            0.04717683419585228,
            0.9594942331314087,
            -0.2777498960494995,
            0.5760487914085388
          ],
          [
            -0.30474853515625,
            -0.2509773373603821,
            -0.918770432472229,
            -0.13403674960136414
          ],
          [
            -0.9512708187103271,
            0.12798911333084106,
            0.2805653214454651,
            1.562825322151184
          ],
          [
            0.0,
            0.0,
            0.0,
            1.0
          ]
        ]
      },
      "bone_length_armature_space": 0.10413077815445848,
      "parent": "lowerarm_l",
      "has_children": true,
      "is_end_bone": false
    },
    "pinky_01_l": {
      "name": "pinky_01_l",
      "local": {
        "location": {
          "x": 0.0,
          "y": 0.0,
          "z": 0.0
        },
        "rotation_quaternion": {
          "w": 0.9512881636619568,
          "x": 0.3082802891731262,
          "y": 0.00197964278049767,
          "z": -0.003207410918548703
        },
        "scale": {
          "x": 1.0,
          "y": 1.0,
          "z": 1.0
        },
        "matrix_basis": [
          [
            0.9999715685844421,
            0.007322913967072964,
            0.001788858324289322,
            0.0
          ],
          [
            -0.004881774540990591,
            0.8099059462547302,
            -0.5865395069122314,
            0.0
          ],
          [
            -0.0057439845986664295,
            0.5865140557289124,
            0.8099187016487122,
            0.0
          ],
          [
            0.0,
            0.0,
            0.0,
            1.0
          ]
        ],
        "rotation_mode": "QUATERNION"
      },
      "armature_space": {
        "head": {
          "x": 0.6759616732597351,
          "y": -0.22341521084308624,
          "z": 0.6262989044189453
        },
        "tail": {
