{
  "metadata": {
    "armature_name": "KIM_caucasian_male",
    "export_time": "2026-01-13T20:25:43.397098",
    "blender_version": "4.4.1",
    "bone_count": 56,
    "end_bone_count": 13,
    "spaces_included": [
      "LOCAL_CHANNELS",
      "ARMATURE_SPACE",
      "WORLD_SPACE"
    ],
    "note": "LOCAL matches Transform panel; replay pose via local.matrix_basis for best fidelity."
  },
  "bones": {
    "Root": {
      "name": "Root",
      "local": {
        "location": {
          "x": 0.0,
          "y": 0.0,
          "z": 0.0
        },
        "rotation_quaternion": {
          "w": 0.9998083114624023,
          "x": 0.0021277088671922684,
          "y": -0.0068156784400343895,
          "z": -0.018231388181447983
        },
        "scale": {
          "x": 1.0,
          "y": 1.0,
          "z": 1.0
        },
        "matrix_basis": [
          [
            0.9992423057556152,
            0.03642678260803223,
            -0.013706326484680176,
            0.0
          ],
          [
            -0.03648478910326958,
            0.9993261694908142,
            -0.0040060835890471935,
            0.0
          ],
          [
            0.013551161624491215,
            0.004503120668232441,
            0.9998980164527893,
            0.0
          ],
          [
            0.0,
            0.0,
            0.0,
            1.0
          ]
        ],
        "rotation_mode": "QUATERNION"
      },
      "armature_space": {
        "head": {
          "x": 0.0,
          "y": 0.07072800397872925,
          "z": -0.009595036506652832
        },
        "tail": {
          "x": 0.0025999932549893856,
          "y": 4.447996616363525e-06,
          "z": -0.0003249645233154297
        }
      },
      "world_space": {
        "head": {
          "x": 0.0,
          "y": 0.13397200405597687,
          "z": 0.9402589797973633
        },
        "tail": {
          "x": 0.0025999932549893856,
          "y": 0.06324844807386398,
          "z": 0.9495290517807007
        },
        "rotation_quaternion": {
          "w": 0.06523187458515167,
          "x": 0.9976804256439209,
          "y": 0.01773081347346306,
          "z": -0.008028406649827957
        },
        "matrix": [
          [
            0.9992423057556152,
            0.03642678260803223,
            -0.013706326484680176,
            0.0
          ],
          [
            0.03433194383978844,
            -0.9908608198165894,
            -0.13044627010822296,
            0.13397200405597687
          ],
          [
            -0.018332894891500473,
            0.12987683713436127,
            -0.9913676977157593,
            0.9402589797973633
          ],
          [
            0.0,
            0.0,
            0.0,
            1.0
          ]
        ]
      },
      "bone_length_armature_space": 0.07137587654604803,
      "parent": null,
      "has_children": true,
      "is_end_bone": false
    },
    "spine_01": {
      "name": "spine_01",
      "local": {
        "location": {
          "x": 0.0,
          "y": 0.0,
          "z": 0.0
        },
        "rotation_quaternion": {
          "w": 0.9945433139801025,
          "x": -0.06205328553915024,
          "y": -0.031199248507618904,
          "z": 0.07784377038478851
        },
        "scale": {
          "x": 1.0,
          "y": 1.0,
          "z": 1.0
        },
        "matrix_basis": [
          [
            0.9859338998794556,
            -0.15096597373485565,
            -0.07171893119812012,
            0.0
          ],
          [
            0.1587100327014923,
            0.980179488658905,
            0.11857202649116516,
            0.0
          ],
          [
            0.05239708349108696,
            -0.1282866895198822,
            0.9903519749641418,
            0.0
          ],
          [
            0.0,
            0.0,
            0.0,
            1.0
          ]
        ],
        "rotation_mode": "QUATERNION"
      },
      "armature_space": {
        "head": {
          "x": 0.0025999932549893856,
          "y": 4.447996616363525e-06,
          "z": -0.0003249645233154297
        },
        "tail": {
          "x": -0.06514842063188553,
          "y": 0.0804457888007164,
          "z": 0.4762123227119446
        }
      },
      "world_space": {
        "head": {
          "x": 0.0025999932549893856,
          "y": 0.06324844807386398,
          "z": 0.9495290517807007
        },
        "tail": {
          "x": -0.06514842063188553,
          "y": 0.14368978142738342,
          "z": 1.4260663986206055
        },
        "rotation_quaternion": {
          "w": 0.7609298825263977,
          "x": 0.6448535323143005,
          "y": -0.05835028737783432,
          "z": 0.04177361726760864
        },
        "matrix": [
          [
            0.989700436592102,
            -0.1388283669948578,
            -0.03492436185479164,
            0.0025999932549893856
          ],
          [
            -0.011680260300636292,
            0.16483840346336365,
            -0.9862514734268188,
            0.06324844807386398
          ],
          [
            0.14267756044864655,
            0.976508378982544,
            0.16151931881904602,
            0.9495290517807007
          ],
          [
            0.0,
            0.0,
            0.0,
            1.0
          ]
        ]
      },
      "bone_length_armature_space": 0.4880045464411813,
      "parent": "Root",
      "has_children": true,
      "is_end_bone": false
    },
    "neck_01": {
      "name": "neck_01",
      "local": {
        "location": {
          "x": 0.0,
          "y": 0.0,
          "z": 0.0
        },
        "rotation_quaternion": {
          "w": 0.9910435080528259,
          "x": -0.025576354935765266,
          "y": -0.033442288637161255,
          "z": 0.1267295479774475
        },
        "scale": {
          "x": 1.0,
          "y": 1.0,
          "z": 1.0
        },
        "matrix_basis": [
          [
            0.9656424522399902,
            -0.2494783252477646,
            -0.07276808470487595,
            0.0
          ],
          [
            0.2528996467590332,
            0.9665709137916565,
            0.04221830889582634,
            0.0
          ],
          [
            0.05980296805500984,
            -0.059170812368392944,
            0.9964549541473389,
            0.0
          ],
          [
            0.0,
            0.0,
            0.0,
            1.0
          ]
        ],
        "rotation_mode": "QUATERNION"
      },
      "armature_space": {
        "head": {
          "x": -0.07652440667152405,
          "y": 0.05831136927008629,
          "z": 0.553312361240387
        },
        "tail": {
          "x": -0.11599263548851013,
          "y": 0.04254914075136185,
          "z": 0.6466105580329895
        }
      },
      "world_space": {
        "head": {
          "x": -0.07652440667152405,
          "y": 0.1215553730726242,
          "z": 1.5031664371490479
        },
        "tail": {
          "x": -0.11599263548851013,
          "y": 0.10579314082860947,
          "z": 1.5964646339416504
        },
        "rotation_quaternion": {
          "w": 0.627816915512085,
          "x": 0.7525650262832642,
          "y": -0.17021451890468597,
          "z": 0.10256219655275345
        },
        "matrix": [
          [
            0.9210157990455627,
            -0.38497570157051086,
            -0.05935964733362198,
            -0.07652440667152405
          ],
          [
            -0.12741650640964508,
            -0.1537458300590515,
            -0.9798610210418701,
            0.1215553730726242
          ],
          [
            0.36809879541397095,
            0.9100369215011597,
            -0.19065675139427185,
            1.5031664371490479
          ],
          [
            0.0,
            0.0,
            0.0,
            1.0
          ]
        ]
      },
      "bone_length_armature_space": 0.10252191124821738,
      "parent": "spine_01",
      "has_children": true,
      "is_end_bone": false
    },
    "head": {
      "name": "head",
      "local": {
        "location": {
          "x": 0.0,
          "y": 0.0,
          "z": 0.0
        },
        "rotation_quaternion": {
          "w": 0.9746609926223755,
          "x": -0.0855410099029541,
          "y": -0.024832990020513535,
          "z": -0.20518793165683746
        },
        "scale": {
          "x": 1.0,
          "y": 1.0,
          "z": 1.0
        },
        "matrix_basis": [
          [
            0.914562463760376,
            0.40422582626342773,
            -0.013303527608513832,
            0.0
          ],
          [
            -0.39572885632514954,
            0.9011613130569458,
            0.17693783342838287,
            0.0
          ],
          [
            0.08351145684719086,
            -0.1565561145544052,
            0.9841321110725403,
            0.0
          ],
          [
            0.0,
            0.0,
            0.0,
            1.0
          ]
        ],
        "rotation_mode": "QUATERNION"
      },
      "armature_space": {
        "head": {
          "x": -0.11599260568618774,
          "y": 0.042548999190330505,
          "z": 0.6466104984283447
        },
        "tail": {
          "x": -0.10076092928647995,
          "y": 0.08739177137613297,
          "z": 0.794293999671936
        }
      },
      "world_space": {
        "head": {
          "x": -0.11599260568618774,
          "y": 0.10579299926757812,
          "z": 1.5964645147323608
        },
        "tail": {
          "x": -0.10076092928647995,
          "y": 0.15063577890396118,
          "z": 1.7441480159759521
        },
        "rotation_quaternion": {
          "w": 0.7989261150360107,
          "x": 0.5840940475463867,
          "y": -0.07929033786058426,
          "z": -0.11943381279706955
        },
        "matrix": [
          [
            0.9588971734046936,
            0.09821169823408127,
            -0.2662157416343689,
            -0.11599260568618774
          ],
          [
            -0.2834640145301819,
            0.28913992643356323,
            -0.9143558740615845,
            0.10579299926757812
          ],
          [
            -0.012827145867049694,
            0.9522424936294556,
            0.30509620904922485,
            1.5964645147323608
          ],
          [
            0.0,
            0.0,
            0.0,
            1.0
          ]
        ]
      },
      "bone_length_armature_space": 0.15509124512199088,
      "parent": "neck_01",
      "has_children": false,
      "is_end_bone": true
    },
    "upperarm_l": {
      "name": "upperarm_l",
      "local": {
        "location": {
          "x": 0.0,
          "y": 0.0,
          "z": 0.0
        },
        "rotation_quaternion": {
          "w": 0.8770802021026611,
          "x": 0.03480660170316696,
          "y": 0.45170146226882935,
          "z": 0.1596396565437317
        },
        "scale": {
          "x": 1.0,
          "y": 1.0,
          "z": 1.0
        },
        "matrix_basis": [
          [
            0.5409619212150574,
            -0.2485891729593277,
            0.8034698367118835,
            0.0
          ],
          [
            0.3114779591560364,
            0.9466073513031006,
            0.0831625685095787,
            0.0
          ],
          [
            -0.7812438011169434,
            0.205275297164917,
            0.589508593082428,
            0.0
          ],
          [
            0.0,
            0.0,
            0.0,
            1.0
          ]
        ],
        "rotation_mode": "QUATERNION"
      },
      "armature_space": {
        "head": {
          "x": 0.081149622797966,
          "y": 0.0423356294631958,
          "z": 0.5096001625061035
        },
        "tail": {
          "x": 0.3256463408470154,
          "y": 0.003194201737642288,
          "z": 0.6120553016662598
        }
      },
      "world_space": {
        "head": {
          "x": 0.081149622797966,
          "y": 0.10557962954044342,
          "z": 1.4594541788101196
        },
        "tail": {
          "x": 0.3256463408470154,
          "y": 0.06643819808959961,
          "z": 1.5619093179702759
        },
        "rotation_quaternion": {
          "w": 0.36228451132774353,
          "x": 0.7432423830032349,
          "y": 0.5437971949577332,
          "z": -0.14361485838890076
        },
        "matrix": [
          [
            0.3673172891139984,
            0.912405252456665,
            0.18053977191448212,
            0.081149622797966
          ],
          [
            0.7042890191078186,
            -0.14606676995754242,
            -0.6947243809700012,
            0.10557962954044342
          ],
          [
            -0.6075028777122498,
            0.38233891129493713,
            -0.6962552666664124,
            1.4594541788101196
          ],
          [
            0.0,
            0.0,
            0.0,
            1.0
          ]
        ]
      },
      "bone_length_armature_space": 0.2679696866167149,
      "parent": "spine_01",
      "has_children": true,
      "is_end_bone": false
    },
    "lowerarm_l": {
      "name": "lowerarm_l",
      "local": {
        "location": {
          "x": 0.0,
          "y": 0.0,
          "z": 0.0
        },
        "rotation_quaternion": {
          "w": 0.8781319856643677,
          "x": 0.4410979151725769,
          "y": -0.07512693852186203,
          "z": 0.16933059692382812
        },
        "scale": {
          "x": 1.0,
          "y": 1.0,
          "z": 1.0
        },
        "matrix_basis": [
          [
            0.9313662052154541,
            -0.363665908575058,
            0.017440011724829674,
            0.0
          ],
          [
            0.2311125546693802,
            0.5535195469856262,
            -0.8001269698143005,
            0.0
          ],
          [
            0.28132548928260803,
            0.7492417693138123,
            0.5995771288871765,
            0.0
          ],
          [
            0.0,
            0.0,
            0.0,
            1.0
          ]
        ],
        "rotation_mode": "QUATERNION"
      },
      "armature_space": {
        "head": {
          "x": 0.32564637064933777,
          "y": 0.0031940676271915436,
          "z": 0.6120553612709045
        },
        "tail": {
          "x": 0.4188765585422516,
          "y": -0.24720284342765808,
          "z": 0.5986800789833069
        }
      },
      "world_space": {
        "head": {
          "x": 0.32564637064933777,
          "y": 0.06643806397914886,
          "z": 1.5619094371795654
        },
        "tail": {
          "x": 0.4188765585422516,
          "y": -0.18395884335041046,
          "z": 1.5485341548919678
        },
        "rotation_quaternion": {
          "w": 0.048905156552791595,
          "x": 0.8986138701438904,
          "y": 0.17210303246974945,
          "z": -0.40060216188430786
        },
        "matrix": [
          [
            0.6197966933250427,
            0.3484921455383301,
            -0.7031394243240356,
            0.32564637064933777
          ],
          [
            0.27012550830841064,
            -0.935977578163147,
            -0.22578465938568115,
            0.06643806397914886
          ],
          [
            -0.7368118762969971,
            -0.04999658465385437,
            -0.6742571592330933,
            1.5619094371795654
          ],
          [
            0.0,
            0.0,
            0.0,
            1.0
          ]
        ]
      },
      "bone_length_armature_space": 0.267524533670846,
      "parent": "upperarm_l",
      "has_children": true,
      "is_end_bone": false
    },
    "metacarpal_thumb_l": {
      "name": "metacarpal_thumb_l",
      "local": {
        "location": {
          "x": 0.0,
          "y": 0.0,
          "z": 0.0
        },
        "rotation_quaternion": {
          "w": 0.9982026815414429,
          "x": -0.05971652269363403,
          "y": -0.0028686218429356813,
          "z": -0.00415429612621665
        },
        "scale": {
          "x": 1.0,
          "y": 1.0,
          "z": 1.0
        },
        "matrix_basis": [
          [
            0.999949038028717,
            0.00863626692444086,
            -0.005230771843343973,
            0.0
          ],
          [
            -0.007951050996780396,
            0.9928333759307861,
            0.11924222111701965,
            0.0
          ],
          [
            0.006223092321306467,
            -0.11919455230236053,
            0.9928514361381531,
            0.0
          ],
          [
            0.0,
            0.0,
            0.0,
            1.0
          ]
        ],
        "rotation_mode": "QUATERNION"
      },
      "armature_space": {
        "head": {
          "x": 0.4188765585422516,
          "y": -0.24720284342765808,
          "z": 0.5986800789833069
        },
        "tail": {
          "x": 0.4145410656929016,
          "y": -0.2904031574726105,
          "z": 0.5748361945152283
        }
      },
      "world_space": {
        "head": {
          "x": 0.4188765585422516,
          "y": -0.18395884335041046,
          "z": 1.5485341548919678
        },
        "tail": {
          "x": 0.4145410656929016,
          "y": -0.22715915739536285,
          "z": 1.5246901512145996
        },
        "rotation_quaternion": {
          "w": 0.2252354770898819,
          "x": -0.9266050457954407,
          "y": 0.11488677561283112,
          "z": -0.278339684009552
        },
        "matrix": [
          [
            0.8186559677124023,
            -0.08752603828907013,
            0.5675750374794006,
            0.4188765585422516
          ],
          [
            -0.33829331398010254,
            -0.8721405267715454,
            0.35345277190208435,
            -0.18395884335041046
          ],
          [
            0.46407169103622437,
            -0.4813670217990875,
            -0.7435975670814514,
            1.5485341548919678
          ],
          [
            0.0,
            0.0,
            0.0,
            1.0
          ]
        ]
      },
      "bone_length_armature_space": 0.049533771210779676,
      "parent": "lowerarm_l",
      "has_children": true,
      "is_end_bone": false
    },
    "thumb_01_l": {
      "name": "thumb_01_l",
      "local": {
        "location": {
          "x": 0.0,
          "y": 0.0,
          "z": 0.0
        },
        "rotation_quaternion": {
          "w": 0.9638332724571228,
          "x": 0.2654033601284027,
          "y": 0.02172277309000492,
          "z": 0.010708082467317581
        },
        "scale": {
          "x": 1.0,
          "y": 1.0,
          "z": 1.0
        },
        "matrix_basis": [
          [
            0.9988269209861755,
            -0.009111018851399422,
            0.04755818471312523,
            0.0
          ],
          [
            0.03217220678925514,
            0.8588927984237671,
            -0.5111439824104309,
            0.0
          ],
          [
            -0.03619034215807915,
            0.5120744109153748,
            0.8581783771514893,
            0.0
          ],
          [
            0.0,
            0.0,
            0.0,
            1.0
          ]
        ],
        "rotation_mode": "QUATERNION"
      },
      "armature_space": {
        "head": {
          "x": 0.4145410656929016,
          "y": -0.2904031574726105,
          "z": 0.5748361945152283
        },
        "tail": {
          "x": 0.43729811906814575,
          "y": -0.3046865463256836,
          "z": 0.5539380311965942
        }
      },
      "world_space": {
        "head": {
          "x": 0.4145410656929016,
          "y": -0.22715915739536285,
          "z": 1.5246901512145996
        },
        "tail": {
          "x": 0.43729811906814575,
          "y": -0.24144254624843597,
          "z": 1.5037920475006104
        },
        "rotation_quaternion": {
          "w": 0.47333869338035583,
          "x": -0.20446820557117462,
          "y": 0.2571743130683899,
          "z": -0.8173155188560486
        },
        "matrix": [
          [
            -0.46828493475914,
            0.6685667037963867,
            0.5776917338371277,
            0.4145410656929016
          ],
          [
            -0.878902792930603,
            -0.4196234941482544,
            -0.22681757807731628,
            -0.22715915739536285
          ],
          [
            0.09077047556638718,
            -0.613955020904541,
            0.7841137051582336,
            1.5246901512145996
          ],
          [
            0.0,
            0.0,
            0.0,
            1.0
          ]
        ]
      },
      "bone_length_armature_space": 0.03403868242881282,
      "parent": "metacarpal_thumb_l",
      "has_children": true,
      "is_end_bone": false
    },
    "thumb_02_l": {
      "name": "thumb_02_l",
      "local": {
        "location": {
          "x": 0.0,
          "y": 0.0,
          "z": 0.0
        },
        "rotation_quaternion": {
          "w": 0.8824549913406372,
          "x": 0.47035732865333557,
          "y": -0.0017197639681398869,
          "z": 0.0058618332259356976
        },
        "scale": {
          "x": 1.0,
          "y": 1.0,
          "z": 1.0
        },
        "matrix_basis": [
          [
            0.9999253749847412,
            -0.011963414959609509,
            0.002479083836078644,
            0.0
          ],
          [
            0.008727801032364368,
            0.5574592351913452,
            -0.830158531665802,
            0.0
          ],
          [
            0.008549541234970093,
            0.8301181793212891,
            0.5575220584869385,
            0.0
          ],
          [
            0.0,
            0.0,
            0.0,
            1.0
          ]
        ],
        "rotation_mode": "QUATERNION"
      },
      "armature_space": {
        "head": {
          "x": 0.43729808926582336,
          "y": -0.3046865165233612,
          "z": 0.5539379715919495
        },
        "tail": {
          "x": 0.43069276213645935,
          "y": -0.32356753945350647,
          "z": 0.5887671709060669
        }
      },
      "world_space": {
        "head": {
          "x": 0.43729808926582336,
          "y": -0.2414425164461136,
          "z": 1.5037920475006104
        },
        "tail": {
          "x": 0.43069276213645935,
          "y": -0.26032352447509766,
          "z": 1.538621187210083
        },
        "rotation_quaternion": {
          "w": 0.08900564908981323,
          "x": 0.30299514532089233,
          "y": -0.5069827437400818,
          "z": -0.8020228147506714
        },
        "matrix": [
          [
            -0.8005445599555969,
            -0.16445693373680115,
            -0.5762657523155212,
            0.43729808926582336
          ],
          [
            -0.4499949514865875,
            -0.4700934886932373,
            0.7592871189117432,
            -0.2414425164461136
          ],
          [
            -0.39577174186706543,
            0.867165744304657,
            0.3023289442062378,
            1.5037920475006104
          ],
          [
            0.0,
            0.0,
            0.0,
            1.0
          ]
        ]
      },
      "bone_length_armature_space": 0.04016461772132974,
      "parent": "thumb_01_l",
      "has_children": true,
      "is_end_bone": false
    },
    "thumb_03_l": {
      "name": "thumb_03_l",
      "local": {
        "location": {
          "x": 0.0,
          "y": 0.0,
          "z": 0.0
        },
        "rotation_quaternion": {
          "w": 0.9926204085350037,
          "x": 0.12119720876216888,
          "y": -0.00021248604753054678,
          "z": -0.004015067126601934
        },
        "scale": {
          "x": 1.0,
          "y": 1.0,
          "z": 1.0
        },
        "matrix_basis": [
          [
            0.9999676942825317,
            0.007919369265437126,
            -0.0013950658030807972,
            0.0
          ],
          [
            -0.008022380992770195,
            0.9705902338027954,
            -0.24060393869876862,
            0.0
          ],
          [
            -0.0005513938958756626,
            0.240607351064682,
            0.9706223607063293,
            0.0
          ],
          [
            0.0,
            0.0,
            0.0,
            1.0
          ]
        ],
        "rotation_mode": "QUATERNION"
      },
      "armature_space": {
        "head": {
          "x": 0.43069276213645935,
          "y": -0.32356759905815125,
          "z": 0.5887671113014221
        },
        "tail": {
          "x": 0.419302374124527,
          "y": -0.32431745529174805,
          "z": 0.6169912219047546
        }
      },
      "world_space": {
        "head": {
          "x": 0.43069276213645935,
          "y": -0.26032358407974243,
          "z": 1.538621187210083
        },
        "tail": {
          "x": 0.419302374124527,
          "y": -0.2610734701156616,
          "z": 1.566845178604126
        },
        "rotation_quaternion": {
          "w": 0.17648620903491974,
          "x": 0.426917165517807,
          "y": -0.6756760478019714,
          "z": -0.5745052695274353
        },
        "matrix": [
          [
            -0.5731865167617798,
            -0.3741309642791748,
            -0.7290289402008057,
            0.43069276213645935
          ],
          [
            -0.7797016501426697,
            -0.024629637598991394,
            0.6256668567657471,
            -0.26032358407974243
          ],
          [
            -0.25203925371170044,
            0.9270555973052979,
            -0.27759432792663574,
            1.538621187210083
          ],
          [
            0.0,
            0.0,
            0.0,
            1.0
          ]
        ]
      },
      "bone_length_armature_space": 0.030445092158266938,
      "parent": "thumb_02_l",
      "has_children": false,
      "is_end_bone": true
    },
    "metacarpal_index_l": {
      "name": "metacarpal_index_l",
      "local": {
        "location": {
          "x": 0.0,
          "y": 0.0,
          "z": 0.0
        },
        "rotation_quaternion": {
          "w": 0.9983367323875427,
          "x": -0.05477390065789223,
          "y": -0.011867283843457699,
          "z": 0.01352410577237606
        },
        "scale": {
          "x": 1.0,
          "y": 1.0,
          "z": 1.0
        },
        "matrix_basis": [
          [
            0.9993525147438049,
            -0.02570318803191185,
            -0.025176627561450005,
            0.0
          ],
          [
            0.02830325812101364,
            0.9936338663101196,
            0.10904460400342941,
            0.0
          ],
          [
            0.02221355400979519,
            -0.10968658328056335,
            0.9937179684638977,
            0.0
          ],
          [
            0.0,
            0.0,
            0.0,
            1.0
          ]
        ],
        "rotation_mode": "QUATERNION"
      },
      "armature_space": {
        "head": {
          "x": 0.4188765585422516,
          "y": -0.24720284342765808,
          "z": 0.5986800789833069
        },
        "tail": {
          "x": 0.43258780241012573,
          "y": -0.361503541469574,
          "z": 0.5768491625785828
        }
      },
      "world_space": {
        "head": {
          "x": 0.4188765585422516,
          "y": -0.18395884335041046,
          "z": 1.5485341548919678
        },
        "tail": {
          "x": 0.43258780241012573,
          "y": -0.29825955629348755,
          "z": 1.526703119277954
        },
        "rotation_quaternion": {
          "w": 0.09506262093782425,
          "x": -0.9935922026634216,
          "y": -0.056698597967624664,
          "z": -0.02286793850362301
        },
        "matrix": [
          [
            0.9925245046615601,
            0.11701825261116028,
            0.03466298058629036,
            0.4188765585422516
          ],
          [
            0.10832294821739197,
            -0.9754970669746399,
            0.1914997696876526,
            -0.18395884335041046
          ],
          [
            0.056222863495349884,
            -0.18631556630134583,
            -0.9808871746063232,
            1.5485341548919678
          ],
          [
            0.0,
            0.0,
            0.0,
            1.0
          ]
        ]
      },
      "bone_length_armature_space": 0.11717182684188124,
      "parent": "lowerarm_l",
      "has_children": true,
      "is_end_bone": false
    },
    "index_01_l": {
      "name": "index_01_l",
      "local": {
        "location": {
          "x": 0.0,
          "y": 0.0,
          "z": 0.0
        },
        "rotation_quaternion": {
          "w": 0.9535433053970337,
          "x": 0.3008967339992523,
          "y": 0.0012443014420568943,
          "z": -0.014657276682555676
        },
        "scale": {
          "x": 1.0,
          "y": 1.0,
          "z": 1.0
        },
        "matrix_basis": [
          [
            0.9995672106742859,
            0.028701508417725563,
            -0.006447662599384785,
            0.0
          ],
          [
            -0.027203883975744247,
            0.8184926509857178,
            -0.5738726258277893,
            0.0
          ],
          [
            -0.011193644255399704,
            0.5737996697425842,
            0.8189192414283752,
            0.0
          ],
          [
            0.0,
            0.0,
            0.0,
            1.0
          ]
        ],
        "rotation_mode": "QUATERNION"
      },
      "armature_space": {
        "head": {
          "x": 0.43258780241012573,
          "y": -0.361503541469574,
          "z": 0.5768491625785828
        },
        "tail": {
          "x": 0.4454224407672882,
          "y": -0.38075900077819824,
          "z": 0.5601886510848999
        }
      },
      "world_space": {
        "head": {
          "x": 0.43258780241012573,
          "y": -0.29825955629348755,
          "z": 1.526703119277954
        },
        "tail": {
          "x": 0.4454224407672882,
          "y": -0.3175150156021118,
          "z": 1.510042667388916
        },
        "rotation_quaternion": {
          "w": 0.31651562452316284,
          "x": -0.9151757955551147,
          "y": -0.2493450939655304,
          "z": 0.009917653165757656
        },
        "matrix": [
          [
            0.8754569292068481,
            0.4501110911369324,
            -0.17599698901176453,
            0.43258780241012573
          ],
          [
            0.46266841888427734,
            -0.6752899885177612,
            0.574388325214386,
            -0.29825955629348755
          ],
          [
            0.13969069719314575,
            -0.5842851400375366,
            -0.7994444966316223,
            1.526703119277954
          ],
          [
            0.0,
            0.0,
            0.0,
            1.0
          ]
        ]
      },
      "bone_length_armature_space": 0.02851443976150176,
      "parent": "metacarpal_index_l",
      "has_children": true,
      "is_end_bone": false
    },
    "index_02_l": {
      "name": "index_02_l",
      "local": {
        "location": {
          "x": 0.0,
          "y": 0.0,
          "z": 0.0
        },
        "rotation_quaternion": {
          "w": 0.8772982358932495,
          "x": 0.47986388206481934,
          "y": -0.005129810888320208,
          "z": -0.007227945141494274
        },
        "scale": {
          "x": 1.0,
          "y": 1.0,
          "z": 1.0
        },
        "matrix_basis": [
          [
            0.9998428821563721,
            0.007758905179798603,
            -0.01593760773539543,
            0.0
          ],
          [
            -0.01760534942150116,
            0.5393568277359009,
            -0.8418933153152466,
            0.0
          ],
          [
            0.002063888357952237,
            0.8420416116714478,
            0.5394086837768555,
            0.0
          ],
          [
            0.0,
            0.0,
            0.0,
            1.0
          ]
        ],
        "rotation_mode": "QUATERNION"
      },
      "armature_space": {
        "head": {
          "x": 0.44542235136032104,
          "y": -0.38075920939445496,
          "z": 0.5601881742477417
        },
        "tail": {
          "x": 0.4476104974746704,
          "y": -0.37887293100357056,
          "z": 0.5346978902816772
        }
      },
      "world_space": {
        "head": {
          "x": 0.44542235136032104,
          "y": -0.31751519441604614,
          "z": 1.5100421905517578
        },
        "tail": {
          "x": 0.4476104974746704,
          "y": -0.31562894582748413,
          "z": 1.4845519065856934
        },
        "rotation_quaternion": {
          "w": 0.6945251822471619,
          "x": -0.6613713502883911,
          "y": -0.23323701322078705,
          "z": 0.16069643199443817
        },
        "matrix": [
          [
            0.8395546674728394,
            0.0852971225976944,
            -0.5365371704101562,
            0.44542235136032104
          ],
          [
            0.5317276120185852,
            0.07352924346923828,
            0.8437178134918213,
            -0.31751519441604614
          ],
          [
            0.11141891032457352,
            -0.9936456680297852,
            0.01637783646583557,
            1.5100421905517578
          ],
          [
            0.0,
            0.0,
            0.0,
            1.0
          ]
        ]
      },
      "bone_length_armature_space": 0.02565347204601641,
      "parent": "index_01_l",
      "has_children": true,
      "is_end_bone": false
    },
    "index_03_l": {
      "name": "index_03_l",
      "local": {
        "location": {
          "x": 0.0,
          "y": 0.0,
          "z": 0.0
        },
        "rotation_quaternion": {
          "w": 0.933398425579071,
          "x": 0.35878607630729675,
          "y": 0.004091764334589243,
          "z": 0.00481606787070632
        },
        "scale": {
          "x": 1.0,
          "y": 1.0,
          "z": 1.0
        },
        "matrix_basis": [
          [
            0.999920129776001,
            -0.006054484285414219,
            0.011094368994235992,
            0.0
          ],
          [
            0.011926756240427494,
            0.7424986958503723,
            -0.6697413325309753,
            0.0
          ],
          [
            -0.004182616714388132,
            0.6698201298713684,
            0.7425116300582886,
            0.0
          ],
          [
            0.0,
            0.0,
            0.0,
            1.0
          ]
        ],
        "rotation_mode": "QUATERNION"
      },
      "armature_space": {
        "head": {
          "x": 0.4476105570793152,
          "y": -0.3788730800151825,
          "z": 0.534697949886322
        },
        "tail": {
          "x": 0.44043517112731934,
          "y": -0.3577492833137512,
          "z": 0.5158290863037109
        }
      },
      "world_space": {
        "head": {
          "x": 0.4476105570793152,
          "y": -0.3156290650367737,
          "z": 1.4845519065856934
        },
        "tail": {
          "x": 0.44043517112731934,
          "y": -0.2945052981376648,
          "z": 1.465683102607727
        },
        "rotation_quaternion": {
          "w": 0.9131436944007874,
          "x": -0.31855452060699463,
          "y": -0.16627174615859985,
          "z": 0.1924716830253601
        },
        "matrix": [
          [
            0.8706164360046387,
            -0.24557548761367798,
            -0.42628568410873413,
            0.4476105570793152
          ],
          [
            0.4574424922466278,
            0.7229553461074829,
            0.5177667140960693,
            -0.3156290650367737
          ],
          [
            0.18103612959384918,
            -0.6457813382148743,
            0.741759181022644,
            1.4845519065856934
          ],
          [
            0.0,
            0.0,
            0.0,
            1.0
          ]
        ]
      },
      "bone_length_armature_space": 0.029218743430838287,
      "parent": "index_02_l",
      "has_children": false,
      "is_end_bone": true
    },
    "metacarpal_pinky_l": {
      "name": "metacarpal_pinky_l",
      "local": {
        "location": {
          "x": 0.0,
          "y": 0.0,
          "z": 0.0
        },
        "rotation_quaternion": {
          "w": 0.9993386268615723,
          "x": -0.03018893487751484,
          "y": 0.020197052508592606,
          "z": 0.0017619801219552755
        },
        "scale": {
          "x": 1.0,
          "y": 1.0,
          "z": 1.0
        },
        "matrix_basis": [
          [
            0.9991779327392578,
            -0.004741084761917591,
            0.040261004120111465,
            0.0
          ],
          [
            0.0023021746892482042,
            0.9981710314750671,
            0.06040911003947258,
            0.0
          ],
          [
            -0.04047377407550812,
            -0.06026676297187805,
            0.997361421585083,
            0.0
          ],
          [
            0.0,
            0.0,
            0.0,
            1.0
          ]
        ],
        "rotation_mode": "QUATERNION"
      },
      "armature_space": {
        "head": {
          "x": 0.4188765585422516,
          "y": -0.24720284342765808,
          "z": 0.5986800789833069
        },
        "tail": {
          "x": 0.4807918667793274,
          "y": -0.3299141526222229,
          "z": 0.6116626262664795
        }
      },
      "world_space": {
        "head": {
          "x": 0.4188765585422516,
          "y": -0.18395884335041046,
          "z": 1.5485341548919678
        },
        "tail": {
          "x": 0.4807918667793274,
          "y": -0.2666701674461365,
          "z": 1.5615166425704956
        },
        "rotation_quaternion": {
          "w": 0.30334049463272095,
          "x": 0.4847179353237152,
          "y": 0.10408143699169159,
          "z": -0.8137568235397339
        },
        "matrix": [
          [
            -0.34606558084487915,
            0.5945920348167419,
            -0.7257401347160339,
            0.4188765585422516
          ],
          [
            -0.3927914500236511,
            -0.7943024635314941,
            -0.4634641408920288,
            -0.18395884335041046
          ],
          [
            -0.8520355224609375,
            0.12467554211616516,
            0.5084345936775208,
            1.5485341548919678
          ],
          [
            0.0,
            0.0,
            0.0,
            1.0
          ]
        ]
      },
      "bone_length_armature_space": 0.10413074803907625,
      "parent": "lowerarm_l",
      "has_children": true,
      "is_end_bone": false
    },
    "pinky_01_l": {
      "name": "pinky_01_l",
      "local": {
        "location": {
          "x": 0.0,
          "y": 0.0,
          "z": 0.0
        },
        "rotation_quaternion": {
          "w": 0.9479026794433594,
          "x": 0.31807979941368103,
          "y": 0.004650849848985672,
          "z": 0.016859276220202446
        },
        "scale": {
          "x": 1.0,
          "y": 1.0,
          "z": 1.0
        },
        "matrix_basis": [
          [
            0.9993882775306702,
            -0.029003223404288292,
            0.01954229734838009,
            0.0
          ],
          [
            0.0349205881357193,
            0.7970820069313049,
            -0.6028605699539185,
            0.0
          ],
          [
            0.0019080843776464462,
            0.6031742095947266,
            0.7976072430610657,
            0.0
          ],
          [
            0.0,
            0.0,
            0.0,
            1.0
          ]
        ],
        "rotation_mode": "QUATERNION"
      },
      "armature_space": {
        "head": {
          "x": 0.4807918667793274,
          "y": -0.3299141526222229,
          "z": 0.6116626262664795
        },
        "tail": {
