{
  "metadata": {
    "armature_name": "KIM_caucasian_male",
    "export_time": "2026-01-13T21:16:35.777386",
    "blender_version": "4.4.1",
    "bone_count": 56,
    "end_bone_count": 13,
    "spaces_included": [
      "LOCAL_CHANNELS",
      "ARMATURE_SPACE",
      "WORLD_SPACE"
    ],
    "note": "LOCAL matches Transform panel; replay pose via local.matrix_basis for best fidelity."
  },
  "bones": {
    "Root": {
      "name": "Root",
      "local": {
        "location": {
          "x": 0.0,
          "y": 0.0,
          "z": 0.0
        },
        "rotation_quaternion": {
          "w": 0.9997670650482178,
          "x": -0.003474489087238908,
          "y": 0.0007833551499061286,
          "z": -0.02128996141254902
        },
        "scale": {
          "x": 1.0,
          "y": 1.0,
          "z": 1.0
        },
        "matrix_basis": [
          [
            0.9990922212600708,
            0.04256455972790718,
            0.0017142888391390443,
            0.0
          ],
          [
            -0.042575448751449585,
            0.999069333076477,
            0.0069140042178332806,
            0.0
          ],
          [
            -0.0014184018364176154,
            -0.006980714853852987,
            0.9999746084213257,
            0.0
          ],
          [
            0.0,
            0.0,
            0.0,
            1.0
          ]
        ],
        "rotation_mode": "QUATERNION"
      },
      "armature_space": {
        "head": {
          "x": 0.0,
          "y": 0.07072800397872925,
          "z": -0.009595036506652832
        },
        "tail": {
          "x": 0.00303808250464499,
          "y": 0.00013280659914016724,
          "z": 0.00048480555415153503
        }
      },
      "world_space": {
        "head": {
          "x": 0.0,
          "y": 0.13397200405597687,
          "z": 0.9402589797973633
        },
        "tail": {
          "x": 0.00303808250464499,
          "y": 0.06337680667638779,
          "z": 0.9503388404846191
        },
        "rotation_quaternion": {
          "w": 0.07081855833530426,
          "x": 0.9972617030143738,
          "y": 0.02129437029361725,
          "z": -0.0006526850047521293
        },
        "matrix": [
          [
            0.9990922212600708,
            0.04256455972790718,
            0.0017142888391390443,
            0.0
          ],
          [
            0.042379673570394516,
            -0.9890625476837158,
            -0.1412775218486786,
            0.13397200405597687
          ],
          [
            -0.004317867569625378,
            0.14122198522090912,
            -0.9899755716323853,
            0.9402589797973633
          ],
          [
            0.0,
            0.0,
            0.0,
            1.0
          ]
        ]
      },
      "bone_length_armature_space": 0.07137587045521585,
      "parent": null,
      "has_children": true,
      "is_end_bone": false
    },
    "spine_01": {
      "name": "spine_01",
      "local": {
        "location": {
          "x": 0.0,
          "y": 0.0,
          "z": 0.0
        },
        "rotation_quaternion": {
          "w": 0.9927085041999817,
          "x": 0.08169849961996078,
          "y": -0.056391745805740356,
          "z": 0.06837552785873413
        },
        "scale": {
          "x": 1.0,
          "y": 1.0,
          "z": 1.0
        },
        "matrix_basis": [
          [
            0.9842895269393921,
            -0.144968181848526,
            -0.10078877210617065,
            0.0
          ],
          [
            0.1265396922826767,
            0.9773002862930298,
            -0.16991722583770752,
            0.0
          ],
          [
            0.12313348799943924,
            0.15449395775794983,
            0.9802906513214111,
            0.0
          ],
          [
            0.0,
            0.0,
            0.0,
            1.0
          ]
        ],
        "rotation_mode": "QUATERNION"
      },
      "armature_space": {
        "head": {
          "x": 0.00303808250464499,
          "y": 0.00013280659914016724,
          "z": 0.00048480555415153503
        },
        "tail": {
          "x": -0.06346298009157181,
          "y": -0.05246005952358246,
          "z": 0.4810677766799927
        }
      },
      "world_space": {
        "head": {
          "x": 0.00303808250464499,
          "y": 0.06337680667638779,
          "z": 0.9503388404846191
        },
        "tail": {
          "x": -0.06346298009157181,
          "y": 0.010783940553665161,
          "z": 1.4309217929840088
        },
        "rotation_quaternion": {
          "w": 0.6641566157341003,
          "x": 0.7438700199127197,
          "y": -0.0707799568772316,
          "z": 0.023315338417887688
        },
        "matrix": [
          [
            0.9888930916786194,
            -0.1362723410129547,
            -0.05933164060115814,
            0.00303808250464499
          ],
          [
            -0.07433292269706726,
            -0.10777199268341064,
            -0.991392970085144,
            0.06337680667638779
          ],
          [
            0.1287059634923935,
            0.9847987294197083,
            -0.11670621484518051,
            0.9503388404846191
          ],
          [
            0.0,
            0.0,
            0.0,
            1.0
          ]
        ]
      },
      "bone_length_armature_space": 0.4880045061255934,
      "parent": "Root",
      "has_children": true,
      "is_end_bone": false
    },
    "neck_01": {
      "name": "neck_01",
      "local": {
        "location": {
          "x": 0.0,
          "y": 0.0,
          "z": 0.0
        },
        "rotation_quaternion": {
          "w": 0.9874148368835449,
          "x": -0.11519746482372284,
          "y": 0.09571228176355362,
          "z": -0.050801217555999756
        },
        "scale": {
          "x": 1.0,
          "y": 1.0,
          "z": 1.0
        },
        "matrix_basis": [
          [
            0.9765167832374573,
            0.07827212661504745,
            0.20071980357170105,
            0.0
          ],
          [
            -0.12237537652254105,
            0.96829754114151,
            0.2177707701921463,
            0.0
          ],
          [
            -0.17731110751628876,
            -0.23721997439861298,
            0.9551374316215515,
            0.0
          ],
          [
            0.0,
            0.0,
            0.0,
            1.0
          ]
        ],
        "rotation_mode": "QUATERNION"
      },
      "armature_space": {
        "head": {
          "x": -0.07549828290939331,
          "y": -0.09473290294408798,
          "z": 0.5491257905960083
        },
        "tail": {
          "x": -0.08219653367996216,
          "y": -0.12132257968187332,
          "z": 0.6479128003120422
        }
      },
      "world_space": {
        "head": {
          "x": -0.07549828290939331,
          "y": -0.03148890286684036,
          "z": 1.4989798069000244
        },
        "tail": {
          "x": -0.08219653367996216,
          "y": -0.0580785796046257,
          "z": 1.5977668762207031
        },
        "rotation_quaternion": {
          "w": 0.6080858111381531,
          "x": 0.7890402674674988,
          "y": 0.023509496822953224,
          "z": 0.08422746509313583
        },
        "matrix": [
          [
            0.9847061634063721,
            -0.06533515453338623,
            0.16150884330272675,
            -0.07549828290939331
          ],
          [
            0.13953454792499542,
            -0.2593575119972229,
            -0.9556486010551453,
            -0.03148890286684036
          ],
          [
            0.10432683676481247,
            0.9635753631591797,
            -0.24627704918384552,
            1.4989798069000244
          ],
          [
            0.0,
            0.0,
            0.0,
            1.0
          ]
        ]
      },
      "bone_length_armature_space": 0.10252195076063549,
      "parent": "spine_01",
      "has_children": true,
      "is_end_bone": false
    },
    "head": {
      "name": "head",
      "local": {
        "location": {
          "x": 0.0,
          "y": 0.0,
          "z": 0.0
        },
        "rotation_quaternion": {
          "w": 0.9899829626083374,
          "x": -0.04553384333848953,
          "y": -0.051576338708400726,
          "z": 0.12329040467739105
        },
        "scale": {
          "x": 1.0,
          "y": 1.0,
          "z": 1.0
        },
        "matrix_basis": [
          [
            0.9642786979675293,
            -0.23941385746002197,
            -0.11334716528654099,
            0.0
          ],
          [
            0.24880774319171906,
            0.9654523134231567,
            0.07743772119283676,
            0.0
          ],
          [
            0.09089162200689316,
            -0.10287319123744965,
            0.9905331134796143,
            0.0
          ],
          [
            0.0,
            0.0,
            0.0,
            1.0
          ]
        ],
        "rotation_mode": "QUATERNION"
      },
      "armature_space": {
        "head": {
          "x": -0.08219650387763977,
          "y": -0.12132271379232407,
          "z": 0.6479126811027527
        },
        "tail": {
          "x": -0.1387052983045578,
          "y": -0.09517096728086472,
          "z": 0.7899553179740906
        }
      },
      "world_space": {
        "head": {
          "x": -0.08219650387763977,
          "y": -0.05807871371507645,
          "z": 1.597766637802124
        },
        "tail": {
          "x": -0.1387052983045578,
          "y": -0.031926967203617096,
          "z": 1.739809274673462
        },
        "rotation_quaternion": {
          "w": 0.7552604675292969,
          "x": 0.6286570429801941,
          "y": -0.11786670237779617,
          "z": 0.14310644567012787
        },
        "matrix": [
          [
            0.9312559366226196,
            -0.3643608093261719,
            0.0018914714455604553,
            -0.08219650387763977
          ],
          [
            0.06797213852405548,
            0.16862279176712036,
            -0.983334481716156,
            -0.05807871371507645
          ],
          [
            0.35797208547592163,
            0.9158710837364197,
            0.18179762363433838,
            1.597766637802124
          ],
          [
            0.0,
            0.0,
            0.0,
            1.0
          ]
        ]
      },
      "bone_length_armature_space": 0.15509116184953908,
      "parent": "neck_01",
      "has_children": false,
      "is_end_bone": true
    },
    "upperarm_l": {
      "name": "upperarm_l",
      "local": {
        "location": {
          "x": 0.0,
          "y": 0.0,
          "z": 0.0
        },
        "rotation_quaternion": {
          "w": 0.8539427518844604,
          "x": -0.05271347984671593,
          "y": 0.5176056623458862,
          "z": -0.009359410032629967
        },
        "scale": {
          "x": 1.0,
          "y": 1.0,
          "z": 1.0
        },
        "matrix_basis": [
          [
            0.46399354934692383,
            -0.038584791123867035,
            0.8849979639053345,
            0.0
          ],
          [
            -0.07055439054965973,
            0.9942674040794373,
            0.08033961802721024,
            0.0
          ],
          [
            -0.8830244541168213,
            -0.09971755743026733,
            0.4586113393306732,
            0.0
          ],
          [
            0.0,
            0.0,
            0.0,
            1.0
          ]
        ],
        "rotation_mode": "QUATERNION"
      },
      "armature_space": {
        "head": {
          "x": 0.0818050280213356,
          "y": -0.10180140286684036,
          "z": 0.5018734335899353
        },
        "tail": {
          "x": 0.3457130193710327,
          "y": -0.08552375435829163,
          "z": 0.5454078316688538
        }
      },
      "world_space": {
        "head": {
          "x": 0.0818050280213356,
          "y": -0.03855740278959274,
          "z": 1.4517273902893066
        },
        "tail": {
          "x": 0.3457130193710327,
          "y": -0.022279754281044006,
          "z": 1.4952619075775146
        },
        "rotation_quaternion": {
          "w": 0.18374690413475037,
          "x": 0.6824222207069397,
          "y": 0.7047054767608643,
          "z": -0.06266817450523376
        },
        "matrix": [
          [
            -0.0010734647512435913,
            0.9848436713218689,
            0.17344075441360474,
            0.0818050280213356
          ],
          [
            0.938782811164856,
            0.06074440851807594,
            -0.3391127586364746,
            -0.03855740278959274
          ],
          [
            -0.34451013803482056,
            0.16246026754379272,
            -0.9246262907981873,
            1.4517273902893066
          ],
          [
            0.0,
            0.0,
            0.0,
            1.0
          ]
        ]
      },
      "bone_length_armature_space": 0.2679694702681629,
      "parent": "spine_01",
      "has_children": true,
      "is_end_bone": false
    },
    "lowerarm_l": {
      "name": "lowerarm_l",
      "local": {
        "location": {
          "x": 0.0,
          "y": 0.0,
          "z": 0.0
        },
        "rotation_quaternion": {
          "w": 0.8807432651519775,
          "x": 0.3292178213596344,
          "y": -0.23276935517787933,
          "z": 0.24844609200954437
        },
        "scale": {
          "x": 1.0,
          "y": 1.0,
          "z": 1.0
        },
        "matrix_basis": [
          [
            0.7681859135627747,
            -0.5908980965614319,
            -0.2464343160390854,
            0.0
          ],
          [
            0.2843708097934723,
            0.6597803235054016,
            -0.6955740451812744,
            0.0
          ],
          [
            0.5736058354377747,
            0.46425148844718933,
            0.674868106842041,
            0.0
          ],
          [
            0.0,
            0.0,
            0.0,
            1.0
          ]
        ],
        "rotation_mode": "QUATERNION"
      },
      "armature_space": {
        "head": {
          "x": 0.34571313858032227,
          "y": -0.08552388101816177,
          "z": 0.5454078316688538
        },
        "tail": {
          "x": 0.5152719020843506,
          "y": -0.29125744104385376,
          "z": 0.5232059955596924
        }
      },
      "world_space": {
        "head": {
          "x": 0.34571313858032227,
          "y": -0.022279880940914154,
          "z": 1.4952619075775146
        },
        "tail": {
          "x": 0.5152719020843506,
          "y": -0.22801344096660614,
          "z": 1.4730600118637085
        },
        "rotation_quaternion": {
          "w": 0.12811344861984253,
          "x": 0.8176901340484619,
          "y": 0.3147585690021515,
          "z": -0.4646470248699188
        },
        "matrix": [
          [
            0.370059609413147,
            0.6338064074516296,
            -0.6792238354682922,
            0.34571313858032227
          ],
          [
            0.3956950604915619,
            -0.7690269947052002,
            -0.5020192861557007,
            -0.022279880940914154
          ],
          [
            -0.8405301570892334,
            -0.08298996090888977,
            -0.5353841185569763,
            1.4952619075775146
          ],
          [
            0.0,
            0.0,
            0.0,
            1.0
          ]
        ]
      },
      "bone_length_armature_space": 0.26752457193751067,
      "parent": "upperarm_l",
      "has_children": true,
      "is_end_bone": false
    },
    "metacarpal_thumb_l": {
      "name": "metacarpal_thumb_l",
      "local": {
        "location": {
          "x": 0.0,
          "y": 0.0,
          "z": 0.0
        },
        "rotation_quaternion": {
          "w": 0.9995743632316589,
          "x": -0.028223901987075806,
          "y": 0.0009311238536611199,
          "z": 0.007330775260925293
        },
        "scale": {
          "x": 1.0,
          "y": 1.0,
          "z": 1.0
        },
        "matrix_basis": [
          [
            0.9998908042907715,
            -0.014707869850099087,
            0.0014476488577201962,
            0.0
          ],
          [
            0.014602750539779663,
            0.9982993602752686,
            0.056437429040670395,
            0.0
          ],
          [
            -0.002275261329486966,
            -0.05641012638807297,
            0.9984050989151001,
            0.0
          ],
          [
            0.0,
            0.0,
            0.0,
            1.0
          ]
        ],
        "rotation_mode": "QUATERNION"
      },
      "armature_space": {
        "head": {
          "x": 0.5152719020843506,
          "y": -0.29125744104385376,
          "z": 0.5232059955596924
        },
        "tail": {
          "x": 0.5220909714698792,
          "y": -0.3337997496128082,
          "z": 0.4987673759460449
        }
      },
      "world_space": {
        "head": {
          "x": 0.5152719020843506,
          "y": -0.22801344096660614,
          "z": 1.4730600118637085
        },
        "tail": {
          "x": 0.5220909714698792,
          "y": -0.2705557346343994,
          "z": 1.448621392250061
        },
        "rotation_quaternion": {
          "w": 0.2641819715499878,
          "x": -0.9506886601448059,
          "y": -0.02792489342391491,
          "z": -0.16005992889404297
        },
        "matrix": [
          [
            0.9472019672393799,
            0.13766558468341827,
            0.2895794212818146,
            0.5152719020843506
          ],
          [
            -0.03147376328706741,
            -0.8588565587997437,
            0.5112484693527222,
            -0.22801344096660614
          ],
          [
            0.31909066438674927,
            -0.49337416887283325,
            -0.8091832995414734,
            1.4730600118637085
          ],
          [
            0.0,
            0.0,
            0.0,
            1.0
          ]
        ]
      },
      "bone_length_armature_space": 0.04953376445389312,
      "parent": "lowerarm_l",
      "has_children": true,
      "is_end_bone": false
    },
    "thumb_01_l": {
      "name": "thumb_01_l",
      "local": {
        "location": {
          "x": 0.0,
          "y": 0.0,
          "z": 0.0
        },
        "rotation_quaternion": {
          "w": 0.9959536790847778,
          "x": -0.08784773200750351,
          "y": 0.013387865386903286,
          "z": 0.013409272767603397
        },
        "scale": {
          "x": 1.0,
          "y": 1.0,
          "z": 1.0
        },
        "matrix_basis": [
          [
            0.9992818832397461,
            -0.029062217101454735,
            0.02431144006550312,
            0.0
          ],
          [
            0.024357842281460762,
            0.984205961227417,
            0.1753435879945755,
            0.0
          ],
          [
            -0.029023336246609688,
            -0.17462550103664398,
            0.9842070937156677,
            0.0
          ],
          [
            0.0,
            0.0,
            0.0,
            1.0
          ]
        ],
        "rotation_mode": "QUATERNION"
      },
      "armature_space": {
        "head": {
          "x": 0.5220909714698792,
          "y": -0.3337997496128082,
          "z": 0.4987673759460449
        },
        "tail": {
          "x": 0.5227706432342529,
          "y": -0.3386521637439728,
          "z": 0.4650830626487732
        }
      },
      "world_space": {
        "head": {
          "x": 0.5220909714698792,
          "y": -0.2705557346343994,
          "z": 1.448621392250061
        },
        "tail": {
          "x": 0.5227706432342529,
          "y": -0.27540814876556396,
          "z": 1.4149370193481445
        },
        "rotation_quaternion": {
          "w": 0.4405607581138611,
          "x": -0.4971761405467987,
          "y": 0.4843844175338745,
          "z": -0.5692923665046692
        },
        "matrix": [
          [
            -0.11744458228349686,
            0.019967660307884216,
            0.9928785562515259,
            0.5220909714698792
          ],
          [
            -0.9832644462585449,
            -0.14255639910697937,
            -0.11344047635793686,
            -0.2705557346343994
          ],
          [
            0.1392761915922165,
            -0.9895926713943481,
            0.03637591004371643,
            1.448621392250061
          ],
          [
            0.0,
            0.0,
            0.0,
            1.0
          ]
        ]
      },
      "bone_length_armature_space": 0.03403881382769218,
      "parent": "metacarpal_thumb_l",
      "has_children": true,
      "is_end_bone": false
    },
    "thumb_02_l": {
      "name": "thumb_02_l",
      "local": {
        "location": {
          "x": 0.0,
          "y": 0.0,
          "z": 0.0
        },
        "rotation_quaternion": {
          "w": 0.9953855276107788,
          "x": 0.09562131762504578,
          "y": -0.0054835546761751175,
          "z": 0.005858267191797495
        },
        "scale": {
          "x": 1.0,
          "y": 1.0,
          "z": 1.0
        },
        "matrix_basis": [
          [
            0.9998711943626404,
            -0.012711158022284508,
            -0.009796151891350746,
            0.0
          ],
          [
            0.010613779537379742,
            0.9816445112228394,
            -0.19042439758777618,
            0.0
          ],
          [
            0.012036852538585663,
            0.19029590487480164,
            0.9816529750823975,
            0.0
          ],
          [
            0.0,
            0.0,
            0.0,
            1.0
          ]
        ],
        "rotation_mode": "QUATERNION"
      },
      "armature_space": {
        "head": {
          "x": 0.5227705836296082,
          "y": -0.3386521339416504,
          "z": 0.4650830626487732
        },
        "tail": {
          "x": 0.5470007658004761,
          "y": -0.3696953058242798,
          "z": 0.45718371868133545
        }
      },
      "world_space": {
        "head": {
          "x": 0.5227705836296082,
          "y": -0.27540814876556396,
          "z": 1.4149370193481445
        },
        "tail": {
          "x": 0.5470007658004761,
          "y": -0.30645132064819336,
          "z": 1.4070377349853516
        },
        "rotation_quaternion": {
          "w": 0.3310776352882385,
          "x": -0.12005726248025894,
          "y": 0.06273997575044632,
          "z": -0.9338294863700867
        },
        "matrix": [
          [
            -0.7519473433494568,
            0.6032755970954895,
            0.26576974987983704,
            0.5227705836296082
          ],
          [
            -0.6334049701690674,
            -0.7729026079177856,
            -0.03767916560173035,
            -0.27540814876556396
          ],
          [
            0.18268409371376038,
            -0.19667492806911469,
            0.9633068442344666,
            1.4149370193481445
          ],
          [
            0.0,
            0.0,
            0.0,
            1.0
          ]
        ]
      },
      "bone_length_armature_space": 0.04016441084359839,
      "parent": "thumb_01_l",
      "has_children": true,
      "is_end_bone": false
    },
    "thumb_03_l": {
      "name": "thumb_03_l",
      "local": {
        "location": {
          "x": 0.0,
          "y": 0.0,
          "z": 0.0
        },
        "rotation_quaternion": {
          "w": 0.9988607168197632,
          "x": 0.04727346450090408,
          "y": 0.005507454741746187,
          "z": -0.003512181807309389
        },
        "scale": {
          "x": 1.0,
          "y": 1.0,
          "z": 1.0
        },
        "matrix_basis": [
          [
            0.9999146461486816,
            0.0075370739214122295,
            0.010670294053852558,
            0.0
          ],
          [
            -0.006495648063719273,
            0.9955057501792908,
            -0.09447789937257767,
            0.0
          ],
          [
            -0.011334426701068878,
            0.09440052509307861,
            0.9954697489738464,
            0.0
          ],
          [
            0.0,
            0.0,
            0.0,
            1.0
          ]
        ],
        "rotation_mode": "QUATERNION"
      },
      "armature_space": {
        "head": {
          "x": 0.5470007061958313,
          "y": -0.3696953058242798,
          "z": 0.45718368887901306
        },
        "tail": {
          "x": 0.5695852637290955,
          "y": -0.3896927237510681,
          "z": 0.4612986147403717
        }
      },
      "world_space": {
        "head": {
          "x": 0.5470007061958313,
          "y": -0.30645132064819336,
          "z": 1.4070377349853516
        },
        "tail": {
          "x": 0.5695852637290955,
          "y": -0.3264487385749817,
          "z": 1.4111526012420654
        },
        "rotation_quaternion": {
          "w": 0.4139062762260437,
          "x": 0.1280871480703354,
          "y": -0.016162235289812088,
          "z": -0.9011182188987732
        },
        "matrix": [
          [
            -0.6245502829551697,
            0.7418168783187866,
            -0.24422219395637512,
            0.5470007061958313
          ],
          [
            -0.7500975131988525,
            -0.6568405032157898,
            -0.076904296875,
            -0.30645132064819336
          ],
          [
            -0.21746619045734406,
            0.13516011834144592,
            0.9666720628738403,
            1.4070377349853516
          ],
          [
            0.0,
            0.0,
            0.0,
            1.0
          ]
        ]
      },
      "bone_length_armature_space": 0.030444894632711415,
      "parent": "thumb_02_l",
      "has_children": false,
      "is_end_bone": true
    },
    "metacarpal_index_l": {
      "name": "metacarpal_index_l",
      "local": {
        "location": {
          "x": 0.0,
          "y": 0.0,
          "z": 0.0
        },
        "rotation_quaternion": {
          "w": 0.9995405673980713,
          "x": -0.02055446431040764,
          "y": -0.018152613192796707,
          "z": -0.01290930900722742
        },
        "scale": {
          "x": 1.0,
          "y": 1.0,
          "z": 1.0
        },
        "matrix_basis": [
          [
            0.9990076422691345,
            0.026552990078926086,
            -0.03575785830616951,
            0.0
          ],
          [
            -0.025060521438717842,
            0.9988217353820801,
            0.04155871644616127,
            0.0
          ],
          [
            0.03681923449039459,
            -0.04062136635184288,
            0.9984959959983826,
            0.0
          ],
          [
            0.0,
            0.0,
            0.0,
            1.0
          ]
        ],
        "rotation_mode": "QUATERNION"
      },
      "armature_space": {
        "head": {
          "x": 0.5152719020843506,
          "y": -0.29125744104385376,
          "z": 0.5232059955596924
        },
        "tail": {
          "x": 0.5674880743026733,
          "y": -0.39204445481300354,
          "z": 0.49414247274398804
        }
      },
      "world_space": {
        "head": {
          "x": 0.5152719020843506,
          "y": -0.22801344096660614,
          "z": 1.4730600118637085
        },
        "tail": {
          "x": 0.5674880743026733,
          "y": -0.3288004398345947,
          "z": 1.4439964294433594
        },
        "rotation_quaternion": {
          "w": 0.10681598633527756,
          "x": -0.9603251218795776,
          "y": -0.24188432097434998,
          "z": 0.08864549547433853
        },
        "matrix": [
          [
            0.8672676086425781,
            0.4456377327442169,
            -0.22193145751953125,
            0.5152719020843506
          ],
          [
            0.4835129380226135,
            -0.8601649403572083,
            0.16227135062217712,
            -0.22801344096660614
          ],
          [
            -0.11858394742012024,
            -0.24804216623306274,
            -0.9614714980125427,
            1.4730600118637085
          ],
          [
            0.0,
            0.0,
            0.0,
            1.0
          ]
        ]
      },
      "bone_length_armature_space": 0.11717183460394057,
      "parent": "lowerarm_l",
      "has_children": true,
      "is_end_bone": false
    },
    "index_01_l": {
      "name": "index_01_l",
      "local": {
        "location": {
          "x": 0.0,
          "y": 0.0,
          "z": 0.0
        },
        "rotation_quaternion": {
          "w": 0.9916109442710876,
          "x": -0.12890495359897614,
          "y": -0.0037346999160945415,
          "z": -0.008795075118541718
        },
        "scale": {
          "x": 1.0,
          "y": 1.0,
          "z": 1.0
        },
        "matrix_basis": [
          [
            0.9998173713684082,
            0.018405428156256676,
            -0.005139281041920185,
            0.0
          ],
          [
            -0.016479743644595146,
            0.9666123390197754,
            0.2557128071784973,
            0.0
          ],
          [
            0.009674196131527424,
            -0.25558143854141235,
            0.9667391180992126,
            0.0
          ],
          [
            0.0,
            0.0,
            0.0,
            1.0
          ]
        ],
        "rotation_mode": "QUATERNION"
      },
      "armature_space": {
        "head": {
          "x": 0.5674880743026733,
          "y": -0.39204445481300354,
          "z": 0.49414247274398804
        },
        "tail": {
          "x": 0.5891427397727966,
          "y": -0.4103081226348877,
          "z": 0.4973955750465393
        }
      },
      "world_space": {
        "head": {
          "x": 0.5674880743026733,
          "y": -0.3288004398345947,
          "z": 1.4439964294433594
        },
        "tail": {
          "x": 0.5891427397727966,
          "y": -0.34706413745880127,
          "z": 1.4472496509552002
        },
        "rotation_quaternion": {
          "w": 0.056413762271404266,
          "x": 0.9055675268173218,
          "y": 0.42019522190093994,
          "z": 0.014175821095705032
        },
        "matrix": [
          [
            0.6464698314666748,
            0.7594307065010071,
            0.07308405637741089,
            0.5674880743026733
          ],
          [
            0.7626299262046814,
            -0.6405070424079895,
            -0.09026002883911133,
            -0.3288004398345947
          ],
          [
            -0.021734874695539474,
            0.11408650875091553,
            -0.9932403564453125,
            1.4439964294433594
          ],
          [
            0.0,
            0.0,
            0.0,
            1.0
          ]
        ]
      },
      "bone_length_armature_space": 0.02851436062757856,
      "parent": "metacarpal_index_l",
      "has_children": true,
      "is_end_bone": false
    },
    "index_02_l": {
      "name": "index_02_l",
      "local": {
        "location": {
          "x": 0.0,
          "y": 0.0,
          "z": 0.0
        },
        "rotation_quaternion": {
          "w": 0.9998422861099243,
          "x": 0.01491578295826912,
          "y": -0.0038353216368705034,
          "z": 0.008847730234265327
        },
        "scale": {
          "x": 1.0,
          "y": 1.0,
          "z": 1.0
        },
        "matrix_basis": [
          [
            0.9998140335083008,
            -0.01780708320438862,
            -0.007405492011457682,
            0.0
          ],
          [
            0.017578255385160446,
            0.9993984699249268,
            -0.02989472821354866,
            0.0
          ],
          [
            0.007933375425636768,
            0.029758993536233902,
            0.9995256066322327,
            0.0
          ],
          [
            0.0,
            0.0,
            0.0,
            1.0
          ]
        ],
        "rotation_mode": "QUATERNION"
      },
      "armature_space": {
        "head": {
          "x": 0.589142918586731,
          "y": -0.4103085696697235,
          "z": 0.4973953068256378
        },
        "tail": {
          "x": 0.6088007092475891,
          "y": -0.4265015125274658,
          "z": 0.5004692673683167
        }
      },
      "world_space": {
        "head": {
          "x": 0.589142918586731,
          "y": -0.3470645546913147,
          "z": 1.4472492933273315
        },
        "tail": {
          "x": 0.6088007092475891,
          "y": -0.3632575273513794,
          "z": 1.4503233432769775
        },
        "rotation_quaternion": {
          "w": 0.07476154714822769,
          "x": 0.9029338955879211,
          "y": 0.4228460490703583,
          "z": -0.017953937873244286
        },
        "matrix": [
          [
            0.641757607460022,
            0.7662883400917053,
            0.030803166329860687,
            0.589142918586731
          ],
          [
            0.7609196901321411,
            -0.6312239766120911,
            -0.15019342303276062,
            -0.3470645546913147
          ],
          [
            -0.09564781934022903,
            0.11982659250497818,
            -0.9881840348243713,
            1.4472492933273315
          ],
          [
            0.0,
            0.0,
            0.0,
            1.0
          ]
        ]
      },
      "bone_length_armature_space": 0.025653252399925226,
      "parent": "index_01_l",
      "has_children": true,
      "is_end_bone": false
    },
    "index_03_l": {
      "name": "index_03_l",
      "local": {
        "location": {
          "x": 0.0,
          "y": 0.0,
          "z": 0.0
        },
        "rotation_quaternion": {
          "w": 0.9997397065162659,
          "x": 0.022799307480454445,
          "y": -0.0008209435036405921,
          "z": -0.0003270681481808424
        },
        "scale": {
          "x": 1.0,
          "y": 1.0,
          "z": 1.0
        },
        "matrix_basis": [
          [
            0.9999984502792358,
            0.0006165321683511138,
            -0.0016563734970986843,
            0.0
          ],
          [
            -0.000691399909555912,
            0.9989601969718933,
            -0.04558620974421501,
            0.0
          ],
          [
            0.0016265457961708307,
            0.04558728262782097,
            0.9989590644836426,
            0.0
          ],
          [
            0.0,
            0.0,
            0.0,
            1.0
          ]
        ],
        "rotation_mode": "QUATERNION"
      },
      "armature_space": {
        "head": {
          "x": 0.6088007092475891,
          "y": -0.4265015125274658,
          "z": 0.5004693865776062
        },
        "tail": {
          "x": 0.6327788233757019,
          "y": -0.4431854486465454,
          "z": 0.49981415271759033
        }
      },
      "world_space": {
        "head": {
          "x": 0.6088007092475891,
          "y": -0.3632575273513794,
          "z": 1.4503233432769775
        },
        "tail": {
          "x": 0.6327788233757019,
          "y": -0.379941463470459,
          "z": 1.4496681690216064
        },
        "rotation_quaternion": {
          "w": 0.002397295320406556,
          "x": -0.8860676884651184,
          "y": -0.4631342589855194,
          "z": 0.01962301693856716
        },
        "matrix": [
          [
            0.5702430605888367,
            0.8206422328948975,
            -0.0369953028857708,
            0.6088007092475891
          ],
          [
            0.8208308219909668,
            -0.5710020065307617,
            -0.01392856054008007,
            -0.3632575273513794
          ],
          [
            -0.032554250210523605,
            -0.022425120696425438,
            -0.9992256760597229,
            1.4503233432769775
          ],
          [
            0.0,
            0.0,
            0.0,
            1.0
          ]
        ]
      },
      "bone_length_armature_space": 0.029218709858297935,
      "parent": "index_02_l",
      "has_children": false,
      "is_end_bone": true
    },
    "metacarpal_pinky_l": {
      "name": "metacarpal_pinky_l",
      "local": {
        "location": {
          "x": 0.0,
          "y": 0.0,
          "z": 0.0
        },
        "rotation_quaternion": {
          "w": 0.9989571571350098,
          "x": -0.042820535600185394,
          "y": 0.015290865674614906,
          "z": -0.0041510481387376785
        },
        "scale": {
          "x": 1.0,
          "y": 1.0,
          "z": 1.0
        },
        "matrix_basis": [
          [
            0.9994978904724121,
            0.0069839125499129295,
            0.030905339866876602,
            0.0
          ],
          [
            -0.009602964855730534,
            0.9962983131408691,
            0.08542481809854507,
            0.0
          ],
          [
            -0.030194338411092758,
            -0.08567870408296585,
            0.9958651661872864,
            0.0
          ],
          [
            0.0,
            0.0,
            0.0,
            1.0
          ]
        ],
        "rotation_mode": "QUATERNION"
      },
      "armature_space": {
        "head": {
          "x": 0.5152719020843506,
          "y": -0.29125744104385376,
          "z": 0.5232059955596924
        },
        "tail": {
          "x": 0.6035091876983643,
          "y": -0.34652456641197205,
          "z": 0.5249210596084595
        }
      },
      "world_space": {
        "head": {
          "x": 0.5152719020843506,
          "y": -0.22801344096660614,
          "z": 1.4730600118637085
        },
        "tail": {
          "x": 0.6035091876983643,
          "y": -0.28328055143356323,
          "z": 1.4747750759124756
        },
        "rotation_quaternion": {
          "w": 0.4426158666610718,
          "x": 0.37085363268852234,
          "y": 0.19676576554775238,
          "z": -0.7923648357391357
        },
        "matrix": [
          [
            -0.3331168293952942,
            0.847369909286499,
            -0.41351792216300964,
            0.5152719020843506
          ],
          [
            -0.5554848313331604,
            -0.5307473540306091,
            -0.6401126384735107,
            -0.22801344096660614
          ],
          [
            -0.761891782283783,
            0.0164700485765934,
            0.6475061178207397,
            1.4730600118637085
          ],
          [
            0.0,
            0.0,
            0.0,
            1.0
          ]
        ]
      },
      "bone_length_armature_space": 0.10413075981599972,
      "parent": "lowerarm_l",
      "has_children": true,
      "is_end_bone": false
    },
    "pinky_01_l": {
      "name": "pinky_01_l",
      "local": {
        "location": {
          "x": 0.0,
          "y": 0.0,
          "z": 0.0
        },
        "rotation_quaternion": {
          "w": 0.9957437515258789,
          "x": -0.0915541797876358,
          "y": -0.007551160641014576,
          "z": 0.0074317483231425285
        },
        "scale": {
          "x": 1.0,
          "y": 1.0,
          "z": 1.0
        },
        "matrix_basis": [
          [
            0.9997754693031311,
            -0.013417553156614304,
            -0.016398856416344643,
            0.0
          ],
          [
            0.01618291437625885,
            0.9831252098083496,
            0.18221676349639893,
            0.0
          ],
          [
            0.01367722637951374,
            -0.18244123458862305,
            0.9831216335296631,
            0.0
          ],
          [
            0.0,
            0.0,
            0.0,
            1.0
          ]
        ],
        "rotation_mode": "QUATERNION"
      },
      "armature_space": {
        "head": {
          "x": 0.6035091876983643,
          "y": -0.34652456641197205,
