{
  "metadata": {
    "armature_name": "KIM_caucasian_male",
    "export_time": "2026-01-13T21:16:43.741497",
    "blender_version": "4.4.1",
    "bone_count": 56,
    "end_bone_count": 13,
    "spaces_included": [
      "LOCAL_CHANNELS",
      "ARMATURE_SPACE",
      "WORLD_SPACE"
    ],
    "note": "LOCAL matches Transform panel; replay pose via local.matrix_basis for best fidelity."
  },
  "bones": {
    "Root": {
      "name": "Root",
      "local": {
        "location": {
          "x": 0.0,
          "y": 0.0,
          "z": 0.0
        },
        "rotation_quaternion": {
          "w": 0.9996004700660706,
          "x": -0.01336180604994297,
          "y": -0.014502905309200287,
          "z": 0.02024938352406025
        },
        "scale": {
          "x": 1.0,
          "y": 1.0,
          "z": 1.0
        },
        "matrix_basis": [
          [
            0.9987592697143555,
            -0.0400950163602829,
            -0.029535358771681786,
            0.0
          ],
          [
            0.04087015613913536,
            0.9988228678703308,
            0.026125585660338402,
            0.0
          ],
          [
            0.02845308557152748,
            -0.027300285175442696,
            0.9992222785949707,
            0.0
          ],
          [
            0.0,
            0.0,
            0.0,
            1.0
          ]
        ],
        "rotation_mode": "QUATERNION"
      },
      "armature_space": {
        "head": {
          "x": 0.0,
          "y": 0.07072800397872925,
          "z": -0.009595036506652832
        },
        "tail": {
          "x": -0.002861816668882966,
          "y": 0.00034520775079727173,
          "z": 0.0019196132197976112
        }
      },
      "world_space": {
        "head": {
          "x": 0.0,
          "y": 0.13397200405597687,
          "z": 0.9402589797973633
        },
        "tail": {
          "x": -0.002861816668882966,
          "y": 0.06358920782804489,
          "z": 0.9517736434936523
        },
        "rotation_quaternion": {
          "w": 0.08067218959331512,
          "x": 0.9964295029640198,
          "y": -0.021180409938097,
          "z": -0.013105797581374645
        },
        "matrix": [
          [
            0.9987592697143555,
            -0.0400950163602829,
            -0.029535358771681786,
            0.0
          ],
          [
            -0.0443241223692894,
            -0.9860867261886597,
            -0.16021358966827393,
            0.13397200405597687
          ],
          [
            -0.022700859233736992,
            0.1613241285085678,
            -0.9866474866867065,
            0.9402589797973633
          ],
          [
            0.0,
            0.0,
            0.0,
            1.0
          ]
        ]
      },
      "bone_length_armature_space": 0.0713758711815285,
      "parent": null,
      "has_children": true,
      "is_end_bone": false
    },
    "spine_01": {
      "name": "spine_01",
      "local": {
        "location": {
          "x": 0.0,
          "y": 0.0,
          "z": 0.0
        },
        "rotation_quaternion": {
          "w": 0.9977177381515503,
          "x": 0.03488805145025253,
          "y": -0.027846669778227806,
          "z": 0.050662435591220856
        },
        "scale": {
          "x": 1.0,
          "y": 1.0,
          "z": 1.0
        },
        "matrix_basis": [
          [
            0.9933157563209534,
            -0.10303665697574615,
            -0.05203120410442352,
            0.0
          ],
          [
            0.09915059059858322,
            0.9924322962760925,
            -0.07243841886520386,
            0.0
          ],
          [
            0.05910126119852066,
            0.06679529696702957,
            0.9960147738456726,
            0.0
          ],
          [
            0.0,
            0.0,
            0.0,
            1.0
          ]
        ],
        "rotation_mode": "QUATERNION"
      },
      "armature_space": {
        "head": {
          "x": -0.002861816668882966,
          "y": 0.00034520775079727173,
          "z": 0.0019196132197976112
        },
        "tail": {
          "x": -0.04192746430635452,
          "y": 0.005377090070396662,
          "z": 0.4883320927619934
        }
      },
      "world_space": {
        "head": {
          "x": -0.002861816668882966,
          "y": 0.06358920782804489,
          "z": 0.9517736434936523
        },
        "tail": {
          "x": -0.04192746430635452,
          "y": 0.06862109154462814,
          "z": 1.4381861686706543
        },
        "rotation_quaternion": {
          "w": 0.7079930901527405,
          "x": 0.7034302949905396,
          "y": -0.06245959550142288,
          "z": -0.005522368010133505
        },
        "matrix": [
          [
            0.9921365976333618,
            -0.08005235344171524,
            -0.09621059894561768,
            -0.002861816668882966
          ],
          [
            -0.09569098055362701,
            0.010311208665370941,
            -0.9953577518463135,
            0.06358920782804489
          ],
          [
            0.08067324757575989,
            0.9967443346977234,
            0.002568945288658142,
            0.9517736434936523
          ],
          [
            0.0,
            0.0,
            0.0,
            1.0
          ]
        ]
      },
      "bone_length_armature_space": 0.48800464720218106,
      "parent": "Root",
      "has_children": true,
      "is_end_bone": false
    },
    "neck_01": {
      "name": "neck_01",
      "local": {
        "location": {
          "x": 0.0,
          "y": 0.0,
          "z": 0.0
        },
        "rotation_quaternion": {
          "w": 0.9856418371200562,
          "x": 0.043666061013936996,
          "y": -0.11073388159275055,
          "z": 0.11975646764039993
        },
        "scale": {
          "x": 1.0,
          "y": 1.0,
          "z": 1.0
        },
        "matrix_basis": [
          [
            0.9467927813529968,
            -0.24574460089206696,
            -0.2078293114900589,
            0.0
          ],
          [
            0.2264033406972885,
            0.9675033092498779,
            -0.11260039359331131,
            0.0
          ],
          [
            0.2287464737892151,
            0.05955599620938301,
            0.9716625809669495,
            0.0
          ],
          [
            0.0,
            0.0,
            0.0,
            1.0
          ]
        ],
        "rotation_mode": "QUATERNION"
      },
      "armature_space": {
        "head": {
          "x": -0.05112539976835251,
          "y": -0.028387384489178658,
          "z": 0.5614012479782104
        },
        "tail": {
          "x": -0.08745750784873962,
          "y": -0.06814185529947281,
          "z": 0.6486381888389587
        }
      },
      "world_space": {
        "head": {
          "x": -0.05112539976835251,
          "y": 0.03485661745071411,
          "z": 1.5112552642822266
        },
        "tail": {
          "x": -0.08745750784873962,
          "y": -0.004897855222225189,
          "z": 1.59849214553833
        },
        "rotation_quaternion": {
          "w": 0.5065394043922424,
          "x": 0.832841157913208,
          "y": -0.22256162762641907,
          "z": -0.01612064801156521
        },
        "matrix": [
          [
            0.900412380695343,
            -0.3543858230113983,
            -0.2523256838321686,
            -0.05112539976835251
          ],
          [
            -0.38704973459243774,
            -0.3877677619457245,
            -0.8365578055381775,
            0.03485661745071411
          ],
          [
            0.1986214518547058,
            0.8509150147438049,
            -0.48631995916366577,
            1.5112552642822266
          ],
          [
            0.0,
            0.0,
            0.0,
            1.0
          ]
        ]
      },
      "bone_length_armature_space": 0.10252182168431433,
      "parent": "spine_01",
      "has_children": true,
      "is_end_bone": false
    },
    "head": {
      "name": "head",
      "local": {
        "location": {
          "x": 0.0,
          "y": 0.0,
          "z": 0.0
        },
        "rotation_quaternion": {
          "w": 0.9901658892631531,
          "x": 0.022158944979310036,
          "y": 0.10589724034070969,
          "z": -0.08869187533855438
        },
        "scale": {
          "x": 1.0,
          "y": 1.0,
          "z": 1.0
        },
        "matrix_basis": [
          [
            0.9618390798568726,
            0.1803324818611145,
            0.205781027674675,
            0.0
          ],
          [
            -0.17094619572162628,
            0.9832854866981506,
            -0.06266651302576065,
            0.0
          ],
          [
            -0.21364231407642365,
            0.025097614154219627,
            0.9765895009040833,
            0.0
          ],
          [
            0.0,
            0.0,
            0.0,
            1.0
          ]
        ],
        "rotation_mode": "QUATERNION"
      },
      "armature_space": {
        "head": {
          "x": -0.08745752274990082,
          "y": -0.06814195215702057,
          "z": 0.6486380696296692
        },
        "tail": {
          "x": -0.10029944032430649,
          "y": -0.09160212427377701,
          "z": 0.8014059066772461
        }
      },
      "world_space": {
        "head": {
          "x": -0.08745752274990082,
          "y": -0.004897952079772949,
          "z": 1.59849214553833
        },
        "tail": {
          "x": -0.10029944032430649,
          "y": -0.02835812419652939,
          "z": 1.7512599229812622
        },
        "rotation_quaternion": {
          "w": 0.6461357474327087,
          "x": 0.7579793930053711,
          "y": -0.08291182667016983,
          "z": -0.03318820521235466
        },
        "matrix": [
          [
            0.9840483069419861,
            -0.08280287683010101,
            -0.15745697915554047,
            -0.08745752274990082
          ],
          [
            -0.16857948899269104,
            -0.1512679159641266,
            -0.9740118980407715,
            -0.004897952079772949
          ],
          [
            0.056832995265722275,
            0.9850254654884338,
            -0.16281580924987793,
            1.59849214553833
          ],
          [
            0.0,
            0.0,
            0.0,
            1.0
          ]
        ]
      },
      "bone_length_armature_space": 0.15509128579646234,
      "parent": "neck_01",
      "has_children": false,
      "is_end_bone": true
    },
    "upperarm_l": {
      "name": "upperarm_l",
      "local": {
        "location": {
          "x": 0.0,
          "y": 0.0,
          "z": 0.0
        },
        "rotation_quaternion": {
          "w": 0.9428936243057251,
          "x": 0.04704384505748749,
          "y": 0.3266322612762451,
          "z": 0.045276932418346405
        },
        "scale": {
          "x": 1.0,
          "y": 1.0,
          "z": 1.0
        },
        "matrix_basis": [
          [
            0.7825227379798889,
            -0.05465058609843254,
            0.6202189326286316,
            0.0
          ],
          [
            0.11611473560333252,
            0.9914737343788147,
            -0.05913687124848366,
            0.0
          ],
          [
            -0.6116989254951477,
            0.11829249560832977,
            0.7821964621543884,
            0.0
          ],
          [
            0.0,
            0.0,
            0.0,
            1.0
          ]
        ],
        "rotation_mode": "QUATERNION"
      },
      "armature_space": {
        "head": {
          "x": 0.10276839882135391,
          "y": -0.04660835117101669,
          "z": 0.506521463394165
        },
        "tail": {
          "x": 0.36492279171943665,
          "y": -0.0935869961977005,
          "z": 0.5361136794090271
        }
      },
      "world_space": {
        "head": {
          "x": 0.10276839882135391,
          "y": 0.016635648906230927,
          "z": 1.4563754796981812
        },
        "tail": {
          "x": 0.36492279171943665,
          "y": -0.03034299612045288,
          "z": 1.4859676361083984
        },
        "rotation_quaternion": {
          "w": 0.30976438522338867,
          "x": 0.7087379693984985,
          "y": 0.5624836087226868,
          "z": -0.2921449840068817
        },
        "matrix": [
          [
            0.19652560353279114,
            0.978299617767334,
            -0.06563100218772888,
            0.10276839882135391
          ],
          [
            0.6163151264190674,
            -0.17531344294548035,
            -0.767737627029419,
            0.016635648906230927
          ],
          [
            -0.7625882029533386,
            0.11043126881122589,
            -0.6373996138572693,
            1.4563754796981812
          ],
          [
            0.0,
            0.0,
            0.0,
            1.0
          ]
        ]
      },
      "bone_length_armature_space": 0.2679694434417991,
      "parent": "spine_01",
      "has_children": true,
      "is_end_bone": false
    },
    "lowerarm_l": {
      "name": "lowerarm_l",
      "local": {
        "location": {
          "x": 0.0,
          "y": 0.0,
          "z": 0.0
        },
        "rotation_quaternion": {
          "w": 0.9581621885299683,
          "x": 0.14688728749752045,
          "y": 0.06417547166347504,
          "z": -0.2371305227279663
        },
        "scale": {
          "x": 1.0,
          "y": 1.0,
          "z": 1.0
        },
        "matrix_basis": [
          [
            0.8793012499809265,
            0.4732721149921417,
            0.05331810191273689,
            0.0
          ],
          [
            -0.43556588888168335,
            0.8443864583969116,
            -0.311919629573822,
            0.0
          ],
          [
            -0.192643940448761,
            0.2510477602481842,
            0.9486112594604492,
            0.0
          ],
          [
            0.0,
            0.0,
            0.0,
            1.0
          ]
        ],
        "rotation_mode": "QUATERNION"
      },
      "armature_space": {
        "head": {
          "x": 0.3649228513240814,
          "y": -0.09358712285757065,
          "z": 0.5361137390136719
        },
        "tail": {
          "x": 0.5947912931442261,
          "y": -0.15568767488002777,
          "z": 0.4141564965248108
        }
      },
      "world_space": {
        "head": {
          "x": 0.3649228513240814,
          "y": -0.03034312278032303,
          "z": 1.485967755317688
        },
        "tail": {
          "x": 0.5947912931442261,
          "y": -0.09244367480278015,
          "z": 1.3640105724334717
        },
        "rotation_quaternion": {
          "w": 0.07680628448724747,
          "x": 0.6424117088317871,
          "y": 0.6148445010185242,
          "z": -0.45097050070762634
        },
        "matrix": [
          [
            -0.16281886398792267,
            0.8592427372932434,
            -0.48496556282043457,
            0.3649228513240814
          ],
          [
            0.7206903696060181,
            -0.23213036358356476,
            -0.6532388925552368,
            -0.03034312278032303
          ],
          [
            -0.6738700866699219,
            -0.45587316155433655,
            -0.5814574956893921,
            1.485967755317688
          ],
          [
            0.0,
            0.0,
            0.0,
            1.0
          ]
        ]
      },
      "bone_length_armature_space": 0.2675248518524211,
      "parent": "upperarm_l",
      "has_children": true,
      "is_end_bone": false
    },
    "metacarpal_thumb_l": {
      "name": "metacarpal_thumb_l",
      "local": {
        "location": {
          "x": 0.0,
          "y": 0.0,
          "z": 0.0
        },
        "rotation_quaternion": {
          "w": 0.9999982118606567,
          "x": 0.0002401990641374141,
          "y": 0.0019039912149310112,
          "z": -0.0002298059407621622
        },
        "scale": {
          "x": 1.0,
          "y": 1.0,
          "z": 1.0
        },
        "matrix_basis": [
          [
            0.9999926686286926,
            0.00046052574180066586,
            0.0038078653160482645,
            0.0
          ],
          [
            -0.0004586963914334774,
            0.9999997615814209,
            -0.000481272378237918,
            0.0
          ],
          [
            -0.0038080860394984484,
            0.0004795221611857414,
            0.9999926090240479,
            0.0
          ],
          [
            0.0,
            0.0,
            0.0,
            1.0
          ]
        ],
        "rotation_mode": "QUATERNION"
      },
      "armature_space": {
        "head": {
          "x": 0.5947912931442261,
          "y": -0.15568767488002777,
          "z": 0.4141564965248108
        },
        "tail": {
          "x": 0.6127482652664185,
          "y": -0.17723238468170166,
          "z": 0.3733278214931488
        }
      },
      "world_space": {
        "head": {
          "x": 0.5947912931442261,
          "y": -0.09244367480278015,
          "z": 1.3640105724334717
        },
        "tail": {
          "x": 0.6127482652664185,
          "y": -0.11398838460445404,
          "z": 1.3231818675994873
        },
        "rotation_quaternion": {
          "w": 0.4759325385093689,
          "x": -0.846099317073822,
          "y": -0.2366703897714615,
          "z": 0.03989260643720627
        },
        "matrix": [
          [
            0.8847907185554504,
            0.36252114176750183,
            -0.29278576374053955,
            0.5947912931442261
          ],
          [
            0.4384671151638031,
            -0.43495073914527893,
            0.7864887714385986,
            -0.09244367480278015
          ],
          [
            0.15777291357517242,
            -0.8242610096931458,
            -0.5437970161437988,
            1.3640105724334717
          ],
          [
            0.0,
            0.0,
            0.0,
            1.0
          ]
        ]
      },
      "bone_length_armature_space": 0.04953390789064584,
      "parent": "lowerarm_l",
      "has_children": true,
      "is_end_bone": false
    },
    "thumb_01_l": {
      "name": "thumb_01_l",
      "local": {
        "location": {
          "x": 0.0,
          "y": 0.0,
          "z": 0.0
        },
        "rotation_quaternion": {
          "w": 0.9836309552192688,
          "x": 0.1786961853504181,
          "y": -0.022513650357723236,
          "z": 0.005561589729040861
        },
        "scale": {
          "x": 1.0,
          "y": 1.0,
          "z": 1.0
        },
        "matrix_basis": [
          [
            0.9989244341850281,
            -0.01898731105029583,
            -0.04230257868766785,
            0.0
          ],
          [
            0.0028948967810720205,
            0.9360734820365906,
            -0.3517926335334778,
            0.0
          ],
          [
            0.04627791792154312,
            0.3512917757034302,
            0.9351215958595276,
            0.0
          ],
          [
            0.0,
            0.0,
            0.0,
            1.0
          ]
        ],
        "rotation_mode": "QUATERNION"
      },
      "armature_space": {
        "head": {
          "x": 0.6127482652664185,
          "y": -0.17723238468170166,
          "z": 0.3733278214931488
        },
        "tail": {
          "x": 0.620303750038147,
          "y": -0.16335155069828033,
          "z": 0.3431802988052368
        }
      },
      "world_space": {
        "head": {
          "x": 0.6127482652664185,
          "y": -0.11398838460445404,
          "z": 1.3231818675994873
        },
        "tail": {
          "x": 0.620303750038147,
          "y": -0.10010755062103271,
          "z": 1.293034315109253
        },
        "rotation_quaternion": {
          "w": 0.7579357624053955,
          "x": -0.4201127886772156,
          "y": 0.35976672172546387,
          "z": -0.3458416759967804
        },
        "matrix": [
          [
            0.5019225478172302,
            0.22196771204471588,
            0.8359448313713074,
            0.6127482652664185
          ],
          [
            -0.8265371918678284,
            0.4077971577644348,
            0.3879920542240143,
            -0.11398838460445404
          ],
          [
            -0.2547766864299774,
            -0.8856873512268066,
            0.388150155544281,
            1.3231818675994873
          ],
          [
            0.0,
            0.0,
            0.0,
            1.0
          ]
        ]
      },
      "bone_length_armature_space": 0.03403874281470488,
      "parent": "metacarpal_thumb_l",
      "has_children": true,
      "is_end_bone": false
    },
    "thumb_02_l": {
      "name": "thumb_02_l",
      "local": {
        "location": {
          "x": 0.0,
          "y": 0.0,
          "z": 0.0
        },
        "rotation_quaternion": {
          "w": 0.9375326037406921,
          "x": 0.3478509187698364,
          "y": 0.00443072896450758,
          "z": -0.003597860224545002
        },
        "scale": {
          "x": 1.0,
          "y": 1.0,
          "z": 1.0
        },
        "matrix_basis": [
          [
            0.9999348521232605,
            0.009828688576817513,
            0.005804867949336767,
            0.0
          ],
          [
            -0.003663756186142564,
            0.7579736113548279,
            -0.652275025844574,
            0.0
          ],
          [
            -0.010810943320393562,
            0.6522112488746643,
            0.7579602003097534,
            0.0
          ],
          [
            0.0,
            0.0,
            0.0,
            1.0
          ]
        ],
        "rotation_mode": "QUATERNION"
      },
      "armature_space": {
        "head": {
          "x": 0.6203036308288574,
          "y": -0.16335153579711914,
          "z": 0.34318026900291443
        },
        "tail": {
          "x": 0.6562004089355469,
          "y": -0.17728132009506226,
          "z": 0.3546067476272583
        }
      },
      "world_space": {
        "head": {
          "x": 0.6203036308288574,
          "y": -0.10010753571987152,
          "z": 1.293034315109253
        },
        "tail": {
          "x": 0.6562004089355469,
          "y": -0.11403732001781464,
          "z": 1.3044607639312744
        },
        "rotation_quaternion": {
          "w": 0.5714390873908997,
          "x": 0.23947997391223907,
          "y": -0.0068773855455219746,
          "z": -0.784894585609436
        },
        "matrix": [
          [
            -0.23221264779567719,
            0.8937455415725708,
            -0.383791446685791,
            0.6203036308288574
          ],
          [
            -0.9003328680992126,
            -0.3468191623687744,
            -0.26290175318717957,
            -0.10010753571987152
          ],
          [
            -0.3680768311023712,
            0.28449252247810364,
            0.8852103352546692,
            1.293034315109253
          ],
          [
            0.0,
            0.0,
            0.0,
            1.0
          ]
        ]
      },
      "bone_length_armature_space": 0.04016443738270144,
      "parent": "thumb_01_l",
      "has_children": true,
      "is_end_bone": false
    },
    "thumb_03_l": {
      "name": "thumb_03_l",
      "local": {
        "location": {
          "x": 0.0,
          "y": 0.0,
          "z": 0.0
        },
        "rotation_quaternion": {
          "w": 0.9801817536354065,
          "x": 0.19798046350479126,
          "y": 0.005396094173192978,
          "z": -0.004288618452847004
        },
        "scale": {
          "x": 1.0,
          "y": 1.0,
          "z": 1.0
        },
        "matrix_basis": [
          [
            0.999904990196228,
            0.01054389402270317,
            0.008880180306732655,
            0.0
          ],
          [
            -0.006270608864724636,
            0.9215706586837769,
            -0.38815996050834656,
            0.0
          ],
          [
            -0.012276431545615196,
            0.3880673944950104,
            0.9215492606163025,
            0.0
          ],
          [
            0.0,
            0.0,
            0.0,
            1.0
          ]
        ],
        "rotation_mode": "QUATERNION"
      },
      "armature_space": {
        "head": {
          "x": 0.6562003493309021,
          "y": -0.17728133499622345,
          "z": 0.35460665822029114
        },
        "tail": {
          "x": 0.6710038781166077,
          "y": -0.19082731008529663,
          "z": 0.3775033950805664
        }
      },
      "world_space": {
        "head": {
          "x": 0.6562003493309021,
          "y": -0.11403733491897583,
          "z": 1.3044606447219849
        },
        "tail": {
          "x": 0.6710038781166077,
          "y": -0.127583310008049,
          "z": 1.3273574113845825
        },
        "rotation_quaternion": {
          "w": 0.5068877339363098,
          "x": 0.5610737800598145,
          "y": -0.143514484167099,
          "z": -0.6384862661361694
        },
        "matrix": [
          [
            0.143479123711586,
            0.48624005913734436,
            -0.8619652986526489,
            0.6562003493309021
          ],
          [
            -0.8083266615867615,
            -0.444934219121933,
            -0.3855409622192383,
            -0.11403733491897583
          ],
          [
            -0.57098788022995,
            0.7520712614059448,
            0.32920414209365845,
            1.3044606447219849
          ],
          [
            0.0,
            0.0,
            0.0,
            1.0
          ]
        ]
      },
      "bone_length_armature_space": 0.03044500734511194,
      "parent": "thumb_02_l",
      "has_children": false,
      "is_end_bone": true
    },
    "metacarpal_index_l": {
      "name": "metacarpal_index_l",
      "local": {
        "location": {
          "x": 0.0,
          "y": 0.0,
          "z": 0.0
        },
        "rotation_quaternion": {
          "w": 0.9998130202293396,
          "x": 0.01326943188905716,
          "y": -0.014035393483936787,
          "z": -0.0009377929382026196
        },
        "scale": {
          "x": 1.0,
          "y": 1.0,
          "z": 1.0
        },
        "matrix_basis": [
          [
            0.9996042847633362,
            0.0015027518384158611,
            -0.028090426698327065,
            0.0
          ],
          [
            -0.0022477186284959316,
            0.9996460676193237,
            -0.026507576927542686,
            0.0
          ],
          [
            0.028040651232004166,
            0.02656022645533085,
            0.9992538690567017,
            0.0
          ],
          [
            0.0,
            0.0,
            0.0,
            1.0
          ]
        ],
        "rotation_mode": "QUATERNION"
      },
      "armature_space": {
        "head": {
          "x": 0.5947912931442261,
          "y": -0.15568767488002777,
          "z": 0.4141564965248108
        },
        "tail": {
          "x": 0.6704725623130798,
          "y": -0.1996058225631714,
          "z": 0.33622798323631287
        }
      },
      "world_space": {
        "head": {
          "x": 0.5947912931442261,
          "y": -0.09244367480278015,
          "z": 1.3640105724334717
        },
        "tail": {
          "x": 0.6704725623130798,
          "y": -0.13636182248592377,
          "z": 1.2860820293426514
        },
        "rotation_quaternion": {
          "w": 0.28960028290748596,
          "x": -0.8021785020828247,
          "y": -0.47824907302856445,
          "z": 0.20956890285015106
        },
        "matrix": [
          [
            0.4547154903411865,
            0.6459001898765564,
            -0.6132262945175171,
            0.5947912931442261
          ],
          [
            0.8886656761169434,
            -0.3748185634613037,
            0.26416775584220886,
            -0.09244367480278015
          ],
          [
            -0.0592222586274147,
            -0.6650794744491577,
            -0.7444300651550293,
            1.3640105724334717
          ],
          [
            0.0,
            0.0,
            0.0,
            1.0
          ]
        ]
      },
      "bone_length_armature_space": 0.11717214384396593,
      "parent": "lowerarm_l",
      "has_children": true,
      "is_end_bone": false
    },
    "index_01_l": {
      "name": "index_01_l",
      "local": {
        "location": {
          "x": 0.0,
          "y": 0.0,
          "z": 0.0
        },
        "rotation_quaternion": {
          "w": 0.9739002585411072,
          "x": 0.2258794754743576,
          "y": -0.011487823911011219,
          "z": -0.019100936129689217
        },
        "scale": {
          "x": 1.0,
          "y": 1.0,
          "z": 1.0
        },
        "matrix_basis": [
          [
            0.9990063905715942,
            0.032015085220336914,
            -0.0310050081461668,
            0.0
          ],
          [
            -0.04239454120397568,
            0.8972272276878357,
            -0.43952929973602295,
            0.0
          ],
          [
            0.01374697033315897,
            0.44040700793266296,
            0.8976929783821106,
            0.0
          ],
          [
            0.0,
            0.0,
            0.0,
            1.0
          ]
        ],
        "rotation_mode": "QUATERNION"
      },
      "armature_space": {
        "head": {
          "x": 0.6704725623130798,
          "y": -0.1996058225631714,
          "z": 0.33622798323631287
        },
        "tail": {
          "x": 0.6857838034629822,
          "y": -0.19737498462200165,
          "z": 0.3122766613960266
        }
      },
      "world_space": {
        "head": {
          "x": 0.6704725623130798,
          "y": -0.13636182248592377,
          "z": 1.2860820293426514
        },
        "tail": {
          "x": 0.6857838034629822,
          "y": -0.13413098454475403,
          "z": 1.2621307373046875
        },
        "rotation_quaternion": {
          "w": 0.4292488992214203,
          "x": -0.6310580372810364,
          "y": -0.5957033038139343,
          "z": 0.2502974569797516
        },
        "matrix": [
          [
            0.16497363150119781,
            0.5369659662246704,
            -0.8273155689239502,
            0.6704725623130798
          ],
          [
            0.9667275547981262,
            0.07823553681373596,
            0.24355190992355347,
            -0.13636182248592377
          ],
          [
            0.19550679624080658,
            -0.8399741649627686,
            -0.506196141242981,
            1.2860820293426514
          ],
          [
            0.0,
            0.0,
            0.0,
            1.0
          ]
        ]
      },
      "bone_length_armature_space": 0.02851449767648594,
      "parent": "metacarpal_index_l",
      "has_children": true,
      "is_end_bone": false
    },
    "index_02_l": {
      "name": "index_02_l",
      "local": {
        "location": {
          "x": 0.0,
          "y": 0.0,
          "z": 0.0
        },
        "rotation_quaternion": {
          "w": 0.9132881760597229,
          "x": 0.4071919322013855,
          "y": 0.007517713122069836,
          "z": 0.006551578640937805
        },
        "scale": {
          "x": 1.0,
          "y": 1.0,
          "z": 1.0
        },
        "matrix_basis": [
          [
            0.9998010993003845,
            -0.005844654515385628,
            0.019067177549004555,
            0.0
          ],
          [
            0.018089262768626213,
            0.6683036088943481,
            -0.7436686754226685,
            0.0
          ],
          [
            -0.008396176621317863,
            0.7438656687736511,
            0.6682764291763306,
            0.0
          ],
          [
            0.0,
            0.0,
            0.0,
            1.0
          ]
        ],
        "rotation_mode": "QUATERNION"
      },
      "armature_space": {
        "head": {
          "x": 0.6857837438583374,
          "y": -0.1973751038312912,
          "z": 0.31227612495422363
        },
        "tail": {
          "x": 0.6799700856208801,
          "y": -0.19231818616390228,
          "z": 0.2878072261810303
        }
      },
      "world_space": {
        "head": {
          "x": 0.6857837438583374,
          "y": -0.13413110375404358,
          "z": 1.2621301412582397
        },
        "tail": {
          "x": 0.6799700856208801,
          "y": -0.12907418608665466,
          "z": 1.2376612424850464
        },
        "rotation_quaternion": {
          "w": 0.6229977011680603,
          "x": -0.4095405340194702,
          "y": -0.4587344527244568,
          "z": 0.4834388792514801
        },
        "matrix": [
          [
            0.11169857531785965,
            -0.22662335634231567,
            -0.9675562381744385,
            0.6857837438583374
          ],
          [
            0.978103756904602,
            0.1971256136894226,
            0.06674490869045258,
            -0.13413110375404358
          ],
          [
            0.17560625076293945,
            -0.9538320899009705,
            0.2436816692352295,
            1.2621301412582397
          ],
          [
            0.0,
            0.0,
            0.0,
            1.0
          ]
        ]
      },
      "bone_length_armature_space": 0.025653422150183656,
      "parent": "index_01_l",
      "has_children": true,
      "is_end_bone": false
    },
    "index_03_l": {
      "name": "index_03_l",
      "local": {
        "location": {
          "x": 0.0,
          "y": 0.0,
          "z": 0.0
        },
        "rotation_quaternion": {
          "w": 0.9574325084686279,
          "x": 0.2884736955165863,
          "y": -0.00946878269314766,
          "z": -0.004041891545057297
        },
        "scale": {
          "x": 1.0,
          "y": 1.0,
          "z": 1.0
        },
        "matrix_basis": [
          [
            0.9997879862785339,
            0.0022766871843487024,
            -0.020463399589061737,
            0.0
          ],
          [
            -0.01320266630500555,
            0.8335331678390503,
            -0.5523116588592529,
            0.0
          ],
          [
            0.01579948142170906,
            0.5524647235870361,
            0.8333865404129028,
            0.0
          ],
          [
            0.0,
            0.0,
            0.0,
            1.0
          ]
        ],
        "rotation_mode": "QUATERNION"
      },
      "armature_space": {
        "head": {
          "x": 0.6799702048301697,
          "y": -0.19231823086738586,
          "z": 0.2878071963787079
        },
        "tail": {
          "x": 0.6576328277587891,
          "y": -0.18335874378681183,
          "z": 0.2712390422821045
        }
      },
      "world_space": {
        "head": {
          "x": 0.6799702048301697,
          "y": -0.12907423079013824,
          "z": 1.2376612424850464
        },
        "tail": {
          "x": 0.6576328277587891,
          "y": -0.12011474370956421,
          "z": 1.2210930585861206
        },
        "rotation_quaternion": {
          "w": 0.755339503288269,
          "x": -0.15945494174957275,
          "y": -0.2877161204814911,
          "z": 0.5667942762374878
        },
        "matrix": [
          [
            0.19192548096179962,
            -0.7644897699356079,
            -0.6154020428657532,
            0.6799702048301697
          ],
          [
            0.9480000138282776,
            0.30663561820983887,
            -0.08526865392923355,
            -0.12907423079013824
          ],
          [
            0.25389376282691956,
            -0.5670395493507385,
            0.7835930585861206,
            1.2376612424850464
          ],
          [
            0.0,
            0.0,
            0.0,
            1.0
          ]
        ]
      },
      "bone_length_armature_space": 0.029218735898079502,
      "parent": "index_02_l",
      "has_children": false,
      "is_end_bone": true
    },
    "metacarpal_pinky_l": {
      "name": "metacarpal_pinky_l",
      "local": {
        "location": {
          "x": 0.0,
          "y": 0.0,
          "z": 0.0
        },
        "rotation_quaternion": {
          "w": 0.9999526739120483,
          "x": 0.0030224742367863655,
          "y": 0.009194481186568737,
          "z": 0.0010370748350396752
        },
        "scale": {
          "x": 1.0,
          "y": 1.0,
          "z": 1.0
        },
        "matrix_basis": [
          [
            0.9998287558555603,
            -0.002018471248447895,
            0.018394360318779945,
            0.0
          ],
          [
            0.002129631582647562,
            0.999979555606842,
            -0.006025591865181923,
            0.0
          ],
          [
            -0.018381822854280472,
            0.006063733249902725,
            0.999812662601471,
            0.0
          ],
          [
            0.0,
            0.0,
            0.0,
            1.0
          ]
        ],
        "rotation_mode": "QUATERNION"
      },
      "armature_space": {
        "head": {
          "x": 0.5947912931442261,
          "y": -0.15568767488002777,
          "z": 0.4141564965248108
        },
        "tail": {
          "x": 0.6953998804092407,
          "y": -0.15811631083488464,
          "z": 0.38741248846054077
        }
      },
      "world_space": {
        "head": {
          "x": 0.5947912931442261,
          "y": -0.09244367480278015,
          "z": 1.3640105724334717
        },
        "tail": {
          "x": 0.6953998804092407,
          "y": -0.09487231075763702,
          "z": 1.337266445159912
        },
        "rotation_quaternion": {
          "w": 0.5444748997688293,
          "x": 0.29016026854515076,
          "y": 0.4380466043949127,
          "z": -0.6538113355636597
        },
        "matrix": [
          [
            -0.23870666325092316,
            0.9661752581596375,
            0.09759216010570526,
            0.5947912931442261
          ],
          [
            -0.45776236057281494,
            -0.02332289144396782,
            -0.8887687921524048,
            -0.09244367480278015
          ],
          [
            -0.8564366698265076,
            -0.25683096051216125,
            0.44784823060035706,
            1.3640105724334717
          ],
          [
            0.0,
            0.0,
            0.0,
            1.0
          ]
        ]
      },
      "bone_length_armature_space": 0.10413082156103272,
      "parent": "lowerarm_l",
      "has_children": true,
      "is_end_bone": false
    },
    "pinky_01_l": {
      "name": "pinky_01_l",
      "local": {
        "location": {
          "x": 0.0,
          "y": 0.0,
          "z": 0.0
        },
        "rotation_quaternion": {
          "w": 0.927257776260376,
          "x": 0.3740940988063812,
          "y": 0.01521830353885889,
          "z": -0.003880031406879425
        },
        "scale": {
          "x": 1.0,
          "y": 1.0,
          "z": 1.0
        },
        "matrix_basis": [
          [
            0.9995067119598389,
            0.018581733107566833,
            0.02531958743929863,
            0.0
          ],
          [
            0.004190576728433371,
            0.7200770974159241,
            -0.6938813924789429,
            0.0
          ],
          [
            -0.031125573441386223,
            0.6936452388763428,
            0.7196440100669861,
            0.0
          ],
          [
            0.0,
            0.0,
            0.0,
            1.0
          ]
        ],
        "rotation_mode": "QUATERNION"
      },
      "armature_space": {
        "head": {
          "x": 0.6953998804092407,
          "y": -0.15811631083488464,
          "z": 0.38741248846054077
        },
        "tail": {
