{
  "metadata": {
    "armature_name": "KIM_caucasian_male",
    "export_time": "2026-01-13T19:11:44.374642",
    "blender_version": "4.4.1",
    "bone_count": 56,
    "end_bone_count": 13,
    "spaces_included": [
      "LOCAL_CHANNELS",
      "ARMATURE_SPACE",
      "WORLD_SPACE"
    ],
    "note": "LOCAL matches Transform panel; replay pose via local.matrix_basis for best fidelity."
  },
  "bones": {
    "Root": {
      "name": "Root",
      "local": {
        "location": {
          "x": 0.0,
          "y": 0.0,
          "z": 0.0
        },
        "rotation_quaternion": {
          "w": 0.999699592590332,
          "x": 0.018464455381035805,
          "y": -0.005487486254423857,
          "z": -0.01515430212020874
        },
        "scale": {
          "x": 1.0,
          "y": 1.0,
          "z": 1.0
        },
        "matrix_basis": [
          [
            0.9994804859161377,
            0.030096853151917458,
            -0.011531307362020016,
            0.0
          ],
          [
            -0.03050214610993862,
            0.9988588094711304,
            -0.03675149753689766,
            0.0
          ],
          [
            0.010412043891847134,
            0.03708413615822792,
            0.9992579221725464,
            0.0
          ],
          [
            0.0,
            0.0,
            0.0,
            1.0
          ]
        ],
        "rotation_mode": "QUATERNION"
      },
      "armature_space": {
        "head": {
          "x": 0.0,
          "y": 0.07072800397872925,
          "z": -0.009595036506652832
        },
        "tail": {
          "x": 0.00214818911626935,
          "y": -0.00027511268854141235,
          "z": -0.00263385521247983
        }
      },
      "world_space": {
        "head": {
          "x": 0.0,
          "y": 0.13397200405597687,
          "z": 0.9402589797973633
        },
        "tail": {
          "x": 0.00214818911626935,
          "y": 0.06296888738870621,
          "z": 0.9472201466560364
        },
        "rotation_quaternion": {
          "w": 0.04892490804195404,
          "x": 0.9986724257469177,
          "y": 0.014750192873179913,
          "z": -0.006495930720120668
        },
        "matrix": [
          [
            0.9994804859161377,
            0.030096853151917458,
            -0.011531307362020016,
            0.0
          ],
          [
            0.02882559411227703,
            -0.9947775602340698,
            -0.0979120209813118,
            0.13397200405597687
          ],
          [
            -0.014418002218008041,
            0.09752849489450455,
            -0.9951353669166565,
            0.9402589797973633
          ],
          [
            0.0,
            0.0,
            0.0,
            1.0
          ]
        ]
      },
      "bone_length_armature_space": 0.07137587202570767,
      "parent": null,
      "has_children": true,
      "is_end_bone": false
    },
    "spine_01": {
      "name": "spine_01",
      "local": {
        "location": {
          "x": 0.0,
          "y": 0.0,
          "z": 0.0
        },
        "rotation_quaternion": {
          "w": 0.9941078424453735,
          "x": 0.10052027553319931,
          "y": 0.022615984082221985,
          "z": 0.03367441147565842
        },
        "scale": {
          "x": 1.0,
          "y": 1.0,
          "z": 1.0
        },
        "matrix_basis": [
          [
            0.9967091083526611,
            -0.062405262142419815,
            0.051735375076532364,
            0.0
          ],
          [
            0.07149872183799744,
            0.9775234460830688,
            -0.19833283126354218,
            0.0
          ],
          [
            -0.03819553181529045,
            0.20137915015220642,
            0.9787684082984924,
            0.0
          ],
          [
            0.0,
            0.0,
            0.0,
            1.0
          ]
        ],
        "rotation_mode": "QUATERNION"
      },
      "armature_space": {
        "head": {
          "x": 0.00214818911626935,
          "y": -0.00027511268854141235,
          "z": -0.00263385521247983
        },
        "tail": {
          "x": -0.018700802698731422,
          "y": -0.09459919482469559,
          "z": 0.47571393847465515
        }
      },
      "world_space": {
        "head": {
          "x": 0.00214818911626935,
          "y": 0.06296888738870621,
          "z": 0.9472201466560364
        },
        "tail": {
          "x": -0.018700802698731422,
          "y": -0.03135519474744797,
          "z": 1.4255679845809937
        },
        "rotation_quaternion": {
          "w": 0.6350522637367249,
          "x": 0.7712046504020691,
          "y": 0.008072486147284508,
          "z": 0.043440766632556915
        },
        "matrix": [
          [
            0.9960955381393433,
            -0.04272323474287987,
            0.07725600898265839,
            0.00214818911626935
          ],
          [
            0.06762510538101196,
            -0.19328656792640686,
            -0.9788091778755188,
            0.06296888738870621
          ],
          [
            0.05675090104341507,
            0.9802184700965881,
            -0.1896449476480484,
            0.9472201466560364
          ],
          [
            0.0,
            0.0,
            0.0,
            1.0
          ]
        ]
      },
      "bone_length_armature_space": 0.4880044482166587,
      "parent": "Root",
      "has_children": true,
      "is_end_bone": false
    },
    "neck_01": {
      "name": "neck_01",
      "local": {
        "location": {
          "x": 0.0,
          "y": 0.0,
          "z": 0.0
        },
        "rotation_quaternion": {
          "w": 0.9939651489257812,
          "x": 0.039197761565446854,
          "y": 0.08708005398511887,
          "z": 0.05398103967308998
        },
        "scale": {
          "x": 1.0,
          "y": 1.0,
          "z": 1.0
        },
        "matrix_basis": [
          [
            0.9790062308311462,
            -0.10048385709524155,
            0.17734095454216003,
            0.0
          ],
          [
            0.11413723230361938,
            0.9910991787910461,
            -0.06852107495069504,
            0.0
          ],
          [
            -0.16887719929218292,
            0.08732376247644424,
            0.9817612171173096,
            0.0
          ],
          [
            0.0,
            0.0,
            0.0,
            1.0
          ]
        ],
        "rotation_mode": "QUATERNION"
      },
      "armature_space": {
        "head": {
          "x": -0.0191496592015028,
          "y": -0.14269687235355377,
          "z": 0.540907084941864
        },
        "tail": {
          "x": -0.029676608741283417,
          "y": -0.20677858591079712,
          "z": 0.620238184928894
        }
      },
      "world_space": {
        "head": {
          "x": -0.0191496592015028,
          "y": -0.07945287227630615,
          "z": 1.4907610416412354
        },
        "tail": {
          "x": -0.029676608741283417,
          "y": -0.1435345858335495,
          "z": 1.5700922012329102
        },
        "rotation_quaternion": {
          "w": 0.4328354597091675,
          "x": 0.8902139663696289,
          "y": 0.011171634308993816,
          "z": 0.1415906399488449
        },
        "matrix": [
          [
            0.9596548080444336,
            -0.10268056392669678,
            0.2617623209953308,
            -0.0191496592015028
          ],
          [
            0.14246082305908203,
            -0.6250573396682739,
            -0.767469048500061,
            -0.07945287227630615
          ],
          [
            0.24242238700389862,
            0.7738008499145508,
            -0.5852160453796387,
            1.4907610416412354
          ],
          [
            0.0,
            0.0,
            0.0,
            1.0
          ]
        ]
      },
      "bone_length_armature_space": 0.1025217359172229,
      "parent": "spine_01",
      "has_children": true,
      "is_end_bone": false
    },
    "head": {
      "name": "head",
      "local": {
        "location": {
          "x": 0.0,
          "y": 0.0,
          "z": 0.0
        },
        "rotation_quaternion": {
          "w": 0.9871727824211121,
          "x": -0.05847082659602165,
          "y": 0.020428601652383804,
          "z": 0.14715240895748138
        },
        "scale": {
          "x": 1.0,
          "y": 1.0,
          "z": 1.0
        },
        "matrix_basis": [
          [
            0.9558576941490173,
            -0.2929186522960663,
            0.023124873638153076,
            0.0
          ],
          [
            0.28814074397087097,
            0.9498546719551086,
            0.12145385146141052,
            0.0
          ],
          [
            -0.057541366666555405,
            -0.10942938178777695,
            0.9923276901245117,
            0.0
          ],
          [
            0.0,
            0.0,
            0.0,
            1.0
          ]
        ],
        "rotation_mode": "QUATERNION"
      },
      "armature_space": {
        "head": {
          "x": -0.029676560312509537,
          "y": -0.2067786604166031,
          "z": 0.6202380061149597
        },
        "tail": {
          "x": -0.10489039123058319,
          "y": -0.24212118983268738,
          "z": 0.7511845827102661
        }
      },
      "world_space": {
        "head": {
          "x": -0.029676560312509537,
          "y": -0.14353466033935547,
          "z": 1.570091962814331
        },
        "tail": {
          "x": -0.10489039123058319,
          "y": -0.17887718975543976,
          "z": 1.7010385990142822
        },
        "rotation_quaternion": {
          "w": 0.6077480912208557,
          "x": 0.7457505464553833,
          "y": -0.1292312890291214,
          "z": 0.24041171371936798
        },
        "matrix": [
          [
            0.8510034084320068,
            -0.4849682152271271,
            0.2014923095703125,
            -0.029676560312509537
          ],
          [
            0.09946851432323456,
            -0.22788366675376892,
            -0.9685946702957153,
            -0.14353466033935547
          ],
          [
            0.5156579613685608,
            0.8443251848220825,
            -0.1456926167011261,
            1.570091962814331
          ],
          [
            0.0,
            0.0,
            0.0,
            1.0
          ]
        ]
      },
      "bone_length_armature_space": 0.15509101172444262,
      "parent": "neck_01",
      "has_children": false,
      "is_end_bone": true
    },
    "upperarm_l": {
      "name": "upperarm_l",
      "local": {
        "location": {
          "x": 0.0,
          "y": 0.0,
          "z": 0.0
        },
        "rotation_quaternion": {
          "w": 0.9158365726470947,
          "x": -0.2167324274778366,
          "y": 0.23929309844970703,
          "z": -0.2387659251689911
        },
        "scale": {
          "x": 1.0,
          "y": 1.0,
          "z": 1.0
        },
        "matrix_basis": [
          [
            0.7714592814445496,
            0.3336159884929657,
            0.5418033599853516,
            0.0
          ],
          [
            -0.5410662889480591,
            0.7920357584953308,
            0.2827128767967224,
            0.0
          ],
          [
            -0.3348101079463959,
            -0.5112530589103699,
            0.7915317416191101,
            0.0
          ],
          [
            0.0,
            0.0,
            0.0,
            1.0
          ]
        ],
        "rotation_mode": "QUATERNION"
      },
      "armature_space": {
        "head": {
          "x": 0.1333823800086975,
          "y": -0.1226842999458313,
          "z": 0.48293665051460266
        },
        "tail": {
          "x": 0.3297681510448456,
          "y": 0.05285339057445526,
          "z": 0.4336741864681244
        }
      },
      "world_space": {
        "head": {
          "x": 0.1333823800086975,
          "y": -0.05944029986858368,
          "z": 1.4327906370162964
        },
        "tail": {
          "x": 0.3297681510448456,
          "y": 0.11609739065170288,
          "z": 1.383528232574463
        },
        "rotation_quaternion": {
          "w": 0.31945863366127014,
          "x": 0.3416726887226105,
          "y": 0.8517510294914246,
          "z": -0.23606398701667786
        },
        "matrix": [
          [
            -0.5624115467071533,
            0.7328663468360901,
            0.38288414478302,
            0.1333823800086975
          ],
          [
            0.4312152564525604,
            0.6550661325454712,
            -0.6204370260238647,
            -0.05944029986858368
          ],
          [
            -0.7055162191390991,
            -0.18383608758449554,
            -0.6844451427459717,
            1.4327906370162964
          ],
          [
            0.0,
            0.0,
            0.0,
            1.0
          ]
        ]
      },
      "bone_length_armature_space": 0.26796948264956066,
      "parent": "spine_01",
      "has_children": true,
      "is_end_bone": false
    },
    "lowerarm_l": {
      "name": "lowerarm_l",
      "local": {
        "location": {
          "x": 0.0,
          "y": 0.0,
          "z": 0.0
        },
        "rotation_quaternion": {
          "w": 0.9716249704360962,
          "x": 0.12189085781574249,
          "y": 0.0793556198477745,
          "z": -0.18652155995368958
        },
        "scale": {
          "x": 1.0,
          "y": 1.0,
          "z": 1.0
        },
        "matrix_basis": [
          [
            0.9178248047828674,
            0.3818034529685974,
            0.10873726010322571,
            0.0
          ],
          [
            -0.3431125581264496,
            0.9007046818733215,
            -0.26646748185157776,
            0.0
          ],
          [
            -0.19967834651470184,
            0.2072613388299942,
            0.9576905965805054,
            0.0
          ],
          [
            0.0,
            0.0,
            0.0,
            1.0
          ]
        ],
        "rotation_mode": "QUATERNION"
      },
      "armature_space": {
        "head": {
          "x": 0.3297683000564575,
          "y": 0.05285337567329407,
          "z": 0.43367424607276917
        },
        "tail": {
          "x": 0.4979889690876007,
          "y": 0.18101976811885834,
          "z": 0.26983022689819336
        }
      },
      "world_space": {
        "head": {
          "x": 0.3297683000564575,
          "y": 0.11609737575054169,
          "z": 1.383528232574463
        },
        "tail": {
          "x": 0.4979889690876007,
          "y": 0.24426376819610596,
          "z": 1.2196842432022095
        },
        "rotation_quaternion": {
          "w": 0.18983593583106995,
          "x": 0.27797430753707886,
          "y": 0.8387515544891357,
          "z": -0.42800524830818176
        },
        "matrix": [
          [
            -0.7733849883079529,
            0.6288047432899475,
            0.0804997980594635,
            0.3297683000564575
          ],
          [
            0.3038029074668884,
            0.4790828824043274,
            -0.8235190510749817,
            0.11609737575054169
          ],
          [
            -0.556402325630188,
            -0.6124449372291565,
            -0.561552882194519,
            1.383528232574463
          ],
          [
            0.0,
            0.0,
            0.0,
            1.0
          ]
        ]
      },
      "bone_length_armature_space": 0.2675251038082268,
      "parent": "upperarm_l",
      "has_children": true,
      "is_end_bone": false
    },
    "metacarpal_thumb_l": {
      "name": "metacarpal_thumb_l",
      "local": {
        "location": {
          "x": 0.0,
          "y": 0.0,
          "z": 0.0
        },
        "rotation_quaternion": {
          "w": 0.9981958866119385,
          "x": -0.05962149053812027,
          "y": 0.006345318630337715,
          "z": -0.0031735124066472054
        },
        "scale": {
          "x": 1.0,
          "y": 1.0,
          "z": 1.0
        },
        "matrix_basis": [
          [
            0.9998993277549744,
            0.005578939337283373,
            0.013046161271631718,
            0.0
          ],
          [
            -0.007092208601534367,
            0.9928703904151917,
            0.11898758262395859,
            0.0
          ],
          [
            -0.012289322912693024,
            -0.11906812340021133,
            0.9928100109100342,
            0.0
          ],
          [
            0.0,
            0.0,
            0.0,
            1.0
          ]
        ],
        "rotation_mode": "QUATERNION"
      },
      "armature_space": {
        "head": {
          "x": 0.4979889690876007,
          "y": 0.18101976811885834,
          "z": 0.26983022689819336
        },
        "tail": {
          "x": 0.5230122804641724,
          "y": 0.17728681862354279,
          "z": 0.22724491357803345
        }
      },
      "world_space": {
        "head": {
          "x": 0.4979889690876007,
          "y": 0.24426376819610596,
          "z": 1.2196842432022095
        },
        "tail": {
          "x": 0.5230122804641724,
          "y": 0.2405308187007904,
          "z": 1.1770989894866943
        },
        "rotation_quaternion": {
          "w": 0.4111454486846924,
          "x": -0.6781569719314575,
          "y": -0.5415514707565308,
          "z": 0.27889883518218994
        },
        "matrix": [
          [
            0.25787174701690674,
            0.5051776170730591,
            -0.8235882520675659,
            0.4979889690876007
          ],
          [
            0.963850736618042,
            -0.07536181807518005,
            0.2555631995201111,
            0.24426376819610596
          ],
          [
            0.06703917682170868,
            -0.8597245812416077,
            -0.5063528418540955,
            1.2196842432022095
          ],
          [
            0.0,
            0.0,
            0.0,
            1.0
          ]
        ]
      },
      "bone_length_armature_space": 0.049533927261552826,
      "parent": "lowerarm_l",
      "has_children": true,
      "is_end_bone": false
    },
    "thumb_01_l": {
      "name": "thumb_01_l",
      "local": {
        "location": {
          "x": 0.0,
          "y": 0.0,
          "z": 0.0
        },
        "rotation_quaternion": {
          "w": 0.9774731397628784,
          "x": 0.2108791470527649,
          "y": -0.001980771776288748,
          "z": -0.00850992277264595
        },
        "scale": {
          "x": 1.0,
          "y": 1.0,
          "z": 1.0
        },
        "matrix_basis": [
          [
            0.9998472929000854,
            0.01580103486776352,
            -0.007461432833224535,
            0.0
          ],
          [
            -0.01747184805572033,
            0.9109151363372803,
            -0.4122236967086792,
            0.0
          ],
          [
            0.00028317191754467785,
            0.41229110956192017,
            0.9110521078109741,
            0.0
          ],
          [
            0.0,
            0.0,
            0.0,
            1.0
          ]
        ],
        "rotation_mode": "QUATERNION"
      },
      "armature_space": {
        "head": {
          "x": 0.5230122804641724,
          "y": 0.17728681862354279,
          "z": 0.22724491357803345
        },
        "tail": {
          "x": 0.5171222686767578,
          "y": 0.19152985513210297,
          "z": 0.19689559936523438
        }
      },
      "world_space": {
        "head": {
          "x": 0.5230122804641724,
          "y": 0.2405308187007904,
          "z": 1.1770989894866943
        },
        "tail": {
          "x": 0.5171222686767578,
          "y": 0.2547738552093506,
          "z": 1.1467496156692505
        },
        "rotation_quaternion": {
          "w": 0.8211010694503784,
          "x": -0.538958728313446,
          "y": 0.1871149241924286,
          "z": -0.01744961179792881
        },
        "matrix": [
          [
            0.9293673038482666,
            -0.17303860187530518,
            0.3260888159275055,
            0.5230122804641724
          ],
          [
            -0.23034939169883728,
            0.41843804717063904,
            0.8785493969917297,
            0.2405308187007904
          ],
          [
            -0.2884729206562042,
            -0.8916152119636536,
            0.3490265905857086,
            1.1770989894866943
          ],
          [
            0.0,
            0.0,
            0.0,
            1.0
          ]
        ]
      },
      "bone_length_armature_space": 0.034038760342625166,
      "parent": "metacarpal_thumb_l",
      "has_children": true,
      "is_end_bone": false
    },
    "thumb_02_l": {
      "name": "thumb_02_l",
      "local": {
        "location": {
          "x": 0.0,
          "y": 0.0,
          "z": 0.0
        },
        "rotation_quaternion": {
          "w": 0.9304779767990112,
          "x": 0.36630693078041077,
          "y": -0.005041221622377634,
          "z": -0.0021680088248103857
        },
        "scale": {
          "x": 1.0,
          "y": 1.0,
          "z": 1.0
        },
        "matrix_basis": [
          [
            0.9999397993087769,
            0.0003413000958971679,
            -0.010969804599881172,
            0.0
          ],
          [
            -0.007727837655693293,
            0.7316290736198425,
            -0.6816592216491699,
            0.0
          ],
          [
            0.007793177850544453,
            0.6817029118537903,
            0.7315876483917236,
            0.0
          ],
          [
            0.0,
            0.0,
            0.0,
            1.0
          ]
        ],
        "rotation_mode": "QUATERNION"
      },
      "armature_space": {
        "head": {
          "x": 0.5171222686767578,
          "y": 0.19152981042861938,
          "z": 0.19689561426639557
        },
        "tail": {
          "x": 0.5524072647094727,
          "y": 0.2072487622499466,
          "z": 0.2078985571861267
        }
      },
      "world_space": {
        "head": {
          "x": 0.5171222686767578,
          "y": 0.2547737956047058,
          "z": 1.1467496156692505
        },
        "tail": {
          "x": 0.5524072647094727,
          "y": 0.2704927623271942,
          "z": 1.157752513885498
        },
        "rotation_quaternion": {
          "w": 0.8303517699241638,
          "x": 0.21319924294948578,
          "y": 0.07873276621103287,
          "z": -0.5087860226631165
        },
        "matrix": [
          [
            0.46987539529800415,
            0.8785144090652466,
            -0.08619555830955505,
            0.5171222686767578
          ],
          [
            -0.8113722801208496,
            0.391365110874176,
            -0.4341760575771332,
            0.2547737956047058
          ],
          [
            -0.34769904613494873,
            0.27394774556159973,
            0.8967006206512451,
            1.1467496156692505
          ],
          [
            0.0,
            0.0,
            0.0,
            1.0
          ]
        ]
      },
      "bone_length_armature_space": 0.040164425698252085,
      "parent": "thumb_01_l",
      "has_children": true,
      "is_end_bone": false
    },
    "thumb_03_l": {
      "name": "thumb_03_l",
      "local": {
        "location": {
          "x": 0.0,
          "y": 0.0,
          "z": 0.0
        },
        "rotation_quaternion": {
          "w": 0.9798673391342163,
          "x": 0.19950103759765625,
          "y": 0.0033762496896088123,
          "z": -0.006941423285752535
        },
        "scale": {
          "x": 1.0,
          "y": 1.0,
          "z": 1.0
        },
        "matrix_basis": [
          [
            0.999880850315094,
            0.014950478449463844,
            0.003846911247819662,
            0.0
          ],
          [
            -0.012256217189133167,
            0.9203023314476013,
            -0.3910159766674042,
            0.0
          ],
          [
            -0.009386195801198483,
            0.3909222185611725,
            0.9203758835792542,
            0.0
          ],
          [
            0.0,
            0.0,
            0.0,
            1.0
          ]
        ],
        "rotation_mode": "QUATERNION"
      },
      "armature_space": {
        "head": {
          "x": 0.5524072647094727,
          "y": 0.207248717546463,
          "z": 0.20789846777915955
        },
        "tail": {
          "x": 0.5725280046463013,
          "y": 0.20851804316043854,
          "z": 0.23071172833442688
        }
      },
      "world_space": {
        "head": {
          "x": 0.5524072647094727,
          "y": 0.2704927325248718,
          "z": 1.157752513885498
        },
        "tail": {
          "x": 0.5725280046463013,
          "y": 0.27176204323768616,
          "z": 1.1805657148361206
        },
        "rotation_quaternion": {
          "w": 0.7177625298500061,
          "x": 0.5640554428100586,
          "y": 0.07525544613599777,
          "z": -0.40124186873435974
        },
        "matrix": [
          [
            0.6666815876960754,
            0.6608896851539612,
            -0.3446166515350342,
            0.5524072647094727
          ],
          [
            -0.4910995364189148,
            0.04169267416000366,
            -0.870105504989624,
            0.2704927325248718
          ],
          [
            -0.5606797933578491,
            0.7493295669555664,
            0.3523597717285156,
            1.157752513885498
          ],
          [
            0.0,
            0.0,
            0.0,
            1.0
          ]
        ]
      },
      "bone_length_armature_space": 0.030445036492163114,
      "parent": "thumb_02_l",
      "has_children": false,
      "is_end_bone": true
    },
    "metacarpal_index_l": {
      "name": "metacarpal_index_l",
      "local": {
        "location": {
          "x": 0.0,
          "y": 0.0,
          "z": 0.0
        },
        "rotation_quaternion": {
          "w": 0.9988193511962891,
          "x": -0.04831535741686821,
          "y": -0.004349967464804649,
          "z": -0.0026180080603808165
        },
        "scale": {
          "x": 1.0,
          "y": 1.0,
          "z": 1.0
        },
        "matrix_basis": [
          [
            0.9999484419822693,
            0.005650174804031849,
            -0.008436683565378189,
            0.0
          ],
          [
            -0.004809493664652109,
            0.9953175187110901,
            0.09653940796852112,
            0.0
          ],
          [
            0.00894264318048954,
            -0.09649385511875153,
            0.995293378829956,
            0.0
          ],
          [
            0.0,
            0.0,
            0.0,
            1.0
          ]
        ],
        "rotation_mode": "QUATERNION"
      },
      "armature_space": {
        "head": {
          "x": 0.4979889690876007,
          "y": 0.18101976811885834,
          "z": 0.26983022689819336
        },
        "tail": {
          "x": 0.5739239454269409,
          "y": 0.21071144938468933,
          "z": 0.18567800521850586
        }
      },
      "world_space": {
        "head": {
          "x": 0.4979889690876007,
          "y": 0.24426376819610596,
          "z": 1.2196842432022095
        },
        "tail": {
          "x": 0.5739239454269409,
          "y": 0.27395546436309814,
          "z": 1.135532021522522
        },
        "rotation_quaternion": {
          "w": 0.20757468044757843,
          "x": -0.5139328241348267,
          "y": -0.7639469504356384,
          "z": 0.3304104506969452
        },
        "matrix": [
          [
            -0.38556981086730957,
            0.648065447807312,
            -0.6567702293395996,
            0.4979889690876007
          ],
          [
            0.9224053621292114,
            0.25340309739112854,
            -0.29147136211395264,
            0.24426376819610596
          ],
          [
            -0.022464241832494736,
            -0.7181954979896545,
            -0.6954886317253113,
            1.2196842432022095
          ],
          [
            0.0,
            0.0,
            0.0,
            1.0
          ]
        ]
      },
      "bone_length_armature_space": 0.11717215055036707,
      "parent": "lowerarm_l",
      "has_children": true,
      "is_end_bone": false
    },
    "index_01_l": {
      "name": "index_01_l",
      "local": {
        "location": {
          "x": 0.0,
          "y": 0.0,
          "z": 0.0
        },
        "rotation_quaternion": {
          "w": 0.9743605852127075,
          "x": 0.22414609789848328,
          "y": -0.018087252974510193,
          "z": -0.007265493739396334
        },
        "scale": {
          "x": 1.0,
          "y": 1.0,
          "z": 1.0
        },
        "matrix_basis": [
          [
            0.9992401003837585,
            0.0060500469990074635,
            -0.03850407525897026,
            0.0
          ],
          [
            -0.022266795858740807,
            0.8994114995002747,
            -0.43653541803359985,
            0.0
          ],
          [
            0.03198994696140289,
            0.437061071395874,
            0.8988627791404724,
            0.0
          ],
          [
            0.0,
            0.0,
            0.0,
            1.0
          ]
        ],
        "rotation_mode": "QUATERNION"
      },
      "armature_space": {
        "head": {
          "x": 0.5739239454269409,
          "y": 0.21071144938468933,
          "z": 0.18567800521850586
        },
        "tail": {
          "x": 0.5807090401649475,
          "y": 0.2234487533569336,
          "z": 0.161085307598114
        }
      },
      "world_space": {
        "head": {
          "x": 0.5739239454269409,
          "y": 0.27395546436309814,
          "z": 1.135532021522522
        },
        "tail": {
          "x": 0.5807090401649475,
          "y": 0.28669273853302,
          "z": 1.1109392642974854
        },
        "rotation_quaternion": {
          "w": 0.30898505449295044,
          "x": -0.3145354092121124,
          "y": -0.7923871278762817,
          "z": 0.4215667247772217
        },
        "matrix": [
          [
            -0.6111911535263062,
            0.23795297741889954,
            -0.7548667192459106,
            0.5739239454269409
          ],
          [
            0.758983850479126,
            0.4466976821422577,
            -0.47371408343315125,
            0.27395546436309814
          ],
          [
            0.22447776794433594,
            -0.8624669313430786,
            -0.4536237120628357,
            1.135532021522522
          ],
          [
            0.0,
            0.0,
            0.0,
            1.0
          ]
        ]
      },
      "bone_length_armature_space": 0.028514508337678386,
      "parent": "metacarpal_index_l",
      "has_children": true,
      "is_end_bone": false
    },
    "index_02_l": {
      "name": "index_02_l",
      "local": {
        "location": {
          "x": 0.0,
          "y": 0.0,
          "z": 0.0
        },
        "rotation_quaternion": {
          "w": 0.9235371947288513,
          "x": 0.3834235668182373,
          "y": 0.008073283359408379,
          "z": 0.0006176310707814991
        },
        "scale": {
          "x": 1.0,
          "y": 1.0,
          "z": 1.0
        },
        "matrix_basis": [
          [
            0.9998688697814941,
            0.0050501637160778046,
            0.015385583974421024,
            0.0
          ],
          [
            0.007331784814596176,
            0.7059719562530518,
            -0.7082018852233887,
            0.0
          ],
          [
            -0.014438326470553875,
            0.7082218527793884,
            0.7058423757553101,
            0.0
          ],
          [
            0.0,
            0.0,
            0.0,
            1.0
          ]
        ],
        "rotation_mode": "QUATERNION"
      },
      "armature_space": {
        "head": {
          "x": 0.5807090401649475,
          "y": 0.22344858944416046,
          "z": 0.16108477115631104
        },
        "tail": {
          "x": 0.572257399559021,
          "y": 0.2231653779745102,
          "z": 0.13686518371105194
        }
      },
      "world_space": {
        "head": {
          "x": 0.5807090401649475,
          "y": 0.2866925895214081,
          "z": 1.1109387874603271
        },
        "tail": {
          "x": 0.572257399559021,
          "y": 0.2864093780517578,
          "z": 1.0867191553115845
        },
        "rotation_quaternion": {
          "w": 0.3809323310852051,
          "x": -0.16674822568893433,
          "y": -0.5910757184028625,
          "z": 0.6911694407463074
        },
        "matrix": [
          [
            -0.6541696190834045,
            -0.3294558525085449,
            -0.6808237433433533,
            0.5807090401649475
          ],
          [
            0.7237009406089783,
            -0.011039942502975464,
            -0.6900256872177124,
            0.2866925895214081
          ],
          [
            0.21981891989707947,
            -0.94411301612854,
            0.24565041065216064,
            1.1109387874603271
          ],
          [
            0.0,
            0.0,
            0.0,
            1.0
          ]
        ]
      },
      "bone_length_armature_space": 0.02565343719007152,
      "parent": "index_01_l",
      "has_children": true,
      "is_end_bone": false
    },
    "index_03_l": {
      "name": "index_03_l",
      "local": {
        "location": {
          "x": 0.0,
          "y": 0.0,
          "z": 0.0
        },
        "rotation_quaternion": {
          "w": 0.9678418040275574,
          "x": 0.2514127194881439,
          "y": 0.0006523977499455214,
          "z": -0.008575153537094593
        },
        "scale": {
          "x": 1.0,
          "y": 1.0,
          "z": 1.0
        },
        "matrix_basis": [
          [
            0.9998520612716675,
            0.016926826909184456,
            -0.003048969665542245,
            0.0
          ],
          [
            -0.016270741820335388,
            0.8734362125396729,
            -0.4866666793823242,
            0.0
          ],
          [
            -0.005574640817940235,
            0.48664429783821106,
            0.8735824227333069,
            0.0
          ],
          [
            0.0,
            0.0,
            0.0,
            1.0
          ]
        ],
        "rotation_mode": "QUATERNION"
      },
      "armature_space": {
        "head": {
          "x": 0.5722575783729553,
          "y": 0.22316546738147736,
          "z": 0.13686516880989075
        },
        "tail": {
          "x": 0.5507920384407043,
          "y": 0.21435241401195526,
          "z": 0.11910858750343323
        }
      },
      "world_space": {
        "head": {
          "x": 0.5722575783729553,
          "y": 0.286409467458725,
          "z": 1.0867191553115845
        },
        "tail": {
          "x": 0.5507920384407043,
          "y": 0.2775964140892029,
          "z": 1.068962574005127
        },
        "rotation_quaternion": {
          "w": 0.46822860836982727,
          "x": -0.028230275958776474,
          "y": -0.3604851961135864,
          "z": 0.8062354922294617
        },
        "matrix": [
          [
            -0.5599286556243896,
            -0.7346517443656921,
            -0.3831014037132263,
            0.5722575783729553
          ],
          [
            0.7753598690032959,
            -0.3016240894794464,
            -0.5548334121704102,
            0.286409467458725
          ],
          [
            0.29205942153930664,
            -0.6077131628990173,
            0.7385119795799255,
            1.0867191553115845
          ],
          [
            0.0,
            0.0,
            0.0,
            1.0
          ]
        ]
      },
      "bone_length_armature_space": 0.029218752208678714,
      "parent": "index_02_l",
      "has_children": false,
      "is_end_bone": true
    },
    "metacarpal_pinky_l": {
      "name": "metacarpal_pinky_l",
      "local": {
        "location": {
          "x": 0.0,
          "y": 0.0,
          "z": 0.0
        },
        "rotation_quaternion": {
          "w": 0.9998140931129456,
          "x": -0.012120281346142292,
          "y": -0.002852009143680334,
          "z": -0.014721686020493507
        },
        "scale": {
          "x": 1.0,
          "y": 1.0,
          "z": 1.0
        },
        "matrix_basis": [
          [
            0.9995502829551697,
            0.02950703352689743,
            -0.005346096120774746,
            0.0
          ],
          [
            -0.02936876378953457,
            0.9992727637290955,
            0.024320028722286224,
            0.0
          ],
          [
            0.006059819832444191,
            -0.024152083322405815,
            0.9996899366378784,
            0.0
          ],
          [
            0.0,
            0.0,
            0.0,
            1.0
          ]
        ],
        "rotation_mode": "QUATERNION"
      },
      "armature_space": {
        "head": {
          "x": 0.4979889690876007,
          "y": 0.18101976811885834,
          "z": 0.26983022689819336
        },
        "tail": {
          "x": 0.5554454922676086,
          "y": 0.25422149896621704,
          "z": 0.22310233116149902
        }
      },
      "world_space": {
        "head": {
          "x": 0.4979889690876007,
          "y": 0.24426376819610596,
          "z": 1.2196842432022095
        },
        "tail": {
          "x": 0.5554454922676086,
          "y": 0.31746548414230347,
          "z": 1.1729563474655151
        },
        "rotation_quaternion": {
          "w": 0.7202800512313843,
          "x": -0.0029141558334231377,
          "y": 0.5767903923988342,
          "z": -0.38535839319229126
        },
        "matrix": [
          [
            0.03762286901473999,
            0.5517725944519043,
            0.8331456184387207,
            0.4979889690876007
          ],
          [
            -0.5584943294525146,
            0.7029790878295898,
            -0.44034624099731445,
            0.24426376819610596
          ],
          [
            -0.8286610841751099,
            -0.44874247908592224,
            0.33461180329322815,
            1.2196842432022095
          ],
          [
            0.0,
            0.0,
            0.0,
            1.0
          ]
        ]
      },
      "bone_length_armature_space": 0.10413088792530231,
      "parent": "lowerarm_l",
      "has_children": true,
      "is_end_bone": false
    },
    "pinky_01_l": {
      "name": "pinky_01_l",
      "local": {
        "location": {
          "x": 0.0,
          "y": 0.0,
          "z": 0.0
        },
        "rotation_quaternion": {
          "w": 0.9481801986694336,
          "x": 0.3176499903202057,
          "y": -0.0068825590424239635,
          "z": -0.002348477952182293
        },
        "scale": {
          "x": 1.0,
          "y": 1.0,
          "z": 1.0
        },
        "matrix_basis": [
          [
            0.9998942017555237,
            8.107095345621929e-05,
            -0.014543800614774227,
            0.0
          ],
          [
            -0.008826049976050854,
            0.7981859445571899,
            -0.6023465394973755,
            0.0
          ],
          [
            0.011559824459254742,
            0.6024112105369568,
            0.7981022000312805,
            0.0
          ],
          [
            0.0,
            0.0,
            0.0,
            1.0
          ]
        ],
        "rotation_mode": "QUATERNION"
      },
      "armature_space": {
        "head": {
          "x": 0.5554454922676086,
          "y": 0.25422149896621704,
          "z": 0.22310233116149902
        },
        "tail": {
          "x": 0.5539092421531677,
