{
  "metadata": {
    "armature_name": "KIM_caucasian_male",
    "export_time": "2026-01-13T21:02:27.955305",
    "blender_version": "4.4.1",
    "bone_count": 56,
    "end_bone_count": 13,
    "spaces_included": [
      "LOCAL_CHANNELS",
      "ARMATURE_SPACE",
      "WORLD_SPACE"
    ],
    "note": "LOCAL matches Transform panel; replay pose via local.matrix_basis for best fidelity."
  },
  "bones": {
    "Root": {
      "name": "Root",
      "local": {
        "location": {
          "x": 0.0,
          "y": 0.0,
          "z": 0.0
        },
        "rotation_quaternion": {
          "w": 0.9997888803482056,
          "x": 0.0007355328416451812,
          "y": 0.012148233130574226,
          "z": -0.01655399240553379
        },
        "scale": {
          "x": 1.0,
          "y": 1.0,
          "z": 1.0
        },
        "matrix_basis": [
          [
            0.9991567730903625,
            0.03311886638402939,
            0.024266984313726425,
            0.0
          ],
          [
            -0.033083125948905945,
            0.9994508624076843,
            -0.0018729586154222488,
            0.0
          ],
          [
            -0.024315688759088516,
            0.0010685515590012074,
            0.9997037649154663,
            0.0
          ],
          [
            0.0,
            0.0,
            0.0,
            1.0
          ]
        ],
        "rotation_mode": "QUATERNION"
      },
      "armature_space": {
        "head": {
          "x": 0.0,
          "y": 0.07072800397872925,
          "z": -0.009595036506652832
        },
        "tail": {
          "x": 0.0023638878483325243,
          "y": 2.858787775039673e-05,
          "z": -8.084625005722046e-05
        }
      },
      "world_space": {
        "head": {
          "x": 0.0,
          "y": 0.13397200405597687,
          "z": 0.9402589797973633
        },
        "tail": {
          "x": 0.0023638878483325243,
          "y": 0.06327258795499802,
          "z": 0.9497731924057007
        },
        "rotation_quaternion": {
          "w": 0.06661958992481232,
          "x": 0.9975672364234924,
          "y": 0.017334789037704468,
          "z": 0.011005428619682789
        },
        "matrix": [
          [
            0.9991567730903625,
            0.03311886638402939,
            0.024266984313726425,
            0.0
          ],
          [
            0.036051589995622635,
            -0.9905226826667786,
            -0.13253392279148102,
            0.13397200405597687
          ],
          [
            0.01964779570698738,
            0.13329701125621796,
            -0.9908884167671204,
            0.9402589797973633
          ],
          [
            0.0,
            0.0,
            0.0,
            1.0
          ]
        ]
      },
      "bone_length_armature_space": 0.07137587204482115,
      "parent": null,
      "has_children": true,
      "is_end_bone": false
    },
    "spine_01": {
      "name": "spine_01",
      "local": {
        "location": {
          "x": 0.0,
          "y": 0.0,
          "z": 0.0
        },
        "rotation_quaternion": {
          "w": 0.9981481432914734,
          "x": 0.00457377266138792,
          "y": 0.004145959857851267,
          "z": 0.06051641330122948
        },
        "scale": {
          "x": 1.0,
          "y": 1.0,
          "z": 1.0
        },
        "matrix_basis": [
          [
            0.9926411509513855,
            -0.12077076733112335,
            0.00883014127612114,
            0.0
          ],
          [
            0.12084661424160004,
            0.9926337003707886,
            -0.008628807961940765,
            0.0
          ],
          [
            -0.0077229877933859825,
            0.009632403030991554,
            0.9999237656593323,
            0.0
          ],
          [
            0.0,
            0.0,
            0.0,
            1.0
          ]
        ],
        "rotation_mode": "QUATERNION"
      },
      "armature_space": {
        "head": {
          "x": 0.0023638878483325243,
          "y": 2.858787775039673e-05,
          "z": -8.084625005722046e-05
        },
        "tail": {
          "x": -0.06665581464767456,
          "y": 0.014953555539250374,
          "z": 0.48278772830963135
        }
      },
      "world_space": {
        "head": {
          "x": 0.0023638878483325243,
          "y": 0.06327258795499802,
          "z": 0.9497731924057007
        },
        "tail": {
          "x": -0.06665581464767456,
          "y": 0.07819755375385284,
          "z": 1.4326417446136475
        },
        "rotation_quaternion": {
          "w": 0.7170620560646057,
          "x": 0.6930396556854248,
          "y": -0.03337249532341957,
          "z": 0.06636563688516617
        },
        "matrix": [
          [
            0.9889637231826782,
            -0.1414334625005722,
            0.044128675013780594,
            0.0023638878483325243
          ],
          [
            0.048920661211013794,
            0.030583873391151428,
            -0.9983343482017517,
            0.06327258795499802
          ],
          [
            0.13984929025173187,
            0.9894822835922241,
            0.03716469556093216,
            0.9497731924057007
          ],
          [
            0.0,
            0.0,
            0.0,
            1.0
          ]
        ]
      },
      "bone_length_armature_space": 0.48800464615664485,
      "parent": "Root",
      "has_children": true,
      "is_end_bone": false
    },
    "neck_01": {
      "name": "neck_01",
      "local": {
        "location": {
          "x": 0.0,
          "y": 0.0,
          "z": 0.0
        },
        "rotation_quaternion": {
          "w": 0.9922866225242615,
          "x": 0.028124066069722176,
          "y": -0.0577060803771019,
          "z": 0.1060485765337944
        },
        "scale": {
          "x": 1.0,
          "y": 1.0,
          "z": 1.0
        },
        "matrix_basis": [
          [
            0.9708474278450012,
            -0.21370702981948853,
            -0.10855691134929657,
            0.0
          ],
          [
            0.2072153091430664,
            0.9759254455566406,
            -0.06805356591939926,
            0.0
          ],
          [
            0.12048697471618652,
            0.043574973940849304,
            0.9917581081390381,
            0.0
          ],
          [
            0.0,
            0.0,
            0.0,
            1.0
          ]
        ],
        "rotation_mode": "QUATERNION"
      },
      "armature_space": {
        "head": {
          "x": -0.07548095285892487,
          "y": -0.017429817467927933,
          "z": 0.5565249919891357
        },
        "tail": {
          "x": -0.1081501692533493,
          "y": -0.057760149240493774,
          "z": 0.6449383497238159
        }
      },
      "world_space": {
        "head": {
          "x": -0.07548095285892487,
          "y": 0.04581418260931969,
          "z": 1.5063790082931519
        },
        "tail": {
          "x": -0.1081501692533493,
          "y": 0.005483850836753845,
          "z": 1.594792366027832
        },
        "rotation_quaternion": {
          "w": 0.5331834554672241,
          "x": 0.8304429054260254,
          "y": -0.137923464179039,
          "z": 0.08400697261095047
        },
        "matrix": [
          [
            0.9478398561477661,
            -0.31865769624710083,
            -0.007552444934844971,
            -0.07548095285892487
          ],
          [
            -0.13949427008628845,
            -0.39338475465774536,
            -0.9087299108505249,
            0.04581418260931969
          ],
          [
            0.2866046130657196,
            0.8623895049095154,
            -0.41732048988342285,
            1.5063790082931519
          ],
          [
            0.0,
            0.0,
            0.0,
            1.0
          ]
        ]
      },
      "bone_length_armature_space": 0.10252187732465634,
      "parent": "spine_01",
      "has_children": true,
      "is_end_bone": false
    },
    "head": {
      "name": "head",
      "local": {
        "location": {
          "x": 0.0,
          "y": 0.0,
          "z": 0.0
        },
        "rotation_quaternion": {
          "w": 0.9757229685783386,
          "x": -0.047051288187503815,
          "y": 0.08636787533760071,
          "z": -0.1956823468208313
        },
        "scale": {
          "x": 1.0,
          "y": 1.0,
          "z": 1.0
        },
        "matrix_basis": [
          [
            0.9084979891777039,
            0.37373608350753784,
            0.18695645034313202,
            0.0
          ],
          [
            -0.3899909555912018,
            0.9189891815185547,
            0.05801670625805855,
            0.0
          ],
          [
            -0.15012802183628082,
            -0.12561938166618347,
            0.9806535243988037,
            0.0
          ],
          [
            0.0,
            0.0,
            0.0,
            1.0
          ]
        ],
        "rotation_mode": "QUATERNION"
      },
      "armature_space": {
        "head": {
          "x": -0.10815013945102692,
          "y": -0.05776026099920273,
          "z": 0.6449381709098816
        },
        "tail": {
          "x": -0.09284757077693939,
          "y": -0.05219333618879318,
          "z": 0.7991722822189331
        }
      },
      "world_space": {
        "head": {
          "x": -0.10815013945102692,
          "y": 0.005483739078044891,
          "z": 1.594792127609253
        },
        "tail": {
          "x": -0.09284757077693939,
          "y": 0.011050663888454437,
          "z": 1.7490262985229492
        },
        "rotation_quaternion": {
          "w": 0.7180985808372498,
          "x": 0.6939342021942139,
          "y": 0.04776631295681,
          "z": -0.022542480379343033
        },
        "matrix": [
          [
            0.99442058801651,
            0.09866881370544434,
            0.037315189838409424,
            -0.10815013945102692
          ],
          [
            0.03391721099615097,
            0.03589475154876709,
            -0.9987800121307373,
            0.005483739078044891
          ],
          [
            -0.09988851845264435,
            0.9944800138473511,
            0.032347165048122406,
            1.594792127609253
          ],
          [
            0.0,
            0.0,
            0.0,
            1.0
          ]
        ]
      },
      "bone_length_armature_space": 0.15509133062281388,
      "parent": "neck_01",
      "has_children": false,
      "is_end_bone": true
    },
    "upperarm_l": {
      "name": "upperarm_l",
      "local": {
        "location": {
          "x": 0.0,
          "y": 0.0,
          "z": 0.0
        },
        "rotation_quaternion": {
          "w": 0.9605330228805542,
          "x": -0.09469778835773468,
          "y": -0.08453398197889328,
          "z": -0.2475128322839737
        },
        "scale": {
          "x": 1.0,
          "y": 1.0,
          "z": 1.0
        },
        "matrix_basis": [
          [
            0.863182783126831,
            0.4914988577365875,
            -0.1155175268650055,
            0.0
          ],
          [
            -0.45947813987731934,
            0.8595394492149353,
            0.22376719117164612,
            0.0
          ],
          [
            0.20927320420742035,
            -0.1400742083787918,
            0.9677726626396179,
            0.0
          ],
          [
            0.0,
            0.0,
            0.0,
            1.0
          ]
        ],
        "rotation_mode": "QUATERNION"
      },
      "armature_space": {
        "head": {
          "x": 0.08250976353883743,
          "y": -0.015331005677580833,
          "z": 0.5111200213432312
        },
        "tail": {
          "x": 0.3226647675037384,
          "y": 0.04113680124282837,
          "z": 0.40650296211242676
        }
      },
      "world_space": {
        "head": {
          "x": 0.08250976353883743,
          "y": 0.04791299253702164,
          "z": 1.4609739780426025
        },
        "tail": {
          "x": 0.3226647675037384,
          "y": 0.10438080132007599,
          "z": 1.3563569784164429
        },
        "rotation_quaternion": {
          "w": 0.5083969831466675,
          "x": 0.27203798294067383,
          "y": 0.5889781713485718,
          "z": -0.56624436378479
        },
        "matrix": [
          [
            -0.33505454659461975,
            0.8962029814720154,
            0.2907899022102356,
            0.08250976353883743
          ],
          [
            -0.2553079426288605,
            0.2107248157262802,
            -0.943617045879364,
            0.04791299253702164
          ],
          [
            -0.9069555401802063,
            -0.39040669798851013,
            0.15820364654064178,
            1.4609739780426025
          ],
          [
            0.0,
            0.0,
            0.0,
            1.0
          ]
        ]
      },
      "bone_length_armature_space": 0.2679697228920072,
      "parent": "spine_01",
      "has_children": true,
      "is_end_bone": false
    },
    "lowerarm_l": {
      "name": "lowerarm_l",
      "local": {
        "location": {
          "x": 0.0,
          "y": 0.0,
          "z": 0.0
        },
        "rotation_quaternion": {
          "w": 0.960361897945404,
          "x": 0.1688942313194275,
          "y": 0.09395109862089157,
          "z": -0.20088094472885132
        },
        "scale": {
          "x": 1.0,
          "y": 1.0,
          "z": 1.0
        },
        "matrix_basis": [
          [
            0.9016400575637817,
            0.41757240891456604,
            0.11259884387254715,
            0.0
          ],
          [
            -0.3541012108325958,
            0.8622431755065918,
            -0.3621451258659363,
            0.0
          ],
          [
            -0.24830937385559082,
            0.28665319085121155,
            0.9252958297729492,
            0.0
          ],
          [
            0.0,
            0.0,
            0.0,
            1.0
          ]
        ],
        "rotation_mode": "QUATERNION"
      },
      "armature_space": {
        "head": {
          "x": 0.32266491651535034,
          "y": 0.04113680496811867,
          "z": 0.40650302171707153
        },
        "tail": {
          "x": 0.5306980609893799,
          "y": -0.04420510306954384,
          "z": 0.26155948638916016
        }
      },
      "world_space": {
        "head": {
          "x": 0.32266491651535034,
          "y": 0.10438080132007599,
          "z": 1.3563570976257324
        },
        "tail": {
          "x": 0.5306980609893799,
          "y": 0.01903889700770378,
          "z": 1.2114135026931763
        },
        "rotation_quaternion": {
          "w": 0.31111228466033936,
          "x": 0.3161962926387787,
          "y": 0.49366655945777893,
          "z": -0.7480123043060303
        },
        "matrix": [
          [
            -0.6064580678939819,
            0.7776227593421936,
            -0.1658650040626526,
            0.32266491651535034
          ],
          [
            -0.15324343740940094,
            -0.31900596618652344,
            -0.9352816939353943,
            0.10438080132007599
          ],
          [
            -0.7802138924598694,
            -0.5417954325675964,
            0.31263068318367004,
            1.3563570976257324
          ],
          [
            0.0,
            0.0,
            0.0,
            1.0
          ]
        ]
      },
      "bone_length_armature_space": 0.26752506377381413,
      "parent": "upperarm_l",
      "has_children": true,
      "is_end_bone": false
    },
    "metacarpal_thumb_l": {
      "name": "metacarpal_thumb_l",
      "local": {
        "location": {
          "x": 0.0,
          "y": 0.0,
          "z": 0.0
        },
        "rotation_quaternion": {
          "w": 0.9999088644981384,
          "x": -0.011000069789588451,
          "y": -0.006575177423655987,
          "z": 0.004250050522387028
        },
        "scale": {
          "x": 1.0,
          "y": 1.0,
          "z": 1.0
        },
        "matrix_basis": [
          [
            0.999877393245697,
            -0.00835467129945755,
            -0.013242658227682114,
            0.0
          ],
          [
            0.0086439810693264,
            0.999721884727478,
            0.021942244842648506,
            0.0
          ],
          [
            0.013055654242634773,
            -0.022054024040699005,
            0.9996715188026428,
            0.0
          ],
          [
            0.0,
            0.0,
            0.0,
            1.0
          ]
        ],
        "rotation_mode": "QUATERNION"
      },
      "armature_space": {
        "head": {
          "x": 0.5306980609893799,
          "y": -0.04420510306954384,
          "z": 0.26155948638916016
        },
        "tail": {
          "x": 0.5513083338737488,
          "y": -0.08545587956905365,
          "z": 0.24347135424613953
        }
      },
      "world_space": {
        "head": {
          "x": 0.5306980609893799,
          "y": 0.01903889700770378,
          "z": 1.2114135026931763
        },
        "tail": {
          "x": 0.5513083338737488,
          "y": -0.02221187949180603,
          "z": 1.193325400352478
        },
        "rotation_quaternion": {
          "w": 0.08530953526496887,
          "x": -0.8737632036209106,
          "y": -0.2762804329395294,
          "z": 0.3910619914531708
        },
        "matrix": [
          [
            0.54147869348526,
            0.4160861372947693,
            -0.7305291295051575,
            0.5306980609893799
          ],
          [
            0.5495301485061646,
            -0.8327825665473938,
            -0.06700678169727325,
            0.01903889700770378
          ],
          [
            -0.6362565159797668,
            -0.3651683032512665,
            -0.6795907616615295,
            1.2114135026931763
          ],
          [
            0.0,
            0.0,
            0.0,
            1.0
          ]
        ]
      },
      "bone_length_armature_space": 0.04953373044911306,
      "parent": "lowerarm_l",
      "has_children": true,
      "is_end_bone": false
    },
    "thumb_01_l": {
      "name": "thumb_01_l",
      "local": {
        "location": {
          "x": 0.0,
          "y": 0.0,
          "z": 0.0
        },
        "rotation_quaternion": {
          "w": 0.9847639799118042,
          "x": 0.17368216812610626,
          "y": 0.003854429814964533,
          "z": 0.0077162692323327065
        },
        "scale": {
          "x": 1.0,
          "y": 1.0,
          "z": 1.0
        },
        "matrix_basis": [
          [
            0.9998512268066406,
            -0.013858516700565815,
            0.010271764360368252,
            0.0
          ],
          [
            0.016536299139261246,
            0.9395499229431152,
            -0.3420124053955078,
            0.0
          ],
          [
            -0.004911050666123629,
            0.3421313762664795,
            0.9396392703056335,
            0.0
          ],
          [
            0.0,
            0.0,
            0.0,
            1.0
          ]
        ],
        "rotation_mode": "QUATERNION"
      },
      "armature_space": {
        "head": {
          "x": 0.5513083338737488,
          "y": -0.08545587956905365,
          "z": 0.24347135424613953
        },
        "tail": {
          "x": 0.5462205410003662,
          "y": -0.10100673139095306,
          "z": 0.2136230170726776
        }
      },
      "world_space": {
        "head": {
          "x": 0.5513083338737488,
          "y": -0.02221187949180603,
          "z": 1.193325400352478
        },
        "tail": {
          "x": 0.5462205410003662,
          "y": -0.037762731313705444,
          "z": 1.1634770631790161
        },
        "rotation_quaternion": {
          "w": 0.46948739886283875,
          "x": -0.820219874382019,
          "y": 0.22616803646087646,
          "z": -0.23594269156455994
        },
        "matrix": [
          [
            0.7863577604293823,
            -0.14947135746479034,
            0.5994158983230591,
            0.5513083338737488
          ],
          [
            -0.5925595760345459,
            -0.4568595886230469,
            0.663439929485321,
            -0.02221187949180603
          ],
          [
            0.1746843159198761,
            -0.8768974542617798,
            -0.4478282928466797,
            1.193325400352478
          ],
          [
            0.0,
            0.0,
            0.0,
            1.0
          ]
        ]
      },
      "bone_length_armature_space": 0.03403877036239261,
      "parent": "metacarpal_thumb_l",
      "has_children": true,
      "is_end_bone": false
    },
    "thumb_02_l": {
      "name": "thumb_02_l",
      "local": {
        "location": {
          "x": 0.0,
          "y": 0.0,
          "z": 0.0
        },
        "rotation_quaternion": {
          "w": 0.9391781687736511,
          "x": 0.343291312456131,
          "y": -0.009773215278983116,
          "z": -0.0002564571041148156
        },
        "scale": {
          "x": 1.0,
          "y": 1.0,
          "z": 1.0
        },
        "matrix_basis": [
          [
            0.9998088479042053,
            -0.00622840179130435,
            -0.01853366009891033,
            0.0
          ],
          [
            -0.007191837765276432,
            0.7643020153045654,
            -0.6448184251785278,
            0.0
          ],
          [
            0.01818150095641613,
            0.6448284387588501,
            0.7641111016273499,
            0.0
          ],
          [
            0.0,
            0.0,
            0.0,
            1.0
          ]
        ],
        "rotation_mode": "QUATERNION"
      },
      "armature_space": {
        "head": {
          "x": 0.5462205410003662,
          "y": -0.10100673139095306,
          "z": 0.2136230319738388
        },
        "tail": {
          "x": 0.5856373310089111,
          "y": -0.09360019862651825,
          "z": 0.21146927773952484
        }
      },
      "world_space": {
        "head": {
          "x": 0.5462205410003662,
          "y": -0.037762731313705444,
          "z": 1.1634770631790161
        },
        "tail": {
          "x": 0.5856373310089111,
          "y": -0.03035619854927063,
          "z": 1.1613233089447021
        },
        "rotation_quaternion": {
          "w": 0.7436373829841614,
          "x": -0.1977337896823883,
          "y": -0.19800786674022675,
          "z": -0.6072049140930176
        },
        "matrix": [
          [
            0.18418961763381958,
            0.9813861846923828,
            -0.05435991287231445,
            0.5462205410003662
          ],
          [
            -0.8247748017311096,
            0.18440544605255127,
            0.5345478653907776,
            -0.037762731313705444
          ],
          [
            0.5346251130104065,
            -0.05362361669540405,
            0.8433946371078491,
            1.1634770631790161
          ],
          [
            0.0,
            0.0,
            0.0,
            1.0
          ]
        ]
      },
      "bone_length_armature_space": 0.04016439582476801,
      "parent": "thumb_01_l",
      "has_children": true,
      "is_end_bone": false
    },
    "thumb_03_l": {
      "name": "thumb_03_l",
      "local": {
        "location": {
          "x": 0.0,
          "y": 0.0,
          "z": 0.0
        },
        "rotation_quaternion": {
          "w": 0.9848381280899048,
          "x": 0.17347481846809387,
          "y": -0.00015742843970656395,
          "z": -0.000614706426858902
        },
        "scale": {
          "x": 1.0,
          "y": 1.0,
          "z": 1.0
        },
        "matrix_basis": [
          [
            0.9999991655349731,
            0.0011561529245227575,
            -0.0005233552074059844,
            0.0
          ],
          [
            -0.00126539240591228,
            0.9398122429847717,
            -0.3416890501976013,
            0.0
          ],
          [
            9.681088704383001e-05,
            0.34168943762779236,
            0.9398128986358643,
            0.0
          ],
          [
            0.0,
            0.0,
            0.0,
            1.0
          ]
        ],
        "rotation_mode": "QUATERNION"
      },
      "armature_space": {
        "head": {
          "x": 0.5856372714042664,
          "y": -0.09360028803348541,
          "z": 0.21146924793720245
        },
        "tail": {
          "x": 0.6093035340309143,
          "y": -0.07934313267469406,
          "z": 0.22425736486911774
        }
      },
      "world_space": {
        "head": {
          "x": 0.5856372714042664,
          "y": -0.030356287956237793,
          "z": 1.1613233089447021
        },
        "tail": {
          "x": 0.6093035340309143,
          "y": -0.01609913259744644,
          "z": 1.1741113662719727
        },
        "rotation_quaternion": {
          "w": 0.8344625234603882,
          "x": 0.13575904071331024,
          "y": -0.1944720447063446,
          "z": -0.497415691614151
        },
        "matrix": [
          [
            0.42951515316963196,
            0.7773473262786865,
            -0.45961683988571167,
            0.5856372714042664
          ],
          [
            -0.8829525709152222,
            0.4682939946651459,
            -0.033102571964263916,
            -0.030356287956237793
          ],
          [
            0.18950410187244415,
            0.42004144191741943,
            0.8875064253807068,
            1.1613233089447021
          ],
          [
            0.0,
            0.0,
            0.0,
            1.0
          ]
        ]
      },
      "bone_length_armature_space": 0.030444940428709266,
      "parent": "thumb_02_l",
      "has_children": false,
      "is_end_bone": true
    },
    "metacarpal_index_l": {
      "name": "metacarpal_index_l",
      "local": {
        "location": {
          "x": 0.0,
          "y": 0.0,
          "z": 0.0
        },
        "rotation_quaternion": {
          "w": 0.9988367557525635,
          "x": -0.04430378973484039,
          "y": -0.013903150334954262,
          "z": -0.013003560714423656
        },
        "scale": {
          "x": 1.0,
          "y": 1.0,
          "z": 1.0
        },
        "matrix_basis": [
          [
            0.9992752075195312,
            0.02720879390835762,
            -0.0266217403113842,
            0.0
          ],
          [
            -0.024744944646954536,
            0.9957361817359924,
            0.08886608481407166,
            0.0
          ],
          [
            0.028926169499754906,
            -0.08814292401075363,
            0.9956877827644348,
            0.0
          ],
          [
            0.0,
            0.0,
            0.0,
            1.0
          ]
        ],
        "rotation_mode": "QUATERNION"
      },
      "armature_space": {
        "head": {
          "x": 0.5306980609893799,
          "y": -0.04420510306954384,
          "z": 0.26155948638916016
        },
        "tail": {
          "x": 0.6150820851325989,
          "y": -0.10615628957748413,
          "z": 0.20892253518104553
        }
      },
      "world_space": {
        "head": {
          "x": 0.5306980609893799,
          "y": 0.01903889700770378,
          "z": 1.2114135026931763
        },
        "tail": {
          "x": 0.6150820851325989,
          "y": -0.04291228950023651,
          "z": 1.1587765216827393
        },
        "rotation_quaternion": {
          "w": 0.06721215695142746,
          "x": 0.670581579208374,
          "y": 0.4807499945163727,
          "z": -0.5609657168388367
        },
        "matrix": [
          [
            -0.09160790592432022,
            0.7201737761497498,
            -0.6877190470695496,
            0.5306980609893799
          ],
          [
            0.5693562626838684,
            -0.5287212133407593,
            -0.6295138001441956,
            0.01903889700770378
          ],
          [
            -0.8169761300086975,
            -0.4492291510105133,
            -0.36160358786582947,
            1.2114135026931763
          ],
          [
            0.0,
            0.0,
            0.0,
            1.0
          ]
        ]
      },
      "bone_length_armature_space": 0.11717193122601206,
      "parent": "lowerarm_l",
      "has_children": true,
      "is_end_bone": false
    },
    "index_01_l": {
      "name": "index_01_l",
      "local": {
        "location": {
          "x": 0.0,
          "y": 0.0,
          "z": 0.0
        },
        "rotation_quaternion": {
          "w": 0.9664828181266785,
          "x": 0.25536277890205383,
          "y": -0.011837504804134369,
          "z": -0.023678122088313103
        },
        "scale": {
          "x": 1.0,
          "y": 1.0,
          "z": 1.0
        },
        "matrix_basis": [
          [
            0.9985984563827515,
            0.03972328081727028,
            -0.034974511712789536,
            0.0
          ],
          [
            -0.05181471258401871,
            0.8684583902359009,
            -0.49304690957069397,
            0.0
          ],
          [
            0.010788467712700367,
            0.4941680431365967,
            0.8692994713783264,
            0.0
          ],
          [
            0.0,
            0.0,
            0.0,
            1.0
          ]
        ],
        "rotation_mode": "QUATERNION"
      },
      "armature_space": {
        "head": {
          "x": 0.6150820851325989,
          "y": -0.10615628957748413,
          "z": 0.20892253518104553
        },
        "tail": {
          "x": 0.6243247985839844,
          "y": -0.11982177197933197,
          "z": 0.18566519021987915
        }
      },
      "world_space": {
        "head": {
          "x": 0.6150820851325989,
          "y": -0.04291228950023651,
          "z": 1.1587765216827393
        },
        "tail": {
          "x": 0.6243247985839844,
          "y": -0.05657777190208435,
          "z": 1.13551926612854
        },
        "rotation_quaternion": {
          "w": 0.15047496557235718,
          "x": -0.5391754508018494,
          "y": -0.487577348947525,
          "z": 0.6700114607810974
        },
        "matrix": [
          [
            -0.3732942044734955,
            0.32414278388023376,
            -0.8692425489425659,
            0.6150820851325989
          ],
          [
            0.7274197936058044,
            -0.4792490601539612,
            -0.49110186100006104,
            -0.04291228950023651
          ],
          [
            -0.5757741928100586,
            -0.8156358003616333,
            -0.05688795447349548,
            1.1587765216827393
          ],
          [
            0.0,
            0.0,
            0.0,
            1.0
          ]
        ]
      },
      "bone_length_armature_space": 0.028514510060054652,
      "parent": "metacarpal_index_l",
      "has_children": true,
      "is_end_bone": false
    },
    "index_02_l": {
      "name": "index_02_l",
      "local": {
        "location": {
          "x": 0.0,
          "y": 0.0,
          "z": 0.0
        },
        "rotation_quaternion": {
          "w": 0.9148809313774109,
          "x": 0.4036892056465149,
          "y": -0.004729376174509525,
          "z": -0.002376645803451538
        },
        "scale": {
          "x": 1.0,
          "y": 1.0,
          "z": 1.0
        },
        "matrix_basis": [
          [
            0.9999439716339111,
            0.0005302996141836047,
            -0.010572484694421291,
            0.0
          ],
          [
            -0.008167091757059097,
            0.674058735370636,
            -0.7386326193809509,
            0.0
          ],
          [
            0.006734779570251703,
            0.7386776208877563,
            0.674025297164917,
            0.0
          ],
          [
            0.0,
            0.0,
            0.0,
            1.0
          ]
        ],
        "rotation_mode": "QUATERNION"
      },
      "armature_space": {
        "head": {
          "x": 0.6243247389793396,
          "y": -0.11982228606939316,
          "z": 0.18566501140594482
        },
        "tail": {
          "x": 0.6144936084747314,
          "y": -0.13791222870349884,
          "z": 0.17036151885986328
        }
      },
      "world_space": {
        "head": {
          "x": 0.6243247389793396,
          "y": -0.05657828599214554,
          "z": 1.135519027709961
        },
        "tail": {
          "x": 0.6144936084747314,
          "y": -0.07466822862625122,
          "z": 1.1202155351638794
        },
        "rotation_quaternion": {
          "w": 0.3293147683143616,
          "x": -0.4097408652305603,
          "y": -0.1973983496427536,
          "z": 0.8274649977684021
        },
        "matrix": [
          [
            -0.4473279118537903,
            -0.38323038816452026,
            -0.8081039190292358,
            0.6243247389793396
          ],
          [
            0.7067574858665466,
            -0.7051713466644287,
            -0.05681106448173523,
            -0.05657828599214554
          ],
          [
            -0.5480832457542419,
            -0.5965515375137329,
            0.5862976312637329,
            1.135519027709961
          ],
          [
            0.0,
            0.0,
            0.0,
            1.0
          ]
        ]
      },
      "bone_length_armature_space": 0.025653343621329455,
      "parent": "index_01_l",
      "has_children": true,
      "is_end_bone": false
    },
    "index_03_l": {
      "name": "index_03_l",
      "local": {
        "location": {
          "x": 0.0,
          "y": 0.0,
          "z": 0.0
        },
        "rotation_quaternion": {
          "w": 0.9595481157302856,
          "x": 0.2813534736633301,
          "y": -0.0033615557476878166,
          "z": -0.009816494770348072
        },
        "scale": {
          "x": 1.0,
          "y": 1.0,
          "z": 1.0
        },
        "matrix_basis": [
          [
            0.9997846484184265,
            0.016947226598858833,
            -0.011974958702921867,
            0.0
          ],
          [
            -0.02073036879301071,
            0.84148770570755,
            -0.5398783683776855,
            0.0
          ],
          [
            0.0009273391333408654,
            0.540010392665863,
            0.841657817363739,
            0.0
          ],
          [
            0.0,
            0.0,
            0.0,
            1.0
          ]
        ],
        "rotation_mode": "QUATERNION"
      },
      "armature_space": {
        "head": {
          "x": 0.6144937872886658,
          "y": -0.13791224360466003,
          "z": 0.1703614443540573
        },
        "tail": {
          "x": 0.5896571278572083,
          "y": -0.15237124264240265,
          "z": 0.16508787870407104
        }
      },
      "world_space": {
        "head": {
          "x": 0.6144937872886658,
          "y": -0.07466824352741241,
          "z": 1.1202154159545898
        },
        "tail": {
          "x": 0.5896571278572083,
          "y": -0.08912724256515503,
          "z": 1.1149418354034424
        },
        "rotation_quaternion": {
          "w": 0.4986538589000702,
          "x": -0.28347623348236084,
          "y": 0.06258236616849899,
          "z": 0.8167429566383362
        },
        "matrix": [
          [
            -0.34197020530700684,
            -0.8500261306762695,
            -0.40063902735710144,
            0.6144937872886658
          ],
          [
            0.7790625691413879,
            -0.4948544502258301,
            0.38494250178337097,
            -0.07466824352741241
          ],
          [
            -0.5254722237586975,
            -0.18048593401908875,
            0.8314550518989563,
            1.1202154159545898
          ],
          [
            0.0,
            0.0,
            0.0,
            1.0
          ]
        ]
      },
      "bone_length_armature_space": 0.02921870617167775,
      "parent": "index_02_l",
      "has_children": false,
      "is_end_bone": true
    },
    "metacarpal_pinky_l": {
      "name": "metacarpal_pinky_l",
      "local": {
        "location": {
          "x": 0.0,
          "y": 0.0,
          "z": 0.0
        },
        "rotation_quaternion": {
          "w": 0.9985947608947754,
          "x": -0.05266333743929863,
          "y": 0.0054099177941679955,
          "z": -0.0024241050705313683
        },
        "scale": {
          "x": 1.0,
          "y": 1.0,
          "z": 1.0
        },
        "matrix_basis": [
          [
            0.9999297261238098,
            0.004271588753908873,
            0.011059953831136227,
            0.0
          ],
          [
            -0.005411205813288689,
            0.9944413900375366,
            0.1051524356007576,
            0.0
          ],
          [
            -0.01054930780082941,
            -0.10520489513874054,
            0.9943946003913879,
            0.0
          ],
          [
            0.0,
            0.0,
            0.0,
            1.0
          ]
        ],
        "rotation_mode": "QUATERNION"
      },
      "armature_space": {
        "head": {
          "x": 0.5306980609893799,
          "y": -0.04420510306954384,
          "z": 0.26155948638916016
        },
        "tail": {
          "x": 0.6055858135223389,
          "y": -0.04550319164991379,
          "z": 0.18921709060668945
        }
      },
      "world_space": {
        "head": {
          "x": 0.5306980609893799,
          "y": 0.01903889700770378,
          "z": 1.2114135026931763
        },
        "tail": {
          "x": 0.6055858135223389,
          "y": 0.017740808427333832,
          "z": 1.1390711069107056
        },
        "rotation_quaternion": {
          "w": 0.6329349279403687,
          "x": -0.22298716008663177,
          "y": 0.30522090196609497,
          "z": -0.6756554841995239
        },
        "matrix": [
          [
            -0.0993366539478302,
            0.7191706299781799,
            0.6876958608627319,
            0.5306980609893799
          ],
          [
            -0.9914131760597229,
            -0.0124659463763237,
            -0.13017183542251587,
            0.01903889700770378
          ],
          [
            -0.08504439145326614,
            -0.6947264075279236,
            0.7142384648323059,
            1.2114135026931763
          ],
          [
            0.0,
            0.0,
            0.0,
            1.0
          ]
        ]
      },
      "bone_length_armature_space": 0.10413108487308192,
      "parent": "lowerarm_l",
      "has_children": true,
      "is_end_bone": false
    },
    "pinky_01_l": {
      "name": "pinky_01_l",
      "local": {
        "location": {
          "x": 0.0,
          "y": 0.0,
          "z": 0.0
        },
        "rotation_quaternion": {
          "w": 0.9415229558944702,
          "x": 0.33649325370788574,
          "y": -0.01653735712170601,
          "z": 0.00577620230615139
        },
        "scale": {
          "x": 1.0,
          "y": 1.0,
          "z": 1.0
        },
        "matrix_basis": [
          [
            0.9993863105773926,
            -0.02200627326965332,
            -0.027253296226263046,
            0.0
          ],
          [
            -0.00025256405933760107,
            0.7734778523445129,
            -0.6338232755661011,
            0.0
          ],
          [
            0.03502791002392769,
            0.6334412097930908,
            0.7729976177215576,
            0.0
          ],
          [
            0.0,
            0.0,
            0.0,
            1.0
          ]
        ],
        "rotation_mode": "QUATERNION"
      },
      "armature_space": {
        "head": {
          "x": 0.6055858135223389,
          "y": -0.04550319164991379,
          "z": 0.18921709060668945
