{
  "metadata": {
    "armature_name": "KIM_caucasian_male",
    "export_time": "2026-01-13T21:08:05.899535",
    "blender_version": "4.4.1",
    "bone_count": 56,
    "end_bone_count": 13,
    "spaces_included": [
      "LOCAL_CHANNELS",
      "ARMATURE_SPACE",
      "WORLD_SPACE"
    ],
    "note": "LOCAL matches Transform panel; replay pose via local.matrix_basis for best fidelity."
  },
  "bones": {
    "Root": {
      "name": "Root",
      "local": {
        "location": {
          "x": 0.0,
          "y": 0.0,
          "z": 0.0
        },
        "rotation_quaternion": {
          "w": 0.9995256662368774,
          "x": 0.015490973368287086,
          "y": -0.011979421600699425,
          "z": 0.023770136758685112
        },
        "scale": {
          "x": 1.0,
          "y": 1.0,
          "z": 1.0
        },
        "matrix_basis": [
          [
            0.9985829591751099,
            -0.0478888675570488,
            -0.023211034014821053,
            0.0
          ],
          [
            0.04714657738804817,
            0.9983900189399719,
            -0.031536754220724106,
            0.0
          ],
          [
            0.02468392439186573,
            0.030397746711969376,
            0.999233067035675,
            0.0
          ],
          [
            0.0,
            0.0,
            0.0,
            1.0
          ]
        ],
        "rotation_mode": "QUATERNION"
      },
      "armature_space": {
        "head": {
          "x": 0.0,
          "y": 0.07072800397872925,
          "z": -0.009595036506652832
        },
        "tail": {
          "x": -0.0034181096125394106,
          "y": -0.0001777932047843933,
          "z": -0.002165434882044792
        }
      },
      "world_space": {
        "head": {
          "x": 0.0,
          "y": 0.13397200405597687,
          "z": 0.9402589797973633
        },
        "tail": {
          "x": -0.0034181096125394106,
          "y": 0.06306620687246323,
          "z": 0.9476885795593262
        },
        "rotation_quaternion": {
          "w": 0.051879920065402985,
          "x": 0.9982985854148865,
          "y": -0.024523163214325905,
          "z": -0.010350865311920643
        },
        "matrix": [
          [
            0.9985829591751099,
            -0.0478888675570488,
            -0.023211034014821053,
            0.0
          ],
          [
            -0.05003688856959343,
            -0.9934141635894775,
            -0.10307609289884567,
            0.13397200405597687
          ],
          [
            -0.018122145906090736,
            0.10409122705459595,
            -0.9944097399711609,
            0.9402589797973633
          ],
          [
            0.0,
            0.0,
            0.0,
            1.0
          ]
        ]
      },
      "bone_length_armature_space": 0.07137586904718866,
      "parent": null,
      "has_children": true,
      "is_end_bone": false
    },
    "spine_01": {
      "name": "spine_01",
      "local": {
        "location": {
          "x": 0.0,
          "y": 0.0,
          "z": 0.0
        },
        "rotation_quaternion": {
          "w": 0.9962635040283203,
          "x": 0.04243101552128792,
          "y": 0.03258659690618515,
          "z": 0.06780101358890533
        },
        "scale": {
          "x": 1.0,
          "y": 1.0,
          "z": 1.0
        },
        "matrix_basis": [
          [
            0.9886822700500488,
            -0.13232998549938202,
            0.07068340480327606,
            0.0
          ],
          [
            0.1378607153892517,
            0.9872052669525146,
            -0.08012613654136658,
            0.0
          ],
          [
            -0.059175942093133926,
            0.08896375447511673,
            0.9942754507064819,
            0.0
          ],
          [
            0.0,
            0.0,
            0.0,
            1.0
          ]
        ],
        "rotation_mode": "QUATERNION"
      },
      "armature_space": {
        "head": {
          "x": -0.0034181096125394106,
          "y": -0.0001777932047843933,
          "z": -0.002165434882044792
        },
        "tail": {
          "x": -0.06095422804355621,
          "y": -0.03293691948056221,
          "z": 0.48132696747779846
        }
      },
      "world_space": {
        "head": {
          "x": -0.0034181096125394106,
          "y": 0.06306620687246323,
          "z": 0.9476885795593262
        },
        "tail": {
          "x": -0.06095422804355621,
          "y": 0.03030708059668541,
          "z": 1.4311809539794922
        },
        "rotation_quaternion": {
          "w": 0.6819891929626465,
          "x": 0.7289078235626221,
          "y": -0.03641372546553612,
          "z": 0.04752058535814285
        },
        "matrix": [
          [
            0.9928316473960876,
            -0.11790158599615097,
            0.019607897847890854,
            -0.0034181096125394106
          ],
          [
            0.011731777340173721,
            -0.06712918728590012,
            -0.997675359249115,
            0.06306620687246323
          ],
          [
            0.11894460767507553,
            0.9907606244087219,
            -0.06526617705821991,
            0.9476885795593262
          ],
          [
            0.0,
            0.0,
            0.0,
            1.0
          ]
        ]
      },
      "bone_length_armature_space": 0.4880045768567854,
      "parent": "Root",
      "has_children": true,
      "is_end_bone": false
    },
    "neck_01": {
      "name": "neck_01",
      "local": {
        "location": {
          "x": 0.0,
          "y": 0.0,
          "z": 0.0
        },
        "rotation_quaternion": {
          "w": 0.991253137588501,
          "x": -0.020449940115213394,
          "y": -0.10724721848964691,
          "z": 0.07414283603429794
        },
        "scale": {
          "x": 1.0,
          "y": 1.0,
          "z": 1.0
        },
        "matrix_basis": [
          [
            0.9660017490386963,
            -0.14260223507881165,
            -0.21565072238445282,
            0.0
          ],
          [
            0.15137504041194916,
            0.988169252872467,
            0.024638907983899117,
            0.0
          ],
          [
            0.20958584547042847,
            -0.05644536018371582,
            0.9761596918106079,
            0.0
          ],
          [
            0.0,
            0.0,
            0.0,
            1.0
          ]
        ],
        "rotation_mode": "QUATERNION"
      },
      "armature_space": {
        "head": {
          "x": -0.06890678405761719,
          "y": -0.07245183736085892,
          "z": 0.5516054630279541
        },
        "tail": {
          "x": -0.09407174587249756,
          "y": -0.11209598183631897,
          "z": 0.6427416205406189
        }
      },
      "world_space": {
        "head": {
          "x": -0.06890678405761719,
          "y": -0.009207837283611298,
          "z": 1.5014594793319702
        },
        "tail": {
          "x": -0.09407174587249756,
          "y": -0.04885198175907135,
          "z": 1.5925955772399902
        },
        "rotation_quaternion": {
          "w": 0.5338231921195984,
          "x": 0.8326741456985474,
          "y": -0.1472642570734024,
          "z": 0.00020064943237230182
        },
        "matrix": [
          [
            0.9566261768341064,
            -0.24546071887016296,
            -0.1568930298089981,
            -0.06890678405761719
          ],
          [
            -0.24503304064273834,
            -0.3866916298866272,
            -0.8890606164932251,
            -0.009207837283611298
          ],
          [
            0.1575610637664795,
            0.8889482617378235,
            -0.4300692081451416,
            1.5014594793319702
          ],
          [
            0.0,
            0.0,
            0.0,
            1.0
          ]
        ]
      },
      "bone_length_armature_space": 0.10252186455009069,
      "parent": "spine_01",
      "has_children": true,
      "is_end_bone": false
    },
    "head": {
      "name": "head",
      "local": {
        "location": {
          "x": 0.0,
          "y": 0.0,
          "z": 0.0
        },
        "rotation_quaternion": {
          "w": 0.9958608150482178,
          "x": 0.05665614455938339,
          "y": -0.029008934274315834,
          "z": 0.06488411873579025
        },
        "scale": {
          "x": 1.0,
          "y": 1.0,
          "z": 1.0
        },
        "matrix_basis": [
          [
            0.9898970723152161,
            -0.13251817226409912,
            -0.05042555555701256,
            0.0
          ],
          [
            0.12594403326511383,
            0.9851602911949158,
            -0.11660770326852798,
            0.0
          ],
          [
            0.06512989103794098,
            0.10907883197069168,
            0.9918971061706543,
            0.0
          ],
          [
            0.0,
            0.0,
            0.0,
            1.0
          ]
        ],
        "rotation_mode": "QUATERNION"
      },
      "armature_space": {
        "head": {
          "x": -0.09407174587249756,
          "y": -0.11209609359502792,
          "z": 0.6427415013313293
        },
        "tail": {
          "x": -0.14413398504257202,
          "y": -0.12933224439620972,
          "z": 0.7885151505470276
        }
      },
      "world_space": {
        "head": {
          "x": -0.09407174587249756,
          "y": -0.048852093517780304,
          "z": 1.5925955772399902
        },
        "tail": {
          "x": -0.14413398504257202,
          "y": -0.0660882443189621,
          "z": 1.7383692264556885
        },
        "rotation_quaternion": {
          "w": 0.6315809488296509,
          "x": 0.745355486869812,
          "y": -0.21339407563209534,
          "z": 0.0037090000696480274
        },
        "matrix": [
          [
            0.9088978171348572,
            -0.32279425859451294,
            -0.2640239894390106,
            -0.09407174587249756
          ],
          [
            -0.31342554092407227,
            -0.1111363023519516,
            -0.9430872201919556,
            -0.048852093517780304
          ],
          [
            0.2750820517539978,
            0.9399281740188599,
            -0.20218588411808014,
            1.5925955772399902
          ],
          [
            0.0,
            0.0,
            0.0,
            1.0
          ]
        ]
      },
      "bone_length_armature_space": 0.15509116663477415,
      "parent": "neck_01",
      "has_children": false,
      "is_end_bone": true
    },
    "upperarm_l": {
      "name": "upperarm_l",
      "local": {
        "location": {
          "x": 0.0,
          "y": 0.0,
          "z": 0.0
        },
        "rotation_quaternion": {
          "w": 0.8270819783210754,
          "x": 0.2759777009487152,
          "y": 0.37222662568092346,
          "z": 0.31814974546432495
        },
        "scale": {
          "x": 1.0,
          "y": 1.0,
          "z": 1.0
        },
        "matrix_basis": [
          [
            0.5204561352729797,
            -0.32081934809684753,
            0.7913283109664917,
            0.0
          ],
          [
            0.7317243218421936,
            0.6452341079711914,
            -0.21966475248336792,
            0.0
          ],
          [
            -0.4401193857192993,
            0.6933599710464478,
            0.5705673098564148,
            0.0
          ],
          [
            0.0,
            0.0,
            0.0,
            1.0
          ]
        ],
        "rotation_mode": "QUATERNION"
      },
      "armature_space": {
        "head": {
          "x": 0.08800438791513443,
          "y": -0.06936217844486237,
          "z": 0.5026521682739258
        },
        "tail": {
          "x": 0.2629750669002533,
          "y": -0.25290364027023315,
          "z": 0.5892864465713501
        }
      },
      "world_space": {
        "head": {
          "x": 0.08800438791513443,
          "y": -0.006118178367614746,
          "z": 1.452506184577942
        },
        "tail": {
          "x": 0.2629750669002533,
          "y": -0.18965964019298553,
          "z": 1.5391404628753662
        },
        "rotation_quaternion": {
          "w": 0.22893592715263367,
          "x": 0.9068472981452942,
          "y": 0.3242235481739044,
          "z": -0.14175887405872345
        },
        "matrix": [
          [
            0.749566912651062,
            0.6529501080513,
            -0.10865339636802673,
            0.08800438791513443
          ],
          [
            0.5231356024742126,
            -0.6849343180656433,
            -0.5071433782577515,
            -0.006118178367614746
          ],
          [
            -0.4055621027946472,
            0.3232991695404053,
            -0.8549920320510864,
            1.452506184577942
          ],
          [
            0.0,
            0.0,
            0.0,
            1.0
          ]
        ]
      },
      "bone_length_armature_space": 0.26796960298802824,
      "parent": "spine_01",
      "has_children": true,
      "is_end_bone": false
    },
    "lowerarm_l": {
      "name": "lowerarm_l",
      "local": {
        "location": {
          "x": 0.0,
          "y": 0.0,
          "z": 0.0
        },
        "rotation_quaternion": {
          "w": 0.9406154751777649,
          "x": 0.15348201990127563,
          "y": -0.01922648772597313,
          "z": 0.30218562483787537
        },
        "scale": {
          "x": 1.0,
          "y": 1.0,
          "z": 1.0
        },
        "matrix_basis": [
          [
            0.8166283965110779,
            -0.5743827819824219,
            0.05659065768122673,
            0.0
          ],
          [
            0.5625790953636169,
            0.7702542543411255,
            -0.30035507678985596,
            0.0
          ],
          [
            0.12892958521842957,
            0.27711519598960876,
            0.9521472454071045,
            0.0
          ],
          [
            0.0,
            0.0,
            0.0,
            1.0
          ]
        ],
        "rotation_mode": "QUATERNION"
      },
      "armature_space": {
        "head": {
          "x": 0.2629750370979309,
          "y": -0.2529037892818451,
          "z": 0.5892865061759949
        },
        "tail": {
          "x": 0.24437753856182098,
          "y": -0.5109164714813232,
          "z": 0.6574991941452026
        }
      },
      "world_space": {
        "head": {
          "x": 0.2629750370979309,
          "y": -0.18965978920459747,
          "z": 1.5391404628753662
        },
        "tail": {
          "x": 0.24437753856182098,
          "y": -0.4476724863052368,
          "z": 1.6073532104492188
        },
        "rotation_quaternion": {
          "w": 0.11873985826969147,
          "x": 0.9701060652732849,
          "y": -0.06064869090914726,
          "z": -0.20277288556098938
        },
        "matrix": [
          [
            0.910409688949585,
            -0.06951699405908585,
            -0.4078252911567688,
            0.2629750370979309
          ],
          [
            -0.16582584381103516,
            -0.9644452333450317,
            -0.2057848870754242,
            -0.18965978920459747
          ],
          [
            -0.37902235984802246,
            0.25497743487358093,
            -0.8895746469497681,
            1.5391404628753662
          ],
          [
            0.0,
            0.0,
            0.0,
            1.0
          ]
        ]
      },
      "bone_length_armature_space": 0.26752454212922083,
      "parent": "upperarm_l",
      "has_children": true,
      "is_end_bone": false
    },
    "metacarpal_thumb_l": {
      "name": "metacarpal_thumb_l",
      "local": {
        "location": {
          "x": 0.0,
          "y": 0.0,
          "z": 0.0
        },
        "rotation_quaternion": {
          "w": 0.9989892244338989,
          "x": -0.04459860548377037,
          "y": -0.005480472929775715,
          "z": -0.0012173419818282127
        },
        "scale": {
          "x": 1.0,
          "y": 1.0,
          "z": 1.0
        },
        "matrix_basis": [
          [
            0.9999369382858276,
            0.002921066014096141,
            -0.01084128301590681,
            0.0
          ],
          [
            -0.001943380106240511,
            0.9960189461708069,
            0.08912039548158646,
            0.0
          ],
          [
            0.011058450676500797,
            -0.08909370750188828,
            0.9959618449211121,
            0.0
          ],
          [
            0.0,
            0.0,
            0.0,
            1.0
          ]
        ],
        "rotation_mode": "QUATERNION"
      },
      "armature_space": {
        "head": {
          "x": 0.24437753856182098,
          "y": -0.5109164714813232,
          "z": 0.6574991941452026
        },
        "tail": {
          "x": 0.23399777710437775,
          "y": -0.556064784526825,
          "z": 0.6399641036987305
        }
      },
      "world_space": {
        "head": {
          "x": 0.24437753856182098,
          "y": -0.4476724863052368,
          "z": 1.6073532104492188
        },
        "tail": {
          "x": 0.23399777710437775,
          "y": -0.4928207993507385,
          "z": 1.5898181200027466
        },
        "rotation_quaternion": {
          "w": 0.09349460154771805,
          "x": -0.8199573755264282,
          "y": 0.18848082423210144,
          "z": -0.5323567986488342
        },
        "matrix": [
          [
            0.3621423840522766,
            -0.20954963564872742,
            0.9082629680633545,
            0.24437753856182098
          ],
          [
            -0.40863746404647827,
            -0.9114673733711243,
            -0.047356978058815,
            -0.4476724863052368
          ],
          [
            0.8377814888954163,
            -0.3540036976337433,
            -0.41571372747421265,
            1.6073532104492188
          ],
          [
            0.0,
            0.0,
            0.0,
            1.0
          ]
        ]
      },
      "bone_length_armature_space": 0.04953371553988247,
      "parent": "lowerarm_l",
      "has_children": true,
      "is_end_bone": false
    },
    "thumb_01_l": {
      "name": "thumb_01_l",
      "local": {
        "location": {
          "x": 0.0,
          "y": 0.0,
          "z": 0.0
        },
        "rotation_quaternion": {
          "w": 0.9966708421707153,
          "x": -0.08061560243368149,
          "y": -0.011680062860250473,
          "z": -0.0034507010132074356
        },
        "scale": {
          "x": 1.0,
          "y": 1.0,
          "z": 1.0
        },
        "matrix_basis": [
          [
            0.9997033476829529,
            0.008761616423726082,
            -0.022725995630025864,
            0.0
          ],
          [
            -0.0049952357076108456,
            0.9869784116744995,
            0.1607750505208969,
            0.0
          ],
          [
            0.023838717490434647,
            -0.16061383485794067,
            0.9867293834686279,
            0.0
          ],
          [
            0.0,
            0.0,
            0.0,
            1.0
          ]
        ],
        "rotation_mode": "QUATERNION"
      },
      "armature_space": {
        "head": {
          "x": 0.23399777710437775,
          "y": -0.556064784526825,
          "z": 0.6399641036987305
        },
        "tail": {
          "x": 0.24796606600284576,
          "y": -0.5733324885368347,
          "z": 0.6141697764396667
        }
      },
      "world_space": {
        "head": {
          "x": 0.23399777710437775,
          "y": -0.4928207993507385,
          "z": 1.5898181200027466
        },
        "tail": {
          "x": 0.24796606600284576,
          "y": -0.5100885033607483,
          "z": 1.564023733139038
        },
        "rotation_quaternion": {
          "w": 0.31227046251296997,
          "x": -0.15895771980285645,
          "y": 0.38579535484313965,
          "z": -0.853452742099762
        },
        "matrix": [
          [
            -0.7544381618499756,
            0.4103662967681885,
            0.5122717618942261,
            0.23399777710437775
          ],
          [
            -0.6556675434112549,
            -0.5072982311248779,
            -0.5592394471168518,
            -0.4928207993507385
          ],
          [
            0.03038112074136734,
            -0.7577974200248718,
            0.6517932415008545,
            1.5898181200027466
          ],
          [
            0.0,
            0.0,
            0.0,
            1.0
          ]
        ]
      },
      "bone_length_armature_space": 0.03403871363711023,
      "parent": "metacarpal_thumb_l",
      "has_children": true,
      "is_end_bone": false
    },
    "thumb_02_l": {
      "name": "thumb_02_l",
      "local": {
        "location": {
          "x": 0.0,
          "y": 0.0,
          "z": 0.0
        },
        "rotation_quaternion": {
          "w": 0.9969407916069031,
          "x": 0.0770745500922203,
          "y": -0.011346355080604553,
          "z": 0.006308830808848143
        },
        "scale": {
          "x": 1.0,
          "y": 1.0,
          "z": 1.0
        },
        "matrix_basis": [
          [
            0.9996629357337952,
            -0.014328092336654663,
            -0.021650787442922592,
            0.0
          ],
          [
            0.010830030776560307,
            0.9880394339561462,
            -0.1538206934928894,
            0.0
          ],
          [
            0.023595789447426796,
            0.15353436768054962,
            0.9878615736961365,
            0.0
          ],
          [
            0.0,
            0.0,
            0.0,
            1.0
          ]
        ],
        "rotation_mode": "QUATERNION"
      },
      "armature_space": {
        "head": {
          "x": 0.24796605110168457,
          "y": -0.5733324885368347,
          "z": 0.614169716835022
        },
        "tail": {
          "x": 0.24769878387451172,
          "y": -0.6127703189849854,
          "z": 0.6217702031135559
        }
      },
      "world_space": {
        "head": {
          "x": 0.24796605110168457,
          "y": -0.5100885033607483,
          "z": 1.564023733139038
        },
        "tail": {
          "x": 0.24769878387451172,
          "y": -0.5495263338088989,
          "z": 1.5716242790222168
        },
        "rotation_quaternion": {
          "w": 0.012488762848079205,
          "x": 0.16531795263290405,
          "y": -0.09428314119577408,
          "z": -0.9816439747810364
        },
        "matrix": [
          [
            -0.9450280070304871,
            -0.006654363125562668,
            -0.3269215226173401,
            0.24796605110168457
          ],
          [
            -0.055692464113235474,
            -0.981909453868866,
            0.180976003408432,
            -0.5100885033607483
          ],
          [
            -0.3222140967845917,
            0.18923500180244446,
            0.9275681376457214,
            1.564023733139038
          ],
          [
            0.0,
            0.0,
            0.0,
            1.0
          ]
        ]
      },
      "bone_length_armature_space": 0.04016442809925386,
      "parent": "thumb_01_l",
      "has_children": true,
      "is_end_bone": false
    },
    "thumb_03_l": {
      "name": "thumb_03_l",
      "local": {
        "location": {
          "x": 0.0,
          "y": 0.0,
          "z": 0.0
        },
        "rotation_quaternion": {
          "w": 0.9963427186012268,
          "x": 0.08542512357234955,
          "y": 0.0006010882207192481,
          "z": 0.0018766538705676794
        },
        "scale": {
          "x": 1.0,
          "y": 1.0,
          "z": 1.0
        },
        "matrix_basis": [
          [
            0.9999922513961792,
            -0.0036368847358971834,
            0.0015184065559878945,
            0.0
          ],
          [
            0.0038422769866883755,
            0.9853980541229248,
            -0.1702231466770172,
            0.0
          ],
          [
            -0.0008771529537625611,
            0.17022766172885895,
            0.985404372215271,
            0.0
          ],
          [
            0.0,
            0.0,
            0.0,
            1.0
          ]
        ],
        "rotation_mode": "QUATERNION"
      },
      "armature_space": {
        "head": {
          "x": 0.24769873917102814,
          "y": -0.6127702593803406,
          "z": 0.6217701435089111
        },
        "tail": {
          "x": 0.24609225988388062,
          "y": -0.6372392177581787,
          "z": 0.6398141384124756
        }
      },
      "world_space": {
        "head": {
          "x": 0.24769873917102814,
          "y": -0.5495262742042542,
          "z": 1.5716241598129272
        },
        "tail": {
          "x": 0.24609225988388062,
          "y": -0.5739952325820923,
          "z": 1.5896681547164917
        },
        "rotation_quaternion": {
          "w": 0.08677353709936142,
          "x": 0.342928022146225,
          "y": -0.30102211236953735,
          "z": -0.8855825662612915
        },
        "matrix": [
          [
            -0.7497418522834778,
            -0.05276674032211304,
            -0.6596231460571289,
            0.24769873917102814
          ],
          [
            -0.3601481020450592,
            -0.8037124276161194,
            0.47364529967308044,
            -0.5495262742042542
          ],
          [
            -0.5551444292068481,
            0.5926772952079773,
            0.583577573299408,
            1.5716241598129272
          ],
          [
            0.0,
            0.0,
            0.0,
            1.0
          ]
        ]
      },
      "bone_length_armature_space": 0.03044497426034641,
      "parent": "thumb_02_l",
      "has_children": false,
      "is_end_bone": true
    },
    "metacarpal_index_l": {
      "name": "metacarpal_index_l",
      "local": {
        "location": {
          "x": 0.0,
          "y": 0.0,
          "z": 0.0
        },
        "rotation_quaternion": {
          "w": 0.9999488592147827,
          "x": 0.004383637569844723,
          "y": 0.0018341175746172667,
          "z": -0.00892790500074625
        },
        "scale": {
          "x": 1.0,
          "y": 1.0,
          "z": 1.0
        },
        "matrix_basis": [
          [
            0.999833881855011,
            0.017870977520942688,
            0.0035897742491215467,
            0.0
          ],
          [
            -0.017838817089796066,
            0.9998021721839905,
            -0.008799576200544834,
            0.0
          ],
          [
            -0.0037463209591805935,
            0.008734077215194702,
            0.9999548196792603,
            0.0
          ],
          [
            0.0,
            0.0,
            0.0,
            1.0
          ]
        ],
        "rotation_mode": "QUATERNION"
      },
      "armature_space": {
        "head": {
          "x": 0.24437753856182098,
          "y": -0.5109164714813232,
          "z": 0.6574991941452026
        },
        "tail": {
          "x": 0.22973215579986572,
          "y": -0.6270442008972168,
          "z": 0.6521058082580566
        }
      },
      "world_space": {
        "head": {
          "x": 0.24437753856182098,
          "y": -0.4476724863052368,
          "z": 1.6073532104492188
        },
        "tail": {
          "x": 0.22973215579986572,
          "y": -0.5638002157211304,
          "z": 1.6019598245620728
        },
        "rotation_quaternion": {
          "w": 0.004635727498680353,
          "x": -0.9579858779907227,
          "y": 0.06658580154180527,
          "z": -0.27894067764282227
        },
        "matrix": [
          [
            0.8355169296264648,
            -0.12499076128005981,
            0.5350597500801086,
            0.24437753856182098
          ],
          [
            -0.1301625669002533,
            -0.9910898208618164,
            -0.02826579660177231,
            -0.4476724863052368
          ],
          [
            0.5338289141654968,
            -0.046029508113861084,
            -0.844347357749939,
            1.6073532104492188
          ],
          [
            0.0,
            0.0,
            0.0,
            1.0
          ]
        ]
      },
      "bone_length_armature_space": 0.11717177754503044,
      "parent": "lowerarm_l",
      "has_children": true,
      "is_end_bone": false
    },
    "index_01_l": {
      "name": "index_01_l",
      "local": {
        "location": {
          "x": 0.0,
          "y": 0.0,
          "z": 0.0
        },
        "rotation_quaternion": {
          "w": 0.9904241561889648,
          "x": -0.13745556771755219,
          "y": -0.008802392520010471,
          "z": -0.009411332197487354
        },
        "scale": {
          "x": 1.0,
          "y": 1.0,
          "z": 1.0
        },
        "matrix_basis": [
          [
            0.9996678829193115,
            0.021062297746539116,
            -0.014848924241960049,
            0.0
          ],
          [
            -0.016222545877099037,
            0.9620347619056702,
            0.27244430780410767,
            0.0
          ],
          [
            0.020023483783006668,
            -0.2721129357814789,
            0.9620569944381714,
            0.0
          ],
          [
            0.0,
            0.0,
            0.0,
            1.0
          ]
        ],
        "rotation_mode": "QUATERNION"
      },
      "armature_space": {
        "head": {
          "x": 0.22973215579986572,
          "y": -0.6270442008972168,
          "z": 0.6521058082580566
        },
        "tail": {
          "x": 0.22860756516456604,
          "y": -0.6520994901657104,
          "z": 0.6656718850135803
        }
      },
      "world_space": {
        "head": {
          "x": 0.22973215579986572,
          "y": -0.5638002157211304,
          "z": 1.6019598245620728
        },
        "tail": {
          "x": 0.22860756516456604,
          "y": -0.588855504989624,
          "z": 1.6155259609222412
        },
        "rotation_quaternion": {
          "w": 0.24049369990825653,
          "x": 0.92592453956604,
          "y": 0.05308302864432335,
          "z": 0.2863718271255493
        },
        "matrix": [
          [
            0.8303470611572266,
            -0.039439186453819275,
            0.5558494329452515,
            0.22973215579986572
          ],
          [
            0.23604317009449005,
            -0.8786900639533997,
            -0.4149548411369324,
            -0.5638002157211304
          ],
          [
            0.5047888159751892,
            0.4757634401321411,
            -0.7203138470649719,
            1.6019598245620728
          ],
          [
            0.0,
            0.0,
            0.0,
            1.0
          ]
        ]
      },
      "bone_length_armature_space": 0.028514394036649557,
      "parent": "metacarpal_index_l",
      "has_children": true,
      "is_end_bone": false
    },
    "index_02_l": {
      "name": "index_02_l",
      "local": {
        "location": {
          "x": 0.0,
          "y": 0.0,
          "z": 0.0
        },
        "rotation_quaternion": {
          "w": 0.9995583295822144,
          "x": 0.028322985395789146,
          "y": 0.006566378753632307,
          "z": -0.0061675747856497765
        },
        "scale": {
          "x": 1.0,
          "y": 1.0,
          "z": 1.0
        },
        "matrix_basis": [
          [
            0.9998376965522766,
            0.012701660394668579,
            0.01277758926153183,
            0.0
          ],
          [
            -0.011957742273807526,
            0.9983195662498474,
            -0.05670195072889328,
            0.0
          ],
          [
            -0.013476325199007988,
            0.056539956480264664,
            0.9983093738555908,
            0.0
          ],
          [
            0.0,
            0.0,
            0.0,
            1.0
          ]
        ],
        "rotation_mode": "QUATERNION"
      },
      "armature_space": {
        "head": {
          "x": 0.22860753536224365,
          "y": -0.6521000266075134,
          "z": 0.665671706199646
        },
        "tail": {
          "x": 0.22877384722232819,
          "y": -0.6746166944503784,
          "z": 0.6779624819755554
        }
      },
      "world_space": {
        "head": {
          "x": 0.22860753536224365,
          "y": -0.588856041431427,
          "z": 1.615525722503662
        },
        "tail": {
          "x": 0.22877384722232819,
          "y": -0.611372709274292,
          "z": 1.6278164386749268
        },
        "rotation_quaternion": {
          "w": 0.2375597357749939,
          "x": 0.9345147013664246,
          "y": 0.06855161488056183,
          "z": 0.25602421164512634
        },
        "matrix": [
          [
            0.859504759311676,
            0.006483109667897224,
            0.5110868215560913,
            0.22860753536224365
          ],
          [
            0.24976728856563568,
            -0.8777320981025696,
            -0.4089043140411377,
            -0.588856041431427
          ],
          [
            0.445949912071228,
            0.4791104197502136,
            -0.7560400366783142,
            1.615525722503662
          ],
          [
            0.0,
            0.0,
            0.0,
            1.0
          ]
        ]
      },
      "bone_length_armature_space": 0.025653287110360884,
      "parent": "index_01_l",
      "has_children": true,
      "is_end_bone": false
    },
    "index_03_l": {
      "name": "index_03_l",
      "local": {
        "location": {
          "x": 0.0,
          "y": 0.0,
          "z": 0.0
        },
        "rotation_quaternion": {
          "w": 0.9978983402252197,
          "x": 0.0647362619638443,
          "y": -0.0006284305127337575,
          "z": 0.0027691766154021025
        },
        "scale": {
          "x": 1.0,
          "y": 1.0,
          "z": 1.0
        },
        "matrix_basis": [
          [
            0.9999838471412659,
            -0.005608078092336655,
            -0.0008956872625276446,
            0.0
          ],
          [
            0.005445349030196667,
            0.9916030764579773,
            -0.1292039006948471,
            0.0
          ],
          [
            0.001612751861102879,
            0.12919694185256958,
            0.9916176199913025,
            0.0
          ],
          [
            0.0,
            0.0,
            0.0,
            1.0
          ]
        ],
        "rotation_mode": "QUATERNION"
      },
      "armature_space": {
        "head": {
          "x": 0.22877375781536102,
          "y": -0.6746166348457336,
          "z": 0.6779625415802002
        },
        "tail": {
          "x": 0.23452173173427582,
          "y": -0.7014452815055847,
          "z": 0.6880083084106445
        }
      },
      "world_space": {
        "head": {
          "x": 0.22877375781536102,
          "y": -0.6113726496696472,
          "z": 1.6278165578842163
        },
        "tail": {
          "x": 0.23452173173427582,
          "y": -0.6382012963294983,
          "z": 1.6378623247146606
        },
        "rotation_quaternion": {
          "w": 0.14163631200790405,
          "x": 0.9424875378608704,
          "y": 0.14435498416423798,
          "z": 0.2661166489124298
        },
        "matrix": [
          [
            0.8166871666908264,
            0.1967223584651947,
            0.5425149202346802,
            0.22877375781536102
          ],
          [
            0.34748944640159607,
            -0.9182015061378479,
            -0.19015014171600342,
            -0.6113726496696472
          ],
          [
            0.4607350826263428,
            0.34381282329559326,
            -0.818248450756073,
            1.6278165578842163
          ],
          [
            0.0,
            0.0,
            0.0,
            1.0
          ]
        ]
      },
      "bone_length_armature_space": 0.029218707945924568,
      "parent": "index_02_l",
      "has_children": false,
      "is_end_bone": true
    },
    "metacarpal_pinky_l": {
      "name": "metacarpal_pinky_l",
      "local": {
        "location": {
          "x": 0.0,
          "y": 0.0,
          "z": 0.0
        },
        "rotation_quaternion": {
          "w": 0.999714195728302,
          "x": -0.02018461376428604,
          "y": 0.010890277102589607,
          "z": 0.006748080253601074
        },
        "scale": {
          "x": 1.0,
          "y": 1.0,
          "z": 1.0
        },
        "matrix_basis": [
          [
            0.9996717572212219,
            -0.013931935653090477,
            0.02150191366672516,
            0.0
          ],
          [
            0.01305267121642828,
            0.9990940690040588,
            0.04050466790795326,
            0.0
          ],
          [
            -0.02204674482345581,
            -0.04021071270108223,
            0.9989479780197144,
            0.0
          ],
          [
            0.0,
            0.0,
            0.0,
            1.0
          ]
        ],
        "rotation_mode": "QUATERNION"
      },
      "armature_space": {
        "head": {
          "x": 0.24437753856182098,
          "y": -0.5109164714813232,
          "z": 0.6574991941452026
        },
        "tail": {
          "x": 0.2552263140678406,
          "y": -0.5994587540626526,
          "z": 0.7112189531326294
        }
      },
      "world_space": {
        "head": {
          "x": 0.24437753856182098,
          "y": -0.4476724863052368,
          "z": 1.6073532104492188
        },
        "tail": {
          "x": 0.2552263140678406,
          "y": -0.5362147688865662,
          "z": 1.6610729694366455
        },
        "rotation_quaternion": {
          "w": 0.21526774764060974,
          "x": 0.6243292689323425,
          "y": -0.16884909570217133,
          "z": -0.7316849231719971
        },
        "matrix": [
          [
            -0.12774622440338135,
            0.1041841208934784,
            -0.9863196611404419,
            0.24437753856182098
          ],
          [
            -0.5258519053459167,
            -0.8502991795539856,
            -0.021709298714995384,
            -0.4476724863052368
          ],
          [
            -0.8409351706504822,
            0.5158876776695251,
            0.16340890526771545,
            1.6073532104492188
          ],
          [
            0.0,
            0.0,
            0.0,
            1.0
          ]
        ]
      },
      "bone_length_armature_space": 0.10413089816172456,
      "parent": "lowerarm_l",
      "has_children": true,
      "is_end_bone": false
    },
    "pinky_01_l": {
      "name": "pinky_01_l",
      "local": {
        "location": {
          "x": 0.0,
          "y": 0.0,
          "z": 0.0
        },
        "rotation_quaternion": {
          "w": 0.9915224313735962,
          "x": -0.12944938242435455,
          "y": -0.007525246124714613,
          "z": -0.0083377780392766
        },
        "scale": {
          "x": 1.0,
          "y": 1.0,
          "z": 1.0
        },
        "matrix_basis": [
          [
            0.9997476935386658,
            0.01848246529698372,
            -0.012764260172843933,
            0.0
          ],
          [
            -0.01458591129630804,
            0.9663466811180115,
            0.2568294107913971,
            0.0
          ],
          [
            0.017081541940569878,
            -0.2565784454345703,
            0.9663724303245544,
            0.0
          ],
          [
            0.0,
            0.0,
            0.0,
            1.0
          ]
        ],
        "rotation_mode": "QUATERNION"
      },
      "armature_space": {
        "head": {
          "x": 0.2552263140678406,
          "y": -0.5994587540626526,
