{
  "metadata": {
    "armature_name": "KIM_caucasian_male",
    "export_time": "2026-01-13T21:16:09.881719",
    "blender_version": "4.4.1",
    "bone_count": 56,
    "end_bone_count": 13,
    "spaces_included": [
      "LOCAL_CHANNELS",
      "ARMATURE_SPACE",
      "WORLD_SPACE"
    ],
    "note": "LOCAL matches Transform panel; replay pose via local.matrix_basis for best fidelity."
  },
  "bones": {
    "Root": {
      "name": "Root",
      "local": {
        "location": {
          "x": 0.0,
          "y": 0.0,
          "z": 0.0
        },
        "rotation_quaternion": {
          "w": 0.9996441602706909,
          "x": 0.0072134509682655334,
          "y": 0.007155849598348141,
          "z": -0.02466692589223385
        },
        "scale": {
          "x": 1.0,
          "y": 1.0,
          "z": 1.0
        },
        "matrix_basis": [
          [
            0.9986806511878967,
            0.04941953346133232,
            0.013950739055871964,
            0.0
          ],
          [
            -0.04921305924654007,
            0.9986790418624878,
            -0.01477479375898838,
            0.0
          ],
          [
            -0.01466247346252203,
            0.014068742282688618,
            0.999793529510498,
            0.0
          ],
          [
            0.0,
            0.0,
            0.0,
            1.0
          ]
        ],
        "rotation_mode": "QUATERNION"
      },
      "armature_space": {
        "head": {
          "x": 0.0,
          "y": 0.07072800397872925,
          "z": -0.009595036506652832
        },
        "tail": {
          "x": 0.0035273621324449778,
          "y": -4.155933856964111e-05,
          "z": -0.0010077357292175293
        }
      },
      "world_space": {
        "head": {
          "x": 0.0,
          "y": 0.13397200405597687,
          "z": 0.9402589797973633
        },
        "tail": {
          "x": 0.0035273621324449778,
          "y": 0.06320244073867798,
          "z": 0.9488462805747986
        },
        "rotation_quaternion": {
          "w": 0.06014661490917206,
          "x": 0.9978591203689575,
          "y": 0.025092966854572296,
          "z": 0.0054778363555669785
        },
        "matrix": [
          [
            0.9986806511878967,
            0.04941953346133232,
            0.013950739055871964,
            0.0
          ],
          [
            0.05073743313550949,
            -0.9915054440498352,
            -0.11976124346256256,
            0.13397200405597687
          ],
          [
            0.007913791574537754,
            0.12031097710132599,
            -0.9927117228507996,
            0.9402589797973633
          ],
          [
            0.0,
            0.0,
            0.0,
            1.0
          ]
        ]
      },
      "bone_length_armature_space": 0.0713758716529946,
      "parent": null,
      "has_children": true,
      "is_end_bone": false
    },
    "spine_01": {
      "name": "spine_01",
      "local": {
        "location": {
          "x": 0.0,
          "y": 0.0,
          "z": 0.0
        },
        "rotation_quaternion": {
          "w": 0.9985048770904541,
          "x": 0.012675791047513485,
          "y": 0.04661840200424194,
          "z": 0.02557378262281418
        },
        "scale": {
          "x": 1.0,
          "y": 1.0,
          "z": 1.0
        },
        "matrix_basis": [
          [
            0.9943454265594482,
            -0.04988924413919449,
            0.09374573826789856,
            0.0
          ],
          [
            0.05225294455885887,
            0.9983705878257751,
            -0.02292926050722599,
            0.0
          ],
          [
            -0.09244906902313232,
            0.0276980958878994,
            0.9953321218490601,
            0.0
          ],
          [
            0.0,
            0.0,
            0.0,
            1.0
          ]
        ],
        "rotation_mode": "QUATERNION"
      },
      "armature_space": {
        "head": {
          "x": 0.0035273621324449778,
          "y": -4.155933856964111e-05,
          "z": -0.0010077357292175293
        },
        "tail": {
          "x": -0.024757005274295807,
          "y": 0.0008581368019804358,
          "z": 0.48617568612098694
        }
      },
      "world_space": {
        "head": {
          "x": 0.0035273621324449778,
          "y": 0.06320244073867798,
          "z": 0.9488462805747986
        },
        "tail": {
          "x": -0.024757005274295807,
          "y": 0.06410213559865952,
          "z": 1.4360296726226807
        },
        "rotation_quaternion": {
          "w": 0.7070897817611694,
          "x": 0.702822208404541,
          "y": 0.03075059875845909,
          "z": 0.0715496689081192
        },
        "matrix": [
          [
            0.9878700375556946,
            -0.057959623634815216,
            0.1440606713294983,
            0.0035273621324449778
          ],
          [
            0.1444089412689209,
            0.0018436349928379059,
            -0.9895164370536804,
            0.06320244073867798
          ],
          [
            0.05708693340420723,
            0.9983241558074951,
            0.010190345346927643,
            0.9488462805747986
          ],
          [
            0.0,
            0.0,
            0.0,
            1.0
          ]
        ]
      },
      "bone_length_armature_space": 0.4880046179654887,
      "parent": "Root",
      "has_children": true,
      "is_end_bone": false
    },
    "neck_01": {
      "name": "neck_01",
      "local": {
        "location": {
          "x": 0.0,
          "y": 0.0,
          "z": 0.0
        },
        "rotation_quaternion": {
          "w": 0.9858911037445068,
          "x": -0.07130949199199677,
          "y": 0.09360313415527344,
          "z": -0.1190471276640892
        },
        "scale": {
          "x": 1.0,
          "y": 1.0,
          "z": 1.0
        },
        "matrix_basis": [
          [
            0.9541324973106384,
            0.2213854193687439,
            0.20154337584972382,
            0.0
          ],
          [
            -0.24808458983898163,
            0.9614855051040649,
            0.11832042038440704,
            0.0
          ],
          [
            -0.16758660972118378,
            -0.1628931611776352,
            0.9723068475723267,
            0.0
          ],
          [
            0.0,
            0.0,
            0.0,
            1.0
          ]
        ],
        "rotation_mode": "QUATERNION"
      },
      "armature_space": {
        "head": {
          "x": -0.024004634469747543,
          "y": -0.0333237424492836,
          "z": 0.5596248507499695
        },
        "tail": {
          "x": -0.004031635820865631,
          "y": -0.051667675375938416,
          "z": 0.6584951281547546
        }
      },
      "world_space": {
        "head": {
          "x": -0.024004634469747543,
          "y": 0.02992025762796402,
          "z": 1.5094788074493408
        },
        "tail": {
          "x": -0.004031635820865631,
          "y": 0.011576324701309204,
          "z": 1.608349084854126
        },
        "rotation_quaternion": {
          "w": 0.6122268438339233,
          "x": 0.7639248967170715,
          "y": 0.18898159265518188,
          "z": 0.07670174539089203
        },
        "matrix": [
          [
            0.9168052673339844,
            0.19481796026229858,
            0.34858882427215576,
            -0.024004634469747543
          ],
          [
            0.3826541304588318,
            -0.178927943110466,
            -0.9064000844955444,
            0.02992025762796402
          ],
          [
            -0.11421112716197968,
            0.9643875360488892,
            -0.23859241604804993,
            1.5094788074493408
          ],
          [
            0.0,
            0.0,
            0.0,
            1.0
          ]
        ]
      },
      "bone_length_armature_space": 0.10252196220450766,
      "parent": "spine_01",
      "has_children": true,
      "is_end_bone": false
    },
    "head": {
      "name": "head",
      "local": {
        "location": {
          "x": 0.0,
          "y": 0.0,
          "z": 0.0
        },
        "rotation_quaternion": {
          "w": 0.9835895895957947,
          "x": -0.1494726985692978,
          "y": -0.05202586203813553,
          "z": 0.08661918342113495
        },
        "scale": {
          "x": 1.0,
          "y": 1.0,
          "z": 1.0
        },
        "matrix_basis": [
          [
            0.9795808792114258,
            -0.1548425555229187,
            -0.12823860347270966,
            0.0
          ],
          [
            0.18594834208488464,
            0.9403100609779358,
            0.2850266993045807,
            0.0
          ],
          [
            0.07644978910684586,
            -0.30305245518684387,
            0.9499024152755737,
            0.0
          ],
          [
            0.0,
            0.0,
            0.0,
            1.0
          ]
        ],
        "rotation_mode": "QUATERNION"
      },
      "armature_space": {
        "head": {
          "x": -0.004031596705317497,
          "y": -0.05166780203580856,
          "z": 0.6584950089454651
        },
        "tail": {
          "x": -0.03650553524494171,
          "y": 0.00544082373380661,
          "z": 0.7989845871925354
        }
      },
      "world_space": {
        "head": {
          "x": -0.004031596705317497,
          "y": 0.011576198041439056,
          "z": 1.608349084854126
        },
        "tail": {
          "x": -0.03650553524494171,
          "y": 0.06868482381105423,
          "z": 1.7488386631011963
        },
        "rotation_quaternion": {
          "w": 0.8251284956932068,
          "x": 0.5375245809555054,
          "y": 0.05724679306149483,
          "z": 0.1641746312379837
        },
        "matrix": [
          [
            0.939538836479187,
            -0.2093874216079712,
            0.2709685266017914,
            -0.004031596705317497
          ],
          [
            0.3324744403362274,
            0.3682284355163574,
            -0.8682563304901123,
            0.011576198041439056
          ],
          [
            0.08202449232339859,
            0.9058570265769958,
            0.4155828356742859,
            1.608349084854126
          ],
          [
            0.0,
            0.0,
            0.0,
            1.0
          ]
        ]
      },
      "bone_length_armature_space": 0.1550911779879783,
      "parent": "neck_01",
      "has_children": false,
      "is_end_bone": true
    },
    "upperarm_l": {
      "name": "upperarm_l",
      "local": {
        "location": {
          "x": 0.0,
          "y": 0.0,
          "z": 0.0
        },
        "rotation_quaternion": {
          "w": 0.8928439617156982,
          "x": 0.2530343234539032,
          "y": 0.3235231637954712,
          "z": 0.18475964665412903
        },
        "scale": {
          "x": 1.0,
          "y": 1.0,
          "z": 1.0
        },
        "matrix_basis": [
          [
            0.722393274307251,
            -0.16619813442230225,
            0.6712124943733215,
            0.0
          ],
          [
            0.4936479926109314,
            0.8036749958992004,
            -0.3322922885417938,
            0.0
          ],
          [
            -0.484210342168808,
            0.5713883638381958,
            0.662612795829773,
            0.0
          ],
          [
            0.0,
            0.0,
            0.0,
            1.0
          ]
        ],
        "rotation_mode": "QUATERNION"
      },
      "armature_space": {
        "head": {
          "x": 0.12853065133094788,
          "y": -0.014942001551389694,
          "z": 0.5011252164840698
        },
        "tail": {
          "x": 0.3667970299720764,
          "y": -0.12686787545681,
          "z": 0.5512188076972961
        }
      },
      "world_space": {
        "head": {
          "x": 0.12853065133094788,
          "y": 0.048301998525857925,
          "z": 1.450979232788086
        },
        "tail": {
          "x": 0.3667970299720764,
          "y": -0.06362387537956238,
          "z": 1.501072883605957
        },
        "rotation_quaternion": {
          "w": 0.2788473665714264,
          "x": 0.794887125492096,
          "y": 0.46195510029792786,
          "z": -0.2774817645549774
        },
        "matrix": [
          [
            0.41920205950737,
            0.8891551494598389,
            -0.18350163102149963,
            0.12853065133094788
          ],
          [
            0.5796548128128052,
            -0.4176815152168274,
            -0.6996732950210571,
            0.048301998525857925
          ],
          [
            -0.6987675428390503,
            0.18693777918815613,
            -0.69050133228302,
            1.450979232788086
          ],
          [
            0.0,
            0.0,
            0.0,
            1.0
          ]
        ]
      },
      "bone_length_armature_space": 0.2679694704853804,
      "parent": "spine_01",
      "has_children": true,
      "is_end_bone": false
    },
    "lowerarm_l": {
      "name": "lowerarm_l",
      "local": {
        "location": {
          "x": 0.0,
          "y": 0.0,
          "z": 0.0
        },
        "rotation_quaternion": {
          "w": 0.9720666408538818,
          "x": 0.1839618682861328,
          "y": -0.12933644652366638,
          "z": 0.06720592081546783
        },
        "scale": {
          "x": 1.0,
          "y": 1.0,
          "z": 1.0
        },
        "matrix_basis": [
          [
            0.9575108885765076,
            -0.1782432198524475,
            -0.2267206311225891,
            0.0
          ],
          [
            0.08307132124900818,
            0.92328280210495,
            -0.3750307261943817,
            0.0
          ],
          [
            0.2761739492416382,
            0.3402620553970337,
            0.8988602161407471,
            0.0
          ],
          [
            0.0,
            0.0,
            0.0,
            1.0
          ]
        ],
        "rotation_mode": "QUATERNION"
      },
      "armature_space": {
        "head": {
          "x": 0.3667970895767212,
          "y": -0.12686802446842194,
          "z": 0.5512188673019409
        },
        "tail": {
          "x": 0.5193292498588562,
          "y": -0.3457116484642029,
          "z": 0.5714864134788513
        }
      },
      "world_space": {
        "head": {
          "x": 0.3667970895767212,
          "y": -0.06362402439117432,
          "z": 1.501072883605957
        },
        "tail": {
          "x": 0.5193292498588562,
          "y": -0.28246766328811646,
          "z": 1.5213403701782227
        },
        "rotation_quaternion": {
          "w": 0.19072407484054565,
          "x": 0.8116093277931213,
          "y": 0.23368370532989502,
          "z": -0.5003065466880798
        },
        "matrix": [
          [
            0.3901701867580414,
            0.5701614618301392,
            -0.7229682207107544,
            0.3667970895767212
          ],
          [
            0.18847888708114624,
            -0.8180320858955383,
            -0.5434147119522095,
            -0.06362402439117432
          ],
          [
            -0.9012512564659119,
            0.07575969398021698,
            -0.4266386032104492,
            1.501072883605957
          ],
          [
            0.0,
            0.0,
            0.0,
            1.0
          ]
        ]
      },
      "bone_length_armature_space": 0.26752451656371407,
      "parent": "upperarm_l",
      "has_children": true,
      "is_end_bone": false
    },
    "metacarpal_thumb_l": {
      "name": "metacarpal_thumb_l",
      "local": {
        "location": {
          "x": 0.0,
          "y": 0.0,
          "z": 0.0
        },
        "rotation_quaternion": {
          "w": 0.9998688697814941,
          "x": -0.010060531087219715,
          "y": -0.01266445778310299,
          "z": 0.0009126021759584546
        },
        "scale": {
          "x": 1.0,
          "y": 1.0,
          "z": 1.0
        },
        "matrix_basis": [
          [
            0.9996775388717651,
            -0.0015701426891610026,
            -0.02534395642578602,
            0.0
          ],
          [
            0.0020797874312847853,
            0.9997959136962891,
            0.020095309242606163,
            0.0
          ],
          [
            0.02530723251402378,
            -0.020141538232564926,
            0.9994767904281616,
            0.0
          ],
          [
            0.0,
            0.0,
            0.0,
            1.0
          ]
        ],
        "rotation_mode": "QUATERNION"
      },
      "armature_space": {
        "head": {
          "x": 0.5193292498588562,
          "y": -0.3457116484642029,
          "z": 0.5714864134788513
        },
        "tail": {
          "x": 0.5236678719520569,
          "y": -0.39212098717689514,
          "z": 0.5547252297401428
        }
      },
      "world_space": {
        "head": {
          "x": 0.5193292498588562,
          "y": -0.28246766328811646,
          "z": 1.5213403701782227
        },
        "tail": {
          "x": 0.5236678719520569,
          "y": -0.32887697219848633,
          "z": 1.5045793056488037
        },
        "rotation_quaternion": {
          "w": 0.17674612998962402,
          "x": -0.972170889377594,
          "y": -0.017269311472773552,
          "z": -0.15279577672481537
        },
        "matrix": [
          [
            0.9527104496955872,
            0.08758942782878876,
            0.29098236560821533,
            0.5193292498588562
          ],
          [
            -0.020434468984603882,
            -0.9369253516197205,
            0.3489316403865814,
            -0.28246766328811646
          ],
          [
            0.3031936287879944,
            -0.3383800983428955,
            -0.890834629535675,
            1.5213403701782227
          ],
          [
            0.0,
            0.0,
            0.0,
            1.0
          ]
        ]
      },
      "bone_length_armature_space": 0.04953370118148129,
      "parent": "lowerarm_l",
      "has_children": true,
      "is_end_bone": false
    },
    "thumb_01_l": {
      "name": "thumb_01_l",
      "local": {
        "location": {
          "x": 0.0,
          "y": 0.0,
          "z": 0.0
        },
        "rotation_quaternion": {
          "w": 0.9996627569198608,
          "x": -0.015875663608312607,
          "y": -0.013256601057946682,
          "z": -0.01571022719144821
        },
        "scale": {
          "x": 1.0,
          "y": 1.0,
          "z": 1.0
        },
        "matrix_basis": [
          [
            0.9991549253463745,
            0.03183077275753021,
            -0.026005439460277557,
            0.0
          ],
          [
            -0.030988942831754684,
            0.9990022778511047,
            0.03215714916586876,
            0.0
          ],
          [
            0.027003081515431404,
            -0.03132409229874611,
            0.999144434928894,
            0.0
          ],
          [
            0.0,
            0.0,
            0.0,
            1.0
          ]
        ],
        "rotation_mode": "QUATERNION"
      },
      "armature_space": {
        "head": {
          "x": 0.5236678719520569,
          "y": -0.39212098717689514,
          "z": 0.5547252297401428
        },
        "tail": {
          "x": 0.5278609991073608,
          "y": -0.4052092134952545,
          "z": 0.5235843658447266
        }
      },
      "world_space": {
        "head": {
          "x": 0.5236678719520569,
          "y": -0.32887697219848633,
          "z": 1.5045793056488037
        },
        "tail": {
          "x": 0.5278609991073608,
          "y": -0.3419651985168457,
          "z": 1.4734383821487427
        },
        "rotation_quaternion": {
          "w": 0.40650463104248047,
          "x": -0.5286782383918762,
          "y": 0.3774891793727875,
          "z": -0.6424602270126343
        },
        "matrix": [
          [
            -0.11050702631473541,
            0.12318739295005798,
            0.9862114787101746,
            0.5236678719520569
          ],
          [
            -0.9214668273925781,
            -0.38451167941093445,
            -0.055223025381565094,
            -0.32887697219848633
          ],
          [
            0.37240877747535706,
            -0.9148704409599304,
            0.15600541234016418,
            1.5045793056488037
          ],
          [
            0.0,
            0.0,
            0.0,
            1.0
          ]
        ]
      },
      "bone_length_armature_space": 0.034038763335196016,
      "parent": "metacarpal_thumb_l",
      "has_children": true,
      "is_end_bone": false
    },
    "thumb_02_l": {
      "name": "thumb_02_l",
      "local": {
        "location": {
          "x": 0.0,
          "y": 0.0,
          "z": 0.0
        },
        "rotation_quaternion": {
          "w": 0.9977494478225708,
          "x": 0.06685914844274521,
          "y": 0.004379909485578537,
          "z": 0.002621969673782587
        },
        "scale": {
          "x": 1.0,
          "y": 1.0,
          "z": 1.0
        },
        "matrix_basis": [
          [
            0.9999479055404663,
            -0.004646463319659233,
            0.009090709500014782,
            0.0
          ],
          [
            0.005817811470478773,
            0.9910459518432617,
            -0.13339439034461975,
            0.0
          ],
          [
            -0.00838949903845787,
            0.13344033062458038,
            0.9910213351249695,
            0.0
          ],
          [
            0.0,
            0.0,
            0.0,
            1.0
          ]
        ],
        "rotation_mode": "QUATERNION"
      },
      "armature_space": {
        "head": {
          "x": 0.5278609395027161,
          "y": -0.40520918369293213,
          "z": 0.5235843658447266
        },
        "tail": {
          "x": 0.552749752998352,
          "y": -0.4367305636405945,
          "z": 0.523944616317749
        }
      },
      "world_space": {
        "head": {
          "x": 0.5278609395027161,
          "y": -0.3419651985168457,
          "z": 1.4734383821487427
        },
        "tail": {
          "x": 0.552749752998352,
          "y": -0.37348657846450806,
          "z": 1.4737986326217651
        },
        "rotation_quaternion": {
          "w": 0.3248986005783081,
          "x": -0.1164107695221901,
          "y": -0.045128338038921356,
          "z": -0.9374715089797974
        },
        "matrix": [
          [
            -0.7617788314819336,
            0.6196734309196472,
            0.18893910944461823,
            0.5278609395027161
          ],
          [
            -0.5986594557762146,
            -0.7848084568977356,
            0.16025735437870026,
            -0.3419651985168457
          ],
          [
            0.2475893497467041,
            0.008969858288764954,
            0.9688307046890259,
            1.4734383821487427
          ],
          [
            0.0,
            0.0,
            0.0,
            1.0
          ]
        ]
      },
      "bone_length_armature_space": 0.040164415180687967,
      "parent": "thumb_01_l",
      "has_children": true,
      "is_end_bone": false
    },
    "thumb_03_l": {
      "name": "thumb_03_l",
      "local": {
        "location": {
          "x": 0.0,
          "y": 0.0,
          "z": 0.0
        },
        "rotation_quaternion": {
          "w": 0.9979506731033325,
          "x": 0.06367769837379456,
          "y": -0.004576272796839476,
          "z": 0.004329998977482319
        },
        "scale": {
          "x": 1.0,
          "y": 1.0,
          "z": 1.0
        },
        "matrix_basis": [
          [
            0.9999206066131592,
            -0.00922506395727396,
            -0.0085823405534029,
            0.0
          ],
          [
            0.00805943738669157,
            0.9918528199195862,
            -0.1271340399980545,
            0.0
          ],
          [
            0.009685237891972065,
            0.12705478072166443,
            0.9918484091758728,
            0.0
          ],
          [
            0.0,
            0.0,
            0.0,
            1.0
          ]
        ],
        "rotation_mode": "QUATERNION"
      },
      "armature_space": {
        "head": {
          "x": 0.5527496933937073,
          "y": -0.4367305338382721,
          "z": 0.523944616317749
        },
        "tail": {
          "x": 0.5749901533126831,
          "y": -0.4545304477214813,
          "z": 0.534687876701355
        }
      },
      "world_space": {
        "head": {
          "x": 0.5527496933937073,
          "y": -0.3734865188598633,
          "z": 1.4737986326217651
        },
        "tail": {
          "x": 0.5749901533126831,
          "y": -0.3912864327430725,
          "z": 1.484541893005371
        },
        "rotation_quaternion": {
          "w": 0.43308913707733154,
          "x": 0.11857357621192932,
          "y": -0.1417873501777649,
          "z": -0.8821964859962463
        },
        "matrix": [
          [
            -0.5967479944229126,
            0.73051518201828,
            -0.33202365040779114,
            0.5527496933937073
          ],
          [
            -0.7977639436721802,
            -0.5846601128578186,
            0.14746209979057312,
            -0.3734865188598633
          ],
          [
            -0.08639908581972122,
            0.3528761863708496,
            0.9316800236701965,
            1.4737986326217651
          ],
          [
            0.0,
            0.0,
            0.0,
            1.0
          ]
        ]
      },
      "bone_length_armature_space": 0.03044491127223067,
      "parent": "thumb_02_l",
      "has_children": false,
      "is_end_bone": true
    },
    "metacarpal_index_l": {
      "name": "metacarpal_index_l",
      "local": {
        "location": {
          "x": 0.0,
          "y": 0.0,
          "z": 0.0
        },
        "rotation_quaternion": {
          "w": 0.9995114207267761,
          "x": -0.02881413698196411,
          "y": -0.008370409719645977,
          "z": -0.008762912824749947
        },
        "scale": {
          "x": 1.0,
          "y": 1.0,
          "z": 1.0
        },
        "matrix_basis": [
          [
            0.9997062683105469,
            0.017999636009335518,
            -0.01622764952480793,
            0.0
          ],
          [
            -0.01703489013016224,
            0.998185932636261,
            0.05774681642651558,
            0.0
          ],
          [
            0.017237631604075432,
            -0.057453420013189316,
            0.9981993436813354,
            0.0
          ],
          [
            0.0,
            0.0,
            0.0,
            1.0
          ]
        ],
        "rotation_mode": "QUATERNION"
      },
      "armature_space": {
        "head": {
          "x": 0.5193292498588562,
          "y": -0.3457116484642029,
          "z": 0.5714864134788513
        },
        "tail": {
          "x": 0.5625395774841309,
          "y": -0.4544646739959717,
          "z": 0.5655813217163086
        }
      },
      "world_space": {
        "head": {
          "x": 0.5193292498588562,
          "y": -0.28246766328811646,
          "z": 1.5213403701782227
        },
        "tail": {
          "x": 0.5625395774841309,
          "y": -0.39122068881988525,
          "z": 1.5154353380203247
        },
        "rotation_quaternion": {
          "w": 0.006562990602105856,
          "x": -0.9768514037132263,
          "y": -0.18942469358444214,
          "z": 0.09918038547039032
        },
        "matrix": [
          [
            0.9085630178451538,
            0.36877766251564026,
            -0.1962554007768631,
            0.5193292498588562
          ],
          [
            0.37138140201568604,
            -0.9281505942344666,
            -0.02475304901599884,
            -0.28246766328811646
          ],
          [
            -0.19128383696079254,
            -0.050397150218486786,
            -0.9802471995353699,
            1.5213403701782227
          ],
          [
            0.0,
            0.0,
            0.0,
            1.0
          ]
        ]
      },
      "bone_length_armature_space": 0.11717176578550463,
      "parent": "lowerarm_l",
      "has_children": true,
      "is_end_bone": false
    },
    "index_01_l": {
      "name": "index_01_l",
      "local": {
        "location": {
          "x": 0.0,
          "y": 0.0,
          "z": 0.0
        },
        "rotation_quaternion": {
          "w": 0.9973477125167847,
          "x": -0.07237150520086288,
          "y": 0.005506934132426977,
          "z": -0.005453274119645357
        },
        "scale": {
          "x": 1.0,
          "y": 1.0,
          "z": 1.0
        },
        "matrix_basis": [
          [
            0.9998798966407776,
            0.010080530308187008,
            0.011773979291319847,
            0.0
          ],
          [
            -0.011674711480736732,
            0.9894652366638184,
            0.14429904520511627,
            0.0
          ],
          [
            -0.010195332579314709,
            -0.14441917836666107,
            0.9894641041755676,
            0.0
          ],
          [
            0.0,
            0.0,
            0.0,
            1.0
          ]
        ],
        "rotation_mode": "QUATERNION"
      },
      "armature_space": {
        "head": {
          "x": 0.5625395774841309,
          "y": -0.4544646739959717,
          "z": 0.5655813217163086
        },
        "tail": {
          "x": 0.5823812484741211,
          "y": -0.47443607449531555,
          "z": 0.5701113343238831
        }
      },
      "world_space": {
        "head": {
          "x": 0.5625395774841309,
          "y": -0.39122068881988525,
          "z": 1.5154353380203247
        },
        "tail": {
          "x": 0.5823812484741211,
          "y": -0.41119205951690674,
          "z": 1.519965410232544
        },
        "rotation_quaternion": {
          "w": 0.1007685735821724,
          "x": 0.9213636517524719,
          "y": 0.3736935555934906,
          "z": -0.035887982696294785
        },
        "matrix": [
          [
            0.718130350112915,
            0.6958479881286621,
            0.009181730449199677,
            0.5625395774841309
          ],
          [
            0.6813827157020569,
            -0.7003974914550781,
            -0.21251165866851807,
            -0.39122068881988525
          ],
          [
            -0.14144520461559296,
            0.15886777639389038,
            -0.97712242603302,
            1.5154353380203247
          ],
          [
            0.0,
            0.0,
            0.0,
            1.0
          ]
        ]
      },
      "bone_length_armature_space": 0.028514378361761822,
      "parent": "metacarpal_index_l",
      "has_children": true,
      "is_end_bone": false
    },
    "index_02_l": {
      "name": "index_02_l",
      "local": {
        "location": {
          "x": 0.0,
          "y": 0.0,
          "z": 0.0
        },
        "rotation_quaternion": {
          "w": 0.9998695850372314,
          "x": 0.01320768054574728,
          "y": 0.006981383543461561,
          "z": -0.006136942654848099
        },
        "scale": {
          "x": 1.0,
          "y": 1.0,
          "z": 1.0
        },
        "matrix_basis": [
          [
            0.9998272061347961,
            0.012456700205802917,
            0.01379883661866188,
            0.0
          ],
          [
            -0.01208786852657795,
            0.9995757937431335,
            -0.026497604325413704,
            0.0
          ],
          [
            -0.014123056083917618,
            0.02632622793316841,
            0.9995536208152771,
            0.0
          ],
          [
            0.0,
            0.0,
            0.0,
            1.0
          ]
        ],
        "rotation_mode": "QUATERNION"
      },
      "armature_space": {
        "head": {
          "x": 0.5823813676834106,
          "y": -0.47443655133247375,
          "z": 0.5701111555099487
        },
        "tail": {
          "x": 0.6009843349456787,
          "y": -0.491616427898407,
          "z": 0.5742185711860657
        }
      },
      "world_space": {
        "head": {
          "x": 0.5823813676834106,
          "y": -0.41119253635406494,
          "z": 1.5199651718139648
        },
        "tail": {
          "x": 0.6009843349456787,
          "y": -0.42837244272232056,
          "z": 1.5240726470947266
        },
        "rotation_quaternion": {
          "w": 0.11364436894655228,
          "x": 0.9117036461830139,
          "y": 0.39017608761787415,
          "z": -0.06036791950464249
        },
        "matrix": [
          [
            0.688236653804779,
            0.7251706719398499,
            -0.021392179653048515,
            0.5823813676834106
          ],
          [
            0.6977290511131287,
            -0.6696950197219849,
            -0.2543286979198456,
            -0.41119253635406494
          ],
          [
            -0.1987585723400116,
            0.16011285781860352,
            -0.9668883085250854,
            1.5199651718139648
          ],
          [
            0.0,
            0.0,
            0.0,
            1.0
          ]
        ]
      },
      "bone_length_armature_space": 0.02565325367624715,
      "parent": "index_01_l",
      "has_children": true,
      "is_end_bone": false
    },
    "index_03_l": {
      "name": "index_03_l",
      "local": {
        "location": {
          "x": 0.0,
          "y": 0.0,
          "z": 0.0
        },
        "rotation_quaternion": {
          "w": 0.9977138638496399,
          "x": 0.06741596758365631,
          "y": 0.001982041634619236,
          "z": -0.004280261229723692
        },
        "scale": {
          "x": 1.0,
          "y": 1.0,
          "z": 1.0
        },
        "matrix_basis": [
          [
            0.9999554753303528,
            0.008808194659650326,
            0.0033779048826545477,
            0.0
          ],
          [
            -0.008273709565401077,
            0.9908735156059265,
            -0.13454066216945648,
            0.0
          ],
          [
            -0.004532136954367161,
            0.1345067173242569,
            0.990902304649353,
            0.0
          ],
          [
            0.0,
            0.0,
            0.0,
            1.0
          ]
        ],
        "rotation_mode": "QUATERNION"
      },
      "armature_space": {
        "head": {
          "x": 0.6009843349456787,
          "y": -0.4916163980960846,
          "z": 0.5742186903953552
        },
        "tail": {
          "x": 0.6235542893409729,
          "y": -0.510028064250946,
          "z": 0.571908175945282
        }
      },
      "world_space": {
        "head": {
          "x": 0.6009843349456787,
          "y": -0.4283723831176758,
          "z": 1.5240726470947266
        },
        "tail": {
          "x": 0.6235542893409729,
          "y": -0.4467840790748596,
          "z": 1.5217621326446533
        },
        "rotation_quaternion": {
          "w": 0.0067232889123260975,
          "x": -0.899444580078125,
          "y": -0.42998605966567993,
          "z": 0.07788757234811783
        },
        "matrix": [
          [
            0.6180909276008606,
            0.7724498510360718,
            -0.14589303731918335,
            0.6009843349456787
          ],
          [
            0.7745445370674133,
            -0.6301335692405701,
            -0.054887689650058746,
            -0.4283723831176758
          ],
          [
            -0.1343301683664322,
            -0.07907620817422867,
            -0.9877835512161255,
            1.5240726470947266
          ],
          [
            0.0,
            0.0,
            0.0,
            1.0
          ]
        ]
      },
      "bone_length_armature_space": 0.02921867148824355,
      "parent": "index_02_l",
      "has_children": false,
      "is_end_bone": true
    },
    "metacarpal_pinky_l": {
      "name": "metacarpal_pinky_l",
      "local": {
        "location": {
          "x": 0.0,
          "y": 0.0,
          "z": 0.0
        },
        "rotation_quaternion": {
          "w": 0.9997392296791077,
          "x": 0.020163828507065773,
          "y": 0.0010352364042773843,
          "z": -0.010678268037736416
        },
        "scale": {
          "x": 1.0,
          "y": 1.0,
          "z": 1.0
        },
        "matrix_basis": [
          [
            0.9997698068618774,
            0.021392716094851494,
            0.001639303402043879,
            0.0
          ],
          [
            -0.02130921743810177,
            0.9989587664604187,
            -0.04033925011754036,
            0.0
          ],
          [
            -0.0025005624629557133,
            0.04029503092169762,
            0.9991846680641174,
            0.0
          ],
          [
            0.0,
            0.0,
            0.0,
            1.0
          ]
        ],
        "rotation_mode": "QUATERNION"
      },
      "armature_space": {
        "head": {
          "x": 0.5193292498588562,
          "y": -0.3457116484642029,
          "z": 0.5714864134788513
        },
        "tail": {
          "x": 0.5958747863769531,
          "y": -0.41268154978752136,
          "z": 0.5938253998756409
        }
      },
      "world_space": {
        "head": {
          "x": 0.5193292498588562,
          "y": -0.28246766328811646,
          "z": 1.5213403701782227
        },
        "tail": {
          "x": 0.5958747863769531,
          "y": -0.34943753480911255,
          "z": 1.5436794757843018
        },
        "rotation_quaternion": {
          "w": 0.4199746549129486,
          "x": 0.34582945704460144,
          "y": 0.045325666666030884,
          "z": -0.8378358483314514
        },
        "matrix": [
          [
            -0.40804600715637207,
            0.7350906729698181,
            -0.5414241552352905,
            0.5193292498588562
          ],
          [
            -0.6723902225494385,
            -0.6431326866149902,
            -0.36643147468566895,
            -0.28246766328811646
          ],
          [
            -0.6175727844238281,
            0.21452832221984863,
            0.7567002773284912,
            1.5213403701782227
          ],
          [
            0.0,
            0.0,
            0.0,
            1.0
          ]
        ]
      },
      "bone_length_armature_space": 0.10413076942029979,
      "parent": "lowerarm_l",
      "has_children": true,
      "is_end_bone": false
    },
    "pinky_01_l": {
      "name": "pinky_01_l",
      "local": {
        "location": {
          "x": 0.0,
          "y": 0.0,
          "z": 0.0
        },
        "rotation_quaternion": {
          "w": 0.9648652076721191,
          "x": 0.2624693512916565,
          "y": -0.003908687271177769,
          "z": 0.011396307498216629
        },
        "scale": {
          "x": 1.0,
          "y": 1.0,
          "z": 1.0
        },
        "matrix_basis": [
          [
            0.9997096657752991,
            -0.024043623358011246,
            -0.0015603498322889209,
            0.0
          ],
          [
            0.019939979538321495,
            0.8619599342346191,
            -0.5065841674804688,
            0.0
          ],
          [
            0.013525075279176235,
            0.5064060091972351,
            0.8621891140937805,
            0.0
          ],
          [
            0.0,
            0.0,
            0.0,
            1.0
          ]
        ],
        "rotation_mode": "QUATERNION"
      },
      "armature_space": {
        "head": {
          "x": 0.5958747863769531,
          "y": -0.41268154978752136,
          "z": 0.5938253998756409
        },
        "tail": {
