{
  "metadata": {
    "armature_name": "KIM_caucasian_male",
    "export_time": "2026-01-13T21:07:25.880485",
    "blender_version": "4.4.1",
    "bone_count": 56,
    "end_bone_count": 13,
    "spaces_included": [
      "LOCAL_CHANNELS",
      "ARMATURE_SPACE",
      "WORLD_SPACE"
    ],
    "note": "LOCAL matches Transform panel; replay pose via local.matrix_basis for best fidelity."
  },
  "bones": {
    "Root": {
      "name": "Root",
      "local": {
        "location": {
          "x": 0.0,
          "y": 0.0,
          "z": 0.0
        },
        "rotation_quaternion": {
          "w": 0.9998395442962646,
          "x": 0.008554412983357906,
          "y": 0.01459463220089674,
          "z": 0.005892906337976456
        },
        "scale": {
          "x": 1.0,
          "y": 1.0,
          "z": 1.0
        },
        "matrix_basis": [
          [
            0.999504566192627,
            -0.011534224264323711,
            0.029285401105880737,
            0.0
          ],
          [
            0.012033618986606598,
            0.9997841715812683,
            -0.016934070736169815,
            0.0
          ],
          [
            -0.02908376045525074,
            0.017278090119361877,
            0.9994276165962219,
            0.0
          ],
          [
            0.0,
            0.0,
            0.0,
            1.0
          ]
        ],
        "rotation_mode": "QUATERNION"
      },
      "armature_space": {
        "head": {
          "x": 0.0,
          "y": 0.07072800397872925,
          "z": -0.009595036506652832
        },
        "tail": {
          "x": -0.0008232652908191085,
          "y": -0.00015051662921905518,
          "z": -0.0012241248041391373
        }
      },
      "world_space": {
        "head": {
          "x": 0.0,
          "y": 0.13397200405597687,
          "z": 0.9402589797973633
        },
        "tail": {
          "x": -0.0008232652908191085,
          "y": 0.06309348344802856,
          "z": 0.9486299157142639
        },
        "rotation_quaternion": {
          "w": 0.05882186070084572,
          "x": 0.9981444478034973,
          "y": -0.00489630876109004,
          "z": 0.014958467334508896
        },
        "matrix": [
          [
            0.999504566192627,
            -0.011534224264323711,
            0.029285401105880737,
            0.0
          ],
          [
            -0.008014670573174953,
            -0.9930319786071777,
            -0.11757238209247589,
            0.13397200405597687
          ],
          [
            0.0304376520216465,
            0.1172792986035347,
            -0.992639422416687,
            0.9402589797973633
          ],
          [
            0.0,
            0.0,
            0.0,
            1.0
          ]
        ]
      },
      "bone_length_armature_space": 0.07137587017050447,
      "parent": null,
      "has_children": true,
      "is_end_bone": false
    },
    "spine_01": {
      "name": "spine_01",
      "local": {
        "location": {
          "x": 0.0,
          "y": 0.0,
          "z": 0.0
        },
        "rotation_quaternion": {
          "w": 0.998367428779602,
          "x": 0.027190502732992172,
          "y": -0.05020887404680252,
          "z": -0.0015279592480510473
        },
        "scale": {
          "x": 1.0,
          "y": 1.0,
          "z": 1.0
        },
        "matrix_basis": [
          [
            0.994953453540802,
            0.00032052042661234736,
            -0.10033690184354782,
            0.0
          ],
          [
            -0.0057813385501503944,
            0.9985166788101196,
            -0.05413879081606865,
            0.0
          ],
          [
            0.10017071664333344,
            0.05444565787911415,
            0.9934794902801514,
            0.0
          ],
          [
            0.0,
            0.0,
            0.0,
            1.0
          ]
        ],
        "rotation_mode": "QUATERNION"
      },
      "armature_space": {
        "head": {
          "x": -0.0008232652908191085,
          "y": -0.00015051662921905518,
          "z": -0.0012241248041391373
        },
        "tail": {
          "x": -0.015612958930432796,
          "y": -0.012207011692225933,
          "z": 0.4864073097705841
        }
      },
      "world_space": {
        "head": {
          "x": -0.0008232652908191085,
          "y": 0.06309348344802856,
          "z": 0.9486299157142639
        },
        "tail": {
          "x": -0.015612958930432796,
          "y": 0.05103698745369911,
          "z": 1.4362612962722778
        },
        "rotation_quaternion": {
          "w": 0.6966353058815002,
          "x": 0.7152414917945862,
          "y": -0.04843674600124359,
          "z": -0.02797827497124672
        },
        "matrix": [
          [
            0.9937421679496765,
            -0.030306674540042877,
            -0.1075081154704094,
            -0.0008232652908191085
          ],
          [
            -0.10826940834522247,
            -0.02470587007701397,
            -0.9938145875930786,
            0.06309348344802856
          ],
          [
            0.02746322751045227,
            0.9992422461509705,
            -0.02783365361392498,
            0.9486299157142639
          ],
          [
            0.0,
            0.0,
            0.0,
            1.0
          ]
        ]
      },
      "bone_length_armature_space": 0.48800462046739085,
      "parent": "Root",
      "has_children": true,
      "is_end_bone": false
    },
    "neck_01": {
      "name": "neck_01",
      "local": {
        "location": {
          "x": 0.0,
          "y": 0.0,
          "z": 0.0
        },
        "rotation_quaternion": {
          "w": 0.9976024627685547,
          "x": 0.06569913774728775,
          "y": -0.0003748999733943492,
          "z": -0.021744776517152786
        },
        "scale": {
          "x": 1.0,
          "y": 1.0,
          "z": 1.0
        },
        "matrix_basis": [
          [
            0.9990540742874146,
            0.04333602264523506,
            -0.0036052283830940723,
            0.0
          ],
          [
            -0.043434545397758484,
            0.9904215931892395,
            -0.1310669332742691,
            0.0
          ],
          [
            -0.0021092239767313004,
            0.13109955191612244,
            0.991366982460022,
            0.0
          ],
          [
            0.0,
            0.0,
            0.0,
            1.0
          ]
        ],
        "rotation_mode": "QUATERNION"
      },
      "armature_space": {
        "head": {
          "x": -0.021560396999120712,
          "y": -0.04848186671733856,
          "z": 0.5586050152778625
        },
        "tail": {
          "x": -0.025344904512166977,
          "y": -0.10185399651527405,
          "z": 0.6460568308830261
        }
      },
      "world_space": {
        "head": {
          "x": -0.021560396999120712,
          "y": 0.014762133359909058,
          "z": 1.5084590911865234
        },
        "tail": {
          "x": -0.025344904512166977,
          "y": -0.03860999643802643,
          "z": 1.5959107875823975
        },
        "rotation_quaternion": {
          "w": 0.48822903633117676,
          "x": 0.8715198040008545,
          "y": -0.03653263300657272,
          "z": -0.027408793568611145
        },
        "matrix": [
          [
            0.9958282709121704,
            -0.03691434860229492,
            -0.08344727009534836,
            -0.021560396999120712
          ],
          [
            -0.09044144302606583,
            -0.520595371723175,
            -0.849000096321106,
            0.014762133359909058
          ],
          [
            -0.012102131731808186,
            0.8530107140541077,
            -0.5217665433883667,
            1.5084590911865234
          ],
          [
            0.0,
            0.0,
            0.0,
            1.0
          ]
        ]
      },
      "bone_length_armature_space": 0.10252183662346524,
      "parent": "spine_01",
      "has_children": true,
      "is_end_bone": false
    },
    "head": {
      "name": "head",
      "local": {
        "location": {
          "x": 0.0,
          "y": 0.0,
          "z": 0.0
        },
        "rotation_quaternion": {
          "w": 0.9820590019226074,
          "x": 0.0061754765920341015,
          "y": -0.15604418516159058,
          "z": -0.10569864511489868
        },
        "scale": {
          "x": 1.0,
          "y": 1.0,
          "z": 1.0
        },
        "matrix_basis": [
          [
            0.9289560317993164,
            0.2056773155927658,
            -0.3077946603298187,
            0.0
          ],
          [
            -0.20953190326690674,
            0.9775792956352234,
            0.020857952535152435,
            0.0
          ],
          [
            0.3051837086677551,
            0.04511668160557747,
            0.951224148273468,
            0.0
          ],
          [
            0.0,
            0.0,
            0.0,
            1.0
          ]
        ],
        "rotation_mode": "QUATERNION"
      },
      "armature_space": {
        "head": {
          "x": -0.025344915688037872,
          "y": -0.1018541008234024,
          "z": 0.6460567116737366
        },
        "tail": {
          "x": 0.00501302070915699,
          "y": -0.1387409120798111,
          "z": 0.7936068177223206
        }
      },
      "world_space": {
        "head": {
          "x": -0.025344915688037872,
          "y": -0.038610100746154785,
          "z": 1.5959107875823975
        },
        "tail": {
          "x": 0.00501302070915699,
          "y": -0.07549691200256348,
          "z": 1.7434608936309814
        },
        "rotation_quaternion": {
          "w": 0.6152432560920715,
          "x": 0.7550030946731567,
          "y": -0.05055082589387894,
          "z": -0.22111259400844574
        },
        "matrix": [
          [
            0.897108256816864,
            0.19574372470378876,
            -0.3960822820663452,
            -0.025344915688037872
          ],
          [
            -0.34840691089630127,
            -0.23784096539020538,
            -0.9066667556762695,
            -0.038610100746154785
          ],
          [
            -0.27168112993240356,
            0.9513823986053467,
            -0.14517244696617126,
            1.5959107875823975
          ],
          [
            0.0,
            0.0,
            0.0,
            1.0
          ]
        ]
      },
      "bone_length_armature_space": 0.15509118380532227,
      "parent": "neck_01",
      "has_children": false,
      "is_end_bone": true
    },
    "upperarm_l": {
      "name": "upperarm_l",
      "local": {
        "location": {
          "x": 0.0,
          "y": 0.0,
          "z": 0.0
        },
        "rotation_quaternion": {
          "w": 0.97944176197052,
          "x": -0.18516285717487335,
          "y": -0.07622288912534714,
          "z": -0.024467047303915024
        },
        "scale": {
          "x": 1.0,
          "y": 1.0,
          "z": 1.0
        },
        "matrix_basis": [
          [
            0.9871828556060791,
            0.0761553943157196,
            -0.14025098085403442,
            0.0
          ],
          [
            -0.019700799137353897,
            0.9302321672439575,
            0.36644238233566284,
            0.0
          ],
          [
            0.15837253630161285,
            -0.35898256301879883,
            0.9198095798492432,
            0.0
          ],
          [
            0.0,
            0.0,
            0.0,
            1.0
          ]
        ],
        "rotation_mode": "QUATERNION"
      },
      "armature_space": {
        "head": {
          "x": 0.1291949301958084,
          "y": -0.06623125076293945,
          "z": 0.49547889828681946
        },
        "tail": {
          "x": 0.3846493363380432,
          "y": 0.013524048030376434,
          "z": 0.4817039966583252
        }
      },
      "world_space": {
        "head": {
          "x": 0.1291949301958084,
          "y": -0.0029872506856918335,
          "z": 1.4453328847885132
        },
        "tail": {
          "x": 0.3846493363380432,
          "y": 0.07676804810762405,
          "z": 1.4315580129623413
        },
        "rotation_quaternion": {
          "w": 0.5857173204421997,
          "x": 0.38301676511764526,
          "y": 0.5529463291168213,
          "z": -0.45219898223876953
        },
        "matrix": [
          [
            -0.020467061549425125,
            0.9532968997955322,
            0.30134063959121704,
            0.1291949301958084
          ],
          [
            -0.10614651441574097,
            0.29762834310531616,
            -0.9487625956535339,
            -0.0029872506856918335
          ],
          [
            -0.9941468834877014,
            -0.051404766738414764,
            0.09509733319282532,
            1.4453328847885132
          ],
          [
            0.0,
            0.0,
            0.0,
            1.0
          ]
        ]
      },
      "bone_length_armature_space": 0.2679694314133781,
      "parent": "spine_01",
      "has_children": true,
      "is_end_bone": false
    },
    "lowerarm_l": {
      "name": "lowerarm_l",
      "local": {
        "location": {
          "x": 0.0,
          "y": 0.0,
          "z": 0.0
        },
        "rotation_quaternion": {
          "w": 0.973038911819458,
          "x": 0.22530342638492584,
          "y": 0.039633456617593765,
          "z": -0.029373664408922195
        },
        "scale": {
          "x": 1.0,
          "y": 1.0,
          "z": 1.0
        },
        "matrix_basis": [
          [
            0.9951327443122864,
            0.07502254098653793,
            0.06389381736516953,
            0.0
          ],
          [
            -0.039304330945014954,
            0.8967511057853699,
            -0.44078636169433594,
            0.0
          ],
          [
            -0.09036576747894287,
            0.436129629611969,
            0.8953351378440857,
            0.0
          ],
          [
            0.0,
            0.0,
            0.0,
            1.0
          ]
        ],
        "rotation_mode": "QUATERNION"
      },
      "armature_space": {
        "head": {
          "x": 0.38464945554733276,
          "y": 0.013524040579795837,
          "z": 0.48170411586761475
        },
        "tail": {
          "x": 0.6424821615219116,
          "y": -0.05616606026887894,
          "z": 0.4970319867134094
        }
      },
      "world_space": {
        "head": {
          "x": 0.38464945554733276,
          "y": 0.07676804065704346,
          "z": 1.4315581321716309
        },
        "tail": {
          "x": 0.6424821615219116,
          "y": 0.007077939808368683,
          "z": 1.4468860626220703
        },
        "rotation_quaternion": {
          "w": 0.47279787063598633,
          "x": 0.5349738001823425,
          "y": 0.3823767304420471,
          "z": -0.5865607261657715
        },
        "matrix": [
          [
            0.01946992240846157,
            0.9637722373008728,
            -0.26601457595825195,
            0.38464945554733276
          ],
          [
            -0.1455264687538147,
            -0.26049989461898804,
            -0.9544433355331421,
            0.07676804065704346
          ],
          [
            -0.9891697764396667,
            0.05729523301124573,
            0.13518260419368744,
            1.4315581321716309
          ],
          [
            0.0,
            0.0,
            0.0,
            1.0
          ]
        ]
      },
      "bone_length_armature_space": 0.2675244942346897,
      "parent": "upperarm_l",
      "has_children": true,
      "is_end_bone": false
    },
    "metacarpal_thumb_l": {
      "name": "metacarpal_thumb_l",
      "local": {
        "location": {
          "x": 0.0,
          "y": 0.0,
          "z": 0.0
        },
        "rotation_quaternion": {
          "w": 0.9997403621673584,
          "x": 0.02208564057946205,
          "y": -0.0024316851049661636,
          "z": -0.005070762243121862
        },
        "scale": {
          "x": 1.0,
          "y": 1.0,
          "z": 1.0
        },
        "matrix_basis": [
          [
            0.9999367594718933,
            0.010031480342149734,
            -0.005086089484393597,
            0.0
          ],
          [
            -0.010246302001178265,
            0.99897301197052,
            -0.04413515329360962,
            0.0
          ],
          [
            0.004638125654309988,
            0.044184472411870956,
            0.9990126490592957,
            0.0
          ],
          [
            0.0,
            0.0,
            0.0,
            1.0
          ]
        ],
        "rotation_mode": "QUATERNION"
      },
      "armature_space": {
        "head": {
          "x": 0.6424821615219116,
          "y": -0.05616606026887894,
          "z": 0.4970319867134094
        },
        "tail": {
          "x": 0.6725631952285767,
          "y": -0.0952012836933136,
          "z": 0.4920351803302765
        }
      },
      "world_space": {
        "head": {
          "x": 0.6424821615219116,
          "y": 0.007077939808368683,
          "z": 1.4468860626220703
        },
        "tail": {
          "x": 0.6725631952285767,
          "y": -0.03195728361606598,
          "z": 1.4418891668319702
        },
        "rotation_quaternion": {
          "w": 0.023618528619408607,
          "x": -0.9415323138237,
          "y": -0.3246767818927765,
          "z": 0.08685675263404846
        },
        "matrix": [
          [
            0.7740815877914429,
            0.6072844862937927,
            -0.17889374494552612,
            0.6424821615219116
          ],
          [
            0.6154903173446655,
            -0.7880542874336243,
            -0.011926393955945969,
            0.007077939808368683
          ],
          [
            -0.1482212245464325,
            -0.10087674856185913,
            -0.9838029146194458,
            1.4468860626220703
          ],
          [
            0.0,
            0.0,
            0.0,
            1.0
          ]
        ]
      },
      "bone_length_armature_space": 0.04953367830350865,
      "parent": "lowerarm_l",
      "has_children": true,
      "is_end_bone": false
    },
    "thumb_01_l": {
      "name": "thumb_01_l",
      "local": {
        "location": {
          "x": 0.0,
          "y": 0.0,
          "z": 0.0
        },
        "rotation_quaternion": {
          "w": 0.9994106292724609,
          "x": -0.026991743594408035,
          "y": 0.01131240464746952,
          "z": -0.01794038899242878
        },
        "scale": {
          "x": 1.0,
          "y": 1.0,
          "z": 1.0
        },
        "matrix_basis": [
          [
            0.9991003274917603,
            0.03524894639849663,
            0.023579958826303482,
            0.0
          ],
          [
            -0.036470312625169754,
            0.9978991746902466,
            0.05354577302932739,
            0.0
          ],
          [
            -0.02164299041032791,
            -0.05435756966471672,
            0.9982869625091553,
            0.0
          ],
          [
            0.0,
            0.0,
            0.0,
            1.0
          ]
        ],
        "rotation_mode": "QUATERNION"
      },
      "armature_space": {
        "head": {
          "x": 0.6725631952285767,
          "y": -0.0952012836933136,
          "z": 0.4920351803302765
        },
        "tail": {
          "x": 0.6776888370513916,
          "y": -0.11740877479314804,
          "z": 0.4667529761791229
        }
      },
      "world_space": {
        "head": {
          "x": 0.6725631952285767,
          "y": -0.03195728361606598,
          "z": 1.4418891668319702
        },
        "tail": {
          "x": 0.6776888370513916,
          "y": -0.05416477471590042,
          "z": 1.4166070222854614
        },
        "rotation_quaternion": {
          "w": 0.39469385147094727,
          "x": -0.7852875590324402,
          "y": 0.13418956100940704,
          "z": -0.4577482044696808
        },
        "matrix": [
          [
            0.5449205040931702,
            0.1505841761827469,
            0.8248550295829773,
            0.6725631952285767
          ],
          [
            -0.572094738483429,
            -0.6524211764335632,
            0.4970456659793854,
            -0.03195728361606598
          ],
          [
            0.6130037903785706,
            -0.7427514791488647,
            -0.26937079429626465,
            1.4418891668319702
          ],
          [
            0.0,
            0.0,
            0.0,
            1.0
          ]
        ]
      },
      "bone_length_armature_space": 0.03403872392408556,
      "parent": "metacarpal_thumb_l",
      "has_children": true,
      "is_end_bone": false
    },
    "thumb_02_l": {
      "name": "thumb_02_l",
      "local": {
        "location": {
          "x": 0.0,
          "y": 0.0,
          "z": 0.0
        },
        "rotation_quaternion": {
          "w": 0.9985177516937256,
          "x": 0.05428493767976761,
          "y": -0.002415732014924288,
          "z": 0.0030988091602921486
        },
        "scale": {
          "x": 1.0,
          "y": 1.0,
          "z": 1.0
        },
        "matrix_basis": [
          [
            0.9999691247940063,
            -0.00645070755854249,
            -0.004487865138798952,
            0.0
          ],
          [
            0.0059261564165353775,
            0.9940871000289917,
            -0.10842391848564148,
            0.0
          ],
          [
            0.005160740111023188,
            0.10839397460222244,
            0.9940946102142334,
            0.0
          ],
          [
            0.0,
            0.0,
            0.0,
            1.0
          ]
        ],
        "rotation_mode": "QUATERNION"
      },
      "armature_space": {
        "head": {
          "x": 0.6776887774467468,
          "y": -0.11740876734256744,
          "z": 0.4667529761791229
        },
        "tail": {
          "x": 0.7158159017562866,
          "y": -0.12974640727043152,
          "z": 0.4640541672706604
        }
      },
      "world_space": {
        "head": {
          "x": 0.6776887774467468,
          "y": -0.054164767265319824,
          "z": 1.4166070222854614
        },
        "tail": {
          "x": 0.7158159017562866,
          "y": -0.0665024071931839,
          "z": 1.4139082431793213
        },
        "rotation_quaternion": {
          "w": 0.5535508394241333,
          "x": -0.32768890261650085,
          "y": -0.1999771147966385,
          "z": -0.739060640335083
        },
        "matrix": [
          [
            -0.17240174114704132,
            0.9492765665054321,
            0.2629663646221161,
            0.6776887774467468
          ],
          [
            -0.6871545314788818,
            -0.3071785569190979,
            0.6583768725395203,
            -0.054164767265319824
          ],
          [
            0.7057638168334961,
            -0.06719405204057693,
            0.7052633166313171,
            1.4166070222854614
          ],
          [
            0.0,
            0.0,
            0.0,
            1.0
          ]
        ]
      },
      "bone_length_armature_space": 0.04016439446610988,
      "parent": "thumb_01_l",
      "has_children": true,
      "is_end_bone": false
    },
    "thumb_03_l": {
      "name": "thumb_03_l",
      "local": {
        "location": {
          "x": 0.0,
          "y": 0.0,
          "z": 0.0
        },
        "rotation_quaternion": {
          "w": 0.9979330897331238,
          "x": 0.06406145542860031,
          "y": -0.0030145039781928062,
          "z": 0.004069925751537085
        },
        "scale": {
          "x": 1.0,
          "y": 1.0,
          "z": 1.0
        },
        "matrix_basis": [
          [
            0.9999486804008484,
            -0.008509254083037376,
            -0.0054950956255197525,
            0.0
          ],
          [
            0.007736800238490105,
            0.9917591214179993,
            -0.12788262963294983,
            0.0
          ],
          [
            0.006537997163832188,
            0.1278335601091385,
            0.9917740821838379,
            0.0
          ],
          [
            0.0,
            0.0,
            0.0,
            1.0
          ]
        ],
        "rotation_mode": "QUATERNION"
      },
      "armature_space": {
        "head": {
          "x": 0.7158158421516418,
          "y": -0.1297464817762375,
          "z": 0.4640541672706604
        },
        "tail": {
          "x": 0.7459648251533508,
          "y": -0.1280786693096161,
          "z": 0.46794626116752625
        }
      },
      "world_space": {
        "head": {
          "x": 0.7158158421516418,
          "y": -0.06650248169898987,
          "z": 1.4139082431793213
        },
        "tail": {
          "x": 0.7459648251533508,
          "y": -0.06483466923236847,
          "z": 1.4178003072738647
        },
        "rotation_quaternion": {
          "w": 0.7008798718452454,
          "x": -0.09357818216085434,
          "y": -0.1901543289422989,
          "z": -0.6810667514801025
        },
        "matrix": [
          [
            -2.1752559405285865e-05,
            0.9902806282043457,
            -0.13908250629901886,
            0.7158158421516418
          ],
          [
            -0.9191028475761414,
            0.05478138476610184,
            0.3901910185813904,
            -0.06650248169898987
          ],
          [
            0.39401975274086,
            0.12784048914909363,
            0.9101753830909729,
            1.4139082431793213
          ],
          [
            0.0,
            0.0,
            0.0,
            1.0
          ]
        ]
      },
      "bone_length_armature_space": 0.030444887309975757,
      "parent": "thumb_02_l",
      "has_children": false,
      "is_end_bone": true
    },
    "metacarpal_index_l": {
      "name": "metacarpal_index_l",
      "local": {
        "location": {
          "x": 0.0,
          "y": 0.0,
          "z": 0.0
        },
        "rotation_quaternion": {
          "w": 0.999962329864502,
          "x": 0.007911155931651592,
          "y": 0.0028889516834169626,
          "z": 0.0020861958619207144
        },
        "scale": {
          "x": 1.0,
          "y": 1.0,
          "z": 1.0
        },
        "matrix_basis": [
          [
            0.9999746084213257,
            -0.004126524552702904,
            0.005810694303363562,
            0.0
          ],
          [
            0.004217944573611021,
            0.9998661279678345,
            -0.015809662640094757,
            0.0
          ],
          [
            -0.0057446775026619434,
            0.015833768993616104,
            0.9998581409454346,
            0.0
          ],
          [
            0.0,
            0.0,
            0.0,
            1.0
          ]
        ],
        "rotation_mode": "QUATERNION"
      },
      "armature_space": {
        "head": {
          "x": 0.6424821615219116,
          "y": -0.05616606026887894,
          "z": 0.4970319867134094
        },
        "tail": {
          "x": 0.739625871181488,
          "y": -0.1215396299958229,
          "z": 0.5013465881347656
        }
      },
      "world_space": {
        "head": {
          "x": 0.6424821615219116,
          "y": 0.007077939808368683,
          "z": 1.4468860626220703
        },
        "tail": {
          "x": 0.739625871181488,
          "y": -0.05829562991857529,
          "z": 1.4512006044387817
        },
        "rotation_quaternion": {
          "w": 0.18284007906913757,
          "x": 0.8275404572486877,
          "y": 0.4331328272819519,
          "z": -0.30682608485221863
        },
        "matrix": [
          [
            0.4365066587924957,
            0.829071044921875,
            -0.3494323790073395,
            0.6424821615219116
          ],
          [
            0.6046698689460754,
            -0.557929515838623,
            -0.5684093832969666,
            0.007077939808368683
          ],
          [
            -0.6662145853042603,
            0.03682296723127365,
            -0.7448598742485046,
            1.4468860626220703
          ],
          [
            0.0,
            0.0,
            0.0,
            1.0
          ]
        ]
      },
      "bone_length_armature_space": 0.11717175555510431,
      "parent": "lowerarm_l",
      "has_children": true,
      "is_end_bone": false
    },
    "index_01_l": {
      "name": "index_01_l",
      "local": {
        "location": {
          "x": 0.0,
          "y": 0.0,
          "z": 0.0
        },
        "rotation_quaternion": {
          "w": 0.9946056604385376,
          "x": -0.10266655683517456,
          "y": -0.010183842852711678,
          "z": -0.010751541703939438
        },
        "scale": {
          "x": 1.0,
          "y": 1.0,
          "z": 1.0
        },
        "matrix_basis": [
          [
            0.9995613694190979,
            0.02347816899418831,
            -0.018050167709589005,
            0.0
          ],
          [
            -0.019296009093523026,
            0.9786879420280457,
            0.20444446802139282,
            0.0
          ],
          [
            0.02246546372771263,
            -0.20400649309158325,
            0.978711724281311,
            0.0
          ],
          [
            0.0,
            0.0,
            0.0,
            1.0
          ]
        ],
        "rotation_mode": "QUATERNION"
      },
      "armature_space": {
        "head": {
          "x": 0.739625871181488,
          "y": -0.1215396299958229,
          "z": 0.5013465881347656
        },
        "tail": {
          "x": 0.7679901123046875,
          "y": -0.12410905212163925,
          "z": 0.502737820148468
        }
      },
      "world_space": {
        "head": {
          "x": 0.739625871181488,
          "y": -0.05829562991857529,
          "z": 1.4512006044387817
        },
        "tail": {
          "x": 0.7679901123046875,
          "y": -0.06086505204439163,
          "z": 1.452591896057129
        },
        "rotation_quaternion": {
          "w": 0.2485782951116562,
          "x": 0.6988183259963989,
          "y": 0.6270188093185425,
          "z": -0.23813696205615997
        },
        "matrix": [
          [
            0.10027521103620529,
            0.9947360157966614,
            -0.02109929919242859,
            0.739625871181488
          ],
          [
            0.7579531073570251,
            -0.09010971337556839,
            -0.6460553407669067,
            -0.05829562991857529
          ],
          [
            -0.6445596218109131,
            0.04879119247198105,
            -0.7630048394203186,
            1.4512006044387817
          ],
          [
            0.0,
            0.0,
            0.0,
            1.0
          ]
        ]
      },
      "bone_length_armature_space": 0.028514340644713164,
      "parent": "metacarpal_index_l",
      "has_children": true,
      "is_end_bone": false
    },
    "index_02_l": {
      "name": "index_02_l",
      "local": {
        "location": {
          "x": 0.0,
          "y": 0.0,
          "z": 0.0
        },
        "rotation_quaternion": {
          "w": 0.9979320764541626,
          "x": 0.06398623436689377,
          "y": 0.005479197483509779,
          "z": 0.0027163447812199593
        },
        "scale": {
          "x": 1.0,
          "y": 1.0,
          "z": 1.0
        },
        "matrix_basis": [
          [
            0.9999251961708069,
            -0.0047202687710523605,
            0.011283351108431816,
            0.0
          ],
          [
            0.006122641731053591,
            0.9917967915534973,
            -0.1276780664920807,
            0.0
          ],
          [
            -0.010588116943836212,
            0.1277375966310501,
            0.991751492023468,
            0.0
          ],
          [
            0.0,
            0.0,
            0.0,
            1.0
          ]
        ],
        "rotation_mode": "QUATERNION"
      },
      "armature_space": {
        "head": {
          "x": 0.7679904699325562,
          "y": -0.12410946935415268,
          "z": 0.5027377605438232
        },
        "tail": {
          "x": 0.7933902144432068,
          "y": -0.12760159373283386,
          "z": 0.5018723607063293
        }
      },
      "world_space": {
        "head": {
          "x": 0.7679904699325562,
          "y": -0.06086546927690506,
          "z": 1.4525917768478394
        },
        "tail": {
          "x": 0.7933902144432068,
          "y": -0.06435759365558624,
          "z": 1.4517264366149902
        },
        "rotation_quaternion": {
          "w": 0.23110759258270264,
          "x": 0.6961303949356079,
          "y": 0.6152429580688477,
          "z": -0.28890836238861084
        },
        "matrix": [
          [
            0.07601498812437057,
            0.9901167750358582,
            -0.11785795539617538,
            0.7679904699325562
          ],
          [
            0.7230403423309326,
            -0.13612797856330872,
            -0.6772605776786804,
            -0.06086546927690506
          ],
          [
            -0.686614990234375,
            -0.033734578639268875,
            -0.7262478470802307,
            1.4525917768478394
          ],
          [
            0.0,
            0.0,
            0.0,
            1.0
          ]
        ]
      },
      "bone_length_armature_space": 0.025653281379729505,
      "parent": "index_01_l",
      "has_children": true,
      "is_end_bone": false
    },
    "index_03_l": {
      "name": "index_03_l",
      "local": {
        "location": {
          "x": 0.0,
          "y": 0.0,
          "z": 0.0
        },
        "rotation_quaternion": {
          "w": 0.998958170413971,
          "x": 0.04539507254958153,
          "y": -0.004646467510610819,
          "z": 0.0006330167525447905
        },
        "scale": {
          "x": 1.0,
          "y": 1.0,
          "z": 1.0
        },
        "matrix_basis": [
          [
            0.9999560117721558,
            -0.0016865680227056146,
            -0.009225782006978989,
            0.0
          ],
          [
            0.00084286107448861,
            0.9958778023719788,
            -0.09070143848657608,
            0.0
          ],
          [
            0.009340724907815456,
            0.09068967401981354,
            0.9958354234695435,
            0.0
          ],
          [
            0.0,
            0.0,
            0.0,
            1.0
          ]
        ],
        "rotation_mode": "QUATERNION"
      },
      "armature_space": {
        "head": {
          "x": 0.7933902144432068,
          "y": -0.1276015192270279,
          "z": 0.5018724799156189
        },
        "tail": {
          "x": 0.8213241696357727,
          "y": -0.13301561772823334,
          "z": 0.4952307343482971
        }
      },
      "world_space": {
        "head": {
          "x": 0.7933902144432068,
          "y": -0.06435751914978027,
          "z": 1.4517264366149902
        },
        "tail": {
          "x": 0.8213241696357727,
          "y": -0.06977161765098572,
          "z": 1.445084810256958
        },
        "rotation_quaternion": {
          "w": 0.13582731783390045,
          "x": 0.6939038634300232,
          "y": 0.6236198544502258,
          "z": -0.3333868086338043
        },
        "matrix": [
          [
            -9.865220636129379e-05,
            0.9560314416885376,
            -0.2932642996311188,
            0.7933902144432068
          ],
          [
            0.7748973965644836,
            -0.18529562652111053,
            -0.6043174862861633,
            -0.06435751914978027
          ],
          [
            -0.63209068775177,
            -0.22731125354766846,
            -0.740813672542572,
            1.4517264366149902
          ],
          [
            0.0,
            0.0,
            0.0,
            1.0
          ]
        ]
      },
      "bone_length_armature_space": 0.02921867678764462,
      "parent": "index_02_l",
      "has_children": false,
      "is_end_bone": true
    },
    "metacarpal_pinky_l": {
      "name": "metacarpal_pinky_l",
      "local": {
        "location": {
          "x": 0.0,
          "y": 0.0,
          "z": 0.0
        },
        "rotation_quaternion": {
          "w": 0.9988046884536743,
          "x": -0.04664447903633118,
          "y": 0.0082465298473835,
          "z": 0.012068002484738827
        },
        "scale": {
          "x": 1.0,
          "y": 1.0,
          "z": 1.0
        },
        "matrix_basis": [
          [
            0.9995726943016052,
            -0.024876466020941734,
            0.015347533859312534,
            0.0
          ],
          [
            0.023337844759225845,
            0.9953573346138,
            0.09337648749351501,
            0.0
          ],
          [
            -0.017599156126379967,
            -0.09297841042280197,
            0.9955125451087952,
            0.0
          ],
          [
            0.0,
            0.0,
            0.0,
            1.0
          ]
        ],
        "rotation_mode": "QUATERNION"
      },
      "armature_space": {
        "head": {
          "x": 0.6424821615219116,
          "y": -0.05616606026887894,
          "z": 0.4970319867134094
        },
        "tail": {
          "x": 0.7459614872932434,
          "y": -0.04815129190683365,
          "z": 0.48860520124435425
        }
      },
      "world_space": {
        "head": {
          "x": 0.6424821615219116,
          "y": 0.007077939808368683,
          "z": 1.4468860626220703
        },
        "tail": {
          "x": 0.7459614872932434,
          "y": 0.015092708170413971,
          "z": 1.4384591579437256
        },
        "rotation_quaternion": {
          "w": 0.7294663786888123,
          "x": 0.01879153959453106,
          "y": 0.07976950705051422,
          "z": -0.6790895462036133
        },
        "matrix": [
          [
            0.06494846940040588,
            0.9937438368797302,
            0.09085481613874435,
            0.6424821615219116
          ],
          [
            -0.9877479672431946,
            0.07696829736232758,
            -0.13575705885887146,
            0.007077939808368683
          ],
          [
            -0.14190244674682617,
            -0.08092498034238815,
            0.9865741729736328,
            1.4468860626220703
          ],
          [
            0.0,
            0.0,
            0.0,
            1.0
          ]
        ]
      },
      "bone_length_armature_space": 0.10413077322839308,
      "parent": "lowerarm_l",
      "has_children": true,
      "is_end_bone": false
    },
    "pinky_01_l": {
      "name": "pinky_01_l",
      "local": {
        "location": {
          "x": 0.0,
          "y": 0.0,
          "z": 0.0
        },
        "rotation_quaternion": {
          "w": 0.9664938449859619,
          "x": 0.25630509853363037,
          "y": -0.00566139118745923,
          "z": 0.01286380086094141
        },
        "scale": {
          "x": 1.0,
          "y": 1.0,
          "z": 1.0
        },
        "matrix_basis": [
          [
            0.9996049404144287,
            -0.02776765637099743,
            -0.004349283874034882,
            0.0
          ],
          [
            0.021963482722640038,
            0.8682844638824463,
            -0.49558025598526,
            0.0
          ],
          [
            0.017537515610456467,
            0.4952889382839203,
            0.8685513138771057,
            0.0
          ],
          [
            0.0,
            0.0,
            0.0,
            1.0
          ]
        ],
        "rotation_mode": "QUATERNION"
      },
      "armature_space": {
        "head": {
          "x": 0.7459614872932434,
