{
  "metadata": {
    "armature_name": "KIM_caucasian_male",
    "export_time": "2026-01-13T21:02:55.643350",
    "blender_version": "4.4.1",
    "bone_count": 56,
    "end_bone_count": 13,
    "spaces_included": [
      "LOCAL_CHANNELS",
      "ARMATURE_SPACE",
      "WORLD_SPACE"
    ],
    "note": "LOCAL matches Transform panel; replay pose via local.matrix_basis for best fidelity."
  },
  "bones": {
    "Root": {
      "name": "Root",
      "local": {
        "location": {
          "x": 0.0,
          "y": 0.0,
          "z": 0.0
        },
        "rotation_quaternion": {
          "w": 0.9995282888412476,
          "x": 0.012624897062778473,
          "y": 0.010984726250171661,
          "z": -0.02575373649597168
        },
        "scale": {
          "x": 1.0,
          "y": 1.0,
          "z": 1.0
        },
        "matrix_basis": [
          [
            0.9984321594238281,
            0.051760539412498474,
            0.021308813244104385,
            0.0
          ],
          [
            -0.05120581388473511,
            0.9983547329902649,
            -0.02580367960035801,
            0.0
          ],
          [
            -0.022609366104006767,
            0.024672087281942368,
            0.9994398951530457,
            0.0
          ],
          [
            0.0,
            0.0,
            0.0,
            1.0
          ]
        ],
        "rotation_mode": "QUATERNION"
      },
      "armature_space": {
        "head": {
          "x": 0.0,
          "y": 0.07072800397872925,
          "z": -0.009595036506652832
        },
        "tail": {
          "x": 0.0036944535095244646,
          "y": -0.00012036412954330444,
          "z": -0.0017608068883419037
        }
      },
      "world_space": {
        "head": {
          "x": 0.0,
          "y": 0.13397200405597687,
          "z": 0.9402589797973633
        },
        "tail": {
          "x": 0.0036944535095244646,
          "y": 0.06312363594770432,
          "z": 0.9480932354927063
        },
        "rotation_quaternion": {
          "w": 0.054739661514759064,
          "x": 0.9981080293655396,
          "y": 0.0264352485537529,
          "z": 0.009224800392985344
        },
        "matrix": [
          [
            0.9984321594238281,
            0.051760539412498474,
            0.021308813244104385,
            0.0
          ],
          [
            0.05378039926290512,
            -0.9926095008850098,
            -0.10878493636846542,
            0.13397200405597687
          ],
          [
            0.015520721673965454,
            0.10976019501686096,
            -0.9938439130783081,
            0.9402589797973633
          ],
          [
            0.0,
            0.0,
            0.0,
            1.0
          ]
        ]
      },
      "bone_length_armature_space": 0.07137587277431937,
      "parent": null,
      "has_children": true,
      "is_end_bone": false
    },
    "spine_01": {
      "name": "spine_01",
      "local": {
        "location": {
          "x": 0.0,
          "y": 0.0,
          "z": 0.0
        },
        "rotation_quaternion": {
          "w": 0.9994111657142639,
          "x": 0.003905034624040127,
          "y": -0.03407026454806328,
          "z": -0.0011742997448891401
        },
        "scale": {
          "x": 1.0,
          "y": 1.0,
          "z": 1.0
        },
        "matrix_basis": [
          [
            0.9976756572723389,
            0.002081125508993864,
            -0.06810957938432693,
            0.0
          ],
          [
            -0.002613307675346732,
            0.9999667406082153,
            -0.00772545300424099,
            0.0
          ],
          [
            0.06809123605489731,
            0.007885487750172615,
            0.9976479411125183,
            0.0
          ],
          [
            0.0,
            0.0,
            0.0,
            1.0
          ]
        ],
        "rotation_mode": "QUATERNION"
      },
      "armature_space": {
        "head": {
          "x": 0.0036944535095244646,
          "y": -0.00012036412954330444,
          "z": -0.0017608068883419037
        },
        "tail": {
          "x": -0.003222042927518487,
          "y": 0.006361912935972214,
          "z": 0.48615172505378723
        }
      },
      "world_space": {
        "head": {
          "x": 0.0036944535095244646,
          "y": 0.06312363594770432,
          "z": 0.9480932354927063
        },
        "tail": {
          "x": -0.003222042927518487,
          "y": 0.06960591673851013,
          "z": 1.436005711555481
        },
        "rotation_quaternion": {
          "w": 0.7117149829864502,
          "x": 0.7023948431015015,
          "y": -0.0101618068292737,
          "z": -7.172452751547098e-05
        },
        "matrix": [
          [
            0.9997934103012085,
            -0.01417311280965805,
            -0.014565281569957733,
            0.0036944535095244646
          ],
          [
            -0.014377202838659286,
            0.013283321633934975,
            -0.9998085498809814,
            0.06312363594770432
          ],
          [
            0.014363960362970829,
            0.9998182654380798,
            0.01307598501443863,
            0.9480932354927063
          ],
          [
            0.0,
            0.0,
            0.0,
            1.0
          ]
        ]
      },
      "bone_length_armature_space": 0.4880046100120281,
      "parent": "Root",
      "has_children": true,
      "is_end_bone": false
    },
    "neck_01": {
      "name": "neck_01",
      "local": {
        "location": {
          "x": 0.0,
          "y": 0.0,
          "z": 0.0
        },
        "rotation_quaternion": {
          "w": 0.9901999831199646,
          "x": -0.054564472287893295,
          "y": 0.06667222827672958,
          "z": -0.10991697758436203
        },
        "scale": {
          "x": 1.0,
          "y": 1.0,
          "z": 1.0
        },
        "matrix_basis": [
          [
            0.9669461250305176,
            0.210403710603714,
            0.1440328061580658,
            0.0
          ],
          [
            -0.2249554544687271,
            0.9698819518089294,
            0.09340266138315201,
            0.0
          ],
          [
            -0.12004255503416061,
            -0.12271630018949509,
            0.9851550459861755,
            0.0
          ],
          [
            0.0,
            0.0,
            0.0,
            1.0
          ]
        ],
        "rotation_mode": "QUATERNION"
      },
      "armature_space": {
        "head": {
          "x": -0.004764906596392393,
          "y": -0.027339305728673935,
          "z": 0.5598104000091553
        },
        "tail": {
          "x": 0.015071036294102669,
          "y": -0.05253157392144203,
          "z": 0.6571892499923706
        }
      },
      "world_space": {
        "head": {
          "x": -0.004764906596392393,
          "y": 0.035904694348573685,
          "z": 1.5096644163131714
        },
        "tail": {
          "x": 0.015071036294102669,
          "y": 0.010712426155805588,
          "z": 1.6070432662963867
        },
        "rotation_quaternion": {
          "w": 0.6026824116706848,
          "x": 0.7891939282417297,
          "y": 0.1179414838552475,
          "z": -0.006075835321098566
        },
        "matrix": [
          [
            0.9721055030822754,
            0.19348111748695374,
            0.1325734555721283,
            -0.004764906596392393
          ],
          [
            0.17883475124835968,
            -0.245727077126503,
            -0.9526997208595276,
            0.035904694348573685
          ],
          [
            -0.15175338089466095,
            0.9498395919799805,
            -0.2734765410423279,
            1.5096644163131714
          ],
          [
            0.0,
            0.0,
            0.0,
            1.0
          ]
        ]
      },
      "bone_length_armature_space": 0.10252197696621375,
      "parent": "spine_01",
      "has_children": true,
      "is_end_bone": false
    },
    "head": {
      "name": "head",
      "local": {
        "location": {
          "x": 0.0,
          "y": 0.0,
          "z": 0.0
        },
        "rotation_quaternion": {
          "w": 0.9808292388916016,
          "x": -0.06993668526411057,
          "y": 0.14786647260189056,
          "z": -0.1059172973036766
        },
        "scale": {
          "x": 1.0,
          "y": 1.0,
          "z": 1.0
        },
        "matrix_basis": [
          [
            0.9338340759277344,
            0.18709097802639008,
            0.3048785328865051,
            0.0
          ],
          [
            -0.22845613956451416,
            0.9677807688713074,
            0.10586865991353989,
            0.0
          ],
          [
            -0.2752484977245331,
            -0.1685151308774948,
            0.9464887380599976,
            0.0
          ],
          [
            0.0,
            0.0,
            0.0,
            1.0
          ]
        ],
        "rotation_mode": "QUATERNION"
      },
      "armature_space": {
        "head": {
          "x": 0.015071041882038116,
          "y": -0.05253170430660248,
          "z": 0.6571890711784363
        },
        "tail": {
          "x": 0.058106012642383575,
          "y": -0.004587702453136444,
          "z": 0.7982657551765442
        }
      },
      "world_space": {
        "head": {
          "x": 0.015071041882038116,
          "y": 0.010712295770645142,
          "z": 1.6070430278778076
        },
        "tail": {
          "x": 0.058106012642383575,
          "y": 0.058656297624111176,
          "z": 1.748119831085205
        },
        "rotation_quaternion": {
          "w": 0.7545310854911804,
          "x": 0.5861639976501465,
          "y": 0.2919763922691345,
          "z": 0.042945992201566696
        },
        "matrix": [
          [
            0.8258117437362671,
            0.2774834632873535,
            0.49095606803894043,
            0.015071041882038116
          ],
          [
            0.40709859132766724,
            0.30913621187210083,
            -0.8594800233840942,
            0.010712295770645142
          ],
          [
            -0.3902660608291626,
            0.9096426963806152,
            0.14232531189918518,
            1.6070430278778076
          ],
          [
            0.0,
            0.0,
            0.0,
            1.0
          ]
        ]
      },
      "bone_length_armature_space": 0.15509115922235114,
      "parent": "neck_01",
      "has_children": false,
      "is_end_bone": true
    },
    "upperarm_l": {
      "name": "upperarm_l",
      "local": {
        "location": {
          "x": 0.0,
          "y": 0.0,
          "z": 0.0
        },
        "rotation_quaternion": {
          "w": 0.8604857325553894,
          "x": -0.2783207297325134,
          "y": 0.32161757349967957,
          "z": -0.2804712951183319
        },
        "scale": {
          "x": 1.0,
          "y": 1.0,
          "z": 1.0
        },
        "matrix_basis": [
          [
            0.6357959508895874,
            0.3036574125289917,
            0.7096166014671326,
            0.0
          ],
          [
            -0.6617087721824646,
            0.6877468228340149,
            0.2985730469226837,
            0.0
          ],
          [
            -0.3973727226257324,
            -0.6593910455703735,
            0.6381993889808655,
            0.0
          ],
          [
            0.0,
            0.0,
            0.0,
            1.0
          ]
        ],
        "rotation_mode": "QUATERNION"
      },
      "armature_space": {
        "head": {
          "x": 0.14611020684242249,
          "y": -0.033577144145965576,
          "z": 0.49481114745140076
        },
        "tail": {
          "x": 0.32535338401794434,
          "y": 0.14846158027648926,
          "z": 0.4139317274093628
        }
      },
      "world_space": {
        "head": {
          "x": 0.14611020684242249,
          "y": 0.029666855931282043,
          "z": 1.4446651935577393
        },
        "tail": {
          "x": 0.32535338401794434,
          "y": 0.21170558035373688,
          "z": 1.363785743713379
        },
        "rotation_quaternion": {
          "w": 0.26633501052856445,
          "x": 0.30135980248451233,
          "y": 0.8767721056938171,
          "z": -0.2636640965938568
        },
        "matrix": [
          [
            -0.6764957904815674,
            0.6688941121101379,
            0.3081137239933014,
            0.14611020684242249
          ],
          [
            0.3880023956298828,
            0.6793264746665955,
            -0.622872531414032,
            0.029666855931282043
          ],
          [
            -0.6259493231773376,
            -0.3018232583999634,
            -0.7190994024276733,
            1.4446651935577393
          ],
          [
            0.0,
            0.0,
            0.0,
            1.0
          ]
        ]
      },
      "bone_length_armature_space": 0.26796957865967813,
      "parent": "spine_01",
      "has_children": true,
      "is_end_bone": false
    },
    "lowerarm_l": {
      "name": "lowerarm_l",
      "local": {
        "location": {
          "x": 0.0,
          "y": 0.0,
          "z": 0.0
        },
        "rotation_quaternion": {
          "w": 0.9555484056472778,
          "x": 0.2804124355316162,
          "y": 0.07010392099618912,
          "z": 0.05815238505601883
        },
        "scale": {
          "x": 1.0,
          "y": 1.0,
          "z": 1.0
        },
        "matrix_basis": [
          [
            0.9834074974060059,
            -0.07181881368160248,
            0.1665886789560318,
            0.0
          ],
          [
            0.15045085549354553,
            0.8359743356704712,
            -0.5277419090270996,
            0.0
          ],
          [
            -0.10136207938194275,
            0.5440487265586853,
            0.8329086303710938,
            0.0
          ],
          [
            0.0,
            0.0,
            0.0,
            1.0
          ]
        ],
        "rotation_mode": "QUATERNION"
      },
      "armature_space": {
        "head": {
          "x": 0.3253535330295563,
          "y": 0.14846156537532806,
          "z": 0.4139317572116852
        },
        "tail": {
          "x": 0.5489606857299805,
          "y": 0.161284402012825,
          "z": 0.26762714982032776
        }
      },
      "world_space": {
        "head": {
          "x": 0.3253535330295563,
          "y": 0.21170556545257568,
          "z": 1.363785743713379
        },
        "tail": {
          "x": 0.5489606857299805,
          "y": 0.22452840209007263,
          "z": 1.2174811363220215
        },
        "rotation_quaternion": {
          "w": 0.17270667850971222,
          "x": 0.4705478549003601,
          "y": 0.702950119972229,
          "z": -0.5045971274375916
        },
        "matrix": [
          [
            -0.4975125789642334,
            0.8358381986618042,
            -0.23206788301467896,
            0.3253535330295563
          ],
          [
            0.4872514009475708,
            0.04793143272399902,
            -0.8719456195831299,
            0.21170556545257568
          ],
          [
            -0.7176864147186279,
            -0.5468830466270447,
            -0.43111366033554077,
            1.363785743713379
          ],
          [
            0.0,
            0.0,
            0.0,
            1.0
          ]
        ]
      },
      "bone_length_armature_space": 0.2675249891988256,
      "parent": "upperarm_l",
      "has_children": true,
      "is_end_bone": false
    },
    "metacarpal_thumb_l": {
      "name": "metacarpal_thumb_l",
      "local": {
        "location": {
          "x": 0.0,
          "y": 0.0,
          "z": 0.0
        },
        "rotation_quaternion": {
          "w": 0.999789834022522,
          "x": -0.01910458877682686,
          "y": 0.0038951223250478506,
          "z": -0.006345697678625584
        },
        "scale": {
          "x": 1.0,
          "y": 1.0,
          "z": 1.0
        },
        "matrix_basis": [
          [
            0.9998891353607178,
            0.012539898976683617,
            0.008031071163713932,
            0.0
          ],
          [
            -0.01283755712211132,
            0.9991894960403442,
            0.038151711225509644,
            0.0
          ],
          [
            -0.007546143606305122,
            -0.03825058043003082,
            0.9992396831512451,
            0.0
          ],
          [
            0.0,
            0.0,
            0.0,
            1.0
          ]
        ],
        "rotation_mode": "QUATERNION"
      },
      "armature_space": {
        "head": {
          "x": 0.5489606857299805,
          "y": 0.161284402012825,
          "z": 0.26762714982032776
        },
        "tail": {
          "x": 0.5719131827354431,
          "y": 0.1416800618171692,
          "z": 0.22835299372673035
        }
      },
      "world_space": {
        "head": {
          "x": 0.5489606857299805,
          "y": 0.22452840209007263,
          "z": 1.2174811363220215
        },
        "tail": {
          "x": 0.5719131827354431,
          "y": 0.2049240618944168,
          "z": 1.1782070398330688
        },
        "rotation_quaternion": {
          "w": 0.3989952802658081,
          "x": -0.8134843111038208,
          "y": -0.37803930044174194,
          "z": 0.19008532166481018
        },
        "matrix": [
          [
            0.641906201839447,
            0.46337205171585083,
            -0.6109357476234436,
            0.5489606857299805
          ],
          [
            0.7667456269264221,
            -0.39577794075012207,
            0.5054319500923157,
            0.22452840209007263
          ],
          [
            -0.00759109016507864,
            -0.7928778529167175,
            -0.6093444228172302,
            1.2174811363220215
          ],
          [
            0.0,
            0.0,
            0.0,
            1.0
          ]
        ]
      },
      "bone_length_armature_space": 0.04953389378935522,
      "parent": "lowerarm_l",
      "has_children": true,
      "is_end_bone": false
    },
    "thumb_01_l": {
      "name": "thumb_01_l",
      "local": {
        "location": {
          "x": 0.0,
          "y": 0.0,
          "z": 0.0
        },
        "rotation_quaternion": {
          "w": 0.9862653613090515,
          "x": 0.16426339745521545,
          "y": 0.015162134543061256,
          "z": -0.008271426893770695
        },
        "scale": {
          "x": 1.0,
          "y": 1.0,
          "z": 1.0
        },
        "matrix_basis": [
          [
            0.9994033575057983,
            0.02129681035876274,
            0.02719039097428322,
            0.0
          ],
          [
            -0.011334476061165333,
            0.9458982348442078,
            -0.32426542043685913,
            0.0
          ],
          [
            -0.03262516111135483,
            0.32376378774642944,
            0.9455752968788147,
            0.0
          ],
          [
            0.0,
            0.0,
            0.0,
            1.0
          ]
        ],
        "rotation_mode": "QUATERNION"
      },
      "armature_space": {
        "head": {
          "x": 0.5719131827354431,
          "y": 0.1416800618171692,
          "z": 0.22835299372673035
        },
        "tail": {
          "x": 0.5720798969268799,
          "y": 0.15039461851119995,
          "z": 0.1954490840435028
        }
      },
      "world_space": {
        "head": {
          "x": 0.5719131827354431,
          "y": 0.2049240618944168,
          "z": 1.1782070398330688
        },
        "tail": {
          "x": 0.5720798969268799,
          "y": 0.21363861858844757,
          "z": 1.1453031301498413
        },
        "rotation_quaternion": {
          "w": 0.7379236817359924,
          "x": -0.5667943954467773,
          "y": 0.28892725706100464,
          "z": -0.22524197399616241
        },
        "matrix": [
          [
            0.7315744757652283,
            0.0048986077308654785,
            0.6817437410354614,
            0.5719131827354431
          ],
          [
            -0.6599473357200623,
            0.2560202181339264,
            0.7063452005386353,
            0.2049240618944168
          ],
          [
            -0.1710817515850067,
            -0.966665506362915,
            0.19053271412849426,
            1.1782070398330688
          ],
          [
            0.0,
            0.0,
            0.0,
            1.0
          ]
        ]
      },
      "bone_length_armature_space": 0.034038780213960784,
      "parent": "metacarpal_thumb_l",
      "has_children": true,
      "is_end_bone": false
    },
    "thumb_02_l": {
      "name": "thumb_02_l",
      "local": {
        "location": {
          "x": 0.0,
          "y": 0.0,
          "z": 0.0
        },
        "rotation_quaternion": {
          "w": 0.9294910430908203,
          "x": 0.36871862411499023,
          "y": 0.003218755591660738,
          "z": 0.009089963510632515
        },
        "scale": {
          "x": 1.0,
          "y": 1.0,
          "z": 1.0
        },
        "matrix_basis": [
          [
            0.9998140335083008,
            -0.014524448662996292,
            0.012686886824667454,
            0.0
          ],
          [
            0.01927170902490616,
            0.7279279232025146,
            -0.6853827834129333,
            0.0
          ],
          [
            0.0007196686929091811,
            0.6854998469352722,
            0.7280724048614502,
            0.0
          ],
          [
            0.0,
            0.0,
            0.0,
            1.0
          ]
        ],
        "rotation_mode": "QUATERNION"
      },
      "armature_space": {
        "head": {
          "x": 0.5720798373222351,
          "y": 0.15039461851119995,
          "z": 0.1954490840435028
        },
        "tail": {
          "x": 0.6108332872390747,
          "y": 0.151993066072464,
          "z": 0.20587947964668274
        }
      },
      "world_space": {
        "head": {
          "x": 0.5720798373222351,
          "y": 0.21363861858844757,
          "z": 1.1453031301498413
        },
        "tail": {
          "x": 0.6108332872390747,
          "y": 0.2152370661497116,
          "z": 1.1557334661483765
        },
        "rotation_quaternion": {
          "w": 0.7204594612121582,
          "x": 0.15308360755443573,
          "y": -0.028936196118593216,
          "z": -0.6757709383964539
        },
        "matrix": [
          [
            0.08499196171760559,
            0.9648712873458862,
            -0.24859502911567688,
            0.5720798373222351
          ],
          [
            -0.9825909733772278,
            0.039797596633434296,
            -0.18147042393684387,
            0.21363861858844757
          ],
          [
            -0.1652042120695114,
            0.2596926987171173,
            0.9514626264572144,
            1.1453031301498413
          ],
          [
            0.0,
            0.0,
            0.0,
            1.0
          ]
        ]
      },
      "bone_length_armature_space": 0.040164387409578464,
      "parent": "thumb_01_l",
      "has_children": true,
      "is_end_bone": false
    },
    "thumb_03_l": {
      "name": "thumb_03_l",
      "local": {
        "location": {
          "x": 0.0,
          "y": 0.0,
          "z": 0.0
        },
        "rotation_quaternion": {
          "w": 0.9846965074539185,
          "x": 0.17407625913619995,
          "y": 0.0046225544065237045,
          "z": 0.007000342942774296
        },
        "scale": {
          "x": 1.0,
          "y": 1.0,
          "z": 1.0
        },
        "matrix_basis": [
          [
            0.9998592734336853,
            -0.01217707246541977,
            0.011540813371539116,
            0.0
          ],
          [
            0.015395780093967915,
            0.9392969012260437,
            -0.3427598476409912,
            0.0
          ],
          [
            -0.0066664391197264194,
            0.34288927912712097,
            0.9393521547317505,
            0.0
          ],
          [
            0.0,
            0.0,
            0.0,
            1.0
          ]
        ],
        "rotation_mode": "QUATERNION"
      },
      "armature_space": {
        "head": {
          "x": 0.6108332872390747,
          "y": 0.1519930213689804,
          "z": 0.20587940514087677
        },
        "tail": {
          "x": 0.6306245923042297,
          "y": 0.15075244009494781,
          "z": 0.22898057103157043
        }
      },
      "world_space": {
        "head": {
          "x": 0.6108332872390747,
          "y": 0.21523702144622803,
          "z": 1.1557334661483765
        },
        "tail": {
          "x": 0.6306245923042297,
          "y": 0.21399644017219543,
          "z": 1.1788345575332642
        },
        "rotation_quaternion": {
          "w": 0.6872818470001221,
          "x": 0.4858655035495758,
          "y": -0.08526504039764404,
          "z": -0.5332056283950806
        },
        "matrix": [
          [
            0.4168401062488556,
            0.650070071220398,
            -0.6353369951248169,
            0.6108332872390747
          ],
          [
            -0.8157821893692017,
            -0.04074864089488983,
            -0.5769222974777222,
            0.21523702144622803
          ],
          [
            -0.40093255043029785,
            0.7587862014770508,
            0.5133328437805176,
            1.1557334661483765
          ],
          [
            0.0,
            0.0,
            0.0,
            1.0
          ]
        ]
      },
      "bone_length_armature_space": 0.03044501025029618,
      "parent": "thumb_02_l",
      "has_children": false,
      "is_end_bone": true
    },
    "metacarpal_index_l": {
      "name": "metacarpal_index_l",
      "local": {
        "location": {
          "x": 0.0,
          "y": 0.0,
          "z": 0.0
        },
        "rotation_quaternion": {
          "w": 0.9989610314369202,
          "x": -0.042863328009843826,
          "y": 0.007953044958412647,
          "z": 0.013286321423947811
        },
        "scale": {
          "x": 1.0,
          "y": 1.0,
          "z": 1.0
        },
        "matrix_basis": [
          [
            0.9995204210281372,
            -0.027226822450757027,
            0.014750571921467781,
            0.0
          ],
          [
            0.025863246992230415,
            0.9959723949432373,
            0.08584892004728317,
            0.0
          ],
          [
            -0.017028555274009705,
            -0.08542625606060028,
            0.9961989521980286,
            0.0
          ],
          [
            0.0,
            0.0,
            0.0,
            1.0
          ]
        ],
        "rotation_mode": "QUATERNION"
      },
      "armature_space": {
        "head": {
          "x": 0.5489606857299805,
          "y": 0.161284402012825,
          "z": 0.26762714982032776
        },
        "tail": {
          "x": 0.6374062895774841,
          "y": 0.136212557554245,
          "z": 0.194976806640625
        }
      },
      "world_space": {
        "head": {
          "x": 0.5489606857299805,
          "y": 0.22452840209007263,
          "z": 1.2174811363220215
        },
        "tail": {
          "x": 0.6374062895774841,
          "y": 0.19945655763149261,
          "z": 1.1448308229446411
        },
        "rotation_quaternion": {
          "w": 0.18319062888622284,
          "x": -0.7202596664428711,
          "y": -0.5995441675186157,
          "z": 0.2970084249973297
        },
        "matrix": [
          [
            0.10466282814741135,
            0.7548372149467468,
            -0.6475076675415039,
            0.5489606857299805
          ],
          [
            0.9724733829498291,
            -0.2139752060174942,
            -0.09225284308195114,
            0.22452840209007263
          ],
          [
            -0.2081868201494217,
            -0.6200329661369324,
            -0.7564595341682434,
            1.2174811363220215
          ],
          [
            0.0,
            0.0,
            0.0,
            1.0
          ]
        ]
      },
      "bone_length_armature_space": 0.11717207057029876,
      "parent": "lowerarm_l",
      "has_children": true,
      "is_end_bone": false
    },
    "index_01_l": {
      "name": "index_01_l",
      "local": {
        "location": {
          "x": 0.0,
          "y": 0.0,
          "z": 0.0
        },
        "rotation_quaternion": {
          "w": 0.9757869243621826,
          "x": 0.21807588636875153,
          "y": -0.00782972201704979,
          "z": 0.014881638810038567
        },
        "scale": {
          "x": 1.0,
          "y": 1.0,
          "z": 1.0
        },
        "matrix_basis": [
          [
            0.9994344711303711,
            -0.032457564026117325,
            -0.008789627812802792,
            0.0
          ],
          [
            0.02562767080962658,
            0.9044429063796997,
            -0.42582422494888306,
            0.0
          ],
          [
            0.021770933642983437,
            0.4253581464290619,
            0.9047632217407227,
            0.0
          ],
          [
            0.0,
            0.0,
            0.0,
            1.0
          ]
        ],
        "rotation_mode": "QUATERNION"
      },
      "armature_space": {
        "head": {
          "x": 0.6374062895774841,
          "y": 0.136212557554245,
          "z": 0.194976806640625
        },
        "tail": {
          "x": 0.6521955132484436,
          "y": 0.1383545696735382,
          "z": 0.17069166898727417
        }
      },
      "world_space": {
        "head": {
          "x": 0.6374062895774841,
          "y": 0.19945655763149261,
          "z": 1.1448308229446411
        },
        "tail": {
          "x": 0.6521955132484436,
          "y": 0.20159856975078583,
          "z": 1.1205456256866455
        },
        "rotation_quaternion": {
          "w": 0.3171643614768982,
          "x": -0.5701417922973633,
          "y": -0.6610355973243713,
          "z": 0.37064430117607117
        },
        "matrix": [
          [
            -0.14868761599063873,
            0.5186581015586853,
            -0.8419533967971802,
            0.6374062895774841
          ],
          [
            0.9888788461685181,
            0.07512052357196808,
            -0.1283586025238037,
            0.19945655763149261
          ],
          [
            -0.0033251913264393806,
            -0.8516809940338135,
            -0.5240631103515625,
            1.1448308229446411
          ],
          [
            0.0,
            0.0,
            0.0,
            1.0
          ]
        ]
      },
      "bone_length_armature_space": 0.028514510139794294,
      "parent": "metacarpal_index_l",
      "has_children": true,
      "is_end_bone": false
    },
    "index_02_l": {
      "name": "index_02_l",
      "local": {
        "location": {
          "x": 0.0,
          "y": 0.0,
          "z": 0.0
        },
        "rotation_quaternion": {
          "w": 0.9190654754638672,
          "x": 0.39398249983787537,
          "y": -0.002369797555729747,
          "z": -0.009541760198771954
        },
        "scale": {
          "x": 1.0,
          "y": 1.0,
          "z": 1.0
        },
        "matrix_basis": [
          [
            0.9998067021369934,
            0.015671687200665474,
            -0.011874571442604065,
            0.0
          ],
          [
            -0.01940632238984108,
            0.6893734931945801,
            -0.7241461873054504,
            0.0
          ],
          [
            -0.0031625747215002775,
            0.7242366671562195,
            0.6895443201065063,
            0.0
          ],
          [
            0.0,
            0.0,
            0.0,
            1.0
          ]
        ],
        "rotation_mode": "QUATERNION"
      },
      "armature_space": {
        "head": {
          "x": 0.6521955132484436,
          "y": 0.1383543163537979,
          "z": 0.17069116234779358
        },
        "tail": {
          "x": 0.6466346383094788,
          "y": 0.1371769905090332,
          "z": 0.14567537605762482
        }
      },
      "world_space": {
        "head": {
          "x": 0.6521955132484436,
          "y": 0.20159831643104553,
          "z": 1.1205451488494873
        },
        "tail": {
          "x": 0.6466346383094788,
          "y": 0.20042099058628082,
          "z": 1.0955294370651245
        },
        "rotation_quaternion": {
          "w": 0.4870772957801819,
          "x": -0.3865571916103363,
          "y": -0.48970267176628113,
          "z": 0.6111632585525513
        },
        "matrix": [
          [
            -0.22665679454803467,
            -0.21677106618881226,
            -0.9495455622673035,
            0.6521955132484436
          ],
          [
            0.9739643335342407,
            -0.045893505215644836,
            -0.2220083773136139,
            0.20159831643104553
          ],
          [
            0.004548113327473402,
            -0.9751498699188232,
            0.22153064608573914,
            1.1205451488494873
          ],
          [
            0.0,
            0.0,
            0.0,
            1.0
          ]
        ]
      },
      "bone_length_armature_space": 0.025653440282249213,
      "parent": "index_01_l",
      "has_children": true,
      "is_end_bone": false
    },
    "index_03_l": {
      "name": "index_03_l",
      "local": {
        "location": {
          "x": 0.0,
          "y": 0.0,
          "z": 0.0
        },
        "rotation_quaternion": {
          "w": 0.9713455438613892,
          "x": 0.2374241054058075,
          "y": -0.010240023024380207,
          "z": 0.003595903282985091
        },
        "scale": {
          "x": 1.0,
          "y": 1.0,
          "z": 1.0
        },
        "matrix_basis": [
          [
            0.9997644424438477,
            -0.011848186142742634,
            -0.01818569377064705,
            0.0
          ],
          [
            0.002123272744938731,
            0.8872337341308594,
            -0.4613153338432312,
            0.0
          ],
          [
            0.021600710228085518,
            0.4611680507659912,
            0.8870498538017273,
            0.0
          ],
          [
            0.0,
            0.0,
            0.0,
            1.0
          ]
        ],
        "rotation_mode": "QUATERNION"
      },
      "armature_space": {
        "head": {
          "x": 0.6466347575187683,
          "y": 0.1371770054101944,
          "z": 0.14567536115646362
        },
        "tail": {
          "x": 0.6257683038711548,
          "y": 0.13540621101856232,
          "z": 0.1252991110086441
        }
      },
      "world_space": {
        "head": {
          "x": 0.6466347575187683,
          "y": 0.20042100548744202,
          "z": 1.095529317855835
        },
        "tail": {
          "x": 0.6257683038711548,
          "y": 0.19865021109580994,
          "z": 1.075153112411499
        },
        "rotation_quaternion": {
          "w": 0.611484944820404,
          "x": -0.21865980327129364,
          "y": -0.30948832631111145,
          "z": 0.6946157813072205
        },
        "matrix": [
          [
            -0.15654487907886505,
            -0.7141482830047607,
            -0.682265043258667,
            0.6466347575187683
          ],
          [
            0.9848403930664062,
            -0.060605086386203766,
            -0.16253289580345154,
            0.20042100548744202
          ],
          [
            0.074725441634655,
            -0.6973705887794495,
            0.712814211845398,
            1.095529317855835
          ],
          [
            0.0,
            0.0,
            0.0,
            1.0
          ]
        ]
      },
      "bone_length_armature_space": 0.029218763924134507,
      "parent": "index_02_l",
      "has_children": false,
      "is_end_bone": true
    },
    "metacarpal_pinky_l": {
      "name": "metacarpal_pinky_l",
      "local": {
        "location": {
          "x": 0.0,
          "y": 0.0,
          "z": 0.0
        },
        "rotation_quaternion": {
          "w": 0.9996018409729004,
          "x": -0.018679674714803696,
          "y": 0.013442345894873142,
          "z": 0.016324827447533607
        },
        "scale": {
          "x": 1.0,
          "y": 1.0,
          "z": 1.0
        },
        "matrix_basis": [
          [
            0.9991056323051453,
            -0.03313885256648064,
            0.02626410312950611,
            0.0
          ],
          [
            0.03213445842266083,
            0.9987691640853882,
            0.037783361971378326,
            0.0
          ],
          [
            -0.027483873069286346,
            -0.03690558671951294,
            0.9989407658576965,
            0.0
          ],
          [
            0.0,
            0.0,
            0.0,
            1.0
          ]
        ],
        "rotation_mode": "QUATERNION"
      },
      "armature_space": {
        "head": {
          "x": 0.5489606857299805,
          "y": 0.161284402012825,
          "z": 0.26762714982032776
        },
        "tail": {
          "x": 0.6373007297515869,
          "y": 0.19874674081802368,
          "z": 0.2271815538406372
        }
      },
      "world_space": {
        "head": {
          "x": 0.5489606857299805,
          "y": 0.22452840209007263,
          "z": 1.2174811363220215
        },
        "tail": {
          "x": 0.6373007297515869,
          "y": 0.2619907259941101,
          "z": 1.1770355701446533
        },
        "rotation_quaternion": {
          "w": 0.6652554869651794,
          "x": 0.11390707641839981,
          "y": 0.48715296387672424,
          "z": -0.5542042255401611
        },
        "matrix": [
          [
            -0.08892219513654709,
            0.8483567237854004,
            0.5219037532806396,
            0.5489606857299805
          ],
          [
            -0.6263946294784546,
            0.35976240038871765,
            -0.6915211081504822,
            0.22452840209007263
          ],
          [
            -0.7744237780570984,
            -0.3884115219116211,
            0.499417781829834,
            1.2174811363220215
          ],
          [
            0.0,
            0.0,
            0.0,
            1.0
          ]
        ]
      },
      "bone_length_armature_space": 0.10413086277094985,
      "parent": "lowerarm_l",
      "has_children": true,
      "is_end_bone": false
    },
    "pinky_01_l": {
      "name": "pinky_01_l",
      "local": {
        "location": {
          "x": 0.0,
          "y": 0.0,
          "z": 0.0
        },
        "rotation_quaternion": {
          "w": 0.9410201907157898,
          "x": 0.3380344808101654,
          "y": 0.0013547512935474515,
          "z": -0.014557107351720333
        },
        "scale": {
          "x": 1.0,
          "y": 1.0,
          "z": 1.0
        },
        "matrix_basis": [
          [
            0.9995725154876709,
            0.02831296995282173,
            -0.007291911635547876,
            0.0
          ],
          [
            -0.026481159031391144,
            0.7710415720939636,
            -0.6362339854240417,
            0.0
          ],
          [
            -0.012391305528581142,
            0.6361551284790039,
            0.7714617252349854,
            0.0
          ],
          [
            0.0,
            0.0,
            0.0,
            1.0
          ]
        ],
        "rotation_mode": "QUATERNION"
      },
      "armature_space": {
        "head": {
          "x": 0.6373007297515869,
          "y": 0.19874674081802368,
          "z": 0.2271815538406372
        },
        "tail": {
          "x": 0.6425540447235107,
