{
  "metadata": {
    "armature_name": "KIM_caucasian_male",
    "export_time": "2026-01-13T21:00:12.285388",
    "blender_version": "4.4.1",
    "bone_count": 56,
    "end_bone_count": 13,
    "spaces_included": [
      "LOCAL_CHANNELS",
      "ARMATURE_SPACE",
      "WORLD_SPACE"
    ],
    "note": "LOCAL matches Transform panel; replay pose via local.matrix_basis for best fidelity."
  },
  "bones": {
    "Root": {
      "name": "Root",
      "local": {
        "location": {
          "x": 0.0,
          "y": 0.0,
          "z": 0.0
        },
        "rotation_quaternion": {
          "w": 0.9994942545890808,
          "x": -0.00305442837998271,
          "y": -0.017385179176926613,
          "z": 0.026452651247382164
        },
        "scale": {
          "x": 1.0,
          "y": 1.0,
          "z": 1.0
        },
        "matrix_basis": [
          [
            0.9979960322380066,
            -0.052772343158721924,
            -0.034914370626211166,
            0.0
          ],
          [
            0.05298474803566933,
            0.9985818266868591,
            0.005185998976230621,
            0.0
          ],
          [
            0.034591179341077805,
            -0.0070255352184176445,
            0.9993768334388733,
            0.0
          ],
          [
            0.0,
            0.0,
            0.0,
            1.0
          ]
        ],
        "rotation_mode": "QUATERNION"
      },
      "armature_space": {
        "head": {
          "x": 0.0,
          "y": 0.07072800397872925,
          "z": -0.009595036506652832
        },
        "tail": {
          "x": -0.0037666717544198036,
          "y": 0.00016771256923675537,
          "z": 0.0004832986742258072
        }
      },
      "world_space": {
        "head": {
          "x": 0.0,
          "y": 0.13397200405597687,
          "z": 0.9402589797973633
        },
        "tail": {
          "x": -0.0037666717544198036,
          "y": 0.06341171264648438,
          "z": 0.950337290763855
        },
        "rotation_quaternion": {
          "w": 0.07038108259439468,
          "x": 0.9970178008079529,
          "y": -0.027563760057091713,
          "z": -0.01556362584233284
        },
        "matrix": [
          [
            0.9979960322380066,
            -0.052772343158721924,
            -0.034914370626211166,
            0.0
          ],
          [
            -0.05715389549732208,
            -0.988573431968689,
            -0.13948485255241394,
            0.13397200405597687
          ],
          [
            -0.027154719457030296,
            0.14120087027549744,
            -0.9896155595779419,
            0.9402589797973633
          ],
          [
            0.0,
            0.0,
            0.0,
            1.0
          ]
        ]
      },
      "bone_length_armature_space": 0.07137587278069053,
      "parent": null,
      "has_children": true,
      "is_end_bone": false
    },
    "spine_01": {
      "name": "spine_01",
      "local": {
        "location": {
          "x": 0.0,
          "y": 0.0,
          "z": 0.0
        },
        "rotation_quaternion": {
          "w": 0.9978945255279541,
          "x": 0.03462078422307968,
          "y": -0.0382935032248497,
          "z": 0.039262764155864716
        },
        "scale": {
          "x": 1.0,
          "y": 1.0,
          "z": 1.0
        },
        "matrix_basis": [
          [
            0.9939841032028198,
            -0.08101169764995575,
            -0.07370714098215103,
            0.0
          ],
          [
            0.07570869475603104,
            0.9945196509361267,
            -0.07210280001163483,
            0.0
          ],
          [
            0.07914437353610992,
            0.06608876585960388,
            0.994670033454895,
            0.0
          ],
          [
            0.0,
            0.0,
            0.0,
            1.0
          ]
        ],
        "rotation_mode": "QUATERNION"
      },
      "armature_space": {
        "head": {
          "x": -0.0037666717544198036,
          "y": 0.00016771256923675537,
          "z": 0.0004832986742258072
        },
        "tail": {
          "x": -0.03038954734802246,
          "y": -0.004500316921621561,
          "z": 0.48773881793022156
        }
      },
      "world_space": {
        "head": {
          "x": -0.0037666717544198036,
          "y": 0.06341171264648438,
          "z": 0.950337290763855
        },
        "tail": {
          "x": -0.03038954734802246,
          "y": 0.0587436817586422,
          "z": 1.43759286403656
        },
        "rotation_quaternion": {
          "w": 0.700650691986084,
          "x": 0.7099462747573853,
          "y": -0.06561662256717682,
          "z": -0.027555562555789948
        },
        "matrix": [
          [
            0.9898702502250671,
            -0.05455493927001953,
            -0.1310749500989914,
            -0.0037666717544198036
          ],
          [
            -0.13178253173828125,
            -0.009565610438585281,
            -0.9912325143814087,
            0.06341171264648438
          ],
          [
            0.05282307416200638,
            0.9984719157218933,
            -0.016659125685691833,
            0.950337290763855
          ],
          [
            0.0,
            0.0,
            0.0,
            1.0
          ]
        ]
      },
      "bone_length_armature_space": 0.48800461514093335,
      "parent": "Root",
      "has_children": true,
      "is_end_bone": false
    },
    "neck_01": {
      "name": "neck_01",
      "local": {
        "location": {
          "x": 0.0,
          "y": 0.0,
          "z": 0.0
        },
        "rotation_quaternion": {
          "w": 0.9901677370071411,
          "x": 0.043530579656362534,
          "y": -0.07909230887889862,
          "z": -0.1068527102470398
        },
        "scale": {
          "x": 1.0,
          "y": 1.0,
          "z": 1.0
        },
        "matrix_basis": [
          [
            0.9646537899971008,
            0.20471835136413574,
            -0.16593202948570251,
            0.0
          ],
          [
            -0.21849007904529572,
            0.9733752012252808,
            -0.06930269300937653,
            0.0
          ],
          [
            0.14732658863067627,
            0.10310760885477066,
            0.9836989641189575,
            0.0
          ],
          [
            0.0,
            0.0,
            0.0,
            1.0
          ]
        ],
        "rotation_mode": "QUATERNION"
      },
      "armature_space": {
        "head": {
          "x": -0.038929715752601624,
          "y": -0.039577074348926544,
          "z": 0.5602676272392273
        },
        "tail": {
          "x": -0.029244014993309975,
          "y": -0.09048955887556076,
          "z": 0.648725688457489
        }
      },
      "world_space": {
        "head": {
          "x": -0.038929715752601624,
          "y": 0.023666925728321075,
          "z": 1.5101215839385986
        },
        "tail": {
          "x": -0.029244014993309975,
          "y": -0.02724555879831314,
          "z": 1.5985796451568604
        },
        "rotation_quaternion": {
          "w": 0.5010854005813599,
          "x": 0.8542190790176392,
          "y": -0.0247279554605484,
          "z": -0.13642506301403046
        },
        "matrix": [
          [
            0.961553692817688,
            0.09447497874498367,
            -0.25785478949546814,
            -0.038929715752601624
          ],
          [
            -0.1789669394493103,
            -0.496603786945343,
            -0.8493266105651855,
            0.023666925728321075
          ],
          [
            -0.2082933485507965,
            0.8628261089324951,
            -0.46060723066329956,
            1.5101215839385986
          ],
          [
            0.0,
            0.0,
            0.0,
            1.0
          ]
        ]
      },
      "bone_length_armature_space": 0.10252181533251316,
      "parent": "spine_01",
      "has_children": true,
      "is_end_bone": false
    },
    "head": {
      "name": "head",
      "local": {
        "location": {
          "x": 0.0,
          "y": 0.0,
          "z": 0.0
        },
        "rotation_quaternion": {
          "w": 0.9801301956176758,
          "x": -0.08225595206022263,
          "y": 0.031169038265943527,
          "z": 0.17778444290161133
        },
        "scale": {
          "x": 1.0,
          "y": 1.0,
          "z": 1.0
        },
        "matrix_basis": [
          [
            0.9348423480987549,
            -0.35363146662712097,
            0.03185177221894264,
            0.0
          ],
          [
            0.34337612986564636,
            0.9232532978057861,
            0.17232581973075867,
            0.0
          ],
          [
            -0.09034708887338638,
            -0.15016034245491028,
            0.9845249056816101,
            0.0
          ],
          [
            0.0,
            0.0,
            0.0,
            1.0
          ]
        ],
        "rotation_mode": "QUATERNION"
      },
      "armature_space": {
        "head": {
          "x": -0.029244061559438705,
          "y": -0.09048965573310852,
          "z": 0.6487255692481995
        },
        "tail": {
          "x": -0.05120797082781792,
          "y": -0.08021769672632217,
          "z": 0.8019096851348877
        }
      },
      "world_space": {
        "head": {
          "x": -0.029244061559438705,
          "y": -0.0272456556558609,
          "z": 1.5985796451568604
        },
        "tail": {
          "x": -0.05120797082781792,
          "y": -0.016973696649074554,
          "z": 1.7517637014389038
        },
        "rotation_quaternion": {
          "w": 0.7230508327484131,
          "x": 0.6832864880561829,
          "y": -0.10155453532934189,
          "z": 0.0019629199523478746
        },
        "matrix": [
          [
            0.979365885257721,
            -0.1416202187538147,
            -0.14417478442192078,
            -0.029244061559438705
          ],
          [
            -0.13594210147857666,
            0.06623213738203049,
            -0.9885005354881287,
            -0.0272456556558609
          ],
          [
            0.14954161643981934,
            0.9877098798751831,
            0.04561282694339752,
            1.5985796451568604
          ],
          [
            0.0,
            0.0,
            0.0,
            1.0
          ]
        ]
      },
      "bone_length_armature_space": 0.15509126046288274,
      "parent": "neck_01",
      "has_children": false,
      "is_end_bone": true
    },
    "upperarm_l": {
      "name": "upperarm_l",
      "local": {
        "location": {
          "x": 0.0,
          "y": 0.0,
          "z": 0.0
        },
        "rotation_quaternion": {
          "w": 0.9692157506942749,
          "x": 0.20536354184150696,
          "y": 0.06919436156749725,
          "z": 0.11687131226062775
        },
        "scale": {
          "x": 1.0,
          "y": 1.0,
          "z": 1.0
        },
        "matrix_basis": [
          [
            0.9631064534187317,
            -0.19812703132629395,
            0.18213073909282684,
            0.0
          ],
          [
            0.2549670338630676,
            0.888333797454834,
            -0.38190948963165283,
            0.0
          ],
          [
            -0.08612632006406784,
            0.41425684094429016,
            0.9060758948326111,
            0.0
          ],
          [
            0.0,
            0.0,
            0.0,
            1.0
          ]
        ],
        "rotation_mode": "QUATERNION"
      },
      "armature_space": {
        "head": {
          "x": 0.11279933154582977,
          "y": -0.06186274439096451,
          "z": 0.5010329484939575
        },
        "tail": {
          "x": 0.33770090341567993,
          "y": -0.19629815220832825,
          "z": 0.5571937561035156
        }
      },
      "world_space": {
        "head": {
          "x": 0.11279933154582977,
          "y": 0.0013812556862831116,
          "z": 1.4508869647979736
        },
        "tail": {
          "x": 0.33770090341567993,
          "y": -0.13305415213108063,
          "z": 1.5070477724075317
        },
        "rotation_quaternion": {
          "w": 0.37551814317703247,
          "x": 0.7117975950241089,
          "y": 0.32885417342185974,
          "z": -0.4941510856151581
        },
        "matrix": [
          [
            0.29533907771110535,
            0.8392807841300964,
            -0.4564893841743469,
            0.11279933154582977
          ],
          [
            0.0970303937792778,
            -0.501681923866272,
            -0.8595932126045227,
            0.0013812556862831116
          ],
          [
            -0.9504590034484863,
            0.20957906544208527,
            -0.22960436344146729,
            1.4508869647979736
          ],
          [
            0.0,
            0.0,
            0.0,
            1.0
          ]
        ]
      },
      "bone_length_armature_space": 0.2679694661410302,
      "parent": "spine_01",
      "has_children": true,
      "is_end_bone": false
    },
    "lowerarm_l": {
      "name": "lowerarm_l",
      "local": {
        "location": {
          "x": 0.0,
          "y": 0.0,
          "z": 0.0
        },
        "rotation_quaternion": {
          "w": 0.8927302360534668,
          "x": 0.44576942920684814,
          "y": -0.06432008743286133,
          "z": -0.013615225441753864
        },
        "scale": {
          "x": 1.0,
          "y": 1.0,
          "z": 1.0
        },
        "matrix_basis": [
          [
            0.9913551211357117,
            -0.03303441032767296,
            -0.12697947025299072,
            0.0
          ],
          [
            -0.08165330439805984,
            0.6022084951400757,
            -0.7941522598266602,
            0.0
          ],
          [
            0.10270246863365173,
            0.7976551651954651,
            0.5943050980567932,
            0.0
          ],
          [
            0.0,
            0.0,
            0.0,
            1.0
          ]
        ],
        "rotation_mode": "QUATERNION"
      },
      "armature_space": {
        "head": {
          "x": 0.3377009332180023,
          "y": -0.1962982714176178,
          "z": 0.5571938753128052
        },
        "tail": {
          "x": 0.33078545331954956,
          "y": -0.46278634667396545,
          "z": 0.5796802639961243
        }
      },
      "world_space": {
        "head": {
          "x": 0.3377009332180023,
          "y": -0.13305427134037018,
          "z": 1.5070478916168213
        },
        "tail": {
          "x": 0.33078545331954956,
          "y": -0.39954233169555664,
          "z": 1.5295343399047852
        },
        "rotation_quaternion": {
          "w": 0.023417450487613678,
          "x": 0.7567183375358582,
          "y": -0.03726493567228317,
          "z": -0.6522579193115234
        },
        "matrix": [
          [
            0.14634202420711517,
            -0.025849908590316772,
            -0.9888961315155029,
            0.3377009332180023
          ],
          [
            -0.08694693446159363,
            -0.9961259961128235,
            0.013171851634979248,
            -0.13305427134037018
          ],
          [
            -0.9854125380516052,
            0.08405351638793945,
            -0.1480236053466797,
            1.5070478916168213
          ],
          [
            0.0,
            0.0,
            0.0,
            1.0
          ]
        ]
      },
      "bone_length_armature_space": 0.26752449596852085,
      "parent": "upperarm_l",
      "has_children": true,
      "is_end_bone": false
    },
    "metacarpal_thumb_l": {
      "name": "metacarpal_thumb_l",
      "local": {
        "location": {
          "x": 0.0,
          "y": 0.0,
          "z": 0.0
        },
        "rotation_quaternion": {
          "w": 0.9994473457336426,
          "x": -0.025718022137880325,
          "y": 0.013266312889754772,
          "z": -0.016362519934773445
        },
        "scale": {
          "x": 1.0,
          "y": 1.0,
          "z": 1.0
        },
        "matrix_basis": [
          [
            0.9991125464439392,
            0.03202458843588829,
            0.02735958620905876,
            0.0
          ],
          [
            -0.03338932245969772,
            0.9981417059898376,
            0.05097347870469093,
            0.0
          ],
          [
            -0.025676339864730835,
            -0.05184175819158554,
            0.9983251690864563,
            0.0
          ],
          [
            0.0,
            0.0,
            0.0,
            1.0
          ]
        ],
        "rotation_mode": "QUATERNION"
      },
      "armature_space": {
        "head": {
          "x": 0.33078545331954956,
          "y": -0.46278634667396545,
          "z": 0.5796802639961243
        },
        "tail": {
          "x": 0.3030951917171478,
          "y": -0.503211498260498,
          "z": 0.5724248290061951
        }
      },
      "world_space": {
        "head": {
          "x": 0.33078545331954956,
          "y": -0.39954233169555664,
          "z": 1.5295343399047852
        },
        "tail": {
          "x": 0.3030951917171478,
          "y": -0.4399675130844116,
          "z": 1.5222787857055664
        },
        "rotation_quaternion": {
          "w": 0.050272226333618164,
          "x": -0.9490898847579956,
          "y": 0.2990240752696991,
          "z": -0.08535656332969666
        },
        "matrix": [
          [
            0.8065974116325378,
            -0.5590192675590515,
            0.1920875459909439,
            0.33078545331954956
          ],
          [
            -0.5761836767196655,
            -0.8161146640777588,
            0.04437754303216934,
            -0.39954233169555664
          ],
          [
            0.13195791840553284,
            -0.146474227309227,
            -0.9803807139396667,
            1.5295343399047852
          ],
          [
            0.0,
            0.0,
            0.0,
            1.0
          ]
        ]
      },
      "bone_length_armature_space": 0.04953367363977938,
      "parent": "lowerarm_l",
      "has_children": true,
      "is_end_bone": false
    },
    "thumb_01_l": {
      "name": "thumb_01_l",
      "local": {
        "location": {
          "x": 0.0,
          "y": 0.0,
          "z": 0.0
        },
        "rotation_quaternion": {
          "w": 0.9989305734634399,
          "x": -0.04460417851805687,
          "y": 0.0111895352602005,
          "z": -0.004792996682226658
        },
        "scale": {
          "x": 1.0,
          "y": 1.0,
          "z": 1.0
        },
        "matrix_basis": [
          [
            0.9997036457061768,
            0.008577541448175907,
            0.022782713174819946,
            0.0
          ],
          [
            -0.010573942214250565,
            0.9959750175476074,
            0.08900569379329681,
            0.0
          ],
          [
            -0.02192756161093712,
            -0.08922021836042404,
            0.9957705140113831,
            0.0
          ],
          [
            0.0,
            0.0,
            0.0,
            1.0
          ]
        ],
        "rotation_mode": "QUATERNION"
      },
      "armature_space": {
        "head": {
          "x": 0.3030951917171478,
          "y": -0.503211498260498,
          "z": 0.5724248290061951
        },
        "tail": {
          "x": 0.28960099816322327,
          "y": -0.5162492990493774,
          "z": 0.5440248250961304
        }
      },
      "world_space": {
        "head": {
          "x": 0.3030951917171478,
          "y": -0.4399675130844116,
          "z": 1.5222787857055664
        },
        "tail": {
          "x": 0.28960099816322327,
          "y": -0.453005313873291,
          "z": 1.4938788414001465
        },
        "rotation_quaternion": {
          "w": 0.07991740107536316,
          "x": -0.46124526858329773,
          "y": 0.5496348142623901,
          "z": -0.6919304728507996
        },
        "matrix": [
          [
            -0.5617285966873169,
            -0.39643797278404236,
            0.7261524796485901,
            0.3030951917171478
          ],
          [
            -0.617630124092102,
            -0.3830304741859436,
            -0.6868921518325806,
            -0.4399675130844116
          ],
          [
            0.5504521131515503,
            -0.8343470096588135,
            -0.02969377487897873,
            1.5222787857055664
          ],
          [
            0.0,
            0.0,
            0.0,
            1.0
          ]
        ]
      },
      "bone_length_armature_space": 0.03403876814468434,
      "parent": "metacarpal_thumb_l",
      "has_children": true,
      "is_end_bone": false
    },
    "thumb_02_l": {
      "name": "thumb_02_l",
      "local": {
        "location": {
          "x": 0.0,
          "y": 0.0,
          "z": 0.0
        },
        "rotation_quaternion": {
          "w": 0.9968070983886719,
          "x": 0.07958272844552994,
          "y": -0.005727215204387903,
          "z": -0.0030767852440476418
        },
        "scale": {
          "x": 1.0,
          "y": 1.0,
          "z": 1.0
        },
        "matrix_basis": [
          [
            0.9999154806137085,
            0.005222348030656576,
            -0.011907575652003288,
            0.0
          ],
          [
            -0.00704549765214324,
            0.9873142242431641,
            -0.15862201154232025,
            0.0
          ],
          [
            0.0109281400218606,
            0.15869249403476715,
            0.9872675538063049,
            0.0
          ],
          [
            0.0,
            0.0,
            0.0,
            1.0
          ]
        ],
        "rotation_mode": "QUATERNION"
      },
      "armature_space": {
        "head": {
          "x": 0.28960099816322327,
          "y": -0.5162492394447327,
          "z": 0.5440248250961304
        },
        "tail": {
          "x": 0.28817036747932434,
          "y": -0.5563130378723145,
          "z": 0.5464792251586914
        }
      },
      "world_space": {
        "head": {
          "x": 0.28960099816322327,
          "y": -0.45300525426864624,
          "z": 1.4938788414001465
        },
        "tail": {
          "x": 0.28817036747932434,
          "y": -0.493069052696228,
          "z": 1.4963332414627075
        },
        "rotation_quaternion": {
          "w": 0.025352325290441513,
          "x": 0.2674207091331482,
          "y": 0.024690046906471252,
          "z": 0.9629298448562622
        },
        "matrix": [
          [
            -0.8556867837905884,
            -0.035619691014289856,
            0.5162664651870728,
            0.28960099816322327
          ],
          [
            0.06203046068549156,
            -0.9974952936172485,
            0.033990368247032166,
            -0.45300525426864624
          ],
          [
            0.5137665271759033,
            0.06110893189907074,
            0.8557591438293457,
            1.4938788414001465
          ],
          [
            0.0,
            0.0,
            0.0,
            1.0
          ]
        ]
      },
      "bone_length_armature_space": 0.04016439590402306,
      "parent": "thumb_01_l",
      "has_children": true,
      "is_end_bone": false
    },
    "thumb_03_l": {
      "name": "thumb_03_l",
      "local": {
        "location": {
          "x": 0.0,
          "y": 0.0,
          "z": 0.0
        },
        "rotation_quaternion": {
          "w": 0.9950829744338989,
          "x": 0.09888885915279388,
          "y": 0.0053986175917088985,
          "z": -0.0013223387068137527
        },
        "scale": {
          "x": 1.0,
          "y": 1.0,
          "z": 1.0
        },
        "matrix_basis": [
          [
            0.9999381899833679,
            0.0036993997637182474,
            0.010482615791261196,
            0.0
          ],
          [
            -0.001563947182148695,
            0.9804384708404541,
            -0.1968195140361786,
            0.0
          ],
          [
            -0.011005674488842487,
            0.19679096341133118,
            0.9803836941719055,
            0.0
          ],
          [
            0.0,
            0.0,
            0.0,
            1.0
          ]
        ],
        "rotation_mode": "QUATERNION"
      },
      "armature_space": {
        "head": {
          "x": 0.2881702780723572,
          "y": -0.5563129782676697,
          "z": 0.5464791655540466
        },
        "tail": {
          "x": 0.29619210958480835,
          "y": -0.583145022392273,
          "z": 0.5584200620651245
        }
      },
      "world_space": {
        "head": {
          "x": 0.2881702780723572,
          "y": -0.49306899309158325,
          "z": 1.496333122253418
        },
        "tail": {
          "x": 0.29619210958480835,
          "y": -0.5199010372161865,
          "z": 1.5082740783691406
        },
        "rotation_quaternion": {
          "w": 0.1211642175912857,
          "x": -0.06873365491628647,
          "y": -0.2113134264945984,
          "z": -0.9674407243728638
        },
        "matrix": [
          [
            -0.9611896276473999,
            0.2634871304035187,
            0.08178375661373138,
            0.2881702780723572
          ],
          [
            -0.2053898572921753,
            -0.8813315033912659,
            0.42552298307418823,
            -0.49306899309158325
          ],
          [
            0.18419970571994781,
            0.39221274852752686,
            0.9012512564659119,
            1.496333122253418
          ],
          [
            0.0,
            0.0,
            0.0,
            1.0
          ]
        ]
      },
      "bone_length_armature_space": 0.030444923341104296,
      "parent": "thumb_02_l",
      "has_children": false,
      "is_end_bone": true
    },
    "metacarpal_index_l": {
      "name": "metacarpal_index_l",
      "local": {
        "location": {
          "x": 0.0,
          "y": 0.0,
          "z": 0.0
        },
        "rotation_quaternion": {
          "w": 0.9997531771659851,
          "x": -0.007042751181870699,
          "y": -0.013590019196271896,
          "z": 0.016104944050312042
        },
        "scale": {
          "x": 1.0,
          "y": 1.0,
          "z": 1.0
        },
        "matrix_basis": [
          [
            0.9991118907928467,
            -0.0320105142891407,
            -0.027400175109505653,
            0.0
          ],
          [
            0.032393358647823334,
            0.9993820786476135,
            0.013644292950630188,
            0.0
          ],
          [
            0.026946483179926872,
            -0.014519758522510529,
            0.9995314478874207,
            0.0
          ],
          [
            0.0,
            0.0,
            0.0,
            1.0
          ]
        ],
        "rotation_mode": "QUATERNION"
      },
      "armature_space": {
        "head": {
          "x": 0.33078545331954956,
          "y": -0.46278634667396545,
          "z": 0.5796802639961243
        },
        "tail": {
          "x": 0.2909434139728546,
          "y": -0.5729671120643616,
          "z": 0.5811055302619934
        }
      },
      "world_space": {
        "head": {
          "x": 0.33078545331954956,
          "y": -0.39954233169555664,
          "z": 1.5295343399047852
        },
        "tail": {
          "x": 0.2909434139728546,
          "y": -0.5097231268882751,
          "z": 1.5309596061706543
        },
        "rotation_quaternion": {
          "w": 0.03557494282722473,
          "x": -0.9559821486473083,
          "y": 0.16901668906211853,
          "z": 0.23720431327819824
        },
        "matrix": [
          [
            0.8303348422050476,
            -0.340031236410141,
            -0.44150033593177795,
            0.33078545331954956
          ],
          [
            -0.3062770366668701,
            -0.9403356313705444,
            0.14820098876953125,
            -0.39954233169555664
          ],
          [
            -0.4655551016330719,
            0.012164157815277576,
            -0.8849431872367859,
            1.5295343399047852
          ],
          [
            0.0,
            0.0,
            0.0,
            1.0
          ]
        ]
      },
      "bone_length_armature_space": 0.117171756091657,
      "parent": "lowerarm_l",
      "has_children": true,
      "is_end_bone": false
    },
    "index_01_l": {
      "name": "index_01_l",
      "local": {
        "location": {
          "x": 0.0,
          "y": 0.0,
          "z": 0.0
        },
        "rotation_quaternion": {
          "w": 0.9932101964950562,
          "x": -0.1155363991856575,
          "y": 0.0018892665393650532,
          "z": 0.013470906764268875
        },
        "scale": {
          "x": 1.0,
          "y": 1.0,
          "z": 1.0
        },
        "matrix_basis": [
          [
            0.9996299147605896,
            -0.027195442467927933,
            0.0006401174468919635,
            0.0
          ],
          [
            0.026322325691580772,
            0.9729397296905518,
            0.22955475747585297,
            0.0
          ],
          [
            -0.006865637842565775,
            -0.2294529527425766,
            0.9732955694198608,
            0.0
          ],
          [
            0.0,
            0.0,
            0.0,
            1.0
          ]
        ],
        "rotation_mode": "QUATERNION"
      },
      "armature_space": {
        "head": {
          "x": 0.2909434139728546,
          "y": -0.5729671120643616,
          "z": 0.5811055302619934
        },
        "tail": {
          "x": 0.29385820031166077,
          "y": -0.6008186340332031,
          "z": 0.5864784121513367
        }
      },
      "world_space": {
        "head": {
          "x": 0.2909434139728546,
          "y": -0.5097231268882751,
          "z": 1.5309596061706543
        },
        "tail": {
          "x": 0.29385820031166077,
          "y": -0.5375746488571167,
          "z": 1.536332368850708
        },
        "rotation_quaternion": {
          "w": 0.1036764606833458,
          "x": 0.9703846573829651,
          "y": 0.029574837535619736,
          "z": -0.21617168188095093
        },
        "matrix": [
          [
            0.9047901630401611,
            0.1022217869758606,
            -0.4134068191051483,
            0.2909434139728546
          ],
          [
            0.01257412414997816,
            -0.9767529964447021,
            -0.21399906277656555,
            -0.5097231268882751
          ],
          [
            -0.42567476630210876,
            0.18842636048793793,
            -0.8850482702255249,
            1.5309596061706543
          ],
          [
            0.0,
            0.0,
            0.0,
            1.0
          ]
        ]
      },
      "bone_length_armature_space": 0.028514402379442073,
      "parent": "metacarpal_index_l",
      "has_children": true,
      "is_end_bone": false
    },
    "index_02_l": {
      "name": "index_02_l",
      "local": {
        "location": {
          "x": 0.0,
          "y": 0.0,
          "z": 0.0
        },
        "rotation_quaternion": {
          "w": 0.9988832473754883,
          "x": 0.04641503840684891,
          "y": -0.007179473526775837,
          "z": -0.005136180203408003
        },
        "scale": {
          "x": 1.0,
          "y": 1.0,
          "z": 1.0
        },
        "matrix_basis": [
          [
            0.9998441338539124,
            0.009594417177140713,
            -0.014819703996181488,
            0.0
          ],
          [
            -0.010927359573543072,
            0.9956385493278503,
            -0.09265265613794327,
            0.0
          ],
          [
            0.013866120018064976,
            0.09280015528202057,
            0.9955881834030151,
            0.0
          ],
          [
            0.0,
            0.0,
            0.0,
            1.0
          ]
        ],
        "rotation_mode": "QUATERNION"
      },
      "armature_space": {
        "head": {
          "x": 0.2938579022884369,
          "y": -0.6008190512657166,
          "z": 0.5864782929420471
        },
        "tail": {
          "x": 0.2966519892215729,
          "y": -0.626129150390625,
          "z": 0.5895897150039673
        }
      },
      "world_space": {
        "head": {
          "x": 0.2938579022884369,
          "y": -0.5375750660896301,
          "z": 1.536332368850708
        },
        "tail": {
          "x": 0.2966519892215729,
          "y": -0.5628851652145386,
          "z": 1.5394437313079834
        },
        "rotation_quaternion": {
          "w": 0.07292094081640244,
          "x": 0.9626579284667969,
          "y": 0.0370219387114048,
          "z": -0.25807303190231323
        },
        "matrix": [
          [
            0.8640552163124084,
            0.10891684144735336,
            -0.4914725720882416,
            0.2938579022884369
          ],
          [
            0.03364107757806778,
            -0.9866238236427307,
            -0.15950509905815125,
            -0.5375750660896301
          ],
          [
            -0.5022749304771423,
            0.12128742039203644,
            -0.856167733669281,
            1.536332368850708
          ],
          [
            0.0,
            0.0,
            0.0,
            1.0
          ]
        ]
      },
      "bone_length_armature_space": 0.025653244688812252,
      "parent": "index_01_l",
      "has_children": true,
      "is_end_bone": false
    },
    "index_03_l": {
      "name": "index_03_l",
      "local": {
        "location": {
          "x": 0.0,
          "y": 0.0,
          "z": 0.0
        },
        "rotation_quaternion": {
          "w": 0.9995962977409363,
          "x": 0.027772579342126846,
          "y": -0.0013474160805344582,
          "z": -0.0058370367623865604
        },
        "scale": {
          "x": 1.0,
          "y": 1.0,
          "z": 1.0
        },
        "matrix_basis": [
          [
            0.9999282360076904,
            0.011594518087804317,
            -0.0030179633758962154,
            0.0
          ],
          [
            -0.011744203045964241,
            0.9983892440795898,
            -0.055507004261016846,
            0.0
          ],
          [
            0.002369525143876672,
            0.05553846433758736,
            0.9984537363052368,
            0.0
          ],
          [
            0.0,
            0.0,
            0.0,
            1.0
          ]
        ],
        "rotation_mode": "QUATERNION"
      },
      "armature_space": {
        "head": {
          "x": 0.29665201902389526,
          "y": -0.626129150390625,
          "z": 0.5895898342132568
        },
        "tail": {
          "x": 0.3004138767719269,
          "y": -0.6550591588020325,
          "z": 0.5879668593406677
        }
      },
      "world_space": {
        "head": {
          "x": 0.29665201902389526,
          "y": -0.5628851652145386,
          "z": 1.539443850517273
        },
        "tail": {
          "x": 0.3004138767719269,
          "y": -0.591815173625946,
          "z": 1.537820816040039
        },
        "rotation_quaternion": {
          "w": 0.012124402448534966,
          "x": -0.9703587293624878,
          "y": -0.06922970712184906,
          "z": 0.23122315108776093
        },
        "matrix": [
          [
            0.8834859132766724,
            0.1287485659122467,
            -0.4504174292087555,
            0.29665201902389526
          ],
          [
            0.13996219635009766,
            -0.990120530128479,
            -0.008485741913318634,
            -0.5628851652145386
          ],
          [
            -0.447063148021698,
            -0.055545784533023834,
            -0.8927838802337646,
            1.539443850517273
          ],
          [
            0.0,
            0.0,
            0.0,
            1.0
          ]
        ]
      },
      "bone_length_armature_space": 0.02921867541415824,
      "parent": "index_02_l",
      "has_children": false,
      "is_end_bone": true
    },
    "metacarpal_pinky_l": {
      "name": "metacarpal_pinky_l",
      "local": {
        "location": {
          "x": 0.0,
          "y": 0.0,
          "z": 0.0
        },
        "rotation_quaternion": {
          "w": 0.9983824491500854,
          "x": -0.05550757795572281,
          "y": -0.0005328487604856491,
          "z": -0.012291223742067814
        },
        "scale": {
          "x": 1.0,
          "y": 1.0,
          "z": 1.0
        },
        "matrix_basis": [
          [
            0.9996972680091858,
            0.024601837620139122,
            0.0003005384060088545,
            0.0
          ],
          [
            -0.02448352985084057,
            0.9935356974601746,
            0.11084868013858795,
            0.0
          ],
          [
            0.002428485779091716,
            -0.11082248389720917,
            0.9938372373580933,
            0.0
          ],
          [
            0.0,
            0.0,
            0.0,
            1.0
          ]
        ],
        "rotation_mode": "QUATERNION"
      },
      "armature_space": {
        "head": {
          "x": 0.33078545331954956,
          "y": -0.46278634667396545,
          "z": 0.5796802639961243
        },
        "tail": {
          "x": 0.3616962432861328,
          "y": -0.56222003698349,
          "z": 0.5805056691169739
        }
      },
      "world_space": {
        "head": {
          "x": 0.33078545331954956,
          "y": -0.39954233169555664,
          "z": 1.5295343399047852
        },
        "tail": {
          "x": 0.3616962432861328,
          "y": -0.49897605180740356,
          "z": 1.5303597450256348
        },
        "rotation_quaternion": {
          "w": 0.14809152483940125,
          "x": 0.19023893773555756,
          "y": 0.02495318278670311,
          "z": -0.9701831936836243
        },
        "matrix": [
          [
            -0.8837561011314392,
            0.296845942735672,
            -0.36174237728118896,
            0.33078545331954956
          ],
          [
            -0.2778579890727997,
            -0.954892635345459,
            -0.10476377606391907,
            -0.39954233169555664
          ],
          [
            -0.3765265941619873,
            0.007926538586616516,
            0.926379382610321,
            1.5295343399047852
          ],
          [
            0.0,
            0.0,
            0.0,
            1.0
          ]
        ]
      },
      "bone_length_armature_space": 0.10413077096733771,
      "parent": "lowerarm_l",
      "has_children": true,
      "is_end_bone": false
    },
    "pinky_01_l": {
      "name": "pinky_01_l",
      "local": {
        "location": {
          "x": 0.0,
          "y": 0.0,
          "z": 0.0
        },
        "rotation_quaternion": {
          "w": 0.9955174922943115,
          "x": -0.09249037504196167,
          "y": -0.01657690480351448,
          "z": 0.010757017880678177
        },
        "scale": {
          "x": 1.0,
          "y": 1.0,
          "z": 1.0
        },
        "matrix_basis": [
          [
            0.9992190003395081,
            -0.01835118979215622,
            -0.03499503806233406,
            0.0
          ],
          [
            0.02448400668799877,
            0.982659637928009,
            0.18379493057727814,
            0.0
          ],
          [
            0.03101535700261593,
            -0.18450820446014404,
            0.982341468334198,
            0.0
          ],
          [
            0.0,
            0.0,
            0.0,
            1.0
          ]
        ],
        "rotation_mode": "QUATERNION"
      },
      "armature_space": {
        "head": {
          "x": 0.3616962432861328,
          "y": -0.56222003698349,
