{
  "metadata": {
    "armature_name": "KIM_caucasian_male",
    "export_time": "2026-01-13T21:12:27.788033",
    "blender_version": "4.4.1",
    "bone_count": 56,
    "end_bone_count": 13,
    "spaces_included": [
      "LOCAL_CHANNELS",
      "ARMATURE_SPACE",
      "WORLD_SPACE"
    ],
    "note": "LOCAL matches Transform panel; replay pose via local.matrix_basis for best fidelity."
  },
  "bones": {
    "Root": {
      "name": "Root",
      "local": {
        "location": {
          "x": 0.0,
          "y": 0.0,
          "z": 0.0
        },
        "rotation_quaternion": {
          "w": 0.9995445013046265,
          "x": -0.009563912637531757,
          "y": -0.016388334333896637,
          "z": 0.0234687402844429
        },
        "scale": {
          "x": 1.0,
          "y": 1.0,
          "z": 1.0
        },
        "matrix_basis": [
          [
            0.9983612895011902,
            -0.046602629125118256,
            -0.033210646361112595,
            0.0
          ],
          [
            0.047229573130607605,
            0.9987155199050903,
            0.018349885940551758,
            0.0
          ],
          [
            0.03231283277273178,
            -0.019888339564204216,
            0.9992799162864685,
            0.0
          ],
          [
            0.0,
            0.0,
            0.0,
            1.0
          ]
        ],
        "rotation_mode": "QUATERNION"
      },
      "armature_space": {
        "head": {
          "x": 0.0,
          "y": 0.07072800397872925,
          "z": -0.009595036506652832
        },
        "tail": {
          "x": -0.003326303092762828,
          "y": 0.00028167665004730225,
          "z": 0.0013943463563919067
        }
      },
      "world_space": {
        "head": {
          "x": 0.0,
          "y": 0.13397200405597687,
          "z": 0.9402589797973633
        },
        "tail": {
          "x": -0.003326303092762828,
          "y": 0.06352567672729492,
          "z": 0.9512483477592468
        },
        "rotation_quaternion": {
          "w": 0.07687915116548538,
          "x": 0.9966294765472412,
          "y": -0.02451947145164013,
          "z": -0.014770063571631908
        },
        "matrix": [
          [
            0.9983612895011902,
            -0.046602629125118256,
            -0.033210646361112595,
            0.0
          ],
          [
            -0.05114468187093735,
            -0.9869768023490906,
            -0.1525162160396576,
            0.13397200405597687
          ],
          [
            -0.025670703500509262,
            0.15396496653556824,
            -0.9877498745918274,
            0.9402589797973633
          ],
          [
            0.0,
            0.0,
            0.0,
            1.0
          ]
        ]
      },
      "bone_length_armature_space": 0.07137587742526853,
      "parent": null,
      "has_children": true,
      "is_end_bone": false
    },
    "spine_01": {
      "name": "spine_01",
      "local": {
        "location": {
          "x": 0.0,
          "y": 0.0,
          "z": 0.0
        },
        "rotation_quaternion": {
          "w": 0.998582124710083,
          "x": 0.03032580576837063,
          "y": -0.03942189738154411,
          "z": 0.01897338218986988
        },
        "scale": {
          "x": 1.0,
          "y": 1.0,
          "z": 1.0
        },
        "matrix_basis": [
          [
            0.9961718320846558,
            -0.040283963084220886,
            -0.07758123427629471,
            0.0
          ],
          [
            0.035501960664987564,
            0.9974406957626343,
            -0.06206154823303223,
            0.0
          ],
          [
            0.07988277077674866,
            0.0590696819126606,
            0.9950525164604187,
            0.0
          ],
          [
            0.0,
            0.0,
            0.0,
            1.0
          ]
        ],
        "rotation_mode": "QUATERNION"
      },
      "armature_space": {
        "head": {
          "x": -0.003326303092762828,
          "y": 0.00028167665004730225,
          "z": 0.0013943463563919067
        },
        "tail": {
          "x": -0.010267883539199829,
          "y": 0.004248373676091433,
          "z": 0.48933351039886475
        }
      },
      "world_space": {
        "head": {
          "x": -0.003326303092762828,
          "y": 0.06352567672729492,
          "z": 0.9512483477592468
        },
        "tail": {
          "x": -0.010267883539199829,
          "y": 0.06749237328767776,
          "z": 1.4391875267028809
        },
        "rotation_quaternion": {
          "w": 0.7081649899482727,
          "x": 0.7030758857727051,
          "y": -0.05065980553627014,
          "z": -0.040252555161714554
        },
        "matrix": [
          [
            0.9916266202926636,
            -0.014224514365196228,
            -0.12835213541984558,
            -0.003326303092762828
          ],
          [
            -0.12824620306491852,
            0.008128456771373749,
            -0.9917091727256775,
            0.06352567672729492
          ],
          [
            0.015149874612689018,
            0.9998728632926941,
            0.00623529776930809,
            0.9512483477592468
          ],
          [
            0.0,
            0.0,
            0.0,
            1.0
          ]
        ]
      },
      "bone_length_armature_space": 0.488004676514468,
      "parent": "Root",
      "has_children": true,
      "is_end_bone": false
    },
    "neck_01": {
      "name": "neck_01",
      "local": {
        "location": {
          "x": 0.0,
          "y": 0.0,
          "z": 0.0
        },
        "rotation_quaternion": {
          "w": 0.9910889863967896,
          "x": 0.01981666497886181,
          "y": -0.08265181630849838,
          "z": 0.10256102681159973
        },
        "scale": {
          "x": 1.0,
          "y": 1.0,
          "z": 1.0
        },
        "matrix_basis": [
          [
            0.9652998447418213,
            -0.20656996965408325,
            -0.15976577997207642,
            0.0
          ],
          [
            0.20001843571662903,
            0.9781770706176758,
            -0.05623386800289154,
            0.0
          ],
          [
            0.16789545118808746,
            0.022326447069644928,
            0.9855519533157349,
            0.0
          ],
          [
            0.0,
            0.0,
            0.0,
            1.0
          ]
        ],
        "rotation_mode": "QUATERNION"
      },
      "armature_space": {
        "head": {
          "x": -0.015760689973831177,
          "y": -0.029549386352300644,
          "z": 0.5627589225769043
        },
        "tail": {
          "x": -0.04322982579469681,
          "y": -0.06593385338783264,
          "z": 0.6545867919921875
        }
      },
      "world_space": {
        "head": {
          "x": -0.015760689973831177,
          "y": 0.033694613724946976,
          "z": 1.5126129388809204
        },
        "tail": {
          "x": -0.04322982579469681,
          "y": -0.002689853310585022,
          "z": 1.6044408082962036
        },
        "rotation_quaternion": {
          "w": 0.535551905632019,
          "x": 0.8220984935760498,
          "y": -0.18903866410255432,
          "z": -0.04003460705280304
        },
        "matrix": [
          [
            0.9253228902816772,
            -0.2679358124732971,
            -0.26830586791038513,
            -0.015760689973831177
          ],
          [
            -0.3536990284919739,
            -0.35489651560783386,
            -0.8654166460037231,
            0.033694613724946976
          ],
          [
            0.13665588200092316,
            0.8956950306892395,
            -0.4231661856174469,
            1.5126129388809204
          ],
          [
            0.0,
            0.0,
            0.0,
            1.0
          ]
        ]
      },
      "bone_length_armature_space": 0.10252190202214541,
      "parent": "spine_01",
      "has_children": true,
      "is_end_bone": false
    },
    "head": {
      "name": "head",
      "local": {
        "location": {
          "x": 0.0,
          "y": 0.0,
          "z": 0.0
        },
        "rotation_quaternion": {
          "w": 0.9668680429458618,
          "x": -0.022525472566485405,
          "y": -0.14130571484565735,
          "z": 0.21140366792678833
        },
        "scale": {
          "x": 1.0,
          "y": 1.0,
          "z": 1.0
        },
        "matrix_basis": [
          [
            0.8706823587417603,
            -0.40243294835090637,
            -0.28277188539505005,
            0.0
          ],
          [
            0.41516485810279846,
            0.909602165222168,
            -0.016186773777008057,
            0.0
          ],
          [
            0.26372402906417847,
            -0.10330341011285782,
            0.9590505957603455,
            0.0
          ],
          [
            0.0,
            0.0,
            0.0,
            1.0
          ]
        ],
        "rotation_mode": "QUATERNION"
      },
      "armature_space": {
        "head": {
          "x": -0.0432298481464386,
          "y": -0.065933957695961,
          "z": 0.654586672782898
        },
        "tail": {
          "x": -0.11694755405187607,
          "y": -0.03123052790760994,
          "z": 0.7865510582923889
        }
      },
      "world_space": {
        "head": {
          "x": -0.0432298481464386,
          "y": -0.002689957618713379,
          "z": 1.604440689086914
        },
        "tail": {
          "x": -0.11694755405187607,
          "y": 0.03201347216963768,
          "z": 1.7364051342010498
        },
        "rotation_quaternion": {
          "w": 0.6613407731056213,
          "x": 0.622086226940155,
          "y": -0.41774308681488037,
          "z": -0.03358558192849159
        },
        "matrix": [
          [
            0.6487229466438293,
            -0.4753214716911316,
            -0.5943300127983093,
            -0.0432298481464386
          ],
          [
            -0.5641701221466064,
            0.2237628549337387,
            -0.7947595119476318,
            -0.002689957618713379
          ],
          [
            0.5107581615447998,
            0.8508879542350769,
            -0.12300363183021545,
            1.604440689086914
          ],
          [
            0.0,
            0.0,
            0.0,
            1.0
          ]
        ]
      },
      "bone_length_armature_space": 0.15509103124071338,
      "parent": "neck_01",
      "has_children": false,
      "is_end_bone": true
    },
    "upperarm_l": {
      "name": "upperarm_l",
      "local": {
        "location": {
          "x": 0.0,
          "y": 0.0,
          "z": 0.0
        },
        "rotation_quaternion": {
          "w": 0.8975191116333008,
          "x": 0.034710779786109924,
          "y": 0.43513795733451843,
          "z": 0.06252642720937729
        },
        "scale": {
          "x": 1.0,
          "y": 1.0,
          "z": 1.0
        },
        "matrix_basis": [
          [
            0.6134908199310303,
            -0.08202937245368958,
            0.7854299545288086,
            0.0
          ],
          [
            0.14244528114795685,
            0.9897711873054504,
            -0.007891932502388954,
            0.0
          ],
          [
            -0.7767485976219177,
            0.11672241985797882,
            0.6189002394676208,
            0.0
          ],
          [
            0.0,
            0.0,
            0.0,
            1.0
          ]
        ],
        "rotation_mode": "QUATERNION"
      },
      "armature_space": {
        "head": {
          "x": 0.13352999091148376,
          "y": -0.05249529704451561,
          "z": 0.4978521168231964
        },
        "tail": {
          "x": 0.39500465989112854,
          "y": -0.10778024047613144,
          "z": 0.5174016356468201
        }
      },
      "world_space": {
        "head": {
          "x": 0.13352999091148376,
          "y": 0.01074870303273201,
          "z": 1.4477061033248901
        },
        "tail": {
          "x": 0.39500465989112854,
          "y": -0.04453624039888382,
          "z": 1.4672555923461914
        },
        "rotation_quaternion": {
          "w": 0.2266487330198288,
          "x": 0.7434402108192444,
          "y": 0.5877703428268433,
          "z": -0.22461752593517303
        },
        "matrix": [
          [
            0.20814524590969086,
            0.9757630825042725,
            -0.06754211336374283,
            0.13352999091148376
          ],
          [
            0.7721258401870728,
            -0.20631062984466553,
            -0.6010472774505615,
            0.01074870303273201
          ],
          [
            -0.6004179120063782,
            0.07295438647270203,
            -0.7963605523109436,
            1.4477061033248901
          ],
          [
            0.0,
            0.0,
            0.0,
            1.0
          ]
        ]
      },
      "bone_length_armature_space": 0.2679694193849565,
      "parent": "spine_01",
      "has_children": true,
      "is_end_bone": false
    },
    "lowerarm_l": {
      "name": "lowerarm_l",
      "local": {
        "location": {
          "x": 0.0,
          "y": 0.0,
          "z": 0.0
        },
        "rotation_quaternion": {
          "w": 0.9443790316581726,
          "x": 0.1655977964401245,
          "y": -0.029865602031350136,
          "z": 0.2825484573841095
        },
        "scale": {
          "x": 1.0,
          "y": 1.0,
          "z": 1.0
        },
        "matrix_basis": [
          [
            0.8385488390922546,
            -0.5435570478439331,
            0.03716990724205971,
            0.0
          ],
          [
            0.5237743258476257,
            0.7854874730110168,
            -0.3296511471271515,
            0.0
          ],
          [
            0.14998769760131836,
            0.2958972156047821,
            0.9433708190917969,
            0.0
          ],
          [
            0.0,
            0.0,
            0.0,
            1.0
          ]
        ],
        "rotation_mode": "QUATERNION"
      },
      "armature_space": {
        "head": {
          "x": 0.3950047194957733,
          "y": -0.10778038203716278,
          "z": 0.5174016952514648
        },
        "tail": {
          "x": 0.5401359796524048,
          "y": -0.3266553580760956,
          "z": 0.5683920383453369
        }
      },
      "world_space": {
        "head": {
          "x": 0.3950047194957733,
          "y": -0.04453638195991516,
          "z": 1.467255711555481
        },
        "tail": {
          "x": 0.5401359796524048,
          "y": -0.26341134309768677,
          "z": 1.518246054649353
        },
        "rotation_quaternion": {
          "w": 0.19306887686252594,
          "x": 0.8933393955230713,
          "y": 0.2316235899925232,
          "z": -0.33319637179374695
        },
        "matrix": [
          [
            0.670661211013794,
            0.5424970984458923,
            -0.5058755874633789,
            0.3950047194957733
          ],
          [
            0.2851775288581848,
            -0.8181493282318115,
            -0.4993051290512085,
            -0.04453638195991516
          ],
          [
            -0.6847580671310425,
            0.19060075283050537,
            -0.7034144997596741,
            1.467255711555481
          ],
          [
            0.0,
            0.0,
            0.0,
            1.0
          ]
        ]
      },
      "bone_length_armature_space": 0.26752448588510275,
      "parent": "upperarm_l",
      "has_children": true,
      "is_end_bone": false
    },
    "metacarpal_thumb_l": {
      "name": "metacarpal_thumb_l",
      "local": {
        "location": {
          "x": 0.0,
          "y": 0.0,
          "z": 0.0
        },
        "rotation_quaternion": {
          "w": 0.9994822144508362,
          "x": 0.031238693743944168,
          "y": 0.004704159684479237,
          "z": 0.006122583523392677
        },
        "scale": {
          "x": 1.0,
          "y": 1.0,
          "z": 1.0
        },
        "matrix_basis": [
          [
            0.9998807907104492,
            -0.011944922618567944,
            0.00978597067296505,
            0.0
          ],
          [
            0.012532730586826801,
            0.9979733228683472,
            -0.062387432903051376,
            0.0
          ],
          [
            -0.00902092456817627,
            0.06250263750553131,
            0.9980040192604065,
            0.0
          ],
          [
            0.0,
            0.0,
            0.0,
            1.0
          ]
        ],
        "rotation_mode": "QUATERNION"
      },
      "armature_space": {
        "head": {
          "x": 0.5401359796524048,
          "y": -0.3266553580760956,
          "z": 0.5683920383453369
        },
        "tail": {
          "x": 0.5539588928222656,
          "y": -0.36901038885116577,
          "z": 0.5467455387115479
        }
      },
      "world_space": {
        "head": {
          "x": 0.5401359796524048,
          "y": -0.26341134309768677,
          "z": 1.518246054649353
        },
        "tail": {
          "x": 0.5539588928222656,
          "y": -0.30576640367507935,
          "z": 1.496599555015564
        },
        "rotation_quaternion": {
          "w": 0.26302021741867065,
          "x": -0.9034316539764404,
          "y": -0.05729671195149422,
          "z": -0.33368954062461853
        },
        "matrix": [
          [
            0.7707371115684509,
            0.2790609896183014,
            0.5727904438972473,
            0.5401359796524048
          ],
          [
            -0.07200602442026138,
            -0.8550754189491272,
            0.5134794116020203,
            -0.26341134309768677
          ],
          [
            0.6330756545066833,
            -0.43700599670410156,
            -0.638948380947113,
            1.518246054649353
          ],
          [
            0.0,
            0.0,
            0.0,
            1.0
          ]
        ]
      },
      "bone_length_armature_space": 0.049533750719783894,
      "parent": "lowerarm_l",
      "has_children": true,
      "is_end_bone": false
    },
    "thumb_01_l": {
      "name": "thumb_01_l",
      "local": {
        "location": {
          "x": 0.0,
          "y": 0.0,
          "z": 0.0
        },
        "rotation_quaternion": {
          "w": 0.9994206428527832,
          "x": -0.03125093877315521,
          "y": -0.0009306413121521473,
          "z": 0.013447407633066177
        },
        "scale": {
          "x": 1.0,
          "y": 1.0,
          "z": 1.0
        },
        "matrix_basis": [
          [
            0.9996365904808044,
            -0.026821067556738853,
            -0.0027006925083696842,
            0.0
          ],
          [
            0.026937400922179222,
            0.9976850748062134,
            0.06244063749909401,
            0.0
          ],
          [
            0.0010197160299867392,
            -0.06249069422483444,
            0.998045027256012,
            0.0
          ],
          [
            0.0,
            0.0,
            0.0,
            1.0
          ]
        ],
        "rotation_mode": "QUATERNION"
      },
      "armature_space": {
        "head": {
          "x": 0.5539588928222656,
          "y": -0.36901038885116577,
          "z": 0.5467455387115479
        },
        "tail": {
          "x": 0.5698434114456177,
          "y": -0.3738536834716797,
          "z": 0.5170325636863708
        }
      },
      "world_space": {
        "head": {
          "x": 0.5539588928222656,
          "y": -0.30576640367507935,
          "z": 1.496599555015564
        },
        "tail": {
          "x": 0.5698434114456177,
          "y": -0.31060969829559326,
          "z": 1.4668865203857422
        },
        "rotation_quaternion": {
          "w": 0.542846143245697,
          "x": -0.3531741201877594,
          "y": 0.3662968575954437,
          "z": -0.66814124584198
        },
        "matrix": [
          [
            -0.1611693650484085,
            0.4666629135608673,
            0.8696263432502747,
            0.5539588928222656
          ],
          [
            -0.9841293096542358,
            -0.14228805899620056,
            -0.10603496432304382,
            -0.30576640367507935
          ],
          [
            0.07425448298454285,
            -0.8729208111763,
            0.4821925461292267,
            1.496599555015564
          ],
          [
            0.0,
            0.0,
            0.0,
            1.0
          ]
        ]
      },
      "bone_length_armature_space": 0.03403874770435428,
      "parent": "metacarpal_thumb_l",
      "has_children": true,
      "is_end_bone": false
    },
    "thumb_02_l": {
      "name": "thumb_02_l",
      "local": {
        "location": {
          "x": 0.0,
          "y": 0.0,
          "z": 0.0
        },
        "rotation_quaternion": {
          "w": 0.9965882897377014,
          "x": 0.08232429623603821,
          "y": 0.004986300133168697,
          "z": 0.0031272319611161947
        },
        "scale": {
          "x": 1.0,
          "y": 1.0,
          "z": 1.0
        },
        "matrix_basis": [
          [
            0.999930739402771,
            -0.005412138067185879,
            0.01045347098261118,
            0.0
          ],
          [
            0.0070541128516197205,
            0.9864258766174316,
            -0.16405567526817322,
            0.0
          ],
          [
            -0.00942368246614933,
            0.16411805152893066,
            0.9863957166671753,
            0.0
          ],
          [
            0.0,
            0.0,
            0.0,
            1.0
          ]
        ],
        "rotation_mode": "QUATERNION"
      },
      "armature_space": {
        "head": {
          "x": 0.5698433518409729,
          "y": -0.3738536238670349,
          "z": 0.5170325636863708
        },
        "tail": {
          "x": 0.595224142074585,
          "y": -0.4048446714878082,
          "z": 0.5199564695358276
        }
      },
      "world_space": {
        "head": {
          "x": 0.5698433518409729,
          "y": -0.3106096386909485,
          "z": 1.4668865203857422
        },
        "tail": {
          "x": 0.595224142074585,
          "y": -0.3416006565093994,
          "z": 1.4698104858398438
        },
        "rotation_quaternion": {
          "w": 0.33793002367019653,
          "x": 0.10514377057552338,
          "y": -0.0009285392006859183,
          "z": -0.9352792501449585
        },
        "matrix": [
          [
            -0.7494961023330688,
            0.6319226026535034,
            -0.19730472564697266,
            0.5698433518409729
          ],
          [
            -0.6323131918907166,
            -0.771604597568512,
            -0.06932564824819565,
            -0.3106096386909485
          ],
          [
            -0.1960517317056656,
            0.072798952460289,
            0.9778947234153748,
            1.4668865203857422
          ],
          [
            0.0,
            0.0,
            0.0,
            1.0
          ]
        ]
      },
      "bone_length_armature_space": 0.04016439704189922,
      "parent": "thumb_01_l",
      "has_children": true,
      "is_end_bone": false
    },
    "thumb_03_l": {
      "name": "thumb_03_l",
      "local": {
        "location": {
          "x": 0.0,
          "y": 0.0,
          "z": 0.0
        },
        "rotation_quaternion": {
          "w": 0.9960781335830688,
          "x": 0.08819397538900375,
          "y": -0.0059405178762972355,
          "z": 0.0038814805448055267
        },
        "scale": {
          "x": 1.0,
          "y": 1.0,
          "z": 1.0
        },
        "matrix_basis": [
          [
            0.9998992681503296,
            -0.008780351839959621,
            -0.011149793863296509,
            0.0
          ],
          [
            0.006684680003672838,
            0.9844135046005249,
            -0.17574229836463928,
            0.0
          ],
          [
            0.012519086711108685,
            0.17565006017684937,
            0.9843730926513672,
            0.0
          ],
          [
            0.0,
            0.0,
            0.0,
            1.0
          ]
        ],
        "rotation_mode": "QUATERNION"
      },
      "armature_space": {
        "head": {
          "x": 0.5952240824699402,
          "y": -0.4048446714878082,
          "z": 0.5199564099311829
        },
        "tail": {
          "x": 0.6121918559074402,
          "y": -0.4249516725540161,
          "z": 0.5352762341499329
        }
      },
      "world_space": {
        "head": {
          "x": 0.5952240824699402,
          "y": -0.3416006565093994,
          "z": 1.4698104858398438
        },
        "tail": {
          "x": 0.6121918559074402,
          "y": -0.3617076873779297,
          "z": 1.4851303100585938
        },
        "rotation_quaternion": {
          "w": 0.3877866268157959,
          "x": 0.34604594111442566,
          "y": -0.13928885757923126,
          "z": -0.8428953289985657
        },
        "matrix": [
          [
            -0.45974668860435486,
            0.5573277473449707,
            -0.6913889050483704,
            0.5952240824699402
          ],
          [
            -0.7501280903816223,
            -0.6604395508766174,
            -0.033573731780052185,
            -0.3416006565093994
          ],
          [
            -0.4753362536430359,
            0.5031979084014893,
            0.7217073440551758,
            1.4698104858398438
          ],
          [
            0.0,
            0.0,
            0.0,
            1.0
          ]
        ]
      },
      "bone_length_armature_space": 0.030444931347186142,
      "parent": "thumb_02_l",
      "has_children": false,
      "is_end_bone": true
    },
    "metacarpal_index_l": {
      "name": "metacarpal_index_l",
      "local": {
        "location": {
          "x": 0.0,
          "y": 0.0,
          "z": 0.0
        },
        "rotation_quaternion": {
          "w": 0.9997745752334595,
          "x": -0.014780049212276936,
          "y": 0.012565446086227894,
          "z": -0.008629891090095043
        },
        "scale": {
          "x": 1.0,
          "y": 1.0,
          "z": 1.0
        },
        "matrix_basis": [
          [
            0.9995352625846863,
            0.01688445545732975,
            0.02538032829761505,
            0.0
          ],
          [
            -0.017627326771616936,
            0.9994141459465027,
            0.029336558654904366,
            0.0
          ],
          [
            -0.0248701274394989,
            -0.02977031096816063,
            0.9992473125457764,
            0.0
          ],
          [
            0.0,
            0.0,
            0.0,
            1.0
          ]
        ],
        "rotation_mode": "QUATERNION"
      },
      "armature_space": {
        "head": {
          "x": 0.5401359796524048,
          "y": -0.3266553580760956,
          "z": 0.5683920383453369
        },
        "tail": {
          "x": 0.5877079963684082,
          "y": -0.4336543083190918,
          "z": 0.5642275214195251
        }
      },
      "world_space": {
        "head": {
          "x": 0.5401359796524048,
          "y": -0.26341134309768677,
          "z": 1.518246054649353
        },
        "tail": {
          "x": 0.5877079963684082,
          "y": -0.37041032314300537,
          "z": 1.5140814781188965
        },
        "rotation_quaternion": {
          "w": 0.039978090673685074,
          "x": -0.9725895524024963,
          "y": -0.20447857677936554,
          "z": -0.10324671864509583
        },
        "matrix": [
          [
            0.895057201385498,
            0.40600258111953735,
            0.1844838410615921,
            0.5401359796524048
          ],
          [
            0.3894925117492676,
            -0.9131805300712585,
            0.11998780071735382,
            -0.26341134309768677
          ],
          [
            0.2171841710805893,
            -0.0355420857667923,
            -0.9754906892776489,
            1.518246054649353
          ],
          [
            0.0,
            0.0,
            0.0,
            1.0
          ]
        ]
      },
      "bone_length_armature_space": 0.11717173498563209,
      "parent": "lowerarm_l",
      "has_children": true,
      "is_end_bone": false
    },
    "index_01_l": {
      "name": "index_01_l",
      "local": {
        "location": {
          "x": 0.0,
          "y": 0.0,
          "z": 0.0
        },
        "rotation_quaternion": {
          "w": 0.9956624507904053,
          "x": -0.09046108275651932,
          "y": -0.021367739886045456,
          "z": -0.004076370503753424
        },
        "scale": {
          "x": 1.0,
          "y": 1.0,
          "z": 1.0
        },
        "matrix_basis": [
          [
            0.9990535974502563,
            0.011983275413513184,
            -0.041812606155872345,
            0.0
          ],
          [
            -0.0042514801025390625,
            0.983600378036499,
            0.18031160533428192,
            0.0
          ],
          [
            0.043287619948387146,
            -0.17996320128440857,
            0.9827204346656799,
            0.0
          ],
          [
            0.0,
            0.0,
            0.0,
            1.0
          ]
        ],
        "rotation_mode": "QUATERNION"
      },
      "armature_space": {
        "head": {
          "x": 0.5877079963684082,
          "y": -0.4336543083190918,
          "z": 0.5642275214195251
        },
        "tail": {
          "x": 0.605027973651886,
          "y": -0.4540718197822571,
          "z": 0.5740363597869873
        }
      },
      "world_space": {
        "head": {
          "x": 0.5877079963684082,
          "y": -0.37041032314300537,
          "z": 1.5140814781188965
        },
        "tail": {
          "x": 0.605027973651886,
          "y": -0.39082783460617065,
          "z": 1.5238903760910034
        },
        "rotation_quaternion": {
          "w": 0.12982071936130524,
          "x": 0.9139335751533508,
          "y": 0.35373029112815857,
          "z": 0.1508215218782425
        },
        "matrix": [
          [
            0.704255223274231,
            0.607412576675415,
            0.36752480268478394,
            0.5877079963684082
          ],
          [
            0.6857317686080933,
            -0.7160428166389465,
            -0.1305941939353943,
            -0.37041032314300537
          ],
          [
            0.1838407814502716,
            0.3439967632293701,
            -0.9208056330680847,
            1.5140814781188965
          ],
          [
            0.0,
            0.0,
            0.0,
            1.0
          ]
        ]
      },
      "bone_length_armature_space": 0.028514377117817673,
      "parent": "metacarpal_index_l",
      "has_children": true,
      "is_end_bone": false
    },
    "index_02_l": {
      "name": "index_02_l",
      "local": {
        "location": {
          "x": 0.0,
          "y": 0.0,
          "z": 0.0
        },
        "rotation_quaternion": {
          "w": 0.998140811920166,
          "x": 0.060919538140296936,
          "y": 0.0009079776937142015,
          "z": 0.0017517585074529052
        },
        "scale": {
          "x": 1.0,
          "y": 1.0,
          "z": 1.0
        },
        "matrix_basis": [
          [
            0.9999921917915344,
            -0.00338637619279325,
            0.002026011934503913,
            0.0
          ],
          [
            0.0036076304968446493,
            0.9925714731216431,
            -0.12160937488079071,
            0.0
          ],
          [
            -0.001599146518856287,
            0.12161573767662048,
            0.9925759434700012,
            0.0
          ],
          [
            0.0,
            0.0,
            0.0,
            1.0
          ]
        ],
        "rotation_mode": "QUATERNION"
      },
      "armature_space": {
        "head": {
          "x": 0.6050281524658203,
          "y": -0.4540722966194153,
          "z": 0.574036180973053
        },
        "tail": {
          "x": 0.621720552444458,
          "y": -0.47231417894363403,
          "z": 0.5808690786361694
        }
      },
      "world_space": {
        "head": {
          "x": 0.6050281524658203,
          "y": -0.39082831144332886,
          "z": 1.5238902568817139
        },
        "tail": {
          "x": 0.621720552444458,
          "y": -0.4090701937675476,
          "z": 1.5307230949401855
        },
        "rotation_quaternion": {
          "w": 0.10349327325820923,
          "x": 0.9190846681594849,
          "y": 0.36570799350738525,
          "z": 0.10406826436519623
        },
        "matrix": [
          [
            0.7108546495437622,
            0.6506925225257874,
            0.26699185371398926,
            0.6050281524658203
          ],
          [
            0.6937742233276367,
            -0.7110934853553772,
            -0.11412069946527481,
            -0.39082831144332886
          ],
          [
            0.1156000867486,
            0.2663564383983612,
            -0.9569247961044312,
            1.5238902568817139
          ],
          [
            0.0,
            0.0,
            0.0,
            1.0
          ]
        ]
      },
      "bone_length_armature_space": 0.02565328427250092,
      "parent": "index_01_l",
      "has_children": true,
      "is_end_bone": false
    },
    "index_03_l": {
      "name": "index_03_l",
      "local": {
        "location": {
          "x": 0.0,
          "y": 0.0,
          "z": 0.0
        },
        "rotation_quaternion": {
          "w": 0.9995975494384766,
          "x": 0.026616297662258148,
          "y": 0.005902884062379599,
          "z": 0.007839284837245941
        },
        "scale": {
          "x": 1.0,
          "y": 1.0,
          "z": 1.0
        },
        "matrix_basis": [
          [
            0.9998074173927307,
            -0.01535803359001875,
            0.012218322604894638,
            0.0
          ],
          [
            0.0159864854067564,
            0.9984602332115173,
            -0.05311862379312515,
            0.0
          ],
          [
            -0.011383711360394955,
            0.05330372229218483,
            0.9985134601593018,
            0.0
          ],
          [
            0.0,
            0.0,
            0.0,
            1.0
          ]
        ],
        "rotation_mode": "QUATERNION"
      },
      "armature_space": {
        "head": {
          "x": 0.6217204332351685,
          "y": -0.47231414914131165,
          "z": 0.580869197845459
        },
        "tail": {
          "x": 0.6432271003723145,
          "y": -0.4916892349720001,
          "z": 0.5848440527915955
        }
      },
      "world_space": {
        "head": {
          "x": 0.6217204332351685,
          "y": -0.40907013416290283,
          "z": 1.530723214149475
        },
        "tail": {
          "x": 0.6432271003723145,
          "y": -0.4284452199935913,
          "z": 1.5346980094909668
        },
        "rotation_quaternion": {
          "w": 0.02537241019308567,
          "x": 0.9052391648292542,
          "y": 0.40963801741600037,
          "z": 0.10997835546731949
        },
        "matrix": [
          [
            0.6402028799057007,
            0.7360597252845764,
            0.21990005671977997,
            0.6217204332351685
          ],
          [
            0.7472215294837952,
            -0.6631057858467102,
            0.04416663199663162,
            -0.40907013416290283
          ],
          [
            0.1783282458782196,
            0.13603870570659637,
            -0.974528968334198,
            1.530723214149475
          ],
          [
            0.0,
            0.0,
            0.0,
            1.0
          ]
        ]
      },
      "bone_length_armature_space": 0.02921866106841985,
      "parent": "index_02_l",
      "has_children": false,
      "is_end_bone": true
    },
    "metacarpal_pinky_l": {
      "name": "metacarpal_pinky_l",
      "local": {
        "location": {
          "x": 0.0,
          "y": 0.0,
          "z": 0.0
        },
        "rotation_quaternion": {
          "w": 0.9999116659164429,
          "x": 0.0004136344068683684,
          "y": -0.0005260720499791205,
          "z": 0.013281447812914848
        },
        "scale": {
          "x": 1.0,
          "y": 1.0,
          "z": 1.0
        },
        "matrix_basis": [
          [
            0.9996466636657715,
            -0.026560984551906586,
            -0.0010410638060420752,
            0.0
          ],
          [
            0.026560114696621895,
            0.9996468424797058,
            -0.0008411697344854474,
            0.0
          ],
          [
            0.0010630384786054492,
            0.0008132217335514724,
            0.9999991059303284,
            0.0
          ],
          [
            0.0,
            0.0,
            0.0,
            1.0
          ]
        ],
        "rotation_mode": "QUATERNION"
      },
      "armature_space": {
        "head": {
          "x": 0.5401359796524048,
          "y": -0.3266553580760956,
          "z": 0.5683920383453369
        },
        "tail": {
          "x": 0.6105910539627075,
          "y": -0.3901788294315338,
          "z": 0.6113348007202148
        }
      },
      "world_space": {
        "head": {
          "x": 0.5401359796524048,
          "y": -0.26341134309768677,
          "z": 1.518246054649353
        },
        "tail": {
          "x": 0.6105910539627075,
          "y": -0.326934814453125,
          "z": 1.561188817024231
        },
        "rotation_quaternion": {
          "w": 0.4411257803440094,
          "x": 0.5007243752479553,
          "y": 0.019727054983377457,
          "z": -0.7445092797279358
        },
        "matrix": [
          [
            -0.10936515033245087,
            0.6766021847724915,
            -0.7281817197799683,
            0.5401359796524048
          ],
          [
            -0.6370894908905029,
            -0.6100356578826904,
            -0.47114095091819763,
            -0.26341134309768677
          ],
          [
            -0.7629978656768799,
            0.4123927354812622,
            0.4977758824825287,
            1.518246054649353
          ],
          [
            0.0,
            0.0,
            0.0,
            1.0
          ]
        ]
      },
      "bone_length_armature_space": 0.10413082979078962,
      "parent": "lowerarm_l",
      "has_children": true,
      "is_end_bone": false
    },
    "pinky_01_l": {
      "name": "pinky_01_l",
      "local": {
        "location": {
          "x": 0.0,
          "y": 0.0,
          "z": 0.0
        },
        "rotation_quaternion": {
          "w": 0.961229681968689,
          "x": 0.27565711736679077,
          "y": 0.004007614217698574,
          "z": 0.005885433405637741
        },
        "scale": {
          "x": 1.0,
          "y": 1.0,
          "z": 1.0
        },
        "matrix_basis": [
          [
            0.9998986124992371,
            -0.00910505186766386,
            0.010949199087917805,
            0.0
          ],
          [
            0.013523961417376995,
            0.8479570150375366,
            -0.5298924446105957,
            0.0
          ],
          [
            -0.004459752235561609,
            0.5299867987632751,
            0.8479942083358765,
            0.0
          ],
          [
            0.0,
            0.0,
            0.0,
            1.0
          ]
        ],
        "rotation_mode": "QUATERNION"
      },
      "armature_space": {
        "head": {
          "x": 0.6105910539627075,
          "y": -0.3901788294315338,
          "z": 0.6113348007202148
        },
        "tail": {
