{
  "metadata": {
    "armature_name": "KIM_caucasian_male",
    "export_time": "2026-01-13T21:15:54.188562",
    "blender_version": "4.4.1",
    "bone_count": 56,
    "end_bone_count": 13,
    "spaces_included": [
      "LOCAL_CHANNELS",
      "ARMATURE_SPACE",
      "WORLD_SPACE"
    ],
    "note": "LOCAL matches Transform panel; replay pose via local.matrix_basis for best fidelity."
  },
  "bones": {
    "Root": {
      "name": "Root",
      "local": {
        "location": {
          "x": 0.0,
          "y": 0.0,
          "z": 0.0
        },
        "rotation_quaternion": {
          "w": 0.9997779130935669,
          "x": 0.0004768669023178518,
          "y": -0.0006395367090590298,
          "z": 0.02106032520532608
        },
        "scale": {
          "x": 1.0,
          "y": 1.0,
          "z": 1.0
        },
        "matrix_basis": [
          [
            0.9991121292114258,
            -0.04211190715432167,
            -0.001258703414350748,
            0.0
          ],
          [
            0.042110685259103775,
            0.9991124868392944,
            -0.0009804597357288003,
            0.0
          ],
          [
            0.0012988753151148558,
            0.0009265842963941395,
            0.9999987483024597,
            0.0
          ],
          [
            0.0,
            0.0,
            0.0,
            1.0
          ]
        ],
        "rotation_mode": "QUATERNION"
      },
      "armature_space": {
        "head": {
          "x": 0.0,
          "y": 0.07072800397872925,
          "z": -0.009595036506652832
        },
        "tail": {
          "x": -0.0030057739932090044,
          "y": 5.3882598876953125e-05,
          "z": -7.405225187540054e-05
        }
      },
      "world_space": {
        "head": {
          "x": 0.0,
          "y": 0.13397200405597687,
          "z": 0.9402589797973633
        },
        "tail": {
          "x": -0.0030057739932090044,
          "y": 0.06329788267612457,
          "z": 0.9497799873352051
        },
        "rotation_quaternion": {
          "w": 0.06687690317630768,
          "x": 0.9975387454032898,
          "y": -0.021055564284324646,
          "z": 0.0007807057700119913
        },
        "matrix": [
          [
            0.9991121292114258,
            -0.04211190715432167,
            -0.001258703414350748,
            0.0
          ],
          [
            -0.0419030599296093,
            -0.9901682734489441,
            -0.1334579735994339,
            0.13397200405597687
          ],
          [
            0.004373831674456596,
            0.13339219987392426,
            -0.991060733795166,
            0.9402589797973633
          ],
          [
            0.0,
            0.0,
            0.0,
            1.0
          ]
        ]
      },
      "bone_length_armature_space": 0.07137587359619944,
      "parent": null,
      "has_children": true,
      "is_end_bone": false
    },
    "spine_01": {
      "name": "spine_01",
      "local": {
        "location": {
          "x": 0.0,
          "y": 0.0,
          "z": 0.0
        },
        "rotation_quaternion": {
          "w": 0.994399905204773,
          "x": 0.07141757756471634,
          "y": 0.031175365671515465,
          "z": 0.0713902935385704
        },
        "scale": {
          "x": 1.0,
          "y": 1.0,
          "z": 1.0
        },
        "matrix_basis": [
          [
            0.9878630638122559,
            -0.13752806186676025,
            0.07219860702753067,
            0.0
          ],
          [
            0.14643393456935883,
            0.9796059131622314,
            -0.13758403062820435,
            0.0
          ],
          [
            -0.05180451646447182,
            0.14648650586605072,
            0.9878552556037903,
            0.0
          ],
          [
            0.0,
            0.0,
            0.0,
            1.0
          ]
        ],
        "rotation_mode": "QUATERNION"
      },
      "armature_space": {
        "head": {
          "x": -0.0030057739932090044,
          "y": 5.3882598876953125e-05,
          "z": -7.405225187540054e-05
        },
        "tail": {
          "x": -0.07423825562000275,
          "y": -0.0465693362057209,
          "z": 0.48044711351394653
        }
      },
      "world_space": {
        "head": {
          "x": -0.0030057739932090044,
          "y": 0.06329788267612457,
          "z": 0.9497799873352051
        },
        "tail": {
          "x": -0.07423825562000275,
          "y": 0.016674663871526718,
          "z": 1.4303011894226074
        },
        "rotation_quaternion": {
          "w": 0.6710590720176697,
          "x": 0.7376195788383484,
          "y": -0.04370301216840744,
          "z": 0.06072145327925682
        },
        "matrix": [
          [
            0.9888059496879578,
            -0.14596784114837646,
            0.03092310205101967,
            -0.0030057739932090044
          ],
          [
            0.017022062093019485,
            -0.0955391451716423,
            -0.9952801465988159,
            0.06329788267612457
          ],
          [
            0.1482342779636383,
            0.9846720695495605,
            -0.09198655188083649,
            0.9497799873352051
          ],
          [
            0.0,
            0.0,
            0.0,
            1.0
          ]
        ]
      },
      "bone_length_armature_space": 0.48800449968464116,
      "parent": "Root",
      "has_children": true,
      "is_end_bone": false
    },
    "neck_01": {
      "name": "neck_01",
      "local": {
        "location": {
          "x": 0.0,
          "y": 0.0,
          "z": 0.0
        },
        "rotation_quaternion": {
          "w": 0.9922093152999878,
          "x": 0.05503689497709274,
          "y": 0.06010379642248154,
          "z": -0.09422991424798965
        },
        "scale": {
          "x": 1.0,
          "y": 1.0,
          "z": 1.0
        },
        "matrix_basis": [
          [
            0.9750165343284607,
            0.19360744953155518,
            0.10889884829521179,
            0.0
          ],
          [
            -0.18037573993206024,
            0.9761833548545837,
            -0.12054339051246643,
            0.0
          ],
          [
            -0.12964333593845367,
            0.09788908809423447,
            0.9867169260978699,
            0.0
          ],
          [
            0.0,
            0.0,
            0.0,
            1.0
          ]
        ],
        "rotation_mode": "QUATERNION"
      },
      "armature_space": {
        "head": {
          "x": -0.08385337144136429,
          "y": -0.08808132261037827,
          "z": 0.5493531823158264
        },
        "tail": {
          "x": -0.07573497295379639,
          "y": -0.14333514869213104,
          "z": 0.6353288888931274
        }
      },
      "world_space": {
        "head": {
          "x": -0.08385337144136429,
          "y": -0.024837322533130646,
          "z": 1.4992072582244873
        },
        "tail": {
          "x": -0.07573497295379639,
          "y": -0.08009114861488342,
          "z": 1.5851829051971436
        },
        "rotation_quaternion": {
          "w": 0.4727599322795868,
          "x": 0.8743001818656921,
          "y": 0.08380381762981415,
          "z": 0.0712328851222992
        },
        "matrix": [
          [
            0.9758056402206421,
            0.07918742299079895,
            0.20379619300365448,
            -0.08385337144136429
          ],
          [
            0.21389174461364746,
            -0.5389495491981506,
            -0.8147293925285339,
            -0.024837322533130646
          ],
          [
            0.0453200526535511,
            0.838612973690033,
            -0.5428520441055298,
            1.4992072582244873
          ],
          [
            0.0,
            0.0,
            0.0,
            1.0
          ]
        ]
      },
      "bone_length_armature_space": 0.1025217818347396,
      "parent": "spine_01",
      "has_children": true,
      "is_end_bone": false
    },
    "head": {
      "name": "head",
      "local": {
        "location": {
          "x": 0.0,
          "y": 0.0,
          "z": 0.0
        },
        "rotation_quaternion": {
          "w": 0.9689855575561523,
          "x": -0.10106945037841797,
          "y": 0.14043395221233368,
          "z": 0.176437646150589
        },
        "scale": {
          "x": 1.0,
          "y": 1.0,
          "z": 1.0
        },
        "matrix_basis": [
          [
            0.8982961177825928,
            -0.3703182339668274,
            0.23649203777313232,
            0.0
          ],
          [
            0.3135438859462738,
            0.9173094630241394,
            0.24542534351348877,
            0.0
          ],
          [
            -0.3078218400478363,
            -0.14631401002407074,
            0.9401265382766724,
            0.0
          ],
          [
            0.0,
            0.0,
            0.0,
            1.0
          ]
        ],
        "rotation_mode": "QUATERNION"
      },
      "armature_space": {
        "head": {
          "x": -0.075734943151474,
          "y": -0.1433352380990982,
          "z": 0.6353287696838379
        },
        "tail": {
          "x": -0.13677510619163513,
          "y": -0.16338086128234863,
          "z": 0.7764865756034851
        }
      },
      "world_space": {
        "head": {
          "x": -0.075734943151474,
          "y": -0.08009123802185059,
          "z": 1.585182785987854
        },
        "tail": {
          "x": -0.13677510619163513,
          "y": -0.10013686120510101,
          "z": 1.7263405323028564
        },
        "rotation_quaternion": {
          "w": 0.6597678661346436,
          "x": 0.6855744123458862,
          "y": 0.008971983566880226,
          "z": 0.3075931668281555
        },
        "matrix": [
          [
            0.8106107711791992,
            -0.3935783803462982,
            0.43359726667404175,
            -0.075734943151474
          ],
          [
            0.41818487644195557,
            -0.1292514055967331,
            -0.8991193771362305,
            -0.08009123802185059
          ],
          [
            0.4099201560020447,
            0.9101657867431641,
            0.05981551110744476,
            1.585182785987854
          ],
          [
            0.0,
            0.0,
            0.0,
            1.0
          ]
        ]
      },
      "bone_length_armature_space": 0.15509111484163388,
      "parent": "neck_01",
      "has_children": false,
      "is_end_bone": true
    },
    "upperarm_l": {
      "name": "upperarm_l",
      "local": {
        "location": {
          "x": 0.0,
          "y": 0.0,
          "z": 0.0
        },
        "rotation_quaternion": {
          "w": 0.858989417552948,
          "x": 0.41259095072746277,
          "y": 0.19725246727466583,
          "z": -0.23021171987056732
        },
        "scale": {
          "x": 1.0,
          "y": 1.0,
          "z": 1.0
        },
        "matrix_basis": [
          [
            0.8161880373954773,
            0.5582680106163025,
            0.14890901744365692,
            0.0
          ],
          [
            -0.2327297031879425,
            0.5535425543785095,
            -0.7996422052383423,
            0.0
          ],
          [
            -0.5288420915603638,
            0.6180028319358826,
            0.5817203521728516,
            0.0
          ],
          [
            0.0,
            0.0,
            0.0,
            1.0
          ]
        ],
        "rotation_mode": "QUATERNION"
      },
      "armature_space": {
        "head": {
          "x": 0.07437631487846375,
          "y": -0.08228111267089844,
          "z": 0.5051173567771912
        },
        "tail": {
          "x": 0.25156235694885254,
          "y": -0.22002939879894257,
          "z": 0.3586984872817993
        }
      },
      "world_space": {
        "head": {
          "x": 0.07437631487846375,
          "y": -0.019037112593650818,
          "z": 1.4549713134765625
        },
        "tail": {
          "x": 0.25156235694885254,
          "y": -0.15678539872169495,
          "z": 1.3085525035858154
        },
        "rotation_quaternion": {
          "w": 0.022866083309054375,
          "x": 0.6442712545394897,
          "y": 0.4923954904079437,
          "z": -0.584755003452301
        },
        "matrix": [
          [
            -0.16878515481948853,
            0.6612173914909363,
            -0.7309605479240417,
            0.07437631487846375
          ],
          [
            0.607729971408844,
            -0.5140447616577148,
            -0.605328381061554,
            -0.019037112593650818
          ],
          [
            -0.7760047912597656,
            -0.54640132188797,
            -0.31508126854896545,
            1.4549713134765625
          ],
          [
            0.0,
            0.0,
            0.0,
            1.0
          ]
        ]
      },
      "bone_length_armature_space": 0.2679700938989066,
      "parent": "spine_01",
      "has_children": true,
      "is_end_bone": false
    },
    "lowerarm_l": {
      "name": "lowerarm_l",
      "local": {
        "location": {
          "x": 0.0,
          "y": 0.0,
          "z": 0.0
        },
        "rotation_quaternion": {
          "w": 0.9067731499671936,
          "x": 0.3641887903213501,
          "y": -0.05008229985833168,
          "z": 0.206448033452034
        },
        "scale": {
          "x": 1.0,
          "y": 1.0,
          "z": 1.0
        },
        "matrix_basis": [
          [
            0.9097419381141663,
            -0.4108818769454956,
            0.059545550495386124,
            0.0
          ],
          [
            0.3379242420196533,
            0.6494914889335632,
            -0.6811520457267761,
            0.0
          ],
          [
            0.24119868874549866,
            0.6397944688796997,
            0.7297165989875793,
            0.0
          ],
          [
            0.0,
            0.0,
            0.0,
            1.0
          ]
        ],
        "rotation_mode": "QUATERNION"
      },
      "armature_space": {
        "head": {
          "x": 0.2515623867511749,
          "y": -0.2200295478105545,
          "z": 0.3586985468864441
        },
        "tail": {
          "x": 0.24567118287086487,
          "y": -0.486619234085083,
          "z": 0.33714383840560913
        }
      },
      "world_space": {
        "head": {
          "x": 0.2515623867511749,
          "y": -0.15678554773330688,
          "z": 1.3085525035858154
        },
        "tail": {
          "x": 0.24567118287086487,
          "y": -0.4233752489089966,
          "z": 1.2869977951049805
        },
        "rotation_quaternion": {
          "w": 0.03395592048764229,
          "x": -0.6293308138847351,
          "y": -0.02437525987625122,
          "z": 0.776012659072876
        },
        "matrix": [
          [
            -0.2055797129869461,
            -0.022021174430847168,
            -0.9783926010131836,
            0.2515623867511749
          ],
          [
            0.08338026702404022,
            -0.9965057969093323,
            0.004908949136734009,
            -0.15678554773330688
          ],
          [
            -0.9750886559486389,
            -0.0805710107088089,
            0.20669889450073242,
            1.3085525035858154
          ],
          [
            0.0,
            0.0,
            0.0,
            1.0
          ]
        ]
      },
      "bone_length_armature_space": 0.26752453966786094,
      "parent": "upperarm_l",
      "has_children": true,
      "is_end_bone": false
    },
    "metacarpal_thumb_l": {
      "name": "metacarpal_thumb_l",
      "local": {
        "location": {
          "x": 0.0,
          "y": 0.0,
          "z": 0.0
        },
        "rotation_quaternion": {
          "w": 0.9999014139175415,
          "x": -0.009750014171004295,
          "y": -0.010078396648168564,
          "z": -0.0008058740058913827
        },
        "scale": {
          "x": 1.0,
          "y": 1.0,
          "z": 1.0
        },
        "matrix_basis": [
          [
            0.9997955560684204,
            0.0018081181915476918,
            -0.020139090716838837,
            0.0
          ],
          [
            -0.0014150601346045732,
            0.9998085498809814,
            0.019514350220561028,
            0.0
          ],
          [
            0.02017052099108696,
            -0.01948186196386814,
            0.999606728553772,
            0.0
          ],
          [
            0.0,
            0.0,
            0.0,
            1.0
          ]
        ],
        "rotation_mode": "QUATERNION"
      },
      "armature_space": {
        "head": {
          "x": 0.24567118287086487,
          "y": -0.486619234085083,
          "z": 0.33714383840560913
        },
        "tail": {
          "x": 0.21467384696006775,
          "y": -0.5249248743057251,
          "z": 0.33210137486457825
        }
      },
      "world_space": {
        "head": {
          "x": 0.24567118287086487,
          "y": -0.4233752489089966,
          "z": 1.2869977951049805
        },
        "tail": {
          "x": 0.21467384696006775,
          "y": -0.46168088912963867,
          "z": 1.281955361366272
        },
        "rotation_quaternion": {
          "w": 0.09844821691513062,
          "x": -0.9329957365989685,
          "y": 0.32193928956985474,
          "z": 0.12720835208892822
        },
        "matrix": [
          [
            0.7603462338447571,
            -0.6257830262184143,
            -0.17398031055927277,
            0.24567118287086487
          ],
          [
            -0.5756895542144775,
            -0.7733258605003357,
            0.2656101584434509,
            -0.4233752489089966
          ],
          [
            -0.3007603883743286,
            -0.10179854184389114,
            -0.9482585191726685,
            1.2869977951049805
          ],
          [
            0.0,
            0.0,
            0.0,
            1.0
          ]
        ]
      },
      "bone_length_armature_space": 0.049533659281366056,
      "parent": "lowerarm_l",
      "has_children": true,
      "is_end_bone": false
    },
    "thumb_01_l": {
      "name": "thumb_01_l",
      "local": {
        "location": {
          "x": 0.0,
          "y": 0.0,
          "z": 0.0
        },
        "rotation_quaternion": {
          "w": 0.9977120161056519,
          "x": -0.06687881052494049,
          "y": 0.005971348844468594,
          "z": -0.007892193272709846
        },
        "scale": {
          "x": 1.0,
          "y": 1.0,
          "z": 1.0
        },
        "matrix_basis": [
          [
            0.9998041391372681,
            0.014949558302760124,
            0.01297101378440857,
            0.0
          ],
          [
            -0.016546985134482384,
            0.990929901599884,
            0.13335733115673065,
            0.0
          ],
          [
            -0.010859731584787369,
            -0.13354584574699402,
            0.9909831285476685,
            0.0
          ],
          [
            0.0,
            0.0,
            0.0,
            1.0
          ]
        ],
        "rotation_mode": "QUATERNION"
      },
      "armature_space": {
        "head": {
          "x": 0.21467384696006775,
          "y": -0.5249248743057251,
          "z": 0.33210137486457825
        },
        "tail": {
          "x": 0.1899808794260025,
          "y": -0.5307484865188599,
          "z": 0.3094083070755005
        }
      },
      "world_space": {
        "head": {
          "x": 0.21467384696006775,
          "y": -0.46168088912963867,
          "z": 1.281955361366272
        },
        "tail": {
          "x": 0.1899808794260025,
          "y": -0.46750450134277344,
          "z": 1.2592623233795166
        },
        "rotation_quaternion": {
          "w": 0.007515899837017059,
          "x": -0.5694270730018616,
          "y": 0.6437392830848694,
          "z": -0.5111714005470276
        },
        "matrix": [
          [
            -0.3513891398906708,
            -0.7254408001899719,
            0.5918287634849548,
            0.21467384696006775
          ],
          [
            -0.7408111095428467,
            -0.17108900845050812,
            -0.6495595574378967,
            -0.46168088912963867
          ],
          [
            0.5724755525588989,
            -0.666686475276947,
            -0.4772997200489044,
            1.281955361366272
          ],
          [
            0.0,
            0.0,
            0.0,
            1.0
          ]
        ]
      },
      "bone_length_armature_space": 0.03403869055152312,
      "parent": "metacarpal_thumb_l",
      "has_children": true,
      "is_end_bone": false
    },
    "thumb_02_l": {
      "name": "thumb_02_l",
      "local": {
        "location": {
          "x": 0.0,
          "y": 0.0,
          "z": 0.0
        },
        "rotation_quaternion": {
          "w": 0.9947391748428345,
          "x": 0.10174830257892609,
          "y": -0.010932348668575287,
          "z": 0.00466151162981987
        },
        "scale": {
          "x": 1.0,
          "y": 1.0,
          "z": 1.0
        },
        "matrix_basis": [
          [
            0.9997175335884094,
            -0.01149867195636034,
            -0.02080106921494007,
            0.0
          ],
          [
            0.007049280684441328,
            0.9792510867118835,
            -0.2025279700756073,
            0.0
          ],
          [
            0.02269827201962471,
            0.20232412219047546,
            0.9790555238723755,
            0.0
          ],
          [
            0.0,
            0.0,
            0.0,
            1.0
          ]
        ],
        "rotation_mode": "QUATERNION"
      },
      "armature_space": {
        "head": {
          "x": 0.1899808645248413,
          "y": -0.5307484269142151,
          "z": 0.3094083368778229
        },
        "tail": {
          "x": 0.1879315823316574,
          "y": -0.5704131126403809,
          "z": 0.30343398451805115
        }
      },
      "world_space": {
        "head": {
          "x": 0.1899808645248413,
          "y": -0.46750444173812866,
          "z": 1.2592623233795166
        },
        "tail": {
          "x": 0.1879315823316574,
          "y": -0.5071691274642944,
          "z": 1.2532880306243896
        },
        "rotation_quaternion": {
          "w": 0.012105020694434643,
          "x": -0.46433958411216736,
          "y": 0.07793824374675751,
          "z": -0.8821382522583008
        },
        "matrix": [
          [
            -0.5684846043586731,
            -0.05102229118347168,
            0.8211103081703186,
            0.1899808645248413
          ],
          [
            -0.09373591840267181,
            -0.9875583052635193,
            -0.12626196444034576,
            -0.46750444173812866
          ],
          [
            0.8173421025276184,
            -0.1487475335597992,
            0.5566328167915344,
            1.2592623233795166
          ],
          [
            0.0,
            0.0,
            0.0,
            1.0
          ]
        ]
      },
      "bone_length_armature_space": 0.04016440892449448,
      "parent": "thumb_01_l",
      "has_children": true,
      "is_end_bone": false
    },
    "thumb_03_l": {
      "name": "thumb_03_l",
      "local": {
        "location": {
          "x": 0.0,
          "y": 0.0,
          "z": 0.0
        },
        "rotation_quaternion": {
          "w": 0.9979117512702942,
          "x": 0.06435029208660126,
          "y": -0.004473819397389889,
          "z": 0.0033483942970633507
        },
        "scale": {
          "x": 1.0,
          "y": 1.0,
          "z": 1.0
        },
        "matrix_basis": [
          [
            0.9999375343322754,
            -0.007258587051182985,
            -0.008498013950884342,
            0.0
          ],
          [
            0.006107020657509565,
            0.9916956424713135,
            -0.1284617781639099,
            0.0
          ],
          [
            0.009359894320368767,
            0.12840186059474945,
            0.9916780591011047,
            0.0
          ],
          [
            0.0,
            0.0,
            0.0,
            1.0
          ]
        ],
        "rotation_mode": "QUATERNION"
      },
      "armature_space": {
        "head": {
          "x": 0.18793150782585144,
          "y": -0.5704130530357361,
          "z": 0.30343401432037354
        },
        "tail": {
          "x": 0.19819897413253784,
          "y": -0.5990700721740723,
          "z": 0.30293890833854675
        }
      },
      "world_space": {
        "head": {
          "x": 0.18793150782585144,
          "y": -0.5071690678596497,
          "z": 1.2532880306243896
        },
        "tail": {
          "x": 0.19819897413253784,
          "y": -0.5358260869979858,
          "z": 1.2527929544448853
        },
        "rotation_quaternion": {
          "w": 0.1668362319469452,
          "x": -0.27067831158638,
          "y": -0.039088018238544464,
          "z": -0.9472967982292175
        },
        "matrix": [
          [
            -0.797797679901123,
            0.33724790811538696,
            0.49978265166282654,
            0.18793150782585144
          ],
          [
            -0.29492616653442383,
            -0.9412753582000732,
            0.16437482833862305,
            -0.5071690678596497
          ],
          [
            0.5258715152740479,
            -0.01626216620206833,
            0.8504167795181274,
            1.2532880306243896
          ],
          [
            0.0,
            0.0,
            0.0,
            1.0
          ]
        ]
      },
      "bone_length_armature_space": 0.03044488061038058,
      "parent": "thumb_02_l",
      "has_children": false,
      "is_end_bone": true
    },
    "metacarpal_index_l": {
      "name": "metacarpal_index_l",
      "local": {
        "location": {
          "x": 0.0,
          "y": 0.0,
          "z": 0.0
        },
        "rotation_quaternion": {
          "w": 0.9998289942741394,
          "x": -0.0035590941552072763,
          "y": -0.013025820255279541,
          "z": -0.0126346405595541
        },
        "scale": {
          "x": 1.0,
          "y": 1.0,
          "z": 1.0
        },
        "matrix_basis": [
          [
            0.9993413686752319,
            0.025357680395245552,
            -0.025957249104976654,
            0.0
          ],
          [
            -0.025172239169478416,
            0.9996554255485535,
            0.007446124218404293,
            0.0
          ],
          [
            0.02613712102174759,
            -0.0067878179252147675,
            0.9996353387832642,
            0.0
          ],
          [
            0.0,
            0.0,
            0.0,
            1.0
          ]
        ],
        "rotation_mode": "QUATERNION"
      },
      "armature_space": {
        "head": {
          "x": 0.24567118287086487,
          "y": -0.486619234085083,
          "z": 0.33714383840560913
        },
        "tail": {
          "x": 0.20948553085327148,
          "y": -0.5976951122283936,
          "z": 0.3280899226665497
        }
      },
      "world_space": {
        "head": {
          "x": 0.24567118287086487,
          "y": -0.4233752489089966,
          "z": 1.2869977951049805
        },
        "tail": {
          "x": 0.20948553085327148,
          "y": -0.5344511270523071,
          "z": 1.2779439687728882
        },
        "rotation_quaternion": {
          "w": 0.10083703696727753,
          "x": -0.8969694375991821,
          "y": 0.12587501108646393,
          "z": 0.41162270307540894
        },
        "matrix": [
          [
            0.6294445991516113,
            -0.30882585048675537,
            -0.7130401134490967,
            0.24567118287086487
          ],
          [
            -0.14279894530773163,
            -0.9479748606681824,
            0.2845212519168854,
            -0.4233752489089966
          ],
          [
            -0.7638169527053833,
            -0.07727048546075821,
            -0.6408017873764038,
            1.2869977951049805
          ],
          [
            0.0,
            0.0,
            0.0,
            1.0
          ]
        ]
      },
      "bone_length_armature_space": 0.11717177626429007,
      "parent": "lowerarm_l",
      "has_children": true,
      "is_end_bone": false
    },
    "index_01_l": {
      "name": "index_01_l",
      "local": {
        "location": {
          "x": 0.0,
          "y": 0.0,
          "z": 0.0
        },
        "rotation_quaternion": {
          "w": 0.9963952302932739,
          "x": -0.08443339169025421,
          "y": 0.006422924343496561,
          "z": 0.005126636940985918
        },
        "scale": {
          "x": 1.0,
          "y": 1.0,
          "z": 1.0
        },
        "matrix_basis": [
          [
            0.999864935874939,
            -0.011300931684672832,
            0.011933824047446251,
            0.0
          ],
          [
            0.009131694212555885,
            0.9856894612312317,
            0.16832391917705536,
            0.0
          ],
          [
            -0.013665260747075081,
            -0.16819220781326294,
            0.9856594800949097,
            0.0
          ],
          [
            0.0,
            0.0,
            0.0,
            1.0
          ]
        ],
        "rotation_mode": "QUATERNION"
      },
      "armature_space": {
        "head": {
          "x": 0.20948553085327148,
          "y": -0.5976951122283936,
          "z": 0.3280899226665497
        },
        "tail": {
          "x": 0.21334321796894073,
          "y": -0.6257309317588806,
          "z": 0.3246000111103058
        }
      },
      "world_space": {
        "head": {
          "x": 0.20948553085327148,
          "y": -0.5344511270523071,
          "z": 1.2779439687728882
        },
        "tail": {
          "x": 0.21334321796894073,
          "y": -0.5624869465827942,
          "z": 1.2744539976119995
        },
        "rotation_quaternion": {
          "w": 0.03203226998448372,
          "x": -0.9254424571990967,
          "y": -0.08581939339637756,
          "z": 0.36764827370643616
        },
        "matrix": [
          [
            0.714939534664154,
            0.1352892369031906,
            -0.6859726309776306,
            0.20948553085327148
          ],
          [
            0.18239504098892212,
            -0.9832180738449097,
            -0.0038157105445861816,
            -0.5344511270523071
          ],
          [
            -0.6749813556671143,
            -0.12239182740449905,
            -0.7276225090026855,
            1.2779439687728882
          ],
          [
            0.0,
            0.0,
            0.0,
            1.0
          ]
        ]
      },
      "bone_length_armature_space": 0.02851435396130898,
      "parent": "metacarpal_index_l",
      "has_children": true,
      "is_end_bone": false
    },
    "index_02_l": {
      "name": "index_02_l",
      "local": {
        "location": {
          "x": 0.0,
          "y": 0.0,
          "z": 0.0
        },
        "rotation_quaternion": {
          "w": 0.9998688697814941,
          "x": 0.014827198348939419,
          "y": -0.0026658368296921253,
          "z": -0.005953637883067131
        },
        "scale": {
          "x": 1.0,
          "y": 1.0,
          "z": 1.0
        },
        "matrix_basis": [
          [
            0.9999148845672607,
            0.011826660484075546,
            -0.005507525987923145,
            0.0
          ],
          [
            -0.011984768323600292,
            0.999489426612854,
            -0.0296187661588192,
            0.0
          ],
          [
            0.005154422949999571,
            0.029682250693440437,
            0.9995461106300354,
            0.0
          ],
          [
            0.0,
            0.0,
            0.0,
            1.0
          ]
        ],
        "rotation_mode": "QUATERNION"
      },
      "armature_space": {
        "head": {
          "x": 0.21334287524223328,
          "y": -0.625731348991394,
          "z": 0.32459986209869385
        },
        "tail": {
          "x": 0.217634916305542,
          "y": -0.6507406830787659,
          "z": 0.32083138823509216
        }
      },
      "world_space": {
        "head": {
          "x": 0.21334287524223328,
          "y": -0.5624873638153076,
          "z": 1.27445387840271
        },
        "tail": {
          "x": 0.217634916305542,
          "y": -0.5874966979026794,
          "z": 1.2706854343414307
        },
        "rotation_quaternion": {
          "w": 0.03383494168519974,
          "x": -0.9098660945892334,
          "y": -0.10679720342159271,
          "z": 0.39949122071266174
        },
        "matrix": [
          [
            0.6580021977424622,
            0.16730959713459015,
            -0.7341939806938171,
            0.21334287524223328
          ],
          [
            0.22137585282325745,
            -0.9748992323875427,
            -0.02375977486371994,
            -0.5624873638153076
          ],
          [
            -0.7197450399398804,
            -0.14690081775188446,
            -0.6785288453102112,
            1.27445387840271
          ],
          [
            0.0,
            0.0,
            0.0,
            1.0
          ]
        ]
      },
      "bone_length_armature_space": 0.02565326145826417,
      "parent": "index_01_l",
      "has_children": true,
      "is_end_bone": false
    },
    "index_03_l": {
      "name": "index_03_l",
      "local": {
        "location": {
          "x": 0.0,
          "y": 0.0,
          "z": 0.0
        },
        "rotation_quaternion": {
          "w": 0.9998540878295898,
          "x": 0.01508447527885437,
          "y": 0.007636176887899637,
          "z": 0.0024753494653850794
        },
        "scale": {
          "x": 1.0,
          "y": 1.0,
          "z": 1.0
        },
        "matrix_basis": [
          [
            0.9998711347579956,
            -0.004719601012766361,
            0.015344804152846336,
            0.0
          ],
          [
            0.00518035190179944,
            0.9995326399803162,
            -0.030126744881272316,
            0.0
          ],
          [
            -0.015195447020232677,
            0.0302023533731699,
            0.9994282722473145,
            0.0
          ],
          [
            0.0,
            0.0,
            0.0,
            1.0
          ]
        ],
        "rotation_mode": "QUATERNION"
      },
      "armature_space": {
        "head": {
          "x": 0.21763500571250916,
          "y": -0.6507406830787659,
          "z": 0.3208314776420593
        },
        "tail": {
          "x": 0.22162330150604248,
          "y": -0.6784271001815796,
          "z": 0.31238818168640137
        }
      },
      "world_space": {
        "head": {
          "x": 0.21763500571250916,
          "y": -0.5874966979026794,
          "z": 1.2706854343414307
        },
        "tail": {
          "x": 0.22162330150604248,
          "y": -0.6151831150054932,
          "z": 1.2622421979904175
        },
        "rotation_quaternion": {
          "w": 0.11051302403211594,
          "x": -0.9170109033584595,
          "y": -0.11835425347089767,
          "z": 0.3645136058330536
        },
        "matrix": [
          [
            0.706244170665741,
            0.13649818301200867,
            -0.6946852207183838,
            0.21763500571250916
          ],
          [
            0.29763132333755493,
            -0.9475585222244263,
            0.11639845371246338,
            -0.5874966979026794
          ],
          [
            -0.642370879650116,
            -0.2889688014984131,
            -0.7098385691642761,
            1.2706854343414307
          ],
          [
            0.0,
            0.0,
            0.0,
            1.0
          ]
        ]
      },
      "bone_length_armature_space": 0.029218717003919797,
      "parent": "index_02_l",
      "has_children": false,
      "is_end_bone": true
    },
    "metacarpal_pinky_l": {
      "name": "metacarpal_pinky_l",
      "local": {
        "location": {
          "x": 0.0,
          "y": 0.0,
          "z": 0.0
        },
        "rotation_quaternion": {
          "w": 0.9994637966156006,
          "x": -0.025540027767419815,
          "y": -0.011834154836833477,
          "z": -0.016723856329917908
        },
        "scale": {
          "x": 1.0,
          "y": 1.0,
          "z": 1.0
        },
        "matrix_basis": [
          [
            0.9991605281829834,
            0.03403426706790924,
            -0.022801363840699196,
            0.0
          ],
          [
            -0.0328252874314785,
            0.998136043548584,
            0.05144849047064781,
            0.0
          ],
          [
            0.024509873241186142,
            -0.050656840205192566,
            0.9984152913093567,
            0.0
          ],
          [
            0.0,
            0.0,
            0.0,
            1.0
          ]
        ],
        "rotation_mode": "QUATERNION"
      },
      "armature_space": {
        "head": {
          "x": 0.24567118287086487,
          "y": -0.486619234085083,
          "z": 0.33714383840560913
        },
        "tail": {
          "x": 0.2711337208747864,
          "y": -0.5854701399803162,
          "z": 0.31656745076179504
        }
      },
      "world_space": {
        "head": {
          "x": 0.24567118287086487,
          "y": -0.4233752489089966,
          "z": 1.2869977951049805
        },
        "tail": {
          "x": 0.2711337208747864,
          "y": -0.5222261548042297,
          "z": 1.2664214372634888
        },
        "rotation_quaternion": {
          "w": 0.12168718874454498,
          "x": 0.02098296955227852,
          "y": 0.1026860848069191,
          "z": -0.9870195388793945
        },
        "matrix": [
          [
            -0.9695038795471191,
            0.24452455341815948,
            -0.016429796814918518,
            0.24567118287086487
          ],
          [
            -0.23590610921382904,
            -0.9492957592010498,
            -0.2078125923871994,
            -0.4233752489089966
          ],
          [
            -0.06641270965337753,
            -0.19760149717330933,
            0.9780372381210327,
            1.2869977951049805
          ],
          [
            0.0,
            0.0,
            0.0,
            1.0
          ]
        ]
      },
      "bone_length_armature_space": 0.10413083230622594,
      "parent": "lowerarm_l",
      "has_children": true,
      "is_end_bone": false
    },
    "pinky_01_l": {
      "name": "pinky_01_l",
      "local": {
        "location": {
          "x": 0.0,
          "y": 0.0,
          "z": 0.0
        },
        "rotation_quaternion": {
          "w": 0.9890042543411255,
          "x": -0.14733169972896576,
          "y": -0.012603407725691795,
          "z": -0.0022840409073978662
        },
        "scale": {
          "x": 1.0,
          "y": 1.0,
          "z": 1.0
        },
        "matrix_basis": [
          [
            0.9996718764305115,
            0.008231615647673607,
            -0.024256624281406403,
            0.0
          ],
          [
            -0.0008040893590077758,
            0.9565762877464294,
            0.2914809286594391,
            0.0
          ],
          [
            0.0256026703864336,
            -0.29136577248573303,
            0.9562690258026123,
            0.0
          ],
          [
            0.0,
            0.0,
            0.0,
            1.0
          ]
        ],
        "rotation_mode": "QUATERNION"
      },
      "armature_space": {
        "head": {
          "x": 0.2711337208747864,
          "y": -0.5854701399803162,
