{
  "metadata": {
    "armature_name": "KIM_caucasian_male",
    "export_time": "2026-01-13T21:08:14.233883",
    "blender_version": "4.4.1",
    "bone_count": 56,
    "end_bone_count": 13,
    "spaces_included": [
      "LOCAL_CHANNELS",
      "ARMATURE_SPACE",
      "WORLD_SPACE"
    ],
    "note": "LOCAL matches Transform panel; replay pose via local.matrix_basis for best fidelity."
  },
  "bones": {
    "Root": {
      "name": "Root",
      "local": {
        "location": {
          "x": 0.0,
          "y": 0.0,
          "z": 0.0
        },
        "rotation_quaternion": {
          "w": 0.9998169541358948,
          "x": 0.010994093492627144,
          "y": -0.01565353013575077,
          "z": 0.0004638753889594227
        },
        "scale": {
          "x": 1.0,
          "y": 1.0,
          "z": 1.0
        },
        "matrix_basis": [
          [
            0.9995095133781433,
            -0.0012717737117782235,
            -0.03129113093018532,
            0.0
          ],
          [
            0.0005833882023580372,
            0.9997578263282776,
            -0.021998684853315353,
            0.0
          ],
          [
            0.031311530619859695,
            0.021969638764858246,
            0.9992681741714478,
            0.0
          ],
          [
            0.0,
            0.0,
            0.0,
            1.0
          ]
        ],
        "rotation_mode": "QUATERNION"
      },
      "armature_space": {
        "head": {
          "x": 0.0,
          "y": 0.07072800397872925,
          "z": -0.009595036506652832
        },
        "tail": {
          "x": -9.077395225176588e-05,
          "y": -0.000193670392036438,
          "z": -0.0015562037006020546
        }
      },
      "world_space": {
        "head": {
          "x": 0.0,
          "y": 0.13397200405597687,
          "z": 0.9402589797973633
        },
        "tail": {
          "x": -9.077395225176588e-05,
          "y": 0.06305032968521118,
          "z": 0.9482977986335754
        },
        "rotation_quaternion": {
          "w": 0.05638621002435684,
          "x": 0.998286247253418,
          "y": -0.0015173670835793018,
          "z": -0.01558671984821558
        },
        "matrix": [
          [
            0.9995095133781433,
            -0.0012717737117782235,
            -0.03129113093018532,
            0.0
          ],
          [
            -0.004787292331457138,
            -0.9936365485191345,
            -0.11253231018781662,
            0.13397200405597687
          ],
          [
            -0.030949115753173828,
            0.11262675374746323,
            -0.9931622743606567,
            0.9402589797973633
          ],
          [
            0.0,
            0.0,
            0.0,
            1.0
          ]
        ]
      },
      "bone_length_armature_space": 0.0713758697153769,
      "parent": null,
      "has_children": true,
      "is_end_bone": false
    },
    "spine_01": {
      "name": "spine_01",
      "local": {
        "location": {
          "x": 0.0,
          "y": 0.0,
          "z": 0.0
        },
        "rotation_quaternion": {
          "w": 0.9994044303894043,
          "x": 0.03276066109538078,
          "y": 0.01062041986733675,
          "z": -0.0022237293887883425
        },
        "scale": {
          "x": 1.0,
          "y": 1.0,
          "z": 1.0
        },
        "matrix_basis": [
          [
            0.9997645020484924,
            0.0051406738348305225,
            0.02108248695731163,
            0.0
          ],
          [
            -0.003748946124687791,
            0.9978435635566711,
            -0.06552953273057938,
            0.0
          ],
          [
            -0.021373890340328217,
            0.06543506681919098,
            0.9976279139518738,
            0.0
          ],
          [
            0.0,
            0.0,
            0.0,
            1.0
          ]
        ],
        "rotation_mode": "QUATERNION"
      },
      "armature_space": {
        "head": {
          "x": -9.077395225176588e-05,
          "y": -0.000193670392036438,
          "z": -0.0015562037006020546
        },
        "tail": {
          "x": 0.017411930486559868,
          "y": -0.020106708630919456,
          "z": 0.4857277274131775
        }
      },
      "world_space": {
        "head": {
          "x": -9.077395225176588e-05,
          "y": 0.06305032968521118,
          "z": 0.9482977986335754
        },
        "tail": {
          "x": 0.017411930486559868,
          "y": 0.043137289583683014,
          "z": 1.4355816841125488
        },
        "rotation_quaternion": {
          "w": 0.692291796207428,
          "x": 0.7213556170463562,
          "y": 0.018144404515624046,
          "z": -0.006997737102210522
        },
        "matrix": [
          [
            0.9992436170578003,
            0.035866107791662216,
            0.015026979148387909,
            -9.077395225176588e-05
          ],
          [
            0.016488417983055115,
            -0.04080530256032944,
            -0.999031126499176,
            0.06305032968521118
          ],
          [
            -0.03521840646862984,
            0.9985301494598389,
            -0.04136701673269272,
            0.9482977986335754
          ],
          [
            0.0,
            0.0,
            0.0,
            1.0
          ]
        ]
      },
      "bone_length_armature_space": 0.4880046222714534,
      "parent": "Root",
      "has_children": true,
      "is_end_bone": false
    },
    "neck_01": {
      "name": "neck_01",
      "local": {
        "location": {
          "x": 0.0,
          "y": 0.0,
          "z": 0.0
        },
        "rotation_quaternion": {
          "w": 0.9965429306030273,
          "x": 0.0649842917919159,
          "y": 0.03381643444299698,
          "z": -0.03918943926692009
        },
        "scale": {
          "x": 1.0,
          "y": 1.0,
          "z": 1.0
        },
        "matrix_basis": [
          [
            0.9946412444114685,
            0.08250299096107483,
            0.06230566278100014,
            0.0
          ],
          [
            -0.07371284067630768,
            0.9884824752807617,
            -0.13216976821422577,
            0.0
          ],
          [
            -0.07249245047569275,
            0.12686878442764282,
            0.9892669916152954,
            0.0
          ],
          [
            0.0,
            0.0,
            0.0,
            1.0
          ]
        ],
        "rotation_mode": "QUATERNION"
      },
      "armature_space": {
        "head": {
          "x": 0.02055913396179676,
          "y": -0.05774124711751938,
          "z": 0.5574039220809937
        },
        "tail": {
          "x": 0.03293267637491226,
          "y": -0.11172112822532654,
          "z": 0.6436812877655029
        }
      },
      "world_space": {
        "head": {
          "x": 0.02055913396179676,
          "y": 0.005502752959728241,
          "z": 1.5072579383850098
        },
        "tail": {
          "x": 0.03293267637491226,
          "y": -0.04847712814807892,
          "z": 1.593535304069519
        },
        "rotation_quaternion": {
          "w": 0.48200109601020813,
          "x": 0.873635470867157,
          "y": 0.06643096357584,
          "z": -0.004791838116943836
        },
        "matrix": [
          [
            0.9911279082298279,
            0.12069236487150192,
            0.05566742271184921,
            0.02055913396179676
          ],
          [
            0.11145398020744324,
            -0.5265233516693115,
            -0.8428235650062561,
            0.005502752959728241
          ],
          [
            -0.07241255789995193,
            0.8415555357933044,
            -0.5353081226348877,
            1.5072579383850098
          ],
          [
            0.0,
            0.0,
            0.0,
            1.0
          ]
        ]
      },
      "bone_length_armature_space": 0.10252178257992324,
      "parent": "spine_01",
      "has_children": true,
      "is_end_bone": false
    },
    "head": {
      "name": "head",
      "local": {
        "location": {
          "x": 0.0,
          "y": 0.0,
          "z": 0.0
        },
        "rotation_quaternion": {
          "w": 0.9681771993637085,
          "x": -0.08449076116085052,
          "y": 0.14825427532196045,
          "z": -0.18307092785835266
        },
        "scale": {
          "x": 1.0,
          "y": 1.0,
          "z": 1.0
        },
        "matrix_basis": [
          [
            0.8890113830566406,
            0.3294379711151123,
            0.3180084228515625,
            0.0
          ],
          [
            -0.37954244017601013,
            0.9186927080154419,
            0.1093219593167305,
            0.0
          ],
          [
            -0.2561372220516205,
            -0.21788614988327026,
            0.9417639374732971,
            0.0
          ],
          [
            0.0,
            0.0,
            0.0,
            1.0
          ]
        ],
        "rotation_mode": "QUATERNION"
      },
      "armature_space": {
        "head": {
          "x": 0.03293267637491226,
          "y": -0.1117212176322937,
          "z": 0.6436811685562134
        },
        "tail": {
          "x": 0.09353920072317123,
          "y": -0.09973004460334778,
          "z": 0.785935640335083
        }
      },
      "world_space": {
        "head": {
          "x": 0.03293267637491226,
          "y": -0.04847721755504608,
          "z": 1.5935351848602295
        },
        "tail": {
          "x": 0.09353920072317123,
          "y": -0.03648604452610016,
          "z": 1.7357896566390991
        },
        "rotation_quaternion": {
          "w": 0.6709692478179932,
          "x": 0.6791501641273499,
          "y": 0.2974197566509247,
          "z": 0.009838923811912537
        },
        "matrix": [
          [
            0.8228881359100342,
            0.3907823860645294,
            0.41248565912246704,
            0.03293267637491226
          ],
          [
            0.4171909689903259,
            0.07731738686561584,
            -0.9055242538452148,
            -0.04847721755504608
          ],
          [
            -0.3857574462890625,
            0.9172367453575134,
            -0.09940885007381439,
            1.5935351848602295
          ],
          [
            0.0,
            0.0,
            0.0,
            1.0
          ]
        ]
      },
      "bone_length_armature_space": 0.15509117629907196,
      "parent": "neck_01",
      "has_children": false,
      "is_end_bone": true
    },
    "upperarm_l": {
      "name": "upperarm_l",
      "local": {
        "location": {
          "x": 0.0,
          "y": 0.0,
          "z": 0.0
        },
        "rotation_quaternion": {
          "w": 0.7904093265533447,
          "x": -0.3677297830581665,
          "y": 0.344651460647583,
          "z": -0.34820014238357544
        },
        "scale": {
          "x": 1.0,
          "y": 1.0,
          "z": 1.0
        },
        "matrix_basis": [
          [
            0.5199440717697144,
            0.2969640791416168,
            0.8009185791015625,
            0.0
          ],
          [
            -0.8039184808731079,
            0.487062931060791,
            0.3412987291812897,
            0.0
          ],
          [
            -0.28874433040618896,
            -0.8213294744491577,
            0.49198034405708313,
            0.0
          ],
          [
            0.0,
            0.0,
            0.0,
            1.0
          ]
        ],
        "rotation_mode": "QUATERNION"
      },
      "armature_space": {
        "head": {
          "x": 0.16808313131332397,
          "y": -0.05571158975362778,
          "z": 0.4848802983760834
        },
        "tail": {
          "x": 0.2818937599658966,
          "y": 0.17606070637702942,
          "z": 0.4132114350795746
        }
      },
      "world_space": {
        "head": {
          "x": 0.16808313131332397,
          "y": 0.0075324103236198425,
          "z": 1.4347343444824219
        },
        "tail": {
          "x": 0.2818937599658966,
          "y": 0.23930470645427704,
          "z": 1.363065481185913
        },
        "rotation_quaternion": {
          "w": 0.20471495389938354,
          "x": 0.1855565756559372,
          "y": 0.943690836429596,
          "z": -0.18195703625679016
        },
        "matrix": [
          [
            -0.8473212122917175,
            0.42471495270729065,
            0.3188480734825134,
            0.16808313131332397
          ],
          [
            0.2757175862789154,
            0.8649206161499023,
            -0.4193953275680542,
            0.0075324103236198425
          ],
          [
            -0.45390456914901733,
            -0.267451673746109,
            -0.8499731421470642,
            1.4347343444824219
          ],
          [
            0.0,
            0.0,
            0.0,
            1.0
          ]
        ]
      },
      "bone_length_armature_space": 0.2679695595445444,
      "parent": "spine_01",
      "has_children": true,
      "is_end_bone": false
    },
    "lowerarm_l": {
      "name": "lowerarm_l",
      "local": {
        "location": {
          "x": 0.0,
          "y": 0.0,
          "z": 0.0
        },
        "rotation_quaternion": {
          "w": 0.9785068035125732,
          "x": 0.14322373270988464,
          "y": -0.048672571778297424,
          "z": -0.14015145599842072
        },
        "scale": {
          "x": 1.0,
          "y": 1.0,
          "z": 1.0
        },
        "matrix_basis": [
          [
            0.9559770822525024,
            0.26033616065979004,
            -0.13539890944957733,
            0.0
          ],
          [
            -0.28822043538093567,
            0.9196890592575073,
            -0.26664772629737854,
            0.0
          ],
          [
            0.05510685592889786,
            0.2939338684082031,
            0.9542359113693237,
            0.0
          ],
          [
            0.0,
            0.0,
            0.0,
            1.0
          ]
        ],
        "rotation_mode": "QUATERNION"
      },
      "armature_space": {
        "head": {
          "x": 0.28189390897750854,
          "y": 0.1760607212781906,
          "z": 0.4132114350795746
        },
        "tail": {
          "x": 0.38535284996032715,
          "y": 0.34436094760894775,
          "z": 0.23282010853290558
        }
      },
      "world_space": {
        "head": {
          "x": 0.28189390897750854,
          "y": 0.23930472135543823,
          "z": 1.363065481185913
        },
        "tail": {
          "x": 0.38535284996032715,
          "y": 0.4076049327850342,
          "z": 1.1826741695404053
        },
        "rotation_quaternion": {
          "w": 0.23830772936344147,
          "x": 0.1080067902803421,
          "y": 0.8704944252967834,
          "z": -0.41687339544296265
        },
        "matrix": [
          [
            -0.8630882501602173,
            0.3867270350456238,
            0.3248397409915924,
            0.28189390897750854
          ],
          [
            -0.010648597031831741,
            0.6291022300720215,
            -0.777249813079834,
            0.23930472135543823
          ],
          [
            -0.5049443244934082,
            -0.6742984056472778,
            -0.538857102394104,
            1.363065481185913
          ],
          [
            0.0,
            0.0,
            0.0,
            1.0
          ]
        ]
      },
      "bone_length_armature_space": 0.26752522739268036,
      "parent": "upperarm_l",
      "has_children": true,
      "is_end_bone": false
    },
    "metacarpal_thumb_l": {
      "name": "metacarpal_thumb_l",
      "local": {
        "location": {
          "x": 0.0,
          "y": 0.0,
          "z": 0.0
        },
        "rotation_quaternion": {
          "w": 0.9992921352386475,
          "x": 0.02920445427298546,
          "y": -0.01583613082766533,
          "z": 0.017657741904258728
        },
        "scale": {
          "x": 1.0,
          "y": 1.0,
          "z": 1.0
        },
        "matrix_basis": [
          [
            0.998874843120575,
            -0.03621545806527138,
            -0.030618472024798393,
            0.0
          ],
          [
            0.03436551243066788,
            0.997670590877533,
            -0.05892682448029518,
            0.0
          ],
          [
            0.032681211829185486,
            0.05780830234289169,
            0.997792661190033,
            0.0
          ],
          [
            0.0,
            0.0,
            0.0,
            1.0
          ]
        ],
        "rotation_mode": "QUATERNION"
      },
      "armature_space": {
        "head": {
          "x": 0.38535284996032715,
          "y": 0.34436094760894775,
          "z": 0.23282010853290558
        },
        "tail": {
          "x": 0.3995608389377594,
          "y": 0.34414154291152954,
          "z": 0.18536803126335144
        }
      },
      "world_space": {
        "head": {
          "x": 0.38535284996032715,
          "y": 0.4076049327850342,
          "z": 1.1826741695404053
        },
        "tail": {
          "x": 0.3995608389377594,
          "y": 0.40738552808761597,
          "z": 1.13522207736969
        },
        "rotation_quaternion": {
          "w": 0.38633984327316284,
          "x": -0.5418373346328735,
          "y": -0.5903624296188354,
          "z": 0.4567561149597168
        },
        "matrix": [
          [
            -0.11430583149194717,
            0.2868348956108093,
            -0.95113605260849,
            0.38535284996032715
          ],
          [
            0.9926872849464417,
            -0.004429352469742298,
            -0.120635025203228,
            0.4076049327850342
          ],
          [
            -0.03881459683179855,
            -0.9579764008522034,
            -0.28423306345939636,
            1.1826741695404053
          ],
          [
            0.0,
            0.0,
            0.0,
            1.0
          ]
        ]
      },
      "bone_length_armature_space": 0.04953397473175445,
      "parent": "lowerarm_l",
      "has_children": true,
      "is_end_bone": false
    },
    "thumb_01_l": {
      "name": "thumb_01_l",
      "local": {
        "location": {
          "x": 0.0,
          "y": 0.0,
          "z": 0.0
        },
        "rotation_quaternion": {
          "w": 0.9992360472679138,
          "x": -0.0382746197283268,
          "y": 0.002551480894908309,
          "z": -0.007486360147595406
        },
        "scale": {
          "x": 1.0,
          "y": 1.0,
          "z": 1.0
        },
        "matrix_basis": [
          [
            0.9998748898506165,
            0.01476596761494875,
            0.005672138649970293,
            0.0
          ],
          [
            -0.015156595967710018,
            0.9969580173492432,
            0.07645255327224731,
            0.0
          ],
          [
            -0.004525988362729549,
            -0.07652895897626877,
            0.9970570802688599,
            0.0
          ],
          [
            0.0,
            0.0,
            0.0,
            1.0
          ]
        ],
        "rotation_mode": "QUATERNION"
      },
      "armature_space": {
        "head": {
          "x": 0.3995608389377594,
          "y": 0.34414154291152954,
          "z": 0.18536803126335144
        },
        "tail": {
          "x": 0.3834044635295868,
          "y": 0.33442777395248413,
          "z": 0.15702635049819946
        }
      },
      "world_space": {
        "head": {
          "x": 0.3995608389377594,
          "y": 0.40738552808761597,
          "z": 1.13522207736969
        },
        "tail": {
          "x": 0.3834044635295868,
          "y": 0.39767175912857056,
          "z": 1.1068804264068604
        },
        "rotation_quaternion": {
          "w": 0.5831373929977417,
          "x": -0.7666971683502197,
          "y": 0.1313920021057129,
          "z": 0.23422715067863464
        },
        "matrix": [
          [
            0.8557478785514832,
            -0.47464895248413086,
            -0.20592182874679565,
            0.3995608389377594
          ],
          [
            0.07169491052627563,
            -0.28537502884864807,
            0.9557308554649353,
            0.40738552808761597
          ],
          [
            -0.5124047994613647,
            -0.8326340913772583,
            -0.21017977595329285,
            1.13522207736969
          ],
          [
            0.0,
            0.0,
            0.0,
            1.0
          ]
        ]
      },
      "bone_length_armature_space": 0.03403875232680908,
      "parent": "metacarpal_thumb_l",
      "has_children": true,
      "is_end_bone": false
    },
    "thumb_02_l": {
      "name": "thumb_02_l",
      "local": {
        "location": {
          "x": 0.0,
          "y": 0.0,
          "z": 0.0
        },
        "rotation_quaternion": {
          "w": 0.9969728589057922,
          "x": 0.07765939086675644,
          "y": 0.0037101637572050095,
          "z": 0.0007011272246018052
        },
        "scale": {
          "x": 1.0,
          "y": 1.0,
          "z": 1.0
        },
        "matrix_basis": [
          [
            0.9999715089797974,
            -0.0008217514841817319,
            0.0075067635625600815,
            0.0
          ],
          [
            0.001974267652258277,
            0.9879370331764221,
            -0.15484340488910675,
            0.0
          ],
          [
            -0.007288966793566942,
            0.15485380589962006,
            0.9879105091094971,
            0.0
          ],
          [
            0.0,
            0.0,
            0.0,
            1.0
          ]
        ],
        "rotation_mode": "QUATERNION"
      },
      "armature_space": {
        "head": {
          "x": 0.3834044337272644,
          "y": 0.33442774415016174,
          "z": 0.15702639520168304
        },
        "tail": {
          "x": 0.3941265940666199,
          "y": 0.35768553614616394,
          "z": 0.12608610093593597
        }
      },
      "world_space": {
        "head": {
          "x": 0.3834044337272644,
          "y": 0.39767175912857056,
          "z": 1.1068804264068604
        },
        "tail": {
          "x": 0.3941265940666199,
          "y": 0.42092955112457275,
          "z": 1.0759401321411133
        },
        "rotation_quaternion": {
          "w": 0.8666266798973083,
          "x": -0.38961002230644226,
          "y": 0.19619077444076538,
          "z": -0.24222195148468018
        },
        "matrix": [
          [
            0.8056750297546387,
            0.26695650815963745,
            0.5287927389144897,
            0.3834044337272644
          ],
          [
            -0.5727085471153259,
            0.5790650248527527,
            0.5802493095397949,
            0.39767175912857056
          ],
          [
            -0.1513054519891739,
            -0.7703410387039185,
            0.61943119764328,
            1.1068804264068604
          ],
          [
            0.0,
            0.0,
            0.0,
            1.0
          ]
        ]
      },
      "bone_length_armature_space": 0.04016455449873856,
      "parent": "thumb_01_l",
      "has_children": true,
      "is_end_bone": false
    },
    "thumb_03_l": {
      "name": "thumb_03_l",
      "local": {
        "location": {
          "x": 0.0,
          "y": 0.0,
          "z": 0.0
        },
        "rotation_quaternion": {
          "w": 0.9972425103187561,
          "x": 0.07397937774658203,
          "y": -0.005822824314236641,
          "z": 0.0007297477568499744
        },
        "scale": {
          "x": 1.0,
          "y": 1.0,
          "z": 1.0
        },
        "matrix_basis": [
          [
            0.9999310970306396,
            -0.0023170087952166796,
            -0.011505563743412495,
            0.0
          ],
          [
            0.000593933102209121,
            0.9890530109405518,
            -0.147559255361557,
            0.0
          ],
          [
            0.011721508577466011,
            0.14754226803779602,
            0.9889863133430481,
            0.0
          ],
          [
            0.0,
            0.0,
            0.0,
            1.0
          ]
        ],
        "rotation_mode": "QUATERNION"
      },
      "armature_space": {
        "head": {
          "x": 0.3941265940666199,
          "y": 0.3576854467391968,
          "z": 0.12608608603477478
        },
        "tail": {
          "x": 0.405424028635025,
          "y": 0.38264185190200806,
          "z": 0.11280304193496704
        }
      },
      "world_space": {
        "head": {
          "x": 0.3941265940666199,
          "y": 0.4209294319152832,
          "z": 1.0759401321411133
        },
        "tail": {
          "x": 0.405424028635025,
          "y": 0.4458858370780945,
          "z": 1.062657117843628
        },
        "rotation_quaternion": {
          "w": 0.8911757469177246,
          "x": -0.14431501924991608,
          "y": 0.3400996923446655,
          "z": -0.26327013969421387
        },
        "matrix": [
          [
            0.6300415992736816,
            0.3710779547691345,
            0.6821646690368652,
            0.3941265940666199
          ],
          [
            -0.5674036741256714,
            0.819723904132843,
            0.07814288139343262,
            0.4209294319152832
          ],
          [
            -0.5301935076713562,
            -0.43629804253578186,
            0.7270162105560303,
            1.0759401321411133
          ],
          [
            0.0,
            0.0,
            0.0,
            1.0
          ]
        ]
      },
      "bone_length_armature_space": 0.030444924655535787,
      "parent": "thumb_02_l",
      "has_children": false,
      "is_end_bone": true
    },
    "metacarpal_index_l": {
      "name": "metacarpal_index_l",
      "local": {
        "location": {
          "x": 0.0,
          "y": 0.0,
          "z": 0.0
        },
        "rotation_quaternion": {
          "w": 0.9996061325073242,
          "x": -0.019855167716741562,
          "y": -0.018657520413398743,
          "z": -0.0067303478717803955
        },
        "scale": {
          "x": 1.0,
          "y": 1.0,
          "z": 1.0
        },
        "matrix_basis": [
          [
            0.9992132186889648,
            0.014196290634572506,
            -0.0370330810546875,
            0.0
          ],
          [
            -0.012714497745037079,
            0.9991209506988525,
            0.03994583711028099,
            0.0
          ],
          [
            0.037567608058452606,
            -0.03944355249404907,
            0.9985153675079346,
            0.0
          ],
          [
            0.0,
            0.0,
            0.0,
            1.0
          ]
        ],
        "rotation_mode": "QUATERNION"
      },
      "armature_space": {
        "head": {
          "x": 0.38535284996032715,
          "y": 0.34436094760894775,
          "z": 0.23282010853290558
        },
        "tail": {
          "x": 0.4365929067134857,
          "y": 0.3904270529747009,
          "z": 0.13804824650287628
        }
      },
      "world_space": {
        "head": {
          "x": 0.38535284996032715,
          "y": 0.4076049327850342,
          "z": 1.1826741695404053
        },
        "tail": {
          "x": 0.4365929067134857,
          "y": 0.45367103815078735,
          "z": 1.087902307510376
        },
        "rotation_quaternion": {
          "w": 0.16237635910511017,
          "x": -0.3512474596500397,
          "y": -0.8186632394790649,
          "z": 0.42432260513305664
        },
        "matrix": [
          [
            -0.7005171775817871,
            0.43730729818344116,
            -0.5639485716819763,
            0.38535284996032715
          ],
          [
            0.7129079103469849,
            0.393150269985199,
            -0.5806853771209717,
            0.4076049327850342
          ],
          [
            -0.03222091123461723,
            -0.8088287115097046,
            -0.5871729254722595,
            1.1826741695404053
          ],
          [
            0.0,
            0.0,
            0.0,
            1.0
          ]
        ]
      },
      "bone_length_armature_space": 0.11717224518509789,
      "parent": "lowerarm_l",
      "has_children": true,
      "is_end_bone": false
    },
    "index_01_l": {
      "name": "index_01_l",
      "local": {
        "location": {
          "x": 0.0,
          "y": 0.0,
          "z": 0.0
        },
        "rotation_quaternion": {
          "w": 0.99835205078125,
          "x": -0.05581013858318329,
          "y": -0.012584680691361427,
          "z": -0.004469445440918207
        },
        "scale": {
          "x": 1.0,
          "y": 1.0,
          "z": 1.0
        },
        "matrix_basis": [
          [
            0.9996433258056641,
            0.010328865610063076,
            -0.024629002436995506,
            0.0
          ],
          [
            -0.007519454695284367,
            0.9937304854393005,
            0.11154882609844208,
            0.0
          ],
          [
            0.025626763701438904,
            -0.11132384091615677,
            0.9934536814689636,
            0.0
          ],
          [
            0.0,
            0.0,
            0.0,
            1.0
          ]
        ],
        "rotation_mode": "QUATERNION"
      },
      "armature_space": {
        "head": {
          "x": 0.4365929067134857,
          "y": 0.3904270529747009,
          "z": 0.13804824650287628
        },
        "tail": {
          "x": 0.444903701543808,
          "y": 0.41162800788879395,
          "z": 0.12088656425476074
        }
      },
      "world_space": {
        "head": {
          "x": 0.4365929067134857,
          "y": 0.45367103815078735,
          "z": 1.087902307510376
        },
        "tail": {
          "x": 0.444903701543808,
          "y": 0.47487199306488037,
          "z": 1.0707405805587769
        },
        "rotation_quaternion": {
          "w": 0.20316122472286224,
          "x": -0.2224716693162918,
          "y": -0.9113094210624695,
          "z": 0.28061941266059875
        },
        "matrix": [
          [
            -0.8184636235237122,
            0.29145944118499756,
            -0.4951452314853668,
            0.4365929067134857
          ],
          [
            0.5195034146308899,
            0.7435182332992554,
            -0.42106664180755615,
            0.45367103815078735
          ],
          [
            0.24542781710624695,
            -0.6018608212471008,
            -0.7599623203277588,
            1.087902307510376
          ],
          [
            0.0,
            0.0,
            0.0,
            1.0
          ]
        ]
      },
      "bone_length_armature_space": 0.028514437464994387,
      "parent": "metacarpal_index_l",
      "has_children": true,
      "is_end_bone": false
    },
    "index_02_l": {
      "name": "index_02_l",
      "local": {
        "location": {
          "x": 0.0,
          "y": 0.0,
          "z": 0.0
        },
        "rotation_quaternion": {
          "w": 0.9997865557670593,
          "x": 0.019922370091080666,
          "y": -0.004697494208812714,
          "z": -0.0028374542016535997
        },
        "scale": {
          "x": 1.0,
          "y": 1.0,
          "z": 1.0
        },
        "matrix_basis": [
          [
            0.9999397397041321,
            0.0054865265265107155,
            -0.009506041184067726,
            0.0
          ],
          [
            -0.005860867444425821,
            0.999190092086792,
            -0.03980957716703415,
            0.0
          ],
          [
            0.009279925376176834,
            0.039862893521785736,
            0.9991620779037476,
            0.0
          ],
          [
            0.0,
            0.0,
            0.0,
            1.0
          ]
        ],
        "rotation_mode": "QUATERNION"
      },
      "armature_space": {
        "head": {
          "x": 0.4449038505554199,
          "y": 0.41162803769111633,
          "z": 0.12088604271411896
        },
        "tail": {
          "x": 0.4515923857688904,
          "y": 0.43108269572257996,
          "z": 0.10556050390005112
        }
      },
      "world_space": {
        "head": {
          "x": 0.4449038505554199,
          "y": 0.47487205266952515,
          "z": 1.0707401037216187
        },
        "tail": {
          "x": 0.4515923857688904,
          "y": 0.49432671070098877,
          "z": 1.0554145574569702
        },
        "rotation_quaternion": {
          "w": 0.17384380102157593,
          "x": -0.1956862360239029,
          "y": -0.9213920831680298,
          "z": 0.2872663140296936
        },
        "matrix": [
          [
            -0.862970232963562,
            0.2607288658618927,
            -0.43278491497039795,
            0.4449038505554199
          ],
          [
            0.46048685908317566,
            0.7583698630332947,
            -0.4613320231437683,
            0.47487205266952515
          ],
          [
            0.207930326461792,
            -0.5974108576774597,
            -0.774518609046936,
            1.0707401037216187
          ],
          [
            0.0,
            0.0,
            0.0,
            1.0
          ]
        ]
      },
      "bone_length_armature_space": 0.025653311287934518,
      "parent": "index_01_l",
      "has_children": true,
      "is_end_bone": false
    },
    "index_03_l": {
      "name": "index_03_l",
      "local": {
        "location": {
          "x": 0.0,
          "y": 0.0,
          "z": 0.0
        },
        "rotation_quaternion": {
          "w": 0.9998980164527893,
          "x": 0.013351323083043098,
          "y": 0.0033941331785172224,
          "z": -0.0037798883859068155
        },
        "scale": {
          "x": 1.0,
          "y": 1.0,
          "z": 1.0
        },
        "matrix_basis": [
          [
            0.9999483823776245,
            0.007649638224393129,
            0.006686640903353691,
            0.0
          ],
          [
            -0.007468373514711857,
            0.9996148943901062,
            -0.026725580915808678,
            0.0
          ],
          [
            -0.006888506934046745,
            0.026674263179302216,
            0.9996204376220703,
            0.0
          ],
          [
            0.0,
            0.0,
            0.0,
            1.0
          ]
        ],
        "rotation_mode": "QUATERNION"
      },
      "armature_space": {
        "head": {
          "x": 0.45159247517585754,
          "y": 0.43108275532722473,
          "z": 0.10556061565876007
        },
        "tail": {
          "x": 0.4551578760147095,
          "y": 0.4527958333492279,
          "z": 0.08633652329444885
        }
      },
      "world_space": {
        "head": {
          "x": 0.45159247517585754,
          "y": 0.49432677030563354,
          "z": 1.0554146766662598
        },
        "tail": {
          "x": 0.4551578760147095,
          "y": 0.5160398483276367,
          "z": 1.0361905097961426
        },
        "rotation_quaternion": {
          "w": 0.23410984873771667,
          "x": -0.15162909030914307,
          "y": -0.9037444591522217,
          "z": 0.3247261047363281
        },
        "matrix": [
          [
            -0.8444023728370667,
            0.12202519178390503,
            -0.5216267704963684,
            0.45159247517585754
          ],
          [
            0.4261114299297333,
            0.7431231141090393,
            -0.5159431099891663,
            0.49432677030563354
          ],
          [
            0.3246774971485138,
            -0.6579383611679077,
            -0.6794964075088501,
            1.0554146766662598
          ],
          [
            0.0,
            0.0,
            0.0,
            1.0
          ]
        ]
      },
      "bone_length_armature_space": 0.029218753749469584,
      "parent": "index_02_l",
      "has_children": false,
      "is_end_bone": true
    },
    "metacarpal_pinky_l": {
      "name": "metacarpal_pinky_l",
      "local": {
        "location": {
          "x": 0.0,
          "y": 0.0,
          "z": 0.0
        },
        "rotation_quaternion": {
          "w": 0.999054491519928,
          "x": -0.03702126815915108,
          "y": -0.020074615254998207,
          "z": -0.010798869654536247
        },
        "scale": {
          "x": 1.0,
          "y": 1.0,
          "z": 1.0
        },
        "matrix_basis": [
          [
            0.9989607930183411,
            0.023063693195581436,
            -0.039311692118644714,
            0.0
          ],
          [
            -0.020090943202376366,
            0.9970256090164185,
            0.07440609484910965,
            0.0
          ],
          [
            0.04091084375977516,
            -0.07353895902633667,
            0.9964528679847717,
            0.0
          ],
          [
            0.0,
            0.0,
            0.0,
            1.0
          ]
        ],
        "rotation_mode": "QUATERNION"
      },
      "armature_space": {
        "head": {
          "x": 0.38535284996032715,
          "y": 0.34436094760894775,
          "z": 0.23282010853290558
        },
        "tail": {
          "x": 0.406062513589859,
          "y": 0.43082645535469055,
          "z": 0.17861609160900116
        }
      },
      "world_space": {
        "head": {
          "x": 0.38535284996032715,
          "y": 0.4076049327850342,
          "z": 1.1826741695404053
        },
        "tail": {
          "x": 0.406062513589859,
          "y": 0.49407047033309937,
          "z": 1.1284700632095337
        },
        "rotation_quaternion": {
          "w": 0.7631587386131287,
          "x": -0.15435579419136047,
          "y": 0.576859176158905,
          "z": -0.24697472155094147
        },
        "matrix": [
          [
            0.2124742567539215,
            0.19888122379779816,
            0.9567136168479919,
            0.38535284996032715
          ],
          [
            -0.5550458431243896,
            0.8303551077842712,
            -0.0493452250957489,
            0.4076049327850342
          ],
          [
            -0.8042319416999817,
            -0.5205380320549011,
            0.2868190407752991,
            1.1826741695404053
          ],
          [
            0.0,
            0.0,
            0.0,
            1.0
          ]
        ]
      },
      "bone_length_armature_space": 0.10413092621580496,
      "parent": "lowerarm_l",
      "has_children": true,
      "is_end_bone": false
    },
    "pinky_01_l": {
      "name": "pinky_01_l",
      "local": {
        "location": {
          "x": 0.0,
          "y": 0.0,
          "z": 0.0
        },
        "rotation_quaternion": {
          "w": 0.9977248907089233,
          "x": -0.06530670076608658,
          "y": 0.016666354611516,
          "z": 0.0015253487508744001
        },
        "scale": {
          "x": 1.0,
          "y": 1.0,
          "z": 1.0
        },
        "matrix_basis": [
          [
            0.9994398355484009,
            -0.005220605991780758,
            0.03305764123797417,
            0.0
          ],
          [
            0.000866907590534538,
            0.9914653897285461,
            0.13036708533763885,
            0.0
          ],
          [
            -0.03345610573887825,
            -0.13026539981365204,
            0.990914523601532,
            0.0
          ],
          [
            0.0,
            0.0,
            0.0,
            1.0
          ]
        ],
        "rotation_mode": "QUATERNION"
      },
      "armature_space": {
        "head": {
          "x": 0.406062513589859,
          "y": 0.43082645535469055,
          "z": 0.17861609160900116
        },
        "tail": {
