{
  "metadata": {
    "armature_name": "KIM_caucasian_male",
    "export_time": "2026-01-13T21:08:06.296381",
    "blender_version": "4.4.1",
    "bone_count": 56,
    "end_bone_count": 13,
    "spaces_included": [
      "LOCAL_CHANNELS",
      "ARMATURE_SPACE",
      "WORLD_SPACE"
    ],
    "note": "LOCAL matches Transform panel; replay pose via local.matrix_basis for best fidelity."
  },
  "bones": {
    "Root": {
      "name": "Root",
      "local": {
        "location": {
          "x": 0.0,
          "y": 0.0,
          "z": 0.0
        },
        "rotation_quaternion": {
          "w": 0.9998300075531006,
          "x": -0.008512255735695362,
          "y": 0.01626673713326454,
          "z": 0.0017225658521056175
        },
        "scale": {
          "x": 1.0,
          "y": 1.0,
          "z": 1.0
        },
        "matrix_basis": [
          [
            0.9994648694992065,
            -0.0037214793264865875,
            0.032498616725206375,
            0.0
          ],
          [
            0.00316761271096766,
            0.9998491406440735,
            0.01707765832543373,
            0.0
          ],
          [
            -0.03255727142095566,
            -0.016965575516223907,
            0.9993258714675903,
            0.0
          ],
          [
            0.0,
            0.0,
            0.0,
            1.0
          ]
        ],
        "rotation_mode": "QUATERNION"
      },
      "armature_space": {
        "head": {
          "x": 0.0,
          "y": 0.07072800397872925,
          "z": -0.009595036506652832
        },
        "tail": {
          "x": -0.0002656238211784512,
          "y": 0.00017345696687698364,
          "z": 0.0011985013261437416
        }
      },
      "world_space": {
        "head": {
          "x": 0.0,
          "y": 0.13397200405597687,
          "z": 0.9402589797973633
        },
        "tail": {
          "x": -0.0002656238211784512,
          "y": 0.0634174570441246,
          "z": 0.9510525465011597
        },
        "rotation_quaternion": {
          "w": 0.07584911584854126,
          "x": 0.996985137462616,
          "y": -0.0006227967678569257,
          "z": 0.016345830634236336
        },
        "matrix": [
          [
            0.9994648694992065,
            -0.0037214793264865875,
            0.032498616725206375,
            0.0
          ],
          [
            0.0012378029059618711,
            -0.988493025302887,
            -0.15126171708106995,
            0.13397200405597687
          ],
          [
            0.03268780559301376,
            0.1512211114168167,
            -0.9879664778709412,
            0.9402589797973633
          ],
          [
            0.0,
            0.0,
            0.0,
            1.0
          ]
        ]
      },
      "bone_length_armature_space": 0.07137587352074098,
      "parent": null,
      "has_children": true,
      "is_end_bone": false
    },
    "spine_01": {
      "name": "spine_01",
      "local": {
        "location": {
          "x": 0.0,
          "y": 0.0,
          "z": 0.0
        },
        "rotation_quaternion": {
          "w": 0.9967973232269287,
          "x": 0.05187235027551651,
          "y": 0.008912998251616955,
          "z": -0.06020741909742355
        },
        "scale": {
          "x": 1.0,
          "y": 1.0,
          "z": 1.0
        },
        "matrix_basis": [
          [
            0.9925912618637085,
            0.12095386534929276,
            0.011522704735398293,
            0.0
          ],
          [
            -0.11910451203584671,
            0.987368643283844,
            -0.10448569804430008,
            0.0
          ],
          [
            -0.02401510626077652,
            0.10233918577432632,
            0.9944596290588379,
            0.0
          ],
          [
            0.0,
            0.0,
            0.0,
            1.0
          ]
        ],
        "rotation_mode": "QUATERNION"
      },
      "armature_space": {
        "head": {
          "x": -0.0002656238211784512,
          "y": 0.00017345696687698364,
          "z": 0.0011985013261437416
        },
        "tail": {
          "x": 0.0429299920797348,
          "y": -0.0188915953040123,
          "z": 0.48691362142562866
        }
      },
      "world_space": {
        "head": {
          "x": -0.0002656238211784512,
          "y": 0.0634174570441246,
          "z": 0.9510525465011597
        },
        "tail": {
          "x": 0.0429299920797348,
          "y": 0.04435240477323532,
          "z": 1.436767578125
        },
        "rotation_quaternion": {
          "w": 0.6921773552894592,
          "x": 0.7203319668769836,
          "y": 0.036830417811870575,
          "z": -0.0256112739443779
        },
        "matrix": [
          [
            0.9959752559661865,
            0.08851538598537445,
            0.014089735224843025,
            -0.0002656238211784512
          ],
          [
            0.017605740576982498,
            -0.03906763345003128,
            -0.9990814924240112,
            0.0634174570441246
          ],
          [
            -0.08788421750068665,
            0.9953153729438782,
            -0.040469974279403687,
            0.9510525465011597
          ],
          [
            0.0,
            0.0,
            0.0,
            1.0
          ]
        ]
      },
      "bone_length_armature_space": 0.4880046259988554,
      "parent": "Root",
      "has_children": true,
      "is_end_bone": false
    },
    "neck_01": {
      "name": "neck_01",
      "local": {
        "location": {
          "x": 0.0,
          "y": 0.0,
          "z": 0.0
        },
        "rotation_quaternion": {
          "w": 0.9947324991226196,
          "x": -0.04272207245230675,
          "y": 0.014870983548462391,
          "z": -0.09198354184627533
        },
        "scale": {
          "x": 1.0,
          "y": 1.0,
          "z": 1.0
        },
        "matrix_basis": [
          [
            0.9826357364654541,
            0.18172739446163177,
            0.03744475543498993,
            0.0
          ],
          [
            -0.18426866829395294,
            0.979427695274353,
            0.08225829899311066,
            0.0
          ],
          [
            -0.021725846454501152,
            -0.08772984147071838,
            0.9959073662757874,
            0.0
          ],
          [
            0.0,
            0.0,
            0.0,
            1.0
          ]
        ],
        "rotation_mode": "QUATERNION"
      },
      "armature_space": {
        "head": {
          "x": 0.049899592995643616,
          "y": -0.05640065670013428,
          "z": 0.5583855509757996
        },
        "tail": {
          "x": 0.07741483300924301,
          "y": -0.08966360986232758,
          "z": 0.6513760089874268
        }
      },
      "world_space": {
        "head": {
          "x": 0.049899592995643616,
          "y": 0.006843343377113342,
          "z": 1.508239507675171
        },
        "tail": {
          "x": 0.07741483300924301,
          "y": -0.026419609785079956,
          "z": 1.6012300252914429
        },
        "rotation_quaternion": {
          "w": 0.5692226886749268,
          "x": 0.8108718395233154,
          "y": 0.11730635911226273,
          "z": -0.06864132732152939
        },
        "matrix": [
          [
            0.9630550742149353,
            0.26838546991348267,
            0.02222955785691738,
            0.049899592995643616
          ],
          [
            0.11209769546985626,
            -0.3244490921497345,
            -0.9392375349998474,
            0.006843343377113342
          ],
          [
            -0.24486689269542694,
            0.907035231590271,
            -0.342551052570343,
            1.508239507675171
          ],
          [
            0.0,
            0.0,
            0.0,
            1.0
          ]
        ]
      },
      "bone_length_armature_space": 0.10252188697654932,
      "parent": "spine_01",
      "has_children": true,
      "is_end_bone": false
    },
    "head": {
      "name": "head",
      "local": {
        "location": {
          "x": 0.0,
          "y": 0.0,
          "z": 0.0
        },
        "rotation_quaternion": {
          "w": 0.963821530342102,
          "x": -0.09603652358055115,
          "y": 0.14293594658374786,
          "z": -0.20345623791217804
        },
        "scale": {
          "x": 1.0,
          "y": 1.0,
          "z": 1.0
        },
        "matrix_basis": [
          [
            0.8763497471809387,
            0.3647368550300598,
            0.3146079480648041,
            0.0
          ],
          [
            -0.41964516043663025,
            0.8987650871276855,
            0.12696172297000885,
            0.0
          ],
          [
            -0.23645102977752686,
            -0.24328656494617462,
            0.9406926035881042,
            0.0
          ],
          [
            0.0,
            0.0,
            0.0,
            1.0
          ]
        ],
        "rotation_mode": "QUATERNION"
      },
      "armature_space": {
        "head": {
          "x": 0.07741481065750122,
          "y": -0.08966372907161713,
          "z": 0.6513758897781372
        },
        "tail": {
          "x": 0.16126269102096558,
          "y": -0.040859121829271317,
          "z": 0.772375226020813
        }
      },
      "world_space": {
        "head": {
          "x": 0.07741481065750122,
          "y": -0.026419728994369507,
          "z": 1.6012299060821533
        },
        "tail": {
          "x": 0.16126269102096558,
          "y": 0.022384878247976303,
          "z": 1.722229242324829
        },
        "rotation_quaternion": {
          "w": 0.7220677733421326,
          "x": 0.5801339149475098,
          "y": 0.3687272369861603,
          "z": -0.07812131941318512
        },
        "matrix": [
          [
            0.7158757448196411,
            0.5406394600868225,
            0.4418494701385498,
            0.07741481065750122
          ],
          [
            0.315001904964447,
            0.31468528509140015,
            -0.8954033851623535,
            -0.026419728994369507
          ],
          [
            -0.6231379508972168,
            0.7801867127418518,
            0.05497261881828308,
            1.6012299060821533
          ],
          [
            0.0,
            0.0,
            0.0,
            1.0
          ]
        ]
      },
      "bone_length_armature_space": 0.15509092953089074,
      "parent": "neck_01",
      "has_children": false,
      "is_end_bone": true
    },
    "upperarm_l": {
      "name": "upperarm_l",
      "local": {
        "location": {
          "x": 0.0,
          "y": 0.0,
          "z": 0.0
        },
        "rotation_quaternion": {
          "w": 0.9896566867828369,
          "x": 0.03361126407980919,
          "y": -0.1390414834022522,
          "z": 0.010834847576916218
        },
        "scale": {
          "x": 1.0,
          "y": 1.0,
          "z": 1.0
        },
        "matrix_basis": [
          [
            0.961100161075592,
            -0.030792279168963432,
            -0.27447831630706787,
            0.0
          ],
          [
            0.012098838575184345,
            0.997505784034729,
            -0.06954021006822586,
            0.0
          ],
          [
            0.27593502402305603,
            0.06351424008607864,
            0.9590755105018616,
            0.0
          ],
          [
            0.0,
            0.0,
            0.0,
            1.0
          ]
        ],
        "rotation_mode": "QUATERNION"
      },
      "armature_space": {
        "head": {
          "x": 0.19339191913604736,
          "y": -0.05432034656405449,
          "z": 0.4781809449195862
        },
        "tail": {
          "x": 0.4604600965976715,
          "y": -0.05640958249568939,
          "z": 0.45632070302963257
        }
      },
      "world_space": {
        "head": {
          "x": 0.19339191913604736,
          "y": 0.00892365351319313,
          "z": 1.428035020828247
        },
        "tail": {
          "x": 0.4604600965976715,
          "y": 0.0068344175815582275,
          "z": 1.406174659729004
        },
        "rotation_quaternion": {
          "w": 0.5303046703338623,
          "x": 0.42202040553092957,
          "y": 0.4635498523712158,
          "z": -0.5707866549491882
        },
        "matrix": [
          [
            -0.08135084807872772,
            0.996636688709259,
            0.009878572076559067,
            0.19339191913604736
          ],
          [
            -0.21412767469882965,
            -0.0077965520322322845,
            -0.9767746925354004,
            0.00892365351319313
          ],
          [
            -0.9734193682670593,
            -0.08157733082771301,
            0.2140422910451889,
            1.428035020828247
          ],
          [
            0.0,
            0.0,
            0.0,
            1.0
          ]
        ]
      },
      "bone_length_armature_space": 0.26796949259065506,
      "parent": "spine_01",
      "has_children": true,
      "is_end_bone": false
    },
    "lowerarm_l": {
      "name": "lowerarm_l",
      "local": {
        "location": {
          "x": 0.0,
          "y": 0.0,
          "z": 0.0
        },
        "rotation_quaternion": {
          "w": 0.9510836601257324,
          "x": 0.29977166652679443,
          "y": -0.0643187090754509,
          "z": -0.03794623166322708
        },
        "scale": {
          "x": 1.0,
          "y": 1.0,
          "z": 1.0
        },
        "matrix_basis": [
          [
            0.9888463616371155,
            0.03361823037266731,
            -0.1450953632593155,
            0.0
          ],
          [
            -0.11074193567037582,
            0.8173940777778625,
            -0.5653345584869385,
            0.0
          ],
          [
            0.09959453344345093,
            0.5750971436500549,
            0.8120000958442688,
            0.0
          ],
          [
            0.0,
            0.0,
            0.0,
            1.0
          ]
        ],
        "rotation_mode": "QUATERNION"
      },
      "armature_space": {
        "head": {
          "x": 0.46046018600463867,
          "y": -0.05640960857272148,
          "z": 0.4563208222389221
        },
        "tail": {
          "x": 0.6618026494979858,
          "y": -0.22567418217658997,
          "z": 0.5051067471504211
        }
      },
      "world_space": {
        "head": {
          "x": 0.46046018600463867,
          "y": 0.006834391504526138,
          "z": 1.406174898147583
        },
        "tail": {
          "x": 0.6618026494979858,
          "y": -0.16243018209934235,
          "z": 1.454960823059082
        },
        "rotation_quaternion": {
          "w": 0.3991489112377167,
          "x": 0.5177682042121887,
          "y": 0.15596769750118256,
          "z": -0.740452766418457
        },
        "matrix": [
          [
            -0.14519163966178894,
            0.752613365650177,
            -0.6422557234764099,
            0.46046018600463867
          ],
          [
            -0.4295923709869385,
            -0.6327068209648132,
            -0.6443079113960266,
            0.006834391504526138
          ],
          [
            -0.891281008720398,
            0.1823606938123703,
            0.41518300771713257,
            1.406174898147583
          ],
          [
            0.0,
            0.0,
            0.0,
            1.0
          ]
        ]
      },
      "bone_length_armature_space": 0.2675244824038417,
      "parent": "upperarm_l",
      "has_children": true,
      "is_end_bone": false
    },
    "metacarpal_thumb_l": {
      "name": "metacarpal_thumb_l",
      "local": {
        "location": {
          "x": 0.0,
          "y": 0.0,
          "z": 0.0
        },
        "rotation_quaternion": {
          "w": 0.998289942741394,
          "x": -0.057608235627412796,
          "y": 0.008541465736925602,
          "z": 0.005061231553554535
        },
        "scale": {
          "x": 1.0,
          "y": 1.0,
          "z": 1.0
        },
        "matrix_basis": [
          [
            0.999802827835083,
            -0.011089270934462547,
            0.01647058129310608,
            0.0
          ],
          [
            0.009121035225689411,
            0.99331134557724,
            0.11510590463876724,
            0.0
          ],
          [
            -0.0176368560642004,
            -0.11493298411369324,
            0.9932166934013367,
            0.0
          ],
          [
            0.0,
            0.0,
            0.0,
            1.0
          ]
        ],
        "rotation_mode": "QUATERNION"
      },
      "armature_space": {
        "head": {
          "x": 0.6618026494979858,
          "y": -0.22567418217658997,
          "z": 0.5051067471504211
        },
        "tail": {
          "x": 0.6720041036605835,
          "y": -0.2712382972240448,
          "z": 0.5216424465179443
        }
      },
      "world_space": {
        "head": {
          "x": 0.6618026494979858,
          "y": -0.16243018209934235,
          "z": 1.454960823059082
        },
        "tail": {
          "x": 0.6720041036605835,
          "y": -0.20799429714679718,
          "z": 1.4714964628219604
        },
        "rotation_quaternion": {
          "w": 0.1823122650384903,
          "x": 0.9718526005744934,
          "y": 0.08265238255262375,
          "z": -0.12423104792833328
        },
        "matrix": [
          [
            0.9554703831672668,
            0.2059495747089386,
            -0.21133115887641907,
            0.6618026494979858
          ],
          [
            0.1153542697429657,
            -0.9198614358901978,
            -0.3748977780342102,
            -0.16243018209934235
          ],
          [
            -0.27160727977752686,
            0.3338271975517273,
            -0.9026643633842468,
            1.454960823059082
          ],
          [
            0.0,
            0.0,
            0.0,
            1.0
          ]
        ]
      },
      "bone_length_armature_space": 0.04953370268709388,
      "parent": "lowerarm_l",
      "has_children": true,
      "is_end_bone": false
    },
    "thumb_01_l": {
      "name": "thumb_01_l",
      "local": {
        "location": {
          "x": 0.0,
          "y": 0.0,
          "z": 0.0
        },
        "rotation_quaternion": {
          "w": 0.9993184208869934,
          "x": 0.02638542652130127,
          "y": 0.01772458665072918,
          "z": -0.0187689121812582
        },
        "scale": {
          "x": 1.0,
          "y": 1.0,
          "z": 1.0
        },
        "matrix_basis": [
          [
            0.9986671209335327,
            0.038447581231594086,
            0.03443456068634987,
            0.0
          ],
          [
            -0.03657689690589905,
            0.997903048992157,
            -0.053400229662656784,
            0.0
          ],
          [
            -0.0364154651761055,
            0.05206954479217529,
            0.9979792833328247,
            0.0
          ],
          [
            0.0,
            0.0,
            0.0,
            1.0
          ]
        ],
        "rotation_mode": "QUATERNION"
      },
      "armature_space": {
        "head": {
          "x": 0.6720041036605835,
          "y": -0.2712382972240448,
          "z": 0.5216424465179443
        },
        "tail": {
          "x": 0.6694304943084717,
          "y": -0.3023431897163391,
          "z": 0.5080597400665283
        }
      },
      "world_space": {
        "head": {
          "x": 0.6720041036605835,
          "y": -0.20799429714679718,
          "z": 1.4714964628219604
        },
        "tail": {
          "x": 0.6694304943084717,
          "y": -0.2390991896390915,
          "z": 1.4579137563705444
        },
        "rotation_quaternion": {
          "w": 0.13970410823822021,
          "x": -0.7815097570419312,
          "y": 0.15354548394680023,
          "z": -0.588344395160675
        },
        "matrix": [
          [
            0.2605496048927307,
            -0.0756087452173233,
            0.9624952673912048,
            0.6720041036605835
          ],
          [
            -0.4043826162815094,
            -0.9138132929801941,
            0.03768281638622284,
            -0.20799429714679718
          ],
          [
            0.8766974806785583,
            -0.3990384340286255,
            -0.2686704993247986,
            1.4714964628219604
          ],
          [
            0.0,
            0.0,
            0.0,
            1.0
          ]
        ]
      },
      "bone_length_armature_space": 0.03403862109427165,
      "parent": "metacarpal_thumb_l",
      "has_children": true,
      "is_end_bone": false
    },
    "thumb_02_l": {
      "name": "thumb_02_l",
      "local": {
        "location": {
          "x": 0.0,
          "y": 0.0,
          "z": 0.0
        },
        "rotation_quaternion": {
          "w": 0.9924798607826233,
          "x": 0.12228402495384216,
          "y": -0.0004537124768830836,
          "z": 0.005504787899553776
        },
        "scale": {
          "x": 1.0,
          "y": 1.0,
          "z": 1.0
        },
        "matrix_basis": [
          [
            0.99993896484375,
            -0.011037745513021946,
            0.0004456942551769316,
            0.0
          ],
          [
            0.010815818794071674,
            0.9700326323509216,
            -0.24273386597633362,
            0.0
          ],
          [
            0.002246896270662546,
            0.24272386729717255,
            0.9700928330421448,
            0.0
          ],
          [
            0.0,
            0.0,
            0.0,
            1.0
          ]
        ],
        "rotation_mode": "QUATERNION"
      },
      "armature_space": {
        "head": {
          "x": 0.6694304347038269,
          "y": -0.3023431599140167,
          "z": 0.5080597400665283
        },
        "tail": {
          "x": 0.702437162399292,
          "y": -0.3219216763973236,
          "z": 0.5199095010757446
        }
      },
      "world_space": {
        "head": {
          "x": 0.6694304347038269,
          "y": -0.2390991598367691,
          "z": 1.4579137563705444
        },
        "tail": {
          "x": 0.702437162399292,
          "y": -0.2586776614189148,
          "z": 1.4697635173797607
        },
        "rotation_quaternion": {
          "w": 0.3445023000240326,
          "x": -0.39643120765686035,
          "y": -0.37092864513397217,
          "z": -0.7658801674842834
        },
        "matrix": [
          [
            -0.4483206570148468,
            0.8217908143997192,
            0.3516651391983032,
            0.6694304347038269
          ],
          [
            -0.23360055685043335,
            -0.4874594509601593,
            0.8413168787956238,
            -0.2390991598367691
          ],
          [
            0.8628149032592773,
            0.2950320541858673,
            0.4105127453804016,
            1.4579137563705444
          ],
          [
            0.0,
            0.0,
            0.0,
            1.0
          ]
        ]
      },
      "bone_length_armature_space": 0.040164401876457215,
      "parent": "thumb_01_l",
      "has_children": true,
      "is_end_bone": false
    },
    "thumb_03_l": {
      "name": "thumb_03_l",
      "local": {
        "location": {
          "x": 0.0,
          "y": 0.0,
          "z": 0.0
        },
        "rotation_quaternion": {
          "w": 0.9965380430221558,
          "x": 0.08298812061548233,
          "y": -0.002391480840742588,
          "z": -0.004396864213049412
        },
        "scale": {
          "x": 1.0,
          "y": 1.0,
          "z": 1.0
        },
        "matrix_basis": [
          [
            0.9999498724937439,
            0.008366355672478676,
            -0.005496178288012743,
            0.0
          ],
          [
            -0.009160214103758335,
            0.9861872792243958,
            -0.16538061201572418,
            0.0
          ],
          [
            0.004036628175526857,
            0.16542266309261322,
            0.9862145185470581,
            0.0
          ],
          [
            0.0,
            0.0,
            0.0,
            1.0
          ]
        ],
        "rotation_mode": "QUATERNION"
      },
      "armature_space": {
        "head": {
          "x": 0.7024371027946472,
          "y": -0.3219217360019684,
          "z": 0.5199095606803894
        },
        "tail": {
          "x": 0.7307323813438416,
          "y": -0.32416224479675293,
          "z": 0.5309208631515503
        }
      },
      "world_space": {
        "head": {
          "x": 0.7024371027946472,
          "y": -0.25867772102355957,
          "z": 1.4697635173797607
        },
        "tail": {
          "x": 0.7307323813438416,
          "y": -0.2609182596206665,
          "z": 1.4807748794555664
        },
        "rotation_quaternion": {
          "w": 0.545413076877594,
          "x": -0.19547466933727264,
          "y": -0.407095730304718,
          "z": -0.7061072587966919
        },
        "matrix": [
          [
            -0.32862693071365356,
            0.9293940663337708,
            -0.1680210828781128,
            0.7024371027946472
          ],
          [
            -0.6110878586769104,
            -0.07359278202056885,
            0.7881343960762024,
            -0.25867772102355957
          ],
          [
            0.7201266884803772,
            0.3616802394390106,
            0.5921311378479004,
            1.4697635173797607
          ],
          [
            0.0,
            0.0,
            0.0,
            1.0
          ]
        ]
      },
      "bone_length_armature_space": 0.030444892272707053,
      "parent": "thumb_02_l",
      "has_children": false,
      "is_end_bone": true
    },
    "metacarpal_index_l": {
      "name": "metacarpal_index_l",
      "local": {
        "location": {
          "x": 0.0,
          "y": 0.0,
          "z": 0.0
        },
        "rotation_quaternion": {
          "w": 0.9979944825172424,
          "x": -0.06104551628232002,
          "y": 0.015111081302165985,
          "z": -0.007235597353428602
        },
        "scale": {
          "x": 1.0,
          "y": 1.0,
          "z": 1.0
        },
        "matrix_basis": [
          [
            0.9994385838508606,
            0.012597245164215565,
            0.03104495257139206,
            0.0
          ],
          [
            -0.016287099570035934,
            0.9924421906471252,
            0.12162750214338303,
            0.0
          ],
          [
            -0.02927814982831478,
            -0.12206485122442245,
            0.9920902252197266,
            0.0
          ],
          [
            0.0,
            0.0,
            0.0,
            1.0
          ]
        ],
        "rotation_mode": "QUATERNION"
      },
      "armature_space": {
        "head": {
          "x": 0.6618026494979858,
          "y": -0.22567418217658997,
          "z": 0.5051067471504211
        },
        "tail": {
          "x": 0.7312717437744141,
          "y": -0.3128355145454407,
          "z": 0.5412477850914001
        }
      },
      "world_space": {
        "head": {
          "x": 0.6618026494979858,
          "y": -0.16243018209934235,
          "z": 1.454960823059082
        },
        "tail": {
          "x": 0.7312717437744141,
          "y": -0.24959151446819305,
          "z": 1.4911017417907715
        },
        "rotation_quaternion": {
          "w": 0.28409910202026367,
          "x": 0.8458396792411804,
          "y": 0.21759872138500214,
          "z": -0.3955930173397064
        },
        "matrix": [
          [
            0.5923139452934265,
            0.5928828120231628,
            -0.5455767512321472,
            0.6618026494979858
          ],
          [
            0.1433325856924057,
            -0.7438768148422241,
            -0.6527659893035889,
            -0.16243018209934235
          ],
          [
            -0.7928610444068909,
            0.30844491720199585,
            -0.5255924463272095,
            1.454960823059082
          ],
          [
            0.0,
            0.0,
            0.0,
            1.0
          ]
        ]
      },
      "bone_length_armature_space": 0.11717178666545393,
      "parent": "lowerarm_l",
      "has_children": true,
      "is_end_bone": false
    },
    "index_01_l": {
      "name": "index_01_l",
      "local": {
        "location": {
          "x": 0.0,
          "y": 0.0,
          "z": 0.0
        },
        "rotation_quaternion": {
          "w": 0.9983310103416443,
          "x": -0.05237385258078575,
          "y": -0.02273946814239025,
          "z": -0.00866900198161602
        },
        "scale": {
          "x": 1.0,
          "y": 1.0,
          "z": 1.0
        },
        "matrix_basis": [
          [
            0.9988155364990234,
            0.019690973684191704,
            -0.04449497535824776,
            0.0
          ],
          [
            -0.014927159994840622,
            0.9943636655807495,
            0.1049671396613121,
            0.0
          ],
          [
            0.046311091631650925,
            -0.10417862236499786,
            0.9934797883033752,
            0.0
          ],
          [
            0.0,
            0.0,
            0.0,
            1.0
          ]
        ],
        "rotation_mode": "QUATERNION"
      },
      "armature_space": {
        "head": {
          "x": 0.7312717437744141,
          "y": -0.3128355145454407,
          "z": 0.5412477850914001
        },
        "tail": {
          "x": 0.7562263011932373,
          "y": -0.3261874318122864,
          "z": 0.5447211265563965
        }
      },
      "world_space": {
        "head": {
          "x": 0.7312717437744141,
          "y": -0.24959151446819305,
          "z": 1.4911017417907715
        },
        "tail": {
          "x": 0.7562263011932373,
          "y": -0.26294344663619995,
          "z": 1.4945751428604126
        },
        "rotation_quaternion": {
          "w": 0.30615299940109253,
          "x": 0.7529852986335754,
          "y": 0.4149017930030823,
          "z": -0.4088279902935028
        },
        "matrix": [
          [
            0.3214317262172699,
            0.8751582503318787,
            -0.3616345524787903,
            0.7312717437744141
          ],
          [
            0.3745025098323822,
            -0.4682522714138031,
            -0.8003050088882446,
            -0.24959151446819305
          ],
          [
            -0.8697355389595032,
            0.12181079387664795,
            -0.47826433181762695,
            1.4911017417907715
          ],
          [
            0.0,
            0.0,
            0.0,
            1.0
          ]
        ]
      },
      "bone_length_armature_space": 0.028514342717956033,
      "parent": "metacarpal_index_l",
      "has_children": true,
      "is_end_bone": false
    },
    "index_02_l": {
      "name": "index_02_l",
      "local": {
        "location": {
          "x": 0.0,
          "y": 0.0,
          "z": 0.0
        },
        "rotation_quaternion": {
          "w": 0.9840824604034424,
          "x": 0.17755861580371857,
          "y": 0.007221417501568794,
          "z": 0.001600991003215313
        },
        "scale": {
          "x": 1.0,
          "y": 1.0,
          "z": 1.0
        },
        "matrix_basis": [
          [
            0.9998905658721924,
            -0.0005865645362064242,
            0.014781479723751545,
            0.0
          ],
          [
            0.005715464241802692,
            0.9369407296180725,
            -0.3494415283203125,
            0.0
          ],
          [
            -0.013644400984048843,
            0.3494877517223358,
            0.936841607093811,
            0.0
          ],
          [
            0.0,
            0.0,
            0.0,
            1.0
          ]
        ],
        "rotation_mode": "QUATERNION"
      },
      "armature_space": {
        "head": {
          "x": 0.7562264800071716,
          "y": -0.32618796825408936,
          "z": 0.544721245765686
        },
        "tail": {
          "x": 0.7746416330337524,
          "y": -0.3440171480178833,
          "z": 0.5436763763427734
        }
      },
      "world_space": {
        "head": {
          "x": 0.7562264800071716,
          "y": -0.26294398307800293,
          "z": 1.4945752620697021
        },
        "tail": {
          "x": 0.7746416330337524,
          "y": -0.2807731628417969,
          "z": 1.4935303926467896
        },
        "rotation_quaternion": {
          "w": 0.19003894925117493,
          "x": 0.7775646448135376,
          "y": 0.3411470353603363,
          "z": -0.49284589290618896
        },
        "matrix": [
          [
            0.2814423441886902,
            0.7178488373756409,
            -0.6367754936218262,
            0.7562264800071716
          ],
          [
            0.34320810437202454,
            -0.6950064897537231,
            -0.6318026781082153,
            -0.26294398307800293
          ],
          [
            -0.8961080312728882,
            -0.0407315269112587,
            -0.44197967648506165,
            1.4945752620697021
          ],
          [
            0.0,
            0.0,
            0.0,
            1.0
          ]
        ]
      },
      "bone_length_armature_space": 0.025653250771285177,
      "parent": "index_01_l",
      "has_children": true,
      "is_end_bone": false
    },
    "index_03_l": {
      "name": "index_03_l",
      "local": {
        "location": {
          "x": 0.0,
          "y": 0.0,
          "z": 0.0
        },
        "rotation_quaternion": {
          "w": 0.9737416505813599,
          "x": 0.2275281697511673,
          "y": 0.0018265631515532732,
          "z": 0.007414554245769978
        },
        "scale": {
          "x": 1.0,
          "y": 1.0,
          "z": 1.0
        },
        "matrix_basis": [
          [
            0.9998833537101746,
            -0.013608531095087528,
            0.006931241136044264,
            0.0
          ],
          [
            0.015270909294486046,
            0.8963519334793091,
            -0.44308021664619446,
            0.0
          ],
          [
            -0.00018316131900064647,
            0.4431343972682953,
            0.8964551687240601,
            0.0
          ],
          [
            0.0,
            0.0,
            0.0,
            1.0
          ]
        ],
        "rotation_mode": "QUATERNION"
      },
      "armature_space": {
        "head": {
          "x": 0.774641752243042,
          "y": -0.34401705861091614,
          "z": 0.5436764359474182
        },
        "tail": {
          "x": 0.7835640907287598,
          "y": -0.36987125873565674,
          "z": 0.5333960652351379
        }
      },
      "world_space": {
        "head": {
          "x": 0.774641752243042,
          "y": -0.2807730436325073,
          "z": 1.493530511856079
        },
        "tail": {
          "x": 0.7835640907287598,
          "y": -0.3066272735595703,
          "z": 1.4832501411437988
        },
        "rotation_quaternion": {
          "w": 0.05899440497159958,
          "x": -0.7970425486564636,
          "y": -0.23258011043071747,
          "z": 0.5542106628417969
        },
        "matrix": [
          [
            0.2775137424468994,
            0.30536404252052307,
            -0.9108999371528625,
            0.774641752243042
          ],
          [
            0.43614327907562256,
            -0.8848519921302795,
            -0.1637571156024933,
            -0.2807730436325073
          ],
          [
            -0.856022834777832,
            -0.3518415689468384,
            -0.3787439465522766,
            1.493530511856079
          ],
          [
            0.0,
            0.0,
            0.0,
            1.0
          ]
        ]
      },
      "bone_length_armature_space": 0.02921872357174276,
      "parent": "index_02_l",
      "has_children": false,
      "is_end_bone": true
    },
    "metacarpal_pinky_l": {
      "name": "metacarpal_pinky_l",
      "local": {
        "location": {
          "x": 0.0,
          "y": 0.0,
          "z": 0.0
        },
        "rotation_quaternion": {
          "w": 0.9986393451690674,
          "x": -0.051049113273620605,
          "y": 0.006379384081810713,
          "z": -0.008530771359801292
        },
        "scale": {
          "x": 1.0,
          "y": 1.0,
          "z": 1.0
        },
        "matrix_basis": [
          [
            0.9997730851173401,
            0.016387004405260086,
            0.013612384907901287,
            0.0
          ],
          [
            -0.017689650878310204,
            0.994642436504364,
            0.1018504649400711,
            0.0
          ],
          [
            -0.0118704317137599,
            -0.10206814855337143,
            0.9947065711021423,
            0.0
          ],
          [
            0.0,
            0.0,
            0.0,
            1.0
          ]
        ],
        "rotation_mode": "QUATERNION"
      },
      "armature_space": {
        "head": {
          "x": 0.6618026494979858,
          "y": -0.22567418217658997,
          "z": 0.5051067471504211
        },
        "tail": {
          "x": 0.755050003528595,
          "y": -0.27167823910713196,
          "z": 0.4994695782661438
        }
      },
      "world_space": {
        "head": {
          "x": 0.6618026494979858,
          "y": -0.16243018209934235,
          "z": 1.454960823059082
        },
        "tail": {
          "x": 0.755050003528595,
          "y": -0.20843423902988434,
          "z": 1.4493236541748047
        },
        "rotation_quaternion": {
          "w": 0.5276833772659302,
          "x": -0.09222027659416199,
          "y": -0.025585941970348358,
          "z": -0.8440327048301697
        },
        "matrix": [
          [
            -0.4260913133621216,
            0.8954830765724182,
            0.12867094576358795,
            0.6618026494979858
          ],
          [
            -0.8860448598861694,
            -0.4417911767959595,
            0.1405179798603058,
            -0.16243018209934235
          ],
          [
            0.18267764151096344,
            -0.05413554981350899,
            0.9816885590553284,
            1.454960823059082
          ],
          [
            0.0,
            0.0,
            0.0,
            1.0
          ]
        ]
      },
      "bone_length_armature_space": 0.10413078178786828,
      "parent": "lowerarm_l",
      "has_children": true,
      "is_end_bone": false
    },
    "pinky_01_l": {
      "name": "pinky_01_l",
      "local": {
        "location": {
          "x": 0.0,
          "y": 0.0,
          "z": 0.0
        },
        "rotation_quaternion": {
          "w": 0.9996525645256042,
          "x": 0.005922989919781685,
          "y": 0.01793781667947769,
          "z": -0.01838487759232521
        },
        "scale": {
          "x": 1.0,
          "y": 1.0,
          "z": 1.0
        },
        "matrix_basis": [
          [
            0.9986804723739624,
            0.03696947172284126,
            0.03564538061618805,
            0.0
          ],
          [
            -0.03654449060559273,
            0.9992538094520569,
            -0.012501433491706848,
            0.0
          ],
          [
            -0.03608095645904541,
            0.01118229515850544,
            0.9992862939834595,
            0.0
          ],
          [
            0.0,
            0.0,
            0.0,
            1.0
          ]
        ],
        "rotation_mode": "QUATERNION"
      },
      "armature_space": {
        "head": {
          "x": 0.755050003528595,
          "y": -0.27167823910713196,
          "z": 0.4994695782661438
        },
        "tail": {
          "x": 0.7732703685760498,
