{
  "metadata": {
    "armature_name": "KIM_caucasian_male",
    "export_time": "2026-01-13T19:12:02.898330",
    "blender_version": "4.4.1",
    "bone_count": 56,
    "end_bone_count": 13,
    "spaces_included": [
      "LOCAL_CHANNELS",
      "ARMATURE_SPACE",
      "WORLD_SPACE"
    ],
    "note": "LOCAL matches Transform panel; replay pose via local.matrix_basis for best fidelity."
  },
  "bones": {
    "Root": {
      "name": "Root",
      "local": {
        "location": {
          "x": 0.0,
          "y": 0.0,
          "z": 0.0
        },
        "rotation_quaternion": {
          "w": 0.999759316444397,
          "x": -0.019208524376153946,
          "y": 0.00886706355959177,
          "z": -0.005823907442390919
        },
        "scale": {
          "x": 1.0,
          "y": 1.0,
          "z": 1.0
        },
        "matrix_basis": [
          [
            0.9997749328613281,
            0.01130436547100544,
            0.017953597009181976,
            0.0
          ],
          [
            -0.01198565773665905,
            0.9991942048072815,
            0.03830451890826225,
            0.0
          ],
          [
            -0.01750612072646618,
            -0.03851108253002167,
            0.9991047978401184,
            0.0
          ],
          [
            0.0,
            0.0,
            0.0,
            1.0
          ]
        ],
        "rotation_mode": "QUATERNION"
      },
      "armature_space": {
        "head": {
          "x": 0.0,
          "y": 0.07072800397872925,
          "z": -0.009595036506652832
        },
        "tail": {
          "x": 0.0008068589377216995,
          "y": 0.00042650848627090454,
          "z": 0.0027160998433828354
        }
      },
      "world_space": {
        "head": {
          "x": 0.0,
          "y": 0.13397200405597687,
          "z": 0.9402589797973633
        },
        "tail": {
          "x": 0.0008068589377216995,
          "y": 0.06367050856351852,
          "z": 0.9525701403617859
        },
        "rotation_quaternion": {
          "w": 0.08651632070541382,
          "x": 0.9961939454078674,
          "y": 0.0064080324955284595,
          "z": 0.008454575203359127
        },
        "matrix": [
          [
            0.9997749328613281,
            0.01130436547100544,
            0.017953597009181976,
            0.0
          ],
          [
            0.014230208471417427,
            -0.984947681427002,
            -0.1722661852836609,
            0.13397200405597687
          ],
          [
            0.015736114233732224,
            0.1724831759929657,
            -0.9848938584327698,
            0.9402589797973633
          ],
          [
            0.0,
            0.0,
            0.0,
            1.0
          ]
        ]
      },
      "bone_length_armature_space": 0.07137587380366045,
      "parent": null,
      "has_children": true,
      "is_end_bone": false
    },
    "spine_01": {
      "name": "spine_01",
      "local": {
        "location": {
          "x": 0.0,
          "y": 0.0,
          "z": 0.0
        },
        "rotation_quaternion": {
          "w": 0.997965931892395,
          "x": 0.06274248659610748,
          "y": 0.011184515431523323,
          "z": 0.001550115761347115
        },
        "scale": {
          "x": 1.0,
          "y": 1.0,
          "z": 1.0
        },
        "matrix_basis": [
          [
            0.9997450113296509,
            -0.001690436853095889,
            0.02251804620027542,
            0.0
          ],
          [
            0.004497413989156485,
            0.9921219348907471,
            -0.12519505620002747,
            0.0
          ],
          [
            -0.022129014134407043,
            0.12526440620422363,
            0.9918766021728516,
            0.0
          ],
          [
            0.0,
            0.0,
            0.0,
            1.0
          ]
        ],
        "rotation_mode": "QUATERNION"
      },
      "armature_space": {
        "head": {
          "x": 0.0008068589377216995,
          "y": 0.00042650848627090454,
          "z": 0.0027160998433828354
        },
        "tail": {
          "x": -0.007410193793475628,
          "y": -0.019356371834874153,
          "z": 0.4902503490447998
        }
      },
      "world_space": {
        "head": {
          "x": 0.0008068589377216995,
          "y": 0.06367050856351852,
          "z": 0.9525701403617859
        },
        "tail": {
          "x": -0.007410193793475628,
          "y": 0.043887630105018616,
          "z": 1.440104365348816
        },
        "rotation_quaternion": {
          "w": 0.6925917863845825,
          "x": 0.7210386395454407,
          "y": 0.006871116813272238,
          "z": 0.019309259951114655
        },
        "matrix": [
          [
            0.9991599321365356,
            -0.016838179901242256,
            0.03736306354403496,
            0.0008068589377216995
          ],
          [
            0.03665541857481003,
            -0.04053858667612076,
            -0.9985055327415466,
            0.06367050856351852
          ],
          [
            0.01832781918346882,
            0.9990431070327759,
            -0.03988850116729736,
            0.9525701403617859
          ],
          [
            0.0,
            0.0,
            0.0,
            1.0
          ]
        ]
      },
      "bone_length_armature_space": 0.48800463768798785,
      "parent": "Root",
      "has_children": true,
      "is_end_bone": false
    },
    "neck_01": {
      "name": "neck_01",
      "local": {
        "location": {
          "x": 0.0,
          "y": 0.0,
          "z": 0.0
        },
        "rotation_quaternion": {
          "w": 0.9899194836616516,
          "x": -0.08394058048725128,
          "y": 0.03691888228058815,
          "z": 0.10793687403202057
        },
        "scale": {
          "x": 1.0,
          "y": 1.0,
          "z": 1.0
        },
        "matrix_basis": [
          [
            0.973973274230957,
            -0.2198956161737442,
            0.054972875863313675,
            0.0
          ],
          [
            0.2074996381998062,
            0.962607204914093,
            0.17415864765644073,
            0.0
          ],
          [
            -0.09121400862932205,
            -0.15821900963783264,
            0.9831819534301758,
            0.0
          ],
          [
            0.0,
            0.0,
            0.0,
            1.0
          ]
        ],
        "rotation_mode": "QUATERNION"
      },
      "armature_space": {
        "head": {
          "x": -0.007347291335463524,
          "y": -0.056953154504299164,
          "z": 0.5620154142379761
        },
        "tail": {
          "x": -0.030646387487649918,
          "y": -0.08414660394191742,
          "z": 0.6580801010131836
        }
      },
      "world_space": {
        "head": {
          "x": -0.007347291335463524,
          "y": 0.006290845572948456,
          "z": 1.5118694305419922
        },
        "tail": {
          "x": -0.030646387487649918,
          "y": -0.0209026038646698,
          "z": 1.6079341173171997
        },
        "rotation_quaternion": {
          "w": 0.6028947830200195,
          "x": 0.7881609201431274,
          "y": -0.06240564212203026,
          "z": 0.1068921685218811
        },
        "matrix": [
          [
            0.9693593978881836,
            -0.22726094722747803,
            0.09324710816144943,
            -0.007347291335463524
          ],
          [
            0.0305168516933918,
            -0.26524674892425537,
            -0.9636977910995483,
            0.006290845572948456
          ],
          [
            0.24374601244926453,
            0.9370210766792297,
            -0.2501867711544037,
            1.5118694305419922
          ],
          [
            0.0,
            0.0,
            0.0,
            1.0
          ]
        ]
      },
      "bone_length_armature_space": 0.10252197696621375,
      "parent": "spine_01",
      "has_children": true,
      "is_end_bone": false
    },
    "head": {
      "name": "head",
      "local": {
        "location": {
          "x": 0.0,
          "y": 0.0,
          "z": 0.0
        },
        "rotation_quaternion": {
          "w": 0.996207594871521,
          "x": -0.02526763640344143,
          "y": 0.013779977336525917,
          "z": -0.08211126923561096
        },
        "scale": {
          "x": 1.0,
          "y": 1.0,
          "z": 1.0
        },
        "matrix_basis": [
          [
            0.986135721206665,
            0.16290336847305298,
            0.03160495311021805,
            0.0
          ],
          [
            -0.16429612040519714,
            0.9852385520935059,
            0.04808063805103302,
            0.0
          ],
          [
            -0.023305920884013176,
            -0.05260660499334335,
            0.998343288898468,
            0.0
          ],
          [
            0.0,
            0.0,
            0.0,
            1.0
          ]
        ],
        "rotation_mode": "QUATERNION"
      },
      "armature_space": {
        "head": {
          "x": -0.03064635582268238,
          "y": -0.08414673805236816,
          "z": 0.6580799221992493
        },
        "tail": {
          "x": -0.04379597306251526,
          "y": -0.059895485639572144,
          "z": 0.8106980323791504
        }
      },
      "world_space": {
        "head": {
          "x": -0.03064635582268238,
          "y": -0.020902737975120544,
          "z": 1.6079339981079102
        },
        "tail": {
          "x": -0.04379597306251526,
          "y": 0.003348514437675476,
          "z": 1.7605520486831665
        },
        "rotation_quaternion": {
          "w": 0.7601296901702881,
          "x": 0.6483019590377808,
          "y": -0.019670765846967697,
          "z": 0.0389944389462471
        },
        "matrix": [
          [
            0.9961851239204407,
            -0.08478689193725586,
            0.020656177774071693,
            -0.03064635582268238
          ],
          [
            0.03377702832221985,
            0.156368687748909,
            -0.9871212840080261,
            -0.020902737975120544
          ],
          [
            0.08046551048755646,
            0.9840600490570068,
            0.15863610804080963,
            1.6079339981079102
          ],
          [
            0.0,
            0.0,
            0.0,
            1.0
          ]
        ]
      },
      "bone_length_armature_space": 0.15509134031055846,
      "parent": "neck_01",
      "has_children": false,
      "is_end_bone": true
    },
    "upperarm_l": {
      "name": "upperarm_l",
      "local": {
        "location": {
          "x": 0.0,
          "y": 0.0,
          "z": 0.0
        },
        "rotation_quaternion": {
          "w": 0.7554706335067749,
          "x": 0.2333672195672989,
          "y": 0.5592734217643738,
          "z": 0.24903248250484467
        },
        "scale": {
          "x": 1.0,
          "y": 1.0,
          "z": 1.0
        },
        "matrix_basis": [
          [
            0.2503921389579773,
            -0.11524128913879395,
            0.9612613320350647,
            0.0
          ],
          [
            0.6373056173324585,
            0.7670451402664185,
            -0.07404966652393341,
            0.0
          ],
          [
            -0.7287972569465637,
            0.6311586499214172,
            0.26550596952438354,
            0.0
          ],
          [
            0.0,
            0.0,
            0.0,
            1.0
          ]
        ],
        "rotation_mode": "QUATERNION"
      },
      "armature_space": {
        "head": {
          "x": 0.1437775194644928,
          "y": -0.051914699375629425,
          "z": 0.4974939227104187
        },
        "tail": {
          "x": 0.3618382215499878,
          "y": -0.2064248025417328,
          "z": 0.517084538936615
        }
      },
      "world_space": {
        "head": {
          "x": 0.1437775194644928,
          "y": 0.011329300701618195,
          "z": 1.44734787940979
        },
        "tail": {
          "x": 0.3618382215499878,
          "y": -0.14318080246448517,
          "z": 1.4669384956359863
        },
        "rotation_quaternion": {
          "w": 0.07964883744716644,
          "x": 0.8847021460533142,
          "y": 0.4531644284725189,
          "z": -0.07483399659395218
        },
        "matrix": [
          [
            0.5780836939811707,
            0.8137521743774414,
            -0.060223035514354706,
            0.1437775194644928
          ],
          [
            0.7899104356765747,
            -0.5765959620475769,
            -0.20875591039657593,
            0.011329300701618195
          ],
          [
            -0.20460061728954315,
            0.07310755550861359,
            -0.9761189818382263,
            1.44734787940979
          ],
          [
            0.0,
            0.0,
            0.0,
            1.0
          ]
        ]
      },
      "bone_length_armature_space": 0.2679694679330747,
      "parent": "spine_01",
      "has_children": true,
      "is_end_bone": false
    },
    "lowerarm_l": {
      "name": "lowerarm_l",
      "local": {
        "location": {
          "x": 0.0,
          "y": 0.0,
          "z": 0.0
        },
        "rotation_quaternion": {
          "w": 0.9019486904144287,
          "x": 0.3292165994644165,
          "y": 0.08364657312631607,
          "z": -0.2666614353656769
        },
        "scale": {
          "x": 1.0,
          "y": 1.0,
          "z": 1.0
        },
        "matrix_basis": [
          [
            0.8437898755073547,
            0.5361055731773376,
            -0.024688906967639923,
            0.0
          ],
          [
            -0.4259541928768158,
            0.6410162448883057,
            -0.6384835839271545,
            0.0
          ],
          [
            -0.3264685869216919,
            0.5492623448371887,
            0.7692393660545349,
            0.0
          ],
          [
            0.0,
            0.0,
            0.0,
            1.0
          ]
        ],
        "rotation_mode": "QUATERNION"
      },
      "armature_space": {
        "head": {
          "x": 0.3618382215499878,
          "y": -0.20642493665218353,
          "z": 0.5170844793319702
        },
        "tail": {
          "x": 0.5437027215957642,
          "y": -0.25042176246643066,
          "z": 0.32587915658950806
        }
      },
      "world_space": {
        "head": {
          "x": 0.3618382215499878,
          "y": -0.1431809365749359,
          "z": 1.4669384956359863
        },
        "tail": {
          "x": 0.5437027215957642,
          "y": -0.18717776238918304,
          "z": 1.275733232498169
        },
        "rotation_quaternion": {
          "w": 0.3177224397659302,
          "x": -0.7297351360321045,
          "y": -0.5628699064254761,
          "z": 0.2229723334312439
        },
        "matrix": [
          [
            0.26691898703575134,
            0.6798051595687866,
            -0.6830953359603882,
            0.3618382215499878
          ],
          [
            0.9631794691085815,
            -0.16445904970169067,
            0.21269458532333374,
            -0.1431809365749359
          ],
          [
            0.032250821590423584,
            -0.7147207856178284,
            -0.6986762881278992,
            1.4669384956359863
          ],
          [
            0.0,
            0.0,
            0.0,
            1.0
          ]
        ]
      },
      "bone_length_armature_space": 0.2675254941434365,
      "parent": "upperarm_l",
      "has_children": true,
      "is_end_bone": false
    },
    "metacarpal_thumb_l": {
      "name": "metacarpal_thumb_l",
      "local": {
        "location": {
          "x": 0.0,
          "y": 0.0,
          "z": 0.0
        },
        "rotation_quaternion": {
          "w": 0.9998394250869751,
          "x": -0.006978792604058981,
          "y": -0.0073726000264286995,
          "z": 0.014770999550819397
        },
        "scale": {
          "x": 1.0,
          "y": 1.0,
          "z": 1.0
        },
        "matrix_basis": [
          [
            0.999454915523529,
            -0.02943435125052929,
            -0.014948999509215355,
            0.0
          ],
          [
            0.029640158638358116,
            0.9994662404060364,
            0.013737542554736137,
            0.0
          ],
          [
            0.014536664821207523,
            -0.014173145405948162,
            0.9997938871383667,
            0.0
          ],
          [
            0.0,
            0.0,
            0.0,
            1.0
          ]
        ],
        "rotation_mode": "QUATERNION"
      },
      "armature_space": {
        "head": {
          "x": 0.5437027215957642,
          "y": -0.25042176246643066,
          "z": 0.32587915658950806
        },
        "tail": {
          "x": 0.5512197017669678,
          "y": -0.24233046174049377,
          "z": 0.2775920629501343
        }
      },
      "world_space": {
        "head": {
          "x": 0.5437027215957642,
          "y": -0.18717776238918304,
          "z": 1.275733232498169
        },
        "tail": {
          "x": 0.5512197017669678,
          "y": -0.17908646166324615,
          "z": 1.2274460792541504
        },
        "rotation_quaternion": {
          "w": 0.7625839114189148,
          "x": -0.6374583840370178,
          "y": 0.011862149462103844,
          "z": -0.10941620171070099
        },
        "matrix": [
          [
            0.9757746458053589,
            0.15175499022006989,
            0.1575891673564911,
            0.5437027215957642
          ],
          [
            -0.18200214207172394,
            0.16334949433803558,
            0.9696353077888489,
            -0.18717776238918304
          ],
          [
            0.12140555679798126,
            -0.974833607673645,
            0.18701426684856415,
            1.275733232498169
          ],
          [
            0.0,
            0.0,
            0.0,
            1.0
          ]
        ]
      },
      "bone_length_armature_space": 0.049534003514916894,
      "parent": "lowerarm_l",
      "has_children": true,
      "is_end_bone": false
    },
    "thumb_01_l": {
      "name": "thumb_01_l",
      "local": {
        "location": {
          "x": 0.0,
          "y": 0.0,
          "z": 0.0
        },
        "rotation_quaternion": {
          "w": 0.9810711145401001,
          "x": 0.19244611263275146,
          "y": 0.01936040259897709,
          "z": 0.009446301497519016
        },
        "scale": {
          "x": 1.0,
          "y": 1.0,
          "z": 1.0
        },
        "matrix_basis": [
          [
            0.9990718960762024,
            -0.01108331885188818,
            0.04162367060780525,
            0.0
          ],
          [
            0.025986654683947563,
            0.9257504940032959,
            -0.3772408664226532,
            0.0
          ],
          [
            -0.03435205668210983,
            0.37797242403030396,
            0.9251793622970581,
            0.0
          ],
          [
            0.0,
            0.0,
            0.0,
            1.0
          ]
        ],
        "rotation_mode": "QUATERNION"
      },
      "armature_space": {
        "head": {
          "x": 0.5512197017669678,
          "y": -0.24233046174049377,
          "z": 0.2775920629501343
        },
        "tail": {
          "x": 0.5671363472938538,
          "y": -0.21644535660743713,
          "z": 0.2622542083263397
        }
      },
      "world_space": {
        "head": {
          "x": 0.5512197017669678,
          "y": -0.17908646166324615,
          "z": 1.2274460792541504
        },
        "tail": {
          "x": 0.5671363472938538,
          "y": -0.15320135653018951,
          "z": 1.2121082544326782
        },
        "rotation_quaternion": {
          "w": 0.69732666015625,
          "x": -0.011766950599849224,
          "y": 0.6276687979698181,
          "z": -0.34587427973747253
        },
        "matrix": [
          [
            -0.027194581925868988,
            0.4676057696342468,
            0.8835188150405884,
            0.5512197017669678
          ],
          [
            -0.49714696407318115,
            0.7604636549949646,
            -0.4177803695201874,
            -0.17908646166324615
          ],
          [
            -0.867246687412262,
            -0.4506024420261383,
            0.2117893099784851,
            1.2274460792541504
          ],
          [
            0.0,
            0.0,
            0.0,
            1.0
          ]
        ]
      },
      "bone_length_armature_space": 0.034038626424810106,
      "parent": "metacarpal_thumb_l",
      "has_children": true,
      "is_end_bone": false
    },
    "thumb_02_l": {
      "name": "thumb_02_l",
      "local": {
        "location": {
          "x": 0.0,
          "y": 0.0,
          "z": 0.0
        },
        "rotation_quaternion": {
          "w": 0.9419717788696289,
          "x": 0.33551225066185,
          "y": 0.007582144346088171,
          "z": 0.007955645211040974
        },
        "scale": {
          "x": 1.0,
          "y": 1.0,
          "z": 1.0
        },
        "matrix_basis": [
          [
            0.9997584223747253,
            -0.00990018155425787,
            0.019622765481472015,
            0.0
          ],
          [
            0.020075790584087372,
            0.7747364640235901,
            -0.6319655179977417,
            0.0
          ],
          [
            -0.008945899084210396,
            0.6322067975997925,
            0.7747480869293213,
            0.0
          ],
          [
            0.0,
            0.0,
            0.0,
            1.0
          ]
        ],
        "rotation_mode": "QUATERNION"
      },
      "armature_space": {
        "head": {
          "x": 0.567136287689209,
          "y": -0.21644534170627594,
          "z": 0.2622542381286621
        },
        "tail": {
          "x": 0.5894689559936523,
          "y": -0.2469969540834427,
          "z": 0.24879932403564453
        }
      },
      "world_space": {
        "head": {
          "x": 0.567136287689209,
          "y": -0.15320134162902832,
          "z": 1.2121082544326782
        },
        "tail": {
          "x": 0.5894689559936523,
          "y": -0.18375295400619507,
          "z": 1.1986533403396606
        },
        "rotation_quaternion": {
          "w": 0.20377309620380402,
          "x": 0.3642248511314392,
          "y": 0.27954381704330444,
          "z": -0.864680290222168
        },
        "matrix": [
          [
            -0.6516339182853699,
            0.5560309886932373,
            -0.5159485936164856,
            0.567136287689209
          ],
          [
            -0.14876478910446167,
            -0.7606639266014099,
            -0.6318701505661011,
            -0.15320134162902832
          ],
          [
            -0.7438080906867981,
            -0.3349960148334503,
            0.5783956050872803,
            1.2121082544326782
          ],
          [
            0.0,
            0.0,
            0.0,
            1.0
          ]
        ]
      },
      "bone_length_armature_space": 0.04016445948351107,
      "parent": "thumb_01_l",
      "has_children": true,
      "is_end_bone": false
    },
    "thumb_03_l": {
      "name": "thumb_03_l",
      "local": {
        "location": {
          "x": 0.0,
          "y": 0.0,
          "z": 0.0
        },
        "rotation_quaternion": {
          "w": 0.978542685508728,
          "x": 0.20601221919059753,
          "y": 0.0020730344112962484,
          "z": 0.003003811463713646
        },
        "scale": {
          "x": 1.0,
          "y": 1.0,
          "z": 1.0
        },
        "matrix_basis": [
          [
            0.9999733567237854,
            -0.00502457469701767,
            0.0052947490476071835,
            0.0
          ],
          [
            0.006732856389135122,
            0.9150998592376709,
            -0.40317103266716003,
            0.0
          ],
          [
            -0.002819461515173316,
            0.40319594740867615,
            0.9151093363761902,
            0.0
          ],
          [
            0.0,
            0.0,
            0.0,
            1.0
          ]
        ],
        "rotation_mode": "QUATERNION"
      },
      "armature_space": {
        "head": {
          "x": 0.5894689559936523,
          "y": -0.24699687957763672,
          "z": 0.24879926443099976
        },
        "tail": {
          "x": 0.5931370854377747,
          "y": -0.27710264921188354,
          "z": 0.2514597177505493
        }
      },
      "world_space": {
        "head": {
          "x": 0.5894689559936523,
          "y": -0.1837528795003891,
          "z": 1.198653221130371
        },
        "tail": {
          "x": 0.5931370854377747,
          "y": -0.21385864913463593,
          "z": 1.2013137340545654
        },
        "rotation_quaternion": {
          "w": 0.07461847364902496,
          "x": 0.5976616740226746,
          "y": 0.0011319008190184832,
          "z": -0.798267662525177
        },
        "matrix": [
          [
            -0.2744651138782501,
            0.12048429250717163,
            -0.9540192484855652,
            0.5894689559936523
          ],
          [
            -0.11777859926223755,
            -0.9888617992401123,
            -0.09100055694580078,
            -0.1837528795003891
          ],
          [
            -0.9543638825416565,
            0.08738627284765244,
            0.2856003940105438,
            1.198653221130371
          ],
          [
            0.0,
            0.0,
            0.0,
            1.0
          ]
        ]
      },
      "bone_length_armature_space": 0.030444877283687714,
      "parent": "thumb_02_l",
      "has_children": false,
      "is_end_bone": true
    },
    "metacarpal_index_l": {
      "name": "metacarpal_index_l",
      "local": {
        "location": {
          "x": 0.0,
          "y": 0.0,
          "z": 0.0
        },
        "rotation_quaternion": {
          "w": 0.99889075756073,
          "x": -0.041235510259866714,
          "y": -0.017879588529467583,
          "z": -0.014043302275240421
        },
        "scale": {
          "x": 1.0,
          "y": 1.0,
          "z": 1.0
        },
        "matrix_basis": [
          [
            0.9989662170410156,
            0.0295299980789423,
            -0.03456134721636772,
            0.0
          ],
          [
            -0.026580901816487312,
            0.9962048530578613,
            0.08288171887397766,
            0.0
          ],
          [
            0.03687767684459686,
            -0.08187736570835114,
            0.9959598779678345,
            0.0
          ],
          [
            0.0,
            0.0,
            0.0,
            1.0
          ]
        ],
        "rotation_mode": "QUATERNION"
      },
      "armature_space": {
        "head": {
          "x": 0.5437027215957642,
          "y": -0.25042176246643066,
          "z": 0.32587915658950806
        },
        "tail": {
          "x": 0.6022205352783203,
          "y": -0.2631186246871948,
          "z": 0.22516262531280518
        }
      },
      "world_space": {
        "head": {
          "x": 0.5437027215957642,
          "y": -0.18717776238918304,
          "z": 1.275733232498169
        },
        "tail": {
          "x": 0.6022205352783203,
          "y": -0.1998746246099472,
          "z": 1.1750166416168213
        },
        "rotation_quaternion": {
          "w": 0.5960206985473633,
          "x": -0.743148922920227,
          "y": -0.30096331238746643,
          "z": -0.04370461776852608
        },
        "matrix": [
          [
            0.8150209188461304,
            0.49941912293434143,
            -0.29380491375923157,
            0.5437027215957642
          ],
          [
            0.3952264189720154,
            -0.10836108773946762,
            0.9121701121330261,
            -0.18717776238918304
          ],
          [
            0.4237215518951416,
            -0.859563410282135,
            -0.28570133447647095,
            1.275733232498169
          ],
          [
            0.0,
            0.0,
            0.0,
            1.0
          ]
        ]
      },
      "bone_length_armature_space": 0.11717236937754204,
      "parent": "lowerarm_l",
      "has_children": true,
      "is_end_bone": false
    },
    "index_01_l": {
      "name": "index_01_l",
      "local": {
        "location": {
          "x": 0.0,
          "y": 0.0,
          "z": 0.0
        },
        "rotation_quaternion": {
          "w": 0.9670549631118774,
          "x": 0.2542091906070709,
          "y": 0.000986315542832017,
          "z": 0.013470722362399101
        },
        "scale": {
          "x": 1.0,
          "y": 1.0,
          "z": 1.0
        },
        "matrix_basis": [
          [
            0.9996351599693298,
            -0.025552397593855858,
            0.008756405673921108,
            0.0
          ],
          [
            0.026555318385362625,
            0.8703924417495728,
            -0.49164193868637085,
            0.0
          ],
          [
            0.004941120278090239,
            0.4916951060295105,
            0.8707534074783325,
            0.0
          ],
          [
            0.0,
            0.0,
            0.0,
            1.0
          ]
        ],
        "rotation_mode": "QUATERNION"
      },
      "armature_space": {
        "head": {
          "x": 0.6022205352783203,
          "y": -0.2631186246871948,
          "z": 0.22516262531280518
        },
        "tail": {
          "x": 0.6186471581459045,
          "y": -0.25274601578712463,
          "z": 0.20429037511348724
        }
      },
      "world_space": {
        "head": {
          "x": 0.6022205352783203,
          "y": -0.1998746246099472,
          "z": 1.1750166416168213
        },
        "tail": {
          "x": 0.6186471581459045,
          "y": -0.18950201570987701,
          "z": 1.1541444063186646
        },
        "rotation_quaternion": {
          "w": 0.7015277147293091,
          "x": -0.560539722442627,
          "y": -0.4355953335762024,
          "z": -0.06253810226917267
        },
        "matrix": [
          [
            0.6126893758773804,
            0.5760815143585205,
            -0.541056215763092,
            0.6022205352783203
          ],
          [
            0.4005966782569885,
            0.36376750469207764,
            0.840949296951294,
            -0.1998746246099472
          ],
          [
            0.6812792420387268,
            -0.7319908142089844,
            -0.007899075746536255,
            1.1750166416168213
          ],
          [
            0.0,
            0.0,
            0.0,
            1.0
          ]
        ]
      },
      "bone_length_armature_space": 0.02851448377785734,
      "parent": "metacarpal_index_l",
      "has_children": true,
      "is_end_bone": false
    },
    "index_02_l": {
      "name": "index_02_l",
      "local": {
        "location": {
          "x": 0.0,
          "y": 0.0,
          "z": 0.0
        },
        "rotation_quaternion": {
          "w": 0.9179896116256714,
          "x": 0.39646321535110474,
          "y": -0.010285517200827599,
          "z": -0.002530747791752219
        },
        "scale": {
          "x": 1.0,
          "y": 1.0,
          "z": 1.0
        },
        "matrix_basis": [
          [
            0.9997755885124207,
            -0.0035092581529170275,
            -0.020890692248940468,
            0.0
          ],
          [
            -0.012802058830857277,
            0.6856210231781006,
            -0.7278461456298828,
            0.0
          ],
          [
            0.016877299174666405,
            0.7279502749443054,
            0.6854222416877747,
            0.0
          ],
          [
            0.0,
            0.0,
            0.0,
            1.0
          ]
        ],
        "rotation_mode": "QUATERNION"
      },
      "armature_space": {
        "head": {
          "x": 0.618647038936615,
          "y": -0.25274571776390076,
          "z": 0.20428992807865143
        },
        "tail": {
          "x": 0.6189571022987366,
          "y": -0.23126322031021118,
          "z": 0.19027213752269745
        }
      },
      "world_space": {
        "head": {
          "x": 0.618647038936615,
          "y": -0.18950171768665314,
          "z": 1.1541439294815063
        },
        "tail": {
          "x": 0.6189571022987366,
          "y": -0.16801922023296356,
          "z": 1.14012610912323
        },
        "rotation_quaternion": {
          "w": 0.8406566977500916,
          "x": -0.25303220748901367,
          "y": -0.4604399502277374,
          "z": 0.13140030205249786
        },
        "matrix": [
          [
            0.5414584279060364,
            0.012085646390914917,
            -0.840640664100647,
            0.618647038936615
          ],
          [
            0.4539377689361572,
            0.8374176621437073,
            0.3044215142726898,
            -0.18950171768665314
          ],
          [
            0.7076519131660461,
            -0.54643315076828,
            0.44794410467147827,
            1.1541439294815063
          ],
          [
            0.0,
            0.0,
            0.0,
            1.0
          ]
        ]
      },
      "bone_length_armature_space": 0.02565330948452448,
      "parent": "index_01_l",
      "has_children": true,
      "is_end_bone": false
    },
    "index_03_l": {
      "name": "index_03_l",
      "local": {
        "location": {
          "x": 0.0,
          "y": 0.0,
          "z": 0.0
        },
        "rotation_quaternion": {
          "w": 0.9580305218696594,
          "x": 0.2865038812160492,
          "y": 0.0033722538501024246,
          "z": 0.009045319631695747
        },
        "scale": {
          "x": 1.0,
          "y": 1.0,
          "z": 1.0
        },
        "matrix_basis": [
          [
            0.9998136162757874,
            -0.015399056486785412,
            0.011644482612609863,
            0.0
          ],
          [
            0.01926371268928051,
            0.8356674313545227,
            -0.548897922039032,
            0.0
          ],
          [
            -0.001278405892662704,
            0.5490199327468872,
            0.8358083367347717,
            0.0
          ],
          [
            0.0,
            0.0,
            0.0,
            1.0
          ]
        ],
        "rotation_mode": "QUATERNION"
      },
      "armature_space": {
        "head": {
          "x": 0.6189571619033813,
          "y": -0.23126326501369476,
          "z": 0.19027206301689148
        },
        "tail": {
          "x": 0.6055418252944946,
          "y": -0.20540852844715118,
          "z": 0.18797147274017334
        }
      },
      "world_space": {
        "head": {
          "x": 0.6189571619033813,
          "y": -0.16801926493644714,
          "z": 1.14012610912323
        },
        "tail": {
          "x": 0.6055418252944946,
          "y": -0.14216452836990356,
          "z": 1.1378254890441895
        },
        "rotation_quaternion": {
          "w": 0.8929221034049988,
          "x": 0.055495962500572205,
          "y": -0.3809534013271332,
          "z": 0.23342028260231018
        },
        "matrix": [
          [
            0.6007789373397827,
            -0.45913568139076233,
            -0.6544150114059448,
            0.6189571619033813
          ],
          [
            0.3745701313018799,
            0.8848701119422913,
            -0.27695220708847046,
            -0.16801926493644714
          ],
          [
            0.7062363624572754,
            -0.0787370502948761,
            0.703594446182251,
            1.14012610912323
          ],
          [
            0.0,
            0.0,
            0.0,
            1.0
          ]
        ]
      },
      "bone_length_armature_space": 0.02921868252282502,
      "parent": "index_02_l",
      "has_children": false,
      "is_end_bone": true
    },
    "metacarpal_pinky_l": {
      "name": "metacarpal_pinky_l",
      "local": {
        "location": {
          "x": 0.0,
          "y": 0.0,
          "z": 0.0
        },
        "rotation_quaternion": {
          "w": 0.9980354309082031,
          "x": -0.061077721416950226,
          "y": -0.01382753811776638,
          "z": 0.0018929106881842017
        },
        "scale": {
          "x": 1.0,
          "y": 1.0,
          "z": 1.0
        },
        "matrix_basis": [
          [
            0.999610424041748,
            -0.002089274814352393,
            -0.027831975370645523,
            0.0
          ],
          [
            0.005467493087053299,
            0.9925318360328674,
            0.12186311185359955,
            0.0
          ],
          [
            0.027369515970349312,
            -0.12196780741214752,
            0.9921566247940063,
            0.0
          ],
          [
            0.0,
            0.0,
            0.0,
            1.0
          ]
        ],
        "rotation_mode": "QUATERNION"
      },
      "armature_space": {
        "head": {
          "x": 0.5437027215957642,
          "y": -0.25042176246643066,
          "z": 0.32587915658950806
        },
        "tail": {
          "x": 0.6370332837104797,
          "y": -0.2615717947483063,
          "z": 0.2810647487640381
        }
      },
      "world_space": {
        "head": {
          "x": 0.5437027215957642,
          "y": -0.18717776238918304,
          "z": 1.275733232498169
        },
        "tail": {
          "x": 0.6370332837104797,
          "y": -0.19832779467105865,
          "z": 1.2309187650680542
        },
        "rotation_quaternion": {
          "w": 0.23870697617530823,
          "x": 0.5113808512687683,
          "y": 0.6240842342376709,
          "z": -0.5403957962989807
        },
        "matrix": [
          [
            -0.3630153238773346,
            0.8962821364402771,
            -0.25475138425827026,
            0.5437027215957642
          ],
          [
            0.38029932975769043,
            -0.10707718878984451,
            -0.9186443090438843,
            -0.18717776238918304
          ],
          [
            -0.8506481647491455,
            -0.43036672472953796,
            -0.3019878566265106,
            1.275733232498169
          ],
          [
            0.0,
            0.0,
            0.0,
            1.0
          ]
        ]
      },
      "bone_length_armature_space": 0.10413091943810752,
      "parent": "lowerarm_l",
      "has_children": true,
      "is_end_bone": false
    },
    "pinky_01_l": {
      "name": "pinky_01_l",
      "local": {
        "location": {
          "x": 0.0,
          "y": 0.0,
          "z": 0.0
        },
        "rotation_quaternion": {
          "w": 0.935687780380249,
          "x": 0.3524002730846405,
          "y": -0.008278843946754932,
          "z": -0.015293397009372711
        },
        "scale": {
          "x": 1.0,
          "y": 1.0,
          "z": 1.0
        },
        "matrix_basis": [
          [
            0.9993951320648193,
            0.022784756496548653,
            -0.026271620765328407,
            0.0
          ],
          [
            -0.034454621374607086,
            0.7511603236198425,
            -0.6592200398445129,
            0.0
          ],
          [
            0.004714031703770161,
            0.6597265005111694,
            0.7514910101890564,
            0.0
          ],
          [
            0.0,
            0.0,
            0.0,
            1.0
          ]
        ],
        "rotation_mode": "QUATERNION"
      },
      "armature_space": {
        "head": {
          "x": 0.6370332837104797,
          "y": -0.2615717947483063,
          "z": 0.2810647487640381
        },
        "tail": {
