{
  "metadata": {
    "armature_name": "KIM_caucasian_male",
    "export_time": "2026-01-13T21:08:11.963301",
    "blender_version": "4.4.1",
    "bone_count": 56,
    "end_bone_count": 13,
    "spaces_included": [
      "LOCAL_CHANNELS",
      "ARMATURE_SPACE",
      "WORLD_SPACE"
    ],
    "note": "LOCAL matches Transform panel; replay pose via local.matrix_basis for best fidelity."
  },
  "bones": {
    "Root": {
      "name": "Root",
      "local": {
        "location": {
          "x": 0.0,
          "y": 0.0,
          "z": 0.0
        },
        "rotation_quaternion": {
          "w": 0.9997624158859253,
          "x": -0.010613889433443546,
          "y": -0.009777483530342579,
          "z": -0.016335854306817055
        },
        "scale": {
          "x": 1.0,
          "y": 1.0,
          "z": 1.0
        },
        "matrix_basis": [
          [
            0.9992750883102417,
            0.03287149965763092,
            -0.0192035473883152,
            0.0
          ],
          [
            -0.03245639055967331,
            0.9992409944534302,
            0.021542182192206383,
            0.0
          ],
          [
            0.01989709585905075,
            -0.020903289318084717,
            0.9995834827423096,
            0.0
          ],
          [
            0.0,
            0.0,
            0.0,
            1.0
          ]
        ],
        "rotation_mode": "QUATERNION"
      },
      "armature_space": {
        "head": {
          "x": 0.0,
          "y": 0.07072800397872925,
          "z": -0.009595036506652832
        },
        "tail": {
          "x": 0.002346231834962964,
          "y": 0.00025425106287002563,
          "z": 0.0014711758121848106
        }
      },
      "world_space": {
        "head": {
          "x": 0.0,
          "y": 0.13397200405597687,
          "z": 0.9402589797973633
        },
        "tail": {
          "x": 0.002346231834962964,
          "y": 0.06349825114011765,
          "z": 0.9513251781463623
        },
        "rotation_quaternion": {
          "w": 0.0779414251446724,
          "x": 0.9967761635780334,
          "y": 0.015640053898096085,
          "z": -0.010855784639716148
        },
        "matrix": [
          [
            0.9992750883102417,
            0.03287149965763092,
            -0.0192035473883152,
            0.0
          ],
          [
            0.02948703058063984,
            -0.9873610734939575,
            -0.15572033822536469,
            0.13397200405597687
          ],
          [
            -0.024079736322164536,
            0.15504136681556702,
            -0.987621545791626,
            0.9402589797973633
          ],
          [
            0.0,
            0.0,
            0.0,
            1.0
          ]
        ]
      },
      "bone_length_armature_space": 0.07137587761640342,
      "parent": null,
      "has_children": true,
      "is_end_bone": false
    },
    "spine_01": {
      "name": "spine_01",
      "local": {
        "location": {
          "x": 0.0,
          "y": 0.0,
          "z": 0.0
        },
        "rotation_quaternion": {
          "w": 0.9971886873245239,
          "x": 0.06116237863898277,
          "y": 0.010591315105557442,
          "z": -0.04197264462709427
        },
        "scale": {
          "x": 1.0,
          "y": 1.0,
          "z": 1.0
        },
        "matrix_basis": [
          [
            0.9962522387504578,
            0.08500487357378006,
            0.0159887857735157,
            0.0
          ],
          [
            -0.08241371065378189,
            0.9889948964118958,
            -0.12286995351314545,
            0.0
          ],
          [
            -0.02625737339258194,
            0.12109177559614182,
            0.9922939538955688,
            0.0
          ],
          [
            0.0,
            0.0,
            0.0,
            1.0
          ]
        ],
        "rotation_mode": "QUATERNION"
      },
      "armature_space": {
        "head": {
          "x": 0.002346231834962964,
          "y": 0.00025425106287002563,
          "z": 0.0014711758121848106
        },
        "tail": {
          "x": 0.05626165494322777,
          "y": -0.02450774796307087,
          "z": 0.48585572838783264
        }
      },
      "world_space": {
        "head": {
          "x": 0.002346231834962964,
          "y": 0.06349825114011765,
          "z": 0.9513251781463623
        },
        "tail": {
          "x": 0.05626165494322777,
          "y": 0.0387362539768219,
          "z": 1.4357097148895264
        },
        "rotation_quaternion": {
          "w": 0.6867058277130127,
          "x": 0.7244895696640015,
          "y": 0.05535520985722542,
          "z": -0.022042598575353622
        },
        "matrix": [
          [
            0.9928998351097107,
            0.11048214882612228,
            0.044086944311857224,
            0.002346231834962964
          ],
          [
            0.049935683608055115,
            -0.05074167251586914,
            -0.9974627494812012,
            0.06349825114011765
          ],
          [
            -0.10796548426151276,
            0.9925888180732727,
            -0.05589965730905533,
            0.9513251781463623
          ],
          [
            0.0,
            0.0,
            0.0,
            1.0
          ]
        ]
      },
      "bone_length_armature_space": 0.48800454751467326,
      "parent": "Root",
      "has_children": true,
      "is_end_bone": false
    },
    "neck_01": {
      "name": "neck_01",
      "local": {
        "location": {
          "x": 0.0,
          "y": 0.0,
          "z": 0.0
        },
        "rotation_quaternion": {
          "w": 0.9904146194458008,
          "x": -0.057673994451761246,
          "y": 0.012476406991481781,
          "z": 0.12488816678524017
        },
        "scale": {
          "x": 1.0,
          "y": 1.0,
          "z": 1.0
        },
        "matrix_basis": [
          [
            0.9684945940971375,
            -0.24882125854492188,
            0.010308032855391502,
            0.0
          ],
          [
            0.24594300985336304,
            0.9621533155441284,
            0.11735864728689194,
            0.0
          ],
          [
            -0.039119232445955276,
            -0.11112602055072784,
            0.9930360913276672,
            0.0
          ],
          [
            0.0,
            0.0,
            0.0,
            1.0
          ]
        ],
        "rotation_mode": "QUATERNION"
      },
      "armature_space": {
        "head": {
          "x": 0.0658799409866333,
          "y": -0.06281542778015137,
          "z": 0.5565930008888245
        },
        "tail": {
          "x": 0.05231809616088867,
          "y": -0.09576462209224701,
          "z": 0.652724027633667
        }
      },
      "world_space": {
        "head": {
          "x": 0.0658799409866333,
          "y": 0.00042857229709625244,
          "z": 1.5064470767974854
        },
        "tail": {
          "x": 0.05231809616088867,
          "y": -0.03252062201499939,
          "z": 1.602578043937683
        },
        "rotation_quaternion": {
          "w": 0.5805426239967346,
          "x": 0.8114566802978516,
          "y": -0.04770508408546448,
          "z": 0.04725046455860138
        },
        "matrix": [
          [
            0.9909833073616028,
            -0.13228315114974976,
            0.021293042227625847,
            0.0658799409866333
          ],
          [
            -0.02256004512310028,
            -0.3213886022567749,
            -0.946678876876831,
            0.00042857229709625244
          ],
          [
            0.13207381963729858,
            0.9376684427261353,
            -0.3214780390262604,
            1.5064470767974854
          ],
          [
            0.0,
            0.0,
            0.0,
            1.0
          ]
        ]
      },
      "bone_length_armature_space": 0.1025219341004844,
      "parent": "spine_01",
      "has_children": true,
      "is_end_bone": false
    },
    "head": {
      "name": "head",
      "local": {
        "location": {
          "x": 0.0,
          "y": 0.0,
          "z": 0.0
        },
        "rotation_quaternion": {
          "w": 0.9928476810455322,
          "x": 0.026267003268003464,
          "y": 0.10724405944347382,
          "z": 0.04541156440973282
        },
        "scale": {
          "x": 1.0,
          "y": 1.0,
          "z": 1.0
        },
        "matrix_basis": [
          [
            0.9728730320930481,
            -0.08453956991434097,
            0.21533967554569244,
            0.0
          ],
          [
            0.09580749273300171,
            0.994495689868927,
            -0.04241802543401718,
            0.0
          ],
          [
            -0.2105683833360672,
            0.06189850717782974,
            0.975617527961731,
            0.0
          ],
          [
            0.0,
            0.0,
            0.0,
            1.0
          ]
        ],
        "rotation_mode": "QUATERNION"
      },
      "armature_space": {
        "head": {
          "x": 0.05231810361146927,
          "y": -0.09576474130153656,
          "z": 0.6527239084243774
        },
        "tail": {
          "x": 0.01872352510690689,
          "y": -0.09844959527254105,
          "z": 0.8041091561317444
        }
      },
      "world_space": {
        "head": {
          "x": 0.05231810361146927,
          "y": -0.03252074122428894,
          "z": 1.6025779247283936
        },
        "tail": {
          "x": 0.01872352510690689,
          "y": -0.035205595195293427,
          "z": 1.7539632320404053
        },
        "rotation_quaternion": {
          "w": 0.7008923292160034,
          "x": 0.6983330845832825,
          "y": -0.009693174622952938,
          "z": 0.14486895501613617
        },
        "matrix": [
          [
            0.9578378796577454,
            -0.21661314368247986,
            0.18874719738960266,
            0.05231810361146927
          ],
          [
            0.18953850865364075,
            -0.017311546951532364,
            -0.9817209243774414,
            -0.03252074122428894
          ],
          [
            0.21592271327972412,
            0.9761108160018921,
            0.02447413094341755,
            1.6025779247283936
          ],
          [
            0.0,
            0.0,
            0.0,
            1.0
          ]
        ]
      },
      "bone_length_armature_space": 0.1550912519377218,
      "parent": "neck_01",
      "has_children": false,
      "is_end_bone": true
    },
    "upperarm_l": {
      "name": "upperarm_l",
      "local": {
        "location": {
          "x": 0.0,
          "y": 0.0,
          "z": 0.0
        },
        "rotation_quaternion": {
          "w": 0.9540968537330627,
          "x": 0.2583872377872467,
          "y": -0.13066048920154572,
          "z": 0.07657155394554138
        },
        "scale": {
          "x": 1.0,
          "y": 1.0,
          "z": 1.0
        },
        "matrix_basis": [
          [
            0.9541292786598206,
            -0.2136353701353073,
            -0.2097553014755249,
            0.0
          ],
          [
            0.07859135419130325,
            0.8547456860542297,
            -0.5130626559257507,
            0.0
          ],
          [
            0.28889575600624084,
            0.47304314374923706,
            0.8323277235031128,
            0.0
          ],
          [
            0.0,
            0.0,
            0.0,
            1.0
          ]
        ],
        "rotation_mode": "QUATERNION"
      },
      "armature_space": {
        "head": {
          "x": 0.20753026008605957,
          "y": -0.055095870047807693,
          "z": 0.47351017594337463
        },
        "tail": {
          "x": 0.4515463709831238,
          "y": -0.1645774096250534,
          "z": 0.49017009139060974
        }
      },
      "world_space": {
        "head": {
          "x": 0.20753026008605957,
          "y": 0.008148130029439926,
          "z": 1.4233641624450684
        },
        "tail": {
          "x": 0.4515463709831238,
          "y": -0.10133340954780579,
          "z": 1.4400241374969482
        },
        "rotation_quaternion": {
          "w": 0.43768584728240967,
          "x": 0.542891263961792,
          "y": 0.32272404432296753,
          "z": -0.639960527420044
        },
        "matrix": [
          [
            -0.027399828657507896,
            0.9106117486953735,
            -0.41235363483428955,
            0.20753026008605957
          ],
          [
            -0.20979571342468262,
            -0.40855979919433594,
            -0.8882933259010315,
            0.008148130029439926
          ],
          [
            -0.9773682355880737,
            0.06217093765735626,
            0.2022375464439392,
            1.4233641624450684
          ],
          [
            0.0,
            0.0,
            0.0,
            1.0
          ]
        ]
      },
      "bone_length_armature_space": 0.2679694457768876,
      "parent": "spine_01",
      "has_children": true,
      "is_end_bone": false
    },
    "lowerarm_l": {
      "name": "lowerarm_l",
      "local": {
        "location": {
          "x": 0.0,
          "y": 0.0,
          "z": 0.0
        },
        "rotation_quaternion": {
          "w": 0.951542317867279,
          "x": 0.2468843013048172,
          "y": -0.017246568575501442,
          "z": 0.18253245949745178
        },
        "scale": {
          "x": 1.0,
          "y": 1.0,
          "z": 1.0
        },
        "matrix_basis": [
          [
            0.9327689409255981,
            -0.35589054226875305,
            0.05730711668729782,
            0.0
          ],
          [
            0.3388589024543762,
            0.8114600777626038,
            -0.47613784670829773,
            0.0
          ],
          [
            0.122950479388237,
            0.4635455906391144,
            0.877501368522644,
            0.0
          ],
          [
            0.0,
            0.0,
            0.0,
            1.0
          ]
        ],
        "rotation_mode": "QUATERNION"
      },
      "armature_space": {
        "head": {
          "x": 0.45154643058776855,
          "y": -0.16457746922969818,
          "z": 0.4901702105998993
        },
        "tail": {
          "x": 0.577185869216919,
          "y": -0.3358953595161438,
          "z": 0.6527574062347412
        }
      },
      "world_space": {
        "head": {
          "x": 0.45154643058776855,
          "y": -0.10133346915245056,
          "z": 1.4400242567062378
        },
        "tail": {
          "x": 0.577185869216919,
          "y": -0.2726513743400574,
          "z": 1.6026114225387573
        },
        "rotation_quaternion": {
          "w": 0.4211422801017761,
          "x": 0.6471203565597534,
          "y": -0.04946765676140785,
          "z": -0.6335829496383667
        },
        "matrix": [
          [
            0.19225165247917175,
            0.46963703632354736,
            -0.8616728782653809,
            0.45154643058776855
          ],
          [
            -0.5976808667182922,
            -0.6403820514678955,
            -0.4823782742023468,
            -0.10133346915245056
          ],
          [
            -0.778348445892334,
            0.6077470183372498,
            0.15757930278778076,
            1.4400242567062378
          ],
          [
            0.0,
            0.0,
            0.0,
            1.0
          ]
        ]
      },
      "bone_length_armature_space": 0.26752511077073277,
      "parent": "upperarm_l",
      "has_children": true,
      "is_end_bone": false
    },
    "metacarpal_thumb_l": {
      "name": "metacarpal_thumb_l",
      "local": {
        "location": {
          "x": 0.0,
          "y": 0.0,
          "z": 0.0
        },
        "rotation_quaternion": {
          "w": 0.9999193549156189,
          "x": -0.009051543660461903,
          "y": 0.005577038042247295,
          "z": -0.006957725156098604
        },
        "scale": {
          "x": 1.0,
          "y": 1.0,
          "z": 1.0
        },
        "matrix_basis": [
          [
            0.9998409748077393,
            0.013813366182148457,
            0.011279133148491383,
            0.0
          ],
          [
            -0.014015289954841137,
            0.9997393488883972,
            0.0180240198969841,
            0.0
          ],
          [
            -0.011027220636606216,
            -0.018179234117269516,
            0.9997739195823669,
            0.0
          ],
          [
            0.0,
            0.0,
            0.0,
            1.0
          ]
        ],
        "rotation_mode": "QUATERNION"
      },
      "armature_space": {
        "head": {
          "x": 0.577185869216919,
          "y": -0.3358953595161438,
          "z": 0.6527574062347412
        },
        "tail": {
          "x": 0.5727031230926514,
          "y": -0.37995314598083496,
          "z": 0.6749476194381714
        }
      },
      "world_space": {
        "head": {
          "x": 0.577185869216919,
          "y": -0.2726513743400574,
          "z": 1.6026114225387573
        },
        "tail": {
          "x": 0.5727031230926514,
          "y": -0.31670916080474854,
          "z": 1.6248016357421875
        },
        "rotation_quaternion": {
          "w": 0.23366573452949524,
          "x": 0.9681546092033386,
          "y": -0.0259727630764246,
          "z": 0.08603739738464355
        },
        "matrix": [
          [
            0.9838459491729736,
            -0.09049934148788452,
            0.15445692837238312,
            0.577185869216919
          ],
          [
            -0.010083366185426712,
            -0.889451265335083,
            -0.4569188356399536,
            -0.2726513743400574
          ],
          [
            0.17873400449752808,
            0.4479825496673584,
            -0.8760021328926086,
            1.6026114225387573
          ],
          [
            0.0,
            0.0,
            0.0,
            1.0
          ]
        ]
      },
      "bone_length_armature_space": 0.04953371733927261,
      "parent": "lowerarm_l",
      "has_children": true,
      "is_end_bone": false
    },
    "thumb_01_l": {
      "name": "thumb_01_l",
      "local": {
        "location": {
          "x": 0.0,
          "y": 0.0,
          "z": 0.0
        },
        "rotation_quaternion": {
          "w": 0.998274564743042,
          "x": 0.05800716206431389,
          "y": 0.004012977238744497,
          "z": -0.008191004395484924
        },
        "scale": {
          "x": 1.0,
          "y": 1.0,
          "z": 1.0
        },
        "matrix_basis": [
          [
            0.9998335838317871,
            0.0168193057179451,
            0.007061832584440708,
            0.0
          ],
          [
            -0.01588818058371544,
            0.9931361675262451,
            -0.11587988585233688,
            0.0
          ],
          [
            -0.008962379768490791,
            0.11574840545654297,
            0.9932381510734558,
            0.0
          ],
          [
            0.0,
            0.0,
            0.0,
            1.0
          ]
        ],
        "rotation_mode": "QUATERNION"
      },
      "armature_space": {
        "head": {
          "x": 0.5727031230926514,
          "y": -0.37995314598083496,
          "z": 0.6749476194381714
        },
        "tail": {
          "x": 0.5742995738983154,
          "y": -0.4119075536727905,
          "z": 0.6633288860321045
        }
      },
      "world_space": {
        "head": {
          "x": 0.5727031230926514,
          "y": -0.31670916080474854,
          "z": 1.6248016357421875
        },
        "tail": {
          "x": 0.5742995738983154,
          "y": -0.3486635684967041,
          "z": 1.6131829023361206
        },
        "rotation_quaternion": {
          "w": 0.1286599040031433,
          "x": -0.6264081597328186,
          "y": 0.11858232319355011,
          "z": -0.7596036791801453
        },
        "matrix": [
          [
            -0.18211930990219116,
            0.04690156131982803,
            0.982157289981842,
            0.5727031230926514
          ],
          [
            -0.344022661447525,
            -0.9387699365615845,
            -0.018961824476718903,
            -0.31670916080474854
          ],
          [
            0.9211362600326538,
            -0.3413409888744354,
            0.18710465729236603,
            1.6248016357421875
          ],
          [
            0.0,
            0.0,
            0.0,
            1.0
          ]
        ]
      },
      "bone_length_armature_space": 0.03403862156186278,
      "parent": "metacarpal_thumb_l",
      "has_children": true,
      "is_end_bone": false
    },
    "thumb_02_l": {
      "name": "thumb_02_l",
      "local": {
        "location": {
          "x": 0.0,
          "y": 0.0,
          "z": 0.0
        },
        "rotation_quaternion": {
          "w": 0.992792546749115,
          "x": 0.11973657459020615,
          "y": 0.0009747393196448684,
          "z": -0.00502769136801362
        },
        "scale": {
          "x": 1.0,
          "y": 1.0,
          "z": 1.0
        },
        "matrix_basis": [
          [
            0.9999475479125977,
            0.010216332972049713,
            0.0007314307731576264,
            0.0
          ],
          [
            -0.009749485179781914,
            0.9712757468223572,
            -0.23775695264339447,
            0.0
          ],
          [
            -0.0031394248362630606,
            0.23773735761642456,
            0.9713243842124939,
            0.0
          ],
          [
            0.0,
            0.0,
            0.0,
            1.0
          ]
        ],
        "rotation_mode": "QUATERNION"
      },
      "armature_space": {
        "head": {
          "x": 0.5742995142936707,
          "y": -0.41190752387046814,
          "z": 0.6633288264274597
        },
        "tail": {
          "x": 0.5965241193771362,
          "y": -0.43200454115867615,
          "z": 0.6900750994682312
        }
      },
      "world_space": {
        "head": {
          "x": 0.5742995142936707,
          "y": -0.3486635088920593,
          "z": 1.613182783126831
        },
        "tail": {
          "x": 0.5965241193771362,
          "y": -0.36876052618026733,
          "z": 1.6399290561676025
        },
        "rotation_quaternion": {
          "w": 0.20698748528957367,
          "x": -0.22797034680843353,
          "y": -0.45494112372398376,
          "z": -0.8355921506881714
        },
        "matrix": [
          [
            -0.8103715777397156,
            0.5533408522605896,
            0.19264480471611023,
            0.5742995142936707
          ],
          [
            -0.13848963379859924,
            -0.5003691911697388,
            0.8546643853187561,
            -0.3486635088920593
          ],
          [
            0.5693180561065674,
            0.6659204363822937,
            0.482121080160141,
            1.613182783126831
          ],
          [
            0.0,
            0.0,
            0.0,
            1.0
          ]
        ]
      },
      "bone_length_armature_space": 0.0401644908231629,
      "parent": "thumb_01_l",
      "has_children": true,
      "is_end_bone": false
    },
    "thumb_03_l": {
      "name": "thumb_03_l",
      "local": {
        "location": {
          "x": 0.0,
          "y": 0.0,
          "z": 0.0
        },
        "rotation_quaternion": {
          "w": 0.9985859394073486,
          "x": 0.05288098007440567,
          "y": -0.0001579722884343937,
          "z": 0.005468831863254309
        },
        "scale": {
          "x": 1.0,
          "y": 1.0,
          "z": 1.0
        },
        "matrix_basis": [
          [
            0.9999401569366455,
            -0.010938904248178005,
            0.0002628965594340116,
            0.0
          ],
          [
            0.010905489325523376,
            0.9943473935127258,
            -0.10561413317918777,
            0.0
          ],
          [
            0.0008938921964727342,
            0.1056106761097908,
            0.9944071769714355,
            0.0
          ],
          [
            0.0,
            0.0,
            0.0,
            1.0
          ]
        ],
        "rotation_mode": "QUATERNION"
      },
      "armature_space": {
        "head": {
          "x": 0.5965240597724915,
          "y": -0.4320046007633209,
          "z": 0.6900750398635864
        },
        "tail": {
          "x": 0.6173853278160095,
          "y": -0.43590766191482544,
          "z": 0.7119032740592957
        }
      },
      "world_space": {
        "head": {
          "x": 0.5965240597724915,
          "y": -0.3687605857849121,
          "z": 1.6399290561676025
        },
        "tail": {
          "x": 0.6173853278160095,
          "y": -0.372663676738739,
          "z": 1.661757230758667
        },
        "rotation_quaternion": {
          "w": 0.40928781032562256,
          "x": -0.07058103382587433,
          "y": -0.5180564522743225,
          "z": -0.7477428317070007
        },
        "matrix": [
          [
            -0.6550021171569824,
            0.6852144598960876,
            -0.3185179829597473,
            0.5965240597724915
          ],
          [
            -0.5389564633369446,
            -0.1282004565000534,
            0.8325206637382507,
            -0.3687605857849121
          ],
          [
            0.5296241044998169,
            0.7169747352600098,
            0.45327627658843994,
            1.6399290561676025
          ],
          [
            0.0,
            0.0,
            0.0,
            1.0
          ]
        ]
      },
      "bone_length_armature_space": 0.03044500320765113,
      "parent": "thumb_02_l",
      "has_children": false,
      "is_end_bone": true
    },
    "metacarpal_index_l": {
      "name": "metacarpal_index_l",
      "local": {
        "location": {
          "x": 0.0,
          "y": 0.0,
          "z": 0.0
        },
        "rotation_quaternion": {
          "w": 0.9995940923690796,
          "x": -0.027791688218712807,
          "y": -0.004840238019824028,
          "z": 0.003995202947407961
        },
        "scale": {
          "x": 1.0,
          "y": 1.0,
          "z": 1.0
        },
        "matrix_basis": [
          [
            0.9999212026596069,
            -0.007718125823885202,
            -0.009898613207042217,
            0.0
          ],
          [
            0.008256198838353157,
            0.9984233379364014,
            0.055522140115499496,
            0.0
          ],
          [
            0.009454479441046715,
            -0.05559949204325676,
            0.9984083771705627,
            0.0
          ],
          [
            0.0,
            0.0,
            0.0,
            1.0
          ]
        ],
        "rotation_mode": "QUATERNION"
      },
      "armature_space": {
        "head": {
          "x": 0.577185869216919,
          "y": -0.3358953595161438,
          "z": 0.6527574062347412
        },
        "tail": {
          "x": 0.6017115116119385,
          "y": -0.42383015155792236,
          "z": 0.7262097597122192
        }
      },
      "world_space": {
        "head": {
          "x": 0.577185869216919,
          "y": -0.2726513743400574,
          "z": 1.6026114225387573
        },
        "tail": {
          "x": 0.6017115116119385,
          "y": -0.36058616638183594,
          "z": 1.6760637760162354
        },
        "rotation_quaternion": {
          "w": 0.35244661569595337,
          "x": 0.9049891233444214,
          "y": 0.023292262107133865,
          "z": -0.23713594675064087
        },
        "matrix": [
          [
            0.8864482641220093,
            0.20931386947631836,
            -0.4127916991710663,
            0.577185869216919
          ],
          [
            -0.12499655783176422,
            -0.7504779696464539,
            -0.6489677429199219,
            -0.2726513743400574
          ],
          [
            -0.44563227891921997,
            0.62687748670578,
            -0.6391012668609619,
            1.6026114225387573
          ],
          [
            0.0,
            0.0,
            0.0,
            1.0
          ]
        ]
      },
      "bone_length_armature_space": 0.11717202312867965,
      "parent": "lowerarm_l",
      "has_children": true,
      "is_end_bone": false
    },
    "index_01_l": {
      "name": "index_01_l",
      "local": {
        "location": {
          "x": 0.0,
          "y": 0.0,
          "z": 0.0
        },
        "rotation_quaternion": {
          "w": 0.9950151443481445,
          "x": -0.09916501492261887,
          "y": -0.009855464100837708,
          "z": -0.0037601273506879807
        },
        "scale": {
          "x": 1.0,
          "y": 1.0,
          "z": 1.0
        },
        "matrix_basis": [
          [
            0.9997774362564087,
            0.00943740177899599,
            -0.018866926431655884,
            0.0
          ],
          [
            -0.005528132896870375,
            0.9803043007850647,
            0.19741550087928772,
            0.0
          ],
          [
            0.02035841904580593,
            -0.19726726412773132,
            0.98013836145401,
            0.0
          ],
          [
            0.0,
            0.0,
            0.0,
            1.0
          ]
        ],
        "rotation_mode": "QUATERNION"
      },
      "armature_space": {
        "head": {
          "x": 0.6017115116119385,
          "y": -0.42383015155792236,
          "z": 0.7262097597122192
        },
        "tail": {
          "x": 0.6192933917045593,
          "y": -0.4379064440727234,
          "z": 0.7436971068382263
        }
      },
      "world_space": {
        "head": {
          "x": 0.6017115116119385,
          "y": -0.36058616638183594,
          "z": 1.6760637760162354
        },
        "tail": {
          "x": 0.6192933917045593,
          "y": -0.37466245889663696,
          "z": 1.6935510635375977
        },
        "rotation_quaternion": {
          "w": 0.4475228786468506,
          "x": 0.8221040964126587,
          "y": 0.2299889326095581,
          "z": -0.26640787720680237
        },
        "matrix": [
          [
            0.7522639632225037,
            0.6165972948074341,
            -0.23217806220054626,
            0.6017115116119385
          ],
          [
            0.13970419764518738,
            -0.49365654587745667,
            -0.8583626747131348,
            -0.36058616638183594
          ],
          [
            -0.6438846588134766,
            0.6132826209068298,
            -0.45750510692596436,
            1.6760637760162354
          ],
          [
            0.0,
            0.0,
            0.0,
            1.0
          ]
        ]
      },
      "bone_length_armature_space": 0.02851441398957507,
      "parent": "metacarpal_index_l",
      "has_children": true,
      "is_end_bone": false
    },
    "index_02_l": {
      "name": "index_02_l",
      "local": {
        "location": {
          "x": 0.0,
          "y": 0.0,
          "z": 0.0
        },
        "rotation_quaternion": {
          "w": 0.986445426940918,
          "x": 0.16393917798995972,
          "y": 0.004270181059837341,
          "z": -0.005586360115557909
        },
        "scale": {
          "x": 1.0,
          "y": 1.0,
          "z": 1.0
        },
        "matrix_basis": [
          [
            0.9999011158943176,
            0.01242137886583805,
            0.006592954508960247,
            0.0
          ],
          [
            -0.009621178731322289,
            0.9461854696273804,
            -0.32348182797431946,
            0.0
          ],
          [
            -0.010256247594952583,
            0.32338640093803406,
            0.9462113976478577,
            0.0
          ],
          [
            0.0,
            0.0,
            0.0,
            1.0
          ]
        ],
        "rotation_mode": "QUATERNION"
      },
      "armature_space": {
        "head": {
          "x": 0.6192933917045593,
          "y": -0.437906950712204,
          "z": 0.7436974048614502
        },
        "tail": {
          "x": 0.6330960988998413,
          "y": -0.4563458561897278,
          "z": 0.754992663860321
        }
      },
      "world_space": {
        "head": {
          "x": 0.6192933917045593,
          "y": -0.37466293573379517,
          "z": 1.6935514211654663
        },
        "tail": {
          "x": 0.6330960988998413,
          "y": -0.39310187101364136,
          "z": 1.7048466205596924
        },
        "rotation_quaternion": {
          "w": 0.3250008225440979,
          "x": 0.8667069673538208,
          "y": 0.18704853951931,
          "z": -0.328947514295578
        },
        "matrix": [
          [
            0.713612973690033,
            0.5380491018295288,
            -0.4486196041107178,
            0.6192933917045593
          ],
          [
            0.1104169636964798,
            -0.7187746167182922,
            -0.6864194273948669,
            -0.37466293573379517
          ],
          [
            -0.6917884349822998,
            0.4403047561645508,
            -0.5723410844802856,
            1.6935514211654663
          ],
          [
            0.0,
            0.0,
            0.0,
            1.0
          ]
        ]
      },
      "bone_length_armature_space": 0.02565328122351319,
      "parent": "index_01_l",
      "has_children": true,
      "is_end_bone": false
    },
    "index_03_l": {
      "name": "index_03_l",
      "local": {
        "location": {
          "x": 0.0,
          "y": 0.0,
          "z": 0.0
        },
        "rotation_quaternion": {
          "w": 0.9739784598350525,
          "x": 0.22655817866325378,
          "y": -0.005828980356454849,
          "z": 0.0018720997031778097
        },
        "scale": {
          "x": 1.0,
          "y": 1.0,
          "z": 1.0
        },
        "matrix_basis": [
          [
            0.9999250173568726,
            -0.006287975702434778,
            -0.010506323538720608,
            0.0
          ],
          [
            0.001005563186481595,
            0.8973357677459717,
            -0.4413473904132843,
            0.0
          ],
          [
            0.012202881276607513,
            0.4413037598133087,
            0.8972748517990112,
            0.0
          ],
          [
            0.0,
            0.0,
            0.0,
            1.0
          ]
        ],
        "rotation_mode": "QUATERNION"
      },
      "armature_space": {
        "head": {
          "x": 0.6330961585044861,
          "y": -0.4563457667827606,
          "z": 0.7549927234649658
        },
        "tail": {
          "x": 0.6418410539627075,
          "y": -0.48422473669052124,
          "z": 0.7551382780075073
        }
      },
      "world_space": {
        "head": {
          "x": 0.6330961585044861,
          "y": -0.3931017518043518,
          "z": 1.704846739768982
        },
        "tail": {
          "x": 0.6418410539627075,
          "y": -0.4209807515144348,
          "z": 1.7049922943115234
        },
        "rotation_quaternion": {
          "w": 0.058459024876356125,
          "x": 0.9180513024330139,
          "y": 0.13967156410217285,
          "z": -0.36640995740890503
        },
        "matrix": [
          [
            0.6924710869789124,
            0.29929181933403015,
            -0.6564358472824097,
            0.6330961585044861
          ],
          [
            0.21361149847507477,
            -0.9541488289833069,
            -0.2096918821334839,
            -0.3931017518043518
          ],
          [
            -0.6891012191772461,
            0.00498238205909729,
            -0.7246575355529785,
            1.704846739768982
          ],
          [
            0.0,
            0.0,
            0.0,
            1.0
          ]
        ]
      },
      "bone_length_armature_space": 0.029218681089273203,
      "parent": "index_02_l",
      "has_children": false,
      "is_end_bone": true
    },
    "metacarpal_pinky_l": {
      "name": "metacarpal_pinky_l",
      "local": {
        "location": {
          "x": 0.0,
          "y": 0.0,
          "z": 0.0
        },
        "rotation_quaternion": {
          "w": 0.9998832941055298,
          "x": 0.012737061828374863,
          "y": 0.0057795350439846516,
          "z": 0.0061456868425011635
        },
        "scale": {
          "x": 1.0,
          "y": 1.0,
          "z": 1.0
        },
        "matrix_basis": [
          [
            0.9998576641082764,
            -0.012142710387706757,
            0.011714276857674122,
            0.0
          ],
          [
            0.012437167577445507,
            0.9995999932289124,
            -0.025400111451745033,
            0.0
          ],
          [
            -0.011401165276765823,
            0.025542188435792923,
            0.9996087551116943,
            0.0
          ],
          [
            0.0,
            0.0,
            0.0,
            1.0
          ]
        ],
        "rotation_mode": "QUATERNION"
      },
      "armature_space": {
        "head": {
          "x": 0.577185869216919,
          "y": -0.3358953595161438,
          "z": 0.6527574062347412
        },
        "tail": {
          "x": 0.6509002447128296,
          "y": -0.382429838180542,
          "z": 0.7097134590148926
        }
      },
      "world_space": {
        "head": {
          "x": 0.577185869216919,
          "y": -0.2726513743400574,
          "z": 1.6026114225387573
        },
        "tail": {
          "x": 0.6509002447128296,
          "y": -0.31918585300445557,
          "z": 1.6595674753189087
        },
        "rotation_quaternion": {
          "w": 0.4453216791152954,
          "x": 0.0823642835021019,
          "y": -0.27972450852394104,
          "z": -0.8465571403503418
        },
        "matrix": [
          [
            -0.5898085832595825,
            0.7079018950462341,
            -0.3885881006717682,
            0.577185869216919
          ],
          [
            -0.8000600337982178,
            -0.4468851387500763,
            0.4002474844455719,
            -0.2726513743400574
          ],
          [
            0.10968188941478729,
            0.5469664335250854,
            0.829946756362915,
            1.6026114225387573
          ],
          [
            0.0,
            0.0,
            0.0,
            1.0
          ]
        ]
      },
      "bone_length_armature_space": 0.10413096841918937,
      "parent": "lowerarm_l",
      "has_children": true,
      "is_end_bone": false
    },
    "pinky_01_l": {
      "name": "pinky_01_l",
      "local": {
        "location": {
          "x": 0.0,
          "y": 0.0,
          "z": 0.0
        },
        "rotation_quaternion": {
          "w": 0.9995473027229309,
          "x": 0.02792942151427269,
          "y": 0.0014552829088643193,
          "z": 0.011094043031334877
        },
        "scale": {
          "x": 1.0,
          "y": 1.0,
          "z": 1.0
        },
        "matrix_basis": [
          [
            0.9997496008872986,
            -0.022096751257777214,
            0.0035289486404508352,
            0.0
          ],
          [
            0.022259332239627838,
            0.9981937408447266,
            -0.05580126494169235,
            0.0
          ],
          [
            -0.0022895478177815676,
            0.05586584657430649,
            0.9984356760978699,
            0.0
          ],
          [
            0.0,
            0.0,
            0.0,
            1.0
          ]
        ],
        "rotation_mode": "QUATERNION"
      },
      "armature_space": {
        "head": {
          "x": 0.6509002447128296,
          "y": -0.382429838180542,
          "z": 0.7097134590148926
        },
        "tail": {
