{
  "metadata": {
    "armature_name": "KIM_caucasian_male",
    "export_time": "2026-01-13T20:26:36.948388",
    "blender_version": "4.4.1",
    "bone_count": 56,
    "end_bone_count": 13,
    "spaces_included": [
      "LOCAL_CHANNELS",
      "ARMATURE_SPACE",
      "WORLD_SPACE"
    ],
    "note": "LOCAL matches Transform panel; replay pose via local.matrix_basis for best fidelity."
  },
  "bones": {
    "Root": {
      "name": "Root",
      "local": {
        "location": {
          "x": 0.0,
          "y": 0.0,
          "z": 0.0
        },
        "rotation_quaternion": {
          "w": 0.9998552203178406,
          "x": 0.01189704705029726,
          "y": 0.006534920539706945,
          "z": -0.010263512842357159
        },
        "scale": {
          "x": 1.0,
          "y": 1.0,
          "z": 1.0
        },
        "matrix_basis": [
          [
            0.9997038841247559,
            0.020679546520113945,
            0.012823738157749176,
            0.0
          ],
          [
            -0.020368561148643494,
            0.9995062351226807,
            -0.02392479218542576,
            0.0
          ],
          [
            -0.013312160037457943,
            0.023656506091356277,
            0.9996315240859985,
            0.0
          ],
          [
            0.0,
            0.0,
            0.0,
            1.0
          ]
        ],
        "rotation_mode": "QUATERNION"
      },
      "armature_space": {
        "head": {
          "x": 0.0,
          "y": 0.07072800397872925,
          "z": -0.009595036506652832
        },
        "tail": {
          "x": 0.0014760205522179604,
          "y": -0.00019206106662750244,
          "z": -0.001677926629781723
        }
      },
      "world_space": {
        "head": {
          "x": 0.0,
          "y": 0.13397200405597687,
          "z": 0.9402589797973633
        },
        "tail": {
          "x": 0.0014760205522179604,
          "y": 0.06305193901062012,
          "z": 0.9481760859489441
        },
        "rotation_quaternion": {
          "w": 0.05548788234591484,
          "x": 0.9983852505683899,
          "y": 0.01068043988198042,
          "z": 0.005828644149005413
        },
        "matrix": [
          [
            0.9997038841247559,
            0.020679546520113945,
            0.012823738157749176,
            0.0
          ],
          [
            0.021973228082060814,
            -0.9936140179634094,
            -0.11067253351211548,
            0.13397200405597687
          ],
          [
            0.010453281924128532,
            0.11092137545347214,
            -0.9937812685966492,
            0.9402589797973633
          ],
          [
            0.0,
            0.0,
            0.0,
            1.0
          ]
        ]
      },
      "bone_length_armature_space": 0.07137586981969227,
      "parent": null,
      "has_children": true,
      "is_end_bone": false
    },
    "spine_01": {
      "name": "spine_01",
      "local": {
        "location": {
          "x": 0.0,
          "y": 0.0,
          "z": 0.0
        },
        "rotation_quaternion": {
          "w": 0.9985548257827759,
          "x": 0.049867790192365646,
          "y": -0.0020684092305600643,
          "z": 0.01993165910243988
        },
        "scale": {
          "x": 1.0,
          "y": 1.0,
          "z": 1.0
        },
        "matrix_basis": [
          [
            0.9991968870162964,
            -0.04001200199127197,
            -0.002142944373190403,
            0.0
          ],
          [
            0.03959941491484642,
            0.9942318797111511,
            -0.09967389702796936,
            0.0
          ],
          [
            0.0061187357641756535,
            0.09950899332761765,
            0.9950178265571594,
            0.0
          ],
          [
            0.0,
            0.0,
            0.0,
            1.0
          ]
        ],
        "rotation_mode": "QUATERNION"
      },
      "armature_space": {
        "head": {
          "x": 0.0014760205522179604,
          "y": -0.00019206106662750244,
          "z": -0.001677926629781723
        },
        "tail": {
          "x": -0.02230415865778923,
          "y": -0.038077350705862045,
          "z": 0.4842723608016968
        }
      },
      "world_space": {
        "head": {
          "x": 0.0014760205522179604,
          "y": 0.06305193901062012,
          "z": 0.9481760859489441
        },
        "tail": {
          "x": -0.02230415865778923,
          "y": 0.025166649371385574,
          "z": 1.434126377105713
        },
        "rotation_quaternion": {
          "w": 0.6790170669555664,
          "x": 0.7336456775665283,
          "y": -0.010899404063820839,
          "z": 0.024106277152895927
        },
        "matrix": [
          [
            0.9986001253128052,
            -0.048729754984378815,
            0.02056882157921791,
            0.0014760205522179604
          ],
          [
            0.0167442224919796,
            -0.07763359695672989,
            -0.9968413710594177,
            0.06305193901062012
          ],
          [
            0.05017303302884102,
            0.9957972764968872,
            -0.07671043276786804,
            0.9481760859489441
          ],
          [
            0.0,
            0.0,
            0.0,
            1.0
          ]
        ]
      },
      "bone_length_armature_space": 0.4880045890230265,
      "parent": "Root",
      "has_children": true,
      "is_end_bone": false
    },
    "neck_01": {
      "name": "neck_01",
      "local": {
        "location": {
          "x": 0.0,
          "y": 0.0,
          "z": 0.0
        },
        "rotation_quaternion": {
          "w": 0.991553544998169,
          "x": -0.057091932743787766,
          "y": 0.10181062668561935,
          "z": -0.05653952807188034
        },
        "scale": {
          "x": 1.0,
          "y": 1.0,
          "z": 1.0
        },
        "matrix_basis": [
          [
            0.9728757739067078,
            0.10049881041049957,
            0.20835727453231812,
            0.0
          ],
          [
            -0.12374906986951828,
            0.987087607383728,
            0.10170676559209824,
            0.0
          ],
          [
            -0.1954454779624939,
            -0.12473206967115402,
            0.972750186920166,
            0.0
          ],
          [
            0.0,
            0.0,
            0.0,
            1.0
          ]
        ],
        "rotation_mode": "QUATERNION"
      },
      "armature_space": {
        "head": {
          "x": -0.02515874058008194,
          "y": -0.07833246886730194,
          "z": 0.5545227527618408
        },
        "tail": {
          "x": -0.01909785531461239,
          "y": -0.11235209554433823,
          "z": 0.6510456800460815
        }
      },
      "world_space": {
        "head": {
          "x": -0.02515874058008194,
          "y": -0.015088468790054321,
          "z": 1.504376769065857
        },
        "tail": {
          "x": -0.01909785531461239,
          "y": -0.04910809546709061,
          "z": 1.6008996963500977
        },
        "rotation_quaternion": {
          "w": 0.5703662633895874,
          "x": 0.8119592070579529,
          "y": 0.09363377094268799,
          "z": 0.08147000521421432
        },
        "matrix": [
          [
            0.9691907167434692,
            0.059118278324604034,
            0.23911181092262268,
            -0.02515874058008194
          ],
          [
            0.244989275932312,
            -0.3318297266960144,
            -0.9109717607498169,
            -0.015088468790054321
          ],
          [
            0.025489747524261475,
            0.9414913058280945,
            -0.33609282970428467,
            1.504376769065857
          ],
          [
            0.0,
            0.0,
            0.0,
            1.0
          ]
        ]
      },
      "bone_length_armature_space": 0.10252192302920039,
      "parent": "spine_01",
      "has_children": true,
      "is_end_bone": false
    },
    "head": {
      "name": "head",
      "local": {
        "location": {
          "x": 0.0,
          "y": 0.0,
          "z": 0.0
        },
        "rotation_quaternion": {
          "w": 0.97055983543396,
          "x": -0.0012010325444862247,
          "y": 0.11910895258188248,
          "z": 0.2093452364206314
        },
        "scale": {
          "x": 1.0,
          "y": 1.0,
          "z": 1.0
        },
        "matrix_basis": [
          [
            0.8839752674102783,
            -0.40665027499198914,
            0.23070186376571655,
            0.0
          ],
          [
            0.406078040599823,
            0.9123462438583374,
            0.05220113322138786,
            0.0
          ],
          [
            -0.2317075878381729,
            0.04753843694925308,
            0.9716232419013977,
            0.0
          ],
          [
            0.0,
            0.0,
            0.0,
            1.0
          ]
        ],
        "rotation_mode": "QUATERNION"
      },
      "armature_space": {
        "head": {
          "x": -0.019097821786999702,
          "y": -0.11235221475362778,
          "z": 0.651045560836792
        },
        "tail": {
          "x": -0.08300533890724182,
          "y": -0.13197362422943115,
          "z": 0.7909886837005615
        }
      },
      "world_space": {
        "head": {
          "x": -0.019097821786999702,
          "y": -0.04910821467638016,
          "z": 1.600899577140808
        },
        "tail": {
          "x": -0.08300533890724182,
          "y": -0.06872962415218353,
          "z": 1.7408427000045776
        },
        "rotation_quaternion": {
          "w": 0.6607398986816406,
          "x": 0.6765053868293762,
          "y": 0.012831266038119793,
          "z": 0.3249596655368805
        },
        "matrix": [
          [
            0.7884719371795654,
            -0.4120667576789856,
            0.45663243532180786,
            -0.019097821786999702
          ],
          [
            0.44679129123687744,
            -0.12651607394218445,
            -0.8856474757194519,
            -0.04910821467638016
          ],
          [
            0.4227205812931061,
            0.9023336172103882,
            0.08435319364070892,
            1.600899577140808
          ],
          [
            0.0,
            0.0,
            0.0,
            1.0
          ]
        ]
      },
      "bone_length_armature_space": 0.15509109851553174,
      "parent": "neck_01",
      "has_children": false,
      "is_end_bone": true
    },
    "upperarm_l": {
      "name": "upperarm_l",
      "local": {
        "location": {
          "x": 0.0,
          "y": 0.0,
          "z": 0.0
        },
        "rotation_quaternion": {
          "w": -0.6748166680335999,
          "x": 0.5506436228752136,
          "y": -0.13764367997646332,
          "z": 0.47166553139686584
        },
        "scale": {
          "x": 1.0,
          "y": 1.0,
          "z": 1.0
        },
        "matrix_basis": [
          [
            0.5171716809272766,
            0.48499029874801636,
            0.7052077054977417,
            0.0
          ],
          [
            -0.7881607413291931,
            -0.05135354399681091,
            0.613323450088501,
            0.0
          ],
          [
            0.3336707353591919,
            -0.8730105757713318,
            0.3556916415691376,
            0.0
          ],
          [
            0.0,
            0.0,
            0.0,
            1.0
          ]
        ],
        "rotation_mode": "QUATERNION"
      },
      "armature_space": {
        "head": {
          "x": 0.12797188758850098,
          "y": -0.0737823024392128,
          "z": 0.49487876892089844
        },
        "tail": {
          "x": 0.10342960804700851,
          "y": 0.17091470956802368,
          "z": 0.38844195008277893
        }
      },
      "world_space": {
        "head": {
          "x": 0.12797188758850098,
          "y": -0.01053830236196518,
          "z": 1.4447327852249146
        },
        "tail": {
          "x": 0.10342960804700851,
          "y": 0.2341587096452713,
          "z": 1.3382959365844727
        },
        "rotation_quaternion": {
          "w": 0.33256375789642334,
          "x": -0.11307544261217117,
          "y": 0.9197704792022705,
          "z": -0.1750362068414688
        },
        "matrix": [
          [
            -0.753230631351471,
            -0.09158611297607422,
            0.6513490676879883,
            0.12797188758850098
          ],
          [
            -0.3244285583496094,
            0.9131527543067932,
            -0.24677620828151703,
            -0.01053830236196518
          ],
          [
            -0.5721840262413025,
            -0.3971976041793823,
            -0.7175329923629761,
            1.4447327852249146
          ],
          [
            0.0,
            0.0,
            0.0,
            1.0
          ]
        ]
      },
      "bone_length_armature_space": 0.26796967152010975,
      "parent": "spine_01",
      "has_children": true,
      "is_end_bone": false
    },
    "lowerarm_l": {
      "name": "lowerarm_l",
      "local": {
        "location": {
          "x": 0.0,
          "y": 0.0,
          "z": 0.0
        },
        "rotation_quaternion": {
          "w": 0.9209362268447876,
          "x": 0.20089705288410187,
          "y": 0.03236153721809387,
          "z": -0.33236968517303467
        },
        "scale": {
          "x": 1.0,
          "y": 1.0,
          "z": 1.0
        },
        "matrix_basis": [
          [
            0.7769662737846375,
            0.6251852512359619,
            -0.07393835484981537,
            0.0
          ],
          [
            -0.5991798639297485,
            0.6983415484428406,
            -0.39153873920440674,
            0.0
          ],
          [
            -0.19314999878406525,
            0.34851476550102234,
            0.9171862006187439,
            0.0
          ],
          [
            0.0,
            0.0,
            0.0,
            1.0
          ]
        ],
        "rotation_mode": "QUATERNION"
      },
      "armature_space": {
        "head": {
          "x": 0.10342971980571747,
          "y": 0.17091482877731323,
          "z": 0.38844195008277893
        },
        "tail": {
          "x": 0.07122284173965454,
          "y": 0.2585396468639374,
          "z": 0.1377333700656891
        }
      },
      "world_space": {
        "head": {
          "x": 0.10342971980571747,
          "y": 0.23415882885456085,
          "z": 1.3382959365844727
        },
        "tail": {
          "x": 0.07122284173965454,
          "y": 0.3217836618423462,
          "z": 1.0875873565673828
        },
        "rotation_quaternion": {
          "w": 0.29219186305999756,
          "x": -0.2752317786216736,
          "y": 0.7605221271514893,
          "z": -0.510370135307312
        },
        "matrix": [
          [
            -0.6777427792549133,
            -0.12038853764533997,
            0.7253766655921936,
            0.10342971980571747
          ],
          [
            -0.7168918251991272,
            0.32753944396972656,
            -0.6154544353485107,
            0.23415882885456085
          ],
          [
            -0.16349755227565765,
            -0.9371426105499268,
            -0.3082957863807678,
            1.3382959365844727
          ],
          [
            0.0,
            0.0,
            0.0,
            1.0
          ]
        ]
      },
      "bone_length_armature_space": 0.26752603787029616,
      "parent": "upperarm_l",
      "has_children": true,
      "is_end_bone": false
    },
    "metacarpal_thumb_l": {
      "name": "metacarpal_thumb_l",
      "local": {
        "location": {
          "x": 0.0,
          "y": 0.0,
          "z": 0.0
        },
        "rotation_quaternion": {
          "w": 0.9994553327560425,
          "x": -0.02937527373433113,
          "y": 0.014691317453980446,
          "z": -0.0032311652321368456
        },
        "scale": {
          "x": 1.0,
          "y": 1.0,
          "z": 1.0
        },
        "matrix_basis": [
          [
            0.9995474219322205,
            0.00559568777680397,
            0.02955646440386772,
            0.0
          ],
          [
            -0.007321933750063181,
            0.9982532858848572,
            0.05862360820174217,
            0.0
          ],
          [
            -0.029176797717809677,
            -0.058813489973545074,
            0.9978424906730652,
            0.0
          ],
          [
            0.0,
            0.0,
            0.0,
            1.0
          ]
        ],
        "rotation_mode": "QUATERNION"
      },
      "armature_space": {
        "head": {
          "x": 0.07122284173965454,
          "y": 0.2585396468639374,
          "z": 0.1377333700656891
        },
        "tail": {
          "x": 0.08329305797815323,
          "y": 0.2492527961730957,
          "z": 0.09059867262840271
        }
      },
      "world_space": {
        "head": {
          "x": 0.07122284173965454,
          "y": 0.3217836618423462,
          "z": 1.0875873565673828
        },
        "tail": {
          "x": 0.08329305797815323,
          "y": 0.31249678134918213,
          "z": 1.0404527187347412
        },
        "rotation_quaternion": {
          "w": 0.1541644185781479,
          "x": -0.36602547764778137,
          "y": -0.61845862865448,
          "z": 0.6780617833137512
        },
        "matrix": [
          [
            -0.6845157742500305,
            0.243677020072937,
            -0.687065839767456,
            0.07122284173965454
          ],
          [
            0.6618106365203857,
            -0.18748560547828674,
            -0.7258484363555908,
            0.3217836618423462
          ],
          [
            -0.30568909645080566,
            -0.9515688419342041,
            -0.032932013273239136,
            1.0875873565673828
          ],
          [
            0.0,
            0.0,
            0.0,
            1.0
          ]
        ]
      },
      "bone_length_armature_space": 0.04953398324434951,
      "parent": "lowerarm_l",
      "has_children": true,
      "is_end_bone": false
    },
    "thumb_01_l": {
      "name": "thumb_01_l",
      "local": {
        "location": {
          "x": 0.0,
          "y": 0.0,
          "z": 0.0
        },
        "rotation_quaternion": {
          "w": 0.9996386170387268,
          "x": -0.022253260016441345,
          "y": 0.0018588628154248,
          "z": -0.014970315620303154
        },
        "scale": {
          "x": 1.0,
          "y": 1.0,
          "z": 1.0
        },
        "matrix_basis": [
          [
            0.9995448589324951,
            0.029847079887986183,
            0.004382658749818802,
            0.0
          ],
          [
            -0.030012542381882668,
            0.9985613822937012,
            0.04443478211760521,
            0.0
          ],
          [
            -0.0030501054134219885,
            -0.04454609006643295,
            0.9990026950836182,
            0.0
          ],
          [
            0.0,
            0.0,
            0.0,
            1.0
          ]
        ],
        "rotation_mode": "QUATERNION"
      },
      "armature_space": {
        "head": {
          "x": 0.08329305797815323,
          "y": 0.2492527961730957,
          "z": 0.09059867262840271
        },
        "tail": {
          "x": 0.0760076493024826,
          "y": 0.2235032320022583,
          "z": 0.0695626437664032
        }
      },
      "world_space": {
        "head": {
          "x": 0.08329305797815323,
          "y": 0.31249678134918213,
          "z": 1.0404527187347412
        },
        "tail": {
          "x": 0.0760076493024826,
          "y": 0.2867472171783447,
          "z": 1.0194166898727417
        },
        "rotation_quaternion": {
          "w": 0.3462030589580536,
          "x": -0.8402485847473145,
          "y": -0.043624844402074814,
          "z": 0.4149973392486572
        },
        "matrix": [
          [
            0.6517490148544312,
            -0.21403399109840393,
            -0.7276074886322021,
            0.08329305797815323
          ],
          [
            0.3606572151184082,
            -0.7564818859100342,
            0.545583963394165,
            0.31249678134918213
          ],
          [
            -0.667199432849884,
            -0.6180055141448975,
            -0.4158458411693573,
            1.0404527187347412
          ],
          [
            0.0,
            0.0,
            0.0,
            1.0
          ]
        ]
      },
      "bone_length_armature_space": 0.03403867986374601,
      "parent": "metacarpal_thumb_l",
      "has_children": true,
      "is_end_bone": false
    },
    "thumb_02_l": {
      "name": "thumb_02_l",
      "local": {
        "location": {
          "x": 0.0,
          "y": 0.0,
          "z": 0.0
        },
        "rotation_quaternion": {
          "w": 0.9965592622756958,
          "x": 0.08239050954580307,
          "y": -0.008467040956020355,
          "z": -0.0031144432723522186
        },
        "scale": {
          "x": 1.0,
          "y": 1.0,
          "z": 1.0
        },
        "matrix_basis": [
          [
            0.9998372197151184,
            0.00481224711984396,
            -0.017389018088579178,
            0.0
          ],
          [
            -0.007602662313729525,
            0.9864041805267334,
            -0.1641613095998764,
            0.0
          ],
          [
            0.016362614929676056,
            0.16426679491996765,
            0.9862802028656006,
            0.0
          ],
          [
            0.0,
            0.0,
            0.0,
            1.0
          ]
        ],
        "rotation_mode": "QUATERNION"
      },
      "armature_space": {
        "head": {
          "x": 0.0760076642036438,
          "y": 0.2235032021999359,
          "z": 0.06956270337104797
        },
        "tail": {
          "x": 0.07135868817567825,
          "y": 0.23733727633953094,
          "z": 0.03214341402053833
        }
      },
      "world_space": {
        "head": {
          "x": 0.0760076642036438,
          "y": 0.2867472171783447,
          "z": 1.0194166898727417
        },
        "tail": {
          "x": 0.07135868817567825,
          "y": 0.30058127641677856,
          "z": 0.9819974303245544
        },
        "rotation_quaternion": {
          "w": 0.8177949786186218,
          "x": -0.5717449188232422,
          "y": 0.058562591671943665,
          "z": 0.0298257265239954
        },
        "matrix": [
          [
            0.9913617372512817,
            -0.1157485842704773,
            0.061678312718868256,
            0.0760076642036438
          ],
          [
            -0.018182622268795967,
            0.3444361090660095,
            0.9386337995529175,
            0.2867472171783447
          ],
          [
            -0.1298905462026596,
            -0.9316530227661133,
            0.3393591642379761,
            1.0194166898727417
          ],
          [
            0.0,
            0.0,
            0.0,
            1.0
          ]
        ]
      },
      "bone_length_armature_space": 0.040164633662826986,
      "parent": "thumb_01_l",
      "has_children": true,
      "is_end_bone": false
    },
    "thumb_03_l": {
      "name": "thumb_03_l",
      "local": {
        "location": {
          "x": 0.0,
          "y": 0.0,
          "z": 0.0
        },
        "rotation_quaternion": {
          "w": 0.9969292283058167,
          "x": 0.07783399522304535,
          "y": 0.0047184983268380165,
          "z": 0.007188020274043083
        },
        "scale": {
          "x": 1.0,
          "y": 1.0,
          "z": 1.0
        },
        "matrix_basis": [
          [
            0.9998521208763123,
            -0.013597375713288784,
            0.010526962578296661,
            0.0
          ],
          [
            0.015066414140164852,
            0.9877803921699524,
            -0.15512213110923767,
            0.0
          ],
          [
            -0.008289072662591934,
            0.15525780618190765,
            0.9878392219543457,
            0.0
          ],
          [
            0.0,
            0.0,
            0.0,
            1.0
          ]
        ],
        "rotation_mode": "QUATERNION"
      },
      "armature_space": {
        "head": {
          "x": 0.07135874032974243,
          "y": 0.23733720183372498,
          "z": 0.032143428921699524
        },
        "tail": {
          "x": 0.06557893007993698,
          "y": 0.25865593552589417,
          "z": 0.011191064491868019
        }
      },
      "world_space": {
        "head": {
          "x": 0.07135874032974243,
          "y": 0.3005812168121338,
          "z": 0.9819974303245544
        },
        "tail": {
          "x": 0.06557893007993698,
          "y": 0.321899950504303,
          "z": 0.9610450863838196
        },
        "rotation_quaternion": {
          "w": 0.8786153197288513,
          "x": -0.3868505656719208,
          "y": 0.27956241369247437,
          "z": -0.015053506009280682
        },
        "matrix": [
          [
            0.8432369828224182,
            -0.18984505534172058,
            0.5029019117355347,
            0.07135874032974243
          ],
          [
            -0.2427498996257782,
            0.7002403736114502,
            0.6713688373565674,
            0.3005812168121338
          ],
          [
            -0.47961148619651794,
            -0.6882063746452332,
            0.544387936592102,
            0.9819974303245544
          ],
          [
            0.0,
            0.0,
            0.0,
            1.0
          ]
        ]
      },
      "bone_length_armature_space": 0.030444969824147128,
      "parent": "thumb_02_l",
      "has_children": false,
      "is_end_bone": true
    },
    "metacarpal_index_l": {
      "name": "metacarpal_index_l",
      "local": {
        "location": {
          "x": 0.0,
          "y": 0.0,
          "z": 0.0
        },
        "rotation_quaternion": {
          "w": 0.999685525894165,
          "x": -0.022876502946019173,
          "y": -0.00663240859284997,
          "z": 0.007853535935282707
        },
        "scale": {
          "x": 1.0,
          "y": 1.0,
          "z": 1.0
        },
        "matrix_basis": [
          [
            0.9997886419296265,
            -0.015398680232465267,
            -0.013619968667626381,
            0.0
          ],
          [
            0.016005584970116615,
            0.9988299608230591,
            0.0456344410777092,
            0.0
          ],
          [
            0.012901322916150093,
            -0.045842792838811874,
            0.9988653659820557,
            0.0
          ],
          [
            0.0,
            0.0,
            0.0,
            1.0
          ]
        ],
        "rotation_mode": "QUATERNION"
      },
      "armature_space": {
        "head": {
          "x": 0.07122284173965454,
          "y": 0.2585396468639374,
          "z": 0.1377333700656891
        },
        "tail": {
          "x": 0.082196444272995,
          "y": 0.2738369107246399,
          "z": 0.022083155810832977
        }
      },
      "world_space": {
        "head": {
          "x": 0.07122284173965454,
          "y": 0.3217836618423462,
          "z": 1.0875873565673828
        },
        "tail": {
          "x": 0.082196444272995,
          "y": 0.3370808959007263,
          "z": 0.9719371795654297
        },
        "rotation_quaternion": {
          "w": 0.011175235733389854,
          "x": -0.07203175872564316,
          "y": -0.7517662048339844,
          "z": 0.6553885340690613
        },
        "matrix": [
          [
            -0.9893730282783508,
            0.09365398436784744,
            -0.11122041940689087,
            0.07122284173965454
          ],
          [
            0.12295079231262207,
            0.13055413961410522,
            -0.9837880730628967,
            0.3217836618423462
          ],
          [
            -0.07761572301387787,
            -0.9870145916938782,
            -0.14068344235420227,
            1.0875873565673828
          ],
          [
            0.0,
            0.0,
            0.0,
            1.0
          ]
        ]
      },
      "bone_length_armature_space": 0.11717251548978405,
      "parent": "lowerarm_l",
      "has_children": true,
      "is_end_bone": false
    },
    "index_01_l": {
      "name": "index_01_l",
      "local": {
        "location": {
          "x": 0.0,
          "y": 0.0,
          "z": 0.0
        },
        "rotation_quaternion": {
          "w": 0.9916750192642212,
          "x": -0.12781688570976257,
          "y": -0.012816871516406536,
          "z": 0.008906791917979717
        },
        "scale": {
          "x": 1.0,
          "y": 1.0,
          "z": 1.0
        },
        "matrix_basis": [
          [
            0.999512791633606,
            -0.014388861134648323,
            -0.02769721858203411,
            0.0
          ],
          [
            0.020941711962223053,
            0.9671670198440552,
            0.2532773017883301,
            0.0
          ],
          [
            0.0231434665620327,
            -0.25373393297195435,
            0.9669971466064453,
            0.0
          ],
          [
            0.0,
            0.0,
            0.0,
            1.0
          ]
        ],
        "rotation_mode": "QUATERNION"
      },
      "armature_space": {
        "head": {
          "x": 0.082196444272995,
          "y": 0.2738369107246399,
          "z": 0.022083155810832977
        },
        "tail": {
          "x": 0.0771302580833435,
          "y": 0.2888184189796448,
          "z": -0.0016437172889709473
        }
      },
      "world_space": {
        "head": {
          "x": 0.082196444272995,
          "y": 0.3370808959007263,
          "z": 0.9719371795654297
        },
        "tail": {
          "x": 0.0771302580833435,
          "y": 0.3520624041557312,
          "z": 0.9482102990150452
        },
        "rotation_quaternion": {
          "w": 0.1244516670703888,
          "x": 0.03279513865709305,
          "y": -0.8644148111343384,
          "z": 0.48602819442749023
        },
        "matrix": [
          [
            -0.9668727517127991,
            -0.17767123878002167,
            -0.18327614665031433,
            0.082196444272995
          ],
          [
            0.06427609175443649,
            0.5254020690917969,
            -0.8484229445457458,
            0.3370808959007263
          ],
          [
            0.24703580141067505,
            -0.832102358341217,
            -0.4965810477733612,
            0.9719371795654297
          ],
          [
            0.0,
            0.0,
            0.0,
            1.0
          ]
        ]
      },
      "bone_length_armature_space": 0.028514493793163544,
      "parent": "metacarpal_index_l",
      "has_children": true,
      "is_end_bone": false
    },
    "index_02_l": {
      "name": "index_02_l",
      "local": {
        "location": {
          "x": 0.0,
          "y": 0.0,
          "z": 0.0
        },
        "rotation_quaternion": {
          "w": 0.9996324777603149,
          "x": 0.022538749501109123,
          "y": -0.011040804907679558,
          "z": -0.010250751860439777
        },
        "scale": {
          "x": 1.0,
          "y": 1.0,
          "z": 1.0
        },
        "matrix_basis": [
          [
            0.9995460510253906,
            0.019996277987957,
            -0.022535571828484535,
            0.0
          ],
          [
            -0.02099166065454483,
            0.9987738728523254,
            -0.04483458027243614,
            0.0
          ],
          [
            0.021611416712403297,
            0.04528728500008583,
            0.9987401962280273,
            0.0
          ],
          [
            0.0,
            0.0,
            0.0,
            1.0
          ]
        ],
        "rotation_mode": "QUATERNION"
      },
      "armature_space": {
        "head": {
          "x": 0.07713036239147186,
          "y": 0.2888183295726776,
          "z": -0.0016442500054836273
        },
        "tail": {
          "x": 0.07132964581251144,
          "y": 0.30209898948669434,
          "z": -0.022811952978372574
        }
      },
      "world_space": {
        "head": {
          "x": 0.07713036239147186,
          "y": 0.3520623445510864,
          "z": 0.9482097625732422
        },
        "tail": {
          "x": 0.07132964581251144,
          "y": 0.36534297466278076,
          "z": 0.9270420670509338
        },
        "rotation_quaternion": {
          "w": 0.09766872972249985,
          "x": 0.07586806267499924,
          "y": -0.8656269907951355,
          "z": 0.48517489433288574
        },
        "matrix": [
          [
            -0.9694098830223083,
            -0.22611986100673676,
            -0.09546990692615509,
            0.07713036239147186
          ],
          [
            -0.03657490387558937,
            0.5176984071731567,
            -0.8547812104225159,
            0.3520623445510864
          ],
          [
            0.24270926415920258,
            -0.8251464366912842,
            -0.5101364850997925,
            0.9482097625732422
          ],
          [
            0.0,
            0.0,
            0.0,
            1.0
          ]
        ]
      },
      "bone_length_armature_space": 0.02565337978363078,
      "parent": "index_01_l",
      "has_children": true,
      "is_end_bone": false
    },
    "index_03_l": {
      "name": "index_03_l",
      "local": {
        "location": {
          "x": 0.0,
          "y": 0.0,
          "z": 0.0
        },
        "rotation_quaternion": {
          "w": 0.9998673796653748,
          "x": 0.01518817525357008,
          "y": -0.005891798995435238,
          "z": 0.00026824165252037346
        },
        "scale": {
          "x": 1.0,
          "y": 1.0,
          "z": 1.0
        },
        "matrix_basis": [
          [
            0.9999304413795471,
            -0.0007153835031203926,
            -0.01177388709038496,
            0.0
          ],
          [
            0.0003574408183339983,
            0.9995384812355042,
            -0.030375482514500618,
            0.0
          ],
          [
            0.011790183372795582,
            0.030369160696864128,
            0.9994692206382751,
            0.0
          ],
          [
            0.0,
            0.0,
            0.0,
            1.0
          ]
        ],
        "rotation_mode": "QUATERNION"
      },
      "armature_space": {
        "head": {
          "x": 0.07132969051599503,
          "y": 0.3020991086959839,
          "z": -0.022811876609921455
        },
        "tail": {
          "x": 0.0618610642850399,
          "y": 0.3140035569667816,
          "z": -0.04775919392704964
        }
      },
      "world_space": {
        "head": {
          "x": 0.07132969051599503,
          "y": 0.3653430938720703,
          "z": 0.9270421266555786
        },
        "tail": {
          "x": 0.0618610642850399,
          "y": 0.37724757194519043,
          "z": 0.902094841003418
        },
        "rotation_quaternion": {
          "w": 0.13946540653705597,
          "x": 0.1058574989438057,
          "y": -0.8272016644477844,
          "z": 0.5339299440383911
        },
        "matrix": [
          [
            -0.9386873841285706,
            -0.32406067848205566,
            -0.11768963932991028,
            0.07132969051599503
          ],
          [
            -0.0262028556317091,
            0.40742582082748413,
            -0.9128624200820923,
            0.3653430938720703
          ],
          [
            0.3437749147415161,
            -0.853813886642456,
            -0.3909403085708618,
            0.9270421266555786
          ],
          [
            0.0,
            0.0,
            0.0,
            1.0
          ]
        ]
      },
      "bone_length_armature_space": 0.029218819692129836,
      "parent": "index_02_l",
      "has_children": false,
      "is_end_bone": true
    },
    "metacarpal_pinky_l": {
      "name": "metacarpal_pinky_l",
      "local": {
        "location": {
          "x": 0.0,
          "y": 0.0,
          "z": 0.0
        },
        "rotation_quaternion": {
          "w": 0.9997125864028931,
          "x": 0.019560961052775383,
          "y": -0.012259414419531822,
          "z": 0.006476308219134808
        },
        "scale": {
          "x": 1.0,
          "y": 1.0,
          "z": 1.0
        },
        "matrix_basis": [
          [
            0.9996155500411987,
            -0.013428505510091782,
            -0.024258416146039963,
            0.0
          ],
          [
            0.012469281442463398,
            0.9991508722305298,
            -0.03926946967840195,
            0.0
          ],
          [
            0.024765146896243095,
            0.03895188495516777,
            0.9989341497421265,
            0.0
          ],
          [
            0.0,
            0.0,
            0.0,
            1.0
          ]
        ],
        "rotation_mode": "QUATERNION"
      },
      "armature_space": {
        "head": {
          "x": 0.07122284173965454,
          "y": 0.2585396468639374,
          "z": 0.1377333700656891
        },
        "tail": {
          "x": 0.03871969133615494,
          "y": 0.3132633566856384,
          "z": 0.05531878024339676
        }
      },
      "world_space": {
        "head": {
          "x": 0.07122284173965454,
          "y": 0.3217836618423462,
          "z": 1.0875873565673828
        },
        "tail": {
          "x": 0.03871969133615494,
          "y": 0.37650734186172485,
          "z": 1.005172848701477
        },
        "rotation_quaternion": {
          "w": 0.7132392525672913,
          "x": -0.4731619656085968,
          "y": 0.5040372610092163,
          "z": -0.11555911600589752
        },
        "matrix": [
          [
            0.4651869833469391,
            -0.3121378421783447,
            0.8283544778823853,
            0.07122284173965454
          ],
          [
            -0.6418242454528809,
            0.5255287289619446,
            0.5584633350372314,
            0.3217836618423462
          ],
          [
            -0.6096464395523071,
            -0.7914528846740723,
            0.04413219168782234,
            1.0875873565673828
          ],
          [
            0.0,
            0.0,
            0.0,
            1.0
          ]
        ]
      },
      "bone_length_armature_space": 0.10413118530518647,
      "parent": "lowerarm_l",
      "has_children": true,
      "is_end_bone": false
    },
    "pinky_01_l": {
      "name": "pinky_01_l",
      "local": {
        "location": {
          "x": 0.0,
          "y": 0.0,
          "z": 0.0
        },
        "rotation_quaternion": {
          "w": 0.9695485830307007,
          "x": 0.24377351999282837,
          "y": 0.023420756682753563,
          "z": 0.0012093833647668362
        },
        "scale": {
          "x": 1.0,
          "y": 1.0,
          "z": 1.0
        },
        "matrix_basis": [
          [
            0.9988999962806702,
            0.009073608554899693,
            0.046004753559827805,
            0.0
          ],
          [
            0.013763832859694958,
            0.8811460137367249,
            -0.4726438820362091,
            0.0
          ],
          [
            -0.044825490564107895,
            0.4727571904659271,
            0.880051851272583,
            0.0
          ],
          [
            0.0,
            0.0,
            0.0,
            1.0
          ]
        ],
        "rotation_mode": "QUATERNION"
      },
      "armature_space": {
        "head": {
          "x": 0.03871969133615494,
          "y": 0.3132633566856384,
          "z": 0.05531878024339676
        },
