{
  "metadata": {
    "armature_name": "KIM_caucasian_male",
    "export_time": "2026-01-13T20:26:07.254236",
    "blender_version": "4.4.1",
    "bone_count": 56,
    "end_bone_count": 13,
    "spaces_included": [
      "LOCAL_CHANNELS",
      "ARMATURE_SPACE",
      "WORLD_SPACE"
    ],
    "note": "LOCAL matches Transform panel; replay pose via local.matrix_basis for best fidelity."
  },
  "bones": {
    "Root": {
      "name": "Root",
      "local": {
        "location": {
          "x": 0.0,
          "y": 0.0,
          "z": 0.0
        },
        "rotation_quaternion": {
          "w": 0.9994462728500366,
          "x": 0.006750741042196751,
          "y": -0.017789358273148537,
          "z": -0.02729916386306286
        },
        "scale": {
          "x": 1.0,
          "y": 1.0,
          "z": 1.0
        },
        "matrix_basis": [
          [
            0.9978765845298767,
            0.054327912628650665,
            -0.03592759370803833,
            0.0
          ],
          [
            -0.054808277636766434,
            0.998418390750885,
            -0.012522736564278603,
            0.0
          ],
          [
            0.035190436989068985,
            0.014465275220572948,
            0.9992759227752686,
            0.0
          ],
          [
            0.0,
            0.0,
            0.0,
            1.0
          ]
        ],
        "rotation_mode": "QUATERNION"
      },
      "armature_space": {
        "head": {
          "x": 0.0,
          "y": 0.07072800397872925,
          "z": -0.009595036506652832
        },
        "tail": {
          "x": 0.003877701936289668,
          "y": -2.6926398277282715e-05,
          "z": -0.0010382821783423424
        }
      },
      "world_space": {
        "head": {
          "x": 0.0,
          "y": 0.13397200405597687,
          "z": 0.9402589797973633
        },
        "tail": {
          "x": 0.003877701936289668,
          "y": 0.06321707367897034,
          "z": 0.9488157629966736
        },
        "rotation_quaternion": {
          "w": 0.06059494614601135,
          "x": 0.9976304769515991,
          "y": 0.02603871375322342,
          "z": -0.019588030874729156
        },
        "matrix": [
          [
            0.9978765845298767,
            0.054327912628650665,
            -0.03592759370803833,
            0.0
          ],
          [
            0.049580153077840805,
            -0.9913004636764526,
            -0.1219232901930809,
            0.13397200405597687
          ],
          [
            -0.042239125818014145,
            0.11988300830125809,
            -0.9918960928916931,
            0.9402589797973633
          ],
          [
            0.0,
            0.0,
            0.0,
            1.0
          ]
        ]
      },
      "bone_length_armature_space": 0.07137587023859628,
      "parent": null,
      "has_children": true,
      "is_end_bone": false
    },
    "spine_01": {
      "name": "spine_01",
      "local": {
        "location": {
          "x": 0.0,
          "y": 0.0,
          "z": 0.0
        },
        "rotation_quaternion": {
          "w": 0.9934729337692261,
          "x": 0.10259339213371277,
          "y": -0.027708634734153748,
          "z": -0.04145381972193718
        },
        "scale": {
          "x": 1.0,
          "y": 1.0,
          "z": 1.0
        },
        "matrix_basis": [
          [
            0.9950276017189026,
            0.07668104767799377,
            -0.0635613352060318,
            0.0
          ],
          [
            -0.0880519449710846,
            0.9755123257637024,
            -0.20155026018619537,
            0.0
          ],
          [
            0.046549782156944275,
            0.206144779920578,
            0.9774136543273926,
            0.0
          ],
          [
            0.0,
            0.0,
            0.0,
            1.0
          ]
        ],
        "rotation_mode": "QUATERNION"
      },
      "armature_space": {
        "head": {
          "x": 0.003877701936289668,
          "y": -2.6926398277282715e-05,
          "z": -0.0010382821783423424
        },
        "tail": {
          "x": 0.06565707921981812,
          "y": -0.08228439837694168,
          "z": 0.4759998023509979
        }
      },
      "world_space": {
        "head": {
          "x": 0.003877701936289668,
          "y": 0.06321707367897034,
          "z": 0.9488157629966736
        },
        "tail": {
          "x": 0.06565707921981812,
          "y": -0.01904039829969406,
          "z": 1.4258538484573364
        },
        "rotation_quaternion": {
          "w": 0.6434301137924194,
          "x": 0.7627942562103271,
          "y": 0.041442643851041794,
          "z": -0.04924565926194191
        },
        "matrix": [
          [
            0.9917147159576416,
            0.12659676373004913,
            -0.021796897053718567,
            0.003877701936289668
          ],
          [
            -0.00014708936214447021,
            -0.1685599684715271,
            -0.985691487789154,
            0.06321707367897034
          ],
          [
            -0.1284603327512741,
            0.9775345921516418,
            -0.16714683175086975,
            0.9488157629966736
          ],
          [
            0.0,
            0.0,
            0.0,
            1.0
          ]
        ]
      },
      "bone_length_armature_space": 0.48800442239320785,
      "parent": "Root",
      "has_children": true,
      "is_end_bone": false
    },
    "neck_01": {
      "name": "neck_01",
      "local": {
        "location": {
          "x": 0.0,
          "y": 0.0,
          "z": 0.0
        },
        "rotation_quaternion": {
          "w": 0.9823552370071411,
          "x": -0.08747120946645737,
          "y": -0.12416036427021027,
          "z": -0.1091383695602417
        },
        "scale": {
          "x": 1.0,
          "y": 1.0,
          "z": 1.0
        },
        "matrix_basis": [
          [
            0.9453460574150085,
            0.2361462116241455,
            -0.2248462438583374,
            0.0
          ],
          [
            -0.19270437955856323,
            0.9608752131462097,
            0.1989569216966629,
            0.0
          ],
          [
            0.26303210854530334,
            -0.14475427567958832,
            0.9538660049438477,
            0.0
          ],
          [
            0.0,
            0.0,
            0.0,
            1.0
          ]
        ],
        "rotation_mode": "QUATERNION"
      },
      "armature_space": {
        "head": {
          "x": 0.07417037338018417,
          "y": -0.128810316324234,
          "z": 0.5417766571044922
        },
        "tail": {
          "x": 0.10993586480617523,
          "y": -0.16851726174354553,
          "z": 0.629269003868103
        }
      },
      "world_space": {
        "head": {
          "x": 0.07417037338018417,
          "y": -0.06556631624698639,
          "z": 1.4916306734085083
        },
        "tail": {
          "x": 0.10993586480617523,
          "y": -0.10527326166629791,
          "z": 1.5791230201721191
        },
        "rotation_quaternion": {
          "w": 0.5489946007728577,
          "x": 0.8047451972961426,
          "y": 0.07037714123725891,
          "z": -0.21456275880336761
        },
        "matrix": [
          [
            0.8980201482772827,
            0.3488589823246002,
            -0.2680618464946747,
            0.07417037338018417
          ],
          [
            -0.1223146915435791,
            -0.3873041272163391,
            -0.9138025045394897,
            -0.06556631624698639
          ],
          [
            -0.42261266708374023,
            0.8534064292907715,
            -0.30513933300971985,
            1.4916306734085083
          ],
          [
            0.0,
            0.0,
            0.0,
            1.0
          ]
        ]
      },
      "bone_length_armature_space": 0.10252181600672672,
      "parent": "spine_01",
      "has_children": true,
      "is_end_bone": false
    },
    "head": {
      "name": "head",
      "local": {
        "location": {
          "x": 0.0,
          "y": 0.0,
          "z": 0.0
        },
        "rotation_quaternion": {
          "w": 0.9963166117668152,
          "x": -0.020252728834748268,
          "y": -0.013857482932507992,
          "z": 0.08216483891010284
        },
        "scale": {
          "x": 1.0,
          "y": 1.0,
          "z": 1.0
        },
        "matrix_basis": [
          [
            0.9861138463020325,
            -0.16316308081150055,
            -0.030941005796194077,
            0.0
          ],
          [
            0.16428568959236145,
            0.9856775403022766,
            0.03807906433939934,
            0.0
          ],
          [
            0.024284755811095238,
            -0.042633455246686935,
            0.9987955689430237,
            0.0
          ],
          [
            0.0,
            0.0,
            0.0,
            1.0
          ]
        ],
        "rotation_mode": "QUATERNION"
      },
      "armature_space": {
        "head": {
          "x": 0.10993579030036926,
          "y": -0.16851738095283508,
          "z": 0.6292688846588135
        },
        "tail": {
          "x": 0.15250107645988464,
          "y": -0.16348150372505188,
          "z": 0.7783195972442627
        }
      },
      "world_space": {
        "head": {
          "x": 0.10993579030036926,
          "y": -0.10527338087558746,
          "z": 1.5791229009628296
        },
        "tail": {
          "x": 0.15250107645988464,
          "y": -0.10023750364780426,
          "z": 1.7281736135482788
        },
        "rotation_quaternion": {
          "w": 0.7170969843864441,
          "x": 0.6794025301933289,
          "y": 0.04480041190981865,
          "z": -0.1489199548959732
        },
        "matrix": [
          [
            0.9516313076019287,
            0.27445507049560547,
            -0.13810239732265472,
            0.10993579030036926
          ],
          [
            -0.15270701050758362,
            0.03247068077325821,
            -0.9877381324768066,
            -0.10527338087558746
          ],
          [
            -0.26660746335983276,
            0.9610583782196045,
            0.07281087338924408,
            1.5791229009628296
          ],
          [
            0.0,
            0.0,
            0.0,
            1.0
          ]
        ]
      },
      "bone_length_armature_space": 0.15509119497086893,
      "parent": "neck_01",
      "has_children": false,
      "is_end_bone": true
    },
    "upperarm_l": {
      "name": "upperarm_l",
      "local": {
        "location": {
          "x": 0.0,
          "y": 0.0,
          "z": 0.0
        },
        "rotation_quaternion": {
          "w": 0.8868991136550903,
          "x": -0.0053570023737847805,
          "y": 0.42564961314201355,
          "z": 0.17945410311222076
        },
        "scale": {
          "x": 1.0,
          "y": 1.0,
          "z": 1.0
        },
        "matrix_basis": [
          [
            0.5732372403144836,
            -0.3228757679462433,
            0.7530938386917114,
            0.0
          ],
          [
            0.31375494599342346,
            0.9355350732803345,
            0.1622713804244995,
            0.0
          ],
          [
            -0.756939172744751,
            0.14326690137386322,
            0.6375874280929565,
            0.0
          ],
          [
            0.0,
            0.0,
            0.0,
            1.0
          ]
        ],
        "rotation_mode": "QUATERNION"
      },
      "armature_space": {
        "head": {
          "x": 0.21434980630874634,
          "y": -0.12064734101295471,
          "z": 0.45627665519714355
        },
        "tail": {
          "x": 0.4756132960319519,
          "y": -0.1643419712781906,
          "z": 0.4967711269855499
        }
      },
      "world_space": {
        "head": {
          "x": 0.21434980630874634,
          "y": -0.05740334093570709,
          "z": 1.4061306715011597
        },
        "tail": {
          "x": 0.4756132960319519,
          "y": -0.101097971200943,
          "z": 1.4466251134872437
        },
        "rotation_quaternion": {
          "w": 0.2079472690820694,
          "x": 0.7511324882507324,
          "y": 0.6125586032867432,
          "z": -0.131643146276474
        },
        "matrix": [
          [
            0.21488343179225922,
            0.9749749898910522,
            0.056999001652002335,
            0.21434980630874634
          ],
          [
            0.8654760718345642,
            -0.16305826604366302,
            -0.47367024421691895,
            -0.05740334093570709
          ],
          [
            -0.4525247812271118,
            0.1511160284280777,
            -0.8788625597953796,
            1.4061306715011597
          ],
          [
            0.0,
            0.0,
            0.0,
            1.0
          ]
        ]
      },
      "bone_length_armature_space": 0.26796946896485785,
      "parent": "spine_01",
      "has_children": true,
      "is_end_bone": false
    },
    "lowerarm_l": {
      "name": "lowerarm_l",
      "local": {
        "location": {
          "x": 0.0,
          "y": 0.0,
          "z": 0.0
        },
        "rotation_quaternion": {
          "w": 0.9909138679504395,
          "x": 0.09955430030822754,
          "y": 0.04425632953643799,
          "z": 0.07886768132448196
        },
        "scale": {
          "x": 1.0,
          "y": 1.0,
          "z": 1.0
        },
        "matrix_basis": [
          [
            0.9836425185203552,
            -0.14749033749103546,
            0.10341165214776993,
            0.0
          ],
          [
            0.16511397063732147,
            0.9677376747131348,
            -0.19031868875026703,
            0.0
          ],
          [
            -0.07200518995523453,
            0.20428025722503662,
            0.9762606620788574,
            0.0
          ],
          [
            0.0,
            0.0,
            0.0,
            1.0
          ]
        ],
        "rotation_mode": "QUATERNION"
      },
      "armature_space": {
        "head": {
          "x": 0.4756133556365967,
          "y": -0.16434210538864136,
          "z": 0.4967711567878723
        },
        "tail": {
          "x": 0.7075017690658569,
          "y": -0.29773634672164917,
          "z": 0.49502283334732056
        }
      },
      "world_space": {
        "head": {
          "x": 0.4756133556365967,
          "y": -0.10109810531139374,
          "z": 1.4466252326965332
        },
        "tail": {
          "x": 0.7075017690658569,
          "y": -0.23449234664440155,
          "z": 1.4448769092559814
        },
        "rotation_quaternion": {
          "w": 0.12235520035028458,
          "x": 0.8377645611763,
          "y": 0.48550641536712646,
          "z": -0.2178608477115631
        },
        "matrix": [
          [
            0.4336398243904114,
            0.8667933344841003,
            -0.2462223768234253,
            0.4756133556365967
          ],
          [
            0.7601673007011414,
            -0.4986244738101959,
            -0.4165568947792053,
            -0.10109810531139374
          ],
          [
            -0.4838438332080841,
            -0.006535157561302185,
            -0.8751380443572998,
            1.4466252326965332
          ],
          [
            0.0,
            0.0,
            0.0,
            1.0
          ]
        ]
      },
      "bone_length_armature_space": 0.26752442502677115,
      "parent": "upperarm_l",
      "has_children": true,
      "is_end_bone": false
    },
    "metacarpal_thumb_l": {
      "name": "metacarpal_thumb_l",
      "local": {
        "location": {
          "x": 0.0,
          "y": 0.0,
          "z": 0.0
        },
        "rotation_quaternion": {
          "w": 0.9993526935577393,
          "x": -0.027644436806440353,
          "y": -0.01130165159702301,
          "z": 0.02006068266928196
        },
        "scale": {
          "x": 1.0,
          "y": 1.0,
          "z": 1.0
        },
        "matrix_basis": [
          [
            0.9989396929740906,
            -0.03947053849697113,
            -0.023697804659605026,
            0.0
          ],
          [
            0.04072025045752525,
            0.9976667165756226,
            0.0547996461391449,
            0.0
          ],
          [
            0.021479539573192596,
            -0.05570652335882187,
            0.9982160925865173,
            0.0
          ],
          [
            0.0,
            0.0,
            0.0,
            1.0
          ]
        ],
        "rotation_mode": "QUATERNION"
      },
      "armature_space": {
        "head": {
          "x": 0.7075017690658569,
          "y": -0.29773634672164917,
          "z": 0.49502283334732056
        },
        "tail": {
          "x": 0.7358126640319824,
          "y": -0.3249695301055908,
          "z": 0.46484923362731934
        }
      },
      "world_space": {
        "head": {
          "x": 0.7075017690658569,
          "y": -0.23449234664440155,
          "z": 1.4448769092559814
        },
        "tail": {
          "x": 0.7358126640319824,
          "y": -0.2617255449295044,
          "z": 1.4147032499313354
        },
        "rotation_quaternion": {
          "w": 0.43053579330444336,
          "x": -0.8356184363365173,
          "y": -0.1993577480316162,
          "z": -0.2768343985080719
        },
        "matrix": [
          [
            0.7672386765480042,
            0.5715481042861938,
            0.29099321365356445,
            0.7075017690658569
          ],
          [
            0.09480206668376923,
            -0.5497915744781494,
            0.8299047946929932,
            -0.23449234664440155
          ],
          [
            0.6343209147453308,
            -0.609153151512146,
            -0.4760078191757202,
            1.4448769092559814
          ],
          [
            0.0,
            0.0,
            0.0,
            1.0
          ]
        ]
      },
      "bone_length_armature_space": 0.04953381858240415,
      "parent": "lowerarm_l",
      "has_children": true,
      "is_end_bone": false
    },
    "thumb_01_l": {
      "name": "thumb_01_l",
      "local": {
        "location": {
          "x": 0.0,
          "y": 0.0,
          "z": 0.0
        },
        "rotation_quaternion": {
          "w": 0.9981227517127991,
          "x": -0.05499885976314545,
          "y": -0.023266930133104324,
          "z": -0.01359692681580782
        },
        "scale": {
          "x": 1.0,
          "y": 1.0,
          "z": 1.0
        },
        "matrix_basis": [
          [
            0.9985475540161133,
            0.029702113941311836,
            -0.04495087265968323,
            0.0
          ],
          [
            -0.024583494290709496,
            0.9935805201530457,
            0.11042394489049911,
            0.0
          ],
          [
            0.047942135483026505,
            -0.10915850847959518,
            0.9928675293922424,
            0.0
          ],
          [
            0.0,
            0.0,
            0.0,
            1.0
          ]
        ],
        "rotation_mode": "QUATERNION"
      },
      "armature_space": {
        "head": {
          "x": 0.7358126640319824,
          "y": -0.3249695301055908,
          "z": 0.46484923362731934
        },
        "tail": {
          "x": 0.7498577833175659,
          "y": -0.3182477653026581,
          "z": 0.43458062410354614
        }
      },
      "world_space": {
        "head": {
          "x": 0.7358126640319824,
          "y": -0.2617255449295044,
          "z": 1.4147032499313354
        },
        "tail": {
          "x": 0.7498577833175659,
          "y": -0.25500375032424927,
          "z": 1.384434700012207
        },
        "rotation_quaternion": {
          "w": 0.6896368861198425,
          "x": -0.3912041485309601,
          "y": 0.35091155767440796,
          "z": -0.4982183575630188
        },
        "matrix": [
          [
            0.25727730989456177,
            0.4126242995262146,
            0.8738130331039429,
            0.7358126640319824
          ],
          [
            -0.9617359638214111,
            0.19747450947761536,
            0.18991506099700928,
            -0.2617255449295044
          ],
          [
            -0.09419380873441696,
            -0.8892444372177124,
            0.4476448595523834,
            1.4147032499313354
          ],
          [
            0.0,
            0.0,
            0.0,
            1.0
          ]
        ]
      },
      "bone_length_armature_space": 0.03403874543320574,
      "parent": "metacarpal_thumb_l",
      "has_children": true,
      "is_end_bone": false
    },
    "thumb_02_l": {
      "name": "thumb_02_l",
      "local": {
        "location": {
          "x": 0.0,
          "y": 0.0,
          "z": 0.0
        },
        "rotation_quaternion": {
          "w": 0.9985422492027283,
          "x": 0.053272996097803116,
          "y": 0.008081146515905857,
          "z": 0.0031676525250077248
        },
        "scale": {
          "x": 1.0,
          "y": 1.0,
          "z": 1.0
        },
        "matrix_basis": [
          [
            0.9998493194580078,
            -0.00546505581587553,
            0.016476232558488846,
            0.0
          ],
          [
            0.00718708336353302,
            0.9943038821220398,
            -0.1063394770026207,
            0.0
          ],
          [
            -0.015801232308149338,
            0.10644187033176422,
            0.9941933751106262,
            0.0
          ],
          [
            0.0,
            0.0,
            0.0,
            1.0
          ]
        ],
        "rotation_mode": "QUATERNION"
      },
      "armature_space": {
        "head": {
          "x": 0.7498577237129211,
          "y": -0.3182477355003357,
          "z": 0.43458059430122375
        },
        "tail": {
          "x": 0.7858521938323975,
          "y": -0.3353702127933502,
          "z": 0.4296409785747528
        }
      },
      "world_space": {
        "head": {
          "x": 0.7498577237129211,
          "y": -0.25500375032424927,
          "z": 1.3844345808029175
        },
        "tail": {
          "x": 0.7858521938323975,
          "y": -0.2721261978149414,
          "z": 1.3794950246810913
        },
        "rotation_quaternion": {
          "w": 0.5188157558441162,
          "x": 0.09646155685186386,
          "y": 0.1329473853111267,
          "z": -0.8389579653739929
        },
        "matrix": [
          [
            -0.4430505037307739,
            0.8961777687072754,
            -0.023902341723442078,
            0.7498577237129211
          ],
          [
            -0.8448811173439026,
            -0.42630961537361145,
            -0.323165625333786,
            -0.25500375032424927
          ],
          [
            -0.29980677366256714,
            -0.12298525124788284,
            0.9460468292236328,
            1.3844345808029175
          ],
          [
            0.0,
            0.0,
            0.0,
            1.0
          ]
        ]
      },
      "bone_length_armature_space": 0.040164423026226366,
      "parent": "thumb_01_l",
      "has_children": true,
      "is_end_bone": false
    },
    "thumb_03_l": {
      "name": "thumb_03_l",
      "local": {
        "location": {
          "x": 0.0,
          "y": 0.0,
          "z": 0.0
        },
        "rotation_quaternion": {
          "w": 0.9977377653121948,
          "x": 0.06680643558502197,
          "y": 0.005332482047379017,
          "z": -0.005282107274979353
        },
        "scale": {
          "x": 1.0,
          "y": 1.0,
          "z": 1.0
        },
        "matrix_basis": [
          [
            0.9998873472213745,
            0.011252803727984428,
            0.009935080073773861,
            0.0
          ],
          [
            -0.009827828034758568,
            0.9910179972648621,
            -0.13336694240570068,
            0.0
          ],
          [
            -0.011346595361828804,
            0.133254274725914,
            0.9910169243812561,
            0.0
          ],
          [
            0.0,
            0.0,
            0.0,
            1.0
          ]
        ],
        "rotation_mode": "QUATERNION"
      },
      "armature_space": {
        "head": {
          "x": 0.7858520746231079,
          "y": -0.3353702127933502,
          "z": 0.42964088916778564
        },
        "tail": {
          "x": 0.8119357228279114,
          "y": -0.3485472798347473,
          "z": 0.43817898631095886
        }
      },
      "world_space": {
        "head": {
          "x": 0.7858520746231079,
          "y": -0.2721261978149414,
          "z": 1.3794949054718018
        },
        "tail": {
          "x": 0.8119357228279114,
          "y": -0.2853032946586609,
          "z": 1.3880330324172974
        },
        "rotation_quaternion": {
          "w": 0.5280467867851257,
          "x": 0.3652757704257965,
          "y": 0.06896995007991791,
          "z": -0.7635334730148315
        },
        "matrix": [
          [
            -0.17547911405563354,
            0.8567503094673157,
            -0.4849594533443451,
            0.7858520746231079
          ],
          [
            -0.7559770345687866,
            -0.4328170418739319,
            -0.4910888671875,
            -0.2721261978149414
          ],
          [
            -0.630644679069519,
            0.2804439663887024,
            0.7236385345458984,
            1.3794949054718018
          ],
          [
            0.0,
            0.0,
            0.0,
            1.0
          ]
        ]
      },
      "bone_length_armature_space": 0.030444882832687762,
      "parent": "thumb_02_l",
      "has_children": false,
      "is_end_bone": true
    },
    "metacarpal_index_l": {
      "name": "metacarpal_index_l",
      "local": {
        "location": {
          "x": 0.0,
          "y": 0.0,
          "z": 0.0
        },
        "rotation_quaternion": {
          "w": 0.9998433589935303,
          "x": -0.013635065406560898,
          "y": -0.006832393817603588,
          "z": 0.00898858904838562
        },
        "scale": {
          "x": 1.0,
          "y": 1.0,
          "z": 1.0
        },
        "matrix_basis": [
          [
            0.9997450709342957,
            -0.01778804138302803,
            -0.01390776690095663,
            0.0
          ],
          [
            0.018160682171583176,
            0.999466598033905,
            0.027143031358718872,
            0.0
          ],
          [
            0.013417527079582214,
            -0.027388686314225197,
            0.9995347857475281,
            0.0
          ],
          [
            0.0,
            0.0,
            0.0,
            1.0
          ]
        ],
        "rotation_mode": "QUATERNION"
      },
      "armature_space": {
        "head": {
          "x": 0.7075017690658569,
          "y": -0.29773634672164917,
          "z": 0.49502283334732056
        },
        "tail": {
          "x": 0.7963817119598389,
          "y": -0.366629421710968,
          "z": 0.4621088206768036
        }
      },
      "world_space": {
        "head": {
          "x": 0.7075017690658569,
          "y": -0.23449234664440155,
          "z": 1.4448769092559814
        },
        "tail": {
          "x": 0.7963817119598389,
          "y": -0.3033854365348816,
          "z": 1.411962866783142
        },
        "rotation_quaternion": {
          "w": 0.21347260475158691,
          "x": -0.8829510807991028,
          "y": -0.4005570113658905,
          "z": -0.11992136389017105
        },
        "matrix": [
          [
            0.6503456830978394,
            0.7585442662239075,
            0.040752045810222626,
            0.7075017690658569
          ],
          [
            0.6561455726623535,
            -0.5879666805267334,
            0.47304171323776245,
            -0.23449234664440155
          ],
          [
            0.3827873468399048,
            -0.280904084444046,
            -0.8801027536392212,
            1.4448769092559814
          ],
          [
            0.0,
            0.0,
            0.0,
            1.0
          ]
        ]
      },
      "bone_length_armature_space": 0.1171718055427878,
      "parent": "lowerarm_l",
      "has_children": true,
      "is_end_bone": false
    },
    "index_01_l": {
      "name": "index_01_l",
      "local": {
        "location": {
          "x": 0.0,
          "y": 0.0,
          "z": 0.0
        },
        "rotation_quaternion": {
          "w": 0.9932082891464233,
          "x": -0.11563720554113388,
          "y": 0.011455097235739231,
          "z": 0.005848595406860113
        },
        "scale": {
          "x": 1.0,
          "y": 1.0,
          "z": 1.0
        },
        "matrix_basis": [
          [
            0.9996691346168518,
            -0.01426701806485653,
            0.021401964128017426,
            0.0
          ],
          [
            0.008968476206064224,
            0.9731876850128174,
            0.22983765602111816,
            0.0
          ],
          [
            -0.024107225239276886,
            -0.229569673538208,
            0.9729936122894287,
            0.0
          ],
          [
            0.0,
            0.0,
            0.0,
            1.0
          ]
        ],
        "rotation_mode": "QUATERNION"
      },
      "armature_space": {
        "head": {
          "x": 0.7963817119598389,
          "y": -0.366629421710968,
          "z": 0.4621088206768036
        },
        "tail": {
          "x": 0.820759117603302,
          "y": -0.38045409321784973,
          "z": 0.4673708379268646
        }
      },
      "world_space": {
        "head": {
          "x": 0.7963817119598389,
          "y": -0.3033854365348816,
          "z": 1.411962866783142
        },
        "tail": {
          "x": 0.820759117603302,
          "y": -0.3172100782394409,
          "z": 1.4172248840332031
        },
        "rotation_quaternion": {
          "w": 0.051073137670755386,
          "x": -0.8196672797203064,
          "y": -0.5049504041671753,
          "z": -0.26563549041748047
        },
        "matrix": [
          [
            0.3489251732826233,
            0.8549171686172485,
            0.38388505578041077,
            0.7963817119598389
          ],
          [
            0.8006493449211121,
            -0.48483213782310486,
            0.35199248790740967,
            -0.3033854365348816
          ],
          [
            0.48704856634140015,
            0.18453894555568695,
            -0.8536645174026489,
            1.411962866783142
          ],
          [
            0.0,
            0.0,
            0.0,
            1.0
          ]
        ]
      },
      "bone_length_armature_space": 0.028514351888066926,
      "parent": "metacarpal_index_l",
      "has_children": true,
      "is_end_bone": false
    },
    "index_02_l": {
      "name": "index_02_l",
      "local": {
        "location": {
          "x": 0.0,
          "y": 0.0,
          "z": 0.0
        },
        "rotation_quaternion": {
          "w": 0.9995259642601013,
          "x": 0.029136257246136665,
          "y": 0.009561913087964058,
          "z": -0.002731526969000697
        },
        "scale": {
          "x": 1.0,
          "y": 1.0,
          "z": 1.0
        },
        "matrix_basis": [
          [
            0.9998022317886353,
            0.006017661187797785,
            0.018955588340759277,
            0.0
          ],
          [
            -0.004903267603367567,
            0.9982872605323792,
            -0.05829712748527527,
            0.0
          ],
          [
            -0.01927393302321434,
            0.0581926554441452,
            0.9981192946434021,
            0.0
          ],
          [
            0.0,
            0.0,
            0.0,
            1.0
          ]
        ],
        "rotation_mode": "QUATERNION"
      },
      "armature_space": {
        "head": {
          "x": 0.8207594752311707,
          "y": -0.3804543614387512,
          "z": 0.46737051010131836
        },
        "tail": {
          "x": 0.8432059288024902,
          "y": -0.3919820189476013,
          "z": 0.4719923138618469
        }
      },
      "world_space": {
        "head": {
          "x": 0.8207594752311707,
          "y": -0.3172103762626648,
          "z": 1.4172245264053345
        },
        "tail": {
          "x": 0.8432059288024902,
          "y": -0.3287380337715149,
          "z": 1.4218463897705078
        },
        "rotation_quaternion": {
          "w": 0.044099342077970505,
          "x": -0.8164122104644775,
          "y": -0.5228506922721863,
          "z": -0.24115049839019775
        },
        "matrix": [
          [
            0.33694660663604736,
            0.8749933242797852,
            0.3476400375366211,
            0.8207594752311707
          ],
          [
            0.8324545621871948,
            -0.44936370849609375,
            0.3241788148880005,
            -0.3172103762626648
          ],
          [
            0.43987512588500977,
            0.18016423285007477,
            -0.879809558391571,
            1.4172245264053345
          ],
          [
            0.0,
            0.0,
            0.0,
            1.0
          ]
        ]
      },
      "bone_length_armature_space": 0.02565328930687522,
      "parent": "index_01_l",
      "has_children": true,
      "is_end_bone": false
    },
    "index_03_l": {
      "name": "index_03_l",
      "local": {
        "location": {
          "x": 0.0,
          "y": 0.0,
          "z": 0.0
        },
        "rotation_quaternion": {
          "w": 0.9997822046279907,
          "x": 0.019840460270643234,
          "y": -0.006102791987359524,
          "z": -0.002177306916564703
        },
        "scale": {
          "x": 1.0,
          "y": 1.0,
          "z": 1.0
        },
        "matrix_basis": [
          [
            0.9999160170555115,
            0.004111500922590494,
            -0.012289322912693024,
            0.0
          ],
          [
            -0.004595829639583826,
            0.9992032051086426,
            -0.03964570164680481,
            0.0
          ],
          [
            0.012116528116166592,
            0.039698854088783264,
            0.9991382360458374,
            0.0
          ],
          [
            0.0,
            0.0,
            0.0,
            1.0
          ]
        ],
        "rotation_mode": "QUATERNION"
      },
      "armature_space": {
        "head": {
          "x": 0.8432058095932007,
          "y": -0.3919820785522461,
          "z": 0.4719924032688141
        },
        "tail": {
          "x": 0.8706921339035034,
          "y": -0.4013690948486328,
          "z": 0.47517305612564087
        }
      },
      "world_space": {
        "head": {
          "x": 0.8432058095932007,
          "y": -0.32873809337615967,
          "z": 1.4218463897705078
        },
        "tail": {
          "x": 0.8706921339035034,
          "y": -0.3381251096725464,
          "z": 1.4250271320343018
        },
        "rotation_quaternion": {
          "w": 0.100833959877491,
          "x": -0.7790470123291016,
          "y": -0.5737577676773071,
          "z": -0.23177647590637207
        },
        "matrix": [
          [
            0.23416277766227722,
            0.9407110810279846,
            0.24541881680488586,
            0.8432058095932007
          ],
          [
            0.8472270965576172,
            -0.3212675452232361,
            0.42307645082473755,
            -0.32873809337615967
          ],
          [
            0.47684213519096375,
            0.10885696113109589,
            -0.8722303509712219,
            1.4218463897705078
          ],
          [
            0.0,
            0.0,
            0.0,
            1.0
          ]
        ]
      },
      "bone_length_armature_space": 0.0292186693326866,
      "parent": "index_02_l",
      "has_children": false,
      "is_end_bone": true
    },
    "metacarpal_pinky_l": {
      "name": "metacarpal_pinky_l",
      "local": {
        "location": {
          "x": 0.0,
          "y": 0.0,
          "z": 0.0
        },
        "rotation_quaternion": {
          "w": 0.999663233757019,
          "x": -0.015317236073315144,
          "y": -0.016467873007059097,
          "z": -0.01295296661555767
        },
        "scale": {
          "x": 1.0,
          "y": 1.0,
          "z": 1.0
        },
        "matrix_basis": [
          [
            0.9991220831871033,
            0.026401693001389503,
            -0.03252784535288811,
            0.0
          ],
          [
            -0.025392724201083183,
            0.9991952180862427,
            0.031050771474838257,
            0.0
          ],
          [
            0.03332146257162094,
            -0.030197540298104286,
            0.9989883899688721,
            0.0
          ],
          [
            0.0,
            0.0,
            0.0,
            1.0
          ]
        ],
        "rotation_mode": "QUATERNION"
      },
      "armature_space": {
        "head": {
          "x": 0.7075017690658569,
          "y": -0.29773634672164917,
          "z": 0.49502283334732056
        },
        "tail": {
          "x": 0.803115963935852,
          "y": -0.3317006528377533,
          "z": 0.5184230208396912
        }
      },
      "world_space": {
        "head": {
          "x": 0.7075017690658569,
          "y": -0.23449234664440155,
          "z": 1.4448769092559814
        },
        "tail": {
          "x": 0.803115963935852,
          "y": -0.2684566378593445,
          "z": 1.4682769775390625
        },
        "rotation_quaternion": {
          "w": 0.5150721073150635,
          "x": 0.5364394783973694,
          "y": 0.2676091492176056,
          "z": -0.612632691860199
        },
        "matrix": [
          [
            0.10613429546356201,
            0.9182128310203552,
            -0.3816024363040924,
            0.7075017690658569
          ],
          [
            -0.3439878821372986,
            -0.3261696994304657,
            -0.8805032968521118,
            -0.23449234664440155
          ],
          [
            -0.9329635500907898,
            0.22471942007541656,
            0.2812372148036957,
            1.4448769092559814
          ],
          [
            0.0,
            0.0,
            0.0,
            1.0
          ]
        ]
      },
      "bone_length_armature_space": 0.10413076718435506,
      "parent": "lowerarm_l",
      "has_children": true,
      "is_end_bone": false
    },
    "pinky_01_l": {
      "name": "pinky_01_l",
      "local": {
        "location": {
          "x": 0.0,
          "y": 0.0,
          "z": 0.0
        },
        "rotation_quaternion": {
          "w": 0.9910275340080261,
          "x": -0.13267293572425842,
          "y": 0.013790283352136612,
          "z": 0.008491800166666508
        },
        "scale": {
          "x": 1.0,
          "y": 1.0,
          "z": 1.0
        },
        "matrix_basis": [
          [
            0.9994754195213318,
            -0.020490409806370735,
            0.025079837068915367,
            0.0
          ],
          [
            0.013172021135687828,
            0.9646515846252441,
            0.2631992697715759,
            0.0
          ],
          [
            -0.029586365446448326,
            -0.2627308666706085,
            0.964415431022644,
            0.0
          ],
          [
            0.0,
            0.0,
            0.0,
            1.0
          ]
        ],
        "rotation_mode": "QUATERNION"
      },
      "armature_space": {
        "head": {
          "x": 0.803115963935852,
          "y": -0.3317006528377533,
          "z": 0.5184230208396912
        },
        "tail": {
