{
  "metadata": {
    "armature_name": "KIM_caucasian_male",
    "export_time": "2026-01-13T21:00:33.641468",
    "blender_version": "4.4.1",
    "bone_count": 56,
    "end_bone_count": 13,
    "spaces_included": [
      "LOCAL_CHANNELS",
      "ARMATURE_SPACE",
      "WORLD_SPACE"
    ],
    "note": "LOCAL matches Transform panel; replay pose via local.matrix_basis for best fidelity."
  },
  "bones": {
    "Root": {
      "name": "Root",
      "local": {
        "location": {
          "x": 0.0,
          "y": 0.0,
          "z": 0.0
        },
        "rotation_quaternion": {
          "w": 0.9998720288276672,
          "x": 0.0024658709298819304,
          "y": -0.010073259472846985,
          "z": 0.012185601517558098
        },
        "scale": {
          "x": 1.0,
          "y": 1.0,
          "z": 1.0
        },
        "matrix_basis": [
          [
            0.9995000958442688,
            -0.024417763575911522,
            -0.020083844661712646,
            0.0
          ],
          [
            0.024318406358361244,
            0.9996908903121948,
            -0.005176607985049486,
            0.0
          ],
          [
            0.02020403742790222,
            0.004685613326728344,
            0.9997848868370056,
            0.0
          ],
          [
            0.0,
            0.0,
            0.0,
            1.0
          ]
        ],
        "rotation_mode": "QUATERNION"
      },
      "armature_space": {
        "head": {
          "x": 0.0,
          "y": 0.07072800397872925,
          "z": -0.009595036506652832
        },
        "tail": {
          "x": -0.001742839114740491,
          "y": -2.3096799850463867e-05,
          "z": -0.00033437274396419525
        }
      },
      "world_space": {
        "head": {
          "x": 0.0,
          "y": 0.13397200405597687,
          "z": 0.9402589797973633
        },
        "tail": {
          "x": -0.001742839114740491,
          "y": 0.06322090327739716,
          "z": 0.9495196342468262
        },
        "rotation_quaternion": {
          "w": 0.06489875912666321,
          "x": 0.9977666139602661,
          "y": -0.012836533598601818,
          "z": -0.009229457937180996
        },
        "matrix": [
          [
            0.9995000958442688,
            -0.024417763575911522,
            -0.020083844661712646,
            0.0
          ],
          [
            -0.026813693344593048,
            -0.99124675989151,
            -0.12927114963531494,
            0.13397200405597687
          ],
          [
            -0.016751674935221672,
            0.1297450214624405,
            -0.9914129376411438,
            0.9402589797973633
          ],
          [
            0.0,
            0.0,
            0.0,
            1.0
          ]
        ]
      },
      "bone_length_armature_space": 0.0713758754087954,
      "parent": null,
      "has_children": true,
      "is_end_bone": false
    },
    "spine_01": {
      "name": "spine_01",
      "local": {
        "location": {
          "x": 0.0,
          "y": 0.0,
          "z": 0.0
        },
        "rotation_quaternion": {
          "w": 0.9984258413314819,
          "x": -0.03594621643424034,
          "y": -0.04293123632669449,
          "z": 0.00325140287168324
        },
        "scale": {
          "x": 1.0,
          "y": 1.0,
          "z": 1.0
        },
        "matrix_basis": [
          [
            0.9962926506996155,
            -0.0034061381593346596,
            -0.08596106618642807,
            0.0
          ],
          [
            0.009579000063240528,
            0.9973946213722229,
            0.07150009274482727,
            0.0
          ],
          [
            0.0854935571551323,
            -0.07205843925476074,
            0.9937295317649841,
            0.0
          ],
          [
            0.0,
            0.0,
            0.0,
            1.0
          ]
        ],
        "rotation_mode": "QUATERNION"
      },
      "armature_space": {
        "head": {
          "x": -0.001742839114740491,
          "y": -2.3096799850463867e-05,
          "z": -0.00033437274396419525
        },
        "tail": {
          "x": 0.006205243058502674,
          "y": 0.055376917123794556,
          "z": 0.4844503402709961
        }
      },
      "world_space": {
        "head": {
          "x": -0.001742839114740491,
          "y": 0.06322090327739716,
          "z": 0.9495196342468262
        },
        "tail": {
          "x": 0.006205243058502674,
          "y": 0.11862091720104218,
          "z": 1.4343043565750122
        },
        "rotation_quaternion": {
          "w": 0.7453004717826843,
          "x": 0.6643755435943604,
          "y": -0.03590510040521622,
          "z": -0.04293297976255417
        },
        "matrix": [
          [
            0.993735134601593,
            0.01628701202571392,
            -0.11056749522686005,
            -0.001742839114740491
          ],
          [
            -0.11170496791601181,
            0.11352433264255524,
            -0.9872357249259949,
            0.06322090327739716
          ],
          [
            -0.003527142805978656,
            0.9934087991714478,
            0.11463236808776855,
            0.9495196342468262
          ],
          [
            0.0,
            0.0,
            0.0,
            1.0
          ]
        ]
      },
      "bone_length_armature_space": 0.4880046723230049,
      "parent": "Root",
      "has_children": true,
      "is_end_bone": false
    },
    "neck_01": {
      "name": "neck_01",
      "local": {
        "location": {
          "x": 0.0,
          "y": 0.0,
          "z": 0.0
        },
        "rotation_quaternion": {
          "w": 0.995795726776123,
          "x": 0.049837276339530945,
          "y": 0.03757946938276291,
          "z": -0.06704466044902802
        },
        "scale": {
          "x": 1.0,
          "y": 1.0,
          "z": 1.0
        },
        "matrix_basis": [
          [
            0.9881855845451355,
            0.13727128505706787,
            0.06816030293703079,
            0.0
          ],
          [
            -0.1297798603773117,
            0.9860424995422363,
            -0.10429450124502182,
            0.0
          ],
          [
            -0.08152559399604797,
            0.094216488301754,
            0.9922080636024475,
            0.0
          ],
          [
            0.0,
            0.0,
            0.0,
            1.0
          ]
        ],
        "rotation_mode": "QUATERNION"
      },
      "armature_space": {
        "head": {
          "x": 0.0035632234066724777,
          "y": 0.029451224952936172,
          "z": 0.5611616969108582
        },
        "tail": {
          "x": 0.013757936656475067,
          "y": -0.008678272366523743,
          "z": 0.6557817459106445
        }
      },
      "world_space": {
        "head": {
          "x": 0.0035632234066724777,
          "y": 0.0926952213048935,
          "z": 1.5110156536102295
        },
        "tail": {
          "x": 0.013757936656475067,
          "y": 0.05456572771072388,
          "z": 1.6056357622146606
        },
        "rotation_quaternion": {
          "w": 0.5595712661743164,
          "x": 0.8270571231842041,
          "y": 0.030349526554346085,
          "z": -0.04399646446108818
        },
        "matrix": [
          [
            0.9942864179611206,
            0.09943991899490356,
            -0.03880917280912399,
            0.0035632234066724777
          ],
          [
            0.0009637847542762756,
            -0.3719176650047302,
            -0.9282654523849487,
            0.0926952213048935
          ],
          [
            -0.10674120485782623,
            0.9229302406311035,
            -0.3698919117450714,
            1.5110156536102295
          ],
          [
            0.0,
            0.0,
            0.0,
            1.0
          ]
        ]
      },
      "bone_length_armature_space": 0.10252192253241198,
      "parent": "spine_01",
      "has_children": true,
      "is_end_bone": false
    },
    "head": {
      "name": "head",
      "local": {
        "location": {
          "x": 0.0,
          "y": 0.0,
          "z": 0.0
        },
        "rotation_quaternion": {
          "w": 0.9760804772377014,
          "x": 0.057247553020715714,
          "y": -0.10070490837097168,
          "z": -0.18397890031337738
        },
        "scale": {
          "x": 1.0,
          "y": 1.0,
          "z": 1.0
        },
        "matrix_basis": [
          [
            0.9120205640792847,
            0.3476262092590332,
            -0.21765688061714172,
            0.0
          ],
          [
            -0.3706866502761841,
            0.9257489442825317,
            -0.07470127940177917,
            0.0
          ],
          [
            0.17552751302719116,
            0.14881159365177155,
            0.9731624722480774,
            0.0
          ],
          [
            0.0,
            0.0,
            0.0,
            1.0
          ]
        ],
        "rotation_mode": "QUATERNION"
      },
      "armature_space": {
        "head": {
          "x": 0.013757923617959023,
          "y": -0.008678387850522995,
          "z": 0.655781626701355
        },
        "tail": {
          "x": 0.08252785354852676,
          "y": -0.033474668860435486,
          "z": 0.79256272315979
        }
      },
      "world_space": {
        "head": {
          "x": 0.013757923617959023,
          "y": 0.054565612226724625,
          "z": 1.605635643005371
        },
        "tail": {
          "x": 0.08252785354852676,
          "y": 0.029769331216812134,
          "z": 1.7424167394638062
        },
        "rotation_quaternion": {
          "w": 0.6413435935974121,
          "x": 0.7226057648658752,
          "y": 0.09347264468669891,
          "z": -0.24037906527519226
        },
        "matrix": [
          [
            0.8669620156288147,
            0.4434188902378082,
            -0.22750051319599152,
            0.013757923617959023
          ],
          [
            -0.1732410192489624,
            -0.15988296270370483,
            -0.9718155264854431,
            0.054565612226724625
          ],
          [
            -0.46729815006256104,
            0.8819454908370972,
            -0.06179547682404518,
            1.605635643005371
          ],
          [
            0.0,
            0.0,
            0.0,
            1.0
          ]
        ]
      },
      "bone_length_armature_space": 0.15509103199133914,
      "parent": "neck_01",
      "has_children": false,
      "is_end_bone": true
    },
    "upperarm_l": {
      "name": "upperarm_l",
      "local": {
        "location": {
          "x": 0.0,
          "y": 0.0,
          "z": 0.0
        },
        "rotation_quaternion": {
          "w": 0.7938662767410278,
          "x": 0.5151847004890442,
          "y": 0.15492364764213562,
          "z": 0.2834779620170593
        },
        "scale": {
          "x": 1.0,
          "y": 1.0,
          "z": 1.0
        },
        "matrix_basis": [
          [
            0.7912778258323669,
            -0.2904585897922516,
            0.5380643606185913,
            0.0
          ],
          [
            0.6097157597541809,
            0.308449923992157,
            -0.7301406264305115,
            0.0
          ],
          [
            0.046109698712825775,
            0.9058104157447815,
            0.4211667776107788,
            0.0
          ],
          [
            0.0,
            0.0,
            0.0,
            1.0
          ]
        ],
        "rotation_mode": "QUATERNION"
      },
      "armature_space": {
        "head": {
          "x": 0.15117627382278442,
          "y": 0.0019173435866832733,
          "z": 0.4942334294319153
        },
        "tail": {
          "x": 0.21879303455352783,
          "y": -0.23863238096237183,
          "z": 0.5910400748252869
        }
      },
      "world_space": {
        "head": {
          "x": 0.15117627382278442,
          "y": 0.06516134738922119,
          "z": 1.4440875053405762
        },
        "tail": {
          "x": 0.21879303455352783,
          "y": -0.1753883808851242,
          "z": 1.5408940315246582
        },
        "rotation_quaternion": {
          "w": 0.22461748123168945,
          "x": 0.8586862087249756,
          "y": 0.026629891246557236,
          "z": -0.45988672971725464
        },
        "matrix": [
          [
            0.5755903124809265,
            0.25233009457588196,
            -0.7778336405754089,
            0.15117627382278442
          ],
          [
            -0.1608637571334839,
            -0.8976759910583496,
            -0.41024497151374817,
            0.06516134738922119
          ],
          [
            -0.801765501499176,
            0.36125999689102173,
            -0.47610652446746826,
            1.4440875053405762
          ],
          [
            0.0,
            0.0,
            0.0,
            1.0
          ]
        ]
      },
      "bone_length_armature_space": 0.26796963166072374,
      "parent": "spine_01",
      "has_children": true,
      "is_end_bone": false
    },
    "lowerarm_l": {
      "name": "lowerarm_l",
      "local": {
        "location": {
          "x": 0.0,
          "y": 0.0,
          "z": 0.0
        },
        "rotation_quaternion": {
          "w": 0.9603813886642456,
          "x": 0.06367884576320648,
          "y": 0.12001407891511917,
          "z": -0.24332934617996216
        },
        "scale": {
          "x": 1.0,
          "y": 1.0,
          "z": 1.0
        },
        "matrix_basis": [
          [
            0.8527749180793762,
            0.4826626777648926,
            0.19952870905399323,
            0.0
          ],
          [
            -0.452093243598938,
            0.8734716773033142,
            -0.1807178556919098,
            0.0
          ],
          [
            -0.26150843501091003,
            0.06390605866909027,
            0.9630832672119141,
            0.0
          ],
          [
            0.0,
            0.0,
            0.0,
            1.0
          ]
        ],
        "rotation_mode": "QUATERNION"
      },
      "armature_space": {
        "head": {
          "x": 0.21879294514656067,
          "y": -0.238632470369339,
          "z": 0.5910401344299316
        },
        "tail": {
          "x": 0.2924584448337555,
          "y": -0.49388739466667175,
          "z": 0.5596125721931458
        }
      },
      "world_space": {
        "head": {
          "x": 0.21879294514656067,
          "y": -0.17538847029209137,
          "z": 1.5408941507339478
        },
        "tail": {
          "x": 0.2924584448337555,
          "y": -0.43064337968826294,
          "z": 1.5094666481018066
        },
        "rotation_quaternion": {
          "w": 0.0079277865588665,
          "x": 0.8876323103904724,
          "y": 0.15122395753860474,
          "z": -0.4349454939365387
        },
        "matrix": [
          [
            0.5759073495864868,
            0.2753598093986511,
            -0.7697451710700989,
            0.21879294514656067
          ],
          [
            0.26156628131866455,
            -0.9541367292404175,
            -0.14562363922595978,
            -0.17538847029209137
          ],
          [
            -0.7745462656021118,
            -0.11747542023658752,
            -0.6215237379074097,
            1.5408941507339478
          ],
          [
            0.0,
            0.0,
            0.0,
            1.0
          ]
        ]
      },
      "bone_length_armature_space": 0.267524524831708,
      "parent": "upperarm_l",
      "has_children": true,
      "is_end_bone": false
    },
    "metacarpal_thumb_l": {
      "name": "metacarpal_thumb_l",
      "local": {
        "location": {
          "x": 0.0,
          "y": 0.0,
          "z": 0.0
        },
        "rotation_quaternion": {
          "w": 0.9996890425682068,
          "x": -0.015198459848761559,
          "y": 0.012221666984260082,
          "z": 0.015540975145995617
        },
        "scale": {
          "x": 1.0,
          "y": 1.0,
          "z": 1.0
        },
        "matrix_basis": [
          [
            0.999218225479126,
            -0.03144378587603569,
            0.023963335901498795,
            0.0
          ],
          [
            0.03070078417658806,
            0.9990549683570862,
            0.03076734021306038,
            0.0
          ],
          [
            -0.02490813098847866,
            -0.03000759519636631,
            0.9992392659187317,
            0.0
          ],
          [
            0.0,
            0.0,
            0.0,
            1.0
          ]
        ],
        "rotation_mode": "QUATERNION"
      },
      "armature_space": {
        "head": {
          "x": 0.2924584448337555,
          "y": -0.49388739466667175,
          "z": 0.5596125721931458
        },
        "tail": {
          "x": 0.28389519453048706,
          "y": -0.5329713821411133,
          "z": 0.5304113030433655
        }
      },
      "world_space": {
        "head": {
          "x": 0.2924584448337555,
          "y": -0.43064337968826294,
          "z": 1.5094666481018066
        },
        "tail": {
          "x": 0.28389519453048706,
          "y": -0.46972739696502686,
          "z": 1.4802653789520264
        },
        "rotation_quaternion": {
          "w": 0.2744833528995514,
          "x": -0.9092917442321777,
          "y": 0.17360863089561462,
          "z": -0.26020681858062744
        },
        "matrix": [
          [
            0.8043047785758972,
            -0.17287765443325043,
            0.5685130953788757,
            0.2924584448337555
          ],
          [
            -0.4585667550563812,
            -0.7890382409095764,
            0.40882158279418945,
            -0.43064337968826294
          ],
          [
            0.3779047429561615,
            -0.589523196220398,
            -0.7139078974723816,
            1.5094666481018066
          ],
          [
            0.0,
            0.0,
            0.0,
            1.0
          ]
        ]
      },
      "bone_length_armature_space": 0.04953384149703415,
      "parent": "lowerarm_l",
      "has_children": true,
      "is_end_bone": false
    },
    "thumb_01_l": {
      "name": "thumb_01_l",
      "local": {
        "location": {
          "x": 0.0,
          "y": 0.0,
          "z": 0.0
        },
        "rotation_quaternion": {
          "w": 0.9993847608566284,
          "x": -0.02041049115359783,
          "y": -0.022851958870887756,
          "z": -0.01707346737384796
        },
        "scale": {
          "x": 1.0,
          "y": 1.0,
          "z": 1.0
        },
        "matrix_basis": [
          [
            0.9983725547790527,
            0.03505876660346985,
            -0.04497884213924408,
            0.0
          ],
          [
            -0.033193085342645645,
            0.9985837936401367,
            0.041576191782951355,
            0.0
          ],
          [
            0.046372756361961365,
            -0.04001554474234581,
            0.9981223940849304,
            0.0
          ],
          [
            0.0,
            0.0,
            0.0,
            1.0
          ]
        ],
        "rotation_mode": "QUATERNION"
      },
      "armature_space": {
        "head": {
          "x": 0.28389519453048706,
          "y": -0.5329713821411133,
          "z": 0.5304113030433655
        },
        "tail": {
          "x": 0.2892870306968689,
          "y": -0.538851797580719,
          "z": 0.49732068181037903
        }
      },
      "world_space": {
        "head": {
          "x": 0.28389519453048706,
          "y": -0.46972739696502686,
          "z": 1.4802653789520264
        },
        "tail": {
          "x": 0.2892870306968689,
          "y": -0.47560781240463257,
          "z": 1.4471746683120728
        },
        "rotation_quaternion": {
          "w": 0.3775959312915802,
          "x": -0.34404653310775757,
          "y": 0.5206175446510315,
          "z": -0.684113085269928
        },
        "matrix": [
          [
            -0.4781061112880707,
            0.15840379893779755,
            0.863899827003479,
            0.28389519453048706
          ],
          [
            -0.8748701810836792,
            -0.17275746166706085,
            -0.4525008201599121,
            -0.46972739696502686
          ],
          [
            0.07756710797548294,
            -0.9721506237983704,
            0.221180260181427,
            1.4802653789520264
          ],
          [
            0.0,
            0.0,
            0.0,
            1.0
          ]
        ]
      },
      "bone_length_armature_space": 0.03403880771605968,
      "parent": "metacarpal_thumb_l",
      "has_children": true,
      "is_end_bone": false
    },
    "thumb_02_l": {
      "name": "thumb_02_l",
      "local": {
        "location": {
          "x": 0.0,
          "y": 0.0,
          "z": 0.0
        },
        "rotation_quaternion": {
          "w": 0.9978249073028564,
          "x": 0.06547465920448303,
          "y": -0.005760563537478447,
          "z": -0.005035982467234135
        },
        "scale": {
          "x": 1.0,
          "y": 1.0,
          "z": 1.0
        },
        "matrix_basis": [
          [
            0.9998829364776611,
            0.00929571595042944,
            -0.01215552631765604,
            0.0
          ],
          [
            -0.01080439891666174,
            0.9913753867149353,
            -0.13060647249221802,
            0.0
          ],
          [
            0.010836608707904816,
            0.1307225078344345,
            0.9913597702980042,
            0.0
          ],
          [
            0.0,
            0.0,
            0.0,
            1.0
          ]
        ],
        "rotation_mode": "QUATERNION"
      },
      "armature_space": {
        "head": {
          "x": 0.2892870306968689,
          "y": -0.5388517379760742,
          "z": 0.49732068181037903
        },
        "tail": {
          "x": 0.30122289061546326,
          "y": -0.5766167044639587,
          "z": 0.4906480014324188
        }
      },
      "world_space": {
        "head": {
          "x": 0.2892870306968689,
          "y": -0.4756077527999878,
          "z": 1.4471746683120728
        },
        "tail": {
          "x": 0.30122289061546326,
          "y": -0.5133727192878723,
          "z": 1.4405020475387573
        },
        "rotation_quaternion": {
          "w": 0.15264062583446503,
          "x": -0.021231526508927345,
          "y": 0.08106391876935959,
          "z": -0.9847226738929749
        },
        "matrix": [
          [
            -0.9525001645088196,
            0.2971751391887665,
            0.06656184792518616,
            0.2892870306968689
          ],
          [
            -0.3040596544742584,
            -0.9402589797973633,
            -0.15316884219646454,
            -0.4756077527999878
          ],
          [
            0.017067259177565575,
            -0.16613411903381348,
            0.9859626293182373,
            1.4471746683120728
          ],
          [
            0.0,
            0.0,
            0.0,
            1.0
          ]
        ]
      },
      "bone_length_armature_space": 0.04016443837904968,
      "parent": "thumb_01_l",
      "has_children": true,
      "is_end_bone": false
    },
    "thumb_03_l": {
      "name": "thumb_03_l",
      "local": {
        "location": {
          "x": 0.0,
          "y": 0.0,
          "z": 0.0
        },
        "rotation_quaternion": {
          "w": 0.9970340132713318,
          "x": 0.07686738669872284,
          "y": -0.002297489671036601,
          "z": 0.00304137053899467
        },
        "scale": {
          "x": 1.0,
          "y": 1.0,
          "z": 1.0
        },
        "matrix_basis": [
          [
            0.9999709725379944,
            -0.006417903583496809,
            -0.0041137863881886005,
            0.0
          ],
          [
            0.005711495876312256,
            0.9881643056869507,
            -0.15329277515411377,
            0.0
          ],
          [
            0.0050489152781665325,
            0.1532648205757141,
            0.9881722331047058,
            0.0
          ],
          [
            0.0,
            0.0,
            0.0,
            1.0
          ]
        ],
        "rotation_mode": "QUATERNION"
      },
      "armature_space": {
        "head": {
          "x": 0.3012228310108185,
          "y": -0.576616644859314,
          "z": 0.49064794182777405
        },
        "tail": {
          "x": 0.3133239448070526,
          "y": -0.6034988760948181,
          "z": 0.4982506036758423
        }
      },
      "world_space": {
        "head": {
          "x": 0.3012228310108185,
          "y": -0.5133726596832275,
          "z": 1.4405019283294678
        },
        "tail": {
          "x": 0.3133239448070526,
          "y": -0.5402548909187317,
          "z": 1.4481046199798584
        },
        "rotation_quaternion": {
          "w": 0.2273789793252945,
          "x": 0.20494692027568817,
          "y": -0.08251520246267319,
          "z": -0.9484128952026367
        },
        "matrix": [
          [
            -0.8125910758972168,
            0.39747607707977295,
            -0.4262729585170746,
            0.3012228310108185
          ],
          [
            -0.46512097120285034,
            -0.8829799890518188,
            0.06331534683704376,
            -0.5133726596832275
          ],
          [
            -0.3512269854545593,
            0.24971896409988403,
            0.9023825526237488,
            1.4405019283294678
          ],
          [
            0.0,
            0.0,
            0.0,
            1.0
          ]
        ]
      },
      "bone_length_armature_space": 0.030444897112209476,
      "parent": "thumb_02_l",
      "has_children": false,
      "is_end_bone": true
    },
    "metacarpal_index_l": {
      "name": "metacarpal_index_l",
      "local": {
        "location": {
          "x": 0.0,
          "y": 0.0,
          "z": 0.0
        },
        "rotation_quaternion": {
          "w": 0.9992058277130127,
          "x": -0.034454092383384705,
          "y": 0.01088725309818983,
          "z": 0.01679377816617489
        },
        "scale": {
          "x": 1.0,
          "y": 1.0,
          "z": 1.0
        },
        "matrix_basis": [
          [
            0.999198853969574,
            -0.03431110456585884,
            0.020599985495209694,
            0.0
          ],
          [
            0.03281066194176674,
            0.9970617890357971,
            0.06921913474798203,
            0.0
          ],
          [
            -0.022914443165063858,
            -0.06848778575658798,
            0.9973887801170349,
            0.0
          ],
          [
            0.0,
            0.0,
            0.0,
            1.0
          ]
        ],
        "rotation_mode": "QUATERNION"
      },
      "armature_space": {
        "head": {
          "x": 0.2924584448337555,
          "y": -0.49388739466667175,
          "z": 0.5596125721931458
        },
        "tail": {
          "x": 0.29509201645851135,
          "y": -0.6064990758895874,
          "z": 0.5273494124412537
        }
      },
      "world_space": {
        "head": {
          "x": 0.2924584448337555,
          "y": -0.43064337968826294,
          "z": 1.5094666481018066
        },
        "tail": {
          "x": 0.29509201645851135,
          "y": -0.543255090713501,
          "z": 1.477203369140625
        },
        "rotation_quaternion": {
          "w": 0.1391160488128662,
          "x": -0.9901934862136841,
          "y": -0.0102778859436512,
          "z": -0.007627145387232304
        },
        "matrix": [
          [
            0.9996723532676697,
            0.022476227954030037,
            0.012245028279721737,
            0.2924584448337555
          ],
          [
            0.018232163041830063,
            -0.961082398891449,
            0.27565985918045044,
            -0.43064337968826294
          ],
          [
            0.0179644376039505,
            -0.2753491997718811,
            -0.9611838459968567,
            1.5094666481018066
          ],
          [
            0.0,
            0.0,
            0.0,
            1.0
          ]
        ]
      },
      "bone_length_armature_space": 0.1171718324693743,
      "parent": "lowerarm_l",
      "has_children": true,
      "is_end_bone": false
    },
    "index_01_l": {
      "name": "index_01_l",
      "local": {
        "location": {
          "x": 0.0,
          "y": 0.0,
          "z": 0.0
        },
        "rotation_quaternion": {
          "w": 0.9964619874954224,
          "x": -0.08393307030200958,
          "y": 0.00022895220899954438,
          "z": -0.00434773089364171
        },
        "scale": {
          "x": 1.0,
          "y": 1.0,
          "z": 1.0
        },
        "matrix_basis": [
          [
            0.9999620914459229,
            0.008626263588666916,
            0.0011861211387440562,
            0.0
          ],
          [
            -0.008703130297362804,
            0.9858726859092712,
            0.1672702431678772,
            0.0
          ],
          [
            0.0002735524612944573,
            -0.16727422177791595,
            0.9859103560447693,
            0.0
          ],
          [
            0.0,
            0.0,
            0.0,
            1.0
          ]
        ],
        "rotation_mode": "QUATERNION"
      },
      "armature_space": {
        "head": {
          "x": 0.29509201645851135,
          "y": -0.6064990758895874,
          "z": 0.5273494124412537
        },
        "tail": {
          "x": 0.3051906228065491,
          "y": -0.6331334114074707,
          "z": 0.528653621673584
        }
      },
      "world_space": {
        "head": {
          "x": 0.29509201645851135,
          "y": -0.543255090713501,
          "z": 1.477203369140625
        },
        "tail": {
          "x": 0.3051906228065491,
          "y": -0.5698894262313843,
          "z": 1.4785076379776
        },
        "rotation_quaternion": {
          "w": 0.011276324279606342,
          "x": 0.9812183380126953,
          "y": 0.18121753633022308,
          "z": 0.06514367461204529
        },
        "matrix": [
          [
            0.9258330464363098,
            0.3541586697101593,
            0.13192714750766754,
            0.29509201645851135
          ],
          [
            0.35709720849990845,
            -0.9340661764144897,
            0.0014809519052505493,
            -0.543255090713501
          ],
          [
            0.12375441938638687,
            0.04573908448219299,
            -0.9912653565406799,
            1.477203369140625
          ],
          [
            0.0,
            0.0,
            0.0,
            1.0
          ]
        ]
      },
      "bone_length_armature_space": 0.028514393500398295,
      "parent": "metacarpal_index_l",
      "has_children": true,
      "is_end_bone": false
    },
    "index_02_l": {
      "name": "index_02_l",
      "local": {
        "location": {
          "x": 0.0,
          "y": 0.0,
          "z": 0.0
        },
        "rotation_quaternion": {
          "w": 0.9990107417106628,
          "x": 0.04421631991863251,
          "y": -0.004482139367610216,
          "z": -0.001562995370477438
        },
        "scale": {
          "x": 1.0,
          "y": 1.0,
          "z": 1.0
        },
        "matrix_basis": [
          [
            0.9999549388885498,
            0.0027265308890491724,
            -0.009093630127608776,
            0.0
          ],
          [
            -0.003519265679642558,
            0.9960849285125732,
            -0.08833114802837372,
            0.0
          ],
          [
            0.008817191235721111,
            0.08835916966199875,
            0.9960496425628662,
            0.0
          ],
          [
            0.0,
            0.0,
            0.0,
            1.0
          ]
        ],
        "rotation_mode": "QUATERNION"
      },
      "armature_space": {
        "head": {
          "x": 0.3051905632019043,
          "y": -0.6331338286399841,
          "z": 0.5286533236503601
        },
        "tail": {
          "x": 0.3151056170463562,
          "y": -0.6567932963371277,
          "z": 0.5285434722900391
        }
      },
      "world_space": {
        "head": {
          "x": 0.3051905632019043,
          "y": -0.5698898434638977,
          "z": 1.4785072803497314
        },
        "tail": {
          "x": 0.3151056170463562,
          "y": -0.5935493111610413,
          "z": 1.4783974885940552
        },
        "rotation_quaternion": {
          "w": 0.006800156086683273,
          "x": -0.9801080822944641,
          "y": -0.1970142275094986,
          "z": -0.022963695228099823
        },
        "matrix": [
          [
            0.9213161468505859,
            0.3865026831626892,
            0.042334213852882385,
            0.3051905632019043
          ],
          [
            0.38587823510169983,
            -0.9222783446311951,
            0.022377677261829376,
            -0.5698898434638977
          ],
          [
            0.047693707048892975,
            -0.004282034933567047,
            -0.9988600015640259,
            1.4785072803497314
          ],
          [
            0.0,
            0.0,
            0.0,
            1.0
          ]
        ]
      },
      "bone_length_armature_space": 0.025653279453684775,
      "parent": "index_01_l",
      "has_children": true,
      "is_end_bone": false
    },
    "index_03_l": {
      "name": "index_03_l",
      "local": {
        "location": {
          "x": 0.0,
          "y": 0.0,
          "z": 0.0
        },
        "rotation_quaternion": {
          "w": 0.9996500015258789,
          "x": 0.025520285591483116,
          "y": 0.004405867774039507,
          "z": -0.005401145666837692
        },
        "scale": {
          "x": 1.0,
          "y": 1.0,
          "z": 1.0
        },
        "matrix_basis": [
          [
            0.9999028444290161,
            0.011023388244211674,
            0.008532973937690258,
            0.0
          ],
          [
            -0.010573632083833218,
            0.9986391067504883,
            -0.05107029899954796,
            0.0
          ],
          [
            -0.009084329009056091,
            0.05097511410713196,
            0.9986585974693298,
            0.0
          ],
          [
            0.0,
            0.0,
            0.0,
            1.0
          ]
        ],
        "rotation_mode": "QUATERNION"
      },
      "armature_space": {
        "head": {
          "x": 0.3151055872440338,
          "y": -0.6567932963371277,
          "z": 0.5285435914993286
        },
        "tail": {
          "x": 0.329224556684494,
          "y": -0.6820601224899292,
          "z": 0.5245466828346252
        }
      },
      "world_space": {
        "head": {
          "x": 0.3151055872440338,
          "y": -0.5935493111610413,
          "z": 1.4783976078033447
        },
        "tail": {
          "x": 0.329224556684494,
          "y": -0.6188161373138428,
          "z": 1.4744007587432861
        },
        "rotation_quaternion": {
          "w": 0.08306938409805298,
          "x": -0.9644235372543335,
          "y": -0.24642544984817505,
          "z": -0.04755325987935066
        },
        "matrix": [
          [
            0.874026358127594,
            0.4832174479961395,
            0.05078168213367462,
            0.3151055872440338
          ],
          [
            0.46741682291030884,
            -0.8647480010986328,
            0.18366435170173645,
            -0.5935493111610413
          ],
          [
            0.13266462087631226,
            -0.13679315149784088,
            -0.9816832542419434,
            1.4783976078033447
          ],
          [
            0.0,
            0.0,
            0.0,
            1.0
          ]
        ]
      },
      "bone_length_armature_space": 0.02921871093412949,
      "parent": "index_02_l",
      "has_children": false,
      "is_end_bone": true
    },
    "metacarpal_pinky_l": {
      "name": "metacarpal_pinky_l",
      "local": {
        "location": {
          "x": 0.0,
          "y": 0.0,
          "z": 0.0
        },
        "rotation_quaternion": {
          "w": 0.9999841451644897,
          "x": -0.005535874981433153,
          "y": -0.0007719681598246098,
          "z": -0.0007200050167739391
        },
        "scale": {
          "x": 1.0,
          "y": 1.0,
          "z": 1.0
        },
        "matrix_basis": [
          [
            0.9999977946281433,
            0.00144853419624269,
            -0.0015359401004388928,
            0.0
          ],
          [
            -0.0014314401196315885,
            0.9999376535415649,
            0.011072685942053795,
            0.0
          ],
          [
            0.001551883528009057,
            -0.011070462875068188,
            0.9999375343322754,
            0.0
          ],
          [
            0.0,
            0.0,
            0.0,
            1.0
          ]
        ],
        "rotation_mode": "QUATERNION"
      },
      "armature_space": {
        "head": {
          "x": 0.2924584448337555,
          "y": -0.49388739466667175,
          "z": 0.5596125721931458
        },
        "tail": {
          "x": 0.34520187973976135,
          "y": -0.5834159851074219,
          "z": 0.5663928389549255
        }
      },
      "world_space": {
        "head": {
          "x": 0.2924584448337555,
          "y": -0.43064337968826294,
          "z": 1.5094666481018066
        },
        "tail": {
          "x": 0.34520187973976135,
          "y": -0.5201719999313354,
          "z": 1.5162467956542969
        },
        "rotation_quaternion": {
          "w": 0.24815942347049713,
          "x": 0.4488530158996582,
          "y": 0.09236431121826172,
          "z": -0.853473424911499
        },
        "matrix": [
          [
            -0.47389569878578186,
            0.5065116286277771,
            -0.7203254699707031,
            0.2924584448337555
          ],
          [
            -0.3406796455383301,
            -0.8597709536552429,
            -0.3804357051849365,
            -0.43064337968826294
          ],
          [
            -0.8120161294937134,
            0.06511303782463074,
            0.5800036191940308,
            1.5094666481018066
          ],
          [
            0.0,
            0.0,
            0.0,
            1.0
          ]
        ]
      },
      "bone_length_armature_space": 0.10413073511251741,
      "parent": "lowerarm_l",
      "has_children": true,
      "is_end_bone": false
    },
    "pinky_01_l": {
      "name": "pinky_01_l",
      "local": {
        "location": {
          "x": 0.0,
          "y": 0.0,
          "z": 0.0
        },
        "rotation_quaternion": {
          "w": 0.9604589939117432,
          "x": 0.2779683470726013,
          "y": -0.014379546977579594,
          "z": -0.006734610069543123
        },
        "scale": {
          "x": 1.0,
          "y": 1.0,
          "z": 1.0
        },
        "matrix_basis": [
          [
            0.9994957447052002,
            0.0049425158649683,
            -0.03136594593524933,
            0.0
          ],
          [
            -0.020930752158164978,
            0.8453764915466309,
            -0.5337607264518738,
            0.0
          ],
          [
            0.023877913132309914,
            0.534148097038269,
            0.8450536727905273,
            0.0
          ],
          [
            0.0,
            0.0,
            0.0,
            1.0
          ]
        ],
        "rotation_mode": "QUATERNION"
      },
      "armature_space": {
        "head": {
          "x": 0.34520187973976135,
          "y": -0.5834159851074219,
          "z": 0.5663928389549255
