{
  "metadata": {
    "armature_name": "KIM_caucasian_male",
    "export_time": "2026-01-13T21:16:07.155277",
    "blender_version": "4.4.1",
    "bone_count": 56,
    "end_bone_count": 13,
    "spaces_included": [
      "LOCAL_CHANNELS",
      "ARMATURE_SPACE",
      "WORLD_SPACE"
    ],
    "note": "LOCAL matches Transform panel; replay pose via local.matrix_basis for best fidelity."
  },
  "bones": {
    "Root": {
      "name": "Root",
      "local": {
        "location": {
          "x": 0.0,
          "y": 0.0,
          "z": 0.0
        },
        "rotation_quaternion": {
          "w": 0.9998570680618286,
          "x": -0.009273074567317963,
          "y": 0.013989664614200592,
          "z": -0.0020421419758349657
        },
        "scale": {
          "x": 1.0,
          "y": 1.0,
          "z": 1.0
        },
        "matrix_basis": [
          [
            0.9996002316474915,
            0.003824245883151889,
            0.0280132032930851,
            0.0
          ],
          [
            -0.00434315437451005,
            0.9998196959495544,
            0.01848636008799076,
            0.0
          ],
          [
            -0.027937456965446472,
            -0.01860063523054123,
            0.999436616897583,
            0.0
          ],
          [
            0.0,
            0.0,
            0.0,
            1.0
          ]
        ],
        "rotation_mode": "QUATERNION"
      },
      "armature_space": {
        "head": {
          "x": 0.0,
          "y": 0.07072800397872925,
          "z": -0.009595036506652832
        },
        "tail": {
          "x": 0.0002729588595684618,
          "y": 0.00019122660160064697,
          "z": 0.001313864253461361
        }
      },
      "world_space": {
        "head": {
          "x": 0.0,
          "y": 0.13397200405597687,
          "z": 0.9402589797973633
        },
        "tail": {
          "x": 0.0002729588595684618,
          "y": 0.06343522667884827,
          "z": 0.9511678814888
        },
        "rotation_quaternion": {
          "w": 0.0766100287437439,
          "x": 0.9969609379768372,
          "y": 0.0029799568001180887,
          "z": 0.013820307329297066
        },
        "matrix": [
          [
            0.9996002316474915,
            0.003824245883151889,
            0.0280132032930851,
            0.0
          ],
          [
            0.008059356361627579,
            -0.9882439970970154,
            -0.15267251431941986,
            0.13397200405597687
          ],
          [
            0.027100220322608948,
            0.1528373807668686,
            -0.9878868460655212,
            0.9402589797973633
          ],
          [
            0.0,
            0.0,
            0.0,
            1.0
          ]
        ]
      },
      "bone_length_armature_space": 0.0713758769334446,
      "parent": null,
      "has_children": true,
      "is_end_bone": false
    },
    "spine_01": {
      "name": "spine_01",
      "local": {
        "location": {
          "x": 0.0,
          "y": 0.0,
          "z": 0.0
        },
        "rotation_quaternion": {
          "w": 0.9990918040275574,
          "x": 0.036326803267002106,
          "y": -0.01699223928153515,
          "z": -0.014401035383343697
        },
        "scale": {
          "x": 1.0,
          "y": 1.0,
          "z": 1.0
        },
        "matrix_basis": [
          [
            0.9990077614784241,
            0.02754136547446251,
            -0.03499989956617355,
            0.0
          ],
          [
            -0.030010459944605827,
            0.9969459176063538,
            -0.07209821045398712,
            0.0
          ],
          [
            0.03290732577443123,
            0.07307703793048859,
            0.9967832565307617,
            0.0
          ],
          [
            0.0,
            0.0,
            0.0,
            1.0
          ]
        ],
        "rotation_mode": "QUATERNION"
      },
      "armature_space": {
        "head": {
          "x": 0.0002729588595684618,
          "y": 0.00019122660160064697,
          "z": 0.001313864253461361
        },
        "tail": {
          "x": 0.0005193142569623888,
          "y": -0.0035910431761294603,
          "z": 0.4893038272857666
        }
      },
      "world_space": {
        "head": {
          "x": 0.0002729588595684618,
          "y": 0.06343522667884827,
          "z": 0.9511678814888
        },
        "tail": {
          "x": 0.0005193142569623888,
          "y": 0.05965295806527138,
          "z": 1.4391578435897827
        },
        "rotation_quaternion": {
          "w": 0.7043005228042603,
          "x": 0.709775984287262,
          "y": -0.00924067385494709,
          "z": -0.009670906700193882
        },
        "matrix": [
          [
            0.9996421933174133,
            0.0005048253806307912,
            -0.02674476057291031,
            0.0002729588595684618
          ],
          [
            -0.026740053668618202,
            -0.0077505335211753845,
            -0.9996123909950256,
            0.06343522667884827
          ],
          [
            -0.0007119467481970787,
            0.9999769330024719,
            -0.0077352374792099,
            0.9511678814888
          ],
          [
            0.0,
            0.0,
            0.0,
            1.0
          ]
        ]
      },
      "bone_length_armature_space": 0.48800468399111135,
      "parent": "Root",
      "has_children": true,
      "is_end_bone": false
    },
    "neck_01": {
      "name": "neck_01",
      "local": {
        "location": {
          "x": 0.0,
          "y": 0.0,
          "z": 0.0
        },
        "rotation_quaternion": {
          "w": 0.9943479895591736,
          "x": -0.06204747408628464,
          "y": -0.009940232150256634,
          "z": 0.08557719737291336
        },
        "scale": {
          "x": 1.0,
          "y": 1.0,
          "z": 1.0
        },
        "matrix_basis": [
          [
            0.985155463218689,
            -0.16895349323749542,
            -0.030387798324227333,
            0.0
          ],
          [
            0.17142055928707123,
            0.9776533246040344,
            0.1216922476887703,
            0.0
          ],
          [
            0.009148402139544487,
            -0.12509487569332123,
            0.9921026229858398,
            0.0
          ],
          [
            0.0,
            0.0,
            0.0,
            1.0
          ]
        ],
        "rotation_mode": "QUATERNION"
      },
      "armature_space": {
        "head": {
          "x": -0.0003712432808242738,
          "y": -0.03882552683353424,
          "z": 0.5622523427009583
        },
        "tail": {
          "x": -0.018315082415938377,
          "y": -0.06529554724693298,
          "z": 0.6596592664718628
        }
      },
      "world_space": {
        "head": {
          "x": -0.0003712432808242738,
          "y": 0.02441847324371338,
          "z": 1.5121064186096191
        },
        "tail": {
          "x": -0.018315082415938377,
          "y": -0.0020515471696853638,
          "z": 1.609513282775879
        },
        "rotation_quaternion": {
          "w": 0.6026870012283325,
          "x": 0.792587399482727,
          "y": -0.08759565651416779,
          "z": 0.030007941648364067
        },
        "matrix": [
          [
            0.9828529357910156,
            -0.17502540349960327,
            -0.05801864713430405,
            -0.0003712432808242738
          ],
          [
            -0.10268458724021912,
            -0.258190393447876,
            -0.96062171459198,
            0.02441847324371338
          ],
          [
            0.15315429866313934,
            0.9501137733459473,
            -0.2717384696006775,
            1.5121064186096191
          ],
          [
            0.0,
            0.0,
            0.0,
            1.0
          ]
        ]
      },
      "bone_length_armature_space": 0.10252195808826231,
      "parent": "spine_01",
      "has_children": true,
      "is_end_bone": false
    },
    "head": {
      "name": "head",
      "local": {
        "location": {
          "x": 0.0,
          "y": 0.0,
          "z": 0.0
        },
        "rotation_quaternion": {
          "w": 0.9707746505737305,
          "x": -0.09966818988323212,
          "y": -0.09030884504318237,
          "z": 0.19876401126384735
        },
        "scale": {
          "x": 1.0,
          "y": 1.0,
          "z": 1.0
        },
        "matrix_basis": [
          [
            0.9046743512153625,
            -0.3679082989692688,
            -0.214959979057312,
            0.0
          ],
          [
            0.4039119780063629,
            0.9011182188987732,
            0.15761040151119232,
            0.0
          ],
          [
            0.1357181817293167,
            -0.22941100597381592,
            0.9638211131095886,
            0.0
          ],
          [
            0.0,
            0.0,
            0.0,
            1.0
          ]
        ],
        "rotation_mode": "QUATERNION"
      },
      "armature_space": {
        "head": {
          "x": -0.01831507869064808,
          "y": -0.06529568135738373,
          "z": 0.6596591472625732
        },
        "tail": {
          "x": -0.09005067497491837,
          "y": -0.009195871651172638,
          "z": 0.7851980924606323
        }
      },
      "world_space": {
        "head": {
          "x": -0.01831507869064808,
          "y": -0.0020516812801361084,
          "z": 1.6095131635665894
        },
        "tail": {
          "x": -0.09005067497491837,
          "y": 0.05404812842607498,
          "z": 1.7350521087646484
        },
        "rotation_quaternion": {
          "w": 0.7721439003944397,
          "x": 0.557817280292511,
          "y": -0.29095515608787537,
          "z": 0.08932381123304367
        },
        "matrix": [
          [
            0.8147334456443787,
            -0.4625411033630371,
            -0.3496643602848053,
            -0.01831507869064808
          ],
          [
            -0.18665552139282227,
            0.36172372102737427,
            -0.9134090542793274,
            -0.0020516812801361084
          ],
          [
            0.5489748120307922,
            0.8094577193260193,
            0.20837309956550598,
            1.6095131635665894
          ],
          [
            0.0,
            0.0,
            0.0,
            1.0
          ]
        ]
      },
      "bone_length_armature_space": 0.15509097757096288,
      "parent": "neck_01",
      "has_children": false,
      "is_end_bone": true
    },
    "upperarm_l": {
      "name": "upperarm_l",
      "local": {
        "location": {
          "x": 0.0,
          "y": 0.0,
          "z": 0.0
        },
        "rotation_quaternion": {
          "w": 0.8654810190200806,
          "x": 0.21599352359771729,
          "y": 0.38764098286628723,
          "z": 0.23243063688278198
        },
        "scale": {
          "x": 1.0,
          "y": 1.0,
          "z": 1.0
        },
        "matrix_basis": [
          [
            0.5914209485054016,
            -0.2348727285861969,
            0.7713988423347473,
            0.0
          ],
          [
            0.5697845220565796,
            0.7986456155776978,
            -0.19367730617523193,
            0.0
          ],
          [
            -0.570584774017334,
            0.5540758967399597,
            0.6061625480651855,
            0.0
          ],
          [
            0.0,
            0.0,
            0.0,
            1.0
          ]
        ],
        "rotation_mode": "QUATERNION"
      },
      "armature_space": {
        "head": {
          "x": 0.14945586025714874,
          "y": -0.04550352692604065,
          "z": 0.494914710521698
        },
        "tail": {
          "x": 0.36658966541290283,
          "y": -0.19322656095027924,
          "z": 0.5481920838356018
        }
      },
      "world_space": {
        "head": {
          "x": 0.14945586025714874,
          "y": 0.01774047315120697,
          "z": 1.4447686672210693
        },
        "tail": {
          "x": 0.36658966541290283,
          "y": -0.12998256087303162,
          "z": 1.4980461597442627
        },
        "rotation_quaternion": {
          "w": 0.23017172515392303,
          "x": 0.8495378494262695,
          "y": 0.413988322019577,
          "z": -0.2322072982788086
        },
        "matrix": [
          [
            0.5493866801261902,
            0.8102931380271912,
            -0.20395949482917786,
            0.14945586025714874
          ],
          [
            0.5965027809143066,
            -0.5512682199478149,
            -0.5833421945571899,
            0.01774047315120697
          ],
          [
            -0.5851180553436279,
            0.1988188475370407,
            -0.7862074375152588,
            1.4447686672210693
          ],
          [
            0.0,
            0.0,
            0.0,
            1.0
          ]
        ]
      },
      "bone_length_armature_space": 0.26796951523218354,
      "parent": "spine_01",
      "has_children": true,
      "is_end_bone": false
    },
    "lowerarm_l": {
      "name": "lowerarm_l",
      "local": {
        "location": {
          "x": 0.0,
          "y": 0.0,
          "z": 0.0
        },
        "rotation_quaternion": {
          "w": 0.8519575595855713,
          "x": 0.4640987515449524,
          "y": -0.16637909412384033,
          "z": 0.17634810507297516
        },
        "scale": {
          "x": 1.0,
          "y": 1.0,
          "z": 1.0
        },
        "matrix_basis": [
          [
            0.8824386596679688,
            -0.4549148678779602,
            -0.11980998516082764,
            0.0
          ],
          [
            0.14604954421520233,
            0.5070273876190186,
            -0.8494661450386047,
            0.0
          ],
          [
            0.44718173146247864,
            0.7321035861968994,
            0.5138607025146484,
            0.0
          ],
          [
            0.0,
            0.0,
            0.0,
            1.0
          ]
        ],
        "rotation_mode": "QUATERNION"
      },
      "armature_space": {
        "head": {
          "x": 0.36658966541290283,
          "y": -0.19322670996189117,
          "z": 0.5481921434402466
        },
        "tail": {
          "x": 0.3255019783973694,
          "y": -0.4548763036727905,
          "z": 0.5105000734329224
        }
      },
      "world_space": {
        "head": {
          "x": 0.36658966541290283,
          "y": -0.12998270988464355,
          "z": 1.4980461597442627
        },
        "tail": {
          "x": 0.3255019783973694,
          "y": -0.3916323184967041,
          "z": 1.4603540897369385
        },
        "rotation_quaternion": {
          "w": 0.10116684436798096,
          "x": -0.8400077223777771,
          "y": 0.027304023504257202,
          "z": 0.5323597192764282
        },
        "matrix": [
          [
            0.43169549107551575,
            -0.1535848081111908,
            -0.8888479471206665,
            0.36658966541290283
          ],
          [
            0.06184273958206177,
            -0.9780398607254028,
            0.1990320086479187,
            -0.12998270988464355
          ],
          [
            -0.8999032974243164,
            -0.14089196920394897,
            -0.4127199649810791,
            1.4980461597442627
          ],
          [
            0.0,
            0.0,
            0.0,
            1.0
          ]
        ]
      },
      "bone_length_armature_space": 0.267524591193229,
      "parent": "upperarm_l",
      "has_children": true,
      "is_end_bone": false
    },
    "metacarpal_thumb_l": {
      "name": "metacarpal_thumb_l",
      "local": {
        "location": {
          "x": 0.0,
          "y": 0.0,
          "z": 0.0
        },
        "rotation_quaternion": {
          "w": 0.9990234971046448,
          "x": -0.03718792274594307,
          "y": -0.023570634424686432,
          "z": 0.0036867521703243256
        },
        "scale": {
          "x": 1.0,
          "y": 1.0,
          "z": 1.0
        },
        "matrix_basis": [
          [
            0.9988616704940796,
            -0.0056132180616259575,
            -0.04736943915486336,
            0.0
          ],
          [
            0.009119389578700066,
            0.9972069263458252,
            0.07412941753864288,
            0.0
          ],
          [
            0.04682103171944618,
            -0.07447701692581177,
            0.9961229562759399,
            0.0
          ],
          [
            0.0,
            0.0,
            0.0,
            1.0
          ]
        ],
        "rotation_mode": "QUATERNION"
      },
      "armature_space": {
        "head": {
          "x": 0.3255019783973694,
          "y": -0.4548763036727905,
          "z": 0.5105000734329224
        },
        "tail": {
          "x": 0.2955763638019562,
          "y": -0.48726990818977356,
          "z": 0.4879455864429474
        }
      },
      "world_space": {
        "head": {
          "x": 0.3255019783973694,
          "y": -0.3916323184967041,
          "z": 1.4603540897369385
        },
        "tail": {
          "x": 0.2955763638019562,
          "y": -0.42402589321136475,
          "z": 1.4377995729446411
        },
        "rotation_quaternion": {
          "w": 0.18861545622348785,
          "x": -0.8954645991325378,
          "y": 0.37072691321372986,
          "z": -0.1585213840007782
        },
        "matrix": [
          [
            0.6748643517494202,
            -0.6041467785835266,
            0.42375075817108154,
            0.3255019783973694
          ],
          [
            -0.7237452268600464,
            -0.6539715528488159,
            0.22025913000106812,
            -0.3916323184967041
          ],
          [
            0.1440524458885193,
            -0.4553363621234894,
            -0.8785964846611023,
            1.4603540897369385
          ],
          [
            0.0,
            0.0,
            0.0,
            1.0
          ]
        ]
      },
      "bone_length_armature_space": 0.04953375453889486,
      "parent": "lowerarm_l",
      "has_children": true,
      "is_end_bone": false
    },
    "thumb_01_l": {
      "name": "thumb_01_l",
      "local": {
        "location": {
          "x": 0.0,
          "y": 0.0,
          "z": 0.0
        },
        "rotation_quaternion": {
          "w": 0.9997789859771729,
          "x": 0.012530728243291378,
          "y": -0.011473393999040127,
          "z": -0.012383527122437954
        },
        "scale": {
          "x": 1.0,
          "y": 1.0,
          "z": 1.0
        },
        "matrix_basis": [
          [
            0.9994300007820129,
            0.024474039673805237,
            -0.02325206622481346,
            0.0
          ],
          [
            -0.0250491201877594,
            0.9993792772293091,
            -0.024771755561232567,
            0.0
          ],
          [
            0.022631367668509483,
            0.02534008026123047,
            0.9994226694107056,
            0.0
          ],
          [
            0.0,
            0.0,
            0.0,
            1.0
          ]
        ],
        "rotation_mode": "QUATERNION"
      },
      "armature_space": {
        "head": {
          "x": 0.2955763638019562,
          "y": -0.48726990818977356,
          "z": 0.4879455864429474
        },
        "tail": {
          "x": 0.28987011313438416,
          "y": -0.49459704756736755,
          "z": 0.4551981985569
        }
      },
      "world_space": {
        "head": {
          "x": 0.2955763638019562,
          "y": -0.42402589321136475,
          "z": 1.4377995729446411
        },
        "tail": {
          "x": 0.28987011313438416,
          "y": -0.43135303258895874,
          "z": 1.4050521850585938
        },
        "rotation_quaternion": {
          "w": 0.16934151947498322,
          "x": -0.3364376127719879,
          "y": 0.6030703186988831,
          "z": -0.7031638026237488
        },
        "matrix": [
          [
            -0.7162671089172363,
            -0.16764096915721893,
            0.6773903965950012,
            0.2955763638019562
          ],
          [
            -0.6439395546913147,
            -0.21526014804840088,
            -0.734169602394104,
            -0.42402589321136475
          ],
          [
            0.2688933312892914,
            -0.9620670676231384,
            0.04623275250196457,
            1.4377995729446411
          ],
          [
            0.0,
            0.0,
            0.0,
            1.0
          ]
        ]
      },
      "bone_length_armature_space": 0.03403879652065161,
      "parent": "metacarpal_thumb_l",
      "has_children": true,
      "is_end_bone": false
    },
    "thumb_02_l": {
      "name": "thumb_02_l",
      "local": {
        "location": {
          "x": 0.0,
          "y": 0.0,
          "z": 0.0
        },
        "rotation_quaternion": {
          "w": 0.9924878478050232,
          "x": 0.1223236545920372,
          "y": -0.0008735687588341534,
          "z": -0.0020145196467638016
        },
        "scale": {
          "x": 1.0,
          "y": 1.0,
          "z": 1.0
        },
        "matrix_basis": [
          [
            0.9999903440475464,
            0.003785056294873357,
            -0.002226859563961625,
            0.0
          ],
          [
            -0.004212488885968924,
            0.970065712928772,
            -0.24280595779418945,
            0.0
          ],
          [
            0.0012411659117788076,
            0.24281300604343414,
            0.970072329044342,
            0.0
          ],
          [
            0.0,
            0.0,
            0.0,
            1.0
          ]
        ],
        "rotation_mode": "QUATERNION"
      },
      "armature_space": {
        "head": {
          "x": 0.28987011313438416,
          "y": -0.4945969879627228,
          "z": 0.4551981985569
        },
        "tail": {
          "x": 0.28710052371025085,
          "y": -0.534634530544281,
          "z": 0.4536159932613373
        }
      },
      "world_space": {
        "head": {
          "x": 0.28987011313438416,
          "y": -0.43135297298431396,
          "z": 1.4050521850585938
        },
        "tail": {
          "x": 0.28710052371025085,
          "y": -0.4713905453681946,
          "z": 1.4034700393676758
        },
        "rotation_quaternion": {
          "w": 0.03160223737359047,
          "x": 0.131871297955513,
          "y": -0.024093205109238625,
          "z": 0.9904699921607971
        },
        "matrix": [
          [
            -0.9632225036621094,
            -0.06895633041858673,
            0.2597062885761261,
            0.28987011313438416
          ],
          [
            0.05624796450138092,
            -0.9968416690826416,
            -0.056061625480651855,
            -0.43135297298431396
          ],
          [
            0.26275375485420227,
            -0.0393931120634079,
            0.964065670967102,
            1.4050521850585938
          ],
          [
            0.0,
            0.0,
            0.0,
            1.0
          ]
        ]
      },
      "bone_length_armature_space": 0.04016439805523168,
      "parent": "thumb_01_l",
      "has_children": true,
      "is_end_bone": false
    },
    "thumb_03_l": {
      "name": "thumb_03_l",
      "local": {
        "location": {
          "x": 0.0,
          "y": 0.0,
          "z": 0.0
        },
        "rotation_quaternion": {
          "w": 0.9984068870544434,
          "x": 0.05633784830570221,
          "y": -0.00021359203674364835,
          "z": 0.003128455951809883
        },
        "scale": {
          "x": 1.0,
          "y": 1.0,
          "z": 1.0
        },
        "matrix_basis": [
          [
            0.9999803304672241,
            -0.006271010730415583,
            -7.400256436085328e-05,
            0.0
          ],
          [
            0.006222877185791731,
            0.9936324954032898,
            -0.11249753087759018,
            0.0
          ],
          [
            0.0007790044764988124,
            0.11249485611915588,
            0.9936519861221313,
            0.0
          ],
          [
            0.0,
            0.0,
            0.0,
            1.0
          ]
        ],
        "rotation_mode": "QUATERNION"
      },
      "armature_space": {
        "head": {
          "x": 0.2871004343032837,
          "y": -0.5346344709396362,
          "z": 0.4536159634590149
        },
        "tail": {
          "x": 0.2917022407054901,
          "y": -0.563398003578186,
          "z": 0.46246883273124695
        }
      },
      "world_space": {
        "head": {
          "x": 0.2871004343032837,
          "y": -0.4713904857635498,
          "z": 1.4034700393676758
        },
        "tail": {
          "x": 0.2917022407054901,
          "y": -0.5001540184020996,
          "z": 1.4123228788375854
        },
        "rotation_quaternion": {
          "w": 0.08537383377552032,
          "x": 0.059330157935619354,
          "y": -0.14256243407726288,
          "z": -0.984310507774353
        },
        "matrix": [
          [
            -0.9783824682235718,
            0.1511523574590683,
            -0.1411408931016922,
            0.2871004343032837
          ],
          [
            -0.18498514592647552,
            -0.9447744488716125,
            0.2705213129520416,
            -0.4713904857635498
          ],
          [
            -0.09245722740888596,
            0.2907833456993103,
            0.9523186683654785,
            1.4034700393676758
          ],
          [
            0.0,
            0.0,
            0.0,
            1.0
          ]
        ]
      },
      "bone_length_armature_space": 0.030444880293441567,
      "parent": "thumb_02_l",
      "has_children": false,
      "is_end_bone": true
    },
    "metacarpal_index_l": {
      "name": "metacarpal_index_l",
      "local": {
        "location": {
          "x": 0.0,
          "y": 0.0,
          "z": 0.0
        },
        "rotation_quaternion": {
          "w": 0.9996060132980347,
          "x": -0.018070466816425323,
          "y": -0.01578376814723015,
          "z": 0.01456538774073124
        },
        "scale": {
          "x": 1.0,
          "y": 1.0,
          "z": 1.0
        },
        "matrix_basis": [
          [
            0.9990774393081665,
            -0.02854885905981064,
            -0.03208150714635849,
            0.0
          ],
          [
            0.029689738526940346,
            0.99892258644104,
            0.035666901618242264,
            0.0
          ],
          [
            0.031028691679239273,
            -0.03658648952841759,
            0.9988486766815186,
            0.0
          ],
          [
            0.0,
            0.0,
            0.0,
            1.0
          ]
        ],
        "rotation_mode": "QUATERNION"
      },
      "armature_space": {
        "head": {
          "x": 0.3255019783973694,
          "y": -0.4548763036727905,
          "z": 0.5105000734329224
        },
        "tail": {
          "x": 0.27658984065055847,
          "y": -0.55673748254776,
          "z": 0.47949787974357605
        }
      },
      "world_space": {
        "head": {
          "x": 0.3255019783973694,
          "y": -0.3916323184967041,
          "z": 1.4603540897369385
        },
        "tail": {
          "x": 0.27658984065055847,
          "y": -0.4934934973716736,
          "z": 1.4293519258499146
        },
        "rotation_quaternion": {
          "w": 0.16010966897010803,
          "x": -0.9607242941856384,
          "y": 0.19924530386924744,
          "z": 0.10805129259824753
        },
        "matrix": [
          [
            0.8972525000572205,
            -0.4174398183822632,
            -0.1438121497631073,
            0.3255019783973694
          ],
          [
            -0.34823986887931824,
            -0.869332492351532,
            0.3506995737552643,
            -0.3916323184967041
          ],
          [
            -0.27141880989074707,
            -0.2645876407623291,
            -0.9253861308097839,
            1.4603540897369385
          ],
          [
            0.0,
            0.0,
            0.0,
            1.0
          ]
        ]
      },
      "bone_length_armature_space": 0.11717181075889267,
      "parent": "lowerarm_l",
      "has_children": true,
      "is_end_bone": false
    },
    "index_01_l": {
      "name": "index_01_l",
      "local": {
        "location": {
          "x": 0.0,
          "y": 0.0,
          "z": 0.0
        },
        "rotation_quaternion": {
          "w": 0.9983954429626465,
          "x": -0.05662473291158676,
          "y": 0.00021197836031205952,
          "z": 0.0005630527739413083
        },
        "scale": {
          "x": 1.0,
          "y": 1.0,
          "z": 1.0
        },
        "matrix_basis": [
          [
            0.9999992847442627,
            -0.0011483051348477602,
            0.0003595110320020467,
            0.0
          ],
          [
            0.0011002921964973211,
            0.9935866594314575,
            0.11306799203157425,
            0.0
          ],
          [
            -0.00048704189248383045,
            -0.11306751519441605,
            0.9935871958732605,
            0.0
          ],
          [
            0.0,
            0.0,
            0.0,
            1.0
          ]
        ],
        "rotation_mode": "QUATERNION"
      },
      "armature_space": {
        "head": {
          "x": 0.27658984065055847,
          "y": -0.55673748254776,
          "z": 0.47949787974357605
        },
        "tail": {
          "x": 0.2753121554851532,
          "y": -0.5850639343261719,
          "z": 0.47648948431015015
        }
      },
      "world_space": {
        "head": {
          "x": 0.27658984065055847,
          "y": -0.4934934973716736,
          "z": 1.4293519258499146
        },
        "tail": {
          "x": 0.2753121554851532,
          "y": -0.5218199491500854,
          "z": 1.4263434410095215
        },
        "rotation_quaternion": {
          "w": 0.054383087903261185,
          "x": -0.9954981207847595,
          "y": 0.018385455012321472,
          "z": 0.07541968673467636
        },
        "matrix": [
          [
            0.9879477620124817,
            -0.04480845481157303,
            -0.14816051721572876,
            0.27658984065055847
          ],
          [
            -0.028402293100953102,
            -0.9934090971946716,
            0.11104928702116013,
            -0.4934934973716736
          ],
          [
            -0.15216109156608582,
            -0.10550448298454285,
            -0.9827156662940979,
            1.4293519258499146
          ],
          [
            0.0,
            0.0,
            0.0,
            1.0
          ]
        ]
      },
      "bone_length_armature_space": 0.02851439659032179,
      "parent": "metacarpal_index_l",
      "has_children": true,
      "is_end_bone": false
    },
    "index_02_l": {
      "name": "index_02_l",
      "local": {
        "location": {
          "x": 0.0,
          "y": 0.0,
          "z": 0.0
        },
        "rotation_quaternion": {
          "w": 0.9856085181236267,
          "x": 0.16896112263202667,
          "y": 0.0011602744925767183,
          "z": -0.005162638612091541
        },
        "scale": {
          "x": 1.0,
          "y": 1.0,
          "z": 1.0
        },
        "matrix_basis": [
          [
            0.9999440312385559,
            0.010568764060735703,
            0.0005425824201665819,
            0.0
          ],
          [
            -0.009784598834812641,
            0.9428509473800659,
            -0.3330710232257843,
            0.0
          ],
          [
            -0.004031723365187645,
            0.3330470621585846,
            0.942901611328125,
            0.0
          ],
          [
            0.0,
            0.0,
            0.0,
            1.0
          ]
        ],
        "rotation_mode": "QUATERNION"
      },
      "armature_space": {
        "head": {
          "x": 0.2753118574619293,
          "y": -0.5850642323493958,
          "z": 0.47648918628692627
        },
        "tail": {
          "x": 0.2735372483730316,
          "y": -0.6085262894630432,
          "z": 0.466267853975296
        }
      },
      "world_space": {
        "head": {
          "x": 0.2753118574619293,
          "y": -0.5218202471733093,
          "z": 1.4263432025909424
        },
        "tail": {
          "x": 0.2735372483730316,
          "y": -0.5452823042869568,
          "z": 1.4161218404769897
        },
        "rotation_quaternion": {
          "w": 0.20622564852237701,
          "x": -0.9728165864944458,
          "y": 0.013403406366705894,
          "z": 0.1044950932264328
        },
        "matrix": [
          [
            0.9778023958206177,
            -0.06917721778154373,
            -0.19778068363666534,
            0.2753118574619293
          ],
          [
            0.01702088862657547,
            -0.9145830273628235,
            0.40404021739959717,
            -0.5218202471733093
          ],
          [
            -0.20883870124816895,
            -0.3984415531158447,
            -0.8931097984313965,
            1.4263432025909424
          ],
          [
            0.0,
            0.0,
            0.0,
            1.0
          ]
        ]
      },
      "bone_length_armature_space": 0.025653322903321354,
      "parent": "index_01_l",
      "has_children": true,
      "is_end_bone": false
    },
    "index_03_l": {
      "name": "index_03_l",
      "local": {
        "location": {
          "x": 0.0,
          "y": 0.0,
          "z": 0.0
        },
        "rotation_quaternion": {
          "w": 0.9778999090194702,
          "x": 0.2090301513671875,
          "y": 0.004119017627090216,
          "z": 0.001148307346738875
        },
        "scale": {
          "x": 1.0,
          "y": 1.0,
          "z": 1.0
        },
        "matrix_basis": [
          [
            0.9999634027481079,
            -0.0005238615558482707,
            0.008536035194993019,
            0.0
          ],
          [
            0.003967856988310814,
            0.9126101732254028,
            -0.40881165862083435,
            0.0
          ],
          [
            -0.0075759124010801315,
            0.40883058309555054,
            0.9125788807868958,
            0.0
          ],
          [
            0.0,
            0.0,
            0.0,
            1.0
          ]
        ],
        "rotation_mode": "QUATERNION"
      },
      "armature_space": {
        "head": {
          "x": 0.2735372483730316,
          "y": -0.608526349067688,
          "z": 0.46626800298690796
        },
        "tail": {
          "x": 0.27210840582847595,
          "y": -0.6258913278579712,
          "z": 0.44281259179115295
        }
      },
      "world_space": {
        "head": {
          "x": 0.2735372483730316,
          "y": -0.5452823638916016,
          "z": 1.4161219596862793
        },
        "tail": {
          "x": 0.27210840582847595,
          "y": -0.5626473426818848,
          "z": 1.3926665782928467
        },
        "rotation_quaternion": {
          "w": 0.450377881526947,
          "x": -0.8909189105033875,
          "y": -0.0021141525357961655,
          "z": 0.05847141891717911
        },
        "matrix": [
          [
            0.9931533932685852,
            -0.04890136420726776,
            -0.10609061270952225,
            0.2735372483730316
          ],
          [
            0.056435275822877884,
            -0.5943111777305603,
            0.8022527694702148,
            -0.5452823638916016
          ],
          [
            -0.10228277742862701,
            -0.8027535676956177,
            -0.5874857306480408,
            1.4161219596862793
          ],
          [
            0.0,
            0.0,
            0.0,
            1.0
          ]
        ]
      },
      "bone_length_armature_space": 0.029218836765293757,
      "parent": "index_02_l",
      "has_children": false,
      "is_end_bone": true
    },
    "metacarpal_pinky_l": {
      "name": "metacarpal_pinky_l",
      "local": {
        "location": {
          "x": 0.0,
          "y": 0.0,
          "z": 0.0
        },
        "rotation_quaternion": {
          "w": 0.9976241588592529,
          "x": -0.06788072735071182,
          "y": 0.010491888038814068,
          "z": 0.005326219368726015
        },
        "scale": {
          "x": 1.0,
          "y": 1.0,
          "z": 1.0
        },
        "matrix_basis": [
          [
            0.9997230768203735,
            -0.012051524594426155,
            0.02021082676947117,
            0.0
          ],
          [
            0.009202736429870129,
            0.9907276630401611,
            0.13555067777633667,
            0.0
          ],
          [
            -0.02165701799094677,
            -0.13532714545726776,
            0.990564227104187,
            0.0
          ],
          [
            0.0,
            0.0,
            0.0,
            1.0
          ]
        ],
        "rotation_mode": "QUATERNION"
      },
      "armature_space": {
        "head": {
          "x": 0.3255019783973694,
          "y": -0.4548763036727905,
          "z": 0.5105000734329224
        },
        "tail": {
          "x": 0.34865647554397583,
          "y": -0.5557861924171448,
          "z": 0.49935147166252136
        }
      },
      "world_space": {
        "head": {
          "x": 0.3255019783973694,
          "y": -0.3916323184967041,
          "z": 1.4603540897369385
        },
        "tail": {
          "x": 0.34865647554397583,
          "y": -0.49254220724105835,
          "z": 1.4492055177688599
        },
        "rotation_quaternion": {
          "w": 0.08505607396364212,
          "x": 0.3578082025051117,
          "y": 0.09072604775428772,
          "z": -0.9254770278930664
        },
        "matrix": [
          [
            -0.7294777035713196,
            0.22235983610153198,
            -0.6468527317047119,
            0.3255019783973694
          ],
          [
            -0.09251025319099426,
            -0.9690687656402588,
            -0.22879688441753387,
            -0.3916323184967041
          ],
          [
            -0.6777247190475464,
            -0.1070634126663208,
            0.7274894118309021,
            1.4603540897369385
          ],
          [
            0.0,
            0.0,
            0.0,
            1.0
          ]
        ]
      },
      "bone_length_armature_space": 0.10413081882069165,
      "parent": "lowerarm_l",
      "has_children": true,
      "is_end_bone": false
    },
    "pinky_01_l": {
      "name": "pinky_01_l",
      "local": {
        "location": {
          "x": 0.0,
          "y": 0.0,
          "z": 0.0
        },
        "rotation_quaternion": {
          "w": 0.998303234577179,
          "x": 0.056453827768564224,
          "y": 0.007671709172427654,
          "z": 0.012038321234285831
        },
        "scale": {
          "x": 1.0,
          "y": 1.0,
          "z": 1.0
        },
        "matrix_basis": [
          [
            0.9995924234390259,
            -0.02316959574818611,
            0.016676602885127068,
            0.0
          ],
          [
            0.0249019842594862,
            0.9933360815048218,
            -0.11253137141466141,
            0.0
          ],
          [
            -0.013958165422081947,
            0.11290078610181808,
            0.9935082197189331,
            0.0
          ],
          [
            0.0,
            0.0,
            0.0,
            1.0
          ]
        ],
        "rotation_mode": "QUATERNION"
      },
      "armature_space": {
        "head": {
          "x": 0.34865647554397583,
          "y": -0.5557861924171448,
