{
  "metadata": {
    "armature_name": "KIM_caucasian_male",
    "export_time": "2026-01-13T21:02:42.913947",
    "blender_version": "4.4.1",
    "bone_count": 56,
    "end_bone_count": 13,
    "spaces_included": [
      "LOCAL_CHANNELS",
      "ARMATURE_SPACE",
      "WORLD_SPACE"
    ],
    "note": "LOCAL matches Transform panel; replay pose via local.matrix_basis for best fidelity."
  },
  "bones": {
    "Root": {
      "name": "Root",
      "local": {
        "location": {
          "x": 0.0,
          "y": 0.0,
          "z": 0.0
        },
        "rotation_quaternion": {
          "w": 0.9998869895935059,
          "x": 0.005270416848361492,
          "y": -0.008449953980743885,
          "z": 0.011263866908848286
        },
        "scale": {
          "x": 1.0,
          "y": 1.0,
          "z": 1.0
        },
        "matrix_basis": [
          [
            0.9996034502983093,
            -0.022614257410168648,
            -0.01677926816046238,
            0.0
          ],
          [
            0.022436117753386497,
            0.9996907114982605,
            -0.010730001144111156,
            0.0
          ],
          [
            0.017016729339957237,
            0.010349283926188946,
            0.9998016357421875,
            0.0
          ],
          [
            0.0,
            0.0,
            0.0,
            1.0
          ]
        ],
        "rotation_mode": "QUATERNION"
      },
      "armature_space": {
        "head": {
          "x": 0.0,
          "y": 0.07072800397872925,
          "z": -0.009595036506652832
        },
        "tail": {
          "x": -0.0016141122905537486,
          "y": -7.742643356323242e-05,
          "z": -0.0007349569350481033
        }
      },
      "world_space": {
        "head": {
          "x": 0.0,
          "y": 0.13397200405597687,
          "z": 0.9402589797973633
        },
        "tail": {
          "x": -0.0016141122905537486,
          "y": 0.06316657364368439,
          "z": 0.9491190314292908
        },
        "rotation_quaternion": {
          "w": 0.06210159882903099,
          "x": 0.9979705214500427,
          "y": -0.011807532981038094,
          "z": -0.007671935483813286
        },
        "matrix": [
          [
            0.9996034502983093,
            -0.022614257410168648,
            -0.01677926816046238,
            0.0
          ],
          [
            -0.0245200227946043,
            -0.9920079112052917,
            -0.12377041578292847,
            0.13397200405597687
          ],
          [
            -0.01384630985558033,
            0.12413270026445389,
            -0.9921760559082031,
            0.9402589797973633
          ],
          [
            0.0,
            0.0,
            0.0,
            1.0
          ]
        ]
      },
      "bone_length_armature_space": 0.07137587436711021,
      "parent": null,
      "has_children": true,
      "is_end_bone": false
    },
    "spine_01": {
      "name": "spine_01",
      "local": {
        "location": {
          "x": 0.0,
          "y": 0.0,
          "z": 0.0
        },
        "rotation_quaternion": {
          "w": 0.9983299970626831,
          "x": -0.014483780600130558,
          "y": -0.05287519842386246,
          "z": -0.018209537491202354
        },
        "scale": {
          "x": 1.0,
          "y": 1.0,
          "z": 1.0
        },
        "matrix_basis": [
          [
            0.9937452673912048,
            0.03788992017507553,
            -0.10504630953073502,
            0.0
          ],
          [
            -0.03482658788561821,
            0.998917281627655,
            0.030844850465655327,
            0.0
          ],
          [
            0.10610128194093704,
            -0.026993518695235252,
            0.9939888715744019,
            0.0
          ],
          [
            0.0,
            0.0,
            0.0,
            1.0
          ]
        ],
        "rotation_mode": "QUATERNION"
      },
      "armature_space": {
        "head": {
          "x": -0.0016141122905537486,
          "y": -7.742643356323242e-05,
          "z": -0.0007349569350481033
        },
        "tail": {
          "x": 0.024363040924072266,
          "y": 0.03019062615931034,
          "z": 0.4856369197368622
        }
      },
      "world_space": {
        "head": {
          "x": -0.0016141122905537486,
          "y": 0.06316657364368439,
          "z": 0.9491190314292908
        },
        "tail": {
          "x": 0.024363040924072266,
          "y": 0.09343462437391281,
          "z": 1.4354909658432007
        },
        "rotation_quaternion": {
          "w": 0.7281387448310852,
          "x": 0.6818796992301941,
          "y": -0.028740286827087402,
          "z": -0.06346768885850906
        },
        "matrix": [
          [
            0.9902916550636292,
            0.05323173850774765,
            -0.12840881943702698,
            -0.0016141122905537486
          ],
          [
            -0.13162177801132202,
            0.062024541199207306,
            -0.9893577694892883,
            0.06316657364368439
          ],
          [
            -0.04470115900039673,
            0.9966611862182617,
            0.0684284120798111,
            0.9491190314292908
          ],
          [
            0.0,
            0.0,
            0.0,
            1.0
          ]
        ]
      },
      "bone_length_armature_space": 0.48800468271500047,
      "parent": "Root",
      "has_children": true,
      "is_end_bone": false
    },
    "neck_01": {
      "name": "neck_01",
      "local": {
        "location": {
          "x": 0.0,
          "y": 0.0,
          "z": 0.0
        },
        "rotation_quaternion": {
          "w": 0.9879522323608398,
          "x": 0.05313212424516678,
          "y": 0.06664902716875076,
          "z": -0.1291719526052475
        },
        "scale": {
          "x": 1.0,
          "y": 1.0,
          "z": 1.0
        },
        "matrix_basis": [
          [
            0.9577450156211853,
            0.2623138427734375,
            0.11796575039625168,
            0.0
          ],
          [
            -0.24814902245998383,
            0.960983157157898,
            -0.12220237404108047,
            0.0
          ],
          [
            -0.1454184651374817,
            0.087765634059906,
            0.9854697585105896,
            0.0
          ],
          [
            0.0,
            0.0,
            0.0,
            1.0
          ]
        ],
        "rotation_mode": "QUATERNION"
      },
      "armature_space": {
        "head": {
          "x": 0.023807313293218613,
          "y": 0.0004206039011478424,
          "z": 0.5609840750694275
        },
        "tail": {
          "x": 0.049211304634809494,
          "y": -0.042985107749700546,
          "z": 0.6503222584724426
        }
      },
      "world_space": {
        "head": {
          "x": 0.023807313293218613,
          "y": 0.06366460025310516,
          "z": 1.5108380317687988
        },
        "tail": {
          "x": 0.049211304634809494,
          "y": 0.020258892327547073,
          "z": 1.6001763343811035
        },
        "rotation_quaternion": {
          "w": 0.5275729298591614,
          "x": 0.8402078151702881,
          "y": 0.09987780451774597,
          "z": -0.07577700167894363
        },
        "matrix": [
          [
            0.9685645699501038,
            0.24779222905635834,
            -0.021950088441371918,
            0.023807313293218613
          ],
          [
            0.08788147568702698,
            -0.4233822226524353,
            -0.9016788005828857,
            0.06366460025310516
          ],
          [
            -0.23272377252578735,
            0.8714107275009155,
            -0.43185317516326904,
            1.5108380317687988
          ],
          [
            0.0,
            0.0,
            0.0,
            1.0
          ]
        ]
      },
      "bone_length_armature_space": 0.10252184723345471,
      "parent": "spine_01",
      "has_children": true,
      "is_end_bone": false
    },
    "head": {
      "name": "head",
      "local": {
        "location": {
          "x": 0.0,
          "y": 0.0,
          "z": 0.0
        },
        "rotation_quaternion": {
          "w": 0.9821908473968506,
          "x": -0.022893322631716728,
          "y": 0.11251629889011383,
          "z": 0.14871901273727417
        },
        "scale": {
          "x": 1.0,
          "y": 1.0,
          "z": 1.0
        },
        "matrix_basis": [
          [
            0.9304454922676086,
            -0.29729264974594116,
            0.21421560645103455,
            0.0
          ],
          [
            0.28698915243148804,
            0.9547170996665955,
            0.07843784987926483,
            0.0
          ],
          [
            -0.2278342992067337,
            -0.011504597961902618,
            0.9736319780349731,
            0.0
          ],
          [
            0.0,
            0.0,
            0.0,
            1.0
          ]
        ],
        "rotation_mode": "QUATERNION"
      },
      "armature_space": {
        "head": {
          "x": 0.0492112822830677,
          "y": -0.0429852195084095,
          "z": 0.6503221392631531
        },
        "tail": {
          "x": 0.03971223160624504,
          "y": -0.05531758442521095,
          "z": 0.8046302795410156
        }
      },
      "world_space": {
        "head": {
          "x": 0.0492112822830677,
          "y": 0.02025878056883812,
          "z": 1.6001760959625244
        },
        "tail": {
          "x": 0.03971223160624504,
          "y": 0.007926415652036667,
          "z": 1.7544842958450317
        },
        "rotation_quaternion": {
          "w": 0.6739626526832581,
          "x": 0.7233258485794067,
          "y": 0.07756031304597855,
          "z": 0.1286803036928177
        },
        "matrix": [
          [
            0.9548518657684326,
            -0.0612485446035862,
            0.2907004952430725,
            0.0492112822830677
          ],
          [
            0.28565365076065063,
            -0.07951736450195312,
            -0.9550284743309021,
            0.02025878056883812
          ],
          [
            0.08161070942878723,
            0.9949570894241333,
            -0.05843271315097809,
            1.6001760959625244
          ],
          [
            0.0,
            0.0,
            0.0,
            1.0
          ]
        ]
      },
      "bone_length_armature_space": 0.15509132959070546,
      "parent": "neck_01",
      "has_children": false,
      "is_end_bone": true
    },
    "upperarm_l": {
      "name": "upperarm_l",
      "local": {
        "location": {
          "x": 0.0,
          "y": 0.0,
          "z": 0.0
        },
        "rotation_quaternion": {
          "w": 0.8215392231941223,
          "x": -0.23310266435146332,
          "y": 0.5121380090713501,
          "z": -0.09192990511655807
        },
        "scale": {
          "x": 1.0,
          "y": 1.0,
          "z": 1.0
        },
        "matrix_basis": [
          [
            0.4585271179676056,
            -0.08771342039108276,
            0.8843411207199097,
            0.0
          ],
          [
            -0.3898095190525055,
            0.8744240999221802,
            0.28884437680244446,
            0.0
          ],
          [
            -0.7986246943473816,
            -0.477167546749115,
            0.3667556047439575,
            0.0
          ],
          [
            0.0,
            0.0,
            0.0,
            1.0
          ]
        ],
        "rotation_mode": "QUATERNION"
      },
      "armature_space": {
        "head": {
          "x": 0.16836397349834442,
          "y": -0.026646381244063377,
          "z": 0.4875137507915497
        },
        "tail": {
          "x": 0.4144721031188965,
          "y": 0.07934878766536713,
          "z": 0.4893692135810852
        }
      },
      "world_space": {
        "head": {
          "x": 0.16836397349834442,
          "y": 0.03659761697053909,
          "z": 1.4373677968978882
        },
        "tail": {
          "x": 0.4144721031188965,
          "y": 0.14259278774261475,
          "z": 1.439223289489746
        },
        "rotation_quaternion": {
          "w": 0.2012147158384323,
          "x": 0.5345455408096313,
          "y": 0.8107329607009888,
          "z": -0.1283971220254898
        },
        "matrix": [
          [
            -0.3475469946861267,
            0.9184186458587646,
            0.18899306654930115,
            0.16836397349834442
          ],
          [
            0.8150765299797058,
            0.395549476146698,
            -0.42330968379974365,
            0.03659761697053909
          ],
          [
            -0.46353408694267273,
            0.0069241635501384735,
            -0.8860600590705872,
            1.4373677968978882
          ],
          [
            0.0,
            0.0,
            0.0,
            1.0
          ]
        ]
      },
      "bone_length_armature_space": 0.26796945895757907,
      "parent": "spine_01",
      "has_children": true,
      "is_end_bone": false
    },
    "lowerarm_l": {
      "name": "lowerarm_l",
      "local": {
        "location": {
          "x": 0.0,
          "y": 0.0,
          "z": 0.0
        },
        "rotation_quaternion": {
          "w": 0.848434567451477,
          "x": 0.4460271894931793,
          "y": -0.23411303758621216,
          "z": 0.162510946393013
        },
        "scale": {
          "x": 1.0,
          "y": 1.0,
          "z": 1.0
        },
        "matrix_basis": [
          [
            0.8375625610351562,
            -0.48460137844085693,
            -0.2522905766963959,
            0.0
          ],
          [
            0.06691824644804001,
            0.5492998957633972,
            -0.8329416513442993,
            0.0
          ],
          [
            0.5422278046607971,
            0.6807578802108765,
            0.4925016760826111,
            0.0
          ],
          [
            0.0,
            0.0,
            0.0,
            1.0
          ]
        ],
        "rotation_mode": "QUATERNION"
      },
      "armature_space": {
        "head": {
          "x": 0.41447222232818604,
          "y": 0.07934869825839996,
          "z": 0.4893692135810852
        },
        "tail": {
          "x": 0.611238956451416,
          "y": -0.08300942182540894,
          "z": 0.4087951183319092
        }
      },
      "world_space": {
        "head": {
          "x": 0.41447222232818604,
          "y": 0.14259269833564758,
          "z": 1.439223289489746
        },
        "tail": {
          "x": 0.611238956451416,
          "y": -0.019765421748161316,
          "z": 1.3586491346359253
        },
        "rotation_quaternion": {
          "w": 0.15802882611751556,
          "x": 0.6539400219917297,
          "y": 0.4142226278781891,
          "z": -0.6130326986312866
        },
        "matrix": [
          [
            -0.09478004276752472,
            0.7355091571807861,
            -0.6708524823188782,
            0.41447222232818604
          ],
          [
            0.34799936413764954,
            -0.6068906784057617,
            -0.7145491242408752,
            0.14259269833564758
          ],
          [
            -0.9326977729797363,
            -0.3011840581893921,
            -0.19843760132789612,
            1.439223289489746
          ],
          [
            0.0,
            0.0,
            0.0,
            1.0
          ]
        ]
      },
      "bone_length_armature_space": 0.2675247495904979,
      "parent": "upperarm_l",
      "has_children": true,
      "is_end_bone": false
    },
    "metacarpal_thumb_l": {
      "name": "metacarpal_thumb_l",
      "local": {
        "location": {
          "x": 0.0,
          "y": 0.0,
          "z": 0.0
        },
        "rotation_quaternion": {
          "w": 0.9990051984786987,
          "x": -0.04234471544623375,
          "y": -0.012982317246496677,
          "z": 0.005192578304558992
        },
        "scale": {
          "x": 1.0,
          "y": 1.0,
          "z": 1.0
        },
        "matrix_basis": [
          [
            0.9996089935302734,
            -0.009275360032916069,
            -0.026378560811281204,
            0.0
          ],
          [
            0.011474290862679482,
            0.9963599443435669,
            0.08447036147117615,
            0.0
          ],
          [
            0.025499047711491585,
            -0.08474000543355942,
            0.996076762676239,
            0.0
          ],
          [
            0.0,
            0.0,
            0.0,
            1.0
          ]
        ],
        "rotation_mode": "QUATERNION"
      },
      "armature_space": {
        "head": {
          "x": 0.611238956451416,
          "y": -0.08300942182540894,
          "z": 0.4087951183319092
        },
        "tail": {
          "x": 0.6199036836624146,
          "y": -0.12639552354812622,
          "z": 0.3865204453468323
        }
      },
      "world_space": {
        "head": {
          "x": 0.611238956451416,
          "y": -0.019765421748161316,
          "z": 1.3586491346359253
        },
        "tail": {
          "x": 0.6199036836624146,
          "y": -0.0631515234708786,
          "z": 1.3363745212554932
        },
        "rotation_quaternion": {
          "w": 0.22370965778827667,
          "x": -0.9650198221206665,
          "y": -0.10958321392536163,
          "z": 0.08174503594636917
        },
        "matrix": [
          [
            0.9626184701919556,
            0.1749258041381836,
            -0.20680101215839386,
            0.611238956451416
          ],
          [
            0.248074471950531,
            -0.8758912086486816,
            0.4138522446155548,
            -0.019765421748161316
          ],
          [
            -0.10874243080615997,
            -0.4496878385543823,
            -0.8865496516227722,
            1.3586491346359253
          ],
          [
            0.0,
            0.0,
            0.0,
            1.0
          ]
        ]
      },
      "bone_length_armature_space": 0.04953374961811721,
      "parent": "lowerarm_l",
      "has_children": true,
      "is_end_bone": false
    },
    "thumb_01_l": {
      "name": "thumb_01_l",
      "local": {
        "location": {
          "x": 0.0,
          "y": 0.0,
          "z": 0.0
        },
        "rotation_quaternion": {
          "w": 0.999828577041626,
          "x": -0.003251579124480486,
          "y": -0.011758027598261833,
          "z": -0.01393264252692461
        },
        "scale": {
          "x": 1.0,
          "y": 1.0,
          "z": 1.0
        },
        "matrix_basis": [
          [
            0.9993352890014648,
            0.027936972677707672,
            -0.02342141792178154,
            0.0
          ],
          [
            -0.027784043923020363,
            0.9995906352996826,
            0.006829684134572744,
            0.0
          ],
          [
            0.02360263094305992,
            -0.00617440277710557,
            0.9997023344039917,
            0.0
          ],
          [
            0.0,
            0.0,
            0.0,
            1.0
          ]
        ],
        "rotation_mode": "QUATERNION"
      },
      "armature_space": {
        "head": {
          "x": 0.6199036836624146,
          "y": -0.12639552354812622,
          "z": 0.3865204453468323
        },
        "tail": {
          "x": 0.6147026419639587,
          "y": -0.13758032023906708,
          "z": 0.3547952175140381
        }
      },
      "world_space": {
        "head": {
          "x": 0.6199036836624146,
          "y": -0.0631515234708786,
          "z": 1.3363745212554932
        },
        "tail": {
          "x": 0.6147026419639587,
          "y": -0.07433632016181946,
          "z": 1.3046492338180542
        },
        "rotation_quaternion": {
          "w": 0.4262218773365021,
          "x": -0.6809881925582886,
          "y": 0.39247795939445496,
          "z": -0.44782939553260803
        },
        "matrix": [
          [
            0.2908196747303009,
            -0.1527976095676422,
            0.9444983005523682,
            0.6199036836624146
          ],
          [
            -0.9162951111793518,
            -0.32859179377555847,
            0.2289772480726242,
            -0.0631515234708786
          ],
          [
            0.2753683626651764,
            -0.9320372343063354,
            -0.23557031154632568,
            1.3363745212554932
          ],
          [
            0.0,
            0.0,
            0.0,
            1.0
          ]
        ]
      },
      "bone_length_armature_space": 0.03403881009408145,
      "parent": "metacarpal_thumb_l",
      "has_children": true,
      "is_end_bone": false
    },
    "thumb_02_l": {
      "name": "thumb_02_l",
      "local": {
        "location": {
          "x": 0.0,
          "y": 0.0,
          "z": 0.0
        },
        "rotation_quaternion": {
          "w": 0.9969245195388794,
          "x": 0.07788625359535217,
          "y": 0.006480897776782513,
          "z": 0.005768867209553719
        },
        "scale": {
          "x": 1.0,
          "y": 1.0,
          "z": 1.0
        },
        "matrix_basis": [
          [
            0.9998494386672974,
            -0.010492704808712006,
            0.01382056251168251,
            0.0
          ],
          [
            0.012511796317994595,
            0.9878008961677551,
            -0.15521866083145142,
            0.0
          ],
          [
            -0.012023300863802433,
            0.15536820888519287,
            0.9877834320068359,
            0.0
          ],
          [
            0.0,
            0.0,
            0.0,
            1.0
          ]
        ],
        "rotation_mode": "QUATERNION"
      },
      "armature_space": {
        "head": {
          "x": 0.614702582359314,
          "y": -0.13758030533790588,
          "z": 0.3547952175140381
        },
        "tail": {
          "x": 0.6455432176589966,
          "y": -0.16026867926120758,
          "z": 0.3426595628261566
        }
      },
      "world_space": {
        "head": {
          "x": 0.614702582359314,
          "y": -0.07433630526065826,
          "z": 1.3046492338180542
        },
        "tail": {
          "x": 0.6455432176589966,
          "y": -0.09702467918395996,
          "z": 1.2925136089324951
        },
        "rotation_quaternion": {
          "w": 0.4656555652618408,
          "x": -0.2759784162044525,
          "y": 0.026847923174500465,
          "z": -0.840404748916626
        },
        "matrix": [
          [
            -0.414000928401947,
            0.7678603529930115,
            0.48886996507644653,
            0.614702582359314
          ],
          [
            -0.7974968552589417,
            -0.5648875832557678,
            0.21189767122268677,
            -0.07433630526065826
          ],
          [
            0.4388670027256012,
            -0.30214923620224,
            0.8462364077568054,
            1.3046492338180542
          ],
          [
            0.0,
            0.0,
            0.0,
            1.0
          ]
        ]
      },
      "bone_length_armature_space": 0.04016442705690916,
      "parent": "thumb_01_l",
      "has_children": true,
      "is_end_bone": false
    },
    "thumb_03_l": {
      "name": "thumb_03_l",
      "local": {
        "location": {
          "x": 0.0,
          "y": 0.0,
          "z": 0.0
        },
        "rotation_quaternion": {
          "w": 0.9973330497741699,
          "x": 0.0725892186164856,
          "y": -0.005907164420932531,
          "z": 0.004783093463629484
        },
        "scale": {
          "x": 1.0,
          "y": 1.0,
          "z": 1.0
        },
        "matrix_basis": [
          [
            0.9998844265937805,
            -0.010398266837000847,
            -0.011088418774306774,
            0.0
          ],
          [
            0.008683081716299057,
            0.9894158840179443,
            -0.14484776556491852,
            0.0
          ],
          [
            0.012477222830057144,
            0.14473474025726318,
            0.9893918037414551,
            0.0
          ],
          [
            0.0,
            0.0,
            0.0,
            1.0
          ]
        ],
        "rotation_mode": "QUATERNION"
      },
      "armature_space": {
        "head": {
          "x": 0.645543098449707,
          "y": -0.16026870906352997,
          "z": 0.3426595628261566
        },
        "tail": {
          "x": 0.6741913557052612,
          "y": -0.17056098580360413,
          "z": 0.34314531087875366
        }
      },
      "world_space": {
        "head": {
          "x": 0.645543098449707,
          "y": -0.09702470898628235,
          "z": 1.2925136089324951
        },
        "tail": {
          "x": 0.6741913557052612,
          "y": -0.1073169857263565,
          "z": 1.292999267578125
        },
        "rotation_quaternion": {
          "w": 0.5749106407165527,
          "x": -0.016179192811250687,
          "y": -0.021129295229911804,
          "z": -0.8177833557128906
        },
        "matrix": [
          [
            -0.338432252407074,
            0.9409883618354797,
            0.0021671652793884277,
            0.645543098449707
          ],
          [
            -0.9396206736564636,
            -0.33806276321411133,
            0.05316205322742462,
            -0.09702470898628235
          ],
          [
            0.050757136195898056,
            0.01595507562160492,
            0.9985908269882202,
            1.2925136089324951
          ],
          [
            0.0,
            0.0,
            0.0,
            1.0
          ]
        ]
      },
      "bone_length_armature_space": 0.030444861190274897,
      "parent": "thumb_02_l",
      "has_children": false,
      "is_end_bone": true
    },
    "metacarpal_index_l": {
      "name": "metacarpal_index_l",
      "local": {
        "location": {
          "x": 0.0,
          "y": 0.0,
          "z": 0.0
        },
        "rotation_quaternion": {
          "w": 0.9998573660850525,
          "x": -0.01394830085337162,
          "y": -0.004106697626411915,
          "z": 0.00860349927097559
        },
        "scale": {
          "x": 1.0,
          "y": 1.0,
          "z": 1.0
        },
        "matrix_basis": [
          [
            0.9998182058334351,
            -0.017089981585741043,
            -0.008452231995761395,
            0.0
          ],
          [
            0.017319107428193092,
            0.9994628429412842,
            0.02782195806503296,
            0.0
          ],
          [
            0.007972215302288532,
            -0.027963286265730858,
            0.9995771646499634,
            0.0
          ],
          [
            0.0,
            0.0,
            0.0,
            1.0
          ]
        ],
        "rotation_mode": "QUATERNION"
      },
      "armature_space": {
        "head": {
          "x": 0.611238956451416,
          "y": -0.08300942182540894,
          "z": 0.4087951183319092
        },
        "tail": {
          "x": 0.6693263649940491,
          "y": -0.17541366815567017,
          "z": 0.36617398262023926
        }
      },
      "world_space": {
        "head": {
          "x": 0.611238956451416,
          "y": -0.019765421748161316,
          "z": 1.3586491346359253
        },
        "tail": {
          "x": 0.6693263649940491,
          "y": -0.11216966807842255,
          "z": 1.3160279989242554
        },
        "rotation_quaternion": {
          "w": 0.10073923319578171,
          "x": -0.8982804417610168,
          "y": -0.30909600853919983,
          "z": 0.295640766620636
        },
        "matrix": [
          [
            0.634111762046814,
            0.4957457184791565,
            -0.5934126377105713,
            0.611238956451416
          ],
          [
            0.6148753762245178,
            -0.7886223793029785,
            -0.0017804671078920364,
            -0.019765421748161316
          ],
          [
            -0.46886399388313293,
            -0.36374926567077637,
            -0.804902195930481,
            1.3586491346359253
          ],
          [
            0.0,
            0.0,
            0.0,
            1.0
          ]
        ]
      },
      "bone_length_armature_space": 0.11717189645201094,
      "parent": "lowerarm_l",
      "has_children": true,
      "is_end_bone": false
    },
    "index_01_l": {
      "name": "index_01_l",
      "local": {
        "location": {
          "x": 0.0,
          "y": 0.0,
          "z": 0.0
        },
        "rotation_quaternion": {
          "w": 0.9940752387046814,
          "x": -0.10743160545825958,
          "y": -0.014786716550588608,
          "z": -0.007371139712631702
        },
        "scale": {
          "x": 1.0,
          "y": 1.0,
          "z": 1.0
        },
        "matrix_basis": [
          [
            0.9994540214538574,
            0.017832055687904358,
            -0.027814431115984917,
            0.0
          ],
          [
            -0.011477813124656677,
            0.9768082499504089,
            0.21380819380283356,
            0.0
          ],
          [
            0.0309820044785738,
            -0.21337220072746277,
            0.9764795899391174,
            0.0
          ],
          [
            0.0,
            0.0,
            0.0,
            1.0
          ]
        ],
        "rotation_mode": "QUATERNION"
      },
      "armature_space": {
        "head": {
          "x": 0.6693263649940491,
          "y": -0.17541366815567017,
          "z": 0.36617398262023926
        },
        "tail": {
          "x": 0.6936503052711487,
          "y": -0.18911761045455933,
          "z": 0.3603760004043579
        }
      },
      "world_space": {
        "head": {
          "x": 0.6693263649940491,
          "y": -0.11216966807842255,
          "z": 1.3160279989242554
        },
        "tail": {
          "x": 0.6936503052711487,
          "y": -0.1258736103773117,
          "z": 1.310230016708374
        },
        "rotation_quaternion": {
          "w": 0.0020847071427851915,
          "x": -0.8377668261528015,
          "y": -0.5096044540405273,
          "z": 0.19607578217983246
        },
        "matrix": [
          [
            0.40371471643447876,
            0.853042483329773,
            -0.33065560460090637,
            0.6693263649940491
          ],
          [
            0.8546768426895142,
            -0.4805975556373596,
            -0.1963510811328888,
            -0.11216966807842255
          ],
          [
            -0.32640963792800903,
            -0.2033359408378601,
            -0.9231066107749939,
            1.3160279989242554
          ],
          [
            0.0,
            0.0,
            0.0,
            1.0
          ]
        ]
      },
      "bone_length_armature_space": 0.02851436014913821,
      "parent": "metacarpal_index_l",
      "has_children": true,
      "is_end_bone": false
    },
    "index_02_l": {
      "name": "index_02_l",
      "local": {
        "location": {
          "x": 0.0,
          "y": 0.0,
          "z": 0.0
        },
        "rotation_quaternion": {
          "w": 0.9982635974884033,
          "x": 0.0581776387989521,
          "y": 0.007590473163872957,
          "z": 0.005249159410595894
        },
        "scale": {
          "x": 1.0,
          "y": 1.0,
          "z": 1.0
        },
        "matrix_basis": [
          [
            0.9998296499252319,
            -0.009596898220479488,
            0.01576535403728485,
            0.0
          ],
          [
            0.011363280937075615,
            0.9931756258010864,
            -0.11607354879379272,
            0.0
          ],
          [
            -0.014543818309903145,
            0.11623292416334152,
            0.9931154847145081,
            0.0
          ],
          [
            0.0,
            0.0,
            0.0,
            1.0
          ]
        ],
        "rotation_mode": "QUATERNION"
      },
      "armature_space": {
        "head": {
          "x": 0.6936504244804382,
          "y": -0.18911805748939514,
          "z": 0.36037570238113403
        },
        "tail": {
          "x": 0.7149158120155334,
          "y": -0.20151107013225555,
          "z": 0.35314473509788513
        }
      },
      "world_space": {
        "head": {
          "x": 0.6936504244804382,
          "y": -0.12587405741214752,
          "z": 1.310229778289795
        },
        "tail": {
          "x": 0.7149158120155334,
          "y": -0.13826707005500793,
          "z": 1.3029987812042236
        },
        "rotation_quaternion": {
          "w": 0.024237053468823433,
          "x": -0.8275780081748962,
          "y": -0.5078029632568359,
          "z": 0.23804092407226562
        },
        "matrix": [
          [
            0.370944619178772,
            0.8289550542831421,
            -0.4186093211174011,
            0.6936504244804382
          ],
          [
            0.8520317673683167,
            -0.4830969572067261,
            -0.20164187252521515,
            -0.12587405741214752
          ],
          [
            -0.3693827986717224,
            -0.28187307715415955,
            -0.8855046629905701,
            1.310229778289795
          ],
          [
            0.0,
            0.0,
            0.0,
            1.0
          ]
        ]
      },
      "bone_length_armature_space": 0.025653272005641103,
      "parent": "index_01_l",
      "has_children": true,
      "is_end_bone": false
    },
    "index_03_l": {
      "name": "index_03_l",
      "local": {
        "location": {
          "x": 0.0,
          "y": 0.0,
          "z": 0.0
        },
        "rotation_quaternion": {
          "w": 0.9998784065246582,
          "x": 0.014387196861207485,
          "y": 0.004832844249904156,
          "z": -0.0035918308421969414
        },
        "scale": {
          "x": 1.0,
          "y": 1.0,
          "z": 1.0
        },
        "matrix_basis": [
          [
            0.9999274611473083,
            0.007321850396692753,
            0.009561160579323769,
            0.0
          ],
          [
            -0.007043725810945034,
            0.9995602369308472,
            -0.02880561165511608,
            0.0
          ],
          [
            -0.009767865762114525,
            0.0287361778318882,
            0.999539315700531,
            0.0
          ],
          [
            0.0,
            0.0,
            0.0,
            1.0
          ]
        ],
        "rotation_mode": "QUATERNION"
      },
      "armature_space": {
        "head": {
          "x": 0.7149158716201782,
          "y": -0.20151105523109436,
          "z": 0.3531448543071747
        },
        "tail": {
          "x": 0.7385151386260986,
          "y": -0.21365660429000854,
          "z": 0.34092622995376587
        }
      },
      "world_space": {
        "head": {
          "x": 0.7149158716201782,
          "y": -0.13826705515384674,
          "z": 1.3029989004135132
        },
        "tail": {
          "x": 0.7385151386260986,
          "y": -0.15041260421276093,
          "z": 1.2907803058624268
        },
        "rotation_quaternion": {
          "w": 0.10558298230171204,
          "x": -0.8082991242408752,
          "y": -0.5301068425178528,
          "z": 0.23343433439731598
        },
        "matrix": [
          [
            0.3289891183376312,
            0.807677149772644,
            -0.48930972814559937,
            0.7149158716201782
          ],
          [
            0.9062631726264954,
            -0.41567760705947876,
            -0.07680748403072357,
            -0.13826705515384674
          ],
          [
            -0.2654317617416382,
            -0.41817808151245117,
            -0.8687275648117065,
            1.3029989004135132
          ],
          [
            0.0,
            0.0,
            0.0,
            1.0
          ]
        ]
      },
      "bone_length_armature_space": 0.02921873664513005,
      "parent": "index_02_l",
      "has_children": false,
      "is_end_bone": true
    },
    "metacarpal_pinky_l": {
      "name": "metacarpal_pinky_l",
      "local": {
        "location": {
          "x": 0.0,
          "y": 0.0,
          "z": 0.0
        },
        "rotation_quaternion": {
          "w": 0.9997996091842651,
          "x": -0.0030496097169816494,
          "y": -0.003955267835408449,
          "z": 0.01938961073756218
        },
        "scale": {
          "x": 1.0,
          "y": 1.0,
          "z": 1.0
        },
        "matrix_basis": [
          [
            0.9992167949676514,
            -0.03874732553958893,
            -0.008027211762964725,
            0.0
          ],
          [
            0.03879557549953461,
            0.9992294907569885,
            0.005944615229964256,
            0.0
          ],
          [
            0.007790688890963793,
            -0.006251379381865263,
            0.999950110912323,
            0.0
          ],
          [
            0.0,
            0.0,
            0.0,
            1.0
          ]
        ],
        "rotation_mode": "QUATERNION"
      },
      "armature_space": {
        "head": {
          "x": 0.611238956451416,
          "y": -0.08300942182540894,
          "z": 0.4087951183319092
        },
        "tail": {
          "x": 0.7070332169532776,
          "y": -0.1170475035905838,
          "z": 0.38625431060791016
        }
      },
      "world_space": {
        "head": {
          "x": 0.611238956451416,
          "y": -0.019765421748161316,
          "z": 1.3586491346359253
        },
        "tail": {
          "x": 0.7070332169532776,
          "y": -0.05380350351333618,
          "z": 1.3361083269119263
        },
        "rotation_quaternion": {
          "w": 0.5258028507232666,
          "x": 0.16593407094478607,
          "y": 0.24513578414916992,
          "z": -0.7974370121955872
        },
        "matrix": [
          [
            -0.3919938802719116,
            0.9199422597885132,
            -0.00685565359890461,
            0.611238956451416
          ],
          [
            -0.7572378516197205,
            -0.32687824964523315,
            -0.565457284450531,
            -0.019765421748161316
          ],
          [
            -0.5224332809448242,
            -0.21646638214588165,
            0.8247545957565308,
            1.3586491346359253
          ],
          [
            0.0,
            0.0,
            0.0,
            1.0
          ]
        ]
      },
      "bone_length_armature_space": 0.10413077948205053,
      "parent": "lowerarm_l",
      "has_children": true,
      "is_end_bone": false
    },
    "pinky_01_l": {
      "name": "pinky_01_l",
      "local": {
        "location": {
          "x": 0.0,
          "y": 0.0,
          "z": 0.0
        },
        "rotation_quaternion": {
          "w": 0.9621530175209045,
          "x": 0.2724338471889496,
          "y": 0.0020763324573636055,
          "z": 0.006089300848543644
        },
        "scale": {
          "x": 1.0,
          "y": 1.0,
          "z": 1.0
        },
        "matrix_basis": [
          [
            0.999917209148407,
            -0.010586352087557316,
            0.007313362322747707,
            0.0
          ],
          [
            0.012849004939198494,
            0.8514854311943054,
            -0.5242208242416382,
            0.0
          ],
          [
            -0.000677635776810348,
            0.5242713689804077,
            0.8515509963035583,
            0.0
          ],
          [
            0.0,
            0.0,
            0.0,
            1.0
          ]
        ],
        "rotation_mode": "QUATERNION"
      },
      "armature_space": {
        "head": {
          "x": 0.7070332169532776,
          "y": -0.1170475035905838,
          "z": 0.38625431060791016
        },
