{
  "metadata": {
    "armature_name": "KIM_caucasian_male",
    "export_time": "2026-01-13T21:04:31.614662",
    "blender_version": "4.4.1",
    "bone_count": 56,
    "end_bone_count": 13,
    "spaces_included": [
      "LOCAL_CHANNELS",
      "ARMATURE_SPACE",
      "WORLD_SPACE"
    ],
    "note": "LOCAL matches Transform panel; replay pose via local.matrix_basis for best fidelity."
  },
  "bones": {
    "Root": {
      "name": "Root",
      "local": {
        "location": {
          "x": 0.0,
          "y": 0.0,
          "z": 0.0
        },
        "rotation_quaternion": {
          "w": 0.9996199607849121,
          "x": -0.014118760824203491,
          "y": -0.013251700438559055,
          "z": -0.01962338574230671
        },
        "scale": {
          "x": 1.0,
          "y": 1.0,
          "z": 1.0
        },
        "matrix_basis": [
          [
            0.9988786578178406,
            0.03960604965686798,
            -0.02593921311199665,
            0.0
          ],
          [
            -0.03885766118764877,
            0.9988311529159546,
            0.02874687686562538,
            0.0
          ],
          [
            0.027047444134950638,
            -0.027706703171133995,
            0.9992501139640808,
            0.0
          ],
          [
            0.0,
            0.0,
            0.0,
            1.0
          ]
        ],
        "rotation_mode": "QUATERNION"
      },
      "armature_space": {
        "head": {
          "x": 0.0,
          "y": 0.07072800397872925,
          "z": -0.009595036506652832
        },
        "tail": {
          "x": 0.0028269162867218256,
          "y": 0.0003485158085823059,
          "z": 0.0019484376534819603
        }
      },
      "world_space": {
        "head": {
          "x": 0.0,
          "y": 0.13397200405597687,
          "z": 0.9402589797973633
        },
        "tail": {
          "x": 0.0028269162867218256,
          "y": 0.06359251588582993,
          "z": 0.9518024325370789
        },
        "rotation_quaternion": {
          "w": 0.08142872899770737,
          "x": 0.9963979125022888,
          "y": 0.018686065450310707,
          "z": -0.014543584547936916
        },
        "matrix": [
          [
            0.9988786578178406,
            0.03960604965686798,
            -0.02593921311199665,
            0.0
          ],
          [
            0.03486897796392441,
            -0.9860403537750244,
            -0.16281482577323914,
            0.13397200405597687
          ],
          [
            -0.03202575445175171,
            0.16172796487808228,
            -0.9863227009773254,
            0.9402589797973633
          ],
          [
            0.0,
            0.0,
            0.0,
            1.0
          ]
        ]
      },
      "bone_length_armature_space": 0.07137587429065625,
      "parent": null,
      "has_children": true,
      "is_end_bone": false
    },
    "spine_01": {
      "name": "spine_01",
      "local": {
        "location": {
          "x": 0.0,
          "y": 0.0,
          "z": 0.0
        },
        "rotation_quaternion": {
          "w": 0.9974585175514221,
          "x": -0.03338169306516647,
          "y": 0.01285253744572401,
          "z": -0.06162003055214882
        },
        "scale": {
          "x": 1.0,
          "y": 1.0,
          "z": 1.0
        },
        "matrix_basis": [
          [
            0.9920755624771118,
            0.12206877022981644,
            0.029753707349300385,
            0.0
          ],
          [
            -0.12378492951393127,
            0.9901772737503052,
            0.06500975787639618,
            0.0
          ],
          [
            -0.021525783464312553,
            -0.06817765533924103,
            0.9974409341812134,
            0.0
          ],
          [
            0.0,
            0.0,
            0.0,
            1.0
          ]
        ],
        "rotation_mode": "QUATERNION"
      },
      "armature_space": {
        "head": {
          "x": 0.0028269162867218256,
          "y": 0.0003485158085823059,
          "z": 0.0019484376534819603
        },
        "tail": {
          "x": 0.07526210695505142,
          "y": 0.07203583419322968,
          "z": 0.47919321060180664
        }
      },
      "world_space": {
        "head": {
          "x": 0.0028269162867218256,
          "y": 0.06359251588582993,
          "z": 0.9518024325370789
        },
        "tail": {
          "x": 0.07526210695505142,
          "y": 0.1352798342704773,
          "z": 1.4290472269058228
        },
        "rotation_quaternion": {
          "w": 0.7535616755485535,
          "x": 0.652235746383667,
          "y": 0.07479609549045563,
          "z": -0.03374842554330826
        },
        "matrix": [
          [
            0.9865332245826721,
            0.1484324038028717,
            0.06870214641094208,
            0.0028269162867218256
          ],
          [
            0.046705301851034164,
            0.14689987897872925,
            -0.9880481958389282,
            0.06359251588582993
          ],
          [
            -0.15675176680088043,
            0.9779581427574158,
            0.1379890739917755,
            0.9518024325370789
          ],
          [
            0.0,
            0.0,
            0.0,
            1.0
          ]
        ]
      },
      "bone_length_armature_space": 0.488004604171189,
      "parent": "Root",
      "has_children": true,
      "is_end_bone": false
    },
    "neck_01": {
      "name": "neck_01",
      "local": {
        "location": {
          "x": 0.0,
          "y": 0.0,
          "z": 0.0
        },
        "rotation_quaternion": {
          "w": 0.9931363463401794,
          "x": -0.07381486147642136,
          "y": 0.07418233901262283,
          "z": 0.05223669484257698
        },
        "scale": {
          "x": 1.0,
          "y": 1.0,
          "z": 1.0
        },
        "matrix_basis": [
          [
            0.9835366010665894,
            -0.1147078350186348,
            0.13963466882705688,
            0.0
          ],
          [
            0.09280480444431305,
            0.9836453795433044,
            0.15436652302742004,
            0.0
          ],
          [
            -0.15505804121494293,
            -0.1388663649559021,
            0.9780966639518738,
            0.0
          ],
          [
            0.0,
            0.0,
            0.0,
            1.0
          ]
        ],
        "rotation_mode": "QUATERNION"
      },
      "armature_space": {
        "head": {
          "x": 0.08851272612810135,
          "y": 0.048525672405958176,
          "z": 0.5555832982063293
        },
        "tail": {
          "x": 0.09331191331148148,
          "y": 0.03765427693724632,
          "z": 0.6574142575263977
        }
      },
      "world_space": {
        "head": {
          "x": 0.08851272612810135,
          "y": 0.1117696762084961,
          "z": 1.5054373741149902
        },
        "tail": {
          "x": 0.09331191331148148,
          "y": 0.10089828073978424,
          "z": 1.6072683334350586
        },
        "rotation_quaternion": {
          "w": 0.6644736528396606,
          "x": 0.7421499490737915,
          "y": 0.07385461777448654,
          "z": 0.04726365953683853
        },
        "matrix": [
          [
            0.9846232533454895,
            0.04681156948208809,
            0.168302521109581,
            0.08851272612810135
          ],
          [
            0.1724335253238678,
            -0.10604031383991241,
            -0.9792969822883606,
            0.1117696762084961
          ],
          [
            -0.027995597571134567,
            0.993266224861145,
            -0.11248335242271423,
            1.5054373741149902
          ],
          [
            0.0,
            0.0,
            0.0,
            1.0
          ]
        ]
      },
      "bone_length_armature_space": 0.10252201402128033,
      "parent": "spine_01",
      "has_children": true,
      "is_end_bone": false
    },
    "head": {
      "name": "head",
      "local": {
        "location": {
          "x": 0.0,
          "y": 0.0,
          "z": 0.0
        },
        "rotation_quaternion": {
          "w": 0.9912108182907104,
          "x": -0.061208292841911316,
          "y": -0.06828971207141876,
          "z": 0.09534842520952225
        },
        "scale": {
          "x": 1.0,
          "y": 1.0,
          "z": 1.0
        },
        "matrix_basis": [
          [
            0.9724903702735901,
            -0.18066099286079407,
            -0.14705123007297516,
            0.0
          ],
          [
            0.19738057255744934,
            0.9743244647979736,
            0.10831800848245621,
            0.0
          ],
          [
            0.12370677292346954,
            -0.13436327874660492,
            0.9831801056861877,
            0.0
          ],
          [
            0.0,
            0.0,
            0.0,
            1.0
          ]
        ],
        "rotation_mode": "QUATERNION"
      },
      "armature_space": {
        "head": {
          "x": 0.09331193566322327,
          "y": 0.03765413165092468,
          "z": 0.6574141979217529
        },
        "tail": {
          "x": 0.059456828981637955,
          "y": 0.09127354621887207,
          "z": 0.7989488840103149
        }
      },
      "world_space": {
        "head": {
          "x": 0.09331193566322327,
          "y": 0.1008981317281723,
          "z": 1.607268214225769
        },
        "tail": {
          "x": 0.059456828981637955,
          "y": 0.1545175462961197,
          "z": 1.748802900314331
        },
        "rotation_quaternion": {
          "w": 0.8185366988182068,
          "x": 0.5637590289115906,
          "y": -0.053505003452301025,
          "z": 0.09649229794740677
        },
        "matrix": [
          [
            0.9756528735160828,
            -0.2182929813861847,
            0.021206334233283997,
            0.09331193566322327
          ],
          [
            0.09763836860656738,
            0.3457305133342743,
            -0.9332403540611267,
            0.1008981317281723
          ],
          [
            0.1963896006345749,
            0.9125958681106567,
            0.3586282730102539,
            1.607268214225769
          ],
          [
            0.0,
            0.0,
            0.0,
            1.0
          ]
        ]
      },
      "bone_length_armature_space": 0.15509118849672854,
      "parent": "neck_01",
      "has_children": false,
      "is_end_bone": true
    },
    "upperarm_l": {
      "name": "upperarm_l",
      "local": {
        "location": {
          "x": 0.0,
          "y": 0.0,
          "z": 0.0
        },
        "rotation_quaternion": {
          "w": 0.8089221715927124,
          "x": 0.39070114493370056,
          "y": 0.2327444702386856,
          "z": 0.37259575724601746
        },
        "scale": {
          "x": 1.0,
          "y": 1.0,
          "z": 1.0
        },
        "matrix_basis": [
          [
            0.6140048503875732,
            -0.42093488574028015,
            0.6676915287971497,
            0.0
          ],
          [
            0.7846689820289612,
            0.4170500338077545,
            -0.4586544334888458,
            0.0
          ],
          [
            -0.0853971466422081,
            0.8055328130722046,
            0.586365282535553,
            0.0
          ],
          [
            0.0,
            0.0,
            0.0,
            1.0
          ]
        ],
        "rotation_mode": "QUATERNION"
      },
      "armature_space": {
        "head": {
          "x": 0.22673600912094116,
          "y": 0.04250764474272728,
          "z": 0.4667842388153076
        },
        "tail": {
          "x": 0.37791717052459717,
          "y": -0.14775079488754272,
          "z": 0.5797168016433716
        }
      },
      "world_space": {
        "head": {
          "x": 0.22673600912094116,
          "y": 0.1057516485452652,
          "z": 1.4166382551193237
        },
        "tail": {
          "x": 0.37791717052459717,
          "y": -0.0845067948102951,
          "z": 1.5295708179473877
        },
        "rotation_quaternion": {
          "w": 0.33116415143013,
          "x": 0.846925675868988,
          "y": 0.1879628300666809,
          "z": -0.37110263109207153
        },
        "matrix": [
          [
            0.653905987739563,
            0.5641731023788452,
            -0.5040990114212036,
            0.22673600912094116
          ],
          [
            0.07259013503789902,
            -0.7100005745887756,
            -0.7004499435424805,
            0.1057516485452652
          ],
          [
            -0.7530907988548279,
            0.4214381277561188,
            -0.5052312612533569,
            1.4166382551193237
          ],
          [
            0.0,
            0.0,
            0.0,
            1.0
          ]
        ]
      },
      "bone_length_armature_space": 0.2679697463514751,
      "parent": "spine_01",
      "has_children": true,
      "is_end_bone": false
    },
    "lowerarm_l": {
      "name": "lowerarm_l",
      "local": {
        "location": {
          "x": 0.0,
          "y": 0.0,
          "z": 0.0
        },
        "rotation_quaternion": {
          "w": 0.9762078523635864,
          "x": 0.16943615674972534,
          "y": -0.048962317407131195,
          "z": -0.12614388763904572
        },
        "scale": {
          "x": 1.0,
          "y": 1.0,
          "z": 1.0
        },
        "matrix_basis": [
          [
            0.9633808135986328,
            0.22969333827495575,
            -0.13834147155284882,
            0.0
          ],
          [
            -0.26287728548049927,
            0.9107581973075867,
            -0.3184572160243988,
            0.0
          ],
          [
            0.052848126739263535,
            0.3431624174118042,
            0.937788188457489,
            0.0
          ],
          [
            0.0,
            0.0,
            0.0,
            1.0
          ]
        ],
        "rotation_mode": "QUATERNION"
      },
      "armature_space": {
        "head": {
          "x": 0.3779171109199524,
          "y": -0.14775092899799347,
          "z": 0.5797168612480164
        },
        "tail": {
          "x": 0.4656125605106354,
          "y": -0.4002634286880493,
          "z": 0.59050053358078
        }
      },
      "world_space": {
        "head": {
          "x": 0.3779171109199524,
          "y": -0.08450692892074585,
          "z": 1.5295708179473877
        },
        "tail": {
          "x": 0.4656125605106354,
          "y": -0.3370194435119629,
          "z": 1.5403544902801514
        },
        "rotation_quaternion": {
          "w": 0.10484278947114944,
          "x": 0.838436484336853,
          "y": 0.13063347339630127,
          "z": -0.5186206698417664
        },
        "matrix": [
          [
            0.4279348850250244,
            0.32780349254608154,
            -0.8422687649726868,
            0.3779171109199524
          ],
          [
            0.11030849814414978,
            -0.9438855051994324,
            -0.31130731105804443,
            -0.08450692892074585
          ],
          [
            -0.8970591425895691,
            0.04030919075012207,
            -0.44008463621139526,
            1.5295708179473877
          ],
          [
            0.0,
            0.0,
            0.0,
            1.0
          ]
        ]
      },
      "bone_length_armature_space": 0.2675244804048363,
      "parent": "upperarm_l",
      "has_children": true,
      "is_end_bone": false
    },
    "metacarpal_thumb_l": {
      "name": "metacarpal_thumb_l",
      "local": {
        "location": {
          "x": 0.0,
          "y": 0.0,
          "z": 0.0
        },
        "rotation_quaternion": {
          "w": 0.9997023940086365,
          "x": 0.022258272394537926,
          "y": 0.008947120048105717,
          "z": -0.004441713914275169
        },
        "scale": {
          "x": 1.0,
          "y": 1.0,
          "z": 1.0
        },
        "matrix_basis": [
          [
            0.999800443649292,
            0.009279078803956509,
            0.01769118569791317,
            0.0
          ],
          [
            -0.008482488803565502,
            0.9989696741104126,
            -0.044582776725292206,
            0.0
          ],
          [
            -0.018086643889546394,
            0.04442381486296654,
            0.9988490343093872,
            0.0
          ],
          [
            0.0,
            0.0,
            0.0,
            1.0
          ]
        ],
        "rotation_mode": "QUATERNION"
      },
      "armature_space": {
        "head": {
          "x": 0.4656125605106354,
          "y": -0.4002634286880493,
          "z": 0.59050053358078
        },
        "tail": {
          "x": 0.45905178785324097,
          "y": -0.44460153579711914,
          "z": 0.5694131255149841
        }
      },
      "world_space": {
        "head": {
          "x": 0.4656125605106354,
          "y": -0.3370194435119629,
          "z": 1.5403544902801514
        },
        "tail": {
          "x": 0.45905178785324097,
          "y": -0.3813575506210327,
          "z": 1.5192670822143555
        },
        "rotation_quaternion": {
          "w": 0.20009247958660126,
          "x": -0.9527761340141296,
          "y": 0.11139018833637238,
          "z": -0.19943152368068695
        },
        "matrix": [
          [
            0.8956385254859924,
            -0.13245083391666412,
            0.42460381984710693,
            0.4656125605106354
          ],
          [
            -0.2920692563056946,
            -0.8951107263565063,
            0.3368563950061798,
            -0.3370194435119629
          ],
          [
            0.3354527950286865,
            -0.4257192611694336,
            -0.8403860926628113,
            1.5403544902801514
          ],
          [
            0.0,
            0.0,
            0.0,
            1.0
          ]
        ]
      },
      "bone_length_armature_space": 0.04953372945761264,
      "parent": "lowerarm_l",
      "has_children": true,
      "is_end_bone": false
    },
    "thumb_01_l": {
      "name": "thumb_01_l",
      "local": {
        "location": {
          "x": 0.0,
          "y": 0.0,
          "z": 0.0
        },
        "rotation_quaternion": {
          "w": 0.9995856285095215,
          "x": 0.015428625047206879,
          "y": 0.02110392227768898,
          "z": -0.012050810270011425
        },
        "scale": {
          "x": 1.0,
          "y": 1.0,
          "z": 1.0
        },
        "matrix_basis": [
          [
            0.9988188147544861,
            0.024742841720581055,
            0.04181849956512451,
            0.0
          ],
          [
            -0.023440424352884293,
            0.9992334842681885,
            -0.03135310113430023,
            0.0
          ],
          [
            -0.04256220906972885,
            0.03033582493662834,
            0.9986331462860107,
            0.0
          ],
          [
            0.0,
            0.0,
            0.0,
            1.0
          ]
        ],
        "rotation_mode": "QUATERNION"
      },
      "armature_space": {
        "head": {
          "x": 0.45905178785324097,
          "y": -0.44460153579711914,
          "z": 0.5694131255149841
        },
        "tail": {
          "x": 0.4637170433998108,
          "y": -0.4560996890068054,
          "z": 0.5377166271209717
        }
      },
      "world_space": {
        "head": {
          "x": 0.45905178785324097,
          "y": -0.3813575506210327,
          "z": 1.5192670822143555
        },
        "tail": {
          "x": 0.4637170433998108,
          "y": -0.392855703830719,
          "z": 1.4875706434249878
        },
        "rotation_quaternion": {
          "w": 0.3531714975833893,
          "x": -0.40260547399520874,
          "y": 0.4542810320854187,
          "z": -0.7119041681289673
        },
        "matrix": [
          [
            -0.4263574481010437,
            0.13705751299858093,
            0.8941110968589783,
            0.45905178785324097
          ],
          [
            -0.8686405420303345,
            -0.33779749274253845,
            -0.3624311089515686,
            -0.3813575506210327
          ],
          [
            0.2523554265499115,
            -0.9311934113502502,
            0.26307782530784607,
            1.5192670822143555
          ],
          [
            0.0,
            0.0,
            0.0,
            1.0
          ]
        ]
      },
      "bone_length_armature_space": 0.03403880269282215,
      "parent": "metacarpal_thumb_l",
      "has_children": true,
      "is_end_bone": false
    },
    "thumb_02_l": {
      "name": "thumb_02_l",
      "local": {
        "location": {
          "x": 0.0,
          "y": 0.0,
          "z": 0.0
        },
        "rotation_quaternion": {
          "w": 0.996840238571167,
          "x": 0.07929766178131104,
          "y": -0.0024597770534455776,
          "z": 0.0039145853370428085
        },
        "scale": {
          "x": 1.0,
          "y": 1.0,
          "z": 1.0
        },
        "matrix_basis": [
          [
            0.999957263469696,
            -0.008194541558623314,
            -0.004283174406737089,
            0.0
          ],
          [
            0.007414323277771473,
            0.9873931407928467,
            -0.15811346471309662,
            0.0
          ],
          [
            0.005524844396859407,
            0.15807494521141052,
            0.9874116778373718,
            0.0
          ],
          [
            0.0,
            0.0,
            0.0,
            1.0
          ]
        ],
        "rotation_mode": "QUATERNION"
      },
      "armature_space": {
        "head": {
          "x": 0.4637170135974884,
          "y": -0.45609962940216064,
          "z": 0.5377166271209717
        },
        "tail": {
          "x": 0.47825950384140015,
          "y": -0.49353140592575073,
          "z": 0.5384634137153625
        }
      },
      "world_space": {
        "head": {
          "x": 0.4637170135974884,
          "y": -0.3928556442260742,
          "z": 1.4875706434249878
        },
        "tail": {
          "x": 0.47825950384140015,
          "y": -0.4302874207496643,
          "z": 1.4883174896240234
        },
        "rotation_quaternion": {
          "w": 0.18350251019001007,
          "x": -0.04867931827902794,
          "y": -0.018570777028799057,
          "z": -0.9816375374794006
        },
        "matrix": [
          [
            -0.9279143810272217,
            0.36207395792007446,
            0.08875543624162674,
            0.4637170135974884
          ],
          [
            -0.35845786333084106,
            -0.9319638013839722,
            0.05432572215795517,
            -0.3928556442260742
          ],
          [
            0.10238698869943619,
            0.018593743443489075,
            0.9945780038833618,
            1.4875706434249878
          ],
          [
            0.0,
            0.0,
            0.0,
            1.0
          ]
        ]
      },
      "bone_length_armature_space": 0.040164407343639644,
      "parent": "thumb_01_l",
      "has_children": true,
      "is_end_bone": false
    },
    "thumb_03_l": {
      "name": "thumb_03_l",
      "local": {
        "location": {
          "x": 0.0,
          "y": 0.0,
          "z": 0.0
        },
        "rotation_quaternion": {
          "w": 0.9985924363136292,
          "x": 0.05260302126407623,
          "y": 0.005203908775001764,
          "z": 0.004382772836834192
        },
        "scale": {
          "x": 1.0,
          "y": 1.0,
          "z": 1.0
        },
        "matrix_basis": [
          [
            0.9999074339866638,
            -0.008205724880099297,
            0.010854261927306652,
            0.0
          ],
          [
            0.00930069014430046,
            0.9944274425506592,
            -0.10501234233379364,
            0.0
          ],
          [
            -0.009932073764503002,
            0.10510357469320297,
            0.9944117069244385,
            0.0
          ],
          [
            0.0,
            0.0,
            0.0,
            1.0
          ]
        ],
        "rotation_mode": "QUATERNION"
      },
      "armature_space": {
        "head": {
          "x": 0.47825944423675537,
          "y": -0.49353137612342834,
          "z": 0.5384633541107178
        },
        "tail": {
          "x": 0.49299925565719604,
          "y": -0.517687201499939,
          "z": 0.5496939420700073
        }
      },
      "world_space": {
        "head": {
          "x": 0.47825944423675537,
          "y": -0.43028736114501953,
          "z": 1.4883173704147339
        },
        "tail": {
          "x": 0.49299925565719604,
          "y": -0.45444321632385254,
          "z": 1.4995479583740234
        },
        "rotation_quaternion": {
          "w": 0.2871951162815094,
          "x": 0.17479659616947174,
          "y": -0.14423905313014984,
          "z": -0.9306772947311401
        },
        "matrix": [
          [
            -0.7739300727844238,
            0.484147310256958,
            -0.4082080125808716,
            0.47825944423675537
          ],
          [
            -0.5849972367286682,
            -0.7934278845787048,
            0.16807813942432404,
            -0.43028736114501953
          ],
          [
            -0.24251151084899902,
            0.3688831329345703,
            0.8972891569137573,
            1.4883173704147339
          ],
          [
            0.0,
            0.0,
            0.0,
            1.0
          ]
        ]
      },
      "bone_length_armature_space": 0.03044490219069885,
      "parent": "thumb_02_l",
      "has_children": false,
      "is_end_bone": true
    },
    "metacarpal_index_l": {
      "name": "metacarpal_index_l",
      "local": {
        "location": {
          "x": 0.0,
          "y": 0.0,
          "z": 0.0
        },
        "rotation_quaternion": {
          "w": 0.9997553825378418,
          "x": 0.013607603497803211,
          "y": -0.017193570733070374,
          "z": 0.0029017445631325245
        },
        "scale": {
          "x": 1.0,
          "y": 1.0,
          "z": 1.0
        },
        "matrix_basis": [
          [
            0.9993919134140015,
            -0.006269996054470539,
            -0.034299757331609726,
            0.0
          ],
          [
            0.005334143061190844,
            0.9996128082275391,
            -0.027308331802487373,
            0.0
          ],
          [
            0.034457702189683914,
            0.02710876613855362,
            0.9990384578704834,
            0.0
          ],
          [
            0.0,
            0.0,
            0.0,
            1.0
          ]
        ],
        "rotation_mode": "QUATERNION"
      },
      "armature_space": {
        "head": {
          "x": 0.4656125605106354,
          "y": -0.4002634286880493,
          "z": 0.59050053358078
        },
        "tail": {
          "x": 0.4732511341571808,
          "y": -0.5155456066131592,
          "z": 0.5709840655326843
        }
      },
      "world_space": {
        "head": {
          "x": 0.4656125605106354,
          "y": -0.3370194435119629,
          "z": 1.5403544902801514
        },
        "tail": {
          "x": 0.4732511341571808,
          "y": -0.45230162143707275,
          "z": 1.5208380222320557
        },
        "rotation_quaternion": {
          "w": 0.07961807399988174,
          "x": -0.9901948571205139,
          "y": -0.04152270406484604,
          "z": 0.10700999200344086
        },
        "matrix": [
          [
            0.9736495614051819,
            0.06519119441509247,
            -0.218533456325531,
            0.4656125605106354
          ],
          [
            0.09927110373973846,
            -0.9838736653327942,
            0.1487874686717987,
            -0.3370194435119629
          ],
          [
            -0.20531095564365387,
            -0.16656312346458435,
            -0.9644266366958618,
            1.5403544902801514
          ],
          [
            0.0,
            0.0,
            0.0,
            1.0
          ]
        ]
      },
      "bone_length_armature_space": 0.1171717582718268,
      "parent": "lowerarm_l",
      "has_children": true,
      "is_end_bone": false
    },
    "index_01_l": {
      "name": "index_01_l",
      "local": {
        "location": {
          "x": 0.0,
          "y": 0.0,
          "z": 0.0
        },
        "rotation_quaternion": {
          "w": 0.9971394538879395,
          "x": -0.07174862176179886,
          "y": -0.021606437861919403,
          "z": -0.00992088858038187
        },
        "scale": {
          "x": 1.0,
          "y": 1.0,
          "z": 1.0
        },
        "matrix_basis": [
          [
            0.9988694787025452,
            0.022885482758283615,
            -0.04166564345359802,
            0.0
          ],
          [
            -0.016684554517269135,
            0.9895074367523193,
            0.1435154676437378,
            0.0
          ],
          [
            0.04451288282871246,
            -0.1426580548286438,
            0.988770604133606,
            0.0
          ],
          [
            0.0,
            0.0,
            0.0,
            1.0
          ]
        ],
        "rotation_mode": "QUATERNION"
      },
      "armature_space": {
        "head": {
          "x": 0.4732511341571808,
          "y": -0.5155456066131592,
          "z": 0.5709840655326843
        },
        "tail": {
          "x": 0.4864406883716583,
          "y": -0.540797770023346,
          "z": 0.5721815228462219
        }
      },
      "world_space": {
        "head": {
          "x": 0.4732511341571808,
          "y": -0.45230162143707275,
          "z": 1.5208380222320557
        },
        "tail": {
          "x": 0.4864406883716583,
          "y": -0.4775537848472595,
          "z": 1.5220355987548828
        },
        "rotation_quaternion": {
          "w": 0.04023540019989014,
          "x": 0.9679878354072571,
          "y": 0.2357633113861084,
          "z": -0.07613514363765717
        },
        "matrix": [
          [
            0.8772384524345398,
            0.4625585675239563,
            -0.12842372059822083,
            0.4732511341571808
          ],
          [
            0.4503052830696106,
            -0.8855933547019958,
            -0.1137951910495758,
            -0.45230162143707275
          ],
          [
            -0.16636879742145538,
            0.0419951006770134,
            -0.9851763844490051,
            1.5208380222320557
          ],
          [
            0.0,
            0.0,
            0.0,
            1.0
          ]
        ]
      },
      "bone_length_armature_space": 0.02851438187231545,
      "parent": "metacarpal_index_l",
      "has_children": true,
      "is_end_bone": false
    },
    "index_02_l": {
      "name": "index_02_l",
      "local": {
        "location": {
          "x": 0.0,
          "y": 0.0,
          "z": 0.0
        },
        "rotation_quaternion": {
          "w": 0.9995204210281372,
          "x": 0.029863188043236732,
          "y": -0.0065697235986590385,
          "z": 0.00490884343162179
        },
        "scale": {
          "x": 1.0,
          "y": 1.0,
          "z": 1.0
        },
        "matrix_basis": [
          [
            0.9998654723167419,
            -0.010205363854765892,
            -0.01283995807170868,
            0.0
          ],
          [
            0.009420592337846756,
            0.9981681704521179,
            -0.05976223200559616,
            0.0
          ],
          [
            0.013426333665847778,
            0.05963323265314102,
            0.9981300830841064,
            0.0
          ],
          [
            0.0,
            0.0,
            0.0,
            1.0
          ]
        ],
        "rotation_mode": "QUATERNION"
      },
      "armature_space": {
        "head": {
          "x": 0.48644062876701355,
          "y": -0.5407982468605042,
          "z": 0.5721812844276428
        },
        "tail": {
          "x": 0.4986039400100708,
          "y": -0.5633812546730042,
          "z": 0.5725715160369873
        }
      },
      "world_space": {
        "head": {
          "x": 0.48644062876701355,
          "y": -0.4775542616844177,
          "z": 1.5220353603363037
        },
        "tail": {
          "x": 0.4986039400100708,
          "y": -0.5001372694969177,
          "z": 1.5224255323410034
        },
        "rotation_quaternion": {
          "w": 0.037434715777635574,
          "x": 0.9624626636505127,
          "y": 0.24174435436725616,
          "z": -0.11757609248161316
        },
        "matrix": [
          [
            0.8554712533950806,
            0.4741426408290863,
            -0.20822587609291077,
            0.48644062876701355
          ],
          [
            0.4565368592739105,
            -0.8803163766860962,
            -0.12890659272670746,
            -0.4775542616844177
          ],
          [
            -0.24442598223686218,
            0.01521235704421997,
            -0.9695562124252319,
            1.5220353603363037
          ],
          [
            0.0,
            0.0,
            0.0,
            1.0
          ]
        ]
      },
      "bone_length_armature_space": 0.02565327772083298,
      "parent": "index_01_l",
      "has_children": true,
      "is_end_bone": false
    },
    "index_03_l": {
      "name": "index_03_l",
      "local": {
        "location": {
          "x": 0.0,
          "y": 0.0,
          "z": 0.0
        },
        "rotation_quaternion": {
          "w": 0.9999076724052429,
          "x": 0.011830765753984451,
          "y": 0.006321568042039871,
          "z": -0.0021815476939082146
        },
        "scale": {
          "x": 1.0,
          "y": 1.0,
          "z": 1.0
        },
        "matrix_basis": [
          [
            0.9999105334281921,
            0.004512270446866751,
            0.012590349651873112,
            0.0
          ],
          [
            -0.004213114734739065,
            0.9997105598449707,
            -0.023686928674578667,
            0.0
          ],
          [
            -0.012693587690591812,
            0.023631764575839043,
            0.999640166759491,
            0.0
          ],
          [
            0.0,
            0.0,
            0.0,
            1.0
          ]
        ],
        "rotation_mode": "QUATERNION"
      },
      "armature_space": {
        "head": {
          "x": 0.4986039400100708,
          "y": -0.5633812546730042,
          "z": 0.5725716352462769
        },
        "tail": {
          "x": 0.5140491724014282,
          "y": -0.5879497528076172,
          "z": 0.5691708922386169
        }
      },
      "world_space": {
        "head": {
          "x": 0.4986039400100708,
          "y": -0.5001372694969177,
          "z": 1.522425651550293
        },
        "tail": {
          "x": 0.5140491724014282,
          "y": -0.5247057676315308,
          "z": 1.5190248489379883
        },
        "rotation_quaternion": {
          "w": 0.03370535373687744,
          "x": -0.9548825025558472,
          "y": -0.2800701856613159,
          "z": 0.09286601096391678
        },
        "matrix": [
          [
            0.8258732557296753,
            0.5286081433296204,
            -0.19623224437236786,
            0.4986039400100708
          ],
          [
            0.541128396987915,
            -0.8408491611480713,
            0.012350351549685001,
            -0.5001372694969177
          ],
          [
            -0.1584736853837967,
            -0.11638832837343216,
            -0.9804868698120117,
            1.522425651550293
          ],
          [
            0.0,
            0.0,
            0.0,
            1.0
          ]
        ]
      },
      "bone_length_armature_space": 0.029218681954754282,
      "parent": "index_02_l",
      "has_children": false,
      "is_end_bone": true
    },
    "metacarpal_pinky_l": {
      "name": "metacarpal_pinky_l",
      "local": {
        "location": {
          "x": 0.0,
          "y": 0.0,
          "z": 0.0
        },
        "rotation_quaternion": {
          "w": 0.9978971481323242,
          "x": -0.06277918070554733,
          "y": 0.012338601052761078,
          "z": 0.010384670458734035
        },
        "scale": {
          "x": 1.0,
          "y": 1.0,
          "z": 1.0
        },
        "matrix_basis": [
          [
            0.9994798302650452,
            -0.02227487973868847,
            0.023321427404880524,
            0.0
          ],
          [
            0.019176451489329338,
            0.9919018745422363,
            0.12555059790611267,
            0.0
          ],
          [
            -0.025929192081093788,
            -0.12503807246685028,
            0.991813063621521,
            0.0
          ],
          [
            0.0,
            0.0,
            0.0,
            1.0
          ]
        ],
        "rotation_mode": "QUATERNION"
      },
      "armature_space": {
        "head": {
          "x": 0.4656125605106354,
          "y": -0.4002634286880493,
          "z": 0.59050053358078
        },
        "tail": {
          "x": 0.533618152141571,
          "y": -0.4786161482334137,
          "z": 0.5994058847427368
        }
      },
      "world_space": {
        "head": {
          "x": 0.4656125605106354,
          "y": -0.3370194435119629,
          "z": 1.5403544902801514
        },
        "tail": {
          "x": 0.533618152141571,
          "y": -0.4153721332550049,
          "z": 1.549259901046753
        },
        "rotation_quaternion": {
          "w": 0.3416833281517029,
          "x": 0.3392239511013031,
          "y": 0.08384130895137787,
          "z": -0.8724393248558044
        },
        "matrix": [
          [
            -0.5363590121269226,
            0.6530788540840149,
            -0.5346093773841858,
            0.4656125605106354
          ],
          [
            -0.5393146872520447,
            -0.7524453997612,
            -0.3781081438064575,
            -0.3370194435119629
          ],
          [
            -0.6492040157318115,
            0.08552098274230957,
            0.7558006048202515,
            1.5403544902801514
          ],
          [
            0.0,
            0.0,
            0.0,
            1.0
          ]
        ]
      },
      "bone_length_armature_space": 0.1041307566684268,
      "parent": "lowerarm_l",
      "has_children": true,
      "is_end_bone": false
    },
    "pinky_01_l": {
      "name": "pinky_01_l",
      "local": {
        "location": {
          "x": 0.0,
          "y": 0.0,
          "z": 0.0
        },
        "rotation_quaternion": {
          "w": 0.9601213335990906,
          "x": 0.2790543735027313,
          "y": -0.0162848848849535,
          "z": 0.0055274153128266335
        },
        "scale": {
          "x": 1.0,
          "y": 1.0,
          "z": 1.0
        },
        "matrix_basis": [
          [
            0.999408483505249,
            -0.019702715799212456,
            -0.02818603254854679,
            0.0
          ],
          [
            0.0015252419980242848,
            0.8441962003707886,
            -0.5360321402549744,
            0.0
          ],
          [
            0.034355830401182175,
            0.5356720685958862,
            0.8437269330024719,
            0.0
          ],
          [
            0.0,
            0.0,
            0.0,
            1.0
          ]
        ],
        "rotation_mode": "QUATERNION"
      },
      "armature_space": {
        "head": {
          "x": 0.533618152141571,
          "y": -0.4786161482334137,
          "z": 0.5994058847427368
        },
        "tail": {
          "x": 0.5459634065628052,
