{
  "metadata": {
    "armature_name": "KIM_caucasian_male",
    "export_time": "2026-01-13T21:05:19.866390",
    "blender_version": "4.4.1",
    "bone_count": 56,
    "end_bone_count": 13,
    "spaces_included": [
      "LOCAL_CHANNELS",
      "ARMATURE_SPACE",
      "WORLD_SPACE"
    ],
    "note": "LOCAL matches Transform panel; replay pose via local.matrix_basis for best fidelity."
  },
  "bones": {
    "Root": {
      "name": "Root",
      "local": {
        "location": {
          "x": 0.0,
          "y": 0.0,
          "z": 0.0
        },
        "rotation_quaternion": {
          "w": 0.9997426271438599,
          "x": -0.012799679301679134,
          "y": -0.012865637429058552,
          "z": 0.013618925586342812
        },
        "scale": {
          "x": 1.0,
          "y": 1.0,
          "z": 1.0
        },
        "matrix_basis": [
          [
            0.9992979764938354,
            -0.02690148912370205,
            -0.026073288172483444,
            0.0
          ],
          [
            0.027560193091630936,
            0.9993013739585876,
            0.025242337957024574,
            0.0
          ],
          [
            0.02537601627409458,
            -0.025943202897906303,
            0.9993413090705872,
            0.0
          ],
          [
            0.0,
            0.0,
            0.0,
            1.0
          ]
        ],
        "rotation_mode": "QUATERNION"
      },
      "armature_space": {
        "head": {
          "x": 0.0,
          "y": 0.07072800397872925,
          "z": -0.009595036506652832
        },
        "tail": {
          "x": -0.0019201171817258,
          "y": 0.00029834359884262085,
          "z": 0.0018282197415828705
        }
      },
      "world_space": {
        "head": {
          "x": 0.0,
          "y": 0.13397200405597687,
          "z": 0.9402589797973633
        },
        "tail": {
          "x": -0.0019201171817258,
          "y": 0.06354234367609024,
          "z": 0.9516822099685669
        },
        "rotation_quaternion": {
          "w": 0.08012091368436813,
          "x": 0.9966091513633728,
          "y": -0.014454717747867107,
          "z": -0.011918930336833
        },
        "matrix": [
          [
            0.9992979764938354,
            -0.02690148912370205,
            -0.026073288172483444,
            0.0
          ],
          [
            -0.030721323564648628,
            -0.9867433309555054,
            -0.15935437381267548,
            0.13397200405597687
          ],
          [
            -0.021440953016281128,
            0.16004367172718048,
            -0.9868841767311096,
            0.9402589797973633
          ],
          [
            0.0,
            0.0,
            0.0,
            1.0
          ]
        ]
      },
      "bone_length_armature_space": 0.0713758699869353,
      "parent": null,
      "has_children": true,
      "is_end_bone": false
    },
    "spine_01": {
      "name": "spine_01",
      "local": {
        "location": {
          "x": 0.0,
          "y": 0.0,
          "z": 0.0
        },
        "rotation_quaternion": {
          "w": 0.9977055788040161,
          "x": 0.03270895406603813,
          "y": -0.05410635098814964,
          "z": -0.024212287738919258
        },
        "scale": {
          "x": 1.0,
          "y": 1.0,
          "z": 1.0
        },
        "matrix_basis": [
          [
            0.9929725527763367,
            0.04477394372224808,
            -0.10954833030700684,
            0.0
          ],
          [
            -0.0518529936671257,
            0.9966877698898315,
            -0.0626477375626564,
            0.0
          ],
          [
            0.10638049989938736,
            0.06788788735866547,
            0.9920052289962769,
            0.0
          ],
          [
            0.0,
            0.0,
            0.0,
            1.0
          ]
        ],
        "rotation_mode": "QUATERNION"
      },
      "armature_space": {
        "head": {
          "x": -0.0019201171817258,
          "y": 0.00029834359884262085,
          "z": 0.0018282197415828705
        },
        "tail": {
          "x": 0.03043198026716709,
          "y": 0.0015867621405050159,
          "z": 0.48875758051872253
        }
      },
      "world_space": {
        "head": {
          "x": -0.0019201171817258,
          "y": 0.06354234367609024,
          "z": 0.9516822099685669
        },
        "tail": {
          "x": 0.03043198026716709,
          "y": 0.06483076512813568,
          "z": 1.438611626625061
        },
        "rotation_quaternion": {
          "w": 0.7075494527816772,
          "x": 0.7023903131484985,
          "y": -0.026336604729294777,
          "z": -0.07299300283193588
        },
        "matrix": [
          [
            0.9879567623138428,
            0.06629511713981628,
            -0.1398085355758667,
            -0.0019201171817258
          ],
          [
            -0.14028999209403992,
            0.0026401951909065247,
            -0.9901069402694702,
            0.06354234367609024
          ],
          [
            -0.06527073681354523,
            0.9978035688400269,
            0.011908069252967834,
            0.9516822099685669
          ],
          [
            0.0,
            0.0,
            0.0,
            1.0
          ]
        ]
      },
      "bone_length_armature_space": 0.48800462808422035,
      "parent": "Root",
      "has_children": true,
      "is_end_bone": false
    },
    "neck_01": {
      "name": "neck_01",
      "local": {
        "location": {
          "x": 0.0,
          "y": 0.0,
          "z": 0.0
        },
        "rotation_quaternion": {
          "w": 0.9937883615493774,
          "x": -0.04166162759065628,
          "y": 0.10311800241470337,
          "z": 0.003974108956754208
        },
        "scale": {
          "x": 1.0,
          "y": 1.0,
          "z": 1.0
        },
        "matrix_basis": [
          [
            0.9787017703056335,
            -0.01649097353219986,
            0.20462380349636078,
            0.0
          ],
          [
            -0.0006932811811566353,
            0.9964970350265503,
            0.08362528681755066,
            0.0
          ],
          [
            -0.20528607070446014,
            -0.08198607712984085,
            0.9752619862556458,
            0.0
          ],
          [
            0.0,
            0.0,
            0.0,
            1.0
          ]
        ],
        "rotation_mode": "QUATERNION"
      },
      "armature_space": {
        "head": {
          "x": 0.03043738566339016,
          "y": -0.03255727142095566,
          "z": 0.5622282028198242
        },
        "tail": {
          "x": 0.030919622629880905,
          "y": -0.06279084086418152,
          "z": 0.660189688205719
        }
      },
      "world_space": {
        "head": {
          "x": 0.03043738566339016,
          "y": 0.03068672865629196,
          "z": 1.5120822191238403
        },
        "tail": {
          "x": 0.030919622629880905,
          "y": 0.0004531592130661011,
          "z": 1.6100437641143799
        },
        "rotation_quaternion": {
          "w": 0.593519389629364,
          "x": 0.804421067237854,
          "y": 0.01686571165919304,
          "z": 0.01889619044959545
        },
        "matrix": [
          [
            0.9987169504165649,
            0.004703768528997898,
            0.05042120814323425,
            0.03043738566339016
          ],
          [
            0.04956479370594025,
            -0.2949002683162689,
            -0.9542417526245117,
            0.03068672865629196
          ],
          [
            0.010380811989307404,
            0.955522894859314,
            -0.29475805163383484,
            1.5120822191238403
          ],
          [
            0.0,
            0.0,
            0.0,
            1.0
          ]
        ]
      },
      "bone_length_armature_space": 0.10252196993210083,
      "parent": "spine_01",
      "has_children": true,
      "is_end_bone": false
    },
    "head": {
      "name": "head",
      "local": {
        "location": {
          "x": 0.0,
          "y": 0.0,
          "z": 0.0
        },
        "rotation_quaternion": {
          "w": 0.997740626335144,
          "x": 0.02938397228717804,
          "y": 0.01589890569448471,
          "z": -0.058287955820560455
        },
        "scale": {
          "x": 1.0,
          "y": 1.0,
          "z": 1.0
        },
        "matrix_basis": [
          [
            0.9926995038986206,
            0.11724686622619629,
            0.028300505131483078,
            0.0
          ],
          [
            -0.11537817865610123,
            0.9914782047271729,
            -0.06048859655857086,
            0.0
          ],
          [
            -0.03515143319964409,
            0.05678173527121544,
            0.9977676272392273,
            0.0
          ],
          [
            0.0,
            0.0,
            0.0,
            1.0
          ]
        ],
        "rotation_mode": "QUATERNION"
      },
      "armature_space": {
        "head": {
          "x": 0.030919630080461502,
          "y": -0.06279096752405167,
          "z": 0.6601895689964294
        },
        "tail": {
          "x": 0.04725983366370201,
          "y": -0.05995923653244972,
          "z": 0.8143916726112366
        }
      },
      "world_space": {
        "head": {
          "x": 0.030919630080461502,
          "y": 0.00045303255319595337,
          "z": 1.6100435256958008
        },
        "tail": {
          "x": 0.04725983366370201,
          "y": 0.0032847635447978973,
          "z": 1.7642457485198975
        },
        "rotation_quaternion": {
          "w": 0.7106810212135315,
          "x": 0.7005306482315063,
          "y": 0.06373026221990585,
          "z": -0.01130559854209423
        },
        "matrix": [
          [
            0.9916213750839233,
            0.10535935312509537,
            0.07474322617053986,
            0.030919630080461502
          ],
          [
            0.07321992516517639,
            0.018258601427078247,
            -0.9971488118171692,
            0.00045303255319595337
          ],
          [
            -0.10642434656620026,
            0.9942736625671387,
            0.010390270501375198,
            1.6100435256958008
          ],
          [
            0.0,
            0.0,
            0.0,
            1.0
          ]
        ]
      },
      "bone_length_armature_space": 0.15509129737836366,
      "parent": "neck_01",
      "has_children": false,
      "is_end_bone": true
    },
    "upperarm_l": {
      "name": "upperarm_l",
      "local": {
        "location": {
          "x": 0.0,
          "y": 0.0,
          "z": 0.0
        },
        "rotation_quaternion": {
          "w": 0.820737361907959,
          "x": 0.42922723293304443,
          "y": 0.19752849638462067,
          "z": 0.3211488723754883
        },
        "scale": {
          "x": 1.0,
          "y": 1.0,
          "z": 1.0
        },
        "matrix_basis": [
          [
            0.7156918048858643,
            -0.357588529586792,
            0.599929690361023,
            0.0
          ],
          [
            0.6967269778251648,
            0.425254762172699,
            -0.577693521976471,
            0.0
          ],
          [
            -0.04854635149240494,
            0.8314377665519714,
            0.5534929633140564,
            0.0
          ],
          [
            0.0,
            0.0,
            0.0,
            1.0
          ]
        ],
        "rotation_mode": "QUATERNION"
      },
      "armature_space": {
        "head": {
          "x": 0.17372949421405792,
          "y": -0.05693579465150833,
          "z": 0.48541542887687683
        },
        "tail": {
          "x": 0.27186545729637146,
          "y": -0.29240506887435913,
          "z": 0.5674595236778259
        }
      },
      "world_space": {
        "head": {
          "x": 0.17372949421405792,
          "y": 0.006308205425739288,
          "z": 1.4352694749832153
        },
        "tail": {
          "x": 0.27186545729637146,
          "y": -0.2291610687971115,
          "z": 1.5173134803771973
        },
        "rotation_quaternion": {
          "w": 0.2236357033252716,
          "x": 0.8758494853973389,
          "y": 0.1030951589345932,
          "z": -0.41502535343170166
        },
        "matrix": [
          [
            0.634250819683075,
            0.36622074246406555,
            -0.6808878183364868,
            0.17372949421405792
          ],
          [
            -0.005037181079387665,
            -0.8787169456481934,
            -0.47731679677963257,
            0.006308205425739288
          ],
          [
            -0.773116409778595,
            0.3061695396900177,
            -0.5554864406585693,
            1.4352694749832153
          ],
          [
            0.0,
            0.0,
            0.0,
            1.0
          ]
        ]
      },
      "bone_length_armature_space": 0.2679695569379351,
      "parent": "spine_01",
      "has_children": true,
      "is_end_bone": false
    },
    "lowerarm_l": {
      "name": "lowerarm_l",
      "local": {
        "location": {
          "x": 0.0,
          "y": 0.0,
          "z": 0.0
        },
        "rotation_quaternion": {
          "w": 0.9637398719787598,
          "x": -0.017781225964426994,
          "y": 0.087260901927948,
          "z": -0.2515452802181244
        },
        "scale": {
          "x": 1.0,
          "y": 1.0,
          "z": 1.0
        },
        "matrix_basis": [
          [
            0.8582209944725037,
            0.4817452132701874,
            0.17713919281959534,
            0.0
          ],
          [
            -0.4879516363143921,
            0.8728175759315491,
            -0.009627182967960835,
            0.0
          ],
          [
            -0.15924805402755737,
            -0.07817308604717255,
            0.9841387271881104,
            0.0
          ],
          [
            0.0,
            0.0,
            0.0,
            1.0
          ]
        ],
        "rotation_mode": "QUATERNION"
      },
      "armature_space": {
        "head": {
          "x": 0.2718653678894043,
          "y": -0.2924051880836487,
          "z": 0.5674595832824707
        },
        "tail": {
          "x": 0.41515034437179565,
          "y": -0.5165878534317017,
          "z": 0.5395148396492004
        }
      },
      "world_space": {
        "head": {
          "x": 0.2718653678894043,
          "y": -0.22916118800640106,
          "z": 1.5173135995864868
        },
        "tail": {
          "x": 0.41515034437179565,
          "y": -0.45334386825561523,
          "z": 1.4893689155578613
        },
        "rotation_quaternion": {
          "w": 0.07626952975988388,
          "x": 0.8573267459869385,
          "y": 0.2742040455341339,
          "z": -0.42893585562705994
        },
        "matrix": [
          [
            0.4816519021987915,
            0.535595715045929,
            -0.6936488151550293,
            0.2718653678894043
          ],
          [
            0.4047354459762573,
            -0.837989330291748,
            -0.3660094439983368,
            -0.22916118800640106
          ],
          [
            -0.7773085236549377,
            -0.1044568419456482,
            -0.6203984022140503,
            1.5173135995864868
          ],
          [
            0.0,
            0.0,
            0.0,
            1.0
          ]
        ]
      },
      "bone_length_armature_space": 0.2675245090572457,
      "parent": "upperarm_l",
      "has_children": true,
      "is_end_bone": false
    },
    "metacarpal_thumb_l": {
      "name": "metacarpal_thumb_l",
      "local": {
        "location": {
          "x": 0.0,
          "y": 0.0,
          "z": 0.0
        },
        "rotation_quaternion": {
          "w": 0.9993265867233276,
          "x": -0.035050004720687866,
          "y": 0.0023245434276759624,
          "z": 0.010607115924358368
        },
        "scale": {
          "x": 1.0,
          "y": 1.0,
          "z": 1.0
        },
        "matrix_basis": [
          [
            0.9997641444206238,
            -0.021362897008657455,
            0.0039023971185088158,
            0.0
          ],
          [
            0.021036995574831963,
            0.9973179697990417,
            0.07010211795568466,
            0.0
          ],
          [
            -0.005389514844864607,
            -0.07000348716974258,
            0.9975321888923645,
            0.0
          ],
          [
            0.0,
            0.0,
            0.0,
            1.0
          ]
        ],
        "rotation_mode": "QUATERNION"
      },
      "armature_space": {
        "head": {
          "x": 0.41515034437179565,
          "y": -0.5165878534317017,
          "z": 0.5395148396492004
        },
        "tail": {
          "x": 0.4178193211555481,
          "y": -0.5580056309700012,
          "z": 0.5124770998954773
        }
      },
      "world_space": {
        "head": {
          "x": 0.41515034437179565,
          "y": -0.45334386825561523,
          "z": 1.4893689155578613
        },
        "tail": {
          "x": 0.4178193211555481,
          "y": -0.4947616457939148,
          "z": 1.4623310565948486
        },
        "rotation_quaternion": {
          "w": 0.2839769124984741,
          "x": -0.9342817664146423,
          "y": 0.03578085079789162,
          "z": -0.21259000897407532
        },
        "matrix": [
          [
            0.9070505499839783,
            0.05388210713863373,
            0.41755953431129456,
            0.41515034437179565
          ],
          [
            -0.18759974837303162,
            -0.8361539244651794,
            0.5154147744178772,
            -0.45334386825561523
          ],
          [
            0.37691813707351685,
            -0.5458460450172424,
            -0.7483305931091309,
            1.4893689155578613
          ],
          [
            0.0,
            0.0,
            0.0,
            1.0
          ]
        ]
      },
      "bone_length_armature_space": 0.049533777288304576,
      "parent": "lowerarm_l",
      "has_children": true,
      "is_end_bone": false
    },
    "thumb_01_l": {
      "name": "thumb_01_l",
      "local": {
        "location": {
          "x": 0.0,
          "y": 0.0,
          "z": 0.0
        },
        "rotation_quaternion": {
          "w": 0.9994714260101318,
          "x": -0.029283646494150162,
          "y": -0.005997024942189455,
          "z": 0.012784927152097225
        },
        "scale": {
          "x": 1.0,
          "y": 1.0,
          "z": 1.0
        },
        "matrix_basis": [
          [
            0.9996011853218079,
            -0.025205109268426895,
            -0.012736489064991474,
            0.0
          ],
          [
            0.025907568633556366,
            0.9979580044746399,
            0.05838299170136452,
            0.0
          ],
          [
            0.01123893167823553,
            -0.05868967995047569,
            0.998212993144989,
            0.0
          ],
          [
            0.0,
            0.0,
            0.0,
            1.0
          ]
        ],
        "rotation_mode": "QUATERNION"
      },
      "armature_space": {
        "head": {
          "x": 0.4178193211555481,
          "y": -0.5580056309700012,
          "z": 0.5124770998954773
        },
        "tail": {
          "x": 0.42413896322250366,
          "y": -0.5617544054985046,
          "z": 0.4792408347129822
        }
      },
      "world_space": {
        "head": {
          "x": 0.4178193211555481,
          "y": -0.4947616457939148,
          "z": 1.4623310565948486
        },
        "tail": {
          "x": 0.42413896322250366,
          "y": -0.4985104203224182,
          "z": 1.4290947914123535
        },
        "rotation_quaternion": {
          "w": 0.46650975942611694,
          "x": -0.4124153256416321,
          "y": 0.47676166892051697,
          "z": -0.6204681396484375
        },
        "matrix": [
          [
            -0.2245636135339737,
            0.18566150963306427,
            0.9566091895103455,
            0.4178193211555481
          ],
          [
            -0.9721564054489136,
            -0.11013352870941162,
            -0.20683816075325012,
            -0.4947616457939148
          ],
          [
            0.06695246696472168,
            -0.9764291644096375,
            0.2052251696586609,
            1.4623310565948486
          ],
          [
            0.0,
            0.0,
            0.0,
            1.0
          ]
        ]
      },
      "bone_length_armature_space": 0.03403880814356922,
      "parent": "metacarpal_thumb_l",
      "has_children": true,
      "is_end_bone": false
    },
    "thumb_02_l": {
      "name": "thumb_02_l",
      "local": {
        "location": {
          "x": 0.0,
          "y": 0.0,
          "z": 0.0
        },
        "rotation_quaternion": {
          "w": 0.9956979155540466,
          "x": 0.09242240339517593,
          "y": 0.0019297285471111536,
          "z": 0.006343509070575237
        },
        "scale": {
          "x": 1.0,
          "y": 1.0,
          "z": 1.0
        },
        "matrix_basis": [
          [
            0.9999120831489563,
            -0.012275736778974533,
            0.00501541793346405,
            0.0
          ],
          [
            0.012989138253033161,
            0.9828357100486755,
            -0.1840251088142395,
            0.0
          ],
          [
            -0.002670288784429431,
            0.18407407402992249,
            0.9829087257385254,
            0.0
          ],
          [
            0.0,
            0.0,
            0.0,
            1.0
          ]
        ],
        "rotation_mode": "QUATERNION"
      },
      "armature_space": {
        "head": {
          "x": 0.42413896322250366,
          "y": -0.5617544054985046,
          "z": 0.4792408347129822
        },
        "tail": {
          "x": 0.4466068744659424,
          "y": -0.5946223735809326,
          "z": 0.4739428162574768
        }
      },
      "world_space": {
        "head": {
          "x": 0.42413896322250366,
          "y": -0.4985104203224182,
          "z": 1.4290947914123535
        },
        "tail": {
          "x": 0.4466068744659424,
          "y": -0.5313783884048462,
          "z": 1.4237968921661377
        },
        "rotation_quaternion": {
          "w": 0.29470956325531006,
          "x": -0.0197636429220438,
          "y": 0.06307462602853775,
          "z": -0.9532980918884277
        },
        "matrix": [
          [
            -0.8255114555358887,
            0.559398889541626,
            0.07485901564359665,
            0.42413896322250366
          ],
          [
            -0.5643853545188904,
            -0.8183354735374451,
            -0.10860812664031982,
            -0.4985104203224182
          ],
          [
            0.0005040641408413649,
            -0.13190829753875732,
            0.9912687540054321,
            1.4290947914123535
          ],
          [
            0.0,
            0.0,
            0.0,
            1.0
          ]
        ]
      },
      "bone_length_armature_space": 0.04016440441261856,
      "parent": "thumb_01_l",
      "has_children": true,
      "is_end_bone": false
    },
    "thumb_03_l": {
      "name": "thumb_03_l",
      "local": {
        "location": {
          "x": 0.0,
          "y": 0.0,
          "z": 0.0
        },
        "rotation_quaternion": {
          "w": 0.9976866245269775,
          "x": 0.06693101674318314,
          "y": -0.010890387929975986,
          "z": 0.004795819986611605
        },
        "scale": {
          "x": 1.0,
          "y": 1.0,
          "z": 1.0
        },
        "matrix_basis": [
          [
            0.9997168183326721,
            -0.011027260683476925,
            -0.021088410168886185,
            0.0
          ],
          [
            0.008111641742289066,
            0.9909944534301758,
            -0.1336568146944046,
            0.0
          ],
          [
            0.02237236686050892,
            0.13344790041446686,
            0.9908033013343811,
            0.0
          ],
          [
            0.0,
            0.0,
            0.0,
            1.0
          ]
        ],
        "rotation_mode": "QUATERNION"
      },
      "armature_space": {
        "head": {
          "x": 0.4466068148612976,
          "y": -0.5946223735809326,
          "z": 0.47394275665283203
        },
        "tail": {
          "x": 0.466005802154541,
          "y": -0.6166163682937622,
          "z": 0.48211807012557983
        }
      },
      "world_space": {
        "head": {
          "x": 0.4466068148612976,
          "y": -0.5313783884048462,
          "z": 1.4237967729568481
        },
        "tail": {
          "x": 0.466005802154541,
          "y": -0.5533723831176758,
          "z": 1.4319720268249512
        },
        "rotation_quaternion": {
          "w": 0.36747467517852783,
          "x": 0.2148769348859787,
          "y": -0.061256781220436096,
          "z": -0.9027944803237915
        },
        "matrix": [
          [
            -0.637580394744873,
            0.637183427810669,
            -0.43299973011016846,
            0.4466068148612976
          ],
          [
            -0.6898337006568909,
            -0.7224193811416626,
            -0.04731990396976471,
            -0.5313783884048462
          ],
          [
            -0.3429618775844574,
            0.2685287594795227,
            0.9001574516296387,
            1.4237967729568481
          ],
          [
            0.0,
            0.0,
            0.0,
            1.0
          ]
        ]
      },
      "bone_length_armature_space": 0.030444905536526675,
      "parent": "thumb_02_l",
      "has_children": false,
      "is_end_bone": true
    },
    "metacarpal_index_l": {
      "name": "metacarpal_index_l",
      "local": {
        "location": {
          "x": 0.0,
          "y": 0.0,
          "z": 0.0
        },
        "rotation_quaternion": {
          "w": 0.9980499744415283,
          "x": -0.06002544239163399,
          "y": 0.01494996901601553,
          "z": 0.008347544819116592
        },
        "scale": {
          "x": 1.0,
          "y": 1.0,
          "z": 1.0
        },
        "matrix_basis": [
          [
            0.9994136095046997,
            -0.018457291647791862,
            0.02883950248360634,
            0.0
          ],
          [
            0.01486777700483799,
            0.9926545023918152,
            0.12006637454032898,
            0.0
          ],
          [
            -0.030843762680888176,
            -0.11956719309091568,
            0.9923468828201294,
            0.0
          ],
          [
            0.0,
            0.0,
            0.0,
            1.0
          ]
        ],
        "rotation_mode": "QUATERNION"
      },
      "armature_space": {
        "head": {
          "x": 0.41515034437179565,
          "y": -0.5165878534317017,
          "z": 0.5395148396492004
        },
        "tail": {
          "x": 0.4520212709903717,
          "y": -0.6249793767929077,
          "z": 0.514594316482544
        }
      },
      "world_space": {
        "head": {
          "x": 0.41515034437179565,
          "y": -0.45334386825561523,
          "z": 1.4893689155578613
        },
        "tail": {
          "x": 0.4520212709903717,
          "y": -0.5617353916168213,
          "z": 1.46444833278656
        },
        "rotation_quaternion": {
          "w": 0.10818200558423996,
          "x": -0.9810868501663208,
          "y": -0.1605110913515091,
          "z": 0.0012768027372658253
        },
        "matrix": [
          [
            0.9484691023826599,
            0.3146742880344391,
            -0.0372343435883522,
            0.41515034437179565
          ],
          [
            0.3152269423007965,
            -0.9250656962394714,
            0.21186134219169617,
            -0.45334386825561523
          ],
          [
            0.03222348913550377,
            -0.2126837521791458,
            -0.9765967726707458,
            1.4893689155578613
          ],
          [
            0.0,
            0.0,
            0.0,
            1.0
          ]
        ]
      },
      "bone_length_armature_space": 0.11717175611397294,
      "parent": "lowerarm_l",
      "has_children": true,
      "is_end_bone": false
    },
    "index_01_l": {
      "name": "index_01_l",
      "local": {
        "location": {
          "x": 0.0,
          "y": 0.0,
          "z": 0.0
        },
        "rotation_quaternion": {
          "w": 0.992229163646698,
          "x": -0.12286260724067688,
          "y": 0.019598491489887238,
          "z": 0.0014704344794154167
        },
        "scale": {
          "x": 1.0,
          "y": 1.0,
          "z": 1.0
        },
        "matrix_basis": [
          [
            0.9992274641990662,
            -0.007733859587460756,
            0.03853106498718262,
            0.0
          ],
          [
            -0.0018978276057168841,
            0.9698052406311035,
            0.24387335777282715,
            0.0
          ],
          [
            -0.03925371170043945,
            -0.24375808238983154,
            0.9690413475036621,
            0.0
          ],
          [
            0.0,
            0.0,
            0.0,
            1.0
          ]
        ],
        "rotation_mode": "QUATERNION"
      },
      "armature_space": {
        "head": {
          "x": 0.4520212709903717,
          "y": -0.6249793767929077,
          "z": 0.514594316482544
        },
        "tail": {
          "x": 0.46871834993362427,
          "y": -0.6474771499633789,
          "z": 0.5198976993560791
        }
      },
      "world_space": {
        "head": {
          "x": 0.4520212709903717,
          "y": -0.5617353916168213,
          "z": 1.46444833278656
        },
        "tail": {
          "x": 0.46871834993362427,
          "y": -0.5842331647872925,
          "z": 1.4697517156600952
        },
        "rotation_quaternion": {
          "w": 0.06391051411628723,
          "x": 0.9401164054870605,
          "y": 0.31845876574516296,
          "z": 0.10334750264883041
        },
        "matrix": [
          [
            0.7758064866065979,
            0.5855666995048523,
            0.2350231111049652,
            0.4520212709903717
          ],
          [
            0.6119866371154785,
            -0.7889987826347351,
            -0.05434277653694153,
            -0.5617353916168213
          ],
          [
            0.15361320972442627,
            0.18599086999893188,
            -0.9704763889312744,
            1.46444833278656
          ],
          [
            0.0,
            0.0,
            0.0,
            1.0
          ]
        ]
      },
      "bone_length_armature_space": 0.028514348666567435,
      "parent": "metacarpal_index_l",
      "has_children": true,
      "is_end_bone": false
    },
    "index_02_l": {
      "name": "index_02_l",
      "local": {
        "location": {
          "x": 0.0,
          "y": 0.0,
          "z": 0.0
        },
        "rotation_quaternion": {
          "w": 0.9997956156730652,
          "x": 0.019654864445328712,
          "y": 0.0016830414533615112,
          "z": 0.004438433796167374
        },
        "scale": {
          "x": 1.0,
          "y": 1.0,
          "z": 1.0
        },
        "matrix_basis": [
          [
            0.9999549388885498,
            -0.008808893151581287,
            0.0035398686304688454,
            0.0
          ],
          [
            0.008941213600337505,
            0.9991879463195801,
            -0.03928675502538681,
            0.0
          ],
          [
            -0.003190921386703849,
            0.03931663557887077,
            0.999221682548523,
            0.0
          ],
          [
            0.0,
            0.0,
            0.0,
            1.0
          ]
        ],
        "rotation_mode": "QUATERNION"
      },
      "armature_space": {
        "head": {
          "x": 0.46871843934059143,
          "y": -0.6474776268005371,
          "z": 0.5198974609375
        },
        "tail": {
          "x": 0.4841545522212982,
          "y": -0.6674097776412964,
          "z": 0.52464359998703
        }
      },
      "world_space": {
        "head": {
          "x": 0.46871843934059143,
          "y": -0.5842336416244507,
          "z": 1.4697514772415161
        },
        "tail": {
          "x": 0.4841545522212982,
          "y": -0.60416579246521,
          "z": 1.4744975566864014
        },
        "rotation_quaternion": {
          "w": 0.0732211098074913,
          "x": 0.9397886395454407,
          "y": 0.32580262422561646,
          "z": 0.07272303104400635
        },
        "matrix": [
          [
            0.7771279215812683,
            0.601721465587616,
            0.18439993262290955,
            0.46871843934059143
          ],
          [
            0.6230209469795227,
            -0.7769824862480164,
            -0.09023810923099518,
            -0.5842336416244507
          ],
          [
            0.08897843211889267,
            0.18501195311546326,
            -0.9787070155143738,
            1.4697514772415161
          ],
          [
            0.0,
            0.0,
            0.0,
            1.0
          ]
        ]
      },
      "bone_length_armature_space": 0.025653265801302255,
      "parent": "index_01_l",
      "has_children": true,
      "is_end_bone": false
    },
    "index_03_l": {
      "name": "index_03_l",
      "local": {
        "location": {
          "x": 0.0,
          "y": 0.0,
          "z": 0.0
        },
        "rotation_quaternion": {
          "w": 0.9984925389289856,
          "x": 0.05475451052188873,
          "y": -0.0032741916365921497,
          "z": -0.002011785749346018
        },
        "scale": {
          "x": 1.0,
          "y": 1.0,
          "z": 1.0
        },
        "matrix_basis": [
          [
            0.9999704360961914,
            0.003658952657133341,
            -0.006758820731192827,
            0.0
          ],
          [
            -0.004376059863716364,
            0.9939957857131958,
            -0.10933076590299606,
            0.0
          ],
          [
            0.0063182031735777855,
            0.10935711115598679,
            0.9939824342727661,
            0.0
          ],
          [
            0.0,
            0.0,
            0.0,
            1.0
          ]
        ],
        "rotation_mode": "QUATERNION"
      },
      "armature_space": {
        "head": {
          "x": 0.48415449261665344,
          "y": -0.6674097776412964,
          "z": 0.5246437191963196
        },
        "tail": {
          "x": 0.5046558380126953,
          "y": -0.6882285475730896,
          "z": 0.5245782136917114
        }
      },
      "world_space": {
        "head": {
          "x": 0.48415449261665344,
          "y": -0.60416579246521,
          "z": 1.4744977951049805
        },
        "tail": {
          "x": 0.5046558380126953,
          "y": -0.6249845623970032,
          "z": 1.4744322299957275
        },
        "rotation_quaternion": {
          "w": 0.02757246233522892,
          "x": -0.9231019616127014,
          "y": -0.37812960147857666,
          "z": -0.06434781849384308
        },
        "matrix": [
          [
            0.7057545781135559,
            0.7016528248786926,
            0.09794686734676361,
            0.48415449261665344
          ],
          [
            0.694555938243866,
            -0.7125154137611389,
            0.0995677262544632,
            -0.60416579246521
          ],
          [
            0.13965220749378204,
            -0.0022417157888412476,
            -0.9902051091194153,
            1.4744977951049805
          ],
          [
            0.0,
            0.0,
            0.0,
            1.0
          ]
        ]
      },
      "bone_length_armature_space": 0.029218668880916957,
      "parent": "index_02_l",
      "has_children": false,
      "is_end_bone": true
    },
    "metacarpal_pinky_l": {
      "name": "metacarpal_pinky_l",
      "local": {
        "location": {
          "x": 0.0,
          "y": 0.0,
          "z": 0.0
        },
        "rotation_quaternion": {
          "w": 0.9998425245285034,
          "x": -0.016667714342474937,
          "y": 0.004453024361282587,
          "z": 0.004178048577159643
        },
        "scale": {
          "x": 1.0,
          "y": 1.0,
          "z": 1.0
        },
        "matrix_basis": [
          [
            0.999925434589386,
            -0.008503224700689316,
            0.008765369653701782,
            0.0
          ],
          [
            0.008206337690353394,
            0.9994094371795654,
            0.03336738795042038,
            0.0
          ],
          [
            -0.009043923579156399,
            -0.033292967826128006,
            0.9994047284126282,
            0.0
          ],
          [
            0.0,
            0.0,
            0.0,
            1.0
          ]
        ],
        "rotation_mode": "QUATERNION"
      },
      "armature_space": {
        "head": {
          "x": 0.41515034437179565,
          "y": -0.5165878534317017,
          "z": 0.5395148396492004
        },
        "tail": {
          "x": 0.49281641840934753,
          "y": -0.5855420827865601,
          "z": 0.5470319390296936
        }
      },
      "world_space": {
        "head": {
          "x": 0.41515034437179565,
          "y": -0.45334386825561523,
          "z": 1.4893689155578613
        },
        "tail": {
          "x": 0.49281641840934753,
          "y": -0.5222980976104736,
          "z": 1.4968860149383545
        },
        "rotation_quaternion": {
          "w": 0.37910738587379456,
          "x": 0.4313863515853882,
          "y": 0.15869006514549255,
          "z": -0.8031194806098938
        },
        "matrix": [
          [
            -0.34036651253700256,
            0.7458515167236328,
            -0.5725873112678528,
            0.41515034437179565
          ],
          [
            -0.4720243811607361,
            -0.662188708782196,
            -0.5819783210754395,
            -0.45334386825561523
          ],
          [
            -0.8132365345954895,
            0.07218891382217407,
            0.5774504542350769,
            1.4893689155578613
          ],
          [
            0.0,
            0.0,
            0.0,
            1.0
          ]
        ]
      },
      "bone_length_armature_space": 0.10413074234440323,
      "parent": "lowerarm_l",
      "has_children": true,
      "is_end_bone": false
    },
    "pinky_01_l": {
      "name": "pinky_01_l",
      "local": {
        "location": {
          "x": 0.0,
          "y": 0.0,
          "z": 0.0
        },
        "rotation_quaternion": {
          "w": 0.9511263966560364,
          "x": 0.3078657388687134,
          "y": -0.022586021572351456,
          "z": 0.008200063370168209
        },
        "scale": {
          "x": 1.0,
          "y": 1.0,
          "z": 1.0
        },
        "matrix_basis": [
          [
            0.9988452792167664,
            -0.029505517333745956,
            -0.03791528567671776,
            0.0
          ],
          [
            0.0016916689928621054,
            0.8103029131889343,
            -0.5860088467597961,
            0.0
          ],
          [
            0.0480133593082428,
            0.5852680206298828,
            0.8094171285629272,
            0.0
          ],
          [
            0.0,
            0.0,
            0.0,
            1.0
          ]
        ],
        "rotation_mode": "QUATERNION"
      },
      "armature_space": {
        "head": {
          "x": 0.49281641840934753,
          "y": -0.5855420827865601,
          "z": 0.5470319390296936
        },
        "tail": {
