{
  "metadata": {
    "armature_name": "KIM_caucasian_male",
    "export_time": "2026-01-13T20:59:38.255642",
    "blender_version": "4.4.1",
    "bone_count": 56,
    "end_bone_count": 13,
    "spaces_included": [
      "LOCAL_CHANNELS",
      "ARMATURE_SPACE",
      "WORLD_SPACE"
    ],
    "note": "LOCAL matches Transform panel; replay pose via local.matrix_basis for best fidelity."
  },
  "bones": {
    "Root": {
      "name": "Root",
      "local": {
        "location": {
          "x": 0.0,
          "y": 0.0,
          "z": 0.0
        },
        "rotation_quaternion": {
          "w": 0.9998643398284912,
          "x": 0.006302264053374529,
          "y": -0.006919029168784618,
          "z": 0.01355881616473198
        },
        "scale": {
          "x": 1.0,
          "y": 1.0,
          "z": 1.0
        },
        "matrix_basis": [
          [
            0.9995365738868713,
            -0.02720116451382637,
            -0.013665278442203999,
            0.0
          ],
          [
            0.027026742696762085,
            0.9995529055595398,
            -0.012790446169674397,
            0.0
          ],
          [
            0.014007083140313625,
            0.012415190227329731,
            0.9998248219490051,
            0.0
          ],
          [
            0.0,
            0.0,
            0.0,
            1.0
          ]
        ],
        "rotation_mode": "QUATERNION"
      },
      "armature_space": {
        "head": {
          "x": 0.0,
          "y": 0.07072800397872925,
          "z": -0.009595036506652832
        },
        "tail": {
          "x": -0.001941506750881672,
          "y": -8.749961853027344e-05,
          "z": -0.0008823974058032036
        }
      },
      "world_space": {
        "head": {
          "x": 0.0,
          "y": 0.13397200405597687,
          "z": 0.9402589797973633
        },
        "tail": {
          "x": -0.001941506750881672,
          "y": 0.06315650045871735,
          "z": 0.9489716291427612
        },
        "rotation_quaternion": {
          "w": 0.06107057258486748,
          "x": 0.9980173707008362,
          "y": -0.013994134962558746,
          "z": -0.005989883095026016
        },
        "matrix": [
          [
            0.9995365738868713,
            -0.02720116451382637,
            -0.013665278442203999,
            0.0
          ],
          [
            -0.028664393350481987,
            -0.9921491146087646,
            -0.12173180282115936,
            0.13397200405597687
          ],
          [
            -0.010246844962239265,
            0.12206701189279556,
            -0.9924760460853577,
            0.9402589797973633
          ],
          [
            0.0,
            0.0,
            0.0,
            1.0
          ]
        ]
      },
      "bone_length_armature_space": 0.07137587071324797,
      "parent": null,
      "has_children": true,
      "is_end_bone": false
    },
    "spine_01": {
      "name": "spine_01",
      "local": {
        "location": {
          "x": 0.0,
          "y": 0.0,
          "z": 0.0
        },
        "rotation_quaternion": {
          "w": 0.9932427406311035,
          "x": 0.1052377000451088,
          "y": 0.04497605934739113,
          "z": 0.019263315945863724
        },
        "scale": {
          "x": 1.0,
          "y": 1.0,
          "z": 1.0
        },
        "matrix_basis": [
          [
            0.9952121376991272,
            -0.02879994362592697,
            0.09339874237775803,
            0.0
          ],
          [
            0.047732651233673096,
            0.9771078824996948,
            -0.20732039213180542,
            0.0
          ],
          [
            -0.0852898359298706,
            0.21078594028949738,
            0.9738043546676636,
            0.0
          ],
          [
            0.0,
            0.0,
            0.0,
            1.0
          ]
        ],
        "rotation_mode": "QUATERNION"
      },
      "armature_space": {
        "head": {
          "x": -0.001941506750881672,
          "y": -8.749961853027344e-05,
          "z": -0.0008823974058032036
        },
        "tail": {
          "x": -0.013550457544624805,
          "y": -0.08624330908060074,
          "z": 0.47931626439094543
        }
      },
      "world_space": {
        "head": {
          "x": -0.001941506750881672,
          "y": 0.06315650045871735,
          "z": 0.9489716291427612
        },
        "tail": {
          "x": -0.013550457544624805,
          "y": -0.02299930900335312,
          "z": 1.4291702508926392
        },
        "rotation_quaternion": {
          "w": 0.6415596604347229,
          "x": 0.7663231492042542,
          "y": 0.011258888989686966,
          "z": 0.03198819234967232
        },
        "matrix": [
          [
            0.9976999759674072,
            -0.023788774386048317,
            0.06347288936376572,
            -0.001941506750881672
          ],
          [
            0.058300405740737915,
            -0.17654834687709808,
            -0.9825639724731445,
            0.06315650045871735
          ],
          [
            0.03458031639456749,
            0.984011173248291,
            -0.1747574806213379,
            0.9489716291427612
          ],
          [
            0.0,
            0.0,
            0.0,
            1.0
          ]
        ]
      },
      "bone_length_armature_space": 0.48800444362449785,
      "parent": "Root",
      "has_children": true,
      "is_end_bone": false
    },
    "neck_01": {
      "name": "neck_01",
      "local": {
        "location": {
          "x": 0.0,
          "y": 0.0,
          "z": 0.0
        },
        "rotation_quaternion": {
          "w": 0.9933232069015503,
          "x": 0.040838684886693954,
          "y": 0.09500196576118469,
          "z": -0.05114642158150673
        },
        "scale": {
          "x": 1.0,
          "y": 1.0,
          "z": 1.0
        },
        "matrix_basis": [
          [
            0.9767173528671265,
            0.10936936736106873,
            0.18455781042575836,
            0.0
          ],
          [
            -0.09385034441947937,
            0.9914324879646301,
            -0.09085004776716232,
            0.0
          ],
          [
            -0.19291281700134277,
            0.07141400873661041,
            0.9786136746406555,
            0.0
          ],
          [
            0.0,
            0.0,
            0.0,
            1.0
          ]
        ],
        "rotation_mode": "QUATERNION"
      },
      "armature_space": {
        "head": {
          "x": -0.013090968132019043,
          "y": -0.13324566185474396,
          "z": 0.5453034043312073
        },
        "tail": {
          "x": -0.001205173321068287,
          "y": -0.19331306219100952,
          "z": 0.6275308132171631
        }
      },
      "world_space": {
        "head": {
          "x": -0.013090968132019043,
          "y": -0.07000166177749634,
          "z": 1.4951574802398682
        },
        "tail": {
          "x": -0.001205173321068287,
          "y": -0.1300690621137619,
          "z": 1.5773848295211792
        },
        "rotation_quaternion": {
          "w": 0.44193127751350403,
          "x": 0.886297345161438,
          "y": 0.10837829858064651,
          "z": 0.08618545532226562
        },
        "matrix": [
          [
            0.9616523385047913,
            0.1159348413348198,
            0.24856361746788025,
            -0.013090968132019043
          ],
          [
            0.2682872414588928,
            -0.5859014987945557,
            -0.7646841406822205,
            -0.07000166177749634
          ],
          [
            0.056980907917022705,
            0.8020515441894531,
            -0.5945421457290649,
            1.4951574802398682
          ],
          [
            0.0,
            0.0,
            0.0,
            1.0
          ]
        ]
      },
      "bone_length_armature_space": 0.10252176221156845,
      "parent": "spine_01",
      "has_children": true,
      "is_end_bone": false
    },
    "head": {
      "name": "head",
      "local": {
        "location": {
          "x": 0.0,
          "y": 0.0,
          "z": 0.0
        },
        "rotation_quaternion": {
          "w": 0.9981763362884521,
          "x": -0.026361998170614243,
          "y": 0.04839212819933891,
          "z": -0.024643246084451675
        },
        "scale": {
          "x": 1.0,
          "y": 1.0,
          "z": 1.0
        },
        "matrix_basis": [
          [
            0.9941018223762512,
            0.046645183116197586,
            0.09790704399347305,
            0.0
          ],
          [
            -0.051748037338256836,
            0.9973955154418945,
            0.05024276673793793,
            0.0
          ],
          [
            -0.09530846774578094,
            -0.05501292273402214,
            0.993926465511322,
            0.0
          ],
          [
            0.0,
            0.0,
            0.0,
            1.0
          ]
        ],
        "rotation_mode": "QUATERNION"
      },
      "armature_space": {
        "head": {
          "x": -0.0012051425874233246,
          "y": -0.19331315159797668,
          "z": 0.6275306344032288
        },
        "tail": {
          "x": 0.006175000686198473,
          "y": -0.2252640575170517,
          "z": 0.7791154384613037
        }
      },
      "world_space": {
        "head": {
          "x": -0.0012051425874233246,
          "y": -0.13006915152072906,
          "z": 1.5773847103118896
        },
        "tail": {
          "x": 0.006175000686198473,
          "y": -0.16202005743980408,
          "z": 1.7289694547653198
        },
        "rotation_quaternion": {
          "w": 0.6154361367225647,
          "x": 0.7656909227371216,
          "y": 0.13502120971679688,
          "z": 0.12932543456554413
        },
        "matrix": [
          [
            0.930088460445404,
            0.04758613184094429,
            0.364240437746048,
            -0.0012051425874233246
          ],
          [
            0.3659522533416748,
            -0.2060149610042572,
            -0.9075446128845215,
            -0.13006915152072906
          ],
          [
            0.03185300529003143,
            0.9773977994918823,
            -0.20902863144874573,
            1.5773847103118896
          ],
          [
            0.0,
            0.0,
            0.0,
            1.0
          ]
        ]
      },
      "bone_length_armature_space": 0.1550911951819822,
      "parent": "neck_01",
      "has_children": false,
      "is_end_bone": true
    },
    "upperarm_l": {
      "name": "upperarm_l",
      "local": {
        "location": {
          "x": 0.0,
          "y": 0.0,
          "z": 0.0
        },
        "rotation_quaternion": {
          "w": 0.9505140781402588,
          "x": 0.1570635885000229,
          "y": -0.1493714451789856,
          "z": -0.2225809246301651
        },
        "scale": {
          "x": 1.0,
          "y": 1.0,
          "z": 1.0
        },
        "matrix_basis": [
          [
            0.8562918305397034,
            0.3762109875679016,
            -0.35387805104255676,
            0.0
          ],
          [
            -0.4700542390346527,
            0.8515775203704834,
            -0.23208783566951752,
            0.0
          ],
          [
            0.214040607213974,
            0.36507678031921387,
            0.9060384035110474,
            0.0
          ],
          [
            0.0,
            0.0,
            0.0,
            1.0
          ]
        ],
        "rotation_mode": "QUATERNION"
      },
      "armature_space": {
        "head": {
          "x": 0.1383652538061142,
          "y": -0.11576870083808899,
          "z": 0.48379993438720703
        },
        "tail": {
          "x": 0.3753313422203064,
          "y": -0.16816698014736176,
          "z": 0.37018081545829773
        }
      },
      "world_space": {
        "head": {
          "x": 0.1383652538061142,
          "y": -0.05252470076084137,
          "z": 1.4336539506912231
        },
        "tail": {
          "x": 0.3753313422203064,
          "y": -0.10492298007011414,
          "z": 1.3200348615646362
        },
        "rotation_quaternion": {
          "w": 0.3610762655735016,
          "x": 0.3828365206718445,
          "y": 0.5213976502418518,
          "z": -0.6717175841331482
        },
        "matrix": [
          [
            -0.4461202621459961,
            0.8843026757240295,
            -0.1377875804901123,
            0.1383652538061142
          ],
          [
            -0.08586522191762924,
            -0.19553828239440918,
            -0.9769300818443298,
            -0.05252470076084137
          ],
          [
            -0.8908507823944092,
            -0.42400026321411133,
            0.1631646454334259,
            1.4336539506912231
          ],
          [
            0.0,
            0.0,
            0.0,
            1.0
          ]
        ]
      },
      "bone_length_armature_space": 0.267969798049184,
      "parent": "spine_01",
      "has_children": true,
      "is_end_bone": false
    },
    "lowerarm_l": {
      "name": "lowerarm_l",
      "local": {
        "location": {
          "x": 0.0,
          "y": 0.0,
          "z": 0.0
        },
        "rotation_quaternion": {
          "w": 0.9625405073165894,
          "x": 0.23626919090747833,
          "y": -0.12756048142910004,
          "z": 0.03769737482070923
        },
        "scale": {
          "x": 1.0,
          "y": 1.0,
          "z": 1.0
        },
        "matrix_basis": [
          [
            0.9646144509315491,
            -0.13284772634506226,
            -0.22775080800056458,
            0.0
          ],
          [
            0.012293277308344841,
            0.885511577129364,
            -0.464454710483551,
            0.0
          ],
          [
            0.26337772607803345,
            0.4452199339866638,
            0.8558104038238525,
            0.0
          ],
          [
            0.0,
            0.0,
            0.0,
            1.0
          ]
        ],
        "rotation_mode": "QUATERNION"
      },
      "armature_space": {
        "head": {
          "x": 0.37533146142959595,
          "y": -0.16816703975200653,
          "z": 0.3701809048652649
        },
        "tail": {
          "x": 0.579309344291687,
          "y": -0.34103208780288696,
          "z": 0.3612334132194519
        }
      },
      "world_space": {
        "head": {
          "x": 0.37533146142959595,
          "y": -0.10492303967475891,
          "z": 1.3200349807739258
        },
        "tail": {
          "x": 0.579309344291687,
          "y": -0.27778810262680054,
          "z": 1.3110873699188232
        },
        "rotation_quaternion": {
          "w": 0.3746958076953888,
          "x": 0.37638187408447266,
          "y": 0.19110184907913208,
          "z": -0.8254815936088562
        },
        "matrix": [
          [
            -0.4358789920806885,
            0.7624642252922058,
            -0.4781813323497772,
            0.37533146142959595
          ],
          [
            -0.47475552558898926,
            -0.6461653709411621,
            -0.5975601077079773,
            -0.10492303967475891
          ],
          [
            -0.7646082043647766,
            -0.033445462584495544,
            0.6436379551887512,
            1.3200349807739258
          ],
          [
            0.0,
            0.0,
            0.0,
            1.0
          ]
        ]
      },
      "bone_length_armature_space": 0.26752450364497304,
      "parent": "upperarm_l",
      "has_children": true,
      "is_end_bone": false
    },
    "metacarpal_thumb_l": {
      "name": "metacarpal_thumb_l",
      "local": {
        "location": {
          "x": 0.0,
          "y": 0.0,
          "z": 0.0
        },
        "rotation_quaternion": {
          "w": 0.9999730587005615,
          "x": -0.005177738610655069,
          "y": 0.0030991286039352417,
          "z": -0.004181860014796257
        },
        "scale": {
          "x": 1.0,
          "y": 1.0,
          "z": 1.0
        },
        "matrix_basis": [
          [
            0.9999458193778992,
            0.008331402204930782,
            0.006241395603865385,
            0.0
          ],
          [
            -0.008395588025450706,
            0.9999114274978638,
            0.01032927818596363,
            0.0
          ],
          [
            -0.006154784932732582,
            -0.010381118394434452,
            0.9999271631240845,
            0.0
          ],
          [
            0.0,
            0.0,
            0.0,
            1.0
          ]
        ],
        "rotation_mode": "QUATERNION"
      },
      "armature_space": {
        "head": {
          "x": 0.579309344291687,
          "y": -0.34103208780288696,
          "z": 0.3612334132194519
        },
        "tail": {
          "x": 0.5918163657188416,
          "y": -0.3877546489238739,
          "z": 0.37191811203956604
        }
      },
      "world_space": {
        "head": {
          "x": 0.579309344291687,
          "y": -0.27778810262680054,
          "z": 1.3110873699188232
        },
        "tail": {
          "x": 0.5918163657188416,
          "y": -0.3245106339454651,
          "z": 1.3217720985412598
        },
        "rotation_quaternion": {
          "w": 0.14323008060455322,
          "x": 0.9388659000396729,
          "y": 0.08866195380687714,
          "z": -0.3002582788467407
        },
        "matrix": [
          [
            0.8039678931236267,
            0.25249549746513367,
            -0.5384061336517334,
            0.579309344291687
          ],
          [
            0.0804714560508728,
            -0.9432483911514282,
            -0.32219114899635315,
            -0.27778810262680054
          ],
          [
            -0.5892066359519958,
            0.21570566296577454,
            -0.7786659598350525,
            1.3110873699188232
          ],
          [
            0.0,
            0.0,
            0.0,
            1.0
          ]
        ]
      },
      "bone_length_armature_space": 0.04953368682307594,
      "parent": "lowerarm_l",
      "has_children": true,
      "is_end_bone": false
    },
    "thumb_01_l": {
      "name": "thumb_01_l",
      "local": {
        "location": {
          "x": 0.0,
          "y": 0.0,
          "z": 0.0
        },
        "rotation_quaternion": {
          "w": 0.9863976240158081,
          "x": 0.1636943519115448,
          "y": -0.0145564628764987,
          "z": -0.0034594759345054626
        },
        "scale": {
          "x": 1.0,
          "y": 1.0,
          "z": 1.0
        },
        "matrix_basis": [
          [
            0.999552309513092,
            0.002059216145426035,
            -0.029849514365196228,
            0.0
          ],
          [
            -0.011590459384024143,
            0.9463843703269958,
            -0.32283473014831543,
            0.0
          ],
          [
            0.02758432738482952,
            0.32303616404533386,
            0.9459845423698425,
            0.0
          ],
          [
            0.0,
            0.0,
            0.0,
            1.0
          ]
        ],
        "rotation_mode": "QUATERNION"
      },
      "armature_space": {
        "head": {
          "x": 0.5918163657188416,
          "y": -0.3877546489238739,
          "z": 0.37191811203956604
        },
        "tail": {
          "x": 0.5897192358970642,
          "y": -0.4161546230316162,
          "z": 0.35327208042144775
        }
      },
      "world_space": {
        "head": {
          "x": 0.5918163657188416,
          "y": -0.3245106339454651,
          "z": 1.3217720985412598
        },
        "tail": {
          "x": 0.5897192358970642,
          "y": -0.3529106378555298,
          "z": 1.3031260967254639
        },
        "rotation_quaternion": {
          "w": 0.23989267647266388,
          "x": -0.8524125814437866,
          "y": 0.1589920073747635,
          "z": -0.43653857707977295
        },
        "matrix": [
          [
            0.568311333656311,
            -0.06161050498485565,
            0.8205034732818604,
            0.5918163657188416
          ],
          [
            -0.4804982542991638,
            -0.8343468904495239,
            0.27016130089759827,
            -0.3245106339454651
          ],
          [
            0.6679439544677734,
            -0.5477910041809082,
            -0.5037758350372314,
            1.3217720985412598
          ],
          [
            0.0,
            0.0,
            0.0,
            1.0
          ]
        ]
      },
      "bone_length_armature_space": 0.034038668975569626,
      "parent": "metacarpal_thumb_l",
      "has_children": true,
      "is_end_bone": false
    },
    "thumb_02_l": {
      "name": "thumb_02_l",
      "local": {
        "location": {
          "x": 0.0,
          "y": 0.0,
          "z": 0.0
        },
        "rotation_quaternion": {
          "w": 0.9301415085792542,
          "x": 0.3669898211956024,
          "y": -0.0037609117571264505,
          "z": -0.011880815029144287
        },
        "scale": {
          "x": 1.0,
          "y": 1.0,
          "z": 1.0
        },
        "matrix_basis": [
          [
            0.9996894001960754,
            0.01934124529361725,
            -0.015716636553406715,
            0.0
          ],
          [
            -0.02486211061477661,
            0.7303546071052551,
            -0.6826155781745911,
            0.0
          ],
          [
            -0.0017239161534234881,
            0.6827942728996277,
            0.7306086421012878,
            0.0
          ],
          [
            0.0,
            0.0,
            0.0,
            1.0
          ]
        ],
        "rotation_mode": "QUATERNION"
      },
      "armature_space": {
        "head": {
          "x": 0.5897191762924194,
          "y": -0.4161545932292938,
          "z": 0.35327211022377014
        },
        "tail": {
          "x": 0.628868579864502,
          "y": -0.4132618308067322,
          "z": 0.36176541447639465
        }
      },
      "world_space": {
        "head": {
          "x": 0.5897191762924194,
          "y": -0.352910578250885,
          "z": 1.3031260967254639
        },
        "tail": {
          "x": 0.628868579864502,
          "y": -0.35001784563064575,
          "z": 1.3116194009780884
        },
        "rotation_quaternion": {
          "w": 0.575802743434906,
          "x": -0.2975561320781708,
          "y": -0.45217394828796387,
          "z": -0.6127400398254395
        },
        "matrix": [
          [
            -0.15982136130332947,
            0.9747287034988403,
            -0.15607908368110657,
            0.5897191762924194
          ],
          [
            -0.43654149770736694,
            0.07202285528182983,
            0.8967968225479126,
            -0.352910578250885
          ],
          [
            0.885380744934082,
            0.2114638090133667,
            0.41400253772735596,
            1.3031260967254639
          ],
          [
            0.0,
            0.0,
            0.0,
            1.0
          ]
        ]
      },
      "bone_length_armature_space": 0.040164413413725605,
      "parent": "thumb_01_l",
      "has_children": true,
      "is_end_bone": false
    },
    "thumb_03_l": {
      "name": "thumb_03_l",
      "local": {
        "location": {
          "x": 0.0,
          "y": 0.0,
          "z": 0.0
        },
        "rotation_quaternion": {
          "w": 0.9844298958778381,
          "x": 0.17567525804042816,
          "y": 0.0024842971470206976,
          "z": 0.005468520801514387
        },
        "scale": {
          "x": 1.0,
          "y": 1.0,
          "z": 1.0
        },
        "matrix_basis": [
          [
            0.999927818775177,
            -0.009893891401588917,
            0.006812600418925285,
            0.0
          ],
          [
            0.011639609932899475,
            0.9382166266441345,
            -0.345852792263031,
            0.0
          ],
          [
            -0.002969865221530199,
            0.3459071218967438,
            0.9382640719413757,
            0.0
          ],
          [
            0.0,
            0.0,
            0.0,
            1.0
          ]
        ],
        "rotation_mode": "QUATERNION"
      },
      "armature_space": {
        "head": {
          "x": 0.6288685202598572,
          "y": -0.41326192021369934,
          "z": 0.36176544427871704
        },
        "tail": {
          "x": 0.6506747007369995,
          "y": -0.39555978775024414,
          "z": 0.3735136091709137
        }
      },
      "world_space": {
        "head": {
          "x": 0.6288685202598572,
          "y": -0.3500179052352905,
          "z": 1.311619520187378
        },
        "tail": {
          "x": 0.6506747007369995,
          "y": -0.3323158025741577,
          "z": 1.3233675956726074
        },
        "rotation_quaternion": {
          "w": 0.7620282173156738,
          "x": -0.021628236398100853,
          "y": -0.4582991898059845,
          "z": -0.4569542407989502
        },
        "matrix": [
          [
            0.16230756044387817,
            0.7162504196166992,
            -0.6787055134773254,
            0.6288685202598572
          ],
          [
            -0.6765994429588318,
            0.5814483165740967,
            0.45180901885032654,
            -0.3500179052352905
          ],
          [
            0.7182449698448181,
            0.385883092880249,
            0.5789927840232849,
            1.311619520187378
          ],
          [
            0.0,
            0.0,
            0.0,
            1.0
          ]
        ]
      },
      "bone_length_armature_space": 0.030444939711747013,
      "parent": "thumb_02_l",
      "has_children": false,
      "is_end_bone": true
    },
    "metacarpal_index_l": {
      "name": "metacarpal_index_l",
      "local": {
        "location": {
          "x": 0.0,
          "y": 0.0,
          "z": 0.0
        },
        "rotation_quaternion": {
          "w": 0.9996973872184753,
          "x": -0.009949848987162113,
          "y": -0.021765191107988358,
          "z": -0.005700784269720316
        },
        "scale": {
          "x": 1.0,
          "y": 1.0,
          "z": 1.0
        },
        "matrix_basis": [
          [
            0.9989875555038452,
            0.011831238865852356,
            -0.04340376704931259,
            0.0
          ],
          [
            -0.010964997112751007,
            0.999737024307251,
            0.020141832530498505,
            0.0
          ],
          [
            0.043630652129650116,
            -0.01964551955461502,
            0.9988545775413513,
            0.0
          ],
          [
            0.0,
            0.0,
            0.0,
            1.0
          ]
        ],
        "rotation_mode": "QUATERNION"
      },
      "armature_space": {
        "head": {
          "x": 0.579309344291687,
          "y": -0.34103208780288696,
          "z": 0.3612334132194519
        },
        "tail": {
          "x": 0.6467661261558533,
          "y": -0.4358046352863312,
          "z": 0.375267893075943
        }
      },
      "world_space": {
        "head": {
          "x": 0.579309344291687,
          "y": -0.27778810262680054,
          "z": 1.3110873699188232
        },
        "tail": {
          "x": 0.6467661261558533,
          "y": -0.37256062030792236,
          "z": 1.3251218795776367
        },
        "rotation_quaternion": {
          "w": 0.2344694435596466,
          "x": 0.7537757754325867,
          "y": 0.20151153206825256,
          "z": -0.579861581325531
        },
        "matrix": [
          [
            0.24630683660507202,
            0.5757086277008057,
            -0.7796742916107178,
            0.579309344291687
          ],
          [
            0.03186943382024765,
            -0.8088344931602478,
            -0.5871726870536804,
            -0.27778810262680054
          ],
          [
            -0.9686745405197144,
            0.11977697163820267,
            -0.21757104992866516,
            1.3110873699188232
          ],
          [
            0.0,
            0.0,
            0.0,
            1.0
          ]
        ]
      },
      "bone_length_armature_space": 0.11717175456156008,
      "parent": "lowerarm_l",
      "has_children": true,
      "is_end_bone": false
    },
    "index_01_l": {
      "name": "index_01_l",
      "local": {
        "location": {
          "x": 0.0,
          "y": 0.0,
          "z": 0.0
        },
        "rotation_quaternion": {
          "w": 0.9755921959877014,
          "x": 0.21921437978744507,
          "y": 0.010637453757226467,
          "z": -0.007204152178019285
        },
        "scale": {
          "x": 1.0,
          "y": 1.0,
          "z": 1.0
        },
        "matrix_basis": [
          [
            0.9996699094772339,
            0.018720395863056183,
            0.017597125843167305,
            0.0
          ],
          [
            -0.00939286407083273,
            0.903786301612854,
            -0.4278809428215027,
            0.0
          ],
          [
            -0.023914141580462456,
            0.42757439613342285,
            0.9036638140678406,
            0.0
          ],
          [
            0.0,
            0.0,
            0.0,
            1.0
          ]
        ],
        "rotation_mode": "QUATERNION"
      },
      "armature_space": {
        "head": {
          "x": 0.6467661261558533,
          "y": -0.4358046352863312,
          "z": 0.375267893075943
        },
        "tail": {
          "x": 0.6570339202880859,
          "y": -0.4609796702861786,
          "z": 0.36667361855506897
        }
      },
      "world_space": {
        "head": {
          "x": 0.6467661261558533,
          "y": -0.37256062030792236,
          "z": 1.3251218795776367
        },
        "tail": {
          "x": 0.6570339202880859,
          "y": -0.3977356553077698,
          "z": 1.3165276050567627
        },
        "rotation_quaternion": {
          "w": 0.007677420973777771,
          "x": 0.7239090204238892,
          "y": 0.24185965955257416,
          "z": -0.6460655331611633
        },
        "matrix": [
          [
            0.048205893486738205,
            0.3600911498069763,
            -0.9316706657409668,
            0.6467661261558533
          ],
          [
            0.340248703956604,
            -0.8828893899917603,
            -0.3236323297023773,
            -0.37256062030792236
          ],
          [
            -0.9391053915023804,
            -0.30140161514282227,
            -0.16508248448371887,
            1.3251218795776367
          ],
          [
            0.0,
            0.0,
            0.0,
            1.0
          ]
        ]
      },
      "bone_length_armature_space": 0.02851440990689148,
      "parent": "metacarpal_index_l",
      "has_children": true,
      "is_end_bone": false
    },
    "index_02_l": {
      "name": "index_02_l",
      "local": {
        "location": {
          "x": 0.0,
          "y": 0.0,
          "z": 0.0
        },
        "rotation_quaternion": {
          "w": 0.9201192259788513,
          "x": 0.391609787940979,
          "y": -0.001022216398268938,
          "z": -0.004614572506397963
        },
        "scale": {
          "x": 1.0,
          "y": 1.0,
          "z": 1.0
        },
        "matrix_basis": [
          [
            0.9999552965164185,
            0.007691293954849243,
            -0.0054953452199697495,
            0.0
          ],
          [
            -0.009292533621191978,
            0.6932409405708313,
            -0.7206459641456604,
            0.0
          ],
          [
            -0.001733101555146277,
            0.7206647992134094,
            0.6932814717292786,
            0.0
          ],
          [
            0.0,
            0.0,
            0.0,
            1.0
          ]
        ],
        "rotation_mode": "QUATERNION"
      },
      "armature_space": {
        "head": {
          "x": 0.6570337414741516,
          "y": -0.4609801769256592,
          "z": 0.36667364835739136
        },
        "tail": {
          "x": 0.6470341682434082,
          "y": -0.4831802248954773,
          "z": 0.3585953712463379
        }
      },
      "world_space": {
        "head": {
          "x": 0.6570337414741516,
          "y": -0.39773619174957275,
          "z": 1.3165276050567627
        },
        "tail": {
          "x": 0.6470341682434082,
          "y": -0.41993623971939087,
          "z": 1.308449387550354
        },
        "rotation_quaternion": {
          "w": 0.2590239942073822,
          "x": -0.6480919718742371,
          "y": 0.014555105939507484,
          "z": 0.7160108089447021
        },
        "matrix": [
          [
            -0.02576622925698757,
            -0.38979634642601013,
            -0.920540452003479,
            0.6570337414741516
          ],
          [
            0.3520618975162506,
            -0.865388810634613,
            0.3565882742404938,
            -0.39773619174957275
          ],
          [
            -0.9356282949447632,
            -0.3149021863937378,
            0.1595315933227539,
            1.3165276050567627
          ],
          [
            0.0,
            0.0,
            0.0,
            1.0
          ]
        ]
      },
      "bone_length_armature_space": 0.025653306466284415,
      "parent": "index_01_l",
      "has_children": true,
      "is_end_bone": false
    },
    "index_03_l": {
      "name": "index_03_l",
      "local": {
        "location": {
          "x": 0.0,
          "y": 0.0,
          "z": 0.0
        },
        "rotation_quaternion": {
          "w": 0.9642343521118164,
          "x": 0.2649882435798645,
          "y": -0.003743094392120838,
          "z": -0.004398812539875507
        },
        "scale": {
          "x": 1.0,
          "y": 1.0,
          "z": 1.0
        },
        "matrix_basis": [
          [
            0.9999333024024963,
            0.00649922015145421,
            -0.009549707174301147,
            0.0
          ],
          [
            -0.010466724634170532,
            0.8595237731933594,
            -0.5109885931015015,
            0.0
          ],
          [
            0.00488717295229435,
            0.5110544562339783,
            0.8595344424247742,
            0.0
          ],
          [
            0.0,
            0.0,
            0.0,
            1.0
          ]
        ],
        "rotation_mode": "QUATERNION"
      },
      "armature_space": {
        "head": {
          "x": 0.6470342874526978,
          "y": -0.48318028450012207,
          "z": 0.3585953712463379
        },
        "tail": {
          "x": 0.6221131682395935,
          "y": -0.4962131083011627,
          "z": 0.3506696820259094
        }
      },
      "world_space": {
        "head": {
          "x": 0.6470342874526978,
          "y": -0.41993629932403564,
          "z": 1.308449387550354
        },
        "tail": {
          "x": 0.6221131682395935,
          "y": -0.4329690933227539,
          "z": 1.3005237579345703
        },
        "rotation_quaternion": {
          "w": 0.48560985922813416,
          "x": -0.55015629529953,
          "y": 0.2028784602880478,
          "z": 0.6483452916145325
        },
        "matrix": [
          [
            0.07697944343090057,
            -0.8529168367385864,
            -0.5163398385047913,
            0.6470342874526978
          ],
          [
            0.4064553380012512,
            -0.44604402780532837,
            0.7973952889442444,
            -0.41993629932403564
          ],
          [
            -0.9104281067848206,
            -0.27125445008277893,
            0.312339186668396,
            1.308449387550354
          ],
          [
            0.0,
            0.0,
            0.0,
            1.0
          ]
        ]
      },
      "bone_length_armature_space": 0.029218713611062805,
      "parent": "index_02_l",
      "has_children": false,
      "is_end_bone": true
    },
    "metacarpal_pinky_l": {
      "name": "metacarpal_pinky_l",
      "local": {
        "location": {
          "x": 0.0,
          "y": 0.0,
          "z": 0.0
        },
        "rotation_quaternion": {
          "w": 0.9982035160064697,
          "x": -0.05340835452079773,
          "y": -0.023496849462389946,
          "z": 0.013608491979539394
        },
        "scale": {
          "x": 1.0,
          "y": 1.0,
          "z": 1.0
        },
        "matrix_basis": [
          [
            0.9985254406929016,
            -0.024658232927322388,
            -0.048362888395786285,
            0.0
          ],
          [
            0.029677946120500565,
            0.9939247369766235,
            0.10598529875278473,
            0.0
          ],
          [
            0.04545566067099571,
            -0.10726432502269745,
            0.9931908845901489,
            0.0
          ],
          [
            0.0,
            0.0,
            0.0,
            1.0
          ]
        ],
        "rotation_mode": "QUATERNION"
      },
      "armature_space": {
        "head": {
          "x": 0.579309344291687,
          "y": -0.34103208780288696,
          "z": 0.3612334132194519
        },
        "tail": {
          "x": 0.6660736799240112,
          "y": -0.3867984116077423,
          "z": 0.3262959420681
        }
      },
      "world_space": {
        "head": {
          "x": 0.579309344291687,
          "y": -0.27778810262680054,
          "z": 1.3110873699188232
        },
        "tail": {
          "x": 0.6660736799240112,
          "y": -0.3235543966293335,
          "z": 1.2761499881744385
        },
        "rotation_quaternion": {
          "w": 0.5286052227020264,
          "x": -0.27380385994911194,
          "y": 0.02867145650088787,
          "z": -0.8029856085777283
        },
        "matrix": [
          [
            -0.29121458530426025,
            0.8332249522209167,
            0.4700317978858948,
            0.579309344291687
          ],
          [
            -0.8646255135536194,
            -0.4395081102848053,
            0.24342525005340576,
            -0.27778810262680054
          ],
          [
            0.4094129204750061,
            -0.33551526069641113,
            0.8484249114990234,
            1.3110873699188232
          ],
          [
            0.0,
            0.0,
            0.0,
            1.0
          ]
        ]
      },
      "bone_length_armature_space": 0.10413084600137816,
      "parent": "lowerarm_l",
      "has_children": true,
      "is_end_bone": false
    },
    "pinky_01_l": {
      "name": "pinky_01_l",
      "local": {
        "location": {
          "x": 0.0,
          "y": 0.0,
          "z": 0.0
        },
        "rotation_quaternion": {
          "w": 0.9481731653213501,
          "x": 0.3175477385520935,
          "y": -0.01145227998495102,
          "z": 7.75360967963934e-05
        },
        "scale": {
          "x": 1.0,
          "y": 1.0,
          "z": 1.0
        },
        "matrix_basis": [
          [
            0.9997376799583435,
            -0.007420326583087444,
            -0.021668246015906334,
            0.0
          ],
          [
            -0.007126255892217159,
            0.798326849937439,
            -0.6021822690963745,
            0.0
          ],
          [
            0.02176673151552677,
            0.602178692817688,
            0.7980645298957825,
            0.0
          ],
          [
            0.0,
            0.0,
            0.0,
            1.0
          ]
        ],
        "rotation_mode": "QUATERNION"
      },
      "armature_space": {
        "head": {
          "x": 0.6660736799240112,
          "y": -0.3867984116077423,
          "z": 0.3262959420681
        },
        "tail": {
