{
  "metadata": {
    "armature_name": "KIM_caucasian_male",
    "export_time": "2026-01-13T21:05:46.880591",
    "blender_version": "4.4.1",
    "bone_count": 56,
    "end_bone_count": 13,
    "spaces_included": [
      "LOCAL_CHANNELS",
      "ARMATURE_SPACE",
      "WORLD_SPACE"
    ],
    "note": "LOCAL matches Transform panel; replay pose via local.matrix_basis for best fidelity."
  },
  "bones": {
    "Root": {
      "name": "Root",
      "local": {
        "location": {
          "x": 0.0,
          "y": 0.0,
          "z": 0.0
        },
        "rotation_quaternion": {
          "w": 0.9995331764221191,
          "x": -0.005464707501232624,
          "y": 0.00077616679482162,
          "z": -0.030048711225390434
        },
        "scale": {
          "x": 1.0,
          "y": 1.0,
          "z": 1.0
        },
        "matrix_basis": [
          [
            0.9981929659843445,
            0.060060884803533554,
            0.0018800237448886037,
            0.0
          ],
          [
            -0.06007784977555275,
            0.998134434223175,
            0.010877666994929314,
            0.0
          ],
          [
            -0.001223194063641131,
            -0.01097095850855112,
            0.9999390840530396,
            0.0
          ],
          [
            0.0,
            0.0,
            0.0,
            1.0
          ]
        ],
        "rotation_mode": "QUATERNION"
      },
      "armature_space": {
        "head": {
          "x": 0.0,
          "y": 0.07072800397872925,
          "z": -0.009595036506652832
        },
        "tail": {
          "x": 0.004286897834390402,
          "y": 0.00023721158504486084,
          "z": 0.0007580593228340149
        }
      },
      "world_space": {
        "head": {
          "x": 0.0,
          "y": 0.13397200405597687,
          "z": 0.9402589797973633
        },
        "tail": {
          "x": 0.004286897834390402,
          "y": 0.06348121166229248,
          "z": 0.9506120681762695
        },
        "rotation_quaternion": {
          "w": 0.07278849184513092,
          "x": 0.996894359588623,
          "y": 0.030032731592655182,
          "z": -0.0012499158037826419
        },
        "matrix": [
          [
            0.9981929659843445,
            0.060060884803533554,
            0.0018800237448886037,
            0.0
          ],
          [
            0.05969696864485741,
            -0.9875997304916382,
            -0.1452004313468933,
            0.13397200405597687
          ],
          [
            -0.0068641467951238155,
            0.14505036175251007,
            -0.9894075393676758,
            0.9402589797973633
          ],
          [
            0.0,
            0.0,
            0.0,
            1.0
          ]
        ]
      },
      "bone_length_armature_space": 0.07137587832997366,
      "parent": null,
      "has_children": true,
      "is_end_bone": false
    },
    "spine_01": {
      "name": "spine_01",
      "local": {
        "location": {
          "x": 0.0,
          "y": 0.0,
          "z": 0.0
        },
        "rotation_quaternion": {
          "w": 0.9974954128265381,
          "x": -0.0037875373382121325,
          "y": 0.02833765372633934,
          "z": 0.06469690054655075
        },
        "scale": {
          "x": 1.0,
          "y": 1.0,
          "z": 1.0
        },
        "matrix_basis": [
          [
            0.990022599697113,
            -0.12928438186645508,
            0.05604327470064163,
            0.0
          ],
          [
            0.12885506451129913,
            0.9915999174118042,
            0.011222818866372108,
            0.0
          ],
          [
            -0.05702344328165054,
            -0.003889385610818863,
            0.9983652830123901,
            0.0
          ],
          [
            0.0,
            0.0,
            0.0,
            1.0
          ]
        ],
        "rotation_mode": "QUATERNION"
      },
      "armature_space": {
        "head": {
          "x": 0.004286897834390402,
          "y": 0.00023721158504486084,
          "z": 0.0007580593228340149
        },
        "tail": {
          "x": -0.05715343356132507,
          "y": 0.026312250643968582,
          "z": 0.4841768145561218
        }
      },
      "world_space": {
        "head": {
          "x": 0.004286897834390402,
          "y": 0.06348121166229248,
          "z": 0.9506120681762695
        },
        "tail": {
          "x": -0.05715343356132507,
          "y": 0.0895562469959259,
          "z": 1.4340307712554932
        },
        "rotation_quaternion": {
          "w": 0.7257514595985413,
          "x": 0.6825767159461975,
          "y": -0.0009275763295590878,
          "z": 0.08586668223142624
        },
        "matrix": [
          [
            0.9852520227432251,
            -0.125901997089386,
            0.11587563157081604,
            0.004286897834390402
          ],
          [
            0.12337031960487366,
            0.05343232303857803,
            -0.9909213185310364,
            0.06348121166229248
          ],
          [
            0.11856839060783386,
            0.9906097054481506,
            0.06817644834518433,
            0.9506120681762695
          ],
          [
            0.0,
            0.0,
            0.0,
            1.0
          ]
        ]
      },
      "bone_length_armature_space": 0.488004637151242,
      "parent": "Root",
      "has_children": true,
      "is_end_bone": false
    },
    "neck_01": {
      "name": "neck_01",
      "local": {
        "location": {
          "x": 0.0,
          "y": 0.0,
          "z": 0.0
        },
        "rotation_quaternion": {
          "w": 0.994373083114624,
          "x": 0.020992744714021683,
          "y": -0.0320887491106987,
          "z": -0.09875213354825974
        },
        "scale": {
          "x": 1.0,
          "y": 1.0,
          "z": 1.0
        },
        "matrix_basis": [
          [
            0.9784366488456726,
            0.19504566490650177,
            -0.06796253472566605,
            0.0
          ],
          [
            -0.19774018228054047,
            0.9796146154403687,
            -0.03541157394647598,
            0.0
          ],
          [
            0.05967022106051445,
            0.04808690398931503,
            0.9970592260360718,
            0.0
          ],
          [
            0.0,
            0.0,
            0.0,
            1.0
          ]
        ],
        "rotation_mode": "QUATERNION"
      },
      "armature_space": {
        "head": {
          "x": -0.062353167682886124,
          "y": -0.0041411034762859344,
          "z": 0.5590721368789673
        },
        "tail": {
          "x": -0.0491659976541996,
          "y": -0.03917049989104271,
          "z": 0.6545173525810242
        }
      },
      "world_space": {
        "head": {
          "x": -0.062353167682886124,
          "y": 0.059102896600961685,
          "z": 1.5089261531829834
        },
        "tail": {
          "x": -0.0491659976541996,
          "y": 0.02407350018620491,
          "z": 1.6043713092803955
        },
        "rotation_quaternion": {
          "w": 0.5683583617210388,
          "x": 0.8190480470657349,
          "y": 0.07828787714242935,
          "z": -0.0003389883495401591
        },
        "matrix": [
          [
            0.9877417087554932,
            0.12862855195999146,
            0.08843646198511124,
            -0.062353167682886124
          ],
          [
            0.12785831093788147,
            -0.34167909622192383,
            -0.9310790300369263,
            0.059102896600961685
          ],
          [
            -0.08954692631959915,
            0.9309788346290588,
            -0.3539402484893799,
            1.5089261531829834
          ],
          [
            0.0,
            0.0,
            0.0,
            1.0
          ]
        ]
      },
      "bone_length_armature_space": 0.10252194666213212,
      "parent": "spine_01",
      "has_children": true,
      "is_end_bone": false
    },
    "head": {
      "name": "head",
      "local": {
        "location": {
          "x": 0.0,
          "y": 0.0,
          "z": 0.0
        },
        "rotation_quaternion": {
          "w": 0.9818469285964966,
          "x": -0.10227638483047485,
          "y": -0.15692652761936188,
          "z": -0.02983643114566803
        },
        "scale": {
          "x": 1.0,
          "y": 1.0,
          "z": 1.0
        },
        "matrix_basis": [
          [
            0.948967695236206,
            0.09068937599658966,
            -0.3020525276660919,
            0.0
          ],
          [
            -0.02648986130952835,
            0.9772986769676208,
            0.21020376682281494,
            0.0
          ],
          [
            0.31425878405570984,
            -0.1914752572774887,
            0.9298272132873535,
            0.0
          ],
          [
            0.0,
            0.0,
            0.0,
            1.0
          ]
        ],
        "rotation_mode": "QUATERNION"
      },
      "armature_space": {
        "head": {
          "x": -0.049165990203619,
          "y": -0.03917062282562256,
          "z": 0.6545171737670898
        },
        "tail": {
          "x": -0.025770552456378937,
          "y": -0.005237378180027008,
          "z": 0.8040313720703125
        }
      },
      "world_space": {
        "head": {
          "x": -0.049165990203619,
          "y": 0.02407337725162506,
          "z": 1.604371190071106
        },
        "tail": {
          "x": -0.025770552456378937,
          "y": 0.05800662189722061,
          "z": 1.7538853883743286
        },
        "rotation_quaternion": {
          "w": 0.7804452776908875,
          "x": 0.6151580810546875,
          "y": -0.017419777810573578,
          "z": -0.1103743463754654
        },
        "matrix": [
          [
            0.9750279784202576,
            0.15085050463676453,
            -0.16298645734786987,
            -0.049165990203619
          ],
          [
            -0.19371502101421356,
            0.21879680454730988,
            -0.9563487768173218,
            0.02407337725162506
          ],
          [
            -0.10860569030046463,
            0.9640465378761292,
            0.24255570769309998,
            1.604371190071106
          ],
          [
            0.0,
            0.0,
            0.0,
            1.0
          ]
        ]
      },
      "bone_length_armature_space": 0.1550912840137291,
      "parent": "neck_01",
      "has_children": false,
      "is_end_bone": true
    },
    "upperarm_l": {
      "name": "upperarm_l",
      "local": {
        "location": {
          "x": 0.0,
          "y": 0.0,
          "z": 0.0
        },
        "rotation_quaternion": {
          "w": 0.9739314317703247,
          "x": -0.10324162989854813,
          "y": -0.1483292430639267,
          "z": -0.13710346817970276
        },
        "scale": {
          "x": 1.0,
          "y": 1.0,
          "z": 1.0
        },
        "matrix_basis": [
          [
            0.9184021353721619,
            0.29768624901771545,
            -0.26061543822288513,
            0.0
          ],
          [
            -0.23643125593662262,
            0.9410876035690308,
            0.24177344143390656,
            0.0
          ],
          [
            0.317234605550766,
            -0.16042762994766235,
            0.9346792101860046,
            0.0
          ],
          [
            0.0,
            0.0,
            0.0,
            1.0
          ]
        ],
        "rotation_mode": "QUATERNION"
      },
      "armature_space": {
        "head": {
          "x": 0.09426577389240265,
          "y": 0.0076132044196128845,
          "z": 0.5104981660842896
        },
        "tail": {
          "x": 0.3433046340942383,
          "y": 0.08799400925636292,
          "z": 0.4528246521949768
        }
      },
      "world_space": {
        "head": {
          "x": 0.09426577389240265,
          "y": 0.0708572044968605,
          "z": 1.4603521823883057
        },
        "tail": {
          "x": 0.3433046340942383,
          "y": 0.15123800933361053,
          "z": 1.4026787281036377
        },
        "rotation_quaternion": {
          "w": 0.6198081374168396,
          "x": 0.2659747004508972,
          "y": 0.5155777931213379,
          "z": -0.5284646153450012
        },
        "matrix": [
          [
            -0.09019197523593903,
            0.9293555021286011,
            0.3579998016357422,
            0.09426577389240265
          ],
          [
            -0.38083213567733765,
            0.29996258020401,
            -0.8746369481086731,
            0.0708572044968605
          ],
          [
            -0.92024165391922,
            -0.2152242511510849,
            0.32687559723854065,
            1.4603521823883057
          ],
          [
            0.0,
            0.0,
            0.0,
            1.0
          ]
        ]
      },
      "bone_length_armature_space": 0.2679695165354884,
      "parent": "spine_01",
      "has_children": true,
      "is_end_bone": false
    },
    "lowerarm_l": {
      "name": "lowerarm_l",
      "local": {
        "location": {
          "x": 0.0,
          "y": 0.0,
          "z": 0.0
        },
        "rotation_quaternion": {
          "w": 0.9750161170959473,
          "x": 0.18859215080738068,
          "y": 0.07652099430561066,
          "z": -0.08900091797113419
        },
        "scale": {
          "x": 1.0,
          "y": 1.0,
          "z": 1.0
        },
        "matrix_basis": [
          [
            0.9724467396736145,
            0.20241717994213104,
            0.11564865708351135,
            0.0
          ],
          [
            -0.14469213783740997,
            0.9130236506462097,
            -0.38138166069984436,
            0.0
          ],
          [
            -0.18278814852237701,
            0.35413989424705505,
            0.9171550869941711,
            0.0
          ],
          [
            0.0,
            0.0,
            0.0,
            1.0
          ]
        ],
        "rotation_mode": "QUATERNION"
      },
      "armature_space": {
        "head": {
          "x": 0.34330475330352783,
          "y": 0.0879940316081047,
          "z": 0.45282474160194397
        },
        "tail": {
          "x": 0.6041091680526733,
          "y": 0.03614262863993645,
          "z": 0.4234672486782074
        }
      },
      "world_space": {
        "head": {
          "x": 0.34330475330352783,
          "y": 0.15123802423477173,
          "z": 1.4026787281036377
        },
        "tail": {
          "x": 0.6041091680526733,
          "y": 0.09938663244247437,
          "z": 1.373321294784546
        },
        "rotation_quaternion": {
          "w": 0.502022385597229,
          "x": 0.4016658663749695,
          "y": 0.3886686861515045,
          "z": -0.6599808931350708
        },
        "matrix": [
          [
            -0.17327526211738586,
            0.9748803973197937,
            -0.13994169235229492,
            0.34330475330352783
          ],
          [
            -0.35042163729667664,
            -0.19381928443908691,
            -0.9163182973861694,
            0.15123802423477173
          ],
          [
            -0.9204306602478027,
            -0.1097375899553299,
            0.37520503997802734,
            1.4026787281036377
          ],
          [
            0.0,
            0.0,
            0.0,
            1.0
          ]
        ]
      },
      "bone_length_armature_space": 0.2675245288569155,
      "parent": "upperarm_l",
      "has_children": true,
      "is_end_bone": false
    },
    "metacarpal_thumb_l": {
      "name": "metacarpal_thumb_l",
      "local": {
        "location": {
          "x": 0.0,
          "y": 0.0,
          "z": 0.0
        },
        "rotation_quaternion": {
          "w": 0.9979337453842163,
          "x": -0.0633825734257698,
          "y": 0.0014065111754462123,
          "z": -0.010445349849760532
        },
        "scale": {
          "x": 1.0,
          "y": 1.0,
          "z": 1.0
        },
        "matrix_basis": [
          [
            0.9997778534889221,
            0.02066923677921295,
            0.0041313162073493,
            0.0
          ],
          [
            -0.021025830879807472,
            0.9917470812797546,
            0.1264738291501999,
            0.0
          ],
          [
            -0.0014831036096438766,
            -0.12653259932994843,
            0.9919613599777222,
            0.0
          ],
          [
            0.0,
            0.0,
            0.0,
            1.0
          ]
        ],
        "rotation_mode": "QUATERNION"
      },
      "armature_space": {
        "head": {
          "x": 0.6041091680526733,
          "y": 0.03614262863993645,
          "z": 0.4234672486782074
        },
        "tail": {
          "x": 0.6391106247901917,
          "y": 0.001273173838853836,
          "z": 0.4270172119140625
        }
      },
      "world_space": {
        "head": {
          "x": 0.6041091680526733,
          "y": 0.09938663244247437,
          "z": 1.373321294784546
        },
        "tail": {
          "x": 0.6391106247901917,
          "y": 0.06451717019081116,
          "z": 1.3768712282180786
        },
        "rotation_quaternion": {
          "w": 0.11680199205875397,
          "x": 0.9032490849494934,
          "y": 0.36657845973968506,
          "z": -0.19004926085472107
        },
        "matrix": [
          [
            0.6590027213096619,
            0.7066197991371155,
            -0.25768864154815674,
            0.6041091680526733
          ],
          [
            0.6178272366523743,
            -0.7039545774459839,
            -0.3503395617008209,
            0.09938663244247437
          ],
          [
            -0.4289604425430298,
            0.07166756689548492,
            -0.9004834294319153,
            1.373321294784546
          ],
          [
            0.0,
            0.0,
            0.0,
            1.0
          ]
        ]
      },
      "bone_length_armature_space": 0.04953365630686047,
      "parent": "lowerarm_l",
      "has_children": true,
      "is_end_bone": false
    },
    "thumb_01_l": {
      "name": "thumb_01_l",
      "local": {
        "location": {
          "x": 0.0,
          "y": 0.0,
          "z": 0.0
        },
        "rotation_quaternion": {
          "w": 0.9991587996482849,
          "x": -0.040266696363687515,
          "y": 0.004361099563539028,
          "z": 0.006430404260754585
        },
        "scale": {
          "x": 1.0,
          "y": 1.0,
          "z": 1.0
        },
        "matrix_basis": [
          [
            0.9998792409896851,
            -0.013201204128563404,
            0.008196999318897724,
            0.0
          ],
          [
            0.012498775497078896,
            0.9966744780540466,
            0.08052173256874084,
            0.0
          ],
          [
            -0.009232724085450172,
            -0.08040956407785416,
            0.9967191219329834,
            0.0
          ],
          [
            0.0,
            0.0,
            0.0,
            1.0
          ]
        ],
        "rotation_mode": "QUATERNION"
      },
      "armature_space": {
        "head": {
          "x": 0.6391106247901917,
          "y": 0.001273173838853836,
          "z": 0.4270172119140625
        },
        "tail": {
          "x": 0.6435451507568359,
          "y": -0.027141360566020012,
          "z": 0.4088078737258911
        }
      },
      "world_space": {
        "head": {
          "x": 0.6391106247901917,
          "y": 0.06451717019081116,
          "z": 1.3768712282180786
        },
        "tail": {
          "x": 0.6435451507568359,
          "y": 0.03610263764858246,
          "z": 1.3586618900299072
        },
        "rotation_quaternion": {
          "w": 0.2828199863433838,
          "x": -0.8752862215042114,
          "y": 0.051245808601379395,
          "z": -0.38892245292663574
        },
        "matrix": [
          [
            0.6922266483306885,
            0.1302795559167862,
            0.7098232507705688,
            0.6391106247901917
          ],
          [
            -0.30969908833503723,
            -0.8347744345664978,
            0.4552346467971802,
            0.06451717019081116
          ],
          [
            0.6518541574478149,
            -0.5349616408348083,
            -0.5375090837478638,
            1.3768712282180786
          ],
          [
            0.0,
            0.0,
            0.0,
            1.0
          ]
        ]
      },
      "bone_length_armature_space": 0.03403866615666695,
      "parent": "metacarpal_thumb_l",
      "has_children": true,
      "is_end_bone": false
    },
    "thumb_02_l": {
      "name": "thumb_02_l",
      "local": {
        "location": {
          "x": 0.0,
          "y": 0.0,
          "z": 0.0
        },
        "rotation_quaternion": {
          "w": 0.9983100891113281,
          "x": 0.05761457607150078,
          "y": 0.0062644220888614655,
          "z": -0.004288672469556332
        },
        "scale": {
          "x": 1.0,
          "y": 1.0,
          "z": 1.0
        },
        "matrix_basis": [
          [
            0.9998847246170044,
            0.009284693747758865,
            0.012013491243124008,
            0.0
          ],
          [
            -0.00784100592136383,
            0.993324339389801,
            -0.11508815735578537,
            0.0
          ],
          [
            -0.013001851737499237,
            0.11498069018125534,
            0.9932826161384583,
            0.0
          ],
          [
            0.0,
            0.0,
            0.0,
            1.0
          ]
        ],
        "rotation_mode": "QUATERNION"
      },
      "armature_space": {
        "head": {
          "x": 0.6435450911521912,
          "y": -0.027141356840729713,
          "z": 0.4088079035282135
        },
        "tail": {
          "x": 0.6822871565818787,
          "y": -0.03663396090269089,
          "z": 0.4041043817996979
        }
      },
      "world_space": {
        "head": {
          "x": 0.6435450911521912,
          "y": 0.036102645099163055,
          "z": 1.3586618900299072
        },
        "tail": {
          "x": 0.6822871565818787,
          "y": 0.026610039174556732,
          "z": 1.3539583683013916
        },
        "rotation_quaternion": {
          "w": 0.5483587384223938,
          "x": -0.44386789202690125,
          "y": -0.28483203053474426,
          "z": -0.6489644050598145
        },
        "matrix": [
          [
            -0.004566488787531853,
            0.964586615562439,
            0.26372575759887695,
            0.6435450911521912
          ],
          [
            -0.4588744044303894,
            -0.23634374141693115,
            0.8564907312393188,
            0.036102645099163055
          ],
          [
            0.8884952664375305,
            -0.11710704118013382,
            0.44370704889297485,
            1.3586618900299072
          ],
          [
            0.0,
            0.0,
            0.0,
            1.0
          ]
        ]
      },
      "bone_length_armature_space": 0.040164415644188295,
      "parent": "thumb_01_l",
      "has_children": true,
      "is_end_bone": false
    },
    "thumb_03_l": {
      "name": "thumb_03_l",
      "local": {
        "location": {
          "x": 0.0,
          "y": 0.0,
          "z": 0.0
        },
        "rotation_quaternion": {
          "w": 0.997044563293457,
          "x": 0.07670674473047256,
          "y": -0.002551426412537694,
          "z": -0.0034284996800124645
        },
        "scale": {
          "x": 1.0,
          "y": 1.0,
          "z": 1.0
        },
        "matrix_basis": [
          [
            0.9999634623527527,
            0.006445310544222593,
            -0.005613749846816063,
            0.0
          ],
          [
            -0.007228157017379999,
            0.9882086515426636,
            -0.15294259786605835,
            0.0
          ],
          [
            0.004561793524771929,
            0.1529775857925415,
            0.988219141960144,
            0.0
          ],
          [
            0.0,
            0.0,
            0.0,
            1.0
          ]
        ],
        "rotation_mode": "QUATERNION"
      },
      "armature_space": {
        "head": {
          "x": 0.6822870969772339,
          "y": -0.03663403168320656,
          "z": 0.4041043817996979
        },
        "tail": {
          "x": 0.7122675776481628,
          "y": -0.03134816884994507,
          "z": 0.40375757217407227
        }
      },
      "world_space": {
        "head": {
          "x": 0.6822870969772339,
          "y": 0.02660996839404106,
          "z": 1.3539583683013916
        },
        "tail": {
          "x": 0.7122675776481628,
          "y": 0.03189583122730255,
          "z": 1.3536115884780884
        },
        "rotation_quaternion": {
          "w": 0.7226117253303528,
          "x": -0.2203465849161148,
          "y": -0.2542513906955719,
          "z": -0.6038509011268616
        },
        "matrix": [
          [
            0.14143961668014526,
            0.984746515750885,
            -0.1013345718383789,
            0.6822870969772339
          ],
          [
            -0.7606527209281921,
            0.17362073063850403,
            0.6255108714103699,
            0.02660996839404106
          ],
          [
            0.6335670351982117,
            -0.01139172911643982,
            0.773612916469574,
            1.3539583683013916
          ],
          [
            0.0,
            0.0,
            0.0,
            1.0
          ]
        ]
      },
      "bone_length_armature_space": 0.030444865235333865,
      "parent": "thumb_02_l",
      "has_children": false,
      "is_end_bone": true
    },
    "metacarpal_index_l": {
      "name": "metacarpal_index_l",
      "local": {
        "location": {
          "x": 0.0,
          "y": 0.0,
          "z": 0.0
        },
        "rotation_quaternion": {
          "w": 0.9998127818107605,
          "x": 0.008878635242581367,
          "y": 0.011371759697794914,
          "z": -0.01289418339729309
        },
        "scale": {
          "x": 1.0,
          "y": 1.0,
          "z": 1.0
        },
        "matrix_basis": [
          [
            0.9994088411331177,
            0.025985470041632652,
            0.02251029573380947,
            0.0
          ],
          [
            -0.025581607595086098,
            0.9995098114013672,
            -0.018047204241156578,
            0.0
          ],
          [
            -0.022968227043747902,
            0.017460687085986137,
            0.9995837211608887,
            0.0
          ],
          [
            0.0,
            0.0,
            0.0,
            1.0
          ]
        ],
        "rotation_mode": "QUATERNION"
      },
      "armature_space": {
        "head": {
          "x": 0.6041091680526733,
          "y": 0.03614262863993645,
          "z": 0.4234672486782074
        },
        "tail": {
          "x": 0.7064575552940369,
          "y": -0.020349226891994476,
          "z": 0.41554880142211914
        }
      },
      "world_space": {
        "head": {
          "x": 0.6041091680526733,
          "y": 0.09938663244247437,
          "z": 1.373321294784546
        },
        "tail": {
          "x": 0.7064575552940369,
          "y": 0.04289477318525314,
          "z": 1.3654028177261353
        },
        "rotation_quaternion": {
          "w": 0.2188362330198288,
          "x": 0.7463064193725586,
          "y": 0.4593967795372009,
          "z": -0.42905959486961365
        },
        "matrix": [
          [
            0.20972371101379395,
            0.8734902143478394,
            -0.4393526017665863,
            0.6041091680526733
          ],
          [
            0.4979138970375061,
            -0.48212867975234985,
            -0.7208566069602966,
            0.09938663244247437
          ],
          [
            -0.8414908647537231,
            -0.06757989525794983,
            -0.5360410213470459,
            1.373321294784546
          ],
          [
            0.0,
            0.0,
            0.0,
            1.0
          ]
        ]
      },
      "bone_length_armature_space": 0.1171717704893151,
      "parent": "lowerarm_l",
      "has_children": true,
      "is_end_bone": false
    },
    "index_01_l": {
      "name": "index_01_l",
      "local": {
        "location": {
          "x": 0.0,
          "y": 0.0,
          "z": 0.0
        },
        "rotation_quaternion": {
          "w": 0.9892947673797607,
          "x": -0.14369352161884308,
          "y": -0.025256063789129257,
          "z": -0.00318638957105577
        },
        "scale": {
          "x": 1.0,
          "y": 1.0,
          "z": 1.0
        },
        "matrix_basis": [
          [
            0.9987039566040039,
            0.013562822714447975,
            -0.04905565828084946,
            0.0
          ],
          [
            0.0009537084260955453,
            0.9586840271949768,
            0.28447145223617554,
            0.0
          ],
          [
            0.05088711157441139,
            -0.28414955735206604,
            0.9574286341667175,
            0.0
          ],
          [
            0.0,
            0.0,
            0.0,
            1.0
          ]
        ],
        "rotation_mode": "QUATERNION"
      },
      "armature_space": {
        "head": {
          "x": 0.7064575552940369,
          "y": -0.020349226891994476,
          "z": 0.41554880142211914
        },
        "tail": {
          "x": 0.7347579598426819,
          "y": -0.01901063323020935,
          "z": 0.4123292863368988
        }
      },
      "world_space": {
        "head": {
          "x": 0.7064575552940369,
          "y": 0.04289477318525314,
          "z": 1.3654028177261353
        },
        "tail": {
          "x": 0.7347579598426819,
          "y": 0.04423336684703827,
          "z": 1.3621833324432373
        },
        "rotation_quaternion": {
          "w": 0.28471943736076355,
          "x": 0.5998387336730957,
          "y": 0.6651381850242615,
          "z": -0.34164267778396606
        },
        "matrix": [
          [
            -0.11825534701347351,
            0.9924958348274231,
            -0.031108230352401733,
            0.7064575552940369
          ],
          [
            0.6034070253372192,
            0.04694454371929169,
            -0.7960507869720459,
            0.04289477318525314
          ],
          [
            -0.7886213660240173,
            -0.11290888488292694,
            -0.60443514585495,
            1.3654028177261353
          ],
          [
            0.0,
            0.0,
            0.0,
            1.0
          ]
        ]
      },
      "bone_length_armature_space": 0.02851438267170892,
      "parent": "metacarpal_index_l",
      "has_children": true,
      "is_end_bone": false
    },
    "index_02_l": {
      "name": "index_02_l",
      "local": {
        "location": {
          "x": 0.0,
          "y": 0.0,
          "z": 0.0
        },
        "rotation_quaternion": {
          "w": 0.9981876015663147,
          "x": 0.05953763425350189,
          "y": 0.007974542677402496,
          "z": 0.0036332521121948957
        },
        "scale": {
          "x": 1.0,
          "y": 1.0,
          "z": 1.0
        },
        "matrix_basis": [
          [
            0.9998463988304138,
            -0.00630376348271966,
            0.016352809965610504,
            0.0
          ],
          [
            0.008202904835343361,
            0.9928841590881348,
            -0.11880151182413101,
            0.0
          ],
          [
            -0.015487548895180225,
            0.11891740560531616,
            0.9927833676338196,
            0.0
          ],
          [
            0.0,
            0.0,
            0.0,
            1.0
          ]
        ],
        "rotation_mode": "QUATERNION"
      },
      "armature_space": {
        "head": {
          "x": 0.7347583770751953,
          "y": -0.019011009484529495,
          "z": 0.41232922673225403
        },
        "tail": {
          "x": 0.7600076794624329,
          "y": -0.01926238089799881,
          "z": 0.40780168771743774
        }
      },
      "world_space": {
        "head": {
          "x": 0.7347583770751953,
          "y": 0.044232990592718124,
          "z": 1.3621832132339478
        },
        "tail": {
          "x": 0.7600076794624329,
          "y": 0.04398161917924881,
          "z": 1.3576557636260986
        },
        "rotation_quaternion": {
          "w": 0.27305683493614197,
          "x": 0.5959272980690002,
          "y": 0.648492157459259,
          "z": -0.3869994580745697
        },
        "matrix": [
          [
            -0.14061973989009857,
            0.984254002571106,
            -0.10709917545318604,
            0.7347583770751953
          ],
          [
            0.5615634918212891,
            -0.009798794984817505,
            -0.8273760676383972,
            0.044232990592718124
          ],
          [
            -0.8154023885726929,
            -0.17648954689502716,
            -0.5513476133346558,
            1.3621832132339478
          ],
          [
            0.0,
            0.0,
            0.0,
            1.0
          ]
        ]
      },
      "bone_length_armature_space": 0.02565324661188206,
      "parent": "index_01_l",
      "has_children": true,
      "is_end_bone": false
    },
    "index_03_l": {
      "name": "index_03_l",
      "local": {
        "location": {
          "x": 0.0,
          "y": 0.0,
          "z": 0.0
        },
        "rotation_quaternion": {
          "w": 0.9996768236160278,
          "x": 0.02524237334728241,
          "y": -0.002851951401680708,
          "z": -0.0010414868593215942
        },
        "scale": {
          "x": 1.0,
          "y": 1.0,
          "z": 1.0
        },
        "matrix_basis": [
          [
            0.9999815821647644,
            0.0019383204635232687,
            -0.005754638463258743,
            0.0
          ],
          [
            -0.002226280514150858,
            0.9987234473228455,
            -0.05046249181032181,
            0.0
          ],
          [
            0.005649480037391186,
            0.0504743717610836,
            0.9987093806266785,
            0.0
          ],
          [
            0.0,
            0.0,
            0.0,
            1.0
          ]
        ],
        "rotation_mode": "QUATERNION"
      },
      "armature_space": {
        "head": {
          "x": 0.7600076794624329,
          "y": -0.019262276589870453,
          "z": 0.4078018069267273
        },
        "tail": {
          "x": 0.7875316739082336,
          "y": -0.021304942667484283,
          "z": 0.39821070432662964
        }
      },
      "world_space": {
        "head": {
          "x": 0.7600076794624329,
          "y": 0.04398172348737717,
          "z": 1.3576557636260986
        },
        "tail": {
          "x": 0.7875316739082336,
          "y": 0.041939057409763336,
          "z": 1.348064661026001
        },
        "rotation_quaternion": {
          "w": 0.19146811962127686,
          "x": 0.5953184962272644,
          "y": 0.6545124650001526,
          "z": -0.42491087317466736
        },
        "matrix": [
          [
            -0.21786977350711823,
            0.9420003294944763,
            -0.25528064370155334,
            0.7600076794624329
          ],
          [
            0.6165745854377747,
            -0.06990960240364075,
            -0.7841868996620178,
            0.04398172348737717
          ],
          [
            -0.7565551996231079,
            -0.3282524049282074,
            -0.5655867457389832,
            1.3576557636260986
          ],
          [
            0.0,
            0.0,
            0.0,
            1.0
          ]
        ]
      },
      "bone_length_armature_space": 0.029218692561333453,
      "parent": "index_02_l",
      "has_children": false,
      "is_end_bone": true
    },
    "metacarpal_pinky_l": {
      "name": "metacarpal_pinky_l",
      "local": {
        "location": {
          "x": 0.0,
          "y": 0.0,
          "z": 0.0
        },
        "rotation_quaternion": {
          "w": 0.9989290833473206,
          "x": -0.04541657865047455,
          "y": 7.348746294155717e-05,
          "z": -0.008840752765536308
        },
        "scale": {
          "x": 1.0,
          "y": 1.0,
          "z": 1.0
        },
        "matrix_basis": [
          [
            0.9998436570167542,
            0.01765589416027069,
            0.0009498510044068098,
            0.0
          ],
          [
            -0.01766924560070038,
            0.9957183599472046,
            0.0907345861196518,
            0.0
          ],
          [
            0.0006562159396708012,
            -0.09073717892169952,
            0.9958746433258057,
            0.0
          ],
          [
            0.0,
            0.0,
            0.0,
            1.0
          ]
        ],
        "rotation_mode": "QUATERNION"
      },
      "armature_space": {
        "head": {
          "x": 0.6041091680526733,
          "y": 0.03614262863993645,
          "z": 0.4234672486782074
        },
        "tail": {
          "x": 0.7028881311416626,
          "y": 0.043000753968954086,
          "z": 0.39123502373695374
        }
      },
      "world_space": {
        "head": {
          "x": 0.6041091680526733,
          "y": 0.09938663244247437,
          "z": 1.373321294784546
        },
        "tail": {
          "x": 0.7028881311416626,
          "y": 0.106244757771492,
          "z": 1.3410890102386475
        },
        "rotation_quaternion": {
          "w": 0.7256033420562744,
          "x": -0.13935288786888123,
          "y": 0.0801892802119255,
          "z": -0.6690666675567627
        },
        "matrix": [
          [
            0.09183816611766815,
            0.9486047625541687,
            0.30284422636032104,
            0.6041091680526733
          ],
          [
            -0.993303656578064,
            0.06586071848869324,
            0.09492442011833191,
            0.09938663244247437
          ],
          [
            0.07009994983673096,
            -0.309535950422287,
            0.9483075141906738,
            1.373321294784546
          ],
          [
            0.0,
            0.0,
            0.0,
            1.0
          ]
        ]
      },
      "bone_length_armature_space": 0.10413084710188138,
      "parent": "lowerarm_l",
      "has_children": true,
      "is_end_bone": false
    },
    "pinky_01_l": {
      "name": "pinky_01_l",
      "local": {
        "location": {
          "x": 0.0,
          "y": 0.0,
          "z": 0.0
        },
        "rotation_quaternion": {
          "w": 0.9598451852798462,
          "x": 0.2799314260482788,
          "y": 0.014224368147552013,
          "z": 0.011552965268492699
        },
        "scale": {
          "x": 1.0,
          "y": 1.0,
          "z": 1.0
        },
        "matrix_basis": [
          [
            0.9993283748626709,
            -0.014214420691132545,
            0.03377445787191391,
            0.0
          ],
          [
            0.030141811817884445,
            0.8430098295211792,
            -0.5370529890060425,
            0.0
          ],
          [
            -0.020838307216763496,
            0.5377103090286255,
            0.842872142791748,
            0.0
          ],
          [
            0.0,
            0.0,
            0.0,
            1.0
          ]
        ],
        "rotation_mode": "QUATERNION"
      },
      "armature_space": {
        "head": {
          "x": 0.7028881311416626,
          "y": 0.043000753968954086,
          "z": 0.39123502373695374
        },
        "tail": {
