{
  "metadata": {
    "armature_name": "KIM_caucasian_male",
    "export_time": "2026-01-13T21:01:03.057722",
    "blender_version": "4.4.1",
    "bone_count": 56,
    "end_bone_count": 13,
    "spaces_included": [
      "LOCAL_CHANNELS",
      "ARMATURE_SPACE",
      "WORLD_SPACE"
    ],
    "note": "LOCAL matches Transform panel; replay pose via local.matrix_basis for best fidelity."
  },
  "bones": {
    "Root": {
      "name": "Root",
      "local": {
        "location": {
          "x": 0.0,
          "y": 0.0,
          "z": 0.0
        },
        "rotation_quaternion": {
          "w": 0.9996477365493774,
          "x": 0.0044393595308065414,
          "y": 0.017507895827293396,
          "z": -0.01944620907306671
        },
        "scale": {
          "x": 1.0,
          "y": 1.0,
          "z": 1.0
        },
        "matrix_basis": [
          [
            0.9986306428909302,
            0.0390341654419899,
            0.03483080118894577,
            0.0
          ],
          [
            -0.03872327134013176,
            0.9992042779922485,
            -0.009556516073644161,
            0.0
          ],
          [
            -0.0351761132478714,
            0.008194667287170887,
            0.9993475079536438,
            0.0
          ],
          [
            0.0,
            0.0,
            0.0,
            1.0
          ]
        ],
        "rotation_mode": "QUATERNION"
      },
      "armature_space": {
        "head": {
          "x": 0.0,
          "y": 0.07072800397872925,
          "z": -0.009595036506652832
        },
        "tail": {
          "x": 0.0027860975824296474,
          "y": -2.234429121017456e-05,
          "z": -0.0005872324109077454
        }
      },
      "world_space": {
        "head": {
          "x": 0.0,
          "y": 0.13397200405597687,
          "z": 0.9402589797973633
        },
        "tail": {
          "x": 0.0027860975824296474,
          "y": 0.06322165578603745,
          "z": 0.949266791343689
        },
        "rotation_quaternion": {
          "w": 0.0629146546125412,
          "x": 0.9976758360862732,
          "y": 0.020581500604748726,
          "z": 0.016158074140548706
        },
        "matrix": [
          [
            0.9986306428909302,
            0.0390341654419899,
            0.03483080118894577,
            0.0
          ],
          [
            0.043100498616695404,
            -0.9912362694740295,
            -0.12487220764160156,
            0.13397200405597687
          ],
          [
            0.029651515185832977,
            0.12620237469673157,
            -0.9915682673454285,
            0.9402589797973633
          ],
          [
            0.0,
            0.0,
            0.0,
            1.0
          ]
        ]
      },
      "bone_length_armature_space": 0.07137586739068606,
      "parent": null,
      "has_children": true,
      "is_end_bone": false
    },
    "spine_01": {
      "name": "spine_01",
      "local": {
        "location": {
          "x": 0.0,
          "y": 0.0,
          "z": 0.0
        },
        "rotation_quaternion": {
          "w": 0.9985547065734863,
          "x": -0.04786486551165581,
          "y": 0.024405930191278458,
          "z": -0.001370937330648303
        },
        "scale": {
          "x": 1.0,
          "y": 1.0,
          "z": 1.0
        },
        "matrix_basis": [
          [
            0.9988049268722534,
            0.0004015387094113976,
            0.04887255281209946,
            0.0
          ],
          [
            -0.0050742849707603455,
            0.995414137840271,
            0.09552445262670517,
            0.0
          ],
          [
            -0.04861007258296013,
            -0.09565829485654831,
            0.9942266345024109,
            0.0
          ],
          [
            0.0,
            0.0,
            0.0,
            1.0
          ]
        ],
        "rotation_mode": "QUATERNION"
      },
      "armature_space": {
        "head": {
          "x": 0.0027860975824296474,
          "y": -2.234429121017456e-05,
          "z": -0.0005872324109077454
        },
        "tail": {
          "x": -0.014162277802824974,
          "y": 0.06465736776590347,
          "z": 0.48281508684158325
        }
      },
      "world_space": {
        "head": {
          "x": 0.0027860975824296474,
          "y": 0.06322165578603745,
          "z": 0.949266791343689
        },
        "tail": {
          "x": -0.014162277802824974,
          "y": 0.1279013752937317,
          "z": 1.4326691627502441
        },
        "rotation_quaternion": {
          "w": 0.7522003054618835,
          "x": 0.6572466492652893,
          "y": 0.021552463993430138,
          "z": 0.04191751405596733
        },
        "matrix": [
          [
            0.9955567717552185,
            -0.03473019227385521,
            0.08752404153347015,
            0.0027860975824296474
          ],
          [
            0.09139151871204376,
            0.13254006206989288,
            -0.9869554042816162,
            0.06322165578603745
          ],
          [
            0.022676946595311165,
            0.9905760288238525,
            0.13512523472309113,
            0.949266791343689
          ],
          [
            0.0,
            0.0,
            0.0,
            1.0
          ]
        ]
      },
      "bone_length_armature_space": 0.4880046128485811,
      "parent": "Root",
      "has_children": true,
      "is_end_bone": false
    },
    "neck_01": {
      "name": "neck_01",
      "local": {
        "location": {
          "x": 0.0,
          "y": 0.0,
          "z": 0.0
        },
        "rotation_quaternion": {
          "w": 0.9872677326202393,
          "x": -0.06839001178741455,
          "y": 0.08748777210712433,
          "z": 0.11389143019914627
        },
        "scale": {
          "x": 1.0,
          "y": 1.0,
          "z": 1.0
        },
        "matrix_basis": [
          [
            0.9587492346763611,
            -0.23684924840927124,
            0.1571696400642395,
            0.0
          ],
          [
            0.21291609108448029,
            0.9647030830383301,
            0.15496671199798584,
            0.0
          ],
          [
            -0.18832577764987946,
            -0.11511028558015823,
            0.9753373861312866,
            0.0
          ],
          [
            0.0,
            0.0,
            0.0,
            1.0
          ]
        ],
        "rotation_mode": "QUATERNION"
      },
      "armature_space": {
        "head": {
          "x": -0.013669798150658607,
          "y": 0.040133699774742126,
          "z": 0.5600297451019287
        },
        "tail": {
          "x": -0.03882746025919914,
          "y": 0.02436816319823265,
          "z": 0.6581587195396423
        }
      },
      "world_space": {
        "head": {
          "x": -0.013669798150658607,
          "y": 0.10337769985198975,
          "z": 1.5098837614059448
        },
        "tail": {
          "x": -0.03882746025919914,
          "y": 0.08761216700077057,
          "z": 1.6080126762390137
        },
        "rotation_quaternion": {
          "w": 0.6503815650939941,
          "x": 0.7387445569038391,
          "y": -0.010713507421314716,
          "z": 0.1764814257621765
        },
        "matrix": [
          [
            0.9374793767929077,
            -0.24538952112197876,
            0.2468121200799942,
            -0.013669798150658607
          ],
          [
            0.21372991800308228,
            -0.1537781059741974,
            -0.9647135734558105,
            0.10337769985198975
          ],
          [
            0.27468693256378174,
            0.9571565389633179,
            -0.09171824157238007,
            1.5098837614059448
          ],
          [
            0.0,
            0.0,
            0.0,
            1.0
          ]
        ]
      },
      "bone_length_armature_space": 0.10252197483712167,
      "parent": "spine_01",
      "has_children": true,
      "is_end_bone": false
    },
    "head": {
      "name": "head",
      "local": {
        "location": {
          "x": 0.0,
          "y": 0.0,
          "z": 0.0
        },
        "rotation_quaternion": {
          "w": 0.9861407279968262,
          "x": 0.018598660826683044,
          "y": 0.08390048146247864,
          "z": -0.14192044734954834
        },
        "scale": {
          "x": 1.0,
          "y": 1.0,
          "z": 1.0
        },
        "matrix_basis": [
          [
            0.9456385970115662,
            0.2830279469490051,
            0.16019630432128906,
            0.0
          ],
          [
            -0.276786208152771,
            0.9590253233909607,
            -0.06049618124961853,
            0.0
          ],
          [
            -0.17075441777706146,
            0.012867406010627747,
            0.9852296113967896,
            0.0
          ],
          [
            0.0,
            0.0,
            0.0,
            1.0
          ]
        ],
        "rotation_mode": "QUATERNION"
      },
      "armature_space": {
        "head": {
          "x": -0.038827404379844666,
          "y": 0.024368025362491608,
          "z": 0.6581586599349976
        },
        "tail": {
          "x": -0.04477887228131294,
          "y": 0.06224697083234787,
          "z": 0.808435320854187
        }
      },
      "world_space": {
        "head": {
          "x": -0.038827404379844666,
          "y": 0.08761202543973923,
          "z": 1.6080126762390137
        },
        "tail": {
          "x": -0.04477887228131294,
          "y": 0.1254909634590149,
          "z": 1.7582893371582031
        },
        "rotation_quaternion": {
          "w": 0.7809537053108215,
          "x": 0.6047605276107788,
          "y": 0.1105901226401329,
          "z": 0.11020829528570175
        },
        "matrix": [
          [
            0.9512478709220886,
            -0.038374241441488266,
            0.30603086948394775,
            -0.038827404379844666
          ],
          [
            0.3058963418006897,
            0.24423813819885254,
            -0.9202041625976562,
            0.08761202543973923
          ],
          [
            -0.039432357996702194,
            0.9689627289772034,
            0.244070366024971,
            1.6080126762390137
          ],
          [
            0.0,
            0.0,
            0.0,
            1.0
          ]
        ]
      },
      "bone_length_armature_space": 0.1550912936662911,
      "parent": "neck_01",
      "has_children": false,
      "is_end_bone": true
    },
    "upperarm_l": {
      "name": "upperarm_l",
      "local": {
        "location": {
          "x": 0.0,
          "y": 0.0,
          "z": 0.0
        },
        "rotation_quaternion": {
          "w": 0.8785666823387146,
          "x": 0.45588022470474243,
          "y": -0.026349244639277458,
          "z": -0.13999833166599274
        },
        "scale": {
          "x": 1.0,
          "y": 1.0,
          "z": 1.0
        },
        "matrix_basis": [
          [
            0.9594123959541321,
            0.2219715416431427,
            -0.17394408583641052,
            0.0
          ],
          [
            -0.2700199484825134,
            0.5451473593711853,
            -0.7936646342277527,
            0.0
          ],
          [
            -0.0813458040356636,
            0.8084200620651245,
            0.5829578638076782,
            0.0
          ],
          [
            0.0,
            0.0,
            0.0,
            1.0
          ]
        ],
        "rotation_mode": "QUATERNION"
      },
      "armature_space": {
        "head": {
          "x": 0.13827699422836304,
          "y": 0.041787177324295044,
          "z": 0.4972878396511078
        },
        "tail": {
          "x": 0.3112129867076874,
          "y": -0.1597835123538971,
          "z": 0.46164998412132263
        }
      },
      "world_space": {
        "head": {
          "x": 0.13827699422836304,
          "y": 0.10503117740154266,
          "z": 1.4471418857574463
        },
        "tail": {
          "x": 0.3112129867076874,
          "y": -0.09653951227664948,
          "z": 1.4115040302276611
        },
        "rotation_quaternion": {
          "w": 0.2346760779619217,
          "x": 0.55729740858078,
          "y": 0.2623351812362671,
          "z": -0.7520152926445007
        },
        "matrix": [
          [
            -0.26869356632232666,
            0.6453571915626526,
            -0.7150648832321167,
            0.13827699422836304
          ],
          [
            -0.060563601553440094,
            -0.7522152662277222,
            -0.656128466129303,
            0.10503117740154266
          ],
          [
            -0.9613265991210938,
            -0.1329922378063202,
            0.24120166897773743,
            1.4471418857574463
          ],
          [
            0.0,
            0.0,
            0.0,
            1.0
          ]
        ]
      },
      "bone_length_armature_space": 0.26796950828122434,
      "parent": "spine_01",
      "has_children": true,
      "is_end_bone": false
    },
    "lowerarm_l": {
      "name": "lowerarm_l",
      "local": {
        "location": {
          "x": 0.0,
          "y": 0.0,
          "z": 0.0
        },
        "rotation_quaternion": {
          "w": 0.8605710864067078,
          "x": 0.44022226333618164,
          "y": 0.14590932428836823,
          "z": -0.2105526626110077
        },
        "scale": {
          "x": 1.0,
          "y": 1.0,
          "z": 1.0
        },
        "matrix_basis": [
          [
            0.868756115436554,
            0.4908561408519745,
            0.06575075536966324,
            0.0
          ],
          [
            -0.23392599821090698,
            0.5237438678741455,
            -0.8191282749176025,
            0.0
          ],
          [
            -0.4365106225013733,
            0.6962419152259827,
            0.5698296427726746,
            0.0
          ],
          [
            0.0,
            0.0,
            0.0,
            1.0
          ]
        ],
        "rotation_mode": "QUATERNION"
      },
      "armature_space": {
        "head": {
          "x": 0.31121304631233215,
          "y": -0.15978361666202545,
          "z": 0.4616500735282898
        },
        "tail": {
          "x": 0.20907790958881378,
          "y": -0.40097174048423767,
          "z": 0.4071877896785736
        }
      },
      "world_space": {
        "head": {
          "x": 0.31121304631233215,
          "y": -0.09653961658477783,
          "z": 1.4115040302276611
        },
        "tail": {
          "x": 0.20907790958881378,
          "y": -0.33772772550582886,
          "z": 1.357041835784912
        },
        "rotation_quaternion": {
          "w": 0.21651655435562134,
          "x": -0.6354483962059021,
          "y": 0.048401158303022385,
          "z": 0.7395831346511841
        },
        "matrix": [
          [
            -0.09865143895149231,
            -0.38177865743637085,
            -0.9189738035202026,
            0.31121304631233215
          ],
          [
            0.2587510347366333,
            -0.9015553593635559,
            0.3467653691768646,
            -0.09653961658477783
          ],
          [
            -0.9608997702598572,
            -0.20357871055603027,
            0.1877269446849823,
            1.4115040302276611
          ],
          [
            0.0,
            0.0,
            0.0,
            1.0
          ]
        ]
      },
      "bone_length_armature_space": 0.2675246495043224,
      "parent": "upperarm_l",
      "has_children": true,
      "is_end_bone": false
    },
    "metacarpal_thumb_l": {
      "name": "metacarpal_thumb_l",
      "local": {
        "location": {
          "x": 0.0,
          "y": 0.0,
          "z": 0.0
        },
        "rotation_quaternion": {
          "w": 0.9995987415313721,
          "x": -0.026778727769851685,
          "y": 0.0033389125019311905,
          "z": 0.008606037124991417
        },
        "scale": {
          "x": 1.0,
          "y": 1.0,
          "z": 1.0
        },
        "matrix_basis": [
          [
            0.9998295903205872,
            -0.017383990809321404,
            0.006214227993041277,
            0.0
          ],
          [
            0.017026344314217567,
            0.9984176754951477,
            0.053593434393405914,
            0.0
          ],
          [
            -0.00713606271892786,
            -0.05347849428653717,
            0.9985435009002686,
            0.0
          ],
          [
            0.0,
            0.0,
            0.0,
            1.0
          ]
        ],
        "rotation_mode": "QUATERNION"
      },
      "armature_space": {
        "head": {
          "x": 0.20907790958881378,
          "y": -0.40097174048423767,
          "z": 0.4071877896785736
        },
        "tail": {
          "x": 0.16608525812625885,
          "y": -0.4240821897983551,
          "z": 0.3987542986869812
        }
      },
      "world_space": {
        "head": {
          "x": 0.20907790958881378,
          "y": -0.33772772550582886,
          "z": 1.357041835784912
        },
        "tail": {
          "x": 0.16608525812625885,
          "y": -0.3608381748199463,
          "z": 1.3486082553863525
        },
        "rotation_quaternion": {
          "w": 0.16041678190231323,
          "x": -0.8499385118484497,
          "y": 0.49090325832366943,
          "z": 0.10433149337768555
        },
        "matrix": [
          [
            0.49625763297080994,
            -0.8679481148719788,
            -0.019850904121994972,
            0.20907790958881378
          ],
          [
            -0.8010027408599854,
            -0.46656039357185364,
            0.37512171268463135,
            -0.33772772550582886
          ],
          [
            -0.33485087752342224,
            -0.17025791108608246,
            -0.9267691373825073,
            1.357041835784912
          ],
          [
            0.0,
            0.0,
            0.0,
            1.0
          ]
        ]
      },
      "bone_length_armature_space": 0.04953367294205607,
      "parent": "lowerarm_l",
      "has_children": true,
      "is_end_bone": false
    },
    "thumb_01_l": {
      "name": "thumb_01_l",
      "local": {
        "location": {
          "x": 0.0,
          "y": 0.0,
          "z": 0.0
        },
        "rotation_quaternion": {
          "w": 0.9595494866371155,
          "x": 0.2814114987850189,
          "y": 0.00105875579174608,
          "z": 0.008451697416603565
        },
        "scale": {
          "x": 1.0,
          "y": 1.0,
          "z": 1.0
        },
        "matrix_basis": [
          [
            0.9998549222946167,
            -0.015623752027750015,
            0.0067886668257415295,
            0.0
          ],
          [
            0.016815535724163055,
            0.8414722681045532,
            -0.5400386452674866,
            0.0
          ],
          [
            0.002724952530115843,
            0.5400744080543518,
            0.8416128754615784,
            0.0
          ],
          [
            0.0,
            0.0,
            0.0,
            1.0
          ]
        ],
        "rotation_mode": "QUATERNION"
      },
      "armature_space": {
        "head": {
          "x": 0.16608525812625885,
          "y": -0.4240821897983551,
          "z": 0.3987542986869812
        },
        "tail": {
          "x": 0.15556059777736664,
          "y": -0.436574250459671,
          "z": 0.3688909709453583
        }
      },
      "world_space": {
        "head": {
          "x": 0.16608525812625885,
          "y": -0.3608381748199463,
          "z": 1.3486082553863525
        },
        "tail": {
          "x": 0.15556059777736664,
          "y": -0.3733302354812622,
          "z": 1.3187450170516968
        },
        "rotation_quaternion": {
          "w": 0.09960565716028214,
          "x": -0.40851205587387085,
          "y": 0.553697407245636,
          "z": -0.7187598943710327
        },
        "matrix": [
          [
            -0.6463946104049683,
            -0.3091980218887329,
            0.6975460052490234,
            0.16608525812625885
          ],
          [
            -0.5955675840377808,
            -0.3669974207878113,
            -0.7145716547966003,
            -0.3608381748199463
          ],
          [
            0.4769444167613983,
            -0.8773373961448669,
            0.05307656526565552,
            1.3486082553863525
          ],
          [
            0.0,
            0.0,
            0.0,
            1.0
          ]
        ]
      },
      "bone_length_armature_space": 0.034038777443026504,
      "parent": "metacarpal_thumb_l",
      "has_children": true,
      "is_end_bone": false
    },
    "thumb_02_l": {
      "name": "thumb_02_l",
      "local": {
        "location": {
          "x": 0.0,
          "y": 0.0,
          "z": 0.0
        },
        "rotation_quaternion": {
          "w": 0.9009872674942017,
          "x": 0.4337223768234253,
          "y": -0.0037654382176697254,
          "z": -0.009627490304410458
        },
        "scale": {
          "x": 1.0,
          "y": 1.0,
          "z": 1.0
        },
        "matrix_basis": [
          [
            0.9997862577438354,
            0.014082183130085468,
            -0.015136539936065674,
            0.0
          ],
          [
            -0.020614802837371826,
            0.6235844492912292,
            -0.7814841866493225,
            0.0
          ],
          [
            -0.0015660921344533563,
            0.781629204750061,
            0.6237414479255676,
            0.0
          ],
          [
            0.0,
            0.0,
            0.0,
            1.0
          ]
        ],
        "rotation_mode": "QUATERNION"
      },
      "armature_space": {
        "head": {
          "x": 0.15556059777736664,
          "y": -0.43657419085502625,
          "z": 0.3688909709453583
        },
        "tail": {
          "x": 0.1636217087507248,
          "y": -0.46571430563926697,
          "z": 0.3953307271003723
        }
      },
      "world_space": {
        "head": {
          "x": 0.15556059777736664,
          "y": -0.37333017587661743,
          "z": 1.3187450170516968
        },
        "tail": {
          "x": 0.1636217087507248,
          "y": -0.40247029066085815,
          "z": 1.3451848030090332
        },
        "rotation_quaternion": {
          "w": 0.025016188621520996,
          "x": -0.21026965975761414,
          "y": -0.3696132302284241,
          "z": -0.904735803604126
        },
        "matrix": [
          [
            -0.9103219509124756,
            0.2007029950618744,
            0.3619837760925293,
            0.15556059777736664
          ],
          [
            0.1101703867316246,
            -0.7255207300186157,
            0.6793251633644104,
            -0.37333017587661743
          ],
          [
            0.3989720940589905,
            0.6582883596420288,
            0.638350784778595,
            1.3187450170516968
          ],
          [
            0.0,
            0.0,
            0.0,
            1.0
          ]
        ]
      },
      "bone_length_armature_space": 0.04016451754336697,
      "parent": "thumb_01_l",
      "has_children": true,
      "is_end_bone": false
    },
    "thumb_03_l": {
      "name": "thumb_03_l",
      "local": {
        "location": {
          "x": 0.0,
          "y": 0.0,
          "z": 0.0
        },
        "rotation_quaternion": {
          "w": 0.9886408448219299,
          "x": 0.14999936521053314,
          "y": 0.008300122804939747,
          "z": 0.004537775181233883
        },
        "scale": {
          "x": 1.0,
          "y": 1.0,
          "z": 1.0
        },
        "matrix_basis": [
          [
            0.9998210072517395,
            -0.006482433527708054,
            0.017773007974028587,
            0.0
          ],
          [
            0.01146248634904623,
            0.9549592137336731,
            -0.29651567339897156,
            0.0
          ],
          [
            -0.015050354413688183,
            0.29666632413864136,
            0.9548625946044922,
            0.0
          ],
          [
            0.0,
            0.0,
            0.0,
            1.0
          ]
        ],
        "rotation_mode": "QUATERNION"
      },
      "armature_space": {
        "head": {
          "x": 0.16362161934375763,
          "y": -0.4657142758369446,
          "z": 0.3953306972980499
        },
        "tail": {
          "x": 0.17587879300117493,
          "y": -0.4736655354499817,
          "z": 0.42204099893569946
        }
      },
      "world_space": {
        "head": {
          "x": 0.16362161934375763,
          "y": -0.40247029066085815,
          "z": 1.3451846837997437
        },
        "tail": {
          "x": 0.17587879300117493,
          "y": -0.41042155027389526,
          "z": 1.3718950748443604
        },
        "rotation_quaternion": {
          "w": 0.22982735931873322,
          "x": -0.03369789943099022,
          "y": -0.5626674890518188,
          "z": -0.7933784127235413
        },
        "matrix": [
          [
            -0.8920870423316956,
            0.40260183811187744,
            -0.20516423881053925,
            0.16362161934375763
          ],
          [
            -0.32676053047180176,
            -0.26116883754730225,
            0.9083056449890137,
            -0.40247029066085815
          ],
          [
            0.3121047914028168,
            0.8773329854011536,
            0.36454296112060547,
            1.3451846837997437
          ],
          [
            0.0,
            0.0,
            0.0,
            1.0
          ]
        ]
      },
      "bone_length_armature_space": 0.030445050123735152,
      "parent": "thumb_02_l",
      "has_children": false,
      "is_end_bone": true
    },
    "metacarpal_index_l": {
      "name": "metacarpal_index_l",
      "local": {
        "location": {
          "x": 0.0,
          "y": 0.0,
          "z": 0.0
        },
        "rotation_quaternion": {
          "w": 0.9976396560668945,
          "x": -0.06717700511217117,
          "y": 0.010545511730015278,
          "z": 0.009557999670505524
        },
        "scale": {
          "x": 1.0,
          "y": 1.0,
          "z": 1.0
        },
        "matrix_basis": [
          [
            0.9995948672294617,
            -0.0204877108335495,
            0.019757086411118507,
            0.0
          ],
          [
            0.017654046416282654,
            0.9907917976379395,
            0.13423848152160645,
            0.0
          ],
          [
            -0.02232539653778076,
            -0.1338353008031845,
            0.990752100944519,
            0.0
          ],
          [
            0.0,
            0.0,
            0.0,
            1.0
          ]
        ],
        "rotation_mode": "QUATERNION"
      },
      "armature_space": {
        "head": {
          "x": 0.20907790958881378,
          "y": -0.40097174048423767,
          "z": 0.4071877896785736
        },
        "tail": {
          "x": 0.1402052640914917,
          "y": -0.49526339769363403,
          "z": 0.39744794368743896
        }
      },
      "world_space": {
        "head": {
          "x": 0.20907790958881378,
          "y": -0.33772772550582886,
          "z": 1.357041835784912
        },
        "tail": {
          "x": 0.1402052640914917,
          "y": -0.4320194125175476,
          "z": 1.347301959991455
        },
        "rotation_quaternion": {
          "w": 0.16236169636249542,
          "x": -0.872739315032959,
          "y": 0.266970694065094,
          "z": 0.37508881092071533
        },
        "matrix": [
          [
            0.5760700702667236,
            -0.5877922773361206,
            -0.5680170655250549,
            0.20907790958881378
          ],
          [
            -0.3441922962665558,
            -0.8047304153442383,
            0.48367446660995483,
            -0.33772772550582886
          ],
          [
            -0.7414061427116394,
            -0.0831245556473732,
            -0.6658989191055298,
            1.357041835784912
          ],
          [
            0.0,
            0.0,
            0.0,
            1.0
          ]
        ]
      },
      "bone_length_armature_space": 0.11717176564578748,
      "parent": "lowerarm_l",
      "has_children": true,
      "is_end_bone": false
    },
    "index_01_l": {
      "name": "index_01_l",
      "local": {
        "location": {
          "x": 0.0,
          "y": 0.0,
          "z": 0.0
        },
        "rotation_quaternion": {
          "w": 0.9484994411468506,
          "x": 0.3162488341331482,
          "y": 0.017253218218684196,
          "z": 0.006159899290651083
        },
        "scale": {
          "x": 1.0,
          "y": 1.0,
          "z": 1.0
        },
        "matrix_basis": [
          [
            0.9993287920951843,
            -0.0007727017509751022,
            0.0366254560649395,
            0.0
          ],
          [
            0.022597942501306534,
            0.7998974323272705,
            -0.5997111201286316,
            0.0
          ],
          [
            -0.028833214193582535,
            0.6001362204551697,
            0.799377977848053,
            0.0
          ],
          [
            0.0,
            0.0,
            0.0,
            1.0
          ]
        ],
        "rotation_mode": "QUATERNION"
      },
      "armature_space": {
        "head": {
          "x": 0.1402052640914917,
          "y": -0.49526339769363403,
          "z": 0.39744794368743896
        },
        "tail": {
          "x": 0.12367528676986694,
          "y": -0.5102885961532593,
          "z": 0.37972572445869446
        }
      },
      "world_space": {
        "head": {
          "x": 0.1402052640914917,
          "y": -0.4320194125175476,
          "z": 1.347301959991455
        },
        "tail": {
          "x": 0.12367528676986694,
          "y": -0.44704461097717285,
          "z": 1.3295797109603882
        },
        "rotation_quaternion": {
          "w": 0.443734735250473,
          "x": -0.8269361853599548,
          "y": 0.1990799903869629,
          "z": 0.2822113633155823
        },
        "matrix": [
          [
            0.7614482045173645,
            -0.5797070264816284,
            -0.29006290435791016,
            0.1402052640914917
          ],
          [
            -0.07880105823278427,
            -0.5269340872764587,
            0.8462454080581665,
            -0.4320194125175476
          ],
          [
            -0.6434229612350464,
            -0.6215193867683411,
            -0.4469168186187744,
            1.347301959991455
          ],
          [
            0.0,
            0.0,
            0.0,
            1.0
          ]
        ]
      },
      "bone_length_armature_space": 0.028514448692362013,
      "parent": "metacarpal_index_l",
      "has_children": true,
      "is_end_bone": false
    },
    "index_02_l": {
      "name": "index_02_l",
      "local": {
        "location": {
          "x": 0.0,
          "y": 0.0,
          "z": 0.0
        },
        "rotation_quaternion": {
          "w": 0.9065905809402466,
          "x": 0.4219403862953186,
          "y": 0.0016522310907021165,
          "z": 0.007564047817140818
        },
        "scale": {
          "x": 1.0,
          "y": 1.0,
          "z": 1.0
        },
        "matrix_basis": [
          [
            0.9998801350593567,
            -0.012320702895522118,
            0.0093789491802454,
            0.0
          ],
          [
            0.015109275467693806,
            0.643818199634552,
            -0.7650293707847595,
            0.0
          ],
          [
            0.0033873601350933313,
            0.7650793790817261,
            0.6439271569252014,
            0.0
          ],
          [
            0.0,
            0.0,
            0.0,
            1.0
          ]
        ],
        "rotation_mode": "QUATERNION"
      },
      "armature_space": {
        "head": {
          "x": 0.12367479503154755,
          "y": -0.5102884769439697,
          "z": 0.37972548604011536
        },
        "tail": {
          "x": 0.1073659360408783,
          "y": -0.5032173991203308,
          "z": 0.3612290918827057
        }
      },
      "world_space": {
        "head": {
          "x": 0.12367479503154755,
          "y": -0.4470444917678833,
          "z": 1.329579472541809
        },
        "tail": {
          "x": 0.1073659360408783,
          "y": -0.4399734139442444,
          "z": 1.3110830783843994
        },
        "rotation_quaternion": {
          "w": 0.7451038360595703,
          "x": -0.5644114017486572,
          "y": 0.28747129440307617,
          "z": 0.2088552564382553
        },
        "matrix": [
          [
            0.7474798560142517,
            -0.6357418298721313,
            0.19262973964214325,
            0.12367479503154755
          ],
          [
            -0.013263838365674019,
            0.27563929557800293,
            0.961169958114624,
            -0.4470444917678833
          ],
          [
            -0.6641567945480347,
            -0.7210147380828857,
            0.1976044774055481,
            1.329579472541809
          ],
          [
            0.0,
            0.0,
            0.0,
            1.0
          ]
        ]
      },
      "bone_length_armature_space": 0.0256533746783678,
      "parent": "index_01_l",
      "has_children": true,
      "is_end_bone": false
    },
    "index_03_l": {
      "name": "index_03_l",
      "local": {
        "location": {
          "x": 0.0,
          "y": 0.0,
          "z": 0.0
        },
        "rotation_quaternion": {
          "w": 0.9335812330245972,
          "x": 0.35834065079689026,
          "y": 0.004012157674878836,
          "z": -0.001448432682082057
        },
        "scale": {
          "x": 1.0,
          "y": 1.0,
          "z": 1.0
        },
        "matrix_basis": [
          [
            0.9999635815620422,
            0.005579897668212652,
            0.006453285459429026,
            0.0
          ],
          [
            0.00017097924137488008,
            0.7431797385215759,
            -0.6690918207168579,
            0.0
          ],
          [
            -0.008529414422810078,
            0.6690685749053955,
            0.7431517839431763,
            0.0
          ],
          [
            0.0,
            0.0,
            0.0,
            1.0
          ]
        ],
        "rotation_mode": "QUATERNION"
      },
      "armature_space": {
        "head": {
          "x": 0.10736589878797531,
          "y": -0.5032175779342651,
          "z": 0.3612290918827057
        },
        "tail": {
          "x": 0.10153310745954514,
          "y": -0.47734782099723816,
          "z": 0.34896260499954224
        }
      },
      "world_space": {
        "head": {
          "x": 0.10736589878797531,
          "y": -0.4399735927581787,
          "z": 1.3110830783843994
        },
        "tail": {
          "x": 0.10153310745954514,
          "y": -0.41410380601882935,
          "z": 1.2988166809082031
        },
        "rotation_quaternion": {
          "w": 0.912554144859314,
          "x": -0.23830322921276093,
          "y": 0.3315676748752594,
          "z": 0.022792266681790352
        },
        "matrix": [
          [
            0.7790871262550354,
            -0.1996253877878189,
            0.5942835211753845,
            0.10736589878797531
          ],
          [
            -0.11642876267433167,
            0.8853845596313477,
            0.4500434994697571,
            -0.4399735927581787
          ],
          [
            -0.6160138845443726,
            -0.41981691122055054,
            0.6665543913841248,
            1.3110830783843994
          ],
          [
            0.0,
            0.0,
            0.0,
            1.0
          ]
        ]
      },
      "bone_length_armature_space": 0.02921870091119094,
      "parent": "index_02_l",
      "has_children": false,
      "is_end_bone": true
    },
    "metacarpal_pinky_l": {
      "name": "metacarpal_pinky_l",
      "local": {
        "location": {
          "x": 0.0,
          "y": 0.0,
          "z": 0.0
        },
        "rotation_quaternion": {
          "w": 0.9990015625953674,
          "x": -0.040279362350702286,
          "y": -0.018557541072368622,
          "z": -0.005392958410084248
        },
        "scale": {
          "x": 1.0,
          "y": 1.0,
          "z": 1.0
        },
        "matrix_basis": [
          [
            0.9992530941963196,
            0.012270119972527027,
            -0.03664357587695122,
            0.0
          ],
          [
            -0.009280175901949406,
            0.996696949005127,
            0.08067845553159714,
            0.0
          ],
          [
            0.03751247376203537,
            -0.08027812838554382,
            0.9960663914680481,
            0.0
          ],
          [
            0.0,
            0.0,
            0.0,
            1.0
          ]
        ],
        "rotation_mode": "QUATERNION"
      },
      "armature_space": {
        "head": {
          "x": 0.20907790958881378,
          "y": -0.40097174048423767,
          "z": 0.4071877896785736
        },
        "tail": {
          "x": 0.20041640102863312,
          "y": -0.4987490177154541,
          "z": 0.3724340796470642
        }
      },
      "world_space": {
        "head": {
          "x": 0.20907790958881378,
          "y": -0.33772772550582886,
          "z": 1.357041835784912
        },
        "tail": {
          "x": 0.20041640102863312,
          "y": -0.4355050325393677,
          "z": 1.3222880363464355
        },
        "rotation_quaternion": {
          "w": 0.053023338317871094,
          "x": -0.06316061317920685,
          "y": -0.16642074286937714,
          "z": 0.9826003313064575
        },
        "matrix": [
          [
            -0.9863985180854797,
            -0.08317913115024567,
            -0.14177174866199493,
            0.20907790958881378
          ],
          [
            0.12522394955158234,
            -0.9389856457710266,
            -0.320351779460907,
            -0.33772772550582886
          ],
          [
            -0.10647565126419067,
            -0.33375078439712524,
            0.936636209487915,
            1.357041835784912
          ],
          [
            0.0,
            0.0,
            0.0,
            1.0
          ]
        ]
      },
      "bone_length_armature_space": 0.104130869898017,
      "parent": "lowerarm_l",
      "has_children": true,
      "is_end_bone": false
    },
    "pinky_01_l": {
      "name": "pinky_01_l",
      "local": {
        "location": {
          "x": 0.0,
          "y": 0.0,
          "z": 0.0
        },
        "rotation_quaternion": {
          "w": 0.9480172395706177,
          "x": 0.318089097738266,
          "y": 0.003980853594839573,
          "z": -0.008178245276212692
        },
        "scale": {
          "x": 1.0,
          "y": 1.0,
          "z": 1.0
        },
        "matrix_basis": [
          [
            0.9998345375061035,
            0.018038766458630562,
            0.002345014363527298,
            0.0
          ],
          [
            -0.012973702512681484,
            0.7975049018859863,
            -0.603173017501831,
            0.0
          ],
          [
            -0.0127506572753191,
            0.6030427813529968,
            0.7976069450378418,
            0.0
          ],
          [
            0.0,
            0.0,
            0.0,
            1.0
          ]
        ],
        "rotation_mode": "QUATERNION"
      },
      "armature_space": {
        "head": {
          "x": 0.20041640102863312,
          "y": -0.4987490177154541,
          "z": 0.3724340796470642
        },
        "tail": {
