{
  "metadata": {
    "armature_name": "KIM_caucasian_male",
    "export_time": "2026-01-13T20:55:46.597477",
    "blender_version": "4.4.1",
    "bone_count": 56,
    "end_bone_count": 13,
    "spaces_included": [
      "LOCAL_CHANNELS",
      "ARMATURE_SPACE",
      "WORLD_SPACE"
    ],
    "note": "LOCAL matches Transform panel; replay pose via local.matrix_basis for best fidelity."
  },
  "bones": {
    "Root": {
      "name": "Root",
      "local": {
        "location": {
          "x": 0.0,
          "y": 0.0,
          "z": 0.0
        },
        "rotation_quaternion": {
          "w": 0.9997439384460449,
          "x": 0.013641214929521084,
          "y": 0.007256601937115192,
          "z": -0.01653660088777542
        },
        "scale": {
          "x": 1.0,
          "y": 1.0,
          "z": 1.0
        },
        "matrix_basis": [
          [
            0.9993477463722229,
            0.0332627110183239,
            0.014058329164981842,
            0.0
          ],
          [
            -0.03286675363779068,
            0.9990808963775635,
            -0.027515443041920662,
            0.0
          ],
          [
            -0.014960646629333496,
            0.027035444974899292,
            0.9995225071907043,
            0.0
          ],
          [
            0.0,
            0.0,
            0.0,
            1.0
          ]
        ],
        "rotation_mode": "QUATERNION"
      },
      "armature_space": {
        "head": {
          "x": 0.0,
          "y": 0.07072800397872925,
          "z": -0.009595036506652832
        },
        "tail": {
          "x": 0.002374154981225729,
          "y": -0.00019440054893493652,
          "z": -0.0019209962338209152
        }
      },
      "world_space": {
        "head": {
          "x": 0.0,
          "y": 0.13397200405597687,
          "z": 0.9402589797973633
        },
        "tail": {
          "x": 0.002374154981225729,
          "y": 0.06304959952831268,
          "z": 0.94793301820755
        },
        "rotation_quaternion": {
          "w": 0.05374016985297203,
          "x": 0.9983916878700256,
          "y": 0.016987895593047142,
          "z": 0.006126082502305508
        },
        "matrix": [
          [
            0.9993477463722229,
            0.0332627110183239,
            0.014058329164981842,
            0.0
          ],
          [
            0.03457958251237869,
            -0.9936468005180359,
            -0.10709980875253677,
            0.13397200405597687
          ],
          [
            0.01040668971836567,
            0.10751589387655258,
            -0.9941559433937073,
            0.9402589797973633
          ],
          [
            0.0,
            0.0,
            0.0,
            1.0
          ]
        ]
      },
      "bone_length_armature_space": 0.07137587163069552,
      "parent": null,
      "has_children": true,
      "is_end_bone": false
    },
    "spine_01": {
      "name": "spine_01",
      "local": {
        "location": {
          "x": 0.0,
          "y": 0.0,
          "z": 0.0
        },
        "rotation_quaternion": {
          "w": 0.996652364730835,
          "x": 0.038139015436172485,
          "y": 0.01698453351855278,
          "z": 0.07029348611831665
        },
        "scale": {
          "x": 1.0,
          "y": 1.0,
          "z": 1.0
        },
        "matrix_basis": [
          [
            0.989540696144104,
            -0.1388207972049713,
            0.03921720013022423,
            0.0
          ],
          [
            0.1414118856191635,
            0.9872084856033325,
            -0.07363487780094147,
            0.0
          ],
          [
            -0.028493503108620644,
            0.07841048389673233,
            0.9965139031410217,
            0.0
          ],
          [
            0.0,
            0.0,
            0.0,
            1.0
          ]
        ],
        "rotation_mode": "QUATERNION"
      },
      "armature_space": {
        "head": {
          "x": 0.002374154981225729,
          "y": -0.00019440054893493652,
          "z": -0.0019209962338209152
        },
        "tail": {
          "x": -0.06934800744056702,
          "y": -0.03148570656776428,
          "z": 0.4797689914703369
        }
      },
      "world_space": {
        "head": {
          "x": 0.002374154981225729,
          "y": 0.06304959952831268,
          "z": 0.94793301820755
        },
        "tail": {
          "x": -0.06934800744056702,
          "y": 0.03175829350948334,
          "z": 1.429623007774353
        },
        "rotation_quaternion": {
          "w": 0.6834828853607178,
          "x": 0.7252764105796814,
          "y": -0.028111888095736504,
          "z": 0.07768555730581284
        },
        "matrix": [
          [
            0.98634934425354,
            -0.14697128534317017,
            0.07425796985626221,
            0.002374154981225729
          ],
          [
            0.06541472673416138,
            -0.06412136554718018,
            -0.9957959651947021,
            0.06304959952831268
          ],
          [
            0.15111605823040009,
            0.9870671629905701,
            -0.05363326892256737,
            0.94793301820755
          ],
          [
            0.0,
            0.0,
            0.0,
            1.0
          ]
        ]
      },
      "bone_length_armature_space": 0.4880045754254629,
      "parent": "Root",
      "has_children": true,
      "is_end_bone": false
    },
    "neck_01": {
      "name": "neck_01",
      "local": {
        "location": {
          "x": 0.0,
          "y": 0.0,
          "z": 0.0
        },
        "rotation_quaternion": {
          "w": 0.9807058572769165,
          "x": -0.15460439026355743,
          "y": -0.005949500948190689,
          "z": 0.1194915696978569
        },
        "scale": {
          "x": 1.0,
          "y": 1.0,
          "z": 1.0
        },
        "matrix_basis": [
          [
            0.9713727235794067,
            -0.2325325310230255,
            -0.04861726239323616,
            0.0
          ],
          [
            0.23621180653572083,
            0.9236385226249695,
            0.3018210232257843,
            0.0
          ],
          [
            -0.025278421118855476,
            -0.3046647012233734,
            0.9521241784095764,
            0.0
          ],
          [
            0.0,
            0.0,
            0.0,
            1.0
          ]
        ],
        "rotation_mode": "QUATERNION"
      },
      "armature_space": {
        "head": {
          "x": -0.07753372192382812,
          "y": -0.07071521878242493,
          "z": 0.5501804947853088
        },
        "tail": {
          "x": -0.11509111523628235,
          "y": -0.08566252887248993,
          "z": 0.6443970799446106
        }
      },
      "world_space": {
        "head": {
          "x": -0.07753372192382812,
          "y": -0.007471218705177307,
          "z": 1.5000345706939697
        },
        "tail": {
          "x": -0.11509111523628235,
          "y": -0.02241852879524231,
          "z": 1.5942511558532715
        },
        "rotation_quaternion": {
          "w": 0.6406193971633911,
          "x": 0.7446415424346924,
          "y": -0.12926028668880463,
          "z": 0.13567501306533813
        },
        "matrix": [
          [
            0.9297680854797363,
            -0.3663373589515686,
            0.03644319623708725,
            -0.07753372192382812
          ],
          [
            -0.018675189465284348,
            -0.14579707384109497,
            -0.9891384840011597,
            -0.007471218705177307
          ],
          [
            0.36767420172691345,
            0.9189950227737427,
            -0.1424008309841156,
            1.5000345706939697
          ],
          [
            0.0,
            0.0,
            0.0,
            1.0
          ]
        ]
      },
      "bone_length_armature_space": 0.10252192444859584,
      "parent": "spine_01",
      "has_children": true,
      "is_end_bone": false
    },
    "head": {
      "name": "head",
      "local": {
        "location": {
          "x": 0.0,
          "y": 0.0,
          "z": 0.0
        },
        "rotation_quaternion": {
          "w": 0.9843734502792358,
          "x": 0.03298421949148178,
          "y": -0.08049880713224411,
          "z": 0.15310418605804443
        },
        "scale": {
          "x": 1.0,
          "y": 1.0,
          "z": 1.0
        },
        "matrix_basis": [
          [
            0.9401581287384033,
            -0.30673378705978394,
            -0.14838173985481262,
            0.0
          ],
          [
            0.2961130142211914,
            0.9509422779083252,
            -0.08958698809146881,
            0.0
          ],
          [
            0.16858182847499847,
            0.04028817266225815,
            0.9848639369010925,
            0.0
          ],
          [
            0.0,
            0.0,
            0.0,
            1.0
          ]
        ],
        "rotation_mode": "QUATERNION"
      },
      "armature_space": {
        "head": {
          "x": -0.11509108543395996,
          "y": -0.08566267788410187,
          "z": 0.6443970203399658
        },
        "tail": {
          "x": -0.2123328149318695,
          "y": -0.05804337188601494,
          "z": 0.7620167136192322
        }
      },
      "world_space": {
        "head": {
          "x": -0.11509108543395996,
          "y": -0.022418677806854248,
          "z": 1.594251036643982
        },
        "tail": {
          "x": -0.2123328149318695,
          "y": 0.005200628191232681,
          "z": 1.7118706703186035
        },
        "rotation_quaternion": {
          "w": 0.7051031589508057,
          "x": 0.6152273416519165,
          "y": -0.30310294032096863,
          "z": 0.1801488846540451
        },
        "matrix": [
          [
            0.7513506412506104,
            -0.6270011067390442,
            -0.20577120780944824,
            -0.11509108543395996
          ],
          [
            -0.11890402436256409,
            0.17808541655540466,
            -0.9768048524856567,
            -0.022418677806854248
          ],
          [
            0.649107038974762,
            0.7583953738212585,
            0.059251099824905396,
            1.594251036643982
          ],
          [
            0.0,
            0.0,
            0.0,
            1.0
          ]
        ]
      },
      "bone_length_armature_space": 0.1550908522163684,
      "parent": "neck_01",
      "has_children": false,
      "is_end_bone": true
    },
    "upperarm_l": {
      "name": "upperarm_l",
      "local": {
        "location": {
          "x": 0.0,
          "y": 0.0,
          "z": 0.0
        },
        "rotation_quaternion": {
          "w": 0.7779656052589417,
          "x": 0.43709495663642883,
          "y": 0.18816350400447845,
          "z": 0.41025876998901367
        },
        "scale": {
          "x": 1.0,
          "y": 1.0,
          "z": 1.0
        },
        "matrix_basis": [
          [
            0.5925644636154175,
            -0.4738437831401825,
            0.6514135599136353,
            0.0
          ],
          [
            0.8028250336647034,
            0.28127148747444153,
            -0.5256982445716858,
            0.0
          ],
          [
            0.0658746063709259,
            0.8344811201095581,
            0.5470849871635437,
            0.0
          ],
          [
            0.0,
            0.0,
            0.0,
            1.0
          ]
        ],
        "rotation_mode": "QUATERNION"
      },
      "armature_space": {
        "head": {
          "x": 0.08053310960531235,
          "y": -0.05976927652955055,
          "z": 0.5063382983207703
        },
        "tail": {
          "x": 0.16518113017082214,
          "y": -0.2842925488948822,
          "z": 0.6256355047225952
        }
      },
      "world_space": {
        "head": {
          "x": 0.08053310960531235,
          "y": 0.0034747235476970673,
          "z": 1.4561922550201416
        },
        "tail": {
          "x": 0.16518113017082214,
          "y": -0.22104854881763458,
          "z": 1.5754895210266113
        },
        "rotation_quaternion": {
          "w": 0.2650774121284485,
          "x": 0.9303344488143921,
          "y": 0.10392070561647415,
          "z": -0.23111119866371155
        },
        "matrix": [
          [
            0.8715764284133911,
            0.31588688492774963,
            -0.3749268651008606,
            0.08053310960531235
          ],
          [
            0.07083769887685776,
            -0.8378689885139465,
            -0.5412560701370239,
            0.0034747235476970673
          ],
          [
            -0.48511841893196106,
            0.44518953561782837,
            -0.752649188041687,
            1.4561922550201416
          ],
          [
            0.0,
            0.0,
            0.0,
            1.0
          ]
        ]
      },
      "bone_length_armature_space": 0.2679697993524875,
      "parent": "spine_01",
      "has_children": true,
      "is_end_bone": false
    },
    "lowerarm_l": {
      "name": "lowerarm_l",
      "local": {
        "location": {
          "x": 0.0,
          "y": 0.0,
          "z": 0.0
        },
        "rotation_quaternion": {
          "w": 0.885312020778656,
          "x": 0.4643164873123169,
          "y": 0.024797096848487854,
          "z": -0.004258107393980026
        },
        "scale": {
          "x": 1.0,
          "y": 1.0,
          "z": 1.0
        },
        "matrix_basis": [
          [
            0.9987339377403259,
            0.030566908419132233,
            0.0399521179497242,
            0.0
          ],
          [
            0.015487894415855408,
            0.5687841176986694,
            -0.8223410844802856,
            0.0
          ],
          [
            -0.04786055535078049,
            0.821918785572052,
            0.567590594291687,
            0.0
          ],
          [
            0.0,
            0.0,
            0.0,
            1.0
          ]
        ],
        "rotation_mode": "QUATERNION"
      },
      "armature_space": {
        "head": {
          "x": 0.16518104076385498,
          "y": -0.28429266810417175,
          "z": 0.6256355047225952
        },
        "tail": {
          "x": 0.08774056285619736,
          "y": -0.5175031423568726,
          "z": 0.5198743343353271
        }
      },
      "world_space": {
        "head": {
          "x": 0.16518104076385498,
          "y": -0.22104866802692413,
          "z": 1.5754895210266113
        },
        "tail": {
          "x": 0.08774056285619736,
          "y": -0.45425915718078613,
          "z": 1.4697283506393433
        },
        "rotation_quaternion": {
          "w": 0.23673030734062195,
          "x": -0.9326374530792236,
          "y": 0.08995236456394196,
          "z": 0.25701096653938293
        },
        "matrix": [
          [
            0.8517080545425415,
            -0.2894706130027771,
            -0.436806857585907,
            0.16518104076385498
          ],
          [
            -0.04610179737210274,
            -0.871735155582428,
            0.4878041744232178,
            -0.22104866802692413
          ],
          [
            -0.5219882726669312,
            -0.39533278346061707,
            -0.7558138370513916,
            1.5754895210266113
          ],
          [
            0.0,
            0.0,
            0.0,
            1.0
          ]
        ]
      },
      "bone_length_armature_space": 0.2675249132095563,
      "parent": "upperarm_l",
      "has_children": true,
      "is_end_bone": false
    },
    "metacarpal_thumb_l": {
      "name": "metacarpal_thumb_l",
      "local": {
        "location": {
          "x": 0.0,
          "y": 0.0,
          "z": 0.0
        },
        "rotation_quaternion": {
          "w": 0.9983206987380981,
          "x": -0.05762086808681488,
          "y": 0.005674233194440603,
          "z": -0.00188906688708812
        },
        "scale": {
          "x": 1.0,
          "y": 1.0,
          "z": 1.0
        },
        "matrix_basis": [
          [
            0.9999284744262695,
            0.0031178805511444807,
            0.011547108180820942,
            0.0
          ],
          [
            -0.00442569749429822,
            0.9933525323867798,
            0.11502677202224731,
            0.0
          ],
          [
            -0.011111709289252758,
            -0.11506965011358261,
            0.9932952523231506,
            0.0
          ],
          [
            0.0,
            0.0,
            0.0,
            1.0
          ]
        ],
        "rotation_mode": "QUATERNION"
      },
      "armature_space": {
        "head": {
          "x": 0.08774056285619736,
          "y": -0.5175031423568726,
          "z": 0.5198743343353271
        },
        "tail": {
          "x": 0.06636080890893936,
          "y": -0.5382773876190186,
          "z": 0.4803149700164795
        }
      },
      "world_space": {
        "head": {
          "x": 0.08774056285619736,
          "y": -0.45425915718078613,
          "z": 1.4697283506393433
        },
        "tail": {
          "x": 0.06636080890893936,
          "y": -0.47503340244293213,
          "z": 1.4301689863204956
        },
        "rotation_quaternion": {
          "w": 0.2848476767539978,
          "x": -0.7318019866943359,
          "y": 0.4573436975479126,
          "z": -0.4173302948474884
        },
        "matrix": [
          [
            0.23334313929080963,
            -0.43162065744400024,
            0.8713521957397461,
            0.08774056285619736
          ],
          [
            -0.9071214199066162,
            -0.4193967282772064,
            0.03517577424645424,
            -0.45425915718078613
          ],
          [
            0.3502613604068756,
            -0.7986361384391785,
            -0.4893988370895386,
            1.4697283506393433
          ],
          [
            0.0,
            0.0,
            0.0,
            1.0
          ]
        ]
      },
      "bone_length_armature_space": 0.04953389232047055,
      "parent": "lowerarm_l",
      "has_children": true,
      "is_end_bone": false
    },
    "thumb_01_l": {
      "name": "thumb_01_l",
      "local": {
        "location": {
          "x": 0.0,
          "y": 0.0,
          "z": 0.0
        },
        "rotation_quaternion": {
          "w": 0.9804789423942566,
          "x": 0.1962757706642151,
          "y": 0.01166477520018816,
          "z": 0.0009597060852684081
        },
        "scale": {
          "x": 1.0,
          "y": 1.0,
          "z": 1.0
        },
        "matrix_basis": [
          [
            0.9997259974479675,
            0.0026970822364091873,
            0.023250866681337357,
            0.0
          ],
          [
            0.006460968870669603,
            0.9229497909545898,
            -0.3848661184310913,
            0.0
          ],
          [
            -0.022497398778796196,
            0.38491091132164,
            0.9226794838905334,
            0.0
          ],
          [
            0.0,
            0.0,
            0.0,
            1.0
          ]
        ],
        "rotation_mode": "QUATERNION"
      },
      "armature_space": {
        "head": {
          "x": 0.06636080890893936,
          "y": -0.5382773876190186,
          "z": 0.4803149700164795
        },
        "tail": {
          "x": 0.0802953913807869,
          "y": -0.5549529194831848,
          "z": 0.45411592721939087
        }
      },
      "world_space": {
        "head": {
          "x": 0.06636080890893936,
          "y": -0.47503340244293213,
          "z": 1.4301689863204956
        },
        "tail": {
          "x": 0.0802953913807869,
          "y": -0.4917089343070984,
          "z": 1.4039700031280518
        },
        "rotation_quaternion": {
          "w": 0.2095118910074234,
          "x": 0.052651189267635345,
          "y": 0.45951539278030396,
          "z": -0.8614976406097412
        },
        "matrix": [
          [
            -0.9066649079322815,
            0.40937626361846924,
            0.10183161497116089,
            0.06636080890893936
          ],
          [
            -0.3126017153263092,
            -0.48990097641944885,
            -0.8138043880462646,
            -0.47503340244293213
          ],
          [
            -0.283267080783844,
            -0.7696863412857056,
            0.5721510052680969,
            1.4301689863204956
          ],
          [
            0.0,
            0.0,
            0.0,
            1.0
          ]
        ]
      },
      "bone_length_armature_space": 0.03403873992900982,
      "parent": "metacarpal_thumb_l",
      "has_children": true,
      "is_end_bone": false
    },
    "thumb_02_l": {
      "name": "thumb_02_l",
      "local": {
        "location": {
          "x": 0.0,
          "y": 0.0,
          "z": 0.0
        },
        "rotation_quaternion": {
          "w": 0.9425095319747925,
          "x": 0.33410072326660156,
          "y": -0.004100316669791937,
          "z": 0.005981105379760265
        },
        "scale": {
          "x": 1.0,
          "y": 1.0,
          "z": 1.0
        },
        "matrix_basis": [
          [
            0.9998947978019714,
            -0.014014335349202156,
            -0.0037325918674468994,
            0.0
          ],
          [
            0.008534660562872887,
            0.7766818404197693,
            -0.629835307598114,
            0.0
          ],
          [
            0.011725758202373981,
            0.6297371983528137,
            0.7767198085784912,
            0.0
          ],
          [
            0.0,
            0.0,
            0.0,
            1.0
          ]
        ],
        "rotation_mode": "QUATERNION"
      },
      "armature_space": {
        "head": {
          "x": 0.08029541373252869,
          "y": -0.55495285987854,
          "z": 0.45411592721939087
        },
        "tail": {
          "x": 0.05691855028271675,
          "y": -0.5841226577758789,
          "z": 0.46880704164505005
        }
      },
      "world_space": {
        "head": {
          "x": 0.08029541373252869,
          "y": -0.4917088747024536,
          "z": 1.4039700031280518
        },
        "tail": {
          "x": 0.05691855028271675,
          "y": -0.5208786725997925,
          "z": 1.418661117553711
        },
        "rotation_quaternion": {
          "w": 0.2618921995162964,
          "x": -0.2056576907634735,
          "y": 0.26130929589271545,
          "z": 0.9059993624687195
        },
        "matrix": [
          [
            -0.7782347202301025,
            -0.582029402256012,
            -0.23578059673309326,
            0.08029541373252869
          ],
          [
            0.36706840991973877,
            -0.7262593507766724,
            0.5812129378318787,
            -0.4917088747024536
          ],
          [
            -0.5095242261886597,
            0.3657742738723755,
            0.7788506150245667,
            1.4039700031280518
          ],
          [
            0.0,
            0.0,
            0.0,
            1.0
          ]
        ]
      },
      "bone_length_armature_space": 0.04016445767196976,
      "parent": "thumb_01_l",
      "has_children": true,
      "is_end_bone": false
    },
    "thumb_03_l": {
      "name": "thumb_03_l",
      "local": {
        "location": {
          "x": 0.0,
          "y": 0.0,
          "z": 0.0
        },
        "rotation_quaternion": {
          "w": 0.9856619238853455,
          "x": 0.16858141124248505,
          "y": -0.004908731672912836,
          "z": 0.005194489844143391
        },
        "scale": {
          "x": 1.0,
          "y": 1.0,
          "z": 1.0
        },
        "matrix_basis": [
          [
            0.999897837638855,
            -0.01189506333321333,
            -0.007925311103463173,
            0.0
          ],
          [
            0.008584979921579361,
            0.9431066513061523,
            -0.332379549741745,
            0.0
          ],
          [
            0.011428088881075382,
            0.3322775661945343,
            0.9431124329566956,
            0.0
          ],
          [
            0.0,
            0.0,
            0.0,
            1.0
          ]
        ],
        "rotation_mode": "QUATERNION"
      },
      "armature_space": {
        "head": {
          "x": 0.05691854655742645,
          "y": -0.5841226577758789,
          "z": 0.4688069224357605
        },
        "tail": {
          "x": 0.039044108241796494,
          "y": -0.5929314494132996,
          "z": 0.4918244779109955
        }
      },
      "world_space": {
        "head": {
          "x": 0.05691854655742645,
          "y": -0.5208786725997925,
          "z": 1.4186608791351318
        },
        "tail": {
          "x": 0.039044108241796494,
          "y": -0.5296874642372131,
          "z": 1.441678524017334
        },
        "rotation_quaternion": {
          "w": 0.1818142533302307,
          "x": -0.2755720615386963,
          "y": 0.5676939487457275,
          "z": 0.7541400790214539
        },
        "matrix": [
          [
            -0.78200763463974,
            -0.5871080756187439,
            -0.20920854806900024,
            0.05691854655742645
          ],
          [
            -0.038651976734399796,
            -0.28933510184288025,
            0.9564474821090698,
            -0.5208786725997925
          ],
          [
            -0.622073769569397,
            0.7560402154922485,
            0.20357158780097961,
            1.4186608791351318
          ],
          [
            0.0,
            0.0,
            0.0,
            1.0
          ]
        ]
      },
      "bone_length_armature_space": 0.030445003162841083,
      "parent": "thumb_02_l",
      "has_children": false,
      "is_end_bone": true
    },
    "metacarpal_index_l": {
      "name": "metacarpal_index_l",
      "local": {
        "location": {
          "x": 0.0,
          "y": 0.0,
          "z": 0.0
        },
        "rotation_quaternion": {
          "w": 0.9994745254516602,
          "x": -0.029847407713532448,
          "y": -0.01172088272869587,
          "z": 0.004748221021145582
        },
        "scale": {
          "x": 1.0,
          "y": 1.0,
          "z": 1.0
        },
        "matrix_basis": [
          [
            0.9996801614761353,
            -0.00879177637398243,
            -0.023712892085313797,
            0.0
          ],
          [
            0.01019112765789032,
            0.998173177242279,
            0.0595521405339241,
            0.0
          ],
          [
            0.023146003484725952,
            -0.05977475270628929,
            0.9979435205459595,
            0.0
          ],
          [
            0.0,
            0.0,
            0.0,
            1.0
          ]
        ],
        "rotation_mode": "QUATERNION"
      },
      "armature_space": {
        "head": {
          "x": 0.08774056285619736,
          "y": -0.5175031423568726,
          "z": 0.5198743343353271
        },
        "tail": {
          "x": 0.04057809337973595,
          "y": -0.5996319055557251,
          "z": 0.45088255405426025
        }
      },
      "world_space": {
        "head": {
          "x": 0.08774056285619736,
          "y": -0.45425915718078613,
          "z": 1.4697283506393433
        },
        "tail": {
          "x": 0.04057809337973595,
          "y": -0.5363879203796387,
          "z": 1.4007365703582764
        },
        "rotation_quaternion": {
          "w": 0.2706727385520935,
          "x": -0.9045795798301697,
          "y": 0.27617594599723816,
          "z": -0.17944107949733734
        },
        "matrix": [
          [
            0.7830549478530884,
            -0.4025072157382965,
            0.47414445877075195,
            0.08774056285619736
          ],
          [
            -0.596786379814148,
            -0.700926661491394,
            0.3905743956565857,
            -0.45425915718078613
          ],
          [
            0.17513233423233032,
            -0.5888090133666992,
            -0.7890799045562744,
            1.4697283506393433
          ],
          [
            0.0,
            0.0,
            0.0,
            1.0
          ]
        ]
      },
      "bone_length_armature_space": 0.11717208621857729,
      "parent": "lowerarm_l",
      "has_children": true,
      "is_end_bone": false
    },
    "index_01_l": {
      "name": "index_01_l",
      "local": {
        "location": {
          "x": 0.0,
          "y": 0.0,
          "z": 0.0
        },
        "rotation_quaternion": {
          "w": 0.9680418968200684,
          "x": 0.24958853423595428,
          "y": 0.017091238871216774,
          "z": 0.017563795670866966
        },
        "scale": {
          "x": 1.0,
          "y": 1.0,
          "z": 1.0
        },
        "matrix_basis": [
          [
            0.9987987875938416,
            -0.025473425164818764,
            0.0418575145304203,
            0.0
          ],
          [
            0.04253653436899185,
            0.8747941255569458,
            -0.4826239347457886,
            0.0
          ],
          [
            -0.0243226271122694,
            0.4838247001171112,
            0.8748269081115723,
            0.0
          ],
          [
            0.0,
            0.0,
            0.0,
            1.0
          ]
        ],
        "rotation_mode": "QUATERNION"
      },
      "armature_space": {
        "head": {
          "x": 0.04057809337973595,
          "y": -0.5996319055557251,
          "z": 0.45088255405426025
        },
        "tail": {
          "x": 0.04217732325196266,
          "y": -0.6183634400367737,
          "z": 0.4294431209564209
        }
      },
      "world_space": {
        "head": {
          "x": 0.04057809337973595,
          "y": -0.5363879203796387,
          "z": 1.4007365703582764
        },
        "tail": {
          "x": 0.04217732325196266,
          "y": -0.5551194548606873,
          "z": 1.379297137260437
        },
        "rotation_quaternion": {
          "w": 0.40466323494911194,
          "x": -0.8723962903022766,
          "y": 0.08826252818107605,
          "z": -0.2595805823802948
        },
        "matrix": [
          [
            0.8496557474136353,
            0.05608499050140381,
            0.5243469476699829,
            0.04057809337973595
          ],
          [
            -0.36408478021621704,
            -0.6569157242774963,
            0.6602306962013245,
            -0.5363879203796387
          ],
          [
            0.3814832866191864,
            -0.7518813014030457,
            -0.5377354621887207,
            1.4007365703582764
          ],
          [
            0.0,
            0.0,
            0.0,
            1.0
          ]
        ]
      },
      "bone_length_armature_space": 0.028514508796181337,
      "parent": "metacarpal_index_l",
      "has_children": true,
      "is_end_bone": false
    },
    "index_02_l": {
      "name": "index_02_l",
      "local": {
        "location": {
          "x": 0.0,
          "y": 0.0,
          "z": 0.0
        },
        "rotation_quaternion": {
          "w": 0.9097151160240173,
          "x": 0.4151463210582733,
          "y": -0.006734487600624561,
          "z": -0.005171515978872776
        },
        "scale": {
          "x": 1.0,
          "y": 1.0,
          "z": 1.0
        },
        "matrix_basis": [
          [
            0.9998558163642883,
            0.0038176169618964195,
            -0.01654680259525776,
            0.0
          ],
          [
            -0.01500080805271864,
            0.6552535891532898,
            -0.7552601099014282,
            0.0
          ],
          [
            0.00795905850827694,
            0.7553994059562683,
            0.6552163362503052,
            0.0
          ],
          [
            0.0,
            0.0,
            0.0,
            1.0
          ]
        ],
        "rotation_mode": "QUATERNION"
      },
      "armature_space": {
        "head": {
          "x": 0.04217730835080147,
          "y": -0.6183633804321289,
          "z": 0.4294425845146179
        },
        "tail": {
          "x": 0.05244933068752289,
          "y": -0.6172456741333008,
          "z": 0.4059620797634125
        }
      },
      "world_space": {
        "head": {
          "x": 0.04217730835080147,
          "y": -0.5551193952560425,
          "z": 1.3792965412139893
        },
        "tail": {
          "x": 0.05244933068752289,
          "y": -0.5540016889572144,
          "z": 1.355816125869751
        },
        "rotation_quaternion": {
          "w": 0.7209812998771667,
          "x": -0.649396538734436,
          "y": -0.04440407454967499,
          "z": -0.2376939058303833
        },
        "matrix": [
          [
            0.883059024810791,
            0.400417685508728,
            0.24468864500522614,
            0.04217730835080147
          ],
          [
            -0.285076379776001,
            0.043570905923843384,
            0.9575144052505493,
            -0.5551193952560425
          ],
          [
            0.37274685502052307,
            -0.9153028130531311,
            0.15262731909751892,
            1.3792965412139893
          ],
          [
            0.0,
            0.0,
            0.0,
            1.0
          ]
        ]
      },
      "bone_length_armature_space": 0.025653417505820186,
      "parent": "index_01_l",
      "has_children": true,
      "is_end_bone": false
    },
    "index_03_l": {
      "name": "index_03_l",
      "local": {
        "location": {
          "x": 0.0,
          "y": 0.0,
          "z": 0.0
        },
        "rotation_quaternion": {
          "w": 0.9693777561187744,
          "x": 0.24554139375686646,
          "y": 0.0008443109109066427,
          "z": 0.003942606505006552
        },
        "scale": {
          "x": 1.0,
          "y": 1.0,
          "z": 1.0
        },
        "matrix_basis": [
          [
            0.9999675154685974,
            -0.00722912373021245,
            0.0035730586387217045,
            0.0
          ],
          [
            0.008058376610279083,
            0.8793877363204956,
            -0.4760380685329437,
            0.0
          ],
          [
            0.0002992337686009705,
            0.476051390171051,
            0.8794174194335938,
            0.0
          ],
          [
            0.0,
            0.0,
            0.0,
            1.0
          ]
        ],
        "rotation_mode": "QUATERNION"
      },
      "armature_space": {
        "head": {
          "x": 0.05244927108287811,
          "y": -0.6172457337379456,
          "z": 0.4059620499610901
        },
        "tail": {
          "x": 0.06877270340919495,
          "y": -0.6016516089439392,
          "z": 0.3874119520187378
        }
      },
      "world_space": {
        "head": {
          "x": 0.05244927108287811,
          "y": -0.5540017485618591,
          "z": 1.355816125869751
        },
        "tail": {
          "x": 0.06877270340919495,
          "y": -0.5384076237678528,
          "z": 1.337265968322754
        },
        "rotation_quaternion": {
          "w": 0.8668326139450073,
          "x": -0.4041007459163666,
          "y": -0.1243109330534935,
          "z": -0.26429298520088196
        },
        "matrix": [
          [
            0.8293917179107666,
            0.5586642026901245,
            -0.0019097626209259033,
            0.05244927108287811
          ],
          [
            -0.3577287197113037,
            0.533703088760376,
            0.7662844657897949,
            -0.5540017485618591
          ],
          [
            0.42911773920059204,
            -0.6348706483840942,
            0.6425043344497681,
            1.355816125869751
          ],
          [
            0.0,
            0.0,
            0.0,
            1.0
          ]
        ]
      },
      "bone_length_armature_space": 0.029218783709275848,
      "parent": "index_02_l",
      "has_children": false,
      "is_end_bone": true
    },
    "metacarpal_pinky_l": {
      "name": "metacarpal_pinky_l",
      "local": {
        "location": {
          "x": 0.0,
          "y": 0.0,
          "z": 0.0
        },
        "rotation_quaternion": {
          "w": 0.9997323751449585,
          "x": 0.014560693874955177,
          "y": 0.009488842450082302,
          "z": 0.015273417346179485
        },
        "scale": {
          "x": 1.0,
          "y": 1.0,
          "z": 1.0
        },
        "matrix_basis": [
          [
            0.9993533492088318,
            -0.030262330546975136,
            0.01941738836467266,
            0.0
          ],
          [
            0.030814988538622856,
            0.9991094470024109,
            -0.028823740780353546,
            0.0
          ],
          [
            -0.018527822569012642,
            0.0294034481048584,
            0.9993959069252014,
            0.0
          ],
          [
            0.0,
            0.0,
            0.0,
            1.0
          ]
        ],
        "rotation_mode": "QUATERNION"
      },
      "armature_space": {
        "head": {
          "x": 0.08774056285619736,
          "y": -0.5175031423568726,
          "z": 0.5198743343353271
        },
        "tail": {
          "x": 0.07120127230882645,
          "y": -0.6196374893188477,
          "z": 0.5081161856651306
        }
      },
      "world_space": {
        "head": {
          "x": 0.08774056285619736,
          "y": -0.45425915718078613,
          "z": 1.4697283506393433
        },
        "tail": {
          "x": 0.07120127230882645,
          "y": -0.5563935041427612,
          "z": 1.457970142364502
        },
        "rotation_quaternion": {
          "w": 0.09783700108528137,
          "x": -0.6073277592658997,
          "y": 0.0037559708580374718,
          "z": 0.7883951663970947
        },
        "matrix": [
          [
            -0.24316193163394928,
            -0.15883192420005798,
            -0.9568933248519897,
            0.08774056285619736
          ],
          [
            0.1497059315443039,
            -0.9808277487754822,
            0.12476181238889694,
            -0.45425915718078613
          ],
          [
            -0.9583702087402344,
            -0.11291705071926117,
            0.2622796297073364,
            1.4697283506393433
          ],
          [
            0.0,
            0.0,
            0.0,
            1.0
          ]
        ]
      },
      "bone_length_armature_space": 0.104130816305255,
      "parent": "lowerarm_l",
      "has_children": true,
      "is_end_bone": false
    },
    "pinky_01_l": {
      "name": "pinky_01_l",
      "local": {
        "location": {
          "x": 0.0,
          "y": 0.0,
          "z": 0.0
        },
        "rotation_quaternion": {
          "w": 0.9494885206222534,
          "x": 0.3127858340740204,
          "y": -0.02461865544319153,
          "z": -0.005542439874261618
        },
        "scale": {
          "x": 1.0,
          "y": 1.0,
          "z": 1.0
        },
        "matrix_basis": [
          [
            0.9987264275550842,
            -0.004875767510384321,
            -0.05021745339035988,
            0.0
          ],
          [
            -0.02592569962143898,
            0.8042685985565186,
            -0.5937002301216125,
            0.0
          ],
          [
            0.043283067643642426,
            0.5942460298538208,
            0.8031178712844849,
            0.0
          ],
          [
            0.0,
            0.0,
            0.0,
            1.0
          ]
        ],
        "rotation_mode": "QUATERNION"
      },
      "armature_space": {
        "head": {
          "x": 0.07120127230882645,
          "y": -0.6196374893188477,
          "z": 0.5081161856651306
        },
        "tail": {
