{
  "metadata": {
    "armature_name": "KIM_caucasian_male",
    "export_time": "2026-01-13T21:07:57.847913",
    "blender_version": "4.4.1",
    "bone_count": 56,
    "end_bone_count": 13,
    "spaces_included": [
      "LOCAL_CHANNELS",
      "ARMATURE_SPACE",
      "WORLD_SPACE"
    ],
    "note": "LOCAL matches Transform panel; replay pose via local.matrix_basis for best fidelity."
  },
  "bones": {
    "Root": {
      "name": "Root",
      "local": {
        "location": {
          "x": 0.0,
          "y": 0.0,
          "z": 0.0
        },
        "rotation_quaternion": {
          "w": 0.9998672008514404,
          "x": -0.0018388647586107254,
          "y": 0.015197519212961197,
          "z": -0.005595569498836994
        },
        "scale": {
          "x": 1.0,
          "y": 1.0,
          "z": 1.0
        },
        "matrix_basis": [
          [
            0.9994754791259766,
            0.011133760213851929,
            0.030411580577492714,
            0.0
          ],
          [
            -0.011245544999837875,
            0.9999306201934814,
            0.0035071636084467173,
            0.0
          ],
          [
            -0.030370423570275307,
            -0.0038473187014460564,
            0.9995313286781311,
            0.0
          ],
          [
            0.0,
            0.0,
            0.0,
            1.0
          ]
        ],
        "rotation_mode": "QUATERNION"
      },
      "armature_space": {
        "head": {
          "x": 0.0,
          "y": 0.07072800397872925,
          "z": -0.009595036506652832
        },
        "tail": {
          "x": 0.0007946818368509412,
          "y": 4.182010889053345e-05,
          "z": 0.00027144886553287506
        }
      },
      "world_space": {
        "head": {
          "x": 0.0,
          "y": 0.13397200405597687,
          "z": 0.9402589797973633
        },
        "tail": {
          "x": 0.0007946818368509412,
          "y": 0.06328582018613815,
          "z": 0.9501254558563232
        },
        "rotation_quaternion": {
          "w": 0.06919340044260025,
          "x": 0.997471809387207,
          "y": 0.0066066826693713665,
          "z": 0.014786033891141415
        },
        "matrix": [
          [
            0.9994754791259766,
            0.011133760213851929,
            0.030411580577492714,
            0.0
          ],
          [
            0.015226157382130623,
            -0.9903372526168823,
            -0.13784201443195343,
            0.13397200405597687
          ],
          [
            0.028583234176039696,
            0.1382327824831009,
            -0.9899942874908447,
            0.9402589797973633
          ],
          [
            0.0,
            0.0,
            0.0,
            1.0
          ]
        ]
      },
      "bone_length_armature_space": 0.07137587699680781,
      "parent": null,
      "has_children": true,
      "is_end_bone": false
    },
    "spine_01": {
      "name": "spine_01",
      "local": {
        "location": {
          "x": 0.0,
          "y": 0.0,
          "z": 0.0
        },
        "rotation_quaternion": {
          "w": 0.9961508512496948,
          "x": 0.08466607332229614,
          "y": -0.022396303713321686,
          "z": -0.0036905172746628523
        },
        "scale": {
          "x": 1.0,
          "y": 1.0,
          "z": 1.0
        },
        "matrix_basis": [
          [
            0.998969554901123,
            0.003560209646821022,
            -0.04524511843919754,
            0.0
          ],
          [
            -0.011145037598907948,
            0.9856360554695129,
            -0.16851505637168884,
            0.0
          ],
          [
            0.04399527236819267,
            0.16884566843509674,
            0.9846601486206055,
            0.0
          ],
          [
            0.0,
            0.0,
            0.0,
            1.0
          ]
        ],
        "rotation_mode": "QUATERNION"
      },
      "armature_space": {
        "head": {
          "x": 0.0007946818368509412,
          "y": 4.182010889053345e-05,
          "z": 0.00027144886553287506
        },
        "tail": {
          "x": -0.010434489697217941,
          "y": -0.05807485431432724,
          "z": 0.4846729338169098
        }
      },
      "world_space": {
        "head": {
          "x": 0.0007946818368509412,
          "y": 0.06328582018613815,
          "z": 0.9501254558563232
        },
        "tail": {
          "x": -0.010434489697217941,
          "y": 0.00516914576292038,
          "z": 1.4345269203186035
        },
        "rotation_quaternion": {
          "w": 0.6634370684623718,
          "x": 0.7480242848396301,
          "y": -0.017477374523878098,
          "z": -0.002363812644034624
        },
        "matrix": [
          [
            0.9993779063224792,
            -0.023010538890957832,
            -0.02672678604722023,
            0.0007946818368509412
          ],
          [
            -0.029283609241247177,
            -0.11909125000238419,
            -0.9924514293670654,
            0.06328582018613815
          ],
          [
            0.01965402439236641,
            0.992623507976532,
            -0.11969275027513504,
            0.9501254558563232
          ],
          [
            0.0,
            0.0,
            0.0,
            1.0
          ]
        ]
      },
      "bone_length_armature_space": 0.48800455189809866,
      "parent": "Root",
      "has_children": true,
      "is_end_bone": false
    },
    "neck_01": {
      "name": "neck_01",
      "local": {
        "location": {
          "x": 0.0,
          "y": 0.0,
          "z": 0.0
        },
        "rotation_quaternion": {
          "w": 0.9846934080123901,
          "x": -0.09123487770557404,
          "y": 0.018540142104029655,
          "z": -0.14734812080860138
        },
        "scale": {
          "x": 1.0,
          "y": 1.0,
          "z": 1.0
        },
        "matrix_basis": [
          [
            0.9558895826339722,
            0.2868024408817291,
            0.0633992850780487,
            0.0
          ],
          [
            -0.2935684621334076,
            0.9399294853210449,
            0.17421305179595947,
            0.0
          ],
          [
            -0.009626136161386967,
            -0.1851404756307602,
            0.982664942741394,
            0.0
          ],
          [
            0.0,
            0.0,
            0.0,
            1.0
          ]
        ],
        "rotation_mode": "QUATERNION"
      },
      "armature_space": {
        "head": {
          "x": -0.013046182692050934,
          "y": -0.10121318697929382,
          "z": 0.5532003045082092
        },
        "tail": {
          "x": 0.013644902035593987,
          "y": -0.132501021027565,
          "z": 0.6471119523048401
        }
      },
      "world_space": {
        "head": {
          "x": -0.013046182692050934,
          "y": -0.037969186902046204,
          "z": 1.5030543804168701
        },
        "tail": {
          "x": 0.013644902035593987,
          "y": -0.06925702095031738,
          "z": 1.596966028213501
        },
        "rotation_quaternion": {
          "w": 0.577348530292511,
          "x": 0.8056067824363708,
          "y": 0.11864513903856277,
          "z": -0.05991501733660698
        },
        "matrix": [
          [
            0.9646669626235962,
            0.2603466212749481,
            0.0404646098613739,
            -0.013046182692050934
          ],
          [
            0.1219801977276802,
            -0.3051835894584656,
            -0.9444491863250732,
            -0.037969186902046204
          ],
          [
            -0.23353643715381622,
            0.9160206913948059,
            -0.3261607885360718,
            1.5030543804168701
          ],
          [
            0.0,
            0.0,
            0.0,
            1.0
          ]
        ]
      },
      "bone_length_armature_space": 0.10252190031887048,
      "parent": "spine_01",
      "has_children": true,
      "is_end_bone": false
    },
    "head": {
      "name": "head",
      "local": {
        "location": {
          "x": 0.0,
          "y": 0.0,
          "z": 0.0
        },
        "rotation_quaternion": {
          "w": 0.9979428052902222,
          "x": 0.06366757303476334,
          "y": -0.002890327014029026,
          "z": 0.006960749626159668
        },
        "scale": {
          "x": 1.0,
          "y": 1.0,
          "z": 1.0
        },
        "matrix_basis": [
          [
            0.9998863935470581,
            -0.01426090020686388,
            -0.004882413893938065,
            0.0
          ],
          [
            0.01352482009679079,
            0.9917959570884705,
            -0.1271134316921234,
            0.0
          ],
          [
            0.0066551100462675095,
            0.12703295052051544,
            0.9918761849403381,
            0.0
          ],
          [
            0.0,
            0.0,
            0.0,
            1.0
          ]
        ],
        "rotation_mode": "QUATERNION"
      },
      "armature_space": {
        "head": {
          "x": 0.013644888065755367,
          "y": -0.13250114023685455,
          "z": 0.6471118330955505
        },
        "tail": {
          "x": 0.04904451221227646,
          "y": -0.14355739951133728,
          "z": 0.797703742980957
        }
      },
      "world_space": {
        "head": {
          "x": 0.013644888065755367,
          "y": -0.06925714015960693,
          "z": 1.5969657897949219
        },
        "tail": {
          "x": 0.04904451221227646,
          "y": -0.08031339943408966,
          "z": 1.7475577592849731
        },
        "rotation_quaternion": {
          "w": 0.6713461875915527,
          "x": 0.7306222319602966,
          "y": 0.11683102697134018,
          "z": -0.042848944664001465
        },
        "matrix": [
          [
            0.969028890132904,
            0.22825182974338531,
            0.09425677359104156,
            0.013644888065755367
          ],
          [
            0.11318711191415787,
            -0.07128921151161194,
            -0.9910131692886353,
            -0.06925714015960693
          ],
          [
            -0.21948237717151642,
            0.9709954857826233,
            -0.09491801261901855,
            1.5969657897949219
          ],
          [
            0.0,
            0.0,
            0.0,
            1.0
          ]
        ]
      },
      "bone_length_armature_space": 0.15509125309737828,
      "parent": "neck_01",
      "has_children": false,
      "is_end_bone": true
    },
    "upperarm_l": {
      "name": "upperarm_l",
      "local": {
        "location": {
          "x": 0.0,
          "y": 0.0,
          "z": 0.0
        },
        "rotation_quaternion": {
          "w": 0.9316699504852295,
          "x": 0.17938315868377686,
          "y": -0.08777215331792831,
          "z": -0.3034946024417877
        },
        "scale": {
          "x": 1.0,
          "y": 1.0,
          "z": 1.0
        },
        "matrix_basis": [
          [
            0.8003741502761841,
            0.5340238809585571,
            -0.27243298292160034,
            0.0
          ],
          [
            -0.5970032811164856,
            0.7514254450798035,
            -0.2809750437736511,
            0.0
          ],
          [
            0.054665714502334595,
            0.38752853870391846,
            0.9202354550361633,
            0.0
          ],
          [
            0.0,
            0.0,
            0.0,
            1.0
          ]
        ],
        "rotation_mode": "QUATERNION"
      },
      "armature_space": {
        "head": {
          "x": 0.13832175731658936,
          "y": -0.10076692700386047,
          "z": 0.48905470967292786
        },
        "tail": {
          "x": 0.3410692512989044,
          "y": -0.18054595589637756,
          "z": 0.3330523371696472
        }
      },
      "world_space": {
        "head": {
          "x": 0.13832175731658936,
          "y": -0.037522926926612854,
          "z": 1.4389086961746216
        },
        "tail": {
          "x": 0.3410692512989044,
          "y": -0.11730195581912994,
          "z": 1.2829062938690186
        },
        "rotation_quaternion": {
          "w": 0.2467523068189621,
          "x": 0.3758808374404907,
          "y": 0.538753867149353,
          "z": -0.7124403119087219
        },
        "matrix": [
          [
            -0.5956543684005737,
            0.7566068172454834,
            -0.26970750093460083,
            0.13832175731658936
          ],
          [
            0.0534190759062767,
            -0.2977169156074524,
            -0.9531585574150085,
            -0.037522926926612854
          ],
          [
            -0.8014681935310364,
            -0.5821648836135864,
            0.13691920042037964,
            1.4389086961746216
          ],
          [
            0.0,
            0.0,
            0.0,
            1.0
          ]
        ]
      },
      "bone_length_armature_space": 0.2679701138828702,
      "parent": "spine_01",
      "has_children": true,
      "is_end_bone": false
    },
    "lowerarm_l": {
      "name": "lowerarm_l",
      "local": {
        "location": {
          "x": 0.0,
          "y": 0.0,
          "z": 0.0
        },
        "rotation_quaternion": {
          "w": 0.9707634449005127,
          "x": 0.05610986426472664,
          "y": 0.03146950900554657,
          "z": 0.23125718533992767
        },
        "scale": {
          "x": 1.0,
          "y": 1.0,
          "z": 1.0
        },
        "matrix_basis": [
          [
            0.8910595774650574,
            -0.44546055793762207,
            0.08705051988363266,
            0.0
          ],
          [
            0.45252352952957153,
            0.8867436051368713,
            -0.09438370913267136,
            0.0
          ],
          [
            -0.035147279500961304,
            0.12349390983581543,
            0.9917227029800415,
            0.0
          ],
          [
            0.0,
            0.0,
            0.0,
            1.0
          ]
        ],
        "rotation_mode": "QUATERNION"
      },
      "armature_space": {
        "head": {
          "x": 0.34106940031051636,
          "y": -0.18054604530334473,
          "z": 0.3330523371696472
        },
        "tail": {
          "x": 0.5822538137435913,
          "y": -0.2955301105976105,
          "z": 0.319707989692688
        }
      },
      "world_space": {
        "head": {
          "x": 0.34106940031051636,
          "y": -0.1173020452260971,
          "z": 1.2829062938690186
        },
        "tail": {
          "x": 0.5822538137435913,
          "y": -0.23228611052036285,
          "z": 1.269562005996704
        },
        "rotation_quaternion": {
          "w": 0.41619494557380676,
          "x": 0.49244552850723267,
          "y": 0.33448103070259094,
          "z": -0.6873147487640381
        },
        "matrix": [
          [
            -0.16855791211128235,
            0.901541531085968,
            -0.3985109329223633,
            0.34106940031051636
          ],
          [
            -0.2426874339580536,
            -0.4298076629638672,
            -0.8696944117546082,
            -0.1173020452260971
          ],
          [
            -0.9553556442260742,
            -0.04988088458776474,
            0.29124149680137634,
            1.2829062938690186
          ],
          [
            0.0,
            0.0,
            0.0,
            1.0
          ]
        ]
      },
      "bone_length_armature_space": 0.2675244422605466,
      "parent": "upperarm_l",
      "has_children": true,
      "is_end_bone": false
    },
    "metacarpal_thumb_l": {
      "name": "metacarpal_thumb_l",
      "local": {
        "location": {
          "x": 0.0,
          "y": 0.0,
          "z": 0.0
        },
        "rotation_quaternion": {
          "w": 0.999588668346405,
          "x": -0.02114957757294178,
          "y": 0.008672481402754784,
          "z": -0.01731817051768303
        },
        "scale": {
          "x": 1.0,
          "y": 1.0,
          "z": 1.0
        },
        "matrix_basis": [
          [
            0.9992497563362122,
            0.0342552550137043,
            0.018070371821522713,
            0.0
          ],
          [
            -0.03498893231153488,
            0.9985055327415466,
            0.041981372982263565,
            0.0
          ],
          [
            -0.016605284065008163,
            -0.04258213937282562,
            0.9989549517631531,
            0.0
          ],
          [
            0.0,
            0.0,
            0.0,
            1.0
          ]
        ],
        "rotation_mode": "QUATERNION"
      },
      "armature_space": {
        "head": {
          "x": 0.5822538137435913,
          "y": -0.2955301105976105,
          "z": 0.319707989692688
        },
        "tail": {
          "x": 0.6063670516014099,
          "y": -0.3387931287288666,
          "z": 0.3190402388572693
        }
      },
      "world_space": {
        "head": {
          "x": 0.5822538137435913,
          "y": -0.23228611052036285,
          "z": 1.269562005996704
        },
        "tail": {
          "x": 0.6063670516014099,
          "y": -0.27554911375045776,
          "z": 1.2688941955566406
        },
        "rotation_quaternion": {
          "w": 0.03346315771341324,
          "x": 0.9553040266036987,
          "y": 0.24935300648212433,
          "z": -0.15523375570774078
        },
        "matrix": [
          [
            0.8274509906768799,
            0.48680514097213745,
            -0.27990251779556274,
            0.5822538137435913
          ],
          [
            0.4660267233848572,
            -0.8734062910079956,
            -0.14135192334651947,
            -0.23228611052036285
          ],
          [
            -0.31328120827674866,
            -0.01348104327917099,
            -0.9495721459388733,
            1.269562005996704
          ],
          [
            0.0,
            0.0,
            0.0,
            1.0
          ]
        ]
      },
      "bone_length_armature_space": 0.04953365427365039,
      "parent": "lowerarm_l",
      "has_children": true,
      "is_end_bone": false
    },
    "thumb_01_l": {
      "name": "thumb_01_l",
      "local": {
        "location": {
          "x": 0.0,
          "y": 0.0,
          "z": 0.0
        },
        "rotation_quaternion": {
          "w": 0.9996646642684937,
          "x": -0.024454772472381592,
          "y": 0.005678041838109493,
          "z": -0.006359425373375416
        },
        "scale": {
          "x": 1.0,
          "y": 1.0,
          "z": 1.0
        },
        "matrix_basis": [
          [
            0.9998546242713928,
            0.012436875142157078,
            0.011663312092423439,
            0.0
          ],
          [
            -0.012992296367883682,
            0.998723030090332,
            0.04882092401385307,
            0.0
          ],
          [
            -0.011041238903999329,
            -0.04896536096930504,
            0.9987394213676453,
            0.0
          ],
          [
            0.0,
            0.0,
            0.0,
            1.0
          ]
        ],
        "rotation_mode": "QUATERNION"
      },
      "armature_space": {
        "head": {
          "x": 0.6063670516014099,
          "y": -0.3387931287288666,
          "z": 0.3190402388572693
        },
        "tail": {
          "x": 0.6056677103042603,
          "y": -0.364739328622818,
          "z": 0.2970189154148102
        }
      },
      "world_space": {
        "head": {
          "x": 0.6063670516014099,
          "y": -0.27554911375045776,
          "z": 1.2688941955566406
        },
        "tail": {
          "x": 0.6056677103042603,
          "y": -0.3014953136444092,
          "z": 1.246872901916504
        },
        "rotation_quaternion": {
          "w": 0.29747262597084045,
          "x": -0.8245481848716736,
          "y": 0.17430172860622406,
          "z": -0.4486081898212433
        },
        "matrix": [
          [
            0.5367396473884583,
            -0.020545121282339096,
            0.8434975743293762,
            0.6063670516014099
          ],
          [
            -0.554337203502655,
            -0.7622585892677307,
            0.3341733515262604,
            -0.27554911375045776
          ],
          [
            0.6361017823219299,
            -0.6469516754150391,
            -0.42052602767944336,
            1.2688941955566406
          ],
          [
            0.0,
            0.0,
            0.0,
            1.0
          ]
        ]
      },
      "bone_length_armature_space": 0.03403869935891693,
      "parent": "metacarpal_thumb_l",
      "has_children": true,
      "is_end_bone": false
    },
    "thumb_02_l": {
      "name": "thumb_02_l",
      "local": {
        "location": {
          "x": 0.0,
          "y": 0.0,
          "z": 0.0
        },
        "rotation_quaternion": {
          "w": 0.9972396492958069,
          "x": 0.07372604310512543,
          "y": 0.0025864108465611935,
          "z": -0.008420837111771107
        },
        "scale": {
          "x": 1.0,
          "y": 1.0,
          "z": 1.0
        },
        "matrix_basis": [
          [
            0.9998447895050049,
            0.017176557332277298,
            0.003916872665286064,
            0.0
          ],
          [
            -0.016413813456892967,
            0.988987147808075,
            -0.14708863198757172,
            0.0
          ],
          [
            -0.006400213111191988,
            0.1470015048980713,
            0.9891155362129211,
            0.0
          ],
          [
            0.0,
            0.0,
            0.0,
            1.0
          ]
        ],
        "rotation_mode": "QUATERNION"
      },
      "armature_space": {
        "head": {
          "x": 0.6056676506996155,
          "y": -0.364739328622818,
          "z": 0.29701894521713257
        },
        "tail": {
          "x": 0.6418219208717346,
          "y": -0.38200026750564575,
          "z": 0.2941717207431793
        }
      },
      "world_space": {
        "head": {
          "x": 0.6056676506996155,
          "y": -0.3014953136444092,
          "z": 1.246872901916504
        },
        "tail": {
          "x": 0.6418219208717346,
          "y": -0.3187562823295593,
          "z": 1.244025707244873
        },
        "rotation_quaternion": {
          "w": 0.4877067506313324,
          "x": -0.40380534529685974,
          "y": -0.21739885210990906,
          "z": -0.742846667766571
        },
        "matrix": [
          [
            -0.19816556572914124,
            0.9001572728157043,
            0.38787493109703064,
            0.6056676506996155
          ],
          [
            -0.5490087866783142,
            -0.42975708842277527,
            0.7168667316436768,
            -0.3014953136444092
          ],
          [
            0.8119903206825256,
            -0.07088934630155563,
            0.5793622732162476,
            1.246872901916504
          ],
          [
            0.0,
            0.0,
            0.0,
            1.0
          ]
        ]
      },
      "bone_length_armature_space": 0.04016438671609657,
      "parent": "thumb_01_l",
      "has_children": true,
      "is_end_bone": false
    },
    "thumb_03_l": {
      "name": "thumb_03_l",
      "local": {
        "location": {
          "x": 0.0,
          "y": 0.0,
          "z": 0.0
        },
        "rotation_quaternion": {
          "w": 0.9988129138946533,
          "x": 0.04836703836917877,
          "y": 0.0024904939346015453,
          "z": -0.005215464159846306
        },
        "scale": {
          "x": 1.0,
          "y": 1.0,
          "z": 1.0
        },
        "matrix_basis": [
          [
            0.9999331831932068,
            0.010659461840987206,
            0.004470562096685171,
            0.0
          ],
          [
            -0.010177629999816418,
            0.995266854763031,
            -0.09664522111415863,
            0.0
          ],
          [
            -0.00547958817332983,
            0.09659326821565628,
            0.9953088760375977,
            0.0
          ],
          [
            0.0,
            0.0,
            0.0,
            1.0
          ]
        ],
        "rotation_mode": "QUATERNION"
      },
      "armature_space": {
        "head": {
          "x": 0.6418218612670898,
          "y": -0.3820003271102905,
          "z": 0.2941717207431793
        },
        "tail": {
          "x": 0.6721262335777283,
          "y": -0.38455384969711304,
          "z": 0.2955910861492157
        }
      },
      "world_space": {
        "head": {
          "x": 0.6418218612670898,
          "y": -0.3187563419342041,
          "z": 1.244025707244873
        },
        "tail": {
          "x": 0.6721262335777283,
          "y": -0.3213098645210266,
          "z": 1.2454451322555542
        },
        "rotation_quaternion": {
          "w": 0.6465839147567749,
          "x": -0.18437841534614563,
          "y": -0.1999790221452713,
          "z": -0.7127007246017456
        },
        "matrix": [
          [
            -0.09586724638938904,
            0.9953850507736206,
            0.004204288125038147,
            0.6418218612670898
          ],
          [
            -0.8478978276252747,
            -0.08387329429388046,
            0.5234829187393188,
            -0.3187563419342041
          ],
          [
            0.5214226841926575,
            0.046620339155197144,
            0.8520324230194092,
            1.244025707244873
          ],
          [
            0.0,
            0.0,
            0.0,
            1.0
          ]
        ]
      },
      "bone_length_armature_space": 0.030444868717463585,
      "parent": "thumb_02_l",
      "has_children": false,
      "is_end_bone": true
    },
    "metacarpal_index_l": {
      "name": "metacarpal_index_l",
      "local": {
        "location": {
          "x": 0.0,
          "y": 0.0,
          "z": 0.0
        },
        "rotation_quaternion": {
          "w": 0.9995049834251404,
          "x": -0.031152233481407166,
          "y": 0.0004181878175586462,
          "z": 0.004390382207930088
        },
        "scale": {
          "x": 1.0,
          "y": 1.0,
          "z": 1.0
        },
        "matrix_basis": [
          [
            0.9999610781669617,
            -0.008802472613751888,
            0.0005624212208203971,
            0.0
          ],
          [
            0.008750363253057003,
            0.9980205297470093,
            0.06227729842066765,
            0.0
          ],
          [
            -0.0011095020454376936,
            -0.06226995214819908,
            0.9980587363243103,
            0.0
          ],
          [
            0.0,
            0.0,
            0.0,
            1.0
          ]
        ],
        "rotation_mode": "QUATERNION"
      },
      "armature_space": {
        "head": {
          "x": 0.5822538137435913,
          "y": -0.2955301105976105,
          "z": 0.319707989692688
        },
        "tail": {
          "x": 0.6708813309669495,
          "y": -0.37204599380493164,
          "z": 0.32414519786834717
        }
      },
      "world_space": {
        "head": {
          "x": 0.5822538137435913,
          "y": -0.23228611052036285,
          "z": 1.269562005996704
        },
        "tail": {
          "x": 0.6708813309669495,
          "y": -0.3088020086288452,
          "z": 1.2739992141723633
        },
        "rotation_quaternion": {
          "w": 0.20041406154632568,
          "x": 0.817844569683075,
          "y": 0.3651326298713684,
          "z": -0.3970423638820648
        },
        "matrix": [
          [
            0.4180704355239868,
            0.7563900947570801,
            -0.5030813813209534,
            0.5822538137435913
          ],
          [
            0.4380980134010315,
            -0.6530234813690186,
            -0.6177626848220825,
            -0.23228611052036285
          ],
          [
            -0.7957987189292908,
            0.0378691703081131,
            -0.6043878197669983,
            1.269562005996704
          ],
          [
            0.0,
            0.0,
            0.0,
            1.0
          ]
        ]
      },
      "bone_length_armature_space": 0.11717169458407331,
      "parent": "lowerarm_l",
      "has_children": true,
      "is_end_bone": false
    },
    "index_01_l": {
      "name": "index_01_l",
      "local": {
        "location": {
          "x": 0.0,
          "y": 0.0,
          "z": 0.0
        },
        "rotation_quaternion": {
          "w": 0.9936209917068481,
          "x": -0.1117277592420578,
          "y": 0.009214548394083977,
          "z": 0.012216707691550255
        },
        "scale": {
          "x": 1.0,
          "y": 1.0,
          "z": 1.0
        },
        "matrix_basis": [
          [
            0.9995316863059998,
            -0.02633659541606903,
            0.01558164693415165,
            0.0
          ],
          [
            0.02221851237118244,
            0.9747353196144104,
            0.22225522994995117,
            0.0
          ],
          [
            -0.021041428670287132,
            -0.22180494666099548,
            0.9748640060424805,
            0.0
          ],
          [
            0.0,
            0.0,
            0.0,
            1.0
          ]
        ],
        "rotation_mode": "QUATERNION"
      },
      "armature_space": {
        "head": {
          "x": 0.6708813309669495,
          "y": -0.37204599380493164,
          "z": 0.32414519786834717
        },
        "tail": {
          "x": 0.698605477809906,
          "y": -0.3787090480327606,
          "z": 0.3243582546710968
        }
      },
      "world_space": {
        "head": {
          "x": 0.6708813309669495,
          "y": -0.3088020086288452,
          "z": 1.2739992141723633
        },
        "tail": {
          "x": 0.698605477809906,
          "y": -0.3154650330543518,
          "z": 1.2742122411727905
        },
        "rotation_quaternion": {
          "w": 0.2541326582431793,
          "x": 0.718604326248169,
          "y": 0.5644276738166809,
          "z": -0.31693214178085327
        },
        "matrix": [
          [
            0.16194972395896912,
            0.9722863435745239,
            -0.16861596703529358,
            0.6708813309669495
          ],
          [
            0.6501146554946899,
            -0.23367314040660858,
            -0.723013162612915,
            -0.3088020086288452
          ],
          [
            -0.7423814535140991,
            0.007472097873687744,
            -0.6699464321136475,
            1.2739992141723633
          ],
          [
            0.0,
            0.0,
            0.0,
            1.0
          ]
        ]
      },
      "bone_length_armature_space": 0.02851438245005665,
      "parent": "metacarpal_index_l",
      "has_children": true,
      "is_end_bone": false
    },
    "index_02_l": {
      "name": "index_02_l",
      "local": {
        "location": {
          "x": 0.0,
          "y": 0.0,
          "z": 0.0
        },
        "rotation_quaternion": {
          "w": 0.9998254179954529,
          "x": 0.01688229665160179,
          "y": 0.0012396469246596098,
          "z": 0.007917633280158043
        },
        "scale": {
          "x": 1.0,
          "y": 1.0,
          "z": 1.0
        },
        "matrix_basis": [
          [
            0.999871551990509,
            -0.01579064503312111,
            0.002746196696534753,
            0.0
          ],
          [
            0.015874357894062996,
            0.9993045926094055,
            -0.03373906761407852,
            0.0
          ],
          [
            -0.0022115253377705812,
            0.03377832844853401,
            0.9994269013404846,
            0.0
          ],
          [
            0.0,
            0.0,
            0.0,
            1.0
          ]
        ],
        "rotation_mode": "QUATERNION"
      },
      "armature_space": {
        "head": {
          "x": 0.6986057162284851,
          "y": -0.3787095248699188,
          "z": 0.3243582248687744
        },
        "tail": {
          "x": 0.7236086130142212,
          "y": -0.3844492733478546,
          "z": 0.32433226704597473
        }
      },
      "world_space": {
        "head": {
          "x": 0.6986057162284851,
          "y": -0.31546550989151,
          "z": 1.2742122411727905
        },
        "tail": {
          "x": 0.7236086130142212,
          "y": -0.3212052583694458,
          "z": 1.2741862535476685
        },
        "rotation_quaternion": {
          "w": 0.27059027552604675,
          "x": 0.7042353749275208,
          "y": 0.5611662268638611,
          "z": -0.3404792547225952
        },
        "matrix": [
          [
            0.13833162188529968,
            0.9746472835540771,
            -0.17586015164852142,
            0.6986057162284851
          ],
          [
            0.6061252951622009,
            -0.22374384105205536,
            -0.7632502913475037,
            -0.31546550989151
          ],
          [
            -0.783252477645874,
            -0.0010116472840309143,
            -0.6217145323753357,
            1.2742122411727905
          ],
          [
            0.0,
            0.0,
            0.0,
            1.0
          ]
        ]
      },
      "bone_length_armature_space": 0.025653269822783833,
      "parent": "index_01_l",
      "has_children": true,
      "is_end_bone": false
    },
    "index_03_l": {
      "name": "index_03_l",
      "local": {
        "location": {
          "x": 0.0,
          "y": 0.0,
          "z": 0.0
        },
        "rotation_quaternion": {
          "w": 0.9998853206634521,
          "x": 0.011430700309574604,
          "y": 0.00877545215189457,
          "z": 0.004675926174968481
        },
        "scale": {
          "x": 1.0,
          "y": 1.0,
          "z": 1.0
        },
        "matrix_basis": [
          [
            0.9998022317886353,
            -0.009150160476565361,
            0.017655789852142334,
            0.0
          ],
          [
            0.009551399387419224,
            0.9996949434280396,
            -0.022776711732149124,
            0.0
          ],
          [
            -0.017441993579268456,
            0.022940846160054207,
            0.9995846748352051,
            0.0
          ],
          [
            0.0,
            0.0,
            0.0,
            1.0
          ]
        ],
        "rotation_mode": "QUATERNION"
      },
      "armature_space": {
        "head": {
          "x": 0.7236086130142212,
          "y": -0.38444918394088745,
          "z": 0.3243323862552643
        },
        "tail": {
          "x": 0.751572847366333,
          "y": -0.3919370770454407,
          "z": 0.3203745484352112
        }
      },
      "world_space": {
        "head": {
          "x": 0.7236086130142212,
          "y": -0.321205198764801,
          "z": 1.274186372756958
        },
        "tail": {
          "x": 0.751572847366333,
          "y": -0.32869309186935425,
          "z": 1.270228624343872
        },
        "rotation_quaternion": {
          "w": 0.19121509790420532,
          "x": 0.7103267312049866,
          "y": 0.5790510773658752,
          "z": -0.3515290319919586
        },
        "matrix": [
          [
            0.08225312829017639,
            0.9570669531822205,
            -0.27795150876045227,
            0.7236086130142212
          ],
          [
            0.6881949305534363,
            -0.2562703490257263,
            -0.6787586808204651,
            -0.321205198764801
          ],
          [
            -0.7208526730537415,
            -0.13545584678649902,
            -0.679733395576477,
            1.274186372756958
          ],
          [
            0.0,
            0.0,
            0.0,
            1.0
          ]
        ]
      },
      "bone_length_armature_space": 0.029218682577297553,
      "parent": "index_02_l",
      "has_children": false,
      "is_end_bone": true
    },
    "metacarpal_pinky_l": {
      "name": "metacarpal_pinky_l",
      "local": {
        "location": {
          "x": 0.0,
          "y": 0.0,
          "z": 0.0
        },
        "rotation_quaternion": {
          "w": 0.9998478889465332,
          "x": -0.006308563053607941,
          "y": -0.0013095992617309093,
          "z": -0.016207799315452576
        },
        "scale": {
          "x": 1.0,
          "y": 1.0,
          "z": 1.0
        },
        "matrix_basis": [
          [
            0.9994711875915527,
            0.032427191734313965,
            -0.0024143042974174023,
            0.0
          ],
          [
            -0.03239414468407631,
            0.9993950128555298,
            0.012657658196985722,
            0.0
          ],
          [
            0.0028232960030436516,
            -0.012572755105793476,
            0.9999169707298279,
            0.0
          ],
          [
            0.0,
            0.0,
            0.0,
            1.0
          ]
        ],
        "rotation_mode": "QUATERNION"
      },
      "armature_space": {
        "head": {
          "x": 0.5822538137435913,
          "y": -0.2955301105976105,
          "z": 0.319707989692688
        },
        "tail": {
          "x": 0.6834599375724792,
          "y": -0.3141021132469177,
          "z": 0.30371981859207153
        }
      },
      "world_space": {
        "head": {
          "x": 0.5822538137435913,
          "y": -0.23228611052036285,
          "z": 1.269562005996704
        },
        "tail": {
          "x": 0.6834599375724792,
          "y": -0.2508581280708313,
          "z": 1.2535738945007324
        },
        "rotation_quaternion": {
          "w": 0.6383335590362549,
          "x": -0.05077864229679108,
          "y": 0.0579129159450531,
          "z": -0.7658969163894653
        },
        "matrix": [
          [
            -0.17990347743034363,
            0.9719135761260986,
            0.15171845257282257,
            0.5822538137435913
          ],
          [
            -0.9836769104003906,
            -0.17835268378257751,
            -0.023881949484348297,
            -0.23228611052036285
          ],
          [
            0.0038473571185022593,
            -0.15353946387767792,
            0.988142192363739,
            1.269562005996704
          ],
          [
            0.0,
            0.0,
            0.0,
            1.0
          ]
        ]
      },
      "bone_length_armature_space": 0.10413078339495334,
      "parent": "lowerarm_l",
      "has_children": true,
      "is_end_bone": false
    },
    "pinky_01_l": {
      "name": "pinky_01_l",
      "local": {
        "location": {
          "x": 0.0,
          "y": 0.0,
          "z": 0.0
        },
        "rotation_quaternion": {
          "w": 0.9565698504447937,
          "x": 0.29118120670318604,
          "y": 0.011847245506942272,
          "z": -0.0068889823742210865
        },
        "scale": {
          "x": 1.0,
          "y": 1.0,
          "z": 1.0
        },
        "matrix_basis": [
          [
            0.9996243715286255,
            0.020078975707292557,
            0.01865355111658573,
            0.0
          ],
          [
            -0.006280194967985153,
            0.8303321003913879,
            -0.5572335720062256,
            0.0
          ],
          [
            -0.026677319779992104,
            0.5569071173667908,
            0.830146312713623,
            0.0
          ],
          [
            0.0,
            0.0,
            0.0,
            1.0
          ]
        ],
        "rotation_mode": "QUATERNION"
      },
      "armature_space": {
        "head": {
          "x": 0.6834599375724792,
          "y": -0.3141021132469177,
          "z": 0.30371981859207153
        },
