{
  "metadata": {
    "armature_name": "KIM_caucasian_male",
    "export_time": "2026-01-13T21:13:23.391666",
    "blender_version": "4.4.1",
    "bone_count": 56,
    "end_bone_count": 13,
    "spaces_included": [
      "LOCAL_CHANNELS",
      "ARMATURE_SPACE",
      "WORLD_SPACE"
    ],
    "note": "LOCAL matches Transform panel; replay pose via local.matrix_basis for best fidelity."
  },
  "bones": {
    "Root": {
      "name": "Root",
      "local": {
        "location": {
          "x": 0.0,
          "y": 0.0,
          "z": 0.0
        },
        "rotation_quaternion": {
          "w": 0.9998413324356079,
          "x": 0.0170147605240345,
          "y": -0.0015814307844266295,
          "z": -0.005037760362029076
        },
        "scale": {
          "x": 1.0,
          "y": 1.0,
          "z": 1.0
        },
        "matrix_basis": [
          [
            0.999944269657135,
            0.01002010703086853,
            -0.0033337923232465982,
            0.0
          ],
          [
            -0.010127737186849117,
            0.9993702173233032,
            -0.03400818631052971,
            0.0
          ],
          [
            0.002990927081555128,
            0.03404005616903305,
            0.9994159936904907,
            0.0
          ],
          [
            0.0,
            0.0,
            0.0,
            1.0
          ]
        ],
        "rotation_mode": "QUATERNION"
      },
      "armature_space": {
        "head": {
          "x": 0.0,
          "y": 0.07072800397872925,
          "z": -0.009595036506652832
        },
        "tail": {
          "x": 0.0007151938625611365,
          "y": -0.0002820715308189392,
          "z": -0.002413645852357149
        }
      },
      "world_space": {
        "head": {
          "x": 0.0,
          "y": 0.13397200405597687,
          "z": 0.9402589797973633
        },
        "tail": {
          "x": 0.0007151938625611365,
          "y": 0.06296192854642868,
          "z": 0.9474403858184814
        },
        "rotation_quaternion": {
          "w": 0.05038085952401161,
          "x": 0.9987161159515381,
          "y": 0.004919778555631638,
          "z": -0.0019172208849340677
        },
        "matrix": [
          [
            0.999944269657135,
            0.01002010703086853,
            -0.0033337923232465982,
            0.0
          ],
          [
            0.009633739478886127,
            -0.9948750734329224,
            -0.10065168142318726,
            0.13397200405597687
          ],
          [
            -0.004325268790125847,
            0.10061370581388474,
            -0.9949232339859009,
            0.9402589797973633
          ],
          [
            0.0,
            0.0,
            0.0,
            1.0
          ]
        ]
      },
      "bone_length_armature_space": 0.07137587001361456,
      "parent": null,
      "has_children": true,
      "is_end_bone": false
    },
    "spine_01": {
      "name": "spine_01",
      "local": {
        "location": {
          "x": 0.0,
          "y": 0.0,
          "z": 0.0
        },
        "rotation_quaternion": {
          "w": 0.9969627857208252,
          "x": 0.06688827276229858,
          "y": 0.03860395774245262,
          "z": 0.010040178894996643
        },
        "scale": {
          "x": 1.0,
          "y": 1.0,
          "z": 1.0
        },
        "matrix_basis": [
          [
            0.9968178868293762,
            -0.014855065383017063,
            0.07831656187772751,
            0.0
          ],
          [
            0.025183673948049545,
            0.9908503293991089,
            -0.13259506225585938,
            0.0
          ],
          [
            -0.07563027739524841,
            0.13414542376995087,
            0.9880713820457458,
            0.0
          ],
          [
            0.0,
            0.0,
            0.0,
            1.0
          ]
        ],
        "rotation_mode": "QUATERNION"
      },
      "armature_space": {
        "head": {
          "x": 0.0007151938625611365,
          "y": -0.0002820715308189392,
          "z": -0.002413645852357149
        },
        "tail": {
          "x": -0.0038675093092024326,
          "y": -0.05964478850364685,
          "z": 0.4819452464580536
        }
      },
      "world_space": {
        "head": {
          "x": 0.0007151938625611365,
          "y": 0.06296192854642868,
          "z": 0.9474403858184814
        },
        "tail": {
          "x": -0.0038675093092024326,
          "y": 0.003599211573600769,
          "z": 1.431799292564392
        },
        "rotation_quaternion": {
          "w": 0.6622157692909241,
          "x": 0.748022735118866,
          "y": 0.025451745837926865,
          "z": 0.03584011271595955
        },
        "matrix": [
          [
            0.9961354732513428,
            -0.009390761144459248,
            0.08732742071151733,
            0.0007151938625611365
          ],
          [
            0.0855446383357048,
            -0.12164460867643356,
            -0.9888805747032166,
            0.06296192854642868
          ],
          [
            0.01990947127342224,
            0.9925362467765808,
            -0.1203729435801506,
            0.9474403858184814
          ],
          [
            0.0,
            0.0,
            0.0,
            1.0
          ]
        ]
      },
      "bone_length_armature_space": 0.4880045975699598,
      "parent": "Root",
      "has_children": true,
      "is_end_bone": false
    },
    "neck_01": {
      "name": "neck_01",
      "local": {
        "location": {
          "x": 0.0,
          "y": 0.0,
          "z": 0.0
        },
        "rotation_quaternion": {
          "w": 0.9946866035461426,
          "x": -0.07019112259149551,
          "y": 0.027246175333857536,
          "z": -0.07020948827266693
        },
        "scale": {
          "x": 1.0,
          "y": 1.0,
          "z": 1.0
        },
        "matrix_basis": [
          [
            0.9886565208435059,
            0.1358480006456375,
            0.06405897438526154,
            0.0
          ],
          [
            -0.1434977501630783,
            0.9802876710891724,
            0.1358104646205902,
            0.0
          ],
          [
            -0.0443466454744339,
            -0.14346222579479218,
            0.9886617064476013,
            0.0
          ],
          [
            0.0,
            0.0,
            0.0,
            1.0
          ]
        ],
        "rotation_mode": "QUATERNION"
      },
      "armature_space": {
        "head": {
          "x": -0.00152653269469738,
          "y": -0.10284623503684998,
          "z": 0.5504426956176758
        },
        "tail": {
          "x": 0.013595113530755043,
          "y": -0.1379638910293579,
          "z": 0.6455680131912231
        }
      },
      "world_space": {
        "head": {
          "x": -0.00152653269469738,
          "y": -0.039602234959602356,
          "z": 1.500296711921692
        },
        "tail": {
          "x": 0.013595113530755043,
          "y": -0.07471989095211029,
          "z": 1.5954220294952393
        },
        "rotation_quaternion": {
          "w": 0.5639273524284363,
          "x": 0.8190770745277405,
          "y": 0.10351667553186417,
          "z": 0.019576039165258408
        },
        "matrix": [
          [
            0.9778020977973938,
            0.14749754965305328,
            0.14882099628448486,
            -0.00152653269469738
          ],
          [
            0.19165579974651337,
            -0.34254005551338196,
            -0.9197470545768738,
            -0.039602234959602356
          ],
          [
            -0.08468367159366608,
            0.9278590083122253,
            -0.3632086217403412,
            1.500296711921692
          ],
          [
            0.0,
            0.0,
            0.0,
            1.0
          ]
        ]
      },
      "bone_length_armature_space": 0.1025219002479007,
      "parent": "spine_01",
      "has_children": true,
      "is_end_bone": false
    },
    "head": {
      "name": "head",
      "local": {
        "location": {
          "x": 0.0,
          "y": 0.0,
          "z": 0.0
        },
        "rotation_quaternion": {
          "w": 0.9680669903755188,
          "x": -0.09473510831594467,
          "y": 0.04397691413760185,
          "z": -0.22789813578128815
        },
        "scale": {
          "x": 1.0,
          "y": 1.0,
          "z": 1.0
        },
        "matrix_basis": [
          [
            0.8922569155693054,
            0.4329090118408203,
            0.12832510471343994,
            0.0
          ],
          [
            -0.4495736360549927,
            0.8781753778457642,
            0.1633753478527069,
            0.0
          ],
          [
            -0.041965287178754807,
            -0.20346437394618988,
            0.9781825542449951,
            0.0
          ],
          [
            0.0,
            0.0,
            0.0,
            1.0
          ]
        ],
        "rotation_mode": "QUATERNION"
      },
      "armature_space": {
        "head": {
          "x": 0.013595125637948513,
          "y": -0.13796401023864746,
          "z": 0.6455678939819336
        },
        "tail": {
          "x": 0.08463770151138306,
          "y": -0.09253892302513123,
          "z": 0.775732159614563
        }
      },
      "world_space": {
        "head": {
          "x": 0.013595125637948513,
          "y": -0.07472001016139984,
          "z": 1.5954219102859497
        },
        "tail": {
          "x": 0.08463770151138306,
          "y": -0.029294922947883606,
          "z": 1.725586175918579
        },
        "rotation_quaternion": {
          "w": 0.7532768845558167,
          "x": 0.5885819792747498,
          "y": 0.28110599517822266,
          "z": -0.08440792560577393
        },
        "matrix": [
          [
            0.8277103304862976,
            0.45807257294654846,
            0.32413777709007263,
            0.013595125637948513
          ],
          [
            0.2037401795387268,
            0.2928946316242218,
            -0.9341856837272644,
            -0.07472001016139984
          ],
          [
            -0.5228664875030518,
            0.8392811417579651,
            0.14910419285297394,
            1.5954219102859497
          ],
          [
            0.0,
            0.0,
            0.0,
            1.0
          ]
        ]
      },
      "bone_length_armature_space": 0.1550910113491297,
      "parent": "neck_01",
      "has_children": false,
      "is_end_bone": true
    },
    "upperarm_l": {
      "name": "upperarm_l",
      "local": {
        "location": {
          "x": 0.0,
          "y": 0.0,
          "z": 0.0
        },
        "rotation_quaternion": {
          "w": 0.9100401997566223,
          "x": 0.19582699239253998,
          "y": -0.13308744132518768,
          "z": -0.3402446210384369
        },
        "scale": {
          "x": 1.0,
          "y": 1.0,
          "z": 1.0
        },
        "matrix_basis": [
          [
            0.7330426573753357,
            0.5671483278274536,
            -0.3754880130290985,
            0.0
          ],
          [
            -0.671396791934967,
            0.6917707920074463,
            -0.2658562958240509,
            0.0
          ],
          [
            0.10897168517112732,
            0.4469854533672333,
            0.8878790736198425,
            0.0
          ],
          [
            0.0,
            0.0,
            0.0,
            1.0
          ]
        ],
        "rotation_mode": "QUATERNION"
      },
      "armature_space": {
        "head": {
          "x": 0.14880341291427612,
          "y": -0.08499274402856827,
          "z": 0.48633909225463867
        },
        "tail": {
          "x": 0.34540748596191406,
          "y": -0.15726986527442932,
          "z": 0.3192136883735657
        }
      },
      "world_space": {
        "head": {
          "x": 0.14880341291427612,
          "y": -0.021748743951320648,
          "z": 1.4361931085586548
        },
        "tail": {
          "x": 0.34540748596191406,
          "y": -0.0940258651971817,
          "z": 1.2690677642822266
        },
        "rotation_quaternion": {
          "w": 0.2781885862350464,
          "x": 0.3013455271720886,
          "y": 0.5364243388175964,
          "z": -0.737598180770874
        },
        "matrix": [
          [
            -0.6636042594909668,
            0.7336810231208801,
            -0.14608851075172424,
            0.14880341291427612
          ],
          [
            -0.0870877057313919,
            -0.26972147822380066,
            -0.9589923620223999,
            -0.021748743951320648
          ],
          [
            -0.7430028319358826,
            -0.6236734390258789,
            0.24288371205329895,
            1.4361931085586548
          ],
          [
            0.0,
            0.0,
            0.0,
            1.0
          ]
        ]
      },
      "bone_length_armature_space": 0.26797022944228266,
      "parent": "spine_01",
      "has_children": true,
      "is_end_bone": false
    },
    "lowerarm_l": {
      "name": "lowerarm_l",
      "local": {
        "location": {
          "x": 0.0,
          "y": 0.0,
          "z": 0.0
        },
        "rotation_quaternion": {
          "w": 0.9706116914749146,
          "x": 0.15969879925251007,
          "y": 0.10478194057941437,
          "z": -0.14639055728912354
        },
        "scale": {
          "x": 1.0,
          "y": 1.0,
          "z": 1.0
        },
        "matrix_basis": [
          [
            0.9351810812950134,
            0.3176438808441162,
            0.15664836764335632,
            0.0
          ],
          [
            -0.2507096827030182,
            0.9061322212219238,
            -0.34068921208381653,
            0.0
          ],
          [
            -0.25016194581985474,
            0.27933287620544434,
            0.9270340800285339,
            0.0
          ],
          [
            0.0,
            0.0,
            0.0,
            1.0
          ]
        ],
        "rotation_mode": "QUATERNION"
      },
      "armature_space": {
        "head": {
          "x": 0.345407634973526,
          "y": -0.1572699248790741,
          "z": 0.3192136883735657
        },
        "tail": {
          "x": 0.4640304446220398,
          "y": -0.3347237706184387,
          "z": 0.1579420566558838
        }
      },
      "world_space": {
        "head": {
          "x": 0.345407634973526,
          "y": -0.09402592480182648,
          "z": 1.2690677642822266
        },
        "tail": {
          "x": 0.4640304446220398,
          "y": -0.2714797854423523,
          "z": 1.1077960729599
        },
        "rotation_quaternion": {
          "w": 0.10302494466304779,
          "x": 0.33857840299606323,
          "y": 0.39714905619621277,
          "z": -0.8467722535133362
        },
        "matrix": [
          [
            -0.7495018243789673,
            0.44340914487838745,
            -0.4915643334388733,
            0.345407634973526
          ],
          [
            0.09445329010486603,
            -0.6633180975914001,
            -0.7423530220985413,
            -0.09402592480182648
          ],
          [
            -0.6552339792251587,
            -0.6028294563293457,
            0.4552791714668274,
            1.2690677642822266
          ],
          [
            0.0,
            0.0,
            0.0,
            1.0
          ]
        ]
      },
      "bone_length_armature_space": 0.26752528483332244,
      "parent": "upperarm_l",
      "has_children": true,
      "is_end_bone": false
    },
    "metacarpal_thumb_l": {
      "name": "metacarpal_thumb_l",
      "local": {
        "location": {
          "x": 0.0,
          "y": 0.0,
          "z": 0.0
        },
        "rotation_quaternion": {
          "w": 0.9998229742050171,
          "x": -0.005216472782194614,
          "y": 0.01577284187078476,
          "z": -0.008839813061058521
        },
        "scale": {
          "x": 1.0,
          "y": 1.0,
          "z": 1.0
        },
        "matrix_basis": [
          [
            0.999346137046814,
            0.017511939629912376,
            0.03163232281804085,
            0.0
          ],
          [
            -0.017841054126620293,
            0.999789297580719,
            0.01015224028378725,
            0.0
          ],
          [
            -0.0314478725194931,
            -0.010709956288337708,
            0.9994480013847351,
            0.0
          ],
          [
            0.0,
            0.0,
            0.0,
            1.0
          ]
        ],
        "rotation_mode": "QUATERNION"
      },
      "armature_space": {
        "head": {
          "x": 0.4640304446220398,
          "y": -0.3347237706184387,
          "z": 0.1579420566558838
        },
        "tail": {
          "x": 0.46119436621665955,
          "y": -0.3813209533691406,
          "z": 0.14138157665729523
        }
      },
      "world_space": {
        "head": {
          "x": 0.4640304446220398,
          "y": -0.2714797854423523,
          "z": 1.1077960729599
        },
        "tail": {
          "x": 0.46119436621665955,
          "y": -0.3180769681930542,
          "z": 1.091235637664795
        },
        "rotation_quaternion": {
          "w": 0.165513813495636,
          "x": -0.8876296281814575,
          "y": -0.04740021377801895,
          "z": 0.4271673858165741
        },
        "matrix": [
          [
            0.6305627226829529,
            -0.057255566120147705,
            -0.7740236520767212,
            0.4640304446220398
          ],
          [
            0.2255517691373825,
            -0.9407170414924622,
            0.25333306193351746,
            -0.2714797854423523
          ],
          [
            -0.7426470518112183,
            -0.3343277871608734,
            -0.5802709460258484,
            1.1077960729599
          ],
          [
            0.0,
            0.0,
            0.0,
            1.0
          ]
        ]
      },
      "bone_length_armature_space": 0.049533727538875666,
      "parent": "lowerarm_l",
      "has_children": true,
      "is_end_bone": false
    },
    "thumb_01_l": {
      "name": "thumb_01_l",
      "local": {
        "location": {
          "x": 0.0,
          "y": 0.0,
          "z": 0.0
        },
        "rotation_quaternion": {
          "w": 0.9870083332061768,
          "x": 0.16062034666538239,
          "y": 0.0018202085047960281,
          "z": 0.003511992981657386
        },
        "scale": {
          "x": 1.0,
          "y": 1.0,
          "z": 1.0
        },
        "matrix_basis": [
          [
            0.9999687075614929,
            -0.006348007824271917,
            0.00472131697461009,
            0.0
          ],
          [
            0.007517457939684391,
            0.9483775496482849,
            -0.3170544505119324,
            0.0
          ],
          [
            -0.002464926801621914,
            0.317080020904541,
            0.9483956098556519,
            0.0
          ],
          [
            0.0,
            0.0,
            0.0,
            1.0
          ]
        ],
        "rotation_mode": "QUATERNION"
      },
      "armature_space": {
        "head": {
          "x": 0.46119436621665955,
          "y": -0.3813209533691406,
          "z": 0.14138157665729523
        },
        "tail": {
          "x": 0.4448568522930145,
          "y": -0.3941907584667206,
          "z": 0.11443552374839783
        }
      },
      "world_space": {
        "head": {
          "x": 0.46119436621665955,
          "y": -0.3180769681930542,
          "z": 1.091235637664795
        },
        "tail": {
          "x": 0.4448568522930145,
          "y": -0.33094674348831177,
          "z": 1.0642895698547363
        },
        "rotation_quaternion": {
          "w": 0.3498922288417816,
          "x": -0.7804825305938721,
          "y": 0.43419796228408813,
          "z": -0.2826562523841858
        },
        "matrix": [
          [
            0.4631533920764923,
            -0.4799702763557434,
            0.7450622320175171,
            0.46119436621665955
          ],
          [
            -0.8755670189857483,
            -0.37809449434280396,
            0.30071020126342773,
            -0.3180769681930542
          ],
          [
            0.13737228512763977,
            -0.7916328310966492,
            -0.5953659415245056,
            1.091235637664795
          ],
          [
            0.0,
            0.0,
            0.0,
            1.0
          ]
        ]
      },
      "bone_length_armature_space": 0.03403874270782729,
      "parent": "metacarpal_thumb_l",
      "has_children": true,
      "is_end_bone": false
    },
    "thumb_02_l": {
      "name": "thumb_02_l",
      "local": {
        "location": {
          "x": 0.0,
          "y": 0.0,
          "z": 0.0
        },
        "rotation_quaternion": {
          "w": 0.9333261847496033,
          "x": 0.358962744474411,
          "y": 0.006775025278329849,
          "z": 0.001508868532255292
        },
        "scale": {
          "x": 1.0,
          "y": 1.0,
          "z": 1.0
        },
        "matrix_basis": [
          [
            0.9999036192893982,
            0.002047430258244276,
            0.013729872182011604,
            0.0
          ],
          [
            0.007680496200919151,
            0.7422869205474854,
            -0.6700382232666016,
            0.0
          ],
          [
            -0.011563361622393131,
            0.6700791120529175,
            0.742199718952179,
            0.0
          ],
          [
            0.0,
            0.0,
            0.0,
            1.0
          ]
        ],
        "rotation_mode": "QUATERNION"
      },
      "armature_space": {
        "head": {
          "x": 0.44485682249069214,
          "y": -0.3941907286643982,
          "z": 0.11443555355072021
        },
        "tail": {
          "x": 0.48291271924972534,
          "y": -0.40504875779151917,
          "z": 0.1075776219367981
        }
      },
      "world_space": {
        "head": {
          "x": 0.44485682249069214,
          "y": -0.33094674348831177,
          "z": 1.0642895698547363
        },
        "tail": {
          "x": 0.48291271924972534,
          "y": -0.34180474281311035,
          "z": 1.057431697845459
        },
        "rotation_quaternion": {
          "w": 0.592332124710083,
          "x": -0.2921028733253479,
          "y": -0.11820147186517715,
          "z": -0.7415167093276978
        },
        "matrix": [
          [
            -0.1276361495256424,
            0.9475033283233643,
            0.29316672682762146,
            0.44485682249069214
          ],
          [
            -0.8093937635421753,
            -0.2703399062156677,
            0.5213422775268555,
            -0.33094674348831177
          ],
          [
            0.5732317566871643,
            -0.1707465648651123,
            0.8014146089553833,
            1.0642895698547363
          ],
          [
            0.0,
            0.0,
            0.0,
            1.0
          ]
        ]
      },
      "bone_length_armature_space": 0.040164403733289646,
      "parent": "thumb_01_l",
      "has_children": true,
      "is_end_bone": false
    },
    "thumb_03_l": {
      "name": "thumb_03_l",
      "local": {
        "location": {
          "x": 0.0,
          "y": 0.0,
          "z": 0.0
        },
        "rotation_quaternion": {
          "w": 0.9845271110534668,
          "x": 0.17519399523735046,
          "y": -0.0014790520071983337,
          "z": -0.003372741164639592
        },
        "scale": {
          "x": 1.0,
          "y": 1.0,
          "z": 1.0
        },
        "matrix_basis": [
          [
            0.9999728798866272,
            0.006122868042439222,
            -0.0040941014885902405,
            0.0
          ],
          [
            -0.0071593523025512695,
            0.9385913610458374,
            -0.34495648741722107,
            0.0
          ],
          [
            0.001730565563775599,
            0.3449764549732208,
            0.938609778881073,
            0.0
          ],
          [
            0.0,
            0.0,
            0.0,
            1.0
          ]
        ],
        "rotation_mode": "QUATERNION"
      },
      "armature_space": {
        "head": {
          "x": 0.48291265964508057,
          "y": -0.40504884719848633,
          "z": 0.1075776070356369
        },
        "tail": {
          "x": 0.511820912361145,
          "y": -0.4025993049144745,
          "z": 0.11680825054645538
        }
      },
      "world_space": {
        "head": {
          "x": 0.48291265964508057,
          "y": -0.3418048620223999,
          "z": 1.0574315786361694
        },
        "tail": {
          "x": 0.511820912361145,
          "y": -0.3393552899360657,
          "z": 1.066662311553955
        },
        "rotation_quaternion": {
          "w": 0.7115073800086975,
          "x": 0.037643782794475555,
          "y": -0.18435467779636383,
          "z": -0.6770182251930237
        },
        "matrix": [
          [
            0.015318353660404682,
            0.9495277404785156,
            -0.31330937147140503,
            0.48291265964508057
          ],
          [
            -0.9772858619689941,
            0.0804581418633461,
            0.19605763256549835,
            -0.3418048620223999
          ],
          [
            0.21137118339538574,
            0.3031919002532959,
            0.9291993379592896,
            1.0574315786361694
          ],
          [
            0.0,
            0.0,
            0.0,
            1.0
          ]
        ]
      },
      "bone_length_armature_space": 0.03044490328108028,
      "parent": "thumb_02_l",
      "has_children": false,
      "is_end_bone": true
    },
    "metacarpal_index_l": {
      "name": "metacarpal_index_l",
      "local": {
        "location": {
          "x": 0.0,
          "y": 0.0,
          "z": 0.0
        },
        "rotation_quaternion": {
          "w": 0.9997475743293762,
          "x": -0.012297139503061771,
          "y": 0.014599842019379139,
          "z": -0.011855256743729115
        },
        "scale": {
          "x": 1.0,
          "y": 1.0,
          "z": 1.0
        },
        "matrix_basis": [
          [
            0.9992926120758057,
            0.023345455527305603,
            0.029483884572982788,
            0.0
          ],
          [
            -0.024063600227236748,
            0.9994164705276489,
            0.02424190193414688,
            0.0
          ],
          [
            -0.028900742530822754,
            -0.02493423968553543,
            0.9992712736129761,
            0.0
          ],
          [
            0.0,
            0.0,
            0.0,
            1.0
          ]
        ],
        "rotation_mode": "QUATERNION"
      },
      "armature_space": {
        "head": {
          "x": 0.4640304446220398,
          "y": -0.3347237706184387,
          "z": 0.1579420566558838
        },
        "tail": {
          "x": 0.49436941742897034,
          "y": -0.4326859712600708,
          "z": 0.1012655645608902
        }
      },
      "world_space": {
        "head": {
          "x": 0.4640304446220398,
          "y": -0.2714797854423523,
          "z": 1.1077960729599
        },
        "tail": {
          "x": 0.49436941742897034,
          "y": -0.3694419860839844,
          "z": 1.0511195659637451
        },
        "rotation_quaternion": {
          "w": 0.10182616859674454,
          "x": -0.7230463027954102,
          "y": -0.26758715510368347,
          "z": 0.6286753416061401
        },
        "matrix": [
          [
            0.06632896512746811,
            0.25892749428749084,
            -0.9636167287826538,
            0.4640304446220398
          ],
          [
            0.5149871706962585,
            -0.8360565304756165,
            -0.1892033964395523,
            -0.2714797854423523
          ],
          [
            -0.8546334505081177,
            -0.48370450735092163,
            -0.18880052864551544,
            1.1077960729599
          ],
          [
            0.0,
            0.0,
            0.0,
            1.0
          ]
        ]
      },
      "bone_length_armature_space": 0.1171719707193294,
      "parent": "lowerarm_l",
      "has_children": true,
      "is_end_bone": false
    },
    "index_01_l": {
      "name": "index_01_l",
      "local": {
        "location": {
          "x": 0.0,
          "y": 0.0,
          "z": 0.0
        },
        "rotation_quaternion": {
          "w": 0.9773872494697571,
          "x": 0.21028342843055725,
          "y": -0.020093949511647224,
          "z": 0.009553154930472374
        },
        "scale": {
          "x": 1.0,
          "y": 1.0,
          "z": 1.0
        },
        "matrix_basis": [
          [
            0.9990099668502808,
            -0.02712511271238327,
            -0.035261400043964386,
            0.0
          ],
          [
            0.01022341474890709,
            0.9113792181015015,
            -0.4114406108856201,
            0.0
          ],
          [
            0.04329688102006912,
            0.41067275404930115,
            0.9107542037963867,
            0.0
          ],
          [
            0.0,
            0.0,
            0.0,
            1.0
          ]
        ],
        "rotation_mode": "QUATERNION"
      },
      "armature_space": {
        "head": {
          "x": 0.49436941742897034,
          "y": -0.4326859712600708,
          "z": 0.1012655645608902
        },
        "tail": {
          "x": 0.49379223585128784,
          "y": -0.45126473903656006,
          "z": 0.07964213192462921
        }
      },
      "world_space": {
        "head": {
          "x": 0.49436941742897034,
          "y": -0.3694419860839844,
          "z": 1.0511195659637451
        },
        "tail": {
          "x": 0.49379223585128784,
          "y": -0.38802075386047363,
          "z": 1.029496192932129
        },
        "rotation_quaternion": {
          "w": 0.29372507333755493,
          "x": -0.6220202445983887,
          "y": -0.2965583801269531,
          "z": 0.6624723076820374
        },
        "matrix": [
          [
            -0.053634222596883774,
            -0.020242154598236084,
            -0.9983555674552917,
            0.49436941742897034
          ],
          [
            0.7580999732017517,
            -0.6515578031539917,
            -0.027516528964042664,
            -0.3694419860839844
          ],
          [
            -0.6499333381652832,
            -0.758334755897522,
            0.050291746854782104,
            1.0511195659637451
          ],
          [
            0.0,
            0.0,
            0.0,
            1.0
          ]
        ]
      },
      "bone_length_armature_space": 0.028514497712368796,
      "parent": "metacarpal_index_l",
      "has_children": true,
      "is_end_bone": false
    },
    "index_02_l": {
      "name": "index_02_l",
      "local": {
        "location": {
          "x": 0.0,
          "y": 0.0,
          "z": 0.0
        },
        "rotation_quaternion": {
          "w": 0.9089557528495789,
          "x": 0.41682806611061096,
          "y": -0.003867486724629998,
          "z": -0.006235099863260984
        },
        "scale": {
          "x": 1.0,
          "y": 1.0,
          "z": 1.0
        },
        "matrix_basis": [
          [
            0.9998923540115356,
            0.008110705763101578,
            -0.012228677980601788,
            0.0
          ],
          [
            -0.014559013769030571,
            0.6524309515953064,
            -0.7577083110809326,
            0.0
          ],
          [
            0.0018328194273635745,
            0.7578047513961792,
            0.652478814125061,
            0.0
          ],
          [
            0.0,
            0.0,
            0.0,
            1.0
          ]
        ],
        "rotation_mode": "QUATERNION"
      },
      "armature_space": {
        "head": {
          "x": 0.4937919080257416,
          "y": -0.4512651562690735,
          "z": 0.07964200526475906
        },
        "tail": {
          "x": 0.47467726469039917,
          "y": -0.46353912353515625,
          "z": 0.06772258132696152
        }
      },
      "world_space": {
        "head": {
          "x": 0.4937919080257416,
          "y": -0.38802117109298706,
          "z": 1.0294960737228394
        },
        "tail": {
          "x": 0.47467726469039917,
          "y": -0.4002951383590698,
          "z": 1.0175765752792358
        },
        "rotation_quaternion": {
          "w": 0.5101948976516724,
          "x": -0.4234825074672699,
          "y": -0.021727897226810455,
          "z": 0.7482591867446899
        },
        "matrix": [
          [
            -0.12072572857141495,
            -0.7451152801513672,
            -0.6559182405471802,
            0.4937919080257416
          ],
          [
            0.781918466091156,
            -0.47845640778541565,
            0.3996037244796753,
            -0.38802117109298706
          ],
          [
            -0.6115828156471252,
            -0.4646356403827667,
            0.6403861045837402,
            1.0294960737228394
          ],
          [
            0.0,
            0.0,
            0.0,
            1.0
          ]
        ]
      },
      "bone_length_armature_space": 0.02565331440782528,
      "parent": "index_01_l",
      "has_children": true,
      "is_end_bone": false
    },
    "index_03_l": {
      "name": "index_03_l",
      "local": {
        "location": {
          "x": 0.0,
          "y": 0.0,
          "z": 0.0
        },
        "rotation_quaternion": {
          "w": 0.9639043807983398,
          "x": 0.2662062346935272,
          "y": 0.004758613184094429,
          "z": 0.00034333684016019106
        },
        "scale": {
          "x": 1.0,
          "y": 1.0,
          "z": 1.0
        },
        "matrix_basis": [
          [
            0.9999544620513916,
            0.0018716572085395455,
            0.009356493130326271,
            0.0
          ],
          [
            0.003195432713255286,
            0.8582682609558105,
            -0.5131914615631104,
            0.0
          ],
          [
            -0.008990899659693241,
            0.5131979584693909,
            0.8582231998443604,
            0.0
          ],
          [
            0.0,
            0.0,
            0.0,
            1.0
          ]
        ],
        "rotation_mode": "QUATERNION"
      },
      "armature_space": {
        "head": {
          "x": 0.47467735409736633,
          "y": -0.4635392129421234,
          "z": 0.06772251427173615
        },
        "tail": {
          "x": 0.4455810487270355,
          "y": -0.465321809053421,
          "z": 0.06573279947042465
        }
      },
      "world_space": {
        "head": {
          "x": 0.47467735409736633,
          "y": -0.4002951979637146,
          "z": 1.0175765752792358
        },
        "tail": {
          "x": 0.4455810487270355,
          "y": -0.4020777940750122,
          "z": 1.0155868530273438
        },
        "rotation_quaternion": {
          "w": 0.6542855501174927,
          "x": -0.2632458209991455,
          "y": 0.20348118245601654,
          "z": 0.6791226267814636
        },
        "matrix": [
          [
            -0.005222849547863007,
            -0.9958117008209229,
            -0.09127944707870483,
            0.47467735409736633
          ],
          [
            0.7815486192703247,
            -0.06100881099700928,
            0.6208540797233582,
            -0.4002951979637146
          ],
          [
            -0.6238263845443726,
            -0.06809726357460022,
            0.7785996794700623,
            1.0175765752792358
          ],
          [
            0.0,
            0.0,
            0.0,
            1.0
          ]
        ]
      },
      "bone_length_armature_space": 0.02921868569001371,
      "parent": "index_02_l",
      "has_children": false,
      "is_end_bone": true
    },
    "metacarpal_pinky_l": {
      "name": "metacarpal_pinky_l",
      "local": {
        "location": {
          "x": 0.0,
          "y": 0.0,
          "z": 0.0
        },
        "rotation_quaternion": {
          "w": 0.9981541037559509,
          "x": -0.05674900859594345,
          "y": -0.019411694258451462,
          "z": -0.00955592654645443
        },
        "scale": {
          "x": 1.0,
          "y": 1.0,
          "z": 1.0
        },
        "matrix_basis": [
          [
            0.9990637302398682,
            0.02127976343035698,
            -0.03766714408993721,
            0.0
          ],
          [
            -0.01687338575720787,
            0.9933764934539795,
            0.11365950852632523,
            0.0
          ],
          [
            0.039836302399635315,
            -0.11291752010583878,
            0.9928054809570312,
            0.0
          ],
          [
            0.0,
            0.0,
            0.0,
            1.0
          ]
        ],
        "rotation_mode": "QUATERNION"
      },
      "armature_space": {
        "head": {
          "x": 0.4640304446220398,
          "y": -0.3347237706184387,
          "z": 0.1579420566558838
        },
        "tail": {
          "x": 0.5141282677650452,
          "y": -0.37464436888694763,
          "z": 0.07584532350301743
        }
      },
      "world_space": {
        "head": {
          "x": 0.4640304446220398,
          "y": -0.2714797854423523,
          "z": 1.1077960729599
        },
        "tail": {
          "x": 0.5141282677650452,
          "y": -0.3114003539085388,
          "z": 1.0256993770599365
        },
        "rotation_quaternion": {
          "w": 0.42288336157798767,
          "x": -0.2599269151687622,
          "y": 0.35983961820602417,
          "z": -0.7900146245956421
        },
        "matrix": [
          [
            -0.5072137117385864,
            0.4811047911643982,
            0.7150332927703857,
            0.4640304446220398
          ],
          [
            -0.8552331328392029,
            -0.3833698034286499,
            -0.34871792793273926,
            -0.2714797854423523
          ],
          [
            0.10635240375995636,
            -0.788400411605835,
            0.6059110164642334,
            1.1077960729599
          ],
          [
            0.0,
            0.0,
            0.0,
            1.0
          ]
        ]
      },
      "bone_length_armature_space": 0.1041312607679919,
      "parent": "lowerarm_l",
      "has_children": true,
      "is_end_bone": false
    },
    "pinky_01_l": {
      "name": "pinky_01_l",
      "local": {
        "location": {
          "x": 0.0,
          "y": 0.0,
          "z": 0.0
        },
        "rotation_quaternion": {
          "w": 0.9410496354103088,
          "x": 0.33815115690231323,
          "y": -0.007384295575320721,
          "z": -0.004997288808226585
        },
        "scale": {
          "x": 1.0,
          "y": 1.0,
          "z": 1.0
        },
        "matrix_basis": [
          [
            0.9998409748077393,
            0.004411377478390932,
            -0.017277656123042107,
            0.0
          ],
          [
            -0.014399410225450993,
            0.7712576389312744,
            -0.636360228061676,
            0.0
          ],
          [
            0.010518299415707588,
            0.6365078687667847,
            0.7711985111236572,
            0.0
          ],
          [
            0.0,
            0.0,
            0.0,
            1.0
          ]
        ],
        "rotation_mode": "QUATERNION"
      },
      "armature_space": {
        "head": {
          "x": 0.5141282677650452,
          "y": -0.37464436888694763,
          "z": 0.07584532350301743
        },
        "tail": {
