{
  "metadata": {
    "armature_name": "KIM_caucasian_male",
    "export_time": "2026-01-13T21:00:45.887667",
    "blender_version": "4.4.1",
    "bone_count": 56,
    "end_bone_count": 13,
    "spaces_included": [
      "LOCAL_CHANNELS",
      "ARMATURE_SPACE",
      "WORLD_SPACE"
    ],
    "note": "LOCAL matches Transform panel; replay pose via local.matrix_basis for best fidelity."
  },
  "bones": {
    "Root": {
      "name": "Root",
      "local": {
        "location": {
          "x": 0.0,
          "y": 0.0,
          "z": 0.0
        },
        "rotation_quaternion": {
          "w": 0.9998219013214111,
          "x": -0.007773506920784712,
          "y": 0.01605146750807762,
          "z": -0.006177226547151804
        },
        "scale": {
          "x": 1.0,
          "y": 1.0,
          "z": 1.0
        },
        "matrix_basis": [
          [
            0.9994083642959595,
            0.012102700769901276,
            0.03219325467944145,
            0.0
          ],
          [
            -0.012601804919540882,
            0.999802827835083,
            0.015345937572419643,
            0.0
          ],
          [
            -0.032001178711652756,
            -0.015742551535367966,
            0.9993638396263123,
            0.0
          ],
          [
            0.0,
            0.0,
            0.0,
            1.0
          ]
        ],
        "rotation_mode": "QUATERNION"
      },
      "armature_space": {
        "head": {
          "x": 0.0,
          "y": 0.07072800397872925,
          "z": -0.009595036506652832
        },
        "tail": {
          "x": 0.0008638408035039902,
          "y": 0.0001650005578994751,
          "z": 0.0011115549132227898
        }
      },
      "world_space": {
        "head": {
          "x": 0.0,
          "y": 0.13397200405597687,
          "z": 0.9402589797973633
        },
        "tail": {
          "x": 0.0008638408035039902,
          "y": 0.0634090006351471,
          "z": 0.9509655833244324
        },
        "rotation_quaternion": {
          "w": 0.0751115009188652,
          "x": 0.997026801109314,
          "y": 0.00724454689770937,
          "z": 0.015598855912685394
        },
        "matrix": [
          [
            0.9994083642959595,
            0.012102700769901276,
            0.03219325467944145,
            0.0
          ],
          [
            0.016789328306913376,
            -0.9886115193367004,
            -0.14955082535743713,
            0.13397200405597687
          ],
          [
            0.030016876757144928,
            0.15000295639038086,
            -0.9882368445396423,
            0.9402589797973633
          ],
          [
            0.0,
            0.0,
            0.0,
            1.0
          ]
        ]
      },
      "bone_length_armature_space": 0.07137586881503938,
      "parent": null,
      "has_children": true,
      "is_end_bone": false
    },
    "spine_01": {
      "name": "spine_01",
      "local": {
        "location": {
          "x": 0.0,
          "y": 0.0,
          "z": 0.0
        },
        "rotation_quaternion": {
          "w": 0.9984943866729736,
          "x": 0.00879440363496542,
          "y": -0.04914955422282219,
          "z": -0.02271547168493271
        },
        "scale": {
          "x": 1.0,
          "y": 1.0,
          "z": 1.0
        },
        "matrix_basis": [
          [
            0.9941366314888,
            0.04449805989861488,
            -0.09855064749717712,
            0.0
          ],
          [
            -0.046227023005485535,
            0.9988133311271667,
            -0.01532941497862339,
            0.0
          ],
          [
            0.09775157272815704,
            0.019795235246419907,
            0.995013952255249,
            0.0
          ],
          [
            0.0,
            0.0,
            0.0,
            1.0
          ]
        ],
        "rotation_mode": "QUATERNION"
      },
      "armature_space": {
        "head": {
          "x": 0.0008638408035039902,
          "y": 0.0001650005578994751,
          "z": 0.0011115549132227898
        },
        "tail": {
          "x": 0.00759798614308238,
          "y": 0.021111542358994484,
          "z": 0.48861998319625854
        }
      },
      "world_space": {
        "head": {
          "x": 0.0008638408035039902,
          "y": 0.0634090006351471,
          "z": 0.9509655833244324
        },
        "tail": {
          "x": 0.00759798614308238,
          "y": 0.08435554057359695,
          "z": 1.4384739398956299
        },
        "rotation_quaternion": {
          "w": 0.7216794490814209,
          "x": 0.6909394264221191,
          "y": -0.025300873443484306,
          "z": -0.033783841878175735
        },
        "matrix": [
          [
            0.9964369535446167,
            0.01379944384098053,
            -0.0832035094499588,
            0.0008638408035039902
          ],
          [
            -0.08372506499290466,
            0.042923133820295334,
            -0.9955641031265259,
            0.0634090006351471
          ],
          [
            -0.010167023167014122,
            0.9989901185035706,
            0.04392495006322861,
            0.9509655833244324
          ],
          [
            0.0,
            0.0,
            0.0,
            1.0
          ]
        ]
      },
      "bone_length_armature_space": 0.48800467975917106,
      "parent": "Root",
      "has_children": true,
      "is_end_bone": false
    },
    "neck_01": {
      "name": "neck_01",
      "local": {
        "location": {
          "x": 0.0,
          "y": 0.0,
          "z": 0.0
        },
        "rotation_quaternion": {
          "w": 0.992193341255188,
          "x": -0.04015088826417923,
          "y": 0.03019844926893711,
          "z": 0.11414217948913574
        },
        "scale": {
          "x": 1.0,
          "y": 1.0,
          "z": 1.0
        },
        "matrix_basis": [
          [
            0.9721192121505737,
            -0.22892720997333527,
            0.05075957998633385,
            0.0
          ],
          [
            0.2240772247314453,
            0.9707189202308655,
            0.08656872063875198,
            0.0
          ],
          [
            -0.06909122318029404,
            -0.07278105616569519,
            0.9949519038200378,
            0.0
          ],
          [
            0.0,
            0.0,
            0.0,
            1.0
          ]
        ],
        "rotation_mode": "QUATERNION"
      },
      "armature_space": {
        "head": {
          "x": 0.0057228258810937405,
          "y": -0.010272292420268059,
          "z": 0.5632877945899963
        },
        "tail": {
          "x": -0.01890907809138298,
          "y": -0.0349651575088501,
          "z": 0.6596946716308594
        }
      },
      "world_space": {
        "head": {
          "x": 0.0057228258810937405,
          "y": 0.05297170579433441,
          "z": 1.5131418704986572
        },
        "tail": {
          "x": -0.01890907809138298,
          "y": 0.028278842568397522,
          "z": 1.6095486879348755
        },
        "rotation_quaternion": {
          "w": 0.6068315505981445,
          "x": 0.7853672504425049,
          "y": -0.10643019527196884,
          "z": 0.06022057682275772
        },
        "matrix": [
          [
            0.9700920581817627,
            -0.2402612417936325,
            -0.03458116576075554,
            0.0057228258810937405
          ],
          [
            -0.09408733248710632,
            -0.240855872631073,
            -0.965989887714386,
            0.05297170579433441
          ],
          [
            0.22376227378845215,
            0.9403588771820068,
            -0.25626060366630554,
            1.5131418704986572
          ],
          [
            0.0,
            0.0,
            0.0,
            1.0
          ]
        ]
      },
      "bone_length_armature_space": 0.10252197157251369,
      "parent": "spine_01",
      "has_children": true,
      "is_end_bone": false
    },
    "head": {
      "name": "head",
      "local": {
        "location": {
          "x": 0.0,
          "y": 0.0,
          "z": 0.0
        },
        "rotation_quaternion": {
          "w": 0.9781461358070374,
          "x": -0.05602593719959259,
          "y": 0.15279507637023926,
          "z": -0.12940238416194916
        },
        "scale": {
          "x": 1.0,
          "y": 1.0,
          "z": 1.0
        },
        "matrix_basis": [
          [
            0.9198173880577087,
            0.23602791130542755,
            0.3134115934371948,
            0.0
          ],
          [
            -0.27026987075805664,
            0.9602322578430176,
            0.07005901634693146,
            0.0
          ],
          [
            -0.28441205620765686,
            -0.14914719760417938,
            0.9470295310020447,
            0.0
          ],
          [
            0.0,
            0.0,
            0.0,
            1.0
          ]
        ],
        "rotation_mode": "QUATERNION"
      },
      "armature_space": {
        "head": {
          "x": -0.018909065052866936,
          "y": -0.03496529161930084,
          "z": 0.659694492816925
        },
        "tail": {
          "x": -0.012183886021375656,
          "y": 0.002895709127187729,
          "z": 0.8099430203437805
        }
      },
      "world_space": {
        "head": {
          "x": -0.018909065052866936,
          "y": 0.028278708457946777,
          "z": 1.609548568725586
        },
        "tail": {
          "x": -0.012183886021375656,
          "y": 0.06613971292972565,
          "z": 1.7597970962524414
        },
        "rotation_quaternion": {
          "w": 0.784433901309967,
          "x": 0.6136823296546936,
          "y": 0.0820024386048317,
          "z": 0.03651284798979759
        },
        "matrix": [
          [
            0.9838849306106567,
            0.04336301237344742,
            0.17346516251564026,
            -0.018909065052866936
          ],
          [
            0.1579303741455078,
            0.2441224306821823,
            -0.9567981958389282,
            0.028278708457946777
          ],
          [
            -0.08383685350418091,
            0.968781590461731,
            0.23334068059921265,
            1.609548568725586
          ],
          [
            0.0,
            0.0,
            0.0,
            1.0
          ]
        ]
      },
      "bone_length_armature_space": 0.1550912755105604,
      "parent": "neck_01",
      "has_children": false,
      "is_end_bone": true
    },
    "upperarm_l": {
      "name": "upperarm_l",
      "local": {
        "location": {
          "x": 0.0,
          "y": 0.0,
          "z": 0.0
        },
        "rotation_quaternion": {
          "w": 0.7614086866378784,
          "x": 0.524535059928894,
          "y": -0.14379985630512238,
          "z": 0.35276252031326294
        },
        "scale": {
          "x": 1.0,
          "y": 1.0,
          "z": 1.0
        },
        "matrix_basis": [
          [
            0.7097604274749756,
            -0.6880490183830261,
            0.15109169483184814,
            0.0
          ],
          [
            0.3863367736339569,
            0.20084315538406372,
            -0.9002255201339722,
            0.0
          ],
          [
            0.5890535116195679,
            0.6973167061805725,
            0.40836915373802185,
            0.0
          ],
          [
            0.0,
            0.0,
            0.0,
            1.0
          ]
        ],
        "rotation_mode": "QUATERNION"
      },
      "armature_space": {
        "head": {
          "x": 0.1539955884218216,
          "y": -0.028890803456306458,
          "z": 0.49476298689842224
        },
        "tail": {
          "x": 0.20569966733455658,
          "y": -0.2148178070783615,
          "z": 0.6806820034980774
        }
      },
      "world_space": {
        "head": {
          "x": 0.1539955884218216,
          "y": 0.03435319662094116,
          "z": 1.4446170330047607
        },
        "tail": {
          "x": 0.20569966733455658,
          "y": -0.1515738070011139,
          "z": 1.6305360794067383
        },
        "rotation_quaternion": {
          "w": 0.3632827401161194,
          "x": 0.7316785454750061,
          "y": -0.145284965634346,
          "z": -0.5581796765327454
        },
        "matrix": [
          [
            0.3346569836139679,
            0.19294768571853638,
            -0.9223750233650208,
            0.1539955884218216
          ],
          [
            -0.6181576251983643,
            -0.6938366293907166,
            -0.36942124366760254,
            0.03435319662094116
          ],
          [
            -0.7112621068954468,
            0.6938067674636841,
            -0.11292625218629837,
            1.4446170330047607
          ],
          [
            0.0,
            0.0,
            0.0,
            1.0
          ]
        ]
      },
      "bone_length_armature_space": 0.2679702272701137,
      "parent": "spine_01",
      "has_children": true,
      "is_end_bone": false
    },
    "lowerarm_l": {
      "name": "lowerarm_l",
      "local": {
        "location": {
          "x": 0.0,
          "y": 0.0,
          "z": 0.0
        },
        "rotation_quaternion": {
          "w": 0.9458446502685547,
          "x": 0.1453189104795456,
          "y": 0.06927012652158737,
          "z": -0.28189024329185486
        },
        "scale": {
          "x": 1.0,
          "y": 1.0,
          "z": 1.0
        },
        "matrix_basis": [
          [
            0.8314790725708008,
            0.5533812642097473,
            0.04910958930850029,
            0.0
          ],
          [
            -0.5131162405014038,
            0.7988405823707581,
            -0.31395137310028076,
            0.0
          ],
          [
            -0.21296551823616028,
            0.23584508895874023,
            0.9481680989265442,
            0.0
          ],
          [
            0.0,
            0.0,
            0.0,
            1.0
          ]
        ],
        "rotation_mode": "QUATERNION"
      },
      "armature_space": {
        "head": {
          "x": 0.2056995928287506,
          "y": -0.2148178070783615,
          "z": 0.6806821227073669
        },
        "tail": {
          "x": 0.1879584789276123,
          "y": -0.47745949029922485,
          "z": 0.7283681631088257
        }
      },
      "world_space": {
        "head": {
          "x": 0.2056995928287506,
          "y": -0.1515738070011139,
          "z": 1.6305360794067383
        },
        "tail": {
          "x": 0.1879584789276123,
          "y": -0.4142155051231384,
          "z": 1.6782221794128418
        },
        "rotation_quaternion": {
          "w": 0.054832689464092255,
          "x": 0.8197250962257385,
          "y": -0.07822556793689728,
          "z": -0.5647344589233398
        },
        "matrix": [
          [
            0.34991174936294556,
            -0.06631582975387573,
            -0.9344323873519897,
            0.2056995928287506
          ],
          [
            -0.19017916917800903,
            -0.9817481637001038,
            -0.0015416443347930908,
            -0.1515738070011139
          ],
          [
            -0.9172817468643188,
            0.1782492697238922,
            -0.35613948106765747,
            1.6305360794067383
          ],
          [
            0.0,
            0.0,
            0.0,
            1.0
          ]
        ]
      },
      "bone_length_armature_space": 0.26752449355475594,
      "parent": "upperarm_l",
      "has_children": true,
      "is_end_bone": false
    },
    "metacarpal_thumb_l": {
      "name": "metacarpal_thumb_l",
      "local": {
        "location": {
          "x": 0.0,
          "y": 0.0,
          "z": 0.0
        },
        "rotation_quaternion": {
          "w": 0.9989371299743652,
          "x": -0.04519767314195633,
          "y": -0.004431976471096277,
          "z": -0.007889102213084698
        },
        "scale": {
          "x": 1.0,
          "y": 1.0,
          "z": 1.0
        },
        "matrix_basis": [
          [
            0.999836266040802,
            0.01616206392645836,
            -0.008141393773257732,
            0.0
          ],
          [
            -0.01536080427467823,
            0.9957898855209351,
            0.09036919474601746,
            0.0
          ],
          [
            0.009567669592797756,
            -0.0902293398976326,
            0.9958750605583191,
            0.0
          ],
          [
            0.0,
            0.0,
            0.0,
            1.0
          ]
        ],
        "rotation_mode": "QUATERNION"
      },
      "armature_space": {
        "head": {
          "x": 0.1879584789276123,
          "y": -0.47745949029922485,
          "z": 0.7283681631088257
        },
        "tail": {
          "x": 0.1602136790752411,
          "y": -0.5178383588790894,
          "z": 0.721063494682312
        }
      },
      "world_space": {
        "head": {
          "x": 0.1879584789276123,
          "y": -0.4142155051231384,
          "z": 1.6782221794128418
        },
        "tail": {
          "x": 0.1602136790752411,
          "y": -0.45459437370300293,
          "z": 1.6709175109863281
        },
        "rotation_quaternion": {
          "w": 0.020668281242251396,
          "x": -0.9356398582458496,
          "y": 0.30328646302223206,
          "z": -0.17935550212860107
        },
        "matrix": [
          [
            0.7516975998878479,
            -0.560120165348053,
            0.3481610417366028,
            0.1879584789276123
          ],
          [
            -0.5749475359916687,
            -0.8151801228523254,
            -0.0701172947883606,
            -0.4142155051231384
          ],
          [
            0.32308974862098694,
            -0.14746913313865662,
            -0.9348154067993164,
            1.6782221794128418
          ],
          [
            0.0,
            0.0,
            0.0,
            1.0
          ]
        ]
      },
      "bone_length_armature_space": 0.04953367672445076,
      "parent": "lowerarm_l",
      "has_children": true,
      "is_end_bone": false
    },
    "thumb_01_l": {
      "name": "thumb_01_l",
      "local": {
        "location": {
          "x": 0.0,
          "y": 0.0,
          "z": 0.0
        },
        "rotation_quaternion": {
          "w": 0.9995601177215576,
          "x": 0.025534283369779587,
          "y": 0.010992832481861115,
          "z": -0.010330948047339916
        },
        "scale": {
          "x": 1.0,
          "y": 1.0,
          "z": 1.0
        },
        "matrix_basis": [
          [
            0.9995448589324951,
            0.02121419459581375,
            0.02144840732216835,
            0.0
          ],
          [
            -0.02009141817688942,
            0.9984825253486633,
            -0.05127323418855667,
            0.0
          ],
          [
            -0.022503580898046494,
            0.05081896856427193,
            0.9984543323516846,
            0.0
          ],
          [
            0.0,
            0.0,
            0.0,
            1.0
          ]
        ],
        "rotation_mode": "QUATERNION"
      },
      "armature_space": {
        "head": {
          "x": 0.1602136790752411,
          "y": -0.5178383588790894,
          "z": 0.721063494682312
        },
        "tail": {
          "x": 0.15411731600761414,
          "y": -0.5370485186576843,
          "z": 0.6936328411102295
        }
      },
      "world_space": {
        "head": {
          "x": 0.1602136790752411,
          "y": -0.45459437370300293,
          "z": 1.6709175109863281
        },
        "tail": {
          "x": 0.15411731600761414,
          "y": -0.4738045334815979,
          "z": 1.6434868574142456
        },
        "rotation_quaternion": {
          "w": 0.1121184304356575,
          "x": -0.3936614394187927,
          "y": 0.45304298400878906,
          "z": -0.7919673323631287
        },
        "matrix": [
          [
            -0.6649214625358582,
            -0.17910143733024597,
            0.7251221537590027,
            0.1602136790752411
          ],
          [
            -0.534278154373169,
            -0.5643643140792847,
            -0.6293168067932129,
            -0.45459437370300293
          ],
          [
            0.5219478011131287,
            -0.805869460105896,
            0.2795692980289459,
            1.6709175109863281
          ],
          [
            0.0,
            0.0,
            0.0,
            1.0
          ]
        ]
      },
      "bone_length_armature_space": 0.0340387520061764,
      "parent": "metacarpal_thumb_l",
      "has_children": true,
      "is_end_bone": false
    },
    "thumb_02_l": {
      "name": "thumb_02_l",
      "local": {
        "location": {
          "x": 0.0,
          "y": 0.0,
          "z": 0.0
        },
        "rotation_quaternion": {
          "w": 0.9878575801849365,
          "x": 0.15510791540145874,
          "y": -0.0006613093428313732,
          "z": -0.008860603906214237
        },
        "scale": {
          "x": 1.0,
          "y": 1.0,
          "z": 1.0
        },
        "matrix_basis": [
          [
            0.99984210729599,
            0.017300881445407867,
            -0.004055258352309465,
            0.0
          ],
          [
            -0.017711177468299866,
            0.9517260193824768,
            -0.30643734335899353,
            0.0
          ],
          [
            -0.0014421406667679548,
            0.30646076798439026,
            0.9518821835517883,
            0.0
          ],
          [
            0.0,
            0.0,
            0.0,
            1.0
          ]
        ],
        "rotation_mode": "QUATERNION"
      },
      "armature_space": {
        "head": {
          "x": 0.15411731600761414,
          "y": -0.5370485186576843,
          "z": 0.6936328411102295
        },
        "tail": {
          "x": 0.15418215095996857,
          "y": -0.5739253759384155,
          "z": 0.7095474004745483
        }
      },
      "world_space": {
        "head": {
          "x": 0.15411731600761414,
          "y": -0.4738045334815979,
          "z": 1.6434868574142456
        },
        "tail": {
          "x": 0.15418215095996857,
          "y": -0.5106813907623291,
          "z": 1.6594014167785645
        },
        "rotation_quaternion": {
          "w": 0.028869064524769783,
          "x": 0.14370034635066986,
          "y": 0.20023098587989807,
          "z": 0.9687230587005615
        },
        "matrix": [
          [
            -0.9570336937904358,
            0.001614294946193695,
            0.28997260332107544,
            0.15411731600761414
          ],
          [
            0.1134788766503334,
            -0.9181480407714844,
            0.37964001297950745,
            -0.4738045334815979
          ],
          [
            0.26685261726379395,
            0.39623594284057617,
            0.8785219192504883,
            1.6434868574142456
          ],
          [
            0.0,
            0.0,
            0.0,
            1.0
          ]
        ]
      },
      "bone_length_armature_space": 0.04016441163473338,
      "parent": "thumb_01_l",
      "has_children": true,
      "is_end_bone": false
    },
    "thumb_03_l": {
      "name": "thumb_03_l",
      "local": {
        "location": {
          "x": 0.0,
          "y": 0.0,
          "z": 0.0
        },
        "rotation_quaternion": {
          "w": 0.9939733743667603,
          "x": 0.10961031913757324,
          "y": -0.0013722938019782305,
          "z": -0.0008548562182113528
        },
        "scale": {
          "x": 1.0,
          "y": 1.0,
          "z": 1.0
        },
        "matrix_basis": [
          [
            0.9999947547912598,
            0.0013985735131427646,
            -0.002915449207648635,
            0.0
          ],
          [
            -0.002000243868678808,
            0.975969672203064,
            -0.21789713203907013,
            0.0
          ],
          [
            0.002540644956752658,
            0.2179018259048462,
            0.9759674072265625,
            0.0
          ],
          [
            0.0,
            0.0,
            0.0,
            1.0
          ]
        ],
        "rotation_mode": "QUATERNION"
      },
      "armature_space": {
        "head": {
          "x": 0.1541820913553238,
          "y": -0.5739253163337708,
          "z": 0.7095473408699036
        },
        "tail": {
          "x": 0.16038298606872559,
          "y": -0.5935869812965393,
          "z": 0.7319496870040894
        }
      },
      "world_space": {
        "head": {
          "x": 0.1541820913553238,
          "y": -0.5106813311576843,
          "z": 1.6594014167785645
        },
        "tail": {
          "x": 0.16038298606872559,
          "y": -0.5303429961204529,
          "z": 1.6818037033081055
        },
        "rotation_quaternion": {
          "w": 0.12523029744625092,
          "x": 0.029134327545762062,
          "y": -0.4017602801322937,
          "z": -0.9066737294197083
        },
        "matrix": [
          [
            -0.9669371247291565,
            0.2036762833595276,
            -0.15345636010169983,
            0.1541820913553238
          ],
          [
            -0.250496506690979,
            -0.6458115577697754,
            0.721234142780304,
            -0.5106813311576843
          ],
          [
            0.04779449477791786,
            0.7358327507972717,
            0.675484836101532,
            1.6594014167785645
          ],
          [
            0.0,
            0.0,
            0.0,
            1.0
          ]
        ]
      },
      "bone_length_armature_space": 0.030444987568940388,
      "parent": "thumb_02_l",
      "has_children": false,
      "is_end_bone": true
    },
    "metacarpal_index_l": {
      "name": "metacarpal_index_l",
      "local": {
        "location": {
          "x": 0.0,
          "y": 0.0,
          "z": 0.0
        },
        "rotation_quaternion": {
          "w": 0.9987075328826904,
          "x": -0.04742443189024925,
          "y": 0.007636331021785736,
          "z": 0.016613947227597237
        },
        "scale": {
          "x": 1.0,
          "y": 1.0,
          "z": 1.0
        },
        "matrix_basis": [
          [
            0.9993313550949097,
            -0.03390924632549286,
            0.013677109032869339,
            0.0
          ],
          [
            0.03246065229177475,
            0.9949498176574707,
            0.09498001635074615,
            0.0
          ],
          [
            -0.016828736290335655,
            -0.09447253495454788,
            0.9953852295875549,
            0.0
          ],
          [
            0.0,
            0.0,
            0.0,
            1.0
          ]
        ],
        "rotation_mode": "QUATERNION"
      },
      "armature_space": {
        "head": {
          "x": 0.1879584789276123,
          "y": -0.47745949029922485,
          "z": 0.7283681631088257
        },
        "tail": {
          "x": 0.14810115098953247,
          "y": -0.5868309140205383,
          "z": 0.7417287230491638
        }
      },
      "world_space": {
        "head": {
          "x": 0.1879584789276123,
          "y": -0.4142155051231384,
          "z": 1.6782221794128418
        },
        "tail": {
          "x": 0.14810115098953247,
          "y": -0.5235869288444519,
          "z": 1.6915826797485352
        },
        "rotation_quaternion": {
          "w": 0.03828498348593712,
          "x": 0.9770535826683044,
          "y": -0.17838197946548462,
          "z": -0.10991138964891434
        },
        "matrix": [
          [
            0.9121986031532288,
            -0.34016168117523193,
            -0.2284371703863144,
            0.1879584789276123
          ],
          [
            -0.3569934070110321,
            -0.9334282279014587,
            -0.03560076281428337,
            -0.4142155051231384
          ],
          [
            -0.20112165808677673,
            0.11402539908885956,
            -0.9729143381118774,
            1.6782221794128418
          ],
          [
            0.0,
            0.0,
            0.0,
            1.0
          ]
        ]
      },
      "bone_length_armature_space": 0.11717175213979597,
      "parent": "lowerarm_l",
      "has_children": true,
      "is_end_bone": false
    },
    "index_01_l": {
      "name": "index_01_l",
      "local": {
        "location": {
          "x": 0.0,
          "y": 0.0,
          "z": 0.0
        },
        "rotation_quaternion": {
          "w": 0.9973743557929993,
          "x": -0.07203210890293121,
          "y": 0.001880798488855362,
          "z": -0.007227075751870871
        },
        "scale": {
          "x": 1.0,
          "y": 1.0,
          "z": 1.0
        },
        "matrix_basis": [
          [
            0.9998884797096252,
            0.014145243912935257,
            0.004792883526533842,
            0.0
          ],
          [
            -0.01468715537339449,
            0.9895182847976685,
            0.14365877211093903,
            0.0
          ],
          [
            -0.002710557309910655,
            -0.14371314644813538,
            0.9896156787872314,
            0.0
          ],
          [
            0.0,
            0.0,
            0.0,
            1.0
          ]
        ],
        "rotation_mode": "QUATERNION"
      },
      "armature_space": {
        "head": {
          "x": 0.14810115098953247,
          "y": -0.5868309140205383,
          "z": 0.7417287230491638
        },
        "tail": {
          "x": 0.15017254650592804,
          "y": -0.6139556169509888,
          "z": 0.7502744197845459
        }
      },
      "world_space": {
        "head": {
          "x": 0.14810115098953247,
          "y": -0.5235869288444519,
          "z": 1.6915826797485352
        },
        "tail": {
          "x": 0.15017254650592804,
          "y": -0.5507116317749023,
          "z": 1.700128436088562
        },
        "rotation_quaternion": {
          "w": 0.15481318533420563,
          "x": 0.9818495512008667,
          "y": 0.020008472725749016,
          "z": -0.10772188752889633
        },
        "matrix": [
          [
            0.9759913086891174,
            0.07264409959316254,
            -0.2053380310535431,
            0.14810115098953247
          ],
          [
            0.0059371525421738625,
            -0.9512649178504944,
            -0.3083176612854004,
            -0.5235869288444519
          ],
          [
            -0.2177300602197647,
            0.29969730973243713,
            -0.9288644194602966,
            1.6915826797485352
          ],
          [
            0.0,
            0.0,
            0.0,
            1.0
          ]
        ]
      },
      "bone_length_armature_space": 0.028514366592134233,
      "parent": "metacarpal_index_l",
      "has_children": true,
      "is_end_bone": false
    },
    "index_02_l": {
      "name": "index_02_l",
      "local": {
        "location": {
          "x": 0.0,
          "y": 0.0,
          "z": 0.0
        },
        "rotation_quaternion": {
          "w": 0.9868570566177368,
          "x": 0.16130422055721283,
          "y": -0.0075913723558187485,
          "z": 0.006049421615898609
        },
        "scale": {
          "x": 1.0,
          "y": 1.0,
          "z": 1.0
        },
        "matrix_basis": [
          [
            0.9998115301132202,
            -0.014388869516551495,
            -0.013031604699790478,
            0.0
          ],
          [
            0.009490787982940674,
            0.9478887319564819,
            -0.31846025586128235,
            0.0
          ],
          [
            0.016934793442487717,
            0.318276584148407,
            0.9478466510772705,
            0.0
          ],
          [
            0.0,
            0.0,
            0.0,
            1.0
          ]
        ],
        "rotation_mode": "QUATERNION"
      },
      "armature_space": {
        "head": {
          "x": 0.15017229318618774,
          "y": -0.613956093788147,
          "z": 0.7502743005752563
        },
        "tail": {
          "x": 0.15032674372196198,
          "y": -0.6396008133888245,
          "z": 0.7509176135063171
        }
      },
      "world_space": {
        "head": {
          "x": 0.15017229318618774,
          "y": -0.5507121086120605,
          "z": 1.7001283168792725
        },
        "tail": {
          "x": 0.15032674372196198,
          "y": -0.576356828212738,
          "z": 1.7007715702056885
        },
        "rotation_quaternion": {
          "w": 0.012851045466959476,
          "x": 0.9884010553359985,
          "y": 0.0010782323079183698,
          "z": -0.15131771564483643
        },
        "matrix": [
          [
            0.9542034864425659,
            0.0060206130146980286,
            -0.29909732937812805,
            0.15017229318618774
          ],
          [
            -0.0017577111721038818,
            -0.9996673464775085,
            -0.02573084831237793,
            -0.5507121086120605
          ],
          [
            -0.29915502667427063,
            0.025077253580093384,
            -0.9538822174072266,
            1.7001283168792725
          ],
          [
            0.0,
            0.0,
            0.0,
            1.0
          ]
        ]
      },
      "bone_length_armature_space": 0.025653251998893397,
      "parent": "index_01_l",
      "has_children": true,
      "is_end_bone": false
    },
    "index_03_l": {
      "name": "index_03_l",
      "local": {
        "location": {
          "x": 0.0,
          "y": 0.0,
          "z": 0.0
        },
        "rotation_quaternion": {
          "w": 0.9756582975387573,
          "x": 0.2192271649837494,
          "y": -0.00384313752874732,
          "z": -0.003969284240156412
        },
        "scale": {
          "x": 1.0,
          "y": 1.0,
          "z": 1.0
        },
        "matrix_basis": [
          [
            0.99993896484375,
            0.006060290150344372,
            -0.009239528328180313,
            0.0
          ],
          [
            -0.009430370293557644,
            0.9038473963737488,
            -0.4277510941028595,
            0.0
          ],
          [
            0.005758828017860651,
            0.4278120994567871,
            0.9038493633270264,
            0.0
          ],
          [
            0.0,
            0.0,
            0.0,
            1.0
          ]
        ],
        "rotation_mode": "QUATERNION"
      },
      "armature_space": {
        "head": {
          "x": 0.15032675862312317,
          "y": -0.6396008133888245,
          "z": 0.7509177327156067
        },
        "tail": {
          "x": 0.14932666718959808,
          "y": -0.6649810075759888,
          "z": 0.7364753484725952
        }
      },
      "world_space": {
        "head": {
          "x": 0.15032675862312317,
          "y": -0.576356828212738,
          "z": 1.7007718086242676
        },
        "tail": {
          "x": 0.14932666718959808,
          "y": -0.6017370223999023,
          "z": 1.6863293647766113
        },
        "rotation_quaternion": {
          "w": 0.25581613183021545,
          "x": -0.9584237933158875,
          "y": -0.015628112480044365,
          "z": 0.12545043230056763
        },
        "matrix": [
          [
            0.968035876750946,
            -0.034227751195430756,
            -0.24846488237380981,
            0.15032675862312317
          ],
          [
            0.09414111077785492,
            -0.8686281442642212,
            0.4864388704299927,
            -0.576356828212738
          ],
          [
            -0.23247496783733368,
            -0.4942854046821594,
            -0.8376461267471313,
            1.7007718086242676
          ],
          [
            0.0,
            0.0,
            0.0,
            1.0
          ]
        ]
      },
      "bone_length_armature_space": 0.029218776748487236,
      "parent": "index_02_l",
      "has_children": false,
      "is_end_bone": true
    },
    "metacarpal_pinky_l": {
      "name": "metacarpal_pinky_l",
      "local": {
        "location": {
          "x": 0.0,
          "y": 0.0,
          "z": 0.0
        },
        "rotation_quaternion": {
          "w": 0.9986221790313721,
          "x": -0.046966589987277985,
          "y": -0.019460134208202362,
          "z": -0.013007566332817078
        },
        "scale": {
          "x": 1.0,
          "y": 1.0,
          "z": 1.0
        },
        "matrix_basis": [
          [
            0.9989042282104492,
            0.027807241305708885,
            -0.037644799798727036,
            0.0
          ],
          [
            -0.024151336401700974,
            0.99524986743927,
            0.09431001543998718,
            0.0
          ],
          [
            0.040088485926389694,
            -0.09329749643802643,
            0.9948309063911438,
            0.0
          ],
          [
            0.0,
            0.0,
            0.0,
            1.0
          ]
        ],
        "rotation_mode": "QUATERNION"
      },
      "armature_space": {
        "head": {
          "x": 0.1879584789276123,
          "y": -0.47745949029922485,
          "z": 0.7283681631088257
        },
        "tail": {
          "x": 0.2143823355436325,
          "y": -0.5763854384422302,
          "z": 0.7473062872886658
        }
      },
      "world_space": {
        "head": {
          "x": 0.1879584789276123,
          "y": -0.4142155051231384,
          "z": 1.6782221794128418
        },
        "tail": {
          "x": 0.2143823355436325,
          "y": -0.5131414532661438,
          "z": 1.697160243988037
        },
        "rotation_quaternion": {
          "w": 0.14871393144130707,
          "x": 0.26885297894477844,
          "y": -0.05362711101770401,
          "z": -0.950119137763977
        },
        "matrix": [
          [
            -0.8112044334411621,
            0.2537565231323242,
            -0.5268349647521973,
            0.1879584789276123
          ],
          [
            -0.3114278316497803,
            -0.9500163793563843,
            0.021939747035503387,
            -0.4142155051231384
          ],
          [
            -0.4949381947517395,
            0.18186894059181213,
            0.8496904373168945,
            1.6782221794128418
          ],
          [
            0.0,
            0.0,
            0.0,
            1.0
          ]
        ]
      },
      "bone_length_armature_space": 0.10413076383043786,
      "parent": "lowerarm_l",
      "has_children": true,
      "is_end_bone": false
    },
    "pinky_01_l": {
      "name": "pinky_01_l",
      "local": {
        "location": {
          "x": 0.0,
          "y": 0.0,
          "z": 0.0
        },
        "rotation_quaternion": {
          "w": 0.9983501434326172,
          "x": 0.056970853358507156,
          "y": 0.007100725080817938,
          "z": -0.001018610899336636
        },
        "scale": {
          "x": 1.0,
          "y": 1.0,
          "z": 1.0
        },
        "matrix_basis": [
          [
            0.9998970627784729,
            0.002842929447069764,
            0.014061957597732544,
            0.0
          ],
          [
            -0.0012247919803485274,
            0.9935065507888794,
            -0.11376818269491196,
            0.0
          ],
          [
            -0.014294082298874855,
            0.1137392520904541,
            0.9934077858924866,
            0.0
          ],
          [
            0.0,
            0.0,
            0.0,
            1.0
          ]
        ],
        "rotation_mode": "QUATERNION"
      },
      "armature_space": {
        "head": {
          "x": 0.2143823355436325,
          "y": -0.5763854384422302,
          "z": 0.7473062872886658
        },
