{
  "metadata": {
    "armature_name": "KIM_caucasian_male",
    "export_time": "2026-01-13T21:05:48.140042",
    "blender_version": "4.4.1",
    "bone_count": 56,
    "end_bone_count": 13,
    "spaces_included": [
      "LOCAL_CHANNELS",
      "ARMATURE_SPACE",
      "WORLD_SPACE"
    ],
    "note": "LOCAL matches Transform panel; replay pose via local.matrix_basis for best fidelity."
  },
  "bones": {
    "Root": {
      "name": "Root",
      "local": {
        "location": {
          "x": 0.0,
          "y": 0.0,
          "z": 0.0
        },
        "rotation_quaternion": {
          "w": 0.9996241331100464,
          "x": -0.0183272585272789,
          "y": -0.015341764315962791,
          "z": 0.013435903005301952
        },
        "scale": {
          "x": 1.0,
          "y": 1.0,
          "z": 1.0
        },
        "matrix_basis": [
          [
            0.9991682171821594,
            -0.026299361139535904,
            -0.03116448223590851,
            0.0
          ],
          [
            0.027424050495028496,
            0.998967170715332,
            0.0362284779548645,
            0.0
          ],
          [
            0.03017950989305973,
            -0.037053000181913376,
            0.9988574981689453,
            0.0
          ],
          [
            0.0,
            0.0,
            0.0,
            1.0
          ]
        ],
        "rotation_mode": "QUATERNION"
      },
      "armature_space": {
        "head": {
          "x": 0.0,
          "y": 0.07072800397872925,
          "z": -0.009595036506652832
        },
        "tail": {
          "x": -0.001877139788120985,
          "y": 0.00042857974767684937,
          "z": 0.0026107924059033394
        }
      },
      "world_space": {
        "head": {
          "x": 0.0,
          "y": 0.13397200405597687,
          "z": 0.9402589797973633
        },
        "tail": {
          "x": -0.001877139788120985,
          "y": 0.06367257982492447,
          "z": 0.9524648189544678
        },
        "rotation_quaternion": {
          "w": 0.0856279507279396,
          "x": 0.9961184859275818,
          "y": -0.014438921585679054,
          "z": -0.014401761814951897
        },
        "matrix": [
          [
            0.9991682171821594,
            -0.026299361139535904,
            -0.03116448223590851,
            0.0
          ],
          [
            -0.03123214840888977,
            -0.9849186539649963,
            -0.17017574608325958,
            0.13397200405597687
          ],
          [
            -0.026219181716442108,
            0.17100778222084045,
            -0.9849278926849365,
            0.9402589797973633
          ],
          [
            0.0,
            0.0,
            0.0,
            1.0
          ]
        ]
      },
      "bone_length_armature_space": 0.07137587225347676,
      "parent": null,
      "has_children": true,
      "is_end_bone": false
    },
    "spine_01": {
      "name": "spine_01",
      "local": {
        "location": {
          "x": 0.0,
          "y": 0.0,
          "z": 0.0
        },
        "rotation_quaternion": {
          "w": 0.9992713928222656,
          "x": -0.023236490786075592,
          "y": 0.02470126748085022,
          "z": -0.017512457445263863
        },
        "scale": {
          "x": 1.0,
          "y": 1.0,
          "z": 1.0
        },
        "matrix_basis": [
          [
            0.9981663227081299,
            0.03385145217180252,
            0.05018039420247078,
            0.0
          ],
          [
            -0.0361473374068737,
            0.9983067512512207,
            0.04557396098971367,
            0.0
          ],
          [
            -0.04855268448591232,
            -0.04730428010225296,
            0.9976997971534729,
            0.0
          ],
          [
            0.0,
            0.0,
            0.0,
            1.0
          ]
        ],
        "rotation_mode": "QUATERNION"
      },
      "armature_space": {
        "head": {
          "x": -0.001877139788120985,
          "y": 0.00042857974767684937,
          "z": 0.0026107924059033394
        },
        "tail": {
          "x": 0.02929331548511982,
          "y": 0.06328050792217255,
          "z": 0.48554614186286926
        }
      },
      "world_space": {
        "head": {
          "x": -0.001877139788120985,
          "y": 0.06367257982492447,
          "z": 0.9524648189544678
        },
        "tail": {
          "x": 0.02929331548511982,
          "y": 0.12652450799942017,
          "z": 1.435400128364563
        },
        "rotation_quaternion": {
          "w": 0.7506811022758484,
          "x": 0.6597948670387268,
          "y": 0.029579466208815575,
          "z": -0.016545619815587997
        },
        "matrix": [
          [
            0.9977026581764221,
            0.06387372314929962,
            0.022575657814741135,
            -0.001877139788120985
          ],
          [
            0.014191355556249619,
            0.1287946105003357,
            -0.9915697574615479,
            0.06367257982492447
          ],
          [
            -0.06624332815408707,
            0.9896191358566284,
            0.12759223580360413,
            0.9524648189544678
          ],
          [
            0.0,
            0.0,
            0.0,
            1.0
          ]
        ]
      },
      "bone_length_armature_space": 0.48800461055250144,
      "parent": "Root",
      "has_children": true,
      "is_end_bone": false
    },
    "neck_01": {
      "name": "neck_01",
      "local": {
        "location": {
          "x": 0.0,
          "y": 0.0,
          "z": 0.0
        },
        "rotation_quaternion": {
          "w": 0.9956302046775818,
          "x": -0.08870504796504974,
          "y": 0.025705188512802124,
          "z": 0.013827129267156124
        },
        "scale": {
          "x": 1.0,
          "y": 1.0,
          "z": 1.0
        },
        "matrix_basis": [
          [
            0.9982960820198059,
            -0.032093774527311325,
            0.04873265326023102,
            0.0
          ],
          [
            0.02297305501997471,
            0.9838804602622986,
            0.17734570801258087,
            0.0
          ],
          [
            -0.053638797253370285,
            -0.17592398822307587,
            0.9829413294792175,
            0.0
          ],
          [
            0.0,
            0.0,
            0.0,
            1.0
          ]
        ],
        "rotation_mode": "QUATERNION"
      },
      "armature_space": {
        "head": {
          "x": 0.0347529835999012,
          "y": 0.0383225716650486,
          "z": 0.5624294877052307
        },
        "tail": {
          "x": 0.03838757425546646,
          "y": 0.029727699235081673,
          "z": 0.6645259261131287
        }
      },
      "world_space": {
        "head": {
          "x": 0.0347529835999012,
          "y": 0.10156656801700592,
          "z": 1.5122835636138916
        },
        "tail": {
          "x": 0.03838757425546646,
          "y": 0.09297169744968414,
          "z": 1.6143798828125
        },
        "rotation_quaternion": {
          "w": 0.6760668754577637,
          "x": 0.7361017465591431,
          "y": 0.03187240660190582,
          "z": 0.00848336610943079
        },
        "matrix": [
          [
            0.9978243708610535,
            0.03545204550027847,
            0.055585216730833054,
            0.0347529835999012
          ],
          [
            0.058393530547618866,
            -0.08383496105670929,
            -0.994767427444458,
            0.10156656801700592
          ],
          [
            -0.030606720596551895,
            0.9958556294441223,
            -0.08572427928447723,
            1.5122835636138916
          ],
          [
            0.0,
            0.0,
            0.0,
            1.0
          ]
        ]
      },
      "bone_length_armature_space": 0.10252202060815635,
      "parent": "spine_01",
      "has_children": true,
      "is_end_bone": false
    },
    "head": {
      "name": "head",
      "local": {
        "location": {
          "x": 0.0,
          "y": 0.0,
          "z": 0.0
        },
        "rotation_quaternion": {
          "w": 0.9938937425613403,
          "x": -0.05302036181092262,
          "y": -0.02177213504910469,
          "z": 0.09428705275058746
        },
        "scale": {
          "x": 1.0,
          "y": 1.0,
          "z": 1.0
        },
        "matrix_basis": [
          [
            0.9812718629837036,
            -0.18511389195919037,
            -0.05327664315700531,
            0.0
          ],
          [
            0.18973135948181152,
            0.9765976071357727,
            0.10128755122423172,
            0.0
          ],
          [
            0.033280111849308014,
            -0.10949887335300446,
            0.9934296011924744,
            0.0
          ],
          [
            0.0,
            0.0,
            0.0,
            1.0
          ]
        ],
        "rotation_mode": "QUATERNION"
      },
      "armature_space": {
        "head": {
          "x": 0.03838758170604706,
          "y": 0.029727548360824585,
          "z": 0.6645258665084839
        },
        "tail": {
          "x": 0.010556045919656754,
          "y": 0.08701945841312408,
          "z": 0.8059341907501221
        }
      },
      "world_space": {
        "head": {
          "x": 0.03838758170604706,
          "y": 0.0929715484380722,
          "z": 1.6143798828125
        },
        "tail": {
          "x": 0.010556045919656754,
          "y": 0.1502634584903717,
          "z": 1.7557882070541382
        },
        "rotation_quaternion": {
          "w": 0.826164960861206,
          "x": 0.5561589002609253,
          "y": -0.0464358925819397,
          "z": 0.07734668999910355
        },
        "matrix": [
          [
            0.9837223887443542,
            -0.17945384979248047,
            0.009307585656642914,
            0.03838758170604706
          ],
          [
            0.07615180313587189,
            0.3694102168083191,
            -0.9261410236358643,
            0.0929715484380722
          ],
          [
            0.16276244819164276,
            0.9117811322212219,
            0.37706446647644043,
            1.6143798828125
          ],
          [
            0.0,
            0.0,
            0.0,
            1.0
          ]
        ]
      },
      "bone_length_armature_space": 0.1550911693557901,
      "parent": "neck_01",
      "has_children": false,
      "is_end_bone": true
    },
    "upperarm_l": {
      "name": "upperarm_l",
      "local": {
        "location": {
          "x": 0.0,
          "y": 0.0,
          "z": 0.0
        },
        "rotation_quaternion": {
          "w": 0.7628930807113647,
          "x": 0.6110122799873352,
          "y": -0.07596511393785477,
          "z": 0.19719959795475006
        },
        "scale": {
          "x": 1.0,
          "y": 1.0,
          "z": 1.0
        },
        "matrix_basis": [
          [
            0.9106832146644592,
            -0.39371564984321594,
            0.12507623434066772,
            0.0
          ],
          [
            0.20805318653583527,
            0.1755526214838028,
            -0.9622346758842468,
            0.0
          ],
          [
            0.3568892776966095,
            0.9023135304450989,
            0.24178658425807953,
            0.0
          ],
          [
            0.0,
            0.0,
            0.0,
            1.0
          ]
        ],
        "rotation_mode": "QUATERNION"
      },
      "armature_space": {
        "head": {
          "x": 0.18018758296966553,
          "y": 0.028633039444684982,
          "z": 0.48638981580734253
        },
        "tail": {
          "x": 0.2505498230457306,
          "y": -0.19803574681282043,
          "z": 0.6108013987541199
        }
      },
      "world_space": {
        "head": {
          "x": 0.18018758296966553,
          "y": 0.0918770432472229,
          "z": 1.4362437725067139
        },
        "tail": {
          "x": 0.2505498230457306,
          "y": -0.13479174673557281,
          "z": 1.5606553554534912
        },
        "rotation_quaternion": {
          "w": 0.2704446315765381,
          "x": 0.7079637050628662,
          "y": -0.06262852251529694,
          "z": -0.6494033336639404
        },
        "matrix": [
          [
            0.14870700240135193,
            0.2625756561756134,
            -0.9533838629722595,
            0.18018758296966553
          ],
          [
            -0.4399328827857971,
            -0.8458755612373352,
            -0.30158618092536926,
            0.0918770432472229
          ],
          [
            -0.8856393098831177,
            0.4642752408981323,
            -0.010272132232785225,
            1.4362437725067139
          ],
          [
            0.0,
            0.0,
            0.0,
            1.0
          ]
        ]
      },
      "bone_length_armature_space": 0.267969828025162,
      "parent": "spine_01",
      "has_children": true,
      "is_end_bone": false
    },
    "lowerarm_l": {
      "name": "lowerarm_l",
      "local": {
        "location": {
          "x": 0.0,
          "y": 0.0,
          "z": 0.0
        },
        "rotation_quaternion": {
          "w": 0.9482699632644653,
          "x": 0.3174085319042206,
          "y": 0.005798010155558586,
          "z": 0.0015044863102957606
        },
        "scale": {
          "x": 1.0,
          "y": 1.0,
          "z": 1.0
        },
        "matrix_basis": [
          [
            0.9999282360076904,
            0.0008273574057966471,
            0.011951231397688389,
            0.0
          ],
          [
            0.00653399433940649,
            0.7984991073608398,
            -0.6019604802131653,
            0.0
          ],
          [
            -0.01004108414053917,
            0.6019954085350037,
            0.7984364032745361,
            0.0
          ],
          [
            0.0,
            0.0,
            0.0,
            1.0
          ]
        ],
        "rotation_mode": "QUATERNION"
      },
      "armature_space": {
        "head": {
          "x": 0.2505497932434082,
          "y": -0.19803577661514282,
          "z": 0.6108015179634094
        },
        "tail": {
          "x": 0.1209171861410141,
          "y": -0.39907675981521606,
          "z": 0.7305823564529419
        }
      },
      "world_space": {
        "head": {
          "x": 0.2505497932434082,
          "y": -0.1347917765378952,
          "z": 1.5606555938720703
        },
        "tail": {
          "x": 0.1209171861410141,
          "y": -0.33583277463912964,
          "z": 1.680436372756958
        },
        "rotation_quaternion": {
          "w": 0.01812462881207466,
          "x": 0.7190659642219543,
          "y": -0.3520336151123047,
          "z": -0.5989056825637817
        },
        "matrix": [
          [
            0.03476838022470474,
            -0.48456352949142456,
            -0.8740652203559875,
            0.2505497932434082
          ],
          [
            -0.5279814004898071,
            -0.7514863014221191,
            0.39560630917549133,
            -0.1347917765378952
          ],
          [
            -0.8485503196716309,
            0.4477378726005554,
            -0.2819698452949524,
            1.5606555938720703
          ],
          [
            0.0,
            0.0,
            0.0,
            1.0
          ]
        ]
      },
      "bone_length_armature_space": 0.26752483923286674,
      "parent": "upperarm_l",
      "has_children": true,
      "is_end_bone": false
    },
    "metacarpal_thumb_l": {
      "name": "metacarpal_thumb_l",
      "local": {
        "location": {
          "x": 0.0,
          "y": 0.0,
          "z": 0.0
        },
        "rotation_quaternion": {
          "w": 0.9993318319320679,
          "x": -0.035444337874650955,
          "y": 0.008565682917833328,
          "z": 0.0025326728355139494
        },
        "scale": {
          "x": 1.0,
          "y": 1.0,
          "z": 1.0
        },
        "matrix_basis": [
          [
            0.9998404383659363,
            -0.005669170990586281,
            0.01694038137793541,
            0.0
          ],
          [
            0.004454751033335924,
            0.9974745512008667,
            0.07088469713926315,
            0.0
          ],
          [
            -0.017299456521868706,
            -0.07079792022705078,
            0.9973406791687012,
            0.0
          ],
          [
            0.0,
            0.0,
            0.0,
            1.0
          ]
        ],
        "rotation_mode": "QUATERNION"
      },
      "armature_space": {
        "head": {
          "x": 0.1209171861410141,
          "y": -0.39907675981521606,
          "z": 0.7305823564529419
        },
        "tail": {
          "x": 0.07625288516283035,
          "y": -0.4199864864349365,
          "z": 0.7352157235145569
        }
      },
      "world_space": {
        "head": {
          "x": 0.1209171861410141,
          "y": -0.33583277463912964,
          "z": 1.680436372756958
        },
        "tail": {
          "x": 0.07625288516283035,
          "y": -0.3567425012588501,
          "z": 1.6850697994232178
        },
        "rotation_quaternion": {
          "w": 0.16206322610378265,
          "x": 0.8259498476982117,
          "y": -0.5125125050544739,
          "z": 0.1699216216802597
        },
        "matrix": [
          [
            0.4169148802757263,
            -0.9016957879066467,
            0.11457318067550659,
            0.1209171861410141
          ],
          [
            -0.7915434241294861,
            -0.42213189601898193,
            -0.44188693165779114,
            -0.33583277463912964
          ],
          [
            0.4468148350715637,
            0.09353991597890854,
            -0.88973069190979,
            1.680436372756958
          ],
          [
            0.0,
            0.0,
            0.0,
            1.0
          ]
        ]
      },
      "bone_length_armature_space": 0.04953366991246789,
      "parent": "lowerarm_l",
      "has_children": true,
      "is_end_bone": false
    },
    "thumb_01_l": {
      "name": "thumb_01_l",
      "local": {
        "location": {
          "x": 0.0,
          "y": 0.0,
          "z": 0.0
        },
        "rotation_quaternion": {
          "w": 0.9651197195053101,
          "x": 0.26072201132774353,
          "y": -0.023820843547582626,
          "z": 0.0006763481069356203
        },
        "scale": {
          "x": 1.0,
          "y": 1.0,
          "z": 1.0
        },
        "matrix_basis": [
          [
            0.9988642334938049,
            -0.013726750388741493,
            -0.045627254992723465,
            0.0
          ],
          [
            -0.011115722358226776,
            0.8640471696853638,
            -0.5032881498336792,
            0.0
          ],
          [
            0.04633260890841484,
            0.5032236576080322,
            0.862913191318512,
            0.0
          ],
          [
            0.0,
            0.0,
            0.0,
            1.0
          ]
        ],
        "rotation_mode": "QUATERNION"
      },
      "armature_space": {
        "head": {
          "x": 0.07625288516283035,
          "y": -0.4199864864349365,
          "z": 0.7352157235145569
        },
        "tail": {
          "x": 0.06608068943023682,
          "y": -0.4497166872024536,
          "z": 0.7221287488937378
        }
      },
      "world_space": {
        "head": {
          "x": 0.07625288516283035,
          "y": -0.3567425012588501,
          "z": 1.6850697994232178
        },
        "tail": {
          "x": 0.06608068943023682,
          "y": -0.3864727020263672,
          "z": 1.671982765197754
        },
        "rotation_quaternion": {
          "w": 0.06877054274082184,
          "x": 0.3624430000782013,
          "y": -0.2419864386320114,
          "z": 0.8974119424819946
        },
        "matrix": [
          [
            -0.727811872959137,
            -0.29884326457977295,
            0.6172381043434143,
            0.07625288516283035
          ],
          [
            -0.05198086053133011,
            -0.8734270334243774,
            -0.4841732680797577,
            -0.3567425012588501
          ],
          [
            0.6838088035583496,
            -0.3844749331474304,
            0.6201601028442383,
            1.6850697994232178
          ],
          [
            0.0,
            0.0,
            0.0,
            1.0
          ]
        ]
      },
      "bone_length_armature_space": 0.034038615202622906,
      "parent": "metacarpal_thumb_l",
      "has_children": true,
      "is_end_bone": false
    },
    "thumb_02_l": {
      "name": "thumb_02_l",
      "local": {
        "location": {
          "x": 0.0,
          "y": 0.0,
          "z": 0.0
        },
        "rotation_quaternion": {
          "w": 0.8783805966377258,
          "x": 0.477914035320282,
          "y": -0.00552087277173996,
          "z": -0.003913441207259893
        },
        "scale": {
          "x": 1.0,
          "y": 1.0,
          "z": 1.0
        },
        "matrix_basis": [
          [
            0.9999083876609802,
            0.0015979764284566045,
            -0.01343943178653717,
            0.0
          ],
          [
            -0.012151986360549927,
            0.5431657433509827,
            -0.8395376205444336,
            0.0
          ],
          [
            0.005958278197795153,
            0.8396240472793579,
            0.543135404586792,
            0.0
          ],
          [
            0.0,
            0.0,
            0.0,
            1.0
          ]
        ],
        "rotation_mode": "QUATERNION"
      },
      "armature_space": {
        "head": {
          "x": 0.06608068943023682,
          "y": -0.4497166574001312,
          "z": 0.7221287488937378
        },
        "tail": {
          "x": 0.07169345766305923,
          "y": -0.44789519906044006,
          "z": 0.7618575692176819
        }
      },
      "world_space": {
        "head": {
          "x": 0.06608068943023682,
          "y": -0.3864726424217224,
          "z": 1.671982765197754
        },
        "tail": {
          "x": 0.07169345766305923,
          "y": -0.38465118408203125,
          "z": 1.7117116451263428
        },
        "rotation_quaternion": {
          "w": 0.09443841129541397,
          "x": 0.18518033623695374,
          "y": 0.7167678475379944,
          "z": 0.6656076312065125
        },
        "matrix": [
          [
            -0.9135791063308716,
            0.13974475860595703,
            0.3818965554237366,
            0.06608068943023682
          ],
          [
            0.39118143916130066,
            0.045349836349487305,
            0.919195830821991,
            -0.3864726424217224
          ],
          [
            0.11113488674163818,
            0.9891555309295654,
            -0.09609615802764893,
            1.671982765197754
          ],
          [
            0.0,
            0.0,
            0.0,
            1.0
          ]
        ]
      },
      "bone_length_armature_space": 0.04016466193689098,
      "parent": "thumb_01_l",
      "has_children": true,
      "is_end_bone": false
    },
    "thumb_03_l": {
      "name": "thumb_03_l",
      "local": {
        "location": {
          "x": 0.0,
          "y": 0.0,
          "z": 0.0
        },
        "rotation_quaternion": {
          "w": 0.9855141639709473,
          "x": 0.16958506405353546,
          "y": -0.00032990891486406326,
          "z": -0.0016210173489525914
        },
        "scale": {
          "x": 1.0,
          "y": 1.0,
          "z": 1.0
        },
        "matrix_basis": [
          [
            0.9999945163726807,
            0.003083175979554653,
            -0.0012000604765489697,
            0.0
          ],
          [
            -0.0033069662749767303,
            0.9424765706062317,
            -0.3342559039592743,
            0.0
          ],
          [
            0.00010045915405498818,
            0.3342580199241638,
            0.9424815773963928,
            0.0
          ],
          [
            0.0,
            0.0,
            0.0,
            1.0
          ]
        ],
        "rotation_mode": "QUATERNION"
      },
      "armature_space": {
        "head": {
          "x": 0.07169337570667267,
          "y": -0.44789525866508484,
          "z": 0.7618575692176819
        },
        "tail": {
          "x": 0.08224785327911377,
          "y": -0.4314354360103607,
          "z": 0.7851937413215637
        }
      },
      "world_space": {
        "head": {
          "x": 0.07169337570667267,
          "y": -0.384651243686676,
          "z": 1.7117116451263428
        },
        "tail": {
          "x": 0.08224785327911377,
          "y": -0.3681914210319519,
          "z": 1.7350478172302246
        },
        "rotation_quaternion": {
          "w": 0.15536585450172424,
          "x": -0.11707859486341476,
          "y": -0.8638185858726501,
          "z": -0.4647272527217865
        },
        "matrix": [
          [
            -0.9243084192276001,
            0.34667497873306274,
            -0.15959535539150238,
            0.07169337570667267
          ],
          [
            0.05786539986729622,
            0.540643036365509,
            0.8392599821090698,
            -0.384651243686676
          ],
          [
            0.37723708152770996,
            0.7665055394172668,
            -0.5197842121124268,
            1.7117116451263428
          ],
          [
            0.0,
            0.0,
            0.0,
            1.0
          ]
        ]
      },
      "bone_length_armature_space": 0.030445026822537226,
      "parent": "thumb_02_l",
      "has_children": false,
      "is_end_bone": true
    },
    "metacarpal_index_l": {
      "name": "metacarpal_index_l",
      "local": {
        "location": {
          "x": 0.0,
          "y": 0.0,
          "z": 0.0
        },
        "rotation_quaternion": {
          "w": 0.9999233484268188,
          "x": -0.008513705804944038,
          "y": 0.008783655241131783,
          "z": 0.0019178470829501748
        },
        "scale": {
          "x": 1.0,
          "y": 1.0,
          "z": 1.0
        },
        "matrix_basis": [
          [
            0.9998383522033691,
            -0.003984963055700064,
            0.017533307895064354,
            0.0
          ],
          [
            0.003685837145894766,
            0.9998476505279541,
            0.017059797421097755,
            0.0
          ],
          [
            -0.017598619684576988,
            -0.016992414370179176,
            0.9997007250785828,
            0.0
          ],
          [
            0.0,
            0.0,
            0.0,
            1.0
          ]
        ],
        "rotation_mode": "QUATERNION"
      },
      "armature_space": {
        "head": {
          "x": 0.1209171861410141,
          "y": -0.39907675981521606,
          "z": 0.7305823564529419
        },
        "tail": {
          "x": 0.03629350662231445,
          "y": -0.47131776809692383,
          "z": 0.7673152685165405
        }
      },
      "world_space": {
        "head": {
          "x": 0.1209171861410141,
          "y": -0.33583277463912964,
          "z": 1.680436372756958
        },
        "tail": {
          "x": 0.03629350662231445,
          "y": -0.4080737829208374,
          "z": 1.7171692848205566
        },
        "rotation_quaternion": {
          "w": 0.1088942214846611,
          "x": 0.8878111839294434,
          "y": -0.42411360144615173,
          "z": -0.1416369527578354
        },
        "matrix": [
          [
            0.6001331210136414,
            -0.7222192287445068,
            -0.3438607454299927,
            0.1209171861410141
          ],
          [
            -0.7839127779006958,
            -0.6165394186973572,
            -0.07321411371231079,
            -0.33583277463912964
          ],
          [
            -0.1591288447380066,
            0.31349658966064453,
            -0.9361686706542969,
            1.680436372756958
          ],
          [
            0.0,
            0.0,
            0.0,
            1.0
          ]
        ]
      },
      "bone_length_armature_space": 0.11717182740074954,
      "parent": "lowerarm_l",
      "has_children": true,
      "is_end_bone": false
    },
    "index_01_l": {
      "name": "index_01_l",
      "local": {
        "location": {
          "x": 0.0,
          "y": 0.0,
          "z": 0.0
        },
        "rotation_quaternion": {
          "w": 0.9475772380828857,
          "x": 0.31904336810112,
          "y": 0.007581972051411867,
          "z": -0.01585511676967144
        },
        "scale": {
          "x": 1.0,
          "y": 1.0,
          "z": 1.0
        },
        "matrix_basis": [
          [
            0.9993822574615479,
            0.03488584980368614,
            0.0042520686984062195,
            0.0
          ],
          [
            -0.02520993910729885,
            0.7959198951721191,
            -0.6048768758773804,
            0.0
          ],
          [
            -0.02448594756424427,
            0.6043960452079773,
            0.7963076829910278,
            0.0
          ],
          [
            0.0,
            0.0,
            0.0,
            1.0
          ]
        ],
        "rotation_mode": "QUATERNION"
      },
      "armature_space": {
        "head": {
          "x": 0.03629350662231445,
          "y": -0.47131776809692383,
          "z": 0.7673152685165405
        },
        "tail": {
          "x": 0.020797519013285637,
          "y": -0.49403640627861023,
          "z": 0.7597780823707581
        }
      },
      "world_space": {
        "head": {
          "x": 0.03629350662231445,
          "y": -0.4080737829208374,
          "z": 1.7171692848205566
        },
        "tail": {
          "x": 0.020797519013285637,
          "y": -0.4307923913002014,
          "z": 1.709632158279419
        },
        "rotation_quaternion": {
          "w": 0.1623934954404831,
          "x": -0.9446561932563782,
          "y": 0.2743300497531891,
          "z": 0.07743369787931442
        },
        "matrix": [
          [
            0.8374943733215332,
            -0.5434448719024658,
            -0.05719682574272156,
            0.03629350662231445
          ],
          [
            -0.49314630031585693,
            -0.7967430353164673,
            0.349296510219574,
            -0.4080737829208374
          ],
          [
            -0.2353965789079666,
            -0.26432979106903076,
            -0.935271143913269,
            1.7171692848205566
          ],
          [
            0.0,
            0.0,
            0.0,
            1.0
          ]
        ]
      },
      "bone_length_armature_space": 0.028514405760415355,
      "parent": "metacarpal_index_l",
      "has_children": true,
      "is_end_bone": false
    },
    "index_02_l": {
      "name": "index_02_l",
      "local": {
        "location": {
          "x": 0.0,
          "y": 0.0,
          "z": 0.0
        },
        "rotation_quaternion": {
          "w": 0.9032540321350098,
          "x": 0.42896562814712524,
          "y": 0.002534393686801195,
          "z": 0.010697591118514538
        },
        "scale": {
          "x": 1.0,
          "y": 1.0,
          "z": 1.0
        },
        "matrix_basis": [
          [
            0.9997583031654358,
            -0.01715094968676567,
            0.013756200671195984,
            0.0
          ],
          [
            0.021499620750546455,
            0.6317480802536011,
            -0.7748756408691406,
            0.0
          ],
          [
            0.004599395208060741,
            0.7749840617179871,
            0.6319641470909119,
            0.0
          ],
          [
            0.0,
            0.0,
            0.0,
            1.0
          ]
        ],
        "rotation_mode": "QUATERNION"
      },
      "armature_space": {
        "head": {
          "x": 0.020797092467546463,
          "y": -0.494036465883255,
          "z": 0.7597777247428894
        },
        "tail": {
          "x": 0.009472142904996872,
          "y": -0.5002003312110901,
          "z": 0.7376000285148621
        }
      },
      "world_space": {
        "head": {
          "x": 0.020797092467546463,
          "y": -0.4307924509048462,
          "z": 1.7096316814422607
        },
        "tail": {
          "x": 0.009472142904996872,
          "y": -0.43695634603500366,
          "z": 1.6874539852142334
        },
        "rotation_quaternion": {
          "w": 0.5455324649810791,
          "x": -0.787432849407196,
          "y": 0.2868035137653351,
          "z": -0.009362561628222466
        },
        "matrix": [
          [
            0.8353115916252136,
            -0.44146227836608887,
            0.3276680111885071,
            0.020797092467546463
          ],
          [
            -0.4618944227695465,
            -0.24027612805366516,
            0.8537691831588745,
            -0.4307924509048462
          ],
          [
            -0.29817840456962585,
            -0.8645169138908386,
            -0.40461623668670654,
            1.7096316814422607
          ],
          [
            0.0,
            0.0,
            0.0,
            1.0
          ]
        ]
      },
      "bone_length_armature_space": 0.02565341913666547,
      "parent": "index_01_l",
      "has_children": true,
      "is_end_bone": false
    },
    "index_03_l": {
      "name": "index_03_l",
      "local": {
        "location": {
          "x": 0.0,
          "y": 0.0,
          "z": 0.0
        },
        "rotation_quaternion": {
          "w": 0.9373247623443604,
          "x": 0.34840938448905945,
          "y": -0.004425263497978449,
          "z": -0.0037117055617272854
        },
        "scale": {
          "x": 1.0,
          "y": 1.0,
          "z": 1.0
        },
        "matrix_basis": [
          [
            0.9999333024024963,
            0.003874540328979492,
            -0.01088220439851284,
            0.0
          ],
          [
            -0.010041753761470318,
            0.7571942210197449,
            -0.6531126499176025,
            0.0
          ],
          [
            0.005709432065486908,
            0.653178334236145,
            0.7571826577186584,
            0.0
          ],
          [
            0.0,
            0.0,
            0.0,
            1.0
          ]
        ],
        "rotation_mode": "QUATERNION"
      },
      "armature_space": {
        "head": {
          "x": 0.009472079575061798,
          "y": -0.5002004504203796,
          "z": 0.7376000881195068
        },
        "tail": {
          "x": 0.010269587859511375,
          "y": -0.4887687861919403,
          "z": 0.7107221484184265
        }
      },
      "world_space": {
        "head": {
          "x": 0.009472079575061798,
          "y": -0.4369564652442932,
          "z": 1.687454104423523
        },
        "tail": {
          "x": 0.010269587859511375,
          "y": -0.4255247712135315,
          "z": 1.6605761051177979
        },
        "rotation_quaternion": {
          "w": 0.8038824200630188,
          "x": -0.5271616578102112,
          "y": 0.22225059568881989,
          "z": -0.16272151470184326
        },
        "matrix": [
          [
            0.8482533097267151,
            0.027294456958770752,
            0.5288876295089722,
            0.009472079575061798
          ],
          [
            -0.49594205617904663,
            0.39124464988708496,
            0.775222659111023,
            -0.4369564652442932
          ],
          [
            -0.18576684594154358,
            -0.9198881387710571,
            0.3454137444496155,
            1.687454104423523
          ],
          [
            0.0,
            0.0,
            0.0,
            1.0
          ]
        ]
      },
      "bone_length_armature_space": 0.02921887458165487,
      "parent": "index_02_l",
      "has_children": false,
      "is_end_bone": true
    },
    "metacarpal_pinky_l": {
      "name": "metacarpal_pinky_l",
      "local": {
        "location": {
          "x": 0.0,
          "y": 0.0,
          "z": 0.0
        },
        "rotation_quaternion": {
          "w": 0.9988060593605042,
          "x": -0.04550857096910477,
          "y": 0.009850941598415375,
          "z": -0.014780127443373203
        },
        "scale": {
          "x": 1.0,
          "y": 1.0,
          "z": 1.0
        },
        "matrix_basis": [
          [
            0.9993690252304077,
            0.028628356754779816,
            0.02102360501885414,
            0.0
          ],
          [
            -0.03042156621813774,
            0.9954210519790649,
            0.09061727672815323,
            0.0
          ],
          [
            -0.018333114683628082,
            -0.09119966626167297,
            0.9956638813018799,
            0.0
          ],
          [
            0.0,
            0.0,
            0.0,
            1.0
          ]
        ],
        "rotation_mode": "QUATERNION"
      },
      "armature_space": {
        "head": {
          "x": 0.1209171861410141,
          "y": -0.39907675981521606,
          "z": 0.7305823564529419
        },
        "tail": {
          "x": 0.10063651204109192,
          "y": -0.49119624495506287,
          "z": 0.774695098400116
        }
      },
      "world_space": {
        "head": {
          "x": 0.1209171861410141,
          "y": -0.33583277463912964,
          "z": 1.680436372756958
        },
        "tail": {
          "x": 0.10063651204109192,
          "y": -0.42795222997665405,
          "z": 1.7245490550994873
        },
        "rotation_quaternion": {
          "w": 0.055933136492967606,
          "x": -0.18892185389995575,
          "y": 0.2335498034954071,
          "z": 0.9521735906600952
        },
        "matrix": [
          [
            -0.9223604798316956,
            -0.19476157426834106,
            -0.333646297454834,
            0.1209171861410141
          ],
          [
            0.01827087253332138,
            -0.8846520185470581,
            0.4658941924571991,
            -0.33583277463912964
          ],
          [
            -0.38590145111083984,
            0.42362838983535767,
            0.8195321559906006,
            1.680436372756958
          ],
          [
            0.0,
            0.0,
            0.0,
            1.0
          ]
        ]
      },
      "bone_length_armature_space": 0.10413087758406926,
      "parent": "lowerarm_l",
      "has_children": true,
      "is_end_bone": false
    },
    "pinky_01_l": {
      "name": "pinky_01_l",
      "local": {
        "location": {
          "x": 0.0,
          "y": 0.0,
          "z": 0.0
        },
        "rotation_quaternion": {
          "w": 0.9438803791999817,
          "x": 0.3297118842601776,
          "y": -0.001301621668972075,
          "z": -0.01944783143699169
        },
        "scale": {
          "x": 1.0,
          "y": 1.0,
          "z": 1.0
        },
        "matrix_basis": [
          [
            0.9992401599884033,
            0.035854533314704895,
            -0.015281512401998043,
            0.0
          ],
          [
            -0.037571173161268234,
            0.7818236947059631,
            -0.6223665475845337,
            0.0
          ],
          [
            -0.010367211885750294,
            0.6224677562713623,
            0.7825767397880554,
            0.0
          ],
          [
            0.0,
            0.0,
            0.0,
            1.0
          ]
        ],
        "rotation_mode": "QUATERNION"
      },
      "armature_space": {
        "head": {
          "x": 0.10063651204109192,
          "y": -0.49119624495506287,
          "z": 0.774695098400116
        },
        "tail": {
