{
  "metadata": {
    "armature_name": "KIM_caucasian_male",
    "export_time": "2026-01-13T19:11:46.199331",
    "blender_version": "4.4.1",
    "bone_count": 56,
    "end_bone_count": 13,
    "spaces_included": [
      "LOCAL_CHANNELS",
      "ARMATURE_SPACE",
      "WORLD_SPACE"
    ],
    "note": "LOCAL matches Transform panel; replay pose via local.matrix_basis for best fidelity."
  },
  "bones": {
    "Root": {
      "name": "Root",
      "local": {
        "location": {
          "x": 0.0,
          "y": 0.0,
          "z": 0.0
        },
        "rotation_quaternion": {
          "w": 0.9998106956481934,
          "x": -0.0077695539221167564,
          "y": -0.01595168747007847,
          "z": 0.007990420795977116
        },
        "scale": {
          "x": 1.0,
          "y": 1.0,
          "z": 1.0
        },
        "matrix_basis": [
          [
            0.9993634223937988,
            -0.015729941427707672,
            -0.032021500170230865,
            0.0
          ],
          [
            0.016225691884756088,
            0.9997515678405762,
            0.015281245112419128,
            0.0
          ],
          [
            0.031773172318935394,
            -0.015791088342666626,
            0.9993703365325928,
            0.0
          ],
          [
            0.0,
            0.0,
            0.0,
            1.0
          ]
        ],
        "rotation_mode": "QUATERNION"
      },
      "armature_space": {
        "head": {
          "x": 0.0,
          "y": 0.07072800397872925,
          "z": -0.009595036506652832
        },
        "tail": {
          "x": -0.0011227382346987724,
          "y": 0.00016909092664718628,
          "z": 0.001114496961236
        }
      },
      "world_space": {
        "head": {
          "x": 0.0,
          "y": 0.13397200405597687,
          "z": 0.9402589797973633
        },
        "tail": {
          "x": -0.0011227382346987724,
          "y": 0.0634130910038948,
          "z": 0.9509685039520264
        },
        "rotation_quaternion": {
          "w": 0.07510680705308914,
          "x": 0.9970158934593201,
          "y": -0.00904690008610487,
          "z": -0.015377150848507881
        },
        "matrix": [
          [
            0.9993634223937988,
            -0.015729941427707672,
            -0.032021500170230865,
            0.0
          ],
          [
            -0.020349672064185143,
            -0.9885541796684265,
            -0.14948759973049164,
            0.13397200405597687
          ],
          [
            -0.0293037798255682,
            0.15004417300224304,
            -0.9882519841194153,
            0.9402589797973633
          ],
          [
            0.0,
            0.0,
            0.0,
            1.0
          ]
        ]
      },
      "bone_length_armature_space": 0.07137587144672818,
      "parent": null,
      "has_children": true,
      "is_end_bone": false
    },
    "spine_01": {
      "name": "spine_01",
      "local": {
        "location": {
          "x": 0.0,
          "y": 0.0,
          "z": 0.0
        },
        "rotation_quaternion": {
          "w": 0.9994127750396729,
          "x": 0.005649208556860685,
          "y": 0.0005010347813367844,
          "z": -0.03379525989294052
        },
        "scale": {
          "x": 1.0,
          "y": 1.0,
          "z": 1.0
        },
        "matrix_basis": [
          [
            0.9977152347564697,
            0.06755649298429489,
            0.0006196481990627944,
            0.0
          ],
          [
            -0.06754516810178757,
            0.9976519346237183,
            -0.011325648054480553,
            0.0
          ],
          [
            -0.0013833140255883336,
            0.011257917620241642,
            0.9999356865882874,
            0.0
          ],
          [
            0.0,
            0.0,
            0.0,
            1.0
          ]
        ],
        "rotation_mode": "QUATERNION"
      },
      "armature_space": {
        "head": {
          "x": -0.0011227382346987724,
          "y": 0.00016909092664718628,
          "z": 0.001114496961236
        },
        "tail": {
          "x": 0.04657808691263199,
          "y": 0.02417478710412979,
          "z": 0.4861885905265808
        }
      },
      "world_space": {
        "head": {
          "x": -0.0011227382346987724,
          "y": 0.0634130910038948,
          "z": 0.9509685039520264
        },
        "tail": {
          "x": 0.04657808691263199,
          "y": 0.08741878718137741,
          "z": 1.4360425472259521
        },
        "rotation_quaternion": {
          "w": 0.7237821221351624,
          "x": 0.6882309317588806,
          "y": 0.027113381773233414,
          "z": -0.04174378886818886
        },
        "matrix": [
          [
            0.9950445890426636,
            0.09774734824895859,
            -0.0182109996676445,
            -0.0011227382346987724
          ],
          [
            -0.02310696430504322,
            0.049191877245903015,
            -0.9985220432281494,
            0.0634130910038948
          ],
          [
            -0.09670772403478622,
            0.9940018057823181,
            0.05120619386434555,
            0.9509685039520264
          ],
          [
            0.0,
            0.0,
            0.0,
            1.0
          ]
        ]
      },
      "bone_length_armature_space": 0.48800464389038456,
      "parent": "Root",
      "has_children": true,
      "is_end_bone": false
    },
    "neck_01": {
      "name": "neck_01",
      "local": {
        "location": {
          "x": 0.0,
          "y": 0.0,
          "z": 0.0
        },
        "rotation_quaternion": {
          "w": 0.9906874895095825,
          "x": -0.0654594898223877,
          "y": -0.11368607729673386,
          "z": -0.036453474313020706
        },
        "scale": {
          "x": 1.0,
          "y": 1.0,
          "z": 1.0
        },
        "matrix_basis": [
          [
            0.9714932441711426,
            0.08711166679859161,
            -0.22048230469226837,
            0.0
          ],
          [
            -0.057344336062669754,
            0.9887723922729492,
            0.13798829913139343,
            0.0
          ],
          [
            0.2300271987915039,
            -0.1214112937450409,
            0.9655810594558716,
            0.0
          ],
          [
            0.0,
            0.0,
            0.0,
            1.0
          ]
        ],
        "rotation_mode": "QUATERNION"
      },
      "armature_space": {
        "head": {
          "x": 0.05310343578457832,
          "y": -0.0068526435643434525,
          "z": 0.5607437491416931
        },
        "tail": {
          "x": 0.07114709913730621,
          "y": -0.029185567051172256,
          "z": 0.6591633558273315
        }
      },
      "world_space": {
        "head": {
          "x": 0.05310343578457832,
          "y": 0.056391358375549316,
          "z": 1.5105977058410645
        },
        "tail": {
          "x": 0.07114709913730621,
          "y": 0.03405843302607536,
          "z": 1.6090173721313477
        },
        "rotation_quaternion": {
          "w": 0.625186562538147,
          "x": 0.7639585137367249,
          "y": -0.014941483736038208,
          "z": -0.15901535749435425
        },
        "matrix": [
          [
            0.9489820599555969,
            0.17599910497665405,
            -0.26164355874061584,
            0.05310343578457832
          ],
          [
            -0.22165679931640625,
            -0.21783682703971863,
            -0.9504817724227905,
            0.056391358375549316
          ],
          [
            -0.22428129613399506,
            0.9599916338920593,
            -0.1677139401435852,
            1.5105977058410645
          ],
          [
            0.0,
            0.0,
            0.0,
            1.0
          ]
        ]
      },
      "bone_length_armature_space": 0.10252195879795979,
      "parent": "spine_01",
      "has_children": true,
      "is_end_bone": false
    },
    "head": {
      "name": "head",
      "local": {
        "location": {
          "x": 0.0,
          "y": 0.0,
          "z": 0.0
        },
        "rotation_quaternion": {
          "w": 0.9937373995780945,
          "x": 0.04521368443965912,
          "y": 0.025814950466156006,
          "z": -0.09887088090181351
        },
        "scale": {
          "x": 1.0,
          "y": 1.0,
          "z": 1.0
        },
        "matrix_basis": [
          [
            0.9791162610054016,
            0.1988377571105957,
            0.04236593097448349,
            0.0
          ],
          [
            -0.19416899979114532,
            0.976360559463501,
            -0.09496574848890305,
            0.0
          ],
          [
            -0.06024719774723053,
            0.08475636690855026,
            0.9945785999298096,
            0.0
          ],
          [
            0.0,
            0.0,
            0.0,
            1.0
          ]
        ],
        "rotation_mode": "QUATERNION"
      },
      "armature_space": {
        "head": {
          "x": 0.07114704698324203,
          "y": -0.029185697436332703,
          "z": 0.6591632962226868
        },
        "tail": {
          "x": 0.1370716691017151,
          "y": -0.027487892657518387,
          "z": 0.7995353937149048
        }
      },
      "world_space": {
        "head": {
          "x": 0.07114704698324203,
          "y": 0.03405830264091492,
          "z": 1.6090173721313477
        },
        "tail": {
          "x": 0.1370716691017151,
          "y": 0.03575610741972923,
          "z": 1.749389410018921
        },
        "rotation_quaternion": {
          "w": 0.7054671049118042,
          "x": 0.6687094569206238,
          "y": 0.08825826644897461,
          "z": -0.21761074662208557
        },
        "matrix": [
          [
            0.8897116184234619,
            0.4250727891921997,
            -0.1665123552083969,
            0.07114704698324203
          ],
          [
            -0.1889989674091339,
            0.01094721257686615,
            -0.9819163084030151,
            0.03405830264091492
          ],
          [
            -0.4155661165714264,
            0.9050994515419006,
            0.09007783234119415,
            1.6090173721313477
          ],
          [
            0.0,
            0.0,
            0.0,
            1.0
          ]
        ]
      },
      "bone_length_armature_space": 0.15509114602630214,
      "parent": "neck_01",
      "has_children": false,
      "is_end_bone": true
    },
    "upperarm_l": {
      "name": "upperarm_l",
      "local": {
        "location": {
          "x": 0.0,
          "y": 0.0,
          "z": 0.0
        },
        "rotation_quaternion": {
          "w": 0.9334844350814819,
          "x": 0.16668705642223358,
          "y": -0.2506004869937897,
          "z": 0.19499163329601288
        },
        "scale": {
          "x": 1.0,
          "y": 1.0,
          "z": 1.0
        },
        "matrix_basis": [
          [
            0.7983553409576416,
            -0.4475870132446289,
            -0.4028581380844116,
            0.0
          ],
          [
            0.2804996073246002,
            0.8683874011039734,
            -0.4089295566082001,
            0.0
          ],
          [
            0.5328684449195862,
            0.21346955001354218,
            0.8188296556472778,
            0.0
          ],
          [
            0.0,
            0.0,
            0.0,
            1.0
          ]
        ],
        "rotation_mode": "QUATERNION"
      },
      "armature_space": {
        "head": {
          "x": 0.19573266804218292,
          "y": -0.01680918037891388,
          "z": 0.47959625720977783
        },
        "tail": {
          "x": 0.4421277940273285,
          "y": -0.06754648685455322,
          "z": 0.5719157457351685
        }
      },
      "world_space": {
        "head": {
          "x": 0.19573266804218292,
          "y": 0.04643481969833374,
          "z": 1.429450273513794
        },
        "tail": {
          "x": 0.4421277940273285,
          "y": -0.004302486777305603,
          "z": 1.5217697620391846
        },
        "rotation_quaternion": {
          "w": 0.6063132882118225,
          "x": 0.4779450297355652,
          "y": 0.19420446455478668,
          "z": -0.6051756143569946
        },
        "matrix": [
          [
            0.19209203124046326,
            0.9194896817207336,
            -0.3429858684539795,
            0.19573266804218292
          ],
          [
            -0.5482160449028015,
            -0.18933992087841034,
            -0.8146224617958069,
            0.04643481969833374
          ],
          [
            -0.8139840364456177,
            0.34451499581336975,
            0.46771082282066345,
            1.429450273513794
          ],
          [
            0.0,
            0.0,
            0.0,
            1.0
          ]
        ]
      },
      "bone_length_armature_space": 0.2679696229720285,
      "parent": "spine_01",
      "has_children": true,
      "is_end_bone": false
    },
    "lowerarm_l": {
      "name": "lowerarm_l",
      "local": {
        "location": {
          "x": 0.0,
          "y": 0.0,
          "z": 0.0
        },
        "rotation_quaternion": {
          "w": 0.9366545081138611,
          "x": 0.252910315990448,
          "y": -0.0948738157749176,
          "z": 0.22296568751335144
        },
        "scale": {
          "x": 1.0,
          "y": 1.0,
          "z": 1.0
        },
        "matrix_basis": [
          [
            0.8825705051422119,
            -0.4656727612018585,
            -0.06494732946157455,
            0.0
          ],
          [
            0.3696945011615753,
            0.7726453542709351,
            -0.5160863995552063,
            0.0
          ],
          [
            0.2905086278915405,
            0.43147197365760803,
            0.8540706634521484,
            0.0
          ],
          [
            0.0,
            0.0,
            0.0,
            1.0
          ]
        ],
        "rotation_mode": "QUATERNION"
      },
      "armature_space": {
        "head": {
          "x": 0.4421278238296509,
          "y": -0.06754648685455322,
          "z": 0.5719159245491028
        },
        "tail": {
          "x": 0.540599524974823,
          "y": -0.11542800068855286,
          "z": 0.8160077333450317
        }
      },
      "world_space": {
        "head": {
          "x": 0.4421278238296509,
          "y": -0.004302486777305603,
          "z": 1.5217700004577637
        },
        "tail": {
          "x": 0.540599524974823,
          "y": -0.05218400061130524,
          "z": 1.7658617496490479
        },
        "rotation_quaternion": {
          "w": 0.5980713367462158,
          "x": 0.5615997910499573,
          "y": -0.22982899844646454,
          "z": -0.5235409140586853
        },
        "matrix": [
          [
            0.3461635112762451,
            0.36808475852012634,
            -0.8629508018493652,
            0.4421278238296509
          ],
          [
            -0.8843749761581421,
            -0.17897993326187134,
            -0.43110013008117676,
            -0.004302486777305603
          ],
          [
            -0.3131353259086609,
            0.9124093055725098,
            0.26357030868530273,
            1.5217700004577637
          ],
          [
            0.0,
            0.0,
            0.0,
            1.0
          ]
        ]
      },
      "bone_length_armature_space": 0.2675259336506276,
      "parent": "upperarm_l",
      "has_children": true,
      "is_end_bone": false
    },
    "metacarpal_thumb_l": {
      "name": "metacarpal_thumb_l",
      "local": {
        "location": {
          "x": 0.0,
          "y": 0.0,
          "z": 0.0
        },
        "rotation_quaternion": {
          "w": 0.9993586540222168,
          "x": -0.03561956807971001,
          "y": -0.0029845370445400476,
          "z": 0.002154085785150528
        },
        "scale": {
          "x": 1.0,
          "y": 1.0,
          "z": 1.0
        },
        "matrix_basis": [
          [
            0.9999728798866272,
            -0.004092792514711618,
            -0.006118700839579105,
            0.0
          ],
          [
            0.004518024157732725,
            0.9974532127380371,
            0.07118058949708939,
            0.0
          ],
          [
            0.005811790470033884,
            -0.07120630145072937,
            0.9974446892738342,
            0.0
          ],
          [
            0.0,
            0.0,
            0.0,
            1.0
          ]
        ],
        "rotation_mode": "QUATERNION"
      },
      "armature_space": {
        "head": {
          "x": 0.540599524974823,
          "y": -0.11542800068855286,
          "z": 0.8160077333450317
        },
        "tail": {
          "x": 0.5316799283027649,
          "y": -0.14006783068180084,
          "z": 0.8580425381660461
        }
      },
      "world_space": {
        "head": {
          "x": 0.540599524974823,
          "y": -0.05218400061130524,
          "z": 1.7658617496490479
        },
        "tail": {
          "x": 0.5316799283027649,
          "y": -0.07682383060455322,
          "z": 1.807896614074707
        },
        "rotation_quaternion": {
          "w": 0.501277506351471,
          "x": 0.8470311760902405,
          "y": -0.0016679666005074978,
          "z": 0.17679442465305328
        },
        "matrix": [
          [
            0.9374819397926331,
            -0.1800718605518341,
            0.2978276312351227,
            0.540599524974823
          ],
          [
            0.1744198203086853,
            -0.4974360764026642,
            -0.8497853875160217,
            -0.05218400061130524
          ],
          [
            0.3011746406555176,
            0.8486109375953674,
            -0.4349331259727478,
            1.7658617496490479
          ],
          [
            0.0,
            0.0,
            0.0,
            1.0
          ]
        ]
      },
      "bone_length_armature_space": 0.04953388012872611,
      "parent": "lowerarm_l",
      "has_children": true,
      "is_end_bone": false
    },
    "thumb_01_l": {
      "name": "thumb_01_l",
      "local": {
        "location": {
          "x": 0.0,
          "y": 0.0,
          "z": 0.0
        },
        "rotation_quaternion": {
          "w": 0.9854028820991516,
          "x": 0.16966858506202698,
          "y": -0.007031014189124107,
          "z": 0.012015941552817822
        },
        "scale": {
          "x": 1.0,
          "y": 1.0,
          "z": 1.0
        },
        "matrix_basis": [
          [
            0.9996123909950256,
            -0.026066971942782402,
            -0.00977930799126625,
            0.0
          ],
          [
            0.021295202895998955,
            0.9421363472938538,
            -0.3345527946949005,
            0.0
          ],
          [
            0.017934218049049377,
            0.33421486616134644,
            0.9423262476921082,
            0.0
          ],
          [
            0.0,
            0.0,
            0.0,
            1.0
          ]
        ],
        "rotation_mode": "QUATERNION"
      },
      "armature_space": {
        "head": {
          "x": 0.5316799283027649,
          "y": -0.14006783068180084,
          "z": 0.8580425381660461
        },
        "tail": {
          "x": 0.5423195958137512,
          "y": -0.17100054025650024,
          "z": 0.8674547672271729
        }
      },
      "world_space": {
        "head": {
          "x": 0.5316799283027649,
          "y": -0.07682383060455322,
          "z": 1.807896614074707
        },
        "tail": {
          "x": 0.5423195958137512,
          "y": -0.10775654017925262,
          "z": 1.817308783531189
        },
        "rotation_quaternion": {
          "w": 0.04429786279797554,
          "x": -0.5815544128417969,
          "y": -0.20895105600357056,
          "z": -0.784965991973877
        },
        "matrix": [
          [
            -0.31966477632522583,
            0.312576562166214,
            0.8944886326789856,
            0.5316799283027649
          ],
          [
            0.17348819971084595,
            -0.9087546467781067,
            0.37956157326698303,
            -0.07682383060455322
          ],
          [
            0.9315193891525269,
            0.2765166759490967,
            0.23627035319805145,
            1.807896614074707
          ],
          [
            0.0,
            0.0,
            0.0,
            1.0
          ]
        ]
      },
      "bone_length_armature_space": 0.03403858303233243,
      "parent": "metacarpal_thumb_l",
      "has_children": true,
      "is_end_bone": false
    },
    "thumb_02_l": {
      "name": "thumb_02_l",
      "local": {
        "location": {
          "x": 0.0,
          "y": 0.0,
          "z": 0.0
        },
        "rotation_quaternion": {
          "w": 0.926518440246582,
          "x": 0.37610819935798645,
          "y": 0.008650301955640316,
          "z": -0.005604259669780731
        },
        "scale": {
          "x": 1.0,
          "y": 1.0,
          "z": 1.0
        },
        "matrix_basis": [
          [
            0.9997875094413757,
            0.01689179800450802,
            0.011813712306320667,
            0.0
          ],
          [
            -0.0038780008908361197,
            0.7170224189758301,
            -0.6970393061637878,
            0.0
          ],
          [
            -0.020244944840669632,
            0.6968454122543335,
            0.7169355750083923,
            0.0
          ],
          [
            0.0,
            0.0,
            0.0,
            1.0
          ]
        ],
        "rotation_mode": "QUATERNION"
      },
      "armature_space": {
        "head": {
          "x": 0.5423195362091064,
          "y": -0.17100055515766144,
          "z": 0.8674547076225281
        },
        "tail": {
          "x": 0.5563132166862488,
          "y": -0.14629751443862915,
          "z": 0.895864725112915
        }
      },
      "world_space": {
        "head": {
          "x": 0.5423195362091064,
          "y": -0.10775655508041382,
          "z": 1.8173086643218994
        },
        "tail": {
          "x": 0.5563132166862488,
          "y": -0.08305351436138153,
          "z": 1.8457187414169312
        },
        "rotation_quaternion": {
          "w": 0.23727336525917053,
          "x": -0.08306024968624115,
          "y": -0.8667323589324951,
          "z": -0.43078693747520447
        },
        "matrix": [
          [
            -0.8736050128936768,
            0.34841039776802063,
            -0.33974123001098633,
            0.5423195362091064
          ],
          [
            -0.06044509634375572,
            0.6150480508804321,
            0.7861694097518921,
            -0.10775655508041382
          ],
          [
            0.4828701913356781,
            0.7073425650596619,
            -0.5162521004676819,
            1.8173086643218994
          ],
          [
            0.0,
            0.0,
            0.0,
            1.0
          ]
        ]
      },
      "bone_length_armature_space": 0.04016456636430409,
      "parent": "thumb_01_l",
      "has_children": true,
      "is_end_bone": false
    },
    "thumb_03_l": {
      "name": "thumb_03_l",
      "local": {
        "location": {
          "x": 0.0,
          "y": 0.0,
          "z": 0.0
        },
        "rotation_quaternion": {
          "w": 0.9810045957565308,
          "x": 0.1938733458518982,
          "y": -0.0012466059997677803,
          "z": 0.006444867700338364
        },
        "scale": {
          "x": 1.0,
          "y": 1.0,
          "z": 1.0
        },
        "matrix_basis": [
          [
            0.9999138116836548,
            -0.013128257356584072,
            5.312369830789976e-05,
            0.0
          ],
          [
            0.012161522172391415,
            0.9247431755065918,
            -0.38039734959602356,
            0.0
          ],
          [
            0.00494482833892107,
            0.3803652226924896,
            0.9248231649398804,
            0.0
          ],
          [
            0.0,
            0.0,
            0.0,
            1.0
          ]
        ],
        "rotation_mode": "QUATERNION"
      },
      "armature_space": {
        "head": {
          "x": 0.556313157081604,
          "y": -0.14629758894443512,
          "z": 0.895864725112915
        },
        "tail": {
          "x": 0.559005081653595,
          "y": -0.11695346236228943,
          "z": 0.9035177230834961
        }
      },
      "world_space": {
        "head": {
          "x": 0.556313157081604,
          "y": -0.0830535888671875,
          "z": 1.8457187414169312
        },
        "tail": {
          "x": 0.559005081653595,
          "y": -0.05370946228504181,
          "z": 1.8533717393875122
        },
        "rotation_quaternion": {
          "w": 0.4515598714351654,
          "x": 0.01808597706258297,
          "y": -0.8820520043373108,
          "z": -0.13323283195495605
        },
        "matrix": [
          [
            -0.5915334224700928,
            0.08841881155967712,
            -0.8014175295829773,
            0.556313157081604
          ],
          [
            -0.15223045647144318,
            0.9638441801071167,
            0.21870166063308716,
            -0.0830535888671875
          ],
          [
            0.7917842864990234,
            0.25137200951576233,
            -0.556689441204071,
            1.8457187414169312
          ],
          [
            0.0,
            0.0,
            0.0,
            1.0
          ]
        ]
      },
      "bone_length_armature_space": 0.030444910562736096,
      "parent": "thumb_02_l",
      "has_children": false,
      "is_end_bone": true
    },
    "metacarpal_index_l": {
      "name": "metacarpal_index_l",
      "local": {
        "location": {
          "x": 0.0,
          "y": 0.0,
          "z": 0.0
        },
        "rotation_quaternion": {
          "w": 0.9997565746307373,
          "x": -0.00518475566059351,
          "y": 0.01729709468781948,
          "z": 0.01268024556338787
        },
        "scale": {
          "x": 1.0,
          "y": 1.0,
          "z": 1.0
        },
        "matrix_basis": [
          [
            0.9990800619125366,
            -0.025533679872751236,
            0.03445427864789963,
            0.0
          ],
          [
            0.025174954906105995,
            0.9996246695518494,
            0.010805649682879448,
            0.0
          ],
          [
            -0.03471725806593895,
            -0.0099283242598176,
            0.9993478655815125,
            0.0
          ],
          [
            0.0,
            0.0,
            0.0,
            1.0
          ]
        ],
        "rotation_mode": "QUATERNION"
      },
      "armature_space": {
        "head": {
          "x": 0.540599524974823,
          "y": -0.11542800068855286,
          "z": 0.8160077333450317
        },
        "tail": {
          "x": 0.5502522587776184,
          "y": -0.15428641438484192,
          "z": 0.9261268377304077
        }
      },
      "world_space": {
        "head": {
          "x": 0.540599524974823,
          "y": -0.05218400061130524,
          "z": 1.7658617496490479
        },
        "tail": {
          "x": 0.5502522587776184,
          "y": -0.0910424143075943,
          "z": 1.8759808540344238
        },
        "rotation_quaternion": {
          "w": 0.5770174264907837,
          "x": 0.8070319890975952,
          "y": -0.03510862588882446,
          "z": -0.12048951536417007
        },
        "matrix": [
          [
            0.9684993624687195,
            0.08238130807876587,
            -0.234993577003479,
            0.540599524974823
          ],
          [
            -0.1957159787416458,
            -0.33163636922836304,
            -0.9228829741477966,
            -0.05218400061130524
          ],
          [
            -0.15396226942539215,
            0.9398096203804016,
            -0.3050691485404968,
            1.7658617496490479
          ],
          [
            0.0,
            0.0,
            0.0,
            1.0
          ]
        ]
      },
      "bone_length_armature_space": 0.11717239098701387,
      "parent": "lowerarm_l",
      "has_children": true,
      "is_end_bone": false
    },
    "index_01_l": {
      "name": "index_01_l",
      "local": {
        "location": {
          "x": 0.0,
          "y": 0.0,
          "z": 0.0
        },
        "rotation_quaternion": {
          "w": 0.9704598188400269,
          "x": 0.24072891473770142,
          "y": 0.013130474835634232,
          "z": -0.009225491434335709
        },
        "scale": {
          "x": 1.0,
          "y": 1.0,
          "z": 1.0
        },
        "matrix_basis": [
          [
            0.9994849562644958,
            0.024227706715464592,
            0.021043511107563972,
            0.0
          ],
          [
            -0.011584167368710041,
            0.8839289546012878,
            -0.4674777388572693,
            0.0
          ],
          [
            -0.029926881194114685,
            0.46699321269989014,
            0.8837543725967407,
            0.0
          ],
          [
            0.0,
            0.0,
            0.0,
            1.0
          ]
        ],
        "rotation_mode": "QUATERNION"
      },
      "armature_space": {
        "head": {
          "x": 0.5502522587776184,
          "y": -0.15428641438484192,
          "z": 0.9261268377304077
        },
        "tail": {
          "x": 0.5597344636917114,
          "y": -0.17355678975582123,
          "z": 0.9448835253715515
        }
      },
      "world_space": {
        "head": {
          "x": 0.5502522587776184,
          "y": -0.0910424143075943,
          "z": 1.8759808540344238
        },
        "tail": {
          "x": 0.5597344636917114,
          "y": -0.11031278967857361,
          "z": 1.8947374820709229
        },
        "rotation_quaternion": {
          "w": 0.3932332992553711,
          "x": 0.8864971399307251,
          "y": 0.08637841045856476,
          "z": -0.22809933125972748
        },
        "matrix": [
          [
            0.8810192346572876,
            0.3325408101081848,
            -0.33648398518562317,
            0.5502522587776184
          ],
          [
            -0.026243159547448158,
            -0.675812840461731,
            -0.736606240272522,
            -0.0910424143075943
          ],
          [
            -0.47235533595085144,
            0.6577984094619751,
            -0.5866817235946655,
            1.8759808540344238
          ],
          [
            0.0,
            0.0,
            0.0,
            1.0
          ]
        ]
      },
      "bone_length_armature_space": 0.028514433127146622,
      "parent": "metacarpal_index_l",
      "has_children": true,
      "is_end_bone": false
    },
    "index_02_l": {
      "name": "index_02_l",
      "local": {
        "location": {
          "x": 0.0,
          "y": 0.0,
          "z": 0.0
        },
        "rotation_quaternion": {
          "w": 0.9096840620040894,
          "x": 0.4151709973812103,
          "y": 0.009866436943411827,
          "z": 0.003271765075623989
        },
        "scale": {
          "x": 1.0,
          "y": 1.0,
          "z": 1.0
        },
        "matrix_basis": [
          [
            0.9997838735580444,
            0.00223997188732028,
            0.020667364820837975,
            0.0
          ],
          [
            0.014145062305033207,
            0.6552446484565735,
            -0.755284309387207,
            0.0
          ],
          [
            -0.015233997255563736,
            0.7554134130477905,
            0.6550713777542114,
            0.0
          ],
          [
            0.0,
            0.0,
            0.0,
            1.0
          ]
        ],
        "rotation_mode": "QUATERNION"
      },
      "armature_space": {
        "head": {
          "x": 0.5597342252731323,
          "y": -0.17355728149414062,
          "z": 0.9448837041854858
        },
        "tail": {
          "x": 0.5586479306221008,
          "y": -0.19917409121990204,
          "z": 0.945713996887207
        }
      },
      "world_space": {
        "head": {
          "x": 0.5597342252731323,
          "y": -0.110313281416893,
          "z": 1.894737720489502
        },
        "tail": {
          "x": 0.5586479306221008,
          "y": -0.13593009114265442,
          "z": 1.8955680131912231
        },
        "rotation_quaternion": {
          "w": 0.009983043186366558,
          "x": 0.9637559056282043,
          "y": -0.024718448519706726,
          "z": -0.2654504179954529
        },
        "matrix": [
          [
            0.8578500151634216,
            -0.042345136404037476,
            -0.5121521353721619,
            0.5597342252731323
          ],
          [
            -0.05294516682624817,
            -0.9985788464546204,
            -0.006119757890701294,
            -0.110313281416893
          ],
          [
            -0.5111689567565918,
            0.03236514329910278,
            -0.8588786721229553,
            1.894737720489502
          ],
          [
            0.0,
            0.0,
            0.0,
            1.0
          ]
        ]
      },
      "bone_length_armature_space": 0.025653272063252814,
      "parent": "index_01_l",
      "has_children": true,
      "is_end_bone": false
    },
    "index_03_l": {
      "name": "index_03_l",
      "local": {
        "location": {
          "x": 0.0,
          "y": 0.0,
          "z": 0.0
        },
        "rotation_quaternion": {
          "w": 0.9679502844810486,
          "x": 0.25112882256507874,
          "y": -0.002548146527260542,
          "z": 0.00020390446297824383
        },
        "scale": {
          "x": 1.0,
          "y": 1.0,
          "z": 1.0
        },
        "matrix_basis": [
          [
            0.9999869465827942,
            -0.0016745647881180048,
            -0.004830545745790005,
            0.0
          ],
          [
            -0.0008850872982293367,
            0.8738685250282288,
            -0.486161470413208,
            0.0
          ],
          [
            0.0050353710539639,
            0.48615938425064087,
            0.8738556504249573,
            0.0
          ],
          [
            0.0,
            0.0,
            0.0,
            1.0
          ]
        ],
        "rotation_mode": "QUATERNION"
      },
      "armature_space": {
        "head": {
          "x": 0.5586479902267456,
          "y": -0.19917407631874084,
          "z": 0.9457141160964966
        },
        "tail": {
          "x": 0.5520156621932983,
          "y": -0.22340351343154907,
          "z": 0.9307916164398193
        }
      },
      "world_space": {
        "head": {
          "x": 0.5586479902267456,
          "y": -0.13593007624149323,
          "z": 1.8955681324005127
        },
        "tail": {
          "x": 0.5520156621932983,
          "y": -0.16015951335430145,
          "z": 1.8806456327438354
        },
        "rotation_quaternion": {
          "w": 0.28750866651535034,
          "x": -0.9291995763778687,
          "y": 0.05212303251028061,
          "z": 0.22629666328430176
        },
        "matrix": [
          [
            0.8921461701393127,
            -0.2269897311925888,
            -0.3905770182609558,
            0.5586479902267456
          ],
          [
            0.03325846791267395,
            -0.8292446136474609,
            0.5578957200050354,
            -0.13593007624149323
          ],
          [
            -0.45052388310432434,
            -0.5107187628746033,
            -0.7322624921798706,
            1.8955681324005127
          ],
          [
            0.0,
            0.0,
            0.0,
            1.0
          ]
        ]
      },
      "bone_length_armature_space": 0.02921873415496149,
      "parent": "index_02_l",
      "has_children": false,
      "is_end_bone": true
    },
    "metacarpal_pinky_l": {
      "name": "metacarpal_pinky_l",
      "local": {
        "location": {
          "x": 0.0,
          "y": 0.0,
          "z": 0.0
        },
        "rotation_quaternion": {
          "w": 0.9999514818191528,
          "x": 0.0012289758305996656,
          "y": -0.004819517023861408,
          "z": 0.008508648723363876
        },
        "scale": {
          "x": 1.0,
          "y": 1.0,
          "z": 1.0
        },
        "matrix_basis": [
          [
            0.9998087286949158,
            -0.017028318718075752,
            -0.009617652744054794,
            0.0
          ],
          [
            0.017004625871777534,
            0.999852180480957,
            -0.0025398475117981434,
            0.0
          ],
          [
            0.009659480303525925,
            0.002375817159190774,
            0.9999505281448364,
            0.0
          ],
          [
            0.0,
            0.0,
            0.0,
            1.0
          ]
        ],
        "rotation_mode": "QUATERNION"
      },
      "armature_space": {
        "head": {
          "x": 0.540599524974823,
          "y": -0.11542800068855286,
          "z": 0.8160077333450317
        },
        "tail": {
          "x": 0.605510950088501,
          "y": -0.11864732950925827,
          "z": 0.8973677158355713
        }
      },
      "world_space": {
        "head": {
          "x": 0.540599524974823,
          "y": -0.05218400061130524,
          "z": 1.7658617496490479
        },
        "tail": {
          "x": 0.605510950088501,
          "y": -0.05540332943201065,
          "z": 1.8472217321395874
        },
        "rotation_quaternion": {
          "w": 0.4537833631038666,
          "x": 0.02632305957376957,
          "y": -0.5278462171554565,
          "z": -0.7174720168113708
        },
        "matrix": [
          [
            -0.5867730975151062,
            0.6233645677566528,
            -0.516830325126648,
            0.540599524974823
          ],
          [
            -0.6789451241493225,
            -0.03091619908809662,
            0.7335379123687744,
            -0.05218400061130524
          ],
          [
            0.44128578901290894,
            0.7813249826431274,
            0.4413750469684601,
            1.7658617496490479
          ],
          [
            0.0,
            0.0,
            0.0,
            1.0
          ]
        ]
      },
      "bone_length_armature_space": 0.10413118796036018,
      "parent": "lowerarm_l",
      "has_children": true,
      "is_end_bone": false
    },
    "pinky_01_l": {
      "name": "pinky_01_l",
      "local": {
        "location": {
          "x": 0.0,
          "y": 0.0,
          "z": 0.0
        },
        "rotation_quaternion": {
          "w": 0.9503846168518066,
          "x": 0.31015369296073914,
          "y": -0.0025623133406043053,
          "z": -0.02381778694689274
        },
        "scale": {
          "x": 1.0,
          "y": 1.0,
          "z": 1.0
        },
        "matrix_basis": [
          [
            0.9988523125648499,
            0.04368269443511963,
            -0.019644714891910553,
            0.0
          ],
          [
            -0.04686153680086136,
            0.8064748048782349,
            -0.5894085168838501,
            0.0
          ],
          [
            -0.00990398321300745,
            0.5896526575088501,
            0.8075962662696838,
            0.0
          ],
          [
            0.0,
            0.0,
            0.0,
            1.0
          ]
        ],
        "rotation_mode": "QUATERNION"
      },
      "armature_space": {
        "head": {
          "x": 0.605510950088501,
          "y": -0.11864732950925827,
          "z": 0.8973677158355713
        },
        "tail": {
