{
  "metadata": {
    "armature_name": "KIM_caucasian_male",
    "export_time": "2026-01-13T21:04:13.702845",
    "blender_version": "4.4.1",
    "bone_count": 56,
    "end_bone_count": 13,
    "spaces_included": [
      "LOCAL_CHANNELS",
      "ARMATURE_SPACE",
      "WORLD_SPACE"
    ],
    "note": "LOCAL matches Transform panel; replay pose via local.matrix_basis for best fidelity."
  },
  "bones": {
    "Root": {
      "name": "Root",
      "local": {
        "location": {
          "x": 0.0,
          "y": 0.0,
          "z": 0.0
        },
        "rotation_quaternion": {
          "w": 0.9996204376220703,
          "x": -0.0014137321850284934,
          "y": 0.01825535297393799,
          "z": 0.020586863160133362
        },
        "scale": {
          "x": 1.0,
          "y": 1.0,
          "z": 1.0
        },
        "matrix_basis": [
          [
            0.9984858632087708,
            -0.041209716349840164,
            0.03643864020705223,
            0.0
          ],
          [
            0.04110648110508919,
            0.9991483688354492,
            0.003578032134100795,
            0.0
          ],
          [
            -0.036555055528879166,
            -0.0020747503731399775,
            0.9993295073509216,
            0.0
          ],
          [
            0.0,
            0.0,
            0.0,
            1.0
          ]
        ],
        "rotation_mode": "QUATERNION"
      },
      "armature_space": {
        "head": {
          "x": 0.0,
          "y": 0.07072800397872925,
          "z": -0.009595036506652832
        },
        "tail": {
          "x": -0.0029413793236017227,
          "y": 8.01384449005127e-05,
          "z": 0.00013857148587703705
        }
      },
      "world_space": {
        "head": {
          "x": 0.0,
          "y": 0.13397200405597687,
          "z": 0.9402589797973633
        },
        "tail": {
          "x": -0.0029413793236017227,
          "y": 0.06332413852214813,
          "z": 0.9499925971031189
        },
        "rotation_quaternion": {
          "w": 0.06875259429216385,
          "x": 0.9972542524337769,
          "y": -0.01931026764214039,
          "z": 0.019600773230195045
        },
        "matrix": [
          [
            0.9984858632087708,
            -0.041209716349840164,
            0.03643864020705223,
            0.0
          ],
          [
            -0.03581927716732025,
            -0.9898003935813904,
            -0.13788510859012604,
            0.13397200405597687
          ],
          [
            0.041749440133571625,
            0.13637113571166992,
            -0.9897847771644592,
            0.9402589797973633
          ],
          [
            0.0,
            0.0,
            0.0,
            1.0
          ]
        ]
      },
      "bone_length_armature_space": 0.07137587801141553,
      "parent": null,
      "has_children": true,
      "is_end_bone": false
    },
    "spine_01": {
      "name": "spine_01",
      "local": {
        "location": {
          "x": 0.0,
          "y": 0.0,
          "z": 0.0
        },
        "rotation_quaternion": {
          "w": 0.9950906038284302,
          "x": 0.06556706875562668,
          "y": -0.045040152966976166,
          "z": 0.058882005512714386
        },
        "scale": {
          "x": 1.0,
          "y": 1.0,
          "z": 1.0
        },
        "matrix_basis": [
          [
            0.9890086054801941,
            -0.1230921596288681,
            -0.08191662281751633,
            0.0
          ],
          [
            0.11127956211566925,
            0.9844677448272705,
            -0.13579446077346802,
            0.0
          ],
          [
            0.09735950827598572,
            0.1251862347126007,
            0.9873446822166443,
            0.0
          ],
          [
            0.0,
            0.0,
            0.0,
            1.0
          ]
        ],
        "rotation_mode": "QUATERNION"
      },
      "armature_space": {
        "head": {
          "x": -0.0029413793236017227,
          "y": 8.01384449005127e-05,
          "z": 0.00013857148587703705
        },
        "tail": {
          "x": -0.08441115915775299,
          "y": -0.034587688744068146,
          "z": 0.48004400730133057
        }
      },
      "world_space": {
        "head": {
          "x": -0.0029413793236017227,
          "y": 0.06332413852214813,
          "z": 0.9499925971031189
        },
        "tail": {
          "x": -0.08441115915775299,
          "y": 0.028656311333179474,
          "z": 1.4298980236053467
        },
        "rotation_quaternion": {
          "w": 0.6740853786468506,
          "x": 0.7316426634788513,
          "y": -0.10044149309396744,
          "z": 0.014813542366027832
        },
        "matrix": [
          [
            0.9793840050697327,
            -0.16694585978984833,
            -0.11373689025640488,
            -0.0029413793236017227
          ],
          [
            -0.12700438499450684,
            -0.07104045152664185,
            -0.9893549680709839,
            0.06332413852214813
          ],
          [
            0.15708976984024048,
            0.9834102988243103,
            -0.09078028798103333,
            0.9499925971031189
          ],
          [
            0.0,
            0.0,
            0.0,
            1.0
          ]
        ]
      },
      "bone_length_armature_space": 0.4880045101810077,
      "parent": "Root",
      "has_children": true,
      "is_end_bone": false
    },
    "neck_01": {
      "name": "neck_01",
      "local": {
        "location": {
          "x": 0.0,
          "y": 0.0,
          "z": 0.0
        },
        "rotation_quaternion": {
          "w": 0.9846941232681274,
          "x": -0.1178470253944397,
          "y": 0.05867601931095123,
          "z": -0.1142229214310646
        },
        "scale": {
          "x": 1.0,
          "y": 1.0,
          "z": 1.0
        },
        "matrix_basis": [
          [
            0.9670205116271973,
            0.21111969649791718,
            0.14247752726078033,
            0.0
          ],
          [
            -0.23877887427806854,
            0.9461303949356079,
            0.21868225932121277,
            0.0
          ],
          [
            -0.0886342003941536,
            -0.24549083411693573,
            0.965338408946991,
            0.0
          ],
          [
            0.0,
            0.0,
            0.0,
            1.0
          ]
        ],
        "rotation_mode": "QUATERNION"
      },
      "armature_space": {
        "head": {
          "x": -0.10057912766933441,
          "y": -0.07410043478012085,
          "z": 0.5488994717597961
        },
        "tail": {
          "x": -0.09745863825082779,
          "y": -0.09736618399620056,
          "z": 0.6486979126930237
        }
      },
      "world_space": {
        "head": {
          "x": -0.10057912766933441,
          "y": -0.01085643470287323,
          "z": 1.498753547668457
        },
        "tail": {
          "x": -0.09745863825082779,
          "y": -0.03412218391895294,
          "z": 1.5985519886016846
        },
        "rotation_quaternion": {
          "w": 0.6210488677024841,
          "x": 0.7831526398658752,
          "y": 0.028815124183893204,
          "z": 0.011831477284431458
        },
        "matrix": [
          [
            0.9980594515800476,
            0.030437471345067024,
            0.05432303249835968,
            -0.10057912766933441
          ],
          [
            0.059829287230968475,
            -0.22693565487861633,
            -0.9720705151557922,
            -0.01085643470287323
          ],
          [
            -0.01725958287715912,
            0.9734405875205994,
            -0.22831885516643524,
            1.498753547668457
          ],
          [
            0.0,
            0.0,
            0.0,
            1.0
          ]
        ]
      },
      "bone_length_armature_space": 0.10252200256854273,
      "parent": "spine_01",
      "has_children": true,
      "is_end_bone": false
    },
    "head": {
      "name": "head",
      "local": {
        "location": {
          "x": 0.0,
          "y": 0.0,
          "z": 0.0
        },
        "rotation_quaternion": {
          "w": 0.9840731620788574,
          "x": -0.0494391955435276,
          "y": 0.07039672136306763,
          "z": -0.15556392073631287
        },
        "scale": {
          "x": 1.0,
          "y": 1.0,
          "z": 1.0
        },
        "matrix_basis": [
          [
            0.9416883587837219,
            0.2992118299007416,
            0.15393295884132385,
            0.0
          ],
          [
            -0.31313326954841614,
            0.9467112421989441,
            0.0754011943936348,
            0.0
          ],
          [
            -0.12316913902759552,
            -0.11920595169067383,
            0.9852001070976257,
            0.0
          ],
          [
            0.0,
            0.0,
            0.0,
            1.0
          ]
        ],
        "rotation_mode": "QUATERNION"
      },
      "armature_space": {
        "head": {
          "x": -0.09745863080024719,
          "y": -0.0973663181066513,
          "z": 0.6486977934837341
        },
        "tail": {
          "x": -0.05102831870317459,
          "y": -0.05592518672347069,
          "z": 0.7907545566558838
        }
      },
      "world_space": {
        "head": {
          "x": -0.09745863080024719,
          "y": -0.034122318029403687,
          "z": 1.5985517501831055
        },
        "tail": {
          "x": -0.05102831870317459,
          "y": 0.007318813353776932,
          "z": 1.7406085729599
        },
        "rotation_quaternion": {
          "w": 0.7756693959236145,
          "x": 0.6028876900672913,
          "y": 0.178717240691185,
          "z": -0.05407162383198738
        },
        "matrix": [
          [
            0.9302732348442078,
            0.29937615990638733,
            0.21205124258995056,
            -0.09745863080024719
          ],
          [
            0.1316075623035431,
            0.267206609249115,
            -0.9546101093292236,
            -0.034122318029403687
          ],
          [
            -0.34245118498802185,
            0.915962278842926,
            0.2091754525899887,
            1.5985517501831055
          ],
          [
            0.0,
            0.0,
            0.0,
            1.0
          ]
        ]
      },
      "bone_length_armature_space": 0.15509115359266257,
      "parent": "neck_01",
      "has_children": false,
      "is_end_bone": true
    },
    "upperarm_l": {
      "name": "upperarm_l",
      "local": {
        "location": {
          "x": 0.0,
          "y": 0.0,
          "z": 0.0
        },
        "rotation_quaternion": {
          "w": 0.8282769918441772,
          "x": 0.43407443165779114,
          "y": -0.20905251801013947,
          "z": 0.2860657870769501
        },
        "scale": {
          "x": 1.0,
          "y": 1.0,
          "z": 1.0
        },
        "matrix_basis": [
          [
            0.7489268183708191,
            -0.655372142791748,
            -0.09795909374952316,
            0.0
          ],
          [
            0.2923947274684906,
            0.4594915211200714,
            -0.8386732935905457,
            0.0
          ],
          [
            0.5946544408798218,
            0.5994622111320496,
            0.5357528924942017,
            0.0
          ],
          [
            0.0,
            0.0,
            0.0,
            1.0
          ]
        ],
        "rotation_mode": "QUATERNION"
      },
      "armature_space": {
        "head": {
          "x": 0.0571858175098896,
          "y": -0.09153179824352264,
          "z": 0.5060806274414062
        },
        "tail": {
          "x": 0.1412951797246933,
          "y": -0.2785942852497101,
          "z": 0.6785370707511902
        }
      },
      "world_space": {
        "head": {
          "x": 0.0571858175098896,
          "y": -0.028287798166275024,
          "z": 1.4559346437454224
        },
        "tail": {
          "x": 0.1412951797246933,
          "y": -0.21535028517246246,
          "z": 1.6283910274505615
        },
        "rotation_quaternion": {
          "w": 0.38062193989753723,
          "x": 0.730172872543335,
          "y": -0.07804128527641296,
          "z": -0.5620355606079102
        },
        "matrix": [
          [
            0.3560525178909302,
            0.3138766884803772,
            -0.8801750540733337,
            0.0571858175098896
          ],
          [
            -0.5418131351470947,
            -0.6980739831924438,
            -0.4681149423122406,
            -0.028287798166275024
          ],
          [
            -0.7613633871078491,
            0.643567681312561,
            -0.07848943769931793,
            1.4559346437454224
          ],
          [
            0.0,
            0.0,
            0.0,
            1.0
          ]
        ]
      },
      "bone_length_armature_space": 0.2679701208338137,
      "parent": "spine_01",
      "has_children": true,
      "is_end_bone": false
    },
    "lowerarm_l": {
      "name": "lowerarm_l",
      "local": {
        "location": {
          "x": 0.0,
          "y": 0.0,
          "z": 0.0
        },
        "rotation_quaternion": {
          "w": 0.9161120057106018,
          "x": 0.3779020309448242,
          "y": -0.13253384828567505,
          "z": 0.0190679170191288
        },
        "scale": {
          "x": 1.0,
          "y": 1.0,
          "z": 1.0
        },
        "matrix_basis": [
          [
            0.964142382144928,
            -0.13510631024837494,
            -0.22842009365558624,
            0.0
          ],
          [
            -0.06523292511701584,
            0.7136529684066772,
            -0.6974554657936096,
            0.0
          ],
          [
            0.2572433054447174,
            0.687346875667572,
            0.67924964427948,
            0.0
          ],
          [
            0.0,
            0.0,
            0.0,
            1.0
          ]
        ],
        "rotation_mode": "QUATERNION"
      },
      "armature_space": {
        "head": {
          "x": 0.14129512012004852,
          "y": -0.27859431505203247,
          "z": 0.6785372495651245
        },
        "tail": {
          "x": -0.007497668266296387,
          "y": -0.44551652669906616,
          "z": 0.8253953456878662
        }
      },
      "world_space": {
        "head": {
          "x": 0.14129512012004852,
          "y": -0.21535031497478485,
          "z": 1.6283912658691406
        },
        "tail": {
          "x": -0.007497668266296387,
          "y": -0.38227254152297974,
          "z": 1.7752493619918823
        },
        "rotation_quaternion": {
          "w": 0.04041276127099991,
          "x": 0.6975308060646057,
          "y": -0.4317292869091034,
          "z": -0.5704625844955444
        },
        "matrix": [
          [
            -0.023636192083358765,
            -0.5561838150024414,
            -0.8307231664657593,
            0.14129512012004852
          ],
          [
            -0.6483975052833557,
            -0.6239511370658875,
            0.4361947178840637,
            -0.21535031497478485
          ],
          [
            -0.7609409093856812,
            0.548952043056488,
            -0.3458822965621948,
            1.6283912658691406
          ],
          [
            0.0,
            0.0,
            0.0,
            1.0
          ]
        ]
      },
      "bone_length_armature_space": 0.2675249889268526,
      "parent": "upperarm_l",
      "has_children": true,
      "is_end_bone": false
    },
    "metacarpal_thumb_l": {
      "name": "metacarpal_thumb_l",
      "local": {
        "location": {
          "x": 0.0,
          "y": 0.0,
          "z": 0.0
        },
        "rotation_quaternion": {
          "w": 0.9988621473312378,
          "x": 0.04443785920739174,
          "y": -0.005137323867529631,
          "z": -0.016534868627786636
        },
        "scale": {
          "x": 1.0,
          "y": 1.0,
          "z": 1.0
        },
        "matrix_basis": [
          [
            0.9994004368782043,
            0.03257552534341812,
            -0.011732504703104496,
            0.0
          ],
          [
            -0.033488690853118896,
            0.9955037236213684,
            -0.08860470354557037,
            0.0
          ],
          [
            0.008793408051133156,
            0.08894447982311249,
            0.9959977865219116,
            0.0
          ],
          [
            0.0,
            0.0,
            0.0,
            1.0
          ]
        ],
        "rotation_mode": "QUATERNION"
      },
      "armature_space": {
        "head": {
          "x": -0.007497668266296387,
          "y": -0.44551652669906616,
          "z": 0.8253953456878662
        },
        "tail": {
          "x": -0.05230545997619629,
          "y": -0.46656477451324463,
          "z": 0.8270737528800964
        }
      },
      "world_space": {
        "head": {
          "x": -0.007497668266296387,
          "y": -0.38227254152297974,
          "z": 1.7752493619918823
        },
        "tail": {
          "x": -0.05230545997619629,
          "y": -0.4033207893371582,
          "z": 1.7769277095794678
        },
        "rotation_quaternion": {
          "w": 0.1638752818107605,
          "x": 0.8127850294113159,
          "y": -0.5105684399604797,
          "z": 0.22769565880298615
        },
        "matrix": [
          [
            0.37494850158691406,
            -0.9045926332473755,
            0.2027943730354309,
            -0.007497668266296387
          ],
          [
            -0.7553374171257019,
            -0.42492809891700745,
            -0.49890029430389404,
            -0.38227254152297974
          ],
          [
            0.5374777317047119,
            0.03388363867998123,
            -0.8426052927970886,
            1.7752493619918823
          ],
          [
            0.0,
            0.0,
            0.0,
            1.0
          ]
        ]
      },
      "bone_length_armature_space": 0.04953366526709897,
      "parent": "lowerarm_l",
      "has_children": true,
      "is_end_bone": false
    },
    "thumb_01_l": {
      "name": "thumb_01_l",
      "local": {
        "location": {
          "x": 0.0,
          "y": 0.0,
          "z": 0.0
        },
        "rotation_quaternion": {
          "w": 0.9991886615753174,
          "x": -0.03826664015650749,
          "y": -0.008259527385234833,
          "z": -0.009465273469686508
        },
        "scale": {
          "x": 1.0,
          "y": 1.0,
          "z": 1.0
        },
        "matrix_basis": [
          [
            0.9996843934059143,
            0.019547317177057266,
            -0.01578124426305294,
            0.0
          ],
          [
            -0.0182830598205328,
            0.9968921542167664,
            0.07662754505872726,
            0.0
          ],
          [
            0.017230059951543808,
            -0.07631482928991318,
            0.9969348907470703,
            0.0
          ],
          [
            0.0,
            0.0,
            0.0,
            1.0
          ]
        ],
        "rotation_mode": "QUATERNION"
      },
      "armature_space": {
        "head": {
          "x": -0.05230545997619629,
          "y": -0.46656477451324463,
          "z": 0.8270737528800964
        },
        "tail": {
          "x": -0.07036399841308594,
          "y": -0.48336508870124817,
          "z": 0.8036158680915833
        }
      },
      "world_space": {
        "head": {
          "x": -0.05230545997619629,
          "y": -0.4033207893371582,
          "z": 1.7769277095794678
        },
        "tail": {
          "x": -0.07036399841308594,
          "y": -0.42012107372283936,
          "z": 1.7534699440002441
        },
        "rotation_quaternion": {
          "w": 0.1658964604139328,
          "x": 0.2719288170337677,
          "y": -0.4750742018222809,
          "z": 0.820266842842102
        },
        "matrix": [
          [
            -0.7970665097236633,
            -0.5305314064025879,
            0.2884806990623474,
            -0.05230545997619629
          ],
          [
            0.013788342475891113,
            -0.4935668706893921,
            -0.8695986866950989,
            -0.4033207893371582
          ],
          [
            0.6037381887435913,
            -0.6891556978225708,
            0.400722861289978,
            1.7769277095794678
          ],
          [
            0.0,
            0.0,
            0.0,
            1.0
          ]
        ]
      },
      "bone_length_armature_space": 0.03403870893449191,
      "parent": "metacarpal_thumb_l",
      "has_children": true,
      "is_end_bone": false
    },
    "thumb_02_l": {
      "name": "thumb_02_l",
      "local": {
        "location": {
          "x": 0.0,
          "y": 0.0,
          "z": 0.0
        },
        "rotation_quaternion": {
          "w": 0.9944421648979187,
          "x": 0.10496540367603302,
          "y": -0.008017863146960735,
          "z": 0.0016779506113380194
        },
        "scale": {
          "x": 1.0,
          "y": 1.0,
          "z": 1.0
        },
        "matrix_basis": [
          [
            0.9998657703399658,
            -0.005020446144044399,
            -0.01559434924274683,
            0.0
          ],
          [
            0.0016540532233193517,
            0.9779589176177979,
            -0.20879095792770386,
            0.0
          ],
          [
            0.01629885658621788,
            0.20873713493347168,
            0.9778359532356262,
            0.0
          ],
          [
            0.0,
            0.0,
            0.0,
            1.0
          ]
        ],
        "rotation_mode": "QUATERNION"
      },
      "armature_space": {
        "head": {
          "x": -0.07036397606134415,
          "y": -0.4833650588989258,
          "z": 0.8036158680915833
        },
        "tail": {
          "x": -0.09029339253902435,
          "y": -0.512650191783905,
          "z": 0.8225468397140503
        }
      },
      "world_space": {
        "head": {
          "x": -0.07036397606134415,
          "y": -0.42012107372283936,
          "z": 1.7534699440002441
        },
        "tail": {
          "x": -0.09029339253902435,
          "y": -0.4494062066078186,
          "z": 1.7724008560180664
        },
        "rotation_quaternion": {
          "w": 0.31595325469970703,
          "x": 0.20411363244056702,
          "y": 0.18869967758655548,
          "z": 0.90714031457901
        },
        "matrix": [
          [
            -0.7170217633247375,
            -0.49619609117507935,
            0.4895601272583008,
            -0.07036397606134415
          ],
          [
            0.6502607464790344,
            -0.7291318774223328,
            0.21337272226810455,
            -0.42012107372283936
          ],
          [
            0.2510814368724823,
            0.47133734822273254,
            0.8454664349555969,
            1.7534699440002441
          ],
          [
            0.0,
            0.0,
            0.0,
            1.0
          ]
        ]
      },
      "bone_length_armature_space": 0.04016444082463161,
      "parent": "thumb_01_l",
      "has_children": true,
      "is_end_bone": false
    },
    "thumb_03_l": {
      "name": "thumb_03_l",
      "local": {
        "location": {
          "x": 0.0,
          "y": 0.0,
          "z": 0.0
        },
        "rotation_quaternion": {
          "w": 0.9974432587623596,
          "x": 0.07128608226776123,
          "y": -0.0037383483722805977,
          "z": -0.003353407373651862
        },
        "scale": {
          "x": 1.0,
          "y": 1.0,
          "z": 1.0
        },
        "matrix_basis": [
          [
            0.99994957447052,
            0.0061566829681396484,
            -0.007935683242976665,
            0.0
          ],
          [
            -0.00722265150398016,
            0.9898141026496887,
            -0.14218257367610931,
            0.0
          ],
          [
            0.006979478057473898,
            0.1422327160835266,
            0.9898086190223694,
            0.0
          ],
          [
            0.0,
            0.0,
            0.0,
            1.0
          ]
        ],
        "rotation_mode": "QUATERNION"
      },
      "armature_space": {
        "head": {
          "x": -0.09029344469308853,
          "y": -0.5126501321792603,
          "z": 0.8225467801094055
        },
        "tail": {
          "x": -0.09606082737445831,
          "y": -0.5323308110237122,
          "z": 0.8450480699539185
        }
      },
      "world_space": {
        "head": {
          "x": -0.09029344469308853,
          "y": -0.44940614700317383,
          "z": 1.7724008560180664
        },
        "tail": {
          "x": -0.09606082737445831,
          "y": -0.46908682584762573,
          "z": 1.7949020862579346
        },
        "rotation_quaternion": {
          "w": 0.14856277406215668,
          "x": 0.09980504959821701,
          "y": 0.3933335840702057,
          "z": 0.9018074870109558
        },
        "matrix": [
          [
            -0.935935914516449,
            -0.1894369274377823,
            0.29687976837158203,
            -0.09029344469308853
          ],
          [
            0.3464638888835907,
            -0.6464353799819946,
            0.679767906665802,
            -0.44940614700317383
          ],
          [
            0.0631411075592041,
            0.7390819787979126,
            0.6706604361534119,
            1.7724008560180664
          ],
          [
            0.0,
            0.0,
            0.0,
            1.0
          ]
        ]
      },
      "bone_length_armature_space": 0.03044503016835136,
      "parent": "thumb_02_l",
      "has_children": false,
      "is_end_bone": true
    },
    "metacarpal_index_l": {
      "name": "metacarpal_index_l",
      "local": {
        "location": {
          "x": 0.0,
          "y": 0.0,
          "z": 0.0
        },
        "rotation_quaternion": {
          "w": 0.9991849660873413,
          "x": 0.03563268482685089,
          "y": 0.01894533261656761,
          "z": -0.001006876234896481
        },
        "scale": {
          "x": 1.0,
          "y": 1.0,
          "z": 1.0
        },
        "matrix_basis": [
          [
            0.9992800951004028,
            0.0033622572664171457,
            0.037788026034832,
            0.0
          ],
          [
            -0.0006619650521315634,
            0.9974585771560669,
            -0.07124543935060501,
            0.0
          ],
          [
            -0.03793153911828995,
            0.07116913795471191,
            0.9967427849769592,
            0.0
          ],
          [
            0.0,
            0.0,
            0.0,
            1.0
          ]
        ],
        "rotation_mode": "QUATERNION"
      },
      "armature_space": {
        "head": {
          "x": -0.007497668266296387,
          "y": -0.44551652669906616,
          "z": 0.8253953456878662
        },
        "tail": {
          "x": -0.1017976701259613,
          "y": -0.5047414302825928,
          "z": 0.8618528842926025
        }
      },
      "world_space": {
        "head": {
          "x": -0.007497668266296387,
          "y": -0.38227254152297974,
          "z": 1.7752493619918823
        },
        "tail": {
          "x": -0.1017976701259613,
          "y": -0.44149744510650635,
          "z": 1.8117069005966187
        },
        "rotation_quaternion": {
          "w": 0.13319943845272064,
          "x": 0.863457977771759,
          "y": -0.4790939688682556,
          "z": -0.08466032147407532
        },
        "matrix": [
          [
            0.5266028642654419,
            -0.8048016428947449,
            -0.2738316059112549,
            -0.007497668266296387
          ],
          [
            -0.8499085903167725,
            -0.5054537057876587,
            -0.14890319108963013,
            -0.38227254152297974
          ],
          [
            -0.0185726098716259,
            0.3111463189125061,
            -0.9501879215240479,
            1.7752493619918823
          ],
          [
            0.0,
            0.0,
            0.0,
            1.0
          ]
        ]
      },
      "bone_length_armature_space": 0.11717180504601589,
      "parent": "lowerarm_l",
      "has_children": true,
      "is_end_bone": false
    },
    "index_01_l": {
      "name": "index_01_l",
      "local": {
        "location": {
          "x": 0.0,
          "y": 0.0,
          "z": 0.0
        },
        "rotation_quaternion": {
          "w": 0.9907011985778809,
          "x": -0.1352626234292984,
          "y": -0.010491088964045048,
          "z": 0.010249624028801918
        },
        "scale": {
          "x": 1.0,
          "y": 1.0,
          "z": 1.0
        },
        "matrix_basis": [
          [
            0.9995697736740112,
            -0.017470525577664375,
            -0.023559851571917534,
            0.0
          ],
          [
            0.02314673364162445,
            0.9631979465484619,
            0.2677946388721466,
            0.0
          ],
          [
            0.01801428757607937,
            -0.2682247459888458,
            0.9631879329681396,
            0.0
          ],
          [
            0.0,
            0.0,
            0.0,
            1.0
          ]
        ],
        "rotation_mode": "QUATERNION"
      },
      "armature_space": {
        "head": {
          "x": -0.1017976701259613,
          "y": -0.5047414302825928,
          "z": 0.8618528842926025
        },
        "tail": {
          "x": -0.11415833979845047,
          "y": -0.5228597521781921,
          "z": 0.880074143409729
        }
      },
      "world_space": {
        "head": {
          "x": -0.1017976701259613,
          "y": -0.44149744510650635,
          "z": 1.8117069005966187
        },
        "tail": {
          "x": -0.11415833979845047,
          "y": -0.4596157670021057,
          "z": 1.8299281597137451
        },
        "rotation_quaternion": {
          "w": 0.3014054000377655,
          "x": 0.8878273367881775,
          "y": -0.3024060130119324,
          "z": -0.17166242003440857
        },
        "matrix": [
          [
            0.7581645846366882,
            -0.4334891438484192,
            -0.4871073365211487,
            -0.1017976701259613
          ],
          [
            -0.6404494047164917,
            -0.6354104280471802,
            -0.43136799335479736,
            -0.44149744510650635
          ],
          [
            -0.12252119183540344,
            0.6390193104743958,
            -0.7593793272972107,
            1.8117069005966187
          ],
          [
            0.0,
            0.0,
            0.0,
            1.0
          ]
        ]
      },
      "bone_length_armature_space": 0.028514453285374764,
      "parent": "metacarpal_index_l",
      "has_children": true,
      "is_end_bone": false
    },
    "index_02_l": {
      "name": "index_02_l",
      "local": {
        "location": {
          "x": 0.0,
          "y": 0.0,
          "z": 0.0
        },
        "rotation_quaternion": {
          "w": 0.9999939203262329,
          "x": 0.0006416864925995469,
          "y": 0.003401618218049407,
          "z": 0.0005835681804455817
        },
        "scale": {
          "x": 1.0,
          "y": 1.0,
          "z": 1.0
        },
        "matrix_basis": [
          [
            0.9999761581420898,
            -0.0011627636849880219,
            0.006803944241255522,
            0.0
          ],
          [
            0.001171494834125042,
            0.9999985098838806,
            -0.0012793950736522675,
            0.0
          ],
          [
            -0.006802446208894253,
            0.0012873352970927954,
            0.9999760389328003,
            0.0
          ],
          [
            0.0,
            0.0,
            0.0,
            1.0
          ]
        ],
        "rotation_mode": "QUATERNION"
      },
      "armature_space": {
        "head": {
          "x": -0.11415883898735046,
          "y": -0.5228599905967712,
          "z": 0.880074143409729
        },
        "tail": {
          "x": -0.12427066266536713,
          "y": -0.5392653942108154,
          "z": 0.8970065712928772
        }
      },
      "world_space": {
        "head": {
          "x": -0.11415883898735046,
          "y": -0.4596160054206848,
          "z": 1.8299281597137451
        },
        "tail": {
          "x": -0.12427066266536713,
          "y": -0.476021409034729,
          "z": 1.846860647201538
        },
        "rotation_quaternion": {
          "w": 0.3050464987754822,
          "x": 0.881396472454071,
          "y": -0.2952854037284851,
          "z": -0.20710724592208862
        },
        "matrix": [
          [
            0.7398256659507751,
            -0.3941728472709656,
            -0.5452390909194946,
            -0.11415883898735046
          ],
          [
            -0.6468823552131653,
            -0.6395061016082764,
            -0.41542187333106995,
            -0.4596160054206848
          ],
          [
            -0.18493758141994476,
            0.6600490808486938,
            -0.7281121015548706,
            1.8299281597137451
          ],
          [
            0.0,
            0.0,
            0.0,
            1.0
          ]
        ]
      },
      "bone_length_armature_space": 0.02565333014908652,
      "parent": "index_01_l",
      "has_children": true,
      "is_end_bone": false
    },
    "index_03_l": {
      "name": "index_03_l",
      "local": {
        "location": {
          "x": 0.0,
          "y": 0.0,
          "z": 0.0
        },
        "rotation_quaternion": {
          "w": 0.9998620748519897,
          "x": 0.016225986182689667,
          "y": 0.001390444696880877,
          "z": -0.0032938015647232533
        },
        "scale": {
          "x": 1.0,
          "y": 1.0,
          "z": 1.0
        },
        "matrix_basis": [
          [
            0.9999744296073914,
            0.006631817203015089,
            0.0026736154686659575,
            0.0
          ],
          [
            -0.006541572045534849,
            0.999451756477356,
            -0.0324566550552845,
            0.0
          ],
          [
            -0.002887396141886711,
            0.03243833780288696,
            0.9994695782661438,
            0.0
          ],
          [
            0.0,
            0.0,
            0.0,
            1.0
          ]
        ],
        "rotation_mode": "QUATERNION"
      },
      "armature_space": {
        "head": {
          "x": -0.12427060306072235,
          "y": -0.5392653346061707,
          "z": 0.8970066905021667
        },
        "tail": {
          "x": -0.1354050636291504,
          "y": -0.5610561370849609,
          "z": 0.9129728674888611
        }
      },
      "world_space": {
        "head": {
          "x": -0.12427060306072235,
          "y": -0.47602134943008423,
          "z": 1.846860647201538
        },
        "tail": {
          "x": -0.1354050636291504,
          "y": -0.4978121519088745,
          "z": 1.8628268241882324
        },
        "rotation_quaternion": {
          "w": 0.25031211972236633,
          "x": 0.9186020493507385,
          "y": -0.25387364625930786,
          "z": -0.17047660052776337
        },
        "matrix": [
          [
            0.8129714131355286,
            -0.3810732960700989,
            -0.4402959644794464,
            -0.12427060306072235
          ],
          [
            -0.5517628788948059,
            -0.7457839250564575,
            -0.3733152151107788,
            -0.47602134943008423
          ],
          [
            -0.18610692024230957,
            0.5464364886283875,
            -0.8165692090988159,
            1.846860647201538
          ],
          [
            0.0,
            0.0,
            0.0,
            1.0
          ]
        ]
      },
      "bone_length_armature_space": 0.029218728427573008,
      "parent": "index_02_l",
      "has_children": false,
      "is_end_bone": true
    },
    "metacarpal_pinky_l": {
      "name": "metacarpal_pinky_l",
      "local": {
        "location": {
          "x": 0.0,
          "y": 0.0,
          "z": 0.0
        },
        "rotation_quaternion": {
          "w": 0.999350905418396,
          "x": -0.03568704426288605,
          "y": 0.002011295175179839,
          "z": 0.004505143500864506
        },
        "scale": {
          "x": 1.0,
          "y": 1.0,
          "z": 1.0
        },
        "matrix_basis": [
          [
            0.9999513030052185,
            -0.00914799328893423,
            0.0036984288599342108,
            0.0
          ],
          [
            0.008860884234309196,
            0.9974122643470764,
            0.07134588062763214,
            0.0
          ],
          [
            -0.004341529682278633,
            -0.0713096410036087,
            0.9974448084831238,
            0.0
          ],
          [
            0.0,
            0.0,
            0.0,
            1.0
          ]
        ],
        "rotation_mode": "QUATERNION"
      },
      "armature_space": {
        "head": {
          "x": -0.007497668266296387,
          "y": -0.44551652669906616,
          "z": 0.8253953456878662
        },
        "tail": {
          "x": -0.03370299190282822,
          "y": -0.5264800786972046,
          "z": 0.8854073882102966
        }
      },
      "world_space": {
        "head": {
          "x": -0.007497668266296387,
          "y": -0.38227254152297974,
          "z": 1.7752493619918823
        },
        "tail": {
          "x": -0.03370299190282822,
          "y": -0.46323609352111816,
          "z": 1.835261344909668
        },
        "rotation_quaternion": {
          "w": 0.07733587920665741,
          "x": -0.16665567457675934,
          "y": 0.32443809509277344,
          "z": 0.927892804145813
        },
        "matrix": [
          [
            -0.9324902296066284,
            -0.2516578435897827,
            -0.2590951919555664,
            -0.007497668266296387
          ],
          [
            0.03538030385971069,
            -0.777518093585968,
            0.6278647184371948,
            -0.38227254152297974
          ],
          [
            -0.35946059226989746,
            0.5763140916824341,
            0.7339373826980591,
            1.7752493619918823
          ],
          [
            0.0,
            0.0,
            0.0,
            1.0
          ]
        ]
      },
      "bone_length_armature_space": 0.10413098015787603,
      "parent": "lowerarm_l",
      "has_children": true,
      "is_end_bone": false
    },
    "pinky_01_l": {
      "name": "pinky_01_l",
      "local": {
        "location": {
          "x": 0.0,
          "y": 0.0,
          "z": 0.0
        },
        "rotation_quaternion": {
          "w": 0.9936219453811646,
          "x": -0.11150629818439484,
          "y": -0.016748474910855293,
          "z": -0.0011100833071395755
        },
        "scale": {
          "x": 1.0,
          "y": 1.0,
          "z": 1.0
        },
        "matrix_basis": [
          [
            0.9994364976882935,
            0.005941126961261034,
            -0.03303574025630951,
            0.0
          ],
          [
            0.0015291145537048578,
            0.9751302003860474,
            0.2216273993253708,
            0.0
          ],
          [
            0.03353086858987808,
            -0.2215530276298523,
            0.9745716452598572,
            0.0
          ],
          [
            0.0,
            0.0,
            0.0,
            1.0
          ]
        ],
        "rotation_mode": "QUATERNION"
      },
      "armature_space": {
        "head": {
          "x": -0.03370299190282822,
