{
  "metadata": {
    "armature_name": "KIM_caucasian_male",
    "export_time": "2026-01-13T20:54:41.071501",
    "blender_version": "4.4.1",
    "bone_count": 56,
    "end_bone_count": 13,
    "spaces_included": [
      "LOCAL_CHANNELS",
      "ARMATURE_SPACE",
      "WORLD_SPACE"
    ],
    "note": "LOCAL matches Transform panel; replay pose via local.matrix_basis for best fidelity."
  },
  "bones": {
    "Root": {
      "name": "Root",
      "local": {
        "location": {
          "x": 0.0,
          "y": 0.0,
          "z": 0.0
        },
        "rotation_quaternion": {
          "w": 0.9996386766433716,
          "x": 0.0030613054987043142,
          "y": 0.015468085184693336,
          "z": -0.021772287786006927
        },
        "scale": {
          "x": 1.0,
          "y": 1.0,
          "z": 1.0
        },
        "matrix_basis": [
          [
            0.9985734224319458,
            0.04362354800105095,
            0.030791688710451126,
            0.0
          ],
          [
            -0.04343413561582565,
            0.9990332126617432,
            -0.006793949753046036,
            0.0
          ],
          [
            -0.03105829656124115,
            0.005446847528219223,
            0.9995027184486389,
            0.0
          ],
          [
            0.0,
            0.0,
            0.0,
            1.0
          ]
        ],
        "rotation_mode": "QUATERNION"
      },
      "armature_space": {
        "head": {
          "x": 0.0,
          "y": 0.07072800397872925,
          "z": -0.009595036506652832
        },
        "tail": {
          "x": 0.003113668644800782,
          "y": 1.611560583114624e-05,
          "z": -0.00039452407509088516
        }
      },
      "world_space": {
        "head": {
          "x": 0.0,
          "y": 0.13397200405597687,
          "z": 0.9402589797973633
        },
        "tail": {
          "x": 0.003113668644800782,
          "y": 0.06326011568307877,
          "z": 0.9494594931602478
        },
        "rotation_quaternion": {
          "w": 0.06428896635770798,
          "x": 0.997573971748352,
          "y": 0.02276488021016121,
          "z": 0.013966195285320282
        },
        "matrix": [
          [
            0.9985734224319458,
            0.04362354800105095,
            0.030791688710451126,
            0.0
          ],
          [
            0.0472150482237339,
            -0.9906973838806152,
            -0.1276305615901947,
            0.13397200405597687
          ],
          [
            0.024937765672802925,
            0.12890228629112244,
            -0.9913507699966431,
            0.9402589797973633
          ],
          [
            0.0,
            0.0,
            0.0,
            1.0
          ]
        ]
      },
      "bone_length_armature_space": 0.07137587557126006,
      "parent": null,
      "has_children": true,
      "is_end_bone": false
    },
    "spine_01": {
      "name": "spine_01",
      "local": {
        "location": {
          "x": 0.0,
          "y": 0.0,
          "z": 0.0
        },
        "rotation_quaternion": {
          "w": 0.9989392757415771,
          "x": -0.010631577111780643,
          "y": -0.042714860290288925,
          "z": 0.013523432426154613
        },
        "scale": {
          "x": 1.0,
          "y": 1.0,
          "z": 1.0
        },
        "matrix_basis": [
          [
            0.9959850907325745,
            -0.02610992267727852,
            -0.08562665432691574,
            0.0
          ],
          [
            0.027926428243517876,
            0.9994081854820251,
            0.020085297524929047,
            0.0
          ],
          [
            0.08505155146121979,
            -0.0223959032446146,
            0.996124804019928,
            0.0
          ],
          [
            0.0,
            0.0,
            0.0,
            1.0
          ]
        ],
        "rotation_mode": "QUATERNION"
      },
      "armature_space": {
        "head": {
          "x": 0.003113668644800782,
          "y": 1.611560583114624e-05,
          "z": -0.00039452407509088516
        },
        "tail": {
          "x": -0.023202022537589073,
          "y": 0.029824083670973778,
          "z": 0.4859875738620758
        }
      },
      "world_space": {
        "head": {
          "x": 0.003113668644800782,
          "y": 0.06326011568307877,
          "z": 0.9494594931602478
        },
        "tail": {
          "x": -0.023202022537589073,
          "y": 0.09306808561086655,
          "z": 1.4358415603637695
        },
        "rotation_quaternion": {
          "w": 0.7276304364204407,
          "x": 0.6851456761360168,
          "y": -0.03308505564928055,
          "z": 0.005902240518480539
        },
        "matrix": [
          [
            0.9977410435676575,
            -0.05392546206712723,
            -0.04005923494696617,
            0.003113668644800782
          ],
          [
            -0.03674647957086563,
            0.06108174845576286,
            -0.9974561929702759,
            0.06326011568307877
          ],
          [
            0.056235529482364655,
            0.9966821074485779,
            0.05896170064806938,
            0.9494594931602478
          ],
          [
            0.0,
            0.0,
            0.0,
            1.0
          ]
        ]
      },
      "bone_length_armature_space": 0.4880046849216222,
      "parent": "Root",
      "has_children": true,
      "is_end_bone": false
    },
    "neck_01": {
      "name": "neck_01",
      "local": {
        "location": {
          "x": 0.0,
          "y": 0.0,
          "z": 0.0
        },
        "rotation_quaternion": {
          "w": 0.9849913120269775,
          "x": -0.12891051173210144,
          "y": 0.11217527091503143,
          "z": -0.024309717118740082
        },
        "scale": {
          "x": 1.0,
          "y": 1.0,
          "z": 1.0
        },
        "matrix_basis": [
          [
            0.9736514687538147,
            0.018968576565384865,
            0.22725088894367218,
            0.0
          ],
          [
            -0.07681086659431458,
            0.9655822515487671,
            0.24849757552146912,
            0.0
          ],
          [
            -0.21471577882766724,
            -0.25940537452697754,
            0.941597580909729,
            0.0
          ],
          [
            0.0,
            0.0,
            0.0,
            1.0
          ]
        ],
        "rotation_mode": "QUATERNION"
      },
      "armature_space": {
        "head": {
          "x": -0.028539635241031647,
          "y": -0.0002958253026008606,
          "z": 0.5610079169273376
        },
        "tail": {
          "x": -0.03255701810121536,
          "y": -0.007135437335819006,
          "z": 0.6632226705551147
        }
      },
      "world_space": {
        "head": {
          "x": -0.028539635241031647,
          "y": 0.06294817477464676,
          "z": 1.510861873626709
        },
        "tail": {
          "x": -0.03255701810121536,
          "y": 0.056108564138412476,
          "z": 1.6130766868591309
        },
        "rotation_quaternion": {
          "w": 0.6811202764511108,
          "x": 0.7254324555397034,
          "y": 0.052133772522211075,
          "z": 0.08429120481014252
        },
        "matrix": [
          [
            0.9803541302680969,
            -0.03918582573533058,
            0.19331349432468414,
            -0.028539635241031647
          ],
          [
            0.19046364724636078,
            -0.06671403348445892,
            -0.9794249534606934,
            0.06294817477464676
          ],
          [
            0.05127684772014618,
            0.9970093369483948,
            -0.05794127285480499,
            1.510861873626709
          ],
          [
            0.0,
            0.0,
            0.0,
            1.0
          ]
        ]
      },
      "bone_length_armature_space": 0.10252207419470563,
      "parent": "spine_01",
      "has_children": true,
      "is_end_bone": false
    },
    "head": {
      "name": "head",
      "local": {
        "location": {
          "x": 0.0,
          "y": 0.0,
          "z": 0.0
        },
        "rotation_quaternion": {
          "w": 0.9530985355377197,
          "x": -0.1537909209728241,
          "y": 0.12361566722393036,
          "z": -0.22950108349323273
        },
        "scale": {
          "x": 1.0,
          "y": 1.0,
          "z": 1.0
        },
        "matrix_basis": [
          [
            0.8640968203544617,
            0.3994523584842682,
            0.3062261939048767,
            0.0
          ],
          [
            -0.47549623250961304,
            0.8473551869392395,
            0.23641593754291534,
            0.0
          ],
          [
            -0.16504545509815216,
            -0.3498956561088562,
            0.922135055065155,
            0.0
          ],
          [
            0.0,
            0.0,
            0.0,
            1.0
          ]
        ],
        "rotation_mode": "QUATERNION"
      },
      "armature_space": {
        "head": {
          "x": -0.032556984573602676,
          "y": -0.0071355849504470825,
          "z": 0.6632225513458252
        },
        "tail": {
          "x": 0.005285538733005524,
          "y": 0.09373391419649124,
          "z": 0.7747862935066223
        }
      },
      "world_space": {
        "head": {
          "x": -0.032556984573602676,
          "y": 0.05610841512680054,
          "z": 1.6130765676498413
        },
        "tail": {
          "x": 0.005285538733005524,
          "y": 0.15697792172431946,
          "z": 1.7246403694152832
        },
        "rotation_quaternion": {
          "w": 0.8725144863128662,
          "x": 0.41767287254333496,
          "y": 0.25281256437301636,
          "z": -0.01880638301372528
        },
        "matrix": [
          [
            0.8714647889137268,
            0.2440032958984375,
            0.4254545271396637,
            -0.032556984573602676
          ],
          [
            0.17836715281009674,
            0.6503924131393433,
            -0.7383599281311035,
            0.05610841512680054
          ],
          [
            -0.45687758922576904,
            0.7193472981452942,
            0.523274838924408,
            1.6130765676498413
          ],
          [
            0.0,
            0.0,
            0.0,
            1.0
          ]
        ]
      },
      "bone_length_armature_space": 0.15509088149080372,
      "parent": "neck_01",
      "has_children": false,
      "is_end_bone": true
    },
    "upperarm_l": {
      "name": "upperarm_l",
      "local": {
        "location": {
          "x": 0.0,
          "y": 0.0,
          "z": 0.0
        },
        "rotation_quaternion": {
          "w": 0.8877734541893005,
          "x": -0.29417794942855835,
          "y": 0.16053085029125214,
          "z": -0.31551146507263184
        },
        "scale": {
          "x": 1.0,
          "y": 1.0,
          "z": 1.0
        },
        "matrix_basis": [
          [
            0.7493647336959839,
            0.4657561480998993,
            0.4706631004810333,
            0.0
          ],
          [
            -0.6546546816825867,
            0.6278237104415894,
            0.42102810740470886,
            0.0
          ],
          [
            -0.09939702600240707,
            -0.6236253976821899,
            0.7753783464431763,
            0.0
          ],
          [
            0.0,
            0.0,
            0.0,
            1.0
          ]
        ],
        "rotation_mode": "QUATERNION"
      },
      "armature_space": {
        "head": {
          "x": 0.12461799383163452,
          "y": -0.013093981891870499,
          "z": 0.5026465058326721
        },
        "tail": {
          "x": 0.29679450392723083,
          "y": 0.1495402455329895,
          "z": 0.37729430198669434
        }
      },
      "world_space": {
        "head": {
          "x": 0.12461799383163452,
          "y": 0.05015001818537712,
          "z": 1.452500581741333
        },
        "tail": {
          "x": 0.29679450392723083,
          "y": 0.21278424561023712,
          "z": 1.3271483182907104
        },
        "rotation_quaternion": {
          "w": 0.37019455432891846,
          "x": 0.21864719688892365,
          "y": 0.8163410425186157,
          "z": -0.38566410541534424
        },
        "matrix": [
          [
            -0.6302991509437561,
            0.642522931098938,
            0.4357604384422302,
            0.12461799383163452
          ],
          [
            0.07144109159708023,
            0.6069133281707764,
            -0.7915506958961487,
            0.05015001818537712
          ],
          [
            -0.7730637192726135,
            -0.46778538823127747,
            -0.4284432828426361,
            1.452500581741333
          ],
          [
            0.0,
            0.0,
            0.0,
            1.0
          ]
        ]
      },
      "bone_length_armature_space": 0.2679698054345702,
      "parent": "spine_01",
      "has_children": true,
      "is_end_bone": false
    },
    "lowerarm_l": {
      "name": "lowerarm_l",
      "local": {
        "location": {
          "x": 0.0,
          "y": 0.0,
          "z": 0.0
        },
        "rotation_quaternion": {
          "w": 0.9376580119132996,
          "x": 0.2949182689189911,
          "y": -0.13028502464294434,
          "z": 0.12979400157928467
        },
        "scale": {
          "x": 1.0,
          "y": 1.0,
          "z": 1.0
        },
        "matrix_basis": [
          [
            0.9323586821556091,
            -0.3202516436576843,
            -0.16776834428310394,
            0.0
          ],
          [
            0.1665579080581665,
            0.7923534512519836,
            -0.586885392665863,
            0.0
          ],
          [
            0.3208828270435333,
            0.5192445516586304,
            0.7920980453491211,
            0.0
          ],
          [
            0.0,
            0.0,
            0.0,
            1.0
          ]
        ],
        "rotation_mode": "QUATERNION"
      },
      "armature_space": {
        "head": {
          "x": 0.2967946529388428,
          "y": 0.1495402306318283,
          "z": 0.3772943615913391
        },
        "tail": {
          "x": 0.557235062122345,
          "y": 0.13754108548164368,
          "z": 0.31732603907585144
        }
      },
      "world_space": {
        "head": {
          "x": 0.2967946529388428,
          "y": 0.21278423070907593,
          "z": 1.3271484375
        },
        "tail": {
          "x": 0.557235062122345,
          "y": 0.2007850855588913,
          "z": 1.26718008518219
        },
        "rotation_quaternion": {
          "w": 0.48325833678245544,
          "x": 0.39008763432502747,
          "y": 0.49399930238723755,
          "z": -0.608488142490387
        },
        "matrix": [
          [
            -0.22858533263206482,
            0.9735199213027954,
            0.0027312636375427246,
            0.2967946529388428
          ],
          [
            -0.20270982384681702,
            -0.04485252499580383,
            -0.9782111644744873,
            0.21278423070907593
          ],
          [
            -0.9521925449371338,
            -0.2241600900888443,
            0.20759524405002594,
            1.3271484375
          ],
          [
            0.0,
            0.0,
            0.0,
            1.0
          ]
        ]
      },
      "bone_length_armature_space": 0.2675245516754892,
      "parent": "upperarm_l",
      "has_children": true,
      "is_end_bone": false
    },
    "metacarpal_thumb_l": {
      "name": "metacarpal_thumb_l",
      "local": {
        "location": {
          "x": 0.0,
          "y": 0.0,
          "z": 0.0
        },
        "rotation_quaternion": {
          "w": 0.9998258352279663,
          "x": 0.017460137605667114,
          "y": -0.003992268815636635,
          "z": 0.005242802668362856
        },
        "scale": {
          "x": 1.0,
          "y": 1.0,
          "z": 1.0
        },
        "matrix_basis": [
          [
            0.9999131560325623,
            -0.010623190551996231,
            -0.007800066843628883,
            0.0
          ],
          [
            0.010344368405640125,
            0.9993352890014648,
            -0.03495605289936066,
            0.0
          ],
          [
            0.008166227489709854,
            0.034872330725193024,
            0.9993584156036377,
            0.0
          ],
          [
            0.0,
            0.0,
            0.0,
            1.0
          ]
        ],
        "rotation_mode": "QUATERNION"
      },
      "armature_space": {
        "head": {
          "x": 0.557235062122345,
          "y": 0.13754108548164368,
          "z": 0.31732603907585144
        },
        "tail": {
          "x": 0.5922307968139648,
          "y": 0.10485471785068512,
          "z": 0.30465778708457947
        }
      },
      "world_space": {
        "head": {
          "x": 0.557235062122345,
          "y": 0.2007850855588913,
          "z": 1.26718008518219
        },
        "tail": {
          "x": 0.5922307968139648,
          "y": 0.16809871792793274,
          "z": 1.254511833190918
        },
        "rotation_quaternion": {
          "w": 0.03782043606042862,
          "x": -0.8814421892166138,
          "y": -0.4106440246105194,
          "z": 0.23021912574768066
        },
        "matrix": [
          [
            0.5567405223846436,
            0.7065044641494751,
            -0.4369106590747833,
            0.557235062122345
          ],
          [
            0.7413318157196045,
            -0.6598818302154541,
            -0.12240496277809143,
            0.2007850855588913
          ],
          [
            -0.37479114532470703,
            -0.25575047731399536,
            -0.8911438584327698,
            1.26718008518219
          ],
          [
            0.0,
            0.0,
            0.0,
            1.0
          ]
        ]
      },
      "bone_length_armature_space": 0.04953367139972029,
      "parent": "lowerarm_l",
      "has_children": true,
      "is_end_bone": false
    },
    "thumb_01_l": {
      "name": "thumb_01_l",
      "local": {
        "location": {
          "x": 0.0,
          "y": 0.0,
          "z": 0.0
        },
        "rotation_quaternion": {
          "w": 0.9822537302970886,
          "x": 0.18634723126888275,
          "y": 0.01634814962744713,
          "z": -0.013607915490865707
        },
        "scale": {
          "x": 1.0,
          "y": 1.0,
          "z": 1.0
        },
        "matrix_basis": [
          [
            0.9990951418876648,
            0.032825715839862823,
            0.027044467628002167,
            0.0
          ],
          [
            -0.02063998579978943,
            0.9301790595054626,
            -0.36652544140815735,
            0.0
          ],
          [
            -0.03718765825033188,
            0.36563560366630554,
            0.9300149083137512,
            0.0
          ],
          [
            0.0,
            0.0,
            0.0,
            1.0
          ]
        ],
        "rotation_mode": "QUATERNION"
      },
      "armature_space": {
        "head": {
          "x": 0.5922307968139648,
          "y": 0.10485471785068512,
          "z": 0.30465778708457947
        },
        "tail": {
          "x": 0.602656364440918,
          "y": 0.09322357177734375,
          "z": 0.27441439032554626
        }
      },
      "world_space": {
        "head": {
          "x": 0.5922307968139648,
          "y": 0.16809871792793274,
          "z": 1.254511833190918
        },
        "tail": {
          "x": 0.602656364440918,
          "y": 0.15646757185459137,
          "z": 1.2242684364318848
        },
        "rotation_quaternion": {
          "w": 0.5723395347595215,
          "x": -0.7540126442909241,
          "y": 0.03969471529126167,
          "z": -0.319869726896286
        },
        "matrix": [
          [
            0.7922161817550659,
            0.3062869608402252,
            0.5278080701828003,
            0.5922307968139648
          ],
          [
            -0.42600691318511963,
            -0.34170472621917725,
            0.8377087116241455,
            0.16809871792793274
          ],
          [
            0.43693646788597107,
            -0.8885031938552856,
            -0.14022397994995117,
            1.254511833190918
          ],
          [
            0.0,
            0.0,
            0.0,
            1.0
          ]
        ]
      },
      "bone_length_armature_space": 0.034038788023895525,
      "parent": "metacarpal_thumb_l",
      "has_children": true,
      "is_end_bone": false
    },
    "thumb_02_l": {
      "name": "thumb_02_l",
      "local": {
        "location": {
          "x": 0.0,
          "y": 0.0,
          "z": 0.0
        },
        "rotation_quaternion": {
          "w": 0.9280030727386475,
          "x": 0.37254324555397034,
          "y": 0.0030046645551919937,
          "z": -0.003576518502086401
        },
        "scale": {
          "x": 1.0,
          "y": 1.0,
          "z": 1.0
        },
        "matrix_basis": [
          [
            0.9999563694000244,
            0.00887677539139986,
            0.002911860356107354,
            0.0
          ],
          [
            -0.004399305209517479,
            0.72239750623703,
            -0.6914640665054321,
            0.0
          ],
          [
            -0.00824149139225483,
            0.6914210319519043,
            0.7224050164222717,
            0.0
          ],
          [
            0.0,
            0.0,
            0.0,
            1.0
          ]
        ],
        "rotation_mode": "QUATERNION"
      },
      "armature_space": {
        "head": {
          "x": 0.602656364440918,
          "y": 0.09322355687618256,
          "z": 0.27441439032554626
        },
        "tail": {
          "x": 0.6355529427528381,
          "y": 0.10965593159198761,
          "z": 0.2905690670013428
        }
      },
      "world_space": {
        "head": {
          "x": 0.602656364440918,
          "y": 0.15646755695343018,
          "z": 1.2242684364318848
        },
        "tail": {
          "x": 0.6355529427528381,
          "y": 0.17289993166923523,
          "z": 1.2404230833053589
        },
        "rotation_quaternion": {
          "w": 0.7679842710494995,
          "x": 0.022300317883491516,
          "y": -0.33876973390579224,
          "z": -0.543082058429718
        },
        "matrix": [
          [
            0.18059219419956207,
            0.8190487623214722,
            -0.5445595979690552,
            0.602656364440918
          ],
          [
            -0.8492656946182251,
            0.4091278612613678,
            0.33370959758758545,
            0.15646755695343018
          ],
          [
            0.4961218237876892,
            0.4022136628627777,
            0.769481360912323,
            1.2242684364318848
          ],
          [
            0.0,
            0.0,
            0.0,
            1.0
          ]
        ]
      },
      "bone_length_armature_space": 0.04016442923076039,
      "parent": "thumb_01_l",
      "has_children": true,
      "is_end_bone": false
    },
    "thumb_03_l": {
      "name": "thumb_03_l",
      "local": {
        "location": {
          "x": 0.0,
          "y": 0.0,
          "z": 0.0
        },
        "rotation_quaternion": {
          "w": 0.9856464862823486,
          "x": 0.16877855360507965,
          "y": -0.002890693722292781,
          "z": 0.0025395771954208612
        },
        "scale": {
          "x": 1.0,
          "y": 1.0,
          "z": 1.0
        },
        "matrix_basis": [
          [
            0.9999703764915466,
            -0.005982025060802698,
            -0.004841152112931013,
            0.0
          ],
          [
            0.004030476324260235,
            0.9430146813392639,
            -0.3327266573905945,
            0.0
          ],
          [
            0.006555656436830759,
            0.3326973021030426,
            0.9430108666419983,
            0.0
          ],
          [
            0.0,
            0.0,
            0.0,
            1.0
          ]
        ],
        "rotation_mode": "QUATERNION"
      },
      "armature_space": {
        "head": {
          "x": 0.6355530023574829,
          "y": 0.10965584218502045,
          "z": 0.290569007396698
        },
        "tail": {
          "x": 0.646840512752533,
          "y": 0.12640303373336792,
          "z": 0.3133510649204254
        }
      },
      "world_space": {
        "head": {
          "x": 0.6355530023574829,
          "y": 0.17289984226226807,
          "z": 1.2404229640960693
        },
        "tail": {
          "x": 0.646840512752533,
          "y": 0.18964703381061554,
          "z": 1.2632050514221191
        },
        "rotation_quaternion": {
          "w": 0.820252537727356,
          "x": 0.3195022940635681,
          "y": -0.31972968578338623,
          "z": -0.35053837299346924
        },
        "matrix": [
          [
            0.5497904419898987,
            0.3707523047924042,
            -0.7485136985778809,
            0.6355530023574829
          ],
          [
            -0.7793691158294678,
            0.5500822067260742,
            -0.29998865723609924,
            0.17289984226226807
          ],
          [
            0.3005240857601166,
            0.7483053207397461,
            0.5913870930671692,
            1.2404229640960693
          ],
          [
            0.0,
            0.0,
            0.0,
            1.0
          ]
        ]
      },
      "bone_length_armature_space": 0.030445007823085717,
      "parent": "thumb_02_l",
      "has_children": false,
      "is_end_bone": true
    },
    "metacarpal_index_l": {
      "name": "metacarpal_index_l",
      "local": {
        "location": {
          "x": 0.0,
          "y": 0.0,
          "z": 0.0
        },
        "rotation_quaternion": {
          "w": 0.999171257019043,
          "x": -0.03884290158748627,
          "y": 0.010993769392371178,
          "z": -0.0052131181582808495
        },
        "scale": {
          "x": 1.0,
          "y": 1.0,
          "z": 1.0
        },
        "matrix_basis": [
          [
            0.9997039437294006,
            0.009563535451889038,
            0.02237430214881897,
            0.0
          ],
          [
            -0.011271655559539795,
            0.9969280958175659,
            0.07750679552555084,
            0.0
          ],
          [
            -0.021564330905675888,
            -0.07773604243993759,
            0.9967407584190369,
            0.0
          ],
          [
            0.0,
            0.0,
            0.0,
            1.0
          ]
        ],
        "rotation_mode": "QUATERNION"
      },
      "armature_space": {
        "head": {
          "x": 0.557235062122345,
          "y": 0.13754108548164368,
          "z": 0.31732603907585144
        },
        "tail": {
          "x": 0.6678177118301392,
          "y": 0.10346417129039764,
          "z": 0.29890167713165283
        }
      },
      "world_space": {
        "head": {
          "x": 0.557235062122345,
          "y": 0.2007850855588913,
          "z": 1.26718008518219
        },
        "tail": {
          "x": 0.6678177118301392,
          "y": 0.16670817136764526,
          "z": 1.248755693435669
        },
        "rotation_quaternion": {
          "w": 0.19068369269371033,
          "x": 0.7084450721740723,
          "y": 0.5641133189201355,
          "z": -0.378842294216156
        },
        "matrix": [
          [
            0.07650777697563171,
            0.9437657594680786,
            -0.3216404616832733,
            0.557235062122345
          ],
          [
            0.6548079252243042,
            -0.29082879424095154,
            -0.6975997090339661,
            0.2007850855588913
          ],
          [
            -0.7519177794456482,
            -0.15724237263202667,
            -0.6402412056922913,
            1.26718008518219
          ],
          [
            0.0,
            0.0,
            0.0,
            1.0
          ]
        ]
      },
      "bone_length_armature_space": 0.11717173574631452,
      "parent": "lowerarm_l",
      "has_children": true,
      "is_end_bone": false
    },
    "index_01_l": {
      "name": "index_01_l",
      "local": {
        "location": {
          "x": 0.0,
          "y": 0.0,
          "z": 0.0
        },
        "rotation_quaternion": {
          "w": 0.977348804473877,
          "x": 0.21064426004886627,
          "y": -0.01971135288476944,
          "z": 0.005460347514599562
        },
        "scale": {
          "x": 1.0,
          "y": 1.0,
          "z": 1.0
        },
        "matrix_basis": [
          [
            0.9991632699966431,
            -0.018977494910359383,
            -0.03622935339808464,
            0.0
          ],
          [
            0.0023691614624112844,
            0.9111983776092529,
            -0.41196107864379883,
            0.0
          ],
          [
            0.04083011671900749,
            0.41153058409690857,
            0.9104809165000916,
            0.0
          ],
          [
            0.0,
            0.0,
            0.0,
            1.0
          ]
        ],
        "rotation_mode": "QUATERNION"
      },
      "armature_space": {
        "head": {
          "x": 0.6678177118301392,
          "y": 0.10346417129039764,
          "z": 0.29890167713165283
        },
        "tail": {
          "x": 0.6901946663856506,
          "y": 0.09622162580490112,
          "z": 0.28278058767318726
        }
      },
      "world_space": {
        "head": {
          "x": 0.6678177118301392,
          "y": 0.16670817136764526,
          "z": 1.248755693435669
        },
        "tail": {
          "x": 0.6901946663856506,
          "y": 0.15946562588214874,
          "z": 1.2326345443725586
        },
        "rotation_quaternion": {
          "w": 0.044704191386699677,
          "x": 0.6068659424781799,
          "y": 0.6091017127037048,
          "z": -0.5086358785629272
        },
        "matrix": [
          [
            -0.2594265937805176,
            0.7847616672515869,
            -0.5628914833068848,
            0.6678177118301392
          ],
          [
            0.6938120722770691,
            -0.2539963722229004,
            -0.6738774180412292,
            0.16670817136764526
          ],
          [
            -0.6718096733093262,
            -0.5653670430183411,
            -0.47858768701553345,
            1.248755693435669
          ],
          [
            0.0,
            0.0,
            0.0,
            1.0
          ]
        ]
      },
      "bone_length_armature_space": 0.028514418710177247,
      "parent": "metacarpal_index_l",
      "has_children": true,
      "is_end_bone": false
    },
    "index_02_l": {
      "name": "index_02_l",
      "local": {
        "location": {
          "x": 0.0,
          "y": 0.0,
          "z": 0.0
        },
        "rotation_quaternion": {
          "w": 0.898303210735321,
          "x": 0.4393419921398163,
          "y": -0.0051357378251850605,
          "z": 0.001895396737381816
        },
        "scale": {
          "x": 1.0,
          "y": 1.0,
          "z": 1.0
        },
        "matrix_basis": [
          [
            0.999940037727356,
            -0.007917972281575203,
            -0.007561444770544767,
            0.0
          ],
          [
            -0.0011074086651206017,
            0.6139500141143799,
            -0.7893441319465637,
            0.0
          ],
          [
            0.010892353951931,
            0.7893051505088806,
            0.6139044761657715,
            0.0
          ],
          [
            0.0,
            0.0,
            0.0,
            1.0
          ]
        ],
        "rotation_mode": "QUATERNION"
      },
      "armature_space": {
        "head": {
          "x": 0.6901949048042297,
          "y": 0.09622114896774292,
          "z": 0.28278037905693054
        },
        "tail": {
          "x": 0.6923405528068542,
          "y": 0.07809261977672577,
          "z": 0.26475682854652405
        }
      },
      "world_space": {
        "head": {
          "x": 0.6901949048042297,
          "y": 0.15946514904499054,
          "z": 1.232634425163269
        },
        "tail": {
          "x": 0.6923405528068542,
          "y": 0.1413366198539734,
          "z": 1.2146108150482178
        },
        "rotation_quaternion": {
          "w": 0.18966169655323029,
          "x": -0.5491510629653931,
          "y": -0.3327028453350067,
          "z": 0.74281245470047
        },
        "matrix": [
          [
            -0.32492420077323914,
            0.08363950252532959,
            -0.9420342445373535,
            0.6901949048042297
          ],
          [
            0.6471739411354065,
            -0.7066754102706909,
            -0.2859646677970886,
            0.15946514904499054
          ],
          [
            -0.6896346211433411,
            -0.702582597732544,
            0.1754877269268036,
            1.232634425163269
          ],
          [
            0.0,
            0.0,
            0.0,
            1.0
          ]
        ]
      },
      "bone_length_armature_space": 0.025653376832150743,
      "parent": "index_01_l",
      "has_children": true,
      "is_end_bone": false
    },
    "index_03_l": {
      "name": "index_03_l",
      "local": {
        "location": {
          "x": 0.0,
          "y": 0.0,
          "z": 0.0
        },
        "rotation_quaternion": {
          "w": 0.9656398296356201,
          "x": 0.25979432463645935,
          "y": 0.004898447543382645,
          "z": 0.004768341779708862
        },
        "scale": {
          "x": 1.0,
          "y": 1.0,
          "z": 1.0
        },
        "matrix_basis": [
          [
            0.9999065399169922,
            -0.006663823965936899,
            0.011937848292291164,
            0.0
          ],
          [
            0.011754179373383522,
            0.8649683594703674,
            -0.5016887784004211,
            0.0
          ],
          [
            -0.006982695776969194,
            0.501782238483429,
            0.8649658560752869,
            0.0
          ],
          [
            0.0,
            0.0,
            0.0,
            1.0
          ]
        ],
        "rotation_mode": "QUATERNION"
      },
      "armature_space": {
        "head": {
          "x": 0.6923406720161438,
          "y": 0.07809264212846756,
          "z": 0.26475682854652405
        },
        "tail": {
          "x": 0.6774924993515015,
          "y": 0.058531880378723145,
          "z": 0.2489251047372818
        }
      },
      "world_space": {
        "head": {
          "x": 0.6923406720161438,
          "y": 0.14133664965629578,
          "z": 1.2146108150482178
        },
        "tail": {
          "x": 0.6774924993515015,
          "y": 0.12177588045597076,
          "z": 1.1987791061401367
        },
        "rotation_quaternion": {
          "w": 0.3910025358200073,
          "x": -0.4698448181152344,
          "y": -0.11129314452409744,
          "z": 0.7835666537284851
        },
        "matrix": [
          [
            -0.2527243494987488,
            -0.5081744194030762,
            -0.823340117931366,
            0.6923406720161438
          ],
          [
            0.7173343300819397,
            -0.6694607734680176,
            0.19301247596740723,
            0.14133664965629578
          ],
          [
            -0.6492818593978882,
            -0.5418356657028198,
            0.5337241888046265,
            1.2146108150482178
          ],
          [
            0.0,
            0.0,
            0.0,
            1.0
          ]
        ]
      },
      "bone_length_armature_space": 0.02921874585875186,
      "parent": "index_02_l",
      "has_children": false,
      "is_end_bone": true
    },
    "metacarpal_pinky_l": {
      "name": "metacarpal_pinky_l",
      "local": {
        "location": {
          "x": 0.0,
          "y": 0.0,
          "z": 0.0
        },
        "rotation_quaternion": {
          "w": 0.9989376068115234,
          "x": -0.04133589565753937,
          "y": 0.019331729039549828,
          "z": 0.0064278217032551765
        },
        "scale": {
          "x": 1.0,
          "y": 1.0,
          "z": 1.0
        },
        "matrix_basis": [
          [
            0.9991699457168579,
            -0.014440174214541912,
            0.03809098154306412,
            0.0
          ],
          [
            0.011243796907365322,
            0.9965000748634338,
            0.08283248543739319,
            0.0
          ],
          [
            -0.03915378078818321,
            -0.0823354423046112,
            0.9958352446556091,
            0.0
          ],
          [
            0.0,
            0.0,
            0.0,
            1.0
          ]
        ],
        "rotation_mode": "QUATERNION"
      },
      "armature_space": {
        "head": {
          "x": 0.557235062122345,
          "y": 0.13754108548164368,
          "z": 0.31732603907585144
        },
        "tail": {
          "x": 0.6503158807754517,
          "y": 0.16576333343982697,
          "z": 0.2801414728164673
        }
      },
      "world_space": {
        "head": {
          "x": 0.557235062122345,
          "y": 0.2007850855588913,
          "z": 1.26718008518219
        },
        "tail": {
          "x": 0.6503158807754517,
          "y": 0.22900733351707458,
          "z": 1.2299954891204834
        },
        "rotation_quaternion": {
          "w": 0.7765803337097168,
          "x": -0.0915173813700676,
          "y": 0.18010243773460388,
          "z": -0.5967501401901245
        },
        "matrix": [
          [
            0.2229037880897522,
            0.8938843011856079,
            0.38895320892333984,
            0.557235062122345
          ],
          [
            -0.9598140120506287,
            0.2710270285606384,
            -0.07281270623207092,
            0.2007850855588913
          ],
          [
            -0.17050506174564362,
            -0.3570948839187622,
            0.9183819890022278,
            1.26718008518219
          ],
          [
            0.0,
            0.0,
            0.0,
            1.0
          ]
        ]
      },
      "bone_length_armature_space": 0.1041308133007056,
      "parent": "lowerarm_l",
      "has_children": true,
      "is_end_bone": false
    },
    "pinky_01_l": {
      "name": "pinky_01_l",
      "local": {
        "location": {
          "x": 0.0,
          "y": 0.0,
          "z": 0.0
        },
        "rotation_quaternion": {
          "w": 0.9310442805290222,
          "x": 0.3648131489753723,
          "y": 0.00822555460035801,
          "z": -0.0006969279493205249
        },
        "scale": {
          "x": 1.0,
          "y": 1.0,
          "z": 1.0
        },
        "matrix_basis": [
          [
            0.9998636841773987,
            0.007299322634935379,
            0.014808214269578457,
            0.0
          ],
          [
            0.004703839309513569,
            0.7338217496871948,
            -0.6793258786201477,
            0.0
          ],
          [
            -0.01582520827651024,
            0.6793029308319092,
            0.7336874008178711,
            0.0
          ],
          [
            0.0,
            0.0,
            0.0,
            1.0
          ]
        ],
        "rotation_mode": "QUATERNION"
      },
      "armature_space": {
        "head": {
          "x": 0.6503158807754517,
          "y": 0.16576333343982697,
          "z": 0.2801414728164673
        },
        "tail": {
          "x": 0.6600744128227234,
          "y": 0.16111156344413757,
          "z": 0.25941869616508484
