{
  "metadata": {
    "armature_name": "KIM_caucasian_male",
    "export_time": "2026-01-13T21:00:17.832953",
    "blender_version": "4.4.1",
    "bone_count": 56,
    "end_bone_count": 13,
    "spaces_included": [
      "LOCAL_CHANNELS",
      "ARMATURE_SPACE",
      "WORLD_SPACE"
    ],
    "note": "LOCAL matches Transform panel; replay pose via local.matrix_basis for best fidelity."
  },
  "bones": {
    "Root": {
      "name": "Root",
      "local": {
        "location": {
          "x": 0.0,
          "y": 0.0,
          "z": 0.0
        },
        "rotation_quaternion": {
          "w": 0.9996362924575806,
          "x": 0.01570659503340721,
          "y": 0.017855482175946236,
          "z": 0.012720980681478977
        },
        "scale": {
          "x": 1.0,
          "y": 1.0,
          "z": 1.0
        },
        "matrix_basis": [
          [
            0.9990386962890625,
            -0.024871809408068657,
            0.036097582429647446,
            0.0
          ],
          [
            0.025993606075644493,
            0.999182939529419,
            -0.03094748593866825,
            0.0
          ],
          [
            -0.03529836982488632,
            0.03185604512691498,
            0.9988689422607422,
            0.0
          ],
          [
            0.0,
            0.0,
            0.0,
            1.0
          ]
        ],
        "rotation_mode": "QUATERNION"
      },
      "armature_space": {
        "head": {
          "x": 0.0,
          "y": 0.07072800397872925,
          "z": -0.009595036506652832
        },
        "tail": {
          "x": -0.0017752470448613167,
          "y": -0.0002478659152984619,
          "z": -0.002260969951748848
        }
      },
      "world_space": {
        "head": {
          "x": 0.0,
          "y": 0.13397200405597687,
          "z": 0.9402589797973633
        },
        "tail": {
          "x": -0.0017752470448613167,
          "y": 0.06299613416194916,
          "z": 0.9475930333137512
        },
        "rotation_quaternion": {
          "w": 0.05167223513126373,
          "x": 0.9984234571456909,
          "y": -0.011489194817841053,
          "z": 0.018671903759241104
        },
        "matrix": [
          [
            0.9990386962890625,
            -0.024871809408068657,
            0.036097582429647446,
            0.0
          ],
          [
            -0.02101251855492592,
            -0.994395911693573,
            -0.103611059486866,
            0.13397200405597687
          ],
          [
            0.038472533226013184,
            0.10275274515151978,
            -0.9939696788787842,
            0.9402589797973633
          ],
          [
            0.0,
            0.0,
            0.0,
            1.0
          ]
        ]
      },
      "bone_length_armature_space": 0.0713758651878561,
      "parent": null,
      "has_children": true,
      "is_end_bone": false
    },
    "spine_01": {
      "name": "spine_01",
      "local": {
        "location": {
          "x": 0.0,
          "y": 0.0,
          "z": 0.0
        },
        "rotation_quaternion": {
          "w": 0.9964550733566284,
          "x": -0.055860817432403564,
          "y": -0.0017578928964212537,
          "z": -0.06287974864244461
        },
        "scale": {
          "x": 1.0,
          "y": 1.0,
          "z": 1.0
        },
        "matrix_basis": [
          [
            0.9920861124992371,
            0.1255100816488266,
            0.0035217057447880507,
            0.0
          ],
          [
            -0.12511728703975677,
            0.9858514070510864,
            0.11154665797948837,
            0.0
          ],
          [
            0.010528351180255413,
            -0.11110451817512512,
            0.9937529563903809,
            0.0
          ],
          [
            0.0,
            0.0,
            0.0,
            1.0
          ]
        ],
        "rotation_mode": "QUATERNION"
      },
      "armature_space": {
        "head": {
          "x": -0.0017752470448613167,
          "y": -0.0002478659152984619,
          "z": -0.002260969951748848
        },
        "tail": {
          "x": 0.04223436117172241,
          "y": 0.060234908014535904,
          "z": 0.479977011680603
        }
      },
      "world_space": {
        "head": {
          "x": -0.0017752470448613167,
          "y": 0.06299613416194916,
          "z": 0.9475930333137512
        },
        "tail": {
          "x": 0.04223436117172241,
          "y": 0.12347890436649323,
          "z": 1.4298310279846191
        },
        "rotation_quaternion": {
          "w": 0.7493376135826111,
          "x": 0.6605543494224548,
          "y": 0.021513940766453743,
          "z": -0.04121048003435135
        },
        "matrix": [
          [
            0.9956777095794678,
            0.09018339216709137,
            -0.02220168150961399,
            -0.0017752470448613167
          ],
          [
            -0.0333394780755043,
            0.12393979728221893,
            -0.9917294979095459,
            0.06299613416194916
          ],
          [
            -0.08668649941682816,
            0.9881901144981384,
            0.12641073763370514,
            0.9475930333137512
          ],
          [
            0.0,
            0.0,
            0.0,
            1.0
          ]
        ]
      },
      "bone_length_armature_space": 0.4880046039326353,
      "parent": "Root",
      "has_children": true,
      "is_end_bone": false
    },
    "neck_01": {
      "name": "neck_01",
      "local": {
        "location": {
          "x": 0.0,
          "y": 0.0,
          "z": 0.0
        },
        "rotation_quaternion": {
          "w": 0.9973198175430298,
          "x": 0.006986977066844702,
          "y": 0.0642784833908081,
          "z": -0.03424341231584549
        },
        "scale": {
          "x": 1.0,
          "y": 1.0,
          "z": 1.0
        },
        "matrix_basis": [
          [
            0.9893913269042969,
            0.06920149177312851,
            0.12773390114307404,
            0.0
          ],
          [
            -0.06740504503250122,
            0.9975571632385254,
            -0.018338730558753014,
            0.0
          ],
          [
            -0.1286909282207489,
            0.009534272365272045,
            0.9916388988494873,
            0.0
          ],
          [
            0.0,
            0.0,
            0.0,
            1.0
          ]
        ],
        "rotation_mode": "QUATERNION"
      },
      "armature_space": {
        "head": {
          "x": 0.04806748405098915,
          "y": 0.0349159762263298,
          "z": 0.5567147731781006
        },
        "tail": {
          "x": 0.06274455785751343,
          "y": 0.006918488070368767,
          "z": 0.6542415618896484
        }
      },
      "world_space": {
        "head": {
          "x": 0.04806748405098915,
          "y": 0.09815997630357742,
          "z": 1.5065687894821167
        },
        "tail": {
          "x": 0.06274455785751343,
          "y": 0.07016249001026154,
          "z": 1.6040955781936646
        },
        "rotation_quaternion": {
          "w": 0.5977475643157959,
          "x": 0.7976952791213989,
          "y": 0.07844109833240509,
          "z": -0.015070579014718533
        },
        "matrix": [
          [
            0.9872397184371948,
            0.1431611329317093,
            0.06973321735858917,
            0.04806748405098915
          ],
          [
            0.1071280986070633,
            -0.27308937907218933,
            -0.9560052156448364,
            0.09815997630357742
          ],
          [
            -0.11782009154558182,
            0.9512829184532166,
            -0.284944087266922,
            1.5065687894821167
          ],
          [
            0.0,
            0.0,
            0.0,
            1.0
          ]
        ]
      },
      "bone_length_armature_space": 0.10252195063643842,
      "parent": "spine_01",
      "has_children": true,
      "is_end_bone": false
    },
    "head": {
      "name": "head",
      "local": {
        "location": {
          "x": 0.0,
          "y": 0.0,
          "z": 0.0
        },
        "rotation_quaternion": {
          "w": 0.9880828857421875,
          "x": -0.05880756303668022,
          "y": 0.13732588291168213,
          "z": 0.03709004819393158
        },
        "scale": {
          "x": 1.0,
          "y": 1.0,
          "z": 1.0
        },
        "matrix_basis": [
          [
            0.959531843662262,
            -0.08944768458604813,
            0.26701635122299194,
            0.0
          ],
          [
            0.05714448168873787,
            0.9903320074081421,
            0.12640033662319183,
            0.0
          ],
          [
            -0.2757410705089569,
            -0.10602664947509766,
            0.9553665518760681,
            0.0
          ],
          [
            0.0,
            0.0,
            0.0,
            1.0
          ]
        ],
        "rotation_mode": "QUATERNION"
      },
      "armature_space": {
        "head": {
          "x": 0.06274455785751343,
          "y": 0.00691835954785347,
          "z": 0.6542414426803589
        },
        "tail": {
          "x": 0.06370598077774048,
          "y": 0.03572121262550354,
          "z": 0.8066316843032837
        }
      },
      "world_space": {
        "head": {
          "x": 0.06274455785751343,
          "y": 0.07016235589981079,
          "z": 1.604095458984375
        },
        "tail": {
          "x": 0.06370598077774048,
          "y": 0.09896521270275116,
          "z": 1.7564857006072998
        },
        "rotation_quaternion": {
          "w": 0.7545109987258911,
          "x": 0.6260537505149841,
          "y": 0.15352948009967804,
          "z": 0.12328262627124786
        },
        "matrix": [
          [
            0.9224603176116943,
            0.006199120543897152,
            0.3860422968864441,
            0.06274455785751343
          ],
          [
            0.3782714605331421,
            0.18571676313877106,
            -0.9068739414215088,
            0.07016235589981079
          ],
          [
            -0.0773165300488472,
            0.982590913772583,
            0.1689717173576355,
            1.604095458984375
          ],
          [
            0.0,
            0.0,
            0.0,
            1.0
          ]
        ]
      },
      "bone_length_armature_space": 0.15509130896026413,
      "parent": "neck_01",
      "has_children": false,
      "is_end_bone": true
    },
    "upperarm_l": {
      "name": "upperarm_l",
      "local": {
        "location": {
          "x": 0.0,
          "y": 0.0,
          "z": 0.0
        },
        "rotation_quaternion": {
          "w": 0.7816282510757446,
          "x": 0.23879830539226532,
          "y": 0.48914453387260437,
          "z": 0.30458247661590576
        },
        "scale": {
          "x": 1.0,
          "y": 1.0,
          "z": 1.0
        },
        "matrix_basis": [
          [
            0.33593428134918213,
            -0.24252676963806152,
            0.9101259112358093,
            0.0
          ],
          [
            0.7097542881965637,
            0.7004097700119019,
            -0.07533329725265503,
            0.0
          ],
          [
            -0.6191908121109009,
            0.6712726950645447,
            0.40742599964141846,
            0.0
          ],
          [
            0.0,
            0.0,
            0.0,
            1.0
          ]
        ],
        "rotation_mode": "QUATERNION"
      },
      "armature_space": {
        "head": {
          "x": 0.1912873089313507,
          "y": 0.018422581255435944,
          "z": 0.4777009189128876
        },
        "tail": {
          "x": 0.3875938653945923,
          "y": -0.15358206629753113,
          "z": 0.5384117364883423
        }
      },
      "world_space": {
        "head": {
          "x": 0.1912873089313507,
          "y": 0.08166658133268356,
          "z": 1.427554965019226
        },
        "tail": {
          "x": 0.3875938653945923,
          "y": -0.09033806622028351,
          "z": 1.4882657527923584
        },
        "rotation_quaternion": {
          "w": 0.20351757109165192,
          "x": 0.8876699805259705,
          "y": 0.37099793553352356,
          "z": -0.1816130429506302
        },
        "matrix": [
          [
            0.6587544679641724,
            0.7325706481933594,
            -0.17141462862491608,
            0.1912873089313507
          ],
          [
            0.5847249627113342,
            -0.6418815851211548,
            -0.49606961011886597,
            0.08166658133268356
          ],
          [
            -0.4734366536140442,
            0.22655873000621796,
            -0.8512009382247925,
            1.427554965019226
          ],
          [
            0.0,
            0.0,
            0.0,
            1.0
          ]
        ]
      },
      "bone_length_armature_space": 0.26796952261757756,
      "parent": "spine_01",
      "has_children": true,
      "is_end_bone": false
    },
    "lowerarm_l": {
      "name": "lowerarm_l",
      "local": {
        "location": {
          "x": 0.0,
          "y": 0.0,
          "z": 0.0
        },
        "rotation_quaternion": {
          "w": 0.9931776523590088,
          "x": 0.051861472427845,
          "y": -0.010565008968114853,
          "z": -0.10390857607126236
        },
        "scale": {
          "x": 1.0,
          "y": 1.0,
          "z": 1.0
        },
        "matrix_basis": [
          [
            0.9781827926635742,
            0.20530351996421814,
            -0.03176356479525566,
            0.0
          ],
          [
            -0.20749518275260925,
            0.9730268120765686,
            -0.10081972181797028,
            0.0
          ],
          [
            0.010208157822489738,
            0.10521090030670166,
            0.9943975210189819,
            0.0
          ],
          [
            0.0,
            0.0,
            0.0,
            1.0
          ]
        ],
        "rotation_mode": "QUATERNION"
      },
      "armature_space": {
        "head": {
          "x": 0.3875938057899475,
          "y": -0.15358221530914307,
          "z": 0.5384117960929871
        },
        "tail": {
          "x": 0.5859286189079285,
          "y": -0.33266812562942505,
          "z": 0.525728166103363
        }
      },
      "world_space": {
        "head": {
          "x": 0.3875938057899475,
          "y": -0.09033821523189545,
          "z": 1.4882657527923584
        },
        "tail": {
          "x": 0.5859286189079285,
          "y": -0.2694241404533386,
          "z": 1.4755821228027344
        },
        "rotation_quaternion": {
          "w": 0.1096571832895279,
          "x": 0.8622441291809082,
          "y": 0.39149123430252075,
          "z": -0.30206790566444397
        },
        "matrix": [
          [
            0.5109788179397583,
            0.7413707375526428,
            -0.43505191802978516,
            0.3875938057899475
          ],
          [
            0.6088743209838867,
            -0.6694188117980957,
            -0.425618052482605,
            -0.09033821523189545
          ],
          [
            -0.6067763566970825,
            -0.04741106182336807,
            -0.7934662699699402,
            1.4882657527923584
          ],
          [
            0.0,
            0.0,
            0.0,
            1.0
          ]
        ]
      },
      "bone_length_armature_space": 0.26752445218758153,
      "parent": "upperarm_l",
      "has_children": true,
      "is_end_bone": false
    },
    "metacarpal_thumb_l": {
      "name": "metacarpal_thumb_l",
      "local": {
        "location": {
          "x": 0.0,
          "y": 0.0,
          "z": 0.0
        },
        "rotation_quaternion": {
          "w": 0.9987415075302124,
          "x": -0.04964841902256012,
          "y": 0.0016938385087996721,
          "z": -0.006908039096742868
        },
        "scale": {
          "x": 1.0,
          "y": 1.0,
          "z": 1.0
        },
        "matrix_basis": [
          [
            0.9998987913131714,
            0.013630498200654984,
            0.004069359973073006,
            0.0
          ],
          [
            -0.013966883532702923,
            0.9949746131896973,
            0.0991484746336937,
            0.0
          ],
          [
            -0.002697467105463147,
            -0.09919527918100357,
            0.9950643181800842,
            0.0
          ],
          [
            0.0,
            0.0,
            0.0,
            1.0
          ]
        ],
        "rotation_mode": "QUATERNION"
      },
      "armature_space": {
        "head": {
          "x": 0.5859286189079285,
          "y": -0.33266812562942505,
          "z": 0.525728166103363
        },
        "tail": {
          "x": 0.6053750514984131,
          "y": -0.36919236183166504,
          "z": 0.4984993040561676
        }
      },
      "world_space": {
        "head": {
          "x": 0.5859286189079285,
          "y": -0.2694241404533386,
          "z": 1.4755821228027344
        },
        "tail": {
          "x": 0.6053750514984131,
          "y": -0.3059483766555786,
          "z": 1.4483532905578613
        },
        "rotation_quaternion": {
          "w": 0.3450371026992798,
          "x": -0.887729823589325,
          "y": -0.11076457798480988,
          "z": -0.2839302122592926
        },
        "matrix": [
          [
            0.81423020362854,
            0.39259064197540283,
            0.4276701509952545,
            0.5859286189079285
          ],
          [
            0.0007264611776918173,
            -0.73736172914505,
            0.6754977703094482,
            -0.2694241404533386
          ],
          [
            0.5805457830429077,
            -0.5497043132781982,
            -0.6006709933280945,
            1.4755821228027344
          ],
          [
            0.0,
            0.0,
            0.0,
            1.0
          ]
        ]
      },
      "bone_length_armature_space": 0.04953377128422409,
      "parent": "lowerarm_l",
      "has_children": true,
      "is_end_bone": false
    },
    "thumb_01_l": {
      "name": "thumb_01_l",
      "local": {
        "location": {
          "x": 0.0,
          "y": 0.0,
          "z": 0.0
        },
        "rotation_quaternion": {
          "w": 0.9992907047271729,
          "x": 0.03333302587270737,
          "y": 0.01443420723080635,
          "z": -0.0099431611597538
        },
        "scale": {
          "x": 1.0,
          "y": 1.0,
          "z": 1.0
        },
        "matrix_basis": [
          [
            0.9993855953216553,
            0.020834488794207573,
            0.02818506769835949,
            0.0
          ],
          [
            -0.018909946084022522,
            0.9975801110267639,
            -0.06690581142902374,
            0.0
          ],
          [
            -0.02951080910861492,
            0.06633172184228897,
            0.9973611235618591,
            0.0
          ],
          [
            0.0,
            0.0,
            0.0,
            1.0
          ]
        ],
        "rotation_mode": "QUATERNION"
      },
      "armature_space": {
        "head": {
          "x": 0.6053750514984131,
          "y": -0.36919236183166504,
          "z": 0.4984993040561676
        },
        "tail": {
          "x": 0.6235811114311218,
          "y": -0.36943259835243225,
          "z": 0.4697396457195282
        }
      },
      "world_space": {
        "head": {
          "x": 0.6053750514984131,
          "y": -0.3059483766555786,
          "z": 1.4483532905578613
        },
        "tail": {
          "x": 0.6235811114311218,
          "y": -0.30618858337402344,
          "z": 1.4195936918258667
        },
        "rotation_quaternion": {
          "w": 0.6119518280029297,
          "x": -0.3325810134410858,
          "y": 0.3492639660835266,
          "z": -0.626832902431488
        },
        "matrix": [
          [
            -0.029806045815348625,
            0.5348655581474304,
            0.8444114327430725,
            0.6053750514984131
          ],
          [
            -0.9995003938674927,
            -0.007057448383420706,
            -0.030809614807367325,
            -0.3059483766555786
          ],
          [
            -0.010520393960177898,
            -0.84491366147995,
            0.5348123908042908,
            1.4483532905578613
          ],
          [
            0.0,
            0.0,
            0.0,
            1.0
          ]
        ]
      },
      "bone_length_armature_space": 0.034038746565544474,
      "parent": "metacarpal_thumb_l",
      "has_children": true,
      "is_end_bone": false
    },
    "thumb_02_l": {
      "name": "thumb_02_l",
      "local": {
        "location": {
          "x": 0.0,
          "y": 0.0,
          "z": 0.0
        },
        "rotation_quaternion": {
          "w": 0.9934831857681274,
          "x": 0.11364626884460449,
          "y": 0.007138072978705168,
          "z": 0.004977018106728792
        },
        "scale": {
          "x": 1.0,
          "y": 1.0,
          "z": 1.0
        },
        "matrix_basis": [
          [
            0.9998485445976257,
            -0.008266736753284931,
            0.01531434990465641,
            0.0
          ],
          [
            0.011511598713696003,
            0.9741194844245911,
            -0.22574026882648468,
            0.0
          ],
          [
            -0.01305187214165926,
            0.2258823662996292,
            0.9740671515464783,
            0.0
          ],
          [
            0.0,
            0.0,
            0.0,
            1.0
          ]
        ],
        "rotation_mode": "QUATERNION"
      },
      "armature_space": {
        "head": {
          "x": 0.623581051826477,
          "y": -0.3694325387477875,
          "z": 0.4697396159172058
        },
        "tail": {
          "x": 0.6521299481391907,
          "y": -0.3972548842430115,
          "z": 0.474644273519516
        }
      },
      "world_space": {
        "head": {
          "x": 0.623581051826477,
          "y": -0.30618852376937866,
          "z": 1.4195935726165771
        },
        "tail": {
          "x": 0.6521299481391907,
          "y": -0.33401089906692505,
          "z": 1.4244983196258545
        },
        "rotation_quaternion": {
          "w": 0.3919579088687897,
          "x": 0.16409385204315186,
          "y": 0.003601738950237632,
          "z": -0.9052234292030334
        },
        "matrix": [
          [
            -0.6388845443725586,
            0.7108010649681091,
            -0.29425913095474243,
            0.623581051826477
          ],
          [
            -0.7084369659423828,
            -0.6927117109298706,
            -0.13515706360340118,
            -0.30618852376937866
          ],
          [
            -0.2999092638492584,
            0.12211470305919647,
            0.9461270570755005,
            1.4195935726165771
          ],
          [
            0.0,
            0.0,
            0.0,
            1.0
          ]
        ]
      },
      "bone_length_armature_space": 0.04016438806343281,
      "parent": "thumb_01_l",
      "has_children": true,
      "is_end_bone": false
    },
    "thumb_03_l": {
      "name": "thumb_03_l",
      "local": {
        "location": {
          "x": 0.0,
          "y": 0.0,
          "z": 0.0
        },
        "rotation_quaternion": {
          "w": 0.9978623390197754,
          "x": 0.06504067778587341,
          "y": -0.0005774031742475927,
          "z": 0.006340076681226492
        },
        "scale": {
          "x": 1.0,
          "y": 1.0,
          "z": 1.0
        },
        "matrix_basis": [
          [
            0.9999189376831055,
            -0.01272815652191639,
            -0.0003276119823567569,
            0.0
          ],
          [
            0.012577937915921211,
            0.9914590120315552,
            -0.12981060147285461,
            0.0
          ],
          [
            0.0019770634826272726,
            0.12979596853256226,
            0.9915387630462646,
            0.0
          ],
          [
            0.0,
            0.0,
            0.0,
            1.0
          ]
        ],
        "rotation_mode": "QUATERNION"
      },
      "armature_space": {
        "head": {
          "x": 0.6521298885345459,
          "y": -0.3972548842430115,
          "z": 0.47464418411254883
        },
        "tail": {
          "x": 0.6707509756088257,
          "y": -0.41549813747406006,
          "z": 0.4903709888458252
        }
      },
      "world_space": {
        "head": {
          "x": 0.6521298885345459,
          "y": -0.33401089906692505,
          "z": 1.424498200416565
        },
        "tail": {
          "x": 0.6707509756088257,
          "y": -0.35225415229797363,
          "z": 1.4402250051498413
        },
        "rotation_quaternion": {
          "w": 0.4354136288166046,
          "x": 0.4025859534740448,
          "y": -0.1039384976029396,
          "z": -0.7984588146209717
        },
        "matrix": [
          [
            -0.29667818546295166,
            0.61163330078125,
            -0.733407735824585,
            0.6521298885345459
          ],
          [
            -0.7790084481239319,
            -0.5992221236228943,
            -0.1846037209033966,
            -0.33401089906692505
          ],
          [
            -0.5523884892463684,
            0.5165661573410034,
            0.6542481184005737,
            1.424498200416565
          ],
          [
            0.0,
            0.0,
            0.0,
            1.0
          ]
        ]
      },
      "bone_length_armature_space": 0.03044492656743604,
      "parent": "thumb_02_l",
      "has_children": false,
      "is_end_bone": true
    },
    "metacarpal_index_l": {
      "name": "metacarpal_index_l",
      "local": {
        "location": {
          "x": 0.0,
          "y": 0.0,
          "z": 0.0
        },
        "rotation_quaternion": {
          "w": 0.999414324760437,
          "x": -0.029744954779744148,
          "y": -0.01572396606206894,
          "z": -0.006246897857636213
        },
        "scale": {
          "x": 1.0,
          "y": 1.0,
          "z": 1.0
        },
        "matrix_basis": [
          [
            0.9994274377822876,
            0.013421895913779736,
            -0.03105788677930832,
            0.0
          ],
          [
            -0.01155106071382761,
            0.9981524348258972,
            0.05965152010321617,
            0.0
          ],
          [
            0.031801141798496246,
            -0.05925861746072769,
            0.9977359771728516,
            0.0
          ],
          [
            0.0,
            0.0,
            0.0,
            1.0
          ]
        ],
        "rotation_mode": "QUATERNION"
      },
      "armature_space": {
        "head": {
          "x": 0.5859286189079285,
          "y": -0.33266812562942505,
          "z": 0.525728166103363
        },
        "tail": {
          "x": 0.6570258736610413,
          "y": -0.42069247364997864,
          "z": 0.49529579281806946
        }
      },
      "world_space": {
        "head": {
          "x": 0.5859286189079285,
          "y": -0.2694241404533386,
          "z": 1.4755821228027344
        },
        "tail": {
          "x": 0.6570258736610413,
          "y": -0.3574484586715698,
          "z": 1.4451497793197632
        },
        "rotation_quaternion": {
          "w": 0.16220717132091522,
          "x": -0.9332210421562195,
          "y": -0.31315767765045166,
          "z": -0.06870076060295105
        },
        "matrix": [
          [
            0.7944250106811523,
            0.6067780256271362,
            0.026632269844412804,
            0.5859286189079285
          ],
          [
            0.5622037649154663,
            -0.7512421607971191,
            0.34577807784080505,
            -0.2694241404533386
          ],
          [
            0.22981992363929749,
            -0.25972452759742737,
            -0.9379445910453796,
            1.4755821228027344
          ],
          [
            0.0,
            0.0,
            0.0,
            1.0
          ]
        ]
      },
      "bone_length_armature_space": 0.11717181821047067,
      "parent": "lowerarm_l",
      "has_children": true,
      "is_end_bone": false
    },
    "index_01_l": {
      "name": "index_01_l",
      "local": {
        "location": {
          "x": 0.0,
          "y": 0.0,
          "z": 0.0
        },
        "rotation_quaternion": {
          "w": 0.9972683787345886,
          "x": -0.07380170375108719,
          "y": 0.0006945635541342199,
          "z": 0.002964908955618739
        },
        "scale": {
          "x": 1.0,
          "y": 1.0,
          "z": 1.0
        },
        "matrix_basis": [
          [
            0.9999814629554749,
            -0.00601613987237215,
            0.0009477018611505628,
            0.0
          ],
          [
            0.005811099894344807,
            0.9890890121459961,
            0.14720432460308075,
            0.0
          ],
          [
            -0.001822963240556419,
            -0.14719609916210175,
            0.9891056418418884,
            0.0
          ],
          [
            0.0,
            0.0,
            0.0,
            1.0
          ]
        ],
        "rotation_mode": "QUATERNION"
      },
      "armature_space": {
        "head": {
          "x": 0.6570258736610413,
          "y": -0.42069247364997864,
          "z": 0.49529579281806946
        },
        "tail": {
          "x": 0.6798417568206787,
          "y": -0.4375530481338501,
          "z": 0.49816375970840454
        }
      },
      "world_space": {
        "head": {
          "x": 0.6570258736610413,
          "y": -0.3574484586715698,
          "z": 1.4451497793197632
        },
        "tail": {
          "x": 0.6798417568206787,
          "y": -0.37430906295776367,
          "z": 1.4480178356170654
        },
        "rotation_quaternion": {
          "w": 0.02832512930035591,
          "x": -0.8763180375099182,
          "y": -0.4511619210243225,
          "z": -0.1664857417345047
        },
        "matrix": [
          [
            0.537470817565918,
            0.8001542091369629,
            0.26622962951660156,
            0.6570258736610413
          ],
          [
            0.7812914848327637,
            -0.5913008451461792,
            0.19986823201179504,
            -0.3574484586715698
          ],
          [
            0.3173501193523407,
            0.10057972371578217,
            -0.9429669976234436,
            1.4451497793197632
          ],
          [
            0.0,
            0.0,
            0.0,
            1.0
          ]
        ]
      },
      "bone_length_armature_space": 0.028514359590957796,
      "parent": "metacarpal_index_l",
      "has_children": true,
      "is_end_bone": false
    },
    "index_02_l": {
      "name": "index_02_l",
      "local": {
        "location": {
          "x": 0.0,
          "y": 0.0,
          "z": 0.0
        },
        "rotation_quaternion": {
          "w": 0.983005702495575,
          "x": 0.18323206901550293,
          "y": -0.006080060265958309,
          "z": -0.009438426233828068
        },
        "scale": {
          "x": 1.0,
          "y": 1.0,
          "z": 1.0
        },
        "matrix_basis": [
          [
            0.9997478723526001,
            0.016327928751707077,
            -0.015412312932312489,
            0.0
          ],
          [
            -0.020784176886081696,
            0.9326738715171814,
            -0.36012157797813416,
            0.0
          ],
          [
            0.008494623005390167,
            0.3603511154651642,
            0.9327780604362488,
            0.0
          ],
          [
            0.0,
            0.0,
            0.0,
            1.0
          ]
        ],
        "rotation_mode": "QUATERNION"
      },
      "armature_space": {
        "head": {
          "x": 0.6798419952392578,
          "y": -0.43755340576171875,
          "z": 0.4981634318828583
        },
        "tail": {
          "x": 0.701770007610321,
          "y": -0.4497561752796173,
          "z": 0.49283942580223083
        }
      },
      "world_space": {
        "head": {
          "x": 0.6798419952392578,
          "y": -0.3743094205856323,
          "z": 1.4480174779891968
        },
        "tail": {
          "x": 0.701770007610321,
          "y": -0.3865121603012085,
          "z": 1.4426934719085693
        },
        "rotation_quaternion": {
          "w": 0.15164121985435486,
          "x": -0.8572998046875,
          "y": -0.4890444278717041,
          "z": -0.05364430323243141
        },
        "matrix": [
          [
            0.51591557264328,
            0.8547845482826233,
            -0.05634142458438873,
            0.6798419952392578
          ],
          [
            0.8222466111183167,
            -0.47568053007125854,
            0.3124721050262451,
            -0.3743094205856323
          ],
          [
            0.24029821157455444,
            -0.2075377255678177,
            -0.948261022567749,
            1.4480174779891968
          ],
          [
            0.0,
            0.0,
            0.0,
            1.0
          ]
        ]
      },
      "bone_length_armature_space": 0.025653271402933966,
      "parent": "index_01_l",
      "has_children": true,
      "is_end_bone": false
    },
    "index_03_l": {
      "name": "index_03_l",
      "local": {
        "location": {
          "x": 0.0,
          "y": 0.0,
          "z": 0.0
        },
        "rotation_quaternion": {
          "w": 0.9717729091644287,
          "x": 0.2357715219259262,
          "y": 0.0028599086217582226,
          "z": 0.007823996245861053
        },
        "scale": {
          "x": 1.0,
          "y": 1.0,
          "z": 1.0
        },
        "matrix_basis": [
          [
            0.9998612403869629,
            -0.013857725076377392,
            0.009247714653611183,
            0.0
          ],
          [
            0.01655486598610878,
            0.8887011408805847,
            -0.458187997341156,
            0.0
          ],
          [
            -0.0018690124852582812,
            0.45827749371528625,
            0.8888072371482849,
            0.0
          ],
          [
            0.0,
            0.0,
            0.0,
            1.0
          ]
        ],
        "rotation_mode": "QUATERNION"
      },
      "armature_space": {
        "head": {
          "x": 0.701770007610321,
          "y": -0.4497562050819397,
          "z": 0.4928395450115204
        },
        "tail": {
          "x": 0.7233290672302246,
          "y": -0.4541994035243988,
          "z": 0.4736248850822449
        }
      },
      "world_space": {
        "head": {
          "x": 0.701770007610321,
          "y": -0.38651221990585327,
          "z": 1.4426935911178589
        },
        "tail": {
          "x": 0.7233290672302246,
          "y": -0.39095538854599,
          "z": 1.4234788417816162
        },
        "rotation_quaternion": {
          "w": 0.39618510007858276,
          "x": -0.756901204586029,
          "y": -0.5167232751846313,
          "z": 0.05599113926291466
        },
        "matrix": [
          [
            0.4597218334674835,
            0.7378511428833008,
            -0.49419787526130676,
            0.701770007610321
          ],
          [
            0.8265847563743591,
            -0.1520673930644989,
            0.5418794751167297,
            -0.38651221990585327
          ],
          [
            0.324677973985672,
            -0.657615065574646,
            -0.6798093318939209,
            1.4426935911178589
          ],
          [
            0.0,
            0.0,
            0.0,
            1.0
          ]
        ]
      },
      "bone_length_armature_space": 0.029218799335053523,
      "parent": "index_02_l",
      "has_children": false,
      "is_end_bone": true
    },
    "metacarpal_pinky_l": {
      "name": "metacarpal_pinky_l",
      "local": {
        "location": {
          "x": 0.0,
          "y": 0.0,
          "z": 0.0
        },
        "rotation_quaternion": {
          "w": 0.9994428157806396,
          "x": -0.031950369477272034,
          "y": 0.0020433226600289345,
          "z": 0.009439827874302864
        },
        "scale": {
          "x": 1.0,
          "y": 1.0,
          "z": 1.0
        },
        "matrix_basis": [
          [
            0.999813437461853,
            -0.018999706953763962,
            0.00348115642555058,
            0.0
          ],
          [
            0.01873856596648693,
            0.9977801442146301,
            0.06390371173620224,
            0.0
          ],
          [
            -0.004687580280005932,
            -0.0638265535235405,
            0.99795001745224,
            0.0
          ],
          [
            0.0,
            0.0,
            0.0,
            1.0
          ]
        ],
        "rotation_mode": "QUATERNION"
      },
      "armature_space": {
        "head": {
          "x": 0.5859286189079285,
          "y": -0.33266812562942505,
          "z": 0.525728166103363
        },
        "tail": {
          "x": 0.6770004630088806,
          "y": -0.37933069467544556,
          "z": 0.5450088381767273
        }
      },
      "world_space": {
        "head": {
          "x": 0.5859286189079285,
          "y": -0.2694241404533386,
          "z": 1.4755821228027344
        },
        "tail": {
          "x": 0.6770004630088806,
          "y": -0.31608670949935913,
          "z": 1.4948627948760986
        },
        "rotation_quaternion": {
          "w": 0.477184921503067,
          "x": 0.5081472396850586,
          "y": 0.21962673962116241,
          "z": -0.6825284361839294
        },
        "matrix": [
          [
            -0.028160959482192993,
            0.8745911121368408,
            -0.4840429127216339,
            0.5859286189079285
          ],
          [
            -0.4281795024871826,
            -0.4481150209903717,
            -0.7847646474838257,
            -0.2694241404533386
          ],
          [
            -0.9032616019248962,
            0.18515841662883759,
            0.38710319995880127,
            1.4755821228027344
          ],
          [
            0.0,
            0.0,
            0.0,
            1.0
          ]
        ]
      },
      "bone_length_armature_space": 0.10413078353469986,
      "parent": "lowerarm_l",
      "has_children": true,
      "is_end_bone": false
    },
    "pinky_01_l": {
      "name": "pinky_01_l",
      "local": {
        "location": {
          "x": 0.0,
          "y": 0.0,
          "z": 0.0
        },
        "rotation_quaternion": {
          "w": 0.9993028044700623,
          "x": 0.033981259912252426,
          "y": -0.005000629462301731,
          "z": 0.014637118205428123
        },
        "scale": {
          "x": 1.0,
          "y": 1.0,
          "z": 1.0
        },
        "matrix_basis": [
          [
            0.9995214939117432,
            -0.029593681916594505,
            -0.008999510668218136,
            0.0
          ],
          [
            0.028913971036672592,
            0.9972620606422424,
            -0.06806152313947678,
            0.0
          ],
          [
            0.010989061556756496,
            0.06776874512434006,
            0.9976405501365662,
            0.0
          ],
          [
            0.0,
            0.0,
            0.0,
            1.0
          ]
        ],
        "rotation_mode": "QUATERNION"
      },
      "armature_space": {
        "head": {
          "x": 0.6770004630088806,
          "y": -0.37933069467544556,
          "z": 0.5450088381767273
        },
        "tail": {
          "x": 0.6971056461334229,
