{
  "metadata": {
    "armature_name": "KIM_caucasian_male",
    "export_time": "2026-01-13T21:05:43.655349",
    "blender_version": "4.4.1",
    "bone_count": 56,
    "end_bone_count": 13,
    "spaces_included": [
      "LOCAL_CHANNELS",
      "ARMATURE_SPACE",
      "WORLD_SPACE"
    ],
    "note": "LOCAL matches Transform panel; replay pose via local.matrix_basis for best fidelity."
  },
  "bones": {
    "Root": {
      "name": "Root",
      "local": {
        "location": {
          "x": 0.0,
          "y": 0.0,
          "z": 0.0
        },
        "rotation_quaternion": {
          "w": 0.9997997283935547,
          "x": 0.016379639506340027,
          "y": 0.0013305211905390024,
          "z": -0.011424348689615726
        },
        "scale": {
          "x": 1.0,
          "y": 1.0,
          "z": 1.0
        },
        "matrix_basis": [
          [
            0.999735414981842,
            0.022887708619236946,
            0.002286256058141589,
            0.0
          ],
          [
            -0.022800534963607788,
            0.9992023706436157,
            -0.03278311714529991,
            0.0
          ],
          [
            -0.003034762805327773,
            0.032722316682338715,
            0.9994598627090454,
            0.0
          ],
          [
            0.0,
            0.0,
            0.0,
            1.0
          ]
        ],
        "rotation_mode": "QUATERNION"
      },
      "armature_space": {
        "head": {
          "x": 0.0,
          "y": 0.07072800397872925,
          "z": -0.009595036506652832
        },
        "tail": {
          "x": 0.001633630134165287,
          "y": -0.0002575516700744629,
          "z": -0.0023220544680953026
        }
      },
      "world_space": {
        "head": {
          "x": 0.0,
          "y": 0.13397200405597687,
          "z": 0.9402589797973633
        },
        "tail": {
          "x": 0.001633630134165287,
          "y": 0.06298644840717316,
          "z": 0.9475319385528564
        },
        "rotation_quaternion": {
          "w": 0.05101173743605614,
          "x": 0.9986318349838257,
          "y": 0.011488030664622784,
          "z": 0.0005578655400313437
        },
        "matrix": [
          [
            0.999735414981842,
            0.022887708619236946,
            0.002286256058141589,
            0.0
          ],
          [
            0.023001540452241898,
            -0.9945315718650818,
            -0.1018715351819992,
            0.13397200405597687
          ],
          [
            -5.7830940932035446e-05,
            0.10189693421125412,
            -0.9948019981384277,
            0.9402589797973633
          ],
          [
            0.0,
            0.0,
            0.0,
            1.0
          ]
        ]
      },
      "bone_length_armature_space": 0.07137586573259064,
      "parent": null,
      "has_children": true,
      "is_end_bone": false
    },
    "spine_01": {
      "name": "spine_01",
      "local": {
        "location": {
          "x": 0.0,
          "y": 0.0,
          "z": 0.0
        },
        "rotation_quaternion": {
          "w": 0.9963605403900146,
          "x": 0.0708591490983963,
          "y": -0.043979838490486145,
          "z": -0.01762267015874386
        },
        "scale": {
          "x": 1.0,
          "y": 1.0,
          "z": 1.0
        },
        "matrix_basis": [
          [
            0.995510458946228,
            0.028884317725896835,
            -0.09013700485229492,
            0.0
          ],
          [
            -0.04134981334209442,
            0.9893368482589722,
            -0.13965243101119995,
            0.0
          ],
          [
            0.0851420983672142,
            0.14275260269641876,
            0.9860895276069641,
            0.0
          ],
          [
            0.0,
            0.0,
            0.0,
            1.0
          ]
        ],
        "rotation_mode": "QUATERNION"
      },
      "armature_space": {
        "head": {
          "x": 0.001633630134165287,
          "y": -0.0002575516700744629,
          "z": -0.0023220544680953026
        },
        "tail": {
          "x": 0.017200298607349396,
          "y": -0.06281780451536179,
          "z": 0.48140549659729004
        }
      },
      "world_space": {
        "head": {
          "x": 0.001633630134165287,
          "y": 0.06298644840717316,
          "z": 0.9475319385528564
        },
        "tail": {
          "x": 0.017200298607349396,
          "y": 0.00042619556188583374,
          "z": 1.4312595129013062
        },
        "rotation_quaternion": {
          "w": 0.6601479649543762,
          "x": 0.7502084970474243,
          "y": -0.01029473077505827,
          "z": -0.03585955873131752
        },
        "matrix": [
          [
            0.9972162246704102,
            0.03189883008599281,
            -0.0673961341381073,
            0.001633630134165287
          ],
          [
            -0.06279139220714569,
            -0.12819691002368927,
            -0.9897589683532715,
            0.06298644840717316
          ],
          [
            -0.040212467312812805,
            0.9912424683570862,
            -0.12583886086940765,
            0.9475319385528564
          ],
          [
            0.0,
            0.0,
            0.0,
            1.0
          ]
        ]
      },
      "bone_length_armature_space": 0.48800455395562486,
      "parent": "Root",
      "has_children": true,
      "is_end_bone": false
    },
    "neck_01": {
      "name": "neck_01",
      "local": {
        "location": {
          "x": 0.0,
          "y": 0.0,
          "z": 0.0
        },
        "rotation_quaternion": {
          "w": 0.9849486351013184,
          "x": -0.09608983248472214,
          "y": -0.08310537785291672,
          "z": -0.11720255762338638
        },
        "scale": {
          "x": 1.0,
          "y": 1.0,
          "z": 1.0
        },
        "matrix_basis": [
          [
            0.9587141275405884,
            0.24684816598892212,
            -0.14118510484695435,
            0.0
          ],
          [
            -0.21490582823753357,
            0.9540606141090393,
            0.20876742899417877,
            0.0
          ],
          [
            0.18623299896717072,
            -0.16980677843093872,
            0.9677205085754395,
            0.0
          ],
          [
            0.0,
            0.0,
            0.0,
            1.0
          ]
        ],
        "rotation_mode": "QUATERNION"
      },
      "armature_space": {
        "head": {
          "x": 0.017198553308844566,
          "y": -0.10652945935726166,
          "z": 0.5496186017990112
        },
        "tail": {
          "x": 0.04414033889770508,
          "y": -0.14144504070281982,
          "z": 0.6421701312065125
        }
      },
      "world_space": {
        "head": {
          "x": 0.017198553308844566,
          "y": -0.04328545928001404,
          "z": 1.4994726181030273
        },
        "tail": {
          "x": 0.04414033889770508,
          "y": -0.0782010406255722,
          "z": 1.5920240879058838
        },
        "rotation_quaternion": {
          "w": 0.5724005103111267,
          "x": 0.8017495274543762,
          "y": 0.04553123563528061,
          "z": -0.16577784717082977
        },
        "matrix": [
          [
            0.9408895969390869,
            0.2627919912338257,
            -0.21369901299476624,
            0.017198553308844566
          ],
          [
            -0.11677201092243195,
            -0.34056898951530457,
            -0.9329401850700378,
            -0.04328545928001404
          ],
          [
            -0.3179507553577423,
            0.9027535915374756,
            -0.28975406289100647,
            1.4994726181030273
          ],
          [
            0.0,
            0.0,
            0.0,
            1.0
          ]
        ]
      },
      "bone_length_armature_space": 0.1025219150805855,
      "parent": "spine_01",
      "has_children": true,
      "is_end_bone": false
    },
    "head": {
      "name": "head",
      "local": {
        "location": {
          "x": 0.0,
          "y": 0.0,
          "z": 0.0
        },
        "rotation_quaternion": {
          "w": 0.9931786060333252,
          "x": -0.002194212516769767,
          "y": 0.11587575078010559,
          "z": 0.012818669900298119
        },
        "scale": {
          "x": 1.0,
          "y": 1.0,
          "z": 1.0
        },
        "matrix_basis": [
          [
            0.9728170037269592,
            -0.02597096934914589,
            0.2301143854856491,
            0.0
          ],
          [
            0.024953944608569145,
            0.9996617436408997,
            0.007329235784709454,
            0.0
          ],
          [
            -0.23022688925266266,
            -0.0013877438614144921,
            0.9731360077857971,
            0.0
          ],
          [
            0.0,
            0.0,
            0.0,
            1.0
          ]
        ],
        "rotation_mode": "QUATERNION"
      },
      "armature_space": {
        "head": {
          "x": 0.0441402867436409,
          "y": -0.14144517481327057,
          "z": 0.6421699523925781
        },
        "tail": {
          "x": 0.09024645388126373,
          "y": -0.13768020272254944,
          "z": 0.7902014851570129
        }
      },
      "world_space": {
        "head": {
          "x": 0.0441402867436409,
          "y": -0.07820117473602295,
          "z": 1.5920239686965942
        },
        "tail": {
          "x": 0.09024645388126373,
          "y": -0.07443620264530182,
          "z": 1.7400555610656738
        },
        "rotation_quaternion": {
          "w": 0.7003065943717957,
          "x": 0.6953500509262085,
          "y": 0.14733830094337463,
          "z": -0.06595872342586517
        },
        "matrix": [
          [
            0.9478815793991089,
            0.29728615283966064,
            0.1146370992064476,
            0.0441402867436409
          ],
          [
            0.11252264678478241,
            0.02427605353295803,
            -0.9933527708053589,
            -0.07820117473602295
          ],
          [
            -0.29809486865997314,
            0.9544866681098938,
            -0.010441716760396957,
            1.5920239686965942
          ],
          [
            0.0,
            0.0,
            0.0,
            1.0
          ]
        ]
      },
      "bone_length_armature_space": 0.15509122619803692,
      "parent": "neck_01",
      "has_children": false,
      "is_end_bone": true
    },
    "upperarm_l": {
      "name": "upperarm_l",
      "local": {
        "location": {
          "x": 0.0,
          "y": 0.0,
          "z": 0.0
        },
        "rotation_quaternion": {
          "w": 0.966529130935669,
          "x": 0.06919172406196594,
          "y": -0.12951260805130005,
          "z": 0.21038196980953217
        },
        "scale": {
          "x": 1.0,
          "y": 1.0,
          "z": 1.0
        },
        "matrix_basis": [
          [
            0.8779318332672119,
            -0.42460301518440247,
            -0.2212420403957367,
            0.0
          ],
          [
            0.38875821232795715,
            0.9019038677215576,
            -0.18824586272239685,
            0.0
          ],
          [
            0.2794688045978546,
            0.07925739884376526,
            0.9568780064582825,
            0.0
          ],
          [
            0.0,
            0.0,
            0.0,
            1.0
          ]
        ],
        "rotation_mode": "QUATERNION"
      },
      "armature_space": {
        "head": {
          "x": 0.16442221403121948,
          "y": -0.11048881709575653,
          "z": 0.47656622529029846
        },
        "tail": {
          "x": 0.411068320274353,
          "y": -0.15402396023273468,
          "z": 0.5718454122543335
        }
      },
      "world_space": {
        "head": {
          "x": 0.16442221403121948,
          "y": -0.04724481701850891,
          "z": 1.4264202117919922
        },
        "tail": {
          "x": 0.411068320274353,
          "y": -0.09077996015548706,
          "z": 1.5216994285583496
        },
        "rotation_quaternion": {
          "w": 0.5600101351737976,
          "x": 0.5941121578216553,
          "y": 0.32427820563316345,
          "z": -0.47776883840560913
        },
        "matrix": [
          [
            0.3331606686115265,
            0.9204262495040894,
            -0.20449791848659515,
            0.16442221403121948
          ],
          [
            -0.1497984528541565,
            -0.16246309876441956,
            -0.9752776026725769,
            -0.04724481701850891
          ],
          [
            -0.9309012293815613,
            0.35555991530418396,
            0.08375181257724762,
            1.4264202117919922
          ],
          [
            0.0,
            0.0,
            0.0,
            1.0
          ]
        ]
      },
      "bone_length_armature_space": 0.2679696546857649,
      "parent": "spine_01",
      "has_children": true,
      "is_end_bone": false
    },
    "lowerarm_l": {
      "name": "lowerarm_l",
      "local": {
        "location": {
          "x": 0.0,
          "y": 0.0,
          "z": 0.0
        },
        "rotation_quaternion": {
          "w": 0.968665599822998,
          "x": 0.2415352314710617,
          "y": 0.038936980068683624,
          "z": 0.042796965688467026
        },
        "scale": {
          "x": 1.0,
          "y": 1.0,
          "z": 1.0
        },
        "matrix_basis": [
          [
            0.9933046698570251,
            -0.06410259008407593,
            0.09610777348279953,
            0.0
          ],
          [
            0.10172120481729507,
            0.8796582818031311,
            -0.46460098028182983,
            0.0
          ],
          [
            -0.05475987493991852,
            0.471266508102417,
            0.8802893161773682,
            0.0
          ],
          [
            0.0,
            0.0,
            0.0,
            1.0
          ]
        ],
        "rotation_mode": "QUATERNION"
      },
      "armature_space": {
        "head": {
          "x": 0.411068320274353,
          "y": -0.15402400493621826,
          "z": 0.571845531463623
        },
        "tail": {
          "x": 0.5630509853363037,
          "y": -0.32653939723968506,
          "z": 0.7086273431777954
        }
      },
      "world_space": {
        "head": {
          "x": 0.411068320274353,
          "y": -0.09078000485897064,
          "z": 1.5216995477676392
        },
        "tail": {
          "x": 0.5630509853363037,
          "y": -0.26329541206359863,
          "z": 1.6584813594818115
        },
        "rotation_quaternion": {
          "w": 0.40958282351493835,
          "x": 0.7481253743171692,
          "y": 0.09906215965747833,
          "z": -0.5125789046287537
        },
        "matrix": [
          [
            0.4549002945423126,
            0.5681074857711792,
            -0.6857983469963074,
            0.411068320274353
          ],
          [
            -0.27166417241096497,
            -0.6448584198951721,
            -0.7143923044204712,
            -0.09078000485897064
          ],
          [
            -0.8481008410453796,
            0.5112870931625366,
            -0.139013409614563,
            1.5216995477676392
          ],
          [
            0.0,
            0.0,
            0.0,
            1.0
          ]
        ]
      },
      "bone_length_armature_space": 0.26752486708291695,
      "parent": "upperarm_l",
      "has_children": true,
      "is_end_bone": false
    },
    "metacarpal_thumb_l": {
      "name": "metacarpal_thumb_l",
      "local": {
        "location": {
          "x": 0.0,
          "y": 0.0,
          "z": 0.0
        },
        "rotation_quaternion": {
          "w": 0.9992313385009766,
          "x": 0.032383400946855545,
          "y": -0.022089416161179543,
          "z": -0.0005234815762378275
        },
        "scale": {
          "x": 1.0,
          "y": 1.0,
          "z": 1.0
        },
        "matrix_basis": [
          [
            0.9990235567092896,
            -0.0003845024621114135,
            -0.04417877644300461,
            0.0
          ],
          [
            -0.0024768193252384663,
            0.9979020953178406,
            -0.0646938905119896,
            0.0
          ],
          [
            0.044110968708992004,
            0.0647401437163353,
            0.9969267249107361,
            0.0
          ],
          [
            0.0,
            0.0,
            0.0,
            1.0
          ]
        ],
        "rotation_mode": "QUATERNION"
      },
      "armature_space": {
        "head": {
          "x": 0.5630509853363037,
          "y": -0.32653939723968506,
          "z": 0.7086273431777954
        },
        "tail": {
          "x": 0.5705360174179077,
          "y": -0.37522006034851074,
          "z": 0.713895320892334
        }
      },
      "world_space": {
        "head": {
          "x": 0.5630509853363037,
          "y": -0.26329541206359863,
          "z": 1.6584813594818115
        },
        "tail": {
          "x": 0.5705360174179077,
          "y": -0.3119760751724243,
          "z": 1.66374933719635
        },
        "rotation_quaternion": {
          "w": 0.04034368321299553,
          "x": 0.9824097752571106,
          "y": 0.08356297016143799,
          "z": 0.1620514988899231
        },
        "matrix": [
          [
            0.9335129261016846,
            0.15111055970191956,
            0.3251444101333618,
            0.5630509853363037
          ],
          [
            0.1772618293762207,
            -0.9827791452407837,
            -0.052185289561748505,
            -0.26329541206359863
          ],
          [
            0.3116617202758789,
            0.10635113716125488,
            -0.9442301392555237,
            1.6584813594818115
          ],
          [
            0.0,
            0.0,
            0.0,
            1.0
          ]
        ]
      },
      "bone_length_armature_space": 0.049533666993046364,
      "parent": "lowerarm_l",
      "has_children": true,
      "is_end_bone": false
    },
    "thumb_01_l": {
      "name": "thumb_01_l",
      "local": {
        "location": {
          "x": 0.0,
          "y": 0.0,
          "z": 0.0
        },
        "rotation_quaternion": {
          "w": 0.9949871897697449,
          "x": -0.09862923622131348,
          "y": -0.01644681580364704,
          "z": 0.0014987669419497252
        },
        "scale": {
          "x": 1.0,
          "y": 1.0,
          "z": 1.0
        },
        "matrix_basis": [
          [
            0.9994544982910156,
            0.0002617659338284284,
            -0.0330243855714798,
            0.0
          ],
          [
            0.006226781755685806,
            0.9805400371551514,
            0.19622035324573517,
            0.0
          ],
          [
            0.03243309631943703,
            -0.19631895422935486,
            0.9800035357475281,
            0.0
          ],
          [
            0.0,
            0.0,
            0.0,
            1.0
          ]
        ],
        "rotation_mode": "QUATERNION"
      },
      "armature_space": {
        "head": {
          "x": 0.5705360174179077,
          "y": -0.37522006034851074,
          "z": 0.713895320892334
        },
        "tail": {
          "x": 0.5716705918312073,
          "y": -0.399483323097229,
          "z": 0.6900491118431091
        }
      },
      "world_space": {
        "head": {
          "x": 0.5705360174179077,
          "y": -0.3119760751724243,
          "z": 1.66374933719635
        },
        "tail": {
          "x": 0.5716705918312073,
          "y": -0.3362393379211426,
          "z": 1.6399030685424805
        },
        "rotation_quaternion": {
          "w": 0.2688595652580261,
          "x": -0.6248683333396912,
          "y": 0.2670329511165619,
          "z": -0.6826034784317017
        },
        "matrix": [
          [
            -0.07450950145721436,
            0.03333146870136261,
            0.996662974357605,
            0.5705360174179077
          ],
          [
            -0.7007694840431213,
            -0.7128162384033203,
            -0.02854999154806137,
            -0.3119760751724243
          ],
          [
            0.7094902992248535,
            -0.7005640864372253,
            0.07646970450878143,
            1.66374933719635
          ],
          [
            0.0,
            0.0,
            0.0,
            1.0
          ]
        ]
      },
      "bone_length_armature_space": 0.03403872641400071,
      "parent": "metacarpal_thumb_l",
      "has_children": true,
      "is_end_bone": false
    },
    "thumb_02_l": {
      "name": "thumb_02_l",
      "local": {
        "location": {
          "x": 0.0,
          "y": 0.0,
          "z": 0.0
        },
        "rotation_quaternion": {
          "w": 0.9969205260276794,
          "x": 0.07762626558542252,
          "y": 0.01043891441076994,
          "z": 0.003850097768008709
        },
        "scale": {
          "x": 1.0,
          "y": 1.0,
          "z": 1.0
        },
        "matrix_basis": [
          [
            0.999752402305603,
            -0.006055815145373344,
            0.021411273628473282,
            0.0
          ],
          [
            0.009297151118516922,
            0.9879186749458313,
            -0.15469405055046082,
            0.0
          ],
          [
            -0.020215798169374466,
            0.15485481917858124,
            0.9877303838729858,
            0.0
          ],
          [
            0.0,
            0.0,
            0.0,
            1.0
          ]
        ],
        "rotation_mode": "QUATERNION"
      },
      "armature_space": {
        "head": {
          "x": 0.5716705322265625,
          "y": -0.39948326349258423,
          "z": 0.6900491118431091
        },
        "tail": {
          "x": 0.5967379808425903,
          "y": -0.42886462807655334,
          "z": 0.7010735273361206
        }
      },
      "world_space": {
        "head": {
          "x": 0.5716705322265625,
          "y": -0.3362392783164978,
          "z": 1.6399030685424805
        },
        "tail": {
          "x": 0.5967379808425903,
          "y": -0.36562061309814453,
          "z": 1.6509275436401367
        },
        "rotation_quaternion": {
          "w": 0.29224157333374023,
          "x": -0.21492540836334229,
          "y": -0.22097663581371307,
          "z": -0.9053018689155579
        },
        "matrix": [
          [
            -0.7368037700653076,
            0.6241208910942078,
            0.2599865794181824,
            0.5716705322265625
          ],
          [
            -0.4341469407081604,
            -0.7315276265144348,
            0.5257219672203064,
            -0.3362392783164978
          ],
          [
            0.5183048844337463,
            0.27448272705078125,
            0.8099589347839355,
            1.6399030685424805
          ],
          [
            0.0,
            0.0,
            0.0,
            1.0
          ]
        ]
      },
      "bone_length_armature_space": 0.04016440341626948,
      "parent": "thumb_01_l",
      "has_children": true,
      "is_end_bone": false
    },
    "thumb_03_l": {
      "name": "thumb_03_l",
      "local": {
        "location": {
          "x": 0.0,
          "y": 0.0,
          "z": 0.0
        },
        "rotation_quaternion": {
          "w": 0.9975864291191101,
          "x": 0.06925935298204422,
          "y": -0.004908248316496611,
          "z": 0.0006465775077231228
        },
        "scale": {
          "x": 1.0,
          "y": 1.0,
          "z": 1.0
        },
        "matrix_basis": [
          [
            0.9999510049819946,
            -0.001969918143004179,
            -0.009703240357339382,
            0.0
          ],
          [
            0.0006101496983319521,
            0.9904054403305054,
            -0.13819073140621185,
            0.0
          ],
          [
            0.009882367216050625,
            0.1381780356168747,
            0.9903581142425537,
            0.0
          ],
          [
            0.0,
            0.0,
            0.0,
            1.0
          ]
        ],
        "rotation_mode": "QUATERNION"
      },
      "armature_space": {
        "head": {
          "x": 0.5967379212379456,
          "y": -0.42886465787887573,
          "z": 0.7010735273361206
        },
        "tail": {
          "x": 0.6196225881576538,
          "y": -0.4414740204811096,
          "z": 0.7167001366615295
        }
      },
      "world_space": {
        "head": {
          "x": 0.5967379212379456,
          "y": -0.3656206727027893,
          "z": 1.6509275436401367
        },
        "tail": {
          "x": 0.6196225881576538,
          "y": -0.3782300353050232,
          "z": 1.6665542125701904
        },
        "rotation_quaternion": {
          "w": 0.4462135434150696,
          "x": -0.002039124956354499,
          "y": -0.30628082156181335,
          "z": -0.84088134765625
        },
        "matrix": [
          [
            -0.6017776727676392,
            0.7516742944717407,
            -0.269905686378479,
            0.5967379212379456
          ],
          [
            -0.7491772174835205,
            -0.41416990756988525,
            0.51691073179245,
            -0.3656206727027893
          ],
          [
            0.27676302194595337,
            0.513275682926178,
            0.8123820424079895,
            1.6509275436401367
          ],
          [
            0.0,
            0.0,
            0.0,
            1.0
          ]
        ]
      },
      "bone_length_armature_space": 0.030444949510229684,
      "parent": "thumb_02_l",
      "has_children": false,
      "is_end_bone": true
    },
    "metacarpal_index_l": {
      "name": "metacarpal_index_l",
      "local": {
        "location": {
          "x": 0.0,
          "y": 0.0,
          "z": 0.0
        },
        "rotation_quaternion": {
          "w": 0.9995326399803162,
          "x": -0.027438964694738388,
          "y": -0.010081593878567219,
          "z": -0.00895195733755827
        },
        "scale": {
          "x": 1.0,
          "y": 1.0,
          "z": 1.0
        },
        "matrix_basis": [
          [
            0.9996364712715149,
            0.018448803573846817,
            -0.01966249942779541,
            0.0
          ],
          [
            -0.01734228990972042,
            0.9983339309692383,
            0.05503278225660324,
            0.0
          ],
          [
            0.020645029842853546,
            -0.05467178300023079,
            0.9982909560203552,
            0.0
          ],
          [
            0.0,
            0.0,
            0.0,
            1.0
          ]
        ],
        "rotation_mode": "QUATERNION"
      },
      "armature_space": {
        "head": {
          "x": 0.5630509853363037,
          "y": -0.32653939723968506,
          "z": 0.7086273431777954
        },
        "tail": {
          "x": 0.6072800755500793,
          "y": -0.42181962728500366,
          "z": 0.76053786277771
        }
      },
      "world_space": {
        "head": {
          "x": 0.5630509853363037,
          "y": -0.26329541206359863,
          "z": 1.6584813594818115
        },
        "tail": {
          "x": 0.6072800755500793,
          "y": -0.35857564210891724,
          "z": 1.710391879081726
        },
        "rotation_quaternion": {
          "w": 0.25446194410324097,
          "x": 0.9454611539840698,
          "y": 0.16930794715881348,
          "z": -0.11263809353113174
        },
        "matrix": [
          [
            0.917294979095459,
            0.3774724304676056,
            -0.1268242448568344,
            0.5630509853363037
          ],
          [
            0.26282426714897156,
            -0.8131675124168396,
            -0.5193092226982117,
            -0.26329541206359863
          ],
          [
            -0.2991563379764557,
            0.4430294930934906,
            -0.8451300263404846,
            1.6584813594818115
          ],
          [
            0.0,
            0.0,
            0.0,
            1.0
          ]
        ]
      },
      "bone_length_armature_space": 0.1171718239233468,
      "parent": "lowerarm_l",
      "has_children": true,
      "is_end_bone": false
    },
    "index_01_l": {
      "name": "index_01_l",
      "local": {
        "location": {
          "x": 0.0,
          "y": 0.0,
          "z": 0.0
        },
        "rotation_quaternion": {
          "w": 0.9909267425537109,
          "x": -0.13250331580638885,
          "y": -0.014670154079794884,
          "z": 0.01708328165113926
        },
        "scale": {
          "x": 1.0,
          "y": 1.0,
          "z": 1.0
        },
        "matrix_basis": [
          [
            0.9989858865737915,
            -0.029968872666358948,
            -0.03360128030180931,
            0.0
          ],
          [
            0.037744250148534775,
            0.9643020629882812,
            0.2621009349822998,
            0.0
          ],
          [
            0.02454691380262375,
            -0.2631033957004547,
            0.9644553065299988,
            0.0
          ],
          [
            0.0,
            0.0,
            0.0,
            1.0
          ]
        ],
        "rotation_mode": "QUATERNION"
      },
      "armature_space": {
        "head": {
          "x": 0.6072800755500793,
          "y": -0.42181962728500366,
          "z": 0.76053786277771
        },
        "tail": {
          "x": 0.625657856464386,
          "y": -0.4341832101345062,
          "z": 0.7784953713417053
        }
      },
      "world_space": {
        "head": {
          "x": 0.6072800755500793,
          "y": -0.35857564210891724,
          "z": 1.710391879081726
        },
        "tail": {
          "x": 0.625657856464386,
          "y": -0.3709391951560974,
          "z": 1.7283494472503662
        },
        "rotation_quaternion": {
          "w": 0.41013532876968384,
          "x": 0.841878354549408,
          "y": 0.3391057550907135,
          "z": -0.08965067565441132
        },
        "matrix": [
          [
            0.7539394497871399,
            0.6445097327232361,
            0.1272105723619461,
            0.6072800755500793
          ],
          [
            0.49743545055389404,
            -0.43359148502349854,
            -0.7513697743415833,
            -0.35857564210891724
          ],
          [
            -0.42911040782928467,
            0.6297702789306641,
            -0.6475090980529785,
            1.710391879081726
          ],
          [
            0.0,
            0.0,
            0.0,
            1.0
          ]
        ]
      },
      "bone_length_armature_space": 0.02851443669949189,
      "parent": "metacarpal_index_l",
      "has_children": true,
      "is_end_bone": false
    },
    "index_02_l": {
      "name": "index_02_l",
      "local": {
        "location": {
          "x": 0.0,
          "y": 0.0,
          "z": 0.0
        },
        "rotation_quaternion": {
          "w": 0.9987386465072632,
          "x": 0.05018484964966774,
          "y": -0.0004919595667161047,
          "z": 0.0015572609845548868
        },
        "scale": {
          "x": 1.0,
          "y": 1.0,
          "z": 1.0
        },
        "matrix_basis": [
          [
            0.999994695186615,
            -0.00315997120924294,
            -0.0008263762574642897,
            0.0
          ],
          [
            0.003061215626075864,
            0.9949581027030945,
            -0.10024462640285492,
            0.0
          ],
          [
            0.0011389799183234572,
            0.10024156421422958,
            0.9949624538421631,
            0.0
          ],
          [
            0.0,
            0.0,
            0.0,
            1.0
          ]
        ],
        "rotation_mode": "QUATERNION"
      },
      "armature_space": {
        "head": {
          "x": 0.6256579756736755,
          "y": -0.4341837465763092,
          "z": 0.7784955501556396
        },
        "tail": {
          "x": 0.642777681350708,
          "y": -0.44626879692077637,
          "z": 0.7932928204536438
        }
      },
      "world_space": {
        "head": {
          "x": 0.6256579756736755,
          "y": -0.3709397315979004,
          "z": 1.7283495664596558
        },
        "tail": {
          "x": 0.642777681350708,
          "y": -0.38302481174468994,
          "z": 1.7431468963623047
        },
        "rotation_quaternion": {
          "w": 0.39288634061813354,
          "x": 0.8471283912658691,
          "y": 0.3318035900592804,
          "z": -0.1338668316602707
        },
        "matrix": [
          [
            0.7439716458320618,
            0.6673496961593628,
            0.0339193269610405,
            0.6256579756736755
          ],
          [
            0.45697319507598877,
            -0.4710923433303833,
            -0.754485011100769,
            -0.3709397315979004
          ],
          [
            -0.4875293970108032,
            0.5768191814422607,
            -0.6554456949234009,
            1.7283495664596558
          ],
          [
            0.0,
            0.0,
            0.0,
            1.0
          ]
        ]
      },
      "bone_length_armature_space": 0.025653303630019223,
      "parent": "index_01_l",
      "has_children": true,
      "is_end_bone": false
    },
    "index_03_l": {
      "name": "index_03_l",
      "local": {
        "location": {
          "x": 0.0,
          "y": 0.0,
          "z": 0.0
        },
        "rotation_quaternion": {
          "w": 0.9988881349563599,
          "x": 0.04711265116930008,
          "y": 0.0013747448101639748,
          "z": -0.0010131815215572715
        },
        "scale": {
          "x": 1.0,
          "y": 1.0,
          "z": 1.0
        },
        "matrix_basis": [
          [
            0.999994158744812,
            0.002153645735234022,
            0.0026509652379900217,
            0.0
          ],
          [
            -0.0018945742631331086,
            0.9955587387084961,
            -0.09412331879138947,
            0.0
          ],
          [
            -0.0028418998699635267,
            0.09411775320768356,
            0.9955570101737976,
            0.0
          ],
          [
            0.0,
            0.0,
            0.0,
            1.0
          ]
        ],
        "rotation_mode": "QUATERNION"
      },
      "armature_space": {
        "head": {
          "x": 0.6427776217460632,
          "y": -0.4462686777114868,
          "z": 0.7932929992675781
        },
        "tail": {
          "x": 0.6641844511032104,
          "y": -0.4624084532260895,
          "z": 0.8049113750457764
        }
      },
      "world_space": {
        "head": {
          "x": 0.6427776217460632,
          "y": -0.3830246925354004,
          "z": 1.7431470155715942
        },
        "tail": {
          "x": 0.6641844511032104,
          "y": -0.39916443824768066,
          "z": 1.7547653913497925
        },
        "rotation_quaternion": {
          "w": 0.2942093312740326,
          "x": 0.8677271604537964,
          "y": 0.37047383189201355,
          "z": -0.15244583785533905
        },
        "matrix": [
          [
            0.6790185570716858,
            0.732642650604248,
            -0.04656747728586197,
            0.6427776217460632
          ],
          [
            0.5532392859458923,
            -0.5523789525032043,
            -0.6235414147377014,
            -0.3830246925354004
          ],
          [
            -0.4825589656829834,
            0.39763543009757996,
            -0.7804083824157715,
            1.7431470155715942
          ],
          [
            0.0,
            0.0,
            0.0,
            1.0
          ]
        ]
      },
      "bone_length_armature_space": 0.02921868161235548,
      "parent": "index_02_l",
      "has_children": false,
      "is_end_bone": true
    },
    "metacarpal_pinky_l": {
      "name": "metacarpal_pinky_l",
      "local": {
        "location": {
          "x": 0.0,
          "y": 0.0,
          "z": 0.0
        },
        "rotation_quaternion": {
          "w": 0.9998714923858643,
          "x": 0.006722830701619387,
          "y": -0.004342793021351099,
          "z": -0.013895210810005665
        },
        "scale": {
          "x": 1.0,
          "y": 1.0,
          "z": 1.0
        },
        "matrix_basis": [
          [
            0.9995761513710022,
            0.027728458866477013,
            -0.008871300145983696,
            0.0
          ],
          [
            -0.027845242992043495,
            0.9995234608650208,
            -0.013323245570063591,
            0.0
          ],
          [
            0.008497639559209347,
            0.013564622029662132,
            0.9998719096183777,
            0.0
          ],
          [
            0.0,
            0.0,
            0.0,
            1.0
          ]
        ],
        "rotation_mode": "QUATERNION"
      },
      "armature_space": {
        "head": {
          "x": 0.5630509853363037,
          "y": -0.32653939723968506,
          "z": 0.7086273431777954
        },
        "tail": {
          "x": 0.6395320296287537,
          "y": -0.3706687092781067,
          "z": 0.7638224959373474
        }
      },
      "world_space": {
        "head": {
          "x": 0.5630509853363037,
          "y": -0.26329541206359863,
          "z": 1.6584813594818115
        },
        "tail": {
          "x": 0.6395320296287537,
          "y": -0.30742472410202026,
          "z": 1.7136764526367188
        },
        "rotation_quaternion": {
          "w": 0.5071886777877808,
          "x": 0.24262064695358276,
          "y": -0.17568589746952057,
          "z": -0.8081023097038269
        },
        "matrix": [
          [
            -0.36778828501701355,
            0.7344713807106018,
            -0.570336103439331,
            0.5630509853363037
          ],
          [
            -0.9049713015556335,
            -0.42378753423690796,
            0.037833720445632935,
            -0.26329541206359863
          ],
          [
            -0.2139158397912979,
            0.5300559401512146,
            0.8205456137657166,
            1.6584813594818115
          ],
          [
            0.0,
            0.0,
            0.0,
            1.0
          ]
        ]
      },
      "bone_length_armature_space": 0.10413093376210673,
      "parent": "lowerarm_l",
      "has_children": true,
      "is_end_bone": false
    },
    "pinky_01_l": {
      "name": "pinky_01_l",
      "local": {
        "location": {
          "x": 0.0,
          "y": 0.0,
          "z": 0.0
        },
        "rotation_quaternion": {
          "w": 0.9952137470245361,
          "x": -0.09501712769269943,
          "y": 0.009311371482908726,
          "z": -0.020848259329795837
        },
        "scale": {
          "x": 1.0,
          "y": 1.0,
          "z": 1.0
        },
        "matrix_basis": [
          [
            0.9989572763442993,
            0.03972746804356575,
            0.022495493292808533,
            0.0
          ],
          [
            -0.043266426771879196,
            0.9810742139816284,
            0.1887364536523819,
            0.0
          ],
          [
            -0.014571726322174072,
            -0.1895129531621933,
            0.9817700982093811,
            0.0
          ],
          [
            0.0,
            0.0,
            0.0,
            1.0
          ]
        ],
        "rotation_mode": "QUATERNION"
      },
      "armature_space": {
        "head": {
          "x": 0.6395320296287537,
          "y": -0.3706687092781067,
          "z": 0.7638224959373474
        },
        "tail": {
