{
  "metadata": {
    "armature_name": "KIM_caucasian_male",
    "export_time": "2026-01-13T19:12:21.093116",
    "blender_version": "4.4.1",
    "bone_count": 56,
    "end_bone_count": 13,
    "spaces_included": [
      "LOCAL_CHANNELS",
      "ARMATURE_SPACE",
      "WORLD_SPACE"
    ],
    "note": "LOCAL matches Transform panel; replay pose via local.matrix_basis for best fidelity."
  },
  "bones": {
    "Root": {
      "name": "Root",
      "local": {
        "location": {
          "x": 0.0,
          "y": 0.0,
          "z": 0.0
        },
        "rotation_quaternion": {
          "w": 0.9999105930328369,
          "x": 0.009297613985836506,
          "y": 0.0022436012513935566,
          "z": 0.009350689128041267
        },
        "scale": {
          "x": 1.0,
          "y": 1.0,
          "z": 1.0
        },
        "matrix_basis": [
          [
            0.999815046787262,
            -0.01865798607468605,
            0.004660679493099451,
            0.0
          ],
          [
            0.01874142698943615,
            0.9996522665023804,
            -0.018551606684923172,
            0.0
          ],
          [
            -0.004312923178076744,
            0.018635524436831474,
            0.9998170137405396,
            0.0
          ],
          [
            0.0,
            0.0,
            0.0,
            1.0
          ]
        ],
        "rotation_mode": "QUATERNION"
      },
      "armature_space": {
        "head": {
          "x": 0.0,
          "y": 0.07072800397872925,
          "z": -0.009595036506652832
        },
        "tail": {
          "x": -0.0013317299308255315,
          "y": -0.0001542121171951294,
          "z": -0.0013213995844125748
        }
      },
      "world_space": {
        "head": {
          "x": 0.0,
          "y": 0.13397200405597687,
          "z": 0.9402589797973633
        },
        "tail": {
          "x": -0.0013317299308255315,
          "y": 0.06308978796005249,
          "z": 0.9485326409339905
        },
        "rotation_quaternion": {
          "w": 0.05808514729142189,
          "x": 0.9982654452323914,
          "y": -0.009178301319479942,
          "z": 0.002868440467864275
        },
        "matrix": [
          [
            0.999815046787262,
            -0.01865798607468605,
            0.004660679493099451,
            0.0
          ],
          [
            -0.017991527915000916,
            -0.9930837750434875,
            -0.11602187156677246,
            0.13397200405597687
          ],
          [
            0.006793210282921791,
            0.11591644585132599,
            -0.9932427406311035,
            0.9402589797973633
          ],
          [
            0.0,
            0.0,
            0.0,
            1.0
          ]
        ]
      },
      "bone_length_armature_space": 0.07137587374910737,
      "parent": null,
      "has_children": true,
      "is_end_bone": false
    },
    "spine_01": {
      "name": "spine_01",
      "local": {
        "location": {
          "x": 0.0,
          "y": 0.0,
          "z": 0.0
        },
        "rotation_quaternion": {
          "w": 0.9927401542663574,
          "x": 0.11366008967161179,
          "y": 0.033397119492292404,
          "z": 0.020809197798371315
        },
        "scale": {
          "x": 1.0,
          "y": 1.0,
          "z": 1.0
        },
        "matrix_basis": [
          [
            0.9969032406806946,
            -0.03372441232204437,
            0.07103967666625977,
            0.0
          ],
          [
            0.04890809208154678,
            0.9732967019081116,
            -0.22427994012832642,
            0.0
          ],
          [
            -0.06157897412776947,
            0.22705981135368347,
            0.971932053565979,
            0.0
          ],
          [
            0.0,
            0.0,
            0.0,
            1.0
          ]
        ],
        "rotation_mode": "QUATERNION"
      },
      "armature_space": {
        "head": {
          "x": -0.0013317299308255315,
          "y": -0.0001542121171951294,
          "z": -0.0013213995844125748
        },
        "tail": {
          "x": -0.02278488501906395,
          "y": -0.09720189869403839,
          "z": 0.4764544665813446
        }
      },
      "world_space": {
        "head": {
          "x": -0.0013317299308255315,
          "y": 0.06308978796005249,
          "z": 0.9485326409339905
        },
        "tail": {
          "x": -0.02278488501906395,
          "y": -0.03395789861679077,
          "z": 1.426308512687683
        },
        "rotation_quaternion": {
          "w": 0.6329026818275452,
          "x": 0.7734336256980896,
          "y": 0.0003321139083709568,
          "z": 0.03513572737574577
        },
        "matrix": [
          [
            0.9975308179855347,
            -0.04396127164363861,
            0.054770395159721375,
            -0.0013317299308255315
          ],
          [
            0.04498846083879471,
            -0.19886770844459534,
            -0.9789934158325195,
            0.06308978796005249
          ],
          [
            0.05393026024103165,
            0.9790464639663696,
            -0.19640111923217773,
            0.9485326409339905
          ],
          [
            0.0,
            0.0,
            0.0,
            1.0
          ]
        ]
      },
      "bone_length_armature_space": 0.4880043824652596,
      "parent": "Root",
      "has_children": true,
      "is_end_bone": false
    },
    "neck_01": {
      "name": "neck_01",
      "local": {
        "location": {
          "x": 0.0,
          "y": 0.0,
          "z": 0.0
        },
        "rotation_quaternion": {
          "w": 0.9892622232437134,
          "x": -0.02917623147368431,
          "y": 0.05356477200984955,
          "z": -0.13281558454036713
        },
        "scale": {
          "x": 1.0,
          "y": 1.0,
          "z": 1.0
        },
        "matrix_basis": [
          [
            0.9589816927909851,
            0.259653240442276,
            0.113729327917099,
            0.0
          ],
          [
            -0.2659045159816742,
            0.9630175232887268,
            0.04349741339683533,
            0.0
          ],
          [
            -0.09822909533977509,
            -0.07195436209440231,
            0.9925591349601746,
            0.0
          ],
          [
            0.0,
            0.0,
            0.0,
            1.0
          ]
        ],
        "rotation_mode": "QUATERNION"
      },
      "armature_space": {
        "head": {
          "x": -0.024104198440909386,
          "y": -0.14571461081504822,
          "z": 0.5413274765014648
        },
        "tail": {
          "x": 8.460134267807007e-06,
          "y": -0.19331364333629608,
          "z": 0.6288696527481079
        }
      },
      "world_space": {
        "head": {
          "x": -0.024104198440909386,
          "y": -0.0824706107378006,
          "z": 1.491181492805481
        },
        "tail": {
          "x": 8.460134267807007e-06,
          "y": -0.13006964325904846,
          "z": 1.578723669052124
        },
        "rotation_quaternion": {
          "w": 0.4959484934806824,
          "x": 0.8554616570472717,
          "y": 0.1479620635509491,
          "z": 0.018102208152413368
        },
        "matrix": [
          [
            0.9555588960647583,
            0.23519648611545563,
            0.17773547768592834,
            -0.024104198440909386
          ],
          [
            0.27110812067985535,
            -0.46428418159484863,
            -0.8431732058525085,
            -0.0824706107378006
          ],
          [
            -0.11579209566116333,
            0.8538923859596252,
            -0.5074187517166138,
            1.491181492805481
          ],
          [
            0.0,
            0.0,
            0.0,
            1.0
          ]
        ]
      },
      "bone_length_armature_space": 0.10252180777422411,
      "parent": "spine_01",
      "has_children": true,
      "is_end_bone": false
    },
    "head": {
      "name": "head",
      "local": {
        "location": {
          "x": 0.0,
          "y": 0.0,
          "z": 0.0
        },
        "rotation_quaternion": {
          "w": 0.9712814092636108,
          "x": 0.010532725602388382,
          "y": -0.11427506804466248,
          "z": -0.20842961966991425
        },
        "scale": {
          "x": 1.0,
          "y": 1.0,
          "z": 1.0
        },
        "matrix_basis": [
          [
            0.8869966268539429,
            0.4024803638458252,
            -0.22637715935707092,
            0.0
          ],
          [
            -0.407294899225235,
            0.9128922820091248,
            0.027176136150956154,
            0.0
          ],
          [
            0.21759583055973053,
            0.06809709966182709,
            0.9736605286598206,
            0.0
          ],
          [
            0.0,
            0.0,
            0.0,
            1.0
          ]
        ],
        "rotation_mode": "QUATERNION"
      },
      "armature_space": {
        "head": {
          "x": 8.469447493553162e-06,
          "y": -0.19331374764442444,
          "z": 0.6288695335388184
        },
        "tail": {
          "x": 0.08419111371040344,
          "y": -0.20481690764427185,
          "z": 0.7586160898208618
        }
      },
      "world_space": {
        "head": {
          "x": 8.469447493553162e-06,
          "y": -0.13006974756717682,
          "z": 1.5787235498428345
        },
        "tail": {
          "x": 0.08419111371040344,
          "y": -0.14157290756702423,
          "z": 1.708470106124878
        },
        "rotation_quaternion": {
          "w": 0.643865704536438,
          "x": 0.7107165455818176,
          "y": 0.2198900431394577,
          "z": -0.17879392206668854
        },
        "matrix": [
          [
            0.8393620252609253,
            0.5427979230880737,
            0.029017969965934753,
            8.469447493553162e-06
          ],
          [
            0.08232328295707703,
            -0.0741707906126976,
            -0.9938420653343201,
            -0.13006974756717682
          ],
          [
            -0.5373066067695618,
            0.83658766746521,
            -0.10694274306297302,
            1.5787235498428345
          ],
          [
            0.0,
            0.0,
            0.0,
            1.0
          ]
        ]
      },
      "bone_length_armature_space": 0.15509097128446991,
      "parent": "neck_01",
      "has_children": false,
      "is_end_bone": true
    },
    "upperarm_l": {
      "name": "upperarm_l",
      "local": {
        "location": {
          "x": 0.0,
          "y": 0.0,
          "z": 0.0
        },
        "rotation_quaternion": {
          "w": 0.795304000377655,
          "x": 0.277132511138916,
          "y": 0.3688550293445587,
          "z": 0.3932369351387024
        },
        "scale": {
          "x": 1.0,
          "y": 1.0,
          "z": 1.0
        },
        "matrix_basis": [
          [
            0.41862136125564575,
            -0.42104238271713257,
            0.804661214351654,
            0.0
          ],
          [
            0.8299292325973511,
            0.5371245741844177,
            -0.15071435272693634,
            0.0
          ],
          [
            -0.368746280670166,
            0.7309040427207947,
            0.5742870569229126,
            0.0
          ],
          [
            0.0,
            0.0,
            0.0,
            1.0
          ]
        ],
        "rotation_mode": "QUATERNION"
      },
      "armature_space": {
        "head": {
          "x": 0.1286546289920807,
          "y": -0.12872302532196045,
          "z": 0.48299115896224976
        },
        "tail": {
          "x": 0.2881543040275574,
          "y": -0.3312996029853821,
          "z": 0.5559998750686646
        }
      },
      "world_space": {
        "head": {
          "x": 0.1286546289920807,
          "y": -0.06547902524471283,
          "z": 1.432845115661621
        },
        "tail": {
          "x": 0.2881543040275574,
          "y": -0.26805561780929565,
          "z": 1.5058538913726807
        },
        "rotation_quaternion": {
          "w": 0.17859050631523132,
          "x": 0.9316096901893616,
          "y": 0.30020132660865784,
          "z": -0.10043873637914658
        },
        "matrix": [
          [
            0.7995826005935669,
            0.5952159762382507,
            -0.07991253584623337,
            0.1286546289920807
          ],
          [
            0.5234665870666504,
            -0.7559690475463867,
            -0.39305755496025085,
            -0.06547902524471283
          ],
          [
            -0.2943669855594635,
            0.27245157957077026,
            -0.9160416126251221,
            1.432845115661621
          ],
          [
            0.0,
            0.0,
            0.0,
            1.0
          ]
        ]
      },
      "bone_length_armature_space": 0.26796956649550224,
      "parent": "spine_01",
      "has_children": true,
      "is_end_bone": false
    },
    "lowerarm_l": {
      "name": "lowerarm_l",
      "local": {
        "location": {
          "x": 0.0,
          "y": 0.0,
          "z": 0.0
        },
        "rotation_quaternion": {
          "w": 0.916948676109314,
          "x": 0.2597682774066925,
          "y": 0.15142233669757843,
          "z": -0.2622915208339691
        },
        "scale": {
          "x": 1.0,
          "y": 1.0,
          "z": 1.0
        },
        "matrix_basis": [
          [
            0.8165488839149475,
            0.5596851706504822,
            0.14142298698425293,
            0.0
          ],
          [
            -0.40234628319740295,
            0.7274472117424011,
            -0.55582195520401,
            0.0
          ],
          [
            -0.41396304965019226,
            0.3969547748565674,
            0.8191834092140198,
            0.0
          ],
          [
            0.0,
            0.0,
            0.0,
            1.0
          ]
        ],
        "rotation_mode": "QUATERNION"
      },
      "armature_space": {
        "head": {
          "x": 0.288154274225235,
          "y": -0.3312997817993164,
          "z": 0.5559998750686646
        },
        "tail": {
          "x": 0.4836840033531189,
          "y": -0.4688945412635803,
          "z": 0.43597733974456787
        }
      },
      "world_space": {
        "head": {
          "x": 0.288154274225235,
          "y": -0.26805579662323,
          "z": 1.5058538913726807
        },
        "tail": {
          "x": 0.4836840033531189,
          "y": -0.4056505560874939,
          "z": 1.385831356048584
        },
        "rotation_quaternion": {
          "w": 0.1951596438884735,
          "x": -0.8612282872200012,
          "y": -0.4524928331375122,
          "z": 0.12429346889257431
        },
        "matrix": [
          [
            0.5596021413803101,
            0.7308853268623352,
            -0.39070773124694824,
            0.288154274225235
          ],
          [
            0.8279141187667847,
            -0.5143258571624756,
            0.22366857528686523,
            -0.26805579662323
          ],
          [
            -0.03747451305389404,
            -0.44864127039909363,
            -0.8929337859153748,
            1.5058538913726807
          ],
          [
            0.0,
            0.0,
            0.0,
            1.0
          ]
        ]
      },
      "bone_length_armature_space": 0.26752495759556016,
      "parent": "upperarm_l",
      "has_children": true,
      "is_end_bone": false
    },
    "metacarpal_thumb_l": {
      "name": "metacarpal_thumb_l",
      "local": {
        "location": {
          "x": 0.0,
          "y": 0.0,
          "z": 0.0
        },
        "rotation_quaternion": {
          "w": 0.9997445344924927,
          "x": -0.01787789724767208,
          "y": 0.01094032172113657,
          "z": -0.008470680564641953
        },
        "scale": {
          "x": 1.0,
          "y": 1.0,
          "z": 1.0
        },
        "matrix_basis": [
          [
            0.9996170997619629,
            0.01654585264623165,
            0.022177929058670998,
            0.0
          ],
          [
            -0.017328213900327682,
            0.9992172718048096,
            0.03556131571531296,
            0.0
          ],
          [
            -0.021572178229689598,
            -0.03593200445175171,
            0.999121367931366,
            0.0
          ],
          [
            0.0,
            0.0,
            0.0,
            1.0
          ]
        ],
        "rotation_mode": "QUATERNION"
      },
      "armature_space": {
        "head": {
          "x": 0.4836840033531189,
          "y": -0.4688945412635803,
          "z": 0.43597733974456787
        },
        "tail": {
          "x": 0.5057470202445984,
          "y": -0.47691431641578674,
          "z": 0.39235949516296387
        }
      },
      "world_space": {
        "head": {
          "x": 0.4836840033531189,
          "y": -0.4056505560874939,
          "z": 1.385831356048584
        },
        "tail": {
          "x": 0.5057470202445984,
          "y": -0.41367030143737793,
          "z": 1.34221351146698
        },
        "rotation_quaternion": {
          "w": 0.6473374366760254,
          "x": -0.6808828115463257,
          "y": -0.0013982988893985748,
          "z": -0.3425652086734772
        },
        "matrix": [
          [
            0.7652927041053772,
            0.44541501998901367,
            0.46468594670295715,
            0.4836840033531189
          ],
          [
            -0.4416090250015259,
            -0.16190531849861145,
            0.882478654384613,
            -0.4056505560874939
          ],
          [
            0.46830710768699646,
            -0.8805698156356812,
            0.072795569896698,
            1.385831356048584
          ],
          [
            0.0,
            0.0,
            0.0,
            1.0
          ]
        ]
      },
      "bone_length_armature_space": 0.04953392647202785,
      "parent": "lowerarm_l",
      "has_children": true,
      "is_end_bone": false
    },
    "thumb_01_l": {
      "name": "thumb_01_l",
      "local": {
        "location": {
          "x": 0.0,
          "y": 0.0,
          "z": 0.0
        },
        "rotation_quaternion": {
          "w": 0.9855129718780518,
          "x": 0.16843611001968384,
          "y": -0.002986704930663109,
          "z": 0.01961207203567028
        },
        "scale": {
          "x": 1.0,
          "y": 1.0,
          "z": 1.0
        },
        "matrix_basis": [
          [
            0.999212920665741,
            -0.039662040770053864,
            0.0007198893581517041,
            0.0
          ],
          [
            0.037649765610694885,
            0.9424892663955688,
            -0.33210909366607666,
            0.0
          ],
          [
            0.012493635527789593,
            0.3318747878074646,
            0.9432407021522522,
            0.0
          ],
          [
            0.0,
            0.0,
            0.0,
            1.0
          ]
        ],
        "rotation_mode": "QUATERNION"
      },
      "armature_space": {
        "head": {
          "x": 0.5057470202445984,
          "y": -0.47691431641578674,
          "z": 0.39235949516296387
        },
        "tail": {
          "x": 0.5326942801475525,
          "y": -0.4609179198741913,
          "z": 0.37907087802886963
        }
      },
      "world_space": {
        "head": {
          "x": 0.5057470202445984,
          "y": -0.41367030143737793,
          "z": 1.34221351146698
        },
        "tail": {
          "x": 0.5326942801475525,
          "y": -0.39767390489578247,
          "z": 1.3289248943328857
        },
        "rotation_quaternion": {
          "w": 0.7227763533592224,
          "x": 0.056348904967308044,
          "y": 0.4610535204410553,
          "z": -0.511711835861206
        },
        "matrix": [
          [
            0.05116000398993492,
            0.7916682958602905,
            0.6088059544563293,
            0.5057470202445984
          ],
          [
            -0.6877468824386597,
            0.46994927525520325,
            -0.5533103346824646,
            -0.41367030143737793
          ],
          [
            -0.7241513729095459,
            -0.39039915800094604,
            0.5685133337974548,
            1.34221351146698
          ],
          [
            0.0,
            0.0,
            0.0,
            1.0
          ]
        ]
      },
      "bone_length_armature_space": 0.03403860846930881,
      "parent": "metacarpal_thumb_l",
      "has_children": true,
      "is_end_bone": false
    },
    "thumb_02_l": {
      "name": "thumb_02_l",
      "local": {
        "location": {
          "x": 0.0,
          "y": 0.0,
          "z": 0.0
        },
        "rotation_quaternion": {
          "w": 0.9367486834526062,
          "x": 0.34988221526145935,
          "y": 0.004581428598612547,
          "z": -0.007965541444718838
        },
        "scale": {
          "x": 1.0,
          "y": 1.0,
          "z": 1.0
        },
        "matrix_basis": [
          [
            0.9998311400413513,
            0.018129341304302216,
            0.0030092918314039707,
            0.0
          ],
          [
            -0.011717500165104866,
            0.7550379633903503,
            -0.6555764079093933,
            0.0
          ],
          [
            -0.01415729708969593,
            0.6554304361343384,
            0.7551229000091553,
            0.0
          ],
          [
            0.0,
            0.0,
            0.0,
            1.0
          ]
        ],
        "rotation_mode": "QUATERNION"
      },
      "armature_space": {
        "head": {
          "x": 0.5326942801475525,
          "y": -0.4609178602695465,
          "z": 0.37907087802886963
        },
        "tail": {
          "x": 0.5452352166175842,
          "y": -0.4990741014480591,
          "z": 0.3791545033454895
        }
      },
      "world_space": {
        "head": {
          "x": 0.5326942801475525,
          "y": -0.3976738452911377,
          "z": 1.3289248943328857
        },
        "tail": {
          "x": 0.5452352166175842,
          "y": -0.43583011627197266,
          "z": 1.3290085792541504
        },
        "rotation_quaternion": {
          "w": 0.1367146223783493,
          "x": 0.5017061829566956,
          "y": 0.07942614704370499,
          "z": -0.8504654765129089
        },
        "matrix": [
          [
            -0.45920026302337646,
            0.3122396469116211,
            -0.8316503763198853,
            0.5326942801475525
          ],
          [
            -0.15284553170204163,
            -0.9500012993812561,
            -0.2722797095775604,
            -0.3976738452911377
          ],
          [
            -0.8750913143157959,
            0.002082422375679016,
            0.48396816849708557,
            1.3289248943328857
          ],
          [
            0.0,
            0.0,
            0.0,
            1.0
          ]
        ]
      },
      "bone_length_armature_space": 0.04016442244990274,
      "parent": "thumb_01_l",
      "has_children": true,
      "is_end_bone": false
    },
    "thumb_03_l": {
      "name": "thumb_03_l",
      "local": {
        "location": {
          "x": 0.0,
          "y": 0.0,
          "z": 0.0
        },
        "rotation_quaternion": {
          "w": 0.9799557328224182,
          "x": 0.19913232326507568,
          "y": -0.004097191151231527,
          "z": 0.0040217116475105286
        },
        "scale": {
          "x": 1.0,
          "y": 1.0,
          "z": 1.0
        },
        "matrix_basis": [
          [
            0.9999340772628784,
            -0.009513964876532555,
            -0.006428426131606102,
            0.0
          ],
          [
            0.006250432226806879,
            0.9206603169441223,
            -0.39031466841697693,
            0.0
          ],
          [
            0.009631837718188763,
            0.39024877548217773,
            0.920659065246582,
            0.0
          ],
          [
            0.0,
            0.0,
            0.0,
            1.0
          ]
        ],
        "rotation_mode": "QUATERNION"
      },
      "armature_space": {
        "head": {
          "x": 0.5452352166175842,
          "y": -0.4990740418434143,
          "z": 0.3791544437408447
        },
        "tail": {
          "x": 0.5375897884368896,
          "y": -0.5270941257476807,
          "z": 0.3882821500301361
        }
      },
      "world_space": {
        "head": {
          "x": 0.5452352166175842,
          "y": -0.4358300566673279,
          "z": 1.3290084600448608
        },
        "tail": {
          "x": 0.5375897884368896,
          "y": -0.46385014057159424,
          "z": 1.3381361961364746
        },
        "rotation_quaternion": {
          "w": 0.014505392871797085,
          "x": 0.6821383237838745,
          "y": -0.19902892410755157,
          "z": -0.7034660577774048
        },
        "matrix": [
          [
            -0.06895393133163452,
            -0.25112423300743103,
            -0.9654961824417114,
            0.5452352166175842
          ],
          [
            -0.2919389009475708,
            -0.920353889465332,
            0.2602322995662689,
            -0.4358300566673279
          ],
          [
            -0.9539552927017212,
            0.29981112480163574,
            -0.009850800037384033,
            1.3290084600448608
          ],
          [
            0.0,
            0.0,
            0.0,
            1.0
          ]
        ]
      },
      "bone_length_armature_space": 0.030444912885397225,
      "parent": "thumb_02_l",
      "has_children": false,
      "is_end_bone": true
    },
    "metacarpal_index_l": {
      "name": "metacarpal_index_l",
      "local": {
        "location": {
          "x": 0.0,
          "y": 0.0,
          "z": 0.0
        },
        "rotation_quaternion": {
          "w": 0.9984961152076721,
          "x": -0.054661691188812256,
          "y": -0.00038553689955733716,
          "z": 0.004190594889223576
        },
        "scale": {
          "x": 1.0,
          "y": 1.0,
          "z": 1.0
        },
        "matrix_basis": [
          [
            0.9999645948410034,
            -0.008326437324285507,
            -0.0012280441587790847,
            0.0
          ],
          [
            0.008410733193159103,
            0.9939890503883362,
            0.10915574431419373,
            0.0
          ],
          [
            0.0003117841843049973,
            -0.10916220396757126,
            0.9940239191055298,
            0.0
          ],
          [
            0.0,
            0.0,
            0.0,
            1.0
          ]
        ],
        "rotation_mode": "QUATERNION"
      },
      "armature_space": {
        "head": {
          "x": 0.4836840033531189,
          "y": -0.4688945412635803,
          "z": 0.43597733974456787
        },
        "tail": {
          "x": 0.5522218942642212,
          "y": -0.524800717830658,
          "z": 0.35912448167800903
        }
      },
      "world_space": {
        "head": {
          "x": 0.4836840033531189,
          "y": -0.4056505560874939,
          "z": 1.385831356048584
        },
        "tail": {
          "x": 0.5522218942642212,
          "y": -0.46155673265457153,
          "z": 1.30897855758667
        },
        "rotation_quaternion": {
          "w": 0.454775333404541,
          "x": -0.8319132924079895,
          "y": -0.23369760811328888,
          "z": -0.21560433506965637
        },
        "matrix": [
          [
            0.7978007197380066,
            0.5849355459213257,
            0.14616702497005463,
            0.4836840033531189
          ],
          [
            0.19273164868354797,
            -0.4771302044391632,
            0.8574391603469849,
            -0.4056505560874939
          ],
          [
            0.5712913274765015,
            -0.655899167060852,
            -0.4933928847312927,
            1.385831356048584
          ],
          [
            0.0,
            0.0,
            0.0,
            1.0
          ]
        ]
      },
      "bone_length_armature_space": 0.11717211602481634,
      "parent": "lowerarm_l",
      "has_children": true,
      "is_end_bone": false
    },
    "index_01_l": {
      "name": "index_01_l",
      "local": {
        "location": {
          "x": 0.0,
          "y": 0.0,
          "z": 0.0
        },
        "rotation_quaternion": {
          "w": 0.9809146523475647,
          "x": 0.19433550536632538,
          "y": -0.0025878511369228363,
          "z": 0.005795559845864773
        },
        "scale": {
          "x": 1.0,
          "y": 1.0,
          "z": 1.0
        },
        "matrix_basis": [
          [
            0.9999194145202637,
            -0.012375721707940102,
            -0.0028243560809642076,
            0.0
          ],
          [
            0.010364076122641563,
            0.924400269985199,
            -0.38128307461738586,
            0.0
          ],
          [
            0.007329488173127174,
            0.38122308254241943,
            0.9244540333747864,
            0.0
          ],
          [
            0.0,
            0.0,
            0.0,
            1.0
          ]
        ],
        "rotation_mode": "QUATERNION"
      },
      "armature_space": {
        "head": {
          "x": 0.5522218942642212,
          "y": -0.524800717830658,
          "z": 0.35912448167800903
        },
        "tail": {
          "x": 0.5759152770042419,
          "y": -0.5291438698768616,
          "z": 0.34386563301086426
        }
      },
      "world_space": {
        "head": {
          "x": 0.5522218942642212,
          "y": -0.46155673265457153,
          "z": 1.30897855758667
        },
        "tail": {
          "x": 0.5759152770042419,
          "y": -0.46589988470077515,
          "z": 1.2937196493148804
        },
        "rotation_quaternion": {
          "w": 0.5086156725883484,
          "x": -0.7194340825080872,
          "y": -0.40638992190361023,
          "z": -0.2420165240764618
        },
        "matrix": [
          [
            0.5525499582290649,
            0.8309288024902344,
            -0.0651639997959137,
            0.5522218942642212
          ],
          [
            0.3385578393936157,
            -0.15231463313102722,
            0.9285361766815186,
            -0.46155673265457153
          ],
          [
            0.7616273164749146,
            -0.5351278781890869,
            -0.36548054218292236,
            1.30897855758667
          ],
          [
            0.0,
            0.0,
            0.0,
            1.0
          ]
        ]
      },
      "bone_length_armature_space": 0.028514414340430665,
      "parent": "metacarpal_index_l",
      "has_children": true,
      "is_end_bone": false
    },
    "index_02_l": {
      "name": "index_02_l",
      "local": {
        "location": {
          "x": 0.0,
          "y": 0.0,
          "z": 0.0
        },
        "rotation_quaternion": {
          "w": 0.9230595827102661,
          "x": 0.38454288244247437,
          "y": -0.009185480885207653,
          "z": -0.0018769169691950083
        },
        "scale": {
          "x": 1.0,
          "y": 1.0,
          "z": 1.0
        },
        "matrix_basis": [
          [
            0.9998242259025574,
            -0.003599410178139806,
            -0.018401002511382103,
            0.0
          ],
          [
            -0.010529435239732265,
            0.7042465209960938,
            -0.7098774909973145,
            0.0
          ],
          [
            0.015513982623815536,
            0.7099464535713196,
            0.7040848135948181,
            0.0
          ],
          [
            0.0,
            0.0,
            0.0,
            1.0
          ]
        ],
        "rotation_mode": "QUATERNION"
      },
      "armature_space": {
        "head": {
          "x": 0.575915515422821,
          "y": -0.5291436910629272,
          "z": 0.34386515617370605
        },
        "tail": {
          "x": 0.5899302959442139,
          "y": -0.5159565210342407,
          "z": 0.3269011080265045
        }
      },
      "world_space": {
        "head": {
          "x": 0.575915515422821,
          "y": -0.4658997058868408,
          "z": 1.2937191724777222
        },
        "tail": {
          "x": 0.5899302959442139,
          "y": -0.4527125358581543,
          "z": 1.2767550945281982
        },
        "rotation_quaternion": {
          "w": 0.7179031372070312,
          "x": -0.49092528223991394,
          "y": -0.4915701150894165,
          "z": -0.044343575835227966
        },
        "matrix": [
          [
            0.5127867460250854,
            0.5463158488273621,
            -0.6622607111930847,
            0.575915515422821
          ],
          [
            0.41897833347320557,
            0.5140537023544312,
            0.7484694123268127,
            -0.4658997058868408
          ],
          [
            0.7493435740470886,
            -0.6612818837165833,
            0.03470614552497864,
            1.2937191724777222
          ],
          [
            0.0,
            0.0,
            0.0,
            1.0
          ]
        ]
      },
      "bone_length_armature_space": 0.025653351846484825,
      "parent": "index_01_l",
      "has_children": true,
      "is_end_bone": false
    },
    "index_03_l": {
      "name": "index_03_l",
      "local": {
        "location": {
          "x": 0.0,
          "y": 0.0,
          "z": 0.0
        },
        "rotation_quaternion": {
          "w": 0.9660182595252991,
          "x": 0.2584720253944397,
          "y": 0.0008837970090098679,
          "z": -0.00048122036969289184
        },
        "scale": {
          "x": 1.0,
          "y": 1.0,
          "z": 1.0
        },
        "matrix_basis": [
          [
            0.9999979734420776,
            0.0013866089284420013,
            0.0014587640762329102,
            0.0
          ],
          [
            -0.00047286172048188746,
            0.866383969783783,
            -0.4993782341480255,
            0.0
          ],
          [
            -0.0019562921952456236,
            0.4993765354156494,
            0.8663828372955322,
            0.0
          ],
          [
            0.0,
            0.0,
            0.0,
            1.0
          ]
        ],
        "rotation_mode": "QUATERNION"
      },
      "armature_space": {
        "head": {
          "x": 0.5899304151535034,
          "y": -0.5159566402435303,
          "z": 0.3269011080265045
        },
        "tail": {
          "x": 0.5935235619544983,
          "y": -0.48985403776168823,
          "z": 0.3142726719379425
        }
      },
      "world_space": {
        "head": {
          "x": 0.5899304151535034,
          "y": -0.45271265506744385,
          "z": 1.2767550945281982
        },
        "tail": {
          "x": 0.5935235619544983,
          "y": -0.4266100525856018,
          "z": 1.2641266584396362
        },
        "rotation_quaternion": {
          "w": 0.840887725353241,
          "x": -0.22374404966831207,
          "y": -0.48947328329086304,
          "z": 0.05711684003472328
        },
        "matrix": [
          [
            0.5143079161643982,
            0.12297466397285461,
            -0.8487432599067688,
            0.5899304151535034
          ],
          [
            0.3150915205478668,
            0.8933529853820801,
            0.32037192583084106,
            -0.45271265506744385
          ],
          [
            0.7976305484771729,
            -0.4322037398815155,
            0.4207131266593933,
            1.2767550945281982
          ],
          [
            0.0,
            0.0,
            0.0,
            1.0
          ]
        ]
      },
      "bone_length_armature_space": 0.029218726388746945,
      "parent": "index_02_l",
      "has_children": false,
      "is_end_bone": true
    },
    "metacarpal_pinky_l": {
      "name": "metacarpal_pinky_l",
      "local": {
        "location": {
          "x": 0.0,
          "y": 0.0,
          "z": 0.0
        },
        "rotation_quaternion": {
          "w": 0.9998048543930054,
          "x": 0.003092734143137932,
          "y": -0.018787914887070656,
          "z": 0.0052619134075939655
        },
        "scale": {
          "x": 1.0,
          "y": 1.0,
          "z": 1.0
        },
        "matrix_basis": [
          [
            0.9992386698722839,
            -0.010637985542416573,
            -0.03753595054149628,
            0.0
          ],
          [
            0.010405560955405235,
            0.9999254941940308,
            -0.006381982006132603,
            0.0
          ],
          [
            0.0376010462641716,
            0.005986540578305721,
            0.9992749094963074,
            0.0
          ],
          [
            0.0,
            0.0,
            0.0,
            1.0
          ]
        ],
        "rotation_mode": "QUATERNION"
      },
      "armature_space": {
        "head": {
          "x": 0.4836840033531189,
          "y": -0.4688945412635803,
          "z": 0.43597733974456787
        },
        "tail": {
          "x": 0.5684925317764282,
          "y": -0.5273278951644897,
          "z": 0.42060577869415283
        }
      },
      "world_space": {
        "head": {
          "x": 0.4836840033531189,
          "y": -0.4056505560874939,
          "z": 1.385831356048584
        },
        "tail": {
          "x": 0.5684925317764282,
          "y": -0.4640839099884033,
          "z": 1.370459794998169
        },
        "rotation_quaternion": {
          "w": 0.2437109500169754,
          "x": 0.6604352593421936,
          "y": 0.4000341594219208,
          "z": -0.5868585109710693
        },
        "matrix": [
          [
            -0.008861498907208443,
            0.8144423961639404,
            -0.5801771879196167,
            0.4836840033531189
          ],
          [
            0.24234521389007568,
            -0.5611534714698792,
            -0.7914392352104187,
            -0.4056505560874939
          ],
          [
            -0.9701563119888306,
            -0.14761799573898315,
            -0.1924056112766266,
            1.385831356048584
          ],
          [
            0.0,
            0.0,
            0.0,
            1.0
          ]
        ]
      },
      "bone_length_armature_space": 0.10413082182524089,
      "parent": "lowerarm_l",
      "has_children": true,
      "is_end_bone": false
    },
    "pinky_01_l": {
      "name": "pinky_01_l",
      "local": {
        "location": {
          "x": 0.0,
          "y": 0.0,
          "z": 0.0
        },
        "rotation_quaternion": {
          "w": 0.9434627294540405,
          "x": 0.3304453194141388,
          "y": -0.024166256189346313,
          "z": -0.009996484033763409
        },
        "scale": {
          "x": 1.0,
          "y": 1.0,
          "z": 1.0
        },
        "matrix_basis": [
          [
            0.9986321330070496,
            0.002891367767006159,
            -0.052206505089998245,
            0.0
          ],
          [
            -0.034833874553442,
            0.7814119458198547,
            -0.6230425238609314,
            0.0
          ],
          [
            0.038993339985609055,
            0.62400883436203,
            0.7804437875747681,
            0.0
          ],
          [
            0.0,
            0.0,
            0.0,
            1.0
          ]
        ],
        "rotation_mode": "QUATERNION"
      },
      "armature_space": {
        "head": {
          "x": 0.5684925317764282,
          "y": -0.5273278951644897,
          "z": 0.42060577869415283
        },
        "tail": {
