{
  "metadata": {
    "armature_name": "KIM_caucasian_male",
    "export_time": "2026-01-13T21:13:14.709467",
    "blender_version": "4.4.1",
    "bone_count": 56,
    "end_bone_count": 13,
    "spaces_included": [
      "LOCAL_CHANNELS",
      "ARMATURE_SPACE",
      "WORLD_SPACE"
    ],
    "note": "LOCAL matches Transform panel; replay pose via local.matrix_basis for best fidelity."
  },
  "bones": {
    "Root": {
      "name": "Root",
      "local": {
        "location": {
          "x": 0.0,
          "y": 0.0,
          "z": 0.0
        },
        "rotation_quaternion": {
          "w": 0.9996142983436584,
          "x": -0.01113960612565279,
          "y": -0.009198924526572227,
          "z": 0.023719657212495804
        },
        "scale": {
          "x": 1.0,
          "y": 1.0,
          "z": 1.0
        },
        "matrix_basis": [
          [
            0.9987055063247681,
            -0.04721607267856598,
            -0.018919209018349648,
            0.0
          ],
          [
            0.047625962644815445,
            0.9986265897750854,
            0.021834228187799454,
            0.0
          ],
          [
            0.01786229759454727,
            -0.022707009688019753,
            0.9995825886726379,
            0.0
          ],
          [
            0.0,
            0.0,
            0.0,
            1.0
          ]
        ],
        "rotation_mode": "QUATERNION"
      },
      "armature_space": {
        "head": {
          "x": 0.0,
          "y": 0.07072800397872925,
          "z": -0.009595036506652832
        },
        "tail": {
          "x": -0.0033700882922858,
          "y": 0.00031501054763793945,
          "z": 0.0015928549692034721
        }
      },
      "world_space": {
        "head": {
          "x": 0.0,
          "y": 0.13397200405597687,
          "z": 0.9402589797973633
        },
        "tail": {
          "x": -0.0033700882922858,
          "y": 0.06355901062488556,
          "z": 0.9514468908309937
        },
        "rotation_quaternion": {
          "w": 0.07845597714185715,
          "x": 0.9965929388999939,
          "y": -0.024285484105348587,
          "z": -0.007580081932246685
        },
        "matrix": [
          [
            0.9987055063247681,
            -0.04721607267856598,
            -0.018919209018349648,
            0.0
          ],
          [
            -0.04959489032626152,
            -0.9865097403526306,
            -0.15600961446762085,
            0.13397200405597687
          ],
          [
            -0.01129794679582119,
            0.15674613416194916,
            -0.9875814318656921,
            0.9402589797973633
          ],
          [
            0.0,
            0.0,
            0.0,
            1.0
          ]
        ]
      },
      "bone_length_armature_space": 0.07137587964243322,
      "parent": null,
      "has_children": true,
      "is_end_bone": false
    },
    "spine_01": {
      "name": "spine_01",
      "local": {
        "location": {
          "x": 0.0,
          "y": 0.0,
          "z": 0.0
        },
        "rotation_quaternion": {
          "w": 0.9931898713111877,
          "x": 0.10539011657238007,
          "y": 0.0413019135594368,
          "z": -0.027586555108428
        },
        "scale": {
          "x": 1.0,
          "y": 1.0,
          "z": 1.0
        },
        "matrix_basis": [
          [
            0.9950662851333618,
            0.06350300461053848,
            0.07622658461332321,
            0.0
          ],
          [
            -0.04609174653887749,
            0.9762638211250305,
            -0.21162354946136475,
            0.0
          ],
          [
            -0.0878559872508049,
            0.20706604421138763,
            0.9743741750717163,
            0.0
          ],
          [
            0.0,
            0.0,
            0.0,
            1.0
          ]
        ],
        "rotation_mode": "QUATERNION"
      },
      "armature_space": {
        "head": {
          "x": -0.0033700882922858,
          "y": 0.00031501054763793945,
          "z": 0.0015928549692034721
        },
        "tail": {
          "x": 0.029658231884241104,
          "y": -0.06921450793743134,
          "z": 0.4834882616996765
        }
      },
      "world_space": {
        "head": {
          "x": -0.0033700882922858,
          "y": 0.06355901062488556,
          "z": 0.9514468908309937
        },
        "tail": {
          "x": 0.029658231884241104,
          "y": -0.005970507860183716,
          "z": 1.4333422183990479
        },
        "rotation_quaternion": {
          "w": 0.65391606092453,
          "x": 0.7557006478309631,
          "y": 0.03397765010595322,
          "z": -0.01248394139111042
        },
        "matrix": [
          [
            0.9973793625831604,
            0.06768081337213516,
            0.02556924894452095,
            -0.0033700882922858
          ],
          [
            0.03502737730741501,
            -0.14247816801071167,
            -0.9891780614852905,
            0.06355901062488556
          ],
          [
            -0.06330572813749313,
            0.9874881505966187,
            -0.14447736740112305,
            0.9514468908309937
          ],
          [
            0.0,
            0.0,
            0.0,
            1.0
          ]
        ]
      },
      "bone_length_armature_space": 0.4880045303388019,
      "parent": "Root",
      "has_children": true,
      "is_end_bone": false
    },
    "neck_01": {
      "name": "neck_01",
      "local": {
        "location": {
          "x": 0.0,
          "y": 0.0,
          "z": 0.0
        },
        "rotation_quaternion": {
          "w": 0.9896143078804016,
          "x": 0.0165157038718462,
          "y": -0.025155603885650635,
          "z": 0.14056317508220673
        },
        "scale": {
          "x": 1.0,
          "y": 1.0,
          "z": 1.0
        },
        "matrix_basis": [
          [
            0.9592183828353882,
            -0.27903759479522705,
            -0.04514569044113159,
            0.0
          ],
          [
            0.277375727891922,
            0.9599384665489197,
            -0.03976025804877281,
            0.0
          ],
          [
            0.05443169176578522,
            0.025616450235247612,
            0.998188853263855,
            0.0
          ],
          [
            0.0,
            0.0,
            0.0,
            1.0
          ]
        ],
        "rotation_mode": "QUATERNION"
      },
      "armature_space": {
        "head": {
          "x": 0.03550047054886818,
          "y": -0.113951675593853,
          "z": 0.5507801175117493
        },
        "tail": {
          "x": 0.01407564990222454,
          "y": -0.16712547838687897,
          "z": 0.6357756853103638
        }
      },
      "world_space": {
        "head": {
          "x": 0.03550047054886818,
          "y": -0.05070767551660538,
          "z": 1.5006341934204102
        },
        "tail": {
          "x": 0.01407564990222454,
          "y": -0.10388147830963135,
          "z": 1.5856297016143799
        },
        "rotation_quaternion": {
          "w": 0.4792954623699188,
          "x": 0.8709492087364197,
          "y": -0.10461974143981934,
          "z": 0.02789716236293316
        },
        "matrix": [
          [
            0.9765529632568359,
            -0.20897912979125977,
            -0.05169431120157242,
            0.03550047054886818
          ],
          [
            -0.15549568831920624,
            -0.518660843372345,
            -0.8407213687896729,
            -0.05070767551660538
          ],
          [
            0.14888222515583038,
            0.8290522694587708,
            -0.5389995574951172,
            1.5006341934204102
          ],
          [
            0.0,
            0.0,
            0.0,
            1.0
          ]
        ]
      },
      "bone_length_armature_space": 0.10252181487120915,
      "parent": "spine_01",
      "has_children": true,
      "is_end_bone": false
    },
    "head": {
      "name": "head",
      "local": {
        "location": {
          "x": 0.0,
          "y": 0.0,
          "z": 0.0
        },
        "rotation_quaternion": {
          "w": 0.9765464067459106,
          "x": -0.13595888018608093,
          "y": -0.12965136766433716,
          "z": 0.10518083721399307
        },
        "scale": {
          "x": 1.0,
          "y": 1.0,
          "z": 1.0
        },
        "matrix_basis": [
          [
            0.9442550539970398,
            -0.17017342150211334,
            -0.28182169795036316,
            0.0
          ],
          [
            0.240682452917099,
            0.9409043192863464,
            0.23826663196086884,
            0.0
          ],
          [
            0.22462061047554016,
            -0.2928139865398407,
            0.9294114112854004,
            0.0
          ],
          [
            0.0,
            0.0,
            0.0,
            1.0
          ]
        ],
        "rotation_mode": "QUATERNION"
      },
      "armature_space": {
        "head": {
          "x": 0.014075659215450287,
          "y": -0.16712558269500732,
          "z": 0.6357755661010742
        },
        "tail": {
          "x": -0.03172748163342476,
          "y": -0.14505404233932495,
          "z": 0.7822958827018738
        }
      },
      "world_space": {
        "head": {
          "x": 0.014075659215450287,
          "y": -0.1038815826177597,
          "z": 1.5856295824050903
        },
        "tail": {
          "x": -0.03172748163342476,
          "y": -0.08181004226207733,
          "z": 1.7321498394012451
        },
        "rotation_quaternion": {
          "w": 0.7058053016662598,
          "x": 0.6535784602165222,
          "y": -0.27017703652381897,
          "z": -0.04096856340765953
        },
        "matrix": [
          [
            0.85065096616745,
            -0.29533225297927856,
            -0.43493926525115967,
            0.014075659215450287
          ],
          [
            -0.4109974503517151,
            0.14231422543525696,
            -0.9004600644111633,
            -0.1038815826177597
          ],
          [
            0.32783475518226624,
            0.9447426199913025,
            -0.000321805477142334,
            1.5856295824050903
          ],
          [
            0.0,
            0.0,
            0.0,
            1.0
          ]
        ]
      },
      "bone_length_armature_space": 0.15509121232907014,
      "parent": "neck_01",
      "has_children": false,
      "is_end_bone": true
    },
    "upperarm_l": {
      "name": "upperarm_l",
      "local": {
        "location": {
          "x": 0.0,
          "y": 0.0,
          "z": 0.0
        },
        "rotation_quaternion": {
          "w": 0.89275062084198,
          "x": 0.4162563979625702,
          "y": -0.1723044514656067,
          "z": 0.00618920149281621
        },
        "scale": {
          "x": 1.0,
          "y": 1.0,
          "z": 1.0
        },
        "matrix_basis": [
          [
            0.9405457377433777,
            -0.15449649095535278,
            -0.3024972081184387,
            0.0
          ],
          [
            -0.13239483535289764,
            0.6533846259117126,
            -0.7453591823577881,
            0.0
          ],
          [
            0.31280240416526794,
            0.7410934567451477,
            0.5940835475921631,
            0.0
          ],
          [
            0.0,
            0.0,
            0.0,
            1.0
          ]
        ],
        "rotation_mode": "QUATERNION"
      },
      "armature_space": {
        "head": {
          "x": 0.18064025044441223,
          "y": -0.10227654874324799,
          "z": 0.47445663809776306
        },
        "tail": {
          "x": 0.3708130717277527,
          "y": -0.2909289300441742,
          "z": 0.4672304689884186
        }
      },
      "world_space": {
        "head": {
          "x": 0.18064025044441223,
          "y": -0.039032548666000366,
          "z": 1.4243106842041016
        },
        "tail": {
          "x": 0.3708130717277527,
          "y": -0.22768492996692657,
          "z": 1.4170844554901123
        },
        "rotation_quaternion": {
          "w": 0.29691949486732483,
          "x": 0.5594391226768494,
          "y": 0.244612455368042,
          "z": -0.7341876029968262
        },
        "matrix": [
          [
            -0.1977333277463913,
            0.7096810936927795,
            -0.6762060523033142,
            0.18064025044441223
          ],
          [
            -0.16229858994483948,
            -0.704007089138031,
            -0.6913996934890747,
            -0.039032548666000366
          ],
          [
            -0.9667337536811829,
            -0.026966407895088196,
            0.2543870508670807,
            1.4243106842041016
          ],
          [
            0.0,
            0.0,
            0.0,
            1.0
          ]
        ]
      },
      "bone_length_armature_space": 0.2679694789772273,
      "parent": "spine_01",
      "has_children": true,
      "is_end_bone": false
    },
    "lowerarm_l": {
      "name": "lowerarm_l",
      "local": {
        "location": {
          "x": 0.0,
          "y": 0.0,
          "z": 0.0
        },
        "rotation_quaternion": {
          "w": 0.9387634992599487,
          "x": 0.12309368699789047,
          "y": 0.07916922867298126,
          "z": -0.3119349181652069
        },
        "scale": {
          "x": 1.0,
          "y": 1.0,
          "z": 1.0
        },
        "matrix_basis": [
          [
            0.7928577065467834,
            0.6051567196846008,
            0.07184792309999466,
            0.0
          ],
          [
            -0.5661757588386536,
            0.7750890851020813,
            -0.2805030047893524,
            0.0
          ],
          [
            -0.22543680667877197,
            0.18172042071819305,
            0.9571603536605835,
            0.0
          ],
          [
            0.0,
            0.0,
            0.0,
            1.0
          ]
        ],
        "rotation_mode": "QUATERNION"
      },
      "armature_space": {
        "head": {
          "x": 0.37081313133239746,
          "y": -0.29092901945114136,
          "z": 0.46723058819770813
        },
        "tail": {
          "x": 0.42686039209365845,
          "y": -0.5256676077842712,
          "z": 0.3517919182777405
        }
      },
      "world_space": {
        "head": {
          "x": 0.37081313133239746,
          "y": -0.22768501937389374,
          "z": 1.4170845746994019
        },
        "tail": {
          "x": 0.42686039209365845,
          "y": -0.4624236226081848,
          "z": 1.3016459941864014
        },
        "rotation_quaternion": {
          "w": 0.0363566055893898,
          "x": -0.546592116355896,
          "y": -0.2448572963476181,
          "z": 0.7999752163887024
        },
        "matrix": [
          [
            -0.39983153343200684,
            0.20950332283973694,
            -0.892324686050415,
            0.37081313133239746
          ],
          [
            0.3258422017097473,
            -0.8774471879005432,
            -0.35201337933540344,
            -0.22768501937389374
          ],
          [
            -0.8567214012145996,
            -0.4315069019794464,
            0.28256773948669434,
            1.4170845746994019
          ],
          [
            0.0,
            0.0,
            0.0,
            1.0
          ]
        ]
      },
      "bone_length_armature_space": 0.2675249232181656,
      "parent": "upperarm_l",
      "has_children": true,
      "is_end_bone": false
    },
    "metacarpal_thumb_l": {
      "name": "metacarpal_thumb_l",
      "local": {
        "location": {
          "x": 0.0,
          "y": 0.0,
          "z": 0.0
        },
        "rotation_quaternion": {
          "w": 0.9992111325263977,
          "x": -0.03618752956390381,
          "y": 0.005077169742435217,
          "z": -0.015557102859020233
        },
        "scale": {
          "x": 1.0,
          "y": 1.0,
          "z": 1.0
        },
        "matrix_basis": [
          [
            0.9994643926620483,
            0.030722200870513916,
            0.011272274889051914,
            0.0
          ],
          [
            -0.031457122415304184,
            0.9968968629837036,
            0.07215999066829681,
            0.0
          ],
          [
            -0.009020382538437843,
            -0.07247593998908997,
            0.9973293542861938,
            0.0
          ],
          [
            0.0,
            0.0,
            0.0,
            1.0
          ]
        ],
        "rotation_mode": "QUATERNION"
      },
      "armature_space": {
        "head": {
          "x": 0.42686039209365845,
          "y": -0.5256676077842712,
          "z": 0.3517919182777405
        },
        "tail": {
          "x": 0.40812528133392334,
          "y": -0.5692183375358582,
          "z": 0.3374420404434204
        }
      },
      "world_space": {
        "head": {
          "x": 0.42686039209365845,
          "y": -0.4624236226081848,
          "z": 1.3016459941864014
        },
        "tail": {
          "x": 0.40812528133392334,
          "y": -0.5059743523597717,
          "z": 1.2872960567474365
        },
        "rotation_quaternion": {
          "w": 0.1943368762731552,
          "x": -0.9371306300163269,
          "y": 0.1504194587469101,
          "z": 0.2477773129940033
        },
        "matrix": [
          [
            0.8319611549377441,
            -0.3782299757003784,
            -0.4059346616268158,
            0.42686039209365845
          ],
          [
            -0.18562135100364685,
            -0.8792142868041992,
            0.4387786388397217,
            -0.4624236226081848
          ],
          [
            -0.5228668451309204,
            -0.28969937562942505,
            -0.8016849756240845,
            1.3016459941864014
          ],
          [
            0.0,
            0.0,
            0.0,
            1.0
          ]
        ]
      },
      "bone_length_armature_space": 0.04953371957932962,
      "parent": "lowerarm_l",
      "has_children": true,
      "is_end_bone": false
    },
    "thumb_01_l": {
      "name": "thumb_01_l",
      "local": {
        "location": {
          "x": 0.0,
          "y": 0.0,
          "z": 0.0
        },
        "rotation_quaternion": {
          "w": 0.9559056758880615,
          "x": 0.2933197617530823,
          "y": 0.0028873151168227196,
          "z": 0.01412923727184534
        },
        "scale": {
          "x": 1.0,
          "y": 1.0,
          "z": 1.0
        },
        "matrix_basis": [
          [
            0.9995840787887573,
            -0.025318622589111328,
            0.013808771036565304,
            0.0
          ],
          [
            0.028706248849630356,
            0.8275277614593506,
            -0.5606904625892639,
            0.0
          ],
          [
            0.002768767299130559,
            0.5608536601066589,
            0.8279103636741638,
            0.0
          ],
          [
            0.0,
            0.0,
            0.0,
            1.0
          ]
        ],
        "rotation_mode": "QUATERNION"
      },
      "armature_space": {
        "head": {
          "x": 0.40812528133392334,
          "y": -0.5692183375358582,
          "z": 0.3374420404434204
        },
        "tail": {
          "x": 0.4042750895023346,
          "y": -0.5791412591934204,
          "z": 0.3051101267337799
        }
      },
      "world_space": {
        "head": {
          "x": 0.40812528133392334,
          "y": -0.5059743523597717,
          "z": 1.2872960567474365
        },
        "tail": {
          "x": 0.4042750895023346,
          "y": -0.515897274017334,
          "z": 1.2549641132354736
        },
        "rotation_quaternion": {
          "w": 0.3800283372402191,
          "x": -0.5826314687728882,
          "y": 0.4580594301223755,
          "z": -0.5534443855285645
        },
        "matrix": [
          [
            -0.03223780542612076,
            -0.11311230063438416,
            0.9930592775344849,
            0.40812528133392334
          ],
          [
            -0.9544086456298828,
            -0.2915196418762207,
            -0.06418810039758682,
            -0.5059743523597717
          ],
          [
            0.2967579662799835,
            -0.9498608112335205,
            -0.09855839610099792,
            1.2872960567474365
          ],
          [
            0.0,
            0.0,
            0.0,
            1.0
          ]
        ]
      },
      "bone_length_armature_space": 0.034038816333047874,
      "parent": "metacarpal_thumb_l",
      "has_children": true,
      "is_end_bone": false
    },
    "thumb_02_l": {
      "name": "thumb_02_l",
      "local": {
        "location": {
          "x": 0.0,
          "y": 0.0,
          "z": 0.0
        },
        "rotation_quaternion": {
          "w": 0.8878315687179565,
          "x": 0.46010372042655945,
          "y": 0.007675047963857651,
          "z": 0.0009335583308711648
        },
        "scale": {
          "x": 1.0,
          "y": 1.0,
          "z": 1.0
        },
        "matrix_basis": [
          [
            0.9998804330825806,
            0.005404951050877571,
            0.014487367123365402,
            0.0
          ],
          [
            0.008720321580767632,
            0.5766074061393738,
            -0.8169748783111572,
            0.0
          ],
          [
            -0.012769232504069805,
            0.8170035481452942,
            0.5764912962913513,
            0.0
          ],
          [
            0.0,
            0.0,
            0.0,
            1.0
          ]
        ],
        "rotation_mode": "QUATERNION"
      },
      "armature_space": {
        "head": {
          "x": 0.4042750298976898,
          "y": -0.5791411995887756,
          "z": 0.3051101267337799
        },
        "tail": {
          "x": 0.43280044198036194,
          "y": -0.5985376834869385,
          "z": 0.32568347454071045
        }
      },
      "world_space": {
        "head": {
          "x": 0.4042750298976898,
          "y": -0.5158972144126892,
          "z": 1.2549641132354736
        },
        "tail": {
          "x": 0.43280044198036194,
          "y": -0.535293698310852,
          "z": 1.2755374908447266
        },
        "rotation_quaternion": {
          "w": 0.38930410146713257,
          "x": -0.06359466165304184,
          "y": -0.3270755112171173,
          "z": -0.8587315082550049
        },
        "matrix": [
          [
            -0.6887957453727722,
            0.710216224193573,
            -0.14544403553009033,
            0.4042750298976898
          ],
          [
            -0.6270157098770142,
            -0.4829268157482147,
            0.6112549304962158,
            -0.5158972144126892
          ],
          [
            0.3638865053653717,
            0.5122284889221191,
            0.7779608368873596,
            1.2549641132354736
          ],
          [
            0.0,
            0.0,
            0.0,
            1.0
          ]
        ]
      },
      "bone_length_armature_space": 0.04016447922930612,
      "parent": "thumb_01_l",
      "has_children": true,
      "is_end_bone": false
    },
    "thumb_03_l": {
      "name": "thumb_03_l",
      "local": {
        "location": {
          "x": 0.0,
          "y": 0.0,
          "z": 0.0
        },
        "rotation_quaternion": {
          "w": 0.9902584552764893,
          "x": 0.13921524584293365,
          "y": 0.0002038974780589342,
          "z": 0.0026941606774926186
        },
        "scale": {
          "x": 1.0,
          "y": 1.0,
          "z": 1.0
        },
        "matrix_basis": [
          [
            0.99998539686203,
            -0.005279059521853924,
            0.0011539588449522853,
            0.0
          ],
          [
            0.005392602179199457,
            0.9612237215042114,
            -0.2757170498371124,
            0.0
          ],
          [
            0.00034631407470442355,
            0.2757192552089691,
            0.9612381458282471,
            0.0
          ],
          [
            0.0,
            0.0,
            0.0,
            1.0
          ]
        ],
        "rotation_mode": "QUATERNION"
      },
      "armature_space": {
        "head": {
          "x": 0.43280038237571716,
          "y": -0.5985377430915833,
          "z": 0.3256834149360657
        },
        "tail": {
          "x": 0.4502091109752655,
          "y": -0.6006327867507935,
          "z": 0.3505721092224121
        }
      },
      "world_space": {
        "head": {
          "x": 0.43280038237571716,
          "y": -0.5352937579154968,
          "z": 1.2755374908447266
        },
        "tail": {
          "x": 0.4502091109752655,
          "y": -0.537388801574707,
          "z": 1.3004261255264282
        },
        "rotation_quaternion": {
          "w": 0.5184187293052673,
          "x": 0.18268562853336334,
          "y": -0.44366011023521423,
          "z": -0.7078374028205872
        },
        "matrix": [
          [
            -0.3957332670688629,
            0.5718116164207458,
            -0.7186287045478821,
            0.43280038237571716
          ],
          [
            -0.8960140347480774,
            -0.06881360709667206,
            0.43866080045700073,
            -0.5352937579154968
          ],
          [
            0.20138050615787506,
            0.8174996376037598,
            0.5395875573158264,
            1.2755374908447266
          ],
          [
            0.0,
            0.0,
            0.0,
            1.0
          ]
        ]
      },
      "bone_length_armature_space": 0.03044503460454185,
      "parent": "thumb_02_l",
      "has_children": false,
      "is_end_bone": true
    },
    "metacarpal_index_l": {
      "name": "metacarpal_index_l",
      "local": {
        "location": {
          "x": 0.0,
          "y": 0.0,
          "z": 0.0
        },
        "rotation_quaternion": {
          "w": 0.9997974038124084,
          "x": -0.008957910351455212,
          "y": -0.016208328306674957,
          "z": 0.007888284511864185
        },
        "scale": {
          "x": 1.0,
          "y": 1.0,
          "z": 1.0
        },
        "matrix_basis": [
          [
            0.9993501305580139,
            -0.015482987277209759,
            -0.032551415264606476,
            0.0
          ],
          [
            0.016063759103417397,
            0.9997150897979736,
            0.01765647903084755,
            0.0
          ],
          [
            0.03226876258850098,
            -0.018167903646826744,
            0.9993140697479248,
            0.0
          ],
          [
            0.0,
            0.0,
            0.0,
            1.0
          ]
        ],
        "rotation_mode": "QUATERNION"
      },
      "armature_space": {
        "head": {
          "x": 0.42686039209365845,
          "y": -0.5256676077842712,
          "z": 0.3517919182777405
        },
        "tail": {
          "x": 0.41683292388916016,
          "y": -0.6351206302642822,
          "z": 0.3111872375011444
        }
      },
      "world_space": {
        "head": {
          "x": 0.42686039209365845,
          "y": -0.4624236226081848,
          "z": 1.3016459941864014
        },
        "tail": {
          "x": 0.41683292388916016,
          "y": -0.5718766450881958,
          "z": 1.261041283607483
        },
        "rotation_quaternion": {
          "w": 0.1734156757593155,
          "x": -0.842710018157959,
          "y": -0.05352531373500824,
          "z": 0.5068549513816833
        },
        "matrix": [
          [
            0.48046672344207764,
            -0.08557916432619095,
            -0.8728277087211609,
            0.42686039209365845
          ],
          [
            0.26600566506385803,
            -0.9341245889663696,
            0.2380174994468689,
            -0.4624236226081848
          ],
          [
            -0.8357047438621521,
            -0.34653985500335693,
            -0.426053911447525,
            1.3016459941864014
          ],
          [
            0.0,
            0.0,
            0.0,
            1.0
          ]
        ]
      },
      "bone_length_armature_space": 0.11717190287899228,
      "parent": "lowerarm_l",
      "has_children": true,
      "is_end_bone": false
    },
    "index_01_l": {
      "name": "index_01_l",
      "local": {
        "location": {
          "x": 0.0,
          "y": 0.0,
          "z": 0.0
        },
        "rotation_quaternion": {
          "w": 0.9495803117752075,
          "x": 0.31331971287727356,
          "y": -0.005333747249096632,
          "z": 0.00997844897210598
        },
        "scale": {
          "x": 1.0,
          "y": 1.0,
          "z": 1.0
        },
        "matrix_basis": [
          [
            0.9997439384460449,
            -0.02229301445186138,
            -0.0038767531514167786,
            0.0
          ],
          [
            0.015608341433107853,
            0.8034623861312866,
            -0.595150887966156,
            0.0
          ],
          [
            0.016382532194256783,
            0.5949380397796631,
            0.8036046028137207,
            0.0
          ],
          [
            0.0,
            0.0,
            0.0,
            1.0
          ]
        ],
        "rotation_mode": "QUATERNION"
      },
      "armature_space": {
        "head": {
          "x": 0.41683292388916016,
          "y": -0.6351206302642822,
          "z": 0.3111872375011444
        },
        "tail": {
          "x": 0.40675660967826843,
          "y": -0.6516696214675903,
          "z": 0.29026657342910767
        }
      },
      "world_space": {
        "head": {
          "x": 0.41683292388916016,
          "y": -0.5718766450881958,
          "z": 1.261041283607483
        },
        "tail": {
          "x": 0.40675660967826843,
          "y": -0.5884256362915039,
          "z": 1.2401206493377686
        },
        "rotation_quaternion": {
          "w": 0.4524782598018646,
          "x": -0.7311148643493652,
          "y": -0.0712544396519661,
          "z": 0.5056257247924805
        },
        "matrix": [
          [
            0.47853294014930725,
            -0.35337692499160767,
            -0.8038228750228882,
            0.41683292388916016
          ],
          [
            0.5617581605911255,
            -0.5803743004798889,
            0.5895707011222839,
            -0.5718766450881958
          ],
          [
            -0.6748630404472351,
            -0.7336887121200562,
            -0.07921576499938965,
            1.261041283607483
          ],
          [
            0.0,
            0.0,
            0.0,
            1.0
          ]
        ]
      },
      "bone_length_armature_space": 0.0285144768883453,
      "parent": "metacarpal_index_l",
      "has_children": true,
      "is_end_bone": false
    },
    "index_02_l": {
      "name": "index_02_l",
      "local": {
        "location": {
          "x": 0.0,
          "y": 0.0,
          "z": 0.0
        },
        "rotation_quaternion": {
          "w": 0.8891840577125549,
          "x": 0.4575427770614624,
          "y": -0.0023866374976933002,
          "z": 0.0007823163759894669
        },
        "scale": {
          "x": 1.0,
          "y": 1.0,
          "z": 1.0
        },
        "matrix_basis": [
          [
            0.9999873638153076,
            -0.0035752239637076855,
            -0.003528433619067073,
            0.0
          ],
          [
            -0.0007927310070954263,
            0.5813080072402954,
            -0.8136832118034363,
            0.0
          ],
          [
            0.004960206337273121,
            0.8136757612228394,
            0.5812978148460388,
            0.0
          ],
          [
            0.0,
            0.0,
            0.0,
            1.0
          ]
        ],
        "rotation_mode": "QUATERNION"
      },
      "armature_space": {
        "head": {
          "x": 0.40675607323646545,
          "y": -0.6516698002815247,
          "z": 0.2902664244174957
        },
        "tail": {
          "x": 0.3844391107559204,
          "y": -0.649345874786377,
          "z": 0.2778308093547821
        }
      },
      "world_space": {
        "head": {
          "x": 0.40675607323646545,
          "y": -0.5884258151054382,
          "z": 1.2401204109191895
        },
        "tail": {
          "x": 0.3844391107559204,
          "y": -0.5861018896102905,
          "z": 1.2276848554611206
        },
        "rotation_quaternion": {
          "w": 0.7243204116821289,
          "x": -0.436595618724823,
          "y": 0.14372149109840393,
          "z": 0.5138953328132629
        },
        "matrix": [
          [
            0.4305097758769989,
            -0.8699463605880737,
            -0.2405305802822113,
            0.40675607323646545
          ],
          [
            0.6189554333686829,
            0.09058946371078491,
            0.7801844477653503,
            -0.5884258151054382
          ],
          [
            -0.6569331884384155,
            -0.4847579896450043,
            0.5774624943733215,
            1.2401204109191895
          ],
          [
            0.0,
            0.0,
            0.0,
            1.0
          ]
        ]
      },
      "bone_length_armature_space": 0.025653303186852758,
      "parent": "index_01_l",
      "has_children": true,
      "is_end_bone": false
    },
    "index_03_l": {
      "name": "index_03_l",
      "local": {
        "location": {
          "x": 0.0,
          "y": 0.0,
          "z": 0.0
        },
        "rotation_quaternion": {
          "w": 0.9278131723403931,
          "x": 0.3729960322380066,
          "y": 0.005743125453591347,
          "z": -0.00193298002704978
        },
        "scale": {
          "x": 1.0,
          "y": 1.0,
          "z": 1.0
        },
        "matrix_basis": [
          [
            0.9999265670776367,
            0.007871214300394058,
            0.009215107187628746,
            0.0
          ],
          [
            0.0006974373245611787,
            0.7217404246330261,
            -0.6921634674072266,
            0.0
          ],
          [
            -0.012099082581698895,
            0.6921190619468689,
            0.7216819524765015,
            0.0
          ],
          [
            0.0,
            0.0,
            0.0,
            1.0
          ]
        ],
        "rotation_mode": "QUATERNION"
      },
      "armature_space": {
        "head": {
          "x": 0.3844391405582428,
          "y": -0.6493459939956665,
          "z": 0.27783071994781494
        },
        "tail": {
          "x": 0.3641488254070282,
          "y": -0.6283532381057739,
          "z": 0.2789873480796814
        }
      },
      "world_space": {
        "head": {
          "x": 0.3844391405582428,
          "y": -0.5861020088195801,
          "z": 1.227684736251831
        },
        "tail": {
          "x": 0.3641488254070282,
          "y": -0.5651092529296875,
          "z": 1.2288413047790527
        },
        "rotation_quaternion": {
          "w": 0.8640708327293396,
          "x": -0.11570468544960022,
          "y": 0.33558565378189087,
          "z": 0.35689809918403625
        },
        "matrix": [
          [
            0.5200115442276001,
            -0.6944293975830078,
            0.4973491132259369,
            0.3844391405582428
          ],
          [
            0.53911292552948,
            0.7184712886810303,
            0.4394955635070801,
            -0.5861020088195801
          ],
          [
            -0.6625338792800903,
            0.03958553075790405,
            0.7479948997497559,
            1.227684736251831
          ],
          [
            0.0,
            0.0,
            0.0,
            1.0
          ]
        ]
      },
      "bone_length_armature_space": 0.02921866620635056,
      "parent": "index_02_l",
      "has_children": false,
      "is_end_bone": true
    },
    "metacarpal_pinky_l": {
      "name": "metacarpal_pinky_l",
      "local": {
        "location": {
          "x": 0.0,
          "y": 0.0,
          "z": 0.0
        },
        "rotation_quaternion": {
          "w": 0.9975741505622864,
          "x": -0.06800438463687897,
          "y": -0.011986996047198772,
          "z": -0.008807363919913769
        },
        "scale": {
          "x": 1.0,
          "y": 1.0,
          "z": 1.0
        },
        "matrix_basis": [
          [
            0.9995574951171875,
            0.019202332943677902,
            -0.022717956453561783,
            0.0
          ],
          [
            -0.015941660851240158,
            0.9905956387519836,
            0.13588997721672058,
            0.0
          ],
          [
            0.02511371299624443,
            -0.13546767830848694,
            0.9904634356498718,
            0.0
          ],
          [
            0.0,
            0.0,
            0.0,
            1.0
          ]
        ],
        "rotation_mode": "QUATERNION"
      },
      "armature_space": {
        "head": {
          "x": 0.42686039209365845,
          "y": -0.5256676077842712,
          "z": 0.3517919182777405
        },
        "tail": {
          "x": 0.470962792634964,
          "y": -0.5949183702468872,
          "z": 0.28774040937423706
        }
      },
      "world_space": {
        "head": {
          "x": 0.42686039209365845,
          "y": -0.4624236226081848,
          "z": 1.3016459941864014
        },
        "tail": {
          "x": 0.470962792634964,
          "y": -0.5316743850708008,
          "z": 1.2375943660736084
        },
        "rotation_quaternion": {
          "w": 0.2511291205883026,
          "x": -0.05258195847272873,
          "y": 0.32313477993011475,
          "z": -0.9109079837799072
        },
        "matrix": [
          [
            -0.8683383464813232,
            0.42352911829948425,
            0.2580926716327667,
            0.42686039209365845
          ],
          [
            -0.4914941191673279,
            -0.6650362610816956,
            -0.5622814893722534,
            -0.4624236226081848
          ],
          [
            -0.06650242209434509,
            -0.615106463432312,
            0.785643458366394,
            1.3016459941864014
          ],
          [
            0.0,
            0.0,
            0.0,
            1.0
          ]
        ]
      },
      "bone_length_armature_space": 0.10413109754466988,
      "parent": "lowerarm_l",
      "has_children": true,
      "is_end_bone": false
    },
    "pinky_01_l": {
      "name": "pinky_01_l",
      "local": {
        "location": {
          "x": 0.0,
          "y": 0.0,
          "z": 0.0
        },
        "rotation_quaternion": {
          "w": 0.9519854784011841,
          "x": 0.30590444803237915,
          "y": 0.0027476639952510595,
          "z": 0.01177721843123436
        },
        "scale": {
          "x": 1.0,
          "y": 1.0,
          "z": 1.0
        },
        "matrix_basis": [
          [
            0.9997075200080872,
            -0.02074243687093258,
            0.01243687979876995,
            0.0
          ],
          [
            0.02410452626645565,
            0.8125675320625305,
            -0.5823684930801392,
            0.0
          ],
          [
            0.0019739344716072083,
            0.5824978947639465,
            0.812829852104187,
            0.0
          ],
          [
            0.0,
            0.0,
            0.0,
            1.0
          ]
        ],
        "rotation_mode": "QUATERNION"
      },
      "armature_space": {
        "head": {
          "x": 0.470962792634964,
          "y": -0.5949183702468872,
          "z": 0.28774040937423706
        },
        "tail": {
          "x": 0.4658662974834442,
