{
  "metadata": {
    "armature_name": "KIM_caucasian_male",
    "export_time": "2026-01-13T20:24:49.580228",
    "blender_version": "4.4.1",
    "bone_count": 56,
    "end_bone_count": 13,
    "spaces_included": [
      "LOCAL_CHANNELS",
      "ARMATURE_SPACE",
      "WORLD_SPACE"
    ],
    "note": "LOCAL matches Transform panel; replay pose via local.matrix_basis for best fidelity."
  },
  "bones": {
    "Root": {
      "name": "Root",
      "local": {
        "location": {
          "x": 0.0,
          "y": 0.0,
          "z": 0.0
        },
        "rotation_quaternion": {
          "w": 0.9996163249015808,
          "x": 0.01856067217886448,
          "y": 0.0015294654294848442,
          "z": -0.020505374297499657
        },
        "scale": {
          "x": 1.0,
          "y": 1.0,
          "z": 1.0
        },
        "matrix_basis": [
          [
            0.9991543889045715,
            0.04105179011821747,
            0.002296570222824812,
            0.0
          ],
          [
            -0.04093823954463005,
            0.9984700679779053,
            -0.03716982528567314,
            0.0
          ],
          [
            -0.0038189443293958902,
            0.037044376134872437,
            0.999306321144104,
            0.0
          ],
          [
            0.0,
            0.0,
            0.0,
            1.0
          ]
        ],
        "rotation_mode": "QUATERNION"
      },
      "armature_space": {
        "head": {
          "x": 0.0,
          "y": 0.07072800397872925,
          "z": -0.009595036506652832
        },
        "tail": {
          "x": 0.002930107293650508,
          "y": -0.0002472326159477234,
          "z": -0.0026347734965384007
        }
      },
      "world_space": {
        "head": {
          "x": 0.0,
          "y": 0.13397200405597687,
          "z": 0.9402589797973633
        },
        "tail": {
          "x": 0.002930107293650508,
          "y": 0.0629967674612999,
          "z": 0.9472192525863647
        },
        "rotation_quaternion": {
          "w": 0.04882330819964409,
          "x": 0.9985958337783813,
          "y": 0.020561832934617996,
          "z": 0.00014458967780228704
        },
        "matrix": [
          [
            0.9991543889045715,
            0.04105179011821747,
            0.002296570222824812,
            0.0
          ],
          [
            0.04108002781867981,
            -0.9943869709968567,
            -0.09750400483608246,
            0.13397200405597687
          ],
          [
            -0.001719007734209299,
            0.09751563519239426,
            -0.9952395558357239,
            0.9402589797973633
          ],
          [
            0.0,
            0.0,
            0.0,
            1.0
          ]
        ]
      },
      "bone_length_armature_space": 0.07137587137903456,
      "parent": null,
      "has_children": true,
      "is_end_bone": false
    },
    "spine_01": {
      "name": "spine_01",
      "local": {
        "location": {
          "x": 0.0,
          "y": 0.0,
          "z": 0.0
        },
        "rotation_quaternion": {
          "w": 0.9996923208236694,
          "x": -0.023757440969347954,
          "y": -0.007131957449018955,
          "z": -0.00027857988607138395
        },
        "scale": {
          "x": 1.0,
          "y": 1.0,
          "z": 1.0
        },
        "matrix_basis": [
          [
            0.9998981356620789,
            0.0008958624675869942,
            -0.014246289618313313,
            0.0
          ],
          [
            -0.00021811423357576132,
            0.9988710284233093,
            0.0475042350590229,
            0.0
          ],
          [
            0.014272762462496758,
            -0.047496289014816284,
            0.9987694621086121,
            0.0
          ],
          [
            0.0,
            0.0,
            0.0,
            1.0
          ]
        ],
        "rotation_mode": "QUATERNION"
      },
      "armature_space": {
        "head": {
          "x": 0.002930107293650508,
          "y": -0.0002472326159477234,
          "z": -0.0026347734965384007
        },
        "tail": {
          "x": 0.0030596135184168816,
          "y": 0.02763264626264572,
          "z": 0.4845728874206543
        }
      },
      "world_space": {
        "head": {
          "x": 0.002930107293650508,
          "y": 0.0629967674612999,
          "z": 0.9472192525863647
        },
        "tail": {
          "x": 0.0030596135184168816,
          "y": 0.09087664633989334,
          "z": 1.4344269037246704
        },
        "rotation_quaternion": {
          "w": 0.7269580364227295,
          "x": 0.6865504384040833,
          "y": 0.009860553778707981,
          "z": 0.009129934012889862
        },
        "matrix": [
          [
            0.9996387958526611,
            0.0002653808332979679,
            0.02687273547053337,
            0.002930107293650508
          ],
          [
            0.02681368961930275,
            0.05713075399398804,
            -0.9980066418647766,
            0.0629967674612999
          ],
          [
            -0.0018000983400270343,
            0.998373806476593,
            0.05710248276591301,
            0.9472192525863647
          ],
          [
            0.0,
            0.0,
            0.0,
            1.0
          ]
        ]
      },
      "bone_length_armature_space": 0.48800471319848826,
      "parent": "Root",
      "has_children": true,
      "is_end_bone": false
    },
    "neck_01": {
      "name": "neck_01",
      "local": {
        "location": {
          "x": 0.0,
          "y": 0.0,
          "z": 0.0
        },
        "rotation_quaternion": {
          "w": 0.9936244487762451,
          "x": -0.06711050868034363,
          "y": 0.08210070431232452,
          "z": 0.03828930854797363
        },
        "scale": {
          "x": 1.0,
          "y": 1.0,
          "z": 1.0
        },
        "matrix_basis": [
          [
            0.9835867881774902,
            -0.08711002767086029,
            0.15801531076431274,
            0.0
          ],
          [
            0.0650707483291626,
            0.9880602359771729,
            0.13965244591236115,
            0.0
          ],
          [
            -0.168293759226799,
            -0.1270781308412552,
            0.9775112867355347,
            0.0
          ],
          [
            0.0,
            0.0,
            0.0,
            1.0
          ]
        ],
        "rotation_mode": "QUATERNION"
      },
      "armature_space": {
        "head": {
          "x": 0.0040110028348863125,
          "y": -0.002795640379190445,
          "z": 0.55965256690979
        },
        "tail": {
          "x": -0.004157607909291983,
          "y": -0.023762505501508713,
          "z": 0.6596747040748596
        }
      },
      "world_space": {
        "head": {
          "x": 0.0040110028348863125,
          "y": 0.060448359698057175,
          "z": 1.5095065832138062
        },
        "tail": {
          "x": -0.004157607909291983,
          "y": 0.03948149457573891,
          "z": 1.6095287799835205
        },
        "rotation_quaternion": {
          "w": 0.6300952434539795,
          "x": 0.7700778245925903,
          "y": 0.0269033033400774,
          "z": 0.09610650688409805
        },
        "matrix": [
          [
            0.9800795912742615,
            -0.07967717945575714,
            0.18192166090011597,
            0.0040110028348863125
          ],
          [
            0.16254723072052002,
            -0.20451220870018005,
            -0.9652737975120544,
            0.060448359698057175
          ],
          [
            0.11411644518375397,
            0.9756225347518921,
            -0.18748919665813446,
            1.5095065832138062
          ],
          [
            0.0,
            0.0,
            0.0,
            1.0
          ]
        ]
      },
      "bone_length_armature_space": 0.10252201638989439,
      "parent": "spine_01",
      "has_children": true,
      "is_end_bone": false
    },
    "head": {
      "name": "head",
      "local": {
        "location": {
          "x": 0.0,
          "y": 0.0,
          "z": 0.0
        },
        "rotation_quaternion": {
          "w": 0.984960675239563,
          "x": -0.056547801941633224,
          "y": -0.13968446850776672,
          "z": 0.08451744168996811
        },
        "scale": {
          "x": 1.0,
          "y": 1.0,
          "z": 1.0
        },
        "matrix_basis": [
          [
            0.9466900825500488,
            -0.15069501101970673,
            -0.28472596406936646,
            0.0
          ],
          [
            0.18229040503501892,
            0.9793183207511902,
            0.08778317272663116,
            0.0
          ],
          [
            0.26560887694358826,
            -0.13500626385211945,
            0.9545812010765076,
            0.0
          ],
          [
            0.0,
            0.0,
            0.0,
            1.0
          ]
        ],
        "rotation_mode": "QUATERNION"
      },
      "armature_space": {
        "head": {
          "x": -0.004157573916018009,
          "y": -0.023762641474604607,
          "z": 0.6596746444702148
        },
        "tail": {
          "x": -0.051323164254426956,
          "y": 0.016929326578974724,
          "z": 0.8017057776451111
        }
      },
      "world_space": {
        "head": {
          "x": -0.004157573916018009,
          "y": 0.039481356739997864,
          "z": 1.609528660774231
        },
        "tail": {
          "x": -0.051323164254426956,
          "y": 0.08017332851886749,
          "z": 1.7515597343444824
        },
        "rotation_quaternion": {
          "w": 0.7784498333930969,
          "x": 0.6029723286628723,
          "y": -0.15875622630119324,
          "z": 0.07236553728580475
        },
        "matrix": [
          [
            0.9391196370124817,
            -0.3041171431541443,
            -0.1598970741033554,
            -0.004157573916018009
          ],
          [
            -0.07878346741199493,
            0.2623761296272278,
            -0.9617444276809692,
            0.039481356739997864
          ],
          [
            0.33443835377693176,
            0.9157969951629639,
            0.22244375944137573,
            1.609528660774231
          ],
          [
            0.0,
            0.0,
            0.0,
            1.0
          ]
        ]
      },
      "bone_length_armature_space": 0.1550911761114157,
      "parent": "neck_01",
      "has_children": false,
      "is_end_bone": true
    },
    "upperarm_l": {
      "name": "upperarm_l",
      "local": {
        "location": {
          "x": 0.0,
          "y": 0.0,
          "z": 0.0
        },
        "rotation_quaternion": {
          "w": 0.8438944220542908,
          "x": 0.28620263934135437,
          "y": 0.36911121010780334,
          "z": 0.26398327946662903
        },
        "scale": {
          "x": 1.0,
          "y": 1.0,
          "z": 1.0
        },
        "matrix_basis": [
          [
            0.5881394743919373,
            -0.23426683247089386,
            0.7740871906280518,
            0.0
          ],
          [
            0.6568292379379272,
            0.6968017816543579,
            -0.2881712317466736,
            0.0
          ],
          [
            -0.4718763530254364,
            0.6779279708862305,
            0.5636899471282959,
            0.0
          ],
          [
            0.0,
            0.0,
            0.0,
            1.0
          ]
        ],
        "rotation_mode": "QUATERNION"
      },
      "armature_space": {
        "head": {
          "x": 0.15402469038963318,
          "y": -0.005795985460281372,
          "z": 0.4924662411212921
        },
        "tail": {
          "x": 0.3536714017391205,
          "y": -0.17278902232646942,
          "z": 0.5562013983726501
        }
      },
      "world_space": {
        "head": {
          "x": 0.15402469038963318,
          "y": 0.05744801461696625,
          "z": 1.4423202276229858
        },
        "tail": {
          "x": 0.3536714017391205,
          "y": -0.1095450222492218,
          "z": 1.5060553550720215
        },
        "rotation_quaternion": {
          "w": 0.24464601278305054,
          "x": 0.8633298873901367,
          "y": 0.35854998230934143,
          "z": -0.25739428400993347
        },
        "matrix": [
          [
            0.6103798747062683,
            0.7450354099273682,
            -0.26899540424346924,
            0.15402469038963318
          ],
          [
            0.4931533932685852,
            -0.6231794357299805,
            -0.60699862241745,
            0.05744801461696625
          ],
          [
            -0.6198718547821045,
            0.23784483969211578,
            -0.7477988004684448,
            1.4423202276229858
          ],
          [
            0.0,
            0.0,
            0.0,
            1.0
          ]
        ]
      },
      "bone_length_armature_space": 0.2679695030680048,
      "parent": "spine_01",
      "has_children": true,
      "is_end_bone": false
    },
    "lowerarm_l": {
      "name": "lowerarm_l",
      "local": {
        "location": {
          "x": 0.0,
          "y": 0.0,
          "z": 0.0
        },
        "rotation_quaternion": {
          "w": 0.9376250505447388,
          "x": 0.3280618488788605,
          "y": 0.08453088253736496,
          "z": -0.07803341001272202
        },
        "scale": {
          "x": 1.0,
          "y": 1.0,
          "z": 1.0
        },
        "matrix_basis": [
          [
            0.973530650138855,
            0.20179487764835358,
            0.10731697827577591,
            0.0
          ],
          [
            -0.09086944162845612,
            0.77257239818573,
            -0.6283904910087585,
            0.0
          ],
          [
            -0.20971611142158508,
            0.6020055413246155,
            0.7704598903656006,
            0.0
          ],
          [
            0.0,
            0.0,
            0.0,
            1.0
          ]
        ],
        "rotation_mode": "QUATERNION"
      },
      "armature_space": {
        "head": {
          "x": 0.3536713719367981,
          "y": -0.17278917133808136,
          "z": 0.5562014579772949
        },
        "tail": {
          "x": 0.4525911211967468,
          "y": -0.39678633213043213,
          "z": 0.4484530985355377
        }
      },
      "world_space": {
        "head": {
          "x": 0.3536713719367981,
          "y": -0.10954517126083374,
          "z": 1.506055474281311
        },
        "tail": {
          "x": 0.4525911211967468,
          "y": -0.3335423469543457,
          "z": 1.3983070850372314
        },
        "rotation_quaternion": {
          "w": 0.12461494654417038,
          "x": -0.8915267586708069,
          "y": -0.25656017661094666,
          "z": 0.3518923819065094
        },
        "matrix": [
          [
            0.6206967234611511,
            0.36975958943367004,
            -0.6913848519325256,
            0.3536713719367981
          ],
          [
            0.5451627969741821,
            -0.8372959494590759,
            0.0416300892829895,
            -0.10954517126083374
          ],
          [
            -0.5635042786598206,
            -0.402760773897171,
            -0.721291184425354,
            1.506055474281311
          ],
          [
            0.0,
            0.0,
            0.0,
            1.0
          ]
        ]
      },
      "bone_length_armature_space": 0.2675248653422889,
      "parent": "upperarm_l",
      "has_children": true,
      "is_end_bone": false
    },
    "metacarpal_thumb_l": {
      "name": "metacarpal_thumb_l",
      "local": {
        "location": {
          "x": 0.0,
          "y": 0.0,
          "z": 0.0
        },
        "rotation_quaternion": {
          "w": 0.999747633934021,
          "x": 0.007572752423584461,
          "y": -0.01254609040915966,
          "z": -0.017026273533701897
        },
        "scale": {
          "x": 1.0,
          "y": 1.0,
          "z": 1.0
        },
        "matrix_basis": [
          [
            0.9991053938865662,
            0.033853936940431595,
            -0.025343719869852066,
            0.0
          ],
          [
            -0.03423396870493889,
            0.9993055462837219,
            -0.014714456163346767,
            0.0
          ],
          [
            0.024827977642416954,
            0.015568909235298634,
            0.9995704889297485,
            0.0
          ],
          [
            0.0,
            0.0,
            0.0,
            1.0
          ]
        ],
        "rotation_mode": "QUATERNION"
      },
      "armature_space": {
        "head": {
          "x": 0.4525911211967468,
          "y": -0.39678633213043213,
          "z": 0.4484530985355377
        },
        "tail": {
          "x": 0.45431265234947205,
          "y": -0.4235956370830536,
          "z": 0.4068368971347809
        }
      },
      "world_space": {
        "head": {
          "x": 0.4525911211967468,
          "y": -0.3335423469543457,
          "z": 1.3983070850372314
        },
        "tail": {
          "x": 0.45431265234947205,
          "y": -0.3603516221046448,
          "z": 1.3566908836364746
        },
        "rotation_quaternion": {
          "w": 0.46257856488227844,
          "x": -0.8377319574356079,
          "y": 0.12411471456289291,
          "z": -0.2623390555381775
        },
        "matrix": [
          [
            0.831547737121582,
            0.034754522144794464,
            0.5543646812438965,
            0.4525911211967468
          ],
          [
            -0.4506540894508362,
            -0.5412339568138123,
            0.7099131941795349,
            -0.3335423469543457
          ],
          [
            0.3247155249118805,
            -0.8401598930358887,
            -0.43440213799476624,
            1.3983070850372314
          ],
          [
            0.0,
            0.0,
            0.0,
            1.0
          ]
        ]
      },
      "bone_length_armature_space": 0.049533934596790036,
      "parent": "lowerarm_l",
      "has_children": true,
      "is_end_bone": false
    },
    "thumb_01_l": {
      "name": "thumb_01_l",
      "local": {
        "location": {
          "x": 0.0,
          "y": 0.0,
          "z": 0.0
        },
        "rotation_quaternion": {
          "w": 0.9987542629241943,
          "x": 0.04915314167737961,
          "y": 0.0019930372945964336,
          "z": -0.008361036889255047
        },
        "scale": {
          "x": 1.0,
          "y": 1.0,
          "z": 1.0
        },
        "matrix_basis": [
          [
            0.9998522400856018,
            0.0168971698731184,
            0.003159166546538472,
            0.0
          ],
          [
            -0.01650531403720379,
            0.9950281381607056,
            -0.09821714460849762,
            0.0
          ],
          [
            -0.004803051240742207,
            0.09815049171447754,
            0.9951599836349487,
            0.0
          ],
          [
            0.0,
            0.0,
            0.0,
            1.0
          ]
        ],
        "rotation_mode": "QUATERNION"
      },
      "armature_space": {
        "head": {
          "x": 0.45431265234947205,
          "y": -0.4235956370830536,
          "z": 0.4068368971347809
        },
        "tail": {
          "x": 0.4683299660682678,
          "y": -0.41796496510505676,
          "z": 0.37633365392684937
        }
      },
      "world_space": {
        "head": {
          "x": 0.45431265234947205,
          "y": -0.3603516221046448,
          "z": 1.3566908836364746
        },
        "tail": {
          "x": 0.4683299660682678,
          "y": -0.35472095012664795,
          "z": 1.3261876106262207
        },
        "rotation_quaternion": {
          "w": 0.5270883440971375,
          "x": -0.21018540859222412,
          "y": 0.5521661043167114,
          "z": -0.6108295321464539
        },
        "matrix": [
          [
            -0.3559964597225189,
            0.4118070602416992,
            0.8388571739196777,
            0.45431265234947205
          ],
          [
            -0.8760381937026978,
            0.16542017459869385,
            -0.4529826045036316,
            -0.3603516221046448
          ],
          [
            -0.32530832290649414,
            -0.8961374163627625,
            0.3018713593482971,
            1.3566908836364746
          ],
          [
            0.0,
            0.0,
            0.0,
            1.0
          ]
        ]
      },
      "bone_length_armature_space": 0.03403876290768591,
      "parent": "metacarpal_thumb_l",
      "has_children": true,
      "is_end_bone": false
    },
    "thumb_02_l": {
      "name": "thumb_02_l",
      "local": {
        "location": {
          "x": 0.0,
          "y": 0.0,
          "z": 0.0
        },
        "rotation_quaternion": {
          "w": 0.9882444143295288,
          "x": 0.15273180603981018,
          "y": 0.00014710870163980871,
          "z": 0.006786734331399202
        },
        "scale": {
          "x": 1.0,
          "y": 1.0,
          "z": 1.0
        },
        "matrix_basis": [
          [
            0.9999078512191772,
            -0.013368967920541763,
            0.0023638589773327112,
            0.0
          ],
          [
            0.013458840548992157,
            0.9532538652420044,
            -0.3018707036972046,
            0.0
          ],
          [
            0.0017823416274040937,
            0.30187469720840454,
            0.9533459544181824,
            0.0
          ],
          [
            0.0,
            0.0,
            0.0,
            1.0
          ]
        ],
        "rotation_mode": "QUATERNION"
      },
      "armature_space": {
        "head": {
          "x": 0.4683299660682678,
          "y": -0.417964905500412,
          "z": 0.37633368372917175
        },
        "tail": {
          "x": 0.48601803183555603,
          "y": -0.4532089829444885,
          "z": 0.3687068223953247
        }
      },
      "world_space": {
        "head": {
          "x": 0.4683299660682678,
          "y": -0.3547208905220032,
          "z": 1.3261877298355103
        },
        "tail": {
          "x": 0.48601803183555603,
          "y": -0.3899649977684021,
          "z": 1.3185608386993408
        },
        "rotation_quaternion": {
          "w": 0.20834246277809143,
          "x": 0.15729282796382904,
          "y": 0.13358840346336365,
          "z": -0.9560369253158569
        },
        "matrix": [
          [
            -0.8637048602104187,
            0.44039127230644226,
            -0.24509067833423615,
            0.4683299660682678
          ],
          [
            -0.35634151101112366,
            -0.8774950504302979,
            -0.320972204208374,
            -0.3547208905220032
          ],
          [
            -0.3564220368862152,
            -0.18989138305187225,
            0.9148326516151428,
            1.3261877298355103
          ],
          [
            0.0,
            0.0,
            0.0,
            1.0
          ]
        ]
      },
      "bone_length_armature_space": 0.04016443253682557,
      "parent": "thumb_01_l",
      "has_children": true,
      "is_end_bone": false
    },
    "thumb_03_l": {
      "name": "thumb_03_l",
      "local": {
        "location": {
          "x": 0.0,
          "y": 0.0,
          "z": 0.0
        },
        "rotation_quaternion": {
          "w": 0.9987894892692566,
          "x": 0.04891587793827057,
          "y": -0.002375704236328602,
          "z": -0.0045924000442028046
        },
        "scale": {
          "x": 1.0,
          "y": 1.0,
          "z": 1.0
        },
        "matrix_basis": [
          [
            0.9999465346336365,
            0.008941262029111385,
            -0.005194939207285643,
            0.0
          ],
          [
            -0.00940610095858574,
            0.9951723217964172,
            -0.09769150614738464,
            0.0
          ],
          [
            0.004296374507248402,
            0.09773515164852142,
            0.9952031970024109,
            0.0
          ],
          [
            0.0,
            0.0,
            0.0,
            1.0
          ]
        ],
        "rotation_mode": "QUATERNION"
      },
      "armature_space": {
        "head": {
          "x": 0.48601797223091125,
          "y": -0.45320892333984375,
          "z": 0.36870673298835754
        },
        "tail": {
          "x": 0.49882441759109497,
          "y": -0.48022377490997314,
          "z": 0.37445858120918274
        }
      },
      "world_space": {
        "head": {
          "x": 0.48601797223091125,
          "y": -0.3899649381637573,
          "z": 1.3185607194900513
        },
        "tail": {
          "x": 0.49882441759109497,
          "y": -0.4169797897338867,
          "z": 1.3243125677108765
        },
        "rotation_quaternion": {
          "w": 0.23728996515274048,
          "x": 0.3792140781879425,
          "y": -0.005008857697248459,
          "z": -0.8943518400192261
        },
        "matrix": [
          [
            -0.5997801423072815,
            0.42064350843429565,
            -0.6806782484054565,
            0.48601797223091125
          ],
          [
            -0.42824071645736694,
            -0.8873364329338074,
            -0.1710088849067688,
            -0.3899649381637573
          ],
          [
            -0.6759295463562012,
            0.18892702460289001,
            0.7123484015464783,
            1.3185607194900513
          ],
          [
            0.0,
            0.0,
            0.0,
            1.0
          ]
        ]
      },
      "bone_length_armature_space": 0.03044488438610886,
      "parent": "thumb_02_l",
      "has_children": false,
      "is_end_bone": true
    },
    "metacarpal_index_l": {
      "name": "metacarpal_index_l",
      "local": {
        "location": {
          "x": 0.0,
          "y": 0.0,
          "z": 0.0
        },
        "rotation_quaternion": {
          "w": 0.9989392161369324,
          "x": -0.04272787272930145,
          "y": 0.013486729934811592,
          "z": -0.01062186248600483
        },
        "scale": {
          "x": 1.0,
          "y": 1.0,
          "z": 1.0
        },
        "matrix_basis": [
          [
            0.9994105696678162,
            0.02006867155432701,
            0.02785254642367363,
            0.0
          ],
          [
            -0.022373707965016365,
            0.9961230158805847,
            0.08507858961820602,
            0.0
          ],
          [
            -0.026037147268652916,
            -0.08565160632133484,
            0.9959848523139954,
            0.0
          ],
          [
            0.0,
            0.0,
            0.0,
            1.0
          ]
        ],
        "rotation_mode": "QUATERNION"
      },
      "armature_space": {
        "head": {
          "x": 0.4525911211967468,
          "y": -0.39678633213043213,
          "z": 0.4484530985355377
        },
        "tail": {
          "x": 0.4745174050331116,
          "y": -0.4912753403186798,
          "z": 0.38272368907928467
        }
      },
      "world_space": {
        "head": {
          "x": 0.4525911211967468,
          "y": -0.3335423469543457,
          "z": 1.3983070850372314
        },
        "tail": {
          "x": 0.4745174050331116,
          "y": -0.428031325340271,
          "z": 1.3325777053833008
        },
        "rotation_quaternion": {
          "w": 0.3016331195831299,
          "x": -0.94773930311203,
          "y": -0.07622532546520233,
          "z": -0.07069195806980133
        },
        "matrix": [
          [
            0.9783845543861389,
            0.18712949752807617,
            0.08801048249006271,
            0.4525911211967468
          ],
          [
            0.10183791816234589,
            -0.8064146041870117,
            0.5825156569480896,
            -0.3335423469543457
          ],
          [
            0.17998006939888,
            -0.560966432094574,
            -0.8080458045005798,
            1.3983070850372314
          ],
          [
            0.0,
            0.0,
            0.0,
            1.0
          ]
        ]
      },
      "bone_length_armature_space": 0.117172050202695,
      "parent": "lowerarm_l",
      "has_children": true,
      "is_end_bone": false
    },
    "index_01_l": {
      "name": "index_01_l",
      "local": {
        "location": {
          "x": 0.0,
          "y": 0.0,
          "z": 0.0
        },
        "rotation_quaternion": {
          "w": 0.9958000183105469,
          "x": -0.08908536285161972,
          "y": -0.018908077850937843,
          "z": 0.009419052861630917
        },
        "scale": {
          "x": 1.0,
          "y": 1.0,
          "z": 1.0
        },
        "matrix_basis": [
          [
            0.9991075396537781,
            -0.015390120446681976,
            -0.039335526525974274,
            0.0
          ],
          [
            0.022127851843833923,
            0.983950138092041,
            0.17706622183322906,
            0.0
          ],
          [
            0.03597912937402725,
            -0.17777860164642334,
            0.9834125638008118,
            0.0
          ],
          [
            0.0,
            0.0,
            0.0,
            1.0
          ]
        ],
        "rotation_mode": "QUATERNION"
      },
      "armature_space": {
        "head": {
          "x": 0.4745174050331116,
          "y": -0.4912753403186798,
          "z": 0.38272368907928467
        },
        "tail": {
          "x": 0.48730263113975525,
          "y": -0.5161207318305969,
          "z": 0.3770390748977661
        }
      },
      "world_space": {
        "head": {
          "x": 0.4745174050331116,
          "y": -0.428031325340271,
          "z": 1.3325777053833008
        },
        "tail": {
          "x": 0.48730263113975525,
          "y": -0.4528767466545105,
          "z": 1.3268930912017822
        },
        "rotation_quaternion": {
          "w": 0.13638997077941895,
          "x": -0.9565280079841614,
          "y": -0.21385394036769867,
          "z": -0.14393921196460724
        },
        "matrix": [
          [
            0.867095947265625,
            0.448378324508667,
            0.2170281559228897,
            0.4745174050331116
          ],
          [
            0.3698512613773346,
            -0.8713284730911255,
            0.3224852681159973,
            -0.428031325340271
          ],
          [
            0.33370089530944824,
            -0.1993599385023117,
            -0.9213650226593018,
            1.3325777053833008
          ],
          [
            0.0,
            0.0,
            0.0,
            1.0
          ]
        ]
      },
      "bone_length_armature_space": 0.028514387898665165,
      "parent": "metacarpal_index_l",
      "has_children": true,
      "is_end_bone": false
    },
    "index_02_l": {
      "name": "index_02_l",
      "local": {
        "location": {
          "x": 0.0,
          "y": 0.0,
          "z": 0.0
        },
        "rotation_quaternion": {
          "w": 0.9894098043441772,
          "x": 0.14492273330688477,
          "y": -0.004103860817849636,
          "z": 0.006990997586399317
        },
        "scale": {
          "x": 1.0,
          "y": 1.0,
          "z": 1.0
        },
        "matrix_basis": [
          [
            0.9998685717582703,
            -0.015023408457636833,
            -0.006094491109251976,
            0.0
          ],
          [
            0.012644438073039055,
            0.9578970670700073,
            -0.2868333160877228,
            0.0
          ],
          [
            0.010147109627723694,
            0.28671857714653015,
            0.9579611420631409,
            0.0
          ],
          [
            0.0,
            0.0,
            0.0,
            1.0
          ]
        ],
        "rotation_mode": "QUATERNION"
      },
      "armature_space": {
        "head": {
          "x": 0.48730266094207764,
          "y": -0.5161210298538208,
          "z": 0.3770385980606079
        },
        "tail": {
          "x": 0.49975189566612244,
          "y": -0.5357056260108948,
          "z": 0.3661045730113983
        }
      },
      "world_space": {
        "head": {
          "x": 0.48730266094207764,
          "y": -0.4528770446777344,
          "z": 1.326892614364624
        },
        "tail": {
          "x": 0.49975189566612244,
          "y": -0.47246164083480835,
          "z": 1.3159586191177368
        },
        "rotation_quaternion": {
          "w": 0.24791239202022552,
          "x": -0.9356614947319031,
          "y": -0.23837462067604065,
          "z": -0.07908575981855392
        },
        "matrix": [
          [
            0.8738458156585693,
            0.4852886497974396,
            0.029801994562149048,
            0.48730266094207764
          ],
          [
            0.40686410665512085,
            -0.7634338140487671,
            0.5016276240348816,
            -0.4528770446777344
          ],
          [
            0.26618829369544983,
            -0.4262237846851349,
            -0.8645758032798767,
            1.326892614364624
          ],
          [
            0.0,
            0.0,
            0.0,
            1.0
          ]
        ]
      },
      "bone_length_armature_space": 0.02565331866222116,
      "parent": "index_01_l",
      "has_children": true,
      "is_end_bone": false
    },
    "index_03_l": {
      "name": "index_03_l",
      "local": {
        "location": {
          "x": 0.0,
          "y": 0.0,
          "z": 0.0
        },
        "rotation_quaternion": {
          "w": 0.9733125567436218,
          "x": 0.22934293746948242,
          "y": 0.004859986249357462,
          "z": 0.006403923965990543
        },
        "scale": {
          "x": 1.0,
          "y": 1.0,
          "z": 1.0
        },
        "matrix_basis": [
          [
            0.9998707175254822,
            -0.010236832313239574,
            0.012397960759699345,
            0.0
          ],
          [
            0.014695246703922749,
            0.8947216272354126,
            -0.44638246297836304,
            0.0
          ],
          [
            -0.006523181684315205,
            0.44650697708129883,
            0.8947563767433167,
            0.0
          ],
          [
            0.0,
            0.0,
            0.0,
            1.0
          ]
        ],
        "rotation_mode": "QUATERNION"
      },
      "armature_space": {
        "head": {
          "x": 0.49975186586380005,
          "y": -0.5357056856155396,
          "z": 0.36610469222068787
        },
        "tail": {
          "x": 0.5147852897644043,
          "y": -0.5457168817520142,
          "z": 0.34313705563545227
        }
      },
      "world_space": {
        "head": {
          "x": 0.49975186586380005,
          "y": -0.4724617004394531,
          "z": 1.3159587383270264
        },
        "tail": {
          "x": 0.5147852897644043,
          "y": -0.48247289657592773,
          "z": 1.292991042137146
        },
        "rotation_quaternion": {
          "w": 0.49760568141937256,
          "x": -0.8178718090057373,
          "y": -0.2847350835800171,
          "z": -0.04899415001273155
        },
        "matrix": [
          [
            0.8330501317977905,
            0.514513373374939,
            -0.2032315731048584,
            0.49975186586380005
          ],
          [
            0.4169963598251343,
            -0.342629075050354,
            0.8418545722961426,
            -0.4724617004394531
          ],
          [
            0.36351537704467773,
            -0.7860602140426636,
            -0.4999801218509674,
            1.3159587383270264
          ],
          [
            0.0,
            0.0,
            0.0,
            1.0
          ]
        ]
      },
      "bone_length_armature_space": 0.02921883326350616,
      "parent": "index_02_l",
      "has_children": false,
      "is_end_bone": true
    },
    "metacarpal_pinky_l": {
      "name": "metacarpal_pinky_l",
      "local": {
        "location": {
          "x": 0.0,
          "y": 0.0,
          "z": 0.0
        },
        "rotation_quaternion": {
          "w": 0.999878466129303,
          "x": -0.00750601664185524,
          "y": 0.007802139967679977,
          "z": -0.011225152760744095
        },
        "scale": {
          "x": 1.0,
          "y": 1.0,
          "z": 1.0
        },
        "matrix_basis": [
          [
            0.9996262192726135,
            0.022330451756715775,
            0.015770895406603813,
            0.0
          ],
          [
            -0.022564703598618507,
            0.9996353387832642,
            0.014835048466920853,
            0.0
          ],
          [
            -0.015433871187269688,
            -0.015185369178652763,
            0.9997655749320984,
            0.0
          ],
          [
            0.0,
            0.0,
            0.0,
            1.0
          ]
        ],
        "rotation_mode": "QUATERNION"
      },
      "armature_space": {
        "head": {
          "x": 0.4525911211967468,
          "y": -0.39678633213043213,
          "z": 0.4484530985355377
        },
        "tail": {
          "x": 0.5117965936660767,
          "y": -0.48004844784736633,
          "z": 0.4283197820186615
        }
      },
      "world_space": {
        "head": {
          "x": 0.4525911211967468,
          "y": -0.3335423469543457,
          "z": 1.3983070850372314
        },
        "tail": {
          "x": 0.5117965936660767,
          "y": -0.4168044328689575,
          "z": 1.378173828125
        },
        "rotation_quaternion": {
          "w": 0.19109776616096497,
          "x": 0.5315978527069092,
          "y": 0.2523607313632965,
          "z": -0.7856204509735107
        },
        "matrix": [
          [
            -0.3617710769176483,
            0.5685688257217407,
            -0.7388172149658203,
            0.4525911211967468
          ],
          [
            -0.031952980905771255,
            -0.7995919585227966,
            -0.5996931195259094,
            -0.3335423469543457
          ],
          [
            -0.9317258596420288,
            -0.19334645569324493,
            0.3074384331703186,
            1.3983070850372314
          ],
          [
            0.0,
            0.0,
            0.0,
            1.0
          ]
        ]
      },
      "bone_length_armature_space": 0.1041307748704149,
      "parent": "lowerarm_l",
      "has_children": true,
      "is_end_bone": false
    },
    "pinky_01_l": {
      "name": "pinky_01_l",
      "local": {
        "location": {
          "x": 0.0,
          "y": 0.0,
          "z": 0.0
        },
        "rotation_quaternion": {
          "w": 0.9997804164886475,
          "x": 0.008264630101621151,
          "y": -0.01796668767929077,
          "z": -0.0069268736988306046
        },
        "scale": {
          "x": 1.0,
          "y": 1.0,
          "z": 1.0
        },
        "matrix_basis": [
          [
            0.9992584586143494,
            0.01355372928082943,
            -0.03603998199105263,
            0.0
          ],
          [
            -0.014147681184113026,
            0.9997674226760864,
            -0.016276724636554718,
            0.0
          ],
          [
            0.035810988396406174,
            0.016774537041783333,
            0.9992178082466125,
            0.0
          ],
          [
            0.0,
            0.0,
            0.0,
            1.0
          ]
        ],
        "rotation_mode": "QUATERNION"
      },
      "armature_space": {
        "head": {
          "x": 0.5117965936660767,
          "y": -0.48004844784736633,
          "z": 0.4283197820186615
        },
