{
  "metadata": {
    "armature_name": "KIM_caucasian_male",
    "export_time": "2026-01-13T21:04:30.111439",
    "blender_version": "4.4.1",
    "bone_count": 56,
    "end_bone_count": 13,
    "spaces_included": [
      "LOCAL_CHANNELS",
      "ARMATURE_SPACE",
      "WORLD_SPACE"
    ],
    "note": "LOCAL matches Transform panel; replay pose via local.matrix_basis for best fidelity."
  },
  "bones": {
    "Root": {
      "name": "Root",
      "local": {
        "location": {
          "x": 0.0,
          "y": 0.0,
          "z": 0.0
        },
        "rotation_quaternion": {
          "w": 0.9999585151672363,
          "x": -0.0011625353945419192,
          "y": -0.0030486746691167355,
          "z": -0.008514812216162682
        },
        "scale": {
          "x": 1.0,
          "y": 1.0,
          "z": 1.0
        },
        "matrix_basis": [
          [
            0.9998363852500916,
            0.01703600585460663,
            -0.006077298894524574,
            0.0
          ],
          [
            -0.01702182926237583,
            0.9998522996902466,
            0.002376892138272524,
            0.0
          ],
          [
            0.006116894073784351,
            -0.0022730566561222076,
            0.9999787211418152,
            0.0
          ],
          [
            0.0,
            0.0,
            0.0,
            1.0
          ]
        ],
        "rotation_mode": "QUATERNION"
      },
      "armature_space": {
        "head": {
          "x": 0.0,
          "y": 0.07072800397872925,
          "z": -0.009595036506652832
        },
        "tail": {
          "x": 0.0012159597827121615,
          "y": 3.2261013984680176e-05,
          "z": 0.00015935301780700684
        }
      },
      "world_space": {
        "head": {
          "x": 0.0,
          "y": 0.13397200405597687,
          "z": 0.9402589797973633
        },
        "tail": {
          "x": 0.0012159597827121615,
          "y": 0.0632762610912323,
          "z": 0.9500133991241455
        },
        "rotation_quaternion": {
          "w": 0.06852476298809052,
          "x": 0.997608482837677,
          "y": 0.008290085941553116,
          "z": -0.003615374444052577
        },
        "matrix": [
          [
            0.9998363852500916,
            0.01703600585460663,
            -0.006077298894524574,
            0.0
          ],
          [
            0.01604503206908703,
            -0.9904711842536926,
            -0.13678215444087982,
            0.13397200405597687
          ],
          [
            -0.008349654264748096,
            0.1366622895002365,
            -0.9905895590782166,
            0.9402589797973633
          ],
          [
            0.0,
            0.0,
            0.0,
            1.0
          ]
        ]
      },
      "bone_length_armature_space": 0.07137586976633377,
      "parent": null,
      "has_children": true,
      "is_end_bone": false
    },
    "spine_01": {
      "name": "spine_01",
      "local": {
        "location": {
          "x": 0.0,
          "y": 0.0,
          "z": 0.0
        },
        "rotation_quaternion": {
          "w": 0.997488796710968,
          "x": -0.05701152980327606,
          "y": -0.008971069939434528,
          "z": -0.041052866727113724
        },
        "scale": {
          "x": 1.0,
          "y": 1.0,
          "z": 1.0
        },
        "matrix_basis": [
          [
            0.9964683651924133,
            0.08292245864868164,
            -0.013216109946370125,
            0.0
          ],
          [
            -0.08087664097547531,
            0.9901286959648132,
            0.11447329819202423,
            0.0
          ],
          [
            0.022578056901693344,
            -0.11300014704465866,
            0.993338406085968,
            0.0
          ],
          [
            0.0,
            0.0,
            0.0,
            1.0
          ]
        ],
        "rotation_mode": "QUATERNION"
      },
      "armature_space": {
        "head": {
          "x": 0.0012159597827121615,
          "y": 3.2261013984680176e-05,
          "z": 0.00015935301780700684
        },
        "tail": {
          "x": 0.04441847652196884,
          "y": 0.0794866606593132,
          "z": 0.4797102212905884
        }
      },
      "world_space": {
        "head": {
          "x": 0.0012159597827121615,
          "y": 0.0632762610912323,
          "z": 0.9500133991241455
        },
        "tail": {
          "x": 0.04441847652196884,
          "y": 0.14273065328598022,
          "z": 1.4295642375946045
        },
        "rotation_quaternion": {
          "w": 0.7619036436080933,
          "x": 0.6461700201034546,
          "y": 0.03017696738243103,
          "z": -0.032504498958587646
        },
        "matrix": [
          [
            0.996065616607666,
            0.08852951973676682,
            0.003976461477577686,
            0.0012159597827121615
          ],
          [
            -0.01053228322416544,
            0.16281598806381226,
            -0.9866002202033997,
            0.0632762610912323
          ],
          [
            -0.08799130469560623,
            0.9826837182044983,
            0.16310805082321167,
            0.9500133991241455
          ],
          [
            0.0,
            0.0,
            0.0,
            1.0
          ]
        ]
      },
      "bone_length_armature_space": 0.4880046093000943,
      "parent": "Root",
      "has_children": true,
      "is_end_bone": false
    },
    "neck_01": {
      "name": "neck_01",
      "local": {
        "location": {
          "x": 0.0,
          "y": 0.0,
          "z": 0.0
        },
        "rotation_quaternion": {
          "w": 0.9931709170341492,
          "x": -0.038440361618995667,
          "y": -0.023232119157910347,
          "z": -0.10767723619937897
        },
        "scale": {
          "x": 1.0,
          "y": 1.0,
          "z": 1.0
        },
        "matrix_basis": [
          [
            0.9757317900657654,
            0.2156699001789093,
            -0.03786862641572952,
            0.0
          ],
          [
            -0.21209768950939178,
            0.9738559126853943,
            0.08135884255170822,
            0.0
          ],
          [
            0.054425232112407684,
            -0.07135255634784698,
            0.9959652423858643,
            0.0
          ],
          [
            0.0,
            0.0,
            0.0,
            1.0
          ]
        ],
        "rotation_mode": "QUATERNION"
      },
      "armature_space": {
        "head": {
          "x": 0.05103837326169014,
          "y": 0.05719206854701042,
          "z": 0.5573174357414246
        },
        "tail": {
          "x": 0.08161980658769608,
          "y": 0.04166553542017937,
          "z": 0.6539324522018433
        }
      },
      "world_space": {
        "head": {
          "x": 0.05103837326169014,
          "y": 0.12043607234954834,
          "z": 1.507171392440796
        },
        "tail": {
          "x": 0.08161980658769608,
          "y": 0.10490953922271729,
          "z": 1.6037864685058594
        },
        "rotation_quaternion": {
          "w": 0.6445799469947815,
          "x": 0.7488189339637756,
          "y": 0.09377238899469376,
          "z": -0.1224488839507103
        },
        "matrix": [
          [
            0.9524261355400085,
            0.2982933521270752,
            -0.06249476969242096,
            0.05103837326169014
          ],
          [
            -0.017417337745428085,
            -0.1514468491077423,
            -0.9883120059967041,
            0.12043607234954834
          ],
          [
            -0.30427369475364685,
            0.9423890709877014,
            -0.13904835283756256,
            1.507171392440796
          ],
          [
            0.0,
            0.0,
            0.0,
            1.0
          ]
        ]
      },
      "bone_length_armature_space": 0.10252199300537278,
      "parent": "spine_01",
      "has_children": true,
      "is_end_bone": false
    },
    "head": {
      "name": "head",
      "local": {
        "location": {
          "x": 0.0,
          "y": 0.0,
          "z": 0.0
        },
        "rotation_quaternion": {
          "w": 0.9878865480422974,
          "x": -0.1064487025141716,
          "y": 0.11059019714593887,
          "z": 0.022777780890464783
        },
        "scale": {
          "x": 1.0,
          "y": 1.0,
          "z": 1.0
        },
        "matrix_basis": [
          [
            0.9745019674301147,
            -0.06854809075593948,
            0.21365180611610413,
            0.0
          ],
          [
            0.021459361538290977,
            0.9762997031211853,
            0.2153564840555191,
            0.0
          ],
          [
            -0.22335046529769897,
            -0.20528048276901245,
            0.9528769850730896,
            0.0
          ],
          [
            0.0,
            0.0,
            0.0,
            1.0
          ]
        ],
        "rotation_mode": "QUATERNION"
      },
      "armature_space": {
        "head": {
          "x": 0.08161976933479309,
          "y": 0.041665393859148026,
          "z": 0.6539323329925537
        },
        "tail": {
          "x": 0.11544555425643921,
          "y": 0.10567647218704224,
          "z": 0.7910879254341125
        }
      },
      "world_space": {
        "head": {
          "x": 0.08161976933479309,
          "y": 0.10490939021110535,
          "z": 1.6037863492965698
        },
        "tail": {
          "x": 0.11544555425643921,
          "y": 0.16892047226428986,
          "z": 1.7409420013427734
        },
        "rotation_quaternion": {
          "w": 0.817696213722229,
          "x": 0.54185950756073,
          "y": 0.19426721334457397,
          "z": -0.004630664829164743
        },
        "matrix": [
          [
            0.9244780540466309,
            0.21810390055179596,
            0.31268370151519775,
            0.08161976933479309
          ],
          [
            0.20295684039592743,
            0.4127345085144043,
            -0.8879520893096924,
            0.10490939021110535
          ],
          [
            -0.32272323966026306,
            0.884360134601593,
            0.3372998833656311,
            1.6037863492965698
          ],
          [
            0.0,
            0.0,
            0.0,
            1.0
          ]
        ]
      },
      "bone_length_armature_space": 0.15509112882203033,
      "parent": "neck_01",
      "has_children": false,
      "is_end_bone": true
    },
    "upperarm_l": {
      "name": "upperarm_l",
      "local": {
        "location": {
          "x": 0.0,
          "y": 0.0,
          "z": 0.0
        },
        "rotation_quaternion": {
          "w": 0.9549381136894226,
          "x": 0.2537672817707062,
          "y": -0.07000445574522018,
          "z": -0.13709403574466705
        },
        "scale": {
          "x": 1.0,
          "y": 1.0,
          "z": 1.0
        },
        "matrix_basis": [
          [
            0.9526091814041138,
            0.22630295157432556,
            -0.20327980816364288,
            0.0
          ],
          [
            -0.2973623275756836,
            0.8336147665977478,
            -0.46546971797943115,
            0.0
          ],
          [
            0.06411988288164139,
            0.5038585066795349,
            0.8614031076431274,
            0.0
          ],
          [
            0.0,
            0.0,
            0.0,
            1.0
          ]
        ],
        "rotation_mode": "QUATERNION"
      },
      "armature_space": {
        "head": {
          "x": 0.1945110261440277,
          "y": 0.04152333363890648,
          "z": 0.47859495878219604
        },
        "tail": {
          "x": 0.4150012731552124,
          "y": -0.09508788585662842,
          "z": 0.41129612922668457
        }
      },
      "world_space": {
        "head": {
          "x": 0.1945110261440277,
          "y": 0.1047673374414444,
          "z": 1.4284489154815674
        },
        "tail": {
          "x": 0.4150012731552124,
          "y": -0.0318438857793808,
          "z": 1.3611501455307007
        },
        "rotation_quaternion": {
          "w": 0.33978384733200073,
          "x": 0.43030184507369995,
          "y": 0.3600642681121826,
          "z": -0.7548118233680725
        },
        "matrix": [
          [
            -0.3987743556499481,
            0.8228185772895813,
            -0.4049055576324463,
            0.1945110261440277
          ],
          [
            -0.20307476818561554,
            -0.5098015069961548,
            -0.8359804153442383,
            0.1047673374414444
          ],
          [
            -0.8942880630493164,
            -0.2511436641216278,
            0.37039127945899963,
            1.4284489154815674
          ],
          [
            0.0,
            0.0,
            0.0,
            1.0
          ]
        ]
      },
      "bone_length_armature_space": 0.2679695986436802,
      "parent": "spine_01",
      "has_children": true,
      "is_end_bone": false
    },
    "lowerarm_l": {
      "name": "lowerarm_l",
      "local": {
        "location": {
          "x": 0.0,
          "y": 0.0,
          "z": 0.0
        },
        "rotation_quaternion": {
          "w": 0.8946835994720459,
          "x": 0.3358493149280548,
          "y": 0.09351681917905807,
          "z": -0.2792869210243225
        },
        "scale": {
          "x": 1.0,
          "y": 1.0,
          "z": 1.0
        },
        "matrix_basis": [
          [
            0.8265068531036377,
            0.5625619888305664,
            -0.02026071399450302,
            0.0
          ],
          [
            -0.4369317293167114,
            0.6184080839157104,
            -0.6531937718391418,
            0.0
          ],
          [
            -0.354932576417923,
            0.5487216711044312,
            0.7569196820259094,
            0.0
          ],
          [
            0.0,
            0.0,
            0.0,
            1.0
          ]
        ],
        "rotation_mode": "QUATERNION"
      },
      "armature_space": {
        "head": {
          "x": 0.4150013327598572,
          "y": -0.0950879454612732,
          "z": 0.4112962484359741
        },
        "tail": {
          "x": 0.41998326778411865,
          "y": -0.3519339859485626,
          "z": 0.3366318643093109
        }
      },
      "world_space": {
        "head": {
          "x": 0.4150013327598572,
          "y": -0.031843945384025574,
          "z": 1.3611502647399902
        },
        "tail": {
          "x": 0.41998326778411865,
          "y": -0.2886899709701538,
          "z": 1.2864859104156494
        },
        "rotation_quaternion": {
          "w": 0.06049864739179611,
          "x": -0.4825668931007385,
          "y": -0.12766362726688385,
          "z": 0.8643906712532043
        },
        "matrix": [
          [
            -0.5269384384155273,
            0.018622323870658875,
            -0.8496992588043213,
            0.4150013327598572
          ],
          [
            0.22780120372772217,
            -0.9600841999053955,
            -0.162311851978302,
            -0.031843945384025574
          ],
          [
            -0.8188110589981079,
            -0.2790936231613159,
            0.5016664266586304,
            1.3611502647399902
          ],
          [
            0.0,
            0.0,
            0.0,
            1.0
          ]
        ]
      },
      "bone_length_armature_space": 0.26752473118470743,
      "parent": "upperarm_l",
      "has_children": true,
      "is_end_bone": false
    },
    "metacarpal_thumb_l": {
      "name": "metacarpal_thumb_l",
      "local": {
        "location": {
          "x": 0.0,
          "y": 0.0,
          "z": 0.0
        },
        "rotation_quaternion": {
          "w": 0.9999447464942932,
          "x": 0.0010706856846809387,
          "y": -0.009325312450528145,
          "z": -0.004743982572108507
        },
        "scale": {
          "x": 1.0,
          "y": 1.0,
          "z": 1.0
        },
        "matrix_basis": [
          [
            0.99978107213974,
            0.009467472322285175,
            -0.01865975372493267,
            0.0
          ],
          [
            -0.009507410228252411,
            0.9999526739120483,
            -0.0020527748856693506,
            0.0
          ],
          [
            0.01863943599164486,
            0.002229731297120452,
            0.999823808670044,
            0.0
          ],
          [
            0.0,
            0.0,
            0.0,
            1.0
          ]
        ],
        "rotation_mode": "QUATERNION"
      },
      "armature_space": {
        "head": {
          "x": 0.41998326778411865,
          "y": -0.3519339859485626,
          "z": 0.3366318643093109
        },
        "tail": {
          "x": 0.39145928621292114,
          "y": -0.3922262489795685,
          "z": 0.33256995677948
        }
      },
      "world_space": {
        "head": {
          "x": 0.41998326778411865,
          "y": -0.2886899709701538,
          "z": 1.2864859104156494
        },
        "tail": {
          "x": 0.39145928621292114,
          "y": -0.32898223400115967,
          "z": 1.282423973083496
        },
        "rotation_quaternion": {
          "w": 0.14006483554840088,
          "x": -0.8992957472801208,
          "y": 0.2714141309261322,
          "z": 0.3130229115486145
        },
        "matrix": [
          [
            0.6567019820213318,
            -0.5758506059646606,
            -0.4869684875011444,
            0.41998326778411865
          ],
          [
            -0.4004767835140228,
            -0.813431978225708,
            0.42183732986450195,
            -0.2886899709701538
          ],
          [
            -0.6390359401702881,
            -0.08200311660766602,
            -0.7648023366928101,
            1.2864859104156494
          ],
          [
            0.0,
            0.0,
            0.0,
            1.0
          ]
        ]
      },
      "bone_length_armature_space": 0.04953365656391652,
      "parent": "lowerarm_l",
      "has_children": true,
      "is_end_bone": false
    },
    "thumb_01_l": {
      "name": "thumb_01_l",
      "local": {
        "location": {
          "x": 0.0,
          "y": 0.0,
          "z": 0.0
        },
        "rotation_quaternion": {
          "w": 0.9990207552909851,
          "x": -0.04402046278119087,
          "y": -0.004010470118373632,
          "z": 0.0019533562008291483
        },
        "scale": {
          "x": 1.0,
          "y": 1.0,
          "z": 1.0
        },
        "matrix_basis": [
          [
            0.99996018409729,
            -0.0035498011857271194,
            -0.008185060694813728,
            0.0
          ],
          [
            0.00425597233697772,
            0.9961167573928833,
            0.08793904632329941,
            0.0
          ],
          [
            0.007841110229492188,
            -0.08797037601470947,
            0.9960922002792358,
            0.0
          ],
          [
            0.0,
            0.0,
            0.0,
            1.0
          ]
        ],
        "rotation_mode": "QUATERNION"
      },
      "armature_space": {
        "head": {
          "x": 0.39145928621292114,
          "y": -0.3922262489795685,
          "z": 0.33256995677948
        },
        "tail": {
          "x": 0.3619674742221832,
          "y": -0.39679574966430664,
          "z": 0.3161998391151428
        }
      },
      "world_space": {
        "head": {
          "x": 0.39145928621292114,
          "y": -0.32898223400115967,
          "z": 1.282423973083496
        },
        "tail": {
          "x": 0.3619674742221832,
          "y": -0.3335517644882202,
          "z": 1.2660539150238037
        },
        "rotation_quaternion": {
          "w": 0.017168140038847923,
          "x": -0.6677549481391907,
          "y": 0.6577094793319702,
          "z": -0.3481764495372772
        },
        "matrix": [
          [
            -0.10761940479278564,
            -0.8664235472679138,
            0.48757365345954895,
            0.39145928621292114
          ],
          [
            -0.8903313875198364,
            -0.13424493372440338,
            -0.43507277965545654,
            -0.32898223400115967
          ],
          [
            0.44241389632225037,
            -0.4809280335903168,
            -0.7569625377655029,
            1.282423973083496
          ],
          [
            0.0,
            0.0,
            0.0,
            1.0
          ]
        ]
      },
      "bone_length_armature_space": 0.03403862637137113,
      "parent": "metacarpal_thumb_l",
      "has_children": true,
      "is_end_bone": false
    },
    "thumb_02_l": {
      "name": "thumb_02_l",
      "local": {
        "location": {
          "x": 0.0,
          "y": 0.0,
          "z": 0.0
        },
        "rotation_quaternion": {
          "w": 0.9958294630050659,
          "x": 0.09087540209293365,
          "y": 0.006441143807023764,
          "z": 0.00489502539858222
        },
        "scale": {
          "x": 1.0,
          "y": 1.0,
          "z": 1.0
        },
        "matrix_basis": [
          [
            0.9998691082000732,
            -0.008578537963330746,
            0.013718236237764359,
            0.0
          ],
          [
            0.010919904336333275,
            0.9834353923797607,
            -0.1809297502040863,
            0.0
          ],
          [
            -0.01193888671696186,
            0.18105585873126984,
            0.9834003448486328,
            0.0
          ],
          [
            0.0,
            0.0,
            0.0,
            1.0
          ]
        ],
        "rotation_mode": "QUATERNION"
      },
      "armature_space": {
        "head": {
          "x": 0.36196744441986084,
          "y": -0.39679569005966187,
          "z": 0.3161998689174652
        },
        "tail": {
          "x": 0.3609763979911804,
          "y": -0.4340466856956482,
          "z": 0.30121442675590515
        }
      },
      "world_space": {
        "head": {
          "x": 0.36196744441986084,
          "y": -0.33355170488357544,
          "z": 1.2660539150238037
        },
        "tail": {
          "x": 0.3609763979911804,
          "y": -0.37080270051956177,
          "z": 1.2510684728622437
        },
        "rotation_quaternion": {
          "w": 0.0996122732758522,
          "x": -0.5675824284553528,
          "y": 0.16231442987918854,
          "z": -0.800987958908081
        },
        "matrix": [
          [
            -0.3358556032180786,
            -0.024675071239471436,
            0.9415900707244873,
            0.36196744441986084
          ],
          [
            -0.34382981061935425,
            -0.9274632334709167,
            -0.14694556593894958,
            -0.33355170488357544
          ],
          [
            0.876922070980072,
            -0.37310272455215454,
            0.3030117154121399,
            1.2660539150238037
          ],
          [
            0.0,
            0.0,
            0.0,
            1.0
          ]
        ]
      },
      "bone_length_armature_space": 0.040164440718486565,
      "parent": "thumb_01_l",
      "has_children": true,
      "is_end_bone": false
    },
    "thumb_03_l": {
      "name": "thumb_03_l",
      "local": {
        "location": {
          "x": 0.0,
          "y": 0.0,
          "z": 0.0
        },
        "rotation_quaternion": {
          "w": 0.9980635643005371,
          "x": 0.06212053447961807,
          "y": 0.002436714479699731,
          "z": -0.002044937340542674
        },
        "scale": {
          "x": 1.0,
          "y": 1.0,
          "z": 1.0
        },
        "matrix_basis": [
          [
            0.9999797344207764,
            0.004384695086628199,
            0.004609926603734493,
            0.0
          ],
          [
            -0.003779214806854725,
            0.9922736883163452,
            -0.12401045113801956,
            0.0
          ],
          [
            -0.005118057131767273,
            0.12399052083492279,
            0.9922702312469482,
            0.0
          ],
          [
            0.0,
            0.0,
            0.0,
            1.0
          ]
        ],
        "rotation_mode": "QUATERNION"
      },
      "armature_space": {
        "head": {
          "x": 0.36097630858421326,
          "y": -0.4340466856956482,
          "z": 0.30121445655822754
        },
        "tail": {
          "x": 0.3722543716430664,
          "y": -0.4605632424354553,
          "z": 0.2913874685764313
        }
      },
      "world_space": {
        "head": {
          "x": 0.36097630858421326,
          "y": -0.37080270051956177,
          "z": 1.2510684728622437
        },
        "tail": {
          "x": 0.3722543716430664,
          "y": -0.3973192572593689,
          "z": 1.241241455078125
        },
        "rotation_quaternion": {
          "w": 0.23948174715042114,
          "x": -0.35608428716659546,
          "y": 0.08463850617408752,
          "z": -0.8992712497711182
        },
        "matrix": [
          [
            -0.6317043304443359,
            0.3704424500465393,
            0.6809711456298828,
            0.36097630858421326
          ],
          [
            -0.4909950792789459,
            -0.8709695339202881,
            0.018327094614505768,
            -0.37080270051956177
          ],
          [
            0.5998980402946472,
            -0.32277920842170715,
            0.7320860624313354,
            1.2510684728622437
          ],
          [
            0.0,
            0.0,
            0.0,
            1.0
          ]
        ]
      },
      "bone_length_armature_space": 0.03044490386361281,
      "parent": "thumb_02_l",
      "has_children": false,
      "is_end_bone": true
    },
    "metacarpal_index_l": {
      "name": "metacarpal_index_l",
      "local": {
        "location": {
          "x": 0.0,
          "y": 0.0,
          "z": 0.0
        },
        "rotation_quaternion": {
          "w": 0.9999693632125854,
          "x": 0.0014925573486834764,
          "y": -0.005244868341833353,
          "z": -0.005626264959573746
        },
        "scale": {
          "x": 1.0,
          "y": 1.0,
          "z": 1.0
        },
        "matrix_basis": [
          [
            0.9998816847801208,
            0.011236528865993023,
            -0.010506209917366505,
            0.0
          ],
          [
            -0.011267841793596745,
            0.9999322295188904,
            -0.002926005283370614,
            0.0
          ],
          [
            0.010472619906067848,
            0.0030440413393080235,
            0.9999405145645142,
            0.0
          ],
          [
            0.0,
            0.0,
            0.0,
            1.0
          ]
        ],
        "rotation_mode": "QUATERNION"
      },
      "armature_space": {
        "head": {
          "x": 0.41998326778411865,
          "y": -0.3519339859485626,
          "z": 0.3366318643093109
        },
        "tail": {
          "x": 0.38871800899505615,
          "y": -0.4631873369216919,
          "z": 0.31728240847587585
        }
      },
      "world_space": {
        "head": {
          "x": 0.41998326778411865,
          "y": -0.2886899709701538,
          "z": 1.2864859104156494
        },
        "tail": {
          "x": 0.38871800899505615,
          "y": -0.39994335174560547,
          "z": 1.2671364545822144
        },
        "rotation_quaternion": {
          "w": 0.14590178430080414,
          "x": -0.809770941734314,
          "y": 0.06299218535423279,
          "z": 0.5648146867752075
        },
        "matrix": [
          [
            0.3540329039096832,
            -0.2668326795101166,
            -0.8963597416877747,
            0.41998326778411865
          ],
          [
            0.06279594451189041,
            -0.9494897127151489,
            0.3074509799480438,
            -0.2886899709701538
          ],
          [
            -0.9331287741661072,
            -0.16513746976852417,
            -0.3193966746330261,
            1.2864859104156494
          ],
          [
            0.0,
            0.0,
            0.0,
            1.0
          ]
        ]
      },
      "bone_length_armature_space": 0.11717177822032991,
      "parent": "lowerarm_l",
      "has_children": true,
      "is_end_bone": false
    },
    "index_01_l": {
      "name": "index_01_l",
      "local": {
        "location": {
          "x": 0.0,
          "y": 0.0,
          "z": 0.0
        },
        "rotation_quaternion": {
          "w": 0.9933632612228394,
          "x": -0.1145080029964447,
          "y": -0.004711259622126818,
          "z": 0.009757942520081997
        },
        "scale": {
          "x": 1.0,
          "y": 1.0,
          "z": 1.0
        },
        "matrix_basis": [
          [
            0.999765157699585,
            -0.018307410180568695,
            -0.011594709008932114,
            0.0
          ],
          [
            0.020465316250920296,
            0.9735854268074036,
            0.2274041473865509,
            0.0
          ],
          [
            0.007125259377062321,
            -0.22758802771568298,
            0.9737314581871033,
            0.0
          ],
          [
            0.0,
            0.0,
            0.0,
            1.0
          ]
        ],
        "rotation_mode": "QUATERNION"
      },
      "armature_space": {
        "head": {
          "x": 0.38871800899505615,
          "y": -0.4631873369216919,
          "z": 0.31728240847587585
        },
        "tail": {
          "x": 0.39414528012275696,
          "y": -0.48967957496643066,
          "z": 0.3082393407821655
        }
      },
      "world_space": {
        "head": {
          "x": 0.38871800899505615,
          "y": -0.39994335174560547,
          "z": 1.2671364545822144
        },
        "tail": {
          "x": 0.39414528012275696,
          "y": -0.42643558979034424,
          "z": 1.2580933570861816
        },
        "rotation_quaternion": {
          "w": 0.08798155933618546,
          "x": -0.8402858972549438,
          "y": -0.1664857715368271,
          "z": 0.5083909630775452
        },
        "matrix": [
          [
            0.4276421070098877,
            0.19033493101596832,
            -0.883682370185852,
            0.38871800899505615
          ],
          [
            0.36924949288368225,
            -0.9290834665298462,
            -0.021422237157821655,
            -0.39994335174560547
          ],
          [
            -0.8250975012779236,
            -0.31714117527008057,
            -0.46759966015815735,
            1.2671364545822144
          ],
          [
            0.0,
            0.0,
            0.0,
            1.0
          ]
        ]
      },
      "bone_length_armature_space": 0.028514400561371365,
      "parent": "metacarpal_index_l",
      "has_children": true,
      "is_end_bone": false
    },
    "index_02_l": {
      "name": "index_02_l",
      "local": {
        "location": {
          "x": 0.0,
          "y": 0.0,
          "z": 0.0
        },
        "rotation_quaternion": {
          "w": 0.9998360872268677,
          "x": 0.012335337698459625,
          "y": -0.012350525707006454,
          "z": 0.004821854643523693
        },
        "scale": {
          "x": 1.0,
          "y": 1.0,
          "z": 1.0
        },
        "matrix_basis": [
          [
            0.9996484518051147,
            -0.009946824051439762,
            -0.024578044191002846,
            0.0
          ],
          [
            0.00933743268251419,
            0.999649167060852,
            -0.024785736575722694,
            0.0
          ],
          [
            0.024815961718559265,
            0.024547526612877846,
            0.9993906021118164,
            0.0
          ],
          [
            0.0,
            0.0,
            0.0,
            1.0
          ]
        ],
        "rotation_mode": "QUATERNION"
      },
      "armature_space": {
        "head": {
          "x": 0.3941449820995331,
          "y": -0.4896800220012665,
          "z": 0.30823925137519836
        },
        "tail": {
          "x": 0.3994843363761902,
          "y": -0.513316810131073,
          "z": 0.2998199164867401
        }
      },
      "world_space": {
        "head": {
          "x": 0.3941449820995331,
          "y": -0.42643600702285767,
          "z": 1.258093237876892
        },
        "tail": {
          "x": 0.3994843363761902,
          "y": -0.4500728249549866,
          "z": 1.2496739625930786
        },
        "rotation_quaternion": {
          "w": 0.08034228533506393,
          "x": -0.8153403401374817,
          "y": -0.18123944103717804,
          "z": 0.5439830422401428
        },
        "matrix": [
          [
            0.3424692153930664,
            0.20813585817813873,
            -0.9161844849586487,
            0.3941449820995331
          ],
          [
            0.3829534947872162,
            -0.9213946461677551,
            -0.06617175042629242,
            -0.42643600702285767
          ],
          [
            -0.8579457998275757,
            -0.32819727063179016,
            -0.3952586054801941,
            1.258093237876892
          ],
          [
            0.0,
            0.0,
            0.0,
            1.0
          ]
        ]
      },
      "bone_length_armature_space": 0.025653296893888136,
      "parent": "index_01_l",
      "has_children": true,
      "is_end_bone": false
    },
    "index_03_l": {
      "name": "index_03_l",
      "local": {
        "location": {
          "x": 0.0,
          "y": 0.0,
          "z": 0.0
        },
        "rotation_quaternion": {
          "w": 0.9976710081100464,
          "x": 0.06788454204797745,
          "y": -0.006081842351704836,
          "z": 0.0027171059045940638
        },
        "scale": {
          "x": 1.0,
          "y": 1.0,
          "z": 1.0
        },
        "matrix_basis": [
          [
            0.9999112486839294,
            -0.006247281562536955,
            -0.011766456998884678,
            0.0
          ],
          [
            0.004595829639583826,
            0.9907686114311218,
            -0.1354859322309494,
            0.0
          ],
          [
            0.012504254467785358,
            0.1354198306798935,
            0.9907094240188599,
            0.0
          ],
          [
            0.0,
            0.0,
            0.0,
            1.0
          ]
        ],
        "rotation_mode": "QUATERNION"
      },
      "armature_space": {
        "head": {
          "x": 0.39948445558547974,
          "y": -0.513316810131073,
          "z": 0.2998200058937073
        },
        "tail": {
          "x": 0.40036651492118835,
          "y": -0.5388380289077759,
          "z": 0.2856205999851227
        }
      },
      "world_space": {
        "head": {
          "x": 0.39948445558547974,
          "y": -0.4500728249549866,
          "z": 1.2496740818023682
        },
        "tail": {
          "x": 0.40036651492118835,
          "y": -0.47559404373168945,
          "z": 1.2354745864868164
        },
        "rotation_quaternion": {
          "w": 0.20054560899734497,
          "x": -0.8063722848892212,
          "y": -0.15183399617671967,
          "z": 0.5352491140365601
        },
        "matrix": [
          [
            0.38090988993644714,
            0.030187852680683136,
            -0.9241189956665039,
            0.39948445558547974
          ],
          [
            0.45955315232276917,
            -0.8734562993049622,
            0.1608889400959015,
            -0.4500728249549866
          ],
          [
            -0.8023257851600647,
            -0.4859701097011566,
            -0.3465834856033325,
            1.2496740818023682
          ],
          [
            0.0,
            0.0,
            0.0,
            1.0
          ]
        ]
      },
      "bone_length_armature_space": 0.029218722880137066,
      "parent": "index_02_l",
      "has_children": false,
      "is_end_bone": true
    },
    "metacarpal_pinky_l": {
      "name": "metacarpal_pinky_l",
      "local": {
        "location": {
          "x": 0.0,
          "y": 0.0,
          "z": 0.0
        },
        "rotation_quaternion": {
          "w": 0.9992552995681763,
          "x": 0.03479408472776413,
          "y": -0.0095364423468709,
          "z": -0.013683561235666275
        },
        "scale": {
          "x": 1.0,
          "y": 1.0,
          "z": 1.0
        },
        "matrix_basis": [
          [
            0.9994436502456665,
            0.02668311819434166,
            -0.020010894164443016,
            0.0
          ],
          [
            -0.02801036648452282,
            0.9972042441368103,
            -0.06927536427974701,
            0.0
          ],
          [
            0.01810646802186966,
            0.0697973296046257,
            0.9973968267440796,
            0.0
          ],
          [
            0.0,
            0.0,
            0.0,
            1.0
          ]
        ],
        "rotation_mode": "QUATERNION"
      },
      "armature_space": {
        "head": {
          "x": 0.41998326778411865,
          "y": -0.3519339859485626,
          "z": 0.3366318643093109
        },
        "tail": {
          "x": 0.44791436195373535,
          "y": -0.44519302248954773,
          "z": 0.29967451095581055
        }
      },
      "world_space": {
        "head": {
          "x": 0.41998326778411865,
          "y": -0.2886899709701538,
          "z": 1.2864859104156494
        },
        "tail": {
          "x": 0.44791436195373535,
          "y": -0.3819490075111389,
          "z": 1.2495285272598267
        },
        "rotation_quaternion": {
          "w": 0.1598738729953766,
          "x": -0.12411967664957047,
          "y": 0.1632259041070938,
          "z": -0.9656044840812683
        },
        "matrix": [
          [
            -0.918069064617157,
            0.2682308852672577,
            0.2918923497200012,
            0.41998326778411865
          ],
          [
            -0.34926915168762207,
            -0.8955955505371094,
            -0.2755356431007385,
            -0.2886899709701538
          ],
          [
            0.1875113844871521,
            -0.35491299629211426,
            0.9159095287322998,
            1.2864859104156494
          ],
          [
            0.0,
            0.0,
            0.0,
            1.0
          ]
        ]
      },
      "bone_length_armature_space": 0.10413087982001162,
      "parent": "lowerarm_l",
      "has_children": true,
      "is_end_bone": false
    },
    "pinky_01_l": {
      "name": "pinky_01_l",
      "local": {
        "location": {
          "x": 0.0,
          "y": 0.0,
          "z": 0.0
        },
        "rotation_quaternion": {
          "w": 0.9948013424873352,
          "x": -0.10149878263473511,
          "y": 7.724611350568011e-05,
          "z": -0.008271262980997562
        },
        "scale": {
          "x": 1.0,
          "y": 1.0,
          "z": 1.0
        },
        "matrix_basis": [
          [
            0.9998631477355957,
            0.016440846025943756,
            0.0018327353755012155,
            0.0
          ],
          [
            -0.016472207382321358,
            0.979259192943573,
            0.20194096863269806,
            0.0
          ],
          [
            0.0015253571327775717,
            -0.2019435316324234,
            0.9793959856033325,
            0.0
          ],
          [
            0.0,
            0.0,
            0.0,
            1.0
          ]
        ],
        "rotation_mode": "QUATERNION"
      },
      "armature_space": {
        "head": {
          "x": 0.44791436195373535,
          "y": -0.44519302248954773,
          "z": 0.29967451095581055
