{
  "metadata": {
    "armature_name": "KIM_caucasian_male",
    "export_time": "2026-01-13T21:05:30.068517",
    "blender_version": "4.4.1",
    "bone_count": 56,
    "end_bone_count": 13,
    "spaces_included": [
      "LOCAL_CHANNELS",
      "ARMATURE_SPACE",
      "WORLD_SPACE"
    ],
    "note": "LOCAL matches Transform panel; replay pose via local.matrix_basis for best fidelity."
  },
  "bones": {
    "Root": {
      "name": "Root",
      "local": {
        "location": {
          "x": 0.0,
          "y": 0.0,
          "z": 0.0
        },
        "rotation_quaternion": {
          "w": 0.9999321699142456,
          "x": -0.004480796866118908,
          "y": 0.010213061235845089,
          "z": -0.0033825747668743134
        },
        "scale": {
          "x": 1.0,
          "y": 1.0,
          "z": 1.0
        },
        "matrix_basis": [
          [
            0.9997684955596924,
            0.0066731651313602924,
            0.020455049350857735,
            0.0
          ],
          [
            -0.006856216117739677,
            0.9999369382858276,
            0.008891892619431019,
            0.0
          ],
          [
            -0.020394423976540565,
            -0.009030078537762165,
            0.9997512102127075,
            0.0
          ],
          [
            0.0,
            0.0,
            0.0,
            1.0
          ]
        ],
        "rotation_mode": "QUATERNION"
      },
      "armature_space": {
        "head": {
          "x": 0.0,
          "y": 0.07072800397872925,
          "z": -0.009595036506652832
        },
        "tail": {
          "x": 0.00047630295739509165,
          "y": 9.110569953918457e-05,
          "z": 0.000638078898191452
        }
      },
      "world_space": {
        "head": {
          "x": 0.0,
          "y": 0.13397200405597687,
          "z": 0.9402589797973633
        },
        "tail": {
          "x": 0.00047630295739509165,
          "y": 0.0633351057767868,
          "z": 0.9504920840263367
        },
        "rotation_quaternion": {
          "w": 0.07183369994163513,
          "x": 0.9973586797714233,
          "y": 0.004062923602759838,
          "z": 0.009961985051631927
        },
        "matrix": [
          [
            0.9997684955596924,
            0.0066731651313602924,
            0.020455049350857735,
            0.0
          ],
          [
            0.009535599499940872,
            -0.9896467924118042,
            -0.14320743083953857,
            0.13397200405597687
          ],
          [
            0.019287770614027977,
            0.1433693915605545,
            -0.9894883632659912,
            0.9402589797973633
          ],
          [
            0.0,
            0.0,
            0.0,
            1.0
          ]
        ]
      },
      "bone_length_armature_space": 0.07137587071105789,
      "parent": null,
      "has_children": true,
      "is_end_bone": false
    },
    "spine_01": {
      "name": "spine_01",
      "local": {
        "location": {
          "x": 0.0,
          "y": 0.0,
          "z": 0.0
        },
        "rotation_quaternion": {
          "w": 0.9973728656768799,
          "x": 0.07127736508846283,
          "y": 0.012373466044664383,
          "z": -0.0037167638074606657
        },
        "scale": {
          "x": 1.0,
          "y": 1.0,
          "z": 1.0
        },
        "matrix_basis": [
          [
            0.999666154384613,
            0.00917789526283741,
            0.024152075871825218,
            0.0
          ],
          [
            -0.005650102626532316,
            0.9898114204406738,
            -0.1422722041606903,
            0.0
          ],
          [
            -0.0252117607742548,
            0.14208823442459106,
            0.9895328879356384,
            0.0
          ],
          [
            0.0,
            0.0,
            0.0,
            1.0
          ]
        ],
        "rotation_mode": "QUATERNION"
      },
      "armature_space": {
        "head": {
          "x": 0.00047630295739509165,
          "y": 9.110569953918457e-05,
          "z": 0.000638078898191452
        },
        "tail": {
          "x": -0.004018751438707113,
          "y": -0.042241450399160385,
          "z": 0.48678234219551086
        }
      },
      "world_space": {
        "head": {
          "x": 0.00047630295739509165,
          "y": 0.0633351057767868,
          "z": 0.9504920840263367
        },
        "tail": {
          "x": -0.004018751438707113,
          "y": 0.021002549678087234,
          "z": 1.4366363286972046
        },
        "rotation_quaternion": {
          "w": 0.6756873726844788,
          "x": 0.7369622588157654,
          "y": 0.008541428484022617,
          "z": 0.01613215170800686
        },
        "matrix": [
          [
            0.9993335604667664,
            -0.009211153723299503,
            0.035320159047842026,
            0.00047630295739509165
          ],
          [
            0.034389927983284,
            -0.08674682676792145,
            -0.9956367015838623,
            0.0633351057767868
          ],
          [
            0.012234990485012531,
            0.9961947798728943,
            -0.08637379109859467,
            0.9504920840263367
          ],
          [
            0.0,
            0.0,
            0.0,
            1.0
          ]
        ]
      },
      "bone_length_armature_space": 0.4880046227839712,
      "parent": "Root",
      "has_children": true,
      "is_end_bone": false
    },
    "neck_01": {
      "name": "neck_01",
      "local": {
        "location": {
          "x": 0.0,
          "y": 0.0,
          "z": 0.0
        },
        "rotation_quaternion": {
          "w": 0.9926583766937256,
          "x": -0.02134731225669384,
          "y": 0.040120355784893036,
          "z": -0.11208995431661606
        },
        "scale": {
          "x": 1.0,
          "y": 1.0,
          "z": 1.0
        },
        "matrix_basis": [
          [
            0.9716523885726929,
            0.22082114219665527,
            0.08443725109100342,
            0.0
          ],
          [
            -0.22424699366092682,
            0.973960280418396,
            0.03338699787855148,
            0.0
          ],
          [
            -0.07486597448587418,
            -0.05137535557150841,
            0.9958692789077759,
            0.0
          ],
          [
            0.0,
            0.0,
            0.0,
            1.0
          ]
        ],
        "rotation_mode": "QUATERNION"
      },
      "armature_space": {
        "head": {
          "x": -0.003468259470537305,
          "y": -0.08312204480171204,
          "z": 0.5567266941070557
        },
        "tail": {
          "x": 0.01946461759507656,
          "y": -0.12348155677318573,
          "z": 0.6481374502182007
        }
      },
      "world_space": {
        "head": {
          "x": -0.003468259470537305,
          "y": -0.019878044724464417,
          "z": 1.5065807104110718
        },
        "tail": {
          "x": 0.01946461759507656,
          "y": -0.06023755669593811,
          "z": 1.5979914665222168
        },
        "rotation_quaternion": {
          "w": 0.5356954336166382,
          "x": 0.8347004652023315,
          "y": 0.12726140022277832,
          "z": -0.010489426553249359
        },
        "matrix": [
          [
            0.9673888683319092,
            0.22368882596492767,
            0.11883664131164551,
            -0.003468259470537305
          ],
          [
            0.20121298730373383,
            -0.39366933703422546,
            -0.896960437297821,
            -0.019878044724464417
          ],
          [
            -0.15385855734348297,
            0.89162677526474,
            -0.42584431171417236,
            1.5065807104110718
          ],
          [
            0.0,
            0.0,
            0.0,
            1.0
          ]
        ]
      },
      "bone_length_armature_space": 0.10252186965991714,
      "parent": "spine_01",
      "has_children": true,
      "is_end_bone": false
    },
    "head": {
      "name": "head",
      "local": {
        "location": {
          "x": 0.0,
          "y": 0.0,
          "z": 0.0
        },
        "rotation_quaternion": {
          "w": 0.9739491939544678,
          "x": -0.09737883508205414,
          "y": 0.004590859171003103,
          "z": -0.20474229753017426
        },
        "scale": {
          "x": 1.0,
          "y": 1.0,
          "z": 1.0
        },
        "matrix_basis": [
          [
            0.9161190390586853,
            0.397923082113266,
            0.04881766065955162,
            0.0
          ],
          [
            -0.3997113108634949,
            0.8971959352493286,
            0.1878041923046112,
            0.0
          ],
          [
            0.030932605266571045,
            -0.19156396389007568,
            0.9809925556182861,
            0.0
          ],
          [
            0.0,
            0.0,
            0.0,
            1.0
          ]
        ],
        "rotation_mode": "QUATERNION"
      },
      "armature_space": {
        "head": {
          "x": 0.01946461945772171,
          "y": -0.12348166108131409,
          "z": 0.6481373310089111
        },
        "tail": {
          "x": 0.09655822813510895,
          "y": -0.08812789618968964,
          "z": 0.7779830694198608
        }
      },
      "world_space": {
        "head": {
          "x": 0.01946461945772171,
          "y": -0.06023766100406647,
          "z": 1.5979913473129272
        },
        "tail": {
          "x": 0.09655822813510895,
          "y": -0.024883896112442017,
          "z": 1.727837085723877
        },
        "rotation_quaternion": {
          "w": 0.7347484230995178,
          "x": 0.6111636161804199,
          "y": 0.2722536623477936,
          "z": -0.111811064183712
        },
        "matrix": [
          [
            0.8267532587051392,
            0.49708881974220276,
            0.2634045481681824,
            0.01946461945772171
          ],
          [
            0.1684742569923401,
            0.2279561460018158,
            -0.9589851498603821,
            -0.06023766100406647
          ],
          [
            -0.5367491245269775,
            0.8372271060943604,
            0.10471658408641815,
            1.5979913473129272
          ],
          [
            0.0,
            0.0,
            0.0,
            1.0
          ]
        ]
      },
      "bone_length_armature_space": 0.155091032366652,
      "parent": "neck_01",
      "has_children": false,
      "is_end_bone": true
    },
    "upperarm_l": {
      "name": "upperarm_l",
      "local": {
        "location": {
          "x": 0.0,
          "y": 0.0,
          "z": 0.0
        },
        "rotation_quaternion": {
          "w": 0.8872681856155396,
          "x": -0.07137247920036316,
          "y": 0.44552525877952576,
          "z": -0.09575145691633224
        },
        "scale": {
          "x": 1.0,
          "y": 1.0,
          "z": 1.0
        },
        "matrix_basis": [
          [
            0.5846778154373169,
            0.10631795972585678,
            0.8042688369750977,
            0.0
          ],
          [
            -0.23351092636585236,
            0.9714752435684204,
            0.041333675384521484,
            0.0
          ],
          [
            -0.7769327163696289,
            -0.2119724452495575,
            0.5928264260292053,
            0.0
          ],
          [
            0.0,
            0.0,
            0.0,
            1.0
          ]
        ],
        "rotation_mode": "QUATERNION"
      },
      "armature_space": {
        "head": {
          "x": 0.1471634805202484,
          "y": -0.07530870288610458,
          "z": 0.4913345277309418
        },
        "tail": {
          "x": 0.40212482213974,
          "y": 0.0037003755569458008,
          "z": 0.4676724076271057
        }
      },
      "world_space": {
        "head": {
          "x": 0.1471634805202484,
          "y": -0.012064702808856964,
          "z": 1.4411885738372803
        },
        "tail": {
          "x": 0.40212482213974,
          "y": 0.06694437563419342,
          "z": 1.4175264835357666
        },
        "rotation_quaternion": {
          "w": 0.1808752566576004,
          "x": 0.5637751221656799,
          "y": 0.7840323448181152,
          "z": -0.18637344241142273
        },
        "matrix": [
          [
            -0.29888293147087097,
            0.9514568448066711,
            0.07347670942544937,
            0.1471634805202484
          ],
          [
            0.8166154026985168,
            0.2948436141014099,
            -0.49619221687316895,
            -0.012064702808856964
          ],
          [
            -0.49377232789993286,
            -0.08830154687166214,
            -0.865104615688324,
            1.4411885738372803
          ],
          [
            0.0,
            0.0,
            0.0,
            1.0
          ]
        ]
      },
      "bone_length_armature_space": 0.26796943475309776,
      "parent": "spine_01",
      "has_children": true,
      "is_end_bone": false
    },
    "lowerarm_l": {
      "name": "lowerarm_l",
      "local": {
        "location": {
          "x": 0.0,
          "y": 0.0,
          "z": 0.0
        },
        "rotation_quaternion": {
          "w": 0.9634754657745361,
          "x": 0.25120219588279724,
          "y": -0.09275142103433609,
          "z": 0.0031396332196891308
        },
        "scale": {
          "x": 1.0,
          "y": 1.0,
          "z": 1.0
        },
        "matrix_basis": [
          [
            0.9827746152877808,
            -0.0526486411690712,
            -0.17715007066726685,
            0.0
          ],
          [
            -0.04054880142211914,
            0.8737751841545105,
            -0.48463672399520874,
            0.0
          ],
          [
            0.18030479550361633,
            0.48347190022468567,
            0.8565892577171326,
            0.0
          ],
          [
            0.0,
            0.0,
            0.0,
            1.0
          ]
        ],
        "rotation_mode": "QUATERNION"
      },
      "armature_space": {
        "head": {
          "x": 0.40212494134902954,
          "y": 0.0037002786993980408,
          "z": 0.4676724374294281
        },
        "tail": {
          "x": 0.6320189833641052,
          "y": -0.047775935381650925,
          "z": 0.3409108519554138
        }
      },
      "world_space": {
        "head": {
          "x": 0.40212494134902954,
          "y": 0.06694427877664566,
          "z": 1.4175264835357666
        },
        "tail": {
          "x": 0.6320189833641052,
          "y": 0.015468064695596695,
          "z": 1.2907648086547852
        },
        "rotation_quaternion": {
          "w": 0.12229853123426437,
          "x": 0.5917723774909973,
          "y": 0.6235671639442444,
          "z": -0.49599650502204895
        },
        "matrix": [
          [
            -0.2696940302848816,
            0.8593384027481079,
            -0.4345138967037201,
            0.40212494134902954
          ],
          [
            0.6167026162147522,
            -0.19241683185100555,
            -0.7633177042007446,
            0.06694427877664566
          ],
          [
            -0.739560604095459,
            -0.4738316833972931,
            -0.47806674242019653,
            1.4175264835357666
          ],
          [
            0.0,
            0.0,
            0.0,
            1.0
          ]
        ]
      },
      "bone_length_armature_space": 0.26752489797906304,
      "parent": "upperarm_l",
      "has_children": true,
      "is_end_bone": false
    },
    "metacarpal_thumb_l": {
      "name": "metacarpal_thumb_l",
      "local": {
        "location": {
          "x": 0.0,
          "y": 0.0,
          "z": 0.0
        },
        "rotation_quaternion": {
          "w": 0.9994052648544312,
          "x": -0.032649699598550797,
          "y": 0.009447507560253143,
          "z": -0.005820250138640404
        },
        "scale": {
          "x": 1.0,
          "y": 1.0,
          "z": 1.0
        },
        "matrix_basis": [
          [
            0.9997537136077881,
            0.011016660369932652,
            0.01926383562386036,
            0.0
          ],
          [
            -0.012250494211912155,
            0.9978002309799194,
            0.06515058875083923,
            0.0
          ],
          [
            -0.018503718078136444,
            -0.06537053734064102,
            0.9976894855499268,
            0.0
          ],
          [
            0.0,
            0.0,
            0.0,
            1.0
          ]
        ],
        "rotation_mode": "QUATERNION"
      },
      "armature_space": {
        "head": {
          "x": 0.6320189833641052,
          "y": -0.047775935381650925,
          "z": 0.3409108519554138
        },
        "tail": {
          "x": 0.6521919965744019,
          "y": -0.07379850000143051,
          "z": 0.30390435457229614
        }
      },
      "world_space": {
        "head": {
          "x": 0.6320189833641052,
          "y": 0.015468064695596695,
          "z": 1.2907648086547852
        },
        "tail": {
          "x": 0.6521919965744019,
          "y": -0.010554499924182892,
          "z": 1.253758430480957
        },
        "rotation_quaternion": {
          "w": 0.40402185916900635,
          "x": -0.8694759607315063,
          "y": -0.27219635248184204,
          "z": 0.08177514374256134
        },
        "matrix": [
          [
            0.8384431600570679,
            0.40725862979888916,
            -0.36215072870254517,
            0.6320189833641052
          ],
          [
            0.5394154787063599,
            -0.5253509879112244,
            0.6580557823181152,
            0.015468064695596695
          ],
          [
            0.0777437761425972,
            -0.7470978498458862,
            -0.6601626873016357,
            1.2907648086547852
          ],
          [
            0.0,
            0.0,
            0.0,
            1.0
          ]
        ]
      },
      "bone_length_armature_space": 0.04953387880672955,
      "parent": "lowerarm_l",
      "has_children": true,
      "is_end_bone": false
    },
    "thumb_01_l": {
      "name": "thumb_01_l",
      "local": {
        "location": {
          "x": 0.0,
          "y": 0.0,
          "z": 0.0
        },
        "rotation_quaternion": {
          "w": 0.9996456503868103,
          "x": 0.0223337821662426,
          "y": -0.007993672043085098,
          "z": -0.012083359062671661
        },
        "scale": {
          "x": 1.0,
          "y": 1.0,
          "z": 1.0
        },
        "matrix_basis": [
          [
            0.9995802044868469,
            0.02380109764635563,
            -0.016521412879228592,
            0.0
          ],
          [
            -0.024515213444828987,
            0.9987103939056396,
            -0.04445855692028999,
            0.0
          ],
          [
            0.01544194482266903,
            0.044844917953014374,
            0.9988746047019958,
            0.0
          ],
          [
            0.0,
            0.0,
            0.0,
            1.0
          ]
        ],
        "rotation_mode": "QUATERNION"
      },
      "armature_space": {
        "head": {
          "x": 0.6521919965744019,
          "y": -0.07379850000143051,
          "z": 0.30390435457229614
        },
        "tail": {
          "x": 0.6504668593406677,
          "y": -0.07105980813503265,
          "z": 0.2700197696685791
        }
      },
      "world_space": {
        "head": {
          "x": 0.6521919965744019,
          "y": -0.010554499924182892,
          "z": 1.253758430480957
        },
        "tail": {
          "x": 0.6504668593406677,
          "y": -0.007815808057785034,
          "z": 1.2198737859725952
        },
        "rotation_quaternion": {
          "w": 0.640333354473114,
          "x": -0.6068901419639587,
          "y": 0.3608357012271881,
          "z": -0.3024156093597412
        },
        "matrix": [
          [
            0.5566853284835815,
            -0.050681162625551224,
            0.8291759490966797,
            0.6521919965744019
          ],
          [
            -0.8252683877944946,
            0.08045836538076401,
            0.5589799880981445,
            -0.010554499924182892
          ],
          [
            -0.09504523873329163,
            -0.9954756498336792,
            0.002964947372674942,
            1.253758430480957
          ],
          [
            0.0,
            0.0,
            0.0,
            1.0
          ]
        ]
      },
      "bone_length_armature_space": 0.034038825170468384,
      "parent": "metacarpal_thumb_l",
      "has_children": true,
      "is_end_bone": false
    },
    "thumb_02_l": {
      "name": "thumb_02_l",
      "local": {
        "location": {
          "x": 0.0,
          "y": 0.0,
          "z": 0.0
        },
        "rotation_quaternion": {
          "w": 0.9951913356781006,
          "x": 0.09762120991945267,
          "y": 0.008027746342122555,
          "z": 0.00010340883454773575
        },
        "scale": {
          "x": 1.0,
          "y": 1.0,
          "z": 1.0
        },
        "matrix_basis": [
          [
            0.9998710751533508,
            0.001361533417366445,
            0.01599847711622715,
            0.0
          ],
          [
            0.001773179741576314,
            0.9809401631355286,
            -0.19430190324783325,
            0.0
          ],
          [
            -0.015958096832036972,
            0.19430522620677948,
            0.9808112978935242,
            0.0
          ],
          [
            0.0,
            0.0,
            0.0,
            1.0
          ]
        ],
        "rotation_mode": "QUATERNION"
      },
      "armature_space": {
        "head": {
          "x": 0.650466799736023,
          "y": -0.07105980813503265,
          "z": 0.2700197994709015
        },
        "tail": {
          "x": 0.6872240900993347,
          "y": -0.07727792114019394,
          "z": 0.25507259368896484
        }
      },
      "world_space": {
        "head": {
          "x": 0.650466799736023,
          "y": -0.007815808057785034,
          "z": 1.2198737859725952
        },
        "tail": {
          "x": 0.6872240900993347,
          "y": -0.01403392106294632,
          "z": 1.204926609992981
        },
        "rotation_quaternion": {
          "w": 0.6348546147346497,
          "x": -0.12813232839107513,
          "y": 0.139825701713562,
          "z": -0.7489930391311646
        },
        "matrix": [
          [
            -0.161082461476326,
            0.9151707291603088,
            0.3694790005683899,
            0.650466799736023
          ],
          [
            -0.9868360161781311,
            -0.15481646358966827,
            -0.046763669699430466,
            -0.007815808057785034
          ],
          [
            0.014403930865228176,
            -0.3721506595611572,
            0.9280681014060974,
            1.2198737859725952
          ],
          [
            0.0,
            0.0,
            0.0,
            1.0
          ]
        ]
      },
      "bone_length_armature_space": 0.04016444077934306,
      "parent": "thumb_01_l",
      "has_children": true,
      "is_end_bone": false
    },
    "thumb_03_l": {
      "name": "thumb_03_l",
      "local": {
        "location": {
          "x": 0.0,
          "y": 0.0,
          "z": 0.0
        },
        "rotation_quaternion": {
          "w": 0.9968805313110352,
          "x": 0.07864249497652054,
          "y": 0.0012139693135395646,
          "z": -0.0065643275156617165
        },
        "scale": {
          "x": 1.0,
          "y": 1.0,
          "z": 1.0
        },
        "matrix_basis": [
          [
            0.9999108910560608,
            0.013278639875352383,
            0.001387894619256258,
            0.0
          ],
          [
            -0.012896761298179626,
            0.9875445365905762,
            -0.15681028366088867,
            0.0
          ],
          [
            -0.0034528349060565233,
            0.15677841007709503,
            0.9876277446746826,
            0.0
          ],
          [
            0.0,
            0.0,
            0.0,
            1.0
          ]
        ],
        "rotation_mode": "QUATERNION"
      },
      "armature_space": {
        "head": {
          "x": 0.6872240304946899,
          "y": -0.07727796584367752,
          "z": 0.25507253408432007
        },
        "tail": {
          "x": 0.7175654768943787,
          "y": -0.07954617589712143,
          "z": 0.25614213943481445
        }
      },
      "world_space": {
        "head": {
          "x": 0.6872240304946899,
          "y": -0.014033965766429901,
          "z": 1.2049264907836914
        },
        "tail": {
          "x": 0.7175654768943787,
          "y": -0.01630217581987381,
          "z": 1.2059961557388306
        },
        "rotation_quaternion": {
          "w": 0.6688947081565857,
          "x": 0.15871134400367737,
          "y": 0.12380623817443848,
          "z": -0.7155855298042297
        },
        "matrix": [
          [
            -0.05478077381849289,
            0.9966017007827759,
            -0.06151377409696579,
            0.6872240304946899
          ],
          [
            -0.918004035949707,
            -0.07450217008590698,
            -0.3895103335380554,
            -0.014033965766429901
          ],
          [
            -0.3927730619907379,
            0.0351325199007988,
            0.9189717769622803,
            1.2049264907836914
          ],
          [
            0.0,
            0.0,
            0.0,
            1.0
          ]
        ]
      },
      "bone_length_armature_space": 0.030444903930828097,
      "parent": "thumb_02_l",
      "has_children": false,
      "is_end_bone": true
    },
    "metacarpal_index_l": {
      "name": "metacarpal_index_l",
      "local": {
        "location": {
          "x": 0.0,
          "y": 0.0,
          "z": 0.0
        },
        "rotation_quaternion": {
          "w": 0.9993771314620972,
          "x": -0.034217916429042816,
          "y": 0.0033784019760787487,
          "z": 0.007951074279844761
        },
        "scale": {
          "x": 1.0,
          "y": 1.0,
          "z": 1.0
        },
        "matrix_basis": [
          [
            0.9998507499694824,
            -0.016123447567224503,
            0.006208457052707672,
            0.0
          ],
          [
            0.01566104032099247,
            0.9975318312644958,
            0.06844692677259445,
            0.0
          ],
          [
            -0.007296733558177948,
            -0.06833948194980621,
            0.9976354241371155,
            0.0
          ],
          [
            0.0,
            0.0,
            0.0,
            1.0
          ]
        ],
        "rotation_mode": "QUATERNION"
      },
      "armature_space": {
        "head": {
          "x": 0.6320189833641052,
          "y": -0.047775935381650925,
          "z": 0.3409108519554138
        },
        "tail": {
          "x": 0.7148866057395935,
          "y": -0.0954851508140564,
          "z": 0.27319028973579407
        }
      },
      "world_space": {
        "head": {
          "x": 0.6320189833641052,
          "y": 0.015468064695596695,
          "z": 1.2907648086547852
        },
        "tail": {
          "x": 0.7148866057395935,
          "y": -0.03224115073680878,
          "z": 1.2230442762374878
        },
        "rotation_quaternion": {
          "w": 0.21215368807315826,
          "x": -0.8049960732460022,
          "y": -0.501401960849762,
          "z": 0.23572896420955658
        },
        "matrix": [
          [
            0.3860539197921753,
            0.7072322964668274,
            -0.5922706723213196,
            0.6320189833641052
          ],
          [
            0.9072754383087158,
            -0.40717339515686035,
            0.10517339408397675,
            0.015468064695596695
          ],
          [
            -0.1667751520872116,
            -0.5779598355293274,
            -0.7988508343696594,
            1.2907648086547852
          ],
          [
            0.0,
            0.0,
            0.0,
            1.0
          ]
        ]
      },
      "bone_length_armature_space": 0.11717203753503722,
      "parent": "lowerarm_l",
      "has_children": true,
      "is_end_bone": false
    },
    "index_01_l": {
      "name": "index_01_l",
      "local": {
        "location": {
          "x": 0.0,
          "y": 0.0,
          "z": 0.0
        },
        "rotation_quaternion": {
          "w": 0.9954792261123657,
          "x": -0.09109840542078018,
          "y": -0.02391965501010418,
          "z": 0.01225302740931511
        },
        "scale": {
          "x": 1.0,
          "y": 1.0,
          "z": 1.0
        },
        "matrix_basis": [
          [
            0.9985554218292236,
            -0.020037183538079262,
            -0.04985550045967102,
            0.0
          ],
          [
            0.028753353282809258,
            0.9831019043922424,
            0.18078696727752686,
            0.0
          ],
          [
            0.045390576124191284,
            -0.18195931613445282,
            0.9822578430175781,
            0.0
          ],
          [
            0.0,
            0.0,
            0.0,
            1.0
          ]
        ],
        "rotation_mode": "QUATERNION"
      },
      "armature_space": {
        "head": {
          "x": 0.7148866057395935,
          "y": -0.0954851508140564,
          "z": 0.27319028973579407
        },
        "tail": {
          "x": 0.7416660189628601,
          "y": -0.09885326772928238,
          "z": 0.2639930248260498
        }
      },
      "world_space": {
        "head": {
          "x": 0.7148866057395935,
          "y": -0.03224115073680878,
          "z": 1.2230442762374878
        },
        "tail": {
          "x": 0.7416660189628601,
          "y": -0.03560926765203476,
          "z": 1.213847041130066
        },
        "rotation_quaternion": {
          "w": 0.12255043536424637,
          "x": -0.7398349642753601,
          "y": -0.6526264548301697,
          "z": 0.10818717628717422
        },
        "matrix": [
          [
            0.12474740296602249,
            0.9391546845436096,
            -0.32004114985466003,
            0.7148866057395935
          ],
          [
            0.9921886920928955,
            -0.11811999976634979,
            0.040120065212249756,
            -0.03224115073680878
          ],
          [
            -0.00012331828474998474,
            -0.32254862785339355,
            -0.9465603232383728,
            1.2230442762374878
          ],
          [
            0.0,
            0.0,
            0.0,
            1.0
          ]
        ]
      },
      "bone_length_armature_space": 0.02851439710065751,
      "parent": "metacarpal_index_l",
      "has_children": true,
      "is_end_bone": false
    },
    "index_02_l": {
      "name": "index_02_l",
      "local": {
        "location": {
          "x": 0.0,
          "y": 0.0,
          "z": 0.0
        },
        "rotation_quaternion": {
          "w": 0.9997553825378418,
          "x": 0.017935218289494514,
          "y": -0.011228356510400772,
          "z": 0.006435902789235115
        },
        "scale": {
          "x": 1.0,
          "y": 1.0,
          "z": 1.0
        },
        "matrix_basis": [
          [
            0.9996650218963623,
            -0.013271423056721687,
            -0.022220361977815628,
            0.0
          ],
          [
            0.012465890496969223,
            0.9992738366127014,
            -0.03600618988275528,
            0.0
          ],
          [
            0.022682078182697296,
            0.035717133432626724,
            0.9991044998168945,
            0.0
          ],
          [
            0.0,
            0.0,
            0.0,
            1.0
          ]
        ],
        "rotation_mode": "QUATERNION"
      },
      "armature_space": {
        "head": {
          "x": 0.7416661977767944,
          "y": -0.09885353595018387,
          "z": 0.2639926075935364
        },
        "tail": {
          "x": 0.7658036351203918,
          "y": -0.10148805379867554,
          "z": 0.25571408867836
        }
      },
      "world_space": {
        "head": {
          "x": 0.7416661977767944,
          "y": -0.03560953587293625,
          "z": 1.2138466835021973
        },
        "tail": {
          "x": 0.7658036351203918,
          "y": -0.03824405372142792,
          "z": 1.2055680751800537
        },
        "rotation_quaternion": {
          "w": 0.09431562572717667,
          "x": -0.7292892336845398,
          "y": -0.6631409525871277,
          "z": 0.13959215581417084
        },
        "matrix": [
          [
            0.0815151110291481,
            0.9409114718437195,
            -0.3286952078342438,
            0.7416661977767944
          ],
          [
            0.9935745000839233,
            -0.10269709676504135,
            -0.04757443815469742,
            -0.03560953587293625
          ],
          [
            -0.07851892709732056,
            -0.3227076530456543,
            -0.9432437419891357,
            1.2138466835021973
          ],
          [
            0.0,
            0.0,
            0.0,
            1.0
          ]
        ]
      },
      "bone_length_armature_space": 0.025653273902395822,
      "parent": "index_01_l",
      "has_children": true,
      "is_end_bone": false
    },
    "index_03_l": {
      "name": "index_03_l",
      "local": {
        "location": {
          "x": 0.0,
          "y": 0.0,
          "z": 0.0
        },
        "rotation_quaternion": {
          "w": 0.9989292025566101,
          "x": 0.046125609427690506,
          "y": 0.0030987586360424757,
          "z": -0.0018408993491902947
        },
        "scale": {
          "x": 1.0,
          "y": 1.0,
          "z": 1.0
        },
        "matrix_basis": [
          [
            0.9999740123748779,
            0.003963720519095659,
            0.006021055858582258,
            0.0
          ],
          [
            -0.0033919920679181814,
            0.9957380890846252,
            -0.09216384589672089,
            0.0
          ],
          [
            -0.006360706407576799,
            0.09214102476835251,
            0.9957256317138672,
            0.0
          ],
          [
            0.0,
            0.0,
            0.0,
            1.0
          ]
        ],
        "rotation_mode": "QUATERNION"
      },
      "armature_space": {
        "head": {
          "x": 0.7658036947250366,
          "y": -0.10148806869983673,
          "z": 0.2557142376899719
        },
        "tail": {
          "x": 0.7912320494651794,
          "y": -0.10175689309835434,
          "z": 0.24132461845874786
        }
      },
      "world_space": {
        "head": {
          "x": 0.7658036947250366,
          "y": -0.03824406862258911,
          "z": 1.2055683135986328
        },
        "tail": {
          "x": 0.7912320494651794,
          "y": -0.03851289302110672,
          "z": 1.1911786794662476
        },
        "rotation_quaternion": {
          "w": 0.1916058510541916,
          "x": -0.6901187300682068,
          "y": -0.6772641539573669,
          "z": 0.16833506524562836
        },
        "matrix": [
          [
            0.02595081739127636,
            0.8702768683433533,
            -0.4918784201145172,
            0.7658036947250366
          ],
          [
            0.9992935061454773,
            -0.009200305677950382,
            0.03644336760044098,
            -0.03824406862258911
          ],
          [
            0.027191616594791412,
            -0.4924802780151367,
            -0.8699068427085876,
            1.2055683135986328
          ],
          [
            0.0,
            0.0,
            0.0,
            1.0
          ]
        ]
      },
      "bone_length_armature_space": 0.029218737173074938,
      "parent": "index_02_l",
      "has_children": false,
      "is_end_bone": true
    },
    "metacarpal_pinky_l": {
      "name": "metacarpal_pinky_l",
      "local": {
        "location": {
          "x": 0.0,
          "y": 0.0,
          "z": 0.0
        },
        "rotation_quaternion": {
          "w": 0.9998576045036316,
          "x": -0.009682657197117805,
          "y": 0.008976810611784458,
          "z": -0.010512623935937881
        },
        "scale": {
          "x": 1.0,
          "y": 1.0,
          "z": 1.0
        },
        "matrix_basis": [
          [
            0.9996178150177002,
            0.020848415791988373,
            0.018154645338654518,
            0.0
          ],
          [
            -0.021196093410253525,
            0.9995914697647095,
            0.019173817709088326,
            0.0
          ],
          [
            -0.017747484147548676,
            -0.019551295787096024,
            0.999651312828064,
            0.0
          ],
          [
            0.0,
            0.0,
            0.0,
            1.0
          ]
        ],
        "rotation_mode": "QUATERNION"
      },
      "armature_space": {
        "head": {
          "x": 0.6320189833641052,
          "y": -0.047775935381650925,
          "z": 0.3409108519554138
        },
        "tail": {
          "x": 0.7298903465270996,
          "y": -0.0420328751206398,
          "z": 0.3058188259601593
        }
      },
      "world_space": {
        "head": {
          "x": 0.6320189833641052,
          "y": 0.015468064695596695,
          "z": 1.2907648086547852
        },
        "tail": {
          "x": 0.7298903465270996,
          "y": 0.02121112495660782,
          "z": 1.255672812461853
        },
        "rotation_quaternion": {
          "w": 0.5787327289581299,
          "x": 0.2061290293931961,
          "y": 0.43891197443008423,
          "z": -0.6556947827339172
        },
        "matrix": [
          [
            -0.24515670537948608,
            0.9398887753486633,
            0.237712100148201,
            0.6320189833641052
          ],
          [
            -0.5780013203620911,
            0.05515240877866745,
            -0.8141701221466064,
            0.015468064695596695
          ],
          [
            -0.7783458232879639,
            -0.3369995057582855,
            0.5297387838363647,
            1.2907648086547852
          ],
          [
            0.0,
            0.0,
            0.0,
            1.0
          ]
        ]
      },
      "bone_length_armature_space": 0.10413086254386192,
      "parent": "lowerarm_l",
      "has_children": true,
      "is_end_bone": false
    },
    "pinky_01_l": {
      "name": "pinky_01_l",
      "local": {
        "location": {
          "x": 0.0,
          "y": 0.0,
          "z": 0.0
        },
        "rotation_quaternion": {
          "w": 0.9524667859077454,
          "x": 0.3039575219154358,
          "y": 0.019928941503167152,
          "z": 0.004436695948243141
        },
        "scale": {
          "x": 1.0,
          "y": 1.0,
          "z": 1.0
        },
        "matrix_basis": [
          [
            0.9991663098335266,
            0.003663492389023304,
            0.040660444647073746,
            0.0
          ],
          [
            0.02056671492755413,
            0.8151803016662598,
            -0.578842043876648,
            0.0
          ],
          [
            -0.035266175866127014,
            0.5791957378387451,
            0.8144253492355347,
            0.0
          ],
          [
            0.0,
            0.0,
            0.0,
            1.0
          ]
        ],
        "rotation_mode": "QUATERNION"
      },
      "armature_space": {
        "head": {
          "x": 0.7298903465270996,
          "y": -0.0420328751206398,
