{
  "metadata": {
    "armature_name": "KIM_caucasian_male",
    "export_time": "2026-01-13T21:00:54.083282",
    "blender_version": "4.4.1",
    "bone_count": 56,
    "end_bone_count": 13,
    "spaces_included": [
      "LOCAL_CHANNELS",
      "ARMATURE_SPACE",
      "WORLD_SPACE"
    ],
    "note": "LOCAL matches Transform panel; replay pose via local.matrix_basis for best fidelity."
  },
  "bones": {
    "Root": {
      "name": "Root",
      "local": {
        "location": {
          "x": 0.0,
          "y": 0.0,
          "z": 0.0
        },
        "rotation_quaternion": {
          "w": 0.9999550580978394,
          "x": 0.008893783204257488,
          "y": 0.002418480347841978,
          "z": 0.002269015647470951
        },
        "scale": {
          "x": 1.0,
          "y": 1.0,
          "z": 1.0
        },
        "matrix_basis": [
          [
            0.9999780058860779,
            -0.004494808614253998,
            0.004877103492617607,
            0.0
          ],
          [
            0.004580846056342125,
            0.99983149766922,
            -0.017775792628526688,
            0.0
          ],
          [
            -0.00479638297110796,
            0.017797742038965225,
            0.9998301267623901,
            0.0
          ],
          [
            0.0,
            0.0,
            0.0,
            1.0
          ]
        ],
        "rotation_mode": "QUATERNION"
      },
      "armature_space": {
        "head": {
          "x": 0.0,
          "y": 0.07072800397872925,
          "z": -0.009595036506652832
        },
        "tail": {
          "x": -0.0003208208654541522,
          "y": -0.00015885382890701294,
          "z": -0.0012604249641299248
        }
      },
      "world_space": {
        "head": {
          "x": 0.0,
          "y": 0.13397200405597687,
          "z": 0.9402589797973633
        },
        "tail": {
          "x": -0.0003208208654541522,
          "y": 0.0630851462483406,
          "z": 0.9485936164855957
        },
        "rotation_quaternion": {
          "w": 0.058491051197052,
          "x": 0.9982825517654419,
          "y": -0.002100933576002717,
          "z": 0.002565845148637891
        },
        "matrix": [
          [
            0.9999780058860779,
            -0.004494808614253998,
            0.004877103492617607,
            0.0
          ],
          [
            -0.003894490422680974,
            -0.9931487441062927,
            -0.11679241806268692,
            0.13397200405597687
          ],
          [
            0.0053686825558543205,
            0.11677072197198868,
            -0.9931514859199524,
            0.9402589797973633
          ],
          [
            0.0,
            0.0,
            0.0,
            1.0
          ]
        ]
      },
      "bone_length_armature_space": 0.07137587433122264,
      "parent": null,
      "has_children": true,
      "is_end_bone": false
    },
    "spine_01": {
      "name": "spine_01",
      "local": {
        "location": {
          "x": 0.0,
          "y": 0.0,
          "z": 0.0
        },
        "rotation_quaternion": {
          "w": 0.9998506307601929,
          "x": -0.0014606235781684518,
          "y": -0.01629870943725109,
          "z": -0.005577779840677977
        },
        "scale": {
          "x": 1.0,
          "y": 1.0,
          "z": 1.0
        },
        "matrix_basis": [
          [
            0.9994064569473267,
            0.011201505549252033,
            -0.03257625550031662,
            0.0
          ],
          [
            -0.011106280609965324,
            0.9999334812164307,
            0.0031026320066303015,
            0.0
          ],
          [
            0.032608844339847565,
            -0.002738989656791091,
            0.9994644522666931,
            0.0
          ],
          [
            0.0,
            0.0,
            0.0,
            1.0
          ]
        ],
        "rotation_mode": "QUATERNION"
      },
      "armature_space": {
        "head": {
          "x": -0.0003208208654541522,
          "y": -0.00015885382890701294,
          "z": -0.0012604249641299248
        },
        "tail": {
          "x": 0.002587225753813982,
          "y": 0.015294045209884644,
          "z": 0.4864908456802368
        }
      },
      "world_space": {
        "head": {
          "x": -0.0003208208654541522,
          "y": 0.0630851462483406,
          "z": 0.9485936164855957
        },
        "tail": {
          "x": 0.002587225753813982,
          "y": 0.07853804528713226,
          "z": 1.436344861984253
        },
        "rotation_quaternion": {
          "w": 0.7181293368339539,
          "x": 0.6956620812416077,
          "y": -0.011086460202932358,
          "z": -0.014888661913573742
        },
        "matrix": [
          [
            0.9993107914924622,
            0.00595909683033824,
            -0.03663802146911621,
            -0.0003208208654541522
          ],
          [
            -0.03680887818336487,
            0.03166569769382477,
            -0.9988206028938293,
            0.0630851462483406
          ],
          [
            -0.004791969433426857,
            0.9994878172874451,
            0.03186251223087311,
            0.9485936164855957
          ],
          [
            0.0,
            0.0,
            0.0,
            1.0
          ]
        ]
      },
      "bone_length_armature_space": 0.4880046608481989,
      "parent": "Root",
      "has_children": true,
      "is_end_bone": false
    },
    "neck_01": {
      "name": "neck_01",
      "local": {
        "location": {
          "x": 0.0,
          "y": 0.0,
          "z": 0.0
        },
        "rotation_quaternion": {
          "w": 0.9954452514648438,
          "x": 0.025964884087443352,
          "y": 0.0243548396974802,
          "z": -0.08843917399644852
        },
        "scale": {
          "x": 1.0,
          "y": 1.0,
          "z": 1.0
        },
        "matrix_basis": [
          [
            0.9831706881523132,
            0.17733745276927948,
            0.04389519244432449,
            0.0
          ],
          [
            -0.17480796575546265,
            0.9830086827278137,
            -0.05600108578801155,
            0.0
          ],
          [
            -0.053080443292856216,
            0.04738539829850197,
            0.9974653124809265,
            0.0
          ],
          [
            0.0,
            0.0,
            0.0,
            1.0
          ]
        ],
        "rotation_mode": "QUATERNION"
      },
      "armature_space": {
        "head": {
          "x": 0.0017529190517961979,
          "y": -0.017026977613568306,
          "z": 0.5607768297195435
        },
        "tail": {
          "x": 0.01888878084719181,
          "y": -0.05756150931119919,
          "z": 0.6533730030059814
        }
      },
      "world_space": {
        "head": {
          "x": 0.0017529190517961979,
          "y": 0.04621702432632446,
          "z": 1.5106308460235596
        },
        "tail": {
          "x": 0.01888878084719181,
          "y": 0.005682490766048431,
          "z": 1.6032270193099976
        },
        "rotation_quaternion": {
          "w": 0.5450940728187561,
          "x": 0.8341630101203918,
          "y": 0.07199995964765549,
          "z": -0.043134573847055435
        },
        "matrix": [
          [
            0.9859107732772827,
            0.16714435815811157,
            0.00653177872300148,
            0.0017529190517961979
          ],
          [
            0.07309535890817642,
            -0.3953765630722046,
            -0.9156063199043274,
            0.04621702432632446
          ],
          [
            -0.15045686066150665,
            0.9031893014907837,
            -0.40202710032463074,
            1.5106308460235596
          ],
          [
            0.0,
            0.0,
            0.0,
            1.0
          ]
        ]
      },
      "bone_length_armature_space": 0.10252188541521376,
      "parent": "spine_01",
      "has_children": true,
      "is_end_bone": false
    },
    "head": {
      "name": "head",
      "local": {
        "location": {
          "x": 0.0,
          "y": 0.0,
          "z": 0.0
        },
        "rotation_quaternion": {
          "w": 0.981609582901001,
          "x": -0.0820557102560997,
          "y": 0.12504369020462036,
          "z": 0.11863288283348083
        },
        "scale": {
          "x": 1.0,
          "y": 1.0,
          "z": 1.0
        },
        "matrix_basis": [
          [
            0.9405806064605713,
            -0.25342345237731934,
            0.22601915895938873,
            0.0
          ],
          [
            0.2123812586069107,
            0.9583861827850342,
            0.19076192378997803,
            0.0
          ],
          [
            -0.2649571895599365,
            -0.13142475485801697,
            0.9552618861198425,
            0.0
          ],
          [
            0.0,
            0.0,
            0.0,
            1.0
          ]
        ],
        "rotation_mode": "QUATERNION"
      },
      "armature_space": {
        "head": {
          "x": 0.018888771533966064,
          "y": -0.05756162479519844,
          "z": 0.6533728837966919
        },
        "tail": {
          "x": 0.0015526562929153442,
          "y": -0.045599814504384995,
          "z": 0.8070273399353027
        }
      },
      "world_space": {
        "head": {
          "x": 0.018888771533966064,
          "y": 0.005682375282049179,
          "z": 1.603226900100708
        },
        "tail": {
          "x": 0.0015526562929153442,
          "y": 0.017644185572862625,
          "z": 1.7568813562393188
        },
        "rotation_quaternion": {
          "w": 0.7295725345611572,
          "x": 0.6628273129463196,
          "y": 0.07929489016532898,
          "z": 0.14864766597747803
        },
        "matrix": [
          [
            0.9432322382926941,
            -0.11178085207939148,
            0.3127589225769043,
            0.018888771533966064
          ],
          [
            0.32201695442199707,
            0.07712807506322861,
            -0.9435871839523315,
            0.005682375282049179
          ],
          [
            0.08135340362787247,
            0.9907423257827759,
            0.10874486714601517,
            1.603226900100708
          ],
          [
            0.0,
            0.0,
            0.0,
            1.0
          ]
        ]
      },
      "bone_length_armature_space": 0.15509132154495095,
      "parent": "neck_01",
      "has_children": false,
      "is_end_bone": true
    },
    "upperarm_l": {
      "name": "upperarm_l",
      "local": {
        "location": {
          "x": 0.0,
          "y": 0.0,
          "z": 0.0
        },
        "rotation_quaternion": {
          "w": 0.9322053790092468,
          "x": -0.007747740484774113,
          "y": 0.33419862389564514,
          "z": -0.13872435688972473
        },
        "scale": {
          "x": 1.0,
          "y": 1.0,
          "z": 1.0
        },
        "matrix_basis": [
          [
            0.7381336688995361,
            0.2534606158733368,
            0.6252331137657166,
            0.0
          ],
          [
            -0.26381775736808777,
            0.961391031742096,
            -0.07827800512313843,
            0.0
          ],
          [
            -0.6209338903427124,
            -0.10716795176267624,
            0.7765024900436401,
            0.0
          ],
          [
            0.0,
            0.0,
            0.0,
            1.0
          ]
        ],
        "rotation_mode": "QUATERNION"
      },
      "armature_space": {
        "head": {
          "x": 0.15113219618797302,
          "y": -0.027861859649419785,
          "z": 0.4929863214492798
        },
        "tail": {
          "x": 0.40670454502105713,
          "y": 0.0008073374629020691,
          "z": 0.41769659519195557
        }
      },
      "world_space": {
        "head": {
          "x": 0.15113219618797302,
          "y": 0.035382140427827835,
          "z": 1.442840337753296
        },
        "tail": {
          "x": 0.40670454502105713,
          "y": 0.06405133754014969,
          "z": 1.3675506114959717
        },
        "rotation_quaternion": {
          "w": 0.22586427628993988,
          "x": 0.5533974170684814,
          "y": 0.7088583111763,
          "z": -0.37450864911079407
        },
        "matrix": [
          [
            -0.28547197580337524,
            0.9537369608879089,
            -0.09429509937763214,
            0.15113219618797302
          ],
          [
            0.6153856515884399,
            0.10698682069778442,
            -0.7809319496154785,
            0.035382140427827835
          ],
          [
            -0.7347198128700256,
            -0.2809638977050781,
            -0.6174627542495728,
            1.442840337753296
          ],
          [
            0.0,
            0.0,
            0.0,
            1.0
          ]
        ]
      },
      "bone_length_armature_space": 0.26796957681333006,
      "parent": "spine_01",
      "has_children": true,
      "is_end_bone": false
    },
    "lowerarm_l": {
      "name": "lowerarm_l",
      "local": {
        "location": {
          "x": 0.0,
          "y": 0.0,
          "z": 0.0
        },
        "rotation_quaternion": {
          "w": 0.9356405735015869,
          "x": 0.282377153635025,
          "y": 0.10438505560159683,
          "z": -0.18423812091350555
        },
        "scale": {
          "x": 1.0,
          "y": 1.0,
          "z": 1.0
        },
        "matrix_basis": [
          [
            0.9103201627731323,
            0.4037132263183594,
            0.09128451347351074,
            0.0
          ],
          [
            -0.28580939769744873,
            0.7726389169692993,
            -0.5668704509735107,
            0.0
          ],
          [
            -0.2993830442428589,
            0.48994362354278564,
            0.818733811378479,
            0.0
          ],
          [
            0.0,
            0.0,
            0.0,
            1.0
          ]
        ],
        "rotation_mode": "QUATERNION"
      },
      "armature_space": {
        "head": {
          "x": 0.4067046642303467,
          "y": 0.0008072331547737122,
          "z": 0.41769662499427795
        },
        "tail": {
          "x": 0.5550063848495483,
          "y": -0.06414753198623657,
          "z": 0.20472365617752075
        }
      },
      "world_space": {
        "head": {
          "x": 0.4067046642303467,
          "y": 0.06405123323202133,
          "z": 1.3675506114959717
        },
        "tail": {
          "x": 0.5550063848495483,
          "y": -0.0009035319089889526,
          "z": 1.1545777320861816
        },
        "rotation_quaternion": {
          "w": 0.071601003408432,
          "x": -0.5226829648017883,
          "y": -0.6111257672309875,
          "z": 0.5900856852531433
        },
        "matrix": [
          [
            -0.4433478116989136,
            0.5543482303619385,
            -0.7043724060058594,
            0.4067046642303467
          ],
          [
            0.723353922367096,
            -0.2427993267774582,
            -0.6463806629180908,
            0.06405123323202133
          ],
          [
            -0.5293442010879517,
            -0.7960878014564514,
            -0.29334813356399536,
            1.3675506114959717
          ],
          [
            0.0,
            0.0,
            0.0,
            1.0
          ]
        ]
      },
      "bone_length_armature_space": 0.2675257112861885,
      "parent": "upperarm_l",
      "has_children": true,
      "is_end_bone": false
    },
    "metacarpal_thumb_l": {
      "name": "metacarpal_thumb_l",
      "local": {
        "location": {
          "x": 0.0,
          "y": 0.0,
          "z": 0.0
        },
        "rotation_quaternion": {
          "w": 0.9999268651008606,
          "x": -0.006776751019060612,
          "y": -0.004206202458590269,
          "z": -0.009100120514631271
        },
        "scale": {
          "x": 1.0,
          "y": 1.0,
          "z": 1.0
        },
        "matrix_basis": [
          [
            0.9997990131378174,
            0.018255919218063354,
            -0.008288451470434666,
            0.0
          ],
          [
            -0.01814190112054348,
            0.9997425079345703,
            0.01362906489521265,
            0.0
          ],
          [
            0.008535128086805344,
            -0.013475957326591015,
            0.9998727440834045,
            0.0
          ],
          [
            0.0,
            0.0,
            0.0,
            1.0
          ]
        ],
        "rotation_mode": "QUATERNION"
      },
      "armature_space": {
        "head": {
          "x": 0.5550063848495483,
          "y": -0.06414753198623657,
          "z": 0.20472365617752075
        },
        "tail": {
          "x": 0.5532398223876953,
          "y": -0.08604603260755539,
          "z": 0.16032829880714417
        }
      },
      "world_space": {
        "head": {
          "x": 0.5550063848495483,
          "y": -0.0009035319089889526,
          "z": 1.1545777320861816
        },
        "tail": {
          "x": 0.5532398223876953,
          "y": -0.02280203253030777,
          "z": 1.110182285308838
        },
        "rotation_quaternion": {
          "w": 0.5131220817565918,
          "x": -0.8163142204284668,
          "y": -0.12513798475265503,
          "z": 0.23383185267448425
        },
        "matrix": [
          [
            0.8593264222145081,
            -0.035664305090904236,
            -0.5101821422576904,
            0.5550063848495483
          ],
          [
            0.444271981716156,
            -0.4420931935310364,
            0.7792151570320129,
            -0.0009035319089889526
          ],
          [
            -0.25333958864212036,
            -0.8962664008140564,
            -0.3640596568584442,
            1.1545777320861816
          ],
          [
            0.0,
            0.0,
            0.0,
            1.0
          ]
        ]
      },
      "bone_length_armature_space": 0.04953395604477872,
      "parent": "lowerarm_l",
      "has_children": true,
      "is_end_bone": false
    },
    "thumb_01_l": {
      "name": "thumb_01_l",
      "local": {
        "location": {
          "x": 0.0,
          "y": 0.0,
          "z": 0.0
        },
        "rotation_quaternion": {
          "w": 0.9871135950088501,
          "x": 0.1570652574300766,
          "y": 0.029670123010873795,
          "z": -0.007548131980001926
        },
        "scale": {
          "x": 1.0,
          "y": 1.0,
          "z": 1.0
        },
        "matrix_basis": [
          [
            0.998125433921814,
            0.02422201819717884,
            0.05620446428656578,
            0.0
          ],
          [
            -0.005581436213105917,
            0.9505470395088196,
            -0.310530424118042,
            0.0
          ],
          [
            -0.06094666197896004,
            0.30963459610939026,
            0.9489004015922546,
            0.0
          ],
          [
            0.0,
            0.0,
            0.0,
            1.0
          ]
        ],
        "rotation_mode": "QUATERNION"
      },
      "armature_space": {
        "head": {
          "x": 0.5532398223876953,
          "y": -0.08604603260755539,
          "z": 0.16032829880714417
        },
        "tail": {
          "x": 0.5456175208091736,
          "y": -0.07426125556230545,
          "z": 0.12931770086288452
        }
      },
      "world_space": {
        "head": {
          "x": 0.5532398223876953,
          "y": -0.02280203253030777,
          "z": 1.110182285308838
        },
        "tail": {
          "x": 0.5456175208091736,
          "y": -0.01101725548505783,
          "z": 1.0791716575622559
        },
        "rotation_quaternion": {
          "w": 0.6129432916641235,
          "x": -0.5055145025253296,
          "y": 0.5453537106513977,
          "z": -0.2671049237251282
        },
        "matrix": [
          [
            0.26248806715011597,
            -0.2239309698343277,
            0.9385918378829956,
            0.5532398223876953
          ],
          [
            -0.8788093328475952,
            0.3462183177471161,
            0.3283706307411194,
            -0.02280203253030777
          ],
          [
            -0.3984934389591217,
            -0.9110428690910339,
            -0.10591492056846619,
            1.110182285308838
          ],
          [
            0.0,
            0.0,
            0.0,
            1.0
          ]
        ]
      },
      "bone_length_armature_space": 0.034038767075909214,
      "parent": "metacarpal_thumb_l",
      "has_children": true,
      "is_end_bone": false
    },
    "thumb_02_l": {
      "name": "thumb_02_l",
      "local": {
        "location": {
          "x": 0.0,
          "y": 0.0,
          "z": 0.0
        },
        "rotation_quaternion": {
          "w": 0.9347648620605469,
          "x": 0.3551810383796692,
          "y": 0.005584182683378458,
          "z": -0.005484624300152063
        },
        "scale": {
          "x": 1.0,
          "y": 1.0,
          "z": 1.0
        },
        "matrix_basis": [
          [
            0.9998774528503418,
            0.014220459386706352,
            0.006543726194649935,
            0.0
          ],
          [
            -0.006286876741796732,
            0.7476326823234558,
            -0.6640827655792236,
            0.0
          ],
          [
            -0.01433586422353983,
            0.6639602780342102,
            0.7476304769515991,
            0.0
          ],
          [
            0.0,
            0.0,
            0.0,
            1.0
          ]
        ],
        "rotation_mode": "QUATERNION"
      },
      "armature_space": {
        "head": {
          "x": 0.5456174612045288,
          "y": -0.07426124066114426,
          "z": 0.1293177306652069
        },
        "tail": {
          "x": 0.5815917253494263,
          "y": -0.09110139310359955,
          "z": 0.12336444109678268
        }
      },
      "world_space": {
        "head": {
          "x": 0.5456174612045288,
          "y": -0.011017240583896637,
          "z": 1.0791717767715454
        },
        "tail": {
          "x": 0.5815917253494263,
          "y": -0.02785739302635193,
          "z": 1.0732184648513794
        },
        "rotation_quaternion": {
          "w": 0.529868483543396,
          "x": 0.015869898721575737,
          "y": 0.09797484427690506,
          "z": -0.8422521352767944
        },
        "matrix": [
          [
            -0.4379749000072479,
            0.8956751823425293,
            0.07709565758705139,
            0.5456174612045288
          ],
          [
            -0.8894562125205994,
            -0.4192805290222168,
            -0.18185624480247498,
            -0.011017240583896637
          ],
          [
            -0.1305609941482544,
            -0.14822295308113098,
            0.9803049564361572,
            1.0791717767715454
          ],
          [
            0.0,
            0.0,
            0.0,
            1.0
          ]
        ]
      },
      "bone_length_armature_space": 0.040164412926873325,
      "parent": "thumb_01_l",
      "has_children": true,
      "is_end_bone": false
    },
    "thumb_03_l": {
      "name": "thumb_03_l",
      "local": {
        "location": {
          "x": 0.0,
          "y": 0.0,
          "z": 0.0
        },
        "rotation_quaternion": {
          "w": 0.9804514646530151,
          "x": 0.19664514064788818,
          "y": 0.00670174416154623,
          "z": 0.0007875648443587124
        },
        "scale": {
          "x": 1.0,
          "y": 1.0,
          "z": 1.0
        },
        "matrix_basis": [
          [
            0.9999089241027832,
            0.0010913925943896174,
            0.013451211154460907,
            0.0
          ],
          [
            0.0041800690814852715,
            0.9226601123809814,
            -0.3855914771556854,
            0.0
          ],
          [
            -0.012831727974116802,
            0.3856125771999359,
            0.9225715398788452,
            0.0
          ],
          [
            0.0,
            0.0,
            0.0,
            1.0
          ]
        ],
        "rotation_mode": "QUATERNION"
      },
      "armature_space": {
        "head": {
          "x": 0.5815916657447815,
          "y": -0.09110140800476074,
          "z": 0.12336438149213791
        },
        "tail": {
          "x": 0.6048475503921509,
          "y": -0.10467717051506042,
          "z": 0.13756850361824036
        }
      },
      "world_space": {
        "head": {
          "x": 0.5815916657447815,
          "y": -0.027857407927513123,
          "z": 1.0732183456420898
        },
        "tail": {
          "x": 0.6048475503921509,
          "y": -0.041433170437812805,
          "z": 1.087422490119934
        },
        "rotation_quaternion": {
          "w": 0.523147463798523,
          "x": 0.36059361696243286,
          "y": -0.057961780577898026,
          "z": -0.7700192332267761
        },
        "matrix": [
          [
            -0.19257648289203644,
            0.7638674378395081,
            -0.6159712672233582,
            0.5815916657447815
          ],
          [
            -0.8474685549736023,
            -0.44591280817985535,
            -0.2880260646343231,
            -0.027857407927513123
          ],
          [
            -0.4946872591972351,
            0.4665522575378418,
            0.7332309484481812,
            1.0732183456420898
          ],
          [
            0.0,
            0.0,
            0.0,
            1.0
          ]
        ]
      },
      "bone_length_armature_space": 0.030444943774532895,
      "parent": "thumb_02_l",
      "has_children": false,
      "is_end_bone": true
    },
    "metacarpal_index_l": {
      "name": "metacarpal_index_l",
      "local": {
        "location": {
          "x": 0.0,
          "y": 0.0,
          "z": 0.0
        },
        "rotation_quaternion": {
          "w": 0.9997177720069885,
          "x": -0.02181585133075714,
          "y": -0.0034269525203853846,
          "z": -0.00876355916261673
        },
        "scale": {
          "x": 1.0,
          "y": 1.0,
          "z": 1.0
        },
        "matrix_basis": [
          [
            0.9998229146003723,
            0.017671694979071617,
            -0.0064696017652750015,
            0.0
          ],
          [
            -0.017372647300362587,
            0.9988945126533508,
            0.04367945343255997,
            0.0
          ],
          [
            0.007234339602291584,
            -0.043559323996305466,
            0.9990246295928955,
            0.0
          ],
          [
            0.0,
            0.0,
            0.0,
            1.0
          ]
        ],
        "rotation_mode": "QUATERNION"
      },
      "armature_space": {
        "head": {
          "x": 0.5550063848495483,
          "y": -0.06414753198623657,
          "z": 0.20472365617752075
        },
        "tail": {
          "x": 0.5941919088363647,
          "y": -0.10963724553585052,
          "z": 0.10410284250974655
        }
      },
      "world_space": {
        "head": {
          "x": 0.5550063848495483,
          "y": -0.0009035319089889526,
          "z": 1.1545777320861816
        },
        "tail": {
          "x": 0.5941919088363647,
          "y": -0.046393245458602905,
          "z": 1.0539568662643433
        },
        "rotation_quaternion": {
          "w": 0.3749828040599823,
          "x": -0.7485995888710022,
          "y": -0.4065369665622711,
          "z": 0.3656698763370514
        },
        "matrix": [
          [
            0.402025431394577,
            0.3344281315803528,
            -0.8523691296577454,
            0.5550063848495483
          ],
          [
            0.8829071521759033,
            -0.38823115825653076,
            0.2641059458255768,
            -0.0009035319089889526
          ],
          [
            -0.2425927221775055,
            -0.8587464690208435,
            -0.45135074853897095,
            1.1545777320861816
          ],
          [
            0.0,
            0.0,
            0.0,
            1.0
          ]
        ]
      },
      "bone_length_armature_space": 0.1171723842806265,
      "parent": "lowerarm_l",
      "has_children": true,
      "is_end_bone": false
    },
    "index_01_l": {
      "name": "index_01_l",
      "local": {
        "location": {
          "x": 0.0,
          "y": 0.0,
          "z": 0.0
        },
        "rotation_quaternion": {
          "w": 0.9709815979003906,
          "x": 0.23772786557674408,
          "y": 0.025663360953330994,
          "z": 0.004647746682167053
        },
        "scale": {
          "x": 1.0,
          "y": 1.0,
          "z": 1.0
        },
        "matrix_basis": [
          [
            0.9986395835876465,
            0.003176039084792137,
            0.05204709991812706,
            0.0
          ],
          [
            0.02122754417359829,
            0.8869277238845825,
            -0.4614202082157135,
            0.0
          ],
          [
            -0.04762750491499901,
            0.4618973135948181,
            0.8856537342071533,
            0.0
          ],
          [
            0.0,
            0.0,
            0.0,
            1.0
          ]
        ],
        "rotation_mode": "QUATERNION"
      },
      "armature_space": {
        "head": {
          "x": 0.5941919088363647,
          "y": -0.10963724553585052,
          "z": 0.10410284250974655
        },
        "tail": {
          "x": 0.5981506109237671,
          "y": -0.1084020584821701,
          "z": 0.07589143514633179
        }
      },
      "world_space": {
        "head": {
          "x": 0.5941919088363647,
          "y": -0.046393245458602905,
          "z": 1.0539568662643433
        },
        "tail": {
          "x": 0.5981506109237671,
          "y": -0.045158058404922485,
          "z": 1.0257453918457031
        },
        "rotation_quaternion": {
          "w": 0.5577079653739929,
          "x": -0.5899382829666138,
          "y": -0.458934485912323,
          "z": 0.3609899878501892
        },
        "matrix": [
          [
            0.3181293308734894,
            0.1388317048549652,
            -0.9378268718719482,
            0.5941919088363647
          ],
          [
            0.9441407918930054,
            0.043318115174770355,
            0.32668378949165344,
            -0.046393245458602905
          ],
          [
            0.0859803706407547,
            -0.9893751740455627,
            -0.11729636788368225,
            1.0539568662643433
          ],
          [
            0.0,
            0.0,
            0.0,
            1.0
          ]
        ]
      },
      "bone_length_armature_space": 0.02851456719544265,
      "parent": "metacarpal_index_l",
      "has_children": true,
      "is_end_bone": false
    },
    "index_02_l": {
      "name": "index_02_l",
      "local": {
        "location": {
          "x": 0.0,
          "y": 0.0,
          "z": 0.0
        },
        "rotation_quaternion": {
          "w": 0.9153721928596497,
          "x": 0.4024583697319031,
          "y": 0.010239172726869583,
          "z": 0.00401732325553894
        },
        "scale": {
          "x": 1.0,
          "y": 1.0,
          "z": 1.0
        },
        "matrix_basis": [
          [
            0.9997580647468567,
            0.0008869895245879889,
            0.021978918462991714,
            0.0
          ],
          [
            0.015596373938024044,
            0.6760222315788269,
            -0.7367161512374878,
            0.0
          ],
          [
            -0.01551169715821743,
            0.7368806600570679,
            0.6758448481559753,
            0.0
          ],
          [
            0.0,
            0.0,
            0.0,
            1.0
          ]
        ],
        "rotation_mode": "QUATERNION"
      },
      "armature_space": {
        "head": {
          "x": 0.5981503129005432,
          "y": -0.10840216279029846,
          "z": 0.07589099556207657
        },
        "tail": {
          "x": 0.5833215713500977,
          "y": -0.1022859439253807,
          "z": 0.05587109923362732
        }
      },
      "world_space": {
        "head": {
          "x": 0.5981503129005432,
          "y": -0.04515816271305084,
          "z": 1.0257450342178345
        },
        "tail": {
          "x": 0.5833215713500977,
          "y": -0.03904194384813309,
          "z": 1.0057251453399658
        },
        "rotation_quaternion": {
          "w": 0.7289799451828003,
          "x": -0.3210673928260803,
          "y": -0.2963074743747711,
          "z": 0.5269781351089478
        },
        "matrix": [
          [
            0.2689897418022156,
            -0.5780444145202637,
            -0.7703953981399536,
            0.5981503129005432
          ],
          [
            0.9585831165313721,
            0.2384186089038849,
            0.15580637753009796,
            -0.04515816271305084
          ],
          [
            0.09361506998538971,
            -0.7804033756256104,
            0.618240237236023,
            1.0257450342178345
          ],
          [
            0.0,
            0.0,
            0.0,
            1.0
          ]
        ]
      },
      "bone_length_armature_space": 0.025653380847227104,
      "parent": "index_01_l",
      "has_children": true,
      "is_end_bone": false
    },
    "index_03_l": {
      "name": "index_03_l",
      "local": {
        "location": {
          "x": 0.0,
          "y": 0.0,
          "z": 0.0
        },
        "rotation_quaternion": {
          "w": 0.9676908254623413,
          "x": 0.2520551085472107,
          "y": -0.002806341042742133,
          "z": -0.0059165447019040585
        },
        "scale": {
          "x": 1.0,
          "y": 1.0,
          "z": 1.0
        },
        "matrix_basis": [
          [
            0.9999142289161682,
            0.010036067105829716,
            -0.008413931354880333,
            0.0
          ],
          [
            -0.012865477241575718,
            0.8728664517402649,
            -0.4877896308898926,
            0.0
          ],
          [
            0.002448750426992774,
            0.48785603046417236,
            0.8729206919670105,
            0.0
          ],
          [
            0.0,
            0.0,
            0.0,
            1.0
          ]
        ],
        "rotation_mode": "QUATERNION"
      },
      "armature_space": {
        "head": {
          "x": 0.5833216905593872,
          "y": -0.10228599607944489,
          "z": 0.05587101727724075
        },
        "tail": {
          "x": 0.5578259825706482,
          "y": -0.09061384201049805,
          "z": 0.04765743762254715
        }
      },
      "world_space": {
        "head": {
          "x": 0.5833216905593872,
          "y": -0.039041996002197266,
          "z": 1.0057250261306763
        },
        "tail": {
          "x": 0.5578259825706482,
          "y": -0.027369841933250427,
          "z": 0.9975114464759827
        },
        "rotation_quaternion": {
          "w": 0.8263232111930847,
          "x": -0.08485665917396545,
          "y": -0.13010774552822113,
          "z": 0.5413514971733093
        },
        "matrix": [
          [
            0.3800206184387207,
            -0.8725817203521729,
            -0.3068963289260864,
            0.5833216905593872
          ],
          [
            0.9167438745498657,
            0.39947575330734253,
            -0.0006309449672698975,
            -0.039041996002197266
          ],
          [
            0.12314977496862411,
            -0.281107097864151,
            0.9517495632171631,
            1.0057250261306763
          ],
          [
            0.0,
            0.0,
            0.0,
            1.0
          ]
        ]
      },
      "bone_length_armature_space": 0.029218713362045765,
      "parent": "index_02_l",
      "has_children": false,
      "is_end_bone": true
    },
    "metacarpal_pinky_l": {
      "name": "metacarpal_pinky_l",
      "local": {
        "location": {
          "x": 0.0,
          "y": 0.0,
          "z": 0.0
        },
        "rotation_quaternion": {
          "w": 0.9994756579399109,
          "x": 0.0282830111682415,
          "y": 0.009595233015716076,
          "z": -0.012510442174971104
        },
        "scale": {
          "x": 1.0,
          "y": 1.0,
          "z": 1.0
        },
        "matrix_basis": [
          [
            0.9995028376579285,
            0.02555052936077118,
            0.018472738564014435,
            0.0
          ],
          [
            -0.02446500025689602,
            0.9980871081352234,
            -0.05677644535899162,
            0.0
          ],
          [
            -0.019888069480657578,
            0.05629628151655197,
            0.9982160329818726,
            0.0
          ],
          [
            0.0,
            0.0,
            0.0,
            1.0
          ]
        ],
        "rotation_mode": "QUATERNION"
      },
      "armature_space": {
        "head": {
          "x": 0.5550063848495483,
          "y": -0.06414753198623657,
          "z": 0.20472365617752075
        },
        "tail": {
          "x": 0.6320118308067322,
          "y": -0.0738091990351677,
          "z": 0.1352967619895935
        }
      },
      "world_space": {
        "head": {
          "x": 0.5550063848495483,
          "y": -0.0009035319089889526,
          "z": 1.1545777320861816
        },
        "tail": {
          "x": 0.6320118308067322,
          "y": -0.010565198957920074,
          "z": 1.0851507186889648
        },
        "rotation_quaternion": {
          "w": 0.4096810221672058,
          "x": 0.13467276096343994,
          "y": 0.5345739722251892,
          "z": -0.7268117666244507
        },
        "matrix": [
          [
            -0.6280480027198792,
            0.7395073771476746,
            0.24224835634231567,
            0.5550063848495483
          ],
          [
            -0.4515402615070343,
            -0.09278401732444763,
            -0.8874136805534363,
            -0.0009035319089889526
          ],
          [
            -0.6337770819664001,
            -0.6667279601097107,
            0.3921920657157898,
            1.1545777320861816
          ],
          [
            0.0,
            0.0,
            0.0,
            1.0
          ]
        ]
      },
      "bone_length_armature_space": 0.10413107214581233,
      "parent": "lowerarm_l",
      "has_children": true,
      "is_end_bone": false
    },
    "pinky_01_l": {
      "name": "pinky_01_l",
      "local": {
        "location": {
          "x": 0.0,
          "y": 0.0,
          "z": 0.0
        },
        "rotation_quaternion": {
          "w": 0.9425461292266846,
          "x": 0.3335162103176117,
          "y": 0.013670578598976135,
          "z": -0.01367619913071394
        },
        "scale": {
          "x": 1.0,
          "y": 1.0,
          "z": 1.0
        },
        "matrix_basis": [
          [
            0.9992521405220032,
            0.03489961475133896,
            0.016647834330797195,
            0.0
          ],
          [
            -0.016662178561091423,
            0.7771598100662231,
            -0.6290827393531799,
            0.0
          ],
          [
            -0.034892771393060684,
            0.6283348798751831,
            0.777160108089447,
            0.0
          ],
          [
            0.0,
            0.0,
            0.0,
            1.0
          ]
        ],
        "rotation_mode": "QUATERNION"
      },
      "armature_space": {
        "head": {
          "x": 0.6320118308067322,
          "y": -0.0738091990351677,
