{
  "metadata": {
    "armature_name": "KIM_caucasian_male",
    "export_time": "2026-01-13T21:05:41.048091",
    "blender_version": "4.4.1",
    "bone_count": 56,
    "end_bone_count": 13,
    "spaces_included": [
      "LOCAL_CHANNELS",
      "ARMATURE_SPACE",
      "WORLD_SPACE"
    ],
    "note": "LOCAL matches Transform panel; replay pose via local.matrix_basis for best fidelity."
  },
  "bones": {
    "Root": {
      "name": "Root",
      "local": {
        "location": {
          "x": 0.0,
          "y": 0.0,
          "z": 0.0
        },
        "rotation_quaternion": {
          "w": 0.9998244047164917,
          "x": 0.008463826961815357,
          "y": 0.01517465990036726,
          "z": 0.0070215556770563126
        },
        "scale": {
          "x": 1.0,
          "y": 1.0,
          "z": 1.0
        },
        "matrix_basis": [
          [
            0.9994408488273621,
            -0.013783774338662624,
            0.030462849885225296,
            0.0
          ],
          [
            0.014297517016530037,
            0.9997581243515015,
            -0.016711581498384476,
            0.0
          ],
          [
            -0.030225131660699844,
            0.017137780785560608,
            0.9993962049484253,
            0.0
          ],
          [
            0.0,
            0.0,
            0.0,
            1.0
          ]
        ],
        "rotation_mode": "QUATERNION"
      },
      "armature_space": {
        "head": {
          "x": 0.0,
          "y": 0.07072800397872925,
          "z": -0.009595036506652832
        },
        "tail": {
          "x": -0.0009838289115577936,
          "y": -0.00014732778072357178,
          "z": -0.0012144511565566063
        }
      },
      "world_space": {
        "head": {
          "x": 0.0,
          "y": 0.13397200405597687,
          "z": 0.9402589797973633
        },
        "tail": {
          "x": -0.0009838289115577936,
          "y": 0.06309667229652405,
          "z": 0.9486395716667175
        },
        "rotation_quaternion": {
          "w": 0.05891123041510582,
          "x": 0.9981231689453125,
          "y": -0.005983320064842701,
          "z": 0.015613214112818241
        },
        "matrix": [
          [
            0.9994408488273621,
            -0.013783774338662624,
            0.030462849885225296,
            0.0
          ],
          [
            -0.010104585438966751,
            -0.992987334728241,
            -0.1177886351943016,
            0.13397200405597687
          ],
          [
            0.031873006373643875,
            0.11741483211517334,
            -0.9925784468650818,
            0.9402589797973633
          ],
          [
            0.0,
            0.0,
            0.0,
            1.0
          ]
        ]
      },
      "bone_length_armature_space": 0.0713758704456591,
      "parent": null,
      "has_children": true,
      "is_end_bone": false
    },
    "spine_01": {
      "name": "spine_01",
      "local": {
        "location": {
          "x": 0.0,
          "y": 0.0,
          "z": 0.0
        },
        "rotation_quaternion": {
          "w": 0.9958614110946655,
          "x": 0.07575913518667221,
          "y": -0.04982900992035866,
          "z": -0.006152857560664415
        },
        "scale": {
          "x": 1.0,
          "y": 1.0,
          "z": 1.0
        },
        "matrix_basis": [
          [
            0.9949584007263184,
            0.0047047813422977924,
            -0.10017784684896469,
            0.0
          ],
          [
            -0.01980479247868061,
            0.9884454011917114,
            -0.1502780169248581,
            0.0
          ],
          [
            0.09831330925226212,
            0.15150438249111176,
            0.983555257320404,
            0.0
          ],
          [
            0.0,
            0.0,
            0.0,
            1.0
          ]
        ],
        "rotation_mode": "QUATERNION"
      },
      "armature_space": {
        "head": {
          "x": -0.0009838289115577936,
          "y": -0.00014732778072357178,
          "z": -0.0012144511565566063
        },
        "tail": {
          "x": -0.014728246256709099,
          "y": -0.059606630355119705,
          "z": 0.48295924067497253
        }
      },
      "world_space": {
        "head": {
          "x": -0.0009838289115577936,
          "y": 0.06309667229652405,
          "z": 0.9486395716667175
        },
        "tail": {
          "x": -0.014728246256709099,
          "y": 0.0036373697221279144,
          "z": 1.432813286781311
        },
        "rotation_quaternion": {
          "w": 0.6610457301139832,
          "x": 0.7483240962028503,
          "y": -0.04579433798789978,
          "z": -0.030537491664290428
        },
        "matrix": [
          [
            0.9939406514167786,
            -0.02816472016274929,
            -0.10624829679727554,
            -0.0009838289115577936
          ],
          [
            -0.10891149193048477,
            -0.12184252589941025,
            -0.9865560531616211,
            0.06309667229652405
          ],
          [
            0.01484051626175642,
            0.9921566843986511,
            -0.12417348474264145,
            0.9486395716667175
          ],
          [
            0.0,
            0.0,
            0.0,
            1.0
          ]
        ]
      },
      "bone_length_armature_space": 0.4880045867716755,
      "parent": "Root",
      "has_children": true,
      "is_end_bone": false
    },
    "neck_01": {
      "name": "neck_01",
      "local": {
        "location": {
          "x": 0.0,
          "y": 0.0,
          "z": 0.0
        },
        "rotation_quaternion": {
          "w": 0.99395751953125,
          "x": -0.09124194830656052,
          "y": -0.016066523268818855,
          "z": 0.058865804225206375
        },
        "scale": {
          "x": 1.0,
          "y": 1.0,
          "z": 1.0
        },
        "matrix_basis": [
          [
            0.9925533533096313,
            -0.11408833414316177,
            -0.04268094524741173,
            0.0
          ],
          [
            0.11995209753513336,
            0.9764194488525391,
            0.17948970198631287,
            0.0
          ],
          [
            0.021196821704506874,
            -0.18327277898788452,
            0.9828335642814636,
            0.0
          ],
          [
            0.0,
            0.0,
            0.0,
            1.0
          ]
        ],
        "rotation_mode": "QUATERNION"
      },
      "armature_space": {
        "head": {
          "x": -0.02047516033053398,
          "y": -0.10274194926023483,
          "z": 0.5512970685958862
        },
        "tail": {
          "x": -0.03706938400864601,
          "y": -0.13397744297981262,
          "z": 0.6475245356559753
        }
      },
      "world_space": {
        "head": {
          "x": -0.02047516033053398,
          "y": -0.03949794918298721,
          "z": 1.5011510848999023
        },
        "tail": {
          "x": -0.03706938400864601,
          "y": -0.070733442902565,
          "z": 1.5973784923553467
        },
        "rotation_quaternion": {
          "w": 0.5796884298324585,
          "x": 0.8076042532920837,
          "y": -0.10781744122505188,
          "z": -0.010597608983516693
        },
        "matrix": [
          [
            0.9765259623527527,
            -0.16186116635799408,
            -0.1421191394329071,
            -0.02047516033053398
          ],
          [
            -0.18643496930599213,
            -0.30467307567596436,
            -0.9340324401855469,
            -0.03949794918298721
          ],
          [
            0.10788427293300629,
            0.9386091828346252,
            -0.32770103216171265,
            1.5011510848999023
          ],
          [
            0.0,
            0.0,
            0.0,
            1.0
          ]
        ]
      },
      "bone_length_armature_space": 0.10252194559758575,
      "parent": "spine_01",
      "has_children": true,
      "is_end_bone": false
    },
    "head": {
      "name": "head",
      "local": {
        "location": {
          "x": 0.0,
          "y": 0.0,
          "z": 0.0
        },
        "rotation_quaternion": {
          "w": 0.990454912185669,
          "x": 0.07734928280115128,
          "y": -0.01215890422463417,
          "z": -0.11343906819820404
        },
        "scale": {
          "x": 1.0,
          "y": 1.0,
          "z": 1.0
        },
        "matrix_basis": [
          [
            0.9739674925804138,
            0.2228316068649292,
            -0.04163455218076706,
            0.0
          ],
          [
            -0.2265935242176056,
            0.9622973203659058,
            -0.15046335756778717,
            0.0
          ],
          [
            0.006536831613630056,
            0.15598054230213165,
            0.9877384901046753,
            0.0
          ],
          [
            0.0,
            0.0,
            0.0,
            1.0
          ]
        ],
        "rotation_mode": "QUATERNION"
      },
      "armature_space": {
        "head": {
          "x": -0.03706939518451691,
          "y": -0.13397756218910217,
          "z": 0.6475244164466858
        },
        "tail": {
          "x": -0.022983290255069733,
          "y": -0.15622469782829285,
          "z": 0.8003640174865723
        }
      },
      "world_space": {
        "head": {
          "x": -0.03706939518451691,
          "y": -0.07073356211185455,
          "z": 1.5973784923553467
        },
        "tail": {
          "x": -0.022983290255069733,
          "y": -0.09298069775104523,
          "z": 1.7502180337905884
        },
        "rotation_quaternion": {
          "w": 0.6533527970314026,
          "x": 0.7477182149887085,
          "y": -0.03750746324658394,
          "z": -0.1124318540096283
        },
        "matrix": [
          [
            0.9719046354293823,
            0.09082523733377457,
            -0.2171451449394226,
            -0.03706939518451691
          ],
          [
            -0.20300467312335968,
            -0.1434464156627655,
            -0.9686137437820435,
            -0.07073356211185455
          ],
          [
            -0.11912431567907333,
            0.9854884743690491,
            -0.12098018079996109,
            1.5973784923553467
          ],
          [
            0.0,
            0.0,
            0.0,
            1.0
          ]
        ]
      },
      "bone_length_armature_space": 0.1550912523467536,
      "parent": "neck_01",
      "has_children": false,
      "is_end_bone": true
    },
    "upperarm_l": {
      "name": "upperarm_l",
      "local": {
        "location": {
          "x": 0.0,
          "y": 0.0,
          "z": 0.0
        },
        "rotation_quaternion": {
          "w": 0.7478229999542236,
          "x": 0.592309296131134,
          "y": -0.07374177128076553,
          "z": 0.2906762361526489
        },
        "scale": {
          "x": 1.0,
          "y": 1.0,
          "z": 1.0
        },
        "matrix_basis": [
          [
            0.8201389312744141,
            -0.5221046209335327,
            0.23404888808727264,
            0.0
          ],
          [
            0.34739288687705994,
            0.12935404479503632,
            -0.928754985332489,
            0.0
          ],
          [
            0.45463207364082336,
            0.8430150747299194,
            0.2874636948108673,
            0.0
          ],
          [
            0.0,
            0.0,
            0.0,
            1.0
          ]
        ],
        "rotation_mode": "QUATERNION"
      },
      "armature_space": {
        "head": {
          "x": 0.13017000257968903,
          "y": -0.11403616517782211,
          "z": 0.4864464998245239
        },
        "tail": {
          "x": 0.14848966896533966,
          "y": -0.3599621653556824,
          "z": 0.5912918448448181
        }
      },
      "world_space": {
        "head": {
          "x": 0.13017000257968903,
          "y": -0.05079216510057449,
          "z": 1.43630051612854
        },
        "tail": {
          "x": 0.14848966896533966,
          "y": -0.29671818017959595,
          "z": 1.5411458015441895
        },
        "rotation_quaternion": {
          "w": 0.1821962594985962,
          "x": 0.7925404906272888,
          "y": -0.08907976746559143,
          "z": -0.5751078128814697
        },
        "matrix": [
          [
            0.3226321041584015,
            0.06836473941802979,
            -0.9440522789955139,
            0.13017000257968903
          ],
          [
            -0.35076403617858887,
            -0.9177389740943909,
            -0.18633364140987396,
            -0.05079216510057449
          ],
          [
            -0.8791385889053345,
            0.39125856757164,
            -0.2721141576766968,
            1.43630051612854
          ],
          [
            0.0,
            0.0,
            0.0,
            1.0
          ]
        ]
      },
      "bone_length_armature_space": 0.26796967977436875,
      "parent": "spine_01",
      "has_children": true,
      "is_end_bone": false
    },
    "lowerarm_l": {
      "name": "lowerarm_l",
      "local": {
        "location": {
          "x": 0.0,
          "y": 0.0,
          "z": 0.0
        },
        "rotation_quaternion": {
          "w": 0.8963963985443115,
          "x": 0.42149588465690613,
          "y": -0.03916012868285179,
          "z": 0.1314583271741867
        },
        "scale": {
          "x": 1.0,
          "y": 1.0,
          "z": 1.0
        },
        "matrix_basis": [
          [
            0.9623703956604004,
            -0.26868921518325806,
            0.04061229154467583,
            0.0
          ],
          [
            0.20266588032245636,
            0.6101198792457581,
            -0.765950620174408,
            0.0
          ],
          [
            0.18102428317070007,
            0.745358943939209,
            0.6416153907775879,
            0.0
          ],
          [
            0.0,
            0.0,
            0.0,
            1.0
          ]
        ],
        "rotation_mode": "QUATERNION"
      },
      "armature_space": {
        "head": {
          "x": 0.1484895795583725,
          "y": -0.35996219515800476,
          "z": 0.5912919640541077
        },
        "tail": {
          "x": -0.07088920474052429,
          "y": -0.481634259223938,
          "z": 0.6842344999313354
        }
      },
      "world_space": {
        "head": {
          "x": 0.1484895795583725,
          "y": -0.29671818017959595,
          "z": 1.5411460399627686
        },
        "tail": {
          "x": -0.07088920474052429,
          "y": -0.41839027404785156,
          "z": 1.6340885162353516
        },
        "rotation_quaternion": {
          "w": 0.11371532082557678,
          "x": -0.6939937472343445,
          "y": 0.5095722079277039,
          "z": 0.49575987458229065
        },
        "matrix": [
          [
            -0.010884732007980347,
            -0.82003253698349,
            -0.5722134709358215,
            0.1484895795583725
          ],
          [
            -0.5945291519165039,
            -0.4548071622848511,
            0.6630881428718567,
            -0.29671818017959595
          ],
          [
            -0.8040067553520203,
            0.3474169969558716,
            -0.4825853407382965,
            1.5411460399627686
          ],
          [
            0.0,
            0.0,
            0.0,
            1.0
          ]
        ]
      },
      "bone_length_armature_space": 0.2675246860575387,
      "parent": "upperarm_l",
      "has_children": true,
      "is_end_bone": false
    },
    "metacarpal_thumb_l": {
      "name": "metacarpal_thumb_l",
      "local": {
        "location": {
          "x": 0.0,
          "y": 0.0,
          "z": 0.0
        },
        "rotation_quaternion": {
          "w": 0.9999205470085144,
          "x": 0.0035108833108097315,
          "y": -0.009550690650939941,
          "z": -0.007443014532327652
        },
        "scale": {
          "x": 1.0,
          "y": 1.0,
          "z": 1.0
        },
        "matrix_basis": [
          [
            0.9997067451477051,
            0.014817783609032631,
            -0.01915212720632553,
            0.0
          ],
          [
            -0.014951908960938454,
            0.9998645782470703,
            -0.006879036780446768,
            0.0
          ],
          [
            0.019047601148486137,
            0.007163380738347769,
            0.9997929334640503,
            0.0
          ],
          [
            0.0,
            0.0,
            0.0,
            1.0
          ]
        ],
        "rotation_mode": "QUATERNION"
      },
      "armature_space": {
        "head": {
          "x": -0.07088920474052429,
          "y": -0.481634259223938,
          "z": 0.6842344999313354
        },
        "tail": {
          "x": -0.11960860341787338,
          "y": -0.486255019903183,
          "z": 0.6765758991241455
        }
      },
      "world_space": {
        "head": {
          "x": -0.07088920474052429,
          "y": -0.41839027404785156,
          "z": 1.6340885162353516
        },
        "tail": {
          "x": -0.11960860341787338,
          "y": -0.42301100492477417,
          "z": 1.6264299154281616
        },
        "rotation_quaternion": {
          "w": 0.12986208498477936,
          "x": 0.6945266127586365,
          "y": -0.6606756448745728,
          "z": 0.25352805852890015
        },
        "matrix": [
          [
            -0.0015386161394417286,
            -0.9835612773895264,
            0.18056772649288177,
            -0.07088920474052429
          ],
          [
            -0.8518655300140381,
            -0.0932849645614624,
            -0.5153865814208984,
            -0.41839027404785156
          ],
          [
            0.5237612724304199,
            -0.15461352467536926,
            -0.8377248048782349,
            1.6340885162353516
          ],
          [
            0.0,
            0.0,
            0.0,
            1.0
          ]
        ]
      },
      "bone_length_armature_space": 0.04953368028651151,
      "parent": "lowerarm_l",
      "has_children": true,
      "is_end_bone": false
    },
    "thumb_01_l": {
      "name": "thumb_01_l",
      "local": {
        "location": {
          "x": 0.0,
          "y": 0.0,
          "z": 0.0
        },
        "rotation_quaternion": {
          "w": 0.9983896017074585,
          "x": 0.0520748570561409,
          "y": -0.01767732761800289,
          "z": 0.013926227577030659
        },
        "scale": {
          "x": 1.0,
          "y": 1.0,
          "z": 1.0
        },
        "matrix_basis": [
          [
            0.9989871382713318,
            -0.029648689553141594,
            -0.03384730592370033,
            0.0
          ],
          [
            0.02596651390194893,
            0.9941885471343994,
            -0.10447435081005096,
            0.0
          ],
          [
            0.03674813359975815,
            0.10348963737487793,
            0.9939514398574829,
            0.0
          ],
          [
            0.0,
            0.0,
            0.0,
            1.0
          ]
        ],
        "rotation_mode": "QUATERNION"
      },
      "armature_space": {
        "head": {
          "x": -0.11960860341787338,
          "y": -0.486255019903183,
          "z": 0.6765758991241455
        },
        "tail": {
          "x": -0.1364215761423111,
          "y": -0.5012234449386597,
          "z": 0.6510434746742249
        }
      },
      "world_space": {
        "head": {
          "x": -0.11960860341787338,
          "y": -0.42301100492477417,
          "z": 1.6264299154281616
        },
        "tail": {
          "x": -0.1364215761423111,
          "y": -0.43797945976257324,
          "z": 1.6008975505828857
        },
        "rotation_quaternion": {
          "w": 0.21742235124111176,
          "x": 0.13433508574962616,
          "y": -0.48254913091659546,
          "z": 0.8377517461776733
        },
        "matrix": [
          [
            -0.8693629503250122,
            -0.4939388036727905,
            0.015243113040924072,
            -0.11960860341787338
          ],
          [
            0.23464754223823547,
            -0.4397481679916382,
            -0.8669270873069763,
            -0.42301100492477417
          ],
          [
            0.43491530418395996,
            -0.7501031756401062,
            0.4982047975063324,
            1.6264299154281616
          ],
          [
            0.0,
            0.0,
            0.0,
            1.0
          ]
        ]
      },
      "bone_length_armature_space": 0.034038720049770536,
      "parent": "metacarpal_thumb_l",
      "has_children": true,
      "is_end_bone": false
    },
    "thumb_02_l": {
      "name": "thumb_02_l",
      "local": {
        "location": {
          "x": 0.0,
          "y": 0.0,
          "z": 0.0
        },
        "rotation_quaternion": {
          "w": 0.9941938519477844,
          "x": 0.10726220160722733,
          "y": -0.008295677602291107,
          "z": -0.0021594762802124023
        },
        "scale": {
          "x": 1.0,
          "y": 1.0,
          "z": 1.0
        },
        "matrix_basis": [
          [
            0.9998530149459839,
            0.002514250809326768,
            -0.01695828326046467,
            0.0
          ],
          [
            -0.00607350142672658,
            0.9769803285598755,
            -0.2132430076599121,
            0.0
          ],
          [
            0.016031762585043907,
            0.21331466734409332,
            0.9768519997596741,
            0.0
          ],
          [
            0.0,
            0.0,
            0.0,
            1.0
          ]
        ],
        "rotation_mode": "QUATERNION"
      },
      "armature_space": {
        "head": {
          "x": -0.13642153143882751,
          "y": -0.5012233853340149,
          "z": 0.6510434746742249
        },
        "tail": {
          "x": -0.16543059051036835,
          "y": -0.523565948009491,
          "z": 0.6675500869750977
        }
      },
      "world_space": {
        "head": {
          "x": -0.13642153143882751,
          "y": -0.43797940015792847,
          "z": 1.6008975505828857
        },
        "tail": {
          "x": -0.16543059051036835,
          "y": -0.46032196283340454,
          "z": 1.6174041032791138
        },
        "rotation_quaternion": {
          "w": 0.4382687509059906,
          "x": 0.12501953542232513,
          "y": 0.17257413268089294,
          "z": 0.8732174634933472
        },
        "matrix": [
          [
            -0.5845805406570435,
            -0.7222579121589661,
            0.36960655450820923,
            -0.13642153143882751
          ],
          [
            0.8085587024688721,
            -0.5562771558761597,
            0.19180449843406677,
            -0.43797940015792847
          ],
          [
            0.06707264482975006,
            0.4109760522842407,
            0.9091832041740417,
            1.6008975505828857
          ],
          [
            0.0,
            0.0,
            0.0,
            1.0
          ]
        ]
      },
      "bone_length_armature_space": 0.0401644603892817,
      "parent": "thumb_01_l",
      "has_children": true,
      "is_end_bone": false
    },
    "thumb_03_l": {
      "name": "thumb_03_l",
      "local": {
        "location": {
          "x": 0.0,
          "y": 0.0,
          "z": 0.0
        },
        "rotation_quaternion": {
          "w": 0.9979146718978882,
          "x": 0.0645015686750412,
          "y": -0.001722217770293355,
          "z": -0.001708894968032837
        },
        "scale": {
          "x": 1.0,
          "y": 1.0,
          "z": 1.0
        },
        "matrix_basis": [
          [
            0.9999881982803345,
            0.0031884913332760334,
            -0.0036577056162059307,
            0.0
          ],
          [
            -0.003632834181189537,
            0.9916732311248779,
            -0.1287282407283783,
            0.0
          ],
          [
            0.003216800047084689,
            0.12874001264572144,
            0.9916731715202332,
            0.0
          ],
          [
            0.0,
            0.0,
            0.0,
            1.0
          ]
        ],
        "rotation_mode": "QUATERNION"
      },
      "armature_space": {
        "head": {
          "x": -0.16543062031269073,
          "y": -0.5235658288002014,
          "z": 0.6675500273704529
        },
        "tail": {
          "x": -0.17937856912612915,
          "y": -0.5394992828369141,
          "z": 0.6894240975379944
        }
      },
      "world_space": {
        "head": {
          "x": -0.16543062031269073,
          "y": -0.460321843624115,
          "z": 1.6174039840698242
        },
        "tail": {
          "x": -0.17937856912612915,
          "y": -0.47625529766082764,
          "z": 1.6392781734466553
        },
        "rotation_quaternion": {
          "w": 0.28503963351249695,
          "x": 0.04872054234147072,
          "y": 0.3963265120983124,
          "z": 0.8713805675506592
        },
        "matrix": [
          [
            -0.832756757736206,
            -0.45813775062561035,
            0.31084704399108887,
            -0.16543062031269073
          ],
          [
            0.5353755354881287,
            -0.5233548283576965,
            0.6629276871681213,
            -0.460321843624115
          ],
          [
            -0.14102932810783386,
            0.7184818387031555,
            0.6811085343360901,
            1.6174039840698242
          ],
          [
            0.0,
            0.0,
            0.0,
            1.0
          ]
        ]
      },
      "bone_length_armature_space": 0.030444953334026945,
      "parent": "thumb_02_l",
      "has_children": false,
      "is_end_bone": true
    },
    "metacarpal_index_l": {
      "name": "metacarpal_index_l",
      "local": {
        "location": {
          "x": 0.0,
          "y": 0.0,
          "z": 0.0
        },
        "rotation_quaternion": {
          "w": 0.9983741641044617,
          "x": -0.05537702515721321,
          "y": 0.010066524147987366,
          "z": 0.009011318907141685
        },
        "scale": {
          "x": 1.0,
          "y": 1.0,
          "z": 1.0
        },
        "matrix_basis": [
          [
            0.9996349215507507,
            -0.0191082451492548,
            0.019102275371551514,
            0.0
          ],
          [
            0.01687842793762684,
            0.9937043786048889,
            0.11075540632009506,
            0.0
          ],
          [
            -0.02109835483133793,
            -0.11039255559444427,
            0.9936640858650208,
            0.0
          ],
          [
            0.0,
            0.0,
            0.0,
            1.0
          ]
        ],
        "rotation_mode": "QUATERNION"
      },
      "armature_space": {
        "head": {
          "x": -0.07088920474052429,
          "y": -0.481634259223938,
          "z": 0.6842344999313354
        },
        "tail": {
          "x": -0.18083149194717407,
          "y": -0.5094857215881348,
          "z": 0.7136660814285278
        }
      },
      "world_space": {
        "head": {
          "x": -0.07088920474052429,
          "y": -0.41839027404785156,
          "z": 1.6340885162353516
        },
        "tail": {
          "x": -0.18083149194717407,
          "y": -0.44624173641204834,
          "z": 1.663520097732544
        },
        "rotation_quaternion": {
          "w": 0.10220368951559067,
          "x": 0.7831032872200012,
          "y": -0.6088560223579407,
          "z": -0.0748208612203598
        },
        "matrix": [
          [
            0.2473922073841095,
            -0.9383004307746887,
            -0.24163946509361267,
            -0.07088920474052429
          ],
          [
            -0.9688882827758789,
            -0.2376975417137146,
            -0.06896112859249115,
            -0.41839027404785156
          ],
          [
            0.007268067449331284,
            0.25118353962898254,
            -0.9679194688796997,
            1.6340885162353516
          ],
          [
            0.0,
            0.0,
            0.0,
            1.0
          ]
        ]
      },
      "bone_length_armature_space": 0.11717179212994563,
      "parent": "lowerarm_l",
      "has_children": true,
      "is_end_bone": false
    },
    "index_01_l": {
      "name": "index_01_l",
      "local": {
        "location": {
          "x": 0.0,
          "y": 0.0,
          "z": 0.0
        },
        "rotation_quaternion": {
          "w": 0.9969961643218994,
          "x": -0.07445183396339417,
          "y": 0.013664627447724342,
          "z": -0.016401732340455055
        },
        "scale": {
          "x": 1.0,
          "y": 1.0,
          "z": 1.0
        },
        "matrix_basis": [
          [
            0.9990885257720947,
            0.03067021444439888,
            0.02968944050371647,
            0.0
          ],
          [
            -0.03473964333534241,
            0.9883758425712585,
            0.14800813794136047,
            0.0
          ],
          [
            -0.02480488456785679,
            -0.14890463650226593,
            0.9885404109954834,
            0.0
          ],
          [
            0.0,
            0.0,
            0.0,
            1.0
          ]
        ],
        "rotation_mode": "QUATERNION"
      },
      "armature_space": {
        "head": {
          "x": -0.18083149194717407,
          "y": -0.5094857215881348,
          "z": 0.7136660814285278
        },
        "tail": {
          "x": -0.2001742720603943,
          "y": -0.524924635887146,
          "z": 0.7278282642364502
        }
      },
      "world_space": {
        "head": {
          "x": -0.18083149194717407,
          "y": -0.44624173641204834,
          "z": 1.663520097732544
        },
        "tail": {
          "x": -0.2001742720603943,
          "y": -0.46168065071105957,
          "z": 1.6776822805404663
        },
        "rotation_quaternion": {
          "w": 0.21689897775650024,
          "x": 0.8664291501045227,
          "y": -0.42688724398612976,
          "z": -0.14150185883045197
        },
        "matrix": [
          [
            0.5954884886741638,
            -0.6783522367477417,
            -0.43038585782051086,
            -0.18083149194717407
          ],
          [
            -0.801118791103363,
            -0.5414440631866455,
            -0.25504374504089355,
            -0.44624173641204834
          ],
          [
            -0.06002172827720642,
            0.49666857719421387,
            -0.8658705353736877,
            1.663520097732544
          ],
          [
            0.0,
            0.0,
            0.0,
            1.0
          ]
        ]
      },
      "bone_length_armature_space": 0.02851439332098337,
      "parent": "metacarpal_index_l",
      "has_children": true,
      "is_end_bone": false
    },
    "index_02_l": {
      "name": "index_02_l",
      "local": {
        "location": {
          "x": 0.0,
          "y": 0.0,
          "z": 0.0
        },
        "rotation_quaternion": {
          "w": 0.9763689637184143,
          "x": 0.21599224209785461,
          "y": 0.0071441130712628365,
          "z": -0.0001617913949303329
        },
        "scale": {
          "x": 1.0,
          "y": 1.0,
          "z": 1.0
        },
        "matrix_basis": [
          [
            0.9998978972434998,
            0.003402082249522209,
            0.01388068962842226,
            0.0
          ],
          [
            0.0027702099177986383,
            0.9066946506500244,
            -0.4217785596847534,
            0.0
          ],
          [
            -0.014020471833646297,
            0.4217739403247833,
            0.906592607498169,
            0.0
          ],
          [
            0.0,
            0.0,
            0.0,
            1.0
          ]
        ],
        "rotation_mode": "QUATERNION"
      },
      "armature_space": {
        "head": {
          "x": -0.20017480850219727,
          "y": -0.5249247550964355,
          "z": 0.7278282046318054
        },
        "tail": {
          "x": -0.22043801844120026,
          "y": -0.5403528213500977,
          "z": 0.7309049963951111
        }
      },
      "world_space": {
        "head": {
          "x": -0.20017480850219727,
          "y": -0.4616807699203491,
          "z": 1.6776821613311768
        },
        "tail": {
          "x": -0.22043801844120026,
          "y": -0.47710883617401123,
          "z": 1.6807589530944824
        },
        "rotation_quaternion": {
          "w": 0.027357781305909157,
          "x": 0.8912495374679565,
          "y": -0.4455866515636444,
          "z": -0.07986478507518768
        },
        "matrix": [
          [
            0.590148389339447,
            -0.7898882627487183,
            -0.16673904657363892,
            -0.20017480850219727
          ],
          [
            -0.7986277937889099,
            -0.6014081239700317,
            0.022408172488212585,
            -0.4616807699203491
          ],
          [
            -0.11797991394996643,
            0.11993849277496338,
            -0.9857532978057861,
            1.6776821613311768
          ],
          [
            0.0,
            0.0,
            0.0,
            1.0
          ]
        ]
      },
      "bone_length_armature_space": 0.02565325628207088,
      "parent": "index_01_l",
      "has_children": true,
      "is_end_bone": false
    },
    "index_03_l": {
      "name": "index_03_l",
      "local": {
        "location": {
          "x": 0.0,
          "y": 0.0,
          "z": 0.0
        },
        "rotation_quaternion": {
          "w": 0.9771360754966736,
          "x": 0.21258796751499176,
          "y": -0.0020238207653164864,
          "z": 0.0027211448177695274
        },
        "scale": {
          "x": 1.0,
          "y": 1.0,
          "z": 1.0
        },
        "matrix_basis": [
          [
            0.9999769926071167,
            -0.00617833761498332,
            -0.002798131201416254,
            0.0
          ],
          [
            0.004457377828657627,
            0.9095978736877441,
            -0.415465772151947,
            0.0
          ],
          [
            0.005112061742693186,
            0.4154437184333801,
            0.909604549407959,
            0.0
          ],
          [
            0.0,
            0.0,
            0.0,
            1.0
          ]
        ],
        "rotation_mode": "QUATERNION"
      },
      "armature_space": {
        "head": {
          "x": -0.22043800354003906,
          "y": -0.5403528213500977,
          "z": 0.7309051156044006
        },
        "tail": {
          "x": -0.24097536504268646,
          "y": -0.5576390624046326,
          "z": 0.7193666100502014
        }
      },
      "world_space": {
        "head": {
          "x": -0.22043800354003906,
          "y": -0.47710883617401123,
          "z": 1.6807591915130615
        },
        "tail": {
          "x": -0.24097536504268646,
          "y": -0.49439507722854614,
          "z": 1.6692206859588623
        },
        "rotation_quaternion": {
          "w": 0.19579248130321503,
          "x": -0.8902691006660461,
          "y": 0.4072561264038086,
          "z": -0.05682218819856644
        },
        "matrix": [
          [
            0.661827027797699,
            -0.7028845548629761,
            0.260650634765625,
            -0.22043800354003906
          ],
          [
            -0.7473863959312439,
            -0.5916154384613037,
            0.30233240127563477,
            -0.47710883617401123
          ],
          [
            -0.05830109864473343,
            -0.39490166306495667,
            -0.9168792963027954,
            1.6807591915130615
          ],
          [
            0.0,
            0.0,
            0.0,
            1.0
          ]
        ]
      },
      "bone_length_armature_space": 0.02921873465299522,
      "parent": "index_02_l",
      "has_children": false,
      "is_end_bone": true
    },
    "metacarpal_pinky_l": {
      "name": "metacarpal_pinky_l",
      "local": {
        "location": {
          "x": 0.0,
          "y": 0.0,
          "z": 0.0
        },
        "rotation_quaternion": {
          "w": 0.999345064163208,
          "x": -0.02883472479879856,
          "y": 0.018578480929136276,
          "z": 0.011533394455909729
        },
        "scale": {
          "x": 1.0,
          "y": 1.0,
          "z": 1.0
        },
        "matrix_basis": [
          [
            0.9990436434745789,
            -0.024123093113303185,
            0.036467503756284714,
            0.0
          ],
          [
            0.021980270743370056,
            0.9980710744857788,
            0.05806022509932518,
            0.0
          ],
          [
            -0.037797752767801285,
            -0.057203132659196854,
            0.9976468086242676,
            0.0
          ],
          [
            0.0,
            0.0,
            0.0,
            1.0
          ]
        ],
        "rotation_mode": "QUATERNION"
      },
      "armature_space": {
        "head": {
          "x": -0.07088920474052429,
          "y": -0.481634259223938,
          "z": 0.6842344999313354
        },
        "tail": {
          "x": -0.13088160753250122,
          "y": -0.5529043078422546,
          "z": 0.7307612299919128
        }
      },
      "world_space": {
        "head": {
          "x": -0.07088920474052429,
          "y": -0.41839027404785156,
          "z": 1.6340885162353516
        },
        "tail": {
          "x": -0.13088160753250122,
          "y": -0.4896603226661682,
          "z": 1.6806151866912842
        },
        "rotation_quaternion": {
          "w": 0.2402995526790619,
          "x": -0.2372114658355713,
          "y": 0.3162938952445984,
          "z": 0.8865354061126709
        },
        "matrix": [
          [
            -0.7719737887382507,
            -0.5761256814002991,
            -0.26858121156692505,
            -0.07088920474052429
          ],
          [
            0.2760118544101715,
            -0.6844282150268555,
            0.6748155355453491,
            -0.41839027404785156
          ],
          [
            -0.5726065635681152,
            0.44681060314178467,
            0.6873835325241089,
            1.6340885162353516
          ],
          [
            0.0,
            0.0,
            0.0,
            1.0
          ]
        ]
      },
      "bone_length_armature_space": 0.10413090245892541,
      "parent": "lowerarm_l",
      "has_children": true,
      "is_end_bone": false
    },
    "pinky_01_l": {
      "name": "pinky_01_l",
      "local": {
        "location": {
          "x": 0.0,
          "y": 0.0,
          "z": 0.0
        },
        "rotation_quaternion": {
          "w": 0.999569833278656,
          "x": 0.026545636355876923,
          "y": -0.0057505052536726,
          "z": 0.011065185070037842
        },
        "scale": {
          "x": 1.0,
          "y": 1.0,
          "z": 1.0
        },
        "matrix_basis": [
          [
            0.999688982963562,
            -0.022426152601838112,
            -0.010908598080277443,
            0.0
          ],
          [
            0.021815549582242966,
            0.9983457922935486,
            -0.05319569632411003,
            0.0
          ],
          [
            0.012083527632057667,
            0.05294117331504822,
            0.99852454662323,
            0.0
          ],
          [
            0.0,
            0.0,
            0.0,
            1.0
          ]
        ],
        "rotation_mode": "QUATERNION"
      },
      "armature_space": {
        "head": {
          "x": -0.13088160753250122,
