{
  "metadata": {
    "armature_name": "KIM_caucasian_male",
    "export_time": "2026-01-13T21:08:16.215383",
    "blender_version": "4.4.1",
    "bone_count": 56,
    "end_bone_count": 13,
    "spaces_included": [
      "LOCAL_CHANNELS",
      "ARMATURE_SPACE",
      "WORLD_SPACE"
    ],
    "note": "LOCAL matches Transform panel; replay pose via local.matrix_basis for best fidelity."
  },
  "bones": {
    "Root": {
      "name": "Root",
      "local": {
        "location": {
          "x": 0.0,
          "y": 0.0,
          "z": 0.0
        },
        "rotation_quaternion": {
          "w": 0.9995983839035034,
          "x": -0.01124647632241249,
          "y": -0.013003616593778133,
          "z": -0.022529223933815956
        },
        "scale": {
          "x": 1.0,
          "y": 1.0,
          "z": 1.0
        },
        "matrix_basis": [
          [
            0.9986466765403748,
            0.04533284157514572,
            -0.025490039959549904,
            0.0
          ],
          [
            -0.044747862964868546,
            0.9987319111824036,
            0.023069841787219048,
            0.0
          ],
          [
            0.026503536850214005,
            -0.021897995844483376,
            0.9994088411331177,
            0.0
          ],
          [
            0.0,
            0.0,
            0.0,
            1.0
          ]
        ],
        "rotation_mode": "QUATERNION"
      },
      "armature_space": {
        "head": {
          "x": 0.0,
          "y": 0.07072800397872925,
          "z": -0.009595036506652832
        },
        "tail": {
          "x": 0.0032356709707528353,
          "y": 0.0002998039126396179,
          "z": 0.001536644995212555
        }
      },
      "world_space": {
        "head": {
          "x": 0.0,
          "y": 0.13397200405597687,
          "z": 0.9402589797973633
        },
        "tail": {
          "x": 0.0032356709707528353,
          "y": 0.06354380398988724,
          "z": 0.9513906836509705
        },
        "rotation_quaternion": {
          "w": 0.07856151461601257,
          "x": 0.9965698719024658,
          "y": 0.02160201594233513,
          "z": -0.014491823501884937
        },
        "matrix": [
          [
            0.9986466765403748,
            0.04533284157514572,
            -0.025490039959549904,
            0.0
          ],
          [
            0.04077883064746857,
            -0.9867228269577026,
            -0.15721066296100616,
            0.13397200405597687
          ],
          [
            -0.032278597354888916,
            0.1559586077928543,
            -0.987243115901947,
            0.9402589797973633
          ],
          [
            0.0,
            0.0,
            0.0,
            1.0
          ]
        ]
      },
      "bone_length_armature_space": 0.07137587311836219,
      "parent": null,
      "has_children": true,
      "is_end_bone": false
    },
    "spine_01": {
      "name": "spine_01",
      "local": {
        "location": {
          "x": 0.0,
          "y": 0.0,
          "z": 0.0
        },
        "rotation_quaternion": {
          "w": 0.9983416795730591,
          "x": 0.010418092831969261,
          "y": -0.055832237005233765,
          "z": 0.009383308701217175
        },
        "scale": {
          "x": 1.0,
          "y": 1.0,
          "z": 1.0
        },
        "matrix_basis": [
          [
            0.9935894012451172,
            -0.019898828119039536,
            -0.1112837865948677,
            0.0
          ],
          [
            0.01757216639816761,
            0.9996068477630615,
            -0.021849414333701134,
            0.0
          ],
          [
            0.11167480796575546,
            0.019753850996494293,
            0.9935484528541565,
            0.0
          ],
          [
            0.0,
            0.0,
            0.0,
            1.0
          ]
        ],
        "rotation_mode": "QUATERNION"
      },
      "armature_space": {
        "head": {
          "x": 0.0032356709707528353,
          "y": 0.0002998039126396179,
          "z": 0.001536644995212555
        },
        "tail": {
          "x": 0.008283255621790886,
          "y": 0.024344677105545998,
          "z": 0.48892244696617126
        }
      },
      "world_space": {
        "head": {
          "x": 0.0032356709707528353,
          "y": 0.06354380398988724,
          "z": 0.9513906836509705
        },
        "tail": {
          "x": 0.008283255621790886,
          "y": 0.08758867532014847,
          "z": 1.4387764930725098
        },
        "rotation_quaternion": {
          "w": 0.7239986062049866,
          "x": 0.6889141798019409,
          "y": -0.021491026505827904,
          "z": -0.02759283035993576
        },
        "matrix": [
          [
            0.9975535273551941,
            0.010343384929001331,
            -0.06913720071315765,
            0.0032356709707528353
          ],
          [
            -0.06956537067890167,
            0.04927215725183487,
            -0.9963598847389221,
            0.06354380398988724
          ],
          [
            -0.006899302825331688,
            0.9987388849258423,
            0.04987059906125069,
            0.9513906836509705
          ],
          [
            0.0,
            0.0,
            0.0,
            1.0
          ]
        ]
      },
      "bone_length_armature_space": 0.488004670110792,
      "parent": "Root",
      "has_children": true,
      "is_end_bone": false
    },
    "neck_01": {
      "name": "neck_01",
      "local": {
        "location": {
          "x": 0.0,
          "y": 0.0,
          "z": 0.0
        },
        "rotation_quaternion": {
          "w": 0.991622805595398,
          "x": 0.018071206286549568,
          "y": -0.054684437811374664,
          "z": -0.11561689525842667
        },
        "scale": {
          "x": 1.0,
          "y": 1.0,
          "z": 1.0
        },
        "matrix_basis": [
          [
            0.9672846794128418,
            0.22732026875019073,
            -0.11263134330511093,
            0.0
          ],
          [
            -0.2312731295824051,
            0.9726123213768005,
            -0.023194750770926476,
            0.0
          ],
          [
            0.10427399724721909,
            0.04848453029990196,
            0.9933660626411438,
            0.0
          ],
          [
            0.0,
            0.0,
            0.0,
            1.0
          ]
        ],
        "rotation_mode": "QUATERNION"
      },
      "armature_space": {
        "head": {
          "x": 0.006642873398959637,
          "y": -0.006601888686418533,
          "z": 0.5637781023979187
        },
        "tail": {
          "x": 0.027877215296030045,
          "y": -0.04613367095589638,
          "z": 0.6559576988220215
        }
      },
      "world_space": {
        "head": {
          "x": 0.006642873398959637,
          "y": 0.056642111390829086,
          "z": 1.51363205909729
        },
        "tail": {
          "x": 0.027877215296030045,
          "y": 0.017110329121351242,
          "z": 1.6058117151260376
        },
        "rotation_quaternion": {
          "w": 0.5531092882156372,
          "x": 0.8214452266693115,
          "y": 0.035669077187776566,
          "z": -0.1342599093914032
        },
        "matrix": [
          [
            0.9614042043685913,
            0.20712120831012726,
            -0.18111538887023926,
            0.006642873398959637
          ],
          [
            -0.08991938829421997,
            -0.3855956494808197,
            -0.9182759523391724,
            0.056642111390829086
          ],
          [
            -0.26003360748291016,
            0.899125874042511,
            -0.35209232568740845,
            1.51363205909729
          ],
          [
            0.0,
            0.0,
            0.0,
            1.0
          ]
        ]
      },
      "bone_length_armature_space": 0.10252188569909296,
      "parent": "spine_01",
      "has_children": true,
      "is_end_bone": false
    },
    "head": {
      "name": "head",
      "local": {
        "location": {
          "x": 0.0,
          "y": 0.0,
          "z": 0.0
        },
        "rotation_quaternion": {
          "w": 0.9881241321563721,
          "x": 0.030718021094799042,
          "y": 0.12381505221128464,
          "z": -0.08565650880336761
        },
        "scale": {
          "x": 1.0,
          "y": 1.0,
          "z": 1.0
        },
        "matrix_basis": [
          [
            0.9546656012535095,
            0.1768852323293686,
            0.2394268810749054,
            0.0
          ],
          [
            -0.16167181730270386,
            0.9834387302398682,
            -0.08191756904125214,
            0.0
          ],
          [
            -0.24995167553424835,
            0.039495304226875305,
            0.9674524664878845,
            0.0
          ],
          [
            0.0,
            0.0,
            0.0,
            1.0
          ]
        ],
        "rotation_mode": "QUATERNION"
      },
      "armature_space": {
        "head": {
          "x": 0.027877172455191612,
          "y": -0.04613378271460533,
          "z": 0.6559575796127319
        },
        "tail": {
          "x": 0.09300240129232407,
          "y": -0.058974847197532654,
          "z": 0.7961255311965942
        }
      },
      "world_space": {
        "head": {
          "x": 0.027877172455191612,
          "y": 0.017110217362642288,
          "z": 1.605811595916748
        },
        "tail": {
          "x": 0.09300240129232407,
          "y": 0.004269152879714966,
          "z": 1.7459795475006104
        },
        "rotation_quaternion": {
          "w": 0.6468775868415833,
          "x": 0.7291464805603027,
          "y": 0.20037613809108734,
          "z": -0.09871339052915573
        },
        "matrix": [
          [
            0.9002097845077515,
            0.41991835832595825,
            0.11528680473566055,
            0.027877172455191612
          ],
          [
            0.16449841856956482,
            -0.08279738575220108,
            -0.9828962683677673,
            0.017110217362642288
          ],
          [
            -0.40319329500198364,
            0.90378338098526,
            -0.1436127871274948,
            1.605811595916748
          ],
          [
            0.0,
            0.0,
            0.0,
            1.0
          ]
        ]
      },
      "bone_length_armature_space": 0.15509107796715935,
      "parent": "neck_01",
      "has_children": false,
      "is_end_bone": true
    },
    "upperarm_l": {
      "name": "upperarm_l",
      "local": {
        "location": {
          "x": 0.0,
          "y": 0.0,
          "z": 0.0
        },
        "rotation_quaternion": {
          "w": -0.6984604597091675,
          "x": 0.3090653419494629,
          "y": 0.14281636476516724,
          "z": 0.6294721364974976
        },
        "scale": {
          "x": 1.0,
          "y": 1.0,
          "z": 1.0
        },
        "matrix_basis": [
          [
            0.1667366325855255,
            0.9676019549369812,
            0.1895928680896759,
            0.0
          ],
          [
            -0.7910436391830444,
            0.016486886888742447,
            0.6115376949310303,
            0.0
          ],
          [
            0.5885992050170898,
            -0.2519420087337494,
            0.7681642174720764,
            0.0
          ],
          [
            0.0,
            0.0,
            0.0,
            1.0
          ]
        ],
        "rotation_mode": "QUATERNION"
      },
      "armature_space": {
        "head": {
          "x": 0.15536026656627655,
          "y": -0.02352568693459034,
          "z": 0.49577924609184265
        },
        "tail": {
          "x": 0.1536860466003418,
          "y": 0.03761931508779526,
          "z": 0.23488262295722961
        }
      },
      "world_space": {
        "head": {
          "x": 0.15536026656627655,
          "y": 0.03971831500530243,
          "z": 1.4456332921981812
        },
        "tail": {
          "x": 0.1536860466003418,
          "y": 0.10086331516504288,
          "z": 1.1847366094589233
        },
        "rotation_quaternion": {
          "w": 0.2373347282409668,
          "x": -0.19193828105926514,
          "y": 0.7468345761299133,
          "z": -0.5908215045928955
        },
        "matrix": [
          [
            -0.8136641383171082,
            -0.006247801706194878,
            0.5813018083572388,
            0.15536026656627655
          ],
          [
            -0.5671370625495911,
            0.22817902266979218,
            -0.7913849353790283,
            0.03971831500530243
          ],
          [
            -0.12769778072834015,
            -0.9736058712005615,
            -0.18920642137527466,
            1.4456332921981812
          ],
          [
            0.0,
            0.0,
            0.0,
            1.0
          ]
        ]
      },
      "bone_length_armature_space": 0.2679712029400256,
      "parent": "spine_01",
      "has_children": true,
      "is_end_bone": false
    },
    "lowerarm_l": {
      "name": "lowerarm_l",
      "local": {
        "location": {
          "x": 0.0,
          "y": 0.0,
          "z": 0.0
        },
        "rotation_quaternion": {
          "w": 0.9833488464355469,
          "x": 0.038291364908218384,
          "y": -0.1099400520324707,
          "z": 0.13954229652881622
        },
        "scale": {
          "x": 1.0,
          "y": 1.0,
          "z": 1.0
        },
        "matrix_basis": [
          [
            0.9368822574615479,
            -0.2828570306301117,
            -0.20553231239318848,
            0.0
          ],
          [
            0.26601800322532654,
            0.9581234455108643,
            -0.10599011182785034,
            0.0
          ],
          [
            0.22690537571907043,
            0.04462496563792229,
            0.9728938937187195,
            0.0
          ],
          [
            0.0,
            0.0,
            0.0,
            1.0
          ]
        ],
        "rotation_mode": "QUATERNION"
      },
      "armature_space": {
        "head": {
          "x": 0.15368618071079254,
          "y": 0.03761935979127884,
          "z": 0.23488259315490723
        },
        "tail": {
          "x": 0.2468136101961136,
          "y": 0.12384999543428421,
          "z": -0.0006203800439834595
        }
      },
      "world_space": {
        "head": {
          "x": 0.15368618071079254,
          "y": 0.10086335986852646,
          "z": 1.1847366094589233
        },
        "tail": {
          "x": 0.2468136101961136,
          "y": 0.18709400296211243,
          "z": 0.9492336511611938
        },
        "rotation_quaternion": {
          "w": 0.48308634757995605,
          "x": -0.14941604435443878,
          "y": 0.6540578007698059,
          "z": -0.5625931620597839
        },
        "matrix": [
          [
            -0.4886018633842468,
            0.34810805320739746,
            0.800055742263794,
            0.15368618071079254
          ],
          [
            -0.739017903804779,
            0.32232803106307983,
            -0.5915719866752625,
            0.10086335986852646
          ],
          [
            -0.4638150930404663,
            -0.8803043961524963,
            0.09976816177368164,
            1.1847366094589233
          ],
          [
            0.0,
            0.0,
            0.0,
            1.0
          ]
        ]
      },
      "bone_length_armature_space": 0.2675258670718619,
      "parent": "upperarm_l",
      "has_children": true,
      "is_end_bone": false
    },
    "metacarpal_thumb_l": {
      "name": "metacarpal_thumb_l",
      "local": {
        "location": {
          "x": 0.0,
          "y": 0.0,
          "z": 0.0
        },
        "rotation_quaternion": {
          "w": 0.9998908638954163,
          "x": 0.0076977843418717384,
          "y": 0.008844220079481602,
          "z": -0.00899336114525795
        },
        "scale": {
          "x": 1.0,
          "y": 1.0,
          "z": 1.0
        },
        "matrix_basis": [
          [
            0.9996817708015442,
            0.018120920285582542,
            0.017548052594065666,
            0.0
          ],
          [
            -0.017848597839474678,
            0.9997197389602661,
            -0.015552966855466366,
            0.0
          ],
          [
            -0.017824968323111534,
            0.015234810300171375,
            0.9997250437736511,
            0.0
          ],
          [
            0.0,
            0.0,
            0.0,
            1.0
          ]
        ],
        "rotation_mode": "QUATERNION"
      },
      "armature_space": {
        "head": {
          "x": 0.2468136101961136,
          "y": 0.12384999543428421,
          "z": -0.0006203800439834595
        },
        "tail": {
          "x": 0.2784089148044586,
          "y": 0.11250970512628555,
          "z": -0.03704479709267616
        }
      },
      "world_space": {
        "head": {
          "x": 0.2468136101961136,
          "y": 0.18709400296211243,
          "z": 0.9492336511611938
        },
        "tail": {
          "x": 0.2784089148044586,
          "y": 0.17575371265411377,
          "z": 0.9128091931343079
        },
        "rotation_quaternion": {
          "w": 0.0022656547371298075,
          "x": 0.5114805102348328,
          "y": 0.6209067702293396,
          "z": -0.5940179824829102
        },
        "matrix": [
          [
            -0.47676175832748413,
            0.637855052947998,
            -0.6048463582992554,
            0.2468136101961136
          ],
          [
            0.6324744820594788,
            -0.22894108295440674,
            -0.7399744391441345,
            0.18709400296211243
          ],
          [
            -0.6104743480682373,
            -0.7353466153144836,
            -0.2942793369293213,
            0.9492336511611938
          ],
          [
            0.0,
            0.0,
            0.0,
            1.0
          ]
        ]
      },
      "bone_length_armature_space": 0.049533863089656564,
      "parent": "lowerarm_l",
      "has_children": true,
      "is_end_bone": false
    },
    "thumb_01_l": {
      "name": "thumb_01_l",
      "local": {
        "location": {
          "x": 0.0,
          "y": 0.0,
          "z": 0.0
        },
        "rotation_quaternion": {
          "w": 0.997402548789978,
          "x": -0.07202435284852982,
          "y": -4.49491199105978e-06,
          "z": -0.0008542826399207115
        },
        "scale": {
          "x": 1.0,
          "y": 1.0,
          "z": 1.0
        },
        "matrix_basis": [
          [
            0.9999985694885254,
            0.001704774796962738,
            0.00011409183207433671,
            0.0
          ],
          [
            -0.001703479909338057,
            0.9896235466003418,
            0.1436745524406433,
            0.0
          ],
          [
            0.000132024782942608,
            -0.14367453753948212,
            0.9896249771118164,
            0.0
          ],
          [
            0.0,
            0.0,
            0.0,
            1.0
          ]
        ],
        "rotation_mode": "QUATERNION"
      },
      "armature_space": {
        "head": {
          "x": 0.2784089148044586,
          "y": 0.11250970512628555,
          "z": -0.03704479709267616
        },
        "tail": {
          "x": 0.28179681301116943,
          "y": 0.08372002840042114,
          "z": -0.05488595366477966
        }
      },
      "world_space": {
        "head": {
          "x": 0.2784089148044586,
          "y": 0.17575371265411377,
          "z": 0.9128091931343079
        },
        "tail": {
          "x": 0.28179681301116943,
          "y": 0.14696402847766876,
          "z": 0.8949680328369141
        },
        "rotation_quaternion": {
          "w": 0.25401636958122253,
          "x": -0.9357880353927612,
          "y": -0.11215246468782425,
          "z": 0.2172517031431198
        },
        "matrix": [
          [
            0.8804469108581543,
            0.09953126311302185,
            -0.4635801315307617,
            0.2784089148044586
          ],
          [
            0.32027289271354675,
            -0.8457955121994019,
            0.4266795814037323,
            0.17575371265411377
          ],
          [
            -0.34962812066078186,
            -0.524145245552063,
            -0.7765603065490723,
            0.9128091931343079
          ],
          [
            0.0,
            0.0,
            0.0,
            1.0
          ]
        ]
      },
      "bone_length_armature_space": 0.03403865765987833,
      "parent": "metacarpal_thumb_l",
      "has_children": true,
      "is_end_bone": false
    },
    "thumb_02_l": {
      "name": "thumb_02_l",
      "local": {
        "location": {
          "x": 0.0,
          "y": 0.0,
          "z": 0.0
        },
        "rotation_quaternion": {
          "w": 0.9953692555427551,
          "x": 0.09607736766338348,
          "y": 0.0026241010054945946,
          "z": 0.0015504496404901147
        },
        "scale": {
          "x": 1.0,
          "y": 1.0,
          "z": 1.0
        },
        "matrix_basis": [
          [
            0.9999814033508301,
            -0.0025823062751442194,
            0.005521825049072504,
            0.0
          ],
          [
            0.0035907733254134655,
            0.9815334677696228,
            -0.19125677645206451,
            0.0
          ],
          [
            -0.004925972782075405,
            0.1912730485200882,
            0.9815245270729065,
            0.0
          ],
          [
            0.0,
            0.0,
            0.0,
            1.0
          ]
        ],
        "rotation_mode": "QUATERNION"
      },
      "armature_space": {
        "head": {
          "x": 0.28179681301116943,
          "y": 0.08372000604867935,
          "z": -0.054885897785425186
        },
        "tail": {
          "x": 0.2941931486129761,
          "y": 0.09316347539424896,
          "z": -0.09190411865711212
        }
      },
      "world_space": {
        "head": {
          "x": 0.28179681301116943,
          "y": 0.14696401357650757,
          "z": 0.8949680924415588
        },
        "tail": {
          "x": 0.2941931486129761,
          "y": 0.15640747547149658,
          "z": 0.8579499125480652
        },
        "rotation_quaternion": {
          "w": 0.7740777730941772,
          "x": -0.6114888787269592,
          "y": -0.13551300764083862,
          "z": -0.09231030941009521
        },
        "matrix": [
          [
            0.9462301135063171,
            0.30864015221595764,
            -0.09690006077289581,
            0.28179681301116943
          ],
          [
            0.022816894575953484,
            0.23512041568756104,
            0.9716984629631042,
            0.14696401357650757
          ],
          [
            0.3226906955242157,
            -0.9216675162315369,
            0.21543806791305542,
            0.8949680924415588
          ],
          [
            0.0,
            0.0,
            0.0,
            1.0
          ]
        ]
      },
      "bone_length_armature_space": 0.04016462215958813,
      "parent": "thumb_01_l",
      "has_children": true,
      "is_end_bone": false
    },
    "thumb_03_l": {
      "name": "thumb_03_l",
      "local": {
        "location": {
          "x": 0.0,
          "y": 0.0,
          "z": 0.0
        },
        "rotation_quaternion": {
          "w": 0.9967864155769348,
          "x": 0.07994185388088226,
          "y": -0.00505804130807519,
          "z": 0.0008772615110501647
        },
        "scale": {
          "x": 1.0,
          "y": 1.0,
          "z": 1.0
        },
        "matrix_basis": [
          [
            0.9999473094940186,
            -0.0025575831532478333,
            -0.009943313896656036,
            0.0
          ],
          [
            0.0009401863208040595,
            0.9872170686721802,
            -0.159378781914711,
            0.0
          ],
          [
            0.010223833844065666,
            0.15936103463172913,
            0.9871674180030823,
            0.0
          ],
          [
            0.0,
            0.0,
            0.0,
            1.0
          ]
        ],
        "rotation_mode": "QUATERNION"
      },
      "armature_space": {
        "head": {
          "x": 0.29419320821762085,
          "y": 0.09316340833902359,
          "z": -0.09190407395362854
        },
        "tail": {
          "x": 0.2986128330230713,
          "y": 0.11176192760467529,
          "z": -0.11559922993183136
        }
      },
      "world_space": {
        "head": {
          "x": 0.29419320821762085,
          "y": 0.1564074158668518,
          "z": 0.85794997215271
        },
        "tail": {
          "x": 0.2986128330230713,
          "y": 0.1750059276819229,
          "z": 0.834254801273346
        },
        "rotation_quaternion": {
          "w": 0.8958530426025391,
          "x": -0.4279780685901642,
          "y": 0.053788527846336365,
          "z": -0.10671892017126083
        },
        "matrix": [
          [
            0.971435546875,
            0.14516843855381012,
            0.18772032856941223,
            0.29419320821762085
          ],
          [
            -0.2372499704360962,
            0.6108914017677307,
            0.7553306818008423,
            0.1564074158668518
          ],
          [
            -0.005026744678616524,
            -0.7782966494560242,
            0.6278878450393677,
            0.85794997215271
          ],
          [
            0.0,
            0.0,
            0.0,
            1.0
          ]
        ]
      },
      "bone_length_armature_space": 0.03044500716587177,
      "parent": "thumb_02_l",
      "has_children": false,
      "is_end_bone": true
    },
    "metacarpal_index_l": {
      "name": "metacarpal_index_l",
      "local": {
        "location": {
          "x": 0.0,
          "y": 0.0,
          "z": 0.0
        },
        "rotation_quaternion": {
          "w": 0.9985591173171997,
          "x": -0.051963694393634796,
          "y": 0.006602698005735874,
          "z": -0.011666475795209408
        },
        "scale": {
          "x": 1.0,
          "y": 1.0,
          "z": 1.0
        },
        "matrix_basis": [
          [
            0.9996405839920044,
            0.022613130509853363,
            0.01439883466809988,
            0.0
          ],
          [
            -0.02398553304374218,
            0.9943273067474365,
            0.10362358391284943,
            0.0
          ],
          [
            -0.011973902583122253,
            -0.10393170267343521,
            0.9945123791694641,
            0.0
          ],
          [
            0.0,
            0.0,
            0.0,
            1.0
          ]
        ],
        "rotation_mode": "QUATERNION"
      },
      "armature_space": {
        "head": {
          "x": 0.2468136101961136,
          "y": 0.12384999543428421,
          "z": -0.0006203800439834595
        },
        "tail": {
          "x": 0.30918174982070923,
          "y": 0.14651867747306824,
          "z": -0.09718998521566391
        }
      },
      "world_space": {
        "head": {
          "x": 0.2468136101961136,
          "y": 0.18709400296211243,
          "z": 0.9492336511611938
        },
        "tail": {
          "x": 0.30918174982070923,
          "y": 0.20976267755031586,
          "z": 0.852664053440094
        },
        "rotation_quaternion": {
          "w": 0.1760246455669403,
          "x": 0.21390387415885925,
          "y": 0.7521622180938721,
          "z": -0.5979233980178833
        },
        "matrix": [
          [
            -0.8465207815170288,
            0.5322797298431396,
            0.008999809622764587,
            0.2468136101961136
          ],
          [
            0.11128497123718262,
            0.1934654712677002,
            -0.9747754335403442,
            0.18709400296211243
          ],
          [
            -0.5205978155136108,
            -0.8241714835166931,
            -0.22300958633422852,
            0.9492336511611938
          ],
          [
            0.0,
            0.0,
            0.0,
            1.0
          ]
        ]
      },
      "bone_length_armature_space": 0.11717227822030088,
      "parent": "lowerarm_l",
      "has_children": true,
      "is_end_bone": false
    },
    "index_01_l": {
      "name": "index_01_l",
      "local": {
        "location": {
          "x": 0.0,
          "y": 0.0,
          "z": 0.0
        },
        "rotation_quaternion": {
          "w": 0.9956405162811279,
          "x": -0.09269941598176956,
          "y": -0.009806704707443714,
          "z": 0.0032884429674595594
        },
        "scale": {
          "x": 1.0,
          "y": 1.0,
          "z": 1.0
        },
        "matrix_basis": [
          [
            0.9997860193252563,
            -0.004730062559247017,
            -0.02013757824897766,
            0.0
          ],
          [
            0.008366365917026997,
            0.9827920198440552,
            0.18452608585357666,
            0.0
          ],
          [
            0.0189182311296463,
            -0.1846550852060318,
            0.9826213121414185,
            0.0
          ],
          [
            0.0,
            0.0,
            0.0,
            1.0
          ]
        ],
        "rotation_mode": "QUATERNION"
      },
      "armature_space": {
        "head": {
          "x": 0.30918174982070923,
          "y": 0.14651867747306824,
          "z": -0.09718998521566391
        },
        "tail": {
          "x": 0.3148479759693146,
          "y": 0.1611911803483963,
          "z": -0.12097418308258057
        }
      },
      "world_space": {
        "head": {
          "x": 0.30918174982070923,
          "y": 0.20976267755031586,
          "z": 0.852664053440094
        },
        "tail": {
          "x": 0.3148479759693146,
          "y": 0.22443518042564392,
          "z": 0.8288798332214355
        },
        "rotation_quaternion": {
          "w": 0.08517038822174072,
          "x": 0.06672151386737823,
          "y": 0.8660420775413513,
          "z": -0.48812443017959595
        },
        "matrix": [
          [
            -0.9765886068344116,
            0.19871483743190765,
            0.08238460123538971,
            0.30918174982070923
          ],
          [
            0.03242060914635658,
            0.5145654678344727,
            -0.8568382263183594,
            0.20976267755031586
          ],
          [
            -0.21266020834445953,
            -0.8341127038002014,
            -0.5089653134346008,
            0.852664053440094
          ],
          [
            0.0,
            0.0,
            0.0,
            1.0
          ]
        ]
      },
      "bone_length_armature_space": 0.028514496855167284,
      "parent": "metacarpal_index_l",
      "has_children": true,
      "is_end_bone": false
    },
    "index_02_l": {
      "name": "index_02_l",
      "local": {
        "location": {
          "x": 0.0,
          "y": 0.0,
          "z": 0.0
        },
        "rotation_quaternion": {
          "w": 0.9995893239974976,
          "x": 0.028228772804141045,
          "y": 0.0024121124297380447,
          "z": -0.004320090636610985
        },
        "scale": {
          "x": 1.0,
          "y": 1.0,
          "z": 1.0
        },
        "matrix_basis": [
          [
            0.9999510645866394,
            0.008772814646363258,
            0.004578341729938984,
            0.0
          ],
          [
            -0.008500451222062111,
            0.9983689188957214,
            -0.05645520240068436,
            0.0
          ],
          [
            -0.005066145211458206,
            0.056413520127534866,
            0.9983946084976196,
            0.0
          ],
          [
            0.0,
            0.0,
            0.0,
            1.0
          ]
        ],
        "rotation_mode": "QUATERNION"
      },
      "armature_space": {
        "head": {
          "x": 0.31484830379486084,
          "y": 0.16119110584259033,
          "z": -0.12097461521625519
        },
        "tail": {
          "x": 0.31908321380615234,
          "y": 0.173918679356575,
          "z": -0.14284172654151917
        }
      },
      "world_space": {
        "head": {
          "x": 0.31484830379486084,
          "y": 0.22443510591983795,
          "z": 0.8288794159889221
        },
        "tail": {
          "x": 0.31908321380615234,
          "y": 0.23716267943382263,
          "z": 0.8070123195648193
        },
        "rotation_quaternion": {
          "w": 0.10209263861179352,
          "x": 0.03660057112574577,
          "y": 0.8588634729385376,
          "z": -0.5005905628204346
        },
        "matrix": [
          [
            -0.9764752388000488,
            0.16508308053016663,
            0.1387227177619934,
            0.31484830379486084
          ],
          [
            -0.03934270888566971,
            0.49613872170448303,
            -0.8673516511917114,
            0.22443510591983795
          ],
          [
            -0.21201232075691223,
            -0.8524103760719299,
            -0.47797632217407227,
            0.8288794159889221
          ],
          [
            0.0,
            0.0,
            0.0,
            1.0
          ]
        ]
      },
      "bone_length_armature_space": 0.025653384711626717,
      "parent": "index_01_l",
      "has_children": true,
      "is_end_bone": false
    },
    "index_03_l": {
      "name": "index_03_l",
      "local": {
        "location": {
          "x": 0.0,
          "y": 0.0,
          "z": 0.0
        },
        "rotation_quaternion": {
          "w": 0.9996487498283386,
          "x": 0.025938693434000015,
          "y": -0.00022140724468044937,
          "z": -0.005445468705147505
        },
        "scale": {
          "x": 1.0,
          "y": 1.0,
          "z": 1.0
        },
        "matrix_basis": [
          [
            0.9999405741691589,
            0.010875625535845757,
            -0.0007251556380651891,
            0.0
          ],
          [
            -0.010898597538471222,
            0.9985950589179993,
            -0.05185675248503685,
            0.0
          ],
          [
            0.00016016226436477154,
            0.05186157673597336,
            0.9986542463302612,
            0.0
          ],
          [
            0.0,
            0.0,
            0.0,
            1.0
          ]
        ],
        "rotation_mode": "QUATERNION"
      },
      "armature_space": {
        "head": {
          "x": 0.31908321380615234,
          "y": 0.17391879856586456,
          "z": -0.142841637134552
        },
        "tail": {
          "x": 0.3214024305343628,
          "y": 0.18456079065799713,
          "z": -0.1699545681476593
        }
      },
      "world_space": {
        "head": {
          "x": 0.31908321380615234,
          "y": 0.23716279864311218,
          "z": 0.8070123791694641
        },
        "tail": {
          "x": 0.3214024305343628,
          "y": 0.24780479073524475,
          "z": 0.7798994779586792
        },
        "rotation_quaternion": {
          "w": 0.04425083100795746,
          "x": 0.01788550801575184,
          "y": 0.8247129321098328,
          "z": -0.5635340213775635
        },
        "matrix": [
          [
            -0.9954440593719482,
            0.07937448471784592,
            0.05282982066273689,
            0.31908321380615234
          ],
          [
            -0.020372385159134865,
            0.36421874165534973,
            -0.931090772151947,
            0.23716279864311218
          ],
          [
            -0.09314718842506409,
            -0.9279310703277588,
            -0.36094558238983154,
            0.8070123791694641
          ],
          [
            0.0,
            0.0,
            0.0,
            1.0
          ]
        ]
      },
      "bone_length_armature_space": 0.02921885990820832,
      "parent": "index_02_l",
      "has_children": false,
      "is_end_bone": true
    },
    "metacarpal_pinky_l": {
      "name": "metacarpal_pinky_l",
      "local": {
        "location": {
          "x": 0.0,
          "y": 0.0,
          "z": 0.0
        },
        "rotation_quaternion": {
          "w": 0.9983575344085693,
          "x": -0.05322606861591339,
          "y": 0.019001523032784462,
          "z": -0.009388851001858711
        },
        "scale": {
          "x": 1.0,
          "y": 1.0,
          "z": 1.0
        },
        "matrix_basis": [
          [
            0.9991015791893005,
            0.016724107787013054,
            0.03894009068608284,
            0.0
          ],
          [
            -0.02076961286365986,
            0.9941576719284058,
            0.10592048615217209,
            0.0
          ],
          [
            -0.03694116324186325,
            -0.10663409531116486,
            0.9936118721961975,
            0.0
          ],
          [
            0.0,
            0.0,
            0.0,
            1.0
          ]
        ],
        "rotation_mode": "QUATERNION"
      },
      "armature_space": {
        "head": {
          "x": 0.2468136101961136,
          "y": 0.12384999543428421,
          "z": -0.0006203800439834595
        },
        "tail": {
          "x": 0.24913528561592102,
          "y": 0.16615957021713257,
          "z": -0.09574054181575775
        }
      },
      "world_space": {
        "head": {
          "x": 0.2468136101961136,
          "y": 0.18709400296211243,
          "z": 0.9492336511611938
        },
        "tail": {
          "x": 0.24913528561592102,
          "y": 0.2294035702943802,
          "z": 0.8541134595870972
        },
        "rotation_quaternion": {
          "w": 0.770182192325592,
          "x": -0.49501028656959534,
          "y": 0.3316253423690796,
          "z": -0.2276153713464737
        },
        "matrix": [
          [
            0.6764323711395264,
            0.022295765578746796,
            0.7361674904823303,
            0.2468136101961136
          ],
          [
            -0.6789265871047974,
            0.4063120484352112,
            0.6115303635597229,
            0.18709400296211243
          ],
          [
            -0.28548163175582886,
            -0.9134684205055237,
            0.2899821996688843,
            0.9492336511611938
          ],
          [
            0.0,
            0.0,
            0.0,
            1.0
          ]
        ]
      },
      "bone_length_armature_space": 0.10413133861515506,
      "parent": "lowerarm_l",
      "has_children": true,
      "is_end_bone": false
    },
    "pinky_01_l": {
      "name": "pinky_01_l",
      "local": {
        "location": {
          "x": 0.0,
          "y": 0.0,
          "z": 0.0
        },
        "rotation_quaternion": {
          "w": 0.9918607473373413,
          "x": -0.1260169893503189,
          "y": -0.01822095364332199,
          "z": -0.0003320782270748168
        },
        "scale": {
          "x": 1.0,
          "y": 1.0,
          "z": 1.0
        },
        "matrix_basis": [
          [
            0.999335765838623,
            0.005251049995422363,
            -0.0360616035759449,
            0.0
          ],
          [
            0.003933548927307129,
            0.9682391881942749,
            0.24999471008777618,
            0.0
          ],
          [
            0.03622899204492569,
            -0.24997051060199738,
            0.9675754308700562,
            0.0
          ],
          [
            0.0,
            0.0,
            0.0,
            1.0
          ]
        ],
        "rotation_mode": "QUATERNION"
      },
      "armature_space": {
        "head": {
          "x": 0.24913528561592102,
          "y": 0.16615957021713257,
