{
  "metadata": {
    "armature_name": "KIM_caucasian_male",
    "export_time": "2026-01-13T21:07:23.621259",
    "blender_version": "4.4.1",
    "bone_count": 56,
    "end_bone_count": 13,
    "spaces_included": [
      "LOCAL_CHANNELS",
      "ARMATURE_SPACE",
      "WORLD_SPACE"
    ],
    "note": "LOCAL matches Transform panel; replay pose via local.matrix_basis for best fidelity."
  },
  "bones": {
    "Root": {
      "name": "Root",
      "local": {
        "location": {
          "x": 0.0,
          "y": 0.0,
          "z": 0.0
        },
        "rotation_quaternion": {
          "w": 0.9995341300964355,
          "x": 0.008630681782960892,
          "y": -0.002090799855068326,
          "z": 0.029199674725532532
        },
        "scale": {
          "x": 1.0,
          "y": 1.0,
          "z": 1.0
        },
        "matrix_basis": [
          [
            0.9982860088348389,
            -0.058408234268426895,
            -0.003675625426694751,
            0.0
          ],
          [
            0.0583360530436039,
            0.9981457591056824,
            -0.01737542264163494,
            0.0
          ],
          [
            0.004683678038418293,
            0.017131220549345016,
            0.9998422861099243,
            0.0
          ],
          [
            0.0,
            0.0,
            0.0,
            1.0
          ]
        ],
        "rotation_mode": "QUATERNION"
      },
      "armature_space": {
        "head": {
          "x": 0.0,
          "y": 0.07072800397872925,
          "z": -0.009595036506652832
        },
        "tail": {
          "x": -0.0041689383797347546,
          "y": -3.322213888168335e-05,
          "z": -0.0012294575572013855
        }
      },
      "world_space": {
        "head": {
          "x": 0.0,
          "y": 0.13397200405597687,
          "z": 0.9402589797973633
        },
        "tail": {
          "x": -0.0041689383797347546,
          "y": 0.06321077793836594,
          "z": 0.9486245512962341
        },
        "rotation_quaternion": {
          "w": 0.05872520059347153,
          "x": 0.9978448748588562,
          "y": -0.029274195432662964,
          "z": -0.0001189313770737499
        },
        "matrix": [
          [
            0.9982860088348389,
            -0.058408234268426895,
            -0.003675625426694751,
            0.0
          ],
          [
            -0.05843617394566536,
            -0.9913886785507202,
            -0.11719077825546265,
            0.13397200405597687
          ],
          [
            0.0032008993439376354,
            0.11720458418130875,
            -0.9931097030639648,
            0.9402589797973633
          ],
          [
            0.0,
            0.0,
            0.0,
            1.0
          ]
        ]
      },
      "bone_length_armature_space": 0.07137586431341382,
      "parent": null,
      "has_children": true,
      "is_end_bone": false
    },
    "spine_01": {
      "name": "spine_01",
      "local": {
        "location": {
          "x": 0.0,
          "y": 0.0,
          "z": 0.0
        },
        "rotation_quaternion": {
          "w": 0.9981324672698975,
          "x": 0.053042422980070114,
          "y": 0.01588599383831024,
          "z": 0.025799738243222237
        },
        "scale": {
          "x": 1.0,
          "y": 1.0,
          "z": 1.0
        },
        "matrix_basis": [
          [
            0.9981639981269836,
            -0.049817848950624466,
            0.03444961458444595,
            0.0
          ],
          [
            0.05318837612867355,
            0.9930417537689209,
            -0.10506702214479446,
            0.0
          ],
          [
            -0.02897569164633751,
            0.10670644044876099,
            0.9938682913780212,
            0.0
          ],
          [
            0.0,
            0.0,
            0.0,
            1.0
          ]
        ],
        "rotation_mode": "QUATERNION"
      },
      "armature_space": {
        "head": {
          "x": -0.0041689383797347546,
          "y": -3.322213888168335e-05,
          "z": -0.0012294575572013855
        },
        "tail": {
          "x": -0.03220060467720032,
          "y": -0.03626570478081703,
          "z": 0.48462024331092834
        }
      },
      "world_space": {
        "head": {
          "x": -0.0041689383797347546,
          "y": 0.06321077793836594,
          "z": 0.9486245512962341
        },
        "tail": {
          "x": -0.03220060467720032,
          "y": 0.026978295296430588,
          "z": 1.434474229812622
        },
        "rotation_quaternion": {
          "w": 0.6797277927398682,
          "x": 0.7328063249588013,
          "y": -0.029095806181430817,
          "z": 0.010885662399232388
        },
        "matrix": [
          [
            0.9980698227882385,
            -0.057441793382167816,
            -0.023600678890943527,
            -0.0041689383797347546
          ],
          [
            -0.027844969183206558,
            -0.07424670457839966,
            -0.9968511462211609,
            0.06321077793836594
          ],
          [
            0.05550900474190712,
            0.9955911636352539,
            -0.07570430636405945,
            0.9486245512962341
          ],
          [
            0.0,
            0.0,
            0.0,
            1.0
          ]
        ]
      },
      "bone_length_armature_space": 0.48800461293803876,
      "parent": "Root",
      "has_children": true,
      "is_end_bone": false
    },
    "neck_01": {
      "name": "neck_01",
      "local": {
        "location": {
          "x": 0.0,
          "y": 0.0,
          "z": 0.0
        },
        "rotation_quaternion": {
          "w": 0.97557133436203,
          "x": -0.16563566029071808,
          "y": 0.06520417332649231,
          "z": -0.12874002754688263
        },
        "scale": {
          "x": 1.0,
          "y": 1.0,
          "z": 1.0
        },
        "matrix_basis": [
          [
            0.9583488702774048,
            0.22958989441394806,
            0.169870525598526,
            0.0
          ],
          [
            -0.27279043197631836,
            0.9119816422462463,
            0.30639001727104187,
            0.0
          ],
          [
            -0.08457476645708084,
            -0.3399675786495209,
            0.9366264939308167,
            0.0
          ],
          [
            0.0,
            0.0,
            0.0,
            1.0
          ]
        ],
        "rotation_mode": "QUATERNION"
      },
      "armature_space": {
        "head": {
          "x": -0.03722488880157471,
          "y": -0.07627317309379578,
          "z": 0.5548904538154602
        },
        "tail": {
          "x": -0.019477838650345802,
          "y": -0.0876401960849762,
          "z": 0.6552228927612305
        }
      },
      "world_space": {
        "head": {
          "x": -0.03722488880157471,
          "y": -0.013029173016548157,
          "z": 1.504744529724121
        },
        "tail": {
          "x": -0.019477838650345802,
          "y": -0.024396196007728577,
          "z": 1.6050769090652466
        },
        "rotation_quaternion": {
          "w": 0.65677809715271,
          "x": 0.7452756762504578,
          "y": 0.11491261422634125,
          "z": -0.0013875699369236827
        },
        "matrix": [
          [
            0.9735861420631409,
            0.17310592532157898,
            0.14887696504592896,
            -0.03722488880157471
          ],
          [
            0.16946151852607727,
            -0.11087474226951599,
            -0.9792802929878235,
            -0.013029173016548157
          ],
          [
            -0.1530134081840515,
            0.9786493182182312,
            -0.1372828185558319,
            1.504744529724121
          ],
          [
            0.0,
            0.0,
            0.0,
            1.0
          ]
        ]
      },
      "bone_length_armature_space": 0.102522025154653,
      "parent": "spine_01",
      "has_children": true,
      "is_end_bone": false
    },
    "head": {
      "name": "head",
      "local": {
        "location": {
          "x": 0.0,
          "y": 0.0,
          "z": 0.0
        },
        "rotation_quaternion": {
          "w": 0.9760795831680298,
          "x": 0.07261396944522858,
          "y": -0.12570510804653168,
          "z": -0.16184574365615845
        },
        "scale": {
          "x": 1.0,
          "y": 1.0,
          "z": 1.0
        },
        "matrix_basis": [
          [
            0.9160083532333374,
            0.29769274592399597,
            -0.26890090107917786,
            0.0
          ],
          [
            -0.3342045545578003,
            0.9370663166046143,
            -0.10106435418128967,
            0.0
          ],
          [
            0.221891850233078,
            0.18244369328022003,
            0.9578508734703064,
            0.0
          ],
          [
            0.0,
            0.0,
            0.0,
            1.0
          ]
        ],
        "rotation_mode": "QUATERNION"
      },
      "armature_space": {
        "head": {
          "x": -0.019477827474474907,
          "y": -0.08764033764600754,
          "z": 0.6552228331565857
        },
        "tail": {
          "x": 0.046663470566272736,
          "y": -0.07051621377468109,
          "z": 0.7944540977478027
        }
      },
      "world_space": {
        "head": {
          "x": -0.019477827474474907,
          "y": -0.024396337568759918,
          "z": 1.605076789855957
        },
        "tail": {
          "x": 0.046663470566272736,
          "y": -0.007272213697433472,
          "z": 1.7443081140518188
        },
        "rotation_quaternion": {
          "w": 0.7367813587188721,
          "x": 0.6383650898933411,
          "y": 0.11117500811815262,
          "z": -0.1930893361568451
        },
        "matrix": [
          [
            0.9007129669189453,
            0.4264698326587677,
            -0.08270180225372314,
            -0.019477827474474907
          ],
          [
            -0.1425914615392685,
            0.11041393876075745,
            -0.9836039543151855,
            -0.024396337568759918
          ],
          [
            -0.410349041223526,
            0.8977438807487488,
            0.16026240587234497,
            1.605076789855957
          ],
          [
            0.0,
            0.0,
            0.0,
            1.0
          ]
        ]
      },
      "bone_length_armature_space": 0.15509111071319442,
      "parent": "neck_01",
      "has_children": false,
      "is_end_bone": true
    },
    "upperarm_l": {
      "name": "upperarm_l",
      "local": {
        "location": {
          "x": 0.0,
          "y": 0.0,
          "z": 0.0
        },
        "rotation_quaternion": {
          "w": 0.9841084480285645,
          "x": 0.14201903343200684,
          "y": -0.051484230905771255,
          "z": -0.09333059936761856
        },
        "scale": {
          "x": 1.0,
          "y": 1.0,
          "z": 1.0
        },
        "matrix_basis": [
          [
            0.9772775173187256,
            0.16907137632369995,
            -0.12784157693386078,
            0.0
          ],
          [
            -0.19831834733486176,
            0.9422399997711182,
            -0.2699141502380371,
            0.0
          ],
          [
            0.07482268661260605,
            0.2891343832015991,
            0.9543599486351013,
            0.0
          ],
          [
            0.0,
            0.0,
            0.0,
            1.0
          ]
        ],
        "rotation_mode": "QUATERNION"
      },
      "armature_space": {
        "head": {
          "x": 0.11627086251974106,
          "y": -0.07863904535770416,
          "z": 0.4960639178752899
        },
        "tail": {
          "x": 0.3714336156845093,
          "y": -0.1480211615562439,
          "z": 0.45263877511024475
        }
      },
      "world_space": {
        "head": {
          "x": 0.11627086251974106,
          "y": -0.015395045280456543,
          "z": 1.4459179639816284
        },
        "tail": {
          "x": 0.3714336156845093,
          "y": -0.08477716147899628,
          "z": 1.4024927616119385
        },
        "rotation_quaternion": {
          "w": 0.38796302676200867,
          "x": 0.5178667306900024,
          "y": 0.4690696597099304,
          "z": -0.6010594964027405
        },
        "matrix": [
          [
            -0.16259793937206268,
            0.952208399772644,
            -0.2585750222206116,
            0.11627086251974106
          ],
          [
            0.019452087581157684,
            -0.25891804695129395,
            -0.965703547000885,
            -0.015395045280456543
          ],
          [
            -0.9865076541900635,
            -0.16205264627933502,
            0.023576371371746063,
            1.4459179639816284
          ],
          [
            0.0,
            0.0,
            0.0,
            1.0
          ]
        ]
      },
      "bone_length_armature_space": 0.26796948417008315,
      "parent": "spine_01",
      "has_children": true,
      "is_end_bone": false
    },
    "lowerarm_l": {
      "name": "lowerarm_l",
      "local": {
        "location": {
          "x": 0.0,
          "y": 0.0,
          "z": 0.0
        },
        "rotation_quaternion": {
          "w": 0.9253756999969482,
          "x": 0.333844929933548,
          "y": -0.0935060903429985,
          "z": 0.15324503183364868
        },
        "scale": {
          "x": 1.0,
          "y": 1.0,
          "z": 1.0
        },
        "matrix_basis": [
          [
            0.9355451464653015,
            -0.34605151414871216,
            -0.0707363709807396,
            0.0
          ],
          [
            0.22118538618087769,
            0.7301270365715027,
            -0.6465226411819458,
            0.0
          ],
          [
            0.27537667751312256,
            0.589205265045166,
            0.7596083283424377,
            0.0
          ],
          [
            0.0,
            0.0,
            0.0,
            1.0
          ]
        ],
        "rotation_mode": "QUATERNION"
      },
      "armature_space": {
        "head": {
          "x": 0.37143370509147644,
          "y": -0.14802125096321106,
          "z": 0.4526388645172119
        },
        "tail": {
          "x": 0.5104525089263916,
          "y": -0.35275208950042725,
          "z": 0.5542681813240051
        }
      },
      "world_space": {
        "head": {
          "x": 0.37143370509147644,
          "y": -0.08477725088596344,
          "z": 1.402492880821228
        },
        "tail": {
          "x": 0.5104525089263916,
          "y": -0.2895081043243408,
          "z": 1.504122257232666
        },
        "rotation_quaternion": {
          "w": 0.34169983863830566,
          "x": 0.607307493686676,
          "y": 0.024516986683011055,
          "z": -0.7168108820915222
        },
        "matrix": [
          [
            -0.028837040066719055,
            0.5196489691734314,
            -0.8538928627967834,
            0.37143370509147644
          ],
          [
            -0.46009042859077454,
            -0.7652788162231445,
            -0.4501838684082031,
            -0.08477725088596344
          ],
          [
            -0.8874104022979736,
            0.3798879384994507,
            0.261155366897583,
            1.402492880821228
          ],
          [
            0.0,
            0.0,
            0.0,
            1.0
          ]
        ]
      },
      "bone_length_armature_space": 0.26752469650131383,
      "parent": "upperarm_l",
      "has_children": true,
      "is_end_bone": false
    },
    "metacarpal_thumb_l": {
      "name": "metacarpal_thumb_l",
      "local": {
        "location": {
          "x": 0.0,
          "y": 0.0,
          "z": 0.0
        },
        "rotation_quaternion": {
          "w": 0.9989489912986755,
          "x": -0.04439982771873474,
          "y": -0.009772885590791702,
          "z": -0.005843707360327244
        },
        "scale": {
          "x": 1.0,
          "y": 1.0,
          "z": 1.0
        },
        "matrix_basis": [
          [
            0.9997406601905823,
            0.012542960233986378,
            -0.019006310030817986,
            0.0
          ],
          [
            -0.010807301849126816,
            0.9959890246391296,
            0.08882054686546326,
            0.0
          ],
          [
            0.020044147968292236,
            -0.08859210461378098,
            0.9958662986755371,
            0.0
          ],
          [
            0.0,
            0.0,
            0.0,
            1.0
          ]
        ],
        "rotation_mode": "QUATERNION"
      },
      "armature_space": {
        "head": {
          "x": 0.5104525089263916,
          "y": -0.35275208950042725,
          "z": 0.5542681813240051
        },
        "tail": {
          "x": 0.5065995454788208,
          "y": -0.39853188395500183,
          "z": 0.5727871656417847
        }
      },
      "world_space": {
        "head": {
          "x": 0.5104525089263916,
          "y": -0.2895081043243408,
          "z": 1.504122257232666
        },
        "tail": {
          "x": 0.5065995454788208,
          "y": -0.335287868976593,
          "z": 1.5226411819458008
        },
        "rotation_quaternion": {
          "w": 0.18850401043891907,
          "x": 0.9797874093055725,
          "y": -0.04856282100081444,
          "z": -0.04609488695859909
        },
        "matrix": [
          [
            0.9910336136817932,
            -0.07778432965278625,
            -0.10863497853279114,
            0.5104525089263916
          ],
          [
            -0.11254061013460159,
            -0.9242156744003296,
            -0.3649110794067383,
            -0.2895081043243408
          ],
          [
            -0.07201843708753586,
            0.3738667964935303,
            -0.9246898293495178,
            1.504122257232666
          ],
          [
            0.0,
            0.0,
            0.0,
            1.0
          ]
        ]
      },
      "bone_length_armature_space": 0.049533703293011135,
      "parent": "lowerarm_l",
      "has_children": true,
      "is_end_bone": false
    },
    "thumb_01_l": {
      "name": "thumb_01_l",
      "local": {
        "location": {
          "x": 0.0,
          "y": 0.0,
          "z": 0.0
        },
        "rotation_quaternion": {
          "w": 0.9560781717300415,
          "x": 0.2918366491794586,
          "y": -0.026351498439908028,
          "z": 0.007181154098361731
        },
        "scale": {
          "x": 1.0,
          "y": 1.0,
          "z": 1.0
        },
        "matrix_basis": [
          [
            0.9985080361366272,
            -0.029112154617905617,
            -0.04619673639535904,
            0.0
          ],
          [
            -0.0016491767019033432,
            0.8295596241950989,
            -0.5584157705307007,
            0.0
          ],
          [
            0.054579634219408035,
            0.557658851146698,
            0.8282739520072937,
            0.0
          ],
          [
            0.0,
            0.0,
            0.0,
            1.0
          ]
        ],
        "rotation_mode": "QUATERNION"
      },
      "armature_space": {
        "head": {
          "x": 0.5065995454788208,
          "y": -0.39853188395500183,
          "z": 0.5727871656417847
        },
        "tail": {
          "x": 0.517846941947937,
          "y": -0.42676496505737305,
          "z": 0.5574568510055542
        }
      },
      "world_space": {
        "head": {
          "x": 0.5065995454788208,
          "y": -0.335287868976593,
          "z": 1.5226411819458008
        },
        "tail": {
          "x": 0.517846941947937,
          "y": -0.3635209798812866,
          "z": 1.5073108673095703
        },
        "rotation_quaternion": {
          "w": 0.28820061683654785,
          "x": -0.6697966456413269,
          "y": 0.04709547013044357,
          "z": -0.6827114224433899
        },
        "matrix": [
          [
            0.06337450444698334,
            0.3304300308227539,
            0.941700279712677,
            0.5065995454788208
          ],
          [
            -0.4566044509410858,
            -0.8294439315795898,
            0.3217692971229553,
            -0.335287868976593
          ],
          [
            0.8874156475067139,
            -0.45038068294525146,
            0.09831129759550095,
            1.5226411819458008
          ],
          [
            0.0,
            0.0,
            0.0,
            1.0
          ]
        ]
      },
      "bone_length_armature_space": 0.03403864523532511,
      "parent": "metacarpal_thumb_l",
      "has_children": true,
      "is_end_bone": false
    },
    "thumb_02_l": {
      "name": "thumb_02_l",
      "local": {
        "location": {
          "x": 0.0,
          "y": 0.0,
          "z": 0.0
        },
        "rotation_quaternion": {
          "w": 0.901555061340332,
          "x": 0.43255308270454407,
          "y": -0.009801706299185753,
          "z": 0.0005967443576082587
        },
        "scale": {
          "x": 1.0,
          "y": 1.0,
          "z": 1.0
        },
        "matrix_basis": [
          [
            0.9998071193695068,
            -0.009555512107908726,
            -0.017157308757305145,
            0.0
          ],
          [
            -0.007403520867228508,
            0.6257949471473694,
            -0.7799525260925293,
            0.0
          ],
          [
            0.018189802765846252,
            0.7799291610717773,
            0.6256034970283508,
            0.0
          ],
          [
            0.0,
            0.0,
            0.0,
            1.0
          ]
        ],
        "rotation_mode": "QUATERNION"
      },
      "armature_space": {
        "head": {
          "x": 0.5178468227386475,
          "y": -0.42676496505737305,
          "z": 0.5574568510055542
        },
        "tail": {
          "x": 0.5413414835929871,
          "y": -0.41632047295570374,
          "z": 0.588313102722168
        }
      },
      "world_space": {
        "head": {
          "x": 0.5178468227386475,
          "y": -0.3635209798812866,
          "z": 1.5073108673095703
        },
        "tail": {
          "x": 0.5413414835929871,
          "y": -0.3530764579772949,
          "z": 1.538167119026184
        },
        "rotation_quaternion": {
          "w": 0.42694681882858276,
          "x": -0.05032980069518089,
          "y": -0.6691322922706604,
          "z": -0.6061728000640869
        },
        "matrix": [
          [
            -0.6303640604019165,
            0.5849617719650269,
            -0.5103533864021301,
            0.5178468227386475
          ],
          [
            -0.4502558410167694,
            0.2600438594818115,
            0.854193925857544,
            -0.3635209798812866
          ],
          [
            0.6323890686035156,
            0.7682485580444336,
            0.09946185350418091,
            1.5073108673095703
          ],
          [
            0.0,
            0.0,
            0.0,
            1.0
          ]
        ]
      },
      "bone_length_armature_space": 0.04016459625464446,
      "parent": "thumb_01_l",
      "has_children": true,
      "is_end_bone": false
    },
    "thumb_03_l": {
      "name": "thumb_03_l",
      "local": {
        "location": {
          "x": 0.0,
          "y": 0.0,
          "z": 0.0
        },
        "rotation_quaternion": {
          "w": 0.9891782999038696,
          "x": 0.14646868407726288,
          "y": 0.00537390960380435,
          "z": -0.006660054437816143
        },
        "scale": {
          "x": 1.0,
          "y": 1.0,
          "z": 1.0
        },
        "matrix_basis": [
          [
            0.9998535513877869,
            0.014750181697309017,
            0.008680530823767185,
            0.0
          ],
          [
            -0.011601743288338184,
            0.9570051431655884,
            -0.28983888030052185,
            0.0
          ],
          [
            -0.012582488358020782,
            0.28969570994377136,
            0.9570360779762268,
            0.0
          ],
          [
            0.0,
            0.0,
            0.0,
            1.0
          ]
        ],
        "rotation_mode": "QUATERNION"
      },
      "armature_space": {
        "head": {
          "x": 0.5413414835929871,
          "y": -0.4163205623626709,
          "z": 0.588313102722168
        },
        "tail": {
          "x": 0.5491395592689514,
          "y": -0.39573726058006287,
          "z": 0.6093468070030212
        }
      },
      "world_space": {
        "head": {
          "x": 0.5413414835929871,
          "y": -0.3530765771865845,
          "z": 1.538167119026184
        },
        "tail": {
          "x": 0.5491395592689514,
          "y": -0.33249324560165405,
          "z": 1.5592007637023926
        },
        "rotation_quaternion": {
          "w": 0.5958163142204285,
          "x": 0.13937924802303314,
          "y": -0.6950138807296753,
          "z": -0.37753427028656006
        },
        "matrix": [
          [
            -0.25115466117858887,
            0.25613832473754883,
            -0.933442234992981,
            0.5413414835929871
          ],
          [
            -0.643622100353241,
            0.6760842800140381,
            0.35869354009628296,
            -0.3530765771865845
          ],
          [
            0.7229651808738708,
            0.690877377986908,
            -0.004945144057273865,
            1.538167119026184
          ],
          [
            0.0,
            0.0,
            0.0,
            1.0
          ]
        ]
      },
      "bone_length_armature_space": 0.0304450164863591,
      "parent": "thumb_02_l",
      "has_children": false,
      "is_end_bone": true
    },
    "metacarpal_index_l": {
      "name": "metacarpal_index_l",
      "local": {
        "location": {
          "x": 0.0,
          "y": 0.0,
          "z": 0.0
        },
        "rotation_quaternion": {
          "w": 0.999763548374176,
          "x": -0.0015994487330317497,
          "y": -0.020898615941405296,
          "z": -0.005790431518107653
        },
        "scale": {
          "x": 1.0,
          "y": 1.0,
          "z": 1.0
        },
        "matrix_basis": [
          [
            0.9990594387054443,
            0.011644977144896984,
            -0.04176882654428482,
            0.0
          ],
          [
            -0.011511271819472313,
            0.999927818775177,
            0.0034401651937514544,
            0.0
          ],
          [
            0.041805870831012726,
            -0.0029561170376837254,
            0.999121367931366,
            0.0
          ],
          [
            0.0,
            0.0,
            0.0,
            1.0
          ]
        ],
        "rotation_mode": "QUATERNION"
      },
      "armature_space": {
        "head": {
          "x": 0.5104525089263916,
          "y": -0.35275208950042725,
          "z": 0.5542681813240051
        },
        "tail": {
          "x": 0.5389038324356079,
          "y": -0.4567949175834656,
          "z": 0.6000377535820007
        }
      },
      "world_space": {
        "head": {
          "x": 0.5104525089263916,
          "y": -0.2895081043243408,
          "z": 1.504122257232666
        },
        "tail": {
          "x": 0.5389038324356079,
          "y": -0.39355093240737915,
          "z": 1.549891710281372
        },
        "rotation_quaternion": {
          "w": 0.2330535352230072,
          "x": 0.9020816087722778,
          "y": 0.041357193142175674,
          "z": -0.36086636781692505
        },
        "matrix": [
          [
            0.7361302971839905,
            0.24281719326972961,
            -0.6317844986915588,
            0.5104525089263916
          ],
          [
            -0.09358704090118408,
            -0.8879514932632446,
            -0.45031535625457764,
            -0.2895081043243408
          ],
          [
            -0.6703431606292725,
            0.39061954617500305,
            -0.6309283971786499,
            1.504122257232666
          ],
          [
            0.0,
            0.0,
            0.0,
            1.0
          ]
        ]
      },
      "bone_length_armature_space": 0.11717184752000616,
      "parent": "lowerarm_l",
      "has_children": true,
      "is_end_bone": false
    },
    "index_01_l": {
      "name": "index_01_l",
      "local": {
        "location": {
          "x": 0.0,
          "y": 0.0,
          "z": 0.0
        },
        "rotation_quaternion": {
          "w": 0.9484578371047974,
          "x": 0.3162134885787964,
          "y": 0.01891176961362362,
          "z": -0.008896756917238235
        },
        "scale": {
          "x": 1.0,
          "y": 1.0,
          "z": 1.0
        },
        "matrix_basis": [
          [
            0.9991263747215271,
            0.02883671037852764,
            0.030247483402490616,
            0.0
          ],
          [
            -0.004916084464639425,
            0.7998597621917725,
            -0.6001668572425842,
            0.0
          ],
          [
            -0.041500579565763474,
            0.5994938015937805,
            0.7993027567863464,
            0.0
          ],
          [
            0.0,
            0.0,
            0.0,
            1.0
          ]
        ],
        "rotation_mode": "QUATERNION"
      },
      "armature_space": {
        "head": {
          "x": 0.5389038324356079,
          "y": -0.4567949175834656,
          "z": 0.6000377535820007
        },
        "tail": {
          "x": 0.5427560210227966,
          "y": -0.4843568503856659,
          "z": 0.5938272476196289
        }
      },
      "world_space": {
        "head": {
          "x": 0.5389038324356079,
          "y": -0.39355093240737915,
          "z": 1.549891710281372
        },
        "tail": {
          "x": 0.5427560210227966,
          "y": -0.4211128354072571,
          "z": 1.543681263923645
        },
        "rotation_quaternion": {
          "w": 0.07119713723659515,
          "x": -0.9004611968994141,
          "y": -0.10785096883773804,
          "z": 0.4152936339378357
        },
        "matrix": [
          [
            0.6317985653877258,
            0.1350966989994049,
            -0.7632687091827393,
            0.5389038324356079
          ],
          [
            0.25336670875549316,
            -0.9665985107421875,
            0.03863954544067383,
            -0.39355093240737915
          ],
          [
            -0.7325592637062073,
            -0.21780173480510712,
            -0.6449291110038757,
            1.549891710281372
          ],
          [
            0.0,
            0.0,
            0.0,
            1.0
          ]
        ]
      },
      "bone_length_armature_space": 0.02851438045094995,
      "parent": "metacarpal_index_l",
      "has_children": true,
      "is_end_bone": false
    },
    "index_02_l": {
      "name": "index_02_l",
      "local": {
        "location": {
          "x": 0.0,
          "y": 0.0,
          "z": 0.0
        },
        "rotation_quaternion": {
          "w": 0.8991876840591431,
          "x": 0.4373614192008972,
          "y": -0.01152536179870367,
          "z": -0.006620815023779869
        },
        "scale": {
          "x": 1.0,
          "y": 1.0,
          "z": 1.0
        },
        "matrix_basis": [
          [
            0.9996466636657715,
            0.0018252134323120117,
            -0.026518305763602257,
            0.0
          ],
          [
            -0.02198820747435093,
            0.6173422932624817,
            -0.7863873839378357,
            0.0
          ],
          [
            0.014935548417270184,
            0.7866926193237305,
            0.6171643137931824,
            0.0
          ],
          [
            0.0,
            0.0,
            0.0,
            1.0
          ]
        ],
        "rotation_mode": "QUATERNION"
      },
      "armature_space": {
        "head": {
          "x": 0.542755663394928,
          "y": -0.4843572974205017,
          "z": 0.5938271880149841
        },
        "tail": {
          "x": 0.5295602679252625,
          "y": -0.4997982084751129,
          "z": 0.5781570076942444
        }
      },
      "world_space": {
        "head": {
          "x": 0.542755663394928,
          "y": -0.4211133122444153,
          "z": 1.5436811447143555
        },
        "tail": {
          "x": 0.5295602679252625,
          "y": -0.4365541934967041,
          "z": 1.5280110836029053
        },
        "rotation_quaternion": {
          "w": 0.44081416726112366,
          "x": -0.765254020690918,
          "y": 0.06877347826957703,
          "z": 0.46404674649238586
        },
        "matrix": [
          [
            0.5598628520965576,
            -0.5143738985061646,
            -0.6495944261550903,
            0.542755663394928
          ],
          [
            0.3038564920425415,
            -0.6019081473350525,
            0.7384973168373108,
            -0.4211133122444153
          ],
          [
            -0.7708649635314941,
            -0.6108455657958984,
            -0.18069078028202057,
            1.5436811447143555
          ],
          [
            0.0,
            0.0,
            0.0,
            1.0
          ]
        ]
      },
      "bone_length_armature_space": 0.02565335751900423,
      "parent": "index_01_l",
      "has_children": true,
      "is_end_bone": false
    },
    "index_03_l": {
      "name": "index_03_l",
      "local": {
        "location": {
          "x": 0.0,
          "y": 0.0,
          "z": 0.0
        },
        "rotation_quaternion": {
          "w": 0.9232471585273743,
          "x": 0.38412049412727356,
          "y": -0.00788138434290886,
          "z": -0.0020376755855977535
        },
        "scale": {
          "x": 1.0,
          "y": 1.0,
          "z": 1.0
        },
        "matrix_basis": [
          [
            0.9998674392700195,
            -0.0022922460921108723,
            -0.016118356958031654,
            0.0
          ],
          [
            -0.009817359037697315,
            0.7048946022987366,
            -0.7092441916465759,
            0.0
          ],
          [
            0.01298750564455986,
            0.7093084454536438,
            0.7047786712646484,
            0.0
          ],
          [
            0.0,
            0.0,
            0.0,
            1.0
          ]
        ],
        "rotation_mode": "QUATERNION"
      },
      "armature_space": {
        "head": {
          "x": 0.529560387134552,
          "y": -0.49979832768440247,
          "z": 0.5781570076942444
        },
        "tail": {
          "x": 0.5072873830795288,
          "y": -0.49340707063674927,
          "z": 0.5603581070899963
        }
      },
      "world_space": {
        "head": {
          "x": 0.529560387134552,
          "y": -0.43655431270599365,
          "z": 1.5280110836029053
        },
        "tail": {
          "x": 0.5072873830795288,
          "y": -0.43016308546066284,
          "z": 1.5102121829986572
        },
        "rotation_quaternion": {
          "w": 0.7490774393081665,
          "x": -0.5118028521537781,
          "y": 0.21966545283794403,
          "z": 0.3587310016155243
        },
        "matrix": [
          [
            0.6461175084114075,
            -0.7622859477996826,
            -0.03810817003250122,
            0.529560387134552
          ],
          [
            0.31258630752563477,
            0.2187390923500061,
            0.9243611097335815,
            -0.43655431270599365
          ],
          [
            -0.6962961554527283,
            -0.6091620922088623,
            0.3796148896217346,
            1.5280110836029053
          ],
          [
            0.0,
            0.0,
            0.0,
            1.0
          ]
        ]
      },
      "bone_length_armature_space": 0.029218757002250035,
      "parent": "index_02_l",
      "has_children": false,
      "is_end_bone": true
    },
    "metacarpal_pinky_l": {
      "name": "metacarpal_pinky_l",
      "local": {
        "location": {
          "x": 0.0,
          "y": 0.0,
          "z": 0.0
        },
        "rotation_quaternion": {
          "w": 0.9993869066238403,
          "x": -0.03082689270377159,
          "y": 0.012333901599049568,
          "z": 0.01111163292080164
        },
        "scale": {
          "x": 1.0,
          "y": 1.0,
          "z": 1.0
        },
        "matrix_basis": [
          [
            0.999448835849762,
            -0.02297007292509079,
            0.023967605084180832,
            0.0
          ],
          [
            0.02144920825958252,
            0.9978524446487427,
            0.06189008429646492,
            0.0
          ],
          [
            -0.02533775381743908,
            -0.06134188547730446,
            0.9977951645851135,
            0.0
          ],
          [
            0.0,
            0.0,
            0.0,
            1.0
          ]
        ],
        "rotation_mode": "QUATERNION"
      },
      "armature_space": {
        "head": {
          "x": 0.5104525089263916,
          "y": -0.35275208950042725,
          "z": 0.5542681813240051
        },
        "tail": {
          "x": 0.5912797451019287,
          "y": -0.4144231677055359,
          "z": 0.5767815709114075
        }
      },
      "world_space": {
        "head": {
          "x": 0.5104525089263916,
          "y": -0.2895081043243408,
          "z": 1.504122257232666
        },
        "tail": {
          "x": 0.5912797451019287,
          "y": -0.35117918252944946,
          "z": 1.5266356468200684
        },
        "rotation_quaternion": {
          "w": 0.4356752336025238,
          "x": 0.005253915674984455,
          "y": -0.11859111487865448,
          "z": -0.892241895198822
        },
        "matrix": [
          [
            -0.6203187704086304,
            0.7762090563774109,
            -0.11271046847105026,
            0.5104525089263916
          ],
          [
            -0.778701901435852,
            -0.5922463536262512,
            0.20704598724842072,
            -0.2895081043243408
          ],
          [
            0.09395864605903625,
            0.21620333194732666,
            0.9718241095542908,
            1.504122257232666
          ],
          [
            0.0,
            0.0,
            0.0,
            1.0
          ]
        ]
      },
      "bone_length_armature_space": 0.10413076690486196,
      "parent": "lowerarm_l",
      "has_children": true,
      "is_end_bone": false
    },
    "pinky_01_l": {
      "name": "pinky_01_l",
      "local": {
        "location": {
          "x": 0.0,
          "y": 0.0,
          "z": 0.0
        },
        "rotation_quaternion": {
          "w": 0.9521071910858154,
          "x": 0.3051600158214569,
          "y": 0.012339992448687553,
          "z": 0.014730870723724365
        },
        "scale": {
          "x": 1.0,
          "y": 1.0,
          "z": 1.0
        },
        "matrix_basis": [
          [
            0.9992614388465881,
            -0.02051939070224762,
            0.03248853608965874,
            0.0
          ],
          [
            0.035582080483436584,
            0.8133207559585571,
            -0.5807265043258667,
            0.0
          ],
          [
            -0.014507445506751537,
            0.5814536213874817,
            0.8134501576423645,
            0.0
          ],
          [
            0.0,
            0.0,
            0.0,
            1.0
          ]
        ],
        "rotation_mode": "QUATERNION"
      },
      "armature_space": {
        "head": {
          "x": 0.5912797451019287,
          "y": -0.4144231677055359,
          "z": 0.5767815709114075
        },
        "tail": {
