{
  "metadata": {
    "armature_name": "KIM_caucasian_male",
    "export_time": "2026-01-13T21:00:16.533442",
    "blender_version": "4.4.1",
    "bone_count": 56,
    "end_bone_count": 13,
    "spaces_included": [
      "LOCAL_CHANNELS",
      "ARMATURE_SPACE",
      "WORLD_SPACE"
    ],
    "note": "LOCAL matches Transform panel; replay pose via local.matrix_basis for best fidelity."
  },
  "bones": {
    "Root": {
      "name": "Root",
      "local": {
        "location": {
          "x": 0.0,
          "y": 0.0,
          "z": 0.0
        },
        "rotation_quaternion": {
          "w": 0.9998905062675476,
          "x": -0.009595267474651337,
          "y": -0.007369379047304392,
          "z": 0.008532699197530746
        },
        "scale": {
          "x": 1.0,
          "y": 1.0,
          "z": 1.0
        },
        "matrix_basis": [
          [
            0.999745786190033,
            -0.016922106966376305,
            -0.014900891110301018,
            0.0
          ],
          [
            0.017204951494932175,
            0.9996702671051025,
            0.019062671810388565,
            0.0
          ],
          [
            0.014573397114872932,
            -0.019314195960760117,
            0.9997072219848633,
            0.0
          ],
          [
            0.0,
            0.0,
            0.0,
            1.0
          ]
        ],
        "rotation_mode": "QUATERNION"
      },
      "armature_space": {
        "head": {
          "x": 0.0,
          "y": 0.07072800397872925,
          "z": -0.009595036506652832
        },
        "tail": {
          "x": -0.0012078301515430212,
          "y": 0.00020864605903625488,
          "z": 0.001362900249660015
        }
      },
      "world_space": {
        "head": {
          "x": 0.0,
          "y": 0.13397200405597687,
          "z": 0.9402589797973633
        },
        "tail": {
          "x": -0.0012078301515430212,
          "y": 0.06345264613628387,
          "z": 0.9512169361114502
        },
        "rotation_quaternion": {
          "w": 0.07693374902009964,
          "x": 0.9969725012779236,
          "y": -0.009009774774312973,
          "z": -0.006777807604521513
        },
        "matrix": [
          [
            0.999745786190033,
            -0.016922106966376305,
            -0.014900891110301018,
            0.0
          ],
          [
            -0.019007882103323936,
            -0.9880000352859497,
            -0.15327998995780945,
            0.13397200405597687
          ],
          [
            -0.01212836243212223,
            0.15352438390254974,
            -0.9880775213241577,
            0.9402589797973633
          ],
          [
            0.0,
            0.0,
            0.0,
            1.0
          ]
        ]
      },
      "bone_length_armature_space": 0.07137587215392732,
      "parent": null,
      "has_children": true,
      "is_end_bone": false
    },
    "spine_01": {
      "name": "spine_01",
      "local": {
        "location": {
          "x": 0.0,
          "y": 0.0,
          "z": 0.0
        },
        "rotation_quaternion": {
          "w": 0.9964221715927124,
          "x": 0.07856030017137527,
          "y": -0.030784189701080322,
          "z": 0.0048548560589551926
        },
        "scale": {
          "x": 1.0,
          "y": 1.0,
          "z": 1.0
        },
        "matrix_basis": [
          [
            0.9980575442314148,
            -0.014511803165078163,
            -0.060585301369428635,
            0.0
          ],
          [
            0.004838142078369856,
            0.9876094460487366,
            -0.15685735642910004,
            0.0
          ],
          [
            0.06211089715361595,
            0.15625953674316406,
            0.9857612252235413,
            0.0
          ],
          [
            0.0,
            0.0,
            0.0,
            1.0
          ]
        ],
        "rotation_mode": "QUATERNION"
      },
      "armature_space": {
        "head": {
          "x": -0.0012078301515430212,
          "y": 0.00020864605903625488,
          "z": 0.001362900249660015
        },
        "tail": {
          "x": -0.003236888675019145,
          "y": -0.04403332620859146,
          "z": 0.48735368251800537
        }
      },
      "world_space": {
        "head": {
          "x": -0.0012078301515430212,
          "y": 0.06345264613628387,
          "z": 0.9512169361114502
        },
        "tail": {
          "x": -0.003236888675019145,
          "y": 0.01921067386865616,
          "z": 1.4372076988220215
        },
        "rotation_quaternion": {
          "w": 0.6736802458763123,
          "x": 0.7379193305969238,
          "y": -0.028721220791339874,
          "z": -0.02837400883436203
        },
        "matrix": [
          [
            0.9967400431632996,
            -0.004157896153628826,
            -0.08057329058647156,
            -0.0012078301515430212
          ],
          [
            -0.08061790466308594,
            -0.09065955132246017,
            -0.9926136136054993,
            0.06345264613628387
          ],
          [
            -0.003177650272846222,
            0.9958802461624146,
            -0.09070075303316116,
            0.9512169361114502
          ],
          [
            0.0,
            0.0,
            0.0,
            1.0
          ]
        ]
      },
      "bone_length_armature_space": 0.4880046360698295,
      "parent": "Root",
      "has_children": true,
      "is_end_bone": false
    },
    "neck_01": {
      "name": "neck_01",
      "local": {
        "location": {
          "x": 0.0,
          "y": 0.0,
          "z": 0.0
        },
        "rotation_quaternion": {
          "w": 0.9918053150177002,
          "x": 0.04294764995574951,
          "y": -0.08691515028476715,
          "z": -0.08320727944374084
        },
        "scale": {
          "x": 1.0,
          "y": 1.0,
          "z": 1.0
        },
        "matrix_basis": [
          [
            0.9710446000099182,
            0.1575852483510971,
            -0.17955292761325836,
            0.0
          ],
          [
            -0.17251645028591156,
            0.982464075088501,
            -0.07072746753692627,
            0.0
          ],
          [
            0.16525870561599731,
            0.09965535998344421,
            0.9812024831771851,
            0.0
          ],
          [
            0.0,
            0.0,
            0.0,
            1.0
          ]
        ],
        "rotation_mode": "QUATERNION"
      },
      "armature_space": {
        "head": {
          "x": -0.006335640326142311,
          "y": -0.08509555459022522,
          "z": 0.5571249723434448
        },
        "tail": {
          "x": 0.005531832575798035,
          "y": -0.1418798267841339,
          "z": 0.6416555643081665
        }
      },
      "world_space": {
        "head": {
          "x": -0.006335640326142311,
          "y": -0.0218515545129776,
          "z": 1.506978988647461
        },
        "tail": {
          "x": 0.005531832575798035,
          "y": -0.07863582670688629,
          "z": 1.5915095806121826
        },
        "rotation_quaternion": {
          "w": 0.47221213579177856,
          "x": 0.8704557418823242,
          "y": -0.008767127990722656,
          "z": -0.13872891664505005
        },
        "matrix": [
          [
            0.9613550901412964,
            0.11575612425804138,
            -0.24979397654533386,
            -0.006335640326142311
          ],
          [
            -0.14628127217292786,
            -0.5538776516914368,
            -0.8196473121643066,
            -0.0218515545129776
          ],
          [
            -0.23323625326156616,
            0.8245173096656799,
            -0.5155444741249084,
            1.506978988647461
          ],
          [
            0.0,
            0.0,
            0.0,
            1.0
          ]
        ]
      },
      "bone_length_armature_space": 0.10252176199865878,
      "parent": "spine_01",
      "has_children": true,
      "is_end_bone": false
    },
    "head": {
      "name": "head",
      "local": {
        "location": {
          "x": 0.0,
          "y": 0.0,
          "z": 0.0
        },
        "rotation_quaternion": {
          "w": 0.9836194515228271,
          "x": 0.023159965872764587,
          "y": 0.08690763264894485,
          "z": 0.1562160700559616
        },
        "scale": {
          "x": 1.0,
          "y": 1.0,
          "z": 1.0
        },
        "matrix_basis": [
          [
            0.9360871911048889,
            -0.3032887876033783,
            0.1782039999961853,
            0.0
          ],
          [
            0.3113398849964142,
            0.9501203298568726,
            -0.01840844750404358,
            0.0
          ],
          [
            -0.1637321561574936,
            0.0727139264345169,
            0.9838213324546814,
            0.0
          ],
          [
            0.0,
            0.0,
            0.0,
            1.0
          ]
        ],
        "rotation_mode": "QUATERNION"
      },
      "armature_space": {
        "head": {
          "x": 0.005531785078346729,
          "y": -0.14187991619110107,
          "z": 0.641655445098877
        },
        "tail": {
          "x": -0.012732860632240772,
          "y": -0.17814886569976807,
          "z": 0.791335940361023
        }
      },
      "world_space": {
        "head": {
          "x": 0.005531785078346729,
          "y": -0.07863591611385345,
          "z": 1.591509461402893
        },
        "tail": {
          "x": -0.012732860632240772,
          "y": -0.11490486562252045,
          "z": 1.741189956665039
        },
        "rotation_quaternion": {
          "w": 0.6166045665740967,
          "x": 0.7849737405776978,
          "y": -0.053573112934827805,
          "z": 0.027295298874378204
        },
        "matrix": [
          [
            0.9927698373794556,
            -0.11776787787675858,
            -0.023215308785438538,
            0.005531785078346729
          ],
          [
            -0.05044682323932648,
            -0.23385712504386902,
            -0.9709615111351013,
            -0.07863591611385345
          ],
          [
            0.10891968011856079,
            0.9651188254356384,
            -0.23810985684394836,
            1.591509461402893
          ],
          [
            0.0,
            0.0,
            0.0,
            1.0
          ]
        ]
      },
      "bone_length_armature_space": 0.1550912109216485,
      "parent": "neck_01",
      "has_children": false,
      "is_end_bone": true
    },
    "upperarm_l": {
      "name": "upperarm_l",
      "local": {
        "location": {
          "x": 0.0,
          "y": 0.0,
          "z": 0.0
        },
        "rotation_quaternion": {
          "w": 0.934960126876831,
          "x": 0.13627935945987701,
          "y": 0.23032720386981964,
          "z": -0.23286697268486023
        },
        "scale": {
          "x": 1.0,
          "y": 1.0,
          "z": 1.0
        },
        "matrix_basis": [
          [
            0.7854446768760681,
            0.4982203543186188,
            0.3672235906124115,
            0.0
          ],
          [
            -0.3726649880409241,
            0.8544018268585205,
            -0.3621027171611786,
            0.0
          ],
          [
            -0.4941634237766266,
            0.14756034314632416,
            0.8567546010017395,
            0.0
          ],
          [
            0.0,
            0.0,
            0.0,
            1.0
          ]
        ],
        "rotation_mode": "QUATERNION"
      },
      "armature_space": {
        "head": {
          "x": 0.14319784939289093,
          "y": -0.0942607894539833,
          "z": 0.48942819237709045
        },
        "tail": {
          "x": 0.36802932620048523,
          "y": -0.12707647681236267,
          "z": 0.34736528992652893
        }
      },
      "world_space": {
        "head": {
          "x": 0.14319784939289093,
          "y": -0.031016789376735687,
          "z": 1.4392821788787842
        },
        "tail": {
          "x": 0.36802932620048523,
          "y": -0.06383247673511505,
          "z": 1.2972192764282227
        },
        "rotation_quaternion": {
          "w": 0.1194102019071579,
          "x": 0.5508056879043579,
          "y": 0.6515459418296814,
          "z": -0.5077816247940063
        },
        "matrix": [
          [
            -0.364705890417099,
            0.8390191197395325,
            -0.40377816557884216,
            0.14319784939289093
          ],
          [
            0.5964843034744263,
            -0.12246055901050568,
            -0.7932277321815491,
            -0.031016789376735687
          ],
          [
            -0.7149844169616699,
            -0.5301459431648254,
            -0.4558035135269165,
            1.4392821788787842
          ],
          [
            0.0,
            0.0,
            0.0,
            1.0
          ]
        ]
      },
      "bone_length_armature_space": 0.26797002026233213,
      "parent": "spine_01",
      "has_children": true,
      "is_end_bone": false
    },
    "lowerarm_l": {
      "name": "lowerarm_l",
      "local": {
        "location": {
          "x": 0.0,
          "y": 0.0,
          "z": 0.0
        },
        "rotation_quaternion": {
          "w": 0.9204689860343933,
          "x": 0.3726884722709656,
          "y": 0.03750816732645035,
          "z": -0.11150515824556351
        },
        "scale": {
          "x": 1.0,
          "y": 1.0,
          "z": 1.0
        },
        "matrix_basis": [
          [
            0.972319483757019,
            0.2332317978143692,
            -0.014063164591789246,
            0.0
          ],
          [
            -0.177316352725029,
            0.6973398327827454,
            -0.6944610476493835,
            0.0
          ],
          [
            -0.1521635800600052,
            0.6777316331863403,
            0.7193928956985474,
            0.0
          ],
          [
            0.0,
            0.0,
            0.0,
            1.0
          ]
        ],
        "rotation_mode": "QUATERNION"
      },
      "armature_space": {
        "head": {
          "x": 0.3680294156074524,
          "y": -0.12707659602165222,
          "z": 0.3473653197288513
        },
        "tail": {
          "x": 0.4141032099723816,
          "y": -0.2988051176071167,
          "z": 0.14747406542301178
        }
      },
      "world_space": {
        "head": {
          "x": 0.3680294156074524,
          "y": -0.0638325959444046,
          "z": 1.2972192764282227
        },
        "tail": {
          "x": 0.4141032099723816,
          "y": -0.23556111752986908,
          "z": 1.0973280668258667
        },
        "rotation_quaternion": {
          "w": 0.15237759053707123,
          "x": -0.507810115814209,
          "y": -0.39474448561668396,
          "z": 0.7503910064697266
        },
        "matrix": [
          [
            -0.4378213882446289,
            0.17222273349761963,
            -0.8824125528335571,
            0.3680294156074524
          ],
          [
            0.6295952796936035,
            -0.6419171094894409,
            -0.43766719102859497,
            -0.0638325959444046
          ],
          [
            -0.6418157815933228,
            -0.7471886277198792,
            0.17261512577533722,
            1.2972192764282227
          ],
          [
            0.0,
            0.0,
            0.0,
            1.0
          ]
        ]
      },
      "bone_length_armature_space": 0.2675256873526273,
      "parent": "upperarm_l",
      "has_children": true,
      "is_end_bone": false
    },
    "metacarpal_thumb_l": {
      "name": "metacarpal_thumb_l",
      "local": {
        "location": {
          "x": 0.0,
          "y": 0.0,
          "z": 0.0
        },
        "rotation_quaternion": {
          "w": 0.9986333847045898,
          "x": -0.051439207047224045,
          "y": -0.004152470733970404,
          "z": 0.008266013115644455
        },
        "scale": {
          "x": 1.0,
          "y": 1.0,
          "z": 1.0
        },
        "matrix_basis": [
          [
            0.9998288750648499,
            -0.01608223281800747,
            -0.00914398580789566,
            0.0
          ],
          [
            0.016936633735895157,
            0.9945713877677917,
            0.10266917198896408,
            0.0
          ],
          [
            0.007443197537213564,
            -0.1028064712882042,
            0.9946735501289368,
            0.0
          ],
          [
            0.0,
            0.0,
            0.0,
            1.0
          ]
        ],
        "rotation_mode": "QUATERNION"
      },
      "armature_space": {
        "head": {
          "x": 0.4141032099723816,
          "y": -0.2988051176071167,
          "z": 0.14747406542301178
        },
        "tail": {
          "x": 0.3927868902683258,
          "y": -0.3346368670463562,
          "z": 0.12072901427745819
        }
      },
      "world_space": {
        "head": {
          "x": 0.4141032099723816,
          "y": -0.23556111752986908,
          "z": 1.0973280668258667
        },
        "tail": {
          "x": 0.3927868902683258,
          "y": -0.2713928818702698,
          "z": 1.0705829858779907
        },
        "rotation_quaternion": {
          "w": 0.3523939847946167,
          "x": -0.8727524280548096,
          "y": 0.1188615933060646,
          "z": 0.3162178099155426
        },
        "matrix": [
          [
            0.7717571258544922,
            -0.4303397536277771,
            -0.46818670630455017,
            0.4141032099723816
          ],
          [
            0.015391692519187927,
            -0.7233815789222717,
            0.6902769804000854,
            -0.23556111752986908
          ],
          [
            -0.6357357501983643,
            -0.5399367213249207,
            -0.5516543984413147,
            1.0973280668258667
          ],
          [
            0.0,
            0.0,
            0.0,
            1.0
          ]
        ]
      },
      "bone_length_armature_space": 0.04953380213086838,
      "parent": "lowerarm_l",
      "has_children": true,
      "is_end_bone": false
    },
    "thumb_01_l": {
      "name": "thumb_01_l",
      "local": {
        "location": {
          "x": 0.0,
          "y": 0.0,
          "z": 0.0
        },
        "rotation_quaternion": {
          "w": 0.9956498742103577,
          "x": -0.09313734620809555,
          "y": -0.0021812759805470705,
          "z": 0.001444124849513173
        },
        "scale": {
          "x": 1.0,
          "y": 1.0,
          "z": 1.0
        },
        "matrix_basis": [
          [
            0.9999862909317017,
            -0.002469368977472186,
            -0.0046125780791044235,
            0.0
          ],
          [
            0.003282001940533519,
            0.9826467037200928,
            0.18545807898044586,
            0.0
          ],
          [
            0.004074570257216692,
            -0.18547067046165466,
            0.982641339302063,
            0.0
          ],
          [
            0.0,
            0.0,
            0.0,
            1.0
          ]
        ],
        "rotation_mode": "QUATERNION"
      },
      "armature_space": {
        "head": {
          "x": 0.3927868902683258,
          "y": -0.3346368670463562,
          "z": 0.12072901427745819
        },
        "tail": {
          "x": 0.3642018735408783,
          "y": -0.33356818556785583,
          "z": 0.10227952897548676
        }
      },
      "world_space": {
        "head": {
          "x": 0.3927868902683258,
          "y": -0.2713928818702698,
          "z": 1.0705829858779907
        },
        "tail": {
          "x": 0.3642018735408783,
          "y": -0.270324170589447,
          "z": 1.052133560180664
        },
        "rotation_quaternion": {
          "w": 0.21181580424308777,
          "x": -0.6700066328048706,
          "y": 0.686172604560852,
          "z": -0.18812896311283112
        },
        "matrix": [
          [
            -0.0124481450766325,
            -0.8397833108901978,
            0.5427790880203247,
            0.3927868902683258
          ],
          [
            -0.9991775751113892,
            0.03139633685350418,
            0.025660771876573563,
            -0.2713928818702698
          ],
          [
            -0.03859192505478859,
            -0.5420169830322266,
            -0.8394894599914551,
            1.0705829858779907
          ],
          [
            0.0,
            0.0,
            0.0,
            1.0
          ]
        ]
      },
      "bone_length_armature_space": 0.03403863650306584,
      "parent": "metacarpal_thumb_l",
      "has_children": true,
      "is_end_bone": false
    },
    "thumb_02_l": {
      "name": "thumb_02_l",
      "local": {
        "location": {
          "x": 0.0,
          "y": 0.0,
          "z": 0.0
        },
        "rotation_quaternion": {
          "w": 0.9954772591590881,
          "x": 0.09455415606498718,
          "y": 0.009074518457055092,
          "z": -0.0015037651173770428
        },
        "scale": {
          "x": 1.0,
          "y": 1.0,
          "z": 1.0
        },
        "matrix_basis": [
          [
            0.9998307824134827,
            0.00470999488607049,
            0.017782578244805336,
            0.0
          ],
          [
            -0.001277861068956554,
            0.9821144938468933,
            -0.18828031420707703,
            0.0
          ],
          [
            -0.018351327627897263,
            0.18822573125362396,
            0.9819543361663818,
            0.0
          ],
          [
            0.0,
            0.0,
            0.0,
            1.0
          ]
        ],
        "rotation_mode": "QUATERNION"
      },
      "armature_space": {
        "head": {
          "x": 0.3642018437385559,
          "y": -0.33356815576553345,
          "z": 0.10227957367897034
        },
        "tail": {
          "x": 0.3677108585834503,
          "y": -0.35953396558761597,
          "z": 0.07183852046728134
        }
      },
      "world_space": {
        "head": {
          "x": 0.3642018437385559,
          "y": -0.270324170589447,
          "z": 1.052133560180664
        },
        "tail": {
          "x": 0.3677108585834503,
          "y": -0.29628998041152954,
          "z": 1.0216925144195557
        },
        "rotation_quaternion": {
          "w": 0.2776055335998535,
          "x": -0.5171384215354919,
          "y": 0.31573930382728577,
          "z": -0.7455278635025024
        },
        "matrix": [
          [
            -0.3110068142414093,
            0.0873660072684288,
            0.9463837146759033,
            0.3642018437385559
          ],
          [
            -0.7404871582984924,
            -0.6464880704879761,
            -0.18366289138793945,
            -0.270324170589447
          ],
          [
            0.5957834720611572,
            -0.757911205291748,
            0.26575714349746704,
            1.052133560180664
          ],
          [
            0.0,
            0.0,
            0.0,
            1.0
          ]
        ]
      },
      "bone_length_armature_space": 0.040164588578263716,
      "parent": "thumb_01_l",
      "has_children": true,
      "is_end_bone": false
    },
    "thumb_03_l": {
      "name": "thumb_03_l",
      "local": {
        "location": {
          "x": 0.0,
          "y": 0.0,
          "z": 0.0
        },
        "rotation_quaternion": {
          "w": 0.9971495270729065,
          "x": 0.0747385025024414,
          "y": -0.007836106233298779,
          "z": 0.006761636584997177
        },
        "scale": {
          "x": 1.0,
          "y": 1.0,
          "z": 1.0
        },
        "matrix_basis": [
          [
            0.9997857809066772,
            -0.01465604268014431,
            -0.0146168302744627,
            0.0
          ],
          [
            0.012313407845795155,
            0.9887368679046631,
            -0.14915689826011658,
            0.0
          ],
          [
            0.016638249158859253,
            0.14894495904445648,
            0.9887055158615112,
            0.0
          ],
          [
            0.0,
            0.0,
            0.0,
            1.0
          ]
        ],
        "rotation_mode": "QUATERNION"
      },
      "armature_space": {
        "head": {
          "x": 0.36771076917648315,
          "y": -0.35953396558761597,
          "z": 0.07183857262134552
        },
        "tail": {
          "x": 0.38293561339378357,
          "y": -0.3770502209663391,
          "z": 0.05213368684053421
        }
      },
      "world_space": {
        "head": {
          "x": 0.36771076917648315,
          "y": -0.29628998041152954,
          "z": 1.0216926336288452
        },
        "tail": {
          "x": 0.38293561339378357,
          "y": -0.3138062357902527,
          "z": 1.0019876956939697
        },
        "rotation_quaternion": {
          "w": 0.3803626298904419,
          "x": -0.27342140674591064,
          "y": 0.26010119915008545,
          "z": -0.8443414568901062
        },
        "matrix": [
          [
            -0.5611289739608765,
            0.5000784397125244,
            0.6595878601074219,
            0.36771076917648315
          ],
          [
            -0.7845469117164612,
            -0.5753431916236877,
            -0.23122820258140564,
            -0.29628998041152954
          ],
          [
            0.263858437538147,
            -0.6472314596176147,
            0.7151813507080078,
            1.0216926336288452
          ],
          [
            0.0,
            0.0,
            0.0,
            1.0
          ]
        ]
      },
      "bone_length_armature_space": 0.030444993483869177,
      "parent": "thumb_02_l",
      "has_children": false,
      "is_end_bone": true
    },
    "metacarpal_index_l": {
      "name": "metacarpal_index_l",
      "local": {
        "location": {
          "x": 0.0,
          "y": 0.0,
          "z": 0.0
        },
        "rotation_quaternion": {
          "w": 0.999672532081604,
          "x": -0.001963419606909156,
          "y": -0.022556744515895844,
          "z": 0.011924168094992638
        },
        "scale": {
          "x": 1.0,
          "y": 1.0,
          "z": 1.0
        },
        "matrix_basis": [
          [
            0.9986979961395264,
            -0.02375194989144802,
            -0.04514554142951965,
            0.0
          ],
          [
            0.023929104208946228,
            0.9997079372406006,
            0.003387612523511052,
            0.0
          ],
          [
            0.04505189135670662,
            -0.004463494289666414,
            0.9989746809005737,
            0.0
          ],
          [
            0.0,
            0.0,
            0.0,
            1.0
          ]
        ],
        "rotation_mode": "QUATERNION"
      },
      "armature_space": {
        "head": {
          "x": 0.4141032099723816,
          "y": -0.2988051176071167,
          "z": 0.14747406542301178
        },
        "tail": {
          "x": 0.3983004689216614,
          "y": -0.3840281367301941,
          "z": 0.06862844526767731
        }
      },
      "world_space": {
        "head": {
          "x": 0.4141032099723816,
          "y": -0.23556111752986908,
          "z": 1.0973280668258667
        },
        "tail": {
          "x": 0.3983004689216614,
          "y": -0.32078415155410767,
          "z": 1.0184824466705322
        },
        "rotation_quaternion": {
          "w": 0.34145936369895935,
          "x": -0.7731771469116211,
          "y": -0.14049553871154785,
          "z": 0.515619695186615
        },
        "matrix": [
          [
            0.4287959337234497,
            -0.13486815989017487,
            -0.8932775259017944,
            0.4141032099723816
          ],
          [
            0.5693816542625427,
            -0.7273342609405518,
            0.38313156366348267,
            -0.23556111752986908
          ],
          [
            -0.701387882232666,
            -0.6729064583778381,
            -0.23508787155151367,
            1.0973280668258667
          ],
          [
            0.0,
            0.0,
            0.0,
            1.0
          ]
        ]
      },
      "bone_length_armature_space": 0.1171721861936408,
      "parent": "lowerarm_l",
      "has_children": true,
      "is_end_bone": false
    },
    "index_01_l": {
      "name": "index_01_l",
      "local": {
        "location": {
          "x": 0.0,
          "y": 0.0,
          "z": 0.0
        },
        "rotation_quaternion": {
          "w": 0.9942068457603455,
          "x": -0.10723463445901871,
          "y": 0.0003035409899894148,
          "z": -0.0073074521496891975
        },
        "scale": {
          "x": 1.0,
          "y": 1.0,
          "z": 1.0
        },
        "matrix_basis": [
          [
            0.9998930096626282,
            0.014465137384831905,
            0.0021707890555262566,
            0.0
          ],
          [
            -0.014595338143408298,
            0.9768946766853333,
            0.21322238445281982,
            0.0
          ],
          [
            0.0009636588511057198,
            -0.21323125064373016,
            0.9770013093948364,
            0.0
          ],
          [
            0.0,
            0.0,
            0.0,
            1.0
          ]
        ],
        "rotation_mode": "QUATERNION"
      },
      "armature_space": {
        "head": {
          "x": 0.3983004689216614,
          "y": -0.3840281367301941,
          "z": 0.06862844526767731
        },
        "tail": {
          "x": 0.4077545404434204,
          "y": -0.4004688262939453,
          "z": 0.04733523726463318
        }
      },
      "world_space": {
        "head": {
          "x": 0.3983004689216614,
          "y": -0.32078415155410767,
          "z": 1.0184824466705322
        },
        "tail": {
          "x": 0.4077545404434204,
          "y": -0.3372248411178589,
          "z": 0.9971892833709717
        },
        "rotation_quaternion": {
          "w": 0.29748809337615967,
          "x": -0.7995041012763977,
          "y": -0.3510168492794037,
          "z": 0.3861103057861328
        },
        "matrix": [
          [
            0.4554111659526825,
            0.331554114818573,
            -0.826240062713623,
            0.3983004689216614
          ],
          [
            0.7910058498382568,
            -0.5765760540962219,
            0.20462192595005035,
            -0.32078415155410767
          ],
          [
            -0.4085490107536316,
            -0.7467536330223083,
            -0.5248439311981201,
            1.0184824466705322
          ],
          [
            0.0,
            0.0,
            0.0,
            1.0
          ]
        ]
      },
      "bone_length_armature_space": 0.028514495515540687,
      "parent": "metacarpal_index_l",
      "has_children": true,
      "is_end_bone": false
    },
    "index_02_l": {
      "name": "index_02_l",
      "local": {
        "location": {
          "x": 0.0,
          "y": 0.0,
          "z": 0.0
        },
        "rotation_quaternion": {
          "w": 0.9989355802536011,
          "x": 0.04592194780707359,
          "y": 0.0017359412740916014,
          "z": 0.003986668772995472
        },
        "scale": {
          "x": 1.0,
          "y": 1.0,
          "z": 1.0
        },
        "matrix_basis": [
          [
            0.9999622106552124,
            -0.007805414963513613,
            0.0038343381602317095,
            0.0
          ],
          [
            0.00812428630888462,
            0.9957505464553833,
            -0.09173229336738586,
            0.0
          ],
          [
            -0.003102035727351904,
            0.09175997972488403,
            0.9957762956619263,
            0.0
          ],
          [
            0.0,
            0.0,
            0.0,
            1.0
          ]
        ],
        "rotation_mode": "QUATERNION"
      },
      "armature_space": {
        "head": {
          "x": 0.4077542722225189,
          "y": -0.40046918392181396,
          "z": 0.047334883362054825
        },
        "tail": {
          "x": 0.4152469336986542,
          "y": -0.41458776593208313,
          "z": 0.027269434183835983
        }
      },
      "world_space": {
        "head": {
          "x": 0.4077542722225189,
          "y": -0.33722519874572754,
          "z": 0.997188925743103
        },
        "tail": {
          "x": 0.4152469336986542,
          "y": -0.3513437509536743,
          "z": 0.9771234393119812
        },
        "rotation_quaternion": {
          "w": 0.31219547986984253,
          "x": -0.7748934030532837,
          "y": -0.3568655550479889,
          "z": 0.4179966449737549
        },
        "matrix": [
          [
            0.3958510458469391,
            0.2920740246772766,
            -0.8706288933753967,
            0.4077542722225189
          ],
          [
            0.8140592575073242,
            -0.5503619909286499,
            0.18549789488315582,
            -0.33722519874572754
          ],
          [
            -0.4249841570854187,
            -0.7821791172027588,
            -0.4556300938129425,
            0.997188925743103
          ],
          [
            0.0,
            0.0,
            0.0,
            1.0
          ]
        ]
      },
      "bone_length_armature_space": 0.025653393184941264,
      "parent": "index_01_l",
      "has_children": true,
      "is_end_bone": false
    },
    "index_03_l": {
      "name": "index_03_l",
      "local": {
        "location": {
          "x": 0.0,
          "y": 0.0,
          "z": 0.0
        },
        "rotation_quaternion": {
          "w": 0.9985711574554443,
          "x": 0.0527944341301918,
          "y": 0.00666789198294282,
          "z": -0.004907447844743729
        },
        "scale": {
          "x": 1.0,
          "y": 1.0,
          "z": 1.0
        },
        "matrix_basis": [
          [
            0.9998629093170166,
            0.010504926554858685,
            0.012798557057976723,
            0.0
          ],
          [
            -0.009096816182136536,
            0.9943773150444031,
            -0.10550343990325928,
            0.0
          ],
          [
            -0.01383490115404129,
            0.10537255555391312,
            0.9943365454673767,
            0.0
          ],
          [
            0.0,
            0.0,
            0.0,
            1.0
          ]
        ],
        "rotation_mode": "QUATERNION"
      },
      "armature_space": {
        "head": {
          "x": 0.41524702310562134,
          "y": -0.4145878255367279,
          "z": 0.02726951614022255
        },
        "tail": {
          "x": 0.4199487864971161,
          "y": -0.42667582631111145,
          "z": 0.001087164506316185
        }
      },
      "world_space": {
        "head": {
          "x": 0.41524702310562134,
          "y": -0.3513438105583191,
          "z": 0.9771235585212708
        },
        "tail": {
          "x": 0.4199487864971161,
          "y": -0.36343181133270264,
          "z": 0.9509412050247192
        },
        "rotation_quaternion": {
          "w": 0.42163142561912537,
          "x": -0.7376377582550049,
          "y": -0.33966609835624695,
          "z": 0.4034159779548645
        },
        "matrix": [
          [
            0.4437648057937622,
            0.16091665625572205,
            -0.8815772533416748,
            0.41524702310562134
          ],
          [
            0.8412870168685913,
            -0.41370806097984314,
            0.3479684591293335,
            -0.3513438105583191
          ],
          [
            -0.3087230622768402,
            -0.8960825204849243,
            -0.31896814703941345,
            0.9771235585212708
          ],
          [
            0.0,
            0.0,
            0.0,
            1.0
          ]
        ]
      },
      "bone_length_armature_space": 0.02921886152681094,
      "parent": "index_02_l",
      "has_children": false,
      "is_end_bone": true
    },
    "metacarpal_pinky_l": {
      "name": "metacarpal_pinky_l",
      "local": {
        "location": {
          "x": 0.0,
          "y": 0.0,
          "z": 0.0
        },
        "rotation_quaternion": {
          "w": 0.9983477592468262,
          "x": -0.056334298104047775,
          "y": -0.006341569125652313,
          "z": -0.009380210191011429
        },
        "scale": {
          "x": 1.0,
          "y": 1.0,
          "z": 1.0
        },
        "matrix_basis": [
          [
            0.9997435808181763,
            0.019443919882178307,
            -0.01160532794892788,
            0.0
          ],
          [
            -0.018014928326010704,
            0.993476927280426,
            0.11260141432285309,
            0.0
          ],
          [
            0.013719038106501102,
            -0.11236347258090973,
            0.993572473526001,
            0.0
          ],
          [
            0.0,
            0.0,
            0.0,
            1.0
          ]
        ],
        "rotation_mode": "QUATERNION"
      },
      "armature_space": {
        "head": {
          "x": 0.4141032099723816,
          "y": -0.2988051176071167,
          "z": 0.14747406542301178
        },
        "tail": {
          "x": 0.45429784059524536,
          "y": -0.3397810459136963,
          "z": 0.06059084087610245
        }
      },
      "world_space": {
        "head": {
          "x": 0.4141032099723816,
          "y": -0.23556111752986908,
          "z": 1.0973280668258667
        },
        "tail": {
          "x": 0.45429784059524536,
          "y": -0.27653706073760986,
          "z": 1.0104448795318604
        },
        "rotation_quaternion": {
          "w": 0.24197953939437866,
          "x": -0.018065592274069786,
          "y": 0.494665265083313,
          "z": -0.8345214128494263
        },
        "matrix": [
          [
            -0.882238507270813,
            0.3860016465187073,
            0.26955151557922363,
            0.4141032099723816
          ],
          [
            -0.4217487573623657,
            -0.3935045003890991,
            -0.8168737888336182,
            -0.23556111752986908
          ],
          [
            -0.2092466950416565,
            -0.8343665599822998,
            0.5099632740020752,
            1.0973280668258667
          ],
          [
            0.0,
            0.0,
            0.0,
            1.0
          ]
        ]
      },
      "bone_length_armature_space": 0.10413130939954865,
      "parent": "lowerarm_l",
      "has_children": true,
      "is_end_bone": false
    },
    "pinky_01_l": {
      "name": "pinky_01_l",
      "local": {
        "location": {
          "x": 0.0,
          "y": 0.0,
          "z": 0.0
        },
        "rotation_quaternion": {
          "w": 0.9947760105133057,
          "x": -0.10136641561985016,
          "y": -0.01205633394420147,
          "z": -0.0004741717129945755
        },
        "scale": {
          "x": 1.0,
          "y": 1.0,
          "z": 1.0
        },
        "matrix_basis": [
          [
            0.9997088313102722,
            0.003387603908777237,
            -0.023890573531389236,
            0.0
          ],
          [
            0.001500825397670269,
            0.9794492721557617,
            0.20168519020080566,
            0.0
          ],
          [
            0.024082833901047707,
            -0.2016623169183731,
            0.9791589975357056,
            0.0
          ],
          [
            0.0,
            0.0,
            0.0,
            1.0
          ]
        ],
        "rotation_mode": "QUATERNION"
      },
      "armature_space": {
        "head": {
          "x": 0.45429784059524536,
          "y": -0.3397810459136963,
