{
  "metadata": {
    "armature_name": "KIM_caucasian_male",
    "export_time": "2026-01-13T19:11:04.675917",
    "blender_version": "4.4.1",
    "bone_count": 56,
    "end_bone_count": 13,
    "spaces_included": [
      "LOCAL_CHANNELS",
      "ARMATURE_SPACE",
      "WORLD_SPACE"
    ],
    "note": "LOCAL matches Transform panel; replay pose via local.matrix_basis for best fidelity."
  },
  "bones": {
    "Root": {
      "name": "Root",
      "local": {
        "location": {
          "x": 0.0,
          "y": 0.0,
          "z": 0.0
        },
        "rotation_quaternion": {
          "w": 0.9995453953742981,
          "x": -0.018218858167529106,
          "y": 0.019505281001329422,
          "z": 0.01402946375310421
        },
        "scale": {
          "x": 1.0,
          "y": 1.0,
          "z": 1.0
        },
        "matrix_basis": [
          [
            0.9988454580307007,
            -0.028756899759173393,
            0.03848162665963173,
            0.0
          ],
          [
            0.02733544446527958,
            0.998942494392395,
            0.036968447268009186,
            0.0
          ],
          [
            -0.0395040288567543,
            -0.03587385267019272,
            0.9985752105712891,
            0.0
          ],
          [
            0.0,
            0.0,
            0.0,
            1.0
          ]
        ],
        "rotation_mode": "QUATERNION"
      },
      "armature_space": {
        "head": {
          "x": 0.0,
          "y": 0.07072800397872925,
          "z": -0.009595036506652832
        },
        "tail": {
          "x": -0.0020525488071143627,
          "y": 0.00041900575160980225,
          "z": 0.0025271568447351456
        }
      },
      "world_space": {
        "head": {
          "x": 0.0,
          "y": 0.13397200405597687,
          "z": 0.9402589797973633
        },
        "tail": {
          "x": -0.0020525488071143627,
          "y": 0.06366300582885742,
          "z": 0.9523811936378479
        },
        "rotation_quaternion": {
          "w": 0.08551448583602905,
          "x": 0.9960471987724304,
          "y": -0.012683563865721226,
          "z": 0.02040611021220684
        },
        "matrix": [
          [
            0.9988454580307007,
            -0.028756899759173393,
            0.03848162665963173,
            0.0
          ],
          [
            -0.02177681028842926,
            -0.985052764415741,
            -0.1708710491657257,
            0.13397200405597687
          ],
          [
            0.04282043129205704,
            0.16983601450920105,
            -0.9845486879348755,
            0.9402589797973633
          ],
          [
            0.0,
            0.0,
            0.0,
            1.0
          ]
        ]
      },
      "bone_length_armature_space": 0.07137587811972529,
      "parent": null,
      "has_children": true,
      "is_end_bone": false
    },
    "spine_01": {
      "name": "spine_01",
      "local": {
        "location": {
          "x": 0.0,
          "y": 0.0,
          "z": 0.0
        },
        "rotation_quaternion": {
          "w": 0.9976083636283875,
          "x": 0.021054059267044067,
          "y": 0.043974585831165314,
          "z": -0.04899663105607033
        },
        "scale": {
          "x": 1.0,
          "y": 1.0,
          "z": 1.0
        },
        "matrix_basis": [
          [
            0.991331160068512,
            0.0996105819940567,
            0.0856756716966629,
            0.0
          ],
          [
            -0.09590721130371094,
            0.9943121075630188,
            -0.04631662368774414,
            0.0
          ],
          [
            -0.08980198204517365,
            0.03769819810986519,
            0.9952459335327148,
            0.0
          ],
          [
            0.0,
            0.0,
            0.0,
            1.0
          ]
        ],
        "rotation_mode": "QUATERNION"
      },
      "armature_space": {
        "head": {
          "x": -0.0020525488071143627,
          "y": 0.00041900575160980225,
          "z": 0.0025271568447351456
        },
        "tail": {
          "x": 0.02620934508740902,
          "y": 0.02157520316541195,
          "z": 0.4892531633377075
        }
      },
      "world_space": {
        "head": {
          "x": -0.0020525488071143627,
          "y": 0.06366300582885742,
          "z": 0.9523811936378479
        },
        "tail": {
          "x": 0.02620934508740902,
          "y": 0.08481920510530472,
          "z": 1.4391071796417236
        },
        "rotation_quaternion": {
          "w": 0.7210156917572021,
          "x": 0.691609263420105,
          "y": 0.04257427528500557,
          "z": 0.0006767907179892063
        },
        "matrix": [
          [
            0.9963740110397339,
            0.05791357159614563,
            0.062329210340976715,
            -0.0020525488071143627
          ],
          [
            0.0598650723695755,
            0.043352752923965454,
            -0.9972646832466125,
            0.06366300582885742
          ],
          [
            -0.06045766919851303,
            0.9973868727684021,
            0.039727918803691864,
            0.9523811936378479
          ],
          [
            0.0,
            0.0,
            0.0,
            1.0
          ]
        ]
      },
      "bone_length_armature_space": 0.4880046377774455,
      "parent": "Root",
      "has_children": true,
      "is_end_bone": false
    },
    "neck_01": {
      "name": "neck_01",
      "local": {
        "location": {
          "x": 0.0,
          "y": 0.0,
          "z": 0.0
        },
        "rotation_quaternion": {
          "w": 0.9948406219482422,
          "x": 0.01438829954713583,
          "y": 0.06412853300571442,
          "z": -0.07728313654661179
        },
        "scale": {
          "x": 1.0,
          "y": 1.0,
          "z": 1.0
        },
        "matrix_basis": [
          [
            0.9798296689987183,
            0.1556142121553421,
            0.12537139654159546,
            0.0
          ],
          [
            -0.15192340314388275,
            0.9876405596733093,
            -0.03854023665189743,
            0.0
          ],
          [
            -0.12981928884983063,
            0.01871602050960064,
            0.9913610219955444,
            0.0
          ],
          [
            0.0,
            0.0,
            0.0,
            1.0
          ]
        ],
        "rotation_mode": "QUATERNION"
      },
      "armature_space": {
        "head": {
          "x": 0.032611291855573654,
          "y": -0.00983615592122078,
          "z": 0.5636581182479858
        },
        "tail": {
          "x": 0.056395214051008224,
          "y": -0.04500989615917206,
          "z": 0.6569740772247314
        }
      },
      "world_space": {
        "head": {
          "x": 0.032611291855573654,
          "y": 0.05340784415602684,
          "z": 1.513512134552002
        },
        "tail": {
          "x": 0.056395214051008224,
          "y": 0.01823410391807556,
          "z": 1.6068280935287476
        },
        "rotation_quaternion": {
          "w": 0.5554775595664978,
          "x": 0.8194775581359863,
          "y": 0.14107072353363037,
          "z": -0.0007031651330180466
        },
        "matrix": [
          [
            0.9601969122886658,
            0.23198996484279633,
            0.1555718183517456,
            0.032611291855573654
          ],
          [
            0.23042836785316467,
            -0.34308701753616333,
            -0.9106011390686035,
            0.05340784415602684
          ],
          [
            -0.15787652134895325,
            0.910210371017456,
            -0.38289162516593933,
            1.513512134552002
          ],
          [
            0.0,
            0.0,
            0.0,
            1.0
          ]
        ]
      },
      "bone_length_armature_space": 0.10252187505362256,
      "parent": "spine_01",
      "has_children": true,
      "is_end_bone": false
    },
    "head": {
      "name": "head",
      "local": {
        "location": {
          "x": 0.0,
          "y": 0.0,
          "z": 0.0
        },
        "rotation_quaternion": {
          "w": 0.9773184657096863,
          "x": -0.044365786015987396,
          "y": -0.17706261575222015,
          "z": -0.10737396776676178
        },
        "scale": {
          "x": 1.0,
          "y": 1.0,
          "z": 1.0
        },
        "matrix_basis": [
          [
            0.9142393469810486,
            0.22558817267417908,
            -0.33656567335128784,
            0.0
          ],
          [
            -0.19416607916355133,
            0.9730049967765808,
            0.12474283576011658,
            0.0
          ],
          [
            0.3556205928325653,
            -0.04869517311453819,
            0.9333609938621521,
            0.0
          ],
          [
            0.0,
            0.0,
            0.0,
            1.0
          ]
        ],
        "rotation_mode": "QUATERNION"
      },
      "armature_space": {
        "head": {
          "x": 0.05639522150158882,
          "y": -0.04501001164317131,
          "z": 0.6569739580154419
        },
        "tail": {
          "x": 0.1123722642660141,
          "y": -0.028315527364611626,
          "z": 0.8006441593170166
        }
      },
      "world_space": {
        "head": {
          "x": 0.05639522150158882,
          "y": 0.01823398843407631,
          "z": 1.606827974319458
        },
        "tail": {
          "x": 0.1123722642660141,
          "y": 0.034928470849990845,
          "z": 1.7504981756210327
        },
        "rotation_quaternion": {
          "w": 0.7392688393592834,
          "x": 0.6461225152015686,
          "y": 0.08545871824026108,
          "z": -0.16942308843135834
        },
        "matrix": [
          [
            0.9279850125312805,
            0.3609321713447571,
            -0.09258417785167694,
            0.05639522150158882
          ],
          [
            -0.14006714522838593,
            0.10764369368553162,
            -0.9842735528945923,
            0.01823398843407631
          ],
          [
            -0.3452923893928528,
            0.9263655543327332,
            0.15044660866260529,
            1.606827974319458
          ],
          [
            0.0,
            0.0,
            0.0,
            1.0
          ]
        ]
      },
      "bone_length_armature_space": 0.15509114299008184,
      "parent": "neck_01",
      "has_children": false,
      "is_end_bone": true
    },
    "upperarm_l": {
      "name": "upperarm_l",
      "local": {
        "location": {
          "x": 0.0,
          "y": 0.0,
          "z": 0.0
        },
        "rotation_quaternion": {
          "w": 0.9638839960098267,
          "x": -0.14491702616214752,
          "y": 0.21608392894268036,
          "z": -0.05687331408262253
        },
        "scale": {
          "x": 1.0,
          "y": 1.0,
          "z": 1.0
        },
        "matrix_basis": [
          [
            0.9001463055610657,
            0.04701007530093193,
            0.433043509721756,
            0.0
          ],
          [
            -0.17226703464984894,
            0.9515289664268494,
            0.2547875940799713,
            0.0
          ],
          [
            -0.40007585287094116,
            -0.3039452135562897,
            0.8646135926246643,
            0.0
          ],
          [
            0.0,
            0.0,
            0.0,
            1.0
          ]
        ],
        "rotation_mode": "QUATERNION"
      },
      "armature_space": {
        "head": {
          "x": 0.17837393283843994,
          "y": -0.006950438022613525,
          "z": 0.4876840114593506
        },
        "tail": {
          "x": 0.42210614681243896,
          "y": 0.0987875908613205,
          "z": 0.45273104310035706
        }
      },
      "world_space": {
        "head": {
          "x": 0.17837393283843994,
          "y": 0.056293562054634094,
          "z": 1.4375380277633667
        },
        "tail": {
          "x": 0.42210614681243896,
          "y": 0.16203159093856812,
          "z": 1.4025850296020508
        },
        "rotation_quaternion": {
          "w": 0.40870171785354614,
          "x": 0.43669816851615906,
          "y": 0.7281886339187622,
          "z": -0.33466237783432007
        },
        "matrix": [
          [
            -0.2845142185688019,
            0.9095523357391357,
            0.3029295802116394,
            0.17837393283843994
          ],
          [
            0.3624436855316162,
            0.394589900970459,
            -0.844353973865509,
            0.056293562054634094
          ],
          [
            -0.88752281665802,
            -0.13043639063835144,
            -0.4419317841529846,
            1.4375380277633667
          ],
          [
            0.0,
            0.0,
            0.0,
            1.0
          ]
        ]
      },
      "bone_length_armature_space": 0.2679694650549426,
      "parent": "spine_01",
      "has_children": true,
      "is_end_bone": false
    },
    "lowerarm_l": {
      "name": "lowerarm_l",
      "local": {
        "location": {
          "x": 0.0,
          "y": 0.0,
          "z": 0.0
        },
        "rotation_quaternion": {
          "w": 0.9416323900222778,
          "x": 0.0651201605796814,
          "y": 0.005892371758818626,
          "z": -0.3302318751811981
        },
        "scale": {
          "x": 1.0,
          "y": 1.0,
          "z": 1.0
        },
        "matrix_basis": [
          [
            0.7818243503570557,
            0.6226814985275269,
            -0.031912609934806824,
            0.0
          ],
          [
            -0.6211466193199158,
            0.7734125256538391,
            -0.12653020024299622,
            0.0
          ],
          [
            -0.05410640314221382,
            0.1187468096613884,
            0.9914492964744568,
            0.0
          ],
          [
            0.0,
            0.0,
            0.0,
            1.0
          ]
        ],
        "rotation_mode": "QUATERNION"
      },
      "armature_space": {
        "head": {
          "x": 0.4221062660217285,
          "y": 0.09878753870725632,
          "z": 0.45273110270500183
        },
        "tail": {
          "x": 0.5957015752792358,
          "y": 0.16764649748802185,
          "z": 0.26117706298828125
        }
      },
      "world_space": {
        "head": {
          "x": 0.4221062660217285,
          "y": 0.16203153133392334,
          "z": 1.4025851488113403
        },
        "tail": {
          "x": 0.5957015752792358,
          "y": 0.23089049756526947,
          "z": 1.2110310792922974
        },
        "rotation_quaternion": {
          "w": 0.2522498369216919,
          "x": 0.2442864626646042,
          "y": 0.751708984375,
          "z": -0.5582362413406372
        },
        "matrix": [
          [
            -0.7533881664276123,
            0.6488949060440063,
            0.106496162712574,
            0.4221062660217285
          ],
          [
            0.08563733100891113,
            0.25739312171936035,
            -0.9625047445297241,
            0.16203153133392334
          ],
          [
            -0.6519801616668701,
            -0.7160243988037109,
            -0.24948924779891968,
            1.4025851488113403
          ],
          [
            0.0,
            0.0,
            0.0,
            1.0
          ]
        ]
      },
      "bone_length_armature_space": 0.267525397973945,
      "parent": "upperarm_l",
      "has_children": true,
      "is_end_bone": false
    },
    "metacarpal_thumb_l": {
      "name": "metacarpal_thumb_l",
      "local": {
        "location": {
          "x": 0.0,
          "y": 0.0,
          "z": 0.0
        },
        "rotation_quaternion": {
          "w": 0.9997046589851379,
          "x": -0.0023868961725383997,
          "y": 0.02104509249329567,
          "z": -0.011914965696632862
        },
        "scale": {
          "x": 1.0,
          "y": 1.0,
          "z": 1.0
        },
        "matrix_basis": [
          [
            0.998830258846283,
            0.02372242882847786,
            0.04213463515043259,
            0.0
          ],
          [
            -0.02392335794866085,
            0.9997046589851379,
            0.004270879551768303,
            0.0
          ],
          [
            -0.042020875960588455,
            -0.0052738855592906475,
            0.9991028308868408,
            0.0
          ],
          [
            0.0,
            0.0,
            0.0,
            1.0
          ]
        ],
        "rotation_mode": "QUATERNION"
      },
      "armature_space": {
        "head": {
          "x": 0.5957015752792358,
          "y": 0.16764649748802185,
          "z": 0.26117706298828125
        },
        "tail": {
          "x": 0.6178282499313354,
          "y": 0.1515147089958191,
          "z": 0.21990013122558594
        }
      },
      "world_space": {
        "head": {
          "x": 0.5957015752792358,
          "y": 0.23089049756526947,
          "z": 1.2110310792922974
        },
        "tail": {
          "x": 0.6178282499313354,
          "y": 0.2147587090730667,
          "z": 1.169754147529602
        },
        "rotation_quaternion": {
          "w": 0.3302207887172699,
          "x": -0.7244642376899719,
          "y": -0.47761625051498413,
          "z": 0.37146809697151184
        },
        "matrix": [
          [
            0.26778626441955566,
            0.44669973850250244,
            -0.853668212890625,
            0.5957015752792358
          ],
          [
            0.9373654127120972,
            -0.3256732225418091,
            0.12362587451934814,
            0.23089049756526947
          ],
          [
            -0.22279389202594757,
            -0.8333104252815247,
            -0.5059351921081543,
            1.2110310792922974
          ],
          [
            0.0,
            0.0,
            0.0,
            1.0
          ]
        ]
      },
      "bone_length_armature_space": 0.04953392287326271,
      "parent": "lowerarm_l",
      "has_children": true,
      "is_end_bone": false
    },
    "thumb_01_l": {
      "name": "thumb_01_l",
      "local": {
        "location": {
          "x": 0.0,
          "y": 0.0,
          "z": 0.0
        },
        "rotation_quaternion": {
          "w": 0.9695839285850525,
          "x": 0.2447129189968109,
          "y": 5.6177850638050586e-05,
          "z": 0.004774266853928566
        },
        "scale": {
          "x": 1.0,
          "y": 1.0,
          "z": 1.0
        },
        "matrix_basis": [
          [
            0.9999544024467468,
            -0.009230609983205795,
            0.0024455878883600235,
            0.0
          ],
          [
            0.009285599924623966,
            0.880185604095459,
            -0.4745388925075531,
            0.0
          ],
          [
            0.002227711258456111,
            0.47453996539115906,
            0.8802311420440674,
            0.0
          ],
          [
            0.0,
            0.0,
            0.0,
            1.0
          ]
        ],
        "rotation_mode": "QUATERNION"
      },
      "armature_space": {
        "head": {
          "x": 0.6178282499313354,
          "y": 0.1515147089958191,
          "z": 0.21990013122558594
        },
        "tail": {
          "x": 0.6101365089416504,
          "y": 0.15928791463375092,
          "z": 0.18766577541828156
        }
      },
      "world_space": {
        "head": {
          "x": 0.6178282499313354,
          "y": 0.2147587090730667,
          "z": 1.169754147529602
        },
        "tail": {
          "x": 0.6101365089416504,
          "y": 0.22253191471099854,
          "z": 1.1375198364257812
        },
        "rotation_quaternion": {
          "w": 0.7510462999343872,
          "x": -0.6201882362365723,
          "y": 0.22385652363300323,
          "z": -0.03441527858376503
        },
        "matrix": [
          [
            0.8974079489707947,
            -0.2259713113307953,
            0.37893974781036377,
            0.6178282499313354
          ],
          [
            -0.3293599486351013,
            0.2283647358417511,
            0.9161725044250488,
            0.2147587090730667
          ],
          [
            -0.29356735944747925,
            -0.9469946622848511,
            0.13051220774650574,
            1.169754147529602
          ],
          [
            0.0,
            0.0,
            0.0,
            1.0
          ]
        ]
      },
      "bone_length_armature_space": 0.03403879058895419,
      "parent": "metacarpal_thumb_l",
      "has_children": true,
      "is_end_bone": false
    },
    "thumb_02_l": {
      "name": "thumb_02_l",
      "local": {
        "location": {
          "x": 0.0,
          "y": 0.0,
          "z": 0.0
        },
        "rotation_quaternion": {
          "w": 0.9005856513977051,
          "x": 0.4345951974391937,
          "y": 0.005247857421636581,
          "z": 0.006713281851261854
        },
        "scale": {
          "x": 1.0,
          "y": 1.0,
          "z": 1.0
        },
        "matrix_basis": [
          [
            0.9998548030853271,
            -0.007530383300036192,
            0.015287410467863083,
            0.0
          ],
          [
            0.016653157770633698,
            0.6221638917922974,
            -0.7827099561691284,
            0.0
          ],
          [
            -0.0036171700339764357,
            0.7828508615493774,
            0.6221989393234253,
            0.0
          ],
          [
            0.0,
            0.0,
            0.0,
            1.0
          ]
        ],
        "rotation_mode": "QUATERNION"
      },
      "armature_space": {
        "head": {
          "x": 0.6101365089416504,
          "y": 0.15928788483142853,
          "z": 0.18766580522060394
        },
        "tail": {
          "x": 0.6459208726882935,
          "y": 0.17397193610668182,
          "z": 0.19848428666591644
        }
      },
      "world_space": {
        "head": {
          "x": 0.6101365089416504,
          "y": 0.22253188490867615,
          "z": 1.1375198364257812
        },
        "tail": {
          "x": 0.6459208726882935,
          "y": 0.23721593618392944,
          "z": 1.1483383178710938
        },
        "rotation_quaternion": {
          "w": 0.8260951042175293,
          "x": 0.17542892694473267,
          "y": 0.01914297416806221,
          "z": -0.5351870656013489
        },
        "matrix": [
          [
            0.4264160990715027,
            0.8909469842910767,
            -0.15614819526672363,
            0.6101365089416504
          ],
          [
            -0.8775151371955872,
            0.3655987083911896,
            -0.31033089756965637,
            0.22253188490867615
          ],
          [
            -0.21940307319164276,
            0.26935482025146484,
            0.93772292137146,
            1.1375198364257812
          ],
          [
            0.0,
            0.0,
            0.0,
            1.0
          ]
        ]
      },
      "bone_length_armature_space": 0.04016443194807426,
      "parent": "thumb_01_l",
      "has_children": true,
      "is_end_bone": false
    },
    "thumb_03_l": {
      "name": "thumb_03_l",
      "local": {
        "location": {
          "x": 0.0,
          "y": 0.0,
          "z": 0.0
        },
        "rotation_quaternion": {
          "w": 0.9897021055221558,
          "x": 0.14284759759902954,
          "y": 0.008999928832054138,
          "z": -0.0018462729640305042
        },
        "scale": {
          "x": 1.0,
          "y": 1.0,
          "z": 1.0
        },
        "matrix_basis": [
          [
            0.9998311996459961,
            0.006225756835192442,
            0.01728702522814274,
            0.0
          ],
          [
            -0.0010832840343937278,
            0.9591823220252991,
            -0.28278636932373047,
            0.0
          ],
          [
            -0.018341967836022377,
            0.2827199101448059,
            0.959027111530304,
            0.0
          ],
          [
            0.0,
            0.0,
            0.0,
            1.0
          ]
        ],
        "rotation_mode": "QUATERNION"
      },
      "armature_space": {
        "head": {
          "x": 0.6459208726882935,
          "y": 0.17397189140319824,
          "z": 0.19848419725894928
        },
        "tail": {
          "x": 0.6662318706512451,
          "y": 0.17973703145980835,
          "z": 0.2204187661409378
        }
      },
      "world_space": {
        "head": {
          "x": 0.6459208726882935,
          "y": 0.23721589148044586,
          "z": 1.1483381986618042
        },
        "tail": {
          "x": 0.6662318706512451,
          "y": 0.24298103153705597,
          "z": 1.1702728271484375
        },
        "rotation_quaternion": {
          "w": 0.7701332569122314,
          "x": 0.48878464102745056,
          "y": 0.03970738500356674,
          "z": -0.40793099999427795
        },
        "matrix": [
          [
            0.664029598236084,
            0.6671393513679504,
            -0.33762311935424805,
            0.6459208726882935
          ],
          [
            -0.5895085334777832,
            0.18936319649219513,
            -0.7852526903152466,
            0.23721589148044586
          ],
          [
            -0.4599432349205017,
            0.7204679250717163,
            0.519029974937439,
            1.1483381986618042
          ],
          [
            0.0,
            0.0,
            0.0,
            1.0
          ]
        ]
      },
      "bone_length_armature_space": 0.030445012662569774,
      "parent": "thumb_02_l",
      "has_children": false,
      "is_end_bone": true
    },
    "metacarpal_index_l": {
      "name": "metacarpal_index_l",
      "local": {
        "location": {
          "x": 0.0,
          "y": 0.0,
          "z": 0.0
        },
        "rotation_quaternion": {
          "w": 0.9991368651390076,
          "x": -0.038546882569789886,
          "y": 0.000547794159501791,
          "z": 0.015473684296011925
        },
        "scale": {
          "x": 1.0,
          "y": 1.0,
          "z": 1.0
        },
        "matrix_basis": [
          [
            0.9995205402374268,
            -0.030962888151407242,
            -9.828190377447754e-05,
            0.0
          ],
          [
            0.030878424644470215,
            0.9965494275093079,
            0.07704417407512665,
            0.0
          ],
          [
            -0.0022875673603266478,
            -0.07701026648283005,
            0.9970276951789856,
            0.0
          ],
          [
            0.0,
            0.0,
            0.0,
            1.0
          ]
        ],
        "rotation_mode": "QUATERNION"
      },
      "armature_space": {
        "head": {
          "x": 0.5957015752792358,
          "y": 0.16764649748802185,
          "z": 0.26117706298828125
        },
        "tail": {
          "x": 0.6747483015060425,
          "y": 0.16392852365970612,
          "z": 0.17476460337638855
        }
      },
      "world_space": {
        "head": {
          "x": 0.5957015752792358,
          "y": 0.23089049756526947,
          "z": 1.2110310792922974
        },
        "tail": {
          "x": 0.6747483015060425,
          "y": 0.22717252373695374,
          "z": 1.124618649482727
        },
        "rotation_quaternion": {
          "w": 0.10106638073921204,
          "x": -0.5566191077232361,
          "y": -0.6884193420410156,
          "z": 0.45391595363616943
        },
        "matrix": [
          [
            -0.35991862416267395,
            0.6746229529380798,
            -0.6444706320762634,
            0.5957015752792358
          ],
          [
            0.8581276535987854,
            -0.03173091635107994,
            -0.5124552845954895,
            0.23089049756526947
          ],
          [
            -0.366165429353714,
            -0.7374854683876038,
            -0.5674964189529419,
            1.2110310792922974
          ],
          [
            0.0,
            0.0,
            0.0,
            1.0
          ]
        ]
      },
      "bone_length_armature_space": 0.11717218532041178,
      "parent": "lowerarm_l",
      "has_children": true,
      "is_end_bone": false
    },
    "index_01_l": {
      "name": "index_01_l",
      "local": {
        "location": {
          "x": 0.0,
          "y": 0.0,
          "z": 0.0
        },
        "rotation_quaternion": {
          "w": 0.9416820406913757,
          "x": 0.3360115587711334,
          "y": 0.014933000318706036,
          "z": -0.010400624945759773
        },
        "scale": {
          "x": 1.0,
          "y": 1.0,
          "z": 1.0
        },
        "matrix_basis": [
          [
            0.9993376731872559,
            0.0296234842389822,
            0.021134816110134125,
            0.0
          ],
          [
            -0.009552842006087303,
            0.7739761471748352,
            -0.6331427097320557,
            0.0
          ],
          [
            -0.03511373698711395,
            0.6325214505195618,
            0.7737464904785156,
            0.0
          ],
          [
            0.0,
            0.0,
            0.0,
            1.0
          ]
        ],
        "rotation_mode": "QUATERNION"
      },
      "armature_space": {
        "head": {
          "x": 0.6747483015060425,
          "y": 0.16392852365970612,
          "z": 0.17476460337638855
        },
        "tail": {
          "x": 0.6768592000007629,
          "y": 0.16363295912742615,
          "z": 0.1463298201560974
        }
      },
      "world_space": {
        "head": {
          "x": 0.6747483015060425,
          "y": 0.22717252373695374,
          "z": 1.124618649482727
        },
        "tail": {
          "x": 0.6768592000007629,
          "y": 0.22687695920467377,
          "z": 1.0961837768554688
        },
        "rotation_quaternion": {
          "w": 0.3094766438007355,
          "x": -0.35909712314605713,
          "y": -0.6316976547241211,
          "z": 0.6133772134780884
        },
        "matrix": [
          [
            -0.5505467653274536,
            0.0740300714969635,
            -0.8315153121948242,
            0.6747483015060425
          ],
          [
            0.8333337306976318,
            -0.010365307331085205,
            -0.55267333984375,
            0.22717252373695374
          ],
          [
            -0.04953289031982422,
            -0.9972091913223267,
            -0.0559859573841095,
            1.124618649482727
          ],
          [
            0.0,
            0.0,
            0.0,
            1.0
          ]
        ]
      },
      "bone_length_armature_space": 0.02851456015357356,
      "parent": "metacarpal_index_l",
      "has_children": true,
      "is_end_bone": false
    },
    "index_02_l": {
      "name": "index_02_l",
      "local": {
        "location": {
          "x": 0.0,
          "y": 0.0,
          "z": 0.0
        },
        "rotation_quaternion": {
          "w": 0.8983963131904602,
          "x": 0.43916189670562744,
          "y": -0.0038226014003157616,
          "z": 0.0025554432068020105
        },
        "scale": {
          "x": 1.0,
          "y": 1.0,
          "z": 1.0
        },
        "matrix_basis": [
          [
            0.9999577403068542,
            -0.007949083112180233,
            -0.004623915534466505,
            0.0
          ],
          [
            0.0012341197580099106,
            0.6142606139183044,
            -0.7891023755073547,
            0.0
          ],
          [
            0.009112928993999958,
            0.7890633344650269,
            0.6142444610595703,
            0.0
          ],
          [
            0.0,
            0.0,
            0.0,
            1.0
          ]
        ],
        "rotation_mode": "QUATERNION"
      },
      "armature_space": {
        "head": {
          "x": 0.6768591403961182,
          "y": 0.1636325865983963,
          "z": 0.14632943272590637
        },
        "tail": {
          "x": 0.6623237729072571,
          "y": 0.15175862610340118,
          "z": 0.12884150445461273
        }
      },
      "world_space": {
        "head": {
          "x": 0.6768591403961182,
          "y": 0.22687658667564392,
          "z": 1.0961834192276
        },
        "tail": {
          "x": 0.6623237729072571,
          "y": 0.2150026261806488,
          "z": 1.07869553565979
        },
        "rotation_quaternion": {
          "w": 0.404704213142395,
          "x": -0.1721624732017517,
          "y": -0.3237014710903168,
          "z": 0.8377302885055542
        },
        "matrix": [
          [
            -0.6131478548049927,
            -0.5666078329086304,
            -0.5504592657089233,
            0.6768591403961182
          ],
          [
            0.78952556848526,
            -0.462863564491272,
            -0.4029976427555084,
            0.22687658667564392
          ],
          [
            -0.026445336639881134,
            -0.6817038059234619,
            0.7311598062515259,
            1.0961834192276
          ],
          [
            0.0,
            0.0,
            0.0,
            1.0
          ]
        ]
      },
      "bone_length_armature_space": 0.025653371983923038,
      "parent": "index_01_l",
      "has_children": true,
      "is_end_bone": false
    },
    "index_03_l": {
      "name": "index_03_l",
      "local": {
        "location": {
          "x": 0.0,
          "y": 0.0,
          "z": 0.0
        },
        "rotation_quaternion": {
          "w": 0.9373353719711304,
          "x": 0.3483511209487915,
          "y": -0.006740189623087645,
          "z": -0.0029058270156383514
        },
        "scale": {
          "x": 1.0,
          "y": 1.0,
          "z": 1.0
        },
        "matrix_basis": [
          [
            0.9998922348022461,
            0.0007515636971220374,
            -0.014660132117569447,
            0.0
          ],
          [
            -0.010143374092876911,
            0.7572861313819885,
            -0.6530044674873352,
            0.0
          ],
          [
            0.010611140169203281,
            0.6530828475952148,
            0.7572121620178223,
            0.0
          ],
          [
            0.0,
            0.0,
            0.0,
            1.0
          ]
        ],
        "rotation_mode": "QUATERNION"
      },
      "armature_space": {
        "head": {
          "x": 0.6623238921165466,
          "y": 0.15175867080688477,
          "z": 0.12884140014648438
        },
        "tail": {
          "x": 0.6373736262321472,
          "y": 0.1366230547428131,
          "z": 0.13030076026916504
        }
      },
      "world_space": {
        "head": {
          "x": 0.6623238921165466,
          "y": 0.21500267088413239,
          "z": 1.0786954164505005
        },
        "tail": {
          "x": 0.6373736262321472,
          "y": 0.19986705482006073,
          "z": 1.0801547765731812
        },
        "rotation_quaternion": {
          "w": 0.4903235137462616,
          "x": 0.008254152722656727,
          "y": 0.024020466953516006,
          "z": 0.8711703419685364
        },
        "matrix": [
          [
            -0.5190294981002808,
            -0.8539141416549683,
            0.037937045097351074,
            0.6623238921165466
          ],
          [
            0.8547072410583496,
            -0.5180118083953857,
            0.033757761120796204,
            0.21500267088413239
          ],
          [
            -0.009173683822154999,
            0.04994615912437439,
            0.9987168312072754,
            1.0786954164505005
          ],
          [
            0.0,
            0.0,
            0.0,
            1.0
          ]
        ]
      },
      "bone_length_armature_space": 0.029218698561091497,
      "parent": "index_02_l",
      "has_children": false,
      "is_end_bone": true
    },
    "metacarpal_pinky_l": {
      "name": "metacarpal_pinky_l",
      "local": {
        "location": {
          "x": 0.0,
          "y": 0.0,
          "z": 0.0
        },
        "rotation_quaternion": {
          "w": 0.9981723427772522,
          "x": -0.05706734210252762,
          "y": 0.01972333900630474,
          "z": -0.0025404300540685654
        },
        "scale": {
          "x": 1.0,
          "y": 1.0,
          "z": 1.0
        },
        "matrix_basis": [
          [
            0.9992090463638306,
            0.0028204568661749363,
            0.039664532989263535,
            0.0
          ],
          [
            -0.007322690915316343,
            0.9934737086296082,
            0.11382587254047394,
            0.0
          ],
          [
            -0.03908463194966316,
            -0.11402629315853119,
            0.9927086234092712,
            0.0
          ],
          [
            0.0,
            0.0,
            0.0,
            1.0
          ]
        ],
        "rotation_mode": "QUATERNION"
      },
      "armature_space": {
        "head": {
          "x": 0.5957015752792358,
          "y": 0.16764649748802185,
          "z": 0.26117706298828125
        },
        "tail": {
          "x": 0.6463184952735901,
          "y": 0.2266915738582611,
          "z": 0.19193196296691895
        }
      },
      "world_space": {
        "head": {
          "x": 0.5957015752792358,
          "y": 0.23089049756526947,
          "z": 1.2110310792922974
        },
        "tail": {
          "x": 0.6463184952735901,
          "y": 0.2899355888366699,
          "z": 1.141785979270935
        },
        "rotation_quaternion": {
          "w": 0.710806131362915,
          "x": -0.13800229132175446,
          "y": 0.5275127291679382,
          "z": -0.44434264302253723
        },
        "matrix": [
          [
            0.04857908934354782,
            0.4860897660255432,
            0.8725574612617493,
            0.5957015752792358
          ],
          [
            -0.7772796750068665,
            0.5670281052589417,
            -0.27260923385620117,
            0.23089049756526947
          ],
          [
            -0.6272822022438049,
            -0.6649821400642395,
            0.4053758680820465,
            1.2110310792922974
          ],
          [
            0.0,
            0.0,
            0.0,
            1.0
          ]
        ]
      },
      "bone_length_armature_space": 0.10413106009270717,
      "parent": "lowerarm_l",
      "has_children": true,
      "is_end_bone": false
    },
    "pinky_01_l": {
      "name": "pinky_01_l",
      "local": {
        "location": {
          "x": 0.0,
          "y": 0.0,
          "z": 0.0
        },
        "rotation_quaternion": {
          "w": 0.9284722805023193,
          "x": 0.3711928725242615,
          "y": 0.0033104377798736095,
          "z": -0.01200573518872261
        },
        "scale": {
          "x": 1.0,
          "y": 1.0,
          "z": 1.0
        },
        "matrix_basis": [
          [
            0.9996898174285889,
            0.024751607328653336,
            -0.0027655872981995344,
            0.0
          ],
          [
            -0.019836362451314926,
            0.7241434454917908,
            -0.6893640756607056,
            0.0
          ],
          [
            -0.015060186386108398,
            0.6892051100730896,
            0.7244097590446472,
            0.0
          ],
          [
            0.0,
            0.0,
            0.0,
            1.0
          ]
        ],
        "rotation_mode": "QUATERNION"
      },
      "armature_space": {
        "head": {
          "x": 0.6463184952735901,
          "y": 0.2266915738582611,
          "z": 0.19193196296691895
        },
        "tail": {
          "x": 0.6406188011169434,
