{
  "metadata": {
    "armature_name": "KIM_caucasian_male",
    "export_time": "2026-01-13T21:04:33.124428",
    "blender_version": "4.4.1",
    "bone_count": 56,
    "end_bone_count": 13,
    "spaces_included": [
      "LOCAL_CHANNELS",
      "ARMATURE_SPACE",
      "WORLD_SPACE"
    ],
    "note": "LOCAL matches Transform panel; replay pose via local.matrix_basis for best fidelity."
  },
  "bones": {
    "Root": {
      "name": "Root",
      "local": {
        "location": {
          "x": 0.0,
          "y": 0.0,
          "z": 0.0
        },
        "rotation_quaternion": {
          "w": 0.999654233455658,
          "x": -0.014435989782214165,
          "y": -0.018925881013274193,
          "z": -0.011174961924552917
        },
        "scale": {
          "x": 1.0,
          "y": 1.0,
          "z": 1.0
        },
        "matrix_basis": [
          [
            0.9990338683128357,
            0.02288862317800522,
            -0.0375160314142704,
            0.0
          ],
          [
            -0.021795768290758133,
            0.9993334412574768,
            0.029284989461302757,
            0.0
          ],
          [
            0.03816131874918938,
            -0.028439003974199295,
            0.998866856098175,
            0.0
          ],
          [
            0.0,
            0.0,
            0.0,
            1.0
          ]
        ],
        "rotation_mode": "QUATERNION"
      },
      "armature_space": {
        "head": {
          "x": 0.0,
          "y": 0.07072800397872925,
          "z": -0.009595036506652832
        },
        "tail": {
          "x": 0.00163369532674551,
          "y": 0.00032001733779907227,
          "z": 0.0020050518214702606
        }
      },
      "world_space": {
        "head": {
          "x": 0.0,
          "y": 0.13397200405597687,
          "z": 0.9402589797973633
        },
        "tail": {
          "x": 0.00163369532674551,
          "y": 0.06356401741504669,
          "z": 0.9518590569496155
        },
        "rotation_quaternion": {
          "w": 0.08174755424261093,
          "x": 0.9964107275009155,
          "y": 0.009874577634036541,
          "z": -0.019635720178484917
        },
        "matrix": [
          [
            0.9990338683128357,
            0.02288862317800522,
            -0.0375160314142704,
            0.0
          ],
          [
            0.01646791771054268,
            -0.9864396452903748,
            -0.16329653561115265,
            0.13397200405597687
          ],
          [
            -0.04074519872665405,
            0.1625211536884308,
            -0.9858705401420593,
            0.9402589797973633
          ],
          [
            0.0,
            0.0,
            0.0,
            1.0
          ]
        ]
      },
      "bone_length_armature_space": 0.07137587683275036,
      "parent": null,
      "has_children": true,
      "is_end_bone": false
    },
    "spine_01": {
      "name": "spine_01",
      "local": {
        "location": {
          "x": 0.0,
          "y": 0.0,
          "z": 0.0
        },
        "rotation_quaternion": {
          "w": 0.9973865747451782,
          "x": 0.037814587354660034,
          "y": 0.04322371259331703,
          "z": -0.04383774474263191
        },
        "scale": {
          "x": 1.0,
          "y": 1.0,
          "z": 1.0
        },
        "matrix_basis": [
          [
            0.9924198985099792,
            0.09071532636880875,
            0.0829060897231102,
            0.0
          ],
          [
            -0.08417738229036331,
            0.9932966232299805,
            -0.07922118157148361,
            0.0
          ],
          [
            -0.08953691273927689,
            0.07164186239242554,
            0.9934035539627075,
            0.0
          ],
          [
            0.0,
            0.0,
            0.0,
            1.0
          ]
        ],
        "rotation_mode": "QUATERNION"
      },
      "armature_space": {
        "head": {
          "x": 0.00163369532674551,
          "y": 0.00032001733779907227,
          "z": 0.0020050518214702606
        },
        "tail": {
          "x": 0.06563248485326767,
          "y": 0.0029782073106616735,
          "z": 0.48578763008117676
        }
      },
      "world_space": {
        "head": {
          "x": 0.00163369532674551,
          "y": 0.06356401741504669,
          "z": 0.9518590569496155
        },
        "tail": {
          "x": 0.06563248485326767,
          "y": 0.06622220575809479,
          "z": 1.4356416463851929
        },
        "rotation_quaternion": {
          "w": 0.7043094038963318,
          "x": 0.705087423324585,
          "y": 0.08167974650859833,
          "z": -0.011331645771861076
        },
        "matrix": [
          [
            0.9863998889923096,
            0.13114473223686218,
            0.09907695651054382,
            0.00163369532674551
          ],
          [
            0.09922163188457489,
            0.00544709712266922,
            -0.9950505495071411,
            0.06356401741504669
          ],
          [
            -0.13103614747524261,
            0.991355299949646,
            -0.007640339434146881,
            0.9518590569496155
          ],
          [
            0.0,
            0.0,
            0.0,
            1.0
          ]
        ]
      },
      "bone_length_armature_space": 0.4880046166062683,
      "parent": "Root",
      "has_children": true,
      "is_end_bone": false
    },
    "neck_01": {
      "name": "neck_01",
      "local": {
        "location": {
          "x": 0.0,
          "y": 0.0,
          "z": 0.0
        },
        "rotation_quaternion": {
          "w": 0.9869524836540222,
          "x": 0.0713626891374588,
          "y": 0.022801849991083145,
          "z": 0.14252117276191711
        },
        "scale": {
          "x": 1.0,
          "y": 1.0,
          "z": 1.0
        },
        "matrix_basis": [
          [
            0.9583355784416199,
            -0.2780688405036926,
            0.06535007059574127,
            0.0
          ],
          [
            0.2845776677131653,
            0.9491901397705078,
            -0.13436368107795715,
            0.0
          ],
          [
            -0.024667296558618546,
            0.14736266434192657,
            0.9887748956680298,
            0.0
          ],
          [
            0.0,
            0.0,
            0.0,
            1.0
          ]
        ],
        "rotation_mode": "QUATERNION"
      },
      "armature_space": {
        "head": {
          "x": 0.07867073267698288,
          "y": -0.03113175556063652,
          "z": 0.5581082105636597
        },
        "tail": {
          "x": 0.0666223093867302,
          "y": -0.0841500535607338,
          "z": 0.6450254917144775
        }
      },
      "world_space": {
        "head": {
          "x": 0.07867073267698288,
          "y": 0.0321122445166111,
          "z": 1.5079622268676758
        },
        "tail": {
          "x": 0.0666223093867302,
          "y": -0.020906053483486176,
          "z": 1.5948795080184937
        },
        "rotation_quaternion": {
          "w": 0.4903804063796997,
          "x": 0.8685244917869568,
          "y": -0.030901966616511345,
          "z": 0.0650952011346817
        },
        "matrix": [
          [
            0.9896154403686523,
            -0.11752112209796906,
            0.08276554942131042,
            0.07867073267698288
          ],
          [
            0.010164119303226471,
            -0.5171440243721008,
            -0.8558383584022522,
            0.0321122445166111
          ],
          [
            0.1433817744255066,
            0.8477972745895386,
            -0.5105835199356079,
            1.5079622268676758
          ],
          [
            0.0,
            0.0,
            0.0,
            1.0
          ]
        ]
      },
      "bone_length_armature_space": 0.10252179478674021,
      "parent": "spine_01",
      "has_children": true,
      "is_end_bone": false
    },
    "head": {
      "name": "head",
      "local": {
        "location": {
          "x": 0.0,
          "y": 0.0,
          "z": 0.0
        },
        "rotation_quaternion": {
          "w": 0.9861017465591431,
          "x": -0.04895063862204552,
          "y": 0.08277436345815659,
          "z": 0.1354830116033554
        },
        "scale": {
          "x": 1.0,
          "y": 1.0,
          "z": 1.0
        },
        "matrix_basis": [
          [
            0.949585497379303,
            -0.27530378103256226,
            0.14998392760753632,
            0.0
          ],
          [
            0.2590963542461395,
            0.9584963917732239,
            0.11896966397762299,
            0.0
          ],
          [
            -0.17651185393333435,
            -0.07411158084869385,
            0.981504499912262,
            0.0
          ],
          [
            0.0,
            0.0,
            0.0,
            1.0
          ]
        ],
        "rotation_mode": "QUATERNION"
      },
      "armature_space": {
        "head": {
          "x": 0.06662233173847198,
          "y": -0.08415015041828156,
          "z": 0.645025372505188
        },
        "tail": {
          "x": 0.0031750500202178955,
          "y": -0.09881787747144699,
          "z": 0.7857824563980103
        }
      },
      "world_space": {
        "head": {
          "x": 0.06662233173847198,
          "y": -0.020906150341033936,
          "z": 1.594879388809204
        },
        "tail": {
          "x": 0.0031750500202178955,
          "y": -0.03557387739419937,
          "z": 1.7356364727020264
        },
        "rotation_quaternion": {
          "w": 0.6659409999847412,
          "x": 0.7109434008598328,
          "y": -0.09609904885292053,
          "z": 0.20456558465957642
        },
        "matrix": [
          [
            0.8978362679481506,
            -0.40909919142723083,
            0.16287443041801453,
            0.06662233173847198
          ],
          [
            0.13581284880638123,
            -0.09457546472549438,
            -0.9862103462219238,
            -0.020906150341033936
          ],
          [
            0.41886472702026367,
            0.9075819253921509,
            -0.029353469610214233,
            1.594879388809204
          ],
          [
            0.0,
            0.0,
            0.0,
            1.0
          ]
        ]
      },
      "bone_length_armature_space": 0.15509112079972245,
      "parent": "neck_01",
      "has_children": false,
      "is_end_bone": true
    },
    "upperarm_l": {
      "name": "upperarm_l",
      "local": {
        "location": {
          "x": 0.0,
          "y": 0.0,
          "z": 0.0
        },
        "rotation_quaternion": {
          "w": 0.7058735489845276,
          "x": 0.41386082768440247,
          "y": 0.2807656228542328,
          "z": 0.5016297698020935
        },
        "scale": {
          "x": 1.0,
          "y": 1.0,
          "z": 1.0
        },
        "matrix_basis": [
          [
            0.3390764892101288,
            -0.47577857971191406,
            0.8115798830986023,
            0.0
          ],
          [
            0.9405701756477356,
            0.1541735827922821,
            -0.30258601903915405,
            0.0
          ],
          [
            0.018839770928025246,
            0.8659476041793823,
            0.49977976083755493,
            0.0
          ],
          [
            0.0,
            0.0,
            0.0,
            1.0
          ]
        ],
        "rotation_mode": "QUATERNION"
      },
      "armature_space": {
        "head": {
          "x": 0.21813274919986725,
          "y": -0.019787941128015518,
          "z": 0.47180163860321045
        },
        "tail": {
          "x": 0.30950212478637695,
          "y": -0.24593840539455414,
          "z": 0.5827762484550476
        }
      },
      "world_space": {
        "head": {
          "x": 0.21813274919986725,
          "y": 0.0434560589492321,
          "z": 1.4216556549072266
        },
        "tail": {
          "x": 0.30950212478637695,
          "y": -0.18269440531730652,
          "z": 1.532630205154419
        },
        "rotation_quaternion": {
          "w": 0.2510502338409424,
          "x": 0.9338257312774658,
          "y": 0.12248709052801132,
          "z": -0.22347314655780792
        },
        "matrix": [
          [
            0.8701134324073792,
            0.34096938371658325,
            -0.35586854815483093,
            0.21813274919986725
          ],
          [
            0.1165575161576271,
            -0.8439412713050842,
            -0.5236198902130127,
            0.0434560589492321
          ],
          [
            -0.47887375950813293,
            0.41413167119026184,
            -0.7740730047225952,
            1.4216556549072266
          ],
          [
            0.0,
            0.0,
            0.0,
            1.0
          ]
        ]
      },
      "bone_length_armature_space": 0.2679696994325373,
      "parent": "spine_01",
      "has_children": true,
      "is_end_bone": false
    },
    "lowerarm_l": {
      "name": "lowerarm_l",
      "local": {
        "location": {
          "x": 0.0,
          "y": 0.0,
          "z": 0.0
        },
        "rotation_quaternion": {
          "w": 0.9951821565628052,
          "x": 0.03967004641890526,
          "y": 0.0673208013176918,
          "z": 0.05921708792448044
        },
        "scale": {
          "x": 1.0,
          "y": 1.0,
          "z": 1.0
        },
        "matrix_basis": [
          [
            0.9839224815368652,
            -0.11252234131097794,
            0.13869121670722961,
            0.0
          ],
          [
            0.12320481985807419,
            0.9898392558097839,
            -0.07098475843667984,
            0.0
          ],
          [
            -0.12929463386535645,
            0.08693093061447144,
            0.9877883791923523,
            0.0
          ],
          [
            0.0,
            0.0,
            0.0,
            1.0
          ]
        ],
        "rotation_mode": "QUATERNION"
      },
      "armature_space": {
        "head": {
          "x": 0.3095020353794098,
          "y": -0.2459385246038437,
          "z": 0.5827763080596924
        },
        "tail": {
          "x": 0.33493292331695557,
          "y": -0.4952864646911621,
          "z": 0.6763086318969727
        }
      },
      "world_space": {
        "head": {
          "x": 0.3095020353794098,
          "y": -0.18269452452659607,
          "z": 1.5326303243637085
        },
        "tail": {
          "x": 0.33493292331695557,
          "y": -0.4320424795150757,
          "z": 1.6261626482009888
        },
        "rotation_quaternion": {
          "w": 0.18411493301391602,
          "x": 0.9593947529792786,
          "y": 0.008565893396735191,
          "z": -0.2135184407234192
        },
        "matrix": [
          [
            0.9086729884147644,
            0.09506002068519592,
            -0.4065425395965576,
            0.3095020353794098
          ],
          [
            -0.06218773499131203,
            -0.9320566058158875,
            -0.3569360673427582,
            -0.18269452452659607
          ],
          [
            -0.4128539562225342,
            0.34962165355682373,
            -0.8410294055938721,
            1.5326303243637085
          ],
          [
            0.0,
            0.0,
            0.0,
            1.0
          ]
        ]
      },
      "bone_length_armature_space": 0.26752461664993926,
      "parent": "upperarm_l",
      "has_children": true,
      "is_end_bone": false
    },
    "metacarpal_thumb_l": {
      "name": "metacarpal_thumb_l",
      "local": {
        "location": {
          "x": 0.0,
          "y": 0.0,
          "z": 0.0
        },
        "rotation_quaternion": {
          "w": 0.9979652166366577,
          "x": -0.06352647393941879,
          "y": 0.002596937818452716,
          "z": 0.004820657894015312
        },
        "scale": {
          "x": 1.0,
          "y": 1.0,
          "z": 1.0
        },
        "matrix_basis": [
          [
            0.999940037727356,
            -0.009951646439731121,
            0.0045708282850682735,
            0.0
          ],
          [
            0.009291749447584152,
            0.99188232421875,
            0.1268194615840912,
            0.0
          ],
          [
            -0.005795786157250404,
            -0.12676937878131866,
            0.9919152855873108,
            0.0
          ],
          [
            0.0,
            0.0,
            0.0,
            1.0
          ]
        ],
        "rotation_mode": "QUATERNION"
      },
      "armature_space": {
        "head": {
          "x": 0.33493292331695557,
          "y": -0.4952864646911621,
          "z": 0.6763086318969727
        },
        "tail": {
          "x": 0.32917675375938416,
          "y": -0.5429473519325256,
          "z": 0.664106547832489
        }
      },
      "world_space": {
        "head": {
          "x": 0.33493292331695557,
          "y": -0.4320424795150757,
          "z": 1.6261626482009888
        },
        "tail": {
          "x": 0.32917675375938416,
          "y": -0.4797033667564392,
          "z": 1.6139605045318604
        },
        "rotation_quaternion": {
          "w": 0.07562846690416336,
          "x": -0.8456783294677734,
          "y": 0.11482249945402145,
          "z": -0.5156785249710083
        },
        "matrix": [
          [
            0.4417828619480133,
            -0.11620733141899109,
            0.8895636796951294,
            0.33493292331695557
          ],
          [
            -0.2722056806087494,
            -0.9621922373771667,
            0.00949009507894516,
            -0.4320424795150757
          ],
          [
            0.8548344373703003,
            -0.24633949995040894,
            -0.4567156136035919,
            1.6261626482009888
          ],
          [
            0.0,
            0.0,
            0.0,
            1.0
          ]
        ]
      },
      "bone_length_armature_space": 0.04953367139972029,
      "parent": "lowerarm_l",
      "has_children": true,
      "is_end_bone": false
    },
    "thumb_01_l": {
      "name": "thumb_01_l",
      "local": {
        "location": {
          "x": 0.0,
          "y": 0.0,
          "z": 0.0
        },
        "rotation_quaternion": {
          "w": 0.9998161792755127,
          "x": -0.004083825275301933,
          "y": 0.011277128010988235,
          "z": -0.014959556981921196
        },
        "scale": {
          "x": 1.0,
          "y": 1.0,
          "z": 1.0
        },
        "matrix_basis": [
          [
            0.999298095703125,
            0.029821505770087242,
            0.022672293707728386,
            0.0
          ],
          [
            -0.030005721375346184,
            0.9995190501213074,
            0.007828747853636742,
            0.0
          ],
          [
            -0.02242792584002018,
            -0.008503550663590431,
            0.9997122883796692,
            0.0
          ],
          [
            0.0,
            0.0,
            0.0,
            1.0
          ]
        ],
        "rotation_mode": "QUATERNION"
      },
      "armature_space": {
        "head": {
          "x": 0.32917675375938416,
          "y": -0.5429473519325256,
          "z": 0.664106547832489
        },
        "tail": {
          "x": 0.3463461697101593,
          "y": -0.5638300776481628,
          "z": 0.6434242725372314
        }
      },
      "world_space": {
        "head": {
          "x": 0.32917675375938416,
          "y": -0.4797033667564392,
          "z": 1.6139605045318604
        },
        "tail": {
          "x": 0.3463461697101593,
          "y": -0.5005860924720764,
          "z": 1.5932782888412476
        },
        "rotation_quaternion": {
          "w": 0.3408995270729065,
          "x": -0.17369189858436584,
          "y": 0.277554988861084,
          "z": -0.8812388777732849
        },
        "matrix": [
          [
            -0.7072362899780273,
            0.5044102072715759,
            0.49536561965942383,
            0.32917675375938416
          ],
          [
            -0.6972466111183167,
            -0.6135014295578003,
            -0.37076014280319214,
            -0.4797033667564392
          ],
          [
            0.11689252406358719,
            -0.6076119542121887,
            0.7855942249298096,
            1.6139605045318604
          ],
          [
            0.0,
            0.0,
            0.0,
            1.0
          ]
        ]
      },
      "bone_length_armature_space": 0.03403870765195952,
      "parent": "metacarpal_thumb_l",
      "has_children": true,
      "is_end_bone": false
    },
    "thumb_02_l": {
      "name": "thumb_02_l",
      "local": {
        "location": {
          "x": 0.0,
          "y": 0.0,
          "z": 0.0
        },
        "rotation_quaternion": {
          "w": 0.9967459440231323,
          "x": 0.07992158085107803,
          "y": -0.008171197958290577,
          "z": -0.0065880632027983665
        },
        "scale": {
          "x": 1.0,
          "y": 1.0,
          "z": 1.0
        },
        "matrix_basis": [
          [
            0.9997796416282654,
            0.011827140115201473,
            -0.017342273145914078,
            0.0
          ],
          [
            -0.014439360238611698,
            0.9871382713317871,
            -0.15921536087989807,
            0.0
          ],
          [
            0.015236159786581993,
            0.15943068265914917,
            0.9870915412902832,
            0.0
          ],
          [
            0.0,
            0.0,
            0.0,
            1.0
          ]
        ],
        "rotation_mode": "QUATERNION"
      },
      "armature_space": {
        "head": {
          "x": 0.3463461399078369,
          "y": -0.5638300180435181,
          "z": 0.6434242725372314
        },
        "tail": {
          "x": 0.34714487195014954,
          "y": -0.6009215116500854,
          "z": 0.6588114500045776
        }
      },
      "world_space": {
        "head": {
          "x": 0.3463461399078369,
          "y": -0.5005860328674316,
          "z": 1.5932782888412476
        },
        "tail": {
          "x": 0.34714487195014954,
          "y": -0.537677526473999,
          "z": 1.6086654663085938
        },
        "rotation_quaternion": {
          "w": 0.05119180306792259,
          "x": 0.20726925134658813,
          "y": -0.1887686550617218,
          "z": -0.9585329294204712
        },
        "matrix": [
          [
            -0.9088376760482788,
            0.0198863223195076,
            -0.4166753888130188,
            0.3463461399078369
          ],
          [
            -0.17638997733592987,
            -0.9234914779663086,
            0.3406609892845154,
            -0.5005860328674316
          ],
          [
            -0.37802472710609436,
            0.38310497999191284,
            0.8428179621696472,
            1.5932782888412476
          ],
          [
            0.0,
            0.0,
            0.0,
            1.0
          ]
        ]
      },
      "bone_length_armature_space": 0.040164438680501624,
      "parent": "thumb_01_l",
      "has_children": true,
      "is_end_bone": false
    },
    "thumb_03_l": {
      "name": "thumb_03_l",
      "local": {
        "location": {
          "x": 0.0,
          "y": 0.0,
          "z": 0.0
        },
        "rotation_quaternion": {
          "w": 0.997938871383667,
          "x": 0.0639285072684288,
          "y": 0.003989066928625107,
          "z": 0.0038997074589133263
        },
        "scale": {
          "x": 1.0,
          "y": 1.0,
          "z": 1.0
        },
        "matrix_basis": [
          [
            0.9999377727508545,
            -0.0072733089327812195,
            0.00846029445528984,
            0.0
          ],
          [
            0.00829336978495121,
            0.9917958974838257,
            -0.12756237387657166,
            0.0
          ],
          [
            -0.007463084999471903,
            0.12762460112571716,
            0.9917944669723511,
            0.0
          ],
          [
            0.0,
            0.0,
            0.0,
            1.0
          ]
        ],
        "rotation_mode": "QUATERNION"
      },
      "armature_space": {
        "head": {
          "x": 0.34714484214782715,
          "y": -0.6009214520454407,
          "z": 0.6588113307952881
        },
        "tail": {
          "x": 0.3460419476032257,
          "y": -0.6220149993896484,
          "z": 0.6807371973991394
        }
      },
      "world_space": {
        "head": {
          "x": 0.34714484214782715,
          "y": -0.5376774668693542,
          "z": 1.6086653470993042
        },
        "tail": {
          "x": 0.3460419476032257,
          "y": -0.558771014213562,
          "z": 1.6305911540985107
        },
        "rotation_quaternion": {
          "w": 0.14246311783790588,
          "x": 0.37708550691604614,
          "y": -0.3650793433189392,
          "z": -0.8391829133033752
        },
        "matrix": [
          [
            -0.6750221252441406,
            -0.03622572124004364,
            -0.7369074821472168,
            0.34714484214782715
          ],
          [
            -0.5144374370574951,
            -0.692842960357666,
            0.5052946209907532,
            -0.5376774668693542
          ],
          [
            -0.5288702249526978,
            0.720182478427887,
            0.44905203580856323,
            1.6086653470993042
          ],
          [
            0.0,
            0.0,
            0.0,
            1.0
          ]
        ]
      },
      "bone_length_armature_space": 0.030444995097031375,
      "parent": "thumb_02_l",
      "has_children": false,
      "is_end_bone": true
    },
    "metacarpal_index_l": {
      "name": "metacarpal_index_l",
      "local": {
        "location": {
          "x": 0.0,
          "y": 0.0,
          "z": 0.0
        },
        "rotation_quaternion": {
          "w": 0.9995824098587036,
          "x": -0.020977266132831573,
          "y": 0.01446065865457058,
          "z": 0.013639289885759354
        },
        "scale": {
          "x": 1.0,
          "y": 1.0,
          "z": 1.0
        },
        "matrix_basis": [
          [
            0.9992097020149231,
            -0.027873879298567772,
            0.028337009251117706,
            0.0
          ],
          [
            0.0266604982316494,
            0.9987478256225586,
            0.042331479489803314,
            0.0
          ],
          [
            -0.029481470584869385,
            -0.04154254496097565,
            0.9987016916275024,
            0.0
          ],
          [
            0.0,
            0.0,
            0.0,
            1.0
          ]
        ],
        "rotation_mode": "QUATERNION"
      },
      "armature_space": {
        "head": {
          "x": 0.33493292331695557,
          "y": -0.4952864646911621,
          "z": 0.6763086318969727
        },
        "tail": {
          "x": 0.33111950755119324,
          "y": -0.6120457649230957,
          "z": 0.685360848903656
        }
      },
      "world_space": {
        "head": {
          "x": 0.33493292331695557,
          "y": -0.4320424795150757,
          "z": 1.6261626482009888
        },
        "tail": {
          "x": 0.33111950755119324,
          "y": -0.5488017797470093,
          "z": 1.6352148056030273
        },
        "rotation_quaternion": {
          "w": 0.04162424057722092,
          "x": 0.9619814157485962,
          "y": -0.00523856608197093,
          "z": 0.26987385749816895
        },
        "matrix": [
          [
            0.8542812466621399,
            -0.032545529305934906,
            0.5187910199165344,
            0.33493292331695557
          ],
          [
            0.012387944385409355,
            -0.9964799284934998,
            -0.0829114243388176,
            -0.4320424795150757
          ],
          [
            0.5196670293807983,
            0.07725594937801361,
            -0.8508771061897278,
            1.6261626482009888
          ],
          [
            0.0,
            0.0,
            0.0,
            1.0
          ]
        ]
      },
      "bone_length_armature_space": 0.11717175035452111,
      "parent": "lowerarm_l",
      "has_children": true,
      "is_end_bone": false
    },
    "index_01_l": {
      "name": "index_01_l",
      "local": {
        "location": {
          "x": 0.0,
          "y": 0.0,
          "z": 0.0
        },
        "rotation_quaternion": {
          "w": 0.9956737160682678,
          "x": -0.09220841526985168,
          "y": -0.005563042126595974,
          "z": 0.01003336999565363
        },
        "scale": {
          "x": 1.0,
          "y": 1.0,
          "z": 1.0
        },
        "matrix_basis": [
          [
            0.9997367858886719,
            -0.01895400695502758,
            -0.012928271666169167,
            0.0
          ],
          [
            0.021005844697356224,
            0.9827938675880432,
            0.18350735306739807,
            0.0
          ],
          [
            0.009227626956999302,
            -0.1837306171655655,
            0.9829333424568176,
            0.0
          ],
          [
            0.0,
            0.0,
            0.0,
            1.0
          ]
        ],
        "rotation_mode": "QUATERNION"
      },
      "armature_space": {
        "head": {
          "x": 0.33111950755119324,
          "y": -0.6120457649230957,
          "z": 0.685360848903656
        },
        "tail": {
          "x": 0.33321163058280945,
          "y": -0.6367080211639404,
          "z": 0.6995195150375366
        }
      },
      "world_space": {
        "head": {
          "x": 0.33111950755119324,
          "y": -0.5488017797470093,
          "z": 1.6352148056030273
        },
        "tail": {
          "x": 0.33321163058280945,
          "y": -0.573464035987854,
          "z": 1.6493735313415527
        },
        "rotation_quaternion": {
          "w": 0.23474915325641632,
          "x": 0.9234036803245544,
          "y": 0.11153341084718704,
          "z": 0.2824515700340271
        },
        "matrix": [
          [
            0.8155628442764282,
            0.07337062805891037,
            0.5739980936050415,
            0.33111950755119324
          ],
          [
            0.33859148621559143,
            -0.8649063110351562,
            -0.3705306053161621,
            -0.5488017797470093
          ],
          [
            0.469272255897522,
            0.4965444803237915,
            -0.7302337288856506,
            1.6352148056030273
          ],
          [
            0.0,
            0.0,
            0.0,
            1.0
          ]
        ]
      },
      "bone_length_armature_space": 0.02851441161332571,
      "parent": "metacarpal_index_l",
      "has_children": true,
      "is_end_bone": false
    },
    "index_02_l": {
      "name": "index_02_l",
      "local": {
        "location": {
          "x": 0.0,
          "y": 0.0,
          "z": 0.0
        },
        "rotation_quaternion": {
          "w": 0.99830561876297,
          "x": 0.05758778005838394,
          "y": -0.006995163392275572,
          "z": 0.00454525463283062
        },
        "scale": {
          "x": 1.0,
          "y": 1.0,
          "z": 1.0
        },
        "matrix_basis": [
          [
            0.9998608231544495,
            -0.00988077837973833,
            -0.013443119823932648,
            0.0
          ],
          [
            0.008269434794783592,
            0.99332594871521,
            -0.1150439977645874,
            0.0
          ],
          [
            0.014490123838186264,
            0.11491681635379791,
            0.9932694435119629,
            0.0
          ],
          [
            0.0,
            0.0,
            0.0,
            1.0
          ]
        ],
        "rotation_mode": "QUATERNION"
      },
      "armature_space": {
        "head": {
          "x": 0.33321163058280945,
          "y": -0.6367085576057434,
          "z": 0.6995193362236023
        },
        "tail": {
          "x": 0.3365441560745239,
          "y": -0.659462571144104,
          "z": 0.7108877897262573
        }
      },
      "world_space": {
        "head": {
          "x": 0.33321163058280945,
          "y": -0.573464572429657,
          "z": 1.6493732929229736
        },
        "tail": {
          "x": 0.3365441560745239,
          "y": -0.5962185859680176,
          "z": 1.6607418060302734
        },
        "rotation_quaternion": {
          "w": 0.20474430918693542,
          "x": 0.9416589140892029,
          "y": 0.12078308314085007,
          "z": 0.23826409876346588
        },
        "matrix": [
          [
            0.8572832942008972,
            0.1299067735671997,
            0.4981861710548401,
            0.33321163058280945
          ],
          [
            0.3250395655632019,
            -0.8869823813438416,
            -0.3280418813228607,
            -0.573464572429657
          ],
          [
            0.3992706835269928,
            0.4431571960449219,
            -0.8026261329650879,
            1.6493732929229736
          ],
          [
            0.0,
            0.0,
            0.0,
            1.0
          ]
        ]
      },
      "bone_length_armature_space": 0.02565331573732407,
      "parent": "index_01_l",
      "has_children": true,
      "is_end_bone": false
    },
    "index_03_l": {
      "name": "index_03_l",
      "local": {
        "location": {
          "x": 0.0,
          "y": 0.0,
          "z": 0.0
        },
        "rotation_quaternion": {
          "w": 0.9999257326126099,
          "x": 0.011142569594085217,
          "y": 0.003010466927662492,
          "z": 0.003914067521691322
        },
        "scale": {
          "x": 1.0,
          "y": 1.0,
          "z": 1.0
        },
        "matrix_basis": [
          [
            0.9999512434005737,
            -0.007760465145111084,
            0.006107712164521217,
            0.0
          ],
          [
            0.007894642651081085,
            0.9997210502624512,
            -0.022259917110204697,
            0.0
          ],
          [
            -0.005933261010795832,
            0.022307051345705986,
            0.999733567237854,
            0.0
          ],
          [
            0.0,
            0.0,
            0.0,
            1.0
          ]
        ],
        "rotation_mode": "QUATERNION"
      },
      "armature_space": {
        "head": {
          "x": 0.33654406666755676,
          "y": -0.6594625115394592,
          "z": 0.7108878493309021
        },
        "tail": {
          "x": 0.3440316915512085,
          "y": -0.6853854656219482,
          "z": 0.7220980525016785
        }
      },
      "world_space": {
        "head": {
          "x": 0.33654406666755676,
          "y": -0.5962185263633728,
          "z": 1.6607418060302734
        },
        "tail": {
          "x": 0.3440316915512085,
          "y": -0.6221414804458618,
          "z": 1.6719520092010498
        },
        "rotation_quaternion": {
          "w": 0.15532806515693665,
          "x": 0.9364648461341858,
          "y": 0.1796402484178543,
          "z": 0.2581401765346527
        },
        "matrix": [
          [
            0.8021859526634216,
            0.25626111030578613,
            0.5392845869064331,
            0.33654406666755676
          ],
          [
            0.41664665937423706,
            -0.8872050642967224,
            -0.1981734186410904,
            -0.5962185263633728
          ],
          [
            0.42767533659935,
            0.3836647868156433,
            -0.8184798359870911,
            1.6607418060302734
          ],
          [
            0.0,
            0.0,
            0.0,
            1.0
          ]
        ]
      },
      "bone_length_armature_space": 0.0292187047709565,
      "parent": "index_02_l",
      "has_children": false,
      "is_end_bone": true
    },
    "metacarpal_pinky_l": {
      "name": "metacarpal_pinky_l",
      "local": {
        "location": {
          "x": 0.0,
          "y": 0.0,
          "z": 0.0
        },
        "rotation_quaternion": {
          "w": 0.9996770024299622,
          "x": -0.02479398623108864,
          "y": -0.0019200444221496582,
          "z": -0.005234737414866686
        },
        "scale": {
          "x": 1.0,
          "y": 1.0,
          "z": 1.0
        },
        "matrix_basis": [
          [
            0.9999378323554993,
            0.010561304166913033,
            -0.003579268464818597,
            0.0
          ],
          [
            -0.010370882228016853,
            0.9987156987190247,
            0.04959205910563469,
            0.0
          ],
          [
            0.004098428413271904,
            -0.04955185204744339,
            0.9987631440162659,
            0.0
          ],
          [
            0.0,
            0.0,
            0.0,
            1.0
          ]
        ],
        "rotation_mode": "QUATERNION"
      },
      "armature_space": {
        "head": {
          "x": 0.33493292331695557,
          "y": -0.4952864646911621,
          "z": 0.6763086318969727
        },
        "tail": {
          "x": 0.3625907003879547,
          "y": -0.5765025019645691,
          "z": 0.7353192567825317
        }
      },
      "world_space": {
        "head": {
          "x": 0.33493292331695557,
          "y": -0.4320424795150757,
          "z": 1.6261626482009888
        },
        "tail": {
          "x": 0.3625907003879547,
          "y": -0.5132585167884827,
          "z": 1.6851732730865479
        },
        "rotation_quaternion": {
          "w": 0.29909422993659973,
          "x": 0.5971243381500244,
          "y": -0.1434248685836792,
          "z": -0.7303524017333984
        },
        "matrix": [
          [
            -0.10797061026096344,
            0.26560622453689575,
            -0.9580164551734924,
            0.33493292331695557
          ],
          [
            -0.6081741452217102,
            -0.7799429297447205,
            -0.14769363403320312,
            -0.4320424795150757
          ],
          [
            -0.7864327430725098,
            0.5666974782943726,
            0.24574726819992065,
            1.6261626482009888
          ],
          [
            0.0,
            0.0,
            0.0,
            1.0
          ]
        ]
      },
      "bone_length_armature_space": 0.10413093208515083,
      "parent": "lowerarm_l",
      "has_children": true,
      "is_end_bone": false
    },
    "pinky_01_l": {
      "name": "pinky_01_l",
      "local": {
        "location": {
          "x": 0.0,
          "y": 0.0,
          "z": 0.0
        },
        "rotation_quaternion": {
          "w": 0.9634177684783936,
          "x": 0.26777544617652893,
          "y": -0.00039949786150828004,
          "z": 0.011069024913012981
        },
        "scale": {
          "x": 1.0,
          "y": 1.0,
          "z": 1.0
        },
        "matrix_basis": [
          [
            0.9997546076774597,
            -0.0215421412140131,
            0.005158259533345699,
            0.0
          ],
          [
            0.02111423946917057,
            0.8563475608825684,
            -0.5159680843353271,
            0.0
          ],
          [
            0.006697793025523424,
            0.5159503817558289,
            0.8565922975540161,
            0.0
          ],
          [
            0.0,
            0.0,
            0.0,
            1.0
          ]
        ],
        "rotation_mode": "QUATERNION"
      },
      "armature_space": {
        "head": {
          "x": 0.3625907003879547,
          "y": -0.5765025019645691,
          "z": 0.7353192567825317
        },
        "tail": {
          "x": 0.3770063519477844,
