{
  "metadata": {
    "armature_name": "KIM_caucasian_male",
    "export_time": "2026-01-13T21:01:17.542367",
    "blender_version": "4.4.1",
    "bone_count": 56,
    "end_bone_count": 13,
    "spaces_included": [
      "LOCAL_CHANNELS",
      "ARMATURE_SPACE",
      "WORLD_SPACE"
    ],
    "note": "LOCAL matches Transform panel; replay pose via local.matrix_basis for best fidelity."
  },
  "bones": {
    "Root": {
      "name": "Root",
      "local": {
        "location": {
          "x": 0.0,
          "y": 0.0,
          "z": 0.0
        },
        "rotation_quaternion": {
          "w": 0.9998796582221985,
          "x": 0.002074264921247959,
          "y": -0.00932331569492817,
          "z": 0.012230767868459225
        },
        "scale": {
          "x": 1.0,
          "y": 1.0,
          "z": 1.0
        },
        "matrix_basis": [
          [
            0.9995269775390625,
            -0.024497270584106445,
            -0.018593648448586464,
            0.0
          ],
          [
            0.024419913068413734,
            0.9996922016143799,
            -0.00437609339132905,
            0.0
          ],
          [
            0.018695127218961716,
            0.003919967915862799,
            0.9998175501823425,
            0.0
          ],
          [
            0.0,
            0.0,
            0.0,
            1.0
          ]
        ],
        "rotation_mode": "QUATERNION"
      },
      "armature_space": {
        "head": {
          "x": 0.0,
          "y": 0.07072800397872925,
          "z": -0.009595036506652832
        },
        "tail": {
          "x": -0.0017485140124335885,
          "y": -1.583993434906006e-05,
          "z": -0.00028020795434713364
        }
      },
      "world_space": {
        "head": {
          "x": 0.0,
          "y": 0.13397200405597687,
          "z": 0.9402589797973633
        },
        "tail": {
          "x": -0.0017485140124335885,
          "y": 0.06322816014289856,
          "z": 0.949573814868927
        },
        "rotation_quaternion": {
          "w": 0.06529000401496887,
          "x": 0.9977478981018066,
          "y": -0.01283107791095972,
          "z": -0.008478176780045033
        },
        "matrix": [
          [
            0.9995269775390625,
            -0.024497270584106445,
            -0.018593648448586464,
            0.0
          ],
          [
            -0.026711437851190567,
            -0.991145133972168,
            -0.1300687938928604,
            0.13397200405597687
          ],
          [
            -0.01524280570447445,
            0.13050389289855957,
            -0.9913377165794373,
            0.9402589797973633
          ],
          [
            0.0,
            0.0,
            0.0,
            1.0
          ]
        ]
      },
      "bone_length_armature_space": 0.07137586955210339,
      "parent": null,
      "has_children": true,
      "is_end_bone": false
    },
    "spine_01": {
      "name": "spine_01",
      "local": {
        "location": {
          "x": 0.0,
          "y": 0.0,
          "z": 0.0
        },
        "rotation_quaternion": {
          "w": 0.9980192184448242,
          "x": 0.06274199485778809,
          "y": 0.0038542537949979305,
          "z": -0.0025348979979753494
        },
        "scale": {
          "x": 1.0,
          "y": 1.0,
          "z": 1.0
        },
        "matrix_basis": [
          [
            0.9999574422836304,
            0.005543400999158621,
            0.007375149521976709,
            0.0
          ],
          [
            -0.004576106555759907,
            0.9921140074729919,
            -0.12525497376918793,
            0.0
          ],
          [
            -0.008011328056454659,
            0.12521588802337646,
            0.9920971989631653,
            0.0
          ],
          [
            0.0,
            0.0,
            0.0,
            1.0
          ]
        ],
        "rotation_mode": "QUATERNION"
      },
      "armature_space": {
        "head": {
          "x": -0.0017485140124335885,
          "y": -1.583993434906006e-05,
          "z": -0.00028020795434713364
        },
        "tail": {
          "x": 0.007288250606507063,
          "y": -0.04060112684965134,
          "z": 0.4859498143196106
        }
      },
      "world_space": {
        "head": {
          "x": -0.0017485140124335885,
          "y": 0.06322816014289856,
          "z": 0.949573814868927
        },
        "tail": {
          "x": 0.007288250606507063,
          "y": 0.022642873227596283,
          "z": 1.4358038902282715
        },
        "rotation_quaternion": {
          "w": 0.6770646572113037,
          "x": 0.7357938289642334,
          "y": -0.00013086407852824777,
          "z": -0.013817359693348408
        },
        "matrix": [
          [
            0.9996181130409241,
            0.018517913296818733,
            -0.02051052637398243,
            -0.0017485140124335885
          ],
          [
            -0.018902940675616264,
            -0.08316636085510254,
            -0.9963564276695251,
            0.06322816014289856
          ],
          [
            -0.020156385377049446,
            0.9963704943656921,
            -0.08278605341911316,
            0.949573814868927
          ],
          [
            0.0,
            0.0,
            0.0,
            1.0
          ]
        ]
      },
      "bone_length_armature_space": 0.4880045713476847,
      "parent": "Root",
      "has_children": true,
      "is_end_bone": false
    },
    "neck_01": {
      "name": "neck_01",
      "local": {
        "location": {
          "x": 0.0,
          "y": 0.0,
          "z": 0.0
        },
        "rotation_quaternion": {
          "w": 0.9848933219909668,
          "x": 0.08097615092992783,
          "y": 0.002466321922838688,
          "z": 0.15304242074489594
        },
        "scale": {
          "x": 1.0,
          "y": 1.0,
          "z": 1.0
        },
        "matrix_basis": [
          [
            0.9531438946723938,
            -0.3010614812374115,
            0.029643699526786804,
            0.0
          ],
          [
            0.30186033248901367,
            0.9400417804718018,
            -0.15875083208084106,
            0.0
          ],
          [
            0.01992744393646717,
            0.1602606475353241,
            0.9868735671043396,
            0.0
          ],
          [
            0.0,
            0.0,
            0.0,
            1.0
          ]
        ],
        "rotation_mode": "QUATERNION"
      },
      "armature_space": {
        "head": {
          "x": 0.007932789623737335,
          "y": -0.08124451339244843,
          "z": 0.5560315251350403
        },
        "tail": {
          "x": -0.022475242614746094,
          "y": -0.13912993669509888,
          "z": 0.6349956393241882
        }
      },
      "world_space": {
        "head": {
          "x": 0.007932789623737335,
          "y": -0.018000513315200806,
          "z": 1.5058856010437012
        },
        "tail": {
          "x": -0.022475242614746094,
          "y": -0.07588593661785126,
          "z": 1.5848495960235596
        },
        "rotation_quaternion": {
          "w": 0.44703209400177,
          "x": 0.8818519711494446,
          "y": -0.13361501693725586,
          "z": 0.06816557794809341
        },
        "matrix": [
          [
            0.9550008773803711,
            -0.2966019809246063,
            0.0007624588906764984,
            0.007932789623737335
          ],
          [
            -0.1747138351202011,
            -0.5646183490753174,
            -0.806648313999176,
            -0.018000513315200806
          ],
          [
            0.23968543112277985,
            0.7702213525772095,
            -0.591036319732666,
            1.5058856010437012
          ],
          [
            0.0,
            0.0,
            0.0,
            1.0
          ]
        ]
      },
      "bone_length_armature_space": 0.10252171409397552,
      "parent": "spine_01",
      "has_children": true,
      "is_end_bone": false
    },
    "head": {
      "name": "head",
      "local": {
        "location": {
          "x": 0.0,
          "y": 0.0,
          "z": 0.0
        },
        "rotation_quaternion": {
          "w": 0.9772851467132568,
          "x": -0.09348015487194061,
          "y": 0.15609900653362274,
          "z": -0.10866676270961761
        },
        "scale": {
          "x": 1.0,
          "y": 1.0,
          "z": 1.0
        },
        "matrix_basis": [
          [
            0.9276492595672607,
            0.1832125037908554,
            0.32542285323143005,
            0.0
          ],
          [
            -0.24158114194869995,
            0.9589059948921204,
            0.1487879902124405,
            0.0
          ],
          [
            -0.2847900986671448,
            -0.21663908660411835,
            0.9337891340255737,
            0.0
          ],
          [
            0.0,
            0.0,
            0.0,
            1.0
          ]
        ],
        "rotation_mode": "QUATERNION"
      },
      "armature_space": {
        "head": {
          "x": -0.022475220263004303,
          "y": -0.13913002610206604,
          "z": 0.6349954605102539
        },
        "tail": {
          "x": -0.032935477793216705,
          "y": -0.1469780057668686,
          "z": 0.7895344495773315
        }
      },
      "world_space": {
        "head": {
          "x": -0.022475220263004303,
          "y": -0.07588602602481842,
          "z": 1.58484947681427
        },
        "tail": {
          "x": -0.032935477793216705,
          "y": -0.08373400568962097,
          "z": 1.7393884658813477
        },
        "rotation_quaternion": {
          "w": 0.68816739320755,
          "x": 0.7198838591575623,
          "y": 0.03352700546383858,
          "z": 0.08407645672559738
        },
        "matrix": [
          [
            0.9836143255233765,
            -0.06744629144668579,
            0.1671944260597229,
            -0.022475220263004303
          ],
          [
            0.16398803889751434,
            -0.050602689385414124,
            -0.9851638674736023,
            -0.07588602602481842
          ],
          [
            0.07490675896406174,
            0.9964457750320435,
            -0.03871434926986694,
            1.58484947681427
          ],
          [
            0.0,
            0.0,
            0.0,
            1.0
          ]
        ]
      },
      "bone_length_armature_space": 0.15509128741499645,
      "parent": "neck_01",
      "has_children": false,
      "is_end_bone": true
    },
    "upperarm_l": {
      "name": "upperarm_l",
      "local": {
        "location": {
          "x": 0.0,
          "y": 0.0,
          "z": 0.0
        },
        "rotation_quaternion": {
          "w": 0.9617307186126709,
          "x": -0.11991562694311142,
          "y": 0.01843729428946972,
          "z": 0.24567143619060516
        },
        "scale": {
          "x": 1.0,
          "y": 1.0,
          "z": 1.0
        },
        "matrix_basis": [
          [
            0.8786112070083618,
            -0.4769613742828369,
            -0.023456264287233353,
            0.0
          ],
          [
            0.46811768412590027,
            0.8505315780639648,
            0.23971211910247803,
            0.0
          ],
          [
            -0.0943831130862236,
            -0.22159405052661896,
            0.970560610294342,
            0.0
          ],
          [
            0.0,
            0.0,
            0.0,
            1.0
          ]
        ],
        "rotation_mode": "QUATERNION"
      },
      "armature_space": {
        "head": {
          "x": 0.1565655618906021,
          "y": -0.08166804909706116,
          "z": 0.48578017950057983
        },
        "tail": {
          "x": 0.3884338140487671,
          "y": -0.03136923536658287,
          "z": 0.610339343547821
        }
      },
      "world_space": {
        "head": {
          "x": 0.1565655618906021,
          "y": -0.018424049019813538,
          "z": 1.4356341361999512
        },
        "tail": {
          "x": 0.3884338140487671,
          "y": 0.03187476471066475,
          "z": 1.5601933002471924
        },
        "rotation_quaternion": {
          "w": 0.6178176403045654,
          "x": 0.57735276222229,
          "y": 0.46060094237327576,
          "z": -0.2698367238044739
        },
        "matrix": [
          [
            0.4300682842731476,
            0.8652787208557129,
            0.2575537860393524,
            0.1565655618906021
          ],
          [
            0.19844157993793488,
            0.18770354986190796,
            -0.96197110414505,
            -0.018424049019813538
          ],
          [
            -0.8807228803634644,
            0.4648260474205017,
            -0.09098347276449203,
            1.4356341361999512
          ],
          [
            0.0,
            0.0,
            0.0,
            1.0
          ]
        ]
      },
      "bone_length_armature_space": 0.2679698545256614,
      "parent": "spine_01",
      "has_children": true,
      "is_end_bone": false
    },
    "lowerarm_l": {
      "name": "lowerarm_l",
      "local": {
        "location": {
          "x": 0.0,
          "y": 0.0,
          "z": 0.0
        },
        "rotation_quaternion": {
          "w": 0.968258261680603,
          "x": 0.24732130765914917,
          "y": -0.03595229238271713,
          "z": -0.003942411858588457
        },
        "scale": {
          "x": 1.0,
          "y": 1.0,
          "z": 1.0
        },
        "matrix_basis": [
          [
            0.9973837733268738,
            -0.010148989968001842,
            -0.07157229632139206,
            0.0
          ],
          [
            -0.025418082252144814,
            0.877633273601532,
            -0.4786583185195923,
            0.0
          ],
          [
            0.06767212599515915,
            0.4792252779006958,
            0.8750792145729065,
            0.0
          ],
          [
            0.0,
            0.0,
            0.0,
            1.0
          ]
        ],
        "rotation_mode": "QUATERNION"
      },
      "armature_space": {
        "head": {
          "x": 0.38843387365341187,
          "y": -0.031369294971227646,
          "z": 0.6103395223617554
        },
        "tail": {
          "x": 0.599284291267395,
          "y": -0.14496199786663055,
          "z": 0.7295381426811218
        }
      },
      "world_space": {
        "head": {
          "x": 0.38843387365341187,
          "y": 0.031874705106019974,
          "z": 1.5601935386657715
        },
        "tail": {
          "x": 0.599284291267395,
          "y": -0.08171799778938293,
          "z": 1.6793920993804932
        },
        "rotation_quaternion": {
          "w": 0.4634917974472046,
          "x": 0.7286734580993652,
          "y": 0.269948810338974,
          "z": -0.42583802342414856
        },
        "matrix": [
          [
            0.49157941341400146,
            0.7881536483764648,
            -0.3703553080558777,
            0.38843387365341187
          ],
          [
            -0.0013342201709747314,
            -0.4246067404747009,
            -0.9053769707679749,
            0.031874705106019974
          ],
          [
            -0.8708378076553345,
            0.4455614984035492,
            -0.20767860114574432,
            1.5601935386657715
          ],
          [
            0.0,
            0.0,
            0.0,
            1.0
          ]
        ]
      },
      "bone_length_armature_space": 0.2675247835327576,
      "parent": "upperarm_l",
      "has_children": true,
      "is_end_bone": false
    },
    "metacarpal_thumb_l": {
      "name": "metacarpal_thumb_l",
      "local": {
        "location": {
          "x": 0.0,
          "y": 0.0,
          "z": 0.0
        },
        "rotation_quaternion": {
          "w": 0.999212384223938,
          "x": -0.037414222955703735,
          "y": -0.002487234305590391,
          "z": -0.012990856543183327
        },
        "scale": {
          "x": 1.0,
          "y": 1.0,
          "z": 1.0
        },
        "matrix_basis": [
          [
            0.9996501207351685,
            0.02614736557006836,
            -0.003998464904725552,
            0.0
          ],
          [
            -0.025775132700800896,
            0.9968628287315369,
            0.07483413070440292,
            0.0
          ],
          [
            0.005942636169493198,
            -0.07470488548278809,
            0.9971879720687866,
            0.0
          ],
          [
            0.0,
            0.0,
            0.0,
            1.0
          ]
        ],
        "rotation_mode": "QUATERNION"
      },
      "armature_space": {
        "head": {
          "x": 0.599284291267395,
          "y": -0.14496199786663055,
          "z": 0.7295381426811218
        },
        "tail": {
          "x": 0.6233512759208679,
          "y": -0.18762394785881042,
          "z": 0.7369083762168884
        }
      },
      "world_space": {
        "head": {
          "x": 0.599284291267395,
          "y": -0.08171799778938293,
          "z": 1.6793920993804932
        },
        "tail": {
          "x": 0.6233512759208679,
          "y": -0.1243799477815628,
          "z": 1.6867623329162598
        },
        "rotation_quaternion": {
          "w": 0.023862440139055252,
          "x": 0.944210946559906,
          "y": 0.2622871398925781,
          "z": 0.19774164259433746
        },
        "matrix": [
          [
            0.7842071056365967,
            0.48587170243263245,
            0.385936975479126,
            0.599284291267395
          ],
          [
            0.5047461986541748,
            -0.861271858215332,
            0.058668121695518494,
            -0.08171799778938293
          ],
          [
            0.36090484261512756,
            0.14879247546195984,
            -0.9206641316413879,
            1.6793920993804932
          ],
          [
            0.0,
            0.0,
            0.0,
            1.0
          ]
        ]
      },
      "bone_length_armature_space": 0.049533646648896666,
      "parent": "lowerarm_l",
      "has_children": true,
      "is_end_bone": false
    },
    "thumb_01_l": {
      "name": "thumb_01_l",
      "local": {
        "location": {
          "x": 0.0,
          "y": 0.0,
          "z": 0.0
        },
        "rotation_quaternion": {
          "w": 0.9995368719100952,
          "x": -0.024767857044935226,
          "y": 0.014084378257393837,
          "z": -0.010689863003790379
        },
        "scale": {
          "x": 1.0,
          "y": 1.0,
          "z": 1.0
        },
        "matrix_basis": [
          [
            0.9993746876716614,
            0.0206721443682909,
            0.02868524007499218,
            0.0
          ],
          [
            -0.02206750400364399,
            0.9985445737838745,
            0.04921165108680725,
            0.0
          ],
          [
            -0.02762618102133274,
            -0.0498138926923275,
            0.9983763694763184,
            0.0
          ],
          [
            0.0,
            0.0,
            0.0,
            1.0
          ]
        ],
        "rotation_mode": "QUATERNION"
      },
      "armature_space": {
        "head": {
          "x": 0.6233512759208679,
          "y": -0.18762394785881042,
          "z": 0.7369083762168884
        },
        "tail": {
          "x": 0.6393768191337585,
          "y": -0.20876462757587433,
          "z": 0.7155803442001343
        }
      },
      "world_space": {
        "head": {
          "x": 0.6233512759208679,
          "y": -0.1243799477815628,
          "z": 1.6867623329162598
        },
        "tail": {
          "x": 0.6393768191337585,
          "y": -0.1455206274986267,
          "z": 1.6654343605041504
        },
        "rotation_quaternion": {
          "w": 0.4260258078575134,
          "x": -0.5936164855957031,
          "y": 0.08922459185123444,
          "z": -0.6768755912780762
        },
        "matrix": [
          [
            0.06775779277086258,
            0.47080564498901367,
            0.879630982875824,
            0.6233512759208679
          ],
          [
            -0.6826633214950562,
            -0.6210800409317017,
            0.38500675559043884,
            -0.1243799477815628
          ],
          [
            0.7275890707969666,
            -0.6265842318534851,
            0.27932098507881165,
            1.6867623329162598
          ],
          [
            0.0,
            0.0,
            0.0,
            1.0
          ]
        ]
      },
      "bone_length_armature_space": 0.03403867387858936,
      "parent": "metacarpal_thumb_l",
      "has_children": true,
      "is_end_bone": false
    },
    "thumb_02_l": {
      "name": "thumb_02_l",
      "local": {
        "location": {
          "x": 0.0,
          "y": 0.0,
          "z": 0.0
        },
        "rotation_quaternion": {
          "w": 0.9961071610450745,
          "x": 0.08782295137643814,
          "y": -0.006908029317855835,
          "z": -0.0031845143530517817
        },
        "scale": {
          "x": 1.0,
          "y": 1.0,
          "z": 1.0
        },
        "matrix_basis": [
          [
            0.9998842477798462,
            0.005130867939442396,
            -0.014321621507406235,
            0.0
          ],
          [
            -0.007557602133601904,
            0.9845539927482605,
            -0.17491814494132996,
            0.0
          ],
          [
            0.013202928006649017,
            0.17500613629817963,
            0.9844788312911987,
            0.0
          ],
          [
            0.0,
            0.0,
            0.0,
            1.0
          ]
        ],
        "rotation_mode": "QUATERNION"
      },
      "armature_space": {
        "head": {
          "x": 0.6393767595291138,
          "y": -0.20876461267471313,
          "z": 0.7155803442001343
        },
        "tail": {
          "x": 0.6708556413650513,
          "y": -0.22517715394496918,
          "z": 0.734365701675415
        }
      },
      "world_space": {
        "head": {
          "x": 0.6393767595291138,
          "y": -0.14552061259746552,
          "z": 1.6654343605041504
        },
        "tail": {
          "x": 0.6708556413650513,
          "y": -0.16193315386772156,
          "z": 1.6842197179794312
        },
        "rotation_quaternion": {
          "w": 0.4393279254436493,
          "x": -0.07720721513032913,
          "y": -0.3204268217086792,
          "z": -0.8356773853302002
        },
        "matrix": [
          [
            -0.6020592451095581,
            0.783751368522644,
            -0.15250614285469055,
            0.6393767595291138
          ],
          [
            -0.6847953796386719,
            -0.40863388776779175,
            0.6033849716186523,
            -0.14552061259746552
          ],
          [
            0.41058698296546936,
            0.46771183609962463,
            0.7827374339103699,
            1.6654343605041504
          ],
          [
            0.0,
            0.0,
            0.0,
            1.0
          ]
        ]
      },
      "bone_length_armature_space": 0.040164426694600616,
      "parent": "thumb_01_l",
      "has_children": true,
      "is_end_bone": false
    },
    "thumb_03_l": {
      "name": "thumb_03_l",
      "local": {
        "location": {
          "x": 0.0,
          "y": 0.0,
          "z": 0.0
        },
        "rotation_quaternion": {
          "w": 0.9965854287147522,
          "x": 0.08243182301521301,
          "y": -0.002230337355285883,
          "z": 0.00418547447770834
        },
        "scale": {
          "x": 1.0,
          "y": 1.0,
          "z": 1.0
        },
        "matrix_basis": [
          [
            0.9999549984931946,
            -0.008710067719221115,
            -0.003755410900339484,
            0.0
          ],
          [
            0.007974663749337196,
            0.9863749742507935,
            -0.16431938111782074,
            0.0
          ],
          [
            0.0051354761235415936,
            0.16428203880786896,
            0.9864000678062439,
            0.0
          ],
          [
            0.0,
            0.0,
            0.0,
            1.0
          ]
        ],
        "rotation_mode": "QUATERNION"
      },
      "armature_space": {
        "head": {
          "x": 0.6708555817604065,
          "y": -0.22517721354961395,
          "z": 0.7343656420707703
        },
        "tail": {
          "x": 0.6923436522483826,
          "y": -0.22656786441802979,
          "z": 0.7558883428573608
        }
      },
      "world_space": {
        "head": {
          "x": 0.6708555817604065,
          "y": -0.16193321347236633,
          "z": 1.6842195987701416
        },
        "tail": {
          "x": 0.6923436522483826,
          "y": -0.16332386434078217,
          "z": 1.705742359161377
        },
        "rotation_quaternion": {
          "w": 0.5754804015159607,
          "x": 0.143720343708992,
          "y": -0.3820768892765045,
          "z": -0.7086495757102966
        },
        "matrix": [
          [
            -0.2963307499885559,
            0.7058029174804688,
            -0.6434516310691833,
            0.6708555817604065
          ],
          [
            -0.925453245639801,
            -0.04567749425768852,
            0.37609803676605225,
            -0.16193321347236633
          ],
          [
            0.23606055974960327,
            0.7069388031959534,
            0.6667286157608032,
            1.6842195987701416
          ],
          [
            0.0,
            0.0,
            0.0,
            1.0
          ]
        ]
      },
      "bone_length_armature_space": 0.030444994742285066,
      "parent": "thumb_02_l",
      "has_children": false,
      "is_end_bone": true
    },
    "metacarpal_index_l": {
      "name": "metacarpal_index_l",
      "local": {
        "location": {
          "x": 0.0,
          "y": 0.0,
          "z": 0.0
        },
        "rotation_quaternion": {
          "w": 0.9999377727508545,
          "x": -0.006806894205510616,
          "y": 0.001083445269614458,
          "z": 0.008770537562668324
        },
        "scale": {
          "x": 1.0,
          "y": 1.0,
          "z": 1.0
        },
        "matrix_basis": [
          [
            0.9998438358306885,
            -0.017554733902215958,
            0.002047355519607663,
            0.0
          ],
          [
            0.017525233328342438,
            0.999753475189209,
            0.01363194640725851,
            0.0
          ],
          [
            -0.002286155940964818,
            -0.013593936339020729,
            0.999904990196228,
            0.0
          ],
          [
            0.0,
            0.0,
            0.0,
            1.0
          ]
        ],
        "rotation_mode": "QUATERNION"
      },
      "armature_space": {
        "head": {
          "x": 0.599284291267395,
          "y": -0.14496199786663055,
          "z": 0.7295381426811218
        },
        "tail": {
          "x": 0.6751710772514343,
          "y": -0.22525615990161896,
          "z": 0.7685672640800476
        }
      },
      "world_space": {
        "head": {
          "x": 0.599284291267395,
          "y": -0.08171799778938293,
          "z": 1.6793920993804932
        },
        "tail": {
          "x": 0.6751710772514343,
          "y": -0.16201215982437134,
          "z": 1.718421220779419
        },
        "rotation_quaternion": {
          "w": 0.2025807499885559,
          "x": 0.9162473082542419,
          "y": 0.34106647968292236,
          "z": -0.05590886250138283
        },
        "matrix": [
          [
            0.761095404624939,
            0.6476543545722961,
            0.035735342651605606,
            0.599284291267395
          ],
          [
            0.602350652217865,
            -0.6852690577507019,
            -0.40936562418937683,
            -0.08171799778938293
          ],
          [
            -0.24064047634601593,
            0.33309313654899597,
            -0.9116771817207336,
            1.6793920993804932
          ],
          [
            0.0,
            0.0,
            0.0,
            1.0
          ]
        ]
      },
      "bone_length_armature_space": 0.11717179212994563,
      "parent": "lowerarm_l",
      "has_children": true,
      "is_end_bone": false
    },
    "index_01_l": {
      "name": "index_01_l",
      "local": {
        "location": {
          "x": 0.0,
          "y": 0.0,
          "z": 0.0
        },
        "rotation_quaternion": {
          "w": 0.9943968653678894,
          "x": -0.10510212182998657,
          "y": 0.011163230985403061,
          "z": 0.001967596122995019
        },
        "scale": {
          "x": 1.0,
          "y": 1.0,
          "z": 1.0
        },
        "matrix_basis": [
          [
            0.9997430443763733,
            -0.00625970121473074,
            0.021787766367197037,
            0.0
          ],
          [
            0.0015665843384340405,
            0.9778993725776672,
            0.2090703696012497,
            0.0
          ],
          [
            -0.022614961490035057,
            -0.20898251235485077,
            0.9776578545570374,
            0.0
          ],
          [
            0.0,
            0.0,
            0.0,
            1.0
          ]
        ],
        "rotation_mode": "QUATERNION"
      },
      "armature_space": {
        "head": {
          "x": 0.6751710772514343,
          "y": -0.22525615990161896,
          "z": 0.7685672640800476
        },
        "tail": {
          "x": 0.6981045007705688,
          "y": -0.23315291106700897,
          "z": 0.7835596203804016
        }
      },
      "world_space": {
        "head": {
          "x": 0.6751710772514343,
          "y": -0.16201215982437134,
          "z": 1.718421220779419
        },
        "tail": {
          "x": 0.6981045007705688,
          "y": -0.16990891098976135,
          "z": 1.7334136962890625
        },
        "rotation_quaternion": {
          "w": 0.3226912021636963,
          "x": 0.7989810109138489,
          "y": 0.5073460936546326,
          "z": 0.009983927011489868
        },
        "matrix": [
          [
            0.48499900102615356,
            0.8042761087417603,
            0.34338808059692383,
            0.6751710772514343
          ],
          [
            0.8171646595001221,
            -0.276939332485199,
            -0.5055164098739624,
            -0.16201215982437134
          ],
          [
            -0.31147876381874084,
            0.5257829427719116,
            -0.7915474772453308,
            1.718421220779419
          ],
          [
            0.0,
            0.0,
            0.0,
            1.0
          ]
        ]
      },
      "bone_length_armature_space": 0.02851440556903952,
      "parent": "metacarpal_index_l",
      "has_children": true,
      "is_end_bone": false
    },
    "index_02_l": {
      "name": "index_02_l",
      "local": {
        "location": {
          "x": 0.0,
          "y": 0.0,
          "z": 0.0
        },
        "rotation_quaternion": {
          "w": 0.9988821744918823,
          "x": 0.04575487598776817,
          "y": 0.008773238398134708,
          "z": 0.008005447685718536
        },
        "scale": {
          "x": 1.0,
          "y": 1.0,
          "z": 1.0
        },
        "matrix_basis": [
          [
            0.9997178912162781,
            -0.01519016083329916,
            0.0182594396173954,
            0.0
          ],
          [
            0.01679583452641964,
            0.995684802532196,
            -0.09126698970794678,
            0.0
          ],
          [
            -0.01679428666830063,
            0.09154792875051498,
            0.9956590533256531,
            0.0
          ],
          [
            0.0,
            0.0,
            0.0,
            1.0
          ]
        ],
        "rotation_mode": "QUATERNION"
      },
      "armature_space": {
        "head": {
          "x": 0.6981047987937927,
          "y": -0.23315337300300598,
          "z": 0.7835596799850464
        },
        "tail": {
          "x": 0.7193189859390259,
          "y": -0.24076399207115173,
          "z": 0.7958123683929443
        }
      },
      "world_space": {
        "head": {
          "x": 0.6981047987937927,
          "y": -0.16990937292575836,
          "z": 1.7334136962890625
        },
        "tail": {
          "x": 0.7193189859390259,
          "y": -0.1775199919939041,
          "z": 1.7456663846969604
        },
        "rotation_quaternion": {
          "w": 0.3127037286758423,
          "x": 0.8047897815704346,
          "y": 0.5038647055625916,
          "z": -0.025500241667032242
        },
        "matrix": [
          [
            0.4909389615058899,
            0.8269579410552979,
            0.27407798171043396,
            0.6981047987937927
          ],
          [
            0.7950635552406311,
            -0.2966722846031189,
            -0.5290177464485168,
            -0.16990937292575836
          ],
          [
            -0.35616618394851685,
            0.4776279032230377,
            -0.8031384944915771,
            1.7334136962890625
          ],
          [
            0.0,
            0.0,
            0.0,
            1.0
          ]
        ]
      },
      "bone_length_armature_space": 0.02565329646844822,
      "parent": "index_01_l",
      "has_children": true,
      "is_end_bone": false
    },
    "index_03_l": {
      "name": "index_03_l",
      "local": {
        "location": {
          "x": 0.0,
          "y": 0.0,
          "z": 0.0
        },
        "rotation_quaternion": {
          "w": 0.9999751448631287,
          "x": 0.002356731565669179,
          "y": -0.003968211356550455,
          "z": 0.005342341959476471
        },
        "scale": {
          "x": 1.0,
          "y": 1.0,
          "z": 1.0
        },
        "matrix_basis": [
          [
            0.9999114274978638,
            -0.01070312224328518,
            -0.007911044172942638,
            0.0
          ],
          [
            0.010665714740753174,
            0.999931812286377,
            -0.004755745176225901,
            0.0
          ],
          [
            0.007961406372487545,
            0.004670946858823299,
            0.9999573826789856,
            0.0
          ],
          [
            0.0,
            0.0,
            0.0,
            1.0
          ]
        ],
        "rotation_mode": "QUATERNION"
      },
      "armature_space": {
        "head": {
          "x": 0.7193188667297363,
          "y": -0.24076393246650696,
          "z": 0.7958125472068787
        },
        "tail": {
          "x": 0.7451992034912109,
          "y": -0.24894334375858307,
          "z": 0.8066309690475464
        }
      },
      "world_space": {
        "head": {
          "x": 0.7193188667297363,
          "y": -0.17751993238925934,
          "z": 1.74566650390625
        },
        "tail": {
          "x": 0.7451992034912109,
          "y": -0.18569934368133545,
          "z": 1.7564849853515625
        },
        "rotation_quaternion": {
          "w": 0.2564827501773834,
          "x": 0.7991443872451782,
          "y": 0.5424456000328064,
          "z": -0.0365753099322319
        },
        "matrix": [
          [
            0.40882912278175354,
            0.8857460021972656,
            0.21979974210262299,
            0.7193188667297363
          ],
          [
            0.8482236862182617,
            -0.2799376845359802,
            -0.44961288571357727,
            -0.17751993238925934
          ],
          [
            -0.3367144763469696,
            0.3702564835548401,
            -0.8657642006874084,
            1.74566650390625
          ],
          [
            0.0,
            0.0,
            0.0,
            1.0
          ]
        ]
      },
      "bone_length_armature_space": 0.029218707261127564,
      "parent": "index_02_l",
      "has_children": false,
      "is_end_bone": true
    },
    "metacarpal_pinky_l": {
      "name": "metacarpal_pinky_l",
      "local": {
        "location": {
          "x": 0.0,
          "y": 0.0,
          "z": 0.0
        },
        "rotation_quaternion": {
          "w": 0.9996997117996216,
          "x": -0.010131693445146084,
          "y": -0.018116610124707222,
          "z": -0.013029704801738262
        },
        "scale": {
          "x": 1.0,
          "y": 1.0,
          "z": 1.0
        },
        "matrix_basis": [
          [
            0.9990040063858032,
            0.026418687775731087,
            -0.03595831245183945,
            0.0
          ],
          [
            -0.025684479624032974,
            0.9994551539421082,
            0.020729409530758858,
            0.0
          ],
          [
            0.036486364901065826,
            -0.019785193726420403,
            0.9991382956504822,
            0.0
          ],
          [
            0.0,
            0.0,
            0.0,
            1.0
          ]
        ],
        "rotation_mode": "QUATERNION"
      },
      "armature_space": {
        "head": {
          "x": 0.599284291267395,
          "y": -0.14496199786663055,
          "z": 0.7295381426811218
        },
        "tail": {
          "x": 0.6905016303062439,
          "y": -0.16053147614002228,
          "z": 0.7772899270057678
        }
      },
      "world_space": {
        "head": {
          "x": 0.599284291267395,
          "y": -0.08171799778938293,
          "z": 1.6793920993804932
        },
        "tail": {
          "x": 0.6905016303062439,
          "y": -0.09728747606277466,
          "z": 1.7271440029144287
        },
        "rotation_quaternion": {
          "w": 0.6472683548927307,
          "x": 0.26735615730285645,
          "y": -0.07926961779594421,
          "z": -0.709422767162323
        },
        "matrix": [
          [
            -0.019126785919070244,
            0.8759881854057312,
            -0.4819526970386505,
            0.599284291267395
          ],
          [
            -0.9607600569725037,
            -0.14951851963996887,
            -0.23363327980041504,
            -0.08171799778938293
          ],
          [
            -0.27672356367111206,
            0.45857521891593933,
            0.8444801568984985,
            1.6793920993804932
          ],
          [
            0.0,
            0.0,
            0.0,
            1.0
          ]
        ]
      },
      "bone_length_armature_space": 0.10413089938450532,
      "parent": "lowerarm_l",
      "has_children": true,
      "is_end_bone": false
    },
    "pinky_01_l": {
      "name": "pinky_01_l",
      "local": {
        "location": {
          "x": 0.0,
          "y": 0.0,
          "z": 0.0
        },
        "rotation_quaternion": {
          "w": 0.9901472926139832,
          "x": -0.13927754759788513,
          "y": -0.0004172414483036846,
          "z": 0.014494435861706734
        },
        "scale": {
          "x": 1.0,
          "y": 1.0,
          "z": 1.0
        },
        "matrix_basis": [
          [
            0.9995794892311096,
            -0.02858702838420868,
            -0.004863759968429804,
            0.0
          ],
          [
            0.028819477185606956,
            0.9607833623886108,
            0.2757984697818756,
            0.0
          ],
          [
            -0.003211237955838442,
            -0.2758226692676544,
            0.9612031579017639,
            0.0
          ],
          [
            0.0,
            0.0,
            0.0,
            1.0
          ]
        ],
        "rotation_mode": "QUATERNION"
      },
      "armature_space": {
        "head": {
          "x": 0.6905016303062439,
          "y": -0.16053147614002228,
          "z": 0.7772899270057678
        },
