{
  "metadata": {
    "armature_name": "KIM_caucasian_male",
    "export_time": "2026-01-13T21:07:32.388369",
    "blender_version": "4.4.1",
    "bone_count": 56,
    "end_bone_count": 13,
    "spaces_included": [
      "LOCAL_CHANNELS",
      "ARMATURE_SPACE",
      "WORLD_SPACE"
    ],
    "note": "LOCAL matches Transform panel; replay pose via local.matrix_basis for best fidelity."
  },
  "bones": {
    "Root": {
      "name": "Root",
      "local": {
        "location": {
          "x": 0.0,
          "y": 0.0,
          "z": 0.0
        },
        "rotation_quaternion": {
          "w": 0.9994381666183472,
          "x": 0.013896805234253407,
          "y": -0.0011031822068616748,
          "z": 0.030480720102787018
        },
        "scale": {
          "x": 1.0,
          "y": 1.0,
          "z": 1.0
        },
        "matrix_basis": [
          [
            0.9981394410133362,
            -0.06095785275101662,
            -0.001357955508865416,
            0.0
          ],
          [
            0.06089652702212334,
            0.9977555871009827,
            -0.027845246717333794,
            0.0
          ],
          [
            0.003052294021472335,
            0.027710743248462677,
            0.9996113181114197,
            0.0
          ],
          [
            0.0,
            0.0,
            0.0,
            1.0
          ]
        ],
        "rotation_mode": "QUATERNION"
      },
      "armature_space": {
        "head": {
          "x": 0.0,
          "y": 0.07072800397872925,
          "z": -0.009595036506652832
        },
        "tail": {
          "x": -0.004350919742137194,
          "y": -0.00010714679956436157,
          "z": -0.0019814753904938698
        }
      },
      "world_space": {
        "head": {
          "x": 0.0,
          "y": 0.13397200405597687,
          "z": 0.9402589797973633
        },
        "tail": {
          "x": -0.004350919742137194,
          "y": 0.06313685327768326,
          "z": 0.947872519493103
        },
        "rotation_quaternion": {
          "w": 0.05346456915140152,
          "x": 0.9981038570404053,
          "y": -0.030485793948173523,
          "z": 0.0009527427610009909
        },
        "matrix": [
          [
            0.9981394410133362,
            -0.06095785275101662,
            -0.001357955508865416,
            0.0
          ],
          [
            -0.06075409799814224,
            -0.9924243092536926,
            -0.10678494721651077,
            0.13397200405597687
          ],
          [
            0.00516169099137187,
            0.10666856169700623,
            -0.9942882657051086,
            0.9402589797973633
          ],
          [
            0.0,
            0.0,
            0.0,
            1.0
          ]
        ]
      },
      "bone_length_armature_space": 0.07137587453276045,
      "parent": null,
      "has_children": true,
      "is_end_bone": false
    },
    "spine_01": {
      "name": "spine_01",
      "local": {
        "location": {
          "x": 0.0,
          "y": 0.0,
          "z": 0.0
        },
        "rotation_quaternion": {
          "w": 0.9964278936386108,
          "x": -0.021664729341864586,
          "y": -0.045521948486566544,
          "z": -0.06774900108575821
        },
        "scale": {
          "x": 1.0,
          "y": 1.0,
          "z": 1.0
        },
        "matrix_basis": [
          [
            0.9866756796836853,
            0.13698643445968628,
            -0.08778315037488937,
            0.0
          ],
          [
            -0.13304154574871063,
            0.9898813962936401,
            0.049342814832925797,
            0.0
          ],
          [
            0.09365420788526535,
            -0.037006549537181854,
            0.9949167966842651,
            0.0
          ],
          [
            0.0,
            0.0,
            0.0,
            1.0
          ]
        ],
        "rotation_mode": "QUATERNION"
      },
      "armature_space": {
        "head": {
          "x": -0.004350919742137194,
          "y": -0.00010714679956436157,
          "z": -0.0019814753904938698
        },
        "tail": {
          "x": 0.06153605505824089,
          "y": 0.023065347224473953,
          "z": 0.48099929094314575
        }
      },
      "world_space": {
        "head": {
          "x": -0.004350919742137194,
          "y": 0.06313685327768326,
          "z": 0.947872519493103
        },
        "tail": {
          "x": 0.06153605505824089,
          "y": 0.08630934357643127,
          "z": 1.4308533668518066
        },
        "rotation_quaternion": {
          "w": 0.7236596941947937,
          "x": 0.6827551126480103,
          "y": -0.007664087228477001,
          "z": -0.1005164235830307
        },
        "matrix": [
          [
            0.9796753525733948,
            0.13501395285129547,
            -0.14834940433502197,
            -0.004350919742137194
          ],
          [
            -0.15594565868377686,
            0.04748449847102165,
            -0.9866237044334412,
            0.06313685327768326
          ],
          [
            -0.12616465985774994,
            0.9897121787071228,
            0.06757377088069916,
            0.947872519493103
          ],
          [
            0.0,
            0.0,
            0.0,
            1.0
          ]
        ]
      },
      "bone_length_armature_space": 0.48800457435197103,
      "parent": "Root",
      "has_children": true,
      "is_end_bone": false
    },
    "neck_01": {
      "name": "neck_01",
      "local": {
        "location": {
          "x": 0.0,
          "y": 0.0,
          "z": 0.0
        },
        "rotation_quaternion": {
          "w": 0.9898883104324341,
          "x": 0.0315183661878109,
          "y": 0.10211260616779327,
          "z": -0.09327851235866547
        },
        "scale": {
          "x": 1.0,
          "y": 1.0,
          "z": 1.0
        },
        "matrix_basis": [
          [
            0.9617442488670349,
            0.19110746681690216,
            0.19628018140792847,
            0.0
          ],
          [
            -0.1782337725162506,
            0.9806114435195923,
            -0.08144915103912354,
            0.0
          ],
          [
            -0.20804011821746826,
            0.0433495007455349,
            0.9771592020988464,
            0.0
          ],
          [
            0.0,
            0.0,
            0.0,
            1.0
          ]
        ],
        "rotation_mode": "QUATERNION"
      },
      "armature_space": {
        "head": {
          "x": 0.06627674400806427,
          "y": -0.0076744575053453445,
          "z": 0.5558080077171326
        },
        "tail": {
          "x": 0.09150915592908859,
          "y": -0.04816269129514694,
          "z": 0.6465535759925842
        }
      },
      "world_space": {
        "head": {
          "x": 0.06627674400806427,
          "y": 0.055569544434547424,
          "z": 1.505661964416504
        },
        "tail": {
          "x": 0.09150915592908859,
          "y": 0.015081308782100677,
          "z": 1.5964076519012451
        },
        "rotation_quaternion": {
          "w": 0.5400646328926086,
          "x": 0.832436203956604,
          "y": 0.1042477935552597,
          "z": -0.06717635691165924
        },
        "matrix": [
          [
            0.9692395329475403,
            0.2461186647415161,
            0.0007621794939041138,
            0.06627674400806427
          ],
          [
            0.10100120306015015,
            -0.39492493867874146,
            -0.9131447076797485,
            0.055569544434547424
          ],
          [
            -0.22444237768650055,
            0.8851385712623596,
            -0.4076387584209442,
            1.505661964416504
          ],
          [
            0.0,
            0.0,
            0.0,
            1.0
          ]
        ]
      },
      "bone_length_armature_space": 0.10252185035612699,
      "parent": "spine_01",
      "has_children": true,
      "is_end_bone": false
    },
    "head": {
      "name": "head",
      "local": {
        "location": {
          "x": 0.0,
          "y": 0.0,
          "z": 0.0
        },
        "rotation_quaternion": {
          "w": 0.9755855798721313,
          "x": 0.04241470247507095,
          "y": -0.05657709389925003,
          "z": 0.20792557299137115
        },
        "scale": {
          "x": 1.0,
          "y": 1.0,
          "z": 1.0
        },
        "matrix_basis": [
          [
            0.9071319699287415,
            -0.410497784614563,
            -0.09275338798761368,
            0.0
          ],
          [
            0.4008989930152893,
            0.9099358916282654,
            -0.10628599673509598,
            0.0
          ],
          [
            0.12802979350090027,
            0.05923069640994072,
            0.9900000691413879,
            0.0
          ],
          [
            0.0,
            0.0,
            0.0,
            1.0
          ]
        ],
        "rotation_mode": "QUATERNION"
      },
      "armature_space": {
        "head": {
          "x": 0.0915091410279274,
          "y": -0.048162803053855896,
          "z": 0.6465534567832947
        },
        "tail": {
          "x": 0.06283296644687653,
          "y": -0.06892361491918564,
          "z": 0.7975500226020813
        }
      },
      "world_space": {
        "head": {
          "x": 0.0915091410279274,
          "y": 0.015081197023391724,
          "z": 1.596407413482666
        },
        "tail": {
          "x": 0.06283296644687653,
          "y": -0.005679614841938019,
          "z": 1.7474040985107422
        },
        "rotation_quaternion": {
          "w": 0.6532703042030334,
          "x": 0.7512738108634949,
          "y": -0.07941268384456635,
          "z": 0.05019247904419899
        },
        "matrix": [
          [
            0.9823487997055054,
            -0.1848999559879303,
            -0.028340451419353485,
            0.0915091410279274
          ],
          [
            -0.05374394357204437,
            -0.13386282324790955,
            -0.9895415902137756,
            0.015081197023391724
          ],
          [
            0.17917369306087494,
            0.9736046195030212,
            -0.14143909513950348,
            1.596407413482666
          ],
          [
            0.0,
            0.0,
            0.0,
            1.0
          ]
        ]
      },
      "bone_length_armature_space": 0.15509125511468208,
      "parent": "neck_01",
      "has_children": false,
      "is_end_bone": true
    },
    "upperarm_l": {
      "name": "upperarm_l",
      "local": {
        "location": {
          "x": 0.0,
          "y": 0.0,
          "z": 0.0
        },
        "rotation_quaternion": {
          "w": 0.6565382480621338,
          "x": 0.2921365201473236,
          "y": 0.3115997910499573,
          "z": 0.6217068433761597
        },
        "scale": {
          "x": 1.0,
          "y": 1.0,
          "z": 1.0
        },
        "matrix_basis": [
          [
            0.03277234360575676,
            -0.6342892646789551,
            0.7724009156227112,
            0.0
          ],
          [
            0.9984080195426941,
            0.05627370998263359,
            0.00384984677657485,
            0.0
          ],
          [
            -0.04590781405568123,
            0.7710450291633606,
            0.6351236701011658,
            0.0
          ],
          [
            0.0,
            0.0,
            0.0,
            1.0
          ]
        ],
        "rotation_mode": "QUATERNION"
      },
      "armature_space": {
        "head": {
          "x": 0.20368096232414246,
          "y": -0.03740410506725311,
          "z": 0.47058242559432983
        },
        "tail": {
          "x": 0.22112663090229034,
          "y": -0.24086350202560425,
          "z": 0.6440987586975098
        }
      },
      "world_space": {
        "head": {
          "x": 0.20368096232414246,
          "y": 0.025839895009994507,
          "z": 1.4204363822937012
        },
        "tail": {
          "x": 0.22112663090229034,
          "y": -0.17761950194835663,
          "z": 1.5939527750015259
        },
        "rotation_quaternion": {
          "w": 0.34693458676338196,
          "x": 0.9325841069221497,
          "y": -0.002145106438547373,
          "z": -0.09959255158901215
        },
        "matrix": [
          [
            0.9801536202430725,
            0.06510322540998459,
            -0.18724501132965088,
            0.20368096232414246
          ],
          [
            -0.07310505211353302,
            -0.7592634558677673,
            -0.6466645002365112,
            0.025839895009994507
          ],
          [
            -0.18426959216594696,
            0.6475228071212769,
            -0.7394410371780396,
            1.4204363822937012
          ],
          [
            0.0,
            0.0,
            0.0,
            1.0
          ]
        ]
      },
      "bone_length_armature_space": 0.2679701404376456,
      "parent": "spine_01",
      "has_children": true,
      "is_end_bone": false
    },
    "lowerarm_l": {
      "name": "lowerarm_l",
      "local": {
        "location": {
          "x": 0.0,
          "y": 0.0,
          "z": 0.0
        },
        "rotation_quaternion": {
          "w": 0.909714937210083,
          "x": 0.2811681032180786,
          "y": 0.1879301369190216,
          "z": -0.24092654883861542
        },
        "scale": {
          "x": 1.0,
          "y": 1.0,
          "z": 1.0
        },
        "matrix_basis": [
          [
            0.8132733106613159,
            0.5440288782119751,
            0.20644398033618927,
            0.0
          ],
          [
            -0.33266904950141907,
            0.7257977724075317,
            -0.6021203398704529,
            0.0
          ],
          [
            -0.47740742564201355,
            0.42101094126701355,
            0.7712535262107849,
            0.0
          ],
          [
            0.0,
            0.0,
            0.0,
            1.0
          ]
        ],
        "rotation_mode": "QUATERNION"
      },
      "armature_space": {
        "head": {
          "x": 0.2211265116930008,
          "y": -0.24086357653141022,
          "z": 0.6440987586975098
        },
        "tail": {
          "x": 0.3167874217033386,
          "y": -0.4902811646461487,
          "z": 0.6296344995498657
        }
      },
      "world_space": {
        "head": {
          "x": 0.2211265116930008,
          "y": -0.1776195764541626,
          "z": 1.5939527750015259
        },
        "tail": {
          "x": 0.3167874217033386,
          "y": -0.42703717947006226,
          "z": 1.5794885158538818
        },
        "rotation_quaternion": {
          "w": 0.02457287721335888,
          "x": -0.982806384563446,
          "y": -0.18231219053268433,
          "z": 0.015811780467629433
        },
        "matrix": [
          [
            0.9330246448516846,
            0.3575780987739563,
            -0.04003983736038208,
            0.2211265116930008
          ],
          [
            0.3591322600841522,
            -0.9323168992996216,
            0.04253479838371277,
            -0.1776195764541626
          ],
          [
            -0.022120118141174316,
            -0.054067015647888184,
            -0.9982993602752686,
            1.5939527750015259
          ],
          [
            0.0,
            0.0,
            0.0,
            1.0
          ]
        ]
      },
      "bone_length_armature_space": 0.2675244992390023,
      "parent": "upperarm_l",
      "has_children": true,
      "is_end_bone": false
    },
    "metacarpal_thumb_l": {
      "name": "metacarpal_thumb_l",
      "local": {
        "location": {
          "x": 0.0,
          "y": 0.0,
          "z": 0.0
        },
        "rotation_quaternion": {
          "w": 0.9991159439086914,
          "x": -0.03896753862500191,
          "y": 0.013177679851651192,
          "z": 0.008682342246174812
        },
        "scale": {
          "x": 1.0,
          "y": 1.0,
          "z": 1.0
        },
        "matrix_basis": [
          [
            0.9995019435882568,
            -0.018376337364315987,
            0.02565540187060833,
            0.0
          ],
          [
            0.01632232964038849,
            0.9968122839927673,
            0.07809500396251678,
            0.0
          ],
          [
            -0.027008719742298126,
            -0.07763735204935074,
            0.9966157674789429,
            0.0
          ],
          [
            0.0,
            0.0,
            0.0,
            1.0
          ]
        ],
        "rotation_mode": "QUATERNION"
      },
      "armature_space": {
        "head": {
          "x": 0.3167874217033386,
          "y": -0.4902811646461487,
          "z": 0.6296344995498657
        },
        "tail": {
          "x": 0.3343956172466278,
          "y": -0.5236016511917114,
          "z": 0.5974895358085632
        }
      },
      "world_space": {
        "head": {
          "x": 0.3167874217033386,
          "y": -0.42703717947006226,
          "z": 1.5794885158538818
        },
        "tail": {
          "x": 0.3343956172466278,
          "y": -0.460357666015625,
          "z": 1.5473434925079346
        },
        "rotation_quaternion": {
          "w": 0.3964630961418152,
          "x": -0.6986559629440308,
          "y": 0.08046382665634155,
          "z": -0.5901039242744446
        },
        "matrix": [
          [
            0.290605753660202,
            0.35547950863838196,
            0.8883596062660217,
            0.3167874217033386
          ],
          [
            -0.5803416967391968,
            -0.6726832389831543,
            0.45902132987976074,
            -0.42703717947006226
          ],
          [
            0.7607621550559998,
            -0.6489514708518982,
            0.010814441367983818,
            1.5794885158538818
          ],
          [
            0.0,
            0.0,
            0.0,
            1.0
          ]
        ]
      },
      "bone_length_armature_space": 0.04953384707880139,
      "parent": "lowerarm_l",
      "has_children": true,
      "is_end_bone": false
    },
    "thumb_01_l": {
      "name": "thumb_01_l",
      "local": {
        "location": {
          "x": 0.0,
          "y": 0.0,
          "z": 0.0
        },
        "rotation_quaternion": {
          "w": 0.9761629104614258,
          "x": 0.2162463366985321,
          "y": 0.015625091269612312,
          "z": -0.009976141154766083
        },
        "scale": {
          "x": 1.0,
          "y": 1.0,
          "z": 1.0
        },
        "matrix_basis": [
          [
            0.9993126392364502,
            0.026234416291117668,
            0.026190660893917084,
            0.0
          ],
          [
            -0.012718940153717995,
            0.9062759876251221,
            -0.4224950671195984,
            0.0
          ],
          [
            -0.03481987863779068,
            0.421871542930603,
            0.9059867858886719,
            0.0
          ],
          [
            0.0,
            0.0,
            0.0,
            1.0
          ]
        ],
        "rotation_mode": "QUATERNION"
      },
      "armature_space": {
        "head": {
          "x": 0.3343956172466278,
          "y": -0.5236016511917114,
          "z": 0.5974895358085632
        },
        "tail": {
          "x": 0.36626043915748596,
          "y": -0.5338566303253174,
          "z": 0.5913174748420715
        }
      },
      "world_space": {
        "head": {
          "x": 0.3343956172466278,
          "y": -0.460357666015625,
          "z": 1.5473434925079346
        },
        "tail": {
          "x": 0.36626043915748596,
          "y": -0.47061264514923096,
          "z": 1.5411715507507324
        },
        "rotation_quaternion": {
          "w": 0.5446870923042297,
          "x": 0.16615211963653564,
          "y": 0.22951531410217285,
          "z": -0.7893239259719849
        },
        "matrix": [
          [
            -0.35141855478286743,
            0.9361383318901062,
            -0.012265413999557495,
            0.3343956172466278
          ],
          [
            -0.7836009860038757,
            -0.30127590894699097,
            -0.5433250665664673,
            -0.460357666015625
          ],
          [
            -0.512326717376709,
            -0.18132486939430237,
            0.8394383192062378,
            1.5473434925079346
          ],
          [
            0.0,
            0.0,
            0.0,
            1.0
          ]
        ]
      },
      "bone_length_armature_space": 0.03403859286511547,
      "parent": "metacarpal_thumb_l",
      "has_children": true,
      "is_end_bone": false
    },
    "thumb_02_l": {
      "name": "thumb_02_l",
      "local": {
        "location": {
          "x": 0.0,
          "y": 0.0,
          "z": 0.0
        },
        "rotation_quaternion": {
          "w": 0.9451238512992859,
          "x": 0.3266292214393616,
          "y": 0.0026097421068698168,
          "z": 0.006903141271322966
        },
        "scale": {
          "x": 1.0,
          "y": 1.0,
          "z": 1.0
        },
        "matrix_basis": [
          [
            0.9998910427093506,
            -0.011343810707330704,
            0.009442593902349472,
            0.0
          ],
          [
            0.014753483235836029,
            0.786531388759613,
            -0.6173741221427917,
            0.0
          ],
          [
            -0.00042352371383458376,
            0.6174461841583252,
            0.7866131067276001,
            0.0
          ],
          [
            0.0,
            0.0,
            0.0,
            1.0
          ]
        ],
        "rotation_mode": "QUATERNION"
      },
      "armature_space": {
        "head": {
          "x": 0.36626043915748596,
          "y": -0.5338566303253174,
          "z": 0.5913174748420715
        },
        "tail": {
          "x": 0.35104283690452576,
          "y": -0.5688487887382507,
          "z": 0.6038535833358765
        }
      },
      "world_space": {
        "head": {
          "x": 0.36626043915748596,
          "y": -0.47061264514923096,
          "z": 1.5411715507507324
        },
        "tail": {
          "x": 0.35104283690452576,
          "y": -0.5056048035621643,
          "z": 1.5537075996398926
        },
        "rotation_quaternion": {
          "w": 0.062427014112472534,
          "x": -0.5723200440406799,
          "y": 0.2459501028060913,
          "z": 0.7797828316688538
        },
        "matrix": [
          [
            -0.33710595965385437,
            -0.3788824677467346,
            -0.8618631362915039,
            0.36626043915748596
          ],
          [
            -0.18416526913642883,
            -0.8712232708930969,
            0.45503079891204834,
            -0.47061264514923096
          ],
          [
            -0.9232849478721619,
            0.3121204972267151,
            0.22391951084136963,
            1.5411715507507324
          ],
          [
            0.0,
            0.0,
            0.0,
            1.0
          ]
        ]
      },
      "bone_length_armature_space": 0.040164419086120326,
      "parent": "thumb_01_l",
      "has_children": true,
      "is_end_bone": false
    },
    "thumb_03_l": {
      "name": "thumb_03_l",
      "local": {
        "location": {
          "x": 0.0,
          "y": 0.0,
          "z": 0.0
        },
        "rotation_quaternion": {
          "w": 0.9758263230323792,
          "x": 0.21854564547538757,
          "y": -0.0007396977161988616,
          "z": 0.0006165749509818852
        },
        "scale": {
          "x": 1.0,
          "y": 1.0,
          "z": 1.0
        },
        "matrix_basis": [
          [
            0.999998152256012,
            -0.0015266555128619075,
            -0.0011741335038095713,
            0.0
          ],
          [
            0.0008800246869213879,
            0.9044748544692993,
            -0.42652609944343567,
            0.0
          ],
          [
            0.0017131326021626592,
            0.42652428150177,
            0.9044744968414307,
            0.0
          ],
          [
            0.0,
            0.0,
            0.0,
            1.0
          ]
        ],
        "rotation_mode": "QUATERNION"
      },
      "armature_space": {
        "head": {
          "x": 0.35104289650917053,
          "y": -0.5688487887382507,
          "z": 0.6038535237312317
        },
        "tail": {
          "x": 0.32537323236465454,
          "y": -0.5808050036430359,
          "z": 0.6150343418121338
        }
      },
      "world_space": {
        "head": {
          "x": 0.35104289650917053,
          "y": -0.5056048035621643,
          "z": 1.5537075996398926
        },
        "tail": {
          "x": 0.32537323236465454,
          "y": -0.5175610184669495,
          "z": 1.56488835811615
        },
        "rotation_quaternion": {
          "w": 0.14598201215267181,
          "x": -0.6494426727294922,
          "y": 0.5313464403152466,
          "z": 0.52400803565979
        },
        "matrix": [
          [
            -0.11382872611284256,
            -0.8431516289710999,
            -0.5254892110824585,
            0.35104289650917053
          ],
          [
            -0.5371664762496948,
            -0.3927169144153595,
            0.7464754581451416,
            -0.5056048035621643
          ],
          [
            -0.8357664942741394,
            0.36724787950515747,
            -0.4082126021385193,
            1.5537075996398926
          ],
          [
            0.0,
            0.0,
            0.0,
            1.0
          ]
        ]
      },
      "bone_length_armature_space": 0.030444924655535787,
      "parent": "thumb_02_l",
      "has_children": false,
      "is_end_bone": true
    },
    "metacarpal_index_l": {
      "name": "metacarpal_index_l",
      "local": {
        "location": {
          "x": 0.0,
          "y": 0.0,
          "z": 0.0
        },
        "rotation_quaternion": {
          "w": 0.9998161196708679,
          "x": -0.011040751822292805,
          "y": 0.004884322639554739,
          "z": -0.014897962100803852
        },
        "scale": {
          "x": 1.0,
          "y": 1.0,
          "z": 1.0
        },
        "matrix_basis": [
          [
            0.9995083808898926,
            0.029682591557502747,
            0.010095817968249321,
            0.0
          ],
          [
            -0.029898298904299736,
            0.9993122816085815,
            0.021931910887360573,
            0.0
          ],
          [
            -0.009437879547476768,
            -0.02222297526896,
            0.9997084736824036,
            0.0
          ],
          [
            0.0,
            0.0,
            0.0,
            1.0
          ]
        ],
        "rotation_mode": "QUATERNION"
      },
      "armature_space": {
        "head": {
          "x": 0.3167874217033386,
          "y": -0.4902811646461487,
          "z": 0.6296344995498657
        },
        "tail": {
          "x": 0.36125802993774414,
          "y": -0.5918962359428406,
          "z": 0.5918722748756409
        }
      },
      "world_space": {
        "head": {
          "x": 0.3167874217033386,
          "y": -0.42703717947006226,
          "z": 1.5794885158538818
        },
        "tail": {
          "x": 0.36125802993774414,
          "y": -0.5286522507667542,
          "z": 1.5417263507843018
        },
        "rotation_quaternion": {
          "w": 0.23465844988822937,
          "x": -0.8737424612045288,
          "y": -0.10639379918575287,
          "z": -0.4125407338142395
        },
        "matrix": [
          [
            0.6369816064834595,
            0.37953346967697144,
            0.6709762215614319,
            0.3167874217033386
          ],
          [
            -0.007689909543842077,
            -0.8672320246696472,
            0.49784478545188904,
            -0.42703717947006226
          ],
          [
            0.7708461284637451,
            -0.3222809135913849,
            -0.5494956374168396,
            1.5794885158538818
          ],
          [
            0.0,
            0.0,
            0.0,
            1.0
          ]
        ]
      },
      "bone_length_armature_space": 0.11717185422642426,
      "parent": "lowerarm_l",
      "has_children": true,
      "is_end_bone": false
    },
    "index_01_l": {
      "name": "index_01_l",
      "local": {
        "location": {
          "x": 0.0,
          "y": 0.0,
          "z": 0.0
        },
        "rotation_quaternion": {
          "w": 0.9724389314651489,
          "x": 0.23269812762737274,
          "y": 0.01175564806908369,
          "z": 0.008722071535885334
        },
        "scale": {
          "x": 1.0,
          "y": 1.0,
          "z": 1.0
        },
        "matrix_basis": [
          [
            0.9995714426040649,
            -0.011492329649627209,
            0.026922518387436867,
            0.0
          ],
          [
            0.022434398531913757,
            0.8915510177612305,
            -0.45236435532569885,
            0.0
          ],
          [
            -0.01880408078432083,
            0.4527744948863983,
            0.8914268016815186,
            0.0
          ],
          [
            0.0,
            0.0,
            0.0,
            1.0
          ]
        ],
        "rotation_mode": "QUATERNION"
      },
      "armature_space": {
        "head": {
          "x": 0.36125802993774414,
          "y": -0.5918962359428406,
          "z": 0.5918722748756409
        },
        "tail": {
          "x": 0.38301724195480347,
          "y": -0.609227180480957,
          "z": 0.5856077075004578
        }
      },
      "world_space": {
        "head": {
          "x": 0.36125802993774414,
          "y": -0.5286522507667542,
          "z": 1.5417263507843018
        },
        "tail": {
          "x": 0.38301724195480347,
          "y": -0.5459831953048706,
          "z": 1.535461664199829
        },
        "rotation_quaternion": {
          "w": 0.30412065982818604,
          "x": -0.7966442704200745,
          "y": -0.32188844680786133,
          "z": -0.41140761971473694
        },
        "matrix": [
          [
            0.45426318049430847,
            0.763096809387207,
            0.45970481634140015,
            0.36125802993774414
          ],
          [
            0.26262760162353516,
            -0.6077966094017029,
            0.7494063973426819,
            -0.5286522507667542
          ],
          [
            0.8512828946113586,
            -0.21969880163669586,
            -0.4765125513076782,
            1.5417263507843018
          ],
          [
            0.0,
            0.0,
            0.0,
            1.0
          ]
        ]
      },
      "bone_length_armature_space": 0.02851437762815374,
      "parent": "metacarpal_index_l",
      "has_children": true,
      "is_end_bone": false
    },
    "index_02_l": {
      "name": "index_02_l",
      "local": {
        "location": {
          "x": 0.0,
          "y": 0.0,
          "z": 0.0
        },
        "rotation_quaternion": {
          "w": 0.923140287399292,
          "x": 0.3844090402126312,
          "y": 0.0064203618094325066,
          "z": -0.0007355014677159488
        },
        "scale": {
          "x": 1.0,
          "y": 1.0,
          "z": 1.0
        },
        "matrix_basis": [
          [
            0.9999164938926697,
            0.006294032093137503,
            0.011288322508335114,
            0.0
          ],
          [
            0.0035781480837613344,
            0.7044582962989807,
            -0.7097364068031311,
            0.0
          ],
          [
            -0.012419256381690502,
            0.7097175121307373,
            0.7043769359588623,
            0.0
          ],
          [
            0.0,
            0.0,
            0.0,
            1.0
          ]
        ],
        "rotation_mode": "QUATERNION"
      },
      "armature_space": {
        "head": {
          "x": 0.3830175995826721,
          "y": -0.6092272400856018,
          "z": 0.5856072306632996
        },
        "tail": {
          "x": 0.40515315532684326,
          "y": -0.6075746417045593,
          "z": 0.5727472901344299
        }
      },
      "world_space": {
        "head": {
          "x": 0.3830175995826721,
          "y": -0.5459832549095154,
          "z": 1.535461187362671
        },
        "tail": {
          "x": 0.40515315532684326,
          "y": -0.5443306565284729,
          "z": 1.5226013660430908
        },
        "rotation_quaternion": {
          "w": 0.5652874112129211,
          "x": -0.6400591731071472,
          "y": -0.46115100383758545,
          "z": -0.24106884002685547
        },
        "matrix": [
          [
            0.4584499001502991,
            0.8628746867179871,
            -0.21277010440826416,
            0.3830175995826721
          ],
          [
            0.31778499484062195,
            0.06441989541053772,
            0.9459719061851501,
            -0.5459832549095154
          ],
          [
            0.8299679756164551,
            -0.5012994408607483,
            -0.2446761429309845,
            1.535461187362671
          ],
          [
            0.0,
            0.0,
            0.0,
            1.0
          ]
        ]
      },
      "bone_length_armature_space": 0.02565330348377429,
      "parent": "index_01_l",
      "has_children": true,
      "is_end_bone": false
    },
    "index_03_l": {
      "name": "index_03_l",
      "local": {
        "location": {
          "x": 0.0,
          "y": 0.0,
          "z": 0.0
        },
        "rotation_quaternion": {
          "w": 0.9687575101852417,
          "x": 0.2478996217250824,
          "y": 0.005679625552147627,
          "z": 0.00475093349814415
        },
        "scale": {
          "x": 1.0,
          "y": 1.0,
          "z": 1.0
        },
        "matrix_basis": [
          [
            0.9998903274536133,
            -0.006389050744473934,
            0.01335986889898777,
            0.0
          ],
          [
            0.01202095951884985,
            0.8770464062690735,
            -0.48025527596473694,
            0.0
          ],
          [
            -0.008648850955069065,
            0.48036321997642517,
            0.8770270347595215,
            0.0
          ],
          [
            0.0,
            0.0,
            0.0,
            1.0
          ]
        ],
        "rotation_mode": "QUATERNION"
      },
      "armature_space": {
        "head": {
          "x": 0.40515315532684326,
          "y": -0.6075747609138489,
          "z": 0.5727472901344299
        },
        "tail": {
          "x": 0.42392247915267944,
          "y": -0.5897063612937927,
          "z": 0.5592504143714905
        }
      },
      "world_space": {
        "head": {
          "x": 0.40515315532684326,
          "y": -0.5443307757377625,
          "z": 1.5226013660430908
        },
        "tail": {
          "x": 0.42392247915267944,
          "y": -0.5264623761177063,
          "z": 1.5091044902801514
        },
        "rotation_quaternion": {
          "w": 0.7288907766342163,
          "x": -0.4177635610103607,
          "y": -0.5239160656929016,
          "z": -0.1403702199459076
        },
        "matrix": [
          [
            0.4116172194480896,
            0.6423742771148682,
            -0.6464724540710449,
            0.40515315532684326
          ],
          [
            0.23311598598957062,
            0.6115409135818481,
            0.7560917735099792,
            -0.5443307757377625
          ],
          [
            0.8810446858406067,
            -0.46192628145217896,
            0.10197456181049347,
            1.5226013660430908
          ],
          [
            0.0,
            0.0,
            0.0,
            1.0
          ]
        ]
      },
      "bone_length_armature_space": 0.02921870775916175,
      "parent": "index_02_l",
      "has_children": false,
      "is_end_bone": true
    },
    "metacarpal_pinky_l": {
      "name": "metacarpal_pinky_l",
      "local": {
        "location": {
          "x": 0.0,
          "y": 0.0,
          "z": 0.0
        },
        "rotation_quaternion": {
          "w": 0.9997183680534363,
          "x": 0.00728559959679842,
          "y": -0.011083533056080341,
          "z": 0.019680459052324295
        },
        "scale": {
          "x": 1.0,
          "y": 1.0,
          "z": 1.0
        },
        "matrix_basis": [
          [
            0.9989796876907349,
            -0.03951133415102959,
            -0.02187405526638031,
            0.0
          ],
          [
            0.03918833285570145,
            0.999119222164154,
            -0.015003353357315063,
            0.0
          ],
          [
            0.02244759164750576,
            0.01413083728402853,
            0.9996481537818909,
            0.0
          ],
          [
            0.0,
            0.0,
            0.0,
            1.0
          ]
        ],
        "rotation_mode": "QUATERNION"
      },
      "armature_space": {
        "head": {
          "x": 0.3167874217033386,
          "y": -0.4902811646461487,
          "z": 0.6296344995498657
        },
        "tail": {
          "x": 0.3514150381088257,
          "y": -0.583892822265625,
          "z": 0.6593162417411804
        }
      },
      "world_space": {
        "head": {
          "x": 0.3167874217033386,
          "y": -0.42703717947006226,
          "z": 1.5794885158538818
        },
        "tail": {
          "x": 0.3514150381088257,
          "y": -0.5206488370895386,
          "z": 1.6091701984405518
        },
        "rotation_quaternion": {
          "w": 0.21938705444335938,
          "x": 0.7795870304107666,
          "y": 0.048770494759082794,
          "z": -0.5845808982849121
        },
        "matrix": [
          [
            0.3117735683917999,
            0.332539826631546,
            -0.8900644779205322,
            0.3167874217033386
          ],
          [
            -0.1804574579000473,
            -0.8989817500114441,
            -0.3990825414657593,
            -0.42703717947006226
          ],
          [
            -0.9328692555427551,
            0.2850431501865387,
            -0.22027145326137543,
            1.5794885158538818
          ],
          [
            0.0,
            0.0,
            0.0,
            1.0
          ]
        ]
      },
      "bone_length_armature_space": 0.10413078535140469,
      "parent": "lowerarm_l",
      "has_children": true,
      "is_end_bone": false
    },
    "pinky_01_l": {
      "name": "pinky_01_l",
      "local": {
        "location": {
          "x": 0.0,
          "y": 0.0,
          "z": 0.0
        },
        "rotation_quaternion": {
          "w": 0.936723530292511,
          "x": 0.34938669204711914,
          "y": -0.006375227123498917,
          "z": -0.020913004875183105
        },
        "scale": {
          "x": 1.0,
          "y": 1.0,
          "z": 1.0
        },
        "matrix_basis": [
          [
            0.9990440011024475,
            0.03472456708550453,
            -0.02655710093677044,
            0.0
          ],
          [
            -0.04363424703478813,
            0.7549831867218018,
            -0.6542907953262329,
            0.0
          ],
          [
            -0.0026698007714003325,
            0.6548241376876831,
            0.755776584148407,
            0.0
          ],
          [
            0.0,
            0.0,
            0.0,
            1.0
          ]
        ],
        "rotation_mode": "QUATERNION"
      },
      "armature_space": {
        "head": {
          "x": 0.3514150381088257,
          "y": -0.583892822265625,
          "z": 0.6593162417411804
        },
        "tail": {
