{
  "metadata": {
    "armature_name": "KIM_caucasian_male",
    "export_time": "2026-01-13T21:02:16.325995",
    "blender_version": "4.4.1",
    "bone_count": 56,
    "end_bone_count": 13,
    "spaces_included": [
      "LOCAL_CHANNELS",
      "ARMATURE_SPACE",
      "WORLD_SPACE"
    ],
    "note": "LOCAL matches Transform panel; replay pose via local.matrix_basis for best fidelity."
  },
  "bones": {
    "Root": {
      "name": "Root",
      "local": {
        "location": {
          "x": 0.0,
          "y": 0.0,
          "z": 0.0
        },
        "rotation_quaternion": {
          "w": 0.9995318651199341,
          "x": -0.016112228855490685,
          "y": -0.0014272273983806372,
          "z": -0.02597304992377758
        },
        "scale": {
          "x": 1.0,
          "y": 1.0,
          "z": 1.0
        },
        "matrix_basis": [
          [
            0.9986467361450195,
            0.05196777358651161,
            -0.0020161510910838842,
            0.0
          ],
          [
            -0.05187578871846199,
            0.9981315732002258,
            0.03228351101279259,
            0.0
          ],
          [
            0.0036900860723108053,
            -0.03213523328304291,
            0.9994767308235168,
            0.0
          ],
          [
            0.0,
            0.0,
            0.0,
            1.0
          ]
        ],
        "rotation_mode": "QUATERNION"
      },
      "armature_space": {
        "head": {
          "x": 0.0,
          "y": 0.07072800397872925,
          "z": -0.009595036506652832
        },
        "tail": {
          "x": 0.0037092450074851513,
          "y": 0.00044048577547073364,
          "z": 0.0022549498826265335
        }
      },
      "world_space": {
        "head": {
          "x": 0.0,
          "y": 0.13397200405597687,
          "z": 0.9402589797973633
        },
        "tail": {
          "x": 0.0037092450074851513,
          "y": 0.06368448585271835,
          "z": 0.9521089792251587
        },
        "rotation_quaternion": {
          "w": 0.08341175317764282,
          "x": 0.9961757063865662,
          "y": 0.025817900896072388,
          "z": -0.0031737389508634806
        },
        "matrix": [
          [
            0.9986467361450195,
            0.05196777358651161,
            -0.0020161510910838842,
            0.0
          ],
          [
            0.05090886354446411,
            -0.98475182056427,
            -0.16634982824325562,
            0.13397200405597687
          ],
          [
            -0.01063026487827301,
            0.16602230072021484,
            -0.9860718250274658,
            0.9402589797973633
          ],
          [
            0.0,
            0.0,
            0.0,
            1.0
          ]
        ]
      },
      "bone_length_armature_space": 0.07137587726598946,
      "parent": null,
      "has_children": true,
      "is_end_bone": false
    },
    "spine_01": {
      "name": "spine_01",
      "local": {
        "location": {
          "x": 0.0,
          "y": 0.0,
          "z": 0.0
        },
        "rotation_quaternion": {
          "w": 0.9959614872932434,
          "x": 0.0295680221170187,
          "y": 0.04736461862921715,
          "z": -0.07030706852674484
        },
        "scale": {
          "x": 1.0,
          "y": 1.0,
          "z": 1.0
        },
        "matrix_basis": [
          [
            0.9856269955635071,
            0.1428472250699997,
            0.09018898755311966,
            0.0
          ],
          [
            -0.137245312333107,
            0.9883652925491333,
            -0.06555736064910889,
            0.0
          ],
          [
            -0.09850435703992844,
            0.05223708599805832,
            0.9937646389007568,
            0.0
          ],
          [
            0.0,
            0.0,
            0.0,
            1.0
          ]
        ],
        "rotation_mode": "QUATERNION"
      },
      "armature_space": {
        "head": {
          "x": 0.0037092450074851513,
          "y": 0.00044048577547073364,
          "z": 0.0022549498826265335
        },
        "tail": {
          "x": 0.07781325280666351,
          "y": 0.016751427203416824,
          "z": 0.48432451486587524
        }
      },
      "world_space": {
        "head": {
          "x": 0.0037092450074851513,
          "y": 0.06368448585271835,
          "z": 0.9521089792251587
        },
        "tail": {
          "x": 0.07781325280666351,
          "y": 0.07999542355537415,
          "z": 1.4341785907745361
        },
        "rotation_quaternion": {
          "w": 0.7112605571746826,
          "x": 0.6951708793640137,
          "y": 0.1040194183588028,
          "z": -0.00508222496137023
        },
        "matrix": [
          [
            0.978308379650116,
            0.1518521010875702,
            0.14090284705162048,
            0.0037092450074851513
          ],
          [
            0.13739192485809326,
            0.033423975110054016,
            -0.989952802658081,
            0.06368448585271835
          ],
          [
            -0.15503689646720886,
            0.9878449440002441,
            0.011834882199764252,
            0.9521089792251587
          ],
          [
            0.0,
            0.0,
            0.0,
            1.0
          ]
        ]
      },
      "bone_length_armature_space": 0.4880046214365154,
      "parent": "Root",
      "has_children": true,
      "is_end_bone": false
    },
    "neck_01": {
      "name": "neck_01",
      "local": {
        "location": {
          "x": 0.0,
          "y": 0.0,
          "z": 0.0
        },
        "rotation_quaternion": {
          "w": 0.9947925209999084,
          "x": 0.001123985042795539,
          "y": 0.04075630009174347,
          "z": -0.09341035783290863
        },
        "scale": {
          "x": 1.0,
          "y": 1.0,
          "z": 1.0
        },
        "matrix_basis": [
          [
            0.9792268872261047,
            0.1859394758939743,
            0.08087813854217529,
            0.0
          ],
          [
            -0.18575623631477356,
            0.9825465083122253,
            -0.009850384667515755,
            0.0
          ],
          [
            -0.0812981054186821,
            -0.005377857480198145,
            0.9966753125190735,
            0.0
          ],
          [
            0.0,
            0.0,
            0.0,
            1.0
          ]
        ],
        "rotation_mode": "QUATERNION"
      },
      "armature_space": {
        "head": {
          "x": 0.09381820261478424,
          "y": -0.015133321285247803,
          "z": 0.5570634603500366
        },
        "tail": {
          "x": 0.13197238743305206,
          "y": -0.0468023419380188,
          "z": 0.6467967629432678
        }
      },
      "world_space": {
        "head": {
          "x": 0.09381820261478424,
          "y": 0.04811067879199982,
          "z": 1.5069174766540527
        },
        "tail": {
          "x": 0.13197238743305206,
          "y": 0.01644165813922882,
          "z": 1.5966508388519287
        },
        "rotation_quaternion": {
          "w": 0.5529276728630066,
          "x": 0.8077273964881897,
          "y": 0.19954901933670044,
          "z": -0.045029062777757645
        },
        "matrix": [
          [
            0.9163047671318054,
            0.3721584379673004,
            0.14793162047863007,
            0.09381820261478424
          ],
          [
            0.2725684642791748,
            -0.30890175700187683,
            -0.9112006425857544,
            0.04811067879199982
          ],
          [
            -0.29341641068458557,
            0.875264585018158,
            -0.3844902813434601,
            1.5069174766540527
          ],
          [
            0.0,
            0.0,
            0.0,
            1.0
          ]
        ]
      },
      "bone_length_armature_space": 0.10252187391810565,
      "parent": "spine_01",
      "has_children": true,
      "is_end_bone": false
    },
    "head": {
      "name": "head",
      "local": {
        "location": {
          "x": 0.0,
          "y": 0.0,
          "z": 0.0
        },
        "rotation_quaternion": {
          "w": 0.9727269411087036,
          "x": -0.10029053688049316,
          "y": -0.07370582967996597,
          "z": 0.19573377072811127
        },
        "scale": {
          "x": 1.0,
          "y": 1.0,
          "z": 1.0
        },
        "matrix_basis": [
          [
            0.9125114679336548,
            -0.3660070300102234,
            -0.18265178799629211,
            0.0
          ],
          [
            0.39557501673698425,
            0.9032601714134216,
            0.16625717282295227,
            0.0
          ],
          [
            0.1041308045387268,
            -0.22396405041217804,
            0.9690185189247131,
            0.0
          ],
          [
            0.0,
            0.0,
            0.0,
            1.0
          ]
        ],
        "rotation_mode": "QUATERNION"
      },
      "armature_space": {
        "head": {
          "x": 0.13197237253189087,
          "y": -0.04680246114730835,
          "z": 0.6467966437339783
        },
        "tail": {
          "x": 0.11157071590423584,
          "y": -0.02292073704302311,
          "z": 0.7986740469932556
        }
      },
      "world_space": {
        "head": {
          "x": 0.13197237253189087,
          "y": 0.01644153892993927,
          "z": 1.5966506004333496
        },
        "tail": {
          "x": 0.11157071590423584,
          "y": 0.04032326489686966,
          "z": 1.748528003692627
        },
        "rotation_quaternion": {
          "w": 0.7595069408416748,
          "x": 0.6431614756584167,
          "y": 0.01192440651357174,
          "z": 0.09669800847768784
        },
        "matrix": [
          [
            0.981014609336853,
            -0.13154704868793488,
            0.14249899983406067,
            0.13197237253189087
          ],
          [
            0.16222508251667023,
            0.15398602187633514,
            -0.9746649265289307,
            0.01644153892993927
          ],
          [
            0.10627232491970062,
            0.9792842864990234,
            0.17240306735038757,
            1.5966506004333496
          ],
          [
            0.0,
            0.0,
            0.0,
            1.0
          ]
        ]
      },
      "bone_length_armature_space": 0.15509129705582972,
      "parent": "neck_01",
      "has_children": false,
      "is_end_bone": true
    },
    "upperarm_l": {
      "name": "upperarm_l",
      "local": {
        "location": {
          "x": 0.0,
          "y": 0.0,
          "z": 0.0
        },
        "rotation_quaternion": {
          "w": 0.7333149313926697,
          "x": -0.3080410063266754,
          "y": 0.5313485264778137,
          "z": -0.29159682989120483
        },
        "scale": {
          "x": 1.0,
          "y": 1.0,
          "z": 1.0
        },
        "matrix_basis": [
          [
            0.2652800679206848,
            0.10031034797430038,
            0.9589391946792603,
            0.0
          ],
          [
            -0.7550188899040222,
            0.6401640772819519,
            0.14190304279327393,
            0.0
          ],
          [
            -0.5996440649032593,
            -0.7616612315177917,
            0.245558962225914,
            0.0
          ],
          [
            0.0,
            0.0,
            0.0,
            1.0
          ]
        ],
        "rotation_mode": "QUATERNION"
      },
      "armature_space": {
        "head": {
          "x": 0.23080818355083466,
          "y": 7.203221321105957e-05,
          "z": 0.46745479106903076
        },
        "tail": {
          "x": 0.3565056025981903,
          "y": 0.23071900010108948,
          "z": 0.4144473373889923
        }
      },
      "world_space": {
        "head": {
          "x": 0.23080818355083466,
          "y": 0.06331603229045868,
          "z": 1.4173088073730469
        },
        "tail": {
          "x": 0.3565056025981903,
          "y": 0.2939630150794983,
          "z": 1.364301323890686
        },
        "rotation_quaternion": {
          "w": 0.03276221454143524,
          "x": 0.23953303694725037,
          "y": 0.9639954566955566,
          "z": -0.11074000597000122
        },
        "matrix": [
          [
            -0.8831011652946472,
            0.46907371282577515,
            0.010113216936588287,
            0.23080818355083466
          ],
          [
            0.45456141233444214,
            0.8607211709022522,
            -0.22920143604278564,
            0.06331603229045868
          ],
          [
            -0.11621734499931335,
            -0.19781160354614258,
            -0.9733335375785828,
            1.4173088073730469
          ],
          [
            0.0,
            0.0,
            0.0,
            1.0
          ]
        ]
      },
      "bone_length_armature_space": 0.2679695052401796,
      "parent": "spine_01",
      "has_children": true,
      "is_end_bone": false
    },
    "lowerarm_l": {
      "name": "lowerarm_l",
      "local": {
        "location": {
          "x": 0.0,
          "y": 0.0,
          "z": 0.0
        },
        "rotation_quaternion": {
          "w": 0.9909551739692688,
          "x": 0.11806018650531769,
          "y": 0.028048982843756676,
          "z": 0.0572982020676136
        },
        "scale": {
          "x": 1.0,
          "y": 1.0,
          "z": 1.0
        },
        "matrix_basis": [
          [
            0.9918603301048279,
            -0.10693696141242981,
            0.06911984086036682,
            0.0
          ],
          [
            0.1201828345656395,
            0.9655573964118958,
            -0.23077039420604706,
            0.0
          ],
          [
            -0.04206129536032677,
            0.23719902336597443,
            0.9705501198768616,
            0.0
          ],
          [
            0.0,
            0.0,
            0.0,
            1.0
          ]
        ],
        "rotation_mode": "QUATERNION"
      },
      "armature_space": {
        "head": {
          "x": 0.35650575160980225,
          "y": 0.23071900010108948,
          "z": 0.41444727778434753
        },
        "tail": {
          "x": 0.5218244194984436,
          "y": 0.3975614905357361,
          "z": 0.28637367486953735
        }
      },
      "world_space": {
        "head": {
          "x": 0.35650575160980225,
          "y": 0.2939630150794983,
          "z": 1.364301323890686
        },
        "tail": {
          "x": 0.5218244194984436,
          "y": 0.4608054757118225,
          "z": 1.2362277507781982
        },
        "rotation_quaternion": {
          "w": 0.04178474098443985,
          "x": 0.3302339017391205,
          "y": 0.9000450372695923,
          "z": -0.28128042817115784
        },
        "matrix": [
          [
            -0.7783989310264587,
            0.6179572343826294,
            -0.11056148260831833,
            0.35650575160980225
          ],
          [
            0.5709449648857117,
            0.6236531734466553,
            -0.5339275002479553,
            0.2939630150794983
          ],
          [
            -0.2609935402870178,
            -0.47873595356941223,
            -0.8382771015167236,
            1.364301323890686
          ],
          [
            0.0,
            0.0,
            0.0,
            1.0
          ]
        ]
      },
      "bone_length_armature_space": 0.2675248148640704,
      "parent": "upperarm_l",
      "has_children": true,
      "is_end_bone": false
    },
    "metacarpal_thumb_l": {
      "name": "metacarpal_thumb_l",
      "local": {
        "location": {
          "x": 0.0,
          "y": 0.0,
          "z": 0.0
        },
        "rotation_quaternion": {
          "w": 0.9984610080718994,
          "x": -0.05431706830859184,
          "y": 0.008607841096818447,
          "z": -0.007154750172048807
        },
        "scale": {
          "x": 1.0,
          "y": 1.0,
          "z": 1.0
        },
        "matrix_basis": [
          [
            0.9997494220733643,
            0.01335237268358469,
            0.017966438084840775,
            0.0
          ],
          [
            -0.015222583897411823,
            0.9939969182014465,
            0.10834377259016037,
            0.0
          ],
          [
            -0.01641193777322769,
            -0.10859012603759766,
            0.993951141834259,
            0.0
          ],
          [
            0.0,
            0.0,
            0.0,
            1.0
          ]
        ],
        "rotation_mode": "QUATERNION"
      },
      "armature_space": {
        "head": {
          "x": 0.5218244194984436,
          "y": 0.3975614905357361,
          "z": 0.28637367486953735
        },
        "tail": {
          "x": 0.540571391582489,
          "y": 0.4094528257846832,
          "z": 0.24209322035312653
        }
      },
      "world_space": {
        "head": {
          "x": 0.5218244194984436,
          "y": 0.4608054757118225,
          "z": 1.2362277507781982
        },
        "tail": {
          "x": 0.540571391582489,
          "y": 0.47269684076309204,
          "z": 1.1919472217559814
        },
        "rotation_quaternion": {
          "w": 0.5986312031745911,
          "x": -0.587665319442749,
          "y": -0.511539876461029,
          "z": 0.18605685234069824
        },
        "matrix": [
          [
            0.40741604566574097,
            0.3784688115119934,
            -0.8311277627944946,
            0.5218244194984436
          ],
          [
            0.8239893317222595,
            0.24006551504135132,
            0.5132350325584412,
            0.4608054757118225
          ],
          [
            0.39377227425575256,
            -0.8939465880393982,
            -0.21404865384101868,
            1.2362277507781982
          ],
          [
            0.0,
            0.0,
            0.0,
            1.0
          ]
        ]
      },
      "bone_length_armature_space": 0.04953394182185992,
      "parent": "lowerarm_l",
      "has_children": true,
      "is_end_bone": false
    },
    "thumb_01_l": {
      "name": "thumb_01_l",
      "local": {
        "location": {
          "x": 0.0,
          "y": 0.0,
          "z": 0.0
        },
        "rotation_quaternion": {
          "w": 0.9971706867218018,
          "x": -0.07339119166135788,
          "y": -0.0009607275715097785,
          "z": -0.016236022114753723
        },
        "scale": {
          "x": 1.0,
          "y": 1.0,
          "z": 1.0
        },
        "matrix_basis": [
          [
            0.9994709491729736,
            0.032521188259124756,
            0.0004671432834584266,
            0.0
          ],
          [
            -0.0322391539812088,
            0.988700270652771,
            0.14639829099178314,
            0.0
          ],
          [
            0.004299180582165718,
            -0.1463358998298645,
            0.9892256259918213,
            0.0
          ],
          [
            0.0,
            0.0,
            0.0,
            1.0
          ]
        ],
        "rotation_mode": "QUATERNION"
      },
      "armature_space": {
        "head": {
          "x": 0.540571391582489,
          "y": 0.4094528257846832,
          "z": 0.24209322035312653
        },
        "tail": {
          "x": 0.5256981253623962,
          "y": 0.41965213418006897,
          "z": 0.2132246345281601
        }
      },
      "world_space": {
        "head": {
          "x": 0.540571391582489,
          "y": 0.47269684076309204,
          "z": 1.1919472217559814
        },
        "tail": {
          "x": 0.5256981253623962,
          "y": 0.4828961491584778,
          "z": 1.1630786657333374
        },
        "rotation_quaternion": {
          "w": 0.762457013130188,
          "x": -0.5855395793914795,
          "y": 0.2616848051548004,
          "z": 0.08557858318090439
        },
        "matrix": [
          [
            0.8483953475952148,
            -0.4369536340236664,
            0.29882586002349854,
            0.540571391582489
          ],
          [
            -0.17595168948173523,
            0.2996397912502289,
            0.9376872181892395,
            0.47269684076309204
          ],
          [
            -0.4992694854736328,
            -0.8481138348579407,
            0.17733252048492432,
            1.1919472217559814
          ],
          [
            0.0,
            0.0,
            0.0,
            1.0
          ]
        ]
      },
      "bone_length_armature_space": 0.03403873052377978,
      "parent": "metacarpal_thumb_l",
      "has_children": true,
      "is_end_bone": false
    },
    "thumb_02_l": {
      "name": "thumb_02_l",
      "local": {
        "location": {
          "x": 0.0,
          "y": 0.0,
          "z": 0.0
        },
        "rotation_quaternion": {
          "w": 0.9933785796165466,
          "x": 0.11463016271591187,
          "y": 0.007195393554866314,
          "z": 0.0026941795367747545
        },
        "scale": {
          "x": 1.0,
          "y": 1.0,
          "z": 1.0
        },
        "matrix_basis": [
          [
            0.9998819231987,
            -0.0037030621897429228,
            0.014913167804479599,
            0.0
          ],
          [
            0.007002298720180988,
            0.9737053513526917,
            -0.2277035266160965,
            0.0
          ],
          [
            -0.013677830807864666,
            0.22778107225894928,
            0.9736163020133972,
            0.0
          ],
          [
            0.0,
            0.0,
            0.0,
            1.0
          ]
        ],
        "rotation_mode": "QUATERNION"
      },
      "armature_space": {
        "head": {
          "x": 0.5256980657577515,
          "y": 0.4196521043777466,
          "z": 0.2132246494293213
        },
        "tail": {
          "x": 0.5519529581069946,
          "y": 0.4440295398235321,
          "z": 0.19506962597370148
        }
      },
      "world_space": {
        "head": {
          "x": 0.5256980657577515,
          "y": 0.482896089553833,
          "z": 1.1630786657333374
        },
        "tail": {
          "x": 0.5519529581069946,
          "y": 0.5072735548019409,
          "z": 1.1449236869812012
        },
        "rotation_quaternion": {
          "w": 0.8439286947250366,
          "x": -0.1145038902759552,
          "y": 0.30208519101142883,
          "z": -0.42827314138412476
        },
        "matrix": [
          [
            0.45065245032310486,
            0.6536853313446045,
            0.6079539060592651,
            0.5256980657577515
          ],
          [
            -0.792044460773468,
            0.606941282749176,
            -0.06548520922660828,
            0.482896089553833
          ],
          [
            -0.4118027091026306,
            -0.45201778411865234,
            0.7912726402282715,
            1.1630786657333374
          ],
          [
            0.0,
            0.0,
            0.0,
            1.0
          ]
        ]
      },
      "bone_length_armature_space": 0.040164457128507344,
      "parent": "thumb_01_l",
      "has_children": true,
      "is_end_bone": false
    },
    "thumb_03_l": {
      "name": "thumb_03_l",
      "local": {
        "location": {
          "x": 0.0,
          "y": 0.0,
          "z": 0.0
        },
        "rotation_quaternion": {
          "w": 0.9983392953872681,
          "x": 0.056808531284332275,
          "y": -0.007463527377694845,
          "z": 0.005991943646222353
        },
        "scale": {
          "x": 1.0,
          "y": 1.0,
          "z": 1.0
        },
        "matrix_basis": [
          [
            0.9998167753219604,
            -0.012811969965696335,
            -0.014221478253602982,
            0.0
          ],
          [
            0.01111600175499916,
            0.9934737682342529,
            -0.11351782083511353,
            0.0
          ],
          [
            0.015583052299916744,
            0.11333893239498138,
            0.9934341907501221,
            0.0
          ],
          [
            0.0,
            0.0,
            0.0,
            1.0
          ]
        ],
        "rotation_mode": "QUATERNION"
      },
      "armature_space": {
        "head": {
          "x": 0.5519528985023499,
          "y": 0.44402948021888733,
          "z": 0.1950695812702179
        },
        "tail": {
          "x": 0.575416088104248,
          "y": 0.4633280038833618,
          "z": 0.1930856555700302
        }
      },
      "world_space": {
        "head": {
          "x": 0.5519528985023499,
          "y": 0.5072734951972961,
          "z": 1.1449235677719116
        },
        "tail": {
          "x": 0.575416088104248,
          "y": 0.5265719890594482,
          "z": 1.1429396867752075
        },
        "rotation_quaternion": {
          "w": 0.8193182945251465,
          "x": 0.14734280109405518,
          "y": 0.3816547691822052,
          "z": -0.401680588722229
        },
        "matrix": [
          [
            0.3859843313694,
            0.7706776261329651,
            0.5070228576660156,
            0.5519528985023499
          ],
          [
            -0.5457413196563721,
            0.6338844299316406,
            -0.548048734664917,
            0.5072734951972961
          ],
          [
            -0.7437684535980225,
            -0.0651647076010704,
            0.6652640104293823,
            1.1449235677719116
          ],
          [
            0.0,
            0.0,
            0.0,
            1.0
          ]
        ]
      },
      "bone_length_armature_space": 0.03044487188405413,
      "parent": "thumb_02_l",
      "has_children": false,
      "is_end_bone": true
    },
    "metacarpal_index_l": {
      "name": "metacarpal_index_l",
      "local": {
        "location": {
          "x": 0.0,
          "y": 0.0,
          "z": 0.0
        },
        "rotation_quaternion": {
          "w": 0.9999198913574219,
          "x": 0.00947512872517109,
          "y": 0.008048967458307743,
          "z": 0.002382558071985841
        },
        "scale": {
          "x": 1.0,
          "y": 1.0,
          "z": 1.0
        },
        "matrix_basis": [
          [
            0.999859094619751,
            -0.004612204618752003,
            0.016141794621944427,
            0.0
          ],
          [
            0.004917264450341463,
            0.9998090863227844,
            -0.01891038566827774,
            0.0
          ],
          [
            -0.01605149544775486,
            0.01898709312081337,
            0.9996908903121948,
            0.0
          ],
          [
            0.0,
            0.0,
            0.0,
            1.0
          ]
        ],
        "rotation_mode": "QUATERNION"
      },
      "armature_space": {
        "head": {
          "x": 0.5218244194984436,
          "y": 0.3975614905357361,
          "z": 0.28637367486953735
        },
        "tail": {
          "x": 0.5804001688957214,
          "y": 0.45093175768852234,
          "z": 0.20006141066551208
        }
      },
      "world_space": {
        "head": {
          "x": 0.5218244194984436,
          "y": 0.4608054757118225,
          "z": 1.2362277507781982
        },
        "tail": {
          "x": 0.5804001688957214,
          "y": 0.5141757726669312,
          "z": 1.1499154567718506
        },
        "rotation_quaternion": {
          "w": 0.4170646369457245,
          "x": -0.46667760610580444,
          "y": -0.7441784739494324,
          "z": 0.23338282108306885
        },
        "matrix": [
          [
            -0.2165369987487793,
            0.49991369247436523,
            -0.8385690450668335,
            0.5218244194984436
          ],
          [
            0.8892548680305481,
            0.45548754930496216,
            0.04191427677869797,
            0.4608054757118225
          ],
          [
            0.4029151499271393,
            -0.7366304397583008,
            -0.5431844592094421,
            1.2362277507781982
          ],
          [
            0.0,
            0.0,
            0.0,
            1.0
          ]
        ]
      },
      "bone_length_armature_space": 0.11717214185688403,
      "parent": "lowerarm_l",
      "has_children": true,
      "is_end_bone": false
    },
    "index_01_l": {
      "name": "index_01_l",
      "local": {
        "location": {
          "x": 0.0,
          "y": 0.0,
          "z": 0.0
        },
        "rotation_quaternion": {
          "w": 0.9911555051803589,
          "x": -0.1299901157617569,
          "y": 0.02124042995274067,
          "z": 0.01619202084839344
        },
        "scale": {
          "x": 1.0,
          "y": 1.0,
          "z": 1.0
        },
        "matrix_basis": [
          [
            0.9985733032226562,
            -0.03761971369385719,
            0.03789553418755531,
            0.0
          ],
          [
            0.02657552994787693,
            0.9656807780265808,
            0.25836870074272156,
            0.0
          ],
          [
            -0.04631474241614342,
            -0.25699299573898315,
            0.9653028249740601,
            0.0
          ],
          [
            0.0,
            0.0,
            0.0,
            1.0
          ]
        ],
        "rotation_mode": "QUATERNION"
      },
      "armature_space": {
        "head": {
          "x": 0.5804001688957214,
          "y": 0.45093175768852234,
          "z": 0.20006141066551208
        },
        "tail": {
          "x": 0.600348174571991,
          "y": 0.4690609872341156,
          "z": 0.19076202809810638
        }
      },
      "world_space": {
        "head": {
          "x": 0.5804001688957214,
          "y": 0.5141757726669312,
          "z": 1.1499154567718506
        },
        "tail": {
          "x": 0.600348174571991,
          "y": 0.5323050022125244,
          "z": 1.1406160593032837
        },
        "rotation_quaternion": {
          "w": 0.39862871170043945,
          "x": -0.42664772272109985,
          "y": -0.811783492565155,
          "z": -0.008634748868644238
        },
        "matrix": [
          [
            -0.3181328773498535,
            0.6995769739151001,
            -0.6398308277130127,
            0.5804001688957214
          ],
          [
            0.6858075261116028,
            0.6357928514480591,
            0.3541688621044159,
            0.5141757726669312
          ],
          [
            0.6545736193656921,
            -0.3261297345161438,
            -0.6820462942123413,
            1.1499154567718506
          ],
          [
            0.0,
            0.0,
            0.0,
            1.0
          ]
        ]
      },
      "bone_length_armature_space": 0.02851438987621663,
      "parent": "metacarpal_index_l",
      "has_children": true,
      "is_end_bone": false
    },
    "index_02_l": {
      "name": "index_02_l",
      "local": {
        "location": {
          "x": 0.0,
          "y": 0.0,
          "z": 0.0
        },
        "rotation_quaternion": {
          "w": 0.9995622038841248,
          "x": 0.029067814350128174,
          "y": 0.0010445390362292528,
          "z": 0.005421770270913839
        },
        "scale": {
          "x": 1.0,
          "y": 1.0,
          "z": 1.0
        },
        "matrix_basis": [
          [
            0.9999390244483948,
            -0.01077806856483221,
            0.002403361489996314,
            0.0
          ],
          [
            0.010899518616497517,
            0.9982513189315796,
            -0.05809884890913963,
            0.0
          ],
          [
            -0.0017729654209688306,
            0.05812150239944458,
            0.9983079433441162,
            0.0
          ],
          [
            0.0,
            0.0,
            0.0,
            1.0
          ]
        ],
        "rotation_mode": "QUATERNION"
      },
      "armature_space": {
        "head": {
          "x": 0.6003483533859253,
          "y": 0.4690611958503723,
          "z": 0.190761536359787
        },
        "tail": {
          "x": 0.6177794337272644,
          "y": 0.4858623147010803,
          "z": 0.18227797746658325
        }
      },
      "world_space": {
        "head": {
          "x": 0.6003483533859253,
          "y": 0.5323051810264587,
          "z": 1.1406155824661255
        },
        "tail": {
          "x": 0.6177794337272644,
          "y": 0.5491062998771667,
          "z": 1.1321320533752441
        },
        "rotation_quaternion": {
          "w": 0.3770664632320404,
          "x": -0.4152370095252991,
          "y": -0.8278204798698425,
          "z": 0.010603857226669788
        },
        "matrix": [
          [
            -0.37079739570617676,
            0.6794881820678711,
            -0.6330915689468384,
            0.6003483533859253
          ],
          [
            0.6954805850982666,
            0.6549303531646729,
            0.2955893278121948,
            0.5323051810264587
          ],
          [
            0.6154854893684387,
            -0.3307008147239685,
            -0.7154222130775452,
            1.1406155824661255
          ],
          [
            0.0,
            0.0,
            0.0,
            1.0
          ]
        ]
      },
      "bone_length_armature_space": 0.02565328292527383,
      "parent": "index_01_l",
      "has_children": true,
      "is_end_bone": false
    },
    "index_03_l": {
      "name": "index_03_l",
      "local": {
        "location": {
          "x": 0.0,
          "y": 0.0,
          "z": 0.0
        },
        "rotation_quaternion": {
          "w": 0.99970543384552,
          "x": 0.023062689229846,
          "y": 0.006184257101267576,
          "z": -0.004367094021290541
        },
        "scale": {
          "x": 1.0,
          "y": 1.0,
          "z": 1.0
        },
        "matrix_basis": [
          [
            0.9998853802680969,
            0.00901686679571867,
            0.012163436971604824,
            0.0
          ],
          [
            -0.008446363732218742,
            0.9988980889320374,
            -0.04616580531001091,
            0.0
          ],
          [
            -0.01256630476564169,
            0.04605777561664581,
            0.9988597631454468,
            0.0
          ],
          [
            0.0,
            0.0,
            0.0,
            1.0
          ]
        ],
        "rotation_mode": "QUATERNION"
      },
      "armature_space": {
        "head": {
          "x": 0.617779552936554,
          "y": 0.48586225509643555,
          "z": 0.18227806687355042
        },
        "tail": {
          "x": 0.6337776780128479,
          "y": 0.5079619288444519,
          "z": 0.17181868851184845
        }
      },
      "world_space": {
        "head": {
          "x": 0.617779552936554,
          "y": 0.549106240272522,
          "z": 1.1321320533752441
        },
        "tail": {
          "x": 0.6337776780128479,
          "y": 0.5712059140205383,
          "z": 1.1216727495193481
        },
        "rotation_quaternion": {
          "w": 0.4384266138076782,
          "x": -0.3475494384765625,
          "y": -0.8282266855239868,
          "z": 0.03212756663560867
        },
        "matrix": [
          [
            -0.3739824593067169,
            0.5475299954414368,
            -0.7485639452934265,
            0.617779552936554
          ],
          [
            0.60387122631073,
            0.7563533782958984,
            0.2515335977077484,
            0.549106240272522
          ],
          [
            0.7039067149162292,
            -0.3579687774181366,
            -0.6135046482086182,
            1.1321320533752441
          ],
          [
            0.0,
            0.0,
            0.0,
            1.0
          ]
        ]
      },
      "bone_length_armature_space": 0.02921873004618291,
      "parent": "index_02_l",
      "has_children": false,
      "is_end_bone": true
    },
    "metacarpal_pinky_l": {
      "name": "metacarpal_pinky_l",
      "local": {
        "location": {
          "x": 0.0,
          "y": 0.0,
          "z": 0.0
        },
        "rotation_quaternion": {
          "w": 0.9998131990432739,
          "x": 0.0009067923529073596,
          "y": 0.0118792112916708,
          "z": -0.015219566412270069
        },
        "scale": {
          "x": 1.0,
          "y": 1.0,
          "z": 1.0
        },
        "matrix_basis": [
          [
            0.9992545247077942,
            0.03045499138534069,
            0.023726383224129677,
            0.0
          ],
          [
            -0.03041190281510353,
            0.999535083770752,
            -0.002174838911741972,
            0.0
          ],
          [
            -0.023781586438417435,
            0.0014516530791297555,
            0.9997161030769348,
            0.0
          ],
          [
            0.0,
            0.0,
            0.0,
            1.0
          ]
        ],
        "rotation_mode": "QUATERNION"
      },
      "armature_space": {
        "head": {
          "x": 0.5218244194984436,
          "y": 0.3975614905357361,
          "z": 0.28637367486953735
        },
        "tail": {
          "x": 0.5858703255653381,
          "y": 0.47601115703582764,
          "z": 0.2621457278728485
        }
      },
      "world_space": {
        "head": {
          "x": 0.5218244194984436,
          "y": 0.4608054757118225,
          "z": 1.2362277507781982
        },
        "tail": {
          "x": 0.5858703255653381,
          "y": 0.5392551422119141,
          "z": 1.211999773979187
        },
        "rotation_quaternion": {
          "w": 0.6244829297065735,
          "x": 0.16185477375984192,
          "y": 0.697645366191864,
          "z": -0.31163290143013
        },
        "matrix": [
          [
            -0.1676485389471054,
            0.6150524616241455,
            0.7704572677612305,
            0.5218244194984436
          ],
          [
            -0.16338439285755157,
            0.7533764243125916,
            -0.6369689702987671,
            0.4608054757118225
          ],
          [
            -0.9722208380699158,
            -0.23266850411891937,
            -0.025813480839133263,
            1.2362277507781982
          ],
          [
            0.0,
            0.0,
            0.0,
            1.0
          ]
        ]
      },
      "bone_length_armature_space": 0.10413079010278636,
      "parent": "lowerarm_l",
      "has_children": true,
      "is_end_bone": false
    },
    "pinky_01_l": {
      "name": "pinky_01_l",
      "local": {
        "location": {
          "x": 0.0,
          "y": 0.0,
          "z": 0.0
        },
        "rotation_quaternion": {
          "w": 0.9917968511581421,
          "x": -0.12708933651447296,
          "y": 0.012338826432824135,
          "z": -0.005942557472735643
        },
        "scale": {
          "x": 1.0,
          "y": 1.0,
          "z": 1.0
        },
        "matrix_basis": [
          [
            0.9996249079704285,
            0.008651353418827057,
            0.02598568983376026,
            0.0
          ],
          [
            -0.014923886395990849,
            0.9676259756088257,
            0.25194695591926575,
            0.0
          ],
          [
            -0.02296474762260914,
            -0.25224027037620544,
            0.967392086982727,
            0.0
          ],
          [
            0.0,
            0.0,
            0.0,
            1.0
          ]
        ],
        "rotation_mode": "QUATERNION"
      },
      "armature_space": {
        "head": {
          "x": 0.5858703255653381,
          "y": 0.47601115703582764,
          "z": 0.2621457278728485
        },
        "tail": {
          "x": 0.603069007396698,
          "y": 0.4895411431789398,
          "z": 0.2539335787296295
        }
      },
