{
  "metadata": {
    "armature_name": "KIM_caucasian_male",
    "export_time": "2026-01-13T21:04:18.517659",
    "blender_version": "4.4.1",
    "bone_count": 56,
    "end_bone_count": 13,
    "spaces_included": [
      "LOCAL_CHANNELS",
      "ARMATURE_SPACE",
      "WORLD_SPACE"
    ],
    "note": "LOCAL matches Transform panel; replay pose via local.matrix_basis for best fidelity."
  },
  "bones": {
    "Root": {
      "name": "Root",
      "local": {
        "location": {
          "x": 0.0,
          "y": 0.0,
          "z": 0.0
        },
        "rotation_quaternion": {
          "w": 0.9998408555984497,
          "x": 0.01421415340155363,
          "y": 0.005717270541936159,
          "z": 0.009146918542683125
        },
        "scale": {
          "x": 1.0,
          "y": 1.0,
          "z": 1.0
        },
        "matrix_basis": [
          [
            0.9997673034667969,
            -0.018128393217921257,
            0.011692753061652184,
            0.0
          ],
          [
            0.018453458324074745,
            0.9994285702705383,
            -0.028319191187620163,
            0.0
          ],
          [
            -0.011172689497470856,
            0.028528373688459396,
            0.999530553817749,
            0.0
          ],
          [
            0.0,
            0.0,
            0.0,
            1.0
          ]
        ],
        "rotation_mode": "QUATERNION"
      },
      "armature_space": {
        "head": {
          "x": 0.0,
          "y": 0.07072800397872925,
          "z": -0.009595036506652832
        },
        "tail": {
          "x": -0.0012939298758283257,
          "y": -0.00023331493139266968,
          "z": -0.0020232521928846836
        }
      },
      "world_space": {
        "head": {
          "x": 0.0,
          "y": 0.13397200405597687,
          "z": 0.9402589797973633
        },
        "tail": {
          "x": -0.0012939298758283257,
          "y": 0.06301068514585495,
          "z": 0.9478307366371155
        },
        "rotation_quaternion": {
          "w": 0.05317506939172745,
          "x": 0.9985269904136658,
          "y": -0.008740978315472603,
          "z": 0.006320490501821041
        },
        "matrix": [
          [
            0.9997673034667969,
            -0.018128393217921257,
            0.011692753061652184,
            0.0
          ],
          [
            -0.01678401790559292,
            -0.9941920042037964,
            -0.10630444437265396,
            0.13397200405597687
          ],
          [
            0.013552047312259674,
            0.10608325153589249,
            -0.9942719340324402,
            0.9402589797973633
          ],
          [
            0.0,
            0.0,
            0.0,
            1.0
          ]
        ]
      },
      "bone_length_armature_space": 0.07137587171909542,
      "parent": null,
      "has_children": true,
      "is_end_bone": false
    },
    "spine_01": {
      "name": "spine_01",
      "local": {
        "location": {
          "x": 0.0,
          "y": 0.0,
          "z": 0.0
        },
        "rotation_quaternion": {
          "w": 0.9987839460372925,
          "x": -0.0004612652992364019,
          "y": 0.020829668268561363,
          "z": 0.04468352720141411
        },
        "scale": {
          "x": 1.0,
          "y": 1.0,
          "z": 1.0
        },
        "matrix_basis": [
          [
            0.9951390027999878,
            -0.08927759528160095,
            0.04156745597720146,
            0.0
          ],
          [
            0.08923916518688202,
            0.9960063099861145,
            0.002782894764095545,
            0.0
          ],
          [
            -0.041649896651506424,
            0.0009400773560628295,
            0.9991317987442017,
            0.0
          ],
          [
            0.0,
            0.0,
            0.0,
            1.0
          ]
        ],
        "rotation_mode": "QUATERNION"
      },
      "armature_space": {
        "head": {
          "x": -0.0012939298758283257,
          "y": -0.00023331493139266968,
          "z": -0.0020232521928846836
        },
        "tail": {
          "x": -0.05129556357860565,
          "y": 0.008999360725283623,
          "z": 0.48332518339157104
        }
      },
      "world_space": {
        "head": {
          "x": -0.0012939298758283257,
          "y": 0.06301068514585495,
          "z": 0.9478307366371155
        },
        "tail": {
          "x": -0.05129556357860565,
          "y": 0.07224336266517639,
          "z": 1.4331791400909424
        },
        "rotation_quaternion": {
          "w": 0.7132480144500732,
          "x": 0.6989240646362305,
          "y": -0.027142886072397232,
          "z": 0.04523005709052086
        },
        "matrix": [
          [
            0.9944350123405457,
            -0.10246210545301437,
            0.024506205692887306,
            -0.0012939298758283257
          ],
          [
            0.026579588651657104,
            0.01891936920583248,
            -0.9994677305221558,
            0.06301068514585495
          ],
          [
            0.10194465517997742,
            0.9945639371871948,
            0.02153671160340309,
            0.9478307366371155
          ],
          [
            0.0,
            0.0,
            0.0,
            1.0
          ]
        ]
      },
      "bone_length_armature_space": 0.488004615591949,
      "parent": "Root",
      "has_children": true,
      "is_end_bone": false
    },
    "neck_01": {
      "name": "neck_01",
      "local": {
        "location": {
          "x": 0.0,
          "y": 0.0,
          "z": 0.0
        },
        "rotation_quaternion": {
          "w": 0.9820011854171753,
          "x": -0.08149721473455429,
          "y": 0.11909038573503494,
          "z": 0.12185870110988617
        },
        "scale": {
          "x": 1.0,
          "y": 1.0,
          "z": 1.0
        },
        "matrix_basis": [
          [
            0.9419358968734741,
            -0.2587418556213379,
            0.21403151750564575,
            0.0
          ],
          [
            0.21991971135139465,
            0.9570173025131226,
            0.18908512592315674,
            0.0
          ],
          [
            -0.2537560760974884,
            -0.13103632628917694,
            0.9583513736724854,
            0.0
          ],
          [
            0.0,
            0.0,
            0.0,
            1.0
          ]
        ],
        "rotation_mode": "QUATERNION"
      },
      "armature_space": {
        "head": {
          "x": -0.0579477958381176,
          "y": -0.024277374148368835,
          "z": 0.5568925142288208
        },
        "tail": {
          "x": -0.09351961314678192,
          "y": -0.047958895564079285,
          "z": 0.6500835418701172
        }
      },
      "world_space": {
        "head": {
          "x": -0.0579477958381176,
          "y": 0.038966625928878784,
          "z": 1.506746530532837
        },
        "tail": {
          "x": -0.09351961314678192,
          "y": 0.015285104513168335,
          "z": 1.5999375581741333
        },
        "rotation_quaternion": {
          "w": 0.6176230311393738,
          "x": 0.7549471855163574,
          "y": -0.055194154381752014,
          "z": 0.2134251594543457
        },
        "matrix": [
          [
            0.9028071761131287,
            -0.3469698429107666,
            0.25406941771507263,
            -0.0579477958381176
          ],
          [
            0.18029338121414185,
            -0.2309911549091339,
            -0.9561055302619934,
            0.038966625928878784
          ],
          [
            0.39043039083480835,
            0.908991813659668,
            -0.14598605036735535,
            1.506746530532837
          ],
          [
            0.0,
            0.0,
            0.0,
            1.0
          ]
        ]
      },
      "bone_length_armature_space": 0.10252187987956927,
      "parent": "spine_01",
      "has_children": true,
      "is_end_bone": false
    },
    "head": {
      "name": "head",
      "local": {
        "location": {
          "x": 0.0,
          "y": 0.0,
          "z": 0.0
        },
        "rotation_quaternion": {
          "w": 0.9912999868392944,
          "x": -0.1061687022447586,
          "y": -0.026067562401294708,
          "z": 0.07330223172903061
        },
        "scale": {
          "x": 1.0,
          "y": 1.0,
          "z": 1.0
        },
        "matrix_basis": [
          [
            0.9878945350646973,
            -0.13979388773441315,
            -0.06724635511636734,
            0.0
          ],
          [
            0.1508641242980957,
            0.9667099714279175,
            0.2066684514284134,
            0.0
          ],
          [
            0.036116741597652435,
            -0.21431168913841248,
            0.9760974049568176,
            0.0
          ],
          [
            0.0,
            0.0,
            0.0,
            1.0
          ]
        ],
        "rotation_mode": "QUATERNION"
      },
      "armature_space": {
        "head": {
          "x": -0.09351953864097595,
          "y": -0.04795902967453003,
          "z": 0.6500834822654724
        },
        "tail": {
          "x": -0.17906643450260162,
          "y": 0.00012992694973945618,
          "z": 0.7701766490936279
        }
      },
      "world_space": {
        "head": {
          "x": -0.09351953864097595,
          "y": 0.01528497040271759,
          "z": 1.5999374389648438
        },
        "tail": {
          "x": -0.17906643450260162,
          "y": 0.06337392330169678,
          "z": 1.720030665397644
        },
        "rotation_quaternion": {
          "w": 0.7889246940612793,
          "x": 0.5423664450645447,
          "y": -0.1806456744670868,
          "z": 0.22539648413658142
        },
        "matrix": [
          [
            0.8331270813941956,
            -0.5515944361686707,
            -0.04053483158349991,
            -0.09351953864097595
          ],
          [
            0.15969213843345642,
            0.31007087230682373,
            -0.937205970287323,
            0.01528497040271759
          ],
          [
            0.5295299291610718,
            0.7743440866470337,
            0.3464151620864868,
            1.5999374389648438
          ],
          [
            0.0,
            0.0,
            0.0,
            1.0
          ]
        ]
      },
      "bone_length_armature_space": 0.1550909002564645,
      "parent": "neck_01",
      "has_children": false,
      "is_end_bone": true
    },
    "upperarm_l": {
      "name": "upperarm_l",
      "local": {
        "location": {
          "x": 0.0,
          "y": 0.0,
          "z": 0.0
        },
        "rotation_quaternion": {
          "w": 0.9985021352767944,
          "x": 0.006981340702623129,
          "y": -0.009795043617486954,
          "z": -0.053373947739601135
        },
        "scale": {
          "x": 1.0,
          "y": 1.0,
          "z": 1.0
        },
        "matrix_basis": [
          [
            0.9941105842590332,
            0.10645123571157455,
            -0.02030598744750023,
            0.0
          ],
          [
            -0.10672476887702942,
            0.9942049384117126,
            -0.012896167114377022,
            0.0
          ],
          [
            0.018815500661730766,
            0.014987367205321789,
            0.9997106194496155,
            0.0
          ],
          [
            0.0,
            0.0,
            0.0,
            1.0
          ]
        ],
        "rotation_mode": "QUATERNION"
      },
      "armature_space": {
        "head": {
          "x": 0.09818186610937119,
          "y": -0.02474939450621605,
          "z": 0.5054104924201965
        },
        "tail": {
          "x": 0.36571019887924194,
          "y": -0.011243726126849651,
          "z": 0.4980751872062683
        }
      },
      "world_space": {
        "head": {
          "x": 0.09818186610937119,
          "y": 0.03849460557103157,
          "z": 1.4552645683288574
        },
        "tail": {
          "x": 0.36571019887924194,
          "y": 0.052000273019075394,
          "z": 1.4479291439056396
        },
        "rotation_quaternion": {
          "w": 0.5109025835990906,
          "x": 0.47520142793655396,
          "y": 0.5139830112457275,
          "z": -0.49898260831832886
        },
        "matrix": [
          [
            -0.026323925703763962,
            0.998353898525238,
            0.05095610022544861,
            0.09818186610937119
          ],
          [
            -0.021372396498918533,
            0.050400033593177795,
            -0.9985004663467407,
            0.03849460557103157
          ],
          [
            -0.9994319677352905,
            -0.027373695746064186,
            0.020009705796837807,
            1.4552645683288574
          ],
          [
            0.0,
            0.0,
            0.0,
            1.0
          ]
        ]
      },
      "bone_length_armature_space": 0.2679694236885792,
      "parent": "spine_01",
      "has_children": true,
      "is_end_bone": false
    },
    "lowerarm_l": {
      "name": "lowerarm_l",
      "local": {
        "location": {
          "x": 0.0,
          "y": 0.0,
          "z": 0.0
        },
        "rotation_quaternion": {
          "w": 0.9295934438705444,
          "x": 0.2931775450706482,
          "y": 0.13517913222312927,
          "z": -0.17784707248210907
        },
        "scale": {
          "x": 1.0,
          "y": 1.0,
          "z": 1.0
        },
        "matrix_basis": [
          [
            0.9001940488815308,
            0.40991392731666565,
            0.14704173803329468,
            0.0
          ],
          [
            -0.25138798356056213,
            0.7648347020149231,
            -0.59315425157547,
            0.0
          ],
          [
            -0.35560479760169983,
            0.4969894289970398,
            0.7915470600128174,
            0.0
          ],
          [
            0.0,
            0.0,
            0.0,
            1.0
          ]
        ],
        "rotation_mode": "QUATERNION"
      },
      "armature_space": {
        "head": {
          "x": 0.3657102882862091,
          "y": -0.011243768967688084,
          "z": 0.49807530641555786
        },
        "tail": {
          "x": 0.56418377161026,
          "y": -0.17301595211029053,
          "z": 0.4205673635005951
        }
      },
      "world_space": {
        "head": {
          "x": 0.3657102882862091,
          "y": 0.05200023204088211,
          "z": 1.4479293823242188
        },
        "tail": {
          "x": 0.56418377161026,
          "y": -0.10977195203304291,
          "z": 1.3704214096069336
        },
        "rotation_quaternion": {
          "w": 0.19701653718948364,
          "x": 0.603574275970459,
          "y": 0.39853888750076294,
          "z": -0.661853015422821
        },
        "matrix": [
          [
            -0.19376619160175323,
            0.7418891191482544,
            -0.6419150233268738,
            0.3657102882862091
          ],
          [
            0.22030289471149445,
            -0.6047004461288452,
            -0.765378475189209,
            0.05200023204088211
          ],
          [
            -0.9559987187385559,
            -0.2897228002548218,
            -0.04627083241939545,
            1.4479293823242188
          ],
          [
            0.0,
            0.0,
            0.0,
            1.0
          ]
        ]
      },
      "bone_length_armature_space": 0.2675246547262108,
      "parent": "upperarm_l",
      "has_children": true,
      "is_end_bone": false
    },
    "metacarpal_thumb_l": {
      "name": "metacarpal_thumb_l",
      "local": {
        "location": {
          "x": 0.0,
          "y": 0.0,
          "z": 0.0
        },
        "rotation_quaternion": {
          "w": 0.9997849464416504,
          "x": -0.010114517994225025,
          "y": 0.014549228362739086,
          "z": -0.010781613178551197
        },
        "scale": {
          "x": 1.0,
          "y": 1.0,
          "z": 1.0
        },
        "matrix_basis": [
          [
            0.9993441700935364,
            0.021264271810650826,
            0.029310300946235657,
            0.0
          ],
          [
            -0.021852906793355942,
            0.9995629191398621,
            0.019910957664251328,
            0.0
          ],
          [
            -0.028874097391963005,
            -0.020538413897156715,
            0.9993720054626465,
            0.0
          ],
          [
            0.0,
            0.0,
            0.0,
            1.0
          ]
        ],
        "rotation_mode": "QUATERNION"
      },
      "armature_space": {
        "head": {
          "x": 0.56418377161026,
          "y": -0.17301595211029053,
          "z": 0.4205673635005951
        },
        "tail": {
          "x": 0.5739831924438477,
          "y": -0.21698395907878876,
          "z": 0.3999669551849365
        }
      },
      "world_space": {
        "head": {
          "x": 0.56418377161026,
          "y": -0.10977195203304291,
          "z": 1.3704214096069336
        },
        "tail": {
          "x": 0.5739831924438477,
          "y": -0.15373995900154114,
          "z": 1.3498209714889526
        },
        "rotation_quaternion": {
          "w": 0.20099608600139618,
          "x": -0.965132474899292,
          "y": -0.12562350928783417,
          "z": 0.11107969284057617
        },
        "matrix": [
          [
            0.9437599182128906,
            0.1978336125612259,
            -0.26491308212280273,
            0.56418377161026
          ],
          [
            0.28714001178741455,
            -0.8876387476921082,
            0.36006659269332886,
            -0.10977195203304291
          ],
          [
            -0.1639147847890854,
            -0.4158872067928314,
            -0.8945297598838806,
            1.3704214096069336
          ],
          [
            0.0,
            0.0,
            0.0,
            1.0
          ]
        ]
      },
      "bone_length_armature_space": 0.04953373698567086,
      "parent": "lowerarm_l",
      "has_children": true,
      "is_end_bone": false
    },
    "thumb_01_l": {
      "name": "thumb_01_l",
      "local": {
        "location": {
          "x": 0.0,
          "y": 0.0,
          "z": 0.0
        },
        "rotation_quaternion": {
          "w": 0.9844671487808228,
          "x": 0.17475678026676178,
          "y": -0.014481336809694767,
          "z": -0.008655266836285591
        },
        "scale": {
          "x": 1.0,
          "y": 1.0,
          "z": 1.0
        },
        "matrix_basis": [
          [
            0.999430775642395,
            0.011980228126049042,
            -0.03153793513774872,
            0.0
          ],
          [
            -0.022103074938058853,
            0.9387702941894531,
            -0.34383395314216614,
            0.0
          ],
          [
            0.025487666949629784,
            0.34433528780937195,
            0.938500702381134,
            0.0
          ],
          [
            0.0,
            0.0,
            0.0,
            1.0
          ]
        ],
        "rotation_mode": "QUATERNION"
      },
      "armature_space": {
        "head": {
          "x": 0.5739831924438477,
          "y": -0.21698395907878876,
          "z": 0.3999669551849365
        },
        "tail": {
          "x": 0.579262375831604,
          "y": -0.22581656277179718,
          "z": 0.3675207495689392
        }
      },
      "world_space": {
        "head": {
          "x": 0.5739831924438477,
          "y": -0.15373995900154114,
          "z": 1.3498209714889526
        },
        "tail": {
          "x": 0.579262375831604,
          "y": -0.16257256269454956,
          "z": 1.3173747062683105
        },
        "rotation_quaternion": {
          "w": 0.5328609347343445,
          "x": -0.6243820190429688,
          "y": 0.29379549622535706,
          "z": -0.4897862374782562
        },
        "matrix": [
          [
            0.34758496284484863,
            0.15509390830993652,
            0.9247326254844666,
            0.5739831924438477
          ],
          [
            -0.8888576626777649,
            -0.25948789715766907,
            0.37762126326560974,
            -0.15373995900154114
          ],
          [
            0.29852494597435,
            -0.9532182812690735,
            0.047662943601608276,
            1.3498209714889526
          ],
          [
            0.0,
            0.0,
            0.0,
            1.0
          ]
        ]
      },
      "bone_length_armature_space": 0.03403881431573765,
      "parent": "metacarpal_thumb_l",
      "has_children": true,
      "is_end_bone": false
    },
    "thumb_02_l": {
      "name": "thumb_02_l",
      "local": {
        "location": {
          "x": 0.0,
          "y": 0.0,
          "z": 0.0
        },
        "rotation_quaternion": {
          "w": 0.9392123222351074,
          "x": 0.3433183431625366,
          "y": -0.003455858211964369,
          "z": 0.0010206140577793121
        },
        "scale": {
          "x": 1.0,
          "y": 1.0,
          "z": 1.0
        },
        "matrix_basis": [
          [
            0.9999740123748779,
            -0.004290065728127956,
            -0.00579077797010541,
            0.0
          ],
          [
            -0.0004557724460028112,
            0.7642629742622375,
            -0.6449046730995178,
            0.0
          ],
          [
            0.007192360237240791,
            0.6448906064033508,
            0.7642411589622498,
            0.0
          ],
          [
            0.0,
            0.0,
            0.0,
            1.0
          ]
        ],
        "rotation_mode": "QUATERNION"
      },
      "armature_space": {
        "head": {
          "x": 0.5792623162269592,
          "y": -0.2258165329694748,
          "z": 0.3675207495689392
        },
        "tail": {
          "x": 0.6144876480102539,
          "y": -0.2361404001712799,
          "z": 0.38382333517074585
        }
      },
      "world_space": {
        "head": {
          "x": 0.5792623162269592,
          "y": -0.16257253289222717,
          "z": 1.3173747062683105
        },
        "tail": {
          "x": 0.6144876480102539,
          "y": -0.1728964000940323,
          "z": 1.3336772918701172
        },
        "rotation_quaternion": {
          "w": 0.5525778532028198,
          "x": -0.001695120707154274,
          "y": -0.2571714222431183,
          "z": -0.7927910685539246
        },
        "matrix": [
          [
            -0.38930878043174744,
            0.877029299736023,
            -0.2815282940864563,
            0.5792623162269592
          ],
          [
            -0.8752864599227905,
            -0.2570400536060333,
            0.4096386730670929,
            -0.16257253289222717
          ],
          [
            0.2869022786617279,
            0.40589654445648193,
            0.8677264451980591,
            1.3173747062683105
          ],
          [
            0.0,
            0.0,
            0.0,
            1.0
          ]
        ]
      },
      "bone_length_armature_space": 0.04016441863323455,
      "parent": "thumb_01_l",
      "has_children": true,
      "is_end_bone": false
    },
    "thumb_03_l": {
      "name": "thumb_03_l",
      "local": {
        "location": {
          "x": 0.0,
          "y": 0.0,
          "z": 0.0
        },
        "rotation_quaternion": {
          "w": 0.9811758995056152,
          "x": 0.1930951178073883,
          "y": -0.0006088460795581341,
          "z": -0.002799608279019594
        },
        "scale": {
          "x": 1.0,
          "y": 1.0,
          "z": 1.0
        },
        "matrix_basis": [
          [
            0.9999836087226868,
            0.005258685909211636,
            -0.0022759516723454,
            0.0
          ],
          [
            -0.005728946533054113,
            0.9254128932952881,
            -0.3789171278476715,
            0.0
          ],
          [
            0.00011358881602063775,
            0.3789239525794983,
            0.9254277944564819,
            0.0
          ],
          [
            0.0,
            0.0,
            0.0,
            1.0
          ]
        ],
        "rotation_mode": "QUATERNION"
      },
      "armature_space": {
        "head": {
          "x": 0.6144875884056091,
          "y": -0.23614045977592468,
          "z": 0.3838232755661011
        },
        "tail": {
          "x": 0.6309480667114258,
          "y": -0.2351398468017578,
          "z": 0.4094153046607971
        }
      },
      "world_space": {
        "head": {
          "x": 0.6144875884056091,
          "y": -0.17289645969867706,
          "z": 1.3336772918701172
        },
        "tail": {
          "x": 0.6309480667114258,
          "y": -0.1718958467245102,
          "z": 1.359269380569458
        },
        "rotation_quaternion": {
          "w": 0.6175081133842468,
          "x": 0.31014353036880493,
          "y": -0.36758121848106384,
          "z": -0.6223976612091064
        },
        "matrix": [
          [
            -0.04498596861958504,
            0.5406652688980103,
            -0.8400341272354126,
            0.6144875884056091
          ],
          [
            -0.9966771006584167,
            0.032866522669792175,
            0.07452806830406189,
            -0.17289645969867706
          ],
          [
            0.06790326535701752,
            0.8406016230583191,
            0.5373940467834473,
            1.3336772918701172
          ],
          [
            0.0,
            0.0,
            0.0,
            1.0
          ]
        ]
      },
      "bone_length_armature_space": 0.030445041221484715,
      "parent": "thumb_02_l",
      "has_children": false,
      "is_end_bone": true
    },
    "metacarpal_index_l": {
      "name": "metacarpal_index_l",
      "local": {
        "location": {
          "x": 0.0,
          "y": 0.0,
          "z": 0.0
        },
        "rotation_quaternion": {
          "w": 0.9998800754547119,
          "x": 0.013303899206221104,
          "y": 0.006638689897954464,
          "z": 0.004355983342975378
        },
        "scale": {
          "x": 1.0,
          "y": 1.0,
          "z": 1.0
        },
        "matrix_basis": [
          [
            0.9998739361763,
            -0.008534280583262444,
            0.013391690328717232,
            0.0
          ],
          [
            0.008887562900781631,
            0.999608039855957,
            -0.026546770706772804,
            0.0
          ],
          [
            -0.01315988413989544,
            0.026662442833185196,
            0.9995578527450562,
            0.0
          ],
          [
            0.0,
            0.0,
            0.0,
            1.0
          ]
        ],
        "rotation_mode": "QUATERNION"
      },
      "armature_space": {
        "head": {
          "x": 0.56418377161026,
          "y": -0.17301595211029053,
          "z": 0.4205673635005951
        },
        "tail": {
          "x": 0.6200913190841675,
          "y": -0.2673472464084625,
          "z": 0.37927332520484924
        }
      },
      "world_space": {
        "head": {
          "x": 0.56418377161026,
          "y": -0.10977195203304291,
          "z": 1.3704214096069336
        },
        "tail": {
          "x": 0.6200913190841675,
          "y": -0.2041032463312149,
          "z": 1.329127311706543
        },
        "rotation_quaternion": {
          "w": 0.07807956635951996,
          "x": -0.881048858165741,
          "y": -0.3022732734680176,
          "z": 0.355369508266449
        },
        "matrix": [
          [
            0.5646859407424927,
            0.4771420657634735,
            -0.6733980178833008,
            0.56418377161026
          ],
          [
            0.588129460811615,
            -0.8050686717033386,
            -0.07725557684898376,
            -0.10977195203304291
          ],
          [
            -0.5789970755577087,
            -0.3524232506752014,
            -0.7352374196052551,
            1.3704214096069336
          ],
          [
            0.0,
            0.0,
            0.0,
            1.0
          ]
        ]
      },
      "bone_length_armature_space": 0.1171718596909128,
      "parent": "lowerarm_l",
      "has_children": true,
      "is_end_bone": false
    },
    "index_01_l": {
      "name": "index_01_l",
      "local": {
        "location": {
          "x": 0.0,
          "y": 0.0,
          "z": 0.0
        },
        "rotation_quaternion": {
          "w": 0.9622007012367249,
          "x": 0.2720109224319458,
          "y": -0.010196173563599586,
          "z": 0.008721856400370598
        },
        "scale": {
          "x": 1.0,
          "y": 1.0,
          "z": 1.0
        },
        "matrix_basis": [
          [
            0.9996399283409119,
            -0.022331293672323227,
            -0.014876650646328926,
            0.0
          ],
          [
            0.011237411759793758,
            0.8518679738044739,
            -0.5236360430717468,
            0.0
          ],
          [
            0.024366410449147224,
            0.5232803225517273,
            0.8518121838569641,
            0.0
          ],
          [
            0.0,
            0.0,
            0.0,
            1.0
          ]
        ],
        "rotation_mode": "QUATERNION"
      },
      "armature_space": {
        "head": {
          "x": 0.6200913190841675,
          "y": -0.2673472464084625,
          "z": 0.37927332520484924
        },
        "tail": {
          "x": 0.6289029717445374,
          "y": -0.28299328684806824,
          "z": 0.35712307691574097
        }
      },
      "world_space": {
        "head": {
          "x": 0.6200913190841675,
          "y": -0.2041032463312149,
          "z": 1.329127311706543
        },
        "tail": {
          "x": 0.6289029717445374,
          "y": -0.21974928677082062,
          "z": 1.3069770336151123
        },
        "rotation_quaternion": {
          "w": 0.3005630075931549,
          "x": -0.7692359089851379,
          "y": -0.36784279346466064,
          "z": 0.42735204100608826
        },
        "matrix": [
          [
            0.3641233444213867,
            0.30902522802352905,
            -0.8785881996154785,
            0.6200913190841675
          ],
          [
            0.822808563709259,
            -0.5487070083618164,
            0.1480095088481903,
            -0.2041032463312149
          ],
          [
            -0.4363512396812439,
            -0.776809573173523,
            -0.4540686011314392,
            1.329127311706543
          ],
          [
            0.0,
            0.0,
            0.0,
            1.0
          ]
        ]
      },
      "bone_length_armature_space": 0.02851450993247123,
      "parent": "metacarpal_index_l",
      "has_children": true,
      "is_end_bone": false
    },
    "index_02_l": {
      "name": "index_02_l",
      "local": {
        "location": {
          "x": 0.0,
          "y": 0.0,
          "z": 0.0
        },
        "rotation_quaternion": {
          "w": 0.9044390916824341,
          "x": 0.4265276789665222,
          "y": 0.003302455646917224,
          "z": 0.007298079784959555
        },
        "scale": {
          "x": 1.0,
          "y": 1.0,
          "z": 1.0
        },
        "matrix_basis": [
          [
            0.9998716711997986,
            -0.010384160093963146,
            0.012199405580759048,
            0.0
          ],
          [
            0.016018515452742577,
            0.6360417604446411,
            -0.7714884281158447,
            0.0
          ],
          [
            0.00025192610337398946,
            0.7715848088264465,
            0.6361264586448669,
            0.0
          ],
          [
            0.0,
            0.0,
            0.0,
            1.0
          ]
        ],
        "rotation_mode": "QUATERNION"
      },
      "armature_space": {
        "head": {
          "x": 0.6289027333259583,
          "y": -0.2829936146736145,
          "z": 0.3571227490901947
        },
        "tail": {
          "x": 0.6169544458389282,
          "y": -0.29035988450050354,
          "z": 0.33565014600753784
        }
      },
      "world_space": {
        "head": {
          "x": 0.6289027333259583,
          "y": -0.21974961459636688,
          "z": 1.3069767951965332
        },
        "tail": {
          "x": 0.6169544458389282,
          "y": -0.22711588442325592,
          "z": 1.2855041027069092
        },
        "rotation_quaternion": {
          "w": 0.5740417838096619,
          "x": -0.5668644905090332,
          "y": -0.16402314603328705,
          "z": 0.5676593780517578
        },
        "matrix": [
          [
            0.3017141819000244,
            -0.46576160192489624,
            -0.8318859338760376,
            0.6289027333259583
          ],
          [
            0.8376796245574951,
            -0.28714719414711,
            0.46458521485328674,
            -0.21974961459636688
          ],
          [
            -0.4552621841430664,
            -0.8370319604873657,
            0.3035252094268799,
            1.3069767951965332
          ],
          [
            0.0,
            0.0,
            0.0,
            1.0
          ]
        ]
      },
      "bone_length_armature_space": 0.025653385739769635,
      "parent": "index_01_l",
      "has_children": true,
      "is_end_bone": false
    },
    "index_03_l": {
      "name": "index_03_l",
      "local": {
        "location": {
          "x": 0.0,
          "y": 0.0,
          "z": 0.0
        },
        "rotation_quaternion": {
          "w": 0.9648329019546509,
          "x": 0.26283425092697144,
          "y": 0.0025784107856452465,
          "z": -0.003022263292223215
        },
        "scale": {
          "x": 1.0,
          "y": 1.0,
          "z": 1.0
        },
        "matrix_basis": [
          [
            0.999968409538269,
            0.0071873473934829235,
            0.003386762458831072,
            0.0
          ],
          [
            -0.004476568661630154,
            0.8618180155754089,
            -0.5071978569030762,
            0.0
          ],
          [
            -0.00656417990103364,
            0.5071666836738586,
            0.8618230223655701,
            0.0
          ],
          [
            0.0,
            0.0,
            0.0,
            1.0
          ]
        ],
        "rotation_mode": "QUATERNION"
      },
      "armature_space": {
        "head": {
          "x": 0.6169545650482178,
          "y": -0.2903599441051483,
          "z": 0.33565014600753784
        },
        "tail": {
          "x": 0.5929555296897888,
          "y": -0.28634363412857056,
          "z": 0.3194745182991028
        }
      },
      "world_space": {
        "head": {
          "x": 0.6169545650482178,
          "y": -0.2271159440279007,
          "z": 1.2855041027069092
        },
        "tail": {
          "x": 0.5929555296897888,
          "y": -0.22309963405132294,
          "z": 1.2693285942077637
        },
        "rotation_quaternion": {
          "w": 0.7541393637657166,
          "x": -0.36830934882164,
          "y": 0.0017577465623617172,
          "z": 0.5437086224555969
        },
        "matrix": [
          [
            0.4087538719177246,
            -0.8213584423065186,
            -0.39785683155059814,
            0.6169545650482178
          ],
          [
            0.8187708258628845,
            0.13745668530464172,
            0.5574226975440979,
            -0.2271159440279007
          ],
          [
            -0.40315791964530945,
            -0.5536060333251953,
            0.7286959290504456,
            1.2855041027069092
          ],
          [
            0.0,
            0.0,
            0.0,
            1.0
          ]
        ]
      },
      "bone_length_armature_space": 0.029218750434434587,
      "parent": "index_02_l",
      "has_children": false,
      "is_end_bone": true
    },
    "metacarpal_pinky_l": {
      "name": "metacarpal_pinky_l",
      "local": {
        "location": {
          "x": 0.0,
          "y": 0.0,
          "z": 0.0
        },
        "rotation_quaternion": {
          "w": 0.9999544620513916,
          "x": 0.006744788959622383,
          "y": 0.005686304997652769,
          "z": -0.00366359855979681
        },
        "scale": {
          "x": 1.0,
          "y": 1.0,
          "z": 1.0
        },
        "matrix_basis": [
          [
            0.9999085068702698,
            0.007403569296002388,
            0.011322671547532082,
            0.0
          ],
          [
            -0.007250157650560141,
            0.999882161617279,
            -0.013530628755688667,
            0.0
          ],
          [
            -0.011421512812376022,
            0.013447298668324947,
            0.9998443722724915,
            0.0
          ],
          [
            0.0,
            0.0,
            0.0,
            1.0
          ]
        ],
        "rotation_mode": "QUATERNION"
      },
      "armature_space": {
        "head": {
          "x": 0.56418377161026,
          "y": -0.17301595211029053,
          "z": 0.4205673635005951
        },
        "tail": {
          "x": 0.6577630043029785,
          "y": -0.2099536657333374,
          "z": 0.3937017619609833
        }
      },
      "world_space": {
        "head": {
          "x": 0.56418377161026,
          "y": -0.10977195203304291,
          "z": 1.3704214096069336
        },
        "tail": {
          "x": 0.6577630043029785,
          "y": -0.14670966565608978,
          "z": 1.3435558080673218
        },
        "rotation_quaternion": {
          "w": 0.5233554244041443,
          "x": 0.09820641577243805,
          "y": 0.2207634598016739,
          "z": -0.8171402215957642
        },
        "matrix": [
          [
            -0.4329086244106293,
            0.8986701965332031,
            0.07058060169219971,
            0.56418377161026
          ],
          [
            -0.8119498491287231,
            -0.35472428798675537,
            -0.46358227729797363,
            -0.10977195203304291
          ],
          [
            -0.39157435297966003,
            -0.2579987645149231,
            0.8832440972328186,
            1.3704214096069336
          ],
          [
            0.0,
            0.0,
            0.0,
            1.0
          ]
        ]
      },
      "bone_length_armature_space": 0.10413082028802965,
      "parent": "lowerarm_l",
      "has_children": true,
      "is_end_bone": false
    },
    "pinky_01_l": {
      "name": "pinky_01_l",
      "local": {
        "location": {
          "x": 0.0,
          "y": 0.0,
          "z": 0.0
        },
        "rotation_quaternion": {
          "w": 0.9430761933326721,
          "x": 0.3324087858200073,
          "y": -0.0070229992270469666,
          "z": 0.007896044291555882
        },
        "scale": {
          "x": 1.0,
          "y": 1.0,
          "z": 1.0
        },
        "matrix_basis": [
          [
            0.9997766613960266,
            -0.01956215687096119,
            -0.007997017353773117,
            0.0
          ],
          [
            0.01022412907332182,
            0.7788841128349304,
            -0.6270845532417297,
            0.0
          ],
          [
            0.018495876342058182,
            0.6268627047538757,
            0.7789101600646973,
            0.0
          ],
          [
            0.0,
            0.0,
            0.0,
            1.0
          ]
        ],
        "rotation_mode": "QUATERNION"
      },
      "armature_space": {
        "head": {
          "x": 0.6577630043029785,
          "y": -0.2099536657333374,
          "z": 0.3937017619609833
        },
        "tail": {
