{
  "metadata": {
    "armature_name": "KIM_caucasian_male",
    "export_time": "2026-01-13T21:13:20.446690",
    "blender_version": "4.4.1",
    "bone_count": 56,
    "end_bone_count": 13,
    "spaces_included": [
      "LOCAL_CHANNELS",
      "ARMATURE_SPACE",
      "WORLD_SPACE"
    ],
    "note": "LOCAL matches Transform panel; replay pose via local.matrix_basis for best fidelity."
  },
  "bones": {
    "Root": {
      "name": "Root",
      "local": {
        "location": {
          "x": 0.0,
          "y": 0.0,
          "z": 0.0
        },
        "rotation_quaternion": {
          "w": 0.9998745322227478,
          "x": -0.011776410974562168,
          "y": -0.007585157640278339,
          "z": -0.007401155773550272
        },
        "scale": {
          "x": 1.0,
          "y": 1.0,
          "z": 1.0
        },
        "matrix_basis": [
          [
            0.9997753500938416,
            0.01497910637408495,
            -0.014994094148278236,
            0.0
          ],
          [
            -0.014621802605688572,
            0.9996131062507629,
            0.023662144318223,
            0.0
          ],
          [
            0.015342730097472668,
            -0.023437589406967163,
            0.9996075630187988,
            0.0
          ],
          [
            0.0,
            0.0,
            0.0,
            1.0
          ]
        ],
        "rotation_mode": "QUATERNION"
      },
      "armature_space": {
        "head": {
          "x": 0.0,
          "y": 0.07072800397872925,
          "z": -0.009595036506652832
        },
        "tail": {
          "x": 0.0010691467905417085,
          "y": 0.0002522468566894531,
          "z": 0.0016539925709366798
        }
      },
      "world_space": {
        "head": {
          "x": 0.0,
          "y": 0.13397200405597687,
          "z": 0.9402589797973633
        },
        "tail": {
          "x": 0.0010691467905417085,
          "y": 0.06349624693393707,
          "z": 0.9515079855918884
        },
        "rotation_quaternion": {
          "w": 0.07910886406898499,
          "x": 0.9968096613883972,
          "y": 0.00687334593385458,
          "z": -0.008066527545452118
        },
        "matrix": [
          [
            0.9997753500938416,
            0.01497910637408495,
            -0.014994094148278236,
            0.0
          ],
          [
            0.01242656446993351,
            -0.987389087677002,
            -0.15782430768013,
            0.13397200405597687
          ],
          [
            -0.017169179394841194,
            0.1576026976108551,
            -0.987360417842865,
            0.9402589797973633
          ],
          [
            0.0,
            0.0,
            0.0,
            1.0
          ]
        ]
      },
      "bone_length_armature_space": 0.07137587805043889,
      "parent": null,
      "has_children": true,
      "is_end_bone": false
    },
    "spine_01": {
      "name": "spine_01",
      "local": {
        "location": {
          "x": 0.0,
          "y": 0.0,
          "z": 0.0
        },
        "rotation_quaternion": {
          "w": 0.9986451864242554,
          "x": 0.041282616555690765,
          "y": 0.03036600351333618,
          "z": 0.00902530737221241
        },
        "scale": {
          "x": 1.0,
          "y": 1.0,
          "z": 1.0
        },
        "matrix_basis": [
          [
            0.9979928731918335,
            -0.015518983826041222,
            0.06139490380883217,
            0.0
          ],
          [
            0.020533336326479912,
            0.9964285492897034,
            -0.08190524578094482,
            0.0
          ],
          [
            -0.0599045492708683,
            0.08300149440765381,
            0.9947472810745239,
            0.0
          ],
          [
            0.0,
            0.0,
            0.0,
            1.0
          ]
        ],
        "rotation_mode": "QUATERNION"
      },
      "armature_space": {
        "head": {
          "x": 0.0010691467905417085,
          "y": 0.0002522468566894531,
          "z": 0.0016539925709366798
        },
        "tail": {
          "x": 0.001951990881934762,
          "y": -0.006033505778759718,
          "z": 0.48961734771728516
        }
      },
      "world_space": {
        "head": {
          "x": 0.0010691467905417085,
          "y": 0.06349624693393707,
          "z": 0.9515079855918884
        },
        "tail": {
          "x": 0.001951990881934762,
          "y": 0.057210493832826614,
          "z": 1.4394713640213013
        },
        "rotation_quaternion": {
          "w": 0.7020376324653625,
          "x": 0.7111870646476746,
          "y": 0.026507364585995674,
          "z": 0.025564374402165413
        },
        "matrix": [
          [
            0.9972876310348511,
            0.0018091023666784167,
            0.07358042895793915,
            0.0010691467905417085
          ],
          [
            0.07359768450260162,
            -0.012880608439445496,
            -0.9972048997879028,
            0.06349624693393707
          ],
          [
            -0.0008562225848436356,
            0.9999223947525024,
            -0.01297982782125473,
            0.9515079855918884
          ],
          [
            0.0,
            0.0,
            0.0,
            1.0
          ]
        ]
      },
      "bone_length_armature_space": 0.4880046339106737,
      "parent": "Root",
      "has_children": true,
      "is_end_bone": false
    },
    "neck_01": {
      "name": "neck_01",
      "local": {
        "location": {
          "x": 0.0,
          "y": 0.0,
          "z": 0.0
        },
        "rotation_quaternion": {
          "w": 0.9989198446273804,
          "x": -0.020630888640880585,
          "y": -0.04130711406469345,
          "z": 0.00522336270660162
        },
        "scale": {
          "x": 1.0,
          "y": 1.0,
          "z": 1.0
        },
        "matrix_basis": [
          [
            0.9965328574180603,
            -0.008731036446988583,
            -0.08274051547050476,
            0.0
          ],
          [
            0.012139846570789814,
            0.9990941882133484,
            0.04078568518161774,
            0.0
          ],
          [
            0.08230946958065033,
            -0.041648730635643005,
            0.9957361817359924,
            0.0
          ],
          [
            0.0,
            0.0,
            0.0,
            1.0
          ]
        ],
        "rotation_mode": "QUATERNION"
      },
      "armature_space": {
        "head": {
          "x": 0.004636252298951149,
          "y": -0.041560109704732895,
          "z": 0.5623799562454224
        },
        "tail": {
          "x": 0.006497815251350403,
          "y": -0.07773052155971527,
          "z": 0.6582912802696228
        }
      },
      "world_space": {
        "head": {
          "x": 0.004636252298951149,
          "y": 0.021683890372514725,
          "z": 1.5122339725494385
        },
        "tail": {
          "x": 0.006497815251350403,
          "y": -0.014486521482467651,
          "z": 1.6081452369689941
        },
        "rotation_quaternion": {
          "w": 0.5688470005989075,
          "x": 0.8223545551300049,
          "y": 0.002927251858636737,
          "z": -0.011728381738066673
        },
        "matrix": [
          [
            0.9997077584266663,
            0.018157808110117912,
            -0.01595933735370636,
            0.004636252298951149
          ],
          [
            -0.008528746664524078,
            -0.3528086543083191,
            -0.9356568455696106,
            0.021683890372514725
          ],
          [
            -0.02262023463845253,
            0.9355254769325256,
            -0.3525540232658386,
            1.5122339725494385
          ],
          [
            0.0,
            0.0,
            0.0,
            1.0
          ]
        ]
      },
      "bone_length_armature_space": 0.10252193109314055,
      "parent": "spine_01",
      "has_children": true,
      "is_end_bone": false
    },
    "head": {
      "name": "head",
      "local": {
        "location": {
          "x": 0.0,
          "y": 0.0,
          "z": 0.0
        },
        "rotation_quaternion": {
          "w": 0.9746804237365723,
          "x": -0.07300346344709396,
          "y": -0.07256919890642166,
          "z": 0.19849994778633118
        },
        "scale": {
          "x": 1.0,
          "y": 1.0,
          "z": 1.0
        },
        "matrix_basis": [
          [
            0.9106629490852356,
            -0.3763524293899536,
            -0.17044591903686523,
            0.0
          ],
          [
            0.39754363894462585,
            0.910536527633667,
            0.11350012570619583,
            0.0
          ],
          [
            0.11248118430376053,
            -0.1711200624704361,
            0.9788084030151367,
            0.0
          ],
          [
            0.0,
            0.0,
            0.0,
            1.0
          ]
        ],
        "rotation_mode": "QUATERNION"
      },
      "armature_space": {
        "head": {
          "x": 0.006497811526060104,
          "y": -0.07773064076900482,
          "z": 0.6582911610603333
        },
        "tail": {
          "x": -0.04843566566705704,
          "y": -0.04920826107263565,
          "z": 0.800495445728302
        }
      },
      "world_space": {
        "head": {
          "x": 0.006497811526060104,
          "y": -0.014486640691757202,
          "z": 1.6081452369689941
        },
        "tail": {
          "x": -0.04843566566705704,
          "y": 0.014035739004611969,
          "z": 1.750349521636963
        },
        "rotation_quaternion": {
          "w": 0.7463819980621338,
          "x": 0.6339200735092163,
          "y": -0.18672853708267212,
          "z": 0.07868722081184387
        },
        "matrix": [
          [
            0.917881965637207,
            -0.35420337319374084,
            -0.1789771169424057,
            0.006497811526060104
          ],
          [
            -0.11927831172943115,
            0.18390831351280212,
            -0.9756796956062317,
            -0.014486640691757202
          ],
          [
            0.3785068690776825,
            0.9169132709503174,
            0.12655720114707947,
            1.6081452369689941
          ],
          [
            0.0,
            0.0,
            0.0,
            1.0
          ]
        ]
      },
      "bone_length_armature_space": 0.15509117217063415,
      "parent": "neck_01",
      "has_children": false,
      "is_end_bone": true
    },
    "upperarm_l": {
      "name": "upperarm_l",
      "local": {
        "location": {
          "x": 0.0,
          "y": 0.0,
          "z": 0.0
        },
        "rotation_quaternion": {
          "w": 0.9278041124343872,
          "x": -0.06525850296020508,
          "y": 0.361301988363266,
          "z": -0.06619496643543243
        },
        "scale": {
          "x": 1.0,
          "y": 1.0,
          "z": 1.0
        },
        "matrix_basis": [
          [
            0.7301582098007202,
            0.07567586749792099,
            0.6790745258331299,
            0.0
          ],
          [
            -0.1699879765510559,
            0.9827191233634949,
            0.07326146960258484,
            0.0
          ],
          [
            -0.6617953777313232,
            -0.16892695426940918,
            0.7304043769836426,
            0.0
          ],
          [
            0.0,
            0.0,
            0.0,
            1.0
          ]
        ],
        "rotation_mode": "QUATERNION"
      },
      "armature_space": {
        "head": {
          "x": 0.15434245765209198,
          "y": -0.032834991812705994,
          "z": 0.49500760436058044
        },
        "tail": {
          "x": 0.4103304147720337,
          "y": 0.042542360723018646,
          "z": 0.47059372067451477
        }
      },
      "world_space": {
        "head": {
          "x": 0.15434245765209198,
          "y": 0.030409008264541626,
          "z": 1.444861650466919
        },
        "tail": {
          "x": 0.4103304147720337,
          "y": 0.10578636080026627,
          "z": 1.4204477071762085
        },
        "rotation_quaternion": {
          "w": 0.27902618050575256,
          "x": 0.5394784212112427,
          "y": 0.7501940131187439,
          "z": -0.26137423515319824
        },
        "matrix": [
          [
            -0.2622140049934387,
            0.9552879333496094,
            0.1366337239742279,
            0.15434245765209198
          ],
          [
            0.6635667085647583,
            0.28129085898399353,
            -0.6932207345962524,
            0.030409008264541626
          ],
          [
            -0.7006633877754211,
            -0.09110700339078903,
            -0.7076611518859863,
            1.444861650466919
          ],
          [
            0.0,
            0.0,
            0.0,
            1.0
          ]
        ]
      },
      "bone_length_armature_space": 0.2679694129227343,
      "parent": "spine_01",
      "has_children": true,
      "is_end_bone": false
    },
    "lowerarm_l": {
      "name": "lowerarm_l",
      "local": {
        "location": {
          "x": 0.0,
          "y": 0.0,
          "z": 0.0
        },
        "rotation_quaternion": {
          "w": 0.9788714647293091,
          "x": 0.10223617404699326,
          "y": 0.12644033133983612,
          "z": -0.12398137897253036
        },
        "scale": {
          "x": 1.0,
          "y": 1.0,
          "z": 1.0
        },
        "matrix_basis": [
          [
            0.937282919883728,
            0.2685772180557251,
            0.22218690812587738,
            0.0
          ],
          [
            -0.21687011420726776,
            0.9483527541160583,
            -0.2315046340227127,
            0.0
          ],
          [
            -0.2728884220123291,
            0.16879965364933014,
            0.9471212029457092,
            0.0
          ],
          [
            0.0,
            0.0,
            0.0,
            1.0
          ]
        ],
        "rotation_mode": "QUATERNION"
      },
      "armature_space": {
        "head": {
          "x": 0.41033053398132324,
          "y": 0.042542267590761185,
          "z": 0.47059375047683716
        },
        "tail": {
          "x": 0.64800626039505,
          "y": 0.0855766013264656,
          "z": 0.35558152198791504
        }
      },
      "world_space": {
        "head": {
          "x": 0.41033053398132324,
          "y": 0.1057862639427185,
          "z": 1.420447826385498
        },
        "tail": {
          "x": 0.64800626039505,
          "y": 0.14882060885429382,
          "z": 1.3054355382919312
        },
        "rotation_quaternion": {
          "w": 0.11334627866744995,
          "x": 0.5345983505249023,
          "y": 0.7533819675445557,
          "z": -0.3657499849796295
        },
        "matrix": [
          [
            -0.40271323919296265,
            0.8884260058403015,
            -0.22027482092380524,
            0.41033053398132324
          ],
          [
            0.722602128982544,
            0.1608612984418869,
            -0.6722871661186218,
            0.1057862639427185
          ],
          [
            -0.5618469715118408,
            -0.42991286516189575,
            -0.7067651152610779,
            1.420447826385498
          ],
          [
            0.0,
            0.0,
            0.0,
            1.0
          ]
        ]
      },
      "bone_length_armature_space": 0.26752479811052166,
      "parent": "upperarm_l",
      "has_children": true,
      "is_end_bone": false
    },
    "metacarpal_thumb_l": {
      "name": "metacarpal_thumb_l",
      "local": {
        "location": {
          "x": 0.0,
          "y": 0.0,
          "z": 0.0
        },
        "rotation_quaternion": {
          "w": 0.999260663986206,
          "x": -0.03708513081073761,
          "y": -0.005270610097795725,
          "z": -0.008672051131725311
        },
        "scale": {
          "x": 1.0,
          "y": 1.0,
          "z": 1.0
        },
        "matrix_basis": [
          [
            0.9997940063476562,
            0.017722202464938164,
            -0.009890218265354633,
            0.0
          ],
          [
            -0.01694035716354847,
            0.997098982334137,
            0.07420683652162552,
            0.0
          ],
          [
            0.011176634579896927,
            -0.0740240141749382,
            0.9971938133239746,
            0.0
          ],
          [
            0.0,
            0.0,
            0.0,
            1.0
          ]
        ],
        "rotation_mode": "QUATERNION"
      },
      "armature_space": {
        "head": {
          "x": 0.64800626039505,
          "y": 0.0855766013264656,
          "z": 0.35558152198791504
        },
        "tail": {
          "x": 0.6751664280891418,
          "y": 0.076812244951725,
          "z": 0.3150954842567444
        }
      },
      "world_space": {
        "head": {
          "x": 0.64800626039505,
          "y": 0.14882060885429382,
          "z": 1.3054355382919312
        },
        "tail": {
          "x": 0.6751664280891418,
          "y": 0.14005625247955322,
          "z": 1.2649495601654053
        },
        "rotation_quaternion": {
          "w": 0.49512404203414917,
          "x": -0.7634209990501404,
          "y": -0.407900869846344,
          "z": 0.0752168819308281
        },
        "matrix": [
          [
            0.6559165716171265,
            0.5483167767524719,
            -0.5187694430351257,
            0.64800626039505
          ],
          [
            0.6972855925559998,
            -0.17693738639354706,
            0.6946121454238892,
            0.14882060885429382
          ],
          [
            0.28908050060272217,
            -0.8173439502716064,
            -0.4983924925327301,
            1.3054355382919312
          ],
          [
            0.0,
            0.0,
            0.0,
            1.0
          ]
        ]
      },
      "bone_length_armature_space": 0.04953390642176158,
      "parent": "lowerarm_l",
      "has_children": true,
      "is_end_bone": false
    },
    "thumb_01_l": {
      "name": "thumb_01_l",
      "local": {
        "location": {
          "x": 0.0,
          "y": 0.0,
          "z": 0.0
        },
        "rotation_quaternion": {
          "w": 0.999785840511322,
          "x": 0.0010374338598921895,
          "y": 0.01683920808136463,
          "z": 0.011985410004854202
        },
        "scale": {
          "x": 1.0,
          "y": 1.0,
          "z": 1.0
        },
        "matrix_basis": [
          [
            0.9991455674171448,
            -0.02393074706196785,
            0.033696070313453674,
            0.0
          ],
          [
            0.0240006260573864,
            0.9997105598449707,
            -0.0016707737231627107,
            0.0
          ],
          [
            -0.03364633396267891,
            0.0024780728854238987,
            0.9994307160377502,
            0.0
          ],
          [
            0.0,
            0.0,
            0.0,
            1.0
          ]
        ],
        "rotation_mode": "QUATERNION"
      },
      "armature_space": {
        "head": {
          "x": 0.6751664280891418,
          "y": 0.076812244951725,
          "z": 0.3150954842567444
        },
        "tail": {
          "x": 0.6711373925209045,
          "y": 0.08803652226924896,
          "z": 0.28321412205696106
        }
      },
      "world_space": {
        "head": {
          "x": 0.6751664280891418,
          "y": 0.14005625247955322,
          "z": 1.2649495601654053
        },
        "tail": {
          "x": 0.6711373925209045,
          "y": 0.15128052234649658,
          "z": 1.2330681085586548
        },
        "rotation_quaternion": {
          "w": 0.7455765604972839,
          "x": -0.554538369178772,
          "y": 0.33013829588890076,
          "z": -0.16616711020469666
        },
        "matrix": [
          [
            0.7267951369285583,
            -0.11836729943752289,
            0.6765778660774231,
            0.6751664280891418
          ],
          [
            -0.613928496837616,
            0.3297516703605652,
            0.717185914516449,
            0.14005625247955322
          ],
          [
            -0.30799663066864014,
            -0.9366241097450256,
            0.16699470579624176,
            1.2649495601654053
          ],
          [
            0.0,
            0.0,
            0.0,
            1.0
          ]
        ]
      },
      "bone_length_armature_space": 0.03403878332128748,
      "parent": "metacarpal_thumb_l",
      "has_children": true,
      "is_end_bone": false
    },
    "thumb_02_l": {
      "name": "thumb_02_l",
      "local": {
        "location": {
          "x": 0.0,
          "y": 0.0,
          "z": 0.0
        },
        "rotation_quaternion": {
          "w": 0.9968326091766357,
          "x": 0.0788368210196495,
          "y": 0.010259587317705154,
          "z": -0.0021196913439780474
        },
        "scale": {
          "x": 1.0,
          "y": 1.0,
          "z": 1.0
        },
        "matrix_basis": [
          [
            0.9997804760932922,
            0.005843621212989092,
            0.020119963213801384,
            0.0
          ],
          [
            -0.002608288312330842,
            0.987560510635376,
            -0.15721772611141205,
            0.0
          ],
          [
            -0.02078840136528015,
            0.15713073313236237,
            0.9873589873313904,
            0.0
          ],
          [
            0.0,
            0.0,
            0.0,
            1.0
          ]
        ],
        "rotation_mode": "QUATERNION"
      },
      "armature_space": {
        "head": {
          "x": 0.671137273311615,
          "y": 0.08803650736808777,
          "z": 0.28321415185928345
        },
        "tail": {
          "x": 0.7068866491317749,
          "y": 0.09502102434635162,
          "z": 0.26629137992858887
        }
      },
      "world_space": {
        "head": {
          "x": 0.671137273311615,
          "y": 0.1512805074453354,
          "z": 1.2330682277679443
        },
        "tail": {
          "x": 0.7068866491317749,
          "y": 0.15826502442359924,
          "z": 1.216145396232605
        },
        "rotation_quaternion": {
          "w": 0.7261438965797424,
          "x": -0.07542209327220917,
          "y": 0.24426354467868805,
          "z": -0.6382490992546082
        },
        "matrix": [
          [
            0.06594551354646683,
            0.8900762796401978,
            0.4510154724121094,
            0.671137273311615
          ],
          [
            -0.963766872882843,
            0.17389826476573944,
            -0.20226925611495972,
            0.1512805074453354
          ],
          [
            -0.2584685683250427,
            -0.42133763432502747,
            0.8692999482154846,
            1.2330682277679443
          ],
          [
            0.0,
            0.0,
            0.0,
            1.0
          ]
        ]
      },
      "bone_length_armature_space": 0.04016443158576575,
      "parent": "thumb_01_l",
      "has_children": true,
      "is_end_bone": false
    },
    "thumb_03_l": {
      "name": "thumb_03_l",
      "local": {
        "location": {
          "x": 0.0,
          "y": 0.0,
          "z": 0.0
        },
        "rotation_quaternion": {
          "w": 0.9987144470214844,
          "x": 0.050474703311920166,
          "y": -0.0005911854095757008,
          "z": -0.004625821951776743
        },
        "scale": {
          "x": 1.0,
          "y": 1.0,
          "z": 1.0
        },
        "matrix_basis": [
          [
            0.999956488609314,
            0.009180070832371712,
            -0.001647824770770967,
            0.0
          ],
          [
            -0.009299430064857006,
            0.9948618412017822,
            -0.10081416368484497,
            0.0
          ],
          [
            0.0007138768560253084,
            0.10082510113716125,
            0.9949039220809937,
            0.0
          ],
          [
            0.0,
            0.0,
            0.0,
            1.0
          ]
        ],
        "rotation_mode": "QUATERNION"
      },
      "armature_space": {
        "head": {
          "x": 0.7068866491317749,
          "y": 0.09502097964286804,
          "z": 0.2662913203239441
        },
        "tail": {
          "x": 0.7366890907287598,
          "y": 0.10104572772979736,
          "z": 0.26473990082740784
        }
      },
      "world_space": {
        "head": {
          "x": 0.7068866491317749,
          "y": 0.15826497972011566,
          "z": 1.2161452770233154
        },
        "tail": {
          "x": 0.7366890907287598,
          "y": 0.16428972780704498,
          "z": 1.2145938873291016
        },
        "rotation_quaternion": {
          "w": 0.7237614989280701,
          "x": 0.19317801296710968,
          "y": 0.27407267689704895,
          "z": -0.6031052470207214
        },
        "matrix": [
          [
            0.1222955584526062,
            0.9788984656333923,
            0.163710355758667,
            0.7068866491317749
          ],
          [
            -0.7671192288398743,
            0.1978902816772461,
            -0.6102192401885986,
            0.15826497972011566
          ],
          [
            -0.6297445297241211,
            -0.050958193838596344,
            0.7751381397247314,
            1.2161452770233154
          ],
          [
            0.0,
            0.0,
            0.0,
            1.0
          ]
        ]
      },
      "bone_length_armature_space": 0.030444868332842306,
      "parent": "thumb_02_l",
      "has_children": false,
      "is_end_bone": true
    },
    "metacarpal_index_l": {
      "name": "metacarpal_index_l",
      "local": {
        "location": {
          "x": 0.0,
          "y": 0.0,
          "z": 0.0
        },
        "rotation_quaternion": {
          "w": 0.9974498152732849,
          "x": -0.06739543378353119,
          "y": -0.015115167945623398,
          "z": 0.017978286370635033
        },
        "scale": {
          "x": 1.0,
          "y": 1.0,
          "z": 1.0
        },
        "matrix_basis": [
          [
            0.998896598815918,
            -0.033827491104602814,
            -0.0325765535235405,
            0.0
          ],
          [
            0.037902262061834335,
            0.9902692437171936,
            0.1339036375284195,
            0.0
          ],
          [
            0.027729934081435204,
            -0.1349906176328659,
            0.9904587864875793,
            0.0
          ],
          [
            0.0,
            0.0,
            0.0,
            1.0
          ]
        ],
        "rotation_mode": "QUATERNION"
      },
      "armature_space": {
        "head": {
          "x": 0.64800626039505,
          "y": 0.0855766013264656,
          "z": 0.35558152198791504
        },
        "tail": {
          "x": 0.7454697489738464,
          "y": 0.07694268226623535,
          "z": 0.29111766815185547
        }
      },
      "world_space": {
        "head": {
          "x": 0.64800626039505,
          "y": 0.14882060885429382,
          "z": 1.3054355382919312
        },
        "tail": {
          "x": 0.7454697489738464,
          "y": 0.14018668234348297,
          "z": 1.2409716844558716
        },
        "rotation_quaternion": {
          "w": 0.2442040890455246,
          "x": -0.7154589295387268,
          "y": -0.6352330446243286,
          "z": 0.1579933911561966
        },
        "matrix": [
          [
            0.14303167164325714,
            0.8318005204200745,
            -0.5363297462463379,
            0.64800626039505
          ],
          [
            0.9861321449279785,
            -0.07368602603673935,
            0.14870744943618774,
            0.14882060885429382
          ],
          [
            0.08417649567127228,
            -0.5501657128334045,
            -0.8308104872703552,
            1.3054355382919312
          ],
          [
            0.0,
            0.0,
            0.0,
            1.0
          ]
        ]
      },
      "bone_length_armature_space": 0.11717194457674189,
      "parent": "lowerarm_l",
      "has_children": true,
      "is_end_bone": false
    },
    "index_01_l": {
      "name": "index_01_l",
      "local": {
        "location": {
          "x": 0.0,
          "y": 0.0,
          "z": 0.0
        },
        "rotation_quaternion": {
          "w": 0.9955681562423706,
          "x": -0.09250414371490479,
          "y": -0.012665246613323689,
          "z": 0.011251901276409626
        },
        "scale": {
          "x": 1.0,
          "y": 1.0,
          "z": 1.0
        },
        "matrix_basis": [
          [
            0.9994259476661682,
            -0.020060893148183823,
            -0.027299927547574043,
            0.0
          ],
          [
            0.024747245013713837,
            0.9826327562332153,
            0.18390333652496338,
            0.0
          ],
          [
            0.02313653752207756,
            -0.18447338044643402,
            0.98256516456604,
            0.0
          ],
          [
            0.0,
            0.0,
            0.0,
            1.0
          ]
        ],
        "rotation_mode": "QUATERNION"
      },
      "armature_space": {
        "head": {
          "x": 0.7454697489738464,
          "y": 0.07694268226623535,
          "z": 0.29111766815185547
        },
        "tail": {
          "x": 0.7728211879730225,
          "y": 0.08241187036037445,
          "z": 0.28519678115844727
        }
      },
      "world_space": {
        "head": {
          "x": 0.7454697489738464,
          "y": 0.14018668234348297,
          "z": 1.2409716844558716
        },
        "tail": {
          "x": 0.7728211879730225,
          "y": 0.14565587043762207,
          "z": 1.2350507974624634
        },
        "rotation_quaternion": {
          "w": 0.16456107795238495,
          "x": -0.6356855630874634,
          "y": -0.754203200340271,
          "z": -0.001042489311657846
        },
        "matrix": [
          [
            -0.13764652609825134,
            0.959215521812439,
            -0.24689805507659912,
            0.7454697489738464
          ],
          [
            0.9585290551185608,
            0.19180472195148468,
            0.21079163253307343,
            0.14018668234348297
          ],
          [
            0.24955347180366516,
            -0.20764535665512085,
            -0.9458437561988831,
            1.2409716844558716
          ],
          [
            0.0,
            0.0,
            0.0,
            1.0
          ]
        ]
      },
      "bone_length_armature_space": 0.02851438470906574,
      "parent": "metacarpal_index_l",
      "has_children": true,
      "is_end_bone": false
    },
    "index_02_l": {
      "name": "index_02_l",
      "local": {
        "location": {
          "x": 0.0,
          "y": 0.0,
          "z": 0.0
        },
        "rotation_quaternion": {
          "w": 0.99988853931427,
          "x": 0.00972564797848463,
          "y": -0.009938998147845268,
          "z": -0.005438358057290316
        },
        "scale": {
          "x": 1.0,
          "y": 1.0,
          "z": 1.0
        },
        "matrix_basis": [
          [
            0.9997432827949524,
            0.010682177729904652,
            -0.019981563091278076,
            0.0
          ],
          [
            -0.011068830266594887,
            0.9997516870498657,
            -0.01934102363884449,
            0.0
          ],
          [
            0.019769998267292976,
            0.019557232037186623,
            0.9996132850646973,
            0.0
          ],
          [
            0.0,
            0.0,
            0.0,
            1.0
          ]
        ],
        "rotation_mode": "QUATERNION"
      },
      "armature_space": {
        "head": {
          "x": 0.7728215456008911,
          "y": 0.08241178840398788,
          "z": 0.28519636392593384
        },
        "tail": {
          "x": 0.7973538041114807,
          "y": 0.08824537694454193,
          "z": 0.2804816961288452
        }
      },
      "world_space": {
        "head": {
          "x": 0.7728215456008911,
          "y": 0.1456557810306549,
          "z": 1.2350504398345947
        },
        "tail": {
          "x": 0.7973538041114807,
          "y": 0.15148937702178955,
          "z": 1.2303357124328613
        },
        "rotation_quaternion": {
          "w": 0.12689070403575897,
          "x": -0.6213001012802124,
          "y": -0.7730458378791809,
          "z": 0.016887908801436424
        },
        "matrix": [
          [
            -0.19576965272426605,
            0.9563010931015015,
            -0.21716849505901337,
            0.7728215456008911
          ],
          [
            0.9648725986480713,
            0.22740153968334198,
            0.13156484067440033,
            0.1456557810306549
          ],
          [
            0.1752021759748459,
            -0.18378448486328125,
            -0.9672339558601379,
            1.2350504398345947
          ],
          [
            0.0,
            0.0,
            0.0,
            1.0
          ]
        ]
      },
      "bone_length_armature_space": 0.02565327572824369,
      "parent": "index_01_l",
      "has_children": true,
      "is_end_bone": false
    },
    "index_03_l": {
      "name": "index_03_l",
      "local": {
        "location": {
          "x": 0.0,
          "y": 0.0,
          "z": 0.0
        },
        "rotation_quaternion": {
          "w": 0.99936842918396,
          "x": 0.03540068492293358,
          "y": -0.0010767214698716998,
          "z": -0.002894760575145483
        },
        "scale": {
          "x": 1.0,
          "y": 1.0,
          "z": 1.0
        },
        "matrix_basis": [
          [
            0.9999809265136719,
            0.005709631368517876,
            -0.0023570358753204346,
            0.0
          ],
          [
            -0.005862098187208176,
            0.9974768161773682,
            -0.07075042277574539,
            0.0
          ],
          [
            0.0019471298437565565,
            0.07076288759708405,
            0.9974912405014038,
            0.0
          ],
          [
            0.0,
            0.0,
            0.0,
            1.0
          ]
        ],
        "rotation_mode": "QUATERNION"
      },
      "armature_space": {
        "head": {
          "x": 0.7973538637161255,
          "y": 0.08824533224105835,
          "z": 0.28048184514045715
        },
        "tail": {
          "x": 0.8232237100601196,
          "y": 0.09822376817464828,
          "z": 0.27126696705818176
        }
      },
      "world_space": {
        "head": {
          "x": 0.7973538637161255,
          "y": 0.15148933231830597,
          "z": 1.2303358316421509
        },
        "tail": {
          "x": 0.8232237100601196,
          "y": 0.1614677608013153,
          "z": 1.2211209535598755
        },
        "rotation_quaternion": {
          "w": 0.20290173590183258,
          "x": -0.5713809132575989,
          "y": -0.7934643626213074,
          "z": 0.05262221395969391
        },
        "matrix": [
          [
            -0.2647087574005127,
            0.8853870034217834,
            -0.382124125957489,
            0.7973538637161255
          ],
          [
            0.9280950427055359,
            0.34150877594947815,
            0.14836198091506958,
            0.15148933231830597
          ],
          [
            0.2618592083454132,
            -0.3153766095638275,
            -0.9121301174163818,
            1.2303358316421509
          ],
          [
            0.0,
            0.0,
            0.0,
            1.0
          ]
        ]
      },
      "bone_length_armature_space": 0.029218694063218524,
      "parent": "index_02_l",
      "has_children": false,
      "is_end_bone": true
    },
    "metacarpal_pinky_l": {
      "name": "metacarpal_pinky_l",
      "local": {
        "location": {
          "x": 0.0,
          "y": 0.0,
          "z": 0.0
        },
        "rotation_quaternion": {
          "w": 0.9996673464775085,
          "x": 0.017220841720700264,
          "y": 0.0006263512768782675,
          "z": -0.019194209948182106
        },
        "scale": {
          "x": 1.0,
          "y": 1.0,
          "z": 1.0
        },
        "matrix_basis": [
          [
            0.9992623925209045,
            0.03839722275733948,
            0.0005912049091421068,
            0.0
          ],
          [
            -0.03835407644510269,
            0.9986700415611267,
            -0.03445427119731903,
            0.0
          ],
          [
            -0.0019133667228743434,
            0.034406181424856186,
            0.999406099319458,
            0.0
          ],
          [
            0.0,
            0.0,
            0.0,
            1.0
          ]
        ],
        "rotation_mode": "QUATERNION"
      },
      "armature_space": {
        "head": {
          "x": 0.64800626039505,
          "y": 0.0855766013264656,
          "z": 0.35558152198791504
        },
        "tail": {
          "x": 0.7440219521522522,
          "y": 0.118585005402565,
          "z": 0.3324589431285858
        }
      },
      "world_space": {
        "head": {
          "x": 0.64800626039505,
          "y": 0.14882060885429382,
          "z": 1.3054355382919312
        },
        "tail": {
          "x": 0.7440219521522522,
          "y": 0.18182900547981262,
          "z": 1.2823129892349243
        },
        "rotation_quaternion": {
          "w": 0.624530017375946,
          "x": 0.257459819316864,
          "y": 0.5181300044059753,
          "z": -0.5246122479438782
        },
        "matrix": [
          [
            -0.08735460042953491,
            0.9220682382583618,
            0.3770397901535034,
            0.64800626039505
          ],
          [
            -0.38847702741622925,
            0.3169899880886078,
            -0.8652185797691345,
            0.14882060885429382
          ],
          [
            -0.9173153638839722,
            -0.2220533788204193,
            0.33051320910453796,
            1.3054355382919312
          ],
          [
            0.0,
            0.0,
            0.0,
            1.0
          ]
        ]
      },
      "bone_length_armature_space": 0.10413079066177243,
      "parent": "lowerarm_l",
      "has_children": true,
      "is_end_bone": false
    },
    "pinky_01_l": {
      "name": "pinky_01_l",
      "local": {
        "location": {
          "x": 0.0,
          "y": 0.0,
          "z": 0.0
        },
        "rotation_quaternion": {
          "w": 0.9548366069793701,
          "x": 0.2965873181819916,
          "y": 0.01754849962890148,
          "z": -0.003908474929630756
        },
        "scale": {
          "x": 1.0,
          "y": 1.0,
          "z": 1.0
        },
        "matrix_basis": [
          [
            0.9993535280227661,
            0.017873235046863556,
            0.03119349107146263,
            0.0
          ],
          [
            0.0029454149771481752,
            0.8240413665771484,
            -0.5665220618247986,
            0.0
          ],
          [
            -0.035830307751894,
            0.5662477016448975,
            0.8234560489654541,
            0.0
          ],
          [
            0.0,
            0.0,
            0.0,
            1.0
          ]
        ],
        "rotation_mode": "QUATERNION"
      },
      "armature_space": {
        "head": {
          "x": 0.7440219521522522,
          "y": 0.118585005402565,
          "z": 0.3324589431285858
        },
        "tail": {
          "x": 0.7543576955795288,
