{
  "metadata": {
    "armature_name": "KIM_caucasian_male",
    "export_time": "2026-01-13T21:16:15.305321",
    "blender_version": "4.4.1",
    "bone_count": 56,
    "end_bone_count": 13,
    "spaces_included": [
      "LOCAL_CHANNELS",
      "ARMATURE_SPACE",
      "WORLD_SPACE"
    ],
    "note": "LOCAL matches Transform panel; replay pose via local.matrix_basis for best fidelity."
  },
  "bones": {
    "Root": {
      "name": "Root",
      "local": {
        "location": {
          "x": 0.0,
          "y": 0.0,
          "z": 0.0
        },
        "rotation_quaternion": {
          "w": 0.9997355341911316,
          "x": -0.016509484499692917,
          "y": 0.00854463130235672,
          "z": -0.013538016937673092
        },
        "scale": {
          "x": 1.0,
          "y": 1.0,
          "z": 1.0
        },
        "matrix_basis": [
          [
            0.9994874000549316,
            0.026786739006638527,
            0.017531754449009895,
            0.0
          ],
          [
            -0.027351008728146553,
            0.9990883469581604,
            0.03277888149023056,
            0.0
          ],
          [
            -0.016637731343507767,
            -0.03324159234762192,
            0.9993088245391846,
            0.0
          ],
          [
            0.0,
            0.0,
            0.0,
            1.0
          ]
        ],
        "rotation_mode": "QUATERNION"
      },
      "armature_space": {
        "head": {
          "x": 0.0,
          "y": 0.07072800397872925,
          "z": -0.009595036506652832
        },
        "tail": {
          "x": 0.001911926781758666,
          "y": 0.0003834366798400879,
          "z": 0.0023423805832862854
        }
      },
      "world_space": {
        "head": {
          "x": 0.0,
          "y": 0.13397200405597687,
          "z": 0.9402589797973633
        },
        "tail": {
          "x": 0.001911926781758666,
          "y": 0.06362743675708771,
          "z": 0.9521964192390442
        },
        "rotation_quaternion": {
          "w": 0.08382183313369751,
          "x": 0.9963522553443909,
          "y": 0.014082898385822773,
          "z": 0.007613192778080702
        },
        "matrix": [
          [
            0.9994874000549316,
            0.026786739006638527,
            0.017531754449009895,
            0.0
          ],
          [
            0.029339352622628212,
            -0.985551118850708,
            -0.16681814193725586,
            0.13397200405597687
          ],
          [
            0.012810043059289455,
            0.1672472357749939,
            -0.9858388304710388,
            0.9402589797973633
          ],
          [
            0.0,
            0.0,
            0.0,
            1.0
          ]
        ]
      },
      "bone_length_armature_space": 0.0713758743878165,
      "parent": null,
      "has_children": true,
      "is_end_bone": false
    },
    "spine_01": {
      "name": "spine_01",
      "local": {
        "location": {
          "x": 0.0,
          "y": 0.0,
          "z": 0.0
        },
        "rotation_quaternion": {
          "w": 0.9954668283462524,
          "x": 0.0503326840698719,
          "y": -0.040601443499326706,
          "z": 0.06974297016859055
        },
        "scale": {
          "x": 1.0,
          "y": 1.0,
          "z": 1.0
        },
        "matrix_basis": [
          [
            0.9869748950004578,
            -0.14294078946113586,
            -0.07381407916545868,
            0.0
          ],
          [
            0.13476647436618805,
            0.9852050542831421,
            -0.10587236285209656,
            0.0
          ],
          [
            0.08785548061132431,
            0.09454570710659027,
            0.9916362762451172,
            0.0
          ],
          [
            0.0,
            0.0,
            0.0,
            1.0
          ]
        ],
        "rotation_mode": "QUATERNION"
      },
      "armature_space": {
        "head": {
          "x": 0.001911926781758666,
          "y": 0.0003834366798400879,
          "z": 0.0023423805832862854
        },
        "tail": {
          "x": -0.07376869022846222,
          "y": -0.009426295757293701,
          "z": 0.4843430817127228
        }
      },
      "world_space": {
        "head": {
          "x": 0.001911926781758666,
          "y": 0.06362743675708771,
          "z": 0.9521964192390442
        },
        "tail": {
          "x": -0.07376869022846222,
          "y": 0.05381770431995392,
          "z": 1.4341970682144165
        },
        "rotation_quaternion": {
          "w": 0.6963382363319397,
          "x": 0.7131406664848328,
          "y": -0.07114790380001068,
          "z": 0.038491252809762955
        },
        "matrix": [
          [
            0.986912727355957,
            -0.1550828367471695,
            -0.04418771713972092,
            0.001911926781758666
          ],
          [
            -0.04787208139896393,
            -0.02010186016559601,
            -0.9986512064933777,
            0.06362743675708771
          ],
          [
            0.15398643910884857,
            0.9877038598060608,
            -0.02726401388645172,
            0.9521964192390442
          ],
          [
            0.0,
            0.0,
            0.0,
            1.0
          ]
        ]
      },
      "bone_length_armature_space": 0.488004585646,
      "parent": "Root",
      "has_children": true,
      "is_end_bone": false
    },
    "neck_01": {
      "name": "neck_01",
      "local": {
        "location": {
          "x": 0.0,
          "y": 0.0,
          "z": 0.0
        },
        "rotation_quaternion": {
          "w": 0.9932223558425903,
          "x": -0.017993241548538208,
          "y": 0.09624850749969482,
          "z": -0.06262405961751938
        },
        "scale": {
          "x": 1.0,
          "y": 1.0,
          "z": 1.0
        },
        "matrix_basis": [
          [
            0.9736288785934448,
            0.1209355890750885,
            0.19344596564769745,
            0.0
          ],
          [
            -0.1278628706932068,
            0.991508960723877,
            0.023687634617090225,
            0.0
          ],
          [
            -0.18893872201442719,
            -0.04779752343893051,
            0.9808249473571777,
            0.0
          ],
          [
            0.0,
            0.0,
            0.0,
            1.0
          ]
        ],
        "rotation_mode": "QUATERNION"
      },
      "armature_space": {
        "head": {
          "x": -0.08665606379508972,
          "y": -0.04553178697824478,
          "z": 0.5557156801223755
        },
        "tail": {
          "x": -0.09078826755285263,
          "y": -0.08211153745651245,
          "z": 0.6514005661010742
        }
      },
      "world_space": {
        "head": {
          "x": -0.08665606379508972,
          "y": 0.017712213099002838,
          "z": 1.5055696964263916
        },
        "tail": {
          "x": -0.09078826755285263,
          "y": -0.01886753737926483,
          "z": 1.6012545824050903
        },
        "rotation_quaternion": {
          "w": 0.5655835866928101,
          "x": 0.8180928826332092,
          "y": 0.041406046599149704,
          "z": 0.09552419185638428
        },
        "matrix": [
          [
            0.978321373462677,
            -0.040305767208337784,
            0.2031320333480835,
            -0.08665606379508972
          ],
          [
            0.17580148577690125,
            -0.356801301240921,
            -0.9174894690513611,
            0.017712213099002838
          ],
          [
            0.10945883393287659,
            0.9333166480064392,
            -0.3419837951660156,
            1.5055696964263916
          ],
          [
            0.0,
            0.0,
            0.0,
            1.0
          ]
        ]
      },
      "bone_length_armature_space": 0.10252195287198564,
      "parent": "spine_01",
      "has_children": true,
      "is_end_bone": false
    },
    "head": {
      "name": "head",
      "local": {
        "location": {
          "x": 0.0,
          "y": 0.0,
          "z": 0.0
        },
        "rotation_quaternion": {
          "w": 0.9882239103317261,
          "x": -0.13161154091358185,
          "y": -0.07795236259698868,
          "z": -0.003915590234100819
        },
        "scale": {
          "x": 1.0,
          "y": 1.0,
          "z": 1.0
        },
        "matrix_basis": [
          [
            0.9878162145614624,
            0.0282578207552433,
            -0.15303809940814972,
            0.0
          ],
          [
            0.0127799017354846,
            0.9653261303901672,
            0.26073381304740906,
            0.0
          ],
          [
            0.15509945154190063,
            -0.25951287150382996,
            0.9532036781311035,
            0.0
          ],
          [
            0.0,
            0.0,
            0.0,
            1.0
          ]
        ],
        "rotation_mode": "QUATERNION"
      },
      "armature_space": {
        "head": {
          "x": -0.09078823029994965,
          "y": -0.0821116492152214,
          "z": 0.6514004468917847
        },
        "tail": {
          "x": -0.11012861877679825,
          "y": -0.04187806695699692,
          "z": 0.7999282479286194
        }
      },
      "world_space": {
        "head": {
          "x": -0.09078823029994965,
          "y": -0.018867649137973785,
          "z": 1.6012544631958008
        },
        "tail": {
          "x": -0.11012861877679825,
          "y": 0.021365933120250702,
          "z": 1.7497823238372803
        },
        "rotation_quaternion": {
          "w": 0.7923230528831482,
          "x": 0.6068476438522339,
          "y": -0.04397999122738838,
          "z": 0.04501054435968399
        },
        "matrix": [
          [
            0.9920796751976013,
            -0.12470413744449615,
            -0.015062898397445679,
            -0.09078823029994965
          ],
          [
            0.017948269844055176,
            0.2594205141067505,
            -0.9655978083610535,
            -0.018867649137973785
          ],
          [
            0.1243225708603859,
            0.9576864838600159,
            0.2596050202846527,
            1.6012544631958008
          ],
          [
            0.0,
            0.0,
            0.0,
            1.0
          ]
        ]
      },
      "bone_length_armature_space": 0.1550912626209286,
      "parent": "neck_01",
      "has_children": false,
      "is_end_bone": true
    },
    "upperarm_l": {
      "name": "upperarm_l",
      "local": {
        "location": {
          "x": 0.0,
          "y": 0.0,
          "z": 0.0
        },
        "rotation_quaternion": {
          "w": 0.958109974861145,
          "x": 0.15079596638679504,
          "y": -0.12552563846111298,
          "z": 0.20863677561283112
        },
        "scale": {
          "x": 1.0,
          "y": 1.0,
          "z": 1.0
        },
        "matrix_basis": [
          [
            0.8814280033111572,
            -0.43765148520469666,
            -0.1776115596294403,
            0.0
          ],
          [
            0.36193642020225525,
            0.8674625158309937,
            -0.34133675694465637,
            0.0
          ],
          [
            0.30345791578292847,
            0.23657971620559692,
            0.9230077862739563,
            0.0
          ],
          [
            0.0,
            0.0,
            0.0,
            1.0
          ]
        ],
        "rotation_mode": "QUATERNION"
      },
      "armature_space": {
        "head": {
          "x": 0.07166270166635513,
          "y": -0.05454642325639725,
          "z": 0.5123454332351685
        },
        "tail": {
          "x": 0.28624194860458374,
          "y": -0.1250889003276825,
          "z": 0.6565237641334534
        }
      },
      "world_space": {
        "head": {
          "x": 0.07166270166635513,
          "y": 0.008697576820850372,
          "z": 1.4621994495391846
        },
        "tail": {
          "x": 0.28624194860458374,
          "y": -0.061844900250434875,
          "z": 1.6063778400421143
        },
        "rotation_quaternion": {
          "w": 0.57020503282547,
          "x": 0.6424236297607422,
          "y": 0.20794597268104553,
          "z": -0.46788519620895386
        },
        "matrix": [
          [
            0.47568243741989136,
            0.8007602095603943,
            -0.3640182316303253,
            0.07166270166635513
          ],
          [
            -0.26640594005584717,
            -0.2632482647895813,
            -0.9272154569625854,
            0.008697576820850372
          ],
          [
            -0.8383105397224426,
            0.5380402207374573,
            0.08810447156429291,
            1.4621994495391846
          ],
          [
            0.0,
            0.0,
            0.0,
            1.0
          ]
        ]
      },
      "bone_length_armature_space": 0.26796994097809224,
      "parent": "spine_01",
      "has_children": true,
      "is_end_bone": false
    },
    "lowerarm_l": {
      "name": "lowerarm_l",
      "local": {
        "location": {
          "x": 0.0,
          "y": 0.0,
          "z": 0.0
        },
        "rotation_quaternion": {
          "w": 0.9229075908660889,
          "x": 0.28733232617378235,
          "y": 0.10078377276659012,
          "z": -0.23563651740550995
        },
        "scale": {
          "x": 1.0,
          "y": 1.0,
          "z": 1.0
        },
        "matrix_basis": [
          [
            0.8686361312866211,
            0.49285832047462463,
            0.05061624199151993,
            0.0
          ],
          [
            -0.3770245909690857,
            0.7238311171531677,
            -0.5778590440750122,
            0.0
          ],
          [
            -0.321440190076828,
            0.48286569118499756,
            0.8145655393600464,
            0.0
          ],
          [
            0.0,
            0.0,
            0.0,
            1.0
          ]
        ],
        "rotation_mode": "QUATERNION"
      },
      "armature_space": {
        "head": {
          "x": 0.28624194860458374,
          "y": -0.12508895993232727,
          "z": 0.6565239429473877
        },
        "tail": {
          "x": 0.4185006022453308,
          "y": -0.3556481599807739,
          "z": 0.6868466734886169
        }
      },
      "world_space": {
        "head": {
          "x": 0.28624194860458374,
          "y": -0.06184495985507965,
          "z": 1.6063779592514038
        },
        "tail": {
          "x": 0.4185006022453308,
          "y": -0.2924041748046875,
          "z": 1.6367006301879883
        },
        "rotation_quaternion": {
          "w": 0.19804231822490692,
          "x": 0.780791699886322,
          "y": 0.17282049357891083,
          "z": -0.5668128728866577
        },
        "matrix": [
          [
            0.29771244525909424,
            0.4943796396255493,
            -0.8166736960411072,
            0.28624194860458374
          ],
          [
            0.045367851853370667,
            -0.8618247509002686,
            -0.5051736831665039,
            -0.06184495985507965
          ],
          [
            -0.9535837173461914,
            0.1133456900715828,
            -0.2790071964263916,
            1.6063779592514038
          ],
          [
            0.0,
            0.0,
            0.0,
            1.0
          ]
        ]
      },
      "bone_length_armature_space": 0.26752451417034734,
      "parent": "upperarm_l",
      "has_children": true,
      "is_end_bone": false
    },
    "metacarpal_thumb_l": {
      "name": "metacarpal_thumb_l",
      "local": {
        "location": {
          "x": 0.0,
          "y": 0.0,
          "z": 0.0
        },
        "rotation_quaternion": {
          "w": 0.999697208404541,
          "x": -0.022820981219410896,
          "y": 0.0001817825250327587,
          "z": 0.00920181069523096
        },
        "scale": {
          "x": 1.0,
          "y": 1.0,
          "z": 1.0
        },
        "matrix_basis": [
          [
            0.9998306035995483,
            -0.018406346440315247,
            -5.6533732276875526e-05,
            0.0
          ],
          [
            0.018389752134680748,
            0.9987890720367432,
            0.04563148692250252,
            0.0
          ],
          [
            -0.000783443683758378,
            -0.04562479630112648,
            0.9989583492279053,
            0.0
          ],
          [
            0.0,
            0.0,
            0.0,
            1.0
          ]
        ],
        "rotation_mode": "QUATERNION"
      },
      "armature_space": {
        "head": {
          "x": 0.4185006022453308,
          "y": -0.3556481599807739,
          "z": 0.6868466734886169
        },
        "tail": {
          "x": 0.41527533531188965,
          "y": -0.403974324464798,
          "z": 0.6764655709266663
        }
      },
      "world_space": {
        "head": {
          "x": 0.4185006022453308,
          "y": -0.2924041748046875,
          "z": 1.6367006301879883
        },
        "tail": {
          "x": 0.41527533531188965,
          "y": -0.34073030948638916,
          "z": 1.6263196468353271
        },
        "rotation_quaternion": {
          "w": 0.10085074603557587,
          "x": -0.9869963526725769,
          "y": 0.04492299258708954,
          "z": -0.11683046817779541
        },
        "matrix": [
          [
            0.9686651229858398,
            -0.06511285156011581,
            0.23968356847763062,
            0.4185006022453308
          ],
          [
            -0.11224254965782166,
            -0.9756223559379578,
            0.18858136236667633,
            -0.2924041748046875
          ],
          [
            0.2215629667043686,
            -0.20957718789577484,
            -0.9523661732673645,
            1.6367006301879883
          ],
          [
            0.0,
            0.0,
            0.0,
            1.0
          ]
        ]
      },
      "bone_length_armature_space": 0.04953370456910956,
      "parent": "lowerarm_l",
      "has_children": true,
      "is_end_bone": false
    },
    "thumb_01_l": {
      "name": "thumb_01_l",
      "local": {
        "location": {
          "x": 0.0,
          "y": 0.0,
          "z": 0.0
        },
        "rotation_quaternion": {
          "w": 0.9818040132522583,
          "x": 0.18985754251480103,
          "y": -0.0038398231845349073,
          "z": -0.0006214269087649882
        },
        "scale": {
          "x": 1.0,
          "y": 1.0,
          "z": 1.0
        },
        "matrix_basis": [
          [
            0.9999697208404541,
            -0.0002377999189775437,
            -0.0077758729457855225,
            0.0
          ],
          [
            -0.0026782776694744825,
            0.9279074668884277,
            -0.3728010356426239,
            0.0
          ],
          [
            0.007303942460566759,
            0.37281057238578796,
            0.927878737449646,
            0.0
          ],
          [
            0.0,
            0.0,
            0.0,
            1.0
          ]
        ],
        "rotation_mode": "QUATERNION"
      },
      "armature_space": {
        "head": {
          "x": 0.41527533531188965,
          "y": -0.403974324464798,
          "z": 0.6764655709266663
        },
        "tail": {
          "x": 0.42822718620300293,
          "y": -0.4217034578323364,
          "z": 0.6504547595977783
        }
      },
      "world_space": {
        "head": {
          "x": 0.41527533531188965,
          "y": -0.34073030948638916,
          "z": 1.6263196468353271
        },
        "tail": {
          "x": 0.42822718620300293,
          "y": -0.35845947265625,
          "z": 1.6003087759017944
        },
        "rotation_quaternion": {
          "w": 0.42000076174736023,
          "x": -0.4702305197715759,
          "y": 0.25134024024009705,
          "z": -0.7343777418136597
        },
        "matrix": [
          [
            -0.20496419072151184,
            0.3805050253868103,
            0.901779294013977,
            0.41527533531188965
          ],
          [
            -0.8532545566558838,
            -0.5208544135093689,
            0.025838837027549744,
            -0.34073030948638916
          ],
          [
            0.4795299172401428,
            -0.7641569375991821,
            0.4314270615577698,
            1.6263196468353271
          ],
          [
            0.0,
            0.0,
            0.0,
            1.0
          ]
        ]
      },
      "bone_length_armature_space": 0.03403872710369548,
      "parent": "metacarpal_thumb_l",
      "has_children": true,
      "is_end_bone": false
    },
    "thumb_02_l": {
      "name": "thumb_02_l",
      "local": {
        "location": {
          "x": 0.0,
          "y": 0.0,
          "z": 0.0
        },
        "rotation_quaternion": {
          "w": 0.9254946708679199,
          "x": 0.3786471486091614,
          "y": 0.008920910768210888,
          "z": -0.002527340082451701
        },
        "scale": {
          "x": 1.0,
          "y": 1.0,
          "z": 1.0
        },
        "matrix_basis": [
          [
            0.999828040599823,
            0.011433834210038185,
            0.014598570764064789,
            0.0
          ],
          [
            0.0020776751916855574,
            0.7132399082183838,
            -0.7009169459342957,
            0.0
          ],
          [
            -0.018426451832056046,
            0.7008267641067505,
            0.7130935192108154,
            0.0
          ],
          [
            0.0,
            0.0,
            0.0,
            1.0
          ]
        ],
        "rotation_mode": "QUATERNION"
      },
      "armature_space": {
        "head": {
          "x": 0.42822715640068054,
          "y": -0.42170342803001404,
          "z": 0.6504547595977783
        },
        "tail": {
          "x": 0.4448321461677551,
          "y": -0.43777891993522644,
          "z": 0.6833035945892334
        }
      },
      "world_space": {
        "head": {
          "x": 0.42822715640068054,
          "y": -0.3584594130516052,
          "z": 1.6003087759017944
        },
        "tail": {
          "x": 0.4448321461677551,
          "y": -0.3745349049568176,
          "z": 1.6331576108932495
        },
        "rotation_quaternion": {
          "w": 0.30218881368637085,
          "x": 0.0972754955291748,
          "y": -0.45668408274650574,
          "z": -0.8310590386390686
        },
        "matrix": [
          [
            -0.7984380125999451,
            0.41342562437057495,
            -0.4376942217350006,
            0.42822715640068054
          ],
          [
            -0.5911229848861694,
            -0.40024250745773315,
            0.7002713084220886,
            -0.3584594130516052
          ],
          [
            0.11432643979787827,
            0.8178594708442688,
            0.5639587044715881,
            1.6003087759017944
          ],
          [
            0.0,
            0.0,
            0.0,
            1.0
          ]
        ]
      },
      "bone_length_armature_space": 0.040164574516217307,
      "parent": "thumb_01_l",
      "has_children": true,
      "is_end_bone": false
    },
    "thumb_03_l": {
      "name": "thumb_03_l",
      "local": {
        "location": {
          "x": 0.0,
          "y": 0.0,
          "z": 0.0
        },
        "rotation_quaternion": {
          "w": 0.9810938239097595,
          "x": 0.19345179200172424,
          "y": 0.0017641437007114291,
          "z": -0.005318668205291033
        },
        "scale": {
          "x": 1.0,
          "y": 1.0,
          "z": 1.0
        },
        "matrix_basis": [
          [
            0.9999371767044067,
            0.011118778958916664,
            0.0014037692453712225,
            0.0
          ],
          [
            -0.00975367147475481,
            0.9250962138175964,
            -0.3796074688434601,
            0.0
          ],
          [
            -0.005519392900168896,
            0.379569947719574,
            0.9251465797424316,
            0.0
          ],
          [
            0.0,
            0.0,
            0.0,
            1.0
          ]
        ],
        "rotation_mode": "QUATERNION"
      },
      "armature_space": {
        "head": {
          "x": 0.44483211636543274,
          "y": -0.4377789795398712,
          "z": 0.6833035349845886
        },
        "tail": {
          "x": 0.4469672441482544,
          "y": -0.43519869446754456,
          "z": 0.713563859462738
        }
      },
      "world_space": {
        "head": {
          "x": 0.44483211636543274,
          "y": -0.3745349645614624,
          "z": 1.63315749168396
        },
        "tail": {
          "x": 0.4469672441482544,
          "y": -0.37195467948913574,
          "z": 1.6634178161621094
        },
        "rotation_quaternion": {
          "w": 0.39713022112846375,
          "x": 0.3237828314304352,
          "y": -0.6202123761177063,
          "z": -0.5939603447914124
        },
        "matrix": [
          [
            -0.47490397095680237,
            0.07013094425201416,
            -0.8772389888763428,
            0.44483211636543274
          ],
          [
            -0.8733878135681152,
            0.08475223928689957,
            0.479594886302948,
            -0.3745349645614624
          ],
          [
            0.10798227787017822,
            0.9939379692077637,
            0.021003037691116333,
            1.63315749168396
          ],
          [
            0.0,
            0.0,
            0.0,
            1.0
          ]
        ]
      },
      "bone_length_armature_space": 0.03044509618835858,
      "parent": "thumb_02_l",
      "has_children": false,
      "is_end_bone": true
    },
    "metacarpal_index_l": {
      "name": "metacarpal_index_l",
      "local": {
        "location": {
          "x": 0.0,
          "y": 0.0,
          "z": 0.0
        },
        "rotation_quaternion": {
          "w": 0.9991067051887512,
          "x": -0.03851582482457161,
          "y": 0.005302505102008581,
          "z": -0.016564009711146355
        },
        "scale": {
          "x": 1.0,
          "y": 1.0,
          "z": 1.0
        },
        "matrix_basis": [
          [
            0.9993950128555298,
            0.03268996626138687,
            0.011871489696204662,
            0.0
          ],
          [
            -0.03350688889622688,
            0.9964843392372131,
            0.07678717374801636,
            0.0
          ],
          [
            -0.009319583885371685,
            -0.0771384984254837,
            0.9969768524169922,
            0.0
          ],
          [
            0.0,
            0.0,
            0.0,
            1.0
          ]
        ],
        "rotation_mode": "QUATERNION"
      },
      "armature_space": {
        "head": {
          "x": 0.4185006022453308,
          "y": -0.3556481599807739,
          "z": 0.6868466734886169
        },
        "tail": {
          "x": 0.4523885250091553,
          "y": -0.4677262008190155,
          "z": 0.6912450194358826
        }
      },
      "world_space": {
        "head": {
          "x": 0.4185006022453308,
          "y": -0.2924041748046875,
          "z": 1.6367006301879883
        },
        "tail": {
          "x": 0.4523885250091553,
          "y": -0.4044821858406067,
          "z": 1.641098976135254
        },
        "rotation_quaternion": {
          "w": 0.04086463153362274,
          "x": 0.9777007699012756,
          "y": 0.1416553258895874,
          "z": -0.14954952895641327
        },
        "matrix": [
          [
            0.9151372909545898,
            0.28921574354171753,
            -0.28085190057754517,
            0.4185006022453308
          ],
          [
            0.2647705078125,
            -0.9565278887748718,
            -0.12227651476860046,
            -0.2924041748046875
          ],
          [
            -0.3040089011192322,
            0.03753781318664551,
            -0.9519369006156921,
            1.6367006301879883
          ],
          [
            0.0,
            0.0,
            0.0,
            1.0
          ]
        ]
      },
      "bone_length_armature_space": 0.11717177033407383,
      "parent": "lowerarm_l",
      "has_children": true,
      "is_end_bone": false
    },
    "index_01_l": {
      "name": "index_01_l",
      "local": {
        "location": {
          "x": 0.0,
          "y": 0.0,
          "z": 0.0
        },
        "rotation_quaternion": {
          "w": 0.9715011119842529,
          "x": 0.23693664371967316,
          "y": 0.005945798009634018,
          "z": -0.003361706156283617
        },
        "scale": {
          "x": 1.0,
          "y": 1.0,
          "z": 1.0
        },
        "matrix_basis": [
          [
            0.9999067187309265,
            0.009349357336759567,
            0.009959676302969456,
            0.0
          ],
          [
            -0.0037142476066946983,
            0.8876994252204895,
            -0.46040838956832886,
            0.0
          ],
          [
            -0.013145721517503262,
            0.46032845973968506,
            0.8876513242721558,
            0.0
          ],
          [
            0.0,
            0.0,
            0.0,
            1.0
          ]
        ],
        "rotation_mode": "QUATERNION"
      },
      "armature_space": {
        "head": {
          "x": 0.4523885250091553,
          "y": -0.4677262008190155,
          "z": 0.6912450194358826
        },
        "tail": {
          "x": 0.465792715549469,
          "y": -0.4902735650539398,
          "z": 0.6800639629364014
        }
      },
      "world_space": {
        "head": {
          "x": 0.4523885250091553,
          "y": -0.4044821858406067,
          "z": 1.641098976135254
        },
        "tail": {
          "x": 0.465792715549469,
          "y": -0.427029550075531,
          "z": 1.6299179792404175
        },
        "rotation_quaternion": {
          "w": 0.15138982236385345,
          "x": -0.9258115291595459,
          "y": -0.2858547270298004,
          "z": 0.19555369019508362
        },
        "matrix": [
          [
            0.7600911855697632,
            0.4700859785079956,
            -0.44864290952682495,
            0.4523885250091553
          ],
          [
            0.5885053873062134,
            -0.7907366752624512,
            0.16851568222045898,
            -0.4044821858406067
          ],
          [
            -0.2755429744720459,
            -0.39211952686309814,
            -0.8776859641075134,
            1.641098976135254
          ],
          [
            0.0,
            0.0,
            0.0,
            1.0
          ]
        ]
      },
      "bone_length_armature_space": 0.028514416796419702,
      "parent": "metacarpal_index_l",
      "has_children": true,
      "is_end_bone": false
    },
    "index_02_l": {
      "name": "index_02_l",
      "local": {
        "location": {
          "x": 0.0,
          "y": 0.0,
          "z": 0.0
        },
        "rotation_quaternion": {
          "w": 0.9130077958106995,
          "x": 0.4078741669654846,
          "y": 0.005274370312690735,
          "z": -0.005258891265839338
        },
        "scale": {
          "x": 1.0,
          "y": 1.0,
          "z": 1.0
        },
        "matrix_basis": [
          [
            0.999889075756073,
            0.013905376195907593,
            0.005341150797903538,
            0.0
          ],
          [
            -0.005300258751958609,
            0.6672220230102539,
            -0.7448400855064392,
            0.0
          ],
          [
            -0.013921014033257961,
            0.7447291016578674,
            0.6672216653823853,
            0.0
          ],
          [
            0.0,
            0.0,
            0.0,
            1.0
          ]
        ],
        "rotation_mode": "QUATERNION"
      },
      "armature_space": {
        "head": {
          "x": 0.46579256653785706,
          "y": -0.49027395248413086,
          "z": 0.6800636053085327
        },
        "tail": {
          "x": 0.46559375524520874,
          "y": -0.5014293789863586,
          "z": 0.6569634675979614
        }
      },
      "world_space": {
        "head": {
          "x": 0.46579256653785706,
          "y": -0.42702996730804443,
          "z": 1.6299176216125488
        },
        "tail": {
          "x": 0.46559375524520874,
          "y": -0.4381853938102722,
          "z": 1.6068174839019775
        },
        "rotation_quaternion": {
          "w": 0.4940328299999237,
          "x": -0.7844682335853577,
          "y": -0.19622701406478882,
          "z": 0.31943079829216003
        },
        "matrix": [
          [
            0.7189183235168457,
            -0.007750123739242554,
            -0.6950513124465942,
            0.46579256653785706
          ],
          [
            0.6234862208366394,
            -0.4348539113998413,
            0.6497443318367004,
            -0.42702996730804443
          ],
          [
            -0.3072829842567444,
            -0.9004745483398438,
            -0.30779382586479187,
            1.6299176216125488
          ],
          [
            0.0,
            0.0,
            0.0,
            1.0
          ]
        ]
      },
      "bone_length_armature_space": 0.02565344833620151,
      "parent": "index_01_l",
      "has_children": true,
      "is_end_bone": false
    },
    "index_03_l": {
      "name": "index_03_l",
      "local": {
        "location": {
          "x": 0.0,
          "y": 0.0,
          "z": 0.0
        },
        "rotation_quaternion": {
          "w": 0.9701424241065979,
          "x": 0.2424900382757187,
          "y": -0.002149434294551611,
          "z": -0.00419936329126358
        },
        "scale": {
          "x": 1.0,
          "y": 1.0,
          "z": 1.0
        },
        "matrix_basis": [
          [
            0.9999554753303528,
            0.007105528376996517,
            -0.006207122467458248,
            0.0
          ],
          [
            -0.00919039361178875,
            0.882361888885498,
            -0.4704816937446594,
            0.0
          ],
          [
            0.0021339072845876217,
            0.4705178141593933,
            0.8823879361152649,
            0.0
          ],
          [
            0.0,
            0.0,
            0.0,
            1.0
          ]
        ],
        "rotation_mode": "QUATERNION"
      },
      "armature_space": {
        "head": {
          "x": 0.4655938148498535,
          "y": -0.5014294981956482,
          "z": 0.656963586807251
        },
        "tail": {
          "x": 0.45684054493904114,
          "y": -0.49947962164878845,
          "z": 0.6291549205780029
        }
      },
      "world_space": {
        "head": {
          "x": 0.4655938148498535,
          "y": -0.43818551301956177,
          "z": 1.606817603111267
        },
        "tail": {
          "x": 0.45684054493904114,
          "y": -0.43623560667037964,
          "z": 1.579008936882019
        },
        "rotation_quaternion": {
          "w": 0.7188405990600586,
          "x": -0.6051232218742371,
          "y": -0.12898007035255432,
          "z": 0.3169516921043396
        },
        "matrix": [
          [
            0.7658104300498962,
            -0.29957786202430725,
            -0.5690231323242188,
            0.4655938148498535
          ],
          [
            0.6117746233940125,
            0.06673422455787659,
            0.7882124185562134,
            -0.43818551301956177
          ],
          [
            -0.19815856218338013,
            -0.9517417550086975,
            0.2343822866678238,
            1.606817603111267
          ],
          [
            0.0,
            0.0,
            0.0,
            1.0
          ]
        ]
      },
      "bone_length_armature_space": 0.029218891961192536,
      "parent": "index_02_l",
      "has_children": false,
      "is_end_bone": true
    },
    "metacarpal_pinky_l": {
      "name": "metacarpal_pinky_l",
      "local": {
        "location": {
          "x": 0.0,
          "y": 0.0,
          "z": 0.0
        },
        "rotation_quaternion": {
          "w": 0.9983475208282471,
          "x": -0.055284999310970306,
          "y": -0.006960960570722818,
          "z": -0.014053547754883766
        },
        "scale": {
          "x": 1.0,
          "y": 1.0,
          "z": 1.0
        },
        "matrix_basis": [
          [
            0.9995080828666687,
            0.02883032336831093,
            -0.012345015071332455,
            0.0
          ],
          [
            -0.02729097567498684,
            0.9934921264648438,
            0.11058293282985687,
            0.0
          ],
          [
            0.015452816151082516,
            -0.11019162833690643,
            0.9937902092933655,
            0.0
          ],
          [
            0.0,
            0.0,
            0.0,
            1.0
          ]
        ],
        "rotation_mode": "QUATERNION"
      },
      "armature_space": {
        "head": {
          "x": 0.4185006022453308,
          "y": -0.3556481599807739,
          "z": 0.6868466734886169
        },
        "tail": {
          "x": 0.4966544210910797,
          "y": -0.42397844791412354,
          "z": 0.6949812173843384
        }
      },
      "world_space": {
        "head": {
          "x": 0.4185006022453308,
          "y": -0.2924041748046875,
          "z": 1.6367006301879883
        },
        "tail": {
          "x": 0.4966544210910797,
          "y": -0.3607344627380371,
          "z": 1.6448352336883545
        },
        "rotation_quaternion": {
          "w": 0.40931758284568787,
          "x": 0.23716023564338684,
          "y": 0.06603378057479858,
          "z": -0.8785521388053894
        },
        "matrix": [
          [
            -0.5524280667304993,
            0.7505353093147278,
            -0.36265668272972107,
            0.4185006022453308
          ],
          [
            -0.6878929138183594,
            -0.6561968922615051,
            -0.3101766109466553,
            -0.2924041748046875
          ],
          [
            -0.47077637910842896,
            0.07811854779720306,
            0.878795325756073,
            1.6367006301879883
          ],
          [
            0.0,
            0.0,
            0.0,
            1.0
          ]
        ]
      },
      "bone_length_armature_space": 0.10413077661724661,
      "parent": "lowerarm_l",
      "has_children": true,
      "is_end_bone": false
    },
    "pinky_01_l": {
      "name": "pinky_01_l",
      "local": {
        "location": {
          "x": 0.0,
          "y": 0.0,
          "z": 0.0
        },
        "rotation_quaternion": {
          "w": 0.945075511932373,
          "x": 0.32648831605911255,
          "y": -0.015414332039654255,
          "z": 0.0004614663193933666
        },
        "scale": {
          "x": 1.0,
          "y": 1.0,
          "z": 1.0
        },
        "matrix_basis": [
          [
            0.9995243549346924,
            -0.010937439277768135,
            -0.028834089636802673,
            0.0
          ],
          [
            -0.009192957542836666,
            0.7868103384971619,
            -0.61712646484375,
            0.0
          ],
          [
            0.029436742886900902,
            0.6170979738235474,
            0.7863355278968811,
            0.0
          ],
          [
            0.0,
            0.0,
            0.0,
            1.0
          ]
        ],
        "rotation_mode": "QUATERNION"
      },
      "armature_space": {
        "head": {
          "x": 0.4966544210910797,
          "y": -0.42397844791412354,
          "z": 0.6949812173843384
        },
        "tail": {
