{
  "metadata": {
    "armature_name": "KIM_caucasian_male",
    "export_time": "2026-01-13T19:11:26.000390",
    "blender_version": "4.4.1",
    "bone_count": 56,
    "end_bone_count": 13,
    "spaces_included": [
      "LOCAL_CHANNELS",
      "ARMATURE_SPACE",
      "WORLD_SPACE"
    ],
    "note": "LOCAL matches Transform panel; replay pose via local.matrix_basis for best fidelity."
  },
  "bones": {
    "Root": {
      "name": "Root",
      "local": {
        "location": {
          "x": 0.0,
          "y": 0.0,
          "z": 0.0
        },
        "rotation_quaternion": {
          "w": 0.9996838569641113,
          "x": -0.01866808533668518,
          "y": 0.0006833571242168546,
          "z": -0.016830777749419212
        },
        "scale": {
          "x": 1.0,
          "y": 1.0,
          "z": 1.0
        },
        "matrix_basis": [
          [
            0.9994325041770935,
            0.03362540155649185,
            0.001994678983464837,
            0.0
          ],
          [
            -0.033676426857709885,
            0.9987364411354065,
            0.03730136528611183,
            0.0
          ],
          [
            -0.0007378853624686599,
            -0.03734736889600754,
            0.999302089214325,
            0.0
          ],
          [
            0.0,
            0.0,
            0.0,
            1.0
          ]
        ],
        "rotation_mode": "QUATERNION"
      },
      "armature_space": {
        "head": {
          "x": 0.0,
          "y": 0.07072800397872925,
          "z": -0.009595036506652832
        },
        "tail": {
          "x": 0.0024000422563403845,
          "y": 0.0004477202892303467,
          "z": 0.002629399299621582
        }
      },
      "world_space": {
        "head": {
          "x": 0.0,
          "y": 0.13397200405597687,
          "z": 0.9402589797973633
        },
        "tail": {
          "x": 0.0024000422563403845,
          "y": 0.06369172036647797,
          "z": 0.9524834156036377
        },
        "rotation_quaternion": {
          "w": 0.08597203344106674,
          "x": 0.9961551427841187,
          "y": 0.01683858036994934,
          "z": -0.00045205149217508733
        },
        "matrix": [
          [
            0.9994325041770935,
            0.03362540155649185,
            0.001994678983464837,
            0.0
          ],
          [
            0.033469945192337036,
            -0.9846504330635071,
            -0.17129866778850555,
            0.13397200405597687
          ],
          [
            -0.003795918542891741,
            0.17126846313476562,
            -0.985224187374115,
            0.9402589797973633
          ],
          [
            0.0,
            0.0,
            0.0,
            1.0
          ]
        ]
      },
      "bone_length_armature_space": 0.07137587271060773,
      "parent": null,
      "has_children": true,
      "is_end_bone": false
    },
    "spine_01": {
      "name": "spine_01",
      "local": {
        "location": {
          "x": 0.0,
          "y": 0.0,
          "z": 0.0
        },
        "rotation_quaternion": {
          "w": 0.9999290704727173,
          "x": -0.0015232446603477001,
          "y": -0.0020592855289578438,
          "z": -0.0116356760263443
        },
        "scale": {
          "x": 1.0,
          "y": 1.0,
          "z": 1.0
        },
        "matrix_basis": [
          [
            0.9997207522392273,
            0.02327597513794899,
            -0.004082831088453531,
            0.0
          ],
          [
            -0.02326342836022377,
            0.9997245669364929,
            0.003094195621088147,
            0.0
          ],
          [
            0.00415372708812356,
            -0.0029983508866280317,
            0.9999868869781494,
            0.0
          ],
          [
            0.0,
            0.0,
            0.0,
            1.0
          ]
        ],
        "rotation_mode": "QUATERNION"
      },
      "armature_space": {
        "head": {
          "x": 0.0024000422563403845,
          "y": 0.0004477202892303467,
          "z": 0.002629399299621582
        },
        "tail": {
          "x": 0.014176774770021439,
          "y": 0.043273694813251495,
          "z": 0.48860862851142883
        }
      },
      "world_space": {
        "head": {
          "x": 0.0024000422563403845,
          "y": 0.06369172036647797,
          "z": 0.9524834156036377
        },
        "tail": {
          "x": 0.014176774770021439,
          "y": 0.10651769489049911,
          "z": 1.4384626150131226
        },
        "rotation_quaternion": {
          "w": 0.737234890460968,
          "x": 0.6753666400909424,
          "y": 0.019064519554376602,
          "z": 0.0010976744815707207
        },
        "matrix": [
          [
            0.9992706775665283,
            0.024132587015628815,
            0.029592562466859818,
            0.0024000422563403845
          ],
          [
            0.027369393035769463,
            0.08775792270898819,
            -0.995765745639801,
            0.06369172036647797
          ],
          [
            -0.026627546176314354,
            0.9958565831184387,
            0.08703309297561646,
            0.9524834156036377
          ],
          [
            0.0,
            0.0,
            0.0,
            1.0
          ]
        ]
      },
      "bone_length_armature_space": 0.4880046730237564,
      "parent": "Root",
      "has_children": true,
      "is_end_bone": false
    },
    "neck_01": {
      "name": "neck_01",
      "local": {
        "location": {
          "x": 0.0,
          "y": 0.0,
          "z": 0.0
        },
        "rotation_quaternion": {
          "w": 0.9960224032402039,
          "x": -0.01618500053882599,
          "y": 0.06270290166139603,
          "z": -0.06120431795716286
        },
        "scale": {
          "x": 1.0,
          "y": 1.0,
          "z": 1.0
        },
        "matrix_basis": [
          [
            0.9846447706222534,
            0.11989205330610275,
            0.12688817083835602,
            0.0
          ],
          [
            -0.12395143508911133,
            0.9919841289520264,
            0.024565869942307472,
            0.0
          ],
          [
            -0.12292580306529999,
            -0.03991662338376045,
            0.9916127920150757,
            0.0
          ],
          [
            0.0,
            0.0,
            0.0,
            1.0
          ]
        ],
        "rotation_mode": "QUATERNION"
      },
      "armature_space": {
        "head": {
          "x": 0.016970008611679077,
          "y": 0.015165600925683975,
          "z": 0.5645420551300049
        },
        "tail": {
          "x": 0.03259913623332977,
          "y": -0.010828698053956032,
          "z": 0.6624745726585388
        }
      },
      "world_space": {
        "head": {
          "x": 0.016970008611679077,
          "y": 0.0784095972776413,
          "z": 1.514396071434021
        },
        "tail": {
          "x": 0.03259913623332977,
          "y": 0.05241530388593674,
          "z": 1.6123285293579102
        },
        "rotation_quaternion": {
          "w": 0.6018611192703247,
          "x": 0.7916119694709778,
          "y": 0.10482321679592133,
          "z": 0.011224545538425446
        },
        "matrix": [
          [
            0.9777721166610718,
            0.15244753658771515,
            0.1439497470855713,
            0.016970008611679077
          ],
          [
            0.17947056889533997,
            -0.25355014204978943,
            -0.9505276679992676,
            0.0784095972776413
          ],
          [
            -0.10840771347284317,
            0.9552405476570129,
            -0.27527692914009094,
            1.514396071434021
          ],
          [
            0.0,
            0.0,
            0.0,
            1.0
          ]
        ]
      },
      "bone_length_armature_space": 0.10252195269456126,
      "parent": "spine_01",
      "has_children": true,
      "is_end_bone": false
    },
    "head": {
      "name": "head",
      "local": {
        "location": {
          "x": 0.0,
          "y": 0.0,
          "z": 0.0
        },
        "rotation_quaternion": {
          "w": 0.9977495074272156,
          "x": -0.030565278604626656,
          "y": 0.008489278145134449,
          "z": 0.05907411128282547
        },
        "scale": {
          "x": 1.0,
          "y": 1.0,
          "z": 1.0
        },
        "matrix_basis": [
          [
            0.9928763508796692,
            -0.11840128153562546,
            0.013329112902283669,
            0.0
          ],
          [
            0.11736337840557098,
            0.9911520481109619,
            0.0619959756731987,
            0.0
          ],
          [
            -0.02055157907307148,
            -0.059989988803863525,
            0.9979873895645142,
            0.0
          ],
          [
            0.0,
            0.0,
            0.0,
            1.0
          ]
        ],
        "rotation_mode": "QUATERNION"
      },
      "armature_space": {
        "head": {
          "x": 0.03259914368391037,
          "y": -0.010828827507793903,
          "z": 0.6624744534492493
        },
        "tail": {
          "x": 0.026654213666915894,
          "y": 0.011494978331029415,
          "z": 0.8158355951309204
        }
      },
      "world_space": {
        "head": {
          "x": 0.03259914368391037,
          "y": 0.05241517350077629,
          "z": 1.6123285293579102
        },
        "tail": {
          "x": 0.026654213666915894,
          "y": 0.07473897933959961,
          "z": 1.7656896114349365
        },
        "rotation_quaternion": {
          "w": 0.7534583806991577,
          "x": 0.6491139531135559,
          "y": 0.06534997373819351,
          "z": 0.081737220287323
        },
        "matrix": [
          [
            0.9780968427658081,
            -0.038332074880599976,
            0.20459073781967163,
            0.03259914368391037
          ],
          [
            0.20801059901714325,
            0.1439407765865326,
            -0.9674776196479797,
            0.05241517350077629
          ],
          [
            0.007636751048266888,
            0.9888509511947632,
            0.14876163005828857,
            1.6123285293579102
          ],
          [
            0.0,
            0.0,
            0.0,
            1.0
          ]
        ]
      },
      "bone_length_armature_space": 0.1550913711330639,
      "parent": "neck_01",
      "has_children": false,
      "is_end_bone": true
    },
    "upperarm_l": {
      "name": "upperarm_l",
      "local": {
        "location": {
          "x": 0.0,
          "y": 0.0,
          "z": 0.0
        },
        "rotation_quaternion": {
          "w": 0.9326659440994263,
          "x": 0.052550993859767914,
          "y": 0.34679996967315674,
          "z": 0.0842759981751442
        },
        "scale": {
          "x": 1.0,
          "y": 1.0,
          "z": 1.0
        },
        "matrix_basis": [
          [
            0.7452546954154968,
            -0.12075334042310715,
            0.6557546257972717,
            0.0
          ],
          [
            0.19365207850933075,
            0.9802718758583069,
            -0.03957121819257736,
            0.0
          ],
          [
            -0.6380394697189331,
            0.1564788669347763,
            0.7539363503456116,
            0.0
          ],
          [
            0.0,
            0.0,
            0.0,
            1.0
          ]
        ],
        "rotation_mode": "QUATERNION"
      },
      "armature_space": {
        "head": {
          "x": 0.165333092212677,
          "y": 0.010197367519140244,
          "z": 0.4938962161540985
        },
        "tail": {
          "x": 0.4314916431903839,
          "y": -0.012555185705423355,
          "z": 0.5150988698005676
        }
      },
      "world_space": {
        "head": {
          "x": 0.165333092212677,
          "y": 0.07344137132167816,
          "z": 1.443750262260437
        },
        "tail": {
          "x": 0.4314916431903839,
          "y": 0.050688814371824265,
          "z": 1.4649529457092285
        },
        "rotation_quaternion": {
          "w": 0.32558339834213257,
          "x": 0.6716964840888977,
          "y": 0.5929082036018372,
          "z": -0.3021243214607239
        },
        "matrix": [
          [
            0.11435989290475845,
            0.9932422637939453,
            -0.019786592572927475,
            0.165333092212677
          ],
          [
            0.5997755527496338,
            -0.08490727096796036,
            -0.7956507802009583,
            0.07344137132167816
          ],
          [
            -0.7919591069221497,
            0.07912345230579376,
            -0.6054374575614929,
            1.443750262260437
          ],
          [
            0.0,
            0.0,
            0.0,
            1.0
          ]
        ]
      },
      "bone_length_armature_space": 0.2679694102618192,
      "parent": "spine_01",
      "has_children": true,
      "is_end_bone": false
    },
    "lowerarm_l": {
      "name": "lowerarm_l",
      "local": {
        "location": {
          "x": 0.0,
          "y": 0.0,
          "z": 0.0
        },
        "rotation_quaternion": {
          "w": 0.9745129942893982,
          "x": 0.21367383003234863,
          "y": -0.06361164152622223,
          "z": 0.024932101368904114
        },
        "scale": {
          "x": 1.0,
          "y": 1.0,
          "z": 1.0
        },
        "matrix_basis": [
          [
            0.9906638860702515,
            -0.07577759772539139,
            -0.1133260652422905,
            0.0
          ],
          [
            0.02140902727842331,
            0.9074437618255615,
            -0.4196277856826782,
            0.0
          ],
          [
            0.13463541865348816,
            0.41328391432762146,
            0.9005941152572632,
            0.0
          ],
          [
            0.0,
            0.0,
            0.0,
            1.0
          ]
        ],
        "rotation_mode": "QUATERNION"
      },
      "armature_space": {
        "head": {
          "x": 0.4314917325973511,
          "y": -0.01255530584603548,
          "z": 0.5150989294052124
        },
        "tail": {
          "x": 0.6470072269439697,
          "y": -0.16956529021263123,
          "z": 0.49341335892677307
        }
      },
      "world_space": {
        "head": {
          "x": 0.4314917325973511,
          "y": 0.050688695162534714,
          "z": 1.4649529457092285
        },
        "tail": {
          "x": 0.6470072269439697,
          "y": -0.1063212901353836,
          "z": 1.4432673454284668
        },
        "rotation_quaternion": {
          "w": 0.2226749211549759,
          "x": 0.7289198040962219,
          "y": 0.3961883783340454,
          "z": -0.5119829773902893
        },
        "matrix": [
          [
            0.16181540489196777,
            0.8055917024612427,
            -0.5699449777603149,
            0.4314917325973511
          ],
          [
            0.3495675325393677,
            -0.5868995189666748,
            -0.730309247970581,
            0.050688695162534714
          ],
          [
            -0.9228378534317017,
            -0.08106015622615814,
            -0.37658149003982544,
            1.4649529457092285
          ],
          [
            0.0,
            0.0,
            0.0,
            1.0
          ]
        ]
      },
      "bone_length_armature_space": 0.26752444253252017,
      "parent": "upperarm_l",
      "has_children": true,
      "is_end_bone": false
    },
    "metacarpal_thumb_l": {
      "name": "metacarpal_thumb_l",
      "local": {
        "location": {
          "x": 0.0,
          "y": 0.0,
          "z": 0.0
        },
        "rotation_quaternion": {
          "w": 0.9984482526779175,
          "x": -0.05453117564320564,
          "y": -0.011281522922217846,
          "z": 0.0005792558658868074
        },
        "scale": {
          "x": 1.0,
          "y": 1.0,
          "z": 1.0
        },
        "matrix_basis": [
          [
            0.9997447729110718,
            7.367540092673153e-05,
            -0.022591209039092064,
            0.0
          ],
          [
            0.0023871033918112516,
            0.9940520524978638,
            0.10888004302978516,
            0.0
          ],
          [
            0.02246485836803913,
            -0.10890618711709976,
            0.9937981367111206,
            0.0
          ],
          [
            0.0,
            0.0,
            0.0,
            1.0
          ]
        ],
        "rotation_mode": "QUATERNION"
      },
      "armature_space": {
        "head": {
          "x": 0.6470072269439697,
          "y": -0.16956529021263123,
          "z": 0.49341335892677307
        },
        "tail": {
          "x": 0.6630228161811829,
          "y": -0.2129911482334137,
          "z": 0.47577008605003357
        }
      },
      "world_space": {
        "head": {
          "x": 0.6470072269439697,
          "y": -0.1063212901353836,
          "z": 1.4432673454284668
        },
        "tail": {
          "x": 0.6630228161811829,
          "y": -0.14974714815616608,
          "z": 1.425624132156372
        },
        "rotation_quaternion": {
          "w": 0.19345441460609436,
          "x": -0.9669667482376099,
          "y": -0.15565532445907593,
          "z": -0.057637669146060944
        },
        "matrix": [
          [
            0.9448984861373901,
            0.32332751154899597,
            0.051242440938949585,
            0.6470072269439697
          ],
          [
            0.2787269949913025,
            -0.876693606376648,
            0.3920707404613495,
            -0.1063212901353836
          ],
          [
            0.17169269919395447,
            -0.35618776082992554,
            -0.9185128211975098,
            1.4432673454284668
          ],
          [
            0.0,
            0.0,
            0.0,
            1.0
          ]
        ]
      },
      "bone_length_armature_space": 0.04953371928555166,
      "parent": "lowerarm_l",
      "has_children": true,
      "is_end_bone": false
    },
    "thumb_01_l": {
      "name": "thumb_01_l",
      "local": {
        "location": {
          "x": 0.0,
          "y": 0.0,
          "z": 0.0
        },
        "rotation_quaternion": {
          "w": 0.9992914199829102,
          "x": -0.03550506383180618,
          "y": -0.004187847021967173,
          "z": -0.011776161380112171
        },
        "scale": {
          "x": 1.0,
          "y": 1.0,
          "z": 1.0
        },
        "matrix_basis": [
          [
            0.9996875524520874,
            0.0238330140709877,
            -0.007533532567322254,
            0.0
          ],
          [
            -0.023238254711031914,
            0.9972014427185059,
            0.07105844467878342,
            0.0
          ],
          [
            0.009205985814332962,
            -0.07086117565631866,
            0.997443675994873,
            0.0
          ],
          [
            0.0,
            0.0,
            0.0,
            1.0
          ]
        ],
        "rotation_mode": "QUATERNION"
      },
      "armature_space": {
        "head": {
          "x": 0.6630228161811829,
          "y": -0.2129911482334137,
          "z": 0.47577008605003357
        },
        "tail": {
          "x": 0.665501058101654,
          "y": -0.2252318412065506,
          "z": 0.44410523772239685
        }
      },
      "world_space": {
        "head": {
          "x": 0.6630228161811829,
          "y": -0.14974714815616608,
          "z": 1.425624132156372
        },
        "tail": {
          "x": 0.665501058101654,
          "y": -0.16198784112930298,
          "z": 1.3939592838287354
        },
        "rotation_quaternion": {
          "w": 0.4583319425582886,
          "x": -0.6280632615089417,
          "y": 0.3318527042865753,
          "z": -0.5341742634773254
        },
        "matrix": [
          [
            0.20906482636928558,
            0.0728074386715889,
            0.9751875400543213,
            0.6630228161811829
          ],
          [
            -0.9065064787864685,
            -0.3596121668815613,
            0.22118952870368958,
            -0.14974714815616608
          ],
          [
            0.36679527163505554,
            -0.9302639365196228,
            -0.00918169692158699,
            1.425624132156372
          ],
          [
            0.0,
            0.0,
            0.0,
            1.0
          ]
        ]
      },
      "bone_length_armature_space": 0.0340387842297459,
      "parent": "metacarpal_thumb_l",
      "has_children": true,
      "is_end_bone": false
    },
    "thumb_02_l": {
      "name": "thumb_02_l",
      "local": {
        "location": {
          "x": 0.0,
          "y": 0.0,
          "z": 0.0
        },
        "rotation_quaternion": {
          "w": 0.9960806369781494,
          "x": 0.08817621320486069,
          "y": 6.578374450327829e-05,
          "z": -0.0069593144580721855
        },
        "scale": {
          "x": 1.0,
          "y": 1.0,
          "z": 1.0
        },
        "matrix_basis": [
          [
            0.99990314245224,
            0.013875678181648254,
            -0.001096240128390491,
            0.0
          ],
          [
            -0.013852475211024284,
            0.9843530654907227,
            -0.17566215991973877,
            0.0
          ],
          [
            -0.0013583438703790307,
            0.17566032707691193,
            0.9844499230384827,
            0.0
          ],
          [
            0.0,
            0.0,
            0.0,
            1.0
          ]
        ],
        "rotation_mode": "QUATERNION"
      },
      "armature_space": {
        "head": {
          "x": 0.6655009984970093,
          "y": -0.2252318114042282,
          "z": 0.44410523772239685
        },
        "tail": {
          "x": 0.6978910565376282,
          "y": -0.24884937703609467,
          "z": 0.44160032272338867
        }
      },
      "world_space": {
        "head": {
          "x": 0.6655009984970093,
          "y": -0.1619878113269806,
          "z": 1.3939592838287354
        },
        "tail": {
          "x": 0.6978910565376282,
          "y": -0.18560537695884705,
          "z": 1.3914543390274048
        },
        "rotation_quaternion": {
          "w": 0.450175940990448,
          "x": -0.18111063539981842,
          "y": -0.057707659900188446,
          "z": -0.8724737763404846
        },
        "matrix": [
          [
            -0.5290809869766235,
            0.8064364790916443,
            0.26407063007354736,
            0.6655009984970093
          ],
          [
            -0.7646302580833435,
            -0.5880224108695984,
            0.2637615203857422,
            -0.1619878113269806
          ],
          [
            0.3679882287979126,
            -0.062366217374801636,
            0.9277441501617432,
            1.3939592838287354
          ],
          [
            0.0,
            0.0,
            0.0,
            1.0
          ]
        ]
      },
      "bone_length_armature_space": 0.040164410962480926,
      "parent": "thumb_01_l",
      "has_children": true,
      "is_end_bone": false
    },
    "thumb_03_l": {
      "name": "thumb_03_l",
      "local": {
        "location": {
          "x": 0.0,
          "y": 0.0,
          "z": 0.0
        },
        "rotation_quaternion": {
          "w": 0.9959174990653992,
          "x": 0.0902479887008667,
          "y": -0.0007194214267656207,
          "z": 0.0017753558931872249
        },
        "scale": {
          "x": 1.0,
          "y": 1.0,
          "z": 1.0
        },
        "matrix_basis": [
          [
            0.9999926686286926,
            -0.003666068660095334,
            -0.0011125241871923208,
            0.0
          ],
          [
            0.003406363306567073,
            0.9837042689323425,
            -0.17976166307926178,
            0.0
          ],
          [
            0.001753413351252675,
            0.1797565519809723,
            0.9837095737457275,
            0.0
          ],
          [
            0.0,
            0.0,
            0.0,
            1.0
          ]
        ],
        "rotation_mode": "QUATERNION"
      },
      "armature_space": {
        "head": {
          "x": 0.6978909969329834,
          "y": -0.24884940683841705,
          "z": 0.4416002929210663
        },
        "tail": {
          "x": 0.724887490272522,
          "y": -0.2593279778957367,
          "z": 0.4509960114955902
        }
      },
      "world_space": {
        "head": {
          "x": 0.6978909969329834,
          "y": -0.18560540676116943,
          "z": 1.3914543390274048
        },
        "tail": {
          "x": 0.724887490272522,
          "y": -0.19608397781848907,
          "z": 1.4008500576019287
        },
        "rotation_quaternion": {
          "w": 0.5572570562362671,
          "x": 0.08401293307542801,
          "y": -0.13180860877037048,
          "z": -0.815495491027832
        },
        "matrix": [
          [
            -0.36481237411499023,
            0.8867340087890625,
            -0.2839270830154419,
            0.6978909969329834
          ],
          [
            -0.9310288429260254,
            -0.34418174624443054,
            0.1213441714644432,
            -0.18560540676116943
          ],
          [
            0.009876585565507412,
            0.30861401557922363,
            0.9511435627937317,
            1.3914543390274048
          ],
          [
            0.0,
            0.0,
            0.0,
            1.0
          ]
        ]
      },
      "bone_length_armature_space": 0.030444878889387697,
      "parent": "thumb_02_l",
      "has_children": false,
      "is_end_bone": true
    },
    "metacarpal_index_l": {
      "name": "metacarpal_index_l",
      "local": {
        "location": {
          "x": 0.0,
          "y": 0.0,
          "z": 0.0
        },
        "rotation_quaternion": {
          "w": 0.9992197155952454,
          "x": -0.03777889162302017,
          "y": 0.007593158166855574,
          "z": 0.008665323257446289
        },
        "scale": {
          "x": 1.0,
          "y": 1.0,
          "z": 1.0
        },
        "matrix_basis": [
          [
            0.9997345209121704,
            -0.017890846356749535,
            0.014519734308123589,
            0.0
          ],
          [
            0.016743401065468788,
            0.9969953298568726,
            0.07563041895627975,
            0.0
          ],
          [
            -0.01582919992506504,
            -0.07536723464727402,
            0.9970301985740662,
            0.0
          ],
          [
            0.0,
            0.0,
            0.0,
            1.0
          ]
        ],
        "rotation_mode": "QUATERNION"
      },
      "armature_space": {
        "head": {
          "x": 0.6470072269439697,
          "y": -0.16956529021263123,
          "z": 0.49341335892677307
        },
        "tail": {
          "x": 0.718766450881958,
          "y": -0.26020920276641846,
          "z": 0.4743472635746002
        }
      },
      "world_space": {
        "head": {
          "x": 0.6470072269439697,
          "y": -0.1063212901353836,
          "z": 1.4432673454284668
        },
        "tail": {
          "x": 0.718766450881958,
          "y": -0.19696520268917084,
          "z": 1.424201250076294
        },
        "rotation_quaternion": {
          "w": 0.0343644805252552,
          "x": -0.9300624132156372,
          "y": -0.3346933126449585,
          "z": 0.14759182929992676
        },
        "matrix": [
          [
            0.7323936223983765,
            0.6124276518821716,
            -0.2975423336029053,
            0.6470072269439697
          ],
          [
            0.6327152848243713,
            -0.773598849773407,
            -0.03487502783536911,
            -0.1063212901353836
          ],
          [
            -0.25153806805610657,
            -0.16271927952766418,
            -0.954078197479248,
            1.4432673454284668
          ],
          [
            0.0,
            0.0,
            0.0,
            1.0
          ]
        ]
      },
      "bone_length_armature_space": 0.11717175859783349,
      "parent": "lowerarm_l",
      "has_children": true,
      "is_end_bone": false
    },
    "index_01_l": {
      "name": "index_01_l",
      "local": {
        "location": {
          "x": 0.0,
          "y": 0.0,
          "z": 0.0
        },
        "rotation_quaternion": {
          "w": 0.9951103925704956,
          "x": -0.09687565267086029,
          "y": -0.01854148507118225,
          "z": 0.005173478741198778
        },
        "scale": {
          "x": 1.0,
          "y": 1.0,
          "z": 1.0
        },
        "matrix_basis": [
          [
            0.9992588758468628,
            -0.006703928112983704,
            -0.03790401667356491,
            0.0
          ],
          [
            0.013888801448047161,
            0.9811766743659973,
            0.19261209666728973,
            0.0
          ],
          [
            0.03589928150177002,
            -0.19299578666687012,
            0.9805426597595215,
            0.0
          ],
          [
            0.0,
            0.0,
            0.0,
            1.0
          ]
        ],
        "rotation_mode": "QUATERNION"
      },
      "armature_space": {
        "head": {
          "x": 0.718766450881958,
          "y": -0.26020920276641846,
          "z": 0.4743472635746002
        },
        "tail": {
          "x": 0.7437465190887451,
          "y": -0.2737616002559662,
          "z": 0.4766703248023987
        }
      },
      "world_space": {
        "head": {
          "x": 0.718766450881958,
          "y": -0.19696520268917084,
          "z": 1.424201250076294
        },
        "tail": {
          "x": 0.7437465190887451,
          "y": -0.21051760017871857,
          "z": 1.4265244007110596
        },
        "rotation_quaternion": {
          "w": 0.0878162756562233,
          "x": 0.8561434149742126,
          "y": 0.5046250224113464,
          "z": -0.06826624274253845
        },
        "matrix": [
          [
            0.48138654232025146,
            0.8760523796081543,
            -0.028262197971343994,
            0.718766450881958
          ],
          [
            0.8520731329917908,
            -0.47528356313705444,
            -0.219264954328537,
            -0.19696520268917084
          ],
          [
            -0.20552080869674683,
            0.0814698338508606,
            -0.9752629995346069,
            1.424201250076294
          ],
          [
            0.0,
            0.0,
            0.0,
            1.0
          ]
        ]
      },
      "bone_length_armature_space": 0.02851434572415793,
      "parent": "metacarpal_index_l",
      "has_children": true,
      "is_end_bone": false
    },
    "index_02_l": {
      "name": "index_02_l",
      "local": {
        "location": {
          "x": 0.0,
          "y": 0.0,
          "z": 0.0
        },
        "rotation_quaternion": {
          "w": 0.9994862675666809,
          "x": 0.03048580326139927,
          "y": -0.0030003124848008156,
          "z": -0.009426259435713291
        },
        "scale": {
          "x": 1.0,
          "y": 1.0,
          "z": 1.0
        },
        "matrix_basis": [
          [
            0.9998042583465576,
            0.01865989901125431,
            -0.00657227635383606,
            0.0
          ],
          [
            -0.019025767222046852,
            0.997963547706604,
            -0.060883719474077225,
            0.0
          ],
          [
            0.005422808229923248,
            0.06099684536457062,
            0.9981232285499573,
            0.0
          ],
          [
            0.0,
            0.0,
            0.0,
            1.0
          ]
        ],
        "rotation_mode": "QUATERNION"
      },
      "armature_space": {
        "head": {
          "x": 0.7437467575073242,
          "y": -0.273762047290802,
          "z": 0.47667011618614197
        },
        "tail": {
          "x": 0.7667325735092163,
          "y": -0.28509360551834106,
          "z": 0.4778265357017517
        }
      },
      "world_space": {
        "head": {
          "x": 0.7437467575073242,
          "y": -0.21051804721355438,
          "z": 1.4265241622924805
        },
        "tail": {
          "x": 0.7667325735092163,
          "y": -0.22184960544109344,
          "z": 1.427680492401123
        },
        "rotation_quaternion": {
          "w": 0.0933808833360672,
          "x": 0.8421527147293091,
          "y": 0.5200191140174866,
          "z": -0.10788498818874359
        },
        "matrix": [
          [
            0.4358818233013153,
            0.8960195183753967,
            -0.08459070324897766,
            0.7437467575073242
          ],
          [
            0.8557220697402954,
            -0.4417199492454529,
            -0.26948726177215576,
            -0.21051804721355438
          ],
          [
            -0.27883240580558777,
            0.0450783297419548,
            -0.9592885971069336,
            1.4265241622924805
          ],
          [
            0.0,
            0.0,
            0.0,
            1.0
          ]
        ]
      },
      "bone_length_armature_space": 0.025653250301527757,
      "parent": "index_01_l",
      "has_children": true,
      "is_end_bone": false
    },
    "index_03_l": {
      "name": "index_03_l",
      "local": {
        "location": {
          "x": 0.0,
          "y": 0.0,
          "z": 0.0
        },
        "rotation_quaternion": {
          "w": 0.9989806413650513,
          "x": 0.044803082942962646,
          "y": -0.0016694599762558937,
          "z": 0.005271808709949255
        },
        "scale": {
          "x": 1.0,
          "y": 1.0,
          "z": 1.0
        },
        "matrix_basis": [
          [
            0.9999388456344604,
            -0.010682463645935059,
            -0.002863129833713174,
            0.0
          ],
          [
            0.010383275337517262,
            0.9959297776222229,
            -0.08953242748975754,
            0.0
          ],
          [
            0.0038079030346125364,
            0.08949722349643707,
            0.9959797859191895,
            0.0
          ],
          [
            0.0,
            0.0,
            0.0,
            1.0
          ]
        ],
        "rotation_mode": "QUATERNION"
      },
      "armature_space": {
        "head": {
          "x": 0.7667325735092163,
          "y": -0.28509360551834106,
          "z": 0.47782668471336365
        },
        "tail": {
          "x": 0.7930535674095154,
          "y": -0.2969997227191925,
          "z": 0.47344711422920227
        }
      },
      "world_space": {
        "head": {
          "x": 0.7667325735092163,
          "y": -0.22184960544109344,
          "z": 1.4276807308197021
        },
        "tail": {
          "x": 0.7930535674095154,
          "y": -0.23375572264194489,
          "z": 1.423301100730896
        },
        "rotation_quaternion": {
          "w": 0.0041518667712807655,
          "x": -0.8285423517227173,
          "y": -0.5442804098129272,
          "z": 0.13137447834014893
        },
        "matrix": [
          [
            0.37299877405166626,
            0.9008277654647827,
            -0.22221779823303223,
            0.7667325735092163
          ],
          [
            0.9030094742774963,
            -0.4074830114841461,
            -0.1361306607723236,
            -0.22184960544109344
          ],
          [
            -0.21318086981773376,
            -0.14988973736763,
            -0.9654538035392761,
            1.4276807308197021
          ],
          [
            0.0,
            0.0,
            0.0,
            1.0
          ]
        ]
      },
      "bone_length_armature_space": 0.029218675480303477,
      "parent": "index_02_l",
      "has_children": false,
      "is_end_bone": true
    },
    "metacarpal_pinky_l": {
      "name": "metacarpal_pinky_l",
      "local": {
        "location": {
          "x": 0.0,
          "y": 0.0,
          "z": 0.0
        },
        "rotation_quaternion": {
          "w": 0.999878466129303,
          "x": 0.0038050992880016565,
          "y": 0.014501428231596947,
          "z": -0.004284879192709923
        },
        "scale": {
          "x": 1.0,
          "y": 1.0,
          "z": 1.0
        },
        "matrix_basis": [
          [
            0.9995427131652832,
            0.008679075166583061,
            0.028966723009943962,
            0.0
          ],
          [
            -0.008458358235657215,
            0.9999343156814575,
            -0.00773354759439826,
            0.0
          ],
          [
            -0.029031939804553986,
            0.00748499995097518,
            0.999550461769104,
            0.0
          ],
          [
            0.0,
            0.0,
            0.0,
            1.0
          ]
        ],
        "rotation_mode": "QUATERNION"
      },
      "armature_space": {
        "head": {
          "x": 0.6470072269439697,
          "y": -0.16956529021263123,
          "z": 0.49341335892677307
        },
        "tail": {
          "x": 0.7446359992027283,
          "y": -0.20562374591827393,
          "z": 0.4968225359916687
        }
      },
      "world_space": {
        "head": {
          "x": 0.6470072269439697,
          "y": -0.1063212901353836,
          "z": 1.4432673454284668
        },
        "tail": {
          "x": 0.7446359992027283,
          "y": -0.1423797458410263,
          "z": 1.44667649269104
        },
        "rotation_quaternion": {
          "w": 0.5419851541519165,
          "x": 0.2881164252758026,
          "y": 0.18196383118629456,
          "z": -0.7681994438171387
        },
        "matrix": [
          [
            -0.24648143351078033,
            0.9375592470169067,
            -0.245416060090065,
            0.6470072269439697
          ],
          [
            -0.7278523445129395,
            -0.346280574798584,
            -0.5918791890144348,
            -0.1063212901353836
          ],
          [
            -0.6399098634719849,
            0.032739318907260895,
            0.7677613496780396,
            1.4432673454284668
          ],
          [
            0.0,
            0.0,
            0.0,
            1.0
          ]
        ]
      },
      "bone_length_armature_space": 0.10413074282041503,
      "parent": "lowerarm_l",
      "has_children": true,
      "is_end_bone": false
    },
    "pinky_01_l": {
      "name": "pinky_01_l",
      "local": {
        "location": {
          "x": 0.0,
          "y": 0.0,
          "z": 0.0
        },
        "rotation_quaternion": {
          "w": 0.9593341946601868,
          "x": 0.2820378839969635,
          "y": -7.856404408812523e-05,
          "z": 0.011510620824992657
        },
        "scale": {
          "x": 1.0,
          "y": 1.0,
          "z": 1.0
        },
        "matrix_basis": [
          [
            0.9997349977493286,
            -0.022129381075501442,
            0.006342123728245497,
            0.0
          ],
          [
            0.022040748968720436,
            0.8406442999839783,
            -0.5411390066146851,
            0.0
          ],
          [
            0.006643600761890411,
            0.5411353707313538,
            0.8409092426300049,
            0.0
          ],
          [
            0.0,
            0.0,
            0.0,
            1.0
          ]
        ],
        "rotation_mode": "QUATERNION"
      },
      "armature_space": {
        "head": {
          "x": 0.7446359992027283,
          "y": -0.20562374591827393,
          "z": 0.4968225359916687
        },
