{
  "metadata": {
    "armature_name": "KIM_caucasian_male",
    "export_time": "2026-01-13T21:12:50.303154",
    "blender_version": "4.4.1",
    "bone_count": 56,
    "end_bone_count": 13,
    "spaces_included": [
      "LOCAL_CHANNELS",
      "ARMATURE_SPACE",
      "WORLD_SPACE"
    ],
    "note": "LOCAL matches Transform panel; replay pose via local.matrix_basis for best fidelity."
  },
  "bones": {
    "Root": {
      "name": "Root",
      "local": {
        "location": {
          "x": 0.0,
          "y": 0.0,
          "z": 0.0
        },
        "rotation_quaternion": {
          "w": 0.9995657205581665,
          "x": -0.0013471441343426704,
          "y": 0.011971636675298214,
          "z": -0.026893924921751022
        },
        "scale": {
          "x": 1.0,
          "y": 1.0,
          "z": 1.0
        },
        "matrix_basis": [
          [
            0.9982668161392212,
            0.05373223498463631,
            0.024005334824323654,
            0.0
          ],
          [
            -0.05379674583673477,
            0.9985498189926147,
            0.0020491895265877247,
            0.0
          ],
          [
            -0.023860415443778038,
            -0.003337046829983592,
            0.9997097253799438,
            0.0
          ],
          [
            0.0,
            0.0,
            0.0,
            1.0
          ]
        ],
        "rotation_mode": "QUATERNION"
      },
      "armature_space": {
        "head": {
          "x": 0.0,
          "y": 0.07072800397872925,
          "z": -0.009595036506652832
        },
        "tail": {
          "x": 0.0038351849652826786,
          "y": 0.00013458728790283203,
          "z": 0.00022210925817489624
        }
      },
      "world_space": {
        "head": {
          "x": 0.0,
          "y": 0.13397200405597687,
          "z": 0.9402589797973633
        },
        "tail": {
          "x": 0.0038351849652826786,
          "y": 0.06337858736515045,
          "z": 0.9500761032104492
        },
        "rotation_quaternion": {
          "w": 0.0686824843287468,
          "x": 0.9972041845321655,
          "y": 0.02763933129608631,
          "z": 0.010132652707397938
        },
        "matrix": [
          [
            0.9982668161392212,
            0.05373223498463631,
            0.024005334824323654,
            0.0
          ],
          [
            0.05651599168777466,
            -0.9890375733375549,
            -0.13642126321792603,
            0.13397200405597687
          ],
          [
            0.016412125900387764,
            0.1375415176153183,
            -0.99036705493927,
            0.9402589797973633
          ],
          [
            0.0,
            0.0,
            0.0,
            1.0
          ]
        ]
      },
      "bone_length_armature_space": 0.07137587308650638,
      "parent": null,
      "has_children": true,
      "is_end_bone": false
    },
    "spine_01": {
      "name": "spine_01",
      "local": {
        "location": {
          "x": 0.0,
          "y": 0.0,
          "z": 0.0
        },
        "rotation_quaternion": {
          "w": 0.999453067779541,
          "x": -0.025277823209762573,
          "y": 0.007378886919468641,
          "z": -0.020007068291306496
        },
        "scale": {
          "x": 1.0,
          "y": 1.0,
          "z": 1.0
        },
        "matrix_basis": [
          [
            0.9990905523300171,
            0.03961920738220215,
            0.015761172398924828,
            0.0
          ],
          [
            -0.040365297347307205,
            0.9979215264320374,
            0.05023273453116417,
            0.0
          ],
          [
            -0.013738231733441353,
            -0.05082325637340546,
            0.998613178730011,
            0.0
          ],
          [
            0.0,
            0.0,
            0.0,
            1.0
          ]
        ],
        "rotation_mode": "QUATERNION"
      },
      "armature_space": {
        "head": {
          "x": 0.0038351849652826786,
          "y": 0.00013458728790283203,
          "z": 0.00022210925817489624
        },
        "tail": {
          "x": 0.012412941083312035,
          "y": 0.04976748302578926,
          "z": 0.4856204688549042
        }
      },
      "world_space": {
        "head": {
          "x": 0.0038351849652826786,
          "y": 0.06337858736515045,
          "z": 0.9500761032104492
        },
        "tail": {
          "x": 0.012412941083312035,
          "y": 0.11301147937774658,
          "z": 1.4354745149612427
        },
        "rotation_quaternion": {
          "w": 0.7415043711662292,
          "x": 0.6699670553207397,
          "y": 0.03200474753975868,
          "z": 0.01706457883119583
        },
        "matrix": [
          [
            0.9973690509796143,
            0.01757732592523098,
            0.07032860815525055,
            0.0038351849652826786
          ],
          [
            0.0681910440325737,
            0.10170649737119675,
            -0.9924746751785278,
            0.06337858736515045
          ],
          [
            -0.02459803596138954,
            0.9946662783622742,
            0.1002400815486908,
            0.9500761032104492
          ],
          [
            0.0,
            0.0,
            0.0,
            1.0
          ]
        ]
      },
      "bone_length_armature_space": 0.4880046723304597,
      "parent": "Root",
      "has_children": true,
      "is_end_bone": false
    },
    "neck_01": {
      "name": "neck_01",
      "local": {
        "location": {
          "x": 0.0,
          "y": 0.0,
          "z": 0.0
        },
        "rotation_quaternion": {
          "w": 0.992821216583252,
          "x": 0.018510688096284866,
          "y": -0.10666896402835846,
          "z": -0.05084439739584923
        },
        "scale": {
          "x": 1.0,
          "y": 1.0,
          "z": 1.0
        },
        "matrix_basis": [
          [
            0.9720731377601624,
            0.09700976312160492,
            -0.21368874609470367,
            0.0
          ],
          [
            -0.10490782558917999,
            0.9941443800926208,
            -0.025908568874001503,
            0.0
          ],
          [
            0.20992408692836761,
            0.04760264605283737,
            0.9765581488609314,
            0.0
          ],
          [
            0.0,
            0.0,
            0.0,
            1.0
          ]
        ],
        "rotation_mode": "QUATERNION"
      },
      "armature_space": {
        "head": {
          "x": 0.0161389522254467,
          "y": 0.02279481664299965,
          "z": 0.5619247555732727
        },
        "tail": {
          "x": 0.030716070905327797,
          "y": -0.010052789002656937,
          "z": 0.6579418778419495
        }
      },
      "world_space": {
        "head": {
          "x": 0.0161389522254467,
          "y": 0.08603881299495697,
          "z": 1.5117788314819336
        },
        "tail": {
          "x": 0.030716070905327797,
          "y": 0.05319121107459068,
          "z": 1.6077959537506104
        },
        "rotation_quaternion": {
          "w": 0.582819402217865,
          "x": 0.8054927587509155,
          "y": 0.01107256393879652,
          "z": -0.10667835921049118
        },
        "matrix": [
          [
            0.976994514465332,
            0.14218619465827942,
            -0.1589498519897461,
            0.0161389522254467
          ],
          [
            -0.10650990903377533,
            -0.3203977644443512,
            -0.9412763714790344,
            0.08603881299495697
          ],
          [
            -0.1847650408744812,
            0.9365575909614563,
            -0.2978854775428772,
            1.5117788314819336
          ],
          [
            0.0,
            0.0,
            0.0,
            1.0
          ]
        ]
      },
      "bone_length_armature_space": 0.102521926577689,
      "parent": "spine_01",
      "has_children": true,
      "is_end_bone": false
    },
    "head": {
      "name": "head",
      "local": {
        "location": {
          "x": 0.0,
          "y": 0.0,
          "z": 0.0
        },
        "rotation_quaternion": {
          "w": 0.9898345470428467,
          "x": -0.07716012746095657,
          "y": 0.04100373014807701,
          "z": -0.11221734434366226
        },
        "scale": {
          "x": 1.0,
          "y": 1.0,
          "z": 1.0
        },
        "matrix_basis": [
          [
            0.9714519381523132,
            0.21582549810409546,
            0.09849122911691666,
            0.0
          ],
          [
            -0.22848092019557953,
            0.9629071354866028,
            0.1435488611459732,
            0.0
          ],
          [
            -0.06385640799999237,
            -0.16195417940616608,
            0.9847300052642822,
            0.0
          ],
          [
            0.0,
            0.0,
            0.0,
            1.0
          ]
        ],
        "rotation_mode": "QUATERNION"
      },
      "armature_space": {
        "head": {
          "x": 0.03071603551506996,
          "y": -0.010052913799881935,
          "z": 0.6579417586326599
        },
        "tail": {
          "x": 0.0942046046257019,
          "y": 0.017441118136048317,
          "z": 0.7967457175254822
        }
      },
      "world_space": {
        "head": {
          "x": 0.03071603551506996,
          "y": 0.053191088140010834,
          "z": 1.6077957153320312
        },
        "tail": {
          "x": 0.0942046046257019,
          "y": 0.08068511635065079,
          "z": 1.7465996742248535
        },
        "rotation_quaternion": {
          "w": 0.7537319660186768,
          "x": 0.6228160262107849,
          "y": 0.14327111840248108,
          "z": -0.1531725972890854
        },
        "matrix": [
          [
            0.9120232462882996,
            0.40936538577079773,
            0.025177426636219025,
            0.03071603551506996
          ],
          [
            -0.0524415448307991,
            0.17727766931056976,
            -0.98276287317276,
            0.053191088140010834
          ],
          [
            -0.4067753255367279,
            0.8949884176254272,
            0.18314950168132782,
            1.6077957153320312
          ],
          [
            0.0,
            0.0,
            0.0,
            1.0
          ]
        ]
      },
      "bone_length_armature_space": 0.1550911318245314,
      "parent": "neck_01",
      "has_children": false,
      "is_end_bone": true
    },
    "upperarm_l": {
      "name": "upperarm_l",
      "local": {
        "location": {
          "x": 0.0,
          "y": 0.0,
          "z": 0.0
        },
        "rotation_quaternion": {
          "w": 0.7897940278053284,
          "x": 0.10922566056251526,
          "y": 0.3920859098434448,
          "z": 0.45887240767478943
        },
        "scale": {
          "x": 1.0,
          "y": 1.0,
          "z": 1.0
        },
        "matrix_basis": [
          [
            0.2714095115661621,
            -0.639177680015564,
            0.7195755243301392,
            0.0
          ],
          [
            0.810481071472168,
            0.5550117492675781,
            0.18730325996875763,
            0.0
          ],
          [
            -0.5190929174423218,
            0.5323663353919983,
            0.6686767935752869,
            0.0
          ],
          [
            0.0,
            0.0,
            0.0,
            1.0
          ]
        ],
        "rotation_mode": "QUATERNION"
      },
      "armature_space": {
        "head": {
          "x": 0.16478727757930756,
          "y": 0.023022878915071487,
          "z": 0.4917054772377014
        },
        "tail": {
          "x": 0.3351634740829468,
          "y": -0.08920705318450928,
          "z": 0.6654421091079712
        }
      },
      "world_space": {
        "head": {
          "x": 0.16478727757930756,
          "y": 0.08626687526702881,
          "z": 1.4415595531463623
        },
        "tail": {
          "x": 0.3351634740829468,
          "y": -0.025963053107261658,
          "z": 1.6152961254119873
        },
        "rotation_quaternion": {
          "w": 0.4007110297679901,
          "x": 0.8414891958236694,
          "y": 0.3605857789516449,
          "z": -0.03611847013235092
        },
        "matrix": [
          [
            0.7373459339141846,
            0.6358045339584351,
            0.2281966507434845,
            0.16478727757930756
          ],
          [
            0.5779135823249817,
            -0.4188161790370941,
            -0.7004351019859314,
            0.08626687526702881
          ],
          [
            -0.34976926445961,
            0.6483449339866638,
            -0.6762577891349792,
            1.4415595531463623
          ],
          [
            0.0,
            0.0,
            0.0,
            1.0
          ]
        ]
      },
      "bone_length_armature_space": 0.26797019121210663,
      "parent": "spine_01",
      "has_children": true,
      "is_end_bone": false
    },
    "lowerarm_l": {
      "name": "lowerarm_l",
      "local": {
        "location": {
          "x": 0.0,
          "y": 0.0,
          "z": 0.0
        },
        "rotation_quaternion": {
          "w": 0.8799374103546143,
          "x": 0.4546709656715393,
          "y": -0.12765687704086304,
          "z": 0.051849596202373505
        },
        "scale": {
          "x": 1.0,
          "y": 1.0,
          "z": 1.0
        },
        "matrix_basis": [
          [
            0.9620307087898254,
            -0.2073325514793396,
            -0.17751111090183258,
            0.0
          ],
          [
            -0.024834951385855675,
            0.5811718702316284,
            -0.8134018778800964,
            0.0
          ],
          [
            0.2718091309070587,
            0.7869260907173157,
            0.5539560914039612,
            0.0
          ],
          [
            0.0,
            0.0,
            0.0,
            1.0
          ]
        ],
        "rotation_mode": "QUATERNION"
      },
      "armature_space": {
        "head": {
          "x": 0.3351634442806244,
          "y": -0.08920719474554062,
          "z": 0.665442168712616
        },
        "tail": {
          "x": 0.3943225145339966,
          "y": -0.3480586111545563,
          "z": 0.6327990889549255
        }
      },
      "world_space": {
        "head": {
          "x": 0.3351634442806244,
          "y": -0.025963194668293,
          "z": 1.6152961254119873
        },
        "tail": {
          "x": 0.3943225145339966,
          "y": -0.28481459617614746,
          "z": 1.5826530456542969
        },
        "rotation_quaternion": {
          "w": 0.022147653624415398,
          "x": -0.9385470151901245,
          "y": -0.12537723779678345,
          "z": 0.32081061601638794
        },
        "matrix": [
          [
            0.7627220749855042,
            0.22113510966300964,
            -0.6077452898025513,
            0.3351634442806244
          ],
          [
            0.249555304646492,
            -0.967580258846283,
            -0.03887265920639038,
            -0.025963194668293
          ],
          [
            -0.5966423749923706,
            -0.12201899290084839,
            -0.7931857109069824,
            1.6152961254119873
          ],
          [
            0.0,
            0.0,
            0.0,
            1.0
          ]
        ]
      },
      "bone_length_armature_space": 0.2675246177378328,
      "parent": "upperarm_l",
      "has_children": true,
      "is_end_bone": false
    },
    "metacarpal_thumb_l": {
      "name": "metacarpal_thumb_l",
      "local": {
        "location": {
          "x": 0.0,
          "y": 0.0,
          "z": 0.0
        },
        "rotation_quaternion": {
          "w": 0.9988018870353699,
          "x": -0.04713435098528862,
          "y": -0.00867953710258007,
          "z": 0.009893100708723068
        },
        "scale": {
          "x": 1.0,
          "y": 1.0,
          "z": 1.0
        },
        "matrix_basis": [
          [
            0.9996535778045654,
            -0.018944285809993744,
            -0.018270885571837425,
            0.0
          ],
          [
            0.020580703392624855,
            0.9953609704971313,
            0.09398402273654938,
            0.0
          ],
          [
            0.01640566624701023,
            -0.09432749450206757,
            0.9954060316085815,
            0.0
          ],
          [
            0.0,
            0.0,
            0.0,
            1.0
          ]
        ],
        "rotation_mode": "QUATERNION"
      },
      "armature_space": {
        "head": {
          "x": 0.3943225145339966,
          "y": -0.3480586111545563,
          "z": 0.6327990889549255
        },
        "tail": {
          "x": 0.3880760371685028,
          "y": -0.3860510587692261,
          "z": 0.6016356945037842
        }
      },
      "world_space": {
        "head": {
          "x": 0.3943225145339966,
          "y": -0.28481459617614746,
          "z": 1.5826530456542969
        },
        "tail": {
          "x": 0.3880760371685028,
          "y": -0.32280707359313965,
          "z": 1.5514897108078003
        },
        "rotation_quaternion": {
          "w": 0.2854848802089691,
          "x": -0.8721030950546265,
          "y": 0.18707647919654846,
          "z": -0.3506239354610443
        },
        "matrix": [
          [
            0.6841305494308472,
            -0.12610545754432678,
            0.7183751463890076,
            0.3943225145339966
          ],
          [
            -0.5264956951141357,
            -0.767002284526825,
            0.36675626039505005,
            -0.28481459617614746
          ],
          [
            0.5047483444213867,
            -0.6291356682777405,
            -0.5911275148391724,
            1.5826530456542969
          ],
          [
            0.0,
            0.0,
            0.0,
            1.0
          ]
        ]
      },
      "bone_length_armature_space": 0.049533844655139374,
      "parent": "lowerarm_l",
      "has_children": true,
      "is_end_bone": false
    },
    "thumb_01_l": {
      "name": "thumb_01_l",
      "local": {
        "location": {
          "x": 0.0,
          "y": 0.0,
          "z": 0.0
        },
        "rotation_quaternion": {
          "w": 0.9681230783462524,
          "x": 0.2503001093864441,
          "y": -0.0072438158094882965,
          "z": 0.005934181623160839
        },
        "scale": {
          "x": 1.0,
          "y": 1.0,
          "z": 1.0
        },
        "matrix_basis": [
          [
            0.9998246431350708,
            -0.015116292051970959,
            -0.011055157519876957,
            0.0
          ],
          [
            0.007863780483603477,
            0.8746292591094971,
            -0.48472860455513,
            0.0
          ],
          [
            0.016996463760733604,
            0.484556645154953,
            0.8745947480201721,
            0.0
          ],
          [
            0.0,
            0.0,
            0.0,
            1.0
          ]
        ],
        "rotation_mode": "QUATERNION"
      },
      "armature_space": {
        "head": {
          "x": 0.3880760371685028,
          "y": -0.3860510587692261,
          "z": 0.6016356945037842
        },
        "tail": {
          "x": 0.4113481342792511,
          "y": -0.39986103773117065,
          "z": 0.5809880495071411
        }
      },
      "world_space": {
        "head": {
          "x": 0.3880760371685028,
          "y": -0.32280707359313965,
          "z": 1.5514897108078003
        },
        "tail": {
          "x": 0.4113481342792511,
          "y": -0.33661705255508423,
          "z": 1.5308420658111572
        },
        "rotation_quaternion": {
          "w": 0.45438283681869507,
          "x": -0.11735792458057404,
          "y": 0.3011285662651062,
          "z": -0.8301114439964294
        },
        "matrix": [
          [
            -0.5595252513885498,
            0.6836973428726196,
            0.46849700808525085,
            0.3880760371685028
          ],
          [
            -0.8250576853752136,
            -0.4057154059410095,
            -0.39328786730766296,
            -0.32280707359313965
          ],
          [
            -0.07881463319063187,
            -0.6065962314605713,
            0.7911028265953064,
            1.5514897108078003
          ],
          [
            0.0,
            0.0,
            0.0,
            1.0
          ]
        ]
      },
      "bone_length_armature_space": 0.034038673237322514,
      "parent": "metacarpal_thumb_l",
      "has_children": true,
      "is_end_bone": false
    },
    "thumb_02_l": {
      "name": "thumb_02_l",
      "local": {
        "location": {
          "x": 0.0,
          "y": 0.0,
          "z": 0.0
        },
        "rotation_quaternion": {
          "w": 0.902938961982727,
          "x": 0.42965638637542725,
          "y": -0.00636359304189682,
          "z": -0.00749895628541708
        },
        "scale": {
          "x": 1.0,
          "y": 1.0,
          "z": 1.0
        },
        "matrix_basis": [
          [
            0.9998065233230591,
            0.008073883131146431,
            -0.017935821786522865,
            0.0
          ],
          [
            -0.01901051588356495,
            0.6306782960891724,
            -0.7758115530014038,
            0.0
          ],
          [
            0.005047923419624567,
            0.7760024070739746,
            0.6307097673416138,
            0.0
          ],
          [
            0.0,
            0.0,
            0.0,
            1.0
          ]
        ],
        "rotation_mode": "QUATERNION"
      },
      "armature_space": {
        "head": {
          "x": 0.4113481044769287,
          "y": -0.3998609781265259,
          "z": 0.5809879899024963
        },
        "tail": {
          "x": 0.40068352222442627,
          "y": -0.42534738779067993,
          "z": 0.6101410388946533
        }
      },
      "world_space": {
        "head": {
          "x": 0.4113481044769287,
          "y": -0.33661699295043945,
          "z": 1.5308420658111572
        },
        "tail": {
          "x": 0.40068352222442627,
          "y": -0.3621034026145935,
          "z": 1.5599950551986694
        },
        "rotation_quaternion": {
          "w": 0.002368718618527055,
          "x": 0.3152807354927063,
          "y": -0.4274561107158661,
          "z": -0.8472743630409241
        },
        "matrix": [
          [
            -0.8011855483055115,
            -0.2655230164527893,
            -0.5362827777862549,
            0.4113481044769287
          ],
          [
            -0.27355051040649414,
            -0.6345518827438354,
            0.7228516340255737,
            -0.33661699295043945
          ],
          [
            -0.5322369337081909,
            0.7258432507514954,
            0.43576356768608093,
            1.5308420658111572
          ],
          [
            0.0,
            0.0,
            0.0,
            1.0
          ]
        ]
      },
      "bone_length_armature_space": 0.0401645448070145,
      "parent": "thumb_01_l",
      "has_children": true,
      "is_end_bone": false
    },
    "thumb_03_l": {
      "name": "thumb_03_l",
      "local": {
        "location": {
          "x": 0.0,
          "y": 0.0,
          "z": 0.0
        },
        "rotation_quaternion": {
          "w": 0.9903729557991028,
          "x": 0.13833332061767578,
          "y": 0.0005213714903220534,
          "z": 0.0050038620829582214
        },
        "scale": {
          "x": 1.0,
          "y": 1.0,
          "z": 1.0
        },
        "matrix_basis": [
          [
            0.9999493956565857,
            -0.009767132811248302,
            0.002417106181383133,
            0.0
          ],
          [
            0.010055625811219215,
            0.9616777300834656,
            -0.2739979326725006,
            0.0
          ],
          [
            0.0003516972647048533,
            0.2740083634853363,
            0.9617272615432739,
            0.0
          ],
          [
            0.0,
            0.0,
            0.0,
            1.0
          ]
        ],
        "rotation_mode": "QUATERNION"
      },
      "armature_space": {
        "head": {
          "x": 0.40068352222442627,
          "y": -0.4253474175930023,
          "z": 0.6101409792900085
        },
        "tail": {
          "x": 0.3868255317211151,
          "y": -0.4301922917366028,
          "z": 0.6368127465248108
        }
      },
      "world_space": {
        "head": {
          "x": 0.40068352222442627,
          "y": -0.3621034026145935,
          "z": 1.5599949359893799
        },
        "tail": {
          "x": 0.3868255317211151,
          "y": -0.36694830656051636,
          "z": 1.5866668224334717
        },
        "rotation_quaternion": {
          "w": 0.07862640172243118,
          "x": 0.4303283095359802,
          "y": -0.643622636795044,
          "z": -0.6280010938644409
        },
        "matrix": [
          [
            -0.6172683238983154,
            -0.45518308877944946,
            -0.6417073011398315,
            0.40068352222442627
          ],
          [
            -0.652695894241333,
            -0.15913605690002441,
            0.7407188415527344,
            -0.3621034026145935
          ],
          [
            -0.4392850399017334,
            0.8760679364204407,
            -0.19886717200279236,
            1.5599949359893799
          ],
          [
            0.0,
            0.0,
            0.0,
            1.0
          ]
        ]
      },
      "bone_length_armature_space": 0.030445030496958084,
      "parent": "thumb_02_l",
      "has_children": false,
      "is_end_bone": true
    },
    "metacarpal_index_l": {
      "name": "metacarpal_index_l",
      "local": {
        "location": {
          "x": 0.0,
          "y": 0.0,
          "z": 0.0
        },
        "rotation_quaternion": {
          "w": 0.9998639225959778,
          "x": -0.014325468800961971,
          "y": 0.0006475477130152285,
          "z": 0.008165780454874039
        },
        "scale": {
          "x": 1.0,
          "y": 1.0,
          "z": 1.0
        },
        "matrix_basis": [
          [
            0.9998658299446106,
            -0.016347890719771385,
            0.0010609619785100222,
            0.0
          ],
          [
            0.016310784965753555,
            0.9994562268257141,
            0.028657615184783936,
            0.0
          ],
          [
            -0.0015288764843717217,
            -0.02863646298646927,
            0.9995887279510498,
            0.0
          ],
          [
            0.0,
            0.0,
            0.0,
            1.0
          ]
        ],
        "rotation_mode": "QUATERNION"
      },
      "armature_space": {
        "head": {
          "x": 0.3943225145339966,
          "y": -0.3480586111545563,
          "z": 0.6327990889549255
        },
        "tail": {
          "x": 0.3990841209888458,
          "y": -0.45697134733200073,
          "z": 0.5898503065109253
        }
      },
      "world_space": {
        "head": {
          "x": 0.3943225145339966,
          "y": -0.28481459617614746,
          "z": 1.5826530456542969
        },
        "tail": {
          "x": 0.3990841209888458,
          "y": -0.3937273621559143,
          "z": 1.5397043228149414
        },
        "rotation_quaternion": {
          "w": 0.18770894408226013,
          "x": -0.9744219779968262,
          "y": 0.0029432892333716154,
          "z": -0.12352633476257324
        },
        "matrix": [
          [
            0.9694652557373047,
            0.040637873113155365,
            0.24183844029903412,
            0.3943225145339966
          ],
          [
            -0.05210984870791435,
            -0.9295138716697693,
            0.3650876581668854,
            -0.28481459617614746
          ],
          [
            0.23962996900081635,
            -0.36654555797576904,
            -0.8990195989608765,
            1.5826530456542969
          ],
          [
            0.0,
            0.0,
            0.0,
            1.0
          ]
        ]
      },
      "bone_length_armature_space": 0.11717190126448492,
      "parent": "lowerarm_l",
      "has_children": true,
      "is_end_bone": false
    },
    "index_01_l": {
      "name": "index_01_l",
      "local": {
        "location": {
          "x": 0.0,
          "y": 0.0,
          "z": 0.0
        },
        "rotation_quaternion": {
          "w": 0.9378307461738586,
          "x": 0.3470481336116791,
          "y": -0.005369370337575674,
          "z": 0.0015421321149915457
        },
        "scale": {
          "x": 1.0,
          "y": 1.0,
          "z": 1.0
        },
        "matrix_basis": [
          [
            0.9999375939369202,
            -0.00661937752738595,
            -0.009000733494758606,
            0.0
          ],
          [
            -0.0008343420922756195,
            0.7591104507446289,
            -0.6509613990783691,
            0.0
          ],
          [
            0.011141509748995304,
            0.650928258895874,
            0.7590575218200684,
            0.0
          ],
          [
            0.0,
            0.0,
            0.0,
            1.0
          ]
        ],
        "rotation_mode": "QUATERNION"
      },
      "armature_space": {
        "head": {
          "x": 0.3990841209888458,
          "y": -0.45697134733200073,
          "z": 0.5898503065109253
        },
        "tail": {
          "x": 0.41180741786956787,
          "y": -0.4725920557975769,
          "z": 0.5696714520454407
        }
      },
      "world_space": {
        "head": {
          "x": 0.3990841209888458,
          "y": -0.3937273621559143,
          "z": 1.5397043228149414
        },
        "tail": {
          "x": 0.41180741786956787,
          "y": -0.4093480706214905,
          "z": 1.5195255279541016
        },
        "rotation_quaternion": {
          "w": 0.4284564256668091,
          "x": -0.8740076422691345,
          "y": -0.20619343221187592,
          "z": -0.10010010004043579
        },
        "matrix": [
          [
            0.8949283957481384,
            0.4462067186832428,
            -0.0017147362232208252,
            0.3990841209888458
          ],
          [
            0.27465400099754333,
            -0.547819197177887,
            0.7902277708053589,
            -0.3937273621559143
          ],
          [
            0.351668119430542,
            -0.7076737880706787,
            -0.6128146648406982,
            1.5397043228149414
          ],
          [
            0.0,
            0.0,
            0.0,
            1.0
          ]
        ]
      },
      "bone_length_armature_space": 0.028514469616080788,
      "parent": "metacarpal_index_l",
      "has_children": true,
      "is_end_bone": false
    },
    "index_02_l": {
      "name": "index_02_l",
      "local": {
        "location": {
          "x": 0.0,
          "y": 0.0,
          "z": 0.0
        },
        "rotation_quaternion": {
          "w": 0.9005601406097412,
          "x": 0.4346509277820587,
          "y": -0.008367716334760189,
          "z": -6.927294452907518e-05
        },
        "scale": {
          "x": 1.0,
          "y": 1.0,
          "z": 1.0
        },
        "matrix_basis": [
          [
            0.9998599290847778,
            -0.007149302400648594,
            -0.015131482854485512,
            0.0
          ],
          [
            -0.007398840039968491,
            0.6221571564674377,
            -0.7828574180603027,
            0.0
          ],
          [
            0.015011044219136238,
            0.782859742641449,
            0.6220170855522156,
            0.0
          ],
          [
            0.0,
            0.0,
            0.0,
            1.0
          ]
        ],
        "rotation_mode": "QUATERNION"
      },
      "armature_space": {
        "head": {
          "x": 0.4118073880672455,
          "y": -0.4725921154022217,
          "z": 0.5696709156036377
        },
        "tail": {
          "x": 0.4183322489261627,
          "y": -0.46662187576293945,
          "z": 0.5455902218818665
        }
      },
      "world_space": {
        "head": {
          "x": 0.4118073880672455,
          "y": -0.40934813022613525,
          "z": 1.5195249319076538
        },
        "tail": {
          "x": 0.4183322489261627,
          "y": -0.403377890586853,
          "z": 1.4954442977905273
        },
        "rotation_quaternion": {
          "w": 0.7451474070549011,
          "x": -0.6184213757514954,
          "y": -0.2472238689661026,
          "z": 0.034509334713220596
        },
        "matrix": [
          [
            0.8753796815872192,
            0.2543477714061737,
            -0.41111764311790466,
            0.4118073880672455
          ],
          [
            0.35720473527908325,
            0.23272857069969177,
            0.9045677185058594,
            -0.40934813022613525
          ],
          [
            0.3257560729980469,
            -0.9386996030807495,
            0.11287355422973633,
            1.5195249319076538
          ],
          [
            0.0,
            0.0,
            0.0,
            1.0
          ]
        ]
      },
      "bone_length_armature_space": 0.025653408500716103,
      "parent": "index_01_l",
      "has_children": true,
      "is_end_bone": false
    },
    "index_03_l": {
      "name": "index_03_l",
      "local": {
        "location": {
          "x": 0.0,
          "y": 0.0,
          "z": 0.0
        },
        "rotation_quaternion": {
          "w": 0.9329062104225159,
          "x": 0.3600557744503021,
          "y": -0.0030705593526363373,
          "z": 0.0060388799756765366
        },
        "scale": {
          "x": 1.0,
          "y": 1.0,
          "z": 1.0
        },
        "matrix_basis": [
          [
            0.9999082088470459,
            -0.013478562235832214,
            -0.0013804205227643251,
            0.0
          ],
          [
            0.009056271985173225,
            0.7406467199325562,
            -0.6718336343765259,
            0.0
          ],
          [
            0.010077754966914654,
            0.6717594265937805,
            0.7407008409500122,
            0.0
          ],
          [
            0.0,
            0.0,
            0.0,
            1.0
          ]
        ],
        "rotation_mode": "QUATERNION"
      },
      "armature_space": {
        "head": {
          "x": 0.4183322787284851,
          "y": -0.466621994972229,
          "z": 0.5455902218818665
        },
        "tail": {
          "x": 0.41704824566841125,
          "y": -0.44163113832473755,
          "z": 0.5305057168006897
        }
      },
      "world_space": {
        "head": {
          "x": 0.4183322787284851,
          "y": -0.4033780097961426,
          "z": 1.4954442977905273
        },
        "tail": {
          "x": 0.41704824566841125,
          "y": -0.3783871531486511,
          "z": 1.4803597927093506
        },
        "rotation_quaternion": {
          "w": 0.9349709749221802,
          "x": -0.25468909740448,
          "y": -0.23125973343849182,
          "z": 0.08649710565805435
        },
        "matrix": [
          [
            0.8780744075775146,
            -0.043946072459220886,
            -0.476502001285553,
            0.4183322787284851
          ],
          [
            0.2795434594154358,
            0.8553035259246826,
            0.4362473487854004,
            -0.4033780097961426
          ],
          [
            0.3883852958679199,
            -0.5162631869316101,
            0.7633109092712402,
            1.4954442977905273
          ],
          [
            0.0,
            0.0,
            0.0,
            1.0
          ]
        ]
      },
      "bone_length_armature_space": 0.02921872633816538,
      "parent": "index_02_l",
      "has_children": false,
      "is_end_bone": true
    },
    "metacarpal_pinky_l": {
      "name": "metacarpal_pinky_l",
      "local": {
        "location": {
          "x": 0.0,
          "y": 0.0,
          "z": 0.0
        },
        "rotation_quaternion": {
          "w": 0.9976025223731995,
          "x": -0.06913876533508301,
          "y": -0.0024180328473448753,
          "z": 0.001827708212658763
        },
        "scale": {
          "x": 1.0,
          "y": 1.0,
          "z": 1.0
        },
        "matrix_basis": [
          [
            0.9999816417694092,
            -0.0033122929744422436,
            -0.0050772023387253284,
            0.0
          ],
          [
            0.003981012385338545,
            0.9904329776763916,
            0.13793717324733734,
            0.0
          ],
          [
            0.004571740515530109,
            -0.13795484602451324,
            0.9904279708862305,
            0.0
          ],
          [
            0.0,
            0.0,
            0.0,
            1.0
          ]
        ],
        "rotation_mode": "QUATERNION"
      },
      "armature_space": {
        "head": {
          "x": 0.3943225145339966,
          "y": -0.3480586111545563,
          "z": 0.6327990889549255
        },
        "tail": {
          "x": 0.4481047987937927,
          "y": -0.43689772486686707,
          "z": 0.640434205532074
        }
      },
      "world_space": {
        "head": {
          "x": 0.3943225145339966,
          "y": -0.28481459617614746,
          "z": 1.5826530456542969
        },
        "tail": {
          "x": 0.4481047987937927,
          "y": -0.37365370988845825,
          "z": 1.5902881622314453
        },
        "rotation_quaternion": {
          "w": 0.2429399937391281,
          "x": 0.5434295535087585,
          "y": 0.12002196162939072,
          "z": -0.7945183515548706
        },
        "matrix": [
          [
            -0.29132893681526184,
            0.5164880752563477,
            -0.8052127361297607,
            0.3943225145339966
          ],
          [
            -0.25559455156326294,
            -0.8531495332717896,
            -0.454761266708374,
            -0.28481459617614746
          ],
          [
            -0.9218522906303406,
            0.0733223706483841,
            0.3805607855319977,
            1.5826530456542969
          ],
          [
            0.0,
            0.0,
            0.0,
            1.0
          ]
        ]
      },
      "bone_length_armature_space": 0.10413076845954229,
      "parent": "lowerarm_l",
      "has_children": true,
      "is_end_bone": false
    },
    "pinky_01_l": {
      "name": "pinky_01_l",
      "local": {
        "location": {
          "x": 0.0,
          "y": 0.0,
          "z": 0.0
        },
        "rotation_quaternion": {
          "w": 0.9488500356674194,
          "x": 0.3156760632991791,
          "y": -0.004411854315549135,
          "z": 0.003581172786653042
        },
        "scale": {
          "x": 1.0,
          "y": 1.0,
          "z": 1.0
        },
        "matrix_basis": [
          [
            0.9999354481697083,
            -0.009581425227224827,
            -0.006111395079642534,
            0.0
          ],
          [
            0.004010558128356934,
            0.8006715774536133,
            -0.5990900993347168,
            0.0
          ],
          [
            0.010633356869220734,
            0.5990269184112549,
            0.8006583452224731,
            0.0
          ],
          [
            0.0,
            0.0,
            0.0,
            1.0
          ]
        ],
        "rotation_mode": "QUATERNION"
      },
      "armature_space": {
        "head": {
          "x": 0.4481047987937927,
          "y": -0.43689772486686707,
          "z": 0.640434205532074
        },
        "tail": {
