{
  "metadata": {
    "armature_name": "KIM_caucasian_male",
    "export_time": "2026-01-13T19:11:28.224127",
    "blender_version": "4.4.1",
    "bone_count": 56,
    "end_bone_count": 13,
    "spaces_included": [
      "LOCAL_CHANNELS",
      "ARMATURE_SPACE",
      "WORLD_SPACE"
    ],
    "note": "LOCAL matches Transform panel; replay pose via local.matrix_basis for best fidelity."
  },
  "bones": {
    "Root": {
      "name": "Root",
      "local": {
        "location": {
          "x": 0.0,
          "y": 0.0,
          "z": 0.0
        },
        "rotation_quaternion": {
          "w": 0.999579906463623,
          "x": 0.014666164293885231,
          "y": 0.009748429991304874,
          "z": -0.023019881919026375
        },
        "scale": {
          "x": 1.0,
          "y": 1.0,
          "z": 1.0
        },
        "matrix_basis": [
          [
            0.9987500905990601,
            0.046306367963552475,
            0.018813442438840866,
            0.0
          ],
          [
            -0.045734480023384094,
            0.9985100030899048,
            -0.029768820852041245,
            0.0
          ],
          [
            -0.020163895562291145,
            0.028871191665530205,
            0.9993797540664673,
            0.0
          ],
          [
            0.0,
            0.0,
            0.0,
            1.0
          ]
        ],
        "rotation_mode": "QUATERNION"
      },
      "armature_space": {
        "head": {
          "x": 0.0,
          "y": 0.07072800397872925,
          "z": -0.009595036506652832
        },
        "tail": {
          "x": 0.0033051571808755398,
          "y": -0.0001716315746307373,
          "z": -0.0020563132129609585
        }
      },
      "world_space": {
        "head": {
          "x": 0.0,
          "y": 0.13397200405597687,
          "z": 0.9402589797973633
        },
        "tail": {
          "x": 0.0033051571808755398,
          "y": 0.06307236850261688,
          "z": 0.9477977156639099
        },
        "rotation_quaternion": {
          "w": 0.05270650237798691,
          "x": 0.9982970356941223,
          "y": 0.023624315857887268,
          "z": 0.008175483904778957
        },
        "matrix": [
          [
            0.9987500905990601,
            0.046306367963552475,
            0.018813442438840866,
            0.0
          ],
          [
            0.048029981553554535,
            -0.9933278560638428,
            -0.10484769195318222,
            0.13397200405597687
          ],
          [
            0.0138329416513443,
            0.10562005639076233,
            -0.994317352771759,
            0.9402589797973633
          ],
          [
            0.0,
            0.0,
            0.0,
            1.0
          ]
        ]
      },
      "bone_length_armature_space": 0.07137586843555693,
      "parent": null,
      "has_children": true,
      "is_end_bone": false
    },
    "spine_01": {
      "name": "spine_01",
      "local": {
        "location": {
          "x": 0.0,
          "y": 0.0,
          "z": 0.0
        },
        "rotation_quaternion": {
          "w": 0.996912956237793,
          "x": -0.050149161368608475,
          "y": -0.05799974128603935,
          "z": -0.016904782503843307
        },
        "scale": {
          "x": 1.0,
          "y": 1.0,
          "z": 1.0
        },
        "matrix_basis": [
          [
            0.9927005171775818,
            0.03952246904373169,
            -0.1139458641409874,
            0.0
          ],
          [
            -0.027887916192412376,
            0.9943985939025879,
            0.10194964706897736,
            0.0
          ],
          [
            0.11733690649271011,
            -0.09802775084972382,
            0.9882422089576721,
            0.0
          ],
          [
            0.0,
            0.0,
            0.0,
            1.0
          ]
        ],
        "rotation_mode": "QUATERNION"
      },
      "armature_space": {
        "head": {
          "x": 0.0033051571808755398,
          "y": -0.0001716315746307373,
          "z": -0.0020563132129609585
        },
        "tail": {
          "x": 0.013164876028895378,
          "y": 0.05680851638317108,
          "z": 0.48251011967658997
        }
      },
      "world_space": {
        "head": {
          "x": 0.0033051571808755398,
          "y": 0.06307236850261688,
          "z": 0.9477977156639099
        },
        "tail": {
          "x": 0.013164876028895378,
          "y": 0.1200525164604187,
          "z": 1.4323641061782837
        },
        "rotation_quaternion": {
          "w": 0.7470137476921082,
          "x": 0.6638585329055786,
          "y": -0.01874508708715439,
          "z": -0.03018181584775448
        },
        "matrix": [
          [
            0.9974753260612488,
            0.020204290747642517,
            -0.06807869672775269,
            0.0033051571808755398
          ],
          [
            -0.06998077034950256,
            0.11676230281591415,
            -0.9906914234161377,
            0.06307236850261688
          ],
          [
            -0.012067340314388275,
            0.9929614663124084,
            0.11788135766983032,
            0.9477977156639099
          ],
          [
            0.0,
            0.0,
            0.0,
            1.0
          ]
        ]
      },
      "bone_length_armature_space": 0.48800467887577686,
      "parent": "Root",
      "has_children": true,
      "is_end_bone": false
    },
    "neck_01": {
      "name": "neck_01",
      "local": {
        "location": {
          "x": 0.0,
          "y": 0.0,
          "z": 0.0
        },
        "rotation_quaternion": {
          "w": 0.9880232810974121,
          "x": -0.09001675248146057,
          "y": 0.032025523483753204,
          "z": 0.12116676568984985
        },
        "scale": {
          "x": 1.0,
          "y": 1.0,
          "z": 1.0
        },
        "matrix_basis": [
          [
            0.9685859680175781,
            -0.24519683420658112,
            0.04146984964609146,
            0.0
          ],
          [
            0.23366549611091614,
            0.9544311761856079,
            0.1856381595134735,
            0.0
          ],
          [
            -0.08509800583124161,
            -0.17011643946170807,
            0.9817426800727844,
            0.0
          ],
          [
            0.0,
            0.0,
            0.0,
            1.0
          ]
        ],
        "rotation_mode": "QUATERNION"
      },
      "armature_space": {
        "head": {
          "x": 0.0122832041233778,
          "y": 0.031000055372714996,
          "z": 0.5593013763427734
        },
        "tail": {
          "x": -0.012227533385157585,
          "y": 0.023297078907489777,
          "z": 0.658551812171936
        }
      },
      "world_space": {
        "head": {
          "x": 0.0122832041233778,
          "y": 0.09424405544996262,
          "z": 1.5091553926467896
        },
        "tail": {
          "x": -0.012227533385157585,
          "y": 0.0865410789847374,
          "z": 1.6084058284759521
        },
        "rotation_quaternion": {
          "w": 0.6727572679519653,
          "x": 0.7298284769058228,
          "y": -0.09914608299732208,
          "z": 0.07012931257486343
        },
        "matrix": [
          [
            0.9705037474632263,
            -0.23907938599586487,
            -0.031039249151945114,
            0.0122832041233778
          ],
          [
            -0.05036076158285141,
            -0.07513535022735596,
            -0.9959011077880859,
            0.09424405544996262
          ],
          [
            0.23576882481575012,
            0.9680953621864319,
            -0.08496083319187164,
            1.5091553926467896
          ],
          [
            0.0,
            0.0,
            0.0,
            1.0
          ]
        ]
      },
      "bone_length_armature_space": 0.10252200366857335,
      "parent": "spine_01",
      "has_children": true,
      "is_end_bone": false
    },
    "head": {
      "name": "head",
      "local": {
        "location": {
          "x": 0.0,
          "y": 0.0,
          "z": 0.0
        },
        "rotation_quaternion": {
          "w": 0.9712134599685669,
          "x": -0.019076095893979073,
          "y": 0.1649305820465088,
          "z": -0.17081692814826965
        },
        "scale": {
          "x": 1.0,
          "y": 1.0,
          "z": 1.0
        },
        "matrix_basis": [
          [
            0.8872389793395996,
            0.32550692558288574,
            0.32688263058662415,
            0.0
          ],
          [
            -0.3380918502807617,
            0.9409153461456299,
            -0.019291948527097702,
            0.0
          ],
          [
            -0.3138485550880432,
            -0.09339979290962219,
            0.9448680281639099,
            0.0
          ],
          [
            0.0,
            0.0,
            0.0,
            1.0
          ]
        ],
        "rotation_mode": "QUATERNION"
      },
      "armature_space": {
        "head": {
          "x": -0.012227521277964115,
          "y": 0.023296929895877838,
          "z": 0.6585517525672913
        },
        "tail": {
          "x": 0.007474821992218494,
          "y": 0.07677829265594482,
          "z": 0.8027905821800232
        }
      },
      "world_space": {
        "head": {
          "x": -0.012227521277964115,
          "y": 0.08654092997312546,
          "z": 1.6084058284759521
        },
        "tail": {
          "x": 0.007474821992218494,
          "y": 0.14002229273319244,
          "z": 1.7526445388793945
        },
        "rotation_quaternion": {
          "w": 0.8107178211212158,
          "x": 0.5722823739051819,
          "y": 0.12311158329248428,
          "z": 0.00855486560612917
        },
        "matrix": [
          [
            0.9695409536361694,
            0.12703795731067657,
            0.20940826833248138,
            -0.012227521277964115
          ],
          [
            0.15477950870990753,
            0.34484031796455383,
            -0.9258126616477966,
            0.08654092997312546
          ],
          [
            -0.18982693552970886,
            0.9300318956375122,
            0.3146751821041107,
            1.6084058284759521
          ],
          [
            0.0,
            0.0,
            0.0,
            1.0
          ]
        ]
      },
      "bone_length_armature_space": 0.15509119178071282,
      "parent": "neck_01",
      "has_children": false,
      "is_end_bone": true
    },
    "upperarm_l": {
      "name": "upperarm_l",
      "local": {
        "location": {
          "x": 0.0,
          "y": 0.0,
          "z": 0.0
        },
        "rotation_quaternion": {
          "w": 0.969506561756134,
          "x": -0.14009012281894684,
          "y": 0.061645131558179855,
          "z": -0.19139446318149567
        },
        "scale": {
          "x": 1.0,
          "y": 1.0,
          "z": 1.0
        },
        "matrix_basis": [
          [
            0.9191360473632812,
            0.35384464263916016,
            0.17315566539764404,
            0.0
          ],
          [
            -0.38838812708854675,
            0.8874858617782593,
            0.24803951382637024,
            0.0
          ],
          [
            -0.06590577214956284,
            -0.29523366689682007,
            0.9531492590904236,
            0.0
          ],
          [
            0.0,
            0.0,
            0.0,
            1.0
          ]
        ],
        "rotation_mode": "QUATERNION"
      },
      "armature_space": {
        "head": {
          "x": 0.16032950580120087,
          "y": 0.009496167302131653,
          "z": 0.4911324977874756
        },
        "tail": {
          "x": 0.39628762006759644,
          "y": 0.07155615091323853,
          "z": 0.38031676411628723
        }
      },
      "world_space": {
        "head": {
          "x": 0.16032950580120087,
          "y": 0.07274016737937927,
          "z": 1.4409865140914917
        },
        "tail": {
          "x": 0.39628762006759644,
          "y": 0.13480015099048615,
          "z": 1.330170750617981
        },
        "rotation_quaternion": {
          "w": 0.42254242300987244,
          "x": 0.3308909833431244,
          "y": 0.6612520217895508,
          "z": -0.5241325497627258
        },
        "matrix": [
          [
            -0.42393818497657776,
            0.8805410861968994,
            0.21195267140865326,
            0.16032950580120087
          ],
          [
            -0.005329929292201996,
            0.231593519449234,
            -0.972798228263855,
            0.07274016737937927
          ],
          [
            -0.905681848526001,
            -0.41353869438171387,
            -0.0934896245598793,
            1.4409865140914917
          ],
          [
            0.0,
            0.0,
            0.0,
            1.0
          ]
        ]
      },
      "bone_length_armature_space": 0.26796977763076235,
      "parent": "spine_01",
      "has_children": true,
      "is_end_bone": false
    },
    "lowerarm_l": {
      "name": "lowerarm_l",
      "local": {
        "location": {
          "x": 0.0,
          "y": 0.0,
          "z": 0.0
        },
        "rotation_quaternion": {
          "w": 0.9967430830001831,
          "x": 0.048605479300022125,
          "y": -0.05690031126141548,
          "z": 0.030051566660404205
        },
        "scale": {
          "x": 1.0,
          "y": 1.0,
          "z": 1.0
        },
        "matrix_basis": [
          [
            0.9917185306549072,
            -0.06543871760368347,
            -0.11050864309072495,
            0.0
          ],
          [
            0.05437604710459709,
            0.9934688210487366,
            -0.10031423717737198,
            0.0
          ],
          [
            0.11635132133960724,
            0.09347446262836456,
            0.9887997508049011,
            0.0
          ],
          [
            0.0,
            0.0,
            0.0,
            1.0
          ]
        ],
        "rotation_mode": "QUATERNION"
      },
      "armature_space": {
        "head": {
          "x": 0.396287739276886,
          "y": 0.07155612111091614,
          "z": 0.3803168535232544
        },
        "tail": {
          "x": 0.6525465846061707,
          "y": 0.08048750460147858,
          "z": 0.3040209710597992
        }
      },
      "world_space": {
        "head": {
          "x": 0.396287739276886,
          "y": 0.13480012118816376,
          "z": 1.3301708698272705
        },
        "tail": {
          "x": 0.6525465846061707,
          "y": 0.1437315046787262,
          "z": 1.2538750171661377
        },
        "rotation_quaternion": {
          "w": 0.49616846442222595,
          "x": 0.34517666697502136,
          "y": 0.5201054215431213,
          "z": -0.6034569144248962
        },
        "matrix": [
          [
            -0.269338995218277,
            0.9578893184661865,
            0.09952153265476227,
            0.396287739276886
          ],
          [
            -0.2397783398628235,
            0.03338529169559479,
            -0.9702537059783936,
            0.13480012118816376
          ],
          [
            -0.9327247738838196,
            -0.2851921617984772,
            0.2206897735595703,
            1.3301708698272705
          ],
          [
            0.0,
            0.0,
            0.0,
            1.0
          ]
        ]
      },
      "bone_length_armature_space": 0.26752463291394735,
      "parent": "upperarm_l",
      "has_children": true,
      "is_end_bone": false
    },
    "metacarpal_thumb_l": {
      "name": "metacarpal_thumb_l",
      "local": {
        "location": {
          "x": 0.0,
          "y": 0.0,
          "z": 0.0
        },
        "rotation_quaternion": {
          "w": 0.9993716478347778,
          "x": -0.0343475304543972,
          "y": -0.006985815241932869,
          "z": 0.005268764682114124
        },
        "scale": {
          "x": 1.0,
          "y": 1.0,
          "z": 1.0
        },
        "matrix_basis": [
          [
            0.999846875667572,
            -0.010051016695797443,
            -0.014324789866805077,
            0.0
          ],
          [
            0.011010798625648022,
            0.9975849986076355,
            0.06857828050851822,
            0.0
          ],
          [
            0.013600912876427174,
            -0.06872551143169403,
            0.9975429177284241,
            0.0
          ],
          [
            0.0,
            0.0,
            0.0,
            1.0
          ]
        ],
        "rotation_mode": "QUATERNION"
      },
      "armature_space": {
        "head": {
          "x": 0.6525465846061707,
          "y": 0.08048750460147858,
          "z": 0.3040209710597992
        },
        "tail": {
          "x": 0.6916100978851318,
          "y": 0.051693759858608246,
          "z": 0.29409369826316833
        }
      },
      "world_space": {
        "head": {
          "x": 0.6525465846061707,
          "y": 0.1437315046787262,
          "z": 1.2538750171661377
        },
        "tail": {
          "x": 0.6916100978851318,
          "y": 0.11493775993585587,
          "z": 1.2439477443695068
        },
        "rotation_quaternion": {
          "w": 0.012114941142499447,
          "x": 0.8556901812553406,
          "y": 0.45738908648490906,
          "z": -0.24174951016902924
        },
        "matrix": [
          [
            0.46470409631729126,
            0.7886248826980591,
            -0.4026421308517456,
            0.6525465846061707
          ],
          [
            0.7769091725349426,
            -0.5812963843345642,
            -0.2418823093175888,
            0.1437315046787262
          ],
          [
            -0.42481106519699097,
            -0.20041446387767792,
            -0.8828270435333252,
            1.2538750171661377
          ],
          [
            0.0,
            0.0,
            0.0,
            1.0
          ]
        ]
      },
      "bone_length_armature_space": 0.04953371098632346,
      "parent": "lowerarm_l",
      "has_children": true,
      "is_end_bone": false
    },
    "thumb_01_l": {
      "name": "thumb_01_l",
      "local": {
        "location": {
          "x": 0.0,
          "y": 0.0,
          "z": 0.0
        },
        "rotation_quaternion": {
          "w": 0.9572967290878296,
          "x": 0.288699746131897,
          "y": -0.009775940328836441,
          "z": -0.011836271733045578
        },
        "scale": {
          "x": 1.0,
          "y": 1.0,
          "z": 1.0
        },
        "matrix_basis": [
          [
            0.9995286464691162,
            0.017017025500535965,
            -0.02555120922625065,
            0.0
          ],
          [
            -0.028306271880865097,
            0.8330247402191162,
            -0.5525112152099609,
            0.0
          ],
          [
            0.011882694438099861,
            0.5529740452766418,
            0.8331137895584106,
            0.0
          ],
          [
            0.0,
            0.0,
            0.0,
            1.0
          ]
        ],
        "rotation_mode": "QUATERNION"
      },
      "armature_space": {
        "head": {
          "x": 0.6916100978851318,
          "y": 0.051693759858608246,
          "z": 0.29409369826316833
        },
        "tail": {
          "x": 0.7060667872428894,
          "y": 0.046103786677122116,
          "z": 0.2637886703014374
        }
      },
      "world_space": {
        "head": {
          "x": 0.6916100978851318,
          "y": 0.11493775993585587,
          "z": 1.2439477443695068
        },
        "tail": {
          "x": 0.7060667872428894,
          "y": 0.10934779047966003,
          "z": 1.2136427164077759
        },
        "rotation_quaternion": {
          "w": 0.6435335874557495,
          "x": -0.7166521549224854,
          "y": -0.061260830610990524,
          "z": -0.2617657482624054
        },
        "matrix": [
          [
            0.8554522395133972,
            0.42471519112586975,
            0.2963414490222931,
            0.6916100978851318
          ],
          [
            -0.24910205602645874,
            -0.16422462463378906,
            0.9544521570205688,
            0.11493775993585587
          ],
          [
            0.4540397524833679,
            -0.8903138637542725,
            -0.034688353538513184,
            1.2439477443695068
          ],
          [
            0.0,
            0.0,
            0.0,
            1.0
          ]
        ]
      },
      "bone_length_armature_space": 0.03403877765678146,
      "parent": "metacarpal_thumb_l",
      "has_children": true,
      "is_end_bone": false
    },
    "thumb_02_l": {
      "name": "thumb_02_l",
      "local": {
        "location": {
          "x": 0.0,
          "y": 0.0,
          "z": 0.0
        },
        "rotation_quaternion": {
          "w": 0.8909674882888794,
          "x": 0.4540161192417145,
          "y": -0.0058269561268389225,
          "z": -0.0035296212881803513
        },
        "scale": {
          "x": 1.0,
          "y": 1.0,
          "z": 1.0
        },
        "matrix_basis": [
          [
            0.9999071955680847,
            0.0009984916541725397,
            -0.01358826644718647,
            0.0
          ],
          [
            -0.01158061996102333,
            0.5877138376235962,
            -0.8089860677719116,
            0.0
          ],
          [
            0.007178246974945068,
            0.8090683221817017,
            0.5876708030700684,
            0.0
          ],
          [
            0.0,
            0.0,
            0.0,
            1.0
          ]
        ],
        "rotation_mode": "QUATERNION"
      },
      "armature_space": {
        "head": {
          "x": 0.7060667872428894,
          "y": 0.04610375314950943,
          "z": 0.2637886703014374
        },
        "tail": {
          "x": 0.7275829911231995,
          "y": 0.06944447755813599,
          "z": 0.28839460015296936
        }
      },
      "world_space": {
        "head": {
          "x": 0.7060667872428894,
          "y": 0.10934775322675705,
          "z": 1.2136427164077759
        },
        "tail": {
          "x": 0.7275829911231995,
          "y": 0.1326884776353836,
          "z": 1.238248586654663
        },
        "rotation_quaternion": {
          "w": 0.8057583570480347,
          "x": 0.18483352661132812,
          "y": -0.3759235739707947,
          "z": -0.41865459084510803
        },
        "matrix": [
          [
            0.36681830883026123,
            0.5357038974761963,
            -0.7605692744255066,
            0.7060667872428894
          ],
          [
            -0.8136358261108398,
            0.5811296105384827,
            0.016904115676879883,
            0.10934775322675705
          ],
          [
            0.45104724168777466,
            0.6126302480697632,
            0.6490412950515747,
            1.2136427164077759
          ],
          [
            0.0,
            0.0,
            0.0,
            1.0
          ]
        ]
      },
      "bone_length_armature_space": 0.0401645143731742,
      "parent": "thumb_01_l",
      "has_children": true,
      "is_end_bone": false
    },
    "thumb_03_l": {
      "name": "thumb_03_l",
      "local": {
        "location": {
          "x": 0.0,
          "y": 0.0,
          "z": 0.0
        },
        "rotation_quaternion": {
          "w": 0.9883834719657898,
          "x": 0.15190252661705017,
          "y": 0.004677445162087679,
          "z": -0.0014101805863901973
        },
        "scale": {
          "x": 1.0,
          "y": 1.0,
          "z": 1.0
        },
        "matrix_basis": [
          [
            0.9999522566795349,
            0.004208629950881004,
            0.008817799389362335,
            0.0
          ],
          [
            -0.0013665668666362762,
            0.9538472890853882,
            -0.3002890944480896,
            0.0
          ],
          [
            -0.009674638509750366,
            0.3002626895904541,
            0.9538074731826782,
            0.0
          ],
          [
            0.0,
            0.0,
            0.0,
            1.0
          ]
        ],
        "rotation_mode": "QUATERNION"
      },
      "armature_space": {
        "head": {
          "x": 0.7275830507278442,
          "y": 0.06944440305233002,
          "z": 0.288394570350647
        },
        "tail": {
          "x": 0.7288267612457275,
          "y": 0.08557365089654922,
          "z": 0.31418606638908386
        }
      },
      "world_space": {
        "head": {
          "x": 0.7275830507278442,
          "y": 0.13268840312957764,
          "z": 1.238248586654663
        },
        "tail": {
          "x": 0.7288267612457275,
          "y": 0.14881765842437744,
          "z": 1.2640401124954224
        },
        "rotation_quaternion": {
          "w": 0.8166524171829224,
          "x": 0.44387906789779663,
          "y": -0.31300321221351624,
          "z": -0.195139080286026
        },
        "matrix": [
          [
            0.7278997302055359,
            0.040851324796676636,
            -0.6844656467437744,
            0.7275830507278442
          ],
          [
            -0.5965926647186279,
            0.52978515625,
            -0.6028313040733337,
            0.13268840312957764
          ],
          [
            0.33799490332603455,
            0.8471540212631226,
            0.4100043773651123,
            1.238248586654663
          ],
          [
            0.0,
            0.0,
            0.0,
            1.0
          ]
        ]
      },
      "bone_length_armature_space": 0.03044504471666389,
      "parent": "thumb_02_l",
      "has_children": false,
      "is_end_bone": true
    },
    "metacarpal_index_l": {
      "name": "metacarpal_index_l",
      "local": {
        "location": {
          "x": 0.0,
          "y": 0.0,
          "z": 0.0
        },
        "rotation_quaternion": {
          "w": 0.9997831583023071,
          "x": -0.010206599719822407,
          "y": 0.014828290790319443,
          "z": 0.010468808934092522
        },
        "scale": {
          "x": 1.0,
          "y": 1.0,
          "z": 1.0
        },
        "matrix_basis": [
          [
            0.9993410706520081,
            -0.021235771477222443,
            0.029436448588967323,
            0.0
          ],
          [
            0.020630385726690292,
            0.9995724558830261,
            0.020719241350889206,
            0.0
          ],
          [
            -0.029863853007555008,
            -0.020098304376006126,
            0.9993519186973572,
            0.0
          ],
          [
            0.0,
            0.0,
            0.0,
            1.0
          ]
        ],
        "rotation_mode": "QUATERNION"
      },
      "armature_space": {
        "head": {
          "x": 0.6525465846061707,
          "y": 0.08048750460147858,
          "z": 0.3040209710597992
        },
        "tail": {
          "x": 0.7621373534202576,
          "y": 0.04827349632978439,
          "z": 0.2779181897640228
        }
      },
      "world_space": {
        "head": {
          "x": 0.6525465846061707,
          "y": 0.1437315046787262,
          "z": 1.2538750171661377
        },
        "tail": {
          "x": 0.7621373534202576,
          "y": 0.11151749640703201,
          "z": 1.2277722358703613
        },
        "rotation_quaternion": {
          "w": 0.17991624772548676,
          "x": 0.6859243512153625,
          "y": 0.5745986700057983,
          "z": -0.40862494707107544
        },
        "matrix": [
          [
            0.005722193047404289,
            0.9353001713752747,
            -0.3538092076778412,
            0.6525465846061707
          ],
          [
            0.6412252187728882,
            -0.27492985129356384,
            -0.716410756111145,
            0.1437315046787262
          ],
          [
            -0.767336368560791,
            -0.22277365624904633,
            -0.6013160347938538,
            1.2538750171661377
          ],
          [
            0.0,
            0.0,
            0.0,
            1.0
          ]
        ]
      },
      "bone_length_armature_space": 0.11717181473306766,
      "parent": "lowerarm_l",
      "has_children": true,
      "is_end_bone": false
    },
    "index_01_l": {
      "name": "index_01_l",
      "local": {
        "location": {
          "x": 0.0,
          "y": 0.0,
          "z": 0.0
        },
        "rotation_quaternion": {
          "w": 0.9527978897094727,
          "x": 0.3025197982788086,
          "y": 0.008543387055397034,
          "z": 0.02418963611125946
        },
        "scale": {
          "x": 1.0,
          "y": 1.0,
          "z": 1.0
        },
        "matrix_basis": [
          [
            0.998683750629425,
            -0.040926579385995865,
            0.03091593086719513,
            0.0
          ],
          [
            0.05126475542783737,
            0.8157932758331299,
            -0.5760671496391296,
            0.0
          ],
          [
            -0.0016445546643808484,
            0.5768937468528748,
            0.816817581653595,
            0.0
          ],
          [
            0.0,
            0.0,
            0.0,
            1.0
          ]
        ],
        "rotation_mode": "QUATERNION"
      },
      "armature_space": {
        "head": {
          "x": 0.7621373534202576,
          "y": 0.04827349632978439,
          "z": 0.2779181897640228
        },
        "tail": {
          "x": 0.7799718976020813,
          "y": 0.03722322732210159,
          "z": 0.2586076557636261
        }
      },
      "world_space": {
        "head": {
          "x": 0.7621373534202576,
          "y": 0.11151749640703201,
          "z": 1.2277722358703613
        },
        "tail": {
          "x": 0.7799718976020813,
          "y": 0.10046722739934921,
          "z": 1.2084616422653198
        },
        "rotation_quaternion": {
          "w": 0.03583298996090889,
          "x": -0.6035556793212891,
          "y": -0.5522207021713257,
          "z": 0.5740112066268921
        },
        "matrix": [
          [
            -0.2688753604888916,
            0.6254574060440063,
            -0.7324679493904114,
            0.7621373534202576
          ],
          [
            0.7077286243438721,
            -0.38753336668014526,
            -0.5907104015350342,
            0.11151749640703201
          ],
          [
            -0.6533236503601074,
            -0.6772208213806152,
            -0.3384588062763214,
            1.2277722358703613
          ],
          [
            0.0,
            0.0,
            0.0,
            1.0
          ]
        ]
      },
      "bone_length_armature_space": 0.028514489774283135,
      "parent": "metacarpal_index_l",
      "has_children": true,
      "is_end_bone": false
    },
    "index_02_l": {
      "name": "index_02_l",
      "local": {
        "location": {
          "x": 0.0,
          "y": 0.0,
          "z": 0.0
        },
        "rotation_quaternion": {
          "w": 0.8932361006736755,
          "x": 0.4495237469673157,
          "y": -0.006731935776770115,
          "z": 0.0035491418093442917
        },
        "scale": {
          "x": 1.0,
          "y": 1.0,
          "z": 1.0
        },
        "matrix_basis": [
          [
            0.9998841881752014,
            -0.012392773292958736,
            -0.008835569024085999,
            0.0
          ],
          [
            0.00028811319498345256,
            0.5958316326141357,
            -0.8031094670295715,
            0.0
          ],
          [
            0.015217263251543045,
            0.8030139207839966,
            0.5957661867141724,
            0.0
          ],
          [
            0.0,
            0.0,
            0.0,
            1.0
          ]
        ],
        "rotation_mode": "QUATERNION"
      },
      "armature_space": {
        "head": {
          "x": 0.7799719572067261,
          "y": 0.0372227244079113,
          "z": 0.2586074471473694
        },
        "tail": {
          "x": 0.7756701111793518,
          "y": 0.018366483971476555,
          "z": 0.2417542040348053
        }
      },
      "world_space": {
        "head": {
          "x": 0.7799719572067261,
          "y": 0.10046672821044922,
          "z": 1.2084615230560303
        },
        "tail": {
          "x": 0.7756701111793518,
          "y": 0.08161048591136932,
          "z": 1.191608190536499
        },
        "rotation_quaternion": {
          "w": 0.26722589135169983,
          "x": -0.5061803460121155,
          "y": -0.24712222814559937,
          "z": 0.7818582653999329
        },
        "matrix": [
          [
            -0.3447438180446625,
            -0.16769129037857056,
            -0.9235971570014954,
            0.7799719572067261
          ],
          [
            0.6680426597595215,
            -0.7350424528121948,
            -0.11589854955673218,
            0.10046672821044922
          ],
          [
            -0.6594515442848206,
            -0.6569627523422241,
            0.36542844772338867,
            1.2084615230560303
          ],
          [
            0.0,
            0.0,
            0.0,
            1.0
          ]
        ]
      },
      "bone_length_armature_space": 0.025653371523031144,
      "parent": "index_01_l",
      "has_children": true,
      "is_end_bone": false
    },
    "index_03_l": {
      "name": "index_03_l",
      "local": {
        "location": {
          "x": 0.0,
          "y": 0.0,
          "z": 0.0
        },
        "rotation_quaternion": {
          "w": 0.9311537742614746,
          "x": 0.3645501732826233,
          "y": 0.007472401484847069,
          "z": 0.00011357612675055861
        },
        "scale": {
          "x": 1.0,
          "y": 1.0,
          "z": 1.0
        },
        "matrix_basis": [
          [
            0.9998883008956909,
            0.00523661682382226,
            0.013998718000948429,
            0.0
          ],
          [
            0.005659644026309252,
            0.7342063188552856,
            -0.6789028644561768,
            0.0
          ],
          [
            -0.013833100907504559,
            0.678906261920929,
            0.7340946793556213,
            0.0
          ],
          [
            0.0,
            0.0,
            0.0,
            1.0
          ]
        ],
        "rotation_mode": "QUATERNION"
      },
      "armature_space": {
        "head": {
          "x": 0.7756702303886414,
          "y": 0.018366489559412003,
          "z": 0.2417541742324829
        },
        "tail": {
          "x": 0.7513031959533691,
          "y": 0.003898764029145241,
          "z": 0.2346360981464386
        }
      },
      "world_space": {
        "head": {
          "x": 0.7756702303886414,
          "y": 0.08161048591136932,
          "z": 1.191608190536499
        },
        "tail": {
          "x": 0.7513031959533691,
          "y": 0.06714276224374771,
          "z": 1.1844900846481323
        },
        "rotation_quaternion": {
          "w": 0.49722179770469666,
          "x": -0.3589756488800049,
          "y": 0.07206357270479202,
          "z": 0.786583662033081
        },
        "matrix": [
          [
            -0.24781256914138794,
            -0.8339528441429138,
            -0.49306389689445496,
            0.7756702303886414
          ],
          [
            0.7304747700691223,
            -0.4951532483100891,
            0.4703516364097595,
            0.08161048591136932
          ],
          [
            -0.6363966464996338,
            -0.24361386895179749,
            0.7318919897079468,
            1.191608190536499
          ],
          [
            0.0,
            0.0,
            0.0,
            1.0
          ]
        ]
      },
      "bone_length_armature_space": 0.029218734715249436,
      "parent": "index_02_l",
      "has_children": false,
      "is_end_bone": true
    },
    "metacarpal_pinky_l": {
      "name": "metacarpal_pinky_l",
      "local": {
        "location": {
          "x": 0.0,
          "y": 0.0,
          "z": 0.0
        },
        "rotation_quaternion": {
          "w": 0.9996545910835266,
          "x": -0.016885211691260338,
          "y": -0.008918967097997665,
          "z": 0.018061069771647453
        },
        "scale": {
          "x": 1.0,
          "y": 1.0,
          "z": 1.0
        },
        "matrix_basis": [
          [
            0.9991884827613831,
            -0.035808466374874115,
            -0.01844170317053795,
            0.0
          ],
          [
            0.0364108607172966,
            0.9987773895263672,
            0.03343658521771431,
            0.0
          ],
          [
            0.0172218419611454,
            -0.034080930054187775,
            0.9992706775665283,
            0.0
          ],
          [
            0.0,
            0.0,
            0.0,
            1.0
          ]
        ],
        "rotation_mode": "QUATERNION"
      },
      "armature_space": {
        "head": {
          "x": 0.6525465846061707,
          "y": 0.08048750460147858,
          "z": 0.3040209710597992
        },
        "tail": {
          "x": 0.7417557239532471,
          "y": 0.11787867546081543,
          "z": 0.2654610574245453
        }
      },
      "world_space": {
        "head": {
          "x": 0.6525465846061707,
          "y": 0.1437315046787262,
          "z": 1.2538750171661377
        },
        "tail": {
          "x": 0.7417557239532471,
          "y": 0.18112267553806305,
          "z": 1.2153151035308838
        },
        "rotation_quaternion": {
          "w": 0.8086143732070923,
          "x": -0.11929948627948761,
          "y": 0.16025793552398682,
          "z": -0.5533786416053772
        },
        "matrix": [
          [
            0.3361780643463135,
            0.8567028045654297,
            0.39120909571647644,
            0.6525465846061707
          ],
          [
            -0.933177649974823,
            0.3590790033340454,
            0.01556654553860426,
            0.1437315046787262
          ],
          [
            -0.12714070081710815,
            -0.37030288577079773,
            0.92017662525177,
            1.2538750171661377
          ],
          [
            0.0,
            0.0,
            0.0,
            1.0
          ]
        ]
      },
      "bone_length_armature_space": 0.10413086612486386,
      "parent": "lowerarm_l",
      "has_children": true,
      "is_end_bone": false
    },
    "pinky_01_l": {
      "name": "pinky_01_l",
      "local": {
        "location": {
          "x": 0.0,
          "y": 0.0,
          "z": 0.0
        },
        "rotation_quaternion": {
          "w": 0.9403113126754761,
          "x": 0.34013813734054565,
          "y": 0.006887171883136034,
          "z": 0.00856043491512537
        },
        "scale": {
          "x": 1.0,
          "y": 1.0,
          "z": 1.0
        },
        "matrix_basis": [
          [
            0.9997586011886597,
            -0.01141376793384552,
            0.018775632604956627,
            0.0
          ],
          [
            0.020784126594662666,
            0.768465518951416,
            -0.6395535469055176,
            0.0
          ],
          [
            -0.007128710392862558,
            0.6397894024848938,
            0.768517255783081,
            0.0
          ],
          [
            0.0,
            0.0,
            0.0,
            1.0
          ]
        ],
        "rotation_mode": "QUATERNION"
      },
      "armature_space": {
        "head": {
          "x": 0.7417557239532471,
          "y": 0.11787867546081543,
          "z": 0.2654610574245453
        },
        "tail": {
          "x": 0.7532333135604858,
