{
  "metadata": {
    "armature_name": "KIM_caucasian_male",
    "export_time": "2026-01-13T21:04:00.475946",
    "blender_version": "4.4.1",
    "bone_count": 56,
    "end_bone_count": 13,
    "spaces_included": [
      "LOCAL_CHANNELS",
      "ARMATURE_SPACE",
      "WORLD_SPACE"
    ],
    "note": "LOCAL matches Transform panel; replay pose via local.matrix_basis for best fidelity."
  },
  "bones": {
    "Root": {
      "name": "Root",
      "local": {
        "location": {
          "x": 0.0,
          "y": 0.0,
          "z": 0.0
        },
        "rotation_quaternion": {
          "w": 0.9996066093444824,
          "x": 0.0026547005400061607,
          "y": 0.01791231520473957,
          "z": 0.021420808508992195
        },
        "scale": {
          "x": 1.0,
          "y": 1.0,
          "z": 1.0
        },
        "matrix_basis": [
          [
            0.9984406232833862,
            -0.042729660868644714,
            0.0359242707490921,
            0.0
          ],
          [
            0.04291986674070358,
            0.9990682005882263,
            -0.004539920017123222,
            0.0
          ],
          [
            -0.03569680452346802,
            0.00607470516115427,
            0.9993442296981812,
            0.0
          ],
          [
            0.0,
            0.0,
            0.0,
            1.0
          ]
        ],
        "rotation_mode": "QUATERNION"
      },
      "armature_space": {
        "head": {
          "x": 0.0,
          "y": 0.07072800397872925,
          "z": -0.009595036506652832
        },
        "tail": {
          "x": -0.0030498667620122433,
          "y": 7.614493370056152e-06,
          "z": -0.0004385951906442642
        }
      },
      "world_space": {
        "head": {
          "x": 0.0,
          "y": 0.13397200405597687,
          "z": 0.9402589797973633
        },
        "tail": {
          "x": -0.0030498667620122433,
          "y": 0.06325161457061768,
          "z": 0.9494154453277588
        },
        "rotation_quaternion": {
          "w": 0.06469247490167618,
          "x": 0.9975144863128662,
          "y": -0.02016543224453926,
          "z": 0.01931469887495041
        },
        "matrix": [
          [
            0.9984406232833862,
            -0.042729660868644714,
            0.0359242707490921,
            0.0
          ],
          [
            -0.037731580436229706,
            -0.9908164739608765,
            -0.1298428326845169,
            0.13397200405597687
          ],
          [
            0.041142746806144714,
            0.12828482687473297,
            -0.9908906817436218,
            0.9402589797973633
          ],
          [
            0.0,
            0.0,
            0.0,
            1.0
          ]
        ]
      },
      "bone_length_armature_space": 0.0713758761191801,
      "parent": null,
      "has_children": true,
      "is_end_bone": false
    },
    "spine_01": {
      "name": "spine_01",
      "local": {
        "location": {
          "x": 0.0,
          "y": 0.0,
          "z": 0.0
        },
        "rotation_quaternion": {
          "w": 0.9974960088729858,
          "x": -0.007813808508217335,
          "y": -0.05183495953679085,
          "z": 0.047475289553403854
        },
        "scale": {
          "x": 1.0,
          "y": 1.0,
          "z": 1.0
        },
        "matrix_basis": [
          [
            0.9901184439659119,
            -0.09390276670455933,
            -0.10415225476026535,
            0.0
          ],
          [
            0.09552288055419922,
            0.995370090007782,
            0.010666726157069206,
            0.0
          ],
          [
            0.1026684045791626,
            -0.020510245114564896,
            0.9945041537284851,
            0.0
          ],
          [
            0.0,
            0.0,
            0.0,
            1.0
          ]
        ],
        "rotation_mode": "QUATERNION"
      },
      "armature_space": {
        "head": {
          "x": -0.0030498667620122433,
          "y": 7.614493370056152e-06,
          "z": -0.0004385951906442642
        },
        "tail": {
          "x": -0.06761679798364639,
          "y": 0.03221746161580086,
          "z": 0.4822021722793579
        }
      },
      "world_space": {
        "head": {
          "x": -0.0030498667620122433,
          "y": 0.06325161457061768,
          "z": 0.9494154453277588
        },
        "tail": {
          "x": -0.06761679798364639,
          "y": 0.09546145796775818,
          "z": 1.432056188583374
        },
        "rotation_quaternion": {
          "w": 0.7234492301940918,
          "x": 0.6833718419075012,
          "y": -0.09809575974941254,
          "z": -0.0012183095095679164
        },
        "matrix": [
          [
            0.980751633644104,
            -0.1323089599609375,
            -0.14359888434410095,
            -0.0030498667620122433
          ],
          [
            -0.13583360612392426,
            0.06600362062454224,
            -0.988530695438385,
            0.06325161457061768
          ],
          [
            0.14027035236358643,
            0.989015519618988,
            0.04676056280732155,
            0.9494154453277588
          ],
          [
            0.0,
            0.0,
            0.0,
            1.0
          ]
        ]
      },
      "bone_length_armature_space": 0.48800459272060953,
      "parent": "Root",
      "has_children": true,
      "is_end_bone": false
    },
    "neck_01": {
      "name": "neck_01",
      "local": {
        "location": {
          "x": 0.0,
          "y": 0.0,
          "z": 0.0
        },
        "rotation_quaternion": {
          "w": 0.9919387102127075,
          "x": -0.07607109099626541,
          "y": 0.0658428966999054,
          "z": -0.07704317569732666
        },
        "scale": {
          "x": 1.0,
          "y": 1.0,
          "z": 1.0
        },
        "matrix_basis": [
          [
            0.9794581532478333,
            0.14282673597335815,
            0.14234575629234314,
            0.0
          ],
          [
            -0.16286170482635498,
            0.9765550494194031,
            0.14077022671699524,
            0.0
          ],
          [
            -0.11890272051095963,
            -0.16106121242046356,
            0.9797558188438416,
            0.0
          ],
          [
            0.0,
            0.0,
            0.0,
            1.0
          ]
        ],
        "rotation_mode": "QUATERNION"
      },
      "armature_space": {
        "head": {
          "x": -0.08228433132171631,
          "y": 0.0027674660086631775,
          "z": 0.556238055229187
        },
        "tail": {
          "x": -0.08424900472164154,
          "y": -0.01522221602499485,
          "z": 0.6571502685546875
        }
      },
      "world_space": {
        "head": {
          "x": -0.08228433132171631,
          "y": 0.0660114660859108,
          "z": 1.5060920715332031
        },
        "tail": {
          "x": -0.08424900472164154,
          "y": 0.04802178591489792,
          "z": 1.6070042848587036
        },
        "rotation_quaternion": {
          "w": 0.6420707106590271,
          "x": 0.7664174437522888,
          "y": 0.00296419532969594,
          "z": 0.01846151053905487
        },
        "matrix": [
          [
            0.9993008375167847,
            -0.019163575023412704,
            0.0321047306060791,
            -0.08228433132171631
          ],
          [
            0.028250694274902344,
            -0.17547257244586945,
            -0.984079122543335,
            0.0660114660859108
          ],
          [
            0.024492181837558746,
            0.9843044877052307,
            -0.17481064796447754,
            1.5060920715332031
          ],
          [
            0.0,
            0.0,
            0.0,
            1.0
          ]
        ]
      },
      "bone_length_armature_space": 0.10252201395252843,
      "parent": "spine_01",
      "has_children": true,
      "is_end_bone": false
    },
    "head": {
      "name": "head",
      "local": {
        "location": {
          "x": 0.0,
          "y": 0.0,
          "z": 0.0
        },
        "rotation_quaternion": {
          "w": 0.9758433699607849,
          "x": 0.019623776897788048,
          "y": -0.025326259434223175,
          "z": 0.21610967814922333
        },
        "scale": {
          "x": 1.0,
          "y": 1.0,
          "z": 1.0
        },
        "matrix_basis": [
          [
            0.9053103923797607,
            -0.4227723777294159,
            -0.04094714671373367,
            0.0
          ],
          [
            0.4207844138145447,
            0.9058230519294739,
            -0.049245964735746384,
            0.0
          ],
          [
            0.057910699397325516,
            0.027352966368198395,
            0.9979469776153564,
            0.0
          ],
          [
            0.0,
            0.0,
            0.0,
            1.0
          ]
        ],
        "rotation_mode": "QUATERNION"
      },
      "armature_space": {
        "head": {
          "x": -0.08424899727106094,
          "y": -0.015222356654703617,
          "z": 0.6571502089500427
        },
        "tail": {
          "x": -0.15391825139522552,
          "y": 0.0059395404532551765,
          "z": 0.794086754322052
        }
      },
      "world_space": {
        "head": {
          "x": -0.08424899727106094,
          "y": 0.04802164435386658,
          "z": 1.607004165649414
        },
        "tail": {
          "x": -0.15391825139522552,
          "y": 0.06918354332447052,
          "z": 1.743940830230713
        },
        "rotation_quaternion": {
          "w": 0.7369979023933411,
          "x": 0.6351685523986816,
          "y": -0.15829744935035706,
          "z": 0.16833585500717163
        },
        "matrix": [
          [
            0.8932100534439087,
            -0.4492175877094269,
            -0.01948448084294796,
            -0.08424899727106094
          ],
          [
            0.04703801870346069,
            0.1364489495754242,
            -0.9895299673080444,
            0.04802164435386658
          ],
          [
            0.4471759796142578,
            0.8829476833343506,
            0.14300782978534698,
            1.607004165649414
          ],
          [
            0.0,
            0.0,
            0.0,
            1.0
          ]
        ]
      },
      "bone_length_armature_space": 0.15509109729576542,
      "parent": "neck_01",
      "has_children": false,
      "is_end_bone": true
    },
    "upperarm_l": {
      "name": "upperarm_l",
      "local": {
        "location": {
          "x": 0.0,
          "y": 0.0,
          "z": 0.0
        },
        "rotation_quaternion": {
          "w": 0.754940390586853,
          "x": -0.31101807951927185,
          "y": 0.49968788027763367,
          "z": -0.2892141342163086
        },
        "scale": {
          "x": 1.0,
          "y": 1.0,
          "z": 1.0
        },
        "matrix_basis": [
          [
            0.33333441615104675,
            0.12585493922233582,
            0.934370756149292,
            0.0
          ],
          [
            -0.7475028038024902,
            0.639245867729187,
            0.18056662380695343,
            0.0
          ],
          [
            -0.5745674967765808,
            -0.7586337924003601,
            0.30715954303741455,
            0.0
          ],
          [
            0.0,
            0.0,
            0.0,
            1.0
          ]
        ],
        "rotation_mode": "QUATERNION"
      },
      "armature_space": {
        "head": {
          "x": 0.07326265424489975,
          "y": -0.025196081027388573,
          "z": 0.5109582543373108
        },
        "tail": {
          "x": 0.2671716511249542,
          "y": 0.1587642878293991,
          "z": 0.49183979630470276
        }
      },
      "world_space": {
        "head": {
          "x": 0.07326265424489975,
          "y": 0.0380479171872139,
          "z": 1.4608123302459717
        },
        "tail": {
          "x": 0.2671716511249542,
          "y": 0.22200828790664673,
          "z": 1.4416937828063965
        },
        "rotation_quaternion": {
          "w": 0.1911652386188507,
          "x": 0.37728849053382874,
          "y": 0.8981675505638123,
          "z": -0.12001855671405792
        },
        "matrix": [
          [
            -0.6422184109687805,
            0.7236235737800598,
            0.2528328001499176,
            0.07326265424489975
          ],
          [
            0.6318498253822327,
            0.6864975690841675,
            -0.3598434329032898,
            0.0380479171872139
          ],
          [
            -0.4339626431465149,
            -0.07134567946195602,
            -0.8981093168258667,
            1.4608123302459717
          ],
          [
            0.0,
            0.0,
            0.0,
            1.0
          ]
        ]
      },
      "bone_length_armature_space": 0.26796945305367476,
      "parent": "spine_01",
      "has_children": true,
      "is_end_bone": false
    },
    "lowerarm_l": {
      "name": "lowerarm_l",
      "local": {
        "location": {
          "x": 0.0,
          "y": 0.0,
          "z": 0.0
        },
        "rotation_quaternion": {
          "w": 0.8646170496940613,
          "x": 0.49438613653182983,
          "y": -0.08686897158622742,
          "z": -0.021759483963251114
        },
        "scale": {
          "x": 1.0,
          "y": 1.0,
          "z": 1.0
        },
        "matrix_basis": [
          [
            0.9839606285095215,
            -0.04826638847589493,
            -0.17173196375370026,
            0.0
          ],
          [
            -0.1235208734869957,
            0.5102177262306213,
            -0.8511289358139038,
            0.0
          ],
          [
            0.1287016123533249,
            0.8586897850036621,
            0.49607226252555847,
            0.0
          ],
          [
            0.0,
            0.0,
            0.0,
            1.0
          ]
        ],
        "rotation_mode": "QUATERNION"
      },
      "armature_space": {
        "head": {
          "x": 0.26717180013656616,
          "y": 0.15876424312591553,
          "z": 0.49183976650238037
        },
        "tail": {
          "x": 0.4389887750148773,
          "y": 0.11128310114145279,
          "z": 0.2923544645309448
        }
      },
      "world_space": {
        "head": {
          "x": 0.26717180013656616,
          "y": 0.22200824320316315,
          "z": 1.4416937828063965
        },
        "tail": {
          "x": 0.4389887750148773,
          "y": 0.174527108669281,
          "z": 1.242208480834961
        },
        "rotation_quaternion": {
          "w": 0.072266586124897,
          "x": 0.4320388734340668,
          "y": 0.6372097730636597,
          "z": -0.634100615978241
        },
        "matrix": [
          [
            -0.616237461566925,
            0.6422476768493652,
            -0.45581692457199097,
            0.26717180013656616
          ],
          [
            0.4589535892009735,
            -0.17748335003852844,
            -0.8705525398254395,
            0.22200824320316315
          ],
          [
            -0.6400142908096313,
            -0.7456712126731873,
            -0.18539199233055115,
            1.4416937828063965
          ],
          [
            0.0,
            0.0,
            0.0,
            1.0
          ]
        ]
      },
      "bone_length_armature_space": 0.26752554375121507,
      "parent": "upperarm_l",
      "has_children": true,
      "is_end_bone": false
    },
    "metacarpal_thumb_l": {
      "name": "metacarpal_thumb_l",
      "local": {
        "location": {
          "x": 0.0,
          "y": 0.0,
          "z": 0.0
        },
        "rotation_quaternion": {
          "w": 0.9999178647994995,
          "x": -0.00352833466604352,
          "y": 0.01225676853209734,
          "z": 0.0013392643304541707
        },
        "scale": {
          "x": 1.0,
          "y": 1.0,
          "z": 1.0
        },
        "matrix_basis": [
          [
            0.9996959567070007,
            -0.002764800563454628,
            0.024502072483301163,
            0.0
          ],
          [
            0.002591816708445549,
            0.9999715089797974,
            0.007088919635862112,
            0.0
          ],
          [
            -0.02452097460627556,
            -0.007023259531706572,
            0.9996746182441711,
            0.0
          ],
          [
            0.0,
            0.0,
            0.0,
            1.0
          ]
        ],
        "rotation_mode": "QUATERNION"
      },
      "armature_space": {
        "head": {
          "x": 0.4389887750148773,
          "y": 0.11128310114145279,
          "z": 0.2923544645309448
        },
        "tail": {
          "x": 0.44536149501800537,
          "y": 0.08287864923477173,
          "z": 0.2522772550582886
        }
      },
      "world_space": {
        "head": {
          "x": 0.4389887750148773,
          "y": 0.174527108669281,
          "z": 1.242208480834961
        },
        "tail": {
          "x": 0.44536149501800537,
          "y": 0.14612264931201935,
          "z": 1.2021312713623047
        },
        "rotation_quaternion": {
          "w": 0.4043501913547516,
          "x": -0.8342463374137878,
          "y": -0.22312022745609283,
          "z": 0.3012499213218689
        },
        "matrix": [
          [
            0.7189317941665649,
            0.12865442037582397,
            -0.6830702424049377,
            0.4389887750148773
          ],
          [
            0.6158954501152039,
            -0.5734372138977051,
            0.5402248501777649,
            0.174527108669281
          ],
          [
            -0.32219740748405457,
            -0.8090905547142029,
            -0.4915028214454651,
            1.242208480834961
          ],
          [
            0.0,
            0.0,
            0.0,
            1.0
          ]
        ]
      },
      "bone_length_armature_space": 0.049533898673396436,
      "parent": "lowerarm_l",
      "has_children": true,
      "is_end_bone": false
    },
    "thumb_01_l": {
      "name": "thumb_01_l",
      "local": {
        "location": {
          "x": 0.0,
          "y": 0.0,
          "z": 0.0
        },
        "rotation_quaternion": {
          "w": 0.9840151071548462,
          "x": 0.1774848848581314,
          "y": -0.007545720785856247,
          "z": -0.012508551590144634
        },
        "scale": {
          "x": 1.0,
          "y": 1.0,
          "z": 1.0
        },
        "matrix_basis": [
          [
            0.9995731711387634,
            0.021938703954219818,
            -0.019290363416075706,
            0.0
          ],
          [
            -0.027295710518956184,
            0.93668532371521,
            -0.3491068482398987,
            0.0
          ],
          [
            0.010410048998892307,
            0.349484384059906,
            0.936884343624115,
            0.0
          ],
          [
            0.0,
            0.0,
            0.0,
            1.0
          ]
        ],
        "rotation_mode": "QUATERNION"
      },
      "armature_space": {
        "head": {
          "x": 0.44536149501800537,
          "y": 0.08287864923477173,
          "z": 0.2522772550582886
        },
        "tail": {
          "x": 0.43746328353881836,
          "y": 0.08787686377763748,
          "z": 0.21954691410064697
        }
      },
      "world_space": {
        "head": {
          "x": 0.44536149501800537,
          "y": 0.14612264931201935,
          "z": 1.2021312713623047
        },
        "tail": {
          "x": 0.43746328353881836,
          "y": 0.1511208713054657,
          "z": 1.169400930404663
        },
        "rotation_quaternion": {
          "w": 0.635806679725647,
          "x": -0.6163056492805481,
          "y": 0.4113022983074188,
          "z": -0.21621225774288177
        },
        "matrix": [
          [
            0.5681634545326233,
            -0.23203690350055695,
            0.7895246744155884,
            0.44536149501800537
          ],
          [
            -0.7819157242774963,
            0.14683973789215088,
            0.6058433651924133,
            0.14612264931201935
          ],
          [
            -0.2565138638019562,
            -0.9615662693977356,
            -0.09800466895103455,
            1.2021312713623047
          ],
          [
            0.0,
            0.0,
            0.0,
            1.0
          ]
        ]
      },
      "bone_length_armature_space": 0.03403878826436978,
      "parent": "metacarpal_thumb_l",
      "has_children": true,
      "is_end_bone": false
    },
    "thumb_02_l": {
      "name": "thumb_02_l",
      "local": {
        "location": {
          "x": 0.0,
          "y": 0.0,
          "z": 0.0
        },
        "rotation_quaternion": {
          "w": 0.9395999908447266,
          "x": 0.3421688973903656,
          "y": 0.0018652253784239292,
          "z": 0.008307882584631443
        },
        "scale": {
          "x": 1.0,
          "y": 1.0,
          "z": 1.0
        },
        "matrix_basis": [
          [
            0.9998549818992615,
            -0.014335728250443935,
            0.009190529584884644,
            0.0
          ],
          [
            0.016888616606593132,
            0.7657028436660767,
            -0.6429727673530579,
            0.0
          ],
          [
            0.002180266659706831,
            0.6430347561836243,
            0.7658339142799377,
            0.0
          ],
          [
            0.0,
            0.0,
            0.0,
            1.0
          ]
        ],
        "rotation_mode": "QUATERNION"
      },
      "armature_space": {
        "head": {
          "x": 0.43746325373649597,
          "y": 0.08787686377763748,
          "z": 0.21954692900180817
        },
        "tail": {
          "x": 0.4773995578289032,
          "y": 0.08448456227779388,
          "z": 0.2169463336467743
        }
      },
      "world_space": {
        "head": {
          "x": 0.43746325373649597,
          "y": 0.1511208713054657,
          "z": 1.169400930404663
        },
        "tail": {
          "x": 0.4773995578289032,
          "y": 0.1477285623550415,
          "z": 1.1668003797531128
        },
        "rotation_quaternion": {
          "w": 0.6756709814071655,
          "x": -0.009563855826854706,
          "y": 0.03519183024764061,
          "z": -0.7363007068634033
        },
        "matrix": [
          [
            -0.08675447851419449,
            0.9943209886550903,
            0.06164047122001648,
            0.43746325373649597
          ],
          [
            -0.9956674575805664,
            -0.08446040749549866,
            -0.038898762315511703,
            0.1511208713054657
          ],
          [
            -0.033472564071416855,
            -0.06474858522415161,
            0.9973469972610474,
            1.169400930404663
          ],
          [
            0.0,
            0.0,
            0.0,
            1.0
          ]
        ]
      },
      "bone_length_armature_space": 0.040164402453886826,
      "parent": "thumb_01_l",
      "has_children": true,
      "is_end_bone": false
    },
    "thumb_03_l": {
      "name": "thumb_03_l",
      "local": {
        "location": {
          "x": 0.0,
          "y": 0.0,
          "z": 0.0
        },
        "rotation_quaternion": {
          "w": 0.9842720031738281,
          "x": 0.1765529215335846,
          "y": -0.0016922096256166697,
          "z": 0.0059076533652842045
        },
        "scale": {
          "x": 1.0,
          "y": 1.0,
          "z": 1.0
        },
        "matrix_basis": [
          [
            0.9999244809150696,
            -0.012227004393935204,
            -0.0012451622169464827,
            0.0
          ],
          [
            0.011031946167349815,
            0.9375883340835571,
            -0.3475721776485443,
            0.0
          ],
          [
            0.00541721610352397,
            0.3475322127342224,
            0.9376524090766907,
            0.0
          ],
          [
            0.0,
            0.0,
            0.0,
            1.0
          ]
        ],
        "rotation_mode": "QUATERNION"
      },
      "armature_space": {
        "head": {
          "x": 0.4773995280265808,
          "y": 0.0844845101237297,
          "z": 0.2169462889432907
        },
        "tail": {
          "x": 0.5033732056617737,
          "y": 0.0825488492846489,
          "z": 0.23271068930625916
        }
      },
      "world_space": {
        "head": {
          "x": 0.4773995280265808,
          "y": 0.14772850275039673,
          "z": 1.1668002605438232
        },
        "tail": {
          "x": 0.5033732056617737,
          "y": 0.14579284191131592,
          "z": 1.1825647354125977
        },
        "rotation_quaternion": {
          "w": 0.6827690005302429,
          "x": 0.3364107608795166,
          "y": -0.04514237493276596,
          "z": -0.6470057368278503
        },
        "matrix": [
          [
            0.1586887240409851,
            0.8531373739242554,
            -0.4969654679298401,
            0.4773995280265808
          ],
          [
            -0.913885235786438,
            -0.06357910484075546,
            -0.4009636640548706,
            0.14772850275039673
          ],
          [
            -0.3736768066883087,
            0.5178011655807495,
            0.7695853114128113,
            1.1668002605438232
          ],
          [
            0.0,
            0.0,
            0.0,
            1.0
          ]
        ]
      },
      "bone_length_armature_space": 0.03044495069396385,
      "parent": "thumb_02_l",
      "has_children": false,
      "is_end_bone": true
    },
    "metacarpal_index_l": {
      "name": "metacarpal_index_l",
      "local": {
        "location": {
          "x": 0.0,
          "y": 0.0,
          "z": 0.0
        },
        "rotation_quaternion": {
          "w": 0.9971088767051697,
          "x": -0.07497786730527878,
          "y": -0.011021905578672886,
          "z": 0.005551978480070829
        },
        "scale": {
          "x": 1.0,
          "y": 1.0,
          "z": 1.0
        },
        "matrix_basis": [
          [
            0.999695360660553,
            -0.00941905565559864,
            -0.022812630981206894,
            0.0
          ],
          [
            0.012724651955068111,
            0.988694965839386,
            0.1493998020887375,
            0.0
          ],
          [
            0.021147528663277626,
            -0.14964458346366882,
            0.9885136485099792,
            0.0
          ],
          [
            0.0,
            0.0,
            0.0,
            1.0
          ]
        ],
        "rotation_mode": "QUATERNION"
      },
      "armature_space": {
        "head": {
          "x": 0.4389887750148773,
          "y": 0.11128310114145279,
          "z": 0.2923544645309448
        },
        "tail": {
          "x": 0.5054283142089844,
          "y": 0.06374740600585938,
          "z": 0.20835763216018677
        }
      },
      "world_space": {
        "head": {
          "x": 0.4389887750148773,
          "y": 0.174527108669281,
          "z": 1.242208480834961
        },
        "tail": {
          "x": 0.5054283142089844,
          "y": 0.126991406083107,
          "z": 1.1582117080688477
        },
        "rotation_quaternion": {
          "w": 0.19777028262615204,
          "x": -0.7232127785682678,
          "y": -0.5079764723777771,
          "z": 0.42404019832611084
        },
        "matrix": [
          [
            0.12429744005203247,
            0.5670268535614014,
            -0.8142668008804321,
            0.4389887750148773
          ],
          [
            0.9024755954742432,
            -0.40569251775741577,
            -0.14474746584892273,
            0.174527108669281
          ],
          [
            -0.41241976618766785,
            -0.7168694734573364,
            -0.562158465385437,
            1.242208480834961
          ],
          [
            0.0,
            0.0,
            0.0,
            1.0
          ]
        ]
      },
      "bone_length_armature_space": 0.11717219252746183,
      "parent": "lowerarm_l",
      "has_children": true,
      "is_end_bone": false
    },
    "index_01_l": {
      "name": "index_01_l",
      "local": {
        "location": {
          "x": 0.0,
          "y": 0.0,
          "z": 0.0
        },
        "rotation_quaternion": {
          "w": 0.9692628979682922,
          "x": 0.24527989327907562,
          "y": 0.0191457848995924,
          "z": 0.0008432510076090693
        },
        "scale": {
          "x": 1.0,
          "y": 1.0,
          "z": 1.0
        },
        "matrix_basis": [
          [
            0.9992654323577881,
            0.007757488172501326,
            0.03752826154232025,
            0.0
          ],
          [
            0.011026816442608833,
            0.8796741366386414,
            -0.4754491150379181,
            0.0
          ],
          [
            -0.036700934171676636,
            0.4755136966705322,
            0.8789424300193787,
            0.0
          ],
          [
            0.0,
            0.0,
            0.0,
            1.0
          ]
        ],
        "rotation_mode": "QUATERNION"
      },
      "armature_space": {
        "head": {
          "x": 0.5054283142089844,
          "y": 0.06374740600585938,
          "z": 0.20835763216018677
        },
        "tail": {
          "x": 0.5125080943107605,
          "y": 0.060855377465486526,
          "z": 0.18088778853416443
        }
      },
      "world_space": {
        "head": {
          "x": 0.5054283142089844,
          "y": 0.126991406083107,
          "z": 1.1582117080688477
        },
        "tail": {
          "x": 0.5125080943107605,
          "y": 0.12409937381744385,
          "z": 1.130741834640503
        },
        "rotation_quaternion": {
          "w": 0.39303290843963623,
          "x": -0.5713992714881897,
          "y": -0.5429667234420776,
          "z": 0.47351357340812683
        },
        "matrix": [
          [
            -0.03805761784315109,
            0.2482890486717224,
            -0.9679379463195801,
            0.5054283142089844
          ],
          [
            0.9927147626876831,
            -0.10142354667186737,
            -0.0650482028722763,
            0.126991406083107
          ],
          [
            -0.11432241648435593,
            -0.9633686542510986,
            -0.24262195825576782,
            1.1582117080688477
          ],
          [
            0.0,
            0.0,
            0.0,
            1.0
          ]
        ]
      },
      "bone_length_armature_space": 0.02851454742602527,
      "parent": "metacarpal_index_l",
      "has_children": true,
      "is_end_bone": false
    },
    "index_02_l": {
      "name": "index_02_l",
      "local": {
        "location": {
          "x": 0.0,
          "y": 0.0,
          "z": 0.0
        },
        "rotation_quaternion": {
          "w": 0.9161117076873779,
          "x": 0.40081408619880676,
          "y": 0.009030738845467567,
          "z": -0.002466432051733136
        },
        "scale": {
          "x": 1.0,
          "y": 1.0,
          "z": 1.0
        },
        "matrix_basis": [
          [
            0.9998247027397156,
            0.011758348904550076,
            0.014569169841706753,
            0.0
          ],
          [
            0.0027202400378882885,
            0.6786839962005615,
            -0.7344254851341248,
            0.0
          ],
          [
            -0.01852349191904068,
            0.7343364357948303,
            0.6785330176353455,
            0.0
          ],
          [
            0.0,
            0.0,
            0.0,
            1.0
          ]
        ],
        "rotation_mode": "QUATERNION"
      },
      "armature_space": {
        "head": {
          "x": 0.5125079154968262,
          "y": 0.06085507944226265,
          "z": 0.180887371301651
        },
        "tail": {
          "x": 0.49938881397247314,
          "y": 0.05746123939752579,
          "z": 0.1591050773859024
        }
      },
      "world_space": {
        "head": {
          "x": 0.5125079154968262,
          "y": 0.12409907579421997,
          "z": 1.1307413578033447
        },
        "tail": {
          "x": 0.49938881397247314,
          "y": 0.12070523947477341,
          "z": 1.1089590787887573
        },
        "rotation_quaternion": {
          "w": 0.569195032119751,
          "x": -0.36163511872291565,
          "y": -0.3314637243747711,
          "z": 0.6598249673843384
        },
        "matrix": [
          [
            -0.09047134965658188,
            -0.5114006400108337,
            -0.8545666933059692,
            0.5125079154968262
          ],
          [
            0.9908764362335205,
            -0.1322966068983078,
            -0.025731518864631653,
            0.12409907579421997
          ],
          [
            -0.09989699721336365,
            -0.8491039276123047,
            0.5187073945999146,
            1.1307413578033447
          ],
          [
            0.0,
            0.0,
            0.0,
            1.0
          ]
        ]
      },
      "bone_length_armature_space": 0.02565340750802727,
      "parent": "index_01_l",
      "has_children": true,
      "is_end_bone": false
    },
    "index_03_l": {
      "name": "index_03_l",
      "local": {
        "location": {
          "x": 0.0,
          "y": 0.0,
          "z": 0.0
        },
        "rotation_quaternion": {
          "w": 0.960784375667572,
          "x": 0.2772315740585327,
          "y": -0.0017588746268302202,
          "z": -0.005754209589213133
        },
        "scale": {
          "x": 1.0,
          "y": 1.0,
          "z": 1.0
        },
        "matrix_basis": [
          [
            0.9999275803565979,
            0.010081877931952477,
            -0.00657029589638114,
            0.0
          ],
          [
            -0.01203234028071165,
            0.8462190628051758,
            -0.5326992869377136,
            0.0
          ],
          [
            0.00018930135411210358,
            0.5327397584915161,
            0.8462791442871094,
            0.0
          ],
          [
            0.0,
            0.0,
            0.0,
            1.0
          ]
        ],
        "rotation_mode": "QUATERNION"
      },
      "armature_space": {
        "head": {
          "x": 0.4993889331817627,
          "y": 0.057461220771074295,
          "z": 0.15910501778125763
        },
        "tail": {
          "x": 0.4722309112548828,
          "y": 0.05750831961631775,
          "z": 0.14832670986652374
        }
      },
      "world_space": {
        "head": {
          "x": 0.4993889331817627,
          "y": 0.12070521712303162,
          "z": 1.1089590787887573
        },
        "tail": {
          "x": 0.4722309112548828,
          "y": 0.12075231969356537,
          "z": 1.0981807708740234
        },
        "rotation_quaternion": {
          "w": 0.698866605758667,
          "x": -0.15408307313919067,
          "y": -0.11131830513477325,
          "z": 0.6895304322242737
        },
        "matrix": [
          [
            0.02431079000234604,
            -0.929474949836731,
            -0.368083119392395,
            0.4993889331817627
          ],
          [
            0.9980844259262085,
            0.0016119219362735748,
            0.061850257217884064,
            0.12070521712303162
          ],
          [
            -0.056894492357969284,
            -0.36888429522514343,
            0.9277400970458984,
            1.1089590787887573
          ],
          [
            0.0,
            0.0,
            0.0,
            1.0
          ]
        ]
      },
      "bone_length_armature_space": 0.02921869803267855,
      "parent": "index_02_l",
      "has_children": false,
      "is_end_bone": true
    },
    "metacarpal_pinky_l": {
      "name": "metacarpal_pinky_l",
      "local": {
        "location": {
          "x": 0.0,
          "y": 0.0,
          "z": 0.0
        },
        "rotation_quaternion": {
          "w": 0.9991613626480103,
          "x": -0.03785654902458191,
          "y": -0.014786249957978725,
          "z": -0.004977279342710972
        },
        "scale": {
          "x": 1.0,
          "y": 1.0,
          "z": 1.0
        },
        "matrix_basis": [
          [
            0.9995132088661194,
            0.01106572337448597,
            -0.02917085401713848,
            0.0
          ],
          [
            -0.008826697245240211,
            0.9970842003822327,
            0.07579679042100906,
            0.0
          ],
          [
            0.02992454543709755,
            -0.075502410531044,
            0.9966964721679688,
            0.0
          ],
          [
            0.0,
            0.0,
            0.0,
            1.0
          ]
        ],
        "rotation_mode": "QUATERNION"
      },
      "armature_space": {
        "head": {
          "x": 0.4389887750148773,
          "y": 0.11128310114145279,
          "z": 0.2923544645309448
        },
        "tail": {
          "x": 0.5119025707244873,
          "y": 0.12592685222625732,
          "z": 0.21946805715560913
        }
      },
      "world_space": {
        "head": {
          "x": 0.4389887750148773,
          "y": 0.174527108669281,
          "z": 1.242208480834961
        },
        "tail": {
          "x": 0.5119025707244873,
          "y": 0.18917085230350494,
          "z": 1.1693220138549805
        },
        "rotation_quaternion": {
          "w": 0.5529472231864929,
          "x": -0.023560229688882828,
          "y": 0.5143566727638245,
          "z": -0.6550813317298889
        },
        "matrix": [
          [
            -0.38738518953323364,
            0.7002135515213013,
            0.5996943712234497,
            0.4389887750148773
          ],
          [
            -0.7486903071403503,
            0.14062845706939697,
            -0.6478325724601746,
            0.174527108669281
          ],
          [
            -0.5379595756530762,
            -0.6999507546424866,
            0.4697684347629547,
            1.242208480834961
          ],
          [
            0.0,
            0.0,
            0.0,
            1.0
          ]
        ]
      },
      "bone_length_armature_space": 0.10413111536229668,
      "parent": "lowerarm_l",
      "has_children": true,
      "is_end_bone": false
    },
    "pinky_01_l": {
      "name": "pinky_01_l",
      "local": {
        "location": {
          "x": 0.0,
          "y": 0.0,
          "z": 0.0
        },
        "rotation_quaternion": {
          "w": 0.9440380930900574,
          "x": 0.3291494846343994,
          "y": -0.01919020712375641,
          "z": 0.009190374054014683
        },
        "scale": {
          "x": 1.0,
          "y": 1.0,
          "z": 1.0
        },
        "matrix_basis": [
          [
            0.999094545841217,
            -0.02998501993715763,
            -0.03018255904316902,
            0.0
          ],
          [
            0.004719232674688101,
            0.7831522822380066,
            -0.6218120455741882,
            0.0
          ],
          [
            0.042282585054636,
            0.6211065649986267,
            0.7825847268104553,
            0.0
          ],
          [
            0.0,
            0.0,
            0.0,
            1.0
          ]
        ],
        "rotation_mode": "QUATERNION"
      },
      "armature_space": {
        "head": {
          "x": 0.5119025707244873,
          "y": 0.12592685222625732,
          "z": 0.21946805715560913
        },
        "tail": {
          "x": 0.5109454989433289,
