{
  "metadata": {
    "armature_name": "KIM_caucasian_male",
    "export_time": "2026-01-13T20:26:34.812023",
    "blender_version": "4.4.1",
    "bone_count": 56,
    "end_bone_count": 13,
    "spaces_included": [
      "LOCAL_CHANNELS",
      "ARMATURE_SPACE",
      "WORLD_SPACE"
    ],
    "note": "LOCAL matches Transform panel; replay pose via local.matrix_basis for best fidelity."
  },
  "bones": {
    "Root": {
      "name": "Root",
      "local": {
        "location": {
          "x": 0.0,
          "y": 0.0,
          "z": 0.0
        },
        "rotation_quaternion": {
          "w": 0.9995904564857483,
          "x": 0.014194969087839127,
          "y": 0.0002905231376644224,
          "z": -0.024847151711583138
        },
        "scale": {
          "x": 1.0,
          "y": 1.0,
          "z": 1.0
        },
        "matrix_basis": [
          [
            0.9987650513648987,
            0.04968219995498657,
            -0.0001246007886948064,
            0.0
          ],
          [
            -0.04966570436954498,
            0.9983622431755066,
            -0.028392748907208443,
            0.0
          ],
          [
            -0.0012862173607572913,
            0.028363874182105064,
            0.9995968341827393,
            0.0
          ],
          [
            0.0,
            0.0,
            0.0,
            1.0
          ]
        ],
        "rotation_mode": "QUATERNION"
      },
      "armature_space": {
        "head": {
          "x": 0.0,
          "y": 0.07072800397872925,
          "z": -0.009595036506652832
        },
        "tail": {
          "x": 0.0035461101215332747,
          "y": -0.00015631318092346191,
          "z": -0.002021848689764738
        }
      },
      "world_space": {
        "head": {
          "x": 0.0,
          "y": 0.13397200405597687,
          "z": 0.9402589797973633
        },
        "tail": {
          "x": 0.0035461101215332747,
          "y": 0.06308768689632416,
          "z": 0.9478321671485901
        },
        "rotation_quaternion": {
          "w": 0.05317734181880951,
          "x": 0.998275876045227,
          "y": 0.024810275062918663,
          "z": -0.0013840346364304423
        },
        "matrix": [
          [
            0.9987650513648987,
            0.04968219995498657,
            -0.0001246007886948064,
            0.0
          ],
          [
            0.04938780143857002,
            -0.9931132197380066,
            -0.10624046623706818,
            0.13397200405597687
          ],
          [
            -0.00540199363604188,
            0.10610291361808777,
            -0.9943475127220154,
            0.9402589797973633
          ],
          [
            0.0,
            0.0,
            0.0,
            1.0
          ]
        ]
      },
      "bone_length_armature_space": 0.07137586712309718,
      "parent": null,
      "has_children": true,
      "is_end_bone": false
    },
    "spine_01": {
      "name": "spine_01",
      "local": {
        "location": {
          "x": 0.0,
          "y": 0.0,
          "z": 0.0
        },
        "rotation_quaternion": {
          "w": 0.9966855049133301,
          "x": 0.0541970320045948,
          "y": -0.05199184641242027,
          "z": 0.031269025057554245
        },
        "scale": {
          "x": 1.0,
          "y": 1.0,
          "z": 1.0
        },
        "matrix_basis": [
          [
            0.9926381707191467,
            -0.06796637922525406,
            -0.10024966299533844,
            0.0
          ],
          [
            0.056695159524679184,
            0.9921698570251465,
            -0.11128626018762589,
            0.0
          ],
          [
            0.10702841728925705,
            0.1047833263874054,
            0.9887190461158752,
            0.0
          ],
          [
            0.0,
            0.0,
            0.0,
            1.0
          ]
        ],
        "rotation_mode": "QUATERNION"
      },
      "armature_space": {
        "head": {
          "x": 0.0035461101215332747,
          "y": -0.00015631318092346191,
          "z": -0.002021848689764738
        },
        "tail": {
          "x": -0.02487434819340706,
          "y": -0.04391702264547348,
          "z": 0.4831850528717041
        }
      },
      "world_space": {
        "head": {
          "x": 0.0035461101215332747,
          "y": 0.06308768689632416,
          "z": 0.9478321671485901
        },
        "tail": {
          "x": -0.02487434819340706,
          "y": 0.01932697743177414,
          "z": 1.4330390691757202
        },
        "rotation_quaternion": {
          "w": 0.6735316514968872,
          "x": 0.738130509853363,
          "y": -0.038965508341789246,
          "z": 0.0005309278494678438
        },
        "matrix": [
          [
            0.9969627857208252,
            -0.058238495141267776,
            -0.05170557647943497,
            0.0035461101215332747
          ],
          [
            -0.05680841952562332,
            -0.08967336267232895,
            -0.9943497776985168,
            0.06308768689632416
          ],
          [
            0.053273145109415054,
            0.9942739605903625,
            -0.09271099418401718,
            0.9478321671485901
          ],
          [
            0.0,
            0.0,
            0.0,
            1.0
          ]
        ]
      },
      "bone_length_armature_space": 0.4880045722646257,
      "parent": "Root",
      "has_children": true,
      "is_end_bone": false
    },
    "neck_01": {
      "name": "neck_01",
      "local": {
        "location": {
          "x": 0.0,
          "y": 0.0,
          "z": 0.0
        },
        "rotation_quaternion": {
          "w": 0.9878610372543335,
          "x": -0.07125064730644226,
          "y": 0.09574258327484131,
          "z": -0.09943484514951706
        },
        "scale": {
          "x": 1.0,
          "y": 1.0,
          "z": 1.0
        },
        "matrix_basis": [
          [
            0.9618921279907227,
            0.1828121691942215,
            0.20333032310009003,
            0.0
          ],
          [
            -0.21009905636310577,
            0.9700720906257629,
            0.12173117697238922,
            0.0
          ],
          [
            -0.17499114573001862,
            -0.15981177985668182,
            0.9715133905410767,
            0.0
          ],
          [
            0.0,
            0.0,
            0.0,
            1.0
          ]
        ],
        "rotation_mode": "QUATERNION"
      },
      "armature_space": {
        "head": {
          "x": -0.030931653454899788,
          "y": -0.08496725559234619,
          "z": 0.5527690052986145
        },
        "tail": {
          "x": -0.01910899206995964,
          "y": -0.11736910045146942,
          "z": 0.649314820766449
        }
      },
      "world_space": {
        "head": {
          "x": -0.030931653454899788,
          "y": -0.021723255515098572,
          "z": 1.5026230812072754
        },
        "tail": {
          "x": -0.01910899206995964,
          "y": -0.0541251003742218,
          "z": 1.5991687774658203
        },
        "rotation_quaternion": {
          "w": 0.5768653750419617,
          "x": 0.810440182685852,
          "y": 0.0959235355257988,
          "z": 0.03481031581759453
        },
        "matrix": [
          [
            0.9791737198829651,
            0.11531902849674225,
            0.16709373891353607,
            -0.030931653454899788
          ],
          [
            0.19564279913902283,
            -0.3160497546195984,
            -0.9283515810966492,
            -0.021723255515098572
          ],
          [
            -0.05424684286117554,
            0.941714346408844,
            -0.33203211426734924,
            1.5026230812072754
          ],
          [
            0.0,
            0.0,
            0.0,
            1.0
          ]
        ]
      },
      "bone_length_armature_space": 0.10252194595243454,
      "parent": "spine_01",
      "has_children": true,
      "is_end_bone": false
    },
    "head": {
      "name": "head",
      "local": {
        "location": {
          "x": 0.0,
          "y": 0.0,
          "z": 0.0
        },
        "rotation_quaternion": {
          "w": 0.982845664024353,
          "x": 0.05522951856255531,
          "y": 0.01032309327274561,
          "z": 0.17566342651844025
        },
        "scale": {
          "x": 1.0,
          "y": 1.0,
          "z": 1.0
        },
        "matrix_basis": [
          [
            0.938071608543396,
            -0.3441597819328308,
            0.039695627987384796,
            0.0
          ],
          [
            0.3464403450489044,
            0.932184100151062,
            -0.10493740439414978,
            0.0
          ],
          [
            -0.000888401991687715,
            0.11219096928834915,
            0.9936862587928772,
            0.0
          ],
          [
            0.0,
            0.0,
            0.0,
            1.0
          ]
        ],
        "rotation_mode": "QUATERNION"
      },
      "armature_space": {
        "head": {
          "x": -0.019108975306153297,
          "y": -0.11736921966075897,
          "z": 0.6493147015571594
        },
        "tail": {
          "x": -0.06129908561706543,
          "y": -0.13881568610668182,
          "z": 0.7970080375671387
        }
      },
      "world_space": {
        "head": {
          "x": -0.019108975306153297,
          "y": -0.05412521958351135,
          "z": 1.5991687774658203
        },
        "tail": {
          "x": -0.06129908561706543,
          "y": -0.0755716860294342,
          "z": 1.7468620538711548
        },
        "rotation_quaternion": {
          "w": 0.6558825373649597,
          "x": 0.7330377697944641,
          "y": -0.026004070416092873,
          "z": 0.1783185601234436
        },
        "matrix": [
          [
            0.9350530505180359,
            -0.2720359265804291,
            0.22731561958789825,
            -0.019108975306153297
          ],
          [
            0.19578643143177032,
            -0.138283833861351,
            -0.9708477854728699,
            -0.05412521958351135
          ],
          [
            0.2955418527126312,
            0.9523059725761414,
            -0.07604321092367172,
            1.5991687774658203
          ],
          [
            0.0,
            0.0,
            0.0,
            1.0
          ]
        ]
      },
      "bone_length_armature_space": 0.155091193469619,
      "parent": "neck_01",
      "has_children": false,
      "is_end_bone": true
    },
    "upperarm_l": {
      "name": "upperarm_l",
      "local": {
        "location": {
          "x": 0.0,
          "y": 0.0,
          "z": 0.0
        },
        "rotation_quaternion": {
          "w": 0.9673409461975098,
          "x": 0.015499577857553959,
          "y": -0.22225981950759888,
          "z": -0.12087969481945038
        },
        "scale": {
          "x": 1.0,
          "y": 1.0,
          "z": 1.0
        },
        "matrix_basis": [
          [
            0.8719773292541504,
            0.22697389125823975,
            -0.4337492287158966,
            0.0
          ],
          [
            -0.24075362086296082,
            0.9702957272529602,
            0.02374664507806301,
            0.0
          ],
          [
            0.42625486850738525,
            0.0837201476097107,
            0.9007206559181213,
            0.0
          ],
          [
            0.0,
            0.0,
            0.0,
            1.0
          ]
        ],
        "rotation_mode": "QUATERNION"
      },
      "armature_space": {
        "head": {
          "x": 0.12236194312572479,
          "y": -0.09063288569450378,
          "z": 0.4936414361000061
        },
        "tail": {
          "x": 0.38414454460144043,
          "y": -0.11006245017051697,
          "z": 0.4397895932197571
        }
      },
      "world_space": {
        "head": {
          "x": 0.12236194312572479,
          "y": -0.027388885617256165,
          "z": 1.443495512008667
        },
        "tail": {
          "x": 0.38414454460144043,
          "y": -0.04681845009326935,
          "z": 1.389643669128418
        },
        "rotation_quaternion": {
          "w": 0.5102745890617371,
          "x": 0.36442750692367554,
          "y": 0.4509614109992981,
          "z": -0.6351742148399353
        },
        "matrix": [
          [
            -0.21362392604351044,
            0.9769121408462524,
            -0.0027208589017391205,
            0.12236194312572479
          ],
          [
            -0.3195427656173706,
            -0.07250665128231049,
            -0.9447938203811646,
            -0.027388885617256165
          ],
          [
            -0.9231845736503601,
            -0.20096267759799957,
            0.3276558220386505,
            1.443495512008667
          ],
          [
            0.0,
            0.0,
            0.0,
            1.0
          ]
        ]
      },
      "bone_length_armature_space": 0.2679694923700436,
      "parent": "spine_01",
      "has_children": true,
      "is_end_bone": false
    },
    "lowerarm_l": {
      "name": "lowerarm_l",
      "local": {
        "location": {
          "x": 0.0,
          "y": 0.0,
          "z": 0.0
        },
        "rotation_quaternion": {
          "w": 0.9781026244163513,
          "x": 0.18142089247703552,
          "y": 0.08719074726104736,
          "z": -0.052911724895238876
        },
        "scale": {
          "x": 1.0,
          "y": 1.0,
          "z": 1.0
        },
        "matrix_basis": [
          [
            0.9791962504386902,
            0.13514263927936554,
            0.15136441588401794,
            0.0
          ],
          [
            -0.07186974585056305,
            0.9285736083984375,
            -0.36412331461906433,
            0.0
          ],
          [
            -0.18976157903671265,
            0.345669686794281,
            0.9189684391021729,
            0.0
          ],
          [
            0.0,
            0.0,
            0.0,
            1.0
          ]
        ],
        "rotation_mode": "QUATERNION"
      },
      "armature_space": {
        "head": {
          "x": 0.38414466381073,
          "y": -0.11006246507167816,
          "z": 0.43978971242904663
        },
        "tail": {
          "x": 0.6137499213218689,
          "y": -0.24686066806316376,
          "z": 0.4280843436717987
        }
      },
      "world_space": {
        "head": {
          "x": 0.38414466381073,
          "y": -0.04681846499443054,
          "z": 1.389643669128418
        },
        "tail": {
          "x": 0.6137499213218689,
          "y": -0.18361666798591614,
          "z": 1.3779383897781372
        },
        "rotation_quaternion": {
          "w": 0.3929142653942108,
          "x": 0.49156880378723145,
          "y": 0.2999064028263092,
          "z": -0.7169620990753174
        },
        "matrix": [
          [
            -0.20795650780200958,
            0.858258843421936,
            -0.4691966474056244,
            0.38414466381073
          ],
          [
            -0.2685610055923462,
            -0.5113483667373657,
            -0.8163320422172546,
            -0.04681846499443054
          ],
          [
            -0.9405540227890015,
            -0.043754398822784424,
            0.33683478832244873,
            1.389643669128418
          ],
          [
            0.0,
            0.0,
            0.0,
            1.0
          ]
        ]
      },
      "bone_length_armature_space": 0.2675244657590615,
      "parent": "upperarm_l",
      "has_children": true,
      "is_end_bone": false
    },
    "metacarpal_thumb_l": {
      "name": "metacarpal_thumb_l",
      "local": {
        "location": {
          "x": 0.0,
          "y": 0.0,
          "z": 0.0
        },
        "rotation_quaternion": {
          "w": 0.9989396333694458,
          "x": -0.037747953087091446,
          "y": 0.023226629942655563,
          "z": -0.012459483928978443
        },
        "scale": {
          "x": 1.0,
          "y": 1.0,
          "z": 1.0
        },
        "matrix_basis": [
          [
            0.9986105561256409,
            0.02313902974128723,
            0.047344643622636795,
            0.0
          ],
          [
            -0.02664606086909771,
            0.996839702129364,
            0.07483706623315811,
            0.0
          ],
          [
            -0.04546336084604263,
            -0.07599463313817978,
            0.9960712194442749,
            0.0
          ],
          [
            0.0,
            0.0,
            0.0,
            1.0
          ]
        ],
        "rotation_mode": "QUATERNION"
      },
      "armature_space": {
        "head": {
          "x": 0.6137499213218689,
          "y": -0.24686066806316376,
          "z": 0.4280843436717987
        },
        "tail": {
          "x": 0.6339273452758789,
          "y": -0.2920180559158325,
          "z": 0.43077972531318665
        }
      },
      "world_space": {
        "head": {
          "x": 0.6137499213218689,
          "y": -0.18361666798591614,
          "z": 1.3779383897781372
        },
        "tail": {
          "x": 0.6339273452758789,
          "y": -0.2287740558385849,
          "z": 1.3806337118148804
        },
        "rotation_quaternion": {
          "w": 0.06009729579091072,
          "x": 0.9656103849411011,
          "y": 0.2014027237892151,
          "z": -0.15304258465766907
        },
        "matrix": [
          [
            0.8720296025276184,
            0.40734800696372986,
            -0.2713512182235718,
            0.6137499213218689
          ],
          [
            0.3705581724643707,
            -0.9116502404212952,
            -0.17770828306674957,
            -0.18361666798591614
          ],
          [
            -0.3197685778141022,
            0.05441506579518318,
            -0.9459391832351685,
            1.3779383897781372
          ],
          [
            0.0,
            0.0,
            0.0,
            1.0
          ]
        ]
      },
      "bone_length_armature_space": 0.04953365739475837,
      "parent": "lowerarm_l",
      "has_children": true,
      "is_end_bone": false
    },
    "thumb_01_l": {
      "name": "thumb_01_l",
      "local": {
        "location": {
          "x": 0.0,
          "y": 0.0,
          "z": 0.0
        },
        "rotation_quaternion": {
          "w": 0.9742339849472046,
          "x": 0.22487029433250427,
          "y": 0.017174871638417244,
          "z": 0.0025670244358479977
        },
        "scale": {
          "x": 1.0,
          "y": 1.0,
          "z": 1.0
        },
        "matrix_basis": [
          [
            0.9993968605995178,
            0.0027224719524383545,
            0.03461918234825134,
            0.0
          ],
          [
            0.01272600144147873,
            0.8988535404205322,
            -0.4380643963813782,
            0.0
          ],
          [
            -0.03231019154191017,
            0.43824073672294617,
            0.8982767462730408,
            0.0
          ],
          [
            0.0,
            0.0,
            0.0,
            1.0
          ]
        ],
        "rotation_mode": "QUATERNION"
      },
      "armature_space": {
        "head": {
          "x": 0.6339273452758789,
          "y": -0.2920180559158325,
          "z": 0.43077972531318665
        },
        "tail": {
          "x": 0.6458802223205566,
          "y": -0.31176847219467163,
          "z": 0.4057660400867462
        }
      },
      "world_space": {
        "head": {
          "x": 0.6339273452758789,
          "y": -0.2287740558385849,
          "z": 1.3806337118148804
        },
        "tail": {
          "x": 0.6458802223205566,
          "y": -0.248524472117424,
          "z": 1.35562002658844
        },
        "rotation_quaternion": {
          "w": 0.4511016309261322,
          "x": -0.7228415608406067,
          "y": 0.07993903011083603,
          "z": -0.5173171758651733
        },
        "matrix": [
          [
            0.4519868791103363,
            0.3511565923690796,
            0.8199978470802307,
            0.6339273452758789
          ],
          [
            -0.5822901129722595,
            -0.5802358388900757,
            0.569442093372345,
            -0.2287740558385849
          ],
          [
            0.6757597923278809,
            -0.7348630428314209,
            -0.05778387188911438,
            1.3806337118148804
          ],
          [
            0.0,
            0.0,
            0.0,
            1.0
          ]
        ]
      },
      "bone_length_armature_space": 0.03403872282858963,
      "parent": "metacarpal_thumb_l",
      "has_children": true,
      "is_end_bone": false
    },
    "thumb_02_l": {
      "name": "thumb_02_l",
      "local": {
        "location": {
          "x": 0.0,
          "y": 0.0,
          "z": 0.0
        },
        "rotation_quaternion": {
          "w": 0.9384776949882507,
          "x": 0.3452305197715759,
          "y": -0.004358635284006596,
          "z": -0.007513800635933876
        },
        "scale": {
          "x": 1.0,
          "y": 1.0,
          "z": 1.0
        },
        "matrix_basis": [
          [
            0.9998490810394287,
            0.011093600653111935,
            -0.013368950225412846,
            0.0
          ],
          [
            -0.01711253635585308,
            0.7615188360214233,
            -0.6479167938232422,
            0.0
          ],
          [
            0.002992977388203144,
            0.6480478048324585,
            0.761593759059906,
            0.0
          ],
          [
            0.0,
            0.0,
            0.0,
            1.0
          ]
        ],
        "rotation_mode": "QUATERNION"
      },
      "armature_space": {
        "head": {
          "x": 0.6458801627159119,
          "y": -0.31176847219467163,
          "z": 0.40576601028442383
        },
        "tail": {
          "x": 0.6790674924850464,
          "y": -0.30636799335479736,
          "z": 0.4277346730232239
        }
      },
      "world_space": {
        "head": {
          "x": 0.6458801627159119,
          "y": -0.248524472117424,
          "z": 1.35562002658844
        },
        "tail": {
          "x": 0.6790674924850464,
          "y": -0.24312399327754974,
          "z": 1.3775887489318848
        },
        "rotation_quaternion": {
          "w": 0.5984312295913696,
          "x": -0.04453892633318901,
          "y": -0.4572836458683014,
          "z": -0.6563445329666138
        },
        "matrix": [
          [
            -0.27978962659835815,
            0.826287031173706,
            -0.4888424277305603,
            0.6458801627159119
          ],
          [
            -0.7448221445083618,
            0.13445928692817688,
            0.6535751223564148,
            -0.248524472117424
          ],
          [
            0.6057738065719604,
            0.546968400478363,
            0.5778214335441589,
            1.35562002658844
          ],
          [
            0.0,
            0.0,
            0.0,
            1.0
          ]
        ]
      },
      "bone_length_armature_space": 0.040164488898401754,
      "parent": "thumb_01_l",
      "has_children": true,
      "is_end_bone": false
    },
    "thumb_03_l": {
      "name": "thumb_03_l",
      "local": {
        "location": {
          "x": 0.0,
          "y": 0.0,
          "z": 0.0
        },
        "rotation_quaternion": {
          "w": 0.9757604598999023,
          "x": 0.21875444054603577,
          "y": 0.004259455017745495,
          "z": 0.004455810412764549
        },
        "scale": {
          "x": 1.0,
          "y": 1.0,
          "z": 1.0
        },
        "matrix_basis": [
          [
            0.9999240040779114,
            -0.006832057610154152,
            0.010261871851980686,
            0.0
          ],
          [
            0.01055915653705597,
            0.9042533040046692,
            -0.42686590552330017,
            0.0
          ],
          [
            -0.006362958811223507,
            0.42694181203842163,
            0.9042567014694214,
            0.0
          ],
          [
            0.0,
            0.0,
            0.0,
            1.0
          ]
        ],
        "rotation_mode": "QUATERNION"
      },
      "armature_space": {
        "head": {
          "x": 0.6790674924850464,
          "y": -0.3063680827617645,
          "z": 0.4277346432209015
        },
        "tail": {
          "x": 0.6890336275100708,
          "y": -0.2909071147441864,
          "z": 0.451994389295578
        }
      },
      "world_space": {
        "head": {
          "x": 0.6790674924850464,
          "y": -0.2431240826845169,
          "z": 1.3775886297225952
        },
        "tail": {
          "x": 0.6890336275100708,
          "y": -0.22766311466693878,
          "z": 1.4018484354019165
        },
        "rotation_quaternion": {
          "w": 0.7039278149604797,
          "x": 0.2616422772407532,
          "y": -0.5083339214324951,
          "z": -0.42145654559135437
        },
        "matrix": [
          [
            0.1279413253068924,
            0.3273491859436035,
            -0.9362013339996338,
            0.6790674924850464
          ],
          [
            -0.8593533635139465,
            0.507834792137146,
            0.060128360986709595,
            -0.2431240826845169
          ],
          [
            0.49512147903442383,
            0.7968412637710571,
            0.34628424048423767,
            1.3775886297225952
          ],
          [
            0.0,
            0.0,
            0.0,
            1.0
          ]
        ]
      },
      "bone_length_armature_space": 0.0304450431931243,
      "parent": "thumb_02_l",
      "has_children": false,
      "is_end_bone": true
    },
    "metacarpal_index_l": {
      "name": "metacarpal_index_l",
      "local": {
        "location": {
          "x": 0.0,
          "y": 0.0,
          "z": 0.0
        },
        "rotation_quaternion": {
          "w": 0.9989816546440125,
          "x": -0.041422199457883835,
          "y": 0.013865314424037933,
          "z": 0.011304980143904686
        },
        "scale": {
          "x": 1.0,
          "y": 1.0,
          "z": 1.0
        },
        "matrix_basis": [
          [
            0.9993599057197571,
            -0.02373559959232807,
            0.026765834540128708,
            0.0
          ],
          [
            0.021438272669911385,
            0.9963127970695496,
            0.08307352662086487,
            0.0
          ],
          [
            -0.028638944029808044,
            -0.08244653791189194,
            0.9961839318275452,
            0.0
          ],
          [
            0.0,
            0.0,
            0.0,
            1.0
          ]
        ],
        "rotation_mode": "QUATERNION"
      },
      "armature_space": {
        "head": {
          "x": 0.6137499213218689,
          "y": -0.24686066806316376,
          "z": 0.4280843436717987
        },
        "tail": {
          "x": 0.6957826018333435,
          "y": -0.3299981355667114,
          "z": 0.43746620416641235
        }
      },
      "world_space": {
        "head": {
          "x": 0.6137499213218689,
          "y": -0.18361666798591614,
          "z": 1.3779383897781372
        },
        "tail": {
          "x": 0.6957826018333435,
          "y": -0.266754150390625,
          "z": 1.3873202800750732
        },
        "rotation_quaternion": {
          "w": 0.20481915771961212,
          "x": 0.8310675621032715,
          "y": 0.32137373089790344,
          "z": -0.40508610010147095
        },
        "matrix": [
          [
            0.4652477204799652,
            0.7001062631607056,
            -0.5416598916053772,
            0.6137499213218689
          ],
          [
            0.36822816729545593,
            -0.7095351219177246,
            -0.6008062958717346,
            -0.18361666798591614
          ],
          [
            -0.8049603700637817,
            0.08006931841373444,
            -0.5879130363464355,
            1.3779383897781372
          ],
          [
            0.0,
            0.0,
            0.0,
            1.0
          ]
        ]
      },
      "bone_length_armature_space": 0.11717174745150889,
      "parent": "lowerarm_l",
      "has_children": true,
      "is_end_bone": false
    },
    "index_01_l": {
      "name": "index_01_l",
      "local": {
        "location": {
          "x": 0.0,
          "y": 0.0,
          "z": 0.0
        },
        "rotation_quaternion": {
          "w": 0.9742910861968994,
          "x": 0.2237701267004013,
          "y": 0.023407623171806335,
          "z": -0.011660468764603138
        },
        "scale": {
          "x": 1.0,
          "y": 1.0,
          "z": 1.0
        },
        "matrix_basis": [
          [
            0.9986322522163391,
            0.03319723531603813,
            0.040393147617578506,
            0.0
          ],
          [
            -0.012245528399944305,
            0.8995819091796875,
            -0.4365803599357605,
            0.0
          ],
          [
            -0.050830207765102386,
            0.43548858165740967,
            0.898758053779602,
            0.0
          ],
          [
            0.0,
            0.0,
            0.0,
            1.0
          ]
        ],
        "rotation_mode": "QUATERNION"
      },
      "armature_space": {
        "head": {
          "x": 0.6957826018333435,
          "y": -0.3299981355667114,
          "z": 0.43746620416641235
        },
        "tail": {
          "x": 0.7133291363716125,
          "y": -0.34925100207328796,
          "z": 0.4258680045604706
        }
      },
      "world_space": {
        "head": {
          "x": 0.6957826018333435,
          "y": -0.266754150390625,
          "z": 1.3873202800750732
        },
        "tail": {
          "x": 0.7133291363716125,
          "y": -0.28600698709487915,
          "z": 1.375722050666809
        },
        "rotation_quaternion": {
          "w": 0.01121329516172409,
          "x": -0.7772358655929565,
          "y": -0.40283265709877014,
          "z": 0.4832232594490051
        },
        "matrix": [
          [
            0.2084411084651947,
            0.6153570413589478,
            -0.7601892948150635,
            0.6957826018333435
          ],
          [
            0.6370291113853455,
            -0.6751987934112549,
            -0.37188804149627686,
            -0.266754150390625
          ],
          [
            -0.7421275973320007,
            -0.40674930810928345,
            -0.532743513584137,
            1.3873202800750732
          ],
          [
            0.0,
            0.0,
            0.0,
            1.0
          ]
        ]
      },
      "bone_length_armature_space": 0.028514417051587384,
      "parent": "metacarpal_index_l",
      "has_children": true,
      "is_end_bone": false
    },
    "index_02_l": {
      "name": "index_02_l",
      "local": {
        "location": {
          "x": 0.0,
          "y": 0.0,
          "z": 0.0
        },
        "rotation_quaternion": {
          "w": 0.9247161746025085,
          "x": 0.3806343376636505,
          "y": 0.002147038234397769,
          "z": 0.0036230534315109253
        },
        "scale": {
          "x": 1.0,
          "y": 1.0,
          "z": 1.0
        },
        "matrix_basis": [
          [
            0.9999645352363586,
            -0.005066119134426117,
            0.006728919222950935,
            0.0
          ],
          [
            0.008335065096616745,
            0.7102087736129761,
            -0.7039418816566467,
            0.0
          ],
          [
            -0.001212684903293848,
            0.7039729952812195,
            0.7102257609367371,
            0.0
          ],
          [
            0.0,
            0.0,
            0.0,
            1.0
          ]
        ],
        "rotation_mode": "QUATERNION"
      },
      "armature_space": {
        "head": {
          "x": 0.7133290767669678,
          "y": -0.34925153851509094,
          "z": 0.42586785554885864
        },
        "tail": {
          "x": 0.7115781903266907,
          "y": -0.3689155578613281,
          "z": 0.4094862937927246
        }
      },
      "world_space": {
        "head": {
          "x": 0.7133290767669678,
          "y": -0.28600752353668213,
          "z": 1.3757219314575195
        },
        "tail": {
          "x": 0.7115781903266907,
          "y": -0.3056715726852417,
          "z": 1.3593403100967407
        },
        "rotation_quaternion": {
          "w": 0.27853861451148987,
          "x": -0.7039917707443237,
          "y": -0.19786745309829712,
          "z": 0.6226238012313843
        },
        "matrix": [
          [
            0.1463775634765625,
            -0.06825229525566101,
            -0.9868713617324829,
            0.7133290767669678
          ],
          [
            0.6254433393478394,
            -0.7665302157402039,
            0.1457822620868683,
            -0.28600752353668213
          ],
          [
            -0.7664215564727783,
            -0.6385763883590698,
            -0.06951525807380676,
            1.3757219314575195
          ],
          [
            0.0,
            0.0,
            0.0,
            1.0
          ]
        ]
      },
      "bone_length_armature_space": 0.025653359123263397,
      "parent": "index_01_l",
      "has_children": true,
      "is_end_bone": false
    },
    "index_03_l": {
      "name": "index_03_l",
      "local": {
        "location": {
          "x": 0.0,
          "y": 0.0,
          "z": 0.0
        },
        "rotation_quaternion": {
          "w": 0.9596958756446838,
          "x": 0.28101542592048645,
          "y": -0.0009466336341574788,
          "z": 0.003674180479720235
        },
        "scale": {
          "x": 1.0,
          "y": 1.0,
          "z": 1.0
        },
        "matrix_basis": [
          [
            0.9999712109565735,
            -0.007584229111671448,
            0.00024804199347272515,
            0.0
          ],
          [
            0.006520154420286417,
            0.8420336842536926,
            -0.5393856763839722,
            0.0
          ],
          [
            0.0038819636683911085,
            0.5393717288970947,
            0.8420588970184326,
            0.0
          ],
          [
            0.0,
            0.0,
            0.0,
            1.0
          ]
        ],
        "rotation_mode": "QUATERNION"
      },
      "armature_space": {
        "head": {
          "x": 0.7115783095359802,
          "y": -0.3689155876636505,
          "z": 0.409486323595047
        },
        "tail": {
          "x": 0.6928592920303345,
          "y": -0.38197824358940125,
          "z": 0.3912461996078491
        }
      },
      "world_space": {
        "head": {
          "x": 0.7115783095359802,
          "y": -0.3056715726852417,
          "z": 1.3593403100967407
        },
        "tail": {
          "x": 0.6928592920303345,
          "y": -0.31873422861099243,
          "z": 1.3411002159118652
        },
        "rotation_quaternion": {
          "w": 0.5256301760673523,
          "x": -0.5779539942741394,
          "y": -0.013361423276364803,
          "z": 0.6241022944450378
        },
        "matrix": [
          [
            0.2206377238035202,
            -0.640652060508728,
            -0.7354480028152466,
            0.7115783095359802
          ],
          [
            0.671538233757019,
            -0.4470655918121338,
            0.5909053683280945,
            -0.3056715726852417
          ],
          [
            -0.7073625922203064,
            -0.6242622137069702,
            0.3315856456756592,
            1.3593403100967407
          ],
          [
            0.0,
            0.0,
            0.0,
            1.0
          ]
        ]
      },
      "bone_length_armature_space": 0.029218773499599865,
      "parent": "index_02_l",
      "has_children": false,
      "is_end_bone": true
    },
    "metacarpal_pinky_l": {
      "name": "metacarpal_pinky_l",
      "local": {
        "location": {
          "x": 0.0,
          "y": 0.0,
          "z": 0.0
        },
        "rotation_quaternion": {
          "w": 0.999484658241272,
          "x": -0.024779001250863075,
          "y": -0.02032356709241867,
          "z": -0.0018708473071455956
        },
        "scale": {
          "x": 1.0,
          "y": 1.0,
          "z": 1.0
        },
        "matrix_basis": [
          [
            0.9991669058799744,
            0.004746961873024702,
            -0.04053347185254097,
            0.0
          ],
          [
            -0.002732570981606841,
            0.9987649917602539,
            0.0496085062623024,
            0.0
          ],
          [
            0.04071890190243721,
            -0.04945641756057739,
            0.9979459047317505,
            0.0
          ],
          [
            0.0,
            0.0,
            0.0,
            1.0
          ]
        ],
        "rotation_mode": "QUATERNION"
      },
      "armature_space": {
        "head": {
          "x": 0.6137499213218689,
          "y": -0.24686066806316376,
          "z": 0.4280843436717987
        },
        "tail": {
          "x": 0.7125811576843262,
          "y": -0.2724113464355469,
          "z": 0.4075230658054352
        }
      },
      "world_space": {
        "head": {
          "x": 0.6137499213218689,
          "y": -0.18361666798591614,
          "z": 1.3779383897781372
        },
        "tail": {
          "x": 0.7125811576843262,
          "y": -0.20916734635829926,
          "z": 1.357377052307129
        },
        "rotation_quaternion": {
          "w": 0.6120516061782837,
          "x": -0.09470808506011963,
          "y": 0.05203128233551979,
          "z": -0.7834002375602722
        },
        "matrix": [
          [
            -0.2328459918498993,
            0.9491071701049805,
            0.21208041906356812,
            0.6137499213218689
          ],
          [
            -0.9688184261322021,
            -0.24537107348442078,
            0.03441137820482254,
            -0.18361666798591614
          ],
          [
            0.08469834178686142,
            -0.1974564492702484,
            0.9766530394554138,
            1.3779383897781372
          ],
          [
            0.0,
            0.0,
            0.0,
            1.0
          ]
        ]
      },
      "bone_length_armature_space": 0.10413076718435506,
      "parent": "lowerarm_l",
      "has_children": true,
      "is_end_bone": false
    },
    "pinky_01_l": {
      "name": "pinky_01_l",
      "local": {
        "location": {
          "x": 0.0,
          "y": 0.0,
          "z": 0.0
        },
        "rotation_quaternion": {
          "w": 0.9426171779632568,
          "x": 0.3331957757472992,
          "y": -0.010677700862288475,
          "z": -0.01842707209289074
        },
        "scale": {
          "x": 1.0,
          "y": 1.0,
          "z": 1.0
        },
        "matrix_basis": [
          [
            0.9990928769111633,
            0.027623819187283516,
            -0.03240961208939552,
            0.0
          ],
          [
            -0.04185488075017929,
            0.7772820591926575,
            -0.6277586221694946,
            0.0
          ],
          [
            0.007850323803722858,
            0.6285456418991089,
            0.7777331471443176,
            0.0
          ],
          [
            0.0,
            0.0,
            0.0,
            1.0
          ]
        ],
        "rotation_mode": "QUATERNION"
      },
      "armature_space": {
        "head": {
          "x": 0.7125811576843262,
          "y": -0.2724113464355469,
          "z": 0.4075230658054352
        },
        "tail": {
