{
  "metadata": {
    "armature_name": "KIM_caucasian_male",
    "export_time": "2026-01-13T21:04:26.581870",
    "blender_version": "4.4.1",
    "bone_count": 56,
    "end_bone_count": 13,
    "spaces_included": [
      "LOCAL_CHANNELS",
      "ARMATURE_SPACE",
      "WORLD_SPACE"
    ],
    "note": "LOCAL matches Transform panel; replay pose via local.matrix_basis for best fidelity."
  },
  "bones": {
    "Root": {
      "name": "Root",
      "local": {
        "location": {
          "x": 0.0,
          "y": 0.0,
          "z": 0.0
        },
        "rotation_quaternion": {
          "w": 0.9998772144317627,
          "x": 0.01205355767160654,
          "y": 0.0026896537747234106,
          "z": -0.009654926136136055
        },
        "scale": {
          "x": 1.0,
          "y": 1.0,
          "z": 1.0
        },
        "matrix_basis": [
          [
            0.9997990727424622,
            0.019372321665287018,
            0.005145894829183817,
            0.0
          ],
          [
            -0.01924264058470726,
            0.9995229840278625,
            -0.02415609173476696,
            0.0
          ],
          [
            -0.005611399654299021,
            0.024052217602729797,
            0.9996949434280396,
            0.0
          ],
          [
            0.0,
            0.0,
            0.0,
            1.0
          ]
        ],
        "rotation_mode": "QUATERNION"
      },
      "armature_space": {
        "head": {
          "x": 0.0,
          "y": 0.07072800397872925,
          "z": -0.009595036506652832
        },
        "tail": {
          "x": 0.0013827163493260741,
          "y": -0.00019704550504684448,
          "z": -0.001705753616988659
        }
      },
      "world_space": {
        "head": {
          "x": 0.0,
          "y": 0.13397200405597687,
          "z": 0.9402589797973633
        },
        "tail": {
          "x": 0.0013827163493260741,
          "y": 0.06304695457220078,
          "z": 0.948148250579834
        },
        "rotation_quaternion": {
          "w": 0.055333212018013,
          "x": 0.9984176754951477,
          "y": 0.009814190678298473,
          "z": 0.0020331130363047123
        },
        "matrix": [
          [
            0.9997990727424622,
            0.019372321665287018,
            0.005145894829183817,
            0.0
          ],
          [
            0.019822318106889725,
            -0.9936838150024414,
            -0.11045185476541519,
            0.13397200405597687
          ],
          [
            0.0029737229924649,
            0.1105315089225769,
            -0.9938752055168152,
            0.9402589797973633
          ],
          [
            0.0,
            0.0,
            0.0,
            1.0
          ]
        ]
      },
      "bone_length_armature_space": 0.07137587515235608,
      "parent": null,
      "has_children": true,
      "is_end_bone": false
    },
    "spine_01": {
      "name": "spine_01",
      "local": {
        "location": {
          "x": 0.0,
          "y": 0.0,
          "z": 0.0
        },
        "rotation_quaternion": {
          "w": 0.9993221163749695,
          "x": 0.030351316556334496,
          "y": -0.01936512067914009,
          "z": -0.007693003863096237
        },
        "scale": {
          "x": 1.0,
          "y": 1.0,
          "z": 1.0
        },
        "matrix_basis": [
          [
            0.9991316199302673,
            0.014200064353644848,
            -0.039170973002910614,
            0.0
          ],
          [
            -0.016551092267036438,
            0.9980392456054688,
            -0.0603635311126709,
            0.0
          ],
          [
            0.03823700174689293,
            0.06095943599939346,
            0.9974075555801392,
            0.0
          ],
          [
            0.0,
            0.0,
            0.0,
            1.0
          ]
        ],
        "rotation_mode": "QUATERNION"
      },
      "armature_space": {
        "head": {
          "x": 0.0013827163493260741,
          "y": -0.00019704550504684448,
          "z": -0.001705753616988659
        },
        "tail": {
          "x": 0.007231938187032938,
          "y": -0.01878225803375244,
          "z": 0.48590973019599915
        }
      },
      "world_space": {
        "head": {
          "x": 0.0013827163493260741,
          "y": 0.06304695457220078,
          "z": 0.948148250579834
        },
        "tail": {
          "x": 0.007231938187032938,
          "y": 0.04446174204349518,
          "z": 1.4357637166976929
        },
        "rotation_quaternion": {
          "w": 0.6935070753097534,
          "x": 0.7203605771064758,
          "y": -0.0023609150666743517,
          "z": -0.011093974113464355
        },
        "matrix": [
          [
            0.9997426867485046,
            0.01198607962578535,
            -0.01925785094499588,
            0.0013827163493260741
          ],
          [
            -0.018788836896419525,
            -0.03808435797691345,
            -0.9990979433059692,
            0.06304695457220078
          ],
          [
            -0.012708796188235283,
            0.9992095828056335,
            -0.037850525230169296,
            0.948148250579834
          ],
          [
            0.0,
            0.0,
            0.0,
            1.0
          ]
        ]
      },
      "bone_length_armature_space": 0.4880046076674922,
      "parent": "Root",
      "has_children": true,
      "is_end_bone": false
    },
    "neck_01": {
      "name": "neck_01",
      "local": {
        "location": {
          "x": 0.0,
          "y": 0.0,
          "z": 0.0
        },
        "rotation_quaternion": {
          "w": 0.9769032001495361,
          "x": -0.1519954800605774,
          "y": 0.02808903530240059,
          "z": -0.14754170179367065
        },
        "scale": {
          "x": 1.0,
          "y": 1.0,
          "z": 1.0
        },
        "matrix_basis": [
          [
            0.9548848867416382,
            0.27972909808158875,
            0.09973187744617462,
            0.0
          ],
          [
            -0.2968067228794098,
            0.9102576375007629,
            0.28868111968040466,
            0.0
          ],
          [
            -0.010029193013906479,
            -0.3052583634853363,
            0.9522167444229126,
            0.0
          ],
          [
            0.0,
            0.0,
            0.0,
            1.0
          ]
        ],
        "rotation_mode": "QUATERNION"
      },
      "armature_space": {
        "head": {
          "x": 0.00744166923686862,
          "y": -0.05621989071369171,
          "z": 0.5577576756477356
        },
        "tail": {
          "x": 0.03721782937645912,
          "y": -0.06704328954219818,
          "z": 0.6552614569664001
        }
      },
      "world_space": {
        "head": {
          "x": 0.00744166923686862,
          "y": 0.007024109363555908,
          "z": 1.5076117515563965
        },
        "tail": {
          "x": 0.03721782937645912,
          "y": -0.0037992894649505615,
          "z": 1.6051154136657715
        },
        "rotation_quaternion": {
          "w": 0.6547344326972961,
          "x": 0.7403947710990906,
          "y": 0.1361490935087204,
          "z": -0.06783688813447952
        },
        "matrix": [
          [
            0.9537229537963867,
            0.2904386520385742,
            0.07783252000808716,
            0.00744166923686862
          ],
          [
            0.11277953535318375,
            -0.10557213425636292,
            -0.9879957437515259,
            0.007024109363555908
          ],
          [
            -0.27873694896698,
            0.9510585069656372,
            -0.13344401121139526,
            1.5076117515563965
          ],
          [
            0.0,
            0.0,
            0.0,
            1.0
          ]
        ]
      },
      "bone_length_armature_space": 0.1025219636948723,
      "parent": "spine_01",
      "has_children": true,
      "is_end_bone": false
    },
    "head": {
      "name": "head",
      "local": {
        "location": {
          "x": 0.0,
          "y": 0.0,
          "z": 0.0
        },
        "rotation_quaternion": {
          "w": 0.9680309295654297,
          "x": -0.15128467977046967,
          "y": -0.12895451486110687,
          "z": 0.15296991169452667
        },
        "scale": {
          "x": 1.0,
          "y": 1.0,
          "z": 1.0
        },
        "matrix_basis": [
          [
            0.9199419021606445,
            -0.2571415305137634,
            -0.29594793915748596,
            0.0
          ],
          [
            0.33517688512802124,
            0.9074262976646423,
            0.2534441649913788,
            0.0
          ],
          [
            0.20337991416454315,
            -0.3323488235473633,
            0.9209673404693604,
            0.0
          ],
          [
            0.0,
            0.0,
            0.0,
            1.0
          ]
        ],
        "rotation_mode": "QUATERNION"
      },
      "armature_space": {
        "head": {
          "x": 0.037217818200588226,
          "y": -0.06704343110322952,
          "z": 0.6552613973617554
        },
        "tail": {
          "x": 0.024217568337917328,
          "y": 0.014435142278671265,
          "z": 0.786583423614502
        }
      },
      "world_space": {
        "head": {
          "x": 0.037217818200588226,
          "y": -0.003799431025981903,
          "z": 1.6051154136657715
        },
        "tail": {
          "x": 0.024217568337917328,
          "y": 0.07767914235591888,
          "z": 1.736437439918518
        },
        "rotation_quaternion": {
          "w": 0.8720622062683105,
          "x": 0.48665907979011536,
          "y": -0.04678179323673248,
          "z": 0.021953828632831573
        },
        "matrix": [
          [
            0.9946590065956116,
            -0.0838237851858139,
            -0.0602247416973114,
            0.037217818200588226
          ],
          [
            -0.007242903113365173,
            0.5253624320030212,
            -0.8508478999137878,
            -0.003799431025981903
          ],
          [
            0.10296188294887543,
            0.8467460870742798,
            0.5219520330429077,
            1.6051154136657715
          ],
          [
            0.0,
            0.0,
            0.0,
            1.0
          ]
        ]
      },
      "bone_length_armature_space": 0.15509106867816821,
      "parent": "neck_01",
      "has_children": false,
      "is_end_bone": true
    },
    "upperarm_l": {
      "name": "upperarm_l",
      "local": {
        "location": {
          "x": 0.0,
          "y": 0.0,
          "z": 0.0
        },
        "rotation_quaternion": {
          "w": 0.777921199798584,
          "x": -0.24076344072818756,
          "y": 0.5530779957771301,
          "z": -0.17600108683109283
        },
        "scale": {
          "x": 1.0,
          "y": 1.0,
          "z": 1.0
        },
        "matrix_basis": [
          [
            0.3262566924095154,
            0.007508030626922846,
            0.94525146484375,
            0.0
          ],
          [
            -0.5401518940925598,
            0.8221131563186646,
            0.17990531027317047,
            0.0
          ],
          [
            -0.7757529616355896,
            -0.5692746043205261,
            0.2722753882408142,
            0.0
          ],
          [
            0.0,
            0.0,
            0.0,
            1.0
          ]
        ],
        "rotation_mode": "QUATERNION"
      },
      "armature_space": {
        "head": {
          "x": 0.15653610229492188,
          "y": -0.059664905071258545,
          "z": 0.4885760247707367
        },
        "tail": {
          "x": 0.37369054555892944,
          "y": 0.09734295308589935,
          "z": 0.4888942539691925
        }
      },
      "world_space": {
        "head": {
          "x": 0.15653610229492188,
          "y": 0.0035790950059890747,
          "z": 1.4384300708770752
        },
        "tail": {
          "x": 0.37369054555892944,
          "y": 0.16058695316314697,
          "z": 1.4387482404708862
        },
        "rotation_quaternion": {
          "w": 0.11640115082263947,
          "x": 0.45120057463645935,
          "y": 0.8828417658805847,
          "z": -0.058817215263843536
        },
        "matrix": [
          [
            -0.5657376646995544,
            0.810370147228241,
            0.15245041251182556,
            0.15653610229492188
          ],
          [
            0.7829846143722534,
            0.585917055606842,
            -0.20889407396316528,
            0.0035790950059890747
          ],
          [
            -0.25860583782196045,
            0.0011875294148921967,
            -0.9659895300865173,
            1.4384300708770752
          ],
          [
            0.0,
            0.0,
            0.0,
            1.0
          ]
        ]
      },
      "bone_length_armature_space": 0.2679694383157093,
      "parent": "spine_01",
      "has_children": true,
      "is_end_bone": false
    },
    "lowerarm_l": {
      "name": "lowerarm_l",
      "local": {
        "location": {
          "x": 0.0,
          "y": 0.0,
          "z": 0.0
        },
        "rotation_quaternion": {
          "w": 0.9982428550720215,
          "x": 0.03070177137851715,
          "y": -0.028104331344366074,
          "z": 0.04217567667365074
        },
        "scale": {
          "x": 1.0,
          "y": 1.0,
          "z": 1.0
        },
        "matrix_basis": [
          [
            0.9948627352714539,
            -0.08592884242534637,
            -0.05352016165852547,
            0.0
          ],
          [
            0.08247742801904678,
            0.9945572018623352,
            -0.06366628408432007,
            0.0
          ],
          [
            0.058699630200862885,
            0.05892501026391983,
            0.9965351223945618,
            0.0
          ],
          [
            0.0,
            0.0,
            0.0,
            1.0
          ]
        ],
        "rotation_mode": "QUATERNION"
      },
      "armature_space": {
        "head": {
          "x": 0.3736906945705414,
          "y": 0.09734290838241577,
          "z": 0.4888942241668701
        },
        "tail": {
          "x": 0.6160188317298889,
          "y": 0.20668818056583405,
          "z": 0.45906105637550354
        }
      },
      "world_space": {
        "head": {
          "x": 0.3736906945705414,
          "y": 0.1605869084596634,
          "z": 1.4387482404708862
        },
        "tail": {
          "x": 0.6160188317298889,
          "y": 0.26993218064308167,
          "z": 1.4089150428771973
        },
        "rotation_quaternion": {
          "w": 0.16752777993679047,
          "x": 0.5155269503593445,
          "y": 0.8223746418952942,
          "z": -0.1728190928697586
        },
        "matrix": [
          [
            -0.41233256459236145,
            0.9058166742324829,
            0.09735393524169922,
            0.3736906945705414
          ],
          [
            0.7900088429450989,
            0.4087299704551697,
            -0.45697498321533203,
            0.1605869084596634
          ],
          [
            -0.45372945070266724,
            -0.11151568591594696,
            -0.8841425776481628,
            1.4387482404708862
          ],
          [
            0.0,
            0.0,
            0.0,
            1.0
          ]
        ]
      },
      "bone_length_armature_space": 0.26752444835275435,
      "parent": "upperarm_l",
      "has_children": true,
      "is_end_bone": false
    },
    "metacarpal_thumb_l": {
      "name": "metacarpal_thumb_l",
      "local": {
        "location": {
          "x": 0.0,
          "y": 0.0,
          "z": 0.0
        },
        "rotation_quaternion": {
          "w": 0.9989302158355713,
          "x": -0.043425869196653366,
          "y": 0.010194980539381504,
          "z": 0.01219649612903595
        },
        "scale": {
          "x": 1.0,
          "y": 1.0,
          "z": 1.0
        },
        "matrix_basis": [
          [
            0.9994946122169495,
            -0.02525234967470169,
            0.01930886134505272,
            0.0
          ],
          [
            0.023481445387005806,
            0.9959308505058289,
            0.08700751513242722,
            0.0
          ],
          [
            -0.02142743580043316,
            -0.08651013672351837,
            0.996020495891571,
            0.0
          ],
          [
            0.0,
            0.0,
            0.0,
            1.0
          ]
        ],
        "rotation_mode": "QUATERNION"
      },
      "armature_space": {
        "head": {
          "x": 0.6160188317298889,
          "y": 0.20668818056583405,
          "z": 0.45906105637550354
        },
        "tail": {
          "x": 0.6523001790046692,
          "y": 0.21251022815704346,
          "z": 0.42584410309791565
        }
      },
      "world_space": {
        "head": {
          "x": 0.6160188317298889,
          "y": 0.26993218064308167,
          "z": 1.4089150428771973
        },
        "tail": {
          "x": 0.6523001790046692,
          "y": 0.2757542133331299,
          "z": 1.3756980895996094
        },
        "rotation_quaternion": {
          "w": 0.5351046919822693,
          "x": -0.6631925702095032,
          "y": -0.5219492316246033,
          "z": -0.0375186912715435
        },
        "matrix": [
          [
            0.452319473028183,
            0.7324584126472473,
            -0.5088334083557129,
            0.6160188317298889
          ],
          [
            0.6521559953689575,
            0.11753728985786438,
            0.7489176988601685,
            0.26993218064308167
          ],
          [
            0.6083630323410034,
            -0.6705935001373291,
            -0.4245149791240692,
            1.4089150428771973
          ],
          [
            0.0,
            0.0,
            0.0,
            1.0
          ]
        ]
      },
      "bone_length_armature_space": 0.049533811495024456,
      "parent": "lowerarm_l",
      "has_children": true,
      "is_end_bone": false
    },
    "thumb_01_l": {
      "name": "thumb_01_l",
      "local": {
        "location": {
          "x": 0.0,
          "y": 0.0,
          "z": 0.0
        },
        "rotation_quaternion": {
          "w": 0.9994571805000305,
          "x": -0.025318654254078865,
          "y": -0.01948932372033596,
          "z": 0.008036972023546696
        },
        "scale": {
          "x": 1.0,
          "y": 1.0,
          "z": 1.0
        },
        "matrix_basis": [
          [
            0.9991111755371094,
            -0.015078332275152206,
            -0.03936446085572243,
            0.0
          ],
          [
            0.01705210655927658,
            0.9985887408256531,
            0.05029655247926712,
            0.0
          ],
          [
            0.038550518453121185,
            -0.05092309042811394,
            0.997958242893219,
            0.0
          ],
          [
            0.0,
            0.0,
            0.0,
            1.0
          ]
        ],
        "rotation_mode": "QUATERNION"
      },
      "armature_space": {
        "head": {
          "x": 0.6523001790046692,
          "y": 0.21251022815704346,
          "z": 0.42584410309791565
        },
        "tail": {
          "x": 0.6527919173240662,
          "y": 0.23029464483261108,
          "z": 0.39682498574256897
        }
      },
      "world_space": {
        "head": {
          "x": 0.6523001790046692,
          "y": 0.2757542133331299,
          "z": 1.3756980895996094
        },
        "tail": {
          "x": 0.6527919173240662,
          "y": 0.2935386300086975,
          "z": 1.3466789722442627
        },
        "rotation_quaternion": {
          "w": 0.8515375256538391,
          "x": -0.47502532601356506,
          "y": 0.19006097316741943,
          "z": -0.11450671404600143
        },
        "matrix": [
          [
            0.9015300869941711,
            0.014446156099438667,
            0.4324747622013092,
            0.6523001790046692
          ],
          [
            -0.3755810856819153,
            0.5224782824516296,
            0.7654772996902466,
            0.2757542133331299
          ],
          [
            -0.2149023562669754,
            -0.8525357842445374,
            0.4764598309993744,
            1.3756980895996094
          ],
          [
            0.0,
            0.0,
            0.0,
            1.0
          ]
        ]
      },
      "bone_length_armature_space": 0.03403874886831785,
      "parent": "metacarpal_thumb_l",
      "has_children": true,
      "is_end_bone": false
    },
    "thumb_02_l": {
      "name": "thumb_02_l",
      "local": {
        "location": {
          "x": 0.0,
          "y": 0.0,
          "z": 0.0
        },
        "rotation_quaternion": {
          "w": 0.998058021068573,
          "x": 0.061264753341674805,
          "y": -0.009372707456350327,
          "z": 0.006243925075978041
        },
        "scale": {
          "x": 1.0,
          "y": 1.0,
          "z": 1.0
        },
        "matrix_basis": [
          [
            0.9997463226318359,
            -0.013612031936645508,
            -0.01794394664466381,
            0.0
          ],
          [
            0.011315166018903255,
            0.9924153089523315,
            -0.12240859866142273,
            0.0
          ],
          [
            0.019474076107144356,
            0.12217450886964798,
            0.9923175573348999,
            0.0
          ],
          [
            0.0,
            0.0,
            0.0,
            1.0
          ]
        ],
        "rotation_mode": "QUATERNION"
      },
      "armature_space": {
        "head": {
          "x": 0.6527918577194214,
          "y": 0.2302946150302887,
          "z": 0.39682498574256897
        },
        "tail": {
          "x": 0.6879552006721497,
          "y": 0.24873188138008118,
          "z": 0.3907599151134491
        }
      },
      "world_space": {
        "head": {
          "x": 0.6527918577194214,
          "y": 0.2935386300086975,
          "z": 1.3466789722442627
        },
        "tail": {
          "x": 0.6879552006721497,
          "y": 0.31197589635849,
          "z": 1.3406139612197876
        },
        "rotation_quaternion": {
          "w": 0.8289617896080017,
          "x": 0.03768082335591316,
          "y": 0.2057800143957138,
          "z": -0.518707275390625
        },
        "matrix": [
          [
            0.37719452381134033,
            0.8754851818084717,
            0.30207544565200806,
            0.6527918577194214
          ],
          [
            -0.8444692492485046,
            0.4590451121330261,
            -0.2759518623352051,
            0.2935386300086975
          ],
          [
            -0.38026171922683716,
            -0.15100646018981934,
            0.9124758243560791,
            1.3466789722442627
          ],
          [
            0.0,
            0.0,
            0.0,
            1.0
          ]
        ]
      },
      "bone_length_armature_space": 0.04016439363393175,
      "parent": "thumb_01_l",
      "has_children": true,
      "is_end_bone": false
    },
    "thumb_03_l": {
      "name": "thumb_03_l",
      "local": {
        "location": {
          "x": 0.0,
          "y": 0.0,
          "z": 0.0
        },
        "rotation_quaternion": {
          "w": 0.9980742335319519,
          "x": 0.06190871447324753,
          "y": 0.0021061263978481293,
          "z": 0.0032724461052566767
        },
        "scale": {
          "x": 1.0,
          "y": 1.0,
          "z": 1.0
        },
        "matrix_basis": [
          [
            0.9999697208404541,
            -0.006271513178944588,
            0.004609326831996441,
            0.0
          ],
          [
            0.006793063599616289,
            0.9923132061958313,
            -0.1235652044415474,
            0.0
          ],
          [
            -0.0037989551201462746,
            0.12359277158975601,
            0.9923257231712341,
            0.0
          ],
          [
            0.0,
            0.0,
            0.0,
            1.0
          ]
        ],
        "rotation_mode": "QUATERNION"
      },
      "armature_space": {
        "head": {
          "x": 0.6879552006721497,
          "y": 0.2487318366765976,
          "z": 0.39075982570648193
        },
        "tail": {
          "x": 0.7145463228225708,
          "y": 0.26135939359664917,
          "z": 0.3985282778739929
        }
      },
      "world_space": {
        "head": {
          "x": 0.6879552006721497,
          "y": 0.3119758367538452,
          "z": 1.340613842010498
        },
        "tail": {
          "x": 0.7145463228225708,
          "y": 0.3246033787727356,
          "z": 1.3483822345733643
        },
        "rotation_quaternion": {
          "w": 0.7994323968887329,
          "x": 0.305515319108963,
          "y": 0.26132842898368835,
          "z": -0.4464031755924225
        },
        "matrix": [
          [
            0.4648629426956177,
            0.8734182119369507,
            0.1450611650943756,
            0.6879552006721497
          ],
          [
            -0.5540602803230286,
            0.4147680103778839,
            -0.7217927575111389,
            0.3119758367538452
          ],
          [
            -0.690599262714386,
            0.25516438484191895,
            0.6767407059669495,
            1.340613842010498
          ],
          [
            0.0,
            0.0,
            0.0,
            1.0
          ]
        ]
      },
      "bone_length_armature_space": 0.0304448984266421,
      "parent": "thumb_02_l",
      "has_children": false,
      "is_end_bone": true
    },
    "metacarpal_index_l": {
      "name": "metacarpal_index_l",
      "local": {
        "location": {
          "x": 0.0,
          "y": 0.0,
          "z": 0.0
        },
        "rotation_quaternion": {
          "w": 0.9997597932815552,
          "x": -0.0071333604864776134,
          "y": 0.02070058137178421,
          "z": -0.0010518482886254787
        },
        "scale": {
          "x": 1.0,
          "y": 1.0,
          "z": 1.0
        },
        "matrix_basis": [
          [
            0.999140739440918,
            0.001807861845009029,
            0.04140622541308403,
            0.0
          ],
          [
            -0.0023985207080841064,
            0.9998959898948669,
            0.014219745993614197,
            0.0
          ],
          [
            -0.04137621074914932,
            -0.014306841418147087,
            0.9990411996841431,
            0.0
          ],
          [
            0.0,
            0.0,
            0.0,
            1.0
          ]
        ],
        "rotation_mode": "QUATERNION"
      },
      "armature_space": {
        "head": {
          "x": 0.6160188317298889,
          "y": 0.20668818056583405,
          "z": 0.45906105637550354
        },
        "tail": {
          "x": 0.7187578678131104,
          "y": 0.2402491271495819,
          "z": 0.4138107895851135
        }
      },
      "world_space": {
        "head": {
          "x": 0.6160188317298889,
          "y": 0.26993218064308167,
          "z": 1.4089150428771973
        },
        "tail": {
          "x": 0.7187578678131104,
          "y": 0.3034931421279907,
          "z": 1.3636648654937744
        },
        "rotation_quaternion": {
          "w": 0.30563613772392273,
          "x": -0.5971454977989197,
          "y": -0.7414851188659668,
          "z": 0.01427429262548685
        },
        "matrix": [
          [
            -0.10000641644001007,
            0.8768246173858643,
            -0.47029462456703186,
            0.6160188317298889
          ],
          [
            0.8942744135856628,
            0.2864252030849457,
            0.34385213255882263,
            0.26993218064308167
          ],
          [
            0.43620622158050537,
            -0.3861876130104065,
            -0.8127715587615967,
            1.4089150428771973
          ],
          [
            0.0,
            0.0,
            0.0,
            1.0
          ]
        ]
      },
      "bone_length_armature_space": 0.11717181001373485,
      "parent": "lowerarm_l",
      "has_children": true,
      "is_end_bone": false
    },
    "index_01_l": {
      "name": "index_01_l",
      "local": {
        "location": {
          "x": 0.0,
          "y": 0.0,
          "z": 0.0
        },
        "rotation_quaternion": {
          "w": 0.9926249384880066,
          "x": -0.12039157748222351,
          "y": 0.013898652046918869,
          "z": 0.0029141446575522423
        },
        "scale": {
          "x": 1.0,
          "y": 1.0,
          "z": 1.0
        },
        "matrix_basis": [
          [
            0.9995966553688049,
            -0.00913186650723219,
            0.026890620589256287,
            0.0
          ],
          [
            0.0024387440644204617,
            0.970994770526886,
            0.23908837139606476,
            0.0
          ],
          [
            -0.028293974697589874,
            -0.23892636597156525,
            0.9706254005432129,
            0.0
          ],
          [
            0.0,
            0.0,
            0.0,
            1.0
          ]
        ],
        "rotation_mode": "QUATERNION"
      },
      "armature_space": {
        "head": {
          "x": 0.7187578678131104,
          "y": 0.2402491271495819,
          "z": 0.4138107895851135
        },
        "tail": {
          "x": 0.7446963787078857,
          "y": 0.2517787218093872,
          "z": 0.4165184199810028
        }
      },
      "world_space": {
        "head": {
          "x": 0.7187578678131104,
          "y": 0.3034931421279907,
          "z": 1.3636648654937744
        },
        "tail": {
          "x": 0.7446963787078857,
          "y": 0.31502270698547363,
          "z": 1.3663724660873413
        },
        "rotation_quaternion": {
          "w": 0.22913087904453278,
          "x": -0.506607711315155,
          "y": -0.8060221672058105,
          "z": -0.20291879773139954
        },
        "matrix": [
          [
            -0.3816949725151062,
            0.9096643328666687,
            -0.16376665234565735,
            0.7187578678131104
          ],
          [
            0.7236851453781128,
            0.4043436646461487,
            0.5592731237411499,
            0.3034931421279907
          ],
          [
            0.5749737024307251,
            0.09495721012353897,
            -0.8126517534255981,
            1.3636648654937744
          ],
          [
            0.0,
            0.0,
            0.0,
            1.0
          ]
        ]
      },
      "bone_length_armature_space": 0.02851436767659877,
      "parent": "metacarpal_index_l",
      "has_children": true,
      "is_end_bone": false
    },
    "index_02_l": {
      "name": "index_02_l",
      "local": {
        "location": {
          "x": 0.0,
          "y": 0.0,
          "z": 0.0
        },
        "rotation_quaternion": {
          "w": 0.9992474317550659,
          "x": 0.038581643253564835,
          "y": -0.002888977527618408,
          "z": -0.0027644929941743612
        },
        "scale": {
          "x": 1.0,
          "y": 1.0,
          "z": 1.0
        },
        "matrix_basis": [
          [
            0.9999680519104004,
            0.005301902070641518,
            -0.005986924283206463,
            0.0
          ],
          [
            -0.005747748073190451,
            0.9970076084136963,
            -0.07708924263715744,
            0.0
          ],
          [
            0.005560289602726698,
            0.07712119072675705,
            0.9970062375068665,
            0.0
          ],
          [
            0.0,
            0.0,
            0.0,
            1.0
          ]
        ],
        "rotation_mode": "QUATERNION"
      },
      "armature_space": {
        "head": {
          "x": 0.7446967363357544,
          "y": 0.25177890062332153,
          "z": 0.41651806235313416
        },
        "tail": {
          "x": 0.7675135731697083,
          "y": 0.2633320093154907,
          "z": 0.41851988434791565
        }
      },
      "world_space": {
        "head": {
          "x": 0.7446967363357544,
          "y": 0.31502288579940796,
          "z": 1.3663721084594727
        },
        "tail": {
          "x": 0.7675135731697083,
          "y": 0.32657599449157715,
          "z": 1.3683738708496094
        },
        "rotation_quaternion": {
          "w": 0.2069297879934311,
          "x": -0.4954422414302826,
          "y": -0.8260500431060791,
          "z": -0.1713429093360901
        },
        "matrix": [
          [
            -0.4234338402748108,
            0.8894322514533997,
            -0.17208585143089294,
            0.7446967363357544
          ],
          [
            0.7476091980934143,
            0.4503559470176697,
            0.48811936378479004,
            0.31502288579940796
          ],
          [
            0.5116534233093262,
            0.0780341848731041,
            -0.8556494116783142,
            1.3663721084594727
          ],
          [
            0.0,
            0.0,
            0.0,
            1.0
          ]
        ]
      },
      "bone_length_armature_space": 0.025653257957243138,
      "parent": "index_01_l",
      "has_children": true,
      "is_end_bone": false
    },
    "index_03_l": {
      "name": "index_03_l",
      "local": {
        "location": {
          "x": 0.0,
          "y": 0.0,
          "z": 0.0
        },
        "rotation_quaternion": {
          "w": 0.9994453191757202,
          "x": 0.03296790271997452,
          "y": -0.004650247748941183,
          "z": -0.0006984698702581227
        },
        "scale": {
          "x": 1.0,
          "y": 1.0,
          "z": 1.0
        },
        "matrix_basis": [
          [
            0.9999557733535767,
            0.001089547062292695,
            -0.009341390803456306,
            0.0
          ],
          [
            -0.0017027826979756355,
            0.9978252649307251,
            -0.06589273363351822,
            0.0
          ],
          [
            0.009249282069504261,
            0.06590572744607925,
            0.9977830052375793,
            0.0
          ],
          [
            0.0,
            0.0,
            0.0,
            1.0
          ]
        ],
        "rotation_mode": "QUATERNION"
      },
      "armature_space": {
        "head": {
          "x": 0.7675135731697083,
          "y": 0.26333191990852356,
          "z": 0.4185200035572052
        },
        "tail": {
          "x": 0.7911142706871033,
          "y": 0.2805573046207428,
          "z": 0.41836702823638916
        }
      },
      "world_space": {
        "head": {
          "x": 0.7675135731697083,
          "y": 0.3265759348869324,
          "z": 1.368373990058899
        },
        "tail": {
          "x": 0.7911142706871033,
          "y": 0.3438013195991516,
          "z": 1.3682210445404053
        },
        "rotation_quaternion": {
          "w": 0.26135459542274475,
          "x": -0.4339733421802521,
          "y": -0.8523268103599548,
          "z": -0.1299997717142105
        },
        "matrix": [
          [
            -0.4867214262485504,
            0.8077268004417419,
            -0.3326847553253174,
            0.7675135731697083
          ],
          [
            0.6718229651451111,
            0.589533269405365,
            0.44844716787338257,
            0.3265759348869324
          ],
          [
            0.5583562254905701,
            -0.005235984921455383,
            -0.8295934796333313,
            1.368373990058899
          ],
          [
            0.0,
            0.0,
            0.0,
            1.0
          ]
        ]
      },
      "bone_length_armature_space": 0.029218662222679114,
      "parent": "index_02_l",
      "has_children": false,
      "is_end_bone": true
    },
    "metacarpal_pinky_l": {
      "name": "metacarpal_pinky_l",
      "local": {
        "location": {
          "x": 0.0,
          "y": 0.0,
          "z": 0.0
        },
        "rotation_quaternion": {
          "w": 0.9995758533477783,
          "x": -0.027933228760957718,
          "y": -0.006115190219134092,
          "z": -0.005520767532289028
        },
        "scale": {
          "x": 1.0,
          "y": 1.0,
          "z": 1.0
        },
        "matrix_basis": [
          [
            0.9998642802238464,
            0.011378485709428787,
            -0.011916766874492168,
            0.0
          ],
          [
            -0.010695218108594418,
            0.9983785152435303,
            0.05591028183698654,
            0.0
          ],
          [
            0.012533619068562984,
            -0.0557752400636673,
            0.9983646869659424,
            0.0
          ],
          [
            0.0,
            0.0,
            0.0,
            1.0
          ]
        ],
        "rotation_mode": "QUATERNION"
      },
      "armature_space": {
        "head": {
          "x": 0.6160188317298889,
          "y": 0.20668818056583405,
          "z": 0.45906105637550354
        },
        "tail": {
          "x": 0.699820339679718,
          "y": 0.266822874546051,
          "z": 0.47335585951805115
        }
      },
      "world_space": {
        "head": {
          "x": 0.6160188317298889,
          "y": 0.26993218064308167,
          "z": 1.4089150428771973
        },
        "tail": {
          "x": 0.699820339679718,
          "y": 0.33006685972213745,
          "z": 1.4232099056243896
        },
        "rotation_quaternion": {
          "w": 0.714168131351471,
          "x": 0.33147677779197693,
          "y": 0.5279298424720764,
          "z": -0.3183978497982025
        },
        "matrix": [
          [
            0.23982584476470947,
            0.8047717809677124,
            0.5429785251617432,
            0.6160188317298889
          ],
          [
            -0.10478745400905609,
            0.5774922370910645,
            -0.8096435070037842,
            0.26993218064308167
          ],
          [
            -0.9651511311531067,
            0.1372775286436081,
            0.22282825410366058,
            1.4089150428771973
          ],
          [
            0.0,
            0.0,
            0.0,
            1.0
          ]
        ]
      },
      "bone_length_armature_space": 0.10413076229322576,
      "parent": "lowerarm_l",
      "has_children": true,
      "is_end_bone": false
    },
    "pinky_01_l": {
      "name": "pinky_01_l",
      "local": {
        "location": {
          "x": 0.0,
          "y": 0.0,
          "z": 0.0
        },
        "rotation_quaternion": {
          "w": 0.9676001071929932,
          "x": 0.25084394216537476,
          "y": -0.021177399903535843,
          "z": -0.019469140097498894
        },
        "scale": {
          "x": 1.0,
          "y": 1.0,
          "z": 1.0
        },
        "matrix_basis": [
          [
            0.9983449578285217,
            0.02705223858356476,
            -0.05074993893504143,
            0.0
          ],
          [
            -0.048301130533218384,
            0.8733965158462524,
            -0.48460865020751953,
            0.0
          ],
          [
            0.03121507726609707,
            0.4862578511238098,
            0.8732576966285706,
            0.0
          ],
          [
            0.0,
            0.0,
            0.0,
            1.0
          ]
        ],
        "rotation_mode": "QUATERNION"
      },
      "armature_space": {
        "head": {
          "x": 0.699820339679718,
          "y": 0.266822874546051,
          "z": 0.47335585951805115
        },
        "tail": {
          "x": 0.7109372615814209,
