{
  "metadata": {
    "armature_name": "KIM_caucasian_male",
    "export_time": "2026-01-13T21:05:15.396802",
    "blender_version": "4.4.1",
    "bone_count": 56,
    "end_bone_count": 13,
    "spaces_included": [
      "LOCAL_CHANNELS",
      "ARMATURE_SPACE",
      "WORLD_SPACE"
    ],
    "note": "LOCAL matches Transform panel; replay pose via local.matrix_basis for best fidelity."
  },
  "bones": {
    "Root": {
      "name": "Root",
      "local": {
        "location": {
          "x": 0.0,
          "y": 0.0,
          "z": 0.0
        },
        "rotation_quaternion": {
          "w": 0.9998936057090759,
          "x": 0.006851879879832268,
          "y": -0.009381809271872044,
          "z": 0.008823130279779434
        },
        "scale": {
          "x": 1.0,
          "y": 1.0,
          "z": 1.0
        },
        "matrix_basis": [
          [
            0.9996682405471802,
            -0.017772948369383812,
            -0.018640711903572083,
            0.0
          ],
          [
            0.017515817657113075,
            0.9997504353523254,
            -0.013867856003344059,
            0.0
          ],
          [
            0.01888253167271614,
            0.013536747545003891,
            0.9997300505638123,
            0.0
          ],
          [
            0.0,
            0.0,
            0.0,
            1.0
          ]
        ],
        "rotation_mode": "QUATERNION"
      },
      "armature_space": {
        "head": {
          "x": 0.0,
          "y": 0.07072800397872925,
          "z": -0.009595036506652832
        },
        "tail": {
          "x": -0.0012685596011579037,
          "y": -0.00011223554611206055,
          "z": -0.0009598284959793091
        }
      },
      "world_space": {
        "head": {
          "x": 0.0,
          "y": 0.13397200405597687,
          "z": 0.9402589797973633
        },
        "tail": {
          "x": -0.0012685596011579037,
          "y": 0.06313176453113556,
          "z": 0.948894202709198
        },
        "rotation_quaternion": {
          "w": 0.06052417680621147,
          "x": 0.9980836510658264,
          "y": -0.009435119107365608,
          "z": -0.008766100741922855
        },
        "matrix": [
          [
            0.9996682405471802,
            -0.017772948369383812,
            -0.018640711903572083,
            0.0
          ],
          [
            -0.019895203411579132,
            -0.992495596408844,
            -0.12065143138170242,
            0.13397200405597687
          ],
          [
            -0.01635662466287613,
            0.12098217755556107,
            -0.9925269484519958,
            0.9402589797973633
          ],
          [
            0.0,
            0.0,
            0.0,
            1.0
          ]
        ]
      },
      "bone_length_armature_space": 0.0713758751308534,
      "parent": null,
      "has_children": true,
      "is_end_bone": false
    },
    "spine_01": {
      "name": "spine_01",
      "local": {
        "location": {
          "x": 0.0,
          "y": 0.0,
          "z": 0.0
        },
        "rotation_quaternion": {
          "w": 0.997173547744751,
          "x": 0.006234933156520128,
          "y": 0.0040743108838796616,
          "z": 0.0747629851102829
        },
        "scale": {
          "x": 1.0,
          "y": 1.0,
          "z": 1.0
        },
        "matrix_basis": [
          [
            0.9887877702713013,
            -0.14905253052711487,
            0.009057874791324139,
            0.0
          ],
          [
            0.14915414154529572,
            0.988743245601654,
            -0.01182540599256754,
            0.0
          ],
          [
            -0.007193305529654026,
            0.013043835759162903,
            0.999889075756073,
            0.0
          ],
          [
            0.0,
            0.0,
            0.0,
            1.0
          ]
        ],
        "rotation_mode": "QUATERNION"
      },
      "armature_space": {
        "head": {
          "x": -0.0012685596011579037,
          "y": -0.00011223554611206055,
          "z": -0.0009598284959793091
        },
        "tail": {
          "x": -0.06590033322572708,
          "y": 0.010836607776582241,
          "z": 0.482621967792511
        }
      },
      "world_space": {
        "head": {
          "x": -0.0012685596011579037,
          "y": 0.06313176453113556,
          "z": 0.948894202709198
        },
        "tail": {
          "x": -0.06590033322572708,
          "y": 0.07408060878515244,
          "z": 1.4324760437011719
        },
        "rotation_quaternion": {
          "w": 0.713232696056366,
          "x": 0.6977584362030029,
          "y": -0.05016905814409256,
          "z": 0.0437655970454216
        },
        "matrix": [
          [
            0.9911351799964905,
            -0.13244183361530304,
            -0.010487925261259079,
            -0.0012685596011579037
          ],
          [
            -0.007580707781016827,
            0.022436097264289856,
            -0.9997196197509766,
            0.06313176453113556
          ],
          [
            0.13264092803001404,
            0.9909437894821167,
            0.021232444792985916,
            0.948894202709198
          ],
          [
            0.0,
            0.0,
            0.0,
            1.0
          ]
        ]
      },
      "bone_length_armature_space": 0.4880045971413085,
      "parent": "Root",
      "has_children": true,
      "is_end_bone": false
    },
    "neck_01": {
      "name": "neck_01",
      "local": {
        "location": {
          "x": 0.0,
          "y": 0.0,
          "z": 0.0
        },
        "rotation_quaternion": {
          "w": 0.9955405592918396,
          "x": -0.08975496888160706,
          "y": 0.00199680682271719,
          "z": -0.028966940939426422
        },
        "scale": {
          "x": 1.0,
          "y": 1.0,
          "z": 1.0
        },
        "matrix_basis": [
          [
            0.998313844203949,
            0.05731708183884621,
            0.009175658226013184,
            0.0
          ],
          [
            -0.05803397670388222,
            0.9822099208831787,
            0.1785937398672104,
            0.0
          ],
          [
            0.0012240493670105934,
            -0.17882511019706726,
            0.9838801026344299,
            0.0
          ],
          [
            0.0,
            0.0,
            0.0,
            1.0
          ]
        ],
        "rotation_mode": "QUATERNION"
      },
      "armature_space": {
        "head": {
          "x": -0.07596125453710556,
          "y": -0.022191373631358147,
          "z": 0.5559136867523193
        },
        "tail": {
          "x": -0.08358750492334366,
          "y": -0.04128982126712799,
          "z": 0.6563519835472107
        }
      },
      "world_space": {
        "head": {
          "x": -0.07596125453710556,
          "y": 0.041052624583244324,
          "z": 1.5057677030563354
        },
        "tail": {
          "x": -0.08358750492334366,
          "y": 0.02195417881011963,
          "z": 1.606205940246582
        },
        "rotation_quaternion": {
          "w": 0.6375148892402649,
          "x": 0.7694387435913086,
          "y": -0.020756876096129417,
          "z": 0.03328915685415268
        },
        "matrix": [
          [
            0.9969218969345093,
            -0.07438696920871735,
            0.024761797860264778,
            -0.07596125453710556
          ],
          [
            0.010501917451620102,
            -0.186287522315979,
            -0.9824393391609192,
            0.041052624583244324
          ],
          [
            0.07769405841827393,
            0.9796819090843201,
            -0.1849350929260254,
            1.5057677030563354
          ],
          [
            0.0,
            0.0,
            0.0,
            1.0
          ]
        ]
      },
      "bone_length_armature_space": 0.10252200661381658,
      "parent": "spine_01",
      "has_children": true,
      "is_end_bone": false
    },
    "head": {
      "name": "head",
      "local": {
        "location": {
          "x": 0.0,
          "y": 0.0,
          "z": 0.0
        },
        "rotation_quaternion": {
          "w": 0.9924631118774414,
          "x": -0.09901650995016098,
          "y": -0.03969915583729744,
          "z": 0.060305628925561905
        },
        "scale": {
          "x": 1.0,
          "y": 1.0,
          "z": 1.0
        },
        "matrix_basis": [
          [
            0.9895744323730469,
            -0.11184047907590866,
            -0.09074240177869797,
            0.0
          ],
          [
            0.1275639683008194,
            0.9731179475784302,
            0.19175229966640472,
            0.0
          ],
          [
            0.06685739010572433,
            -0.20132863521575928,
            0.9772394299507141,
            0.0
          ],
          [
            0.0,
            0.0,
            0.0,
            1.0
          ]
        ],
        "rotation_mode": "QUATERNION"
      },
      "armature_space": {
        "head": {
          "x": -0.08358749002218246,
          "y": -0.041289959102869034,
          "z": 0.6563519239425659
        },
        "tail": {
          "x": -0.1125788688659668,
          "y": 0.01666775718331337,
          "z": 0.7972549796104431
        }
      },
      "world_space": {
        "head": {
          "x": -0.08358749002218246,
          "y": 0.021954040974378586,
          "z": 1.606205940246582
        },
        "tail": {
          "x": -0.1125788688659668,
          "y": 0.07991175353527069,
          "z": 1.7471089363098145
        },
        "rotation_quaternion": {
          "w": 0.8227704763412476,
          "x": 0.5576902031898499,
          "y": -0.09949899464845657,
          "z": 0.04615691676735878
        },
        "matrix": [
          [
            0.9759390950202942,
            -0.18693234026432037,
            -0.11224610358476639,
            -0.08358749002218246
          ],
          [
            -0.035024985671043396,
            0.3737032413482666,
            -0.9268870949745178,
            0.021954040974378586
          ],
          [
            0.2152133584022522,
            0.9085233211517334,
            0.3581658899784088,
            1.606205940246582
          ],
          [
            0.0,
            0.0,
            0.0,
            1.0
          ]
        ]
      },
      "bone_length_armature_space": 0.15509116316313304,
      "parent": "neck_01",
      "has_children": false,
      "is_end_bone": true
    },
    "upperarm_l": {
      "name": "upperarm_l",
      "local": {
        "location": {
          "x": 0.0,
          "y": 0.0,
          "z": 0.0
        },
        "rotation_quaternion": {
          "w": 0.8927514553070068,
          "x": 0.09767017513513565,
          "y": 0.4231482446193695,
          "z": 0.12000465393066406
        },
        "scale": {
          "x": 1.0,
          "y": 1.0,
          "z": 1.0
        },
        "matrix_basis": [
          [
            0.6130889058113098,
            -0.13161073625087738,
            0.778974175453186,
            0.0
          ],
          [
            0.2969265878200531,
            0.9521188139915466,
            -0.07283086329698563,
            0.0
          ],
          [
            -0.7320906519889832,
            0.2759498953819275,
            0.6228122115135193,
            0.0
          ],
          [
            0.0,
            0.0,
            0.0,
            1.0
          ]
        ],
        "rotation_mode": "QUATERNION"
      },
      "armature_space": {
        "head": {
          "x": 0.08157670497894287,
          "y": -0.028024593368172646,
          "z": 0.5092784762382507
        },
        "tail": {
          "x": 0.3334643840789795,
          "y": -0.09406588226556778,
          "z": 0.572514533996582
        }
      },
      "world_space": {
        "head": {
          "x": 0.08157670497894287,
          "y": 0.03521940857172012,
          "z": 1.459132432937622
        },
        "tail": {
          "x": 0.3334643840789795,
          "y": -0.03082188218832016,
          "z": 1.5223685503005981
        },
        "rotation_quaternion": {
          "w": 0.27929943799972534,
          "x": 0.769295334815979,
          "y": 0.5465943813323975,
          "z": -0.17723174393177032
        },
        "matrix": [
          [
            0.3396461606025696,
            0.9399865865707397,
            0.0326421894133091,
            0.08157670497894287
          ],
          [
            0.7419844269752502,
            -0.24645082652568817,
            -0.6234753727912903,
            0.03521940857172012
          ],
          [
            -0.5780171155929565,
            0.23598237335681915,
            -0.7811675071716309,
            1.459132432937622
          ],
          [
            0.0,
            0.0,
            0.0,
            1.0
          ]
        ]
      },
      "bone_length_armature_space": 0.2679694978547852,
      "parent": "spine_01",
      "has_children": true,
      "is_end_bone": false
    },
    "lowerarm_l": {
      "name": "lowerarm_l",
      "local": {
        "location": {
          "x": 0.0,
          "y": 0.0,
          "z": 0.0
        },
        "rotation_quaternion": {
          "w": 0.8845946788787842,
          "x": 0.4526140093803406,
          "y": 0.1038392186164856,
          "z": 0.043015070259571075
        },
        "scale": {
          "x": 1.0,
          "y": 1.0,
          "z": 1.0
        },
        "matrix_basis": [
          [
            0.9747342467308044,
            0.017896365374326706,
            0.2226496934890747,
            0.0
          ],
          [
            0.17009997367858887,
            0.5865805149078369,
            -0.791826605796814,
            0.0
          ],
          [
            -0.14477279782295227,
            0.8096932172775269,
            0.5687159299850464,
            0.0
          ],
          [
            0.0,
            0.0,
            0.0,
            1.0
          ]
        ],
        "rotation_mode": "QUATERNION"
      },
      "armature_space": {
        "head": {
          "x": 0.3334644138813019,
          "y": -0.09406602382659912,
          "z": 0.572514533996582
        },
        "tail": {
          "x": 0.44988253712654114,
          "y": -0.2969472408294678,
          "z": 0.442685067653656
        }
      },
      "world_space": {
        "head": {
          "x": 0.3334644138813019,
          "y": -0.0308220237493515,
          "z": 1.5223685503005981
        },
        "tail": {
          "x": 0.44988253712654114,
          "y": -0.23370324075222015,
          "z": 1.3925390243530273
        },
        "rotation_quaternion": {
          "w": 0.15229247510433197,
          "x": -0.8685598373413086,
          "y": -0.31244921684265137,
          "z": 0.35325098037719727
        },
        "matrix": [
          [
            0.5551775693893433,
            0.43516814708709717,
            -0.7088062167167664,
            0.3334644138813019
          ],
          [
            0.6503571271896362,
            -0.7583649754524231,
            0.04380220174789429,
            -0.0308220237493515
          ],
          [
            -0.5184754133224487,
            -0.48529940843582153,
            -0.7040467262268066,
            1.5223685503005981
          ],
          [
            0.0,
            0.0,
            0.0,
            1.0
          ]
        ]
      },
      "bone_length_armature_space": 0.2675250620331874,
      "parent": "upperarm_l",
      "has_children": true,
      "is_end_bone": false
    },
    "metacarpal_thumb_l": {
      "name": "metacarpal_thumb_l",
      "local": {
        "location": {
          "x": 0.0,
          "y": 0.0,
          "z": 0.0
        },
        "rotation_quaternion": {
          "w": 0.9997220635414124,
          "x": 0.007535002194344997,
          "y": -0.011428392492234707,
          "z": 0.019199367612600327
        },
        "scale": {
          "x": 1.0,
          "y": 1.0,
          "z": 1.0
        },
        "matrix_basis": [
          [
            0.9990015625953674,
            -0.03856028988957405,
            -0.022561097517609596,
            0.0
          ],
          [
            0.03821583837270737,
            0.9991492033004761,
            -0.015504651702940464,
            0.0
          ],
          [
            0.023139767348766327,
            0.01462697982788086,
            0.9996252059936523,
            0.0
          ],
          [
            0.0,
            0.0,
            0.0,
            1.0
          ]
        ],
        "rotation_mode": "QUATERNION"
      },
      "armature_space": {
        "head": {
          "x": 0.44988253712654114,
          "y": -0.2969472408294678,
          "z": 0.442685067653656
        },
        "tail": {
          "x": 0.44994956254959106,
          "y": -0.317982941865921,
          "z": 0.39783966541290283
        }
      },
      "world_space": {
        "head": {
          "x": 0.44988253712654114,
          "y": -0.23370324075222015,
          "z": 1.3925390243530273
        },
        "tail": {
          "x": 0.44994956254959106,
          "y": -0.2547389268875122,
          "z": 1.347693681716919
        },
        "rotation_quaternion": {
          "w": 0.5198029279708862,
          "x": -0.8176618814468384,
          "y": 0.13216650485992432,
          "z": -0.20920300483703613
        },
        "matrix": [
          [
            0.8775322437286377,
            0.0013532768934965134,
            0.4795153737068176,
            0.44988253712654114
          ],
          [
            -0.43362343311309814,
            -0.4246746003627777,
            0.7947468757629395,
            -0.23370324075222015
          ],
          [
            0.20471447706222534,
            -0.9053517580032349,
            -0.3720806837081909,
            1.3925390243530273
          ],
          [
            0.0,
            0.0,
            0.0,
            1.0
          ]
        ]
      },
      "bone_length_armature_space": 0.049533981146180996,
      "parent": "lowerarm_l",
      "has_children": true,
      "is_end_bone": false
    },
    "thumb_01_l": {
      "name": "thumb_01_l",
      "local": {
        "location": {
          "x": 0.0,
          "y": 0.0,
          "z": 0.0
        },
        "rotation_quaternion": {
          "w": 0.9998182058334351,
          "x": 0.005560494959354401,
          "y": 0.0126648573204875,
          "z": -0.013123354874551296
        },
        "scale": {
          "x": 1.0,
          "y": 1.0,
          "z": 1.0
        },
        "matrix_basis": [
          [
            0.9993347525596619,
            0.02638278342783451,
            0.025179164484143257,
            0.0
          ],
          [
            -0.026101091876626015,
            0.9995937347412109,
            -0.011451379396021366,
            0.0
          ],
          [
            -0.025471054017543793,
            0.01078655757009983,
            0.999617338180542,
            0.0
          ],
          [
            0.0,
            0.0,
            0.0,
            1.0
          ]
        ],
        "rotation_mode": "QUATERNION"
      },
      "armature_space": {
        "head": {
          "x": 0.44994956254959106,
          "y": -0.317982941865921,
          "z": 0.39783966541290283
        },
        "tail": {
          "x": 0.4585070013999939,
          "y": -0.30659258365631104,
          "z": 0.36692577600479126
        }
      },
      "world_space": {
        "head": {
          "x": 0.44994956254959106,
          "y": -0.2547389268875122,
          "z": 1.347693681716919
        },
        "tail": {
          "x": 0.4585070013999939,
          "y": -0.24334858357906342,
          "z": 1.3167798519134521
        },
        "rotation_quaternion": {
          "w": 0.5190751552581787,
          "x": -0.23440316319465637,
          "y": 0.6307743191719055,
          "z": -0.527010440826416
        },
        "matrix": [
          [
            -0.35122889280319214,
            0.2514040172100067,
            0.9019057750701904,
            0.44994956254959106
          ],
          [
            -0.8428288102149963,
            0.3346308767795563,
            -0.421500027179718,
            -0.2547389268875122
          ],
          [
            -0.40777575969696045,
            -0.9082011580467224,
            0.09435868263244629,
            1.347693681716919
          ],
          [
            0.0,
            0.0,
            0.0,
            1.0
          ]
        ]
      },
      "bone_length_armature_space": 0.034038780756228265,
      "parent": "metacarpal_thumb_l",
      "has_children": true,
      "is_end_bone": false
    },
    "thumb_02_l": {
      "name": "thumb_02_l",
      "local": {
        "location": {
          "x": 0.0,
          "y": 0.0,
          "z": 0.0
        },
        "rotation_quaternion": {
          "w": 0.993309736251831,
          "x": 0.11542515456676483,
          "y": 0.001961346482858062,
          "z": -0.0029878499917685986
        },
        "scale": {
          "x": 1.0,
          "y": 1.0,
          "z": 1.0
        },
        "matrix_basis": [
          [
            0.9999744296073914,
            0.006388498470187187,
            0.0032067031133919954,
            0.0
          ],
          [
            -0.00548294372856617,
            0.9733362197875977,
            -0.2293175756931305,
            0.0
          ],
          [
            -0.004586195107549429,
            0.22929413616657257,
            0.9733463525772095,
            0.0
          ],
          [
            0.0,
            0.0,
            0.0,
            1.0
          ]
        ],
        "rotation_mode": "QUATERNION"
      },
      "armature_space": {
        "head": {
          "x": 0.4585069715976715,
          "y": -0.30659252405166626,
          "z": 0.36692580580711365
        },
        "tail": {
          "x": 0.47625336050987244,
          "y": -0.3373963534832001,
          "z": 0.3482342064380646
        }
      },
      "world_space": {
        "head": {
          "x": 0.4585069715976715,
          "y": -0.24334852397441864,
          "z": 1.3167798519134521
        },
        "tail": {
          "x": 0.47625336050987244,
          "y": -0.27415233850479126,
          "z": 1.2980881929397583
        },
        "rotation_quaternion": {
          "w": 0.21223007142543793,
          "x": 0.08311118930578232,
          "y": 0.26737019419670105,
          "z": -0.9362500309944153
        },
        "matrix": [
          [
            -0.8961017727851868,
            0.44184377789497375,
            -0.04213680326938629,
            0.4585069715976715
          ],
          [
            -0.3529587686061859,
            -0.7669433355331421,
            -0.5359276533126831,
            -0.24334852397441864
          ],
          [
            -0.2691149115562439,
            -0.4653770327568054,
            0.8432171940803528,
            1.3167798519134521
          ],
          [
            0.0,
            0.0,
            0.0,
            1.0
          ]
        ]
      },
      "bone_length_armature_space": 0.04016448828700702,
      "parent": "thumb_01_l",
      "has_children": true,
      "is_end_bone": false
    },
    "thumb_03_l": {
      "name": "thumb_03_l",
      "local": {
        "location": {
          "x": 0.0,
          "y": 0.0,
          "z": 0.0
        },
        "rotation_quaternion": {
          "w": 0.9983395934104919,
          "x": 0.05742962285876274,
          "y": -0.0029551354236900806,
          "z": 0.003335254266858101
        },
        "scale": {
          "x": 1.0,
          "y": 1.0,
          "z": 1.0
        },
        "matrix_basis": [
          [
            0.9999603033065796,
            -0.006998857483267784,
            -0.0055173723958432674,
            0.0
          ],
          [
            0.00632000807672739,
            0.9933814406394958,
            -0.11468824744224548,
            0.0
          ],
          [
            0.006283542141318321,
            0.11464881896972656,
            0.9933862090110779,
            0.0
          ],
          [
            0.0,
            0.0,
            0.0,
            1.0
          ]
        ],
        "rotation_mode": "QUATERNION"
      },
      "armature_space": {
        "head": {
          "x": 0.47625330090522766,
          "y": -0.3373962938785553,
          "z": 0.3482341766357422
        },
        "tail": {
          "x": 0.49146768450737,
          "y": -0.36365729570388794,
          "z": 0.34583133459091187
        }
      },
      "world_space": {
        "head": {
          "x": 0.47625330090522766,
          "y": -0.2741522789001465,
          "z": 1.2980881929397583
        },
        "tail": {
          "x": 0.49146768450737,
          "y": -0.3004133105278015,
          "z": 1.2956852912902832
        },
        "rotation_quaternion": {
          "w": 0.2307409793138504,
          "x": 0.3197912275791168,
          "y": 0.1243819072842598,
          "z": -0.9105060696601868
        },
        "matrix": [
          [
            -0.6889843344688416,
            0.4997349977493286,
            -0.5249432325363159,
            0.47625330090522766
          ],
          [
            -0.34063032269477844,
            -0.8625754714012146,
            -0.37407904863357544,
            -0.2741522789001465
          ],
          [
            -0.6397481560707092,
            -0.07892433553934097,
            0.7645307183265686,
            1.2980881929397583
          ],
          [
            0.0,
            0.0,
            0.0,
            1.0
          ]
        ]
      },
      "bone_length_armature_space": 0.030444890525108764,
      "parent": "thumb_02_l",
      "has_children": false,
      "is_end_bone": true
    },
    "metacarpal_index_l": {
      "name": "metacarpal_index_l",
      "local": {
        "location": {
          "x": 0.0,
          "y": 0.0,
          "z": 0.0
        },
        "rotation_quaternion": {
          "w": 0.9991292953491211,
          "x": -0.03551990166306496,
          "y": -0.019463490694761276,
          "z": 0.01001710258424282
        },
        "scale": {
          "x": 1.0,
          "y": 1.0,
          "z": 1.0
        },
        "matrix_basis": [
          [
            0.9990416765213013,
            -0.01863407902419567,
            -0.03960470110177994,
            0.0
          ],
          [
            0.021399443969130516,
            0.9972760081291199,
            0.07058801501989365,
            0.0
          ],
          [
            0.038181476294994354,
            -0.07136788219213486,
            0.9967190027236938,
            0.0
          ],
          [
            0.0,
            0.0,
            0.0,
            1.0
          ]
        ],
        "rotation_mode": "QUATERNION"
      },
      "armature_space": {
        "head": {
          "x": 0.44988253712654114,
          "y": -0.2969472408294678,
          "z": 0.442685067653656
        },
        "tail": {
          "x": 0.47437217831611633,
          "y": -0.38219591975212097,
          "z": 0.3661198616027832
        }
      },
      "world_space": {
        "head": {
          "x": 0.44988253712654114,
          "y": -0.23370324075222015,
          "z": 1.3925390243530273
        },
        "tail": {
          "x": 0.47437217831611633,
          "y": -0.31895190477371216,
          "z": 1.3159738779067993
        },
        "rotation_quaternion": {
          "w": 0.35299962759017944,
          "x": -0.9293141961097717,
          "y": -0.10777202248573303,
          "z": -0.012320413254201412
        },
        "matrix": [
          [
            0.9764666557312012,
            0.20900633931159973,
            -0.053188443183898926,
            0.44988253712654114
          ],
          [
            0.19161060452461243,
            -0.7275533676147461,
            0.6587501764297485,
            -0.23370324075222015
          ],
          [
            0.09898638725280762,
            -0.6534444093704224,
            -0.7504839897155762,
            1.3925390243530273
          ],
          [
            0.0,
            0.0,
            0.0,
            1.0
          ]
        ]
      },
      "bone_length_armature_space": 0.11717214136011356,
      "parent": "lowerarm_l",
      "has_children": true,
      "is_end_bone": false
    },
    "index_01_l": {
      "name": "index_01_l",
      "local": {
        "location": {
          "x": 0.0,
          "y": 0.0,
          "z": 0.0
        },
        "rotation_quaternion": {
          "w": 0.9985410571098328,
          "x": -0.05185401439666748,
          "y": 0.0033414000645279884,
          "z": -0.01469553541392088
        },
        "scale": {
          "x": 1.0,
          "y": 1.0,
          "z": 1.0
        },
        "matrix_basis": [
          [
            0.9995457530021667,
            0.029001660645008087,
            0.00819709524512291,
            0.0
          ],
          [
            -0.02969472110271454,
            0.9941903948783875,
            0.10345851629972458,
            0.0
          ],
          [
            -0.005149005446583033,
            -0.10365492850542068,
            0.9945999979972839,
            0.0
          ],
          [
            0.0,
            0.0,
            0.0,
            1.0
          ]
        ],
        "rotation_mode": "QUATERNION"
      },
      "armature_space": {
        "head": {
          "x": 0.47437217831611633,
          "y": -0.38219591975212097,
          "z": 0.3661198616027832
        },
        "tail": {
          "x": 0.4902188181877136,
          "y": -0.4033326208591461,
          "z": 0.3553869128227234
        }
      },
      "world_space": {
        "head": {
          "x": 0.47437217831611633,
          "y": -0.31895190477371216,
          "z": 1.3159738779067993
        },
        "tail": {
          "x": 0.4902188181877136,
          "y": -0.3400886058807373,
          "z": 1.3052408695220947
        },
        "rotation_quaternion": {
          "w": 0.2377019077539444,
          "x": -0.9256021976470947,
          "y": -0.26993614435195923,
          "z": -0.11786777526140213
        },
        "matrix": [
          [
            0.8264833092689514,
            0.5557419061660767,
            0.08986761420965195,
            0.47437217831611633
          ],
          [
            0.4436732232570648,
            -0.7412644624710083,
            0.5036678910255432,
            -0.31895190477371216
          ],
          [
            0.3465278744697571,
            -0.37640467286109924,
            -0.859216034412384,
            1.3159738779067993
          ],
          [
            0.0,
            0.0,
            0.0,
            1.0
          ]
        ]
      },
      "bone_length_armature_space": 0.028514422920443393,
      "parent": "metacarpal_index_l",
      "has_children": true,
      "is_end_bone": false
    },
    "index_02_l": {
      "name": "index_02_l",
      "local": {
        "location": {
          "x": 0.0,
          "y": 0.0,
          "z": 0.0
        },
        "rotation_quaternion": {
          "w": 0.9857924580574036,
          "x": 0.16785554587841034,
          "y": 0.005685487762093544,
          "z": 0.0023459400981664658
        },
        "scale": {
          "x": 1.0,
          "y": 1.0,
          "z": 1.0
        },
        "matrix_basis": [
          [
            0.99992436170578,
            -0.002716538729146123,
            0.01199697982519865,
            0.0
          ],
          [
            0.006533901207149029,
            0.943638026714325,
            -0.33091479539871216,
            0.0
          ],
          [
            -0.01042186375707388,
            0.33096814155578613,
            0.9435843825340271,
            0.0
          ],
          [
            0.0,
            0.0,
            0.0,
            1.0
          ]
        ],
        "rotation_mode": "QUATERNION"
      },
      "armature_space": {
        "head": {
          "x": 0.490218847990036,
          "y": -0.4033328592777252,
          "z": 0.3553864359855652
        },
        "tail": {
          "x": 0.504625678062439,
          "y": -0.4175892770290375,
          "z": 0.3396609127521515
        }
      },
      "world_space": {
        "head": {
          "x": 0.490218847990036,
          "y": -0.3400888442993164,
          "z": 1.3052403926849365
        },
        "tail": {
          "x": 0.504625678062439,
          "y": -0.35434526205062866,
          "z": 1.2895148992538452
        },
        "rotation_quaternion": {
          "w": 0.3652493357658386,
          "x": -0.8805088400840759,
          "y": -0.29786786437034607,
          "z": -0.05071472376585007
        },
        "matrix": [
          [
            0.8174050450325012,
            0.5615977644920349,
            -0.12828417122364044,
            0.490218847990036
          ],
          [
            0.4875052273273468,
            -0.5557351112365723,
            0.67342209815979,
            -0.3400888442993164
          ],
          [
            0.30690300464630127,
            -0.6130027174949646,
            -0.7280470728874207,
            1.3052403926849365
          ],
          [
            0.0,
            0.0,
            0.0,
            1.0
          ]
        ]
      },
      "bone_length_armature_space": 0.025653348159346535,
      "parent": "index_01_l",
      "has_children": true,
      "is_end_bone": false
    },
    "index_03_l": {
      "name": "index_03_l",
      "local": {
        "location": {
          "x": 0.0,
          "y": 0.0,
          "z": 0.0
        },
        "rotation_quaternion": {
          "w": 0.9755208492279053,
          "x": 0.2197989821434021,
          "y": -0.006043105851858854,
          "z": -0.003325160127133131
        },
        "scale": {
          "x": 1.0,
          "y": 1.0,
          "z": 1.0
        },
        "matrix_basis": [
          [
            0.9999048709869385,
            0.0038309891242533922,
            -0.013252085074782372,
            0.0
          ],
          [
            -0.009144063107669353,
            0.9033547043800354,
            -0.42879679799079895,
            0.0
          ],
          [
            0.010328617878258228,
            0.42887717485427856,
            0.9033038020133972,
            0.0
          ],
          [
            0.0,
            0.0,
            0.0,
            1.0
          ]
        ],
        "rotation_mode": "QUATERNION"
      },
      "armature_space": {
        "head": {
          "x": 0.504625678062439,
          "y": -0.41758936643600464,
          "z": 0.33966100215911865
        },
        "tail": {
          "x": 0.5195028781890869,
          "y": -0.4199049770832062,
          "z": 0.31462007761001587
        }
      },
      "world_space": {
        "head": {
          "x": 0.504625678062439,
          "y": -0.3543453812599182,
          "z": 1.2895150184631348
        },
        "tail": {
          "x": 0.5195028781890869,
          "y": -0.35666096210479736,
          "z": 1.2644741535186768
        },
        "rotation_quaternion": {
          "w": 0.5866574645042419,
          "x": -0.7345577478408813,
          "y": -0.34089213609695435,
          "z": -0.007123040501028299
        },
        "matrix": [
          [
            0.7674822807312012,
            0.5091676712036133,
            -0.38951146602630615,
            0.504625678062439
          ],
          [
            0.4924551844596863,
            -0.07925119996070862,
            0.8667222261428833,
            -0.3543453812599182
          ],
          [
            0.4104410409927368,
            -0.8570170402526855,
            -0.3115675151348114,
            1.2895150184631348
          ],
          [
            0.0,
            0.0,
            0.0,
            1.0
          ]
        ]
      },
      "bone_length_armature_space": 0.029218847325126245,
      "parent": "index_02_l",
      "has_children": false,
      "is_end_bone": true
    },
    "metacarpal_pinky_l": {
      "name": "metacarpal_pinky_l",
      "local": {
        "location": {
          "x": 0.0,
          "y": 0.0,
          "z": 0.0
        },
        "rotation_quaternion": {
          "w": 0.997894287109375,
          "x": -0.06327003240585327,
          "y": -0.008029479533433914,
          "z": 0.011809954419732094
        },
        "scale": {
          "x": 1.0,
          "y": 1.0,
          "z": 1.0
        },
        "matrix_basis": [
          [
            0.999592125415802,
            -0.022554121911525726,
            -0.017519576475024223,
            0.0
          ],
          [
            0.02458622306585312,
            0.9917148351669312,
            0.12608395516872406,
            0.0
          ],
          [
            0.014530710875988007,
            -0.12646326422691345,
            0.9918648600578308,
            0.0
          ],
          [
            0.0,
            0.0,
            0.0,
            1.0
          ]
        ],
        "rotation_mode": "QUATERNION"
      },
      "armature_space": {
        "head": {
          "x": 0.44988253712654114,
          "y": -0.2969472408294678,
          "z": 0.442685067653656
        },
        "tail": {
          "x": 0.5250339508056641,
          "y": -0.36359745264053345,
          "z": 0.4152398109436035
        }
      },
      "world_space": {
        "head": {
          "x": 0.44988253712654114,
          "y": -0.23370324075222015,
          "z": 1.3925390243530273
        },
        "tail": {
          "x": 0.5250339508056641,
          "y": -0.300353467464447,
          "z": 1.3650938272476196
        },
        "rotation_quaternion": {
          "w": 0.2507590651512146,
          "x": 0.5024843215942383,
          "y": 0.3421829044818878,
          "z": -0.753352701663971
        },
        "matrix": [
          [
            -0.3692590594291687,
            0.7217025756835938,
            -0.5854852199554443,
            0.44988253712654114
          ],
          [
            -0.03393852710723877,
            -0.6400625109672546,
            -0.7675732374191284,
            -0.23370324075222015
          ],
          [
            -0.9287132620811462,
            -0.26356539130210876,
            0.2608433663845062,
            1.3925390243530273
          ],
          [
            0.0,
            0.0,
            0.0,
            1.0
          ]
        ]
      },
      "bone_length_armature_space": 0.10413082224448031,
      "parent": "lowerarm_l",
      "has_children": true,
      "is_end_bone": false
    },
    "pinky_01_l": {
      "name": "pinky_01_l",
      "local": {
        "location": {
          "x": 0.0,
          "y": 0.0,
          "z": 0.0
        },
        "rotation_quaternion": {
          "w": 0.9973726868629456,
          "x": 0.07085219025611877,
          "y": 0.012248950079083443,
          "z": 0.00881424080580473
        },
        "scale": {
          "x": 1.0,
          "y": 1.0,
          "z": 1.0
        },
        "matrix_basis": [
          [
            0.9995445609092712,
            -0.015846436843276024,
            0.02568255364894867,
            0.0
          ],
          [
            0.01931789517402649,
            0.9898045659065247,
            -0.14111614227294922,
            0.0
          ],
          [
            -0.02318451926112175,
            0.1415480077266693,
            0.98965984582901,
            0.0
          ],
          [
            0.0,
            0.0,
            0.0,
            1.0
          ]
        ],
        "rotation_mode": "QUATERNION"
      },
      "armature_space": {
        "head": {
          "x": 0.5250339508056641,
          "y": -0.36359745264053345,
          "z": 0.4152398109436035
        },
