{
  "metadata": {
    "armature_name": "KIM_caucasian_male",
    "export_time": "2026-01-13T21:15:48.281950",
    "blender_version": "4.4.1",
    "bone_count": 56,
    "end_bone_count": 13,
    "spaces_included": [
      "LOCAL_CHANNELS",
      "ARMATURE_SPACE",
      "WORLD_SPACE"
    ],
    "note": "LOCAL matches Transform panel; replay pose via local.matrix_basis for best fidelity."
  },
  "bones": {
    "Root": {
      "name": "Root",
      "local": {
        "location": {
          "x": 0.0,
          "y": 0.0,
          "z": 0.0
        },
        "rotation_quaternion": {
          "w": 0.9997600317001343,
          "x": 0.01632671430706978,
          "y": -0.014493887312710285,
          "z": -0.0018623706419020891
        },
        "scale": {
          "x": 1.0,
          "y": 1.0,
          "z": 1.0
        },
        "matrix_basis": [
          [
            0.9995729327201843,
            0.0032505723647773266,
            -0.029041631147265434,
            0.0
          ],
          [
            -0.0041971225291490555,
            0.9994599223136902,
            -0.03259160742163658,
            0.0
          ],
          [
            0.0289200060069561,
            0.0326995775103569,
            0.9990467429161072,
            0.0
          ],
          [
            0.0,
            0.0,
            0.0,
            1.0
          ]
        ],
        "rotation_mode": "QUATERNION"
      },
      "armature_space": {
        "head": {
          "x": 0.0,
          "y": 0.07072800397872925,
          "z": -0.009595036506652832
        },
        "tail": {
          "x": 0.00023201243311632425,
          "y": -0.00027555227279663086,
          "z": -0.002317974343895912
        }
      },
      "world_space": {
        "head": {
          "x": 0.0,
          "y": 0.13397200405597687,
          "z": 0.9402589797973633
        },
        "tail": {
          "x": 0.00023201243311632425,
          "y": 0.06296844780445099,
          "z": 0.947536051273346
        },
        "rotation_quaternion": {
          "w": 0.051061857491731644,
          "x": 0.9985886216163635,
          "y": 0.0008817171910777688,
          "z": -0.014586424455046654
        },
        "matrix": [
          [
            0.9995729327201843,
            0.0032505723647773266,
            -0.029041631147265434,
            0.0
          ],
          [
            0.00027131824754178524,
            -0.9947837591171265,
            -0.10200576484203339,
            0.13397200405597687
          ],
          [
            -0.029221924021840096,
            0.10195409506559372,
            -0.9943668842315674,
            0.9402589797973633
          ],
          [
            0.0,
            0.0,
            0.0,
            1.0
          ]
        ]
      },
      "bone_length_armature_space": 0.07137586899276001,
      "parent": null,
      "has_children": true,
      "is_end_bone": false
    },
    "spine_01": {
      "name": "spine_01",
      "local": {
        "location": {
          "x": 0.0,
          "y": 0.0,
          "z": 0.0
        },
        "rotation_quaternion": {
          "w": 0.9986461997032166,
          "x": -0.042442839592695236,
          "y": -0.027528787031769753,
          "z": -0.012109905481338501
        },
        "scale": {
          "x": 1.0,
          "y": 1.0,
          "z": 1.0
        },
        "matrix_basis": [
          [
            0.9981910586357117,
            0.02652382105588913,
            -0.053955078125,
            0.0
          ],
          [
            -0.0218502227216959,
            0.9961038827896118,
            0.08543750643730164,
            0.0
          ],
          [
            0.05601099506020546,
            -0.0841040164232254,
            0.9948815703392029,
            0.0
          ],
          [
            0.0,
            0.0,
            0.0,
            1.0
          ]
        ],
        "rotation_mode": "QUATERNION"
      },
      "armature_space": {
        "head": {
          "x": 0.00023201243311632425,
          "y": -0.00027555227279663086,
          "z": -0.002317974343895912
        },
        "tail": {
          "x": 0.0273435078561306,
          "y": 0.04762088134884834,
          "z": 0.48257318139076233
        }
      },
      "world_space": {
        "head": {
          "x": 0.00023201243311632425,
          "y": 0.06296844780445099,
          "z": 0.947536051273346
        },
        "tail": {
          "x": 0.0273435078561306,
          "y": 0.11086487770080566,
          "z": 1.432427167892456
        },
        "rotation_quaternion": {
          "w": 0.7409951686859131,
          "x": 0.6704539656639099,
          "y": -0.00018126596114598215,
          "z": -0.037651561200618744
        },
        "matrix": [
          [
            0.9971646666526794,
            0.055556200444698334,
            -0.050756268203258514,
            0.00023201243311632425
          ],
          [
            -0.05604269355535507,
            0.09814818203449249,
            -0.9935926198959351,
            0.06296844780445099
          ],
          [
            -0.05021899938583374,
            0.9936268925666809,
            0.10098320245742798,
            0.947536051273346
          ],
          [
            0.0,
            0.0,
            0.0,
            1.0
          ]
        ]
      },
      "bone_length_armature_space": 0.4880046299946303,
      "parent": "Root",
      "has_children": true,
      "is_end_bone": false
    },
    "neck_01": {
      "name": "neck_01",
      "local": {
        "location": {
          "x": 0.0,
          "y": 0.0,
          "z": 0.0
        },
        "rotation_quaternion": {
          "w": 0.9856864213943481,
          "x": -0.11519457399845123,
          "y": 0.026746513321995735,
          "z": 0.12015514075756073
        },
        "scale": {
          "x": 1.0,
          "y": 1.0,
          "z": 1.0
        },
        "matrix_basis": [
          [
            0.9696947336196899,
            -0.24303269386291504,
            0.025044908747076988,
            0.0
          ],
          [
            0.23070847988128662,
            0.944585919380188,
            0.23351891338825226,
            0.0
          ],
          [
            -0.08040978759527206,
            -0.22066399455070496,
            0.9720296859741211,
            0.0
          ],
          [
            0.0,
            0.0,
            0.0,
            1.0
          ]
        ],
        "rotation_mode": "QUATERNION"
      },
      "armature_space": {
        "head": {
          "x": 0.02965099737048149,
          "y": 0.020348910242319107,
          "z": 0.5588271617889404
        },
        "tail": {
          "x": 0.009496964514255524,
          "y": 0.015658823773264885,
          "z": 0.6592392325401306
        }
      },
      "world_space": {
        "head": {
          "x": 0.02965099737048149,
          "y": 0.08359290659427643,
          "z": 1.5086811780929565
        },
        "tail": {
          "x": 0.009496964514255524,
          "y": 0.07890282571315765,
          "z": 1.609093189239502
        },
        "rotation_quaternion": {
          "w": 0.6856363415718079,
          "x": 0.7209904193878174,
          "y": -0.08383862674236298,
          "z": 0.05519687011837959
        },
        "matrix": [
          [
            0.9798488020896912,
            -0.1965837925672531,
            -0.03537405654788017,
            0.02965099737048149
          ],
          [
            -0.045204974710941315,
            -0.045747414231300354,
            -0.9979299306869507,
            0.08359290659427643
          ],
          [
            0.19455981254577637,
            0.9794260263442993,
            -0.05371345579624176,
            1.5086811780929565
          ],
          [
            0.0,
            0.0,
            0.0,
            1.0
          ]
        ]
      },
      "bone_length_armature_space": 0.10252202609500156,
      "parent": "spine_01",
      "has_children": true,
      "is_end_bone": false
    },
    "head": {
      "name": "head",
      "local": {
        "location": {
          "x": 0.0,
          "y": 0.0,
          "z": 0.0
        },
        "rotation_quaternion": {
          "w": 0.9684751033782959,
          "x": -0.050005409866571426,
          "y": -0.13488322496414185,
          "z": 0.20337629318237305
        },
        "scale": {
          "x": 1.0,
          "y": 1.0,
          "z": 1.0
        },
        "matrix_basis": [
          [
            0.8808891773223877,
            -0.38043996691703796,
            -0.2816019058227539,
            0.0
          ],
          [
            0.4074195325374603,
            0.9122750759124756,
            0.0419938899576664,
            0.0
          ],
          [
            0.2409222573041916,
            -0.15172208845615387,
            0.9586119651794434,
            0.0
          ],
          [
            0.0,
            0.0,
            0.0,
            1.0
          ]
        ],
        "rotation_mode": "QUATERNION"
      },
      "armature_space": {
        "head": {
          "x": 0.00949697382748127,
          "y": 0.015658671036362648,
          "z": 0.6592391729354858
        },
        "tail": {
          "x": -0.06998446583747864,
          "y": 0.08577233552932739,
          "z": 0.772464394569397
        }
      },
      "world_space": {
        "head": {
          "x": 0.00949697382748127,
          "y": 0.07890266925096512,
          "z": 1.609093189239502
        },
        "tail": {
          "x": -0.06998446583747864,
          "y": 0.149016335606575,
          "z": 1.722318410873413
        },
        "rotation_quaternion": {
          "w": 0.7896403670310974,
          "x": 0.510001540184021,
          "y": -0.3201700747013092,
          "z": 0.11771882325410843
        },
        "matrix": [
          [
            0.7672677040100098,
            -0.5124852061271667,
            -0.38556379079818726,
            0.00949697382748127
          ],
          [
            -0.14066103100776672,
            0.45208311080932617,
            -0.8808154463768005,
            0.07890266925096512
          ],
          [
            0.6257158517837524,
            0.7300604581832886,
            0.27478307485580444,
            1.609093189239502
          ],
          [
            0.0,
            0.0,
            0.0,
            1.0
          ]
        ]
      },
      "bone_length_armature_space": 0.1550908619745141,
      "parent": "neck_01",
      "has_children": false,
      "is_end_bone": true
    },
    "upperarm_l": {
      "name": "upperarm_l",
      "local": {
        "location": {
          "x": 0.0,
          "y": 0.0,
          "z": 0.0
        },
        "rotation_quaternion": {
          "w": 0.9275833368301392,
          "x": 0.22302088141441345,
          "y": -0.04135715216398239,
          "z": -0.29688477516174316
        },
        "scale": {
          "x": 1.0,
          "y": 1.0,
          "z": 1.0
        },
        "matrix_basis": [
          [
            0.8202980160713196,
            0.5323237180709839,
            -0.20914742350578308,
            0.0
          ],
          [
            -0.5692177414894104,
            0.7242422103881836,
            -0.38918429613113403,
            0.0
          ],
          [
            -0.05569859966635704,
            0.4382975101470947,
            0.8971025347709656,
            0.0
          ],
          [
            0.0,
            0.0,
            0.0,
            1.0
          ]
        ],
        "rotation_mode": "QUATERNION"
      },
      "armature_space": {
        "head": {
          "x": 0.1753300279378891,
          "y": 0.002177491784095764,
          "z": 0.4848369061946869
        },
        "tail": {
          "x": 0.35621196031570435,
          "y": -0.12909060716629028,
          "z": 0.3369910717010498
        }
      },
      "world_space": {
        "head": {
          "x": 0.1753300279378891,
          "y": 0.06542149186134338,
          "z": 1.4346909523010254
        },
        "tail": {
          "x": 0.35621196031570435,
          "y": -0.06584660708904266,
          "z": 1.286845088005066
        },
        "rotation_quaternion": {
          "w": 0.214665025472641,
          "x": 0.37273532152175903,
          "y": 0.4571526348590851,
          "z": -0.7784593105316162
        },
        "matrix": [
          [
            -0.6299753189086914,
            0.675009548664093,
            -0.38404858112335205,
            0.1753300279378891
          ],
          [
            0.00657547265291214,
            -0.48986220359802246,
            -0.871775209903717,
            0.06542149186134338
          ],
          [
            -0.7765926718711853,
            -0.5517264604568481,
            0.3041638731956482,
            1.4346909523010254
          ],
          [
            0.0,
            0.0,
            0.0,
            1.0
          ]
        ]
      },
      "bone_length_armature_space": 0.26797010780079444,
      "parent": "spine_01",
      "has_children": true,
      "is_end_bone": false
    },
    "lowerarm_l": {
      "name": "lowerarm_l",
      "local": {
        "location": {
          "x": 0.0,
          "y": 0.0,
          "z": 0.0
        },
        "rotation_quaternion": {
          "w": 0.9320908784866333,
          "x": 0.3488965928554535,
          "y": -0.09131014347076416,
          "z": -0.03376917913556099
        },
        "scale": {
          "x": 1.0,
          "y": 1.0,
          "z": 1.0
        },
        "matrix_basis": [
          [
            0.9810441732406616,
            -0.0007637082017026842,
            -0.19378261268138885,
            0.0
          ],
          [
            -0.12666748464107513,
            0.7542616128921509,
            -0.6442397236824036,
            0.0
          ],
          [
            0.14665479958057404,
            0.6565735936164856,
            0.7398672699928284,
            0.0
          ],
          [
            0.0,
            0.0,
            0.0,
            1.0
          ]
        ],
        "rotation_mode": "QUATERNION"
      },
      "armature_space": {
        "head": {
          "x": 0.3562120795249939,
          "y": -0.12909069657325745,
          "z": 0.3369911313056946
        },
        "tail": {
          "x": 0.4254114329814911,
          "y": -0.3873618245124817,
          "z": 0.32822513580322266
        }
      },
      "world_space": {
        "head": {
          "x": 0.3562120795249939,
          "y": -0.06584669649600983,
          "z": 1.2868452072143555
        },
        "tail": {
          "x": 0.4254114329814911,
          "y": -0.32411783933639526,
          "z": 1.2780791521072388
        },
        "rotation_quaternion": {
          "w": 0.1182282343506813,
          "x": 0.3186710476875305,
          "y": 0.05758938565850258,
          "z": -0.9386982917785645
        },
        "matrix": [
          [
            -0.7689417004585266,
            0.2586655020713806,
            -0.5846543908119202,
            0.3562120795249939
          ],
          [
            -0.1852574646472931,
            -0.9654111862182617,
            -0.18346989154815674,
            -0.06584669649600983
          ],
          [
            -0.6118934154510498,
            -0.03276708722114563,
            0.7902699708938599,
            1.2868452072143555
          ],
          [
            0.0,
            0.0,
            0.0,
            1.0
          ]
        ]
      },
      "bone_length_armature_space": 0.2675245192970476,
      "parent": "upperarm_l",
      "has_children": true,
      "is_end_bone": false
    },
    "metacarpal_thumb_l": {
      "name": "metacarpal_thumb_l",
      "local": {
        "location": {
          "x": 0.0,
          "y": 0.0,
          "z": 0.0
        },
        "rotation_quaternion": {
          "w": 0.9997437000274658,
          "x": 0.016055142506957054,
          "y": 0.010759045369923115,
          "z": 0.011792555451393127
        },
        "scale": {
          "x": 1.0,
          "y": 1.0,
          "z": 1.0
        },
        "matrix_basis": [
          [
            0.9994903802871704,
            -0.02323359064757824,
            0.021891238167881966,
            0.0
          ],
          [
            0.02392454259097576,
            0.9992063641548157,
            -0.031848300248384476,
            0.0
          ],
          [
            -0.021133912727236748,
            0.03235580772161484,
            0.99925297498703,
            0.0
          ],
          [
            0.0,
            0.0,
            0.0,
            1.0
          ]
        ],
        "rotation_mode": "QUATERNION"
      },
      "armature_space": {
        "head": {
          "x": 0.4254114329814911,
          "y": -0.3873618245124817,
          "z": 0.32822513580322266
        },
        "tail": {
          "x": 0.4096483886241913,
          "y": -0.43151718378067017,
          "z": 0.34420689940452576
        }
      },
      "world_space": {
        "head": {
          "x": 0.4254114329814911,
          "y": -0.32411783933639526,
          "z": 1.2780791521072388
        },
        "tail": {
          "x": 0.4096483886241913,
          "y": -0.36827319860458374,
          "z": 1.2940609455108643
        },
        "rotation_quaternion": {
          "w": 0.08303077518939972,
          "x": 0.884787380695343,
          "y": -0.2177041620016098,
          "z": -0.4035617411136627
        },
        "matrix": [
          [
            0.5794854760169983,
            -0.31822890043258667,
            -0.7502844929695129,
            0.4254114329814911
          ],
          [
            -0.4522603452205658,
            -0.891421377658844,
            0.028785979375243187,
            -0.32411783933639526
          ],
          [
            -0.6779853701591492,
            0.32264435291290283,
            -0.660492479801178,
            1.2780791521072388
          ],
          [
            0.0,
            0.0,
            0.0,
            1.0
          ]
        ]
      },
      "bone_length_armature_space": 0.0495336863824087,
      "parent": "lowerarm_l",
      "has_children": true,
      "is_end_bone": false
    },
    "thumb_01_l": {
      "name": "thumb_01_l",
      "local": {
        "location": {
          "x": 0.0,
          "y": 0.0,
          "z": 0.0
        },
        "rotation_quaternion": {
          "w": 0.9993767142295837,
          "x": -0.027654677629470825,
          "y": -0.01928224228322506,
          "z": 0.01047535240650177
        },
        "scale": {
          "x": 1.0,
          "y": 1.0,
          "z": 1.0
        },
        "matrix_basis": [
          [
            0.9990369081497192,
            -0.01987115852534771,
            -0.03911983221769333,
            0.0
          ],
          [
            0.022004134953022003,
            0.9982509613037109,
            0.05487090349197388,
            0.0
          ],
          [
            0.03796106204390526,
            -0.05567885935306549,
            0.9977268576622009,
            0.0
          ],
          [
            0.0,
            0.0,
            0.0,
            1.0
          ]
        ],
        "rotation_mode": "QUATERNION"
      },
      "armature_space": {
        "head": {
          "x": 0.4096483886241913,
          "y": -0.43151718378067017,
          "z": 0.34420689940452576
        },
        "tail": {
          "x": 0.38013672828674316,
          "y": -0.44747790694236755,
          "z": 0.3384672999382019
        }
      },
      "world_space": {
        "head": {
          "x": 0.4096483886241913,
          "y": -0.36827319860458374,
          "z": 1.2940609455108643
        },
        "tail": {
          "x": 0.38013672828674316,
          "y": -0.38423389196395874,
          "z": 1.2883212566375732
        },
        "rotation_quaternion": {
          "w": 0.1122061014175415,
          "x": 0.7854300141334534,
          "y": -0.5029497742652893,
          "z": 0.3428572714328766
        },
        "matrix": [
          [
            0.25897955894470215,
            -0.867006242275238,
            0.42571088671684265,
            0.4096483886241913
          ],
          [
            -0.7131219506263733,
            -0.4689008891582489,
            -0.5211422443389893,
            -0.36827319860458374
          ],
          [
            0.6514533758163452,
            -0.16862010955810547,
            -0.7397226691246033,
            1.2940609455108643
          ],
          [
            0.0,
            0.0,
            0.0,
            1.0
          ]
        ]
      },
      "bone_length_armature_space": 0.034038593025432565,
      "parent": "metacarpal_thumb_l",
      "has_children": true,
      "is_end_bone": false
    },
    "thumb_02_l": {
      "name": "thumb_02_l",
      "local": {
        "location": {
          "x": 0.0,
          "y": 0.0,
          "z": 0.0
        },
        "rotation_quaternion": {
          "w": 0.9945459365844727,
          "x": 0.1038099080324173,
          "y": -0.005677135661244392,
          "z": 0.008352365344762802
        },
        "scale": {
          "x": 1.0,
          "y": 1.0,
          "z": 1.0
        },
        "matrix_basis": [
          [
            0.9997960329055786,
            -0.01779230870306492,
            -0.009558227844536304,
            0.0
          ],
          [
            0.015434936620295048,
            0.9783074855804443,
            -0.20658227801322937,
            0.0
          ],
          [
            0.013026461005210876,
            0.20639261603355408,
            0.9783825278282166,
            0.0
          ],
          [
            0.0,
            0.0,
            0.0,
            1.0
          ]
        ],
        "rotation_mode": "QUATERNION"
      },
      "armature_space": {
        "head": {
          "x": 0.3801366984844208,
          "y": -0.4474778473377228,
          "z": 0.3384673297405243
        },
        "tail": {
          "x": 0.3882544934749603,
          "y": -0.4864683449268341,
          "z": 0.33326900005340576
        }
      },
      "world_space": {
        "head": {
          "x": 0.3801366984844208,
          "y": -0.38423383235931396,
          "z": 1.2883213758468628
        },
        "tail": {
          "x": 0.3882544934749603,
          "y": -0.4232243299484253,
          "z": 1.2831230163574219
        },
        "rotation_quaternion": {
          "w": 0.11827076226472855,
          "x": -0.6967066526412964,
          "y": -0.02501431480050087,
          "z": -0.707097053527832
        },
        "matrix": [
          [
            -0.0012237820774316788,
            0.20211443305015564,
            0.9793610572814941,
            0.3801366984844208
          ],
          [
            -0.13240206241607666,
            -0.9707724452018738,
            0.20017658174037933,
            -0.38423383235931396
          ],
          [
            0.991202175617218,
            -0.12942646443843842,
            0.027948589995503426,
            1.2883213758468628
          ],
          [
            0.0,
            0.0,
            0.0,
            1.0
          ]
        ]
      },
      "bone_length_armature_space": 0.04016441439875229,
      "parent": "thumb_01_l",
      "has_children": true,
      "is_end_bone": false
    },
    "thumb_03_l": {
      "name": "thumb_03_l",
      "local": {
        "location": {
          "x": 0.0,
          "y": 0.0,
          "z": 0.0
        },
        "rotation_quaternion": {
          "w": 0.9967937469482422,
          "x": 0.07994095236063004,
          "y": 0.0020304364152252674,
          "z": 0.0027645037043839693
        },
        "scale": {
          "x": 1.0,
          "y": 1.0,
          "z": 1.0
        },
        "matrix_basis": [
          [
            0.9999764561653137,
            -0.0051866499707102776,
            0.004489846993237734,
            0.0
          ],
          [
            0.005835909862071276,
            0.9872035980224609,
            -0.15935805439949036,
            0.0
          ],
          [
            -0.0036058584228157997,
            0.15938051044940948,
            0.9872106313705444,
            0.0
          ],
          [
            0.0,
            0.0,
            0.0,
            1.0
          ]
        ],
        "rotation_mode": "QUATERNION"
      },
      "armature_space": {
        "head": {
          "x": 0.38825443387031555,
          "y": -0.4864683151245117,
          "z": 0.33326905965805054
        },
        "tail": {
          "x": 0.40613457560539246,
          "y": -0.5102906227111816,
          "z": 0.32696911692619324
        }
      },
      "world_space": {
        "head": {
          "x": 0.38825443387031555,
          "y": -0.4232243299484253,
          "z": 1.2831230163574219
        },
        "tail": {
          "x": 0.40613457560539246,
          "y": -0.4470466375350952,
          "z": 1.2768231630325317
        },
        "rotation_quaternion": {
          "w": 0.321235716342926,
          "x": -0.5070904493331909,
          "y": -0.07463450729846954,
          "z": -0.7963018417358398
        },
        "matrix": [
          [
            -0.2793329358100891,
            0.5872958898544312,
            0.7596424221992493,
            0.38825443387031555
          ],
          [
            -0.4359082579612732,
            -0.7824733853340149,
            0.4446565806865692,
            -0.4232243299484253
          ],
          [
            0.8555505871772766,
            -0.20692956447601318,
            0.47458139061927795,
            1.2831230163574219
          ],
          [
            0.0,
            0.0,
            0.0,
            1.0
          ]
        ]
      },
      "bone_length_armature_space": 0.030444886059023797,
      "parent": "thumb_02_l",
      "has_children": false,
      "is_end_bone": true
    },
    "metacarpal_index_l": {
      "name": "metacarpal_index_l",
      "local": {
        "location": {
          "x": 0.0,
          "y": 0.0,
          "z": 0.0
        },
        "rotation_quaternion": {
          "w": 0.9990924596786499,
          "x": -0.037567250430583954,
          "y": -0.019976498559117317,
          "z": -0.001979424385353923
        },
        "scale": {
          "x": 1.0,
          "y": 1.0,
          "z": 1.0
        },
        "matrix_basis": [
          [
            0.9991940259933472,
            0.005456180311739445,
            -0.03976801410317421,
            0.0
          ],
          [
            -0.002454331610351801,
            0.997169554233551,
            0.07514539361000061,
            0.0
          ],
          [
            0.0400654599070549,
            -0.07498723268508911,
            0.9963792562484741,
            0.0
          ],
          [
            0.0,
            0.0,
            0.0,
            1.0
          ]
        ],
        "rotation_mode": "QUATERNION"
      },
      "armature_space": {
        "head": {
          "x": 0.4254114329814911,
          "y": -0.3873618245124817,
          "z": 0.32822513580322266
        },
        "tail": {
          "x": 0.437576025724411,
          "y": -0.502027153968811,
          "z": 0.3490361273288727
        }
      },
      "world_space": {
        "head": {
          "x": 0.4254114329814911,
          "y": -0.32411783933639526,
          "z": 1.2780791521072388
        },
        "tail": {
          "x": 0.437576025724411,
          "y": -0.4387831687927246,
          "z": 1.2988901138305664
        },
        "rotation_quaternion": {
          "w": 0.10023574531078339,
          "x": 0.7087073922157288,
          "y": -0.02545895241200924,
          "z": -0.6978815197944641
        },
        "matrix": [
          [
            0.024626772850751877,
            0.10381855070590973,
            -0.9942912459373474,
            0.4254114329814911
          ],
          [
            -0.17599152028560638,
            -0.9786093831062317,
            -0.106540247797966,
            -0.32411783933639526
          ],
          [
            -0.9840905070304871,
            0.17761100828647614,
            -0.0058287642896175385,
            1.2780791521072388
          ],
          [
            0.0,
            0.0,
            0.0,
            1.0
          ]
        ]
      },
      "bone_length_armature_space": 0.11717172034637532,
      "parent": "lowerarm_l",
      "has_children": true,
      "is_end_bone": false
    },
    "index_01_l": {
      "name": "index_01_l",
      "local": {
        "location": {
          "x": 0.0,
          "y": 0.0,
          "z": 0.0
        },
        "rotation_quaternion": {
          "w": 0.993831217288971,
          "x": -0.1107797846198082,
          "y": 0.0032301433384418488,
          "z": -0.004138763528317213
        },
        "scale": {
          "x": 1.0,
          "y": 1.0,
          "z": 1.0
        },
        "matrix_basis": [
          [
            0.9999448657035828,
            0.007510795723646879,
            0.0073374174535274506,
            0.0
          ],
          [
            -0.008942133747041225,
            0.9754214286804199,
            0.22016607224941254,
            0.0
          ],
          [
            -0.00550345191732049,
            -0.22021955251693726,
            0.9754348397254944,
            0.0
          ],
          [
            0.0,
            0.0,
            0.0,
            1.0
          ]
        ],
        "rotation_mode": "QUATERNION"
      },
      "armature_space": {
        "head": {
          "x": 0.437576025724411,
          "y": -0.502027153968811,
          "z": 0.3490361273288727
        },
        "tail": {
          "x": 0.45027655363082886,
          "y": -0.5271082520484924,
          "z": 0.344271183013916
        }
      },
      "world_space": {
        "head": {
          "x": 0.437576025724411,
          "y": -0.4387831687927246,
          "z": 1.2988901138305664
        },
        "tail": {
          "x": 0.45027655363082886,
          "y": -0.463864266872406,
          "z": 1.2941251993179321
        },
        "rotation_quaternion": {
          "w": 0.09644565731287003,
          "x": 0.700740396976471,
          "y": 0.22561140358448029,
          "z": -0.6698959469795227
        },
        "matrix": [
          [
            0.0006776018999516964,
            0.44540852308273315,
            -0.8953271508216858,
            0.437576025724411
          ],
          [
            0.18697278201580048,
            -0.8795948624610901,
            -0.4374406337738037,
            -0.4387831687927246
          ],
          [
            -0.9823715686798096,
            -0.16710729897022247,
            -0.08387604355812073,
            1.2988901138305664
          ],
          [
            0.0,
            0.0,
            0.0,
            1.0
          ]
        ]
      },
      "bone_length_armature_space": 0.02851437514026532,
      "parent": "metacarpal_index_l",
      "has_children": true,
      "is_end_bone": false
    },
    "index_02_l": {
      "name": "index_02_l",
      "local": {
        "location": {
          "x": 0.0,
          "y": 0.0,
          "z": 0.0
        },
        "rotation_quaternion": {
          "w": 0.9984703063964844,
          "x": 0.054710954427719116,
          "y": 0.006398825906217098,
          "z": -0.004781397525221109
        },
        "scale": {
          "x": 1.0,
          "y": 1.0,
          "z": 1.0
        },
        "matrix_basis": [
          [
            0.9998723864555359,
            0.010248338803648949,
            0.012254885397851467,
            0.0
          ],
          [
            -0.008847994729876518,
            0.9939677119255066,
            -0.10931571573019028,
            0.0
          ],
          [
            -0.013301265425980091,
            0.1091933324933052,
            0.9939315319061279,
            0.0
          ],
          [
            0.0,
            0.0,
            0.0,
            1.0
          ]
        ],
        "rotation_mode": "QUATERNION"
      },
      "armature_space": {
        "head": {
          "x": 0.4502764344215393,
          "y": -0.5271087288856506,
          "z": 0.34427130222320557
        },
        "tail": {
          "x": 0.4599366784095764,
          "y": -0.5502768754959106,
          "z": 0.33897918462753296
        }
      },
      "world_space": {
        "head": {
          "x": 0.4502764344215393,
          "y": -0.4638647437095642,
          "z": 1.2941253185272217
        },
        "tail": {
          "x": 0.4599366784095764,
          "y": -0.4870328903198242,
          "z": 1.2888331413269043
        },
        "rotation_quaternion": {
          "w": 0.06432424485683441,
          "x": 0.6811811327934265,
          "y": 0.21047236025333405,
          "z": -0.6982522010803223
        },
        "matrix": [
          [
            -0.06370946764945984,
            0.37657031416893005,
            -0.9241947531700134,
            0.4502764344215393
          ],
          [
            0.19691021740436554,
            -0.9031269550323486,
            -0.3815602660179138,
            -0.4638647437095642
          ],
          [
            -0.9783560037612915,
            -0.20629455149173737,
            -0.01661304570734501,
            1.2941253185272217
          ],
          [
            0.0,
            0.0,
            0.0,
            1.0
          ]
        ]
      },
      "bone_length_armature_space": 0.025653261263270607,
      "parent": "index_01_l",
      "has_children": true,
      "is_end_bone": false
    },
    "index_03_l": {
      "name": "index_03_l",
      "local": {
        "location": {
          "x": 0.0,
          "y": 0.0,
          "z": 0.0
        },
        "rotation_quaternion": {
          "w": 0.9994627833366394,
          "x": 0.032613370567560196,
          "y": 0.002821993315592408,
          "z": 0.001610209234058857
        },
        "scale": {
          "x": 1.0,
          "y": 1.0,
          "z": 1.0
        },
        "matrix_basis": [
          [
            0.9999788999557495,
            -0.003034618915989995,
            0.005745983216911554,
            0.0
          ],
          [
            0.0034027579240500927,
            0.9978675246238708,
            -0.06518261134624481,
            0.0
          ],
          [
            -0.00553592573851347,
            0.0652007907629013,
            0.9978567957878113,
            0.0
          ],
          [
            0.0,
            0.0,
            0.0,
            1.0
          ]
        ],
        "rotation_mode": "QUATERNION"
      },
      "armature_space": {
        "head": {
          "x": 0.45993679761886597,
          "y": -0.5502768158912659,
          "z": 0.33897921442985535
        },
        "tail": {
          "x": 0.46646445989608765,
          "y": -0.5774173140525818,
          "z": 0.3303469121456146
        }
      },
      "world_space": {
        "head": {
          "x": 0.45993679761886597,
          "y": -0.48703283071517944,
          "z": 1.2888332605361938
        },
        "tail": {
          "x": 0.46646445989608765,
          "y": -0.5141733288764954,
          "z": 1.2802009582519531
        },
        "rotation_quaternion": {
          "w": 0.02735830284655094,
          "x": -0.699704647064209,
          "y": -0.18658557534217834,
          "z": 0.6890941858291626
        },
        "matrix": [
          [
            -0.019329819828271866,
            0.2234068661928177,
            -0.9745335578918457,
            0.45993679761886597
          ],
          [
            0.2988142967224121,
            -0.9288743138313293,
            -0.21886682510375977,
            -0.48703283071517944
          ],
          [
            -0.9541218876838684,
            -0.2954379916191101,
            -0.048802509903907776,
            1.2888332605361938
          ],
          [
            0.0,
            0.0,
            0.0,
            1.0
          ]
        ]
      },
      "bone_length_armature_space": 0.029218721268335822,
      "parent": "index_02_l",
      "has_children": false,
      "is_end_bone": true
    },
    "metacarpal_pinky_l": {
      "name": "metacarpal_pinky_l",
      "local": {
        "location": {
          "x": 0.0,
          "y": 0.0,
          "z": 0.0
        },
        "rotation_quaternion": {
          "w": 0.9996013045310974,
          "x": -0.024887606501579285,
          "y": 0.009874486364424229,
          "z": -0.008970297873020172
        },
        "scale": {
          "x": 1.0,
          "y": 1.0,
          "z": 1.0
        },
        "matrix_basis": [
          [
            0.9996440410614014,
            0.01744193769991398,
            0.02018759772181511,
            0.0
          ],
          [
            -0.018424946814775467,
            0.9986003041267395,
            0.049578212201595306,
            0.0
          ],
          [
            -0.019294600933790207,
            -0.04993252083659172,
            0.998566210269928,
            0.0
          ],
          [
            0.0,
            0.0,
            0.0,
            1.0
          ]
        ],
        "rotation_mode": "QUATERNION"
      },
      "armature_space": {
        "head": {
          "x": 0.4254114329814911,
          "y": -0.3873618245124817,
          "z": 0.32822513580322266
        },
        "tail": {
          "x": 0.464666485786438,
          "y": -0.4784749746322632,
          "z": 0.29659169912338257
        }
      },
      "world_space": {
        "head": {
          "x": 0.4254114329814911,
          "y": -0.32411783933639526,
          "z": 1.2780791521072388
        },
        "tail": {
          "x": 0.464666485786438,
          "y": -0.41523098945617676,
          "z": 1.246445655822754
        },
        "rotation_quaternion": {
          "w": 0.23537056148052216,
          "x": -0.31774264574050903,
          "y": 0.08430215716362,
          "z": -0.9146220088005066
        },
        "matrix": [
          [
            -0.6872801780700684,
            0.37697845697402954,
            0.6209130883216858,
            0.4254114329814911
          ],
          [
            -0.4841232895851135,
            -0.8749877214431763,
            -0.004633188247680664,
            -0.32411783933639526
          ],
          [
            0.5415481925010681,
            -0.3037855923175812,
            0.7838709950447083,
            1.2780791521072388
          ],
          [
            0.0,
            0.0,
            0.0,
            1.0
          ]
        ]
      },
      "bone_length_armature_space": 0.10413087842254765,
      "parent": "lowerarm_l",
      "has_children": true,
      "is_end_bone": false
    },
    "pinky_01_l": {
      "name": "pinky_01_l",
      "local": {
        "location": {
          "x": 0.0,
          "y": 0.0,
          "z": 0.0
        },
        "rotation_quaternion": {
          "w": 0.9949791431427002,
          "x": -0.09841467440128326,
          "y": 0.014588883146643639,
          "z": -0.01087072491645813
        },
        "scale": {
          "x": 1.0,
          "y": 1.0,
          "z": 1.0
        },
        "matrix_basis": [
          [
            0.9993379712104797,
            0.018760768696665764,
            0.03117094747722149,
            0.0
          ],
          [
            -0.024503810331225395,
            0.9803927540779114,
            0.1955239176750183,
            0.0
          ],
          [
            -0.026891591027379036,
            -0.1961582750082016,
            0.9802034497261047,
            0.0
          ],
          [
            0.0,
            0.0,
            0.0,
            1.0
          ]
        ],
        "rotation_mode": "QUATERNION"
      },
      "armature_space": {
        "head": {
          "x": 0.464666485786438,
          "y": -0.4784749746322632,
          "z": 0.29659169912338257
