{
  "metadata": {
    "armature_name": "KIM_caucasian_male",
    "export_time": "2026-01-13T21:02:31.892144",
    "blender_version": "4.4.1",
    "bone_count": 56,
    "end_bone_count": 13,
    "spaces_included": [
      "LOCAL_CHANNELS",
      "ARMATURE_SPACE",
      "WORLD_SPACE"
    ],
    "note": "LOCAL matches Transform panel; replay pose via local.matrix_basis for best fidelity."
  },
  "bones": {
    "Root": {
      "name": "Root",
      "local": {
        "location": {
          "x": 0.0,
          "y": 0.0,
          "z": 0.0
        },
        "rotation_quaternion": {
          "w": 0.9995542764663696,
          "x": 0.0057311696000397205,
          "y": -0.00011634915426839143,
          "z": 0.029299110174179077
        },
        "scale": {
          "x": 1.0,
          "y": 1.0,
          "z": 1.0
        },
        "matrix_basis": [
          [
            0.9982830882072449,
            -0.05857343599200249,
            0.00010324174945708364,
            0.0
          ],
          [
            0.05857076868414879,
            0.9982174038887024,
            -0.01146404817700386,
            0.0
          ],
          [
            0.000568430928979069,
            0.011450412683188915,
            0.9999342560768127,
            0.0
          ],
          [
            0.0,
            0.0,
            0.0,
            1.0
          ]
        ],
        "rotation_mode": "QUATERNION"
      },
      "armature_space": {
        "head": {
          "x": 0.0,
          "y": 0.07072800397872925,
          "z": -0.009595036506652832
        },
        "tail": {
          "x": -0.004180729854851961,
          "y": 1.621246337890625e-05,
          "z": -0.0008269753307104111
        }
      },
      "world_space": {
        "head": {
          "x": 0.0,
          "y": 0.13397200405597687,
          "z": 0.9402589797973633
        },
        "tail": {
          "x": -0.004180729854851961,
          "y": 0.06326021254062653,
          "z": 0.9490270614624023
        },
        "rotation_quaternion": {
          "w": 0.061619482934474945,
          "x": 0.9976695775985718,
          "y": -0.02924039028584957,
          "z": 0.001857733353972435
        },
        "matrix": [
          [
            0.9982830882072449,
            -0.05857343599200249,
            0.00010324174945708364,
            0.0
          ],
          [
            -0.05811554566025734,
            -0.9906960129737854,
            -0.12306086719036102,
            0.13397200405597687
          ],
          [
            0.007310375105589628,
            0.12284348905086517,
            -0.9924061894416809,
            0.9402589797973633
          ],
          [
            0.0,
            0.0,
            0.0,
            1.0
          ]
        ]
      },
      "bone_length_armature_space": 0.07137586902807518,
      "parent": null,
      "has_children": true,
      "is_end_bone": false
    },
    "spine_01": {
      "name": "spine_01",
      "local": {
        "location": {
          "x": 0.0,
          "y": 0.0,
          "z": 0.0
        },
        "rotation_quaternion": {
          "w": 0.9929133653640747,
          "x": 0.09741461277008057,
          "y": 0.0210122000426054,
          "z": -0.06474516540765762
        },
        "scale": {
          "x": 1.0,
          "y": 1.0,
          "z": 1.0
        },
        "matrix_basis": [
          [
            0.9907330870628357,
            0.1326664686203003,
            0.02911233715713024,
            0.0
          ],
          [
            -0.12447889149188995,
            0.9726369380950928,
            -0.1961694210767746,
            0.0
          ],
          [
            -0.05434083938598633,
            0.19072766602039337,
            0.9801377654075623,
            0.0
          ],
          [
            0.0,
            0.0,
            0.0,
            1.0
          ]
        ],
        "rotation_mode": "QUATERNION"
      },
      "armature_space": {
        "head": {
          "x": -0.004180729854851961,
          "y": 1.621246337890625e-05,
          "z": -0.0008269753307104111
        },
        "tail": {
          "x": 0.052525244653224945,
          "y": -0.07978738844394684,
          "z": 0.4772568345069885
        }
      },
      "world_space": {
        "head": {
          "x": -0.004180729854851961,
          "y": 0.06326021254062653,
          "z": 0.9490270614624023
        },
        "tail": {
          "x": 0.052525244653224945,
          "y": -0.01654338836669922,
          "z": 1.4271109104156494
        },
        "rotation_quaternion": {
          "w": 0.6457290649414062,
          "x": 0.7612241506576538,
          "y": 0.03560936450958252,
          "z": -0.047997698187828064
        },
        "matrix": [
          [
            0.9928563833236694,
            0.11620047688484192,
            -0.02708525024354458,
            -0.004180729854851961
          ],
          [
            -0.007772885262966156,
            -0.16353155672550201,
            -0.9865074753761292,
            0.06326021254062653
          ],
          [
            -0.11906278878450394,
            0.9796774983406067,
            -0.1614621877670288,
            0.9490270614624023
          ],
          [
            0.0,
            0.0,
            0.0,
            1.0
          ]
        ]
      },
      "bone_length_armature_space": 0.4880044316968069,
      "parent": "Root",
      "has_children": true,
      "is_end_bone": false
    },
    "neck_01": {
      "name": "neck_01",
      "local": {
        "location": {
          "x": 0.0,
          "y": 0.0,
          "z": 0.0
        },
        "rotation_quaternion": {
          "w": 0.9862150549888611,
          "x": -0.05304251238703728,
          "y": -0.04624434560537338,
          "z": 0.1497592180967331
        },
        "scale": {
          "x": 1.0,
          "y": 1.0,
          "z": 1.0
        },
        "matrix_basis": [
          [
            0.9508672952651978,
            -0.2904837727546692,
            -0.1071009486913681,
            0.0
          ],
          [
            0.3002954125404358,
            0.9495173096656799,
            0.0907716155052185,
            0.0
          ],
          [
            0.07532653212547302,
            -0.11847368627786636,
            0.9900959134101868,
            0.0
          ],
          [
            0.0,
            0.0,
            0.0,
            1.0
          ]
        ],
        "rotation_mode": "QUATERNION"
      },
      "armature_space": {
        "head": {
          "x": 0.06009393557906151,
          "y": -0.1259734332561493,
          "z": 0.5433877110481262
        },
        "tail": {
          "x": 0.040852952748537064,
          "y": -0.16657710075378418,
          "z": 0.6355389952659607
        }
      },
      "world_space": {
        "head": {
          "x": 0.06009393557906151,
          "y": -0.06272943317890167,
          "z": 1.493241786956787
        },
        "tail": {
          "x": 0.040852952748537064,
          "y": -0.10333310067653656,
          "z": 1.585392951965332
        },
        "rotation_quaternion": {
          "w": 0.535054087638855,
          "x": 0.835236132144928,
          "y": -0.12526549398899078,
          "z": -0.02016143500804901
        },
        "matrix": [
          [
            0.9678040146827698,
            -0.18767784535884857,
            -0.16772747039794922,
            0.06009393557906151
          ],
          [
            -0.23082812130451202,
            -0.3960508108139038,
            -0.8887419700622559,
            -0.06272943317890167
          ],
          [
            0.10036896169185638,
            0.8988500237464905,
            -0.4266246557235718,
            1.493241786956787
          ],
          [
            0.0,
            0.0,
            0.0,
            1.0
          ]
        ]
      },
      "bone_length_armature_space": 0.10252186156935848,
      "parent": "spine_01",
      "has_children": true,
      "is_end_bone": false
    },
    "head": {
      "name": "head",
      "local": {
        "location": {
          "x": 0.0,
          "y": 0.0,
          "z": 0.0
        },
        "rotation_quaternion": {
          "w": 0.9630025029182434,
          "x": -0.15069405734539032,
          "y": -0.01494346559047699,
          "z": -0.22292236983776093
        },
        "scale": {
          "x": 1.0,
          "y": 1.0,
          "z": 1.0
        },
        "matrix_basis": [
          [
            0.9001646041870117,
            0.4338533878326416,
            0.03840496391057968,
            0.0
          ],
          [
            -0.424845814704895,
            0.8551938533782959,
            0.2968999743461609,
            0.0
          ],
          [
            0.09596734493970871,
            -0.28357505798339844,
            0.9541360139846802,
            0.0
          ],
          [
            0.0,
            0.0,
            0.0,
            1.0
          ]
        ],
        "rotation_mode": "QUATERNION"
      },
      "armature_space": {
        "head": {
          "x": 0.04085294157266617,
          "y": -0.16657719016075134,
          "z": 0.6355388760566711
        },
        "tail": {
          "x": 0.10066452622413635,
          "y": -0.1459437906742096,
          "z": 0.777137279510498
        }
      },
      "world_space": {
        "head": {
          "x": 0.04085294157266617,
          "y": -0.10333319008350372,
          "z": 1.585392951965332
        },
        "tail": {
          "x": 0.10066452622413635,
          "y": -0.08269979059696198,
          "z": 1.7269912958145142
        },
        "rotation_quaternion": {
          "w": 0.7515420913696289,
          "x": 0.6196442246437073,
          "y": 0.041290998458862305,
          "z": -0.22253243625164032
        },
        "matrix": [
          [
            0.897548258304596,
            0.3856567144393921,
            -0.21372003853321075,
            0.04085294157266617
          ],
          [
            -0.28331583738327026,
            0.13304126262664795,
            -0.9497538805007935,
            -0.10333319008350372
          ],
          [
            -0.3378480076789856,
            0.913006603717804,
            0.2286742925643921,
            1.585392951965332
          ],
          [
            0.0,
            0.0,
            0.0,
            1.0
          ]
        ]
      },
      "bone_length_armature_space": 0.155091170669384,
      "parent": "neck_01",
      "has_children": false,
      "is_end_bone": true
    },
    "upperarm_l": {
      "name": "upperarm_l",
      "local": {
        "location": {
          "x": 0.0,
          "y": 0.0,
          "z": 0.0
        },
        "rotation_quaternion": {
          "w": 0.9522577524185181,
          "x": 0.3021717667579651,
          "y": -0.04355466738343239,
          "z": 0.0006503089098259807
        },
        "scale": {
          "x": 1.0,
          "y": 1.0,
          "z": 1.0
        },
        "matrix_basis": [
          [
            0.9962051510810852,
            -0.027560504153370857,
            -0.08255752921104431,
            0.0
          ],
          [
            -0.025083458051085472,
            0.8173835873603821,
            -0.575547456741333,
            0.0
          ],
          [
            0.08334355056285858,
            0.575434148311615,
            0.813590407371521,
            0.0
          ],
          [
            0.0,
            0.0,
            0.0,
            1.0
          ]
        ],
        "rotation_mode": "QUATERNION"
      },
      "armature_space": {
        "head": {
          "x": 0.20112645626068115,
          "y": -0.11929487437009811,
          "z": 0.45917147397994995
        },
        "tail": {
          "x": 0.4203649163246155,
          "y": -0.2645128667354584,
          "z": 0.4076555371284485
        }
      },
      "world_space": {
        "head": {
          "x": 0.20112645626068115,
          "y": -0.056050874292850494,
          "z": 1.4090254306793213
        },
        "tail": {
          "x": 0.4203649163246155,
          "y": -0.20126886665821075,
          "z": 1.3575096130371094
        },
        "rotation_quaternion": {
          "w": 0.27340856194496155,
          "x": 0.5868040323257446,
          "y": 0.3927956819534302,
          "z": -0.6531618237495422
        },
        "matrix": [
          [
            -0.1618182510137558,
            0.8181473612785339,
            -0.5517697334289551,
            0.20112645626068115
          ],
          [
            0.10382696241140366,
            -0.541920006275177,
            -0.8339920043945312,
            -0.056050874292850494
          ],
          [
            -0.9813501238822937,
            -0.19224560260772705,
            0.002746090292930603,
            1.4090254306793213
          ],
          [
            0.0,
            0.0,
            0.0,
            1.0
          ]
        ]
      },
      "bone_length_armature_space": 0.2679695074123544,
      "parent": "spine_01",
      "has_children": true,
      "is_end_bone": false
    },
    "lowerarm_l": {
      "name": "lowerarm_l",
      "local": {
        "location": {
          "x": 0.0,
          "y": 0.0,
          "z": 0.0
        },
        "rotation_quaternion": {
          "w": 0.9562121629714966,
          "x": 0.17337781190872192,
          "y": 0.08009860664606094,
          "z": -0.221771702170372
        },
        "scale": {
          "x": 1.0,
          "y": 1.0,
          "z": 1.0
        },
        "matrix_basis": [
          [
            0.8888030648231506,
            0.4518962502479553,
            0.07628194242715836,
            0.0
          ],
          [
            -0.39634695649147034,
            0.8415148854255676,
            -0.36709916591644287,
            0.0
          ],
          [
            -0.23008310794830322,
            0.2960447371006012,
            0.9270486831665039,
            0.0
          ],
          [
            0.0,
            0.0,
            0.0,
            1.0
          ]
        ],
        "rotation_mode": "QUATERNION"
      },
      "armature_space": {
        "head": {
          "x": 0.42036497592926025,
          "y": -0.2645129859447479,
          "z": 0.40765562653541565
        },
        "tail": {
          "x": 0.5182445049285889,
          "y": -0.4750854969024658,
          "z": 0.27480822801589966
        }
      },
      "world_space": {
        "head": {
          "x": 0.42036497592926025,
          "y": -0.2012689858675003,
          "z": 1.3575096130371094
        },
        "tail": {
          "x": 0.5182445049285889,
          "y": -0.4118415117263794,
          "z": 1.2246623039245605
        },
        "rotation_quaternion": {
          "w": 0.007637267932295799,
          "x": -0.5783759355545044,
          "y": -0.32616686820983887,
          "z": 0.7476884722709656
        },
        "matrix": [
          [
            -0.33084699511528015,
            0.365871399641037,
            -0.8698725700378418,
            0.42036497592926025
          ],
          [
            0.3887137174606323,
            -0.7871149778366089,
            -0.47890666127204895,
            -0.2012689858675003
          ],
          [
            -0.85991370677948,
            -0.49658042192459106,
            0.11819583922624588,
            1.3575096130371094
          ],
          [
            0.0,
            0.0,
            0.0,
            1.0
          ]
        ]
      },
      "bone_length_armature_space": 0.2675249802237162,
      "parent": "upperarm_l",
      "has_children": true,
      "is_end_bone": false
    },
    "metacarpal_thumb_l": {
      "name": "metacarpal_thumb_l",
      "local": {
        "location": {
          "x": 0.0,
          "y": 0.0,
          "z": 0.0
        },
        "rotation_quaternion": {
          "w": 0.9996554851531982,
          "x": -0.026118308305740356,
          "y": -0.00252584763802588,
          "z": 0.0007514639291912317
        },
        "scale": {
          "x": 1.0,
          "y": 1.0,
          "z": 1.0
        },
        "matrix_basis": [
          [
            0.9999861121177673,
            -0.0013704682933166623,
            -0.005089208949357271,
            0.0
          ],
          [
            0.0016343517927452922,
            0.9986345171928406,
            0.05221482366323471,
            0.0
          ],
          [
            0.005010700784623623,
            -0.052222415804862976,
            0.9986228942871094,
            0.0
          ],
          [
            0.0,
            0.0,
            0.0,
            1.0
          ]
        ],
        "rotation_mode": "QUATERNION"
      },
      "armature_space": {
        "head": {
          "x": 0.5182445049285889,
          "y": -0.4750854969024658,
          "z": 0.27480822801589966
        },
        "tail": {
          "x": 0.5050595998764038,
          "y": -0.5176193714141846,
          "z": 0.2531144917011261
        }
      },
      "world_space": {
        "head": {
          "x": 0.5182445049285889,
          "y": -0.4118415117263794,
          "z": 1.2246623039245605
        },
        "tail": {
          "x": 0.5050595998764038,
          "y": -0.45437538623809814,
          "z": 1.2029684782028198
        },
        "rotation_quaternion": {
          "w": 0.25245189666748047,
          "x": -0.9391394853591919,
          "y": 0.08321504294872284,
          "z": 0.21762406826019287
        },
        "matrix": [
          [
            0.8914301991462708,
            -0.2661803066730499,
            -0.3667425513267517,
            0.5182445049285889
          ],
          [
            -0.046422332525253296,
            -0.858686625957489,
            0.5103937387466431,
            -0.4118415117263794
          ],
          [
            -0.4507770538330078,
            -0.4379591941833496,
            -0.7778210639953613,
            1.2246623039245605
          ],
          [
            0.0,
            0.0,
            0.0,
            1.0
          ]
        ]
      },
      "bone_length_armature_space": 0.049533729274001445,
      "parent": "lowerarm_l",
      "has_children": true,
      "is_end_bone": false
    },
    "thumb_01_l": {
      "name": "thumb_01_l",
      "local": {
        "location": {
          "x": 0.0,
          "y": 0.0,
          "z": 0.0
        },
        "rotation_quaternion": {
          "w": 0.9742363095283508,
          "x": 0.22510811686515808,
          "y": -0.01126569788902998,
          "z": 0.007943272590637207
        },
        "scale": {
          "x": 1.0,
          "y": 1.0,
          "z": 1.0
        },
        "matrix_basis": [
          [
            0.9996199607849121,
            -0.020549248903989792,
            -0.018374713137745857,
            0.0
          ],
          [
            0.010405248962342739,
            0.8985264897346497,
            -0.4387959837913513,
            0.0
          ],
          [
            0.025527093559503555,
            0.4384380280971527,
            0.8983988165855408,
            0.0
          ],
          [
            0.0,
            0.0,
            0.0,
            1.0
          ]
        ],
        "rotation_mode": "QUATERNION"
      },
      "armature_space": {
        "head": {
          "x": 0.5050595998764038,
          "y": -0.5176193714141846,
          "z": 0.2531144917011261
        },
        "tail": {
          "x": 0.5004343390464783,
          "y": -0.5236173868179321,
          "z": 0.21992909908294678
        }
      },
      "world_space": {
        "head": {
          "x": 0.5050595998764038,
          "y": -0.45437538623809814,
          "z": 1.2029684782028198
        },
        "tail": {
          "x": 0.5004343390464783,
          "y": -0.4603734016418457,
          "z": 1.169783115386963
        },
        "rotation_quaternion": {
          "w": 0.4292794167995453,
          "x": -0.5867350101470947,
          "y": 0.4770876467227936,
          "z": -0.4938104748725891
        },
        "matrix": [
          [
            0.05707702040672302,
            -0.13588348031044006,
            0.9890792369842529,
            0.5050595998764038
          ],
          [
            -0.9838129878044128,
            -0.17621298134326935,
            0.03256439417600632,
            -0.45437538623809814
          ],
          [
            0.1698639690876007,
            -0.9749349355697632,
            -0.14374271035194397,
            1.2029684782028198
          ],
          [
            0.0,
            0.0,
            0.0,
            1.0
          ]
        ]
      },
      "bone_length_armature_space": 0.03403879467701603,
      "parent": "metacarpal_thumb_l",
      "has_children": true,
      "is_end_bone": false
    },
    "thumb_02_l": {
      "name": "thumb_02_l",
      "local": {
        "location": {
          "x": 0.0,
          "y": 0.0,
          "z": 0.0
        },
        "rotation_quaternion": {
          "w": 0.9366605281829834,
          "x": 0.35023337602615356,
          "y": -0.00114372035022825,
          "z": -0.001574221532791853
        },
        "scale": {
          "x": 1.0,
          "y": 1.0,
          "z": 1.0
        },
        "matrix_basis": [
          [
            0.9999924302101135,
            0.002147884340956807,
            -0.003245245199650526,
            0.0
          ],
          [
            -0.003750160336494446,
            0.7546682357788086,
            -0.6560959815979004,
            0.0
          ],
          [
            0.0010398655431345105,
            0.6561031341552734,
            0.7546705603599548,
            0.0
          ],
          [
            0.0,
            0.0,
            0.0,
            1.0
          ]
        ],
        "rotation_mode": "QUATERNION"
      },
      "armature_space": {
        "head": {
          "x": 0.5004342794418335,
          "y": -0.5236173868179321,
          "z": 0.21992909908294678
        },
        "tail": {
          "x": 0.5319400429725647,
          "y": -0.547183096408844,
          "z": 0.2280053049325943
        }
      },
      "world_space": {
        "head": {
          "x": 0.5004342794418335,
          "y": -0.4603734016418457,
          "z": 1.169783115386963
        },
        "tail": {
          "x": 0.5319400429725647,
          "y": -0.48393911123275757,
          "z": 1.1778593063354492
        },
        "rotation_quaternion": {
          "w": 0.4242520332336426,
          "x": -0.10340535640716553,
          "y": -0.1632307767868042,
          "z": -0.8846883177757263
        },
        "matrix": [
          [
            -0.6186351180076599,
            0.7844194173812866,
            0.0444599986076355,
            0.5004342794418335
          ],
          [
            -0.7169036865234375,
            -0.5867311954498291,
            0.37655696272850037,
            -0.4603734016418457
          ],
          [
            0.3214663565158844,
            0.2010786533355713,
            0.9253326654434204,
            1.169783115386963
          ],
          [
            0.0,
            0.0,
            0.0,
            1.0
          ]
        ]
      },
      "bone_length_armature_space": 0.04016442325266923,
      "parent": "thumb_01_l",
      "has_children": true,
      "is_end_bone": false
    },
    "thumb_03_l": {
      "name": "thumb_03_l",
      "local": {
        "location": {
          "x": 0.0,
          "y": 0.0,
          "z": 0.0
        },
        "rotation_quaternion": {
          "w": 0.9802277088165283,
          "x": 0.19775092601776123,
          "y": 0.0053845057263970375,
          "z": 0.004404282197356224
        },
        "scale": {
          "x": 1.0,
          "y": 1.0,
          "z": 1.0
        },
        "matrix_basis": [
          [
            0.9999032020568848,
            -0.006504816934466362,
            0.012297985143959522,
            0.0
          ],
          [
            0.010763980448246002,
            0.9217503666877747,
            -0.3876344561576843,
            0.0
          ],
          [
            -0.008814181201159954,
            0.38772931694984436,
            0.921731173992157,
            0.0
          ],
          [
            0.0,
            0.0,
            0.0,
            1.0
          ]
        ],
        "rotation_mode": "QUATERNION"
      },
      "armature_space": {
        "head": {
          "x": 0.5319399237632751,
          "y": -0.547183096408844,
          "z": 0.22800526022911072
        },
        "tail": {
          "x": 0.5519213676452637,
          "y": -0.5544516444206238,
          "z": 0.2497953474521637
        }
      },
      "world_space": {
        "head": {
          "x": 0.5319399237632751,
          "y": -0.48393911123275757,
          "z": 1.1778593063354492
        },
        "tail": {
          "x": 0.5519213676452637,
          "y": -0.49120765924453735,
          "z": 1.1996493339538574
        },
        "rotation_quaternion": {
          "w": 0.5221191048622131,
          "x": 0.2075309455394745,
          "y": -0.328662246465683,
          "z": -0.7591467499732971
        },
        "matrix": [
          [
            -0.36864304542541504,
            0.6563151478767395,
            -0.6582952737808228,
            0.5319399237632751
          ],
          [
            -0.9291457533836365,
            -0.2387443482875824,
            0.2822920083999634,
            -0.48393911123275757
          ],
          [
            0.028107617050409317,
            0.7157222032546997,
            0.6978292465209961,
            1.1778593063354492
          ],
          [
            0.0,
            0.0,
            0.0,
            1.0
          ]
        ]
      },
      "bone_length_armature_space": 0.03044499611272605,
      "parent": "thumb_02_l",
      "has_children": false,
      "is_end_bone": true
    },
    "metacarpal_index_l": {
      "name": "metacarpal_index_l",
      "local": {
        "location": {
          "x": 0.0,
          "y": 0.0,
          "z": 0.0
        },
        "rotation_quaternion": {
          "w": 0.9996859431266785,
          "x": -0.02405712567269802,
          "y": 0.0016473375726491213,
          "z": -0.006816885434091091
        },
        "scale": {
          "x": 1.0,
          "y": 1.0,
          "z": 1.0
        },
        "matrix_basis": [
          [
            0.9999016523361206,
            0.01355022843927145,
            0.003621629672124982,
            0.0
          ],
          [
            -0.013708749786019325,
            0.9987495541572571,
            0.04807668179273605,
            0.0
          ],
          [
            -0.002965650986880064,
            -0.04812160134315491,
            0.9988370537757874,
            0.0
          ],
          [
            0.0,
            0.0,
            0.0,
            1.0
          ]
        ],
        "rotation_mode": "QUATERNION"
      },
      "armature_space": {
        "head": {
          "x": 0.5182445049285889,
          "y": -0.4750854969024658,
          "z": 0.27480822801589966
        },
        "tail": {
          "x": 0.5314732789993286,
          "y": -0.5780777931213379,
          "z": 0.22052334249019623
        }
      },
      "world_space": {
        "head": {
          "x": 0.5182445049285889,
          "y": -0.4118415117263794,
          "z": 1.2246623039245605
        },
        "tail": {
          "x": 0.5314732789993286,
          "y": -0.5148338079452515,
          "z": 1.1703773736953735
        },
        "rotation_quaternion": {
          "w": 0.1872037947177887,
          "x": -0.8655568957328796,
          "y": -0.15956786274909973,
          "z": 0.43623849749565125
        },
        "matrix": [
          [
            0.5684682726860046,
            0.11290070414543152,
            -0.8149215579032898,
            0.5182445049285889
          ],
          [
            0.43956124782562256,
            -0.8789859414100647,
            0.1848500818014145,
            -0.4118415117263794
          ],
          [
            -0.6954394578933716,
            -0.4632933735847473,
            -0.5493060946464539,
            1.2246623039245605
          ],
          [
            0.0,
            0.0,
            0.0,
            1.0
          ]
        ]
      },
      "bone_length_armature_space": 0.11717193445502593,
      "parent": "lowerarm_l",
      "has_children": true,
      "is_end_bone": false
    },
    "index_01_l": {
      "name": "index_01_l",
      "local": {
        "location": {
          "x": 0.0,
          "y": 0.0,
          "z": 0.0
        },
        "rotation_quaternion": {
          "w": 0.9752724170684814,
          "x": 0.220383420586586,
          "y": 0.007513200864195824,
          "z": 0.014781862497329712
        },
        "scale": {
          "x": 1.0,
          "y": 1.0,
          "z": 1.0
        },
        "matrix_basis": [
          [
            0.9994500875473022,
            -0.025521116331219673,
            0.02117018960416317,
            0.0
          ],
          [
            0.03214425593614578,
            0.9024252891540527,
            -0.4296456277370453,
            0.0
          ],
          [
            -0.008139479905366898,
            0.4300898611545563,
            0.9027494192123413,
            0.0
          ],
          [
            0.0,
            0.0,
            0.0,
            1.0
          ]
        ],
        "rotation_mode": "QUATERNION"
      },
      "armature_space": {
        "head": {
          "x": 0.5314732789993286,
          "y": -0.5780777931213379,
          "z": 0.22052334249019623
        },
        "tail": {
          "x": 0.5322872996330261,
          "y": -0.5951201319694519,
          "z": 0.19767659902572632
        }
      },
      "world_space": {
        "head": {
          "x": 0.5314732789993286,
          "y": -0.5148338079452515,
          "z": 1.1703773736953735
        },
        "tail": {
          "x": 0.5322872996330261,
          "y": -0.5318761467933655,
          "z": 1.1475305557250977
        },
        "rotation_quaternion": {
          "w": 0.3847837746143341,
          "x": -0.782646894454956,
          "y": -0.23044376075267792,
          "z": 0.43162599205970764
        },
        "matrix": [
          [
            0.5211900472640991,
            0.02854853868484497,
            -0.8529629707336426,
            0.5314732789993286
          ],
          [
            0.6928774118423462,
            -0.5976749062538147,
            0.40336787700653076,
            -0.5148338079452515
          ],
          [
            -0.49828198552131653,
            -0.8012361526489258,
            -0.3312847912311554,
            1.1703773736953735
          ],
          [
            0.0,
            0.0,
            0.0,
            1.0
          ]
        ]
      },
      "bone_length_armature_space": 0.02851451670934307,
      "parent": "metacarpal_index_l",
      "has_children": true,
      "is_end_bone": false
    },
    "index_02_l": {
      "name": "index_02_l",
      "local": {
        "location": {
          "x": 0.0,
          "y": 0.0,
          "z": 0.0
        },
        "rotation_quaternion": {
          "w": 0.9039725065231323,
          "x": 0.4274595379829407,
          "y": 0.009620186872780323,
          "z": 0.004424475133419037
        },
        "scale": {
          "x": 1.0,
          "y": 1.0,
          "z": 1.0
        },
        "matrix_basis": [
          [
            0.999775767326355,
            0.0002252735139336437,
            0.021175337955355644,
            0.0
          ],
          [
            0.016223689541220665,
            0.6345175504684448,
            -0.7727382183074951,
            0.0
          ],
          [
            -0.013610200956463814,
            0.7729084491729736,
            0.6343715786933899,
            0.0
          ],
          [
            0.0,
            0.0,
            0.0,
            1.0
          ]
        ],
        "rotation_mode": "QUATERNION"
      },
      "armature_space": {
        "head": {
          "x": 0.5322868824005127,
          "y": -0.595120370388031,
          "z": 0.19767630100250244
        },
        "tail": {
          "x": 0.515982449054718,
          "y": -0.5980587005615234,
          "z": 0.17808987200260162
        }
      },
      "world_space": {
        "head": {
          "x": 0.5322868824005127,
          "y": -0.5318763852119446,
          "z": 1.1475303173065186
        },
        "tail": {
          "x": 0.515982449054718,
          "y": -0.534814715385437,
          "z": 1.1279438734054565
        },
        "rotation_quaternion": {
          "w": 0.6642356514930725,
          "x": -0.5447431206703186,
          "y": -0.03901268169283867,
          "z": 0.5104155540466309
        },
        "matrix": [
          [
            0.4759048819541931,
            -0.6355684399604797,
            -0.6079204082489014,
            0.5322868824005127
          ],
          [
            0.7205784320831299,
            -0.11454015970230103,
            0.6838473081588745,
            -0.5318763852119446
          ],
          [
            -0.5042661428451538,
            -0.7635060548782349,
            0.4034700393676758,
            1.1475303173065186
          ],
          [
            0.0,
            0.0,
            0.0,
            1.0
          ]
        ]
      },
      "bone_length_armature_space": 0.025653392156798644,
      "parent": "index_01_l",
      "has_children": true,
      "is_end_bone": false
    },
    "index_03_l": {
      "name": "index_03_l",
      "local": {
        "location": {
          "x": 0.0,
          "y": 0.0,
          "z": 0.0
        },
        "rotation_quaternion": {
          "w": 0.9661790728569031,
          "x": 0.25775980949401855,
          "y": -0.007589961402118206,
          "z": 0.0006250463775359094
        },
        "scale": {
          "x": 1.0,
          "y": 1.0,
          "z": 1.0
        },
        "matrix_basis": [
          [
            0.9998840093612671,
            -0.005120587535202503,
            -0.014344300143420696,
            0.0
          ],
          [
            -0.0027049605268985033,
            0.8671189546585083,
            -0.49809375405311584,
            0.0
          ],
          [
            0.014988747425377369,
            0.4980747699737549,
            0.8670045733451843,
            0.0
          ],
          [
            0.0,
            0.0,
            0.0,
            1.0
          ]
        ],
        "rotation_mode": "QUATERNION"
      },
      "armature_space": {
        "head": {
          "x": 0.5159825086593628,
          "y": -0.598058819770813,
          "z": 0.17808984220027924
        },
        "tail": {
          "x": 0.49221038818359375,
          "y": -0.5871103405952454,
          "z": 0.16509945690631866
        }
      },
      "world_space": {
        "head": {
          "x": 0.5159825086593628,
          "y": -0.5348148345947266,
          "z": 1.1279438734054565
        },
        "tail": {
          "x": 0.49221038818359375,
          "y": -0.5238663554191589,
          "z": 1.1149535179138184
        },
        "rotation_quaternion": {
          "w": 0.8231561779975891,
          "x": -0.32470810413360596,
          "y": 0.09883792698383331,
          "z": 0.45520302653312683
        },
        "matrix": [
          [
            0.5660419464111328,
            -0.8135932683944702,
            -0.13289999961853027,
            0.5159825086593628
          ],
          [
            0.6852204203605652,
            0.37470847368240356,
            0.624552845954895,
            -0.5348148345947266
          ],
          [
            -0.4583360254764557,
            -0.4445917308330536,
            0.7695974111557007,
            1.1279438734054565
          ],
          [
            0.0,
            0.0,
            0.0,
            1.0
          ]
        ]
      },
      "bone_length_armature_space": 0.029218710373841092,
      "parent": "index_02_l",
      "has_children": false,
      "is_end_bone": true
    },
    "metacarpal_pinky_l": {
      "name": "metacarpal_pinky_l",
      "local": {
        "location": {
          "x": 0.0,
          "y": 0.0,
          "z": 0.0
        },
        "rotation_quaternion": {
          "w": 0.9987379312515259,
          "x": -0.05020972713828087,
          "y": 0.0004289986682124436,
          "z": 0.0012104337802156806
        },
        "scale": {
          "x": 1.0,
          "y": 1.0,
          "z": 1.0
        },
        "matrix_basis": [
          [
            0.9999967217445374,
            -0.002460892079398036,
            0.0007353633991442621,
            0.0
          ],
          [
            0.0023747324012219906,
            0.9949550628662109,
            0.10029375553131104,
            0.0
          ],
          [
            -0.000978465541265905,
            -0.1002916768193245,
            0.9949576258659363,
            0.0
          ],
          [
            0.0,
            0.0,
            0.0,
            1.0
          ]
        ],
        "rotation_mode": "QUATERNION"
      },
      "armature_space": {
        "head": {
          "x": 0.5182445049285889,
          "y": -0.4750854969024658,
          "z": 0.27480822801589966
        },
        "tail": {
          "x": 0.5803971886634827,
          "y": -0.5314627289772034,
          "z": 0.21314848959445953
        }
      },
      "world_space": {
        "head": {
          "x": 0.5182445049285889,
          "y": -0.4118415117263794,
          "z": 1.2246623039245605
        },
        "tail": {
          "x": 0.5803971886634827,
          "y": -0.46821874380111694,
          "z": 1.1630024909973145
        },
        "rotation_quaternion": {
          "w": 0.331117182970047,
          "x": 0.02268107235431671,
          "y": 0.34591493010520935,
          "z": -0.8776046633720398
        },
        "matrix": [
          [
            -0.7796933650970459,
            0.5968716144561768,
            0.1892683207988739,
            0.5182445049285889
          ],
          [
            -0.5654900074005127,
            -0.541408121585846,
            -0.6221721768379211,
            -0.4118415117263794
          ],
          [
            -0.26888784766197205,
            -0.5921375751495361,
            0.7596621513366699,
            1.2246623039245605
          ],
          [
            0.0,
            0.0,
            0.0,
            1.0
          ]
        ]
      },
      "bone_length_armature_space": 0.10413103102550295,
      "parent": "lowerarm_l",
      "has_children": true,
      "is_end_bone": false
    },
    "pinky_01_l": {
      "name": "pinky_01_l",
      "local": {
        "location": {
          "x": 0.0,
          "y": 0.0,
          "z": 0.0
        },
        "rotation_quaternion": {
          "w": 0.9445247054100037,
          "x": 0.3279249966144562,
          "y": -0.008772848173975945,
          "z": -0.016168635338544846
        },
        "scale": {
          "x": 1.0,
          "y": 1.0,
          "z": 1.0
        },
        "matrix_basis": [
          [
            0.9993232488632202,
            0.024789677932858467,
            -0.027176542207598686,
            0.0
          ],
          [
            -0.0362970232963562,
            0.7844075560569763,
            -0.619182825088501,
            0.0
          ],
          [
            0.005968144163489342,
            0.6197502017021179,
            0.7847764492034912,
            0.0
          ],
          [
            0.0,
            0.0,
            0.0,
            1.0
          ]
        ],
        "rotation_mode": "QUATERNION"
      },
      "armature_space": {
        "head": {
          "x": 0.5803971886634827,
          "y": -0.5314627289772034,
          "z": 0.21314848959445953
        },
        "tail": {
