{
  "metadata": {
    "armature_name": "KIM_caucasian_male",
    "export_time": "2026-01-13T21:16:34.181313",
    "blender_version": "4.4.1",
    "bone_count": 56,
    "end_bone_count": 13,
    "spaces_included": [
      "LOCAL_CHANNELS",
      "ARMATURE_SPACE",
      "WORLD_SPACE"
    ],
    "note": "LOCAL matches Transform panel; replay pose via local.matrix_basis for best fidelity."
  },
  "bones": {
    "Root": {
      "name": "Root",
      "local": {
        "location": {
          "x": 0.0,
          "y": 0.0,
          "z": 0.0
        },
        "rotation_quaternion": {
          "w": 0.9997033476829529,
          "x": -0.010180103592574596,
          "y": 0.018040688708424568,
          "z": 0.012820125557482243
        },
        "scale": {
          "x": 1.0,
          "y": 1.0,
          "z": 1.0
        },
        "matrix_basis": [
          [
            0.9990203380584717,
            -0.02599995769560337,
            0.035809654742479324,
            0.0
          ],
          [
            0.02526533231139183,
            0.9994640350341797,
            0.020816735923290253,
            0.0
          ],
          [
            -0.036331694573163986,
            -0.01989159919321537,
            0.9991418123245239,
            0.0
          ],
          [
            0.0,
            0.0,
            0.0,
            1.0
          ]
        ],
        "rotation_mode": "QUATERNION"
      },
      "armature_space": {
        "head": {
          "x": 0.0,
          "y": 0.07072800397872925,
          "z": -0.009595036506652832
        },
        "tail": {
          "x": -0.0018557695439085364,
          "y": 0.00022877007722854614,
          "z": 0.001401759684085846
        }
      },
      "world_space": {
        "head": {
          "x": 0.0,
          "y": 0.13397200405597687,
          "z": 0.9402589797973633
        },
        "tail": {
          "x": -0.0018557695439085364,
          "y": 0.06347277015447617,
          "z": 0.9512557983398438
        },
        "rotation_quaternion": {
          "w": 0.07750463485717773,
          "x": 0.996746301651001,
          "y": -0.011575640179216862,
          "z": 0.0188633743673563
        },
        "matrix": [
          [
            0.9990203380584717,
            -0.02599995769560337,
            0.035809654742479324,
            0.0
          ],
          [
            -0.02015194483101368,
            -0.9877180457115173,
            -0.1549421101808548,
            0.13397200405597687
          ],
          [
            0.03939858451485634,
            0.15406882762908936,
            -0.9872814416885376,
            0.9402589797973633
          ],
          [
            0.0,
            0.0,
            0.0,
            1.0
          ]
        ]
      },
      "bone_length_armature_space": 0.07137587521288213,
      "parent": null,
      "has_children": true,
      "is_end_bone": false
    },
    "spine_01": {
      "name": "spine_01",
      "local": {
        "location": {
          "x": 0.0,
          "y": 0.0,
          "z": 0.0
        },
        "rotation_quaternion": {
          "w": 0.9967713356018066,
          "x": 0.07056409120559692,
          "y": -0.03347548842430115,
          "z": -0.018631568178534508
        },
        "scale": {
          "x": 1.0,
          "y": 1.0,
          "z": 1.0
        },
        "matrix_basis": [
          [
            0.9970645308494568,
            0.032418493181467056,
            -0.06936425715684891,
            0.0
          ],
          [
            -0.04186715930700302,
            0.9893471598625183,
            -0.139425128698349,
            0.0
          ],
          [
            0.06410537660121918,
            0.14191992580890656,
            0.9878001809120178,
            0.0
          ],
          [
            0.0,
            0.0,
            0.0,
            1.0
          ]
        ],
        "rotation_mode": "QUATERNION"
      },
      "armature_space": {
        "head": {
          "x": -0.0018557695439085364,
          "y": 0.00022877007722854614,
          "z": 0.001401759684085846
        },
        "tail": {
          "x": -0.005952763836830854,
          "y": -0.03660884499549866,
          "z": 0.48799678683280945
        }
      },
      "world_space": {
        "head": {
          "x": -0.0018557695439085364,
          "y": 0.06347277015447617,
          "z": 0.9512557983398438
        },
        "tail": {
          "x": -0.005952763836830854,
          "y": 0.026635155081748962,
          "z": 1.437850832939148
        },
        "rotation_quaternion": {
          "w": 0.6791172027587891,
          "x": 0.7327408790588379,
          "y": -0.03250077739357948,
          "z": -0.02888593263924122
        },
        "matrix": [
          [
            0.9962185621261597,
            -0.008395458571612835,
            -0.08647549152374268,
            -0.0018557695439085364
          ],
          [
            -0.08686318248510361,
            -0.07548672705888748,
            -0.9933562874794006,
            0.06347277015447617
          ],
          [
            0.00181186618283391,
            0.9971184730529785,
            -0.07593199610710144,
            0.9512557983398438
          ],
          [
            0.0,
            0.0,
            0.0,
            1.0
          ]
        ]
      },
      "bone_length_armature_space": 0.48800463412831907,
      "parent": "Root",
      "has_children": true,
      "is_end_bone": false
    },
    "neck_01": {
      "name": "neck_01",
      "local": {
        "location": {
          "x": 0.0,
          "y": 0.0,
          "z": 0.0
        },
        "rotation_quaternion": {
          "w": 0.9953737258911133,
          "x": 0.020129026845097542,
          "y": -0.08066459000110626,
          "z": -0.048158109188079834
        },
        "scale": {
          "x": 1.0,
          "y": 1.0,
          "z": 1.0
        },
        "matrix_basis": [
          [
            0.9823480248451233,
            0.09262323379516602,
            -0.1625215858221054,
            0.0
          ],
          [
            -0.09911803156137466,
            0.9945512413978577,
            -0.03230249881744385,
            0.0
          ],
          [
            0.15864408016204834,
            0.04784111678600311,
            0.986176073551178,
            0.0
          ],
          [
            0.0,
            0.0,
            0.0,
            1.0
          ]
        ],
        "rotation_mode": "QUATERNION"
      },
      "armature_space": {
        "head": {
          "x": -0.009566474705934525,
          "y": -0.07658590376377106,
          "z": 0.5583708882331848
        },
        "tail": {
          "x": -0.004634562414139509,
          "y": -0.1273891180753708,
          "z": 0.6472834348678589
        }
      },
      "world_space": {
        "head": {
          "x": -0.009566474705934525,
          "y": -0.013341903686523438,
          "z": 1.5082249641418457
        },
        "tail": {
          "x": -0.004634562414139509,
          "y": -0.06414511799812317,
          "z": 1.597137451171875
        },
        "rotation_quaternion": {
          "w": 0.5006650686264038,
          "x": 0.8569526076316833,
          "y": -0.03956570103764534,
          "z": -0.11576413363218307
        },
        "matrix": [
          [
            0.970066487789154,
            0.048106200993061066,
            -0.23802664875984192,
            -0.009566474705934525
          ],
          [
            -0.18372970819473267,
            -0.4955379366874695,
            -0.8489322662353516,
            -0.013341903686523438
          ],
          [
            -0.15879139304161072,
            0.8672587871551514,
            -0.4718703031539917,
            1.5082249641418457
          ],
          [
            0.0,
            0.0,
            0.0,
            1.0
          ]
        ]
      },
      "bone_length_armature_space": 0.10252185944026398,
      "parent": "spine_01",
      "has_children": true,
      "is_end_bone": false
    },
    "head": {
      "name": "head",
      "local": {
        "location": {
          "x": 0.0,
          "y": 0.0,
          "z": 0.0
        },
        "rotation_quaternion": {
          "w": 0.9982808828353882,
          "x": -0.04804326221346855,
          "y": 0.03269927203655243,
          "z": 0.00760876527056098
        },
        "scale": {
          "x": 1.0,
          "y": 1.0,
          "z": 1.0
        },
        "matrix_basis": [
          [
            0.9977457523345947,
            -0.018333328887820244,
            0.06455501914024353,
            0.0
          ],
          [
            0.012049410492181778,
            0.995267927646637,
            0.09641893953084946,
            0.0
          ],
          [
            -0.06601721793413162,
            -0.09542373567819595,
            0.9932451844215393,
            0.0
          ],
          [
            0.0,
            0.0,
            0.0,
            1.0
          ]
        ],
        "rotation_mode": "QUATERNION"
      },
      "armature_space": {
        "head": {
          "x": -0.004634602926671505,
          "y": -0.12738920748233795,
          "z": 0.6472833156585693
        },
        "tail": {
          "x": 0.01578982174396515,
          "y": -0.1364297717809677,
          "z": 0.8007578253746033
        }
      },
      "world_space": {
        "head": {
          "x": -0.004634602926671505,
          "y": -0.06414520740509033,
          "z": 1.5971373319625854
        },
        "tail": {
          "x": 0.01578982174396515,
          "y": -0.07318577170372009,
          "z": 1.7506117820739746
        },
        "rotation_quaternion": {
          "w": 0.6861828565597534,
          "x": 0.721427321434021,
          "y": 0.0026120557449758053,
          "z": -0.09321495145559311
        },
        "matrix": [
          [
            0.9826083779335022,
            0.13169382512569427,
            -0.13090994954109192,
            -0.004634602926671505
          ],
          [
            -0.12415529787540436,
            -0.058292314410209656,
            -0.9905492663383484,
            -0.06414520740509033
          ],
          [
            -0.13808132708072662,
            0.9895820617675781,
            -0.04092923551797867,
            1.5971373319625854
          ],
          [
            0.0,
            0.0,
            0.0,
            1.0
          ]
        ]
      },
      "bone_length_armature_space": 0.15509131068435456,
      "parent": "neck_01",
      "has_children": false,
      "is_end_bone": true
    },
    "upperarm_l": {
      "name": "upperarm_l",
      "local": {
        "location": {
          "x": 0.0,
          "y": 0.0,
          "z": 0.0
        },
        "rotation_quaternion": {
          "w": 0.9358351230621338,
          "x": 0.17853285372257233,
          "y": 0.16505147516727448,
          "z": 0.25514039397239685
        },
        "scale": {
          "x": 1.0,
          "y": 1.0,
          "z": 1.0
        },
        "matrix_basis": [
          [
            0.815322756767273,
            -0.41860446333885193,
            0.40002381801605225,
            0.0
          ],
          [
            0.5364729166030884,
            0.8060588240623474,
            -0.24993203580379486,
            0.0
          ],
          [
            -0.21782004833221436,
            0.41837722063064575,
            0.8817680478096008,
            0.0
          ],
          [
            0.0,
            0.0,
            0.0,
            1.0
          ]
        ],
        "rotation_mode": "QUATERNION"
      },
      "armature_space": {
        "head": {
          "x": 0.14015477895736694,
          "y": -0.08771002292633057,
          "z": 0.49138644337654114
        },
        "tail": {
          "x": 0.3519243597984314,
          "y": -0.22046397626399994,
          "z": 0.588018536567688
        }
      },
      "world_space": {
        "head": {
          "x": 0.14015477895736694,
          "y": -0.024466022849082947,
          "z": 1.4412404298782349
        },
        "tail": {
          "x": 0.3519243597984314,
          "y": -0.15721997618675232,
          "z": 1.537872552871704
        },
        "rotation_quaternion": {
          "w": 0.3736524283885956,
          "x": 0.7927583456039429,
          "y": 0.3356783986091614,
          "z": -0.34530872106552124
        },
        "matrix": [
          [
            0.5361635684967041,
            0.7902750968933105,
            -0.2966375946998596,
            0.14015477895736694
          ],
          [
            0.2741740047931671,
            -0.4954071044921875,
            -0.8242576122283936,
            -0.024466022849082947
          ],
          [
            -0.7983519434928894,
            0.36060863733291626,
            -0.48229628801345825,
            1.4412404298782349
          ],
          [
            0.0,
            0.0,
            0.0,
            1.0
          ]
        ]
      },
      "bone_length_armature_space": 0.2679696438248967,
      "parent": "spine_01",
      "has_children": true,
      "is_end_bone": false
    },
    "lowerarm_l": {
      "name": "lowerarm_l",
      "local": {
        "location": {
          "x": 0.0,
          "y": 0.0,
          "z": 0.0
        },
        "rotation_quaternion": {
          "w": 0.9243408441543579,
          "x": 0.16946639120578766,
          "y": 0.1765502393245697,
          "z": -0.292754590511322
        },
        "scale": {
          "x": 1.0,
          "y": 1.0,
          "z": 1.0
        },
        "matrix_basis": [
          [
            0.7662495374679565,
            0.6010487079620361,
            0.22716106474399567,
            0.0
          ],
          [
            -0.48137137293815613,
            0.7711517810821533,
            -0.41666120290756226,
            0.0
          ],
          [
            -0.4256093204021454,
            0.20991763472557068,
            0.8802223205566406,
            0.0
          ],
          [
            0.0,
            0.0,
            0.0,
            1.0
          ]
        ],
        "rotation_mode": "QUATERNION"
      },
      "armature_space": {
        "head": {
          "x": 0.3519243597984314,
          "y": -0.2204640954732895,
          "z": 0.5880186557769775
        },
        "tail": {
          "x": 0.5577224493026733,
          "y": -0.3693372905254364,
          "z": 0.5040343403816223
        }
      },
      "world_space": {
        "head": {
          "x": 0.3519243597984314,
          "y": -0.15722009539604187,
          "z": 1.5378726720809937
        },
        "tail": {
          "x": 0.5577224493026733,
          "y": -0.3060932755470276,
          "z": 1.4538884162902832
        },
        "rotation_quaternion": {
          "w": 0.030564624816179276,
          "x": 0.7934294939041138,
          "y": 0.4699178636074066,
          "z": -0.3856329619884491
        },
        "matrix": [
          [
            0.2609274983406067,
            0.7692683339118958,
            -0.5832176804542542,
            0.3519243597984314
          ],
          [
            0.7221196889877319,
            -0.5564844012260437,
            -0.41093599796295166,
            -0.15722009539604187
          ],
          [
            -0.6406753063201904,
            -0.31393128633499146,
            -0.7007112503051758,
            1.5378726720809937
          ],
          [
            0.0,
            0.0,
            0.0,
            1.0
          ]
        ]
      },
      "bone_length_armature_space": 0.2675246712621899,
      "parent": "upperarm_l",
      "has_children": true,
      "is_end_bone": false
    },
    "metacarpal_thumb_l": {
      "name": "metacarpal_thumb_l",
      "local": {
        "location": {
          "x": 0.0,
          "y": 0.0,
          "z": 0.0
        },
        "rotation_quaternion": {
          "w": 0.9987683892250061,
          "x": -0.04677535593509674,
          "y": -0.0017467881552875042,
          "z": -0.01646178774535656
        },
        "scale": {
          "x": 1.0,
          "y": 1.0,
          "z": 1.0
        },
        "matrix_basis": [
          [
            0.9994519352912903,
            0.03304643929004669,
            -0.0019492616411298513,
            0.0
          ],
          [
            -0.03271961212158203,
            0.9950821399688721,
            0.0934930071234703,
            0.0
          ],
          [
            0.005029285326600075,
            -0.093377985060215,
            0.9956180453300476,
            0.0
          ],
          [
            0.0,
            0.0,
            0.0,
            1.0
          ]
        ],
        "rotation_mode": "QUATERNION"
      },
      "armature_space": {
        "head": {
          "x": 0.5577224493026733,
          "y": -0.3693372905254364,
          "z": 0.5040343403816223
        },
        "tail": {
          "x": 0.5739295482635498,
          "y": -0.40013620257377625,
          "z": 0.46878722310066223
        }
      },
      "world_space": {
        "head": {
          "x": 0.5577224493026733,
          "y": -0.3060932755470276,
          "z": 1.4538884162902832
        },
        "tail": {
          "x": 0.5739295482635498,
          "y": -0.33689218759536743,
          "z": 1.418641209602356
        },
        "rotation_quaternion": {
          "w": 0.4196654260158539,
          "x": -0.8881480693817139,
          "y": -0.11398451775312424,
          "z": -0.14859886467456818
        },
        "matrix": [
          [
            0.9298519492149353,
            0.3271937966346741,
            0.16828367114067078,
            0.5577224493026733
          ],
          [
            0.07774803787469864,
            -0.621777355670929,
            0.7793253660202026,
            -0.3060932755470276
          ],
          [
            0.35962817072868347,
            -0.7115790843963623,
            -0.6036031246185303,
            1.4538884162902832
          ],
          [
            0.0,
            0.0,
            0.0,
            1.0
          ]
        ]
      },
      "bone_length_armature_space": 0.049533850310350555,
      "parent": "lowerarm_l",
      "has_children": true,
      "is_end_bone": false
    },
    "thumb_01_l": {
      "name": "thumb_01_l",
      "local": {
        "location": {
          "x": 0.0,
          "y": 0.0,
          "z": 0.0
        },
        "rotation_quaternion": {
          "w": 0.9574577212333679,
          "x": 0.2883942127227783,
          "y": 0.007244527339935303,
          "z": -0.00714397057890892
        },
        "scale": {
          "x": 1.0,
          "y": 1.0,
          "z": 1.0
        },
        "matrix_basis": [
          [
            0.9997929334640503,
            0.017858659848570824,
            0.00975209753960371,
            0.0
          ],
          [
            -0.00950154010206461,
            0.8335554599761963,
            -0.5523540377616882,
            0.0
          ],
          [
            -0.017993217334151268,
            0.5521470308303833,
            0.8335525989532471,
            0.0
          ],
          [
            0.0,
            0.0,
            0.0,
            1.0
          ]
        ],
        "rotation_mode": "QUATERNION"
      },
      "armature_space": {
        "head": {
          "x": 0.5739295482635498,
          "y": -0.40013620257377625,
          "z": 0.46878722310066223
        },
        "tail": {
          "x": 0.5986203551292419,
          "y": -0.39449694752693176,
          "z": 0.44604527950286865
        }
      },
      "world_space": {
        "head": {
          "x": 0.5739295482635498,
          "y": -0.33689218759536743,
          "z": 1.418641209602356
        },
        "tail": {
          "x": 0.5986203551292419,
          "y": -0.33125293254852295,
          "z": 1.3958992958068848
        },
        "rotation_quaternion": {
          "w": 0.7084907293319702,
          "x": -0.22910906374454498,
          "y": 0.28439003229141235,
          "z": -0.6038810014724731
        },
        "matrix": [
          [
            0.1088976040482521,
            0.7253764271736145,
            0.679684042930603,
            0.5739295482635498
          ],
          [
            -0.9860008358955383,
            0.16567248106002808,
            -0.018834561109542847,
            -0.33689218759536743
          ],
          [
            -0.12626881897449493,
            -0.6681225895881653,
            0.7332683801651001,
            1.418641209602356
          ],
          [
            0.0,
            0.0,
            0.0,
            1.0
          ]
        ]
      },
      "bone_length_armature_space": 0.03403870118585802,
      "parent": "metacarpal_thumb_l",
      "has_children": true,
      "is_end_bone": false
    },
    "thumb_02_l": {
      "name": "thumb_02_l",
      "local": {
        "location": {
          "x": 0.0,
          "y": 0.0,
          "z": 0.0
        },
        "rotation_quaternion": {
          "w": 0.8860728740692139,
          "x": 0.46345964074134827,
          "y": -0.0062922146171331406,
          "z": 0.006357843987643719
        },
        "scale": {
          "x": 1.0,
          "y": 1.0,
          "z": 1.0
        },
        "matrix_basis": [
          [
            0.9998399615287781,
            -0.017099400982260704,
            -0.005257513374090195,
            0.0
          ],
          [
            0.005434650927782059,
            0.570329487323761,
            -0.8213980197906494,
            0.0
          ],
          [
            0.017043929547071457,
            0.8212380409240723,
            0.5703311562538147,
            0.0
          ],
          [
            0.0,
            0.0,
            0.0,
            1.0
          ]
        ],
        "rotation_mode": "QUATERNION"
      },
      "armature_space": {
        "head": {
          "x": 0.5986202359199524,
          "y": -0.3944969177246094,
          "z": 0.44604527950286865
        },
        "tail": {
          "x": 0.6076570749282837,
          "y": -0.4204981327056885,
          "z": 0.4752935767173767
        }
      },
      "world_space": {
        "head": {
          "x": 0.5986202359199524,
          "y": -0.33125293254852295,
          "z": 1.3958992958068848
        },
        "tail": {
          "x": 0.6076570749282837,
          "y": -0.35725414752960205,
          "z": 1.425147533416748
        },
        "rotation_quaternion": {
          "w": 0.29835325479507446,
          "x": 0.4276031255722046,
          "y": -0.29546642303466797,
          "z": -0.8005251884460449
        },
        "matrix": [
          [
            -0.4562818706035614,
            0.2249959409236908,
            -0.8609201908111572,
            0.5986202359199524
          ],
          [
            -0.7303637862205505,
            -0.6473695039749146,
            0.21790175139904022,
            -0.33125293254852295
          ],
          [
            -0.508310854434967,
            0.7282143235206604,
            0.45971521735191345,
            1.3958992958068848
          ],
          [
            0.0,
            0.0,
            0.0,
            1.0
          ]
        ]
      },
      "bone_length_armature_space": 0.04016454353893828,
      "parent": "thumb_01_l",
      "has_children": true,
      "is_end_bone": false
    },
    "thumb_03_l": {
      "name": "thumb_03_l",
      "local": {
        "location": {
          "x": 0.0,
          "y": 0.0,
          "z": 0.0
        },
        "rotation_quaternion": {
          "w": 0.9914405345916748,
          "x": 0.13044819235801697,
          "y": 0.0029912712052464485,
          "z": -0.004476183094084263
        },
        "scale": {
          "x": 1.0,
          "y": 1.0,
          "z": 1.0
        },
        "matrix_basis": [
          [
            0.9999420046806335,
            0.009656150825321674,
            0.004763515200465918,
            0.0
          ],
          [
            -0.008095326833426952,
            0.965926468372345,
            -0.2586900293827057,
            0.0
          ],
          [
            -0.007099154870957136,
            0.258636474609375,
            0.9659486413002014,
            0.0
          ],
          [
            0.0,
            0.0,
            0.0,
            1.0
          ]
        ],
        "rotation_mode": "QUATERNION"
      },
      "armature_space": {
        "head": {
          "x": 0.6076570749282837,
          "y": -0.4204981327056885,
          "z": 0.47529348731040955
        },
        "tail": {
          "x": 0.6013817191123962,
          "y": -0.4333294630050659,
          "z": 0.5021798610687256
        }
      },
      "world_space": {
        "head": {
          "x": 0.6076570749282837,
          "y": -0.35725414752960205,
          "z": 1.425147533416748
        },
        "tail": {
          "x": 0.6013817191123962,
          "y": -0.3700854778289795,
          "z": 1.4520338773727417
        },
        "rotation_quaternion": {
          "w": 0.29900261759757996,
          "x": 0.6156919598579407,
          "y": -0.4470638632774353,
          "z": -0.5758947134017944
        },
        "matrix": [
          [
            -0.06304126232862473,
            -0.2061222493648529,
            -0.9764934182167053,
            0.6076570749282837
          ],
          [
            -0.8948957920074463,
            -0.42146122455596924,
            0.1467369794845581,
            -0.35725414752960205
          ],
          [
            -0.4418037235736847,
            0.8831162452697754,
            -0.1578896939754486,
            1.425147533416748
          ],
          [
            0.0,
            0.0,
            0.0,
            1.0
          ]
        ]
      },
      "bone_length_armature_space": 0.03044503608327187,
      "parent": "thumb_02_l",
      "has_children": false,
      "is_end_bone": true
    },
    "metacarpal_index_l": {
      "name": "metacarpal_index_l",
      "local": {
        "location": {
          "x": 0.0,
          "y": 0.0,
          "z": 0.0
        },
        "rotation_quaternion": {
          "w": 0.9997314214706421,
          "x": 0.01891462132334709,
          "y": 0.013286920264363289,
          "z": -0.0016720093553885818
        },
        "scale": {
          "x": 1.0,
          "y": 1.0,
          "z": 1.0
        },
        "matrix_basis": [
          [
            0.9996412992477417,
            0.0038457547780126333,
            0.02650345303118229,
            0.0
          ],
          [
            -0.002840486355125904,
            0.9992789030075073,
            -0.03786351531744003,
            0.0
          ],
          [
            -0.02662995457649231,
            0.03777465224266052,
            0.9989314079284668,
            0.0
          ],
          [
            0.0,
            0.0,
            0.0,
            1.0
          ]
        ],
        "rotation_mode": "QUATERNION"
      },
      "armature_space": {
        "head": {
          "x": 0.5577224493026733,
          "y": -0.3693372905254364,
          "z": 0.5040343403816223
        },
        "tail": {
          "x": 0.6232227683067322,
          "y": -0.43929654359817505,
          "z": 0.43661993741989136
        }
      },
      "world_space": {
        "head": {
          "x": 0.5577224493026733,
          "y": -0.3060932755470276,
          "z": 1.4538884162902832
        },
        "tail": {
          "x": 0.6232227683067322,
          "y": -0.3760525584220886,
          "z": 1.3864738941192627
        },
        "rotation_quaternion": {
          "w": 0.3072887659072876,
          "x": -0.8926728367805481,
          "y": -0.3271707594394684,
          "z": 0.04084362834692001
        },
        "matrix": [
          [
            0.7825815081596375,
            0.5590113997459412,
            -0.27399304509162903,
            0.5577224493026733
          ],
          [
            0.6092156767845154,
            -0.597065806388855,
            0.5218898057937622,
            -0.3060932755470276
          ],
          [
            0.12815198302268982,
            -0.5753468871116638,
            -0.8078162670135498,
            1.4538884162902832
          ],
          [
            0.0,
            0.0,
            0.0,
            1.0
          ]
        ]
      },
      "bone_length_armature_space": 0.11717205541878899,
      "parent": "lowerarm_l",
      "has_children": true,
      "is_end_bone": false
    },
    "index_01_l": {
      "name": "index_01_l",
      "local": {
        "location": {
          "x": 0.0,
          "y": 0.0,
          "z": 0.0
        },
        "rotation_quaternion": {
          "w": 0.9367332458496094,
          "x": 0.3493919372558594,
          "y": 0.021107345819473267,
          "z": -0.0032680563163012266
        },
        "scale": {
          "x": 1.0,
          "y": 1.0,
          "z": 1.0
        },
        "matrix_basis": [
          [
            0.9990875720977783,
            0.020872067660093307,
            0.03726024180650711,
            0.0
          ],
          [
            0.008626879192888737,
            0.7558292150497437,
            -0.6547120213508606,
            0.0
          ],
          [
            -0.041827570647001266,
            0.6544361114501953,
            0.7549595236778259,
            0.0
          ],
          [
            0.0,
            0.0,
            0.0,
            1.0
          ]
        ],
        "rotation_mode": "QUATERNION"
      },
      "armature_space": {
        "head": {
          "x": 0.6232227683067322,
          "y": -0.43929654359817505,
          "z": 0.43661993741989136
        },
        "tail": {
          "x": 0.6383494138717651,
          "y": -0.4388357102870941,
          "z": 0.4124528169631958
        }
      },
      "world_space": {
        "head": {
          "x": 0.6232227683067322,
          "y": -0.3760525584220886,
          "z": 1.3864738941192627
        },
        "tail": {
          "x": 0.6383494138717651,
          "y": -0.3755916953086853,
          "z": 1.362306833267212
        },
        "rotation_quaternion": {
          "w": 0.5437467694282532,
          "x": -0.6941258311271667,
          "y": -0.4608902633190155,
          "z": 0.10054316371679306
        },
        "matrix": [
          [
            0.554939866065979,
            0.5304915308952332,
            -0.6407966613769531,
            0.6232227683067322
          ],
          [
            0.7491742372512817,
            0.016161829233169556,
            0.6621760129928589,
            -0.3760525584220886
          ],
          [
            0.36163848638534546,
            -0.8475421667098999,
            -0.38846370577812195,
            1.3864738941192627
          ],
          [
            0.0,
            0.0,
            0.0,
            1.0
          ]
        ]
      },
      "bone_length_armature_space": 0.028514513957080084,
      "parent": "metacarpal_index_l",
      "has_children": true,
      "is_end_bone": false
    },
    "index_02_l": {
      "name": "index_02_l",
      "local": {
        "location": {
          "x": 0.0,
          "y": 0.0,
          "z": 0.0
        },
        "rotation_quaternion": {
          "w": 0.8944506049156189,
          "x": 0.4471394121646881,
          "y": -0.004951788578182459,
          "z": -0.0003982987836934626
        },
        "scale": {
          "x": 1.0,
          "y": 1.0,
          "z": 1.0
        },
        "matrix_basis": [
          [
            0.999950647354126,
            -0.0037157624028623104,
            -0.009214450605213642,
            0.0
          ],
          [
            -0.005140796769410372,
            0.6001323461532593,
            -0.7998843193054199,
            0.0
          ],
          [
            0.008502070792019367,
            0.7998921871185303,
            0.6000836491584778,
            0.0
          ],
          [
            0.0,
            0.0,
            0.0,
            1.0
          ]
        ],
        "rotation_mode": "QUATERNION"
      },
      "armature_space": {
        "head": {
          "x": 0.6383492946624756,
          "y": -0.43883565068244934,
          "z": 0.4124522805213928
        },
        "tail": {
          "x": 0.6336132884025574,
          "y": -0.42609110474586487,
          "z": 0.3906981348991394
        }
      },
      "world_space": {
        "head": {
          "x": 0.6383492946624756,
          "y": -0.3755916357040405,
          "z": 1.3623063564300537
        },
        "tail": {
          "x": 0.6336132884025574,
          "y": -0.36284708976745605,
          "z": 1.3405520915985107
        },
        "rotation_quaternion": {
          "w": 0.7702763080596924,
          "x": -0.387824147939682,
          "y": -0.3937951624393463,
          "z": 0.3181072473526001
        },
        "matrix": [
          [
            0.48746633529663086,
            -0.1846160888671875,
            -0.8534011244773865,
            0.6383492946624756
          ],
          [
            0.795508086681366,
            0.4968002736568451,
            0.3469247817993164,
            -0.3755916357040405
          ],
          [
            0.35992521047592163,
            -0.8480069637298584,
            0.3890400826931,
            1.3623063564300537
          ],
          [
            0.0,
            0.0,
            0.0,
            1.0
          ]
        ]
      },
      "bone_length_armature_space": 0.025653383328951694,
      "parent": "index_01_l",
      "has_children": true,
      "is_end_bone": false
    },
    "index_03_l": {
      "name": "index_03_l",
      "local": {
        "location": {
          "x": 0.0,
          "y": 0.0,
          "z": 0.0
        },
        "rotation_quaternion": {
          "w": 0.9374555945396423,
          "x": 0.3480641841888428,
          "y": 0.005114666186273098,
          "z": 0.0015337991062551737
        },
        "scale": {
          "x": 1.0,
          "y": 1.0,
          "z": 1.0
        },
        "matrix_basis": [
          [
            0.99994295835495,
            0.0006847270997241139,
            0.010657265782356262,
            0.0
          ],
          [
            0.006436201278120279,
            0.7576979398727417,
            -0.6525737643241882,
            0.0
          ],
          [
            -0.008521824143826962,
            0.6526051163673401,
            0.7576503157615662,
            0.0
          ],
          [
            0.0,
            0.0,
            0.0,
            1.0
          ]
        ],
        "rotation_mode": "QUATERNION"
      },
      "armature_space": {
        "head": {
          "x": 0.6336134076118469,
          "y": -0.42609119415283203,
          "z": 0.39069807529449463
        },
        "tail": {
          "x": 0.6136778593063354,
          "y": -0.40619704127311707,
          "z": 0.38291803002357483
        }
      },
      "world_space": {
        "head": {
          "x": 0.6336134076118469,
          "y": -0.3628472089767456,
          "z": 1.3405520915985107
        },
        "tail": {
          "x": 0.6136778593063354,
          "y": -0.34295302629470825,
          "z": 1.3327720165252686
        },
        "rotation_quaternion": {
          "w": 0.8847948908805847,
          "x": -0.04276467114686966,
          "y": -0.23994551599025726,
          "z": 0.3971593976020813
        },
        "matrix": [
          [
            0.5693807601928711,
            -0.682287335395813,
            -0.45857322216033936,
            0.6336134076118469
          ],
          [
            0.7233319282531738,
            0.6808710098266602,
            -0.1149182915687561,
            -0.3628472089767456
          ],
          [
            0.3906398117542267,
            -0.2662695646286011,
            0.8812010288238525,
            1.3405520915985107
          ],
          [
            0.0,
            0.0,
            0.0,
            1.0
          ]
        ]
      },
      "bone_length_armature_space": 0.02921870116020809,
      "parent": "index_02_l",
      "has_children": false,
      "is_end_bone": true
    },
    "metacarpal_pinky_l": {
      "name": "metacarpal_pinky_l",
      "local": {
        "location": {
          "x": 0.0,
          "y": 0.0,
          "z": 0.0
        },
        "rotation_quaternion": {
          "w": 0.9988195896148682,
          "x": -0.04764236882328987,
          "y": -0.007871587760746479,
          "z": -0.005265048239380121
        },
        "scale": {
          "x": 1.0,
          "y": 1.0,
          "z": 1.0
        },
        "matrix_basis": [
          [
            0.9998206496238708,
            0.011267708614468575,
            -0.015222913585603237,
            0.0
          ],
          [
            -0.0097676245495677,
            0.9954049587249756,
            0.09525515139102936,
            0.0
          ],
          [
            0.0162262711673975,
            -0.0950893759727478,
            0.9953364729881287,
            0.0
          ],
          [
            0.0,
            0.0,
            0.0,
            1.0
          ]
        ],
        "rotation_mode": "QUATERNION"
      },
      "armature_space": {
        "head": {
          "x": 0.5577224493026733,
          "y": -0.3693372905254364,
          "z": 0.5040343403816223
        },
        "tail": {
          "x": 0.6552095413208008,
          "y": -0.40296611189842224,
          "z": 0.4895919859409332
        }
      },
      "world_space": {
        "head": {
          "x": 0.5577224493026733,
          "y": -0.3060932755470276,
          "z": 1.4538884162902832
        },
        "tail": {
          "x": 0.6552095413208008,
          "y": -0.3397220969200134,
          "z": 1.439445972442627
        },
        "rotation_quaternion": {
          "w": 0.45731404423713684,
          "x": 0.4037080407142639,
          "y": 0.3597073256969452,
          "z": -0.7060412764549255
        },
        "matrix": [
          [
            -0.25576677918434143,
            0.9361990094184875,
            -0.2410697042942047,
            0.5577224493026733
          ],
          [
            -0.35533323884010315,
            -0.3229479491710663,
            -0.8771790266036987,
            -0.3060932755470276
          ],
          [
            -0.8990737199783325,
            -0.13869446516036987,
            0.4152638912200928,
            1.4538884162902832
          ],
          [
            0.0,
            0.0,
            0.0,
            1.0
          ]
        ]
      },
      "bone_length_armature_space": 0.1041307478294564,
      "parent": "lowerarm_l",
      "has_children": true,
      "is_end_bone": false
    },
    "pinky_01_l": {
      "name": "pinky_01_l",
      "local": {
        "location": {
          "x": 0.0,
          "y": 0.0,
          "z": 0.0
        },
        "rotation_quaternion": {
          "w": 0.9498757123947144,
          "x": 0.31233277916908264,
          "y": 0.011526434682309628,
          "z": -0.007188745774328709
        },
        "scale": {
          "x": 1.0,
          "y": 1.0,
          "z": 1.0
        },
        "matrix_basis": [
          [
            0.9996309280395508,
            0.02085699699819088,
            0.017406798899173737,
            0.0
          ],
          [
            -0.006456663366407156,
            0.804793119430542,
            -0.5935203433036804,
            0.0
          ],
          [
            -0.02638792246580124,
            0.5931889414787292,
            0.8046307563781738,
            0.0
          ],
          [
            0.0,
            0.0,
            0.0,
            1.0
          ]
        ],
        "rotation_mode": "QUATERNION"
      },
      "armature_space": {
        "head": {
          "x": 0.6552095413208008,
          "y": -0.40296611189842224,
          "z": 0.4895919859409332
        },
        "tail": {
