{
  "metadata": {
    "armature_name": "KIM_caucasian_male",
    "export_time": "2026-01-13T19:11:55.276190",
    "blender_version": "4.4.1",
    "bone_count": 56,
    "end_bone_count": 13,
    "spaces_included": [
      "LOCAL_CHANNELS",
      "ARMATURE_SPACE",
      "WORLD_SPACE"
    ],
    "note": "LOCAL matches Transform panel; replay pose via local.matrix_basis for best fidelity."
  },
  "bones": {
    "Root": {
      "name": "Root",
      "local": {
        "location": {
          "x": 0.0,
          "y": 0.0,
          "z": 0.0
        },
        "rotation_quaternion": {
          "w": 0.9998905658721924,
          "x": -0.0026912079192698,
          "y": -0.009612255729734898,
          "z": 0.010919270105659962
        },
        "scale": {
          "x": 1.0,
          "y": 1.0,
          "z": 1.0
        },
        "matrix_basis": [
          [
            0.99957674741745,
            -0.02178441360592842,
            -0.019281180575489998,
            0.0
          ],
          [
            0.0218878872692585,
            0.9997470378875732,
            0.005171908996999264,
            0.0
          ],
          [
            0.01916363649070263,
            -0.005591744557023048,
            0.9998007416725159,
            0.0
          ],
          [
            0.0,
            0.0,
            0.0,
            1.0
          ]
        ],
        "rotation_mode": "QUATERNION"
      },
      "armature_space": {
        "head": {
          "x": 0.0,
          "y": 0.07072800397872925,
          "z": -0.009595036506652832
        },
        "tail": {
          "x": -0.0015548814553767443,
          "y": 7.15404748916626e-05,
          "z": 0.00039306841790676117
        }
      },
      "world_space": {
        "head": {
          "x": 0.0,
          "y": 0.13397200405597687,
          "z": 0.9402589797973633
        },
        "tail": {
          "x": -0.0015548814553767443,
          "y": 0.06331554055213928,
          "z": 0.9502471089363098
        },
        "rotation_quaternion": {
          "w": 0.07004538178443909,
          "x": 0.9974378347396851,
          "y": -0.011542021296918392,
          "z": -0.008854811079800129
        },
        "matrix": [
          [
            0.99957674741745,
            -0.02178441360592842,
            -0.019281180575489998,
            0.0
          ],
          [
            -0.02426537498831749,
            -0.9899208545684814,
            -0.13952787220478058,
            0.13397200405597687
          ],
          [
            -0.016047444194555283,
            0.13993671536445618,
            -0.9900375008583069,
            0.9402589797973633
          ],
          [
            0.0,
            0.0,
            0.0,
            1.0
          ]
        ]
      },
      "bone_length_armature_space": 0.07137587780275993,
      "parent": null,
      "has_children": true,
      "is_end_bone": false
    },
    "spine_01": {
      "name": "spine_01",
      "local": {
        "location": {
          "x": 0.0,
          "y": 0.0,
          "z": 0.0
        },
        "rotation_quaternion": {
          "w": 0.9918036460876465,
          "x": 0.11502746492624283,
          "y": 0.02212762087583542,
          "z": 0.0510355643928051
        },
        "scale": {
          "x": 1.0,
          "y": 1.0,
          "z": 1.0
        },
        "matrix_basis": [
          [
            0.9938114881515503,
            -0.0961439460515976,
            0.05563349276781082,
            0.0
          ],
          [
            0.10632508248090744,
            0.9683281183242798,
            -0.2259107232093811,
            0.0
          ],
          [
            -0.03215152770280838,
            0.23042790591716766,
            0.9725580811500549,
            0.0
          ],
          [
            0.0,
            0.0,
            0.0,
            1.0
          ]
        ],
        "rotation_mode": "QUATERNION"
      },
      "armature_space": {
        "head": {
          "x": -0.0015548814553767443,
          "y": 7.15404748916626e-05,
          "z": 0.00039306841790676117
        },
        "tail": {
          "x": -0.04291391000151634,
          "y": -0.0865270271897316,
          "z": 0.4788682162761688
        }
      },
      "world_space": {
        "head": {
          "x": -0.0015548814553767443,
          "y": 0.06331554055213928,
          "z": 0.9502471089363098
        },
        "tail": {
          "x": -0.04291391000151634,
          "y": -0.02328302711248398,
          "z": 1.4287222623825073
        },
        "rotation_quaternion": {
          "w": 0.6408835649490356,
          "x": 0.7663282752037048,
          "y": -0.023243650794029236,
          "z": 0.03832780942320824
        },
        "matrix": [
          [
            0.9959814548492432,
            -0.08475189656019211,
            0.028949858620762825,
            -0.0015548814553767443
          ],
          [
            0.013502273708581924,
            -0.17745563387870789,
            -0.9840362071990967,
            0.06331554055213928
          ],
          [
            0.08853688836097717,
            0.9804794192314148,
            -0.1756003051996231,
            0.9502471089363098
          ],
          [
            0.0,
            0.0,
            0.0,
            1.0
          ]
        ]
      },
      "bone_length_armature_space": 0.4880044637822948,
      "parent": "Root",
      "has_children": true,
      "is_end_bone": false
    },
    "neck_01": {
      "name": "neck_01",
      "local": {
        "location": {
          "x": 0.0,
          "y": 0.0,
          "z": 0.0
        },
        "rotation_quaternion": {
          "w": 0.9947648048400879,
          "x": 0.07684801518917084,
          "y": 0.022621100768446922,
          "z": 0.06344953924417496
        },
        "scale": {
          "x": 1.0,
          "y": 1.0,
          "z": 1.0
        },
        "matrix_basis": [
          [
            0.9909248948097229,
            -0.12275796383619308,
            0.054757293313741684,
            0.0
          ],
          [
            0.12971150875091553,
            0.980137050151825,
            -0.1500208079814911,
            0.0
          ],
          [
            -0.035253409296274185,
            0.15576200187206268,
            0.9871653318405151,
            0.0
          ],
          [
            0.0,
            0.0,
            0.0,
            1.0
          ]
        ],
        "rotation_mode": "QUATERNION"
      },
      "armature_space": {
        "head": {
          "x": -0.0481153205037117,
          "y": -0.1336468756198883,
          "z": 0.5445675253868103
        },
        "tail": {
          "x": -0.0665099248290062,
          "y": -0.2013176530599594,
          "z": 0.6193538904190063
        }
      },
      "world_space": {
        "head": {
          "x": -0.0481153205037117,
          "y": -0.07040287554264069,
          "z": 1.4944214820861816
        },
        "tail": {
          "x": -0.0665099248290062,
          "y": -0.1380736529827118,
          "z": 1.5692079067230225
        },
        "rotation_quaternion": {
          "w": 0.408275842666626,
          "x": 0.9063400030136108,
          "y": -0.057254232466220856,
          "z": 0.09263160824775696
        },
        "matrix": [
          [
            0.9762827754020691,
            -0.17942221462726593,
            0.12115976959466934,
            -0.0481153205037117
          ],
          [
            -0.02814558893442154,
            -0.6600652933120728,
            -0.7506808638572693,
            -0.07040287554264069
          ],
          [
            0.21466365456581116,
            0.7294710874557495,
            -0.6494656801223755,
            1.4944214820861816
          ],
          [
            0.0,
            0.0,
            0.0,
            1.0
          ]
        ]
      },
      "bone_length_armature_space": 0.10252168542212474,
      "parent": "spine_01",
      "has_children": true,
      "is_end_bone": false
    },
    "head": {
      "name": "head",
      "local": {
        "location": {
          "x": 0.0,
          "y": 0.0,
          "z": 0.0
        },
        "rotation_quaternion": {
          "w": 0.9813125133514404,
          "x": -0.042071063071489334,
          "y": 0.16274386644363403,
          "z": -0.09364992380142212
        },
        "scale": {
          "x": 1.0,
          "y": 1.0,
          "z": 1.0
        },
        "matrix_basis": [
          [
            0.9294882416725159,
            0.17010606825351715,
            0.3272850811481476,
            0.0
          ],
          [
            -0.1974932998418808,
            0.9789194464683533,
            0.05208782106637955,
            0.0
          ],
          [
            -0.31152528524398804,
            -0.11305162310600281,
            0.9434888958930969,
            0.0
          ],
          [
            0.0,
            0.0,
            0.0,
            1.0
          ]
        ],
        "rotation_mode": "QUATERNION"
      },
      "armature_space": {
        "head": {
          "x": -0.06650989502668381,
          "y": -0.20131772756576538,
          "z": 0.619353711605072
        },
        "tail": {
          "x": -0.07368636876344681,
          "y": -0.23791873455047607,
          "z": 0.7698932886123657
        }
      },
      "world_space": {
        "head": {
          "x": -0.06650989502668381,
          "y": -0.13807372748851776,
          "z": 1.5692076683044434
        },
        "tail": {
          "x": -0.07368636876344681,
          "y": -0.17467473447322845,
          "z": 1.7197473049163818
        },
        "rotation_quaternion": {
          "w": 0.6111094951629639,
          "x": 0.7708051204681396,
          "y": 0.0924450010061264,
          "z": 0.15446269512176514
        },
        "matrix": [
          [
            0.935190737247467,
            -0.0462728776037693,
            0.35110872983932495,
            -0.06650989502668381
          ],
          [
            0.3313009738922119,
            -0.23599812388420105,
            -0.9135342240333557,
            -0.13807372748851776
          ],
          [
            0.12513405084609985,
            0.9706579446792603,
            -0.2053752988576889,
            1.5692076683044434
          ],
          [
            0.0,
            0.0,
            0.0,
            1.0
          ]
        ]
      },
      "bone_length_armature_space": 0.15509126388760763,
      "parent": "neck_01",
      "has_children": false,
      "is_end_bone": true
    },
    "upperarm_l": {
      "name": "upperarm_l",
      "local": {
        "location": {
          "x": 0.0,
          "y": 0.0,
          "z": 0.0
        },
        "rotation_quaternion": {
          "w": 0.9650413393974304,
          "x": 0.21216945350170135,
          "y": 0.11255307495594025,
          "z": 0.10493447631597519
        },
        "scale": {
          "x": 1.0,
          "y": 1.0,
          "z": 1.0
        },
        "matrix_basis": [
          [
            0.9526411294937134,
            -0.1547715663909912,
            0.2617645263671875,
            0.0
          ],
          [
            0.2502928674221039,
            0.8879457712173462,
            -0.3858831822872162,
            0.0
          ],
          [
            -0.17270895838737488,
            0.43312597274780273,
            0.884631872177124,
            0.0
          ],
          [
            0.0,
            0.0,
            0.0,
            1.0
          ]
        ],
        "rotation_mode": "QUATERNION"
      },
      "armature_space": {
        "head": {
          "x": 0.10707021504640579,
          "y": -0.12283334136009216,
          "z": 0.49139222502708435
        },
        "tail": {
          "x": 0.34951353073120117,
          "y": -0.23137113451957703,
          "z": 0.5267252922058105
        }
      },
      "world_space": {
        "head": {
          "x": 0.10707021504640579,
          "y": -0.05958934128284454,
          "z": 1.4412462711334229
        },
        "tail": {
          "x": 0.34951353073120117,
          "y": -0.1681271344423294,
          "z": 1.4765793085098267
        },
        "rotation_quaternion": {
          "w": 0.3287941515445709,
          "x": 0.7346222400665283,
          "y": 0.4351719319820404,
          "z": -0.4035467207431793
        },
        "matrix": [
          [
            0.29555007815361023,
            0.904742419719696,
            -0.3067433834075928,
            0.10707021504640579
          ],
          [
            0.3740069270133972,
            -0.4050379693508148,
            -0.8343040943145752,
            -0.05958934128284454
          ],
          [
            -0.8790786862373352,
            0.13185495138168335,
            -0.4580928087234497,
            1.4412462711334229
          ],
          [
            0.0,
            0.0,
            0.0,
            1.0
          ]
        ]
      },
      "bone_length_armature_space": 0.2679694854733881,
      "parent": "spine_01",
      "has_children": true,
      "is_end_bone": false
    },
    "lowerarm_l": {
      "name": "lowerarm_l",
      "local": {
        "location": {
          "x": 0.0,
          "y": 0.0,
          "z": 0.0
        },
        "rotation_quaternion": {
          "w": 0.9359278082847595,
          "x": 0.2768758237361908,
          "y": -0.11468855291604996,
          "z": 0.18500113487243652
        },
        "scale": {
          "x": 1.0,
          "y": 1.0,
          "z": 1.0
        },
        "matrix_basis": [
          [
            0.9052422046661377,
            -0.4098043739795685,
            -0.11223573237657547,
            0.0
          ],
          [
            0.28278642892837524,
            0.7782287001609802,
            -0.560706615447998,
            0.0
          ],
          [
            0.3171250820159912,
            0.47583654522895813,
            0.8203726410865784,
            0.0
          ],
          [
            0.0,
            0.0,
            0.0,
            1.0
          ]
        ],
        "rotation_mode": "QUATERNION"
      },
      "armature_space": {
        "head": {
          "x": 0.34951356053352356,
          "y": -0.23137125372886658,
          "z": 0.5267254114151001
        },
        "tail": {
          "x": 0.43401938676834106,
          "y": -0.46992629766464233,
          "z": 0.6134414076805115
        }
      },
      "world_space": {
        "head": {
          "x": 0.34951356053352356,
          "y": -0.16812725365161896,
          "z": 1.4765794277191162
        },
        "tail": {
          "x": 0.43401938676834106,
          "y": -0.4066823124885559,
          "z": 1.5632953643798828
        },
        "rotation_quaternion": {
          "w": 0.22992122173309326,
          "x": 0.7925935983657837,
          "y": 0.035776033997535706,
          "z": -0.5636060237884521
        },
        "matrix": [
          [
            0.36213719844818115,
            0.3158806562423706,
            -0.8769698739051819,
            0.34951356053352356
          ],
          [
            -0.20245826244354248,
            -0.89171302318573,
            -0.4047946333885193,
            -0.16812725365161896
          ],
          [
            -0.9098787307739258,
            0.32414233684539795,
            -0.2589718699455261,
            1.4765794277191162
          ],
          [
            0.0,
            0.0,
            0.0,
            1.0
          ]
        ]
      },
      "bone_length_armature_space": 0.2675245955448036,
      "parent": "upperarm_l",
      "has_children": true,
      "is_end_bone": false
    },
    "metacarpal_thumb_l": {
      "name": "metacarpal_thumb_l",
      "local": {
        "location": {
          "x": 0.0,
          "y": 0.0,
          "z": 0.0
        },
        "rotation_quaternion": {
          "w": 0.9989443421363831,
          "x": -0.04268487170338631,
          "y": 0.014831938780844212,
          "z": 0.008266585879027843
        },
        "scale": {
          "x": 1.0,
          "y": 1.0,
          "z": 1.0
        },
        "matrix_basis": [
          [
            0.9994233250617981,
            -0.01778191700577736,
            0.028926845639944077,
            0.0
          ],
          [
            0.015249519608914852,
            0.9962193369865417,
            0.08552484214305878,
            0.0
          ],
          [
            -0.03033827804028988,
            -0.08503440022468567,
            0.9959160089492798,
            0.0
          ],
          [
            0.0,
            0.0,
            0.0,
            1.0
          ]
        ],
        "rotation_mode": "QUATERNION"
      },
      "armature_space": {
        "head": {
          "x": 0.43401938676834106,
          "y": -0.46992629766464233,
          "z": 0.6134414076805115
        },
        "tail": {
          "x": 0.4218708574771881,
          "y": -0.517943799495697,
          "z": 0.6140033006668091
        }
      },
      "world_space": {
        "head": {
          "x": 0.43401938676834106,
          "y": -0.4066823124885559,
          "z": 1.5632953643798828
        },
        "tail": {
          "x": 0.4218708574771881,
          "y": -0.4546998143196106,
          "z": 1.5638573169708252
        },
        "rotation_quaternion": {
          "w": 0.02837061695754528,
          "x": 0.975354790687561,
          "y": -0.1204131543636322,
          "z": 0.18269923329353333
        },
        "matrix": [
          [
            0.9042432904243469,
            -0.24525786936283112,
            0.3495607078075409,
            0.43401938676834106
          ],
          [
            -0.22452430427074432,
            -0.969391405582428,
            -0.09934230148792267,
            -0.4066823124885559
          ],
          [
            0.36322787404060364,
            0.011343955993652344,
            -0.931638777256012,
            1.5632953643798828
          ],
          [
            0.0,
            0.0,
            0.0,
            1.0
          ]
        ]
      },
      "bone_length_armature_space": 0.04953365426791253,
      "parent": "lowerarm_l",
      "has_children": true,
      "is_end_bone": false
    },
    "thumb_01_l": {
      "name": "thumb_01_l",
      "local": {
        "location": {
          "x": 0.0,
          "y": 0.0,
          "z": 0.0
        },
        "rotation_quaternion": {
          "w": 0.9987585544586182,
          "x": -0.049071304500103,
          "y": 0.0021951692178845406,
          "z": 0.008277838118374348
        },
        "scale": {
          "x": 1.0,
          "y": 1.0,
          "z": 1.0
        },
        "matrix_basis": [
          [
            0.9998533129692078,
            -0.01675056293606758,
            0.0035724793560802937,
            0.0
          ],
          [
            0.01631968282163143,
            0.9950469732284546,
            0.09805711358785629,
            0.0
          ],
          [
            -0.005197296850383282,
            -0.0979844257235527,
            0.9951743483543396,
            0.0
          ],
          [
            0.0,
            0.0,
            0.0,
            1.0
          ]
        ],
        "rotation_mode": "QUATERNION"
      },
      "armature_space": {
        "head": {
          "x": 0.4218708574771881,
          "y": -0.517943799495697,
          "z": 0.6140033006668091
        },
        "tail": {
          "x": 0.41866832971572876,
          "y": -0.5397748947143555,
          "z": 0.5880845189094543
        }
      },
      "world_space": {
        "head": {
          "x": 0.4218708574771881,
          "y": -0.4546998143196106,
          "z": 1.5638573169708252
        },
        "tail": {
          "x": 0.41866832971572876,
          "y": -0.47653090953826904,
          "z": 1.5379385948181152
        },
        "rotation_quaternion": {
          "w": 0.18961727619171143,
          "x": -0.5019228458404541,
          "y": 0.37863442301750183,
          "z": -0.7541583180427551
        },
        "matrix": [
          [
            -0.42423880100250244,
            -0.09408540278673172,
            0.9006495475769043,
            0.4218708574771881
          ],
          [
            -0.6660928130149841,
            -0.6413635015487671,
            -0.3807533383369446,
            -0.4546998143196106
          ],
          [
            0.6134707927703857,
            -0.7614524960517883,
            0.20942270755767822,
            1.5638573169708252
          ],
          [
            0.0,
            0.0,
            0.0,
            1.0
          ]
        ]
      },
      "bone_length_armature_space": 0.03403874476522084,
      "parent": "metacarpal_thumb_l",
      "has_children": true,
      "is_end_bone": false
    },
    "thumb_02_l": {
      "name": "thumb_02_l",
      "local": {
        "location": {
          "x": 0.0,
          "y": 0.0,
          "z": 0.0
        },
        "rotation_quaternion": {
          "w": 0.9980926513671875,
          "x": 0.061674587428569794,
          "y": 0.0014485722640529275,
          "z": -0.0023156271781772375
        },
        "scale": {
          "x": 1.0,
          "y": 1.0,
          "z": 1.0
        },
        "matrix_basis": [
          [
            0.9999850988388062,
            0.004801101051270962,
            0.002605987945571542,
            0.0
          ],
          [
            -0.00444374093785882,
            0.992381751537323,
            -0.12312061339616776,
            0.0
          ],
          [
            -0.00317724933847785,
            0.1231071949005127,
            0.9923883080482483,
            0.0
          ],
          [
            0.0,
            0.0,
            0.0,
            1.0
          ]
        ],
        "rotation_mode": "QUATERNION"
      },
      "armature_space": {
        "head": {
          "x": 0.41866829991340637,
          "y": -0.5397748947143555,
          "z": 0.5880845189094543
        },
        "tail": {
          "x": 0.4293075501918793,
          "y": -0.5771399736404419,
          "z": 0.5982745885848999
        }
      },
      "world_space": {
        "head": {
          "x": 0.41866829991340637,
          "y": -0.47653090953826904,
          "z": 1.5379385948181152
        },
        "tail": {
          "x": 0.4293075501918793,
          "y": -0.5138959884643555,
          "z": 1.548128604888916
        },
        "rotation_quaternion": {
          "w": 0.10925101488828659,
          "x": -0.17760628461837769,
          "y": -0.1513686627149582,
          "z": -0.9662338495254517
        },
        "matrix": [
          [
            -0.9130405783653259,
            0.26489222049713135,
            0.3101437985897064,
            0.41866829991340637
          ],
          [
            -0.15735605359077454,
            -0.9303032159805298,
            0.3313228487968445,
            -0.47653090953826904
          ],
          [
            0.37629517912864685,
            0.25370916724205017,
            0.8910936117172241,
            1.5379385948181152
          ],
          [
            0.0,
            0.0,
            0.0,
            1.0
          ]
        ]
      },
      "bone_length_armature_space": 0.040164416187651264,
      "parent": "thumb_01_l",
      "has_children": true,
      "is_end_bone": false
    },
    "thumb_03_l": {
      "name": "thumb_03_l",
      "local": {
        "location": {
          "x": 0.0,
          "y": 0.0,
          "z": 0.0
        },
        "rotation_quaternion": {
          "w": 0.9989675879478455,
          "x": 0.04524766653776169,
          "y": 0.0038554221391677856,
          "z": 0.0013188774464651942
        },
        "scale": {
          "x": 1.0,
          "y": 1.0,
          "z": 1.0
        },
        "matrix_basis": [
          [
            0.9999668002128601,
            -0.002286133822053671,
            0.00782223604619503,
            0.0
          ],
          [
            0.002983929356560111,
            0.9959018230438232,
            -0.09039173275232315,
            0.0
          ],
          [
            -0.0075835310854017735,
            0.09041207283735275,
            0.9958755970001221,
            0.0
          ],
          [
            0.0,
            0.0,
            0.0,
            1.0
          ]
        ],
        "rotation_mode": "QUATERNION"
      },
      "armature_space": {
        "head": {
          "x": 0.4293074607849121,
          "y": -0.5771399140357971,
          "z": 0.5982745289802551
        },
        "tail": {
          "x": 0.4436553716659546,
          "y": -0.5992428660392761,
          "z": 0.6135221719741821
        }
      },
      "world_space": {
        "head": {
          "x": 0.4293074607849121,
          "y": -0.5138959288597107,
          "z": 1.548128604888916
        },
        "tail": {
          "x": 0.4436553716659546,
          "y": -0.5359988808631897,
          "z": 1.5633761882781982
        },
        "rotation_quaternion": {
          "w": 0.2592345178127289,
          "x": 0.01942870207130909,
          "y": -0.26419341564178467,
          "z": -0.9287744760513306
        },
        "matrix": [
          [
            -0.8648399114608765,
            0.4712749123573303,
            -0.1730666309595108,
            0.4293074607849121
          ],
          [
            -0.49180707335472107,
            -0.7259982228279114,
            0.480678915977478,
            -0.5138959288597107
          ],
          [
            0.10088616609573364,
            0.5008285641670227,
            0.8596552014350891,
            1.548128604888916
          ],
          [
            0.0,
            0.0,
            0.0,
            1.0
          ]
        ]
      },
      "bone_length_armature_space": 0.03044492847933617,
      "parent": "thumb_02_l",
      "has_children": false,
      "is_end_bone": true
    },
    "metacarpal_index_l": {
      "name": "metacarpal_index_l",
      "local": {
        "location": {
          "x": 0.0,
          "y": 0.0,
          "z": 0.0
        },
        "rotation_quaternion": {
          "w": 0.9982767105102539,
          "x": -0.051607538014650345,
          "y": -0.021378586068749428,
          "z": 0.017983511090278625
        },
        "scale": {
          "x": 1.0,
          "y": 1.0,
          "z": 1.0
        },
        "matrix_basis": [
          [
            0.9984390735626221,
            -0.03369844704866409,
            -0.04453966021537781,
            0.0
          ],
          [
            0.03811163455247879,
            0.9940264821052551,
            0.102268286049366,
            0.0
          ],
          [
            0.04082731902599335,
            -0.10380613058805466,
            0.9937592148780823,
            0.0
          ],
          [
            0.0,
            0.0,
            0.0,
            1.0
          ]
        ],
        "rotation_mode": "QUATERNION"
      },
      "armature_space": {
        "head": {
          "x": 0.43401938676834106,
          "y": -0.46992629766464233,
          "z": 0.6134414076805115
        },
        "tail": {
          "x": 0.43922585248947144,
          "y": -0.5819650888442993,
          "z": 0.6473445892333984
        }
      },
      "world_space": {
        "head": {
          "x": 0.43401938676834106,
          "y": -0.4066823124885559,
          "z": 1.5632953643798828
        },
        "tail": {
          "x": 0.43922585248947144,
          "y": -0.5187211036682129,
          "z": 1.5971986055374146
        },
        "rotation_quaternion": {
          "w": 0.14799776673316956,
          "x": 0.9778901934623718,
          "y": 0.0003599099291022867,
          "z": -0.14774075150489807
        },
        "matrix": [
          [
            0.9563450813293457,
            0.044434454292058945,
            -0.2888418138027191,
            0.43401938676834106
          ],
          [
            -0.04302665591239929,
            -0.9561930298805237,
            -0.28955787420272827,
            -0.4066823124885559
          ],
          [
            -0.28905704617500305,
            0.28934624791145325,
            -0.9125452637672424,
            1.5632953643798828
          ],
          [
            0.0,
            0.0,
            0.0,
            1.0
          ]
        ]
      },
      "bone_length_armature_space": 0.11717177017883255,
      "parent": "lowerarm_l",
      "has_children": true,
      "is_end_bone": false
    },
    "index_01_l": {
      "name": "index_01_l",
      "local": {
        "location": {
          "x": 0.0,
          "y": 0.0,
          "z": 0.0
        },
        "rotation_quaternion": {
          "w": 0.9928171634674072,
          "x": -0.11912573873996735,
          "y": -0.009463575668632984,
          "z": 0.005807136185467243
        },
        "scale": {
          "x": 1.0,
          "y": 1.0,
          "z": 1.0
        },
        "matrix_basis": [
          [
            0.9997534155845642,
            -0.009276137687265873,
            -0.02017476037144661,
            0.0
          ],
          [
            0.013785559684038162,
            0.9715506434440613,
            0.23643024265766144,
            0.0
          ],
          [
            0.017407642677426338,
            -0.23665006458759308,
            0.971439003944397,
            0.0
          ],
          [
            0.0,
            0.0,
            0.0,
            1.0
          ]
        ],
        "rotation_mode": "QUATERNION"
      },
      "armature_space": {
        "head": {
          "x": 0.43922585248947144,
          "y": -0.5819650888442993,
          "z": 0.6473445892333984
        },
        "tail": {
          "x": 0.4518481194972992,
          "y": -0.6032727360725403,
          "z": 0.6614773273468018
        }
      },
      "world_space": {
        "head": {
          "x": 0.43922585248947144,
          "y": -0.5187211036682129,
          "z": 1.5971986055374146
        },
        "tail": {
          "x": 0.4518481194972992,
          "y": -0.5400287508964539,
          "z": 1.6113313436508179
        },
        "rotation_quaternion": {
          "w": 0.29747557640075684,
          "x": 0.9242355823516846,
          "y": 0.1946239471435547,
          "z": -0.1393507421016693
        },
        "matrix": [
          [
            0.8854058384895325,
            0.44266366958618164,
            -0.14179308712482452,
            0.43922585248947144
          ],
          [
            0.2768504321575165,
            -0.7472591400146484,
            -0.6041172742843628,
            -0.5187211036682129
          ],
          [
            -0.3733794093132019,
            0.4956362247467041,
            -0.7841854095458984,
            1.5971986055374146
          ],
          [
            0.0,
            0.0,
            0.0,
            1.0
          ]
        ]
      },
      "bone_length_armature_space": 0.028514412968904227,
      "parent": "metacarpal_index_l",
      "has_children": true,
      "is_end_bone": false
    },
    "index_02_l": {
      "name": "index_02_l",
      "local": {
        "location": {
          "x": 0.0,
          "y": 0.0,
          "z": 0.0
        },
        "rotation_quaternion": {
          "w": 0.9992204904556274,
          "x": 0.0381980799138546,
          "y": -0.009443928487598896,
          "z": 0.003192999167367816
        },
        "scale": {
          "x": 1.0,
          "y": 1.0,
          "z": 1.0
        },
        "matrix_basis": [
          [
            0.9998012185096741,
            -0.007102500181645155,
            -0.018629200756549835,
            0.0
          ],
          [
            0.0056595406495034695,
            0.9970614314079285,
            -0.07639691978693008,
            0.0
          ],
          [
            0.019117066636681557,
            0.07627630233764648,
            0.9969034194946289,
            0.0
          ],
          [
            0.0,
            0.0,
            0.0,
            1.0
          ]
        ],
        "rotation_mode": "QUATERNION"
      },
      "armature_space": {
        "head": {
          "x": 0.45184803009033203,
          "y": -0.6032732725143433,
          "z": 0.6614773869514465
        },
        "tail": {
          "x": 0.46347349882125854,
          "y": -0.6229259967803955,
          "z": 0.673169732093811
        }
      },
      "world_space": {
        "head": {
          "x": 0.45184803009033203,
          "y": -0.5400292873382568,
          "z": 1.6113314628601074
        },
        "tail": {
          "x": 0.46347349882125854,
          "y": -0.5596820116043091,
          "z": 1.6230237483978271
        },
        "rotation_quaternion": {
          "w": 0.28536248207092285,
          "x": 0.9211915135383606,
          "y": 0.18847519159317017,
          "z": -0.1856113225221634
        },
        "matrix": [
          [
            0.8600510954856873,
            0.45317673683166504,
            -0.23439878225326538,
            0.45184803009033203
          ],
          [
            0.24131107330322266,
            -0.7660902142524719,
            -0.5957136750221252,
            -0.5400292873382568
          ],
          [
            -0.4495372176170349,
            0.45578354597091675,
            -0.768239438533783,
            1.6113314628601074
          ],
          [
            0.0,
            0.0,
            0.0,
            1.0
          ]
        ]
      },
      "bone_length_armature_space": 0.025653304480898812,
      "parent": "index_01_l",
      "has_children": true,
      "is_end_bone": false
    },
    "index_03_l": {
      "name": "index_03_l",
      "local": {
        "location": {
          "x": 0.0,
          "y": 0.0,
          "z": 0.0
        },
        "rotation_quaternion": {
          "w": 0.9998854398727417,
          "x": 0.012114428915083408,
          "y": -0.007498433347791433,
          "z": 0.00512603297829628
        },
        "scale": {
          "x": 1.0,
          "y": 1.0,
          "z": 1.0
        },
        "matrix_basis": [
          [
            0.9998350143432617,
            -0.010432570241391659,
            -0.01487095095217228,
            0.0
          ],
          [
            0.01006921287626028,
            0.9996539354324341,
            -0.024302955716848373,
            0.0
          ],
          [
            0.015119346790015697,
            0.024149207398295403,
            0.9995940327644348,
            0.0
          ],
          [
            0.0,
            0.0,
            0.0,
            1.0
          ]
        ],
        "rotation_mode": "QUATERNION"
      },
      "armature_space": {
        "head": {
          "x": 0.46347349882125854,
          "y": -0.6229259371757507,
          "z": 0.6731698513031006
        },
        "tail": {
          "x": 0.47787246108055115,
          "y": -0.6464768648147583,
          "z": 0.6827487349510193
        }
      },
      "world_space": {
        "head": {
          "x": 0.46347349882125854,
          "y": -0.5596819519996643,
          "z": 1.6230238676071167
        },
        "tail": {
          "x": 0.47787246108055115,
          "y": -0.5832328796386719,
          "z": 1.6326026916503906
        },
        "rotation_quaternion": {
          "w": 0.21896089613437653,
          "x": 0.9326792359352112,
          "y": 0.22145918011665344,
          "z": -0.18199290335178375
        },
        "matrix": [
          [
            0.8356688618659973,
            0.4927996098995209,
            -0.242499440908432,
            0.46347349882125854
          ],
          [
            0.3334023952484131,
            -0.806023359298706,
            -0.48904913663864136,
            -0.5596819519996643
          ],
          [
            -0.4364663064479828,
            0.3278346657752991,
            -0.8378757238388062,
            1.6230238676071167
          ],
          [
            0.0,
            0.0,
            0.0,
            1.0
          ]
        ]
      },
      "bone_length_armature_space": 0.029218680989812184,
      "parent": "index_02_l",
      "has_children": false,
      "is_end_bone": true
    },
    "metacarpal_pinky_l": {
      "name": "metacarpal_pinky_l",
      "local": {
        "location": {
          "x": 0.0,
          "y": 0.0,
          "z": 0.0
        },
        "rotation_quaternion": {
          "w": 0.9999734163284302,
          "x": 0.0015014475211501122,
          "y": 0.002954865572974086,
          "z": 0.006498728413134813
        },
        "scale": {
          "x": 1.0,
          "y": 1.0,
          "z": 1.0
        },
        "matrix_basis": [
          [
            0.9998980760574341,
            -0.012988238595426083,
            0.005929089151322842,
            0.0
          ],
          [
            0.013005984015762806,
            0.9999110102653503,
            -0.0029644095338881016,
            0.0
          ],
          [
            -0.005890058819204569,
            0.003041221061721444,
            0.9999780058860779,
            0.0
          ],
          [
            0.0,
            0.0,
            0.0,
            1.0
          ]
        ],
        "rotation_mode": "QUATERNION"
      },
      "armature_space": {
        "head": {
          "x": 0.43401938676834106,
          "y": -0.46992629766464233,
          "z": 0.6134414076805115
        },
        "tail": {
          "x": 0.49394741654396057,
          "y": -0.5447669625282288,
          "z": 0.6540706753730774
        }
      },
      "world_space": {
        "head": {
          "x": 0.43401938676834106,
          "y": -0.4066823124885559,
          "z": 1.5632953643798828
        },
        "tail": {
          "x": 0.49394741654396057,
          "y": -0.48152297735214233,
          "z": 1.6039247512817383
        },
        "rotation_quaternion": {
          "w": 0.357444703578949,
          "x": 0.26367345452308655,
          "y": -0.1134638711810112,
          "z": -0.8887268900871277
        },
        "matrix": [
          [
            -0.6054186820983887,
            0.5755074620246887,
            -0.5497812628746033,
            0.43401938676834106
          ],
          [
            -0.6951768398284912,
            -0.7187179923057556,
            0.013178326189517975,
            -0.4066823124885559
          ],
          [
            -0.3875567317008972,
            0.39017555117607117,
            0.8352105617523193,
            1.5632953643798828
          ],
          [
            0.0,
            0.0,
            0.0,
            1.0
          ]
        ]
      },
      "bone_length_armature_space": 0.10413083761659131,
      "parent": "lowerarm_l",
      "has_children": true,
      "is_end_bone": false
    },
    "pinky_01_l": {
      "name": "pinky_01_l",
      "local": {
        "location": {
          "x": 0.0,
          "y": 0.0,
          "z": 0.0
        },
        "rotation_quaternion": {
          "w": 0.9507924914360046,
          "x": 0.3091908395290375,
          "y": -0.00536844227463007,
          "z": 0.01912788115441799
        },
        "scale": {
          "x": 1.0,
          "y": 1.0,
          "z": 1.0
        },
        "matrix_basis": [
          [
            0.9992105960845947,
            -0.039693038910627365,
            0.0016197820659726858,
            0.0
          ],
          [
            0.03305354341864586,
            0.8080703020095825,
            -0.5881580114364624,
            0.0
          ],
          [
            0.022036880254745483,
            0.5877472758293152,
            0.8087444305419922,
            0.0
          ],
          [
            0.0,
            0.0,
            0.0,
            1.0
          ]
        ],
        "rotation_mode": "QUATERNION"
      },
      "armature_space": {
        "head": {
          "x": 0.49394741654396057,
          "y": -0.5447669625282288,
          "z": 0.6540706753730774
        },
        "tail": {
