{
  "metadata": {
    "armature_name": "KIM_caucasian_male",
    "export_time": "2026-01-13T21:02:41.671777",
    "blender_version": "4.4.1",
    "bone_count": 56,
    "end_bone_count": 13,
    "spaces_included": [
      "LOCAL_CHANNELS",
      "ARMATURE_SPACE",
      "WORLD_SPACE"
    ],
    "note": "LOCAL matches Transform panel; replay pose via local.matrix_basis for best fidelity."
  },
  "bones": {
    "Root": {
      "name": "Root",
      "local": {
        "location": {
          "x": 0.0,
          "y": 0.0,
          "z": 0.0
        },
        "rotation_quaternion": {
          "w": 0.9997643232345581,
          "x": 0.008352856151759624,
          "y": -0.013971087522804737,
          "z": 0.014363957569003105
        },
        "scale": {
          "x": 1.0,
          "y": 1.0,
          "z": 1.0
        },
        "matrix_basis": [
          [
            0.9991969466209412,
            -0.02895454131066799,
            -0.027695629745721817,
            0.0
          ],
          [
            0.02848774753510952,
            0.9994478225708008,
            -0.017103135585784912,
            0.0
          ],
          [
            0.02817554958164692,
            0.016300415620207787,
            0.999470055103302,
            0.0
          ],
          [
            0.0,
            0.0,
            0.0,
            1.0
          ]
        ],
        "rotation_mode": "QUATERNION"
      },
      "armature_space": {
        "head": {
          "x": 0.0,
          "y": 0.07072800397872925,
          "z": -0.009595036506652832
        },
        "tail": {
          "x": -0.0020666555501520634,
          "y": -0.00011734664440155029,
          "z": -0.0011582020670175552
        }
      },
      "world_space": {
        "head": {
          "x": 0.0,
          "y": 0.13397200405597687,
          "z": 0.9402589797973633
        },
        "tail": {
          "x": -0.0020666555501520634,
          "y": 0.06312665343284607,
          "z": 0.9486958384513855
        },
        "rotation_quaternion": {
          "w": 0.05901790037751198,
          "x": 0.9980558156967163,
          "y": -0.015272528864443302,
          "z": -0.012971678748726845
        },
        "matrix": [
          [
            0.9991969466209412,
            -0.02895454131066799,
            -0.027695629745721817,
            0.0
          ],
          [
            -0.03201679885387421,
            -0.992567241191864,
            -0.1174105554819107,
            0.13397200405597687
          ],
          [
            -0.02409040369093418,
            0.11820289492607117,
            -0.9927042722702026,
            0.9402589797973633
          ],
          [
            0.0,
            0.0,
            0.0,
            1.0
          ]
        ]
      },
      "bone_length_armature_space": 0.07137587013665765,
      "parent": null,
      "has_children": true,
      "is_end_bone": false
    },
    "spine_01": {
      "name": "spine_01",
      "local": {
        "location": {
          "x": 0.0,
          "y": 0.0,
          "z": 0.0
        },
        "rotation_quaternion": {
          "w": 0.9937657713890076,
          "x": 0.10403840243816376,
          "y": -0.015500422567129135,
          "z": 0.03695359826087952
        },
        "scale": {
          "x": 1.0,
          "y": 1.0,
          "z": 1.0
        },
        "matrix_basis": [
          [
            0.9967883229255676,
            -0.07667171955108643,
            -0.023118391633033752,
            0.0
          ],
          [
            0.07022116333246231,
            0.9756208658218384,
            -0.2079252004623413,
            0.0
          ],
          [
            0.03849676623940468,
            0.2056340128183365,
            0.9778714776039124,
            0.0
          ],
          [
            0.0,
            0.0,
            0.0,
            1.0
          ]
        ],
        "rotation_mode": "QUATERNION"
      },
      "armature_space": {
        "head": {
          "x": -0.0020666555501520634,
          "y": -0.00011734664440155029,
          "z": -0.0011582020670175552
        },
        "tail": {
          "x": -0.03066910058259964,
          "y": -0.08506162464618683,
          "z": 0.47854456305503845
        }
      },
      "world_space": {
        "head": {
          "x": -0.0020666555501520634,
          "y": 0.06312665343284607,
          "z": 0.9486958384513855
        },
        "tail": {
          "x": -0.03066910058259964,
          "y": -0.02181762456893921,
          "z": 1.428398609161377
        },
        "rotation_quaternion": {
          "w": 0.6412895321846008,
          "x": 0.7661715745925903,
          "y": -0.04140839725732803,
          "z": -0.003774043405428529
        },
        "matrix": [
          [
            0.9965420961380005,
            -0.0586114227771759,
            -0.05889301002025604,
            -0.0020666555501520634
          ],
          [
            -0.06829269975423813,
            -0.1740657091140747,
            -0.9823631048202515,
            0.06312665343284607
          ],
          [
            0.047326721251010895,
            0.9829950332641602,
            -0.1774686872959137,
            0.9486958384513855
          ],
          [
            0.0,
            0.0,
            0.0,
            1.0
          ]
        ]
      },
      "bone_length_armature_space": 0.4880044806599762,
      "parent": "Root",
      "has_children": true,
      "is_end_bone": false
    },
    "neck_01": {
      "name": "neck_01",
      "local": {
        "location": {
          "x": 0.0,
          "y": 0.0,
          "z": 0.0
        },
        "rotation_quaternion": {
          "w": 0.9918016791343689,
          "x": -0.0015256637707352638,
          "y": -0.04689639434218407,
          "z": -0.1188608780503273
        },
        "scale": {
          "x": 1.0,
          "y": 1.0,
          "z": 1.0
        },
        "matrix_basis": [
          [
            0.967345654964447,
            0.2359159290790558,
            -0.09266116470098495,
            0.0
          ],
          [
            -0.23562973737716675,
            0.9717395305633545,
            0.014174604788422585,
            0.0
          ],
          [
            0.09338653087615967,
            0.008121981285512447,
            0.9955968260765076,
            0.0
          ],
          [
            0.0,
            0.0,
            0.0,
            1.0
          ]
        ],
        "rotation_mode": "QUATERNION"
      },
      "armature_space": {
        "head": {
          "x": -0.03700297698378563,
          "y": -0.13187524676322937,
          "z": 0.544363260269165
        },
        "tail": {
          "x": -0.0205601267516613,
          "y": -0.18748480081558228,
          "z": 0.6289086937904358
        }
      },
      "world_space": {
        "head": {
          "x": -0.03700297698378563,
          "y": -0.06863124668598175,
          "z": 1.4942172765731812
        },
        "tail": {
          "x": -0.0205601267516613,
          "y": -0.12424080073833466,
          "z": 1.5787627696990967
        },
        "rotation_quaternion": {
          "w": 0.47663477063179016,
          "x": 0.8730579614639282,
          "y": 0.040118418633937836,
          "z": -0.09476140886545181
        },
        "matrix": [
          [
            0.9788216352462769,
            0.1603846549987793,
            -0.12721997499465942,
            -0.03700297698378563
          ],
          [
            -0.02028115838766098,
            -0.5424193143844604,
            -0.8398632407188416,
            -0.06863124668598175
          ],
          [
            -0.2037091851234436,
            0.8246616125106812,
            -0.5276836156845093,
            1.4942172765731812
          ],
          [
            0.0,
            0.0,
            0.0,
            1.0
          ]
        ]
      },
      "bone_length_armature_space": 0.10252180280633429,
      "parent": "spine_01",
      "has_children": true,
      "is_end_bone": false
    },
    "head": {
      "name": "head",
      "local": {
        "location": {
          "x": 0.0,
          "y": 0.0,
          "z": 0.0
        },
        "rotation_quaternion": {
          "w": 0.9777826070785522,
          "x": -0.0077923075295984745,
          "y": 0.08456241339445114,
          "z": 0.1916501224040985
        },
        "scale": {
          "x": 1.0,
          "y": 1.0,
          "z": 1.0
        },
        "matrix_basis": [
          [
            0.9122388362884521,
            -0.37610217928886414,
            0.16238051652908325,
            0.0
          ],
          [
            0.373466432094574,
            0.9264190196990967,
            0.04765116050839424,
            0.0
          ],
          [
            -0.1683541089296341,
            0.017174428328871727,
            0.9855769276618958,
            0.0
          ],
          [
            0.0,
            0.0,
            0.0,
            1.0
          ]
        ],
        "rotation_mode": "QUATERNION"
      },
      "armature_space": {
        "head": {
          "x": -0.020560158416628838,
          "y": -0.18748489022254944,
          "z": 0.6289085745811462
        },
        "tail": {
          "x": -0.04981565475463867,
          "y": -0.21776945888996124,
          "z": 0.7781742811203003
        }
      },
      "world_space": {
        "head": {
          "x": -0.020560158416628838,
          "y": -0.12424089014530182,
          "z": 1.5787625312805176
        },
        "tail": {
          "x": -0.04981565475463867,
          "y": -0.15452545881271362,
          "z": 1.7280282974243164
        },
        "rotation_quaternion": {
          "w": 0.633101224899292,
          "x": 0.766395628452301,
          "y": -0.03933759033679962,
          "z": 0.10135740041732788
        },
        "matrix": [
          [
            0.9763585329055786,
            -0.18863533437252045,
            0.10554914176464081,
            -0.020560158416628838
          ],
          [
            0.06804151087999344,
            -0.19527068734169006,
            -0.9783864617347717,
            -0.12424089014530182
          ],
          [
            0.2051704376935959,
            0.9624443054199219,
            -0.17782145738601685,
            1.5787625312805176
          ],
          [
            0.0,
            0.0,
            0.0,
            1.0
          ]
        ]
      },
      "bone_length_armature_space": 0.15509123372187758,
      "parent": "neck_01",
      "has_children": false,
      "is_end_bone": true
    },
    "upperarm_l": {
      "name": "upperarm_l",
      "local": {
        "location": {
          "x": 0.0,
          "y": 0.0,
          "z": 0.0
        },
        "rotation_quaternion": {
          "w": 0.7363252639770508,
          "x": 0.40087398886680603,
          "y": 0.393527090549469,
          "z": 0.3771759569644928
        },
        "scale": {
          "x": 1.0,
          "y": 1.0,
          "z": 1.0
        },
        "matrix_basis": [
          [
            0.40574944019317627,
            -0.23993882536888123,
            0.8819279670715332,
            0.0
          ],
          [
            0.8709579110145569,
            0.3940766751766205,
            -0.29348936676979065,
            0.0
          ],
          [
            -0.27712780237197876,
            0.887205183506012,
            0.3688729405403137,
            0.0
          ],
          [
            0.0,
            0.0,
            0.0,
            1.0
          ]
        ],
        "rotation_mode": "QUATERNION"
      },
      "armature_space": {
        "head": {
          "x": 0.11622967571020126,
          "y": -0.13355346024036407,
          "z": 0.48483142256736755
        },
        "tail": {
          "x": 0.21485145390033722,
          "y": -0.38199639320373535,
          "z": 0.503738522529602
        }
      },
      "world_space": {
        "head": {
          "x": 0.11622967571020126,
          "y": -0.07030946016311646,
          "z": 1.434685468673706
        },
        "tail": {
          "x": 0.21485145390033722,
          "y": -0.3187524080276489,
          "z": 1.4535925388336182
        },
        "rotation_quaternion": {
          "w": 0.06410782039165497,
          "x": 0.9701317548751831,
          "y": 0.17978979647159576,
          "z": -0.14970096945762634
        },
        "matrix": [
          [
            0.8905304074287415,
            0.36803367733955383,
            -0.26740729808807373,
            0.11622967571020126
          ],
          [
            0.3296456038951874,
            -0.9271316528320312,
            -0.17821620404720306,
            -0.07030946016311646
          ],
          [
            -0.31351321935653687,
            0.07055704295635223,
            -0.9469664692878723,
            1.434685468673706
          ],
          [
            0.0,
            0.0,
            0.0,
            1.0
          ]
        ]
      },
      "bone_length_armature_space": 0.26796944838349795,
      "parent": "spine_01",
      "has_children": true,
      "is_end_bone": false
    },
    "lowerarm_l": {
      "name": "lowerarm_l",
      "local": {
        "location": {
          "x": 0.0,
          "y": 0.0,
          "z": 0.0
        },
        "rotation_quaternion": {
          "w": 0.8145830631256104,
          "x": 0.4575681686401367,
          "y": 0.25952020287513733,
          "z": -0.24440793693065643
        },
        "scale": {
          "x": 1.0,
          "y": 1.0,
          "z": 1.0
        },
        "matrix_basis": [
          [
            0.7458280324935913,
            0.6356775164604187,
            0.1991349458694458,
            0.0
          ],
          [
            -0.1606847643852234,
            0.4617922604084015,
            -0.8723121285438538,
            0.0
          ],
          [
            -0.6464681029319763,
            0.6185969710350037,
            0.4465612769126892,
            0.0
          ],
          [
            0.0,
            0.0,
            0.0,
            1.0
          ]
        ],
        "rotation_mode": "QUATERNION"
      },
      "armature_space": {
        "head": {
          "x": 0.21485136449337006,
          "y": -0.3819965422153473,
          "z": 0.503738522529602
        },
        "tail": {
          "x": 0.3235865831375122,
          "y": -0.475749135017395,
          "z": 0.27800142765045166
        }
      },
      "world_space": {
        "head": {
          "x": 0.21485136449337006,
          "y": -0.3187525272369385,
          "z": 1.4535925388336182
        },
        "tail": {
          "x": 0.3235865831375122,
          "y": -0.4125051498413086,
          "z": 1.2278554439544678
        },
        "rotation_quaternion": {
          "w": 0.5130805969238281,
          "x": -0.8217183947563171,
          "y": -0.24804428219795227,
          "z": 0.0011651372769847512
        },
        "matrix": [
          [
            0.8769446611404419,
            0.40644964575767517,
            -0.2564498484134674,
            0.21485136449337006
          ],
          [
            0.40884271264076233,
            -0.35044488310813904,
            0.8426365256309509,
            -0.3187525272369385
          ],
          [
            0.25262001156806946,
            -0.8437997102737427,
            -0.4734974801540375,
            1.4535925388336182
          ],
          [
            0.0,
            0.0,
            0.0,
            1.0
          ]
        ]
      },
      "bone_length_armature_space": 0.26752594801075136,
      "parent": "upperarm_l",
      "has_children": true,
      "is_end_bone": false
    },
    "metacarpal_thumb_l": {
      "name": "metacarpal_thumb_l",
      "local": {
        "location": {
          "x": 0.0,
          "y": 0.0,
          "z": 0.0
        },
        "rotation_quaternion": {
          "w": 0.9986670017242432,
          "x": -0.04779450595378876,
          "y": -0.019440194591879845,
          "z": 0.0014223420294001698
        },
        "scale": {
          "x": 1.0,
          "y": 1.0,
          "z": 1.0
        },
        "matrix_basis": [
          [
            0.9992401003837585,
            -0.0009826230816543102,
            -0.03896452113986015,
            0.0
          ],
          [
            0.004699161276221275,
            0.9954273104667664,
            0.09540629386901855,
            0.0
          ],
          [
            0.03869260102510452,
            -0.09551689028739929,
            0.9946755170822144,
            0.0
          ],
          [
            0.0,
            0.0,
            0.0,
            1.0
          ]
        ],
        "rotation_mode": "QUATERNION"
      },
      "armature_space": {
        "head": {
          "x": 0.3235865831375122,
          "y": -0.475749135017395,
          "z": 0.27800142765045166
        },
        "tail": {
          "x": 0.33603787422180176,
          "y": -0.46321773529052734,
          "z": 0.23172461986541748
        }
      },
      "world_space": {
        "head": {
          "x": 0.3235865831375122,
          "y": -0.4125051498413086,
          "z": 1.2278554439544678
        },
        "tail": {
          "x": 0.33603787422180176,
          "y": -0.3999737501144409,
          "z": 1.1815786361694336
        },
        "rotation_quaternion": {
          "w": 0.7311204075813293,
          "x": -0.4842967689037323,
          "y": 0.30324405431747437,
          "z": -0.3727768659591675
        },
        "matrix": [
          [
            0.5381599068641663,
            0.2513701319694519,
            0.8044853806495667,
            0.3235865831375122
          ],
          [
            -0.8388104438781738,
            0.2529873847961426,
            0.48207327723503113,
            -0.4125051498413086
          ],
          [
            -0.08234710991382599,
            -0.9342496991157532,
            0.34700265526771545,
            1.2278554439544678
          ],
          [
            0.0,
            0.0,
            0.0,
            1.0
          ]
        ]
      },
      "bone_length_armature_space": 0.04953396400199163,
      "parent": "lowerarm_l",
      "has_children": true,
      "is_end_bone": false
    },
    "thumb_01_l": {
      "name": "thumb_01_l",
      "local": {
        "location": {
          "x": 0.0,
          "y": 0.0,
          "z": 0.0
        },
        "rotation_quaternion": {
          "w": 0.9795718193054199,
          "x": 0.20076335966587067,
          "y": 0.00498527055606246,
          "z": 0.010409052483737469
        },
        "scale": {
          "x": 1.0,
          "y": 1.0,
          "z": 1.0
        },
        "matrix_basis": [
          [
            0.9997336268424988,
            -0.018391110002994537,
            0.01394637394696474,
            0.0
          ],
          [
            0.02239454910159111,
            0.9191714525222778,
            -0.3932204842567444,
            0.0
          ],
          [
            -0.005587348248809576,
            0.3934280574321747,
            0.9193384647369385,
            0.0
          ],
          [
            0.0,
            0.0,
            0.0,
            1.0
          ]
        ],
        "rotation_mode": "QUATERNION"
      },
      "armature_space": {
        "head": {
          "x": 0.33603787422180176,
          "y": -0.46321773529052734,
          "z": 0.23172461986541748
        },
        "tail": {
          "x": 0.36644935607910156,
          "y": -0.45385515689849854,
          "z": 0.2196369767189026
        }
      },
      "world_space": {
        "head": {
          "x": 0.33603787422180176,
          "y": -0.3999737501144409,
          "z": 1.1815786361694336
        },
        "tail": {
          "x": 0.36644935607910156,
          "y": -0.3906111717224121,
          "z": 1.1694910526275635
        },
        "rotation_quaternion": {
          "w": 0.4855215847492218,
          "x": 0.3089388906955719,
          "y": 0.6338760256767273,
          "z": -0.516746461391449
        },
        "matrix": [
          [
            -0.3376508951187134,
            0.8934412002563477,
            0.2962341010570526,
            0.33603787422180176
          ],
          [
            -0.11012829095125198,
            0.2750581204891205,
            -0.9550995230674744,
            -0.3999737501144409
          ],
          [
            -0.9348136186599731,
            -0.355116069316864,
            0.005518659949302673,
            1.1815786361694336
          ],
          [
            0.0,
            0.0,
            0.0,
            1.0
          ]
        ]
      },
      "bone_length_armature_space": 0.03403861317194102,
      "parent": "metacarpal_thumb_l",
      "has_children": true,
      "is_end_bone": false
    },
    "thumb_02_l": {
      "name": "thumb_02_l",
      "local": {
        "location": {
          "x": 0.0,
          "y": 0.0,
          "z": 0.0
        },
        "rotation_quaternion": {
          "w": 0.9388452768325806,
          "x": 0.34422963857650757,
          "y": -0.00816476158797741,
          "z": 0.002988392487168312
        },
        "scale": {
          "x": 1.0,
          "y": 1.0,
          "z": 1.0
        },
        "matrix_basis": [
          [
            0.9998487830162048,
            -0.011232382617890835,
            -0.013273509219288826,
            0.0
          ],
          [
            -9.82951678452082e-06,
            0.7629940509796143,
            -0.6464055180549622,
            0.0
          ],
          [
            0.01738828234374523,
            0.6463079452514648,
            0.7628785967826843,
            0.0
          ],
          [
            0.0,
            0.0,
            0.0,
            1.0
          ]
        ],
        "rotation_mode": "QUATERNION"
      },
      "armature_space": {
        "head": {
          "x": 0.3664493262767792,
          "y": -0.45385512709617615,
          "z": 0.21963700652122498
        },
        "tail": {
          "x": 0.3597758710384369,
          "y": -0.4870779812335968,
          "z": 0.1980755776166916
        }
      },
      "world_space": {
        "head": {
          "x": 0.3664493262767792,
          "y": -0.39061111211776733,
          "z": 1.1694910526275635
        },
        "tail": {
          "x": 0.3597758710384369,
          "y": -0.423833966255188,
          "z": 1.1479295492172241
        },
        "rotation_quaternion": {
          "w": 0.20368684828281403,
          "x": -0.4289044737815857,
          "y": -0.21195802092552185,
          "z": 0.854181706905365
        },
        "matrix": [
          [
            -0.5491052269935608,
            -0.16615357995033264,
            -0.8190703392028809,
            0.3664493262767792
          ],
          [
            0.5297907590866089,
            -0.8271714448928833,
            -0.1873752772808075,
            -0.39061111211776733
          ],
          [
            -0.6463826894760132,
            -0.5368293523788452,
            0.5422343015670776,
            1.1694910526275635
          ],
          [
            0.0,
            0.0,
            0.0,
            1.0
          ]
        ]
      },
      "bone_length_armature_space": 0.04016451441846267,
      "parent": "thumb_01_l",
      "has_children": true,
      "is_end_bone": false
    },
    "thumb_03_l": {
      "name": "thumb_03_l",
      "local": {
        "location": {
          "x": 0.0,
          "y": 0.0,
          "z": 0.0
        },
        "rotation_quaternion": {
          "w": 0.9770593047142029,
          "x": 0.21286803483963013,
          "y": 0.004108848050236702,
          "z": 0.00504628662019968
        },
        "scale": {
          "x": 1.0,
          "y": 1.0,
          "z": 1.0
        },
        "matrix_basis": [
          [
            0.9999153017997742,
            -0.008111758157610893,
            0.010177562944591045,
            0.0
          ],
          [
            0.011610327288508415,
            0.9093234539031982,
            -0.415927916765213,
            0.0
          ],
          [
            -0.005880790296941996,
            0.41601085662841797,
            0.9093406200408936,
            0.0
          ],
          [
            0.0,
            0.0,
            0.0,
            1.0
          ]
        ],
        "rotation_mode": "QUATERNION"
      },
      "armature_space": {
        "head": {
          "x": 0.3597759008407593,
          "y": -0.48707789182662964,
          "z": 0.198075532913208
        },
        "tail": {
          "x": 0.34014618396759033,
          "y": -0.5102044343948364,
          "z": 0.19548189640045166
        }
      },
      "world_space": {
        "head": {
          "x": 0.3597759008407593,
          "y": -0.4238339066505432,
          "z": 1.1479295492172241
        },
        "tail": {
          "x": 0.34014618396759033,
          "y": -0.44696044921875,
          "z": 1.1453359127044678
        },
        "rotation_quaternion": {
          "w": 0.3110276162624359,
          "x": -0.5209834575653076,
          "y": 0.15313665568828583,
          "z": 0.7799918055534363
        },
        "matrix": [
          [
            -0.2636752128601074,
            -0.6447628736495972,
            -0.7174650430679321,
            0.3597759008407593
          ],
          [
            0.32563474774360657,
            -0.7596208453178406,
            0.562972903251648,
            -0.4238339066505432
          ],
          [
            -0.9079916477203369,
            -0.08519105613231659,
            0.41025373339653015,
            1.1479295492172241
          ],
          [
            0.0,
            0.0,
            0.0,
            1.0
          ]
        ]
      },
      "bone_length_armature_space": 0.030444863116182337,
      "parent": "thumb_02_l",
      "has_children": false,
      "is_end_bone": true
    },
    "metacarpal_index_l": {
      "name": "metacarpal_index_l",
      "local": {
        "location": {
          "x": 0.0,
          "y": 0.0,
          "z": 0.0
        },
        "rotation_quaternion": {
          "w": 0.9996604919433594,
          "x": -0.02268170565366745,
          "y": -0.011901460587978363,
          "z": -0.004792057443410158
        },
        "scale": {
          "x": 1.0,
          "y": 1.0,
          "z": 1.0
        },
        "matrix_basis": [
          [
            0.9996708035469055,
            0.010120752267539501,
            -0.023577455431222916,
            0.0
          ],
          [
            -0.009040970355272293,
            0.9989251494407654,
            0.045462075620889664,
            0.0
          ],
          [
            0.02401222474873066,
            -0.04523394629359245,
            0.9986878037452698,
            0.0
          ],
          [
            0.0,
            0.0,
            0.0,
            1.0
          ]
        ],
        "rotation_mode": "QUATERNION"
      },
      "armature_space": {
        "head": {
          "x": 0.3235865831375122,
          "y": -0.475749135017395,
          "z": 0.27800142765045166
        },
        "tail": {
          "x": 0.36324477195739746,
          "y": -0.4874235987663269,
          "z": 0.16836416721343994
        }
      },
      "world_space": {
        "head": {
          "x": 0.3235865831375122,
          "y": -0.4125051498413086,
          "z": 1.2278554439544678
        },
        "tail": {
          "x": 0.36324477195739746,
          "y": -0.4241796135902405,
          "z": 1.118218183517456
        },
        "rotation_quaternion": {
          "w": 0.6690468788146973,
          "x": -0.6762797236442566,
          "y": 0.05058720335364342,
          "z": -0.30407747626304626
        },
        "matrix": [
          [
            0.8099541068077087,
            0.3384619951248169,
            0.4789755642414093,
            0.3235865831375122
          ],
          [
            -0.47530844807624817,
            -0.09963537752628326,
            0.8741596341133118,
            -0.4125051498413086
          ],
          [
            0.34359481930732727,
            -0.9356971383094788,
            0.08017511665821075,
            1.2278554439544678
          ],
          [
            0.0,
            0.0,
            0.0,
            1.0
          ]
        ]
      },
      "bone_length_armature_space": 0.11717249698514129,
      "parent": "lowerarm_l",
      "has_children": true,
      "is_end_bone": false
    },
    "index_01_l": {
      "name": "index_01_l",
      "local": {
        "location": {
          "x": 0.0,
          "y": 0.0,
          "z": 0.0
        },
        "rotation_quaternion": {
          "w": 0.9783914089202881,
          "x": 0.20603664219379425,
          "y": -0.015217643231153488,
          "z": 0.008223596028983593
        },
        "scale": {
          "x": 1.0,
          "y": 1.0,
          "z": 1.0
        },
        "matrix_basis": [
          [
            0.9994015693664551,
            -0.02236257493495941,
            -0.026388898491859436,
            0.0
          ],
          [
            0.009821007028222084,
            0.9149625301361084,
            -0.40341925621032715,
            0.0
          ],
          [
            0.033166345208883286,
            0.40291866660118103,
            0.914634644985199,
            0.0
          ],
          [
            0.0,
            0.0,
            0.0,
            1.0
          ]
        ],
        "rotation_mode": "QUATERNION"
      },
      "armature_space": {
        "head": {
          "x": 0.36324477195739746,
          "y": -0.4874235987663269,
          "z": 0.16836416721343994
        },
        "tail": {
          "x": 0.3831007182598114,
          "y": -0.48736655712127686,
          "z": 0.14789924025535583
        }
      },
      "world_space": {
        "head": {
          "x": 0.36324477195739746,
          "y": -0.4241796135902405,
          "z": 1.118218183517456
        },
        "tail": {
          "x": 0.3831007182598114,
          "y": -0.42412257194519043,
          "z": 1.0977532863616943
        },
        "rotation_quaternion": {
          "w": 0.6961791515350342,
          "x": -0.5874730944633484,
          "y": -0.12780995666980743,
          "z": -0.3922685980796814
        },
        "matrix": [
          [
            0.6595780849456787,
            0.6963486671447754,
            0.2829399108886719,
            0.36324477195739746
          ],
          [
            -0.39601173996925354,
            0.002000749111175537,
            0.9182434678077698,
            -0.4241796135902405
          ],
          [
            0.6388558149337769,
            -0.7177059650421143,
            0.2770847678184509,
            1.118218183517456
          ],
          [
            0.0,
            0.0,
            0.0,
            1.0
          ]
        ]
      },
      "bone_length_armature_space": 0.028514471299150187,
      "parent": "metacarpal_index_l",
      "has_children": true,
      "is_end_bone": false
    },
    "index_02_l": {
      "name": "index_02_l",
      "local": {
        "location": {
          "x": 0.0,
          "y": 0.0,
          "z": 0.0
        },
        "rotation_quaternion": {
          "w": 0.9229609370231628,
          "x": 0.3848227262496948,
          "y": -0.005862312391400337,
          "z": -0.004512155894190073
        },
        "scale": {
          "x": 1.0,
          "y": 1.0,
          "z": 1.0
        },
        "matrix_basis": [
          [
            0.9998905658721924,
            0.0038171852938830853,
            -0.014294130727648735,
            0.0
          ],
          [
            -0.012840989045798779,
            0.7037822008132935,
            -0.7102997899055481,
            0.0
          ],
          [
            0.007348610553890467,
            0.7104055881500244,
            0.703754186630249,
            0.0
          ],
          [
            0.0,
            0.0,
            0.0,
            1.0
          ]
        ],
        "rotation_mode": "QUATERNION"
      },
      "armature_space": {
        "head": {
          "x": 0.3831009268760681,
          "y": -0.4873661696910858,
          "z": 0.14789889752864838
        },
        "tail": {
          "x": 0.4007433354854584,
          "y": -0.4710008502006531,
          "z": 0.1390099674463272
        }
      },
      "world_space": {
        "head": {
          "x": 0.3831009268760681,
          "y": -0.424122154712677,
          "z": 1.0977529287338257
        },
        "tail": {
          "x": 0.4007433354854584,
          "y": -0.40775686502456665,
          "z": 1.0888639688491821
        },
        "rotation_quaternion": {
          "w": 0.855327844619751,
          "x": -0.30505988001823425,
          "y": -0.2956119179725647,
          "z": -0.29659146070480347
        },
        "matrix": [
          [
            0.6492939591407776,
            0.6877251267433167,
            -0.32473254203796387,
            0.3831009268760681
          ],
          [
            -0.3270079791545868,
            0.6379433870315552,
            0.6972047090530396,
            -0.424122154712677
          ],
          [
            0.6866508722305298,
            -0.3465026021003723,
            0.63910973072052,
            1.0977529287338257
          ],
          [
            0.0,
            0.0,
            0.0,
            1.0
          ]
        ]
      },
      "bone_length_armature_space": 0.025653291292261994,
      "parent": "index_01_l",
      "has_children": true,
      "is_end_bone": false
    },
    "index_03_l": {
      "name": "index_03_l",
      "local": {
        "location": {
          "x": 0.0,
          "y": 0.0,
          "z": 0.0
        },
        "rotation_quaternion": {
          "w": 0.9597588181495667,
          "x": 0.2807402014732361,
          "y": -0.006922339554876089,
          "z": -0.0005074467626400292
        },
        "scale": {
          "x": 1.0,
          "y": 1.0,
          "z": 1.0
        },
        "matrix_basis": [
          [
            0.9999036192893982,
            -0.0029127050656825304,
            -0.013572474010288715,
            0.0
          ],
          [
            -0.004860810935497284,
            0.8423693776130676,
            -0.5388787388801575,
            0.0
          ],
          [
            0.01300263125449419,
            0.5388928055763245,
            0.8422740697860718,
            0.0
          ],
          [
            0.0,
            0.0,
            0.0,
            1.0
          ]
        ],
        "rotation_mode": "QUATERNION"
      },
      "armature_space": {
        "head": {
          "x": 0.40074336528778076,
          "y": -0.47100093960762024,
          "z": 0.13900986313819885
        },
        "tail": {
          "x": 0.4128144681453705,
          "y": -0.44499635696411133,
          "z": 0.1446474939584732
        }
      },
      "world_space": {
        "head": {
          "x": 0.40074336528778076,
          "y": -0.4077569246292114,
          "z": 1.0888638496398926
        },
        "tail": {
          "x": 0.4128144681453705,
          "y": -0.3817523717880249,
          "z": 1.0945014953613281
        },
        "rotation_quaternion": {
          "w": 0.8953973650932312,
          "x": 0.008673438802361488,
          "y": -0.37850090861320496,
          "z": -0.23436199128627777
        },
        "matrix": [
          [
            0.603622555732727,
            0.4131297469139099,
            -0.6818822622299194,
            0.40074336528778076
          ],
          [
            -0.42625999450683594,
            0.8899984359741211,
            0.16188174486160278,
            -0.4077569246292114
          ],
          [
            0.6737566590309143,
            0.1929459571838379,
            0.7133291959762573,
            1.0888638496398926
          ],
          [
            0.0,
            0.0,
            0.0,
            1.0
          ]
        ]
      },
      "bone_length_armature_space": 0.029218705268990734,
      "parent": "index_02_l",
      "has_children": false,
      "is_end_bone": true
    },
    "metacarpal_pinky_l": {
      "name": "metacarpal_pinky_l",
      "local": {
        "location": {
          "x": 0.0,
          "y": 0.0,
          "z": 0.0
        },
        "rotation_quaternion": {
          "w": 0.9998247027397156,
          "x": -0.014866914600133896,
          "y": -0.010751127265393734,
          "z": 0.003754252102226019
        },
        "scale": {
          "x": 1.0,
          "y": 1.0,
          "z": 1.0
        },
        "matrix_basis": [
          [
            0.9997406601905823,
            -0.007187515962868929,
            -0.021610112860798836,
            0.0
          ],
          [
            0.007826860062777996,
            0.9995297789573669,
            0.029647892341017723,
            0.0
          ],
          [
            0.021386856213212013,
            -0.029809342697262764,
            0.999326765537262,
            0.0
          ],
          [
            0.0,
            0.0,
            0.0,
            1.0
          ]
        ],
        "rotation_mode": "QUATERNION"
      },
      "armature_space": {
        "head": {
          "x": 0.3235865831375122,
          "y": -0.475749135017395,
          "z": 0.27800142765045166
        },
        "tail": {
          "x": 0.37511155009269714,
          "y": -0.5368414521217346,
          "z": 0.21124672889709473
        }
      },
      "world_space": {
        "head": {
          "x": 0.3235865831375122,
          "y": -0.4125051498413086,
          "z": 1.2278554439544678
        },
        "tail": {
          "x": 0.37511155009269714,
          "y": -0.4735974669456482,
          "z": 1.1611007452011108
        },
        "rotation_quaternion": {
          "w": 0.13591718673706055,
          "x": -0.7301501631736755,
          "y": -0.4337988495826721,
          "z": 0.5101233720779419
        },
        "matrix": [
          [
            0.10318394005298615,
            0.4948101341724396,
            -0.8628532886505127,
            0.3235865831375122
          ],
          [
            0.7721461057662964,
            -0.5866886973381042,
            -0.24410481750965118,
            -0.4125051498413086
          ],
          [
            -0.6270157098770142,
            -0.6410661935806274,
            -0.4426060914993286,
            1.2278554439544678
          ],
          [
            0.0,
            0.0,
            0.0,
            1.0
          ]
        ]
      },
      "bone_length_armature_space": 0.10413108804193436,
      "parent": "lowerarm_l",
      "has_children": true,
      "is_end_bone": false
    },
    "pinky_01_l": {
      "name": "pinky_01_l",
      "local": {
        "location": {
          "x": 0.0,
          "y": 0.0,
          "z": 0.0
        },
        "rotation_quaternion": {
          "w": 0.9427403211593628,
          "x": 0.33338937163352966,
          "y": 0.003986084368079901,
          "z": -0.008738315664231777
        },
        "scale": {
          "x": 1.0,
          "y": 1.0,
          "z": 1.0
        },
        "matrix_basis": [
          [
            0.9998155236244202,
            0.019133761525154114,
            0.0016891617560759187,
            0.0
          ],
          [
            -0.013818088918924332,
            0.7775503396987915,
            -0.6286688446998596,
            0.0
          ],
          [
            -0.013342208229005337,
            0.6285295486450195,
            0.7776712775230408,
            0.0
          ],
          [
            0.0,
            0.0,
            0.0,
            1.0
          ]
        ],
        "rotation_mode": "QUATERNION"
      },
      "armature_space": {
        "head": {
          "x": 0.37511155009269714,
          "y": -0.5368414521217346,
          "z": 0.21124672889709473
        },
