{
  "metadata": {
    "armature_name": "KIM_caucasian_male",
    "export_time": "2026-01-13T21:16:42.791867",
    "blender_version": "4.4.1",
    "bone_count": 56,
    "end_bone_count": 13,
    "spaces_included": [
      "LOCAL_CHANNELS",
      "ARMATURE_SPACE",
      "WORLD_SPACE"
    ],
    "note": "LOCAL matches Transform panel; replay pose via local.matrix_basis for best fidelity."
  },
  "bones": {
    "Root": {
      "name": "Root",
      "local": {
        "location": {
          "x": 0.0,
          "y": 0.0,
          "z": 0.0
        },
        "rotation_quaternion": {
          "w": 0.9998965263366699,
          "x": 0.005461919121444225,
          "y": -0.005871748551726341,
          "z": 0.011942910961806774
        },
        "scale": {
          "x": 1.0,
          "y": 1.0,
          "z": 1.0
        },
        "matrix_basis": [
          [
            0.9996457695960999,
            -0.023947492241859436,
            -0.01161181926727295,
            0.0
          ],
          [
            0.0238192081451416,
            0.9996550679206848,
            -0.01106295920908451,
            0.0
          ],
          [
            0.01187274418771267,
            0.010782456025481224,
            0.9998713731765747,
            0.0
          ],
          [
            0.0,
            0.0,
            0.0,
            1.0
          ]
        ],
        "rotation_mode": "QUATERNION"
      },
      "armature_space": {
        "head": {
          "x": 0.0,
          "y": 0.07072800397872925,
          "z": -0.009595036506652832
        },
        "tail": {
          "x": -0.0017092730849981308,
          "y": -7.905811071395874e-05,
          "z": -0.0007659373804926872
        }
      },
      "world_space": {
        "head": {
          "x": 0.0,
          "y": 0.13397200405597687,
          "z": 0.9402589797973633
        },
        "tail": {
          "x": -0.0017092730849981308,
          "y": 0.06316494196653366,
          "z": 0.9490880966186523
        },
        "rotation_quaternion": {
          "w": 0.061911169439554214,
          "x": 0.9979929327964783,
          "y": -0.01231134682893753,
          "z": -0.0050538405776023865
        },
        "matrix": [
          [
            0.9996457695960999,
            -0.023947492241859436,
            -0.01161181926727295,
            0.0
          ],
          [
            -0.025199055671691895,
            -0.9920308589935303,
            -0.12344986200332642,
            0.13397200405597687
          ],
          [
            -0.00856305193156004,
            0.1236986592411995,
            -0.9922899603843689,
            0.9402589797973633
          ],
          [
            0.0,
            0.0,
            0.0,
            1.0
          ]
        ]
      },
      "bone_length_armature_space": 0.07137586880508444,
      "parent": null,
      "has_children": true,
      "is_end_bone": false
    },
    "spine_01": {
      "name": "spine_01",
      "local": {
        "location": {
          "x": 0.0,
          "y": 0.0,
          "z": 0.0
        },
        "rotation_quaternion": {
          "w": 0.9949125647544861,
          "x": 0.06416872888803482,
          "y": -0.037812910974025726,
          "z": 0.0678359866142273
        },
        "scale": {
          "x": 1.0,
          "y": 1.0,
          "z": 1.0
        },
        "matrix_basis": [
          [
            0.9879369139671326,
            -0.13983456790447235,
            -0.06653518229722977,
            0.0
          ],
          [
            0.13012893497943878,
            0.9825612902641296,
            -0.1328147053718567,
            0.0
          ],
          [
            0.08394698053598404,
            0.12255439907312393,
            0.988905131816864,
            0.0
          ],
          [
            0.0,
            0.0,
            0.0,
            1.0
          ]
        ],
        "rotation_mode": "QUATERNION"
      },
      "armature_space": {
        "head": {
          "x": -0.0017092730849981308,
          "y": -7.905811071395874e-05,
          "z": -0.0007659373804926872
        },
        "tail": {
          "x": -0.06687623262405396,
          "y": -0.04098958894610405,
          "z": 0.48113447427749634
        }
      },
      "world_space": {
        "head": {
          "x": -0.0017092730849981308,
          "y": 0.06316494196653366,
          "z": 0.9490880966186523
        },
        "tail": {
          "x": -0.06687623262405396,
          "y": 0.02225441113114357,
          "z": 1.4309885501861572
        },
        "rotation_quaternion": {
          "w": 0.6719881892204285,
          "x": 0.7360684871673584,
          "y": -0.08071715384721756,
          "z": 0.010946394875645638
        },
        "matrix": [
          [
            0.9867297410964966,
            -0.13353851437568665,
            -0.09236820042133331,
            -0.0017092730849981308
          ],
          [
            -0.10411582142114639,
            -0.08383284509181976,
            -0.9910257458686829,
            0.06316494196653366
          ],
          [
            0.12459739297628403,
            0.98749840259552,
            -0.0966254249215126,
            0.9490880966186523
          ],
          [
            0.0,
            0.0,
            0.0,
            1.0
          ]
        ]
      },
      "bone_length_armature_space": 0.48800453844963015,
      "parent": "Root",
      "has_children": true,
      "is_end_bone": false
    },
    "neck_01": {
      "name": "neck_01",
      "local": {
        "location": {
          "x": 0.0,
          "y": 0.0,
          "z": 0.0
        },
        "rotation_quaternion": {
          "w": 0.9867751598358154,
          "x": -0.13853904604911804,
          "y": 0.08107467740774155,
          "z": 0.022553807124495506
        },
        "scale": {
          "x": 1.0,
          "y": 1.0,
          "z": 1.0
        },
        "matrix_basis": [
          [
            0.9858364462852478,
            -0.06697508692741394,
            0.153755784034729,
            0.0
          ],
          [
            0.022047055885195732,
            0.96059650182724,
            0.2770708501338959,
            0.0
          ],
          [
            -0.16625411808490753,
            -0.2697567045688629,
            0.9484676718711853,
            0.0
          ],
          [
            0.0,
            0.0,
            0.0,
            1.0
          ]
        ],
        "rotation_mode": "QUATERNION"
      },
      "armature_space": {
        "head": {
          "x": -0.07985708862543106,
          "y": -0.08149690926074982,
          "z": 0.5500866174697876
        },
        "tail": {
          "x": -0.10124527662992477,
          "y": -0.1010189950466156,
          "z": 0.6484339237213135
        }
      },
      "world_space": {
        "head": {
          "x": -0.07985708862543106,
          "y": -0.018252909183502197,
          "z": 1.4999406337738037
        },
        "tail": {
          "x": -0.10124527662992477,
          "y": -0.03777499496936798,
          "z": 1.5982879400253296
        },
        "rotation_quaternion": {
          "w": 0.6336386799812317,
          "x": 0.7655903697013855,
          "y": -0.057376790791749954,
          "z": 0.09529685974121094
        },
        "matrix": [
          [
            0.9752529263496399,
            -0.20862184464931488,
            0.07320311665534973,
            -0.07985708862543106
          ],
          [
            0.03291209042072296,
            -0.19041971862316132,
            -0.9811510443687439,
            -0.018252909183502197
          ],
          [
            0.21863043308258057,
            0.959286093711853,
            -0.17884346842765808,
            1.4999406337738037
          ],
          [
            0.0,
            0.0,
            0.0,
            1.0
          ]
        ]
      },
      "bone_length_armature_space": 0.10252199414088838,
      "parent": "spine_01",
      "has_children": true,
      "is_end_bone": false
    },
    "head": {
      "name": "head",
      "local": {
        "location": {
          "x": 0.0,
          "y": 0.0,
          "z": 0.0
        },
        "rotation_quaternion": {
          "w": 0.999718427658081,
          "x": -0.01568572409451008,
          "y": 0.0038760376628488302,
          "z": -0.017384544014930725
        },
        "scale": {
          "x": 1.0,
          "y": 1.0,
          "z": 1.0
        },
        "matrix_basis": [
          [
            0.999365508556366,
            0.034637700766325,
            0.008295270614326,
            0.0
          ],
          [
            -0.03488089516758919,
            0.9989034533500671,
            0.031227849423885345,
            0.0
          ],
          [
            -0.007204514462500811,
            -0.03149738162755966,
            0.9994778633117676,
            0.0
          ],
          [
            0.0,
            0.0,
            0.0,
            1.0
          ]
        ],
        "rotation_mode": "QUATERNION"
      },
      "armature_space": {
        "head": {
          "x": -0.10124524682760239,
          "y": -0.10101913660764694,
          "z": 0.6484338641166687
        },
        "tail": {
          "x": -0.13028661906719208,
          "y": -0.06861211359500885,
          "z": 0.7972951531410217
        }
      },
      "world_space": {
        "head": {
          "x": -0.10124524682760239,
          "y": -0.03777513653039932,
          "z": 1.59828782081604
        },
        "tail": {
          "x": -0.13028661906719208,
          "y": -0.0053681135177612305,
          "z": 1.7471492290496826
        },
        "rotation_quaternion": {
          "w": 0.7749632596969604,
          "x": 0.6249539256095886,
          "y": -0.06252720952033997,
          "z": 0.07039136439561844
        },
        "matrix": [
          [
            0.9822708368301392,
            -0.18725474178791046,
            -0.00892876461148262,
            -0.10124524682760239
          ],
          [
            0.030949417501688004,
            0.20895594358444214,
            -0.977435290813446,
            -0.03777513653039932
          ],
          [
            0.18489645421504974,
            0.9598367810249329,
            0.2110472023487091,
            1.59828782081604
          ],
          [
            0.0,
            0.0,
            0.0,
            1.0
          ]
        ]
      },
      "bone_length_armature_space": 0.15509126018139852,
      "parent": "neck_01",
      "has_children": false,
      "is_end_bone": true
    },
    "upperarm_l": {
      "name": "upperarm_l",
      "local": {
        "location": {
          "x": 0.0,
          "y": 0.0,
          "z": 0.0
        },
        "rotation_quaternion": {
          "w": 0.9825462102890015,
          "x": 0.054486941546201706,
          "y": 0.1270655393600464,
          "z": 0.12445306777954102
        },
        "scale": {
          "x": 1.0,
          "y": 1.0,
          "z": 1.0
        },
        "matrix_basis": [
          [
            0.9367315769195557,
            -0.23071496188640594,
            0.2632576525211334,
            0.0
          ],
          [
            0.2584086060523987,
            0.9630852341651917,
            -0.07544448226690292,
            0.0
          ],
          [
            -0.2361333966255188,
            0.1386992633342743,
            0.9617710709571838,
            0.0
          ],
          [
            0.0,
            0.0,
            0.0,
            1.0
          ]
        ],
        "rotation_mode": "QUATERNION"
      },
      "armature_space": {
        "head": {
          "x": 0.07683262228965759,
          "y": -0.0946405753493309,
          "z": 0.5021005272865295
        },
        "tail": {
          "x": 0.3240343928337097,
          "y": -0.15465644001960754,
          "z": 0.5863447189331055
        }
      },
      "world_space": {
        "head": {
          "x": 0.07683262228965759,
          "y": -0.03139657527208328,
          "z": 1.4519546031951904
        },
        "tail": {
          "x": 0.3240343928337097,
          "y": -0.09141243994235992,
          "z": 1.5361987352371216
        },
        "rotation_quaternion": {
          "w": 0.4389326274394989,
          "x": 0.7032251358032227,
          "y": 0.4419897794723511,
          "z": -0.34272098541259766
        },
        "matrix": [
          [
            0.3743738830089569,
            0.9224998950958252,
            -0.0940113216638565,
            0.07683262228965759
          ],
          [
            0.32077524065971375,
            -0.2239653468132019,
            -0.9202951192855835,
            -0.03139657527208328
          ],
          [
            -0.8700331449508667,
            0.31437987089157104,
            -0.3797653913497925,
            1.4519546031951904
          ],
          [
            0.0,
            0.0,
            0.0,
            1.0
          ]
        ]
      },
      "bone_length_armature_space": 0.26796959429933204,
      "parent": "spine_01",
      "has_children": true,
      "is_end_bone": false
    },
    "lowerarm_l": {
      "name": "lowerarm_l",
      "local": {
        "location": {
          "x": 0.0,
          "y": 0.0,
          "z": 0.0
        },
        "rotation_quaternion": {
          "w": 0.9185786247253418,
          "x": 0.38210850954055786,
          "y": -0.041050057858228683,
          "z": -0.09231182932853699
        },
        "scale": {
          "x": 1.0,
          "y": 1.0,
          "z": 1.0
        },
        "matrix_basis": [
          [
            0.9795868396759033,
            0.1382201910018921,
            -0.1459616869688034,
            0.0
          ],
          [
            -0.20096249878406525,
            0.6909432411193848,
            -0.6944146156311035,
            0.0
          ],
          [
            0.0048691402189433575,
            0.7095722556114197,
            0.7046159505844116,
            0.0
          ],
          [
            0.0,
            0.0,
            0.0,
            1.0
          ]
        ],
        "rotation_mode": "QUATERNION"
      },
      "armature_space": {
        "head": {
          "x": 0.3240344226360321,
          "y": -0.1546565443277359,
          "z": 0.586344838142395
        },
        "tail": {
          "x": 0.4520699083805084,
          "y": -0.38787245750427246,
          "z": 0.5582976341247559
        }
      },
      "world_space": {
        "head": {
          "x": 0.3240344226360321,
          "y": -0.09141254425048828,
          "z": 1.5361988544464111
        },
        "tail": {
          "x": 0.4520699083805084,
          "y": -0.32462847232818604,
          "z": 1.508151650428772
        },
        "rotation_quaternion": {
          "w": 0.10499028861522675,
          "x": 0.7741187214851379,
          "y": 0.23043233156204224,
          "z": -0.5801880359649658
        },
        "matrix": [
          [
            0.22056491672992706,
            0.47859352827072144,
            -0.8498818874359131,
            0.3240344226360321
          ],
          [
            0.23493577539920807,
            -0.8717554211616516,
            -0.4299396872520447,
            -0.09141254425048828
          ],
          [
            -0.9466617703437805,
            -0.10483969748020172,
            -0.30471983551979065,
            1.5361988544464111
          ],
          [
            0.0,
            0.0,
            0.0,
            1.0
          ]
        ]
      },
      "bone_length_armature_space": 0.267524568238672,
      "parent": "upperarm_l",
      "has_children": true,
      "is_end_bone": false
    },
    "metacarpal_thumb_l": {
      "name": "metacarpal_thumb_l",
      "local": {
        "location": {
          "x": 0.0,
          "y": 0.0,
          "z": 0.0
        },
        "rotation_quaternion": {
          "w": 0.999809741973877,
          "x": 0.00793999433517456,
          "y": 0.009086846373975277,
          "z": 0.015322759747505188
        },
        "scale": {
          "x": 1.0,
          "y": 1.0,
          "z": 1.0
        },
        "matrix_basis": [
          [
            0.9993652701377869,
            -0.03049539029598236,
            0.018413560464978218,
            0.0
          ],
          [
            0.030783988535404205,
            0.9994043111801147,
            -0.015598496422171593,
            0.0
          ],
          [
            -0.017926909029483795,
            0.016155438497662544,
            0.9997087717056274,
            0.0
          ],
          [
            0.0,
            0.0,
            0.0,
            1.0
          ]
        ],
        "rotation_mode": "QUATERNION"
      },
      "armature_space": {
        "head": {
          "x": 0.4520699083805084,
          "y": -0.38787245750427246,
          "z": 0.5582976341247559
        },
        "tail": {
          "x": 0.4466479420661926,
          "y": -0.43171629309654236,
          "z": 0.5358942151069641
        }
      },
      "world_space": {
        "head": {
          "x": 0.4520699083805084,
          "y": -0.32462847232818604,
          "z": 1.508151650428772
        },
        "tail": {
          "x": 0.4466479420661926,
          "y": -0.36847227811813354,
          "z": 1.485748291015625
        },
        "rotation_quaternion": {
          "w": 0.22745747864246368,
          "x": -0.9675199389457703,
          "y": 0.07547952234745026,
          "z": -0.08044465631246567
        },
        "matrix": [
          [
            0.9756629467010498,
            -0.1094605103135109,
            0.190000519156456,
            0.4520699083805084
          ],
          [
            -0.18265141546726227,
            -0.8851321339607239,
            0.42799490690231323,
            -0.32462847232818604
          ],
          [
            0.12132763117551804,
            -0.4522865116596222,
            -0.8835895657539368,
            1.508151650428772
          ],
          [
            0.0,
            0.0,
            0.0,
            1.0
          ]
        ]
      },
      "bone_length_armature_space": 0.04953375452053375,
      "parent": "lowerarm_l",
      "has_children": true,
      "is_end_bone": false
    },
    "thumb_01_l": {
      "name": "thumb_01_l",
      "local": {
        "location": {
          "x": 0.0,
          "y": 0.0,
          "z": 0.0
        },
        "rotation_quaternion": {
          "w": 0.9641225337982178,
          "x": 0.26514554023742676,
          "y": 0.0025485847145318985,
          "z": -0.012614218518137932
        },
        "scale": {
          "x": 1.0,
          "y": 1.0,
          "z": 1.0
        },
        "matrix_basis": [
          [
            0.9996687769889832,
            0.025674795731902122,
            -0.0017749116523191333,
            0.0
          ],
          [
            -0.02297181263566017,
            0.8590774536132812,
            -0.5113298892974854,
            0.0
          ],
          [
            -0.011603503488004208,
            0.5112012624740601,
            0.859382688999176,
            0.0
          ],
          [
            0.0,
            0.0,
            0.0,
            1.0
          ]
        ],
        "rotation_mode": "QUATERNION"
      },
      "armature_space": {
        "head": {
          "x": 0.4466479420661926,
          "y": -0.43171629309654236,
          "z": 0.5358942151069641
        },
        "tail": {
          "x": 0.46199730038642883,
          "y": -0.44349294900894165,
          "z": 0.5078880786895752
        }
      },
      "world_space": {
        "head": {
          "x": 0.4466479420661926,
          "y": -0.36847227811813354,
          "z": 1.485748291015625
        },
        "tail": {
          "x": 0.46199730038642883,
          "y": -0.3802489638328552,
          "z": 1.4577420949935913
        },
        "rotation_quaternion": {
          "w": 0.48240989446640015,
          "x": -0.3951627314090729,
          "y": 0.3070673644542694,
          "z": -0.7189136147499084
        },
        "matrix": [
          [
            -0.2222525030374527,
            0.4509403109550476,
            0.8644400835037231,
            0.4466479420661926
          ],
          [
            -0.9363056421279907,
            -0.3459799587726593,
            -0.0602470338344574,
            -0.36847227811813354
          ],
          [
            0.27191218733787537,
            -0.8227763175964355,
            0.4991162121295929,
            1.485748291015625
          ],
          [
            0.0,
            0.0,
            0.0,
            1.0
          ]
        ]
      },
      "bone_length_armature_space": 0.03403874420411352,
      "parent": "metacarpal_thumb_l",
      "has_children": true,
      "is_end_bone": false
    },
    "thumb_02_l": {
      "name": "thumb_02_l",
      "local": {
        "location": {
          "x": 0.0,
          "y": 0.0,
          "z": 0.0
        },
        "rotation_quaternion": {
          "w": 0.8824152946472168,
          "x": 0.4704139232635498,
          "y": 0.0031911302357912064,
          "z": 0.0066257561556994915
        },
        "scale": {
          "x": 1.0,
          "y": 1.0,
          "z": 1.0
        },
        "matrix_basis": [
          [
            0.9998918175697327,
            -0.008691033348441124,
            0.01186550036072731,
            0.0
          ],
          [
            0.014695641584694386,
            0.5573337078094482,
            -0.8301585912704468,
            0.0
          ],
          [
            0.0006018916610628366,
            0.8302431702613831,
            0.5574011206626892,
            0.0
          ],
          [
            0.0,
            0.0,
            0.0,
            1.0
          ]
        ],
        "rotation_mode": "QUATERNION"
      },
      "armature_space": {
        "head": {
          "x": 0.46199727058410645,
          "y": -0.44349291920661926,
          "z": 0.5078880786895752
        },
        "tail": {
          "x": 0.472760945558548,
          "y": -0.460450679063797,
          "z": 0.5426698923110962
        }
      },
      "world_space": {
        "head": {
          "x": 0.46199727058410645,
          "y": -0.38024890422821045,
          "z": 1.4577420949935913
        },
        "tail": {
          "x": 0.472760945558548,
          "y": -0.3972066640853882,
          "z": 1.4925239086151123
        },
        "rotation_quaternion": {
          "w": 0.2688899636268616,
          "x": 0.18714693188667297,
          "y": -0.4653961658477783,
          "z": -0.8222411870956421
        },
        "matrix": [
          [
            -0.7853478789329529,
            0.26799044013023376,
            -0.5580410361289978,
            0.46199727058410645
          ],
          [
            -0.616380512714386,
            -0.42220866680145264,
            0.664691686630249,
            -0.38024890422821045
          ],
          [
            -0.05747972056269646,
            0.8659854531288147,
            0.49676889181137085,
            1.4577420949935913
          ],
          [
            0.0,
            0.0,
            0.0,
            1.0
          ]
        ]
      },
      "bone_length_armature_space": 0.040164621525551246,
      "parent": "thumb_01_l",
      "has_children": true,
      "is_end_bone": false
    },
    "thumb_03_l": {
      "name": "thumb_03_l",
      "local": {
        "location": {
          "x": 0.0,
          "y": 0.0,
          "z": 0.0
        },
        "rotation_quaternion": {
          "w": 0.9891434907913208,
          "x": 0.14677585661411285,
          "y": 0.004276650492101908,
          "z": 0.00581395486369729
        },
        "scale": {
          "x": 1.0,
          "y": 1.0,
          "z": 1.0
        },
        "matrix_basis": [
          [
            0.9998958110809326,
            -0.010246253572404385,
            0.010167138651013374,
            0.0
          ],
          [
            0.012757088989019394,
            0.9568461179733276,
            -0.29031503200531006,
            0.0
          ],
          [
            -0.00675374548882246,
            0.2904144823551178,
            0.9568771123886108,
            0.0
          ],
          [
            0.0,
            0.0,
            0.0,
            1.0
          ]
        ],
        "rotation_mode": "QUATERNION"
      },
      "armature_space": {
        "head": {
          "x": 0.4727609157562256,
          "y": -0.4604507088661194,
          "z": 0.5426697731018066
        },
        "tail": {
          "x": 0.47201263904571533,
          "y": -0.45979711413383484,
          "z": 0.5730986595153809
        }
      },
      "world_space": {
        "head": {
          "x": 0.4727609157562256,
          "y": -0.39720672369003296,
          "z": 1.4925237894058228
        },
        "tail": {
          "x": 0.47201263904571533,
          "y": -0.396553099155426,
          "z": 1.522952675819397
        },
        "rotation_quaternion": {
          "w": 0.3671565055847168,
          "x": 0.3740013837814331,
          "y": -0.6131314635276794,
          "z": -0.5910912752151489
        },
        "matrix": [
          [
            -0.4506377577781677,
            -0.024577856063842773,
            -0.892368495464325,
            0.4727609157562256
          ],
          [
            -0.892670214176178,
            0.02146860957145691,
            0.4501989185810089,
            -0.39720672369003296
          ],
          [
            0.00809218268841505,
            0.9994744658470154,
            -0.03161422908306122,
            1.4925237894058228
          ],
          [
            0.0,
            0.0,
            0.0,
            1.0
          ]
        ]
      },
      "bone_length_armature_space": 0.03044510181106836,
      "parent": "thumb_02_l",
      "has_children": false,
      "is_end_bone": true
    },
    "metacarpal_index_l": {
      "name": "metacarpal_index_l",
      "local": {
        "location": {
          "x": 0.0,
          "y": 0.0,
          "z": 0.0
        },
        "rotation_quaternion": {
          "w": 0.9980733394622803,
          "x": -0.06173025444149971,
          "y": -0.005908244289457798,
          "z": -0.0020455133635550737
        },
        "scale": {
          "x": 1.0,
          "y": 1.0,
          "z": 1.0
        },
        "matrix_basis": [
          [
            0.9999217987060547,
            0.0048125796020030975,
            -0.011541182175278664,
            0.0
          ],
          [
            -0.0033537098206579685,
            0.9923703670501709,
            0.12324681133031845,
            0.0
          ],
          [
            0.012046262621879578,
            -0.12319847196340561,
            0.9923089146614075,
            0.0
          ],
          [
            0.0,
            0.0,
            0.0,
            1.0
          ]
        ],
        "rotation_mode": "QUATERNION"
      },
      "armature_space": {
        "head": {
          "x": 0.4520699083805084,
          "y": -0.38787245750427246,
          "z": 0.5582976341247559
        },
        "tail": {
          "x": 0.4822382628917694,
          "y": -0.5000935792922974,
          "z": 0.5432802438735962
        }
      },
      "world_space": {
        "head": {
          "x": 0.4520699083805084,
          "y": -0.32462847232818604,
          "z": 1.508151650428772
        },
        "tail": {
          "x": 0.4822382628917694,
          "y": -0.43684959411621094,
          "z": 1.4931342601776123
        },
        "rotation_quaternion": {
          "w": 0.039356332272291183,
          "x": -0.9720084071159363,
          "y": -0.13991679251194,
          "z": 0.1845916211605072
        },
        "matrix": [
          [
            0.8926982879638672,
            0.25747114419937134,
            -0.3698624074459076,
            0.4520699083805084
          ],
          [
            0.28653037548065186,
            -0.9577489495277405,
            0.024853557348251343,
            -0.32462847232818604
          ],
          [
            -0.34783846139907837,
            -0.12816539406776428,
            -0.9287605285644531,
            1.508151650428772
          ],
          [
            0.0,
            0.0,
            0.0,
            1.0
          ]
        ]
      },
      "bone_length_armature_space": 0.11717180572907726,
      "parent": "lowerarm_l",
      "has_children": true,
      "is_end_bone": false
    },
    "index_01_l": {
      "name": "index_01_l",
      "local": {
        "location": {
          "x": 0.0,
          "y": 0.0,
          "z": 0.0
        },
        "rotation_quaternion": {
          "w": 0.9411784410476685,
          "x": 0.33678877353668213,
          "y": -0.010072431527078152,
          "z": -0.025592798367142677
        },
        "scale": {
          "x": 1.0,
          "y": 1.0,
          "z": 1.0
        },
        "matrix_basis": [
          [
            0.998487114906311,
            0.04139021784067154,
            -0.03619864583015442,
            0.0
          ],
          [
            -0.05495934560894966,
            0.7718366384506226,
            -0.6334410905838013,
            0.0
          ],
          [
            0.001721176435239613,
            0.6344722509384155,
            0.7729437351226807,
            0.0
          ],
          [
            0.0,
            0.0,
            0.0,
            1.0
          ]
        ],
        "rotation_mode": "QUATERNION"
      },
      "armature_space": {
        "head": {
          "x": 0.4822382628917694,
          "y": -0.5000935792922974,
          "z": 0.5432802438735962
        },
        "tail": {
          "x": 0.4910750091075897,
          "y": -0.518240213394165,
          "z": 0.5231385827064514
        }
      },
      "world_space": {
        "head": {
          "x": 0.4822382628917694,
          "y": -0.43684959411621094,
          "z": 1.4931342601776123
        },
        "tail": {
          "x": 0.4910750091075897,
          "y": -0.4549962282180786,
          "z": 1.4729926586151123
        },
        "rotation_quaternion": {
          "w": 0.32571345567703247,
          "x": -0.86728835105896,
          "y": -0.2751532793045044,
          "z": 0.2569286525249481
        },
        "matrix": [
          [
            0.7165560722351074,
            0.3099050521850586,
            -0.6249048113822937,
            0.4822382628917694
          ],
          [
            0.6446454524993896,
            -0.6364031434059143,
            0.42358434200286865,
            -0.43684959411621094
          ],
          [
            -0.26642176508903503,
            -0.7063695192337036,
            -0.65580153465271,
            1.4931342601776123
          ],
          [
            0.0,
            0.0,
            0.0,
            1.0
          ]
        ]
      },
      "bone_length_armature_space": 0.02851446885057915,
      "parent": "metacarpal_index_l",
      "has_children": true,
      "is_end_bone": false
    },
    "index_02_l": {
      "name": "index_02_l",
      "local": {
        "location": {
          "x": 0.0,
          "y": 0.0,
          "z": 0.0
        },
        "rotation_quaternion": {
          "w": 0.9082133769989014,
          "x": 0.418334424495697,
          "y": -0.0109401885420084,
          "z": 0.005011118017137051
        },
        "scale": {
          "x": 1.0,
          "y": 1.0,
          "z": 1.0
        },
        "matrix_basis": [
          [
            0.9997103810310364,
            -0.01825564354658127,
            -0.015679404139518738,
            0.0
          ],
          [
            -5.098612018628046e-05,
            0.6499423980712891,
            -0.759983479976654,
            0.0
          ],
          [
            0.024064697325229645,
            0.7597641944885254,
            0.6497532725334167,
            0.0
          ],
          [
            0.0,
            0.0,
            0.0,
            1.0
          ]
        ],
        "rotation_mode": "QUATERNION"
      },
      "armature_space": {
        "head": {
          "x": 0.49107474088668823,
          "y": -0.5182405114173889,
          "z": 0.523138165473938
        },
        "tail": {
          "x": 0.4838254749774933,
          "y": -0.5221075415611267,
          "z": 0.49883604049682617
        }
      },
      "world_space": {
        "head": {
          "x": 0.49107474088668823,
          "y": -0.4549965262413025,
          "z": 1.472992181777954
        },
        "tail": {
          "x": 0.4838254749774933,
          "y": -0.4588635563850403,
          "z": 1.4486900568008423
        },
        "rotation_quaternion": {
          "w": 0.6318969130516052,
          "x": -0.6518991589546204,
          "y": -0.15917161107063293,
          "z": 0.38781222701072693
        },
        "matrix": [
          [
            0.6485304236412048,
            -0.2825869619846344,
            -0.7067904472351074,
            0.49107474088668823
          ],
          [
            0.6976439356803894,
            -0.1507425308227539,
            0.7004070281982422,
            -0.4549965262413025
          ],
          [
            -0.3044707179069519,
            -0.9473300576210022,
            0.09938523173332214,
            1.472992181777954
          ],
          [
            0.0,
            0.0,
            0.0,
            1.0
          ]
        ]
      },
      "bone_length_armature_space": 0.025653441099886966,
      "parent": "index_01_l",
      "has_children": true,
      "is_end_bone": false
    },
    "index_03_l": {
      "name": "index_03_l",
      "local": {
        "location": {
          "x": 0.0,
          "y": 0.0,
          "z": 0.0
        },
        "rotation_quaternion": {
          "w": 0.9270559549331665,
          "x": 0.37481018900871277,
          "y": 0.008709474466741085,
          "z": 0.002966144820675254
        },
        "scale": {
          "x": 1.0,
          "y": 1.0,
          "z": 1.0
        },
        "matrix_basis": [
          [
            0.9998307228088379,
            0.001029235078021884,
            0.01837182231247425,
            0.0
          ],
          [
            0.012028363533318043,
            0.7190170288085938,
            -0.6948883533477783,
            0.0
          ],
          [
            -0.0139248576015234,
            0.6949917078018188,
            0.7188829183578491,
            0.0
          ],
          [
            0.0,
            0.0,
            0.0,
            1.0
          ]
        ],
        "rotation_mode": "QUATERNION"
      },
      "armature_space": {
        "head": {
          "x": 0.48382553458213806,
          "y": -0.5221076607704163,
          "z": 0.49883607029914856
        },
        "tail": {
          "x": 0.46505528688430786,
          "y": -0.507237434387207,
          "z": 0.4820941984653473
        }
      },
      "world_space": {
        "head": {
          "x": 0.48382553458213806,
          "y": -0.45886367559432983,
          "z": 1.4486900568008423
        },
        "tail": {
          "x": 0.46505528688430786,
          "y": -0.4439934492111206,
          "z": 1.431948184967041
        },
        "rotation_quaternion": {
          "w": 0.8685991168022156,
          "x": -0.329852819442749,
          "y": 5.2122391934972256e-05,
          "z": 0.3697739839553833
        },
        "matrix": [
          [
            0.7265336513519287,
            -0.6424051523208618,
            -0.24385283887386322,
            0.48382553458213806
          ],
          [
            0.6423375606536865,
            0.5089278221130371,
            0.5730578303337097,
            -0.45886367559432983
          ],
          [
            -0.24403288960456848,
            -0.5729852318763733,
            0.7824001312255859,
            1.4486900568008423
          ],
          [
            0.0,
            0.0,
            0.0,
            1.0
          ]
        ]
      },
      "bone_length_armature_space": 0.029218762791887076,
      "parent": "index_02_l",
      "has_children": false,
      "is_end_bone": true
    },
    "metacarpal_pinky_l": {
      "name": "metacarpal_pinky_l",
      "local": {
        "location": {
          "x": 0.0,
          "y": 0.0,
          "z": 0.0
        },
        "rotation_quaternion": {
          "w": 0.999849796295166,
          "x": -0.00872127152979374,
          "y": -0.014791063964366913,
          "z": 0.002361407969146967
        },
        "scale": {
          "x": 1.0,
          "y": 1.0,
          "z": 1.0
        },
        "matrix_basis": [
          [
            0.9995512962341309,
            -0.004464112687855959,
            -0.029618874192237854,
            0.0
          ],
          [
            0.004980100318789482,
            0.9998367428779602,
            0.017370067536830902,
            0.0
          ],
          [
            0.029536494985222816,
            -0.01750977896153927,
            0.9994103312492371,
            0.0
          ],
          [
            0.0,
            0.0,
            0.0,
            1.0
          ]
        ],
        "rotation_mode": "QUATERNION"
      },
      "armature_space": {
        "head": {
          "x": 0.4520699083805084,
          "y": -0.38787245750427246,
          "z": 0.5582976341247559
        },
        "tail": {
          "x": 0.5275143384933472,
          "y": -0.4596007168292999,
          "z": 0.5557646155357361
        }
      },
      "world_space": {
        "head": {
          "x": 0.4520699083805084,
          "y": -0.32462847232818604,
          "z": 1.508151650428772
        },
        "tail": {
          "x": 0.5275143384933472,
          "y": -0.3963567018508911,
          "z": 1.5056185722351074
        },
        "rotation_quaternion": {
          "w": 0.37521007657051086,
          "x": 0.2539539933204651,
          "y": 0.12166697531938553,
          "z": -0.8831319212913513
        },
        "matrix": [
          [
            -0.5894494652748108,
            0.7245161533355713,
            -0.3572474420070648,
            0.4520699083805084
          ],
          [
            -0.6009250283241272,
            -0.6888286471366882,
            -0.40546855330467224,
            -0.32462847232818604
          ],
          [
            -0.5398549437522888,
            -0.024325190111994743,
            0.8414148688316345,
            1.508151650428772
          ],
          [
            0.0,
            0.0,
            0.0,
            1.0
          ]
        ]
      },
      "bone_length_armature_space": 0.10413078987569828,
      "parent": "lowerarm_l",
      "has_children": true,
      "is_end_bone": false
    },
    "pinky_01_l": {
      "name": "pinky_01_l",
      "local": {
        "location": {
          "x": 0.0,
          "y": 0.0,
          "z": 0.0
        },
        "rotation_quaternion": {
          "w": 0.9501612186431885,
          "x": 0.3117313086986542,
          "y": 0.0018340421374887228,
          "z": -0.0037279429379850626
        },
        "scale": {
          "x": 1.0,
          "y": 1.0,
          "z": 1.0
        },
        "matrix_basis": [
          [
            0.999965488910675,
            0.008227750658988953,
            0.0011610384099185467,
            0.0
          ],
          [
            -0.005940836854279041,
            0.8056193590164185,
            -0.5924036502838135,
            0.0
          ],
          [
            -0.00580950453877449,
            0.5923763513565063,
            0.805640459060669,
            0.0
          ],
          [
            0.0,
            0.0,
            0.0,
            1.0
          ]
        ],
        "rotation_mode": "QUATERNION"
      },
      "armature_space": {
        "head": {
          "x": 0.5275143384933472,
          "y": -0.4596007168292999,
          "z": 0.5557646155357361
        },
        "tail": {
