{
  "metadata": {
    "armature_name": "KIM_caucasian_male",
    "export_time": "2026-01-13T20:26:13.050074",
    "blender_version": "4.4.1",
    "bone_count": 56,
    "end_bone_count": 13,
    "spaces_included": [
      "LOCAL_CHANNELS",
      "ARMATURE_SPACE",
      "WORLD_SPACE"
    ],
    "note": "LOCAL matches Transform panel; replay pose via local.matrix_basis for best fidelity."
  },
  "bones": {
    "Root": {
      "name": "Root",
      "local": {
        "location": {
          "x": 0.0,
          "y": 0.0,
          "z": 0.0
        },
        "rotation_quaternion": {
          "w": 0.9996417760848999,
          "x": -0.016697926446795464,
          "y": 0.00035888675483874977,
          "z": 0.0209137462079525
        },
        "scale": {
          "x": 1.0,
          "y": 1.0,
          "z": 1.0
        },
        "matrix_basis": [
          [
            0.9991249442100525,
            -0.04182449355721474,
            1.9083994629909284e-05,
            0.0
          ],
          [
            0.04180052503943443,
            0.9985675811767578,
            0.03339890018105507,
            0.0
          ],
          [
            -0.0014159487327560782,
            -0.033368878066539764,
            0.9994421005249023,
            0.0
          ],
          [
            0.0,
            0.0,
            0.0,
            1.0
          ]
        ],
        "rotation_mode": "QUATERNION"
      },
      "armature_space": {
        "head": {
          "x": 0.0,
          "y": 0.07072800397872925,
          "z": -0.009595036506652832
        },
        "tail": {
          "x": -0.0029852595180273056,
          "y": 0.0004214942455291748,
          "z": 0.002346387133002281
        }
      },
      "world_space": {
        "head": {
          "x": 0.0,
          "y": 0.13397200405597687,
          "z": 0.9402589797973633
        },
        "tail": {
          "x": -0.0029852595180273056,
          "y": 0.0636654943227768,
          "z": 0.9522004127502441
        },
        "rotation_quaternion": {
          "w": 0.0840035155415535,
          "x": 0.9962459206581116,
          "y": -0.0208420567214489,
          "z": 0.0017669890075922012
        },
        "matrix": [
          [
            0.9991249442100525,
            -0.04182449355721474,
            1.9083994629909284e-05,
            0.0
          ],
          [
            -0.041230764240026474,
            -0.9850179553031921,
            -0.1674504429101944,
            0.13397200405597687
          ],
          [
            0.0070223379880189896,
            0.16730336844921112,
            -0.9858875870704651,
            0.9402589797973633
          ],
          [
            0.0,
            0.0,
            0.0,
            1.0
          ]
        ]
      },
      "bone_length_armature_space": 0.07137586877322862,
      "parent": null,
      "has_children": true,
      "is_end_bone": false
    },
    "spine_01": {
      "name": "spine_01",
      "local": {
        "location": {
          "x": 0.0,
          "y": 0.0,
          "z": 0.0
        },
        "rotation_quaternion": {
          "w": 0.9980069398880005,
          "x": 0.03983965516090393,
          "y": 0.03270746394991875,
          "z": -0.0364031121134758
        },
        "scale": {
          "x": 1.0,
          "y": 1.0,
          "z": 1.0
        },
        "matrix_basis": [
          [
            0.9952100515365601,
            0.07526722550392151,
            0.062383975833654404,
            0.0
          ],
          [
            -0.07005500793457031,
            0.9941752552986145,
            -0.08190181106328964,
            0.0
          ],
          [
            -0.06818512827157974,
            0.07713919878005981,
            0.9946860671043396,
            0.0
          ],
          [
            0.0,
            0.0,
            0.0,
            1.0
          ]
        ],
        "rotation_mode": "QUATERNION"
      },
      "armature_space": {
        "head": {
          "x": -0.0029852595180273056,
          "y": 0.0004214942455291748,
          "z": 0.002346387133002281
        },
        "tail": {
          "x": 0.030350571498274803,
          "y": 0.0003018915595021099,
          "z": 0.48921114206314087
        }
      },
      "world_space": {
        "head": {
          "x": -0.0029852595180273056,
          "y": 0.0636654943227768,
          "z": 0.9522004127502441
        },
        "tail": {
          "x": 0.030350571498274803,
          "y": 0.06354589015245438,
          "z": 1.4390652179718018
        },
        "rotation_quaternion": {
          "w": 0.7063102722167969,
          "x": 0.7069974541664124,
          "y": 0.031672630459070206,
          "z": -0.016654163599014282
        },
        "matrix": [
          [
            0.997438907623291,
            0.06831096112728119,
            0.021192990243434906,
            -0.0029852595180273056
          ],
          [
            0.02125938981771469,
            -0.0002450868487358093,
            -0.9997740387916565,
            0.0636654943227768
          ],
          [
            -0.06829079240560532,
            0.9976711273193359,
            -0.001697637140750885,
            0.9522004127502441
          ],
          [
            0.0,
            0.0,
            0.0,
            1.0
          ]
        ]
      },
      "bone_length_armature_space": 0.4880046906322779,
      "parent": "Root",
      "has_children": true,
      "is_end_bone": false
    },
    "neck_01": {
      "name": "neck_01",
      "local": {
        "location": {
          "x": 0.0,
          "y": 0.0,
          "z": 0.0
        },
        "rotation_quaternion": {
          "w": 0.9901495575904846,
          "x": 0.06943778693675995,
          "y": 0.05660311505198479,
          "z": 0.10760346800088882
        },
        "scale": {
          "x": 1.0,
          "y": 1.0,
          "z": 1.0
        },
        "matrix_basis": [
          [
            0.9704351425170898,
            -0.20522625744342804,
            0.12703458964824677,
            0.0
          ],
          [
            0.22094784677028656,
            0.9671998023986816,
            -0.12532620131969452,
            0.0
          ],
          [
            -0.09714760631322861,
            0.1496889740228653,
            0.9839489459991455,
            0.0
          ],
          [
            0.0,
            0.0,
            0.0,
            1.0
          ]
        ],
        "rotation_mode": "QUATERNION"
      },
      "armature_space": {
        "head": {
          "x": 0.03608718141913414,
          "y": -0.03438865765929222,
          "z": 0.5622001886367798
        },
        "tail": {
          "x": 0.02204130031168461,
          "y": -0.08667813241481781,
          "z": 0.649259090423584
        }
      },
      "world_space": {
        "head": {
          "x": 0.03608718141913414,
          "y": 0.0288553424179554,
          "z": 1.512054204940796
        },
        "tail": {
          "x": 0.02204130031168461,
          "y": -0.02343413233757019,
          "z": 1.5991131067276
        },
        "rotation_quaternion": {
          "w": 0.4938961863517761,
          "x": 0.8650424480438232,
          "y": -0.03238817676901817,
          "z": 0.08197077363729477
        },
        "matrix": [
          [
            0.984463632106781,
            -0.13700446486473083,
            0.10982289910316467,
            0.03608718141913414
          ],
          [
            0.024935223162174225,
            -0.5100350379943848,
            -0.8597923517227173,
            0.0288553424179554
          ],
          [
            0.17381015419960022,
            0.8491781949996948,
            -0.4986989498138428,
            1.512054204940796
          ],
          [
            0.0,
            0.0,
            0.0,
            1.0
          ]
        ]
      },
      "bone_length_armature_space": 0.10252184411078234,
      "parent": "spine_01",
      "has_children": true,
      "is_end_bone": false
    },
    "head": {
      "name": "head",
      "local": {
        "location": {
          "x": 0.0,
          "y": 0.0,
          "z": 0.0
        },
        "rotation_quaternion": {
          "w": 0.9833698272705078,
          "x": -0.1055544763803482,
          "y": 0.0765426754951477,
          "z": 0.1264256238937378
        },
        "scale": {
          "x": 1.0,
          "y": 1.0,
          "z": 1.0
        },
        "matrix_basis": [
          [
            0.9563155770301819,
            -0.2648051381111145,
            0.12384993582963943,
            0.0
          ],
          [
            0.23248744010925293,
            0.9457496404647827,
            0.22695209085941315,
            0.0
          ],
          [
            -0.17722909152507782,
            -0.1882442682981491,
            0.9659989476203918,
            0.0
          ],
          [
            0.0,
            0.0,
            0.0,
            1.0
          ]
        ],
        "rotation_mode": "QUATERNION"
      },
      "armature_space": {
        "head": {
          "x": 0.022041328251361847,
          "y": -0.08667822927236557,
          "z": 0.6492589712142944
        },
        "tail": {
          "x": -0.044498734176158905,
          "y": -0.08295095711946487,
          "z": 0.7893010377883911
        }
      },
      "world_space": {
        "head": {
          "x": 0.022041328251361847,
          "y": -0.02343422919511795,
          "z": 1.5991129875183105
        },
        "tail": {
          "x": -0.044498734176158905,
          "y": -0.019706957042217255,
          "z": 1.7391550540924072
        },
        "rotation_quaternion": {
          "w": 0.7082747220993042,
          "x": 0.6671892404556274,
          "y": -0.10179824382066727,
          "z": 0.20698434114456177
        },
        "matrix": [
          [
            0.8935888409614563,
            -0.4290410280227661,
            0.13199542462825775,
            0.022041328251361847
          ],
          [
            0.15736912190914154,
            0.02403293550014496,
            -0.9872475862503052,
            -0.02343422919511795
          ],
          [
            0.42040055990219116,
            0.9029718041419983,
            0.0889931172132492,
            1.5991129875183105
          ],
          [
            0.0,
            0.0,
            0.0,
            1.0
          ]
        ]
      },
      "bone_length_armature_space": 0.15509110824140854,
      "parent": "neck_01",
      "has_children": false,
      "is_end_bone": true
    },
    "upperarm_l": {
      "name": "upperarm_l",
      "local": {
        "location": {
          "x": 0.0,
          "y": 0.0,
          "z": 0.0
        },
        "rotation_quaternion": {
          "w": 0.9055901169776917,
          "x": 0.08059445768594742,
          "y": 0.40935081243515015,
          "z": 0.07644091546535492
        },
        "scale": {
          "x": 1.0,
          "y": 1.0,
          "z": 1.0
        },
        "matrix_basis": [
          [
            0.6531773805618286,
            -0.07246546447277069,
            0.753729522228241,
            0.0
          ],
          [
            0.20443108677864075,
            0.9753226637840271,
            -0.0833887904882431,
            0.0
          ],
          [
            -0.729086697101593,
            0.20855338871479034,
            0.6518728733062744,
            0.0
          ],
          [
            0.0,
            0.0,
            0.0,
            1.0
          ]
        ],
        "rotation_mode": "QUATERNION"
      },
      "armature_space": {
        "head": {
          "x": 0.18117958307266235,
          "y": -0.03437168523669243,
          "z": 0.48489993810653687
        },
        "tail": {
          "x": 0.44601497054100037,
          "y": -0.0748181939125061,
          "z": 0.4790765941143036
        }
      },
      "world_space": {
        "head": {
          "x": 0.18117958307266235,
          "y": 0.02887231484055519,
          "z": 1.4347538948059082
        },
        "tail": {
          "x": 0.44601497054100037,
          "y": -0.011574193835258484,
          "z": 1.428930640220642
        },
        "rotation_quaternion": {
          "w": 0.21702279150485992,
          "x": 0.709551990032196,
          "y": 0.6143543720245361,
          "z": -0.2683390974998474
        },
        "matrix": [
          [
            0.10112462937831879,
            0.9883044362068176,
            -0.11414039134979248,
            0.18117958307266235
          ],
          [
            0.7553611993789673,
            -0.1509370356798172,
            -0.6376895308494568,
            0.02887231484055519
          ],
          [
            -0.6474632620811462,
            -0.021731382235884666,
            -0.7617961764335632,
            1.4347538948059082
          ],
          [
            0.0,
            0.0,
            0.0,
            1.0
          ]
        ]
      },
      "bone_length_armature_space": 0.2679694296824258,
      "parent": "spine_01",
      "has_children": true,
      "is_end_bone": false
    },
    "lowerarm_l": {
      "name": "lowerarm_l",
      "local": {
        "location": {
          "x": 0.0,
          "y": 0.0,
          "z": 0.0
        },
        "rotation_quaternion": {
          "w": 0.9771814346313477,
          "x": 0.1571090817451477,
          "y": -0.026541732251644135,
          "z": -0.1404590755701065
        },
        "scale": {
          "x": 1.0,
          "y": 1.0,
          "z": 1.0
        },
        "matrix_basis": [
          [
            0.9591335654258728,
            0.26616811752319336,
            -0.09600696712732315,
            0.0
          ],
          [
            -0.28284791111946106,
            0.9111759662628174,
            -0.29959210753440857,
            0.0
          ],
          [
            0.007737383246421814,
            0.3145042061805725,
            0.9492245316505432,
            0.0
          ],
          [
            0.0,
            0.0,
            0.0,
            1.0
          ]
        ],
        "rotation_mode": "QUATERNION"
      },
      "armature_space": {
        "head": {
          "x": 0.44601505994796753,
          "y": -0.07481832802295685,
          "z": 0.479076623916626
        },
        "tail": {
          "x": 0.6685453653335571,
          "y": -0.15609389543533325,
          "z": 0.35480234026908875
        }
      },
      "world_space": {
        "head": {
          "x": 0.44601505994796753,
          "y": -0.011574327945709229,
          "z": 1.428930640220642
        },
        "tail": {
          "x": 0.6685453653335571,
          "y": -0.09284989535808563,
          "z": 1.3046563863754272
        },
        "rotation_quaternion": {
          "w": 0.07274943590164185,
          "x": 0.6510083675384521,
          "y": 0.5854934453964233,
          "z": -0.4775908887386322
        },
        "matrix": [
          [
            -0.14179398119449615,
            0.8318129181861877,
            -0.5366388559341431,
            0.44601505994796753
          ],
          [
            0.6928322911262512,
            -0.3038061261177063,
            -0.6539767980575562,
            -0.011574327945709229
          ],
          [
            -0.7070249915122986,
            -0.46453428268432617,
            -0.5332334637641907,
            1.428930640220642
          ],
          [
            0.0,
            0.0,
            0.0,
            1.0
          ]
        ]
      },
      "bone_length_armature_space": 0.2675248627313468,
      "parent": "upperarm_l",
      "has_children": true,
      "is_end_bone": false
    },
    "metacarpal_thumb_l": {
      "name": "metacarpal_thumb_l",
      "local": {
        "location": {
          "x": 0.0,
          "y": 0.0,
          "z": 0.0
        },
        "rotation_quaternion": {
          "w": 0.9979782700538635,
          "x": -0.06074737757444382,
          "y": 0.01339251920580864,
          "z": -0.013036522082984447
        },
        "scale": {
          "x": 1.0,
          "y": 1.0,
          "z": 1.0
        },
        "matrix_basis": [
          [
            0.9993013739585876,
            0.02439321018755436,
            0.028314756229519844,
            0.0
          ],
          [
            -0.02764745242893696,
            0.992279589176178,
            0.12089994549751282,
            0.0
          ],
          [
            -0.02514701709151268,
            -0.12159831076860428,
            0.9922608137130737,
            0.0
          ],
          [
            0.0,
            0.0,
            0.0,
            1.0
          ]
        ],
        "rotation_mode": "QUATERNION"
      },
      "armature_space": {
        "head": {
          "x": 0.6685453653335571,
          "y": -0.15609389543533325,
          "z": 0.35480234026908875
        },
        "tail": {
          "x": 0.6866953372955322,
          "y": -0.18471002578735352,
          "z": 0.31867340207099915
        }
      },
      "world_space": {
        "head": {
          "x": 0.6685453653335571,
          "y": -0.09284989535808563,
          "z": 1.3046563863754272
        },
        "tail": {
          "x": 0.6866953372955322,
          "y": -0.1214660257101059,
          "z": 1.2685273885726929
        },
        "rotation_quaternion": {
          "w": 0.40688928961753845,
          "x": -0.8880362510681152,
          "y": -0.2135084569454193,
          "z": 0.01571662165224552
        },
        "matrix": [
          [
            0.9083336591720581,
            0.3664167523384094,
            -0.20166368782520294,
            0.6685453653335571
          ],
          [
            0.3919976055622101,
            -0.5777105689048767,
            0.7159529328346252,
            -0.09284989535808563
          ],
          [
            0.14583539962768555,
            -0.7293815016746521,
            -0.6683927178382874,
            1.3046563863754272
          ],
          [
            0.0,
            0.0,
            0.0,
            1.0
          ]
        ]
      },
      "bone_length_armature_space": 0.049533872637411776,
      "parent": "lowerarm_l",
      "has_children": true,
      "is_end_bone": false
    },
    "thumb_01_l": {
      "name": "thumb_01_l",
      "local": {
        "location": {
          "x": 0.0,
          "y": 0.0,
          "z": 0.0
        },
        "rotation_quaternion": {
          "w": 0.956226110458374,
          "x": 0.2922481298446655,
          "y": 0.003612008411437273,
          "z": -0.014476957730948925
        },
        "scale": {
          "x": 1.0,
          "y": 1.0,
          "z": 1.0
        },
        "matrix_basis": [
          [
            0.9995547533035278,
            0.029797695577144623,
            -0.0015539341839030385,
            0.0
          ],
          [
            -0.02557528391480446,
            0.8287628889083862,
            -0.559015154838562,
            0.0
          ],
          [
            -0.015369521453976631,
            0.5588060021400452,
            0.8291559815406799,
            0.0
          ],
          [
            0.0,
            0.0,
            0.0,
            1.0
          ]
        ],
        "rotation_mode": "QUATERNION"
      },
      "armature_space": {
        "head": {
          "x": 0.6866953372955322,
          "y": -0.18471002578735352,
          "z": 0.31867340207099915
        },
        "tail": {
          "x": 0.704005777835846,
          "y": -0.1750801056623459,
          "z": 0.29099223017692566
        }
      },
      "world_space": {
        "head": {
          "x": 0.6866953372955322,
          "y": -0.1214660257101059,
          "z": 1.2685273885726929
        },
        "tail": {
          "x": 0.704005777835846,
          "y": -0.11183610558509827,
          "z": 1.2408462762832642
        },
        "rotation_quaternion": {
          "w": 0.7500300407409668,
          "x": -0.3640807867050171,
          "y": 0.2809116244316101,
          "z": -0.4753827452659607
        },
        "matrix": [
          [
            0.39019775390625,
            0.5085542798042297,
            0.7675400972366333,
            0.6866953372955322
          ],
          [
            -0.9176526069641113,
            0.2829119861125946,
            0.27906033396720886,
            -0.1214660257101059
          ],
          [
            -0.07523010671138763,
            -0.813229501247406,
            0.5770723223686218,
            1.2685273885726929
          ],
          [
            0.0,
            0.0,
            0.0,
            1.0
          ]
        ]
      },
      "bone_length_armature_space": 0.034038713102721815,
      "parent": "metacarpal_thumb_l",
      "has_children": true,
      "is_end_bone": false
    },
    "thumb_02_l": {
      "name": "thumb_02_l",
      "local": {
        "location": {
          "x": 0.0,
          "y": 0.0,
          "z": 0.0
        },
        "rotation_quaternion": {
          "w": 0.880769670009613,
          "x": 0.4734829068183899,
          "y": -0.006031753029674292,
          "z": -0.004742594435811043
        },
        "scale": {
          "x": 1.0,
          "y": 1.0,
          "z": 1.0
        },
        "matrix_basis": [
          [
            0.9998822808265686,
            0.002642402658239007,
            -0.015116245485842228,
            0.0
          ],
          [
            -0.014066130854189396,
            0.5515828728675842,
            -0.8340015411376953,
            0.0
          ],
          [
            0.006134095601737499,
            0.8341159820556641,
            0.5515550971031189,
            0.0
          ],
          [
            0.0,
            0.0,
            0.0,
            1.0
          ]
        ],
        "rotation_mode": "QUATERNION"
      },
      "armature_space": {
        "head": {
          "x": 0.7040057182312012,
          "y": -0.1750800907611847,
          "z": 0.29099220037460327
        },
        "tail": {
          "x": 0.7247522473335266,
          "y": -0.19386938214302063,
          "z": 0.3197973370552063
        }
      },
      "world_space": {
        "head": {
          "x": 0.7040057182312012,
          "y": -0.11183609068393707,
          "z": 1.2408461570739746
        },
        "tail": {
          "x": 0.7247522473335266,
          "y": -0.130625382065773,
          "z": 1.2696514129638672
        },
        "rotation_quaternion": {
          "w": 0.45480385422706604,
          "x": 0.37664130330085754,
          "y": -0.24340935051441193,
          "z": -0.7694457769393921
        },
        "matrix": [
          [
            -0.30258825421333313,
            0.5165395140647888,
            -0.8010160326957703,
            0.7040057182312012
          ],
          [
            -0.8832504153251648,
            -0.4678097367286682,
            0.03198297321796417,
            -0.11183609068393707
          ],
          [
            -0.35820603370666504,
            0.7171804308891296,
            0.5977917909622192,
            1.2408461570739746
          ],
          [
            0.0,
            0.0,
            0.0,
            1.0
          ]
        ]
      },
      "bone_length_armature_space": 0.040164559299311293,
      "parent": "thumb_01_l",
      "has_children": true,
      "is_end_bone": false
    },
    "thumb_03_l": {
      "name": "thumb_03_l",
      "local": {
        "location": {
          "x": 0.0,
          "y": 0.0,
          "z": 0.0
        },
        "rotation_quaternion": {
          "w": 0.9850360155105591,
          "x": 0.17226669192314148,
          "y": -0.0010704310843721032,
          "z": -0.005210313014686108
        },
        "scale": {
          "x": 1.0,
          "y": 1.0,
          "z": 1.0
        },
        "matrix_basis": [
          [
            0.9999434351921082,
            0.009895892813801765,
            -0.0039039531257003546,
            0.0
          ],
          [
            -0.010633490979671478,
            0.9405940771102905,
            -0.3393666446208954,
            0.0
          ],
          [
            0.0003136995655950159,
            0.3393889367580414,
            0.9406460523605347,
            0.0
          ],
          [
            0.0,
            0.0,
            0.0,
            1.0
          ]
        ],
        "rotation_mode": "QUATERNION"
      },
      "armature_space": {
        "head": {
          "x": 0.7247522473335266,
          "y": -0.19386941194534302,
          "z": 0.31979724764823914
        },
        "tail": {
          "x": 0.7243162393569946,
          "y": -0.20483770966529846,
          "z": 0.34819456934928894
        }
      },
      "world_space": {
        "head": {
          "x": 0.7247522473335266,
          "y": -0.1306254118680954,
          "z": 1.2696512937545776
        },
        "tail": {
          "x": 0.7243162393569946,
          "y": -0.14159370958805084,
          "z": 1.2980486154556274
        },
        "rotation_quaternion": {
          "w": 0.419092059135437,
          "x": 0.6195427775382996,
          "y": -0.37977391481399536,
          "z": -0.544334888458252
        },
        "matrix": [
          [
            0.11894401162862778,
            -0.01432192325592041,
            -0.9927974343299866,
            0.7247522473335266
          ],
          [
            -0.9268253445625305,
            -0.36026716232299805,
            -0.10584305226802826,
            -0.1306254118680954
          ],
          [
            -0.3561597466468811,
            0.9327456951141357,
            -0.05612608790397644,
            1.2696512937545776
          ],
          [
            0.0,
            0.0,
            0.0,
            1.0
          ]
        ]
      },
      "bone_length_armature_space": 0.03044505783711856,
      "parent": "thumb_02_l",
      "has_children": false,
      "is_end_bone": true
    },
    "metacarpal_index_l": {
      "name": "metacarpal_index_l",
      "local": {
        "location": {
          "x": 0.0,
          "y": 0.0,
          "z": 0.0
        },
        "rotation_quaternion": {
          "w": 0.9999054670333862,
          "x": 7.613841444253922e-05,
          "y": 0.009598726406693459,
          "z": 0.009848703630268574
        },
        "scale": {
          "x": 1.0,
          "y": 1.0,
          "z": 1.0
        },
        "matrix_basis": [
          [
            0.9996217489242554,
            -0.01969408430159092,
            0.019197138026356697,
            0.0
          ],
          [
            0.019697006791830063,
            0.9998059868812561,
            3.6807588912779465e-05,
            0.0
          ],
          [
            -0.019194139167666435,
            0.0003413324593566358,
            0.9998157024383545,
            0.0
          ],
          [
            0.0,
            0.0,
            0.0,
            1.0
          ]
        ],
        "rotation_mode": "QUATERNION"
      },
      "armature_space": {
        "head": {
          "x": 0.6685453653335571,
          "y": -0.15609389543533325,
          "z": 0.35480234026908875
        },
        "tail": {
          "x": 0.7399690747261047,
          "y": -0.21116654574871063,
          "z": 0.2800028920173645
        }
      },
      "world_space": {
        "head": {
          "x": 0.6685453653335571,
          "y": -0.09284989535808563,
          "z": 1.3046563863754272
        },
        "tail": {
          "x": 0.7399690747261047,
          "y": -0.147922545671463,
          "z": 1.2298569679260254
        },
        "rotation_quaternion": {
          "w": 0.2779187560081482,
          "x": -0.8331239819526672,
          "y": -0.4333045184612274,
          "z": 0.20226913690567017
        },
        "matrix": [
          [
            0.5426670908927917,
            0.6095643639564514,
            -0.5778781771659851,
            0.6685453653335571
          ],
          [
            0.8344226479530334,
            -0.4700165390968323,
            0.28779131174087524,
            -0.09284989535808563
          ],
          [
            -0.09618484973907471,
            -0.6383745074272156,
            -0.7637019753456116,
            1.3046563863754272
          ],
          [
            0.0,
            0.0,
            0.0,
            1.0
          ]
        ]
      },
      "bone_length_armature_space": 0.11717209913461514,
      "parent": "lowerarm_l",
      "has_children": true,
      "is_end_bone": false
    },
    "index_01_l": {
      "name": "index_01_l",
      "local": {
        "location": {
          "x": 0.0,
          "y": 0.0,
          "z": 0.0
        },
        "rotation_quaternion": {
          "w": 0.9392054677009583,
          "x": 0.34289446473121643,
          "y": 0.016732951626181602,
          "z": 0.006058761849999428
        },
        "scale": {
          "x": 1.0,
          "y": 1.0,
          "z": 1.0
        },
        "matrix_basis": [
          [
            0.9993665814399719,
            9.442846931051463e-05,
            0.035586390644311905,
            0.0
          ],
          [
            0.02285611815750599,
            0.7647733688354492,
            -0.6438939571380615,
            0.0
          ],
          [
            -0.027276327833533287,
            0.6442994475364685,
            0.7642868161201477,
            0.0
          ],
          [
            0.0,
            0.0,
            0.0,
            1.0
          ]
        ],
        "rotation_mode": "QUATERNION"
      },
      "armature_space": {
        "head": {
          "x": 0.7399690747261047,
          "y": -0.21116654574871063,
          "z": 0.2800028920173645
        },
        "tail": {
          "x": 0.7494695782661438,
          "y": -0.2102103978395462,
          "z": 0.2531345784664154
        }
      },
      "world_space": {
        "head": {
          "x": 0.7399690747261047,
          "y": -0.147922545671463,
          "z": 1.2298569679260254
        },
        "tail": {
          "x": 0.7494695782661438,
          "y": -0.14696639776229858,
          "z": 1.202988624572754
        },
        "rotation_quaternion": {
          "w": 0.5168825387954712,
          "x": -0.632296621799469,
          "y": -0.4995979070663452,
          "z": 0.2888517677783966
        },
        "matrix": [
          [
            0.3339303433895111,
            0.3331827223300934,
            -0.8817479610443115,
            0.7399690747261047
          ],
          [
            0.9303942918777466,
            0.033532217144966125,
            0.3650240898132324,
            -0.147922545671463
          ],
          [
            0.1511886715888977,
            -0.9422724843025208,
            -0.2987956404685974,
            1.2298569679260254
          ],
          [
            0.0,
            0.0,
            0.0,
            1.0
          ]
        ]
      },
      "bone_length_armature_space": 0.028514558322430654,
      "parent": "metacarpal_index_l",
      "has_children": true,
      "is_end_bone": false
    },
    "index_02_l": {
      "name": "index_02_l",
      "local": {
        "location": {
          "x": 0.0,
          "y": 0.0,
          "z": 0.0
        },
        "rotation_quaternion": {
          "w": 0.8961715698242188,
          "x": 0.4436979591846466,
          "y": 0.0029472510796040297,
          "z": 0.0002994393289554864
        },
        "scale": {
          "x": 1.0,
          "y": 1.0,
          "z": 1.0
        },
        "matrix_basis": [
          [
            0.999982476234436,
            0.0020786805544048548,
            0.005548206623643637,
            0.0
          ],
          [
            0.003152076620608568,
            0.606264054775238,
            -0.7952572107315063,
            0.0
          ],
          [
            -0.005016764160245657,
            0.7952607870101929,
            0.6062468886375427,
            0.0
          ],
          [
            0.0,
            0.0,
            0.0,
            1.0
          ]
        ],
        "rotation_mode": "QUATERNION"
      },
      "armature_space": {
        "head": {
          "x": 0.7494693398475647,
          "y": -0.21021048724651337,
          "z": 0.2531341016292572
        },
        "tail": {
          "x": 0.7371628880500793,
          "y": -0.20316503942012787,
          "z": 0.2317562997341156
        }
      },
      "world_space": {
        "head": {
          "x": 0.7494693398475647,
          "y": -0.14696648716926575,
          "z": 1.2029881477355957
        },
        "tail": {
          "x": 0.7371628880500793,
          "y": -0.13992103934288025,
          "z": 1.181610345840454
        },
        "rotation_quaternion": {
          "w": 0.7203527688980103,
          "x": -0.3414405584335327,
          "y": -0.3441120386123657,
          "z": 0.4960818886756897
        },
        "matrix": [
          [
            0.2709774971008301,
            -0.4797215759754181,
            -0.8345286846160889,
            0.7494693398475647
          ],
          [
            0.9496963024139404,
            0.27464112639427185,
            0.15049824118614197,
            -0.14696648716926575
          ],
          [
            0.15700069069862366,
            -0.8333361148834229,
            0.5300151705741882,
            1.2029881477355957
          ],
          [
            0.0,
            0.0,
            0.0,
            1.0
          ]
        ]
      },
      "bone_length_armature_space": 0.025653410982438014,
      "parent": "index_01_l",
      "has_children": true,
      "is_end_bone": false
    },
    "index_03_l": {
      "name": "index_03_l",
      "local": {
        "location": {
          "x": 0.0,
          "y": 0.0,
          "z": 0.0
        },
        "rotation_quaternion": {
          "w": 0.9320138692855835,
          "x": 0.3624100983142853,
          "y": 0.002663036808371544,
          "z": -0.0013991720043122768
        },
        "scale": {
          "x": 1.0,
          "y": 1.0,
          "z": 1.0
        },
        "matrix_basis": [
          [
            0.9999818801879883,
            0.004538318142294884,
            0.003949826583266258,
            0.0
          ],
          [
            -0.000677872565574944,
            0.7373139262199402,
            -0.6755499243736267,
            0.0
          ],
          [
            -0.005978122819215059,
            0.6755350232124329,
            0.7373036742210388,
            0.0
          ],
          [
            0.0,
            0.0,
            0.0,
            1.0
          ]
        ],
        "rotation_mode": "QUATERNION"
      },
      "armature_space": {
        "head": {
          "x": 0.7371630072593689,
          "y": -0.20316508412361145,
          "z": 0.23175622522830963
        },
        "tail": {
          "x": 0.7107974290847778,
          "y": -0.1913365125656128,
          "z": 0.2274348884820938
        }
      },
      "world_space": {
        "head": {
          "x": 0.7371630072593689,
          "y": -0.13992108404636383,
          "z": 1.1816102266311646
        },
        "tail": {
          "x": 0.7107974290847778,
          "y": -0.12809251248836517,
          "z": 1.1772888898849487
        },
        "rotation_quaternion": {
          "w": 0.8297536969184875,
          "x": -0.011561268009245396,
          "y": -0.11799822002649307,
          "z": 0.5453913807868958
        },
        "matrix": [
          [
            0.37724924087524414,
            -0.9023524522781372,
            -0.20842882990837097,
            0.7371630072593689
          ],
          [
            0.9078094959259033,
            0.40482914447784424,
            -0.10952499508857727,
            -0.13992108404636383
          ],
          [
            0.18321041762828827,
            -0.14789626002311707,
            0.9718924760818481,
            1.1816102266311646
          ],
          [
            0.0,
            0.0,
            0.0,
            1.0
          ]
        ]
      },
      "bone_length_armature_space": 0.02921870579815209,
      "parent": "index_02_l",
      "has_children": false,
      "is_end_bone": true
    },
    "metacarpal_pinky_l": {
      "name": "metacarpal_pinky_l",
      "local": {
        "location": {
          "x": 0.0,
          "y": 0.0,
          "z": 0.0
        },
        "rotation_quaternion": {
          "w": 0.9991534352302551,
          "x": -0.040376435965299606,
          "y": -0.00615278072655201,
          "z": -0.0049401940777897835
        },
        "scale": {
          "x": 1.0,
          "y": 1.0,
          "z": 1.0
        },
        "matrix_basis": [
          [
            0.9998754858970642,
            0.01036887802183628,
            -0.011896208859980106,
            0.0
          ],
          [
            -0.009375168941915035,
            0.9966906905174255,
            0.08074530214071274,
            0.0
          ],
          [
            0.012694078497588634,
            -0.08062371611595154,
            0.9966637492179871,
            0.0
          ],
          [
            0.0,
            0.0,
            0.0,
            1.0
          ]
        ],
        "rotation_mode": "QUATERNION"
      },
      "armature_space": {
        "head": {
          "x": 0.6685453653335571,
          "y": -0.15609389543533325,
          "z": 0.35480234026908875
        },
        "tail": {
          "x": 0.766716480255127,
          "y": -0.15846358239650726,
          "z": 0.3201606571674347
        }
      },
      "world_space": {
        "head": {
          "x": 0.6685453653335571,
          "y": -0.09284989535808563,
          "z": 1.3046563863754272
        },
        "tail": {
          "x": 0.766716480255127,
          "y": -0.09521958231925964,
          "z": 1.2700146436691284
        },
        "rotation_quaternion": {
          "w": 0.5410773158073425,
          "x": 0.24275076389312744,
          "y": 0.44255638122558594,
          "z": -0.6726449728012085
        },
        "matrix": [
          [
            -0.2966133654117584,
            0.9427676200866699,
            0.15234604477882385,
            0.6685453653335571
          ],
          [
            -0.5130465030670166,
            -0.022756896913051605,
            -0.8580593466758728,
            -0.09284989535808563
          ],
          [
            -0.8054899573326111,
            -0.3326748311519623,
            0.49043625593185425,
            1.3046563863754272
          ],
          [
            0.0,
            0.0,
            0.0,
            1.0
          ]
        ]
      },
      "bone_length_armature_space": 0.1041308298235427,
      "parent": "lowerarm_l",
      "has_children": true,
      "is_end_bone": false
    },
    "pinky_01_l": {
      "name": "pinky_01_l",
      "local": {
        "location": {
          "x": 0.0,
          "y": 0.0,
          "z": 0.0
        },
        "rotation_quaternion": {
          "w": 0.9514755010604858,
          "x": 0.30724239349365234,
          "y": -0.01550361979752779,
          "z": 0.007499798201024532
        },
        "scale": {
          "x": 1.0,
          "y": 1.0,
          "z": 1.0
        },
        "matrix_basis": [
          [
            0.9994067549705505,
            -0.023798486217856407,
            -0.024894116446375847,
            0.0
          ],
          [
            0.004745009820908308,
            0.8110917210578918,
            -0.5848997831344604,
            0.0
          ],
          [
            0.0341111421585083,
            0.5844346880912781,
            0.8107234835624695,
            0.0
          ],
          [
            0.0,
            0.0,
            0.0,
            1.0
          ]
        ],
        "rotation_mode": "QUATERNION"
      },
      "armature_space": {
        "head": {
          "x": 0.766716480255127,
          "y": -0.15846358239650726,
          "z": 0.3201606571674347
        },
        "tail": {
