{
  "metadata": {
    "armature_name": "KIM_caucasian_male",
    "export_time": "2026-01-13T21:04:44.901246",
    "blender_version": "4.4.1",
    "bone_count": 56,
    "end_bone_count": 13,
    "spaces_included": [
      "LOCAL_CHANNELS",
      "ARMATURE_SPACE",
      "WORLD_SPACE"
    ],
    "note": "LOCAL matches Transform panel; replay pose via local.matrix_basis for best fidelity."
  },
  "bones": {
    "Root": {
      "name": "Root",
      "local": {
        "location": {
          "x": 0.0,
          "y": 0.0,
          "z": 0.0
        },
        "rotation_quaternion": {
          "w": 0.9999241828918457,
          "x": 0.006759153213351965,
          "y": -0.001505916123278439,
          "z": 0.010187186300754547
        },
        "scale": {
          "x": 1.0,
          "y": 1.0,
          "z": 1.0
        },
        "matrix_basis": [
          [
            0.9997879266738892,
            -0.020393185317516327,
            -0.002873890334740281,
            0.0
          ],
          [
            0.020352469757199287,
            0.9997010827064514,
            -0.013547963462769985,
            0.0
          ],
          [
            0.003149317344650626,
            0.013486599549651146,
            0.9999040961265564,
            0.0
          ],
          [
            0.0,
            0.0,
            0.0,
            1.0
          ]
        ],
        "rotation_mode": "QUATERNION"
      },
      "armature_space": {
        "head": {
          "x": 0.0,
          "y": 0.07072800397872925,
          "z": -0.009595036506652832
        },
        "tail": {
          "x": -0.0014555812813341618,
          "y": -0.00010826438665390015,
          "z": -0.0009567560628056526
        }
      },
      "world_space": {
        "head": {
          "x": 0.0,
          "y": 0.13397200405597687,
          "z": 0.9402589797973633
        },
        "tail": {
          "x": -0.0014555812813341618,
          "y": 0.06313573569059372,
          "z": 0.9488972425460815
        },
        "rotation_quaternion": {
          "w": 0.06061874330043793,
          "x": 0.99810791015625,
          "y": -0.010265492834150791,
          "z": -0.0008162061567418277
        },
        "matrix": [
          [
            0.9997879266738892,
            -0.020393185317516327,
            -0.002873890334740281,
            0.0
          ],
          [
            -0.020591096952557564,
            -0.9924399852752686,
            -0.12099181115627289,
            0.13397200405597687
          ],
          [
            -0.00038477731868624687,
            0.12102522701025009,
            -0.992656409740448,
            0.9402589797973633
          ],
          [
            0.0,
            0.0,
            0.0,
            1.0
          ]
        ]
      },
      "bone_length_armature_space": 0.07137587530844958,
      "parent": null,
      "has_children": true,
      "is_end_bone": false
    },
    "spine_01": {
      "name": "spine_01",
      "local": {
        "location": {
          "x": 0.0,
          "y": 0.0,
          "z": 0.0
        },
        "rotation_quaternion": {
          "w": 0.9969297051429749,
          "x": 0.05316223204135895,
          "y": -0.05648331344127655,
          "z": -0.01070836465805769
        },
        "scale": {
          "x": 1.0,
          "y": 1.0,
          "z": 1.0
        },
        "matrix_basis": [
          [
            0.993389904499054,
            0.015345416031777859,
            -0.11375834792852402,
            0.0
          ],
          [
            -0.027356531471014023,
            0.9941182136535645,
            -0.10478832572698593,
            0.0
          ],
          [
            0.11148122698068619,
            0.10720770806074142,
            0.9879668354988098,
            0.0
          ],
          [
            0.0,
            0.0,
            0.0,
            1.0
          ]
        ],
        "rotation_mode": "QUATERNION"
      },
      "armature_space": {
        "head": {
          "x": -0.0014555812813341618,
          "y": -0.00010826438665390015,
          "z": -0.0009567560628056526
        },
        "tail": {
          "x": 0.005473901517689228,
          "y": -0.03642448037862778,
          "z": 0.4856453835964203
        }
      },
      "world_space": {
        "head": {
          "x": -0.0014555812813341618,
          "y": 0.06313573569059372,
          "z": 0.9488972425460815
        },
        "tail": {
          "x": 0.005473901517689228,
          "y": 0.026819519698619843,
          "z": 1.4354994297027588
        },
        "rotation_quaternion": {
          "w": 0.6790775656700134,
          "x": 0.7309461236000061,
          "y": -0.040550246834754944,
          "z": -0.05410269647836685
        },
        "matrix": [
          [
            0.9908571839332581,
            0.014199724420905113,
            -0.1341656744480133,
            -0.0014555812813341618
          ],
          [
            -0.13275980949401855,
            -0.07441829144954681,
            -0.9883506894111633,
            0.06313573569059372
          ],
          [
            -0.024018971249461174,
            0.9971330165863037,
            -0.0718541294336319,
            0.9488972425460815
          ],
          [
            0.0,
            0.0,
            0.0,
            1.0
          ]
        ]
      },
      "bone_length_armature_space": 0.4880046231585751,
      "parent": "Root",
      "has_children": true,
      "is_end_bone": false
    },
    "neck_01": {
      "name": "neck_01",
      "local": {
        "location": {
          "x": 0.0,
          "y": 0.0,
          "z": 0.0
        },
        "rotation_quaternion": {
          "w": 0.9979777336120605,
          "x": -0.009291811846196651,
          "y": 0.059778694063425064,
          "z": -0.01951357163488865
        },
        "scale": {
          "x": 1.0,
          "y": 1.0,
          "z": 1.0
        },
        "matrix_basis": [
          [
            0.9920914769172668,
            0.03783731535077095,
            0.11967824399471283,
            0.0
          ],
          [
            -0.04005912318825722,
            0.9990657567977905,
            0.016213050112128258,
            0.0
          ],
          [
            -0.11895297467708588,
            -0.02087903395295143,
            0.9926803112030029,
            0.0
          ],
          [
            0.0,
            0.0,
            0.0,
            1.0
          ]
        ],
        "rotation_mode": "QUATERNION"
      },
      "armature_space": {
        "head": {
          "x": 0.0018606591038405895,
          "y": -0.07614971697330475,
          "z": 0.5561619997024536
        },
        "tail": {
          "x": 0.0021091208327561617,
          "y": -0.12028385698795319,
          "z": 0.6486976742744446
        }
      },
      "world_space": {
        "head": {
          "x": 0.0018606591038405895,
          "y": -0.012905716896057129,
          "z": 1.5060160160064697
        },
        "tail": {
          "x": 0.0021091208327561617,
          "y": -0.057039856910705566,
          "z": 1.5985517501831055
        },
        "rotation_quaternion": {
          "w": 0.5336207747459412,
          "x": 0.8457006812095642,
          "y": -0.0022636500652879477,
          "z": -0.005858339369297028
        },
        "matrix": [
          [
            0.9999211430549622,
            0.0024235122837126255,
            -0.01232464611530304,
            0.0018606591038405895
          ],
          [
            -0.010080978274345398,
            -0.43048739433288574,
            -0.9025405645370483,
            -0.012905716896057129
          ],
          [
            -0.007492978125810623,
            0.9025993943214417,
            -0.4304327964782715,
            1.5060160160064697
          ],
          [
            0.0,
            0.0,
            0.0,
            1.0
          ]
        ]
      },
      "bone_length_armature_space": 0.10252187464734815,
      "parent": "spine_01",
      "has_children": true,
      "is_end_bone": false
    },
    "head": {
      "name": "head",
      "local": {
        "location": {
          "x": 0.0,
          "y": 0.0,
          "z": 0.0
        },
        "rotation_quaternion": {
          "w": 0.9746767282485962,
          "x": 0.1006169319152832,
          "y": -0.06842538714408875,
          "z": -0.18761493265628815
        },
        "scale": {
          "x": 1.0,
          "y": 1.0,
          "z": 1.0
        },
        "matrix_basis": [
          [
            0.9202371835708618,
            0.351958304643631,
            -0.17113974690437317,
            0.0
          ],
          [
            -0.37949731945991516,
            0.9093537330627441,
            -0.1704627126455307,
            0.0
          ],
          [
            0.09563078731298447,
            0.22181321680545807,
            0.9703884124755859,
            0.0
          ],
          [
            0.0,
            0.0,
            0.0,
            1.0
          ]
        ],
        "rotation_mode": "QUATERNION"
      },
      "armature_space": {
        "head": {
          "x": 0.0021091189701110125,
          "y": -0.12028396874666214,
          "z": 0.648697555065155
        },
        "tail": {
          "x": 0.05707765743136406,
          "y": -0.16589312255382538,
          "z": 0.7863619923591614
        }
      },
      "world_space": {
        "head": {
          "x": 0.0021091189701110125,
          "y": -0.05703996866941452,
          "z": 1.5985515117645264
        },
        "tail": {
          "x": 0.05707765743136406,
          "y": -0.10264912247657776,
          "z": 1.7362160682678223
        },
        "rotation_quaternion": {
          "w": 0.5875559449195862,
          "x": 0.7829681634902954,
          "y": 0.08796314895153046,
          "z": -0.1843949854373932
        },
        "matrix": [
          [
            0.9165223240852356,
            0.3544294536113739,
            -0.18538258969783783,
            0.0021091189701110125
          ],
          [
            -0.07893817126750946,
            -0.2940814793109894,
            -0.9525153040885925,
            -0.05703996866941452
          ],
          [
            -0.39211979508399963,
            0.8876411318778992,
            -0.24155668914318085,
            1.5985515117645264
          ],
          [
            0.0,
            0.0,
            0.0,
            1.0
          ]
        ]
      },
      "bone_length_armature_space": 0.15509104812979185,
      "parent": "neck_01",
      "has_children": false,
      "is_end_bone": true
    },
    "upperarm_l": {
      "name": "upperarm_l",
      "local": {
        "location": {
          "x": 0.0,
          "y": 0.0,
          "z": 0.0
        },
        "rotation_quaternion": {
          "w": 0.9470723271369934,
          "x": 0.006311550736427307,
          "y": 0.3207450211048126,
          "z": -0.011699053458869457
        },
        "scale": {
          "x": 1.0,
          "y": 1.0,
          "z": 1.0
        },
        "matrix_basis": [
          [
            0.7939715385437012,
            0.02620849572122097,
            0.6073898077011108,
            0.0
          ],
          [
            -0.01811090297996998,
            0.9996466040611267,
            -0.019459815695881844,
            0.0
          ],
          [
            -0.6076851487159729,
            0.004450163803994656,
            0.7941656112670898,
            0.0
          ],
          [
            0.0,
            0.0,
            0.0,
            1.0
          ]
        ],
        "rotation_mode": "QUATERNION"
      },
      "armature_space": {
        "head": {
          "x": 0.14910702407360077,
          "y": -0.09421417117118835,
          "z": 0.4853149354457855
        },
        "tail": {
          "x": 0.4152379035949707,
          "y": -0.11941101402044296,
          "z": 0.4666846692562103
        }
      },
      "world_space": {
        "head": {
          "x": 0.14910702407360077,
          "y": -0.030970171093940735,
          "z": 1.435168981552124
        },
        "tail": {
          "x": 0.4152379035949707,
          "y": -0.05616701394319534,
          "z": 1.4165387153625488
        },
        "rotation_quaternion": {
          "w": 0.24453049898147583,
          "x": 0.6686157584190369,
          "y": 0.6270476579666138,
          "z": -0.3161788880825043
        },
        "matrix": [
          [
            0.013682860881090164,
            0.9931390285491943,
            -0.11613646149635315,
            0.14910702407360077
          ],
          [
            0.6838766932487488,
            -0.09402879327535629,
            -0.7235134840011597,
            -0.030970171093940735
          ],
          [
            -0.7294740080833435,
            -0.069523885846138,
            -0.6804764866828918,
            1.435168981552124
          ],
          [
            0.0,
            0.0,
            0.0,
            1.0
          ]
        ]
      },
      "bone_length_armature_space": 0.2679694089042095,
      "parent": "spine_01",
      "has_children": true,
      "is_end_bone": false
    },
    "lowerarm_l": {
      "name": "lowerarm_l",
      "local": {
        "location": {
          "x": 0.0,
          "y": 0.0,
          "z": 0.0
        },
        "rotation_quaternion": {
          "w": 0.9250710010528564,
          "x": 0.3485899269580841,
          "y": 0.011828264221549034,
          "z": 0.15029628574848175
        },
        "scale": {
          "x": 1.0,
          "y": 1.0,
          "z": 1.0
        },
        "matrix_basis": [
          [
            0.9545422196388245,
            -0.2698230445384979,
            0.12666751444339752,
            0.0
          ],
          [
            0.2863158881664276,
            0.7117921710014343,
            -0.6413853764533997,
            0.0
          ],
          [
            0.08289957046508789,
            0.6484963297843933,
            0.7566903233528137,
            0.0
          ],
          [
            0.0,
            0.0,
            0.0,
            1.0
          ]
        ],
        "rotation_mode": "QUATERNION"
      },
      "armature_space": {
        "head": {
          "x": 0.41523802280426025,
          "y": -0.11941114068031311,
          "z": 0.4666846990585327
        },
        "tail": {
          "x": 0.5546678304672241,
          "y": -0.3407244086265564,
          "z": 0.41056686639785767
        }
      },
      "world_space": {
        "head": {
          "x": 0.41523802280426025,
          "y": -0.05616714060306549,
          "z": 1.4165387153625488
        },
        "tail": {
          "x": 0.5546678304672241,
          "y": -0.27748042345046997,
          "z": 1.3604209423065186
        },
        "rotation_quaternion": {
          "w": 0.053871456533670425,
          "x": 0.8062711358070374,
          "y": 0.28890421986579895,
          "z": -0.5133800506591797
        },
        "matrix": [
          [
            0.3059496581554413,
            0.5211851000785828,
            -0.7967187166213989,
            0.41523802280426025
          ],
          [
            0.41055750846862793,
            -0.8272636532783508,
            -0.3835075795650482,
            -0.05616714060306549
          ],
          [
            -0.8589802980422974,
            -0.20976711809635162,
            -0.46708106994628906,
            1.4165387153625488
          ],
          [
            0.0,
            0.0,
            0.0,
            1.0
          ]
        ]
      },
      "bone_length_armature_space": 0.26752466125357105,
      "parent": "upperarm_l",
      "has_children": true,
      "is_end_bone": false
    },
    "metacarpal_thumb_l": {
      "name": "metacarpal_thumb_l",
      "local": {
        "location": {
          "x": 0.0,
          "y": 0.0,
          "z": 0.0
        },
        "rotation_quaternion": {
          "w": 0.9998717904090881,
          "x": -0.011592241935431957,
          "y": 0.011044315993785858,
          "z": -0.00020355288870632648
        },
        "scale": {
          "x": 1.0,
          "y": 1.0,
          "z": 1.0
        },
        "matrix_basis": [
          [
            0.9997559785842896,
            0.00015099681331776083,
            0.022090518847107887,
            0.0
          ],
          [
            -0.0006631103460676968,
            0.999731183052063,
            0.0231770146638155,
            0.0
          ],
          [
            -0.022081080824136734,
            -0.023186007514595985,
            0.9994872808456421,
            0.0
          ],
          [
            0.0,
            0.0,
            0.0,
            1.0
          ]
        ],
        "rotation_mode": "QUATERNION"
      },
      "armature_space": {
        "head": {
          "x": 0.5546678304672241,
          "y": -0.3407244086265564,
          "z": 0.41056686639785767
        },
        "tail": {
          "x": 0.5543000102043152,
          "y": -0.38112977147102356,
          "z": 0.3819160461425781
        }
      },
      "world_space": {
        "head": {
          "x": 0.5546678304672241,
          "y": -0.27748042345046997,
          "z": 1.3604209423065186
        },
        "tail": {
          "x": 0.5543000102043152,
          "y": -0.31788575649261475,
          "z": 1.3317700624465942
        },
        "rotation_quaternion": {
          "w": 0.30033355951309204,
          "x": -0.9444172978401184,
          "y": 0.04407291114330292,
          "z": -0.12622736394405365
        },
        "matrix": [
          [
            0.9642483592033386,
            -0.007425970397889614,
            0.26489555835723877,
            0.5546678304672241
          ],
          [
            -0.15906694531440735,
            -0.8157151937484741,
            0.5561536550521851,
            -0.27748042345046997
          ],
          [
            0.21195071935653687,
            -0.5784111022949219,
            -0.7877380847930908,
            1.3604209423065186
          ],
          [
            0.0,
            0.0,
            0.0,
            1.0
          ]
        ]
      },
      "bone_length_armature_space": 0.04953380817941339,
      "parent": "lowerarm_l",
      "has_children": true,
      "is_end_bone": false
    },
    "thumb_01_l": {
      "name": "thumb_01_l",
      "local": {
        "location": {
          "x": 0.0,
          "y": 0.0,
          "z": 0.0
        },
        "rotation_quaternion": {
          "w": 0.9882276058197021,
          "x": 0.1516585350036621,
          "y": 0.018806548789143562,
          "z": -0.007224594242870808
        },
        "scale": {
          "x": 1.0,
          "y": 1.0,
          "z": 1.0
        },
        "matrix_basis": [
          [
            0.999188244342804,
            0.019983435049653053,
            0.0349789597094059,
            0.0
          ],
          [
            -0.008574740029871464,
            0.9538949728012085,
            -0.3000180423259735,
            0.0
          ],
          [
            -0.03936164453625679,
            0.2994745671749115,
            0.9532920122146606,
            0.0
          ],
          [
            0.0,
            0.0,
            0.0,
            1.0
          ]
        ],
        "rotation_mode": "QUATERNION"
      },
      "armature_space": {
        "head": {
          "x": 0.5543000102043152,
          "y": -0.38112977147102356,
          "z": 0.3819160461425781
        },
        "tail": {
          "x": 0.5665878057479858,
          "y": -0.38707485795021057,
          "z": 0.35073423385620117
        }
      },
      "world_space": {
        "head": {
          "x": 0.5543000102043152,
          "y": -0.31788575649261475,
          "z": 1.3317700624465942
        },
        "tail": {
          "x": 0.5665878057479858,
          "y": -0.32383084297180176,
          "z": 1.3005882501602173
        },
        "rotation_quaternion": {
          "w": 0.4974505305290222,
          "x": -0.3743482232093811,
          "y": 0.4064652919769287,
          "z": -0.6687244176864624
        },
        "matrix": [
          [
            -0.22481074929237366,
            0.36099597811698914,
            0.9050645232200623,
            0.5543000102043152
          ],
          [
            -0.9696343541145325,
            -0.17465710639953613,
            -0.17118525505065918,
            -0.31788575649261475
          ],
          [
            0.09627853333950043,
            -0.916072428226471,
            0.38930144906044006,
            1.3317700624465942
          ],
          [
            0.0,
            0.0,
            0.0,
            1.0
          ]
        ]
      },
      "bone_length_armature_space": 0.03403879245930934,
      "parent": "metacarpal_thumb_l",
      "has_children": true,
      "is_end_bone": false
    },
    "thumb_02_l": {
      "name": "thumb_02_l",
      "local": {
        "location": {
          "x": 0.0,
          "y": 0.0,
          "z": 0.0
        },
        "rotation_quaternion": {
          "w": 0.9286659359931946,
          "x": 0.37087109684944153,
          "y": 0.0002923808933701366,
          "z": -0.005843063350766897
        },
        "scale": {
          "x": 1.0,
          "y": 1.0,
          "z": 1.0
        },
        "matrix_basis": [
          [
            0.9999315738677979,
            0.011069378815591335,
            -0.0037909983657300472,
            0.0
          ],
          [
            -0.010635636746883392,
            0.7248409986495972,
            -0.6888341307640076,
            0.0
          ],
          [
            -0.004877095110714436,
            0.6888272762298584,
            0.7249090671539307,
            0.0
          ],
          [
            0.0,
            0.0,
            0.0,
            1.0
          ]
        ],
        "rotation_mode": "QUATERNION"
      },
      "armature_space": {
        "head": {
          "x": 0.5665877461433411,
          "y": -0.3870748281478882,
          "z": 0.35073423385620117
        },
        "tail": {
          "x": 0.5832525491714478,
          "y": -0.41572386026382446,
          "z": 0.3734212815761566
        }
      },
      "world_space": {
        "head": {
          "x": 0.5665877461433411,
          "y": -0.32383084297180176,
          "z": 1.3005882501602173
        },
        "tail": {
          "x": 0.5832525491714478,
          "y": -0.35247987508773804,
          "z": 1.3232753276824951
        },
        "rotation_quaternion": {
          "w": 0.2665870189666748,
          "x": 0.13613052666187286,
          "y": -0.26885709166526794,
          "z": -0.9154866933822632
        },
        "matrix": [
          [
            -0.8207992911338806,
            0.4149145483970642,
            -0.39259928464889526,
            0.5665877461433411
          ],
          [
            -0.5613135695457458,
            -0.7132944464683533,
            0.4196886718273163,
            -0.32383084297180176
          ],
          [
            -0.10590525716543198,
            0.564854621887207,
            0.8183746337890625,
            1.3005882501602173
          ],
          [
            0.0,
            0.0,
            0.0,
            1.0
          ]
        ]
      },
      "bone_length_armature_space": 0.040164471620835786,
      "parent": "thumb_01_l",
      "has_children": true,
      "is_end_bone": false
    },
    "thumb_03_l": {
      "name": "thumb_03_l",
      "local": {
        "location": {
          "x": 0.0,
          "y": 0.0,
          "z": 0.0
        },
        "rotation_quaternion": {
          "w": 0.9804794788360596,
          "x": 0.19645486772060394,
          "y": 0.00770474411547184,
          "z": -0.002491818042472005
        },
        "scale": {
          "x": 1.0,
          "y": 1.0,
          "z": 1.0
        },
        "matrix_basis": [
          [
            0.9998688697814941,
            0.007913622073829174,
            0.014129627496004105,
            0.0
          ],
          [
            -0.0018590838881209493,
            0.9227985739707947,
            -0.3852783441543579,
            0.0
          ],
          [
            -0.016087746247649193,
            0.3852015435695648,
            0.9226922392845154,
            0.0
          ],
          [
            0.0,
            0.0,
            0.0,
            1.0
          ]
        ],
        "rotation_mode": "QUATERNION"
      },
      "armature_space": {
        "head": {
          "x": 0.583252489566803,
          "y": -0.41572389006614685,
          "z": 0.37342119216918945
        },
        "tail": {
          "x": 0.5861197710037231,
          "y": -0.42570510506629944,
          "z": 0.40204036235809326
        }
      },
      "world_space": {
        "head": {
          "x": 0.583252489566803,
          "y": -0.35247987508773804,
          "z": 1.3232752084732056
        },
        "tail": {
          "x": 0.5861197710037231,
          "y": -0.3624610900878906,
          "z": 1.3518943786621094
        },
        "rotation_quaternion": {
          "w": 0.32215845584869385,
          "x": 0.383016973733902,
          "y": -0.48196595907211304,
          "z": -0.7191805839538574
        },
        "matrix": [
          [
            -0.4990241825580597,
            0.09417927265167236,
            -0.8614552021026611,
            0.583252489566803
          ],
          [
            -0.8325828313827515,
            -0.3278453052043915,
            0.44645699858665466,
            -0.35247987508773804
          ],
          [
            -0.2403794229030609,
            0.9400316476821899,
            0.24201682209968567,
            1.3232752084732056
          ],
          [
            0.0,
            0.0,
            0.0,
            1.0
          ]
        ]
      },
      "bone_length_armature_space": 0.030445078951474577,
      "parent": "thumb_02_l",
      "has_children": false,
      "is_end_bone": true
    },
    "metacarpal_index_l": {
      "name": "metacarpal_index_l",
      "local": {
        "location": {
          "x": 0.0,
          "y": 0.0,
          "z": 0.0
        },
        "rotation_quaternion": {
          "w": 0.9997206926345825,
          "x": -0.0223227571696043,
          "y": 0.005178854800760746,
          "z": -0.0057868328876793385
        },
        "scale": {
          "x": 1.0,
          "y": 1.0,
          "z": 1.0
        },
        "matrix_basis": [
          [
            0.9998793601989746,
            0.011339220218360424,
            0.010613172315061092,
            0.0
          ],
          [
            -0.011801646091043949,
            0.9989364147186279,
            0.0445731058716774,
            0.0
          ],
          [
            -0.010096460580825806,
            -0.044692981988191605,
            0.9989497661590576,
            0.0
          ],
          [
            0.0,
            0.0,
            0.0,
            1.0
          ]
        ],
        "rotation_mode": "QUATERNION"
      },
      "armature_space": {
        "head": {
          "x": 0.5546678304672241,
          "y": -0.3407244086265564,
          "z": 0.41056686639785767
        },
        "tail": {
          "x": 0.5888158082962036,
          "y": -0.44519278407096863,
          "z": 0.3699524700641632
        }
      },
      "world_space": {
        "head": {
          "x": 0.5546678304672241,
          "y": -0.27748042345046997,
          "z": 1.3604209423065186
        },
        "tail": {
          "x": 0.5888158082962036,
          "y": -0.3819487690925598,
          "z": 1.319806456565857
        },
        "rotation_quaternion": {
          "w": 0.15915030241012573,
          "x": -0.9656345248222351,
          "y": -0.16994021832942963,
          "z": 0.11550509184598923
        },
        "matrix": [
          [
            0.9155575633049011,
            0.29143503308296204,
            -0.2771637439727783,
            0.5546678304672241
          ],
          [
            0.36496594548225403,
            -0.8915835022926331,
            0.2681034505367279,
            -0.27748042345046997
          ],
          [
            -0.1689807027578354,
            -0.3466227352619171,
            -0.9226659536361694,
            1.3604209423065186
          ],
          [
            0.0,
            0.0,
            0.0,
            1.0
          ]
        ]
      },
      "bone_length_armature_space": 0.1171719029100405,
      "parent": "lowerarm_l",
      "has_children": true,
      "is_end_bone": false
    },
    "index_01_l": {
      "name": "index_01_l",
      "local": {
        "location": {
          "x": 0.0,
          "y": 0.0,
          "z": 0.0
        },
        "rotation_quaternion": {
          "w": 0.9731509685516357,
          "x": 0.22947897017002106,
          "y": 0.017596863210201263,
          "z": -0.0026682447642087936
        },
        "scale": {
          "x": 1.0,
          "y": 1.0,
          "z": 1.0
        },
        "matrix_basis": [
          [
            0.9993664622306824,
            0.01326943002641201,
            0.033024195581674576,
            0.0
          ],
          [
            0.0028830100782215595,
            0.8946645855903625,
            -0.44672927260398865,
            0.0
          ],
          [
            -0.03547342121601105,
            0.4465414583683014,
            0.8940594792366028,
            0.0
          ],
          [
            0.0,
            0.0,
            0.0,
            1.0
          ]
        ],
        "rotation_mode": "QUATERNION"
      },
      "armature_space": {
        "head": {
          "x": 0.5888158082962036,
          "y": -0.44519278407096863,
          "z": 0.3699524700641632
        },
        "tail": {
          "x": 0.6025975942611694,
          "y": -0.46152597665786743,
          "z": 0.35107487440109253
        }
      },
      "world_space": {
        "head": {
          "x": 0.5888158082962036,
          "y": -0.3819487690925598,
          "z": 1.319806456565857
        },
        "tail": {
          "x": 0.6025975942611694,
          "y": -0.398281991481781,
          "z": 1.3009288311004639
        },
        "rotation_quaternion": {
          "w": 0.333635151386261,
          "x": -0.8788867592811584,
          "y": -0.31981971859931946,
          "z": 0.11815699189901352
        },
        "matrix": [
          [
            0.7675076723098755,
            0.483328253030777,
            -0.4211004972457886,
            0.5888158082962036
          ],
          [
            0.641014575958252,
            -0.5728060603141785,
            0.5108760595321655,
            -0.3819487690925598
          ],
          [
            0.005712589249014854,
            -0.6620379090309143,
            -0.7494580745697021,
            1.319806456565857
          ],
          [
            0.0,
            0.0,
            0.0,
            1.0
          ]
        ]
      },
      "bone_length_armature_space": 0.02851446017489251,
      "parent": "metacarpal_index_l",
      "has_children": true,
      "is_end_bone": false
    },
    "index_02_l": {
      "name": "index_02_l",
      "local": {
        "location": {
          "x": 0.0,
          "y": 0.0,
          "z": 0.0
        },
        "rotation_quaternion": {
          "w": 0.9059317111968994,
          "x": 0.4232326149940491,
          "y": 0.004359043203294277,
          "z": 0.011955030262470245
        },
        "scale": {
          "x": 1.0,
          "y": 1.0,
          "z": 1.0
        },
        "matrix_basis": [
          [
            0.9996761679649353,
            -0.017971104010939598,
            0.01801750808954239,
            0.0
          ],
          [
            0.0253506600856781,
            0.6414624452590942,
            -0.7667354941368103,
            0.0
          ],
          [
            0.002221526578068733,
            0.7669439315795898,
            0.6417102813720703,
            0.0
          ],
          [
            0.0,
            0.0,
            0.0,
            1.0
          ]
        ],
        "rotation_mode": "QUATERNION"
      },
      "armature_space": {
        "head": {
          "x": 0.6025974750518799,
          "y": -0.46152621507644653,
          "z": 0.3510743975639343
        },
        "tail": {
          "x": 0.6019466519355774,
          "y": -0.4624285399913788,
          "z": 0.3254450857639313
        }
      },
      "world_space": {
        "head": {
          "x": 0.6025974750518799,
          "y": -0.3982822299003601,
          "z": 1.3009283542633057
        },
        "tail": {
          "x": 0.6019466519355774,
          "y": -0.39918452501296997,
          "z": 1.275299072265625
        },
        "rotation_quaternion": {
          "w": 0.6503684520721436,
          "x": -0.6670334935188293,
          "y": -0.243791863322258,
          "z": 0.26954197883605957
        },
        "matrix": [
          [
            0.7358253002166748,
            -0.025368839502334595,
            -0.6766958832740784,
            0.6025974750518799
          ],
          [
            0.675838053226471,
            -0.03517374396324158,
            0.7362110614776611,
            -0.3982822299003601
          ],
          [
            -0.042478352785110474,
            -0.9990663528442383,
            -0.008735835552215576,
            1.3009283542633057
          ],
          [
            0.0,
            0.0,
            0.0,
            1.0
          ]
        ]
      },
      "bone_length_armature_space": 0.025653448076396634,
      "parent": "index_01_l",
      "has_children": true,
      "is_end_bone": false
    },
    "index_03_l": {
      "name": "index_03_l",
      "local": {
        "location": {
          "x": 0.0,
          "y": 0.0,
          "z": 0.0
        },
        "rotation_quaternion": {
          "w": 0.9592663645744324,
          "x": 0.2824971675872803,
          "y": -0.0018028058111667633,
          "z": 0.0005638126749545336
        },
        "scale": {
          "x": 1.0,
          "y": 1.0,
          "z": 1.0
        },
        "matrix_basis": [
          [
            0.999992847442627,
            -0.0021002681460231543,
            -0.0031401910819113255,
            0.0
          ],
          [
            6.31180009804666e-05,
            0.8403900861740112,
            -0.541982114315033,
            0.0
          ],
          [
            0.003777293022722006,
            0.5419780015945435,
            0.8403841853141785,
            0.0
          ],
          [
            0.0,
            0.0,
            0.0,
            1.0
          ]
        ],
        "rotation_mode": "QUATERNION"
      },
      "armature_space": {
        "head": {
          "x": 0.6019467711448669,
          "y": -0.46242865920066833,
          "z": 0.3254450857639313
        },
        "tail": {
          "x": 0.5916325449943542,
          "y": -0.44787508249282837,
          "z": 0.30230316519737244
        }
      },
      "world_space": {
        "head": {
          "x": 0.6019467711448669,
          "y": -0.3991846442222595,
          "z": 1.275299072265625
        },
        "tail": {
          "x": 0.5916325449943542,
          "y": -0.38463109731674194,
          "z": 1.252157211303711
        },
        "rotation_quaternion": {
          "w": 0.8498260974884033,
          "x": -0.41068607568740845,
          "y": -0.16383354365825653,
          "z": 0.28686457872390747
        },
        "matrix": [
          [
            0.7817338109016418,
            -0.35300204157829285,
            -0.514083206653595,
            0.6019467711448669
          ],
          [
            0.6221393346786499,
            0.4980911910533905,
            0.6040270924568176,
            -0.3991846442222595
          ],
          [
            0.042838409543037415,
            -0.7920247912406921,
            0.6089959740638733,
            1.275299072265625
          ],
          [
            0.0,
            0.0,
            0.0,
            1.0
          ]
        ]
      },
      "bone_length_armature_space": 0.029218801140421722,
      "parent": "index_02_l",
      "has_children": false,
      "is_end_bone": true
    },
    "metacarpal_pinky_l": {
      "name": "metacarpal_pinky_l",
      "local": {
        "location": {
          "x": 0.0,
          "y": 0.0,
          "z": 0.0
        },
        "rotation_quaternion": {
          "w": 0.999927818775177,
          "x": 0.006620719097554684,
          "y": 0.006802447140216827,
          "z": -0.007368616759777069
        },
        "scale": {
          "x": 1.0,
          "y": 1.0,
          "z": 1.0
        },
        "matrix_basis": [
          [
            0.9997988343238831,
            0.014826243743300438,
            0.01350634079426527,
            0.0
          ],
          [
            -0.014646095223724842,
            0.9998037219047546,
            -0.013340732082724571,
            0.0
          ],
          [
            -0.013701483607292175,
            0.013140233233571053,
            0.999819815158844,
            0.0
          ],
          [
            0.0,
            0.0,
            0.0,
            1.0
          ]
        ],
        "rotation_mode": "QUATERNION"
      },
      "armature_space": {
        "head": {
          "x": 0.5546678304672241,
          "y": -0.3407244086265564,
          "z": 0.41056686639785767
        },
        "tail": {
          "x": 0.6303375959396362,
          "y": -0.4119468033313751,
          "z": 0.4038831293582916
        }
      },
      "world_space": {
        "head": {
          "x": 0.5546678304672241,
          "y": -0.27748042345046997,
          "z": 1.3604209423065186
        },
        "tail": {
          "x": 0.6303375959396362,
          "y": -0.3487027883529663,
          "z": 1.3537371158599854
        },
        "rotation_quaternion": {
          "w": 0.35190847516059875,
          "x": 0.3536062240600586,
          "y": 0.18486404418945312,
          "z": -0.8467280864715576
        },
        "matrix": [
          [
            -0.5022459030151367,
            0.7266803979873657,
            -0.4687052369117737,
            0.5546678304672241
          ],
          [
            -0.4652045965194702,
            -0.6839708089828491,
            -0.561933696269989,
            -0.27748042345046997
          ],
          [
            -0.7289322018623352,
            -0.06418614089488983,
            0.6815804839134216,
            1.3604209423065186
          ],
          [
            0.0,
            0.0,
            0.0,
            1.0
          ]
        ]
      },
      "bone_length_armature_space": 0.1041307596380412,
      "parent": "lowerarm_l",
      "has_children": true,
      "is_end_bone": false
    },
    "pinky_01_l": {
      "name": "pinky_01_l",
      "local": {
        "location": {
          "x": 0.0,
          "y": 0.0,
          "z": 0.0
        },
        "rotation_quaternion": {
          "w": 0.9447160959243774,
          "x": 0.3268100917339325,
          "y": 0.022801900282502174,
          "z": -0.013670282438397408
        },
        "scale": {
          "x": 1.0,
          "y": 1.0,
          "z": 1.0
        },
        "matrix_basis": [
          [
            0.9985864162445068,
            0.04073285311460495,
            0.0341474711894989,
            0.0
          ],
          [
            -0.010925289243459702,
            0.786016583442688,
            -0.6181089282035828,
            0.0
          ],
          [
            -0.05201781541109085,
            0.6168621182441711,
            0.785350501537323,
            0.0
          ],
          [
            0.0,
            0.0,
            0.0,
            1.0
          ]
        ],
        "rotation_mode": "QUATERNION"
      },
      "armature_space": {
        "head": {
          "x": 0.6303375959396362,
          "y": -0.4119468033313751,
