{
  "metadata": {
    "armature_name": "KIM_caucasian_male",
    "export_time": "2026-01-13T20:26:43.897764",
    "blender_version": "4.4.1",
    "bone_count": 56,
    "end_bone_count": 13,
    "spaces_included": [
      "LOCAL_CHANNELS",
      "ARMATURE_SPACE",
      "WORLD_SPACE"
    ],
    "note": "LOCAL matches Transform panel; replay pose via local.matrix_basis for best fidelity."
  },
  "bones": {
    "Root": {
      "name": "Root",
      "local": {
        "location": {
          "x": 0.0,
          "y": 0.0,
          "z": 0.0
        },
        "rotation_quaternion": {
          "w": 0.9993461966514587,
          "x": 0.014108872041106224,
          "y": 0.015638407319784164,
          "z": 0.02938837558031082
        },
        "scale": {
          "x": 1.0,
          "y": 1.0,
          "z": 1.0
        },
        "matrix_basis": [
          [
            0.9977835416793823,
            -0.058297041803598404,
            0.032085638493299484,
            0.0
          ],
          [
            0.059179604053497314,
            0.9978744983673096,
            -0.02728012017905712,
            0.0
          ],
          [
            -0.03042709268629551,
            0.02911847084760666,
            0.9991127848625183,
            0.0
          ],
          [
            0.0,
            0.0,
            0.0,
            1.0
          ]
        ],
        "rotation_mode": "QUATERNION"
      },
      "armature_space": {
        "head": {
          "x": 0.0,
          "y": 0.07072800397872925,
          "z": -0.009595036506652832
        },
        "tail": {
          "x": -0.004161002114415169,
          "y": -0.00012905895709991455,
          "z": -0.0020799003541469574
        }
      },
      "world_space": {
        "head": {
          "x": 0.0,
          "y": 0.13397200405597687,
          "z": 0.9402589797973633
        },
        "tail": {
          "x": -0.004161002114415169,
          "y": 0.0631149411201477,
          "z": 0.9477741122245789
        },
        "rotation_quaternion": {
          "w": 0.053246788680553436,
          "x": 0.998026430606842,
          "y": -0.02826808951795101,
          "z": 0.017582712695002556
        },
        "matrix": [
          [
            0.9977835416793823,
            -0.058297041803598404,
            0.032085638493299484,
            0.0
          ],
          [
            -0.05455213412642479,
            -0.9927313923835754,
            -0.10727792233228683,
            0.13397200405597687
          ],
          [
            0.03810662031173706,
            0.10528959333896637,
            -0.9937182664871216,
            0.9402589797973633
          ],
          [
            0.0,
            0.0,
            0.0,
            1.0
          ]
        ]
      },
      "bone_length_armature_space": 0.07137586721866464,
      "parent": null,
      "has_children": true,
      "is_end_bone": false
    },
    "spine_01": {
      "name": "spine_01",
      "local": {
        "location": {
          "x": 0.0,
          "y": 0.0,
          "z": 0.0
        },
        "rotation_quaternion": {
          "w": 0.9968238472938538,
          "x": 0.039026953279972076,
          "y": 0.029925206676125526,
          "z": -0.06264013051986694
        },
        "scale": {
          "x": 1.0,
          "y": 1.0,
          "z": 1.0
        },
        "matrix_basis": [
          [
            0.9903613924980164,
            0.1272181272506714,
            0.05477101355791092,
            0.0
          ],
          [
            -0.12254657596349716,
            0.9891062378883362,
            -0.08155503123998642,
            0.0
          ],
          [
            -0.06454962491989136,
            0.0740569606423378,
            0.9951627850532532,
            0.0
          ],
          [
            0.0,
            0.0,
            0.0,
            1.0
          ]
        ],
        "rotation_mode": "QUATERNION"
      },
      "armature_space": {
        "head": {
          "x": -0.004161002114415169,
          "y": -0.00012905895709991455,
          "z": -0.0020799003541469574
        },
        "tail": {
          "x": 0.03788473457098007,
          "y": -0.03016691282391548,
          "z": 0.4831812381744385
        }
      },
      "world_space": {
        "head": {
          "x": -0.004161002114415169,
          "y": 0.0631149411201477,
          "z": 0.9477741122245789
        },
        "tail": {
          "x": 0.03788473457098007,
          "y": 0.03307708725333214,
          "z": 1.4330352544784546
        },
        "rotation_quaternion": {
          "w": 0.6842348575592041,
          "x": 0.727984607219696,
          "y": 0.03234260901808739,
          "z": -0.028549563139677048
        },
        "matrix": [
          [
            0.9962777495384216,
            0.08615908026695251,
            0.0026932060718536377,
            -0.004161002114415169
          ],
          [
            0.008021209388971329,
            -0.06155282258987427,
            -0.9980717301368713,
            0.0631149411201477
          ],
          [
            -0.0858277752995491,
            0.9943850636482239,
            -0.06201614439487457,
            0.9477741122245789
          ],
          [
            0.0,
            0.0,
            0.0,
            1.0
          ]
        ]
      },
      "bone_length_armature_space": 0.48800459820734554,
      "parent": "Root",
      "has_children": true,
      "is_end_bone": false
    },
    "neck_01": {
      "name": "neck_01",
      "local": {
        "location": {
          "x": 0.0,
          "y": 0.0,
          "z": 0.0
        },
        "rotation_quaternion": {
          "w": 0.9809033870697021,
          "x": -0.15091899037361145,
          "y": 0.024087317287921906,
          "z": 0.12029928714036942
        },
        "scale": {
          "x": 1.0,
          "y": 1.0,
          "z": 1.0
        },
        "matrix_basis": [
          [
            0.9698957800865173,
            -0.24327442049980164,
            0.010943768545985222,
            0.0
          ],
          [
            0.22873349487781525,
            0.9255030751228333,
            0.30186927318573,
            0.0
          ],
          [
            -0.08356555551290512,
            -0.29027852416038513,
            0.9532865285873413,
            0.0
          ],
          [
            0.0,
            0.0,
            0.0,
            1.0
          ]
        ],
        "rotation_mode": "QUATERNION"
      },
      "armature_space": {
        "head": {
          "x": 0.0442865714430809,
          "y": -0.06928728520870209,
          "z": 0.5538378357887268
        },
        "tail": {
          "x": 0.028050854802131653,
          "y": -0.08404769003391266,
          "z": 0.6539841890335083
        }
      },
      "world_space": {
        "head": {
          "x": 0.0442865714430809,
          "y": -0.006043285131454468,
          "z": 1.5036919116973877
        },
        "tail": {
          "x": 0.028050854802131653,
          "y": -0.02080368995666504,
          "z": 1.6038382053375244
        },
        "rotation_quaternion": {
          "w": 0.6516022682189941,
          "x": 0.7543866038322449,
          "y": -0.05854387953877449,
          "z": 0.05374039337038994
        },
        "matrix": [
          [
            0.987369179725647,
            -0.15836426615715027,
            0.004786428064107895,
            0.0442865714430809
          ],
          [
            -0.018295668065547943,
            -0.14397400617599487,
            -0.9894125461578369,
            -0.006043285131454468
          ],
          [
            0.15737774968147278,
            0.9768344163894653,
            -0.14505481719970703,
            1.5036919116973877
          ],
          [
            0.0,
            0.0,
            0.0,
            1.0
          ]
        ]
      },
      "bone_length_armature_space": 0.10252199655385895,
      "parent": "spine_01",
      "has_children": true,
      "is_end_bone": false
    },
    "head": {
      "name": "head",
      "local": {
        "location": {
          "x": 0.0,
          "y": 0.0,
          "z": 0.0
        },
        "rotation_quaternion": {
          "w": 0.9761295318603516,
          "x": -0.04923981428146362,
          "y": -0.1593596339225769,
          "z": -0.13910867273807526
        },
        "scale": {
          "x": 1.0,
          "y": 1.0,
          "z": 1.0
        },
        "matrix_basis": [
          [
            0.910506546497345,
            0.28726983070373535,
            -0.2974119186401367,
            0.0
          ],
          [
            -0.25588250160217285,
            0.9564484357833862,
            0.14046548306941986,
            0.0
          ],
          [
            0.324810653924942,
            -0.05179226025938988,
            0.9443598985671997,
            0.0
          ],
          [
            0.0,
            0.0,
            0.0,
            1.0
          ]
        ],
        "rotation_mode": "QUATERNION"
      },
      "armature_space": {
        "head": {
          "x": 0.028050865978002548,
          "y": -0.0840478390455246,
          "z": 0.6539841294288635
        },
        "tail": {
          "x": 0.0502258762717247,
          "y": -0.04401470348238945,
          "z": 0.8021695613861084
        }
      },
      "world_space": {
        "head": {
          "x": 0.028050865978002548,
          "y": -0.020803838968276978,
          "z": 1.6038382053375244
        },
        "tail": {
          "x": 0.0502258762717247,
          "y": 0.01922929659485817,
          "z": 1.7520235776901245
        },
        "rotation_quaternion": {
          "w": 0.785904049873352,
          "x": 0.5847024917602539,
          "y": -0.10685879737138748,
          "z": -0.17046764492988586
        },
        "matrix": [
          [
            0.9190436601638794,
            0.1429813653230667,
            -0.3673078417778015,
            0.028050865978002548
          ],
          [
            -0.3929043412208557,
            0.2581280469894409,
            -0.8826078176498413,
            -0.020803838968276978
          ],
          [
            -0.03138469159603119,
            0.955478847026825,
            0.29341015219688416,
            1.6038382053375244
          ],
          [
            0.0,
            0.0,
            0.0,
            1.0
          ]
        ]
      },
      "bone_length_armature_space": 0.15509128270013617,
      "parent": "neck_01",
      "has_children": false,
      "is_end_bone": true
    },
    "upperarm_l": {
      "name": "upperarm_l",
      "local": {
        "location": {
          "x": 0.0,
          "y": 0.0,
          "z": 0.0
        },
        "rotation_quaternion": {
          "w": 0.9318559169769287,
          "x": -0.06779459118843079,
          "y": 0.19238923490047455,
          "z": -0.3000580668449402
        },
        "scale": {
          "x": 1.0,
          "y": 1.0,
          "z": 1.0
        },
        "matrix_basis": [
          [
            0.7459030747413635,
            0.5331358909606934,
            0.39924272894859314,
            0.0
          ],
          [
            -0.5853076577186584,
            0.8107380867004395,
            0.01089369785040617,
            0.0
          ],
          [
            -0.317873477935791,
            -0.24180546402931213,
            0.9167805314064026,
            0.0
          ],
          [
            0.0,
            0.0,
            0.0,
            1.0
          ]
        ],
        "rotation_mode": "QUATERNION"
      },
      "armature_space": {
        "head": {
          "x": 0.18794627487659454,
          "y": -0.06713025271892548,
          "z": 0.4739355146884918
        },
        "tail": {
          "x": 0.3856440782546997,
          "y": 0.020051002502441406,
          "z": 0.3154332935810089
        }
      },
      "world_space": {
        "head": {
          "x": 0.18794627487659454,
          "y": -0.0038862526416778564,
          "z": 1.4237895011901855
        },
        "tail": {
          "x": 0.3856440782546997,
          "y": 0.08329500257968903,
          "z": 1.2652872800827026
        },
        "rotation_quaternion": {
          "w": 0.2069438248872757,
          "x": 0.3459007441997528,
          "y": 0.7873022556304932,
          "z": -0.4665641784667969
        },
        "matrix": [
          [
            -0.6750531792640686,
            0.7377625107765198,
            0.003083009272813797,
            0.18794627487659454
          ],
          [
            0.35155388712882996,
            0.32534030079841614,
            -0.877817690372467,
            -0.0038862526416778564
          ],
          [
            -0.6486281752586365,
            -0.5914936661720276,
            -0.47898945212364197,
            1.4237895011901855
          ],
          [
            0.0,
            0.0,
            0.0,
            1.0
          ]
        ]
      },
      "bone_length_armature_space": 0.26797004437342514,
      "parent": "spine_01",
      "has_children": true,
      "is_end_bone": false
    },
    "lowerarm_l": {
      "name": "lowerarm_l",
      "local": {
        "location": {
          "x": 0.0,
          "y": 0.0,
          "z": 0.0
        },
        "rotation_quaternion": {
          "w": 0.9524058699607849,
          "x": 0.2522328197956085,
          "y": -0.011012943461537361,
          "z": -0.1708229035139084
        },
        "scale": {
          "x": 1.0,
          "y": 1.0,
          "z": 1.0
        },
        "matrix_basis": [
          [
            0.9413964748382568,
            0.3198298215866089,
            -0.10715186595916748,
            0.0
          ],
          [
            -0.3309411108493805,
            0.8143962621688843,
            -0.4766935110092163,
            0.0
          ],
          [
            -0.0651967003941536,
            0.484218567609787,
            0.8725146651268005,
            0.0
          ],
          [
            0.0,
            0.0,
            0.0,
            1.0
          ]
        ],
        "rotation_mode": "QUATERNION"
      },
      "armature_space": {
        "head": {
          "x": 0.38564419746398926,
          "y": 0.02005094289779663,
          "z": 0.3154332935810089
        },
        "tail": {
          "x": 0.5022293925285339,
          "y": -0.04004794359207153,
          "z": 0.08226782083511353
        }
      },
      "world_space": {
        "head": {
          "x": 0.38564419746398926,
          "y": 0.08329494297504425,
          "z": 1.2652872800827026
        },
        "tail": {
          "x": 0.5022293925285339,
          "y": 0.023196056485176086,
          "z": 1.0321218967437744
        },
        "rotation_quaternion": {
          "w": 0.07269107550382614,
          "x": 0.26585379242897034,
          "y": 0.6183791160583496,
          "z": -0.7359654903411865
        },
        "matrix": [
          [
            -0.8480761647224426,
            0.4357926845550537,
            -0.3014153242111206,
            0.38564419746398926
          ],
          [
            0.22179798781871796,
            -0.22464817762374878,
            -0.9488620758056641,
            0.08329494297504425
          ],
          [
            -0.4812227189540863,
            -0.871566891670227,
            0.09386050701141357,
            1.2652872800827026
          ],
          [
            0.0,
            0.0,
            0.0,
            1.0
          ]
        ]
      },
      "bone_length_armature_space": 0.2675259279936089,
      "parent": "upperarm_l",
      "has_children": true,
      "is_end_bone": false
    },
    "metacarpal_thumb_l": {
      "name": "metacarpal_thumb_l",
      "local": {
        "location": {
          "x": 0.0,
          "y": 0.0,
          "z": 0.0
        },
        "rotation_quaternion": {
          "w": 0.9994951486587524,
          "x": -0.02547881007194519,
          "y": -0.014830807223916054,
          "z": -0.011855226010084152
        },
        "scale": {
          "x": 1.0,
          "y": 1.0,
          "z": 1.0
        },
        "matrix_basis": [
          [
            0.9992790222167969,
            0.024454224854707718,
            -0.029042525216937065,
            0.0
          ],
          [
            -0.022942738607525826,
            0.9984205961227417,
            0.05128353834152222,
            0.0
          ],
          [
            0.030250754207372665,
            -0.05058024823665619,
            0.9982617497444153,
            0.0
          ],
          [
            0.0,
            0.0,
            0.0,
            1.0
          ]
        ],
        "rotation_mode": "QUATERNION"
      },
      "armature_space": {
        "head": {
          "x": 0.5022293925285339,
          "y": -0.04004794359207153,
          "z": 0.08226782083511353
        },
        "tail": {
          "x": 0.5055791139602661,
          "y": -0.07438163459300995,
          "z": 0.04672091826796532
        }
      },
      "world_space": {
        "head": {
          "x": 0.5022293925285339,
          "y": 0.023196056485176086,
          "z": 1.0321218967437744
        },
        "tail": {
          "x": 0.5055791139602661,
          "y": -0.011137634515762329,
          "z": 0.9965749382972717
        },
        "rotation_quaternion": {
          "w": 0.31133556365966797,
          "x": -0.7804687023162842,
          "y": -0.23770010471343994,
          "z": 0.4872756898403168
        },
        "matrix": [
          [
            0.4121226668357849,
            0.06762468814849854,
            -0.9086151719093323,
            0.5022293925285339
          ],
          [
            0.6744474768638611,
            -0.6931383609771729,
            0.2543230950832367,
            0.023196056485176086
          ],
          [
            -0.612601101398468,
            -0.7176311016082764,
            -0.33126941323280334,
            1.0321218967437744
          ],
          [
            0.0,
            0.0,
            0.0,
            1.0
          ]
        ]
      },
      "bone_length_armature_space": 0.04953387969724112,
      "parent": "lowerarm_l",
      "has_children": true,
      "is_end_bone": false
    },
    "thumb_01_l": {
      "name": "thumb_01_l",
      "local": {
        "location": {
          "x": 0.0,
          "y": 0.0,
          "z": 0.0
        },
        "rotation_quaternion": {
          "w": 0.9845483899116516,
          "x": 0.17251405119895935,
          "y": -0.02619335800409317,
          "z": 0.01473996788263321
        },
        "scale": {
          "x": 1.0,
          "y": 1.0,
          "z": 1.0
        },
        "matrix_basis": [
          [
            0.9981932640075684,
            -0.03806186839938164,
            -0.04649155214428902,
            0.0
          ],
          [
            0.01998697780072689,
            0.9400432705879211,
            -0.34046903252601624,
            0.0
          ],
          [
            0.05666296184062958,
            0.33892467617988586,
            0.9391056299209595,
            0.0
          ],
          [
            0.0,
            0.0,
            0.0,
            1.0
          ]
        ],
        "rotation_mode": "QUATERNION"
      },
      "armature_space": {
        "head": {
          "x": 0.5055791139602661,
          "y": -0.07438163459300995,
          "z": 0.04672091826796532
        },
        "tail": {
          "x": 0.48687732219696045,
          "y": -0.0773969292640686,
          "z": 0.01844041235744953
        }
      },
      "world_space": {
        "head": {
          "x": 0.5055791139602661,
          "y": -0.011137634515762329,
          "z": 0.9965749382972717
        },
        "tail": {
          "x": 0.48687732219696045,
          "y": -0.014152929186820984,
          "z": 0.9682944416999817
        },
        "rotation_quaternion": {
          "w": 0.5358555912971497,
          "x": -0.7359806299209595,
          "y": 0.41056811809539795,
          "z": -0.051236871629953384
        },
        "matrix": [
          [
            0.6576151251792908,
            -0.5494294166564941,
            0.5154313445091248,
            0.5055791139602661
          ],
          [
            -0.6592540144920349,
            -0.08858460187911987,
            0.746684193611145,
            -0.011137634515762329
          ],
          [
            -0.364594042301178,
            -0.8308368921279907,
            -0.42047029733657837,
            0.9965749382972717
          ],
          [
            0.0,
            0.0,
            0.0,
            1.0
          ]
        ]
      },
      "bone_length_armature_space": 0.034038743055179455,
      "parent": "metacarpal_thumb_l",
      "has_children": true,
      "is_end_bone": false
    },
    "thumb_02_l": {
      "name": "thumb_02_l",
      "local": {
        "location": {
          "x": 0.0,
          "y": 0.0,
          "z": 0.0
        },
        "rotation_quaternion": {
          "w": 0.9352957010269165,
          "x": 0.3538297116756439,
          "y": 0.0011558776022866368,
          "z": -0.005026872269809246
        },
        "scale": {
          "x": 1.0,
          "y": 1.0,
          "z": 1.0
        },
        "matrix_basis": [
          [
            0.9999467730522156,
            0.010221191681921482,
            -0.0013951387954875827,
            0.0
          ],
          [
            -0.008585256524384022,
            0.7495585083961487,
            -0.6618824601173401,
            0.0
          ],
          [
            -0.005719488020986319,
            0.6618592143058777,
            0.7496063709259033,
            0.0
          ],
          [
            0.0,
            0.0,
            0.0,
            1.0
          ]
        ],
        "rotation_mode": "QUATERNION"
      },
      "armature_space": {
        "head": {
          "x": 0.48687729239463806,
          "y": -0.0773969441652298,
          "z": 0.018440457060933113
        },
        "tail": {
          "x": 0.5238397121429443,
          "y": -0.07250067591667175,
          "z": 0.0035076728090643883
        }
      },
      "world_space": {
        "head": {
          "x": 0.48687729239463806,
          "y": -0.014152944087982178,
          "z": 0.9682945013046265
        },
        "tail": {
          "x": 0.5238397121429443,
          "y": -0.009256675839424133,
          "z": 0.9533616900444031
        },
        "rotation_quaternion": {
          "w": 0.7445717453956604,
          "x": -0.18027523159980774,
          "y": 0.08103156834840775,
          "z": -0.6376110911369324
        },
        "matrix": [
          [
            0.17377112805843353,
            0.9202780723571777,
            0.3505590260028839,
            0.48687729239463806
          ],
          [
            -0.9787107110023499,
            0.1219056099653244,
            0.16512084007263184,
            -0.014152944087982178
          ],
          [
            0.10922177881002426,
            -0.3717915117740631,
            0.9218761920928955,
            0.9682945013046265
          ],
          [
            0.0,
            0.0,
            0.0,
            1.0
          ]
        ]
      },
      "bone_length_armature_space": 0.04016443729212432,
      "parent": "thumb_01_l",
      "has_children": true,
      "is_end_bone": false
    },
    "thumb_03_l": {
      "name": "thumb_03_l",
      "local": {
        "location": {
          "x": 0.0,
          "y": 0.0,
          "z": 0.0
        },
        "rotation_quaternion": {
          "w": 0.9812450408935547,
          "x": 0.19267824292182922,
          "y": 0.0026928535662591457,
          "z": 0.005112352780997753
        },
        "scale": {
          "x": 1.0,
          "y": 1.0,
          "z": 1.0
        },
        "matrix_basis": [
          [
            0.9999332427978516,
            -0.008995233103632927,
            0.007254776544868946,
            0.0
          ],
          [
            0.011070650070905685,
            0.925697922706604,
            -0.3781016170978546,
            0.0
          ],
          [
            -0.003314620116725564,
            0.3781566619873047,
            0.9257357120513916,
            0.0
          ],
          [
            0.0,
            0.0,
            0.0,
            1.0
          ]
        ],
        "rotation_mode": "QUATERNION"
      },
      "armature_space": {
        "head": {
          "x": 0.5238396525382996,
          "y": -0.07250074297189713,
          "z": 0.003507637418806553
        },
        "tail": {
          "x": 0.5526479482650757,
          "y": -0.06618843227624893,
          "z": 0.011066028848290443
        }
      },
      "world_space": {
        "head": {
          "x": 0.5238396525382996,
          "y": -0.009256742894649506,
          "z": 0.9533616304397583
        },
        "tail": {
          "x": 0.5526479482650757,
          "y": -0.0029444321990013123,
          "z": 0.9609200358390808
        },
        "rotation_quaternion": {
          "w": 0.7755534648895264,
          "x": 0.19611236453056335,
          "y": 0.04674655199050903,
          "z": -0.5982236862182617
        },
        "matrix": [
          [
            0.27988556027412415,
            0.9462438225746155,
            -0.16213122010231018,
            0.5238396525382996
          ],
          [
            -0.9095748066902161,
            0.20733577013015747,
            -0.36011970043182373,
            -0.009256742894649506
          ],
          [
            -0.30714839696884155,
            0.24826472997665405,
            0.9187158346176147,
            0.9533616304397583
          ],
          [
            0.0,
            0.0,
            0.0,
            1.0
          ]
        ]
      },
      "bone_length_armature_space": 0.030444908404378808,
      "parent": "thumb_02_l",
      "has_children": false,
      "is_end_bone": true
    },
    "metacarpal_index_l": {
      "name": "metacarpal_index_l",
      "local": {
        "location": {
          "x": 0.0,
          "y": 0.0,
          "z": 0.0
        },
        "rotation_quaternion": {
          "w": 0.999854564666748,
          "x": -0.015003183856606483,
          "y": 0.007843519560992718,
          "z": -0.002117061521857977
        },
        "scale": {
          "x": 1.0,
          "y": 1.0,
          "z": 1.0
        },
        "matrix_basis": [
          [
            0.9998679757118225,
            0.0039981515146791935,
            0.01574828289449215,
            0.0
          ],
          [
            -0.004468862898647785,
            0.9995408654212952,
            0.02996879257261753,
            0.0
          ],
          [
            -0.01562123280018568,
            -0.030035214498639107,
            0.9994267821311951,
            0.0
          ],
          [
            0.0,
            0.0,
            0.0,
            1.0
          ]
        ],
        "rotation_mode": "QUATERNION"
      },
      "armature_space": {
        "head": {
          "x": 0.5022293925285339,
          "y": -0.04004794359207153,
          "z": 0.08226782083511353
        },
        "tail": {
          "x": 0.5382306575775146,
          "y": -0.0962689071893692,
          "z": -0.014025837182998657
        }
      },
      "world_space": {
        "head": {
          "x": 0.5022293925285339,
          "y": 0.023196056485176086,
          "z": 1.0321218967437744
        },
        "tail": {
          "x": 0.5382306575775146,
          "y": -0.03302490711212158,
          "z": 0.9358282089233398
        },
        "rotation_quaternion": {
          "w": 0.216496080160141,
          "x": -0.614772617816925,
          "y": -0.46175795793533325,
          "z": 0.6016342043876648
        },
        "matrix": [
          [
            -0.15036839246749878,
            0.3072522282600403,
            -0.9396728873252869,
            0.5022293925285339
          ],
          [
            0.8282555937767029,
            -0.4798167645931244,
            -0.2894286513328552,
            0.023196056485176086
          ],
          [
            -0.5398013591766357,
            -0.8218164443969727,
            -0.182335764169693,
            1.0321218967437744
          ],
          [
            0.0,
            0.0,
            0.0,
            1.0
          ]
        ]
      },
      "bone_length_armature_space": 0.11717233559721027,
      "parent": "lowerarm_l",
      "has_children": true,
      "is_end_bone": false
    },
    "index_01_l": {
      "name": "index_01_l",
      "local": {
        "location": {
          "x": 0.0,
          "y": 0.0,
          "z": 0.0
        },
        "rotation_quaternion": {
          "w": 0.9710678458213806,
          "x": 0.23856669664382935,
          "y": -0.004895820282399654,
          "z": 0.009451196528971195
        },
        "scale": {
          "x": 1.0,
          "y": 1.0,
          "z": 1.0
        },
        "matrix_basis": [
          [
            0.999773383140564,
            -0.020691465586423874,
            -0.004998866003006697,
            0.0
          ],
          [
            0.01601954735815525,
            0.8859931826591492,
            -0.46342143416404724,
            0.0
          ],
          [
            0.014017828740179539,
            0.46323636174201965,
            0.8861238956451416,
            0.0
          ],
          [
            0.0,
            0.0,
            0.0,
            1.0
          ]
        ],
        "rotation_mode": "QUATERNION"
      },
      "armature_space": {
        "head": {
          "x": 0.5382306575775146,
          "y": -0.0962689071893692,
          "z": -0.014025837182998657
        },
        "tail": {
          "x": 0.5355184674263,
          "y": -0.10386372357606888,
          "z": -0.04137621074914932
        }
      },
      "world_space": {
        "head": {
          "x": 0.5382306575775146,
          "y": -0.03302490711212158,
          "z": 0.9358282089233398
        },
        "tail": {
          "x": 0.5355184674263,
          "y": -0.04061972349882126,
          "z": 0.908477783203125
        },
        "rotation_quaternion": {
          "w": 0.4010694921016693,
          "x": -0.46551811695098877,
          "y": -0.453837126493454,
          "z": 0.6453433632850647
        },
        "matrix": [
          [
            -0.24487245082855225,
            -0.09511739015579224,
            -0.9648782014846802,
            0.5382306575775146
          ],
          [
            0.9401940107345581,
            -0.26635056734085083,
            -0.21235120296478271,
            -0.03302490711212158
          ],
          [
            -0.23679830133914948,
            -0.959178626537323,
            0.15465152263641357,
            0.9358282089233398
          ],
          [
            0.0,
            0.0,
            0.0,
            1.0
          ]
        ]
      },
      "bone_length_armature_space": 0.028514560463436273,
      "parent": "metacarpal_index_l",
      "has_children": true,
      "is_end_bone": false
    },
    "index_02_l": {
      "name": "index_02_l",
      "local": {
        "location": {
          "x": 0.0,
          "y": 0.0,
          "z": 0.0
        },
        "rotation_quaternion": {
          "w": 0.9275528192520142,
          "x": 0.3735337257385254,
          "y": -0.009881808422505856,
          "z": 0.004549960605800152
        },
        "scale": {
          "x": 1.0,
          "y": 1.0,
          "z": 1.0
        },
        "matrix_basis": [
          [
            0.9997633099555969,
            -0.015823034569621086,
            -0.014932670630514622,
            0.0
          ],
          [
            0.001058280118741095,
            0.7209036946296692,
            -0.6930344700813293,
            0.0
          ],
          [
            0.021730925887823105,
            0.6928545832633972,
            0.7207497954368591,
            0.0
          ],
          [
            0.0,
            0.0,
            0.0,
            1.0
          ]
        ],
        "rotation_mode": "QUATERNION"
      },
      "armature_space": {
        "head": {
          "x": 0.5355181694030762,
          "y": -0.10386411845684052,
          "z": -0.041376471519470215
        },
        "tail": {
          "x": 0.5174791812896729,
          "y": -0.11350689828395844,
          "z": -0.05685888230800629
        }
      },
      "world_space": {
        "head": {
          "x": 0.5355181694030762,
          "y": -0.040620118379592896,
          "z": 0.9084775447845459
        },
        "tail": {
          "x": 0.5174791812896729,
          "y": -0.050262898206710815,
          "z": 0.8929951190948486
        },
        "rotation_quaternion": {
          "w": 0.5174742937088013,
          "x": -0.26332592964172363,
          "y": -0.21041764318943024,
          "z": 0.7865139245986938
        },
        "matrix": [
          [
            -0.3257575035095215,
            -0.7031853199005127,
            -0.6319906711578369,
            0.5355181694030762
          ],
          [
            0.9248188734054565,
            -0.37588900327682495,
            -0.05846144258975983,
            -0.040620118379592896
          ],
          [
            -0.1964496225118637,
            -0.6035258173942566,
            0.7727731466293335,
            0.9084775447845459
          ],
          [
            0.0,
            0.0,
            0.0,
            1.0
          ]
        ]
      },
      "bone_length_armature_space": 0.025653330007273396,
      "parent": "index_01_l",
      "has_children": true,
      "is_end_bone": false
    },
    "index_03_l": {
      "name": "index_03_l",
      "local": {
        "location": {
          "x": 0.0,
          "y": 0.0,
          "z": 0.0
        },
        "rotation_quaternion": {
          "w": 0.9694787263870239,
          "x": 0.24514243006706238,
          "y": 0.003363282885402441,
          "z": -0.002208641730248928
        },
        "scale": {
          "x": 1.0,
          "y": 1.0,
          "z": 1.0
        },
        "matrix_basis": [
          [
            0.999967634677887,
            0.005931429099291563,
            0.005438399035483599,
            0.0
          ],
          [
            -0.002633495721966028,
            0.8798006176948547,
            -0.47533559799194336,
            0.0
          ],
          [
            -0.007604125887155533,
            0.4753058850765228,
            0.8797877430915833,
            0.0
          ],
          [
            0.0,
            0.0,
            0.0,
            1.0
          ]
        ],
        "rotation_mode": "QUATERNION"
      },
      "armature_space": {
        "head": {
          "x": 0.5174793004989624,
          "y": -0.11350691318511963,
          "z": -0.05685897916555405
        },
        "tail": {
          "x": 0.4892193377017975,
          "y": -0.12035440653562546,
          "z": -0.05972568690776825
        }
      },
      "world_space": {
        "head": {
          "x": 0.5174793004989624,
          "y": -0.05026291310787201,
          "z": 0.8929950594902039
        },
        "tail": {
          "x": 0.4892193377017975,
          "y": -0.05711040645837784,
          "z": 0.8901283144950867
        },
        "rotation_quaternion": {
          "w": 0.618171215057373,
          "x": -0.1123417392373085,
          "y": 0.02622452937066555,
          "z": 0.7775321006774902
        },
        "matrix": [
          [
            -0.21048732101917267,
            -0.9671879410743713,
            -0.1422753930091858,
            0.5174793004989624
          ],
          [
            0.9554033875465393,
            -0.2343532145023346,
            0.17967496812343597,
            -0.05026291310787201
          ],
          [
            -0.20712271332740784,
            -0.09811210632324219,
            0.9733901023864746,
            0.8929950594902039
          ],
          [
            0.0,
            0.0,
            0.0,
            1.0
          ]
        ]
      },
      "bone_length_armature_space": 0.029218687542079666,
      "parent": "index_02_l",
      "has_children": false,
      "is_end_bone": true
    },
    "metacarpal_pinky_l": {
      "name": "metacarpal_pinky_l",
      "local": {
        "location": {
          "x": 0.0,
          "y": 0.0,
          "z": 0.0
        },
        "rotation_quaternion": {
          "w": 0.9998809099197388,
          "x": 0.0005581933655776083,
          "y": -0.007719169836491346,
          "z": 0.013359135016798973
        },
        "scale": {
          "x": 1.0,
          "y": 1.0,
          "z": 1.0
        },
        "matrix_basis": [
          [
            0.9995238780975342,
            -0.026723705232143402,
            -0.01542158704251051,
            0.0
          ],
          [
            0.026706470176577568,
            0.9996424317359924,
            -0.0013224966824054718,
            0.0
          ],
          [
            0.015451415441930294,
            0.0009100109455175698,
            0.9998801946640015,
            0.0
          ],
          [
            0.0,
            0.0,
            0.0,
            1.0
          ]
        ],
        "rotation_mode": "QUATERNION"
      },
      "armature_space": {
        "head": {
          "x": 0.5022293925285339,
          "y": -0.04004794359207153,
          "z": 0.08226782083511353
        },
        "tail": {
          "x": 0.5556313991546631,
          "y": -0.02981329709291458,
          "z": -0.006539851427078247
        }
      },
      "world_space": {
        "head": {
          "x": 0.5022293925285339,
          "y": 0.023196056485176086,
          "z": 1.0321218967437744
        },
        "tail": {
          "x": 0.5556313991546631,
          "y": 0.03343070298433304,
          "z": 0.9433141946792603
        },
        "rotation_quaternion": {
          "w": 0.5394803285598755,
          "x": -0.18169254064559937,
          "y": 0.5080389976501465,
          "z": -0.6464095115661621
        },
        "matrix": [
          [
            -0.3518940508365631,
            0.5128358602523804,
            0.7830514311790466,
            0.5022293925285339
          ],
          [
            -0.882066011428833,
            0.09828649461269379,
            -0.4607599079608917,
            0.023196056485176086
          ],
          [
            -0.31326064467430115,
            -0.8528476357460022,
            0.4177711308002472,
            1.0321218967437744
          ],
          [
            0.0,
            0.0,
            0.0,
            1.0
          ]
        ]
      },
      "bone_length_armature_space": 0.10413128724983381,
      "parent": "lowerarm_l",
      "has_children": true,
      "is_end_bone": false
    },
    "pinky_01_l": {
      "name": "pinky_01_l",
      "local": {
        "location": {
          "x": 0.0,
          "y": 0.0,
          "z": 0.0
        },
        "rotation_quaternion": {
          "w": 0.9476180076599121,
          "x": 0.31926628947257996,
          "y": -0.0018598779570311308,
          "z": -0.009259425103664398
        },
        "scale": {
          "x": 1.0,
          "y": 1.0,
          "z": 1.0
        },
        "matrix_basis": [
          [
            0.9998216032981873,
            0.01636120304465294,
            -0.009437352418899536,
            0.0
          ],
          [
            -0.01873638853430748,
            0.795966625213623,
            -0.6050505042076111,
            0.0
          ],
          [
            -0.002387536922469735,
            0.6051194071769714,
            0.7961311340332031,
            0.0
          ],
          [
            0.0,
            0.0,
            0.0,
            1.0
          ]
        ],
        "rotation_mode": "QUATERNION"
      },
      "armature_space": {
        "head": {
          "x": 0.5556313991546631,
          "y": -0.02981329709291458,
