{
  "metadata": {
    "armature_name": "KIM_caucasian_male",
    "export_time": "2026-01-13T21:08:14.632696",
    "blender_version": "4.4.1",
    "bone_count": 56,
    "end_bone_count": 13,
    "spaces_included": [
      "LOCAL_CHANNELS",
      "ARMATURE_SPACE",
      "WORLD_SPACE"
    ],
    "note": "LOCAL matches Transform panel; replay pose via local.matrix_basis for best fidelity."
  },
  "bones": {
    "Root": {
      "name": "Root",
      "local": {
        "location": {
          "x": 0.0,
          "y": 0.0,
          "z": 0.0
        },
        "rotation_quaternion": {
          "w": 0.9994322061538696,
          "x": 0.012705884873867035,
          "y": 0.006306211464107037,
          "z": 0.030563339591026306
        },
        "scale": {
          "x": 1.0,
          "y": 1.0,
          "z": 1.0
        },
        "matrix_basis": [
          [
            0.9980522394180298,
            -0.060931719839572906,
            0.013381930068135262,
            0.0
          ],
          [
            0.06125222519040108,
            0.9978088736534119,
            -0.025011863559484482,
            0.0
          ],
          [
            -0.011828592978417873,
            0.025782817974686623,
            0.9995976090431213,
            0.0
          ],
          [
            0.0,
            0.0,
            0.0,
            1.0
          ]
        ],
        "rotation_mode": "QUATERNION"
      },
      "armature_space": {
        "head": {
          "x": 0.0,
          "y": 0.07072800397872925,
          "z": -0.009595036506652832
        },
        "tail": {
          "x": -0.004349054303020239,
          "y": -9.240955114364624e-05,
          "z": -0.0018446040339767933
        }
      },
      "world_space": {
        "head": {
          "x": 0.0,
          "y": 0.13397200405597687,
          "z": 0.9402589797973633
        },
        "tail": {
          "x": -0.004349054303020239,
          "y": 0.06315159052610397,
          "z": 0.9480094313621521
        },
        "rotation_quaternion": {
          "w": 0.0546523854136467,
          "x": 0.9980176687240601,
          "y": -0.030069071799516678,
          "z": 0.008350870572030544
        },
        "matrix": [
          [
            0.9980522394180298,
            -0.060931719839572906,
            0.013381930068135262,
            0.0
          ],
          [
            -0.05910613387823105,
            -0.9922178983688354,
            -0.10959076881408691,
            0.13397200405597687
          ],
          [
            0.019955428317189217,
            0.10858616977930069,
            -0.9938938021659851,
            0.9402589797973633
          ],
          [
            0.0,
            0.0,
            0.0,
            1.0
          ]
        ]
      },
      "bone_length_armature_space": 0.07137586823805085,
      "parent": null,
      "has_children": true,
      "is_end_bone": false
    },
    "spine_01": {
      "name": "spine_01",
      "local": {
        "location": {
          "x": 0.0,
          "y": 0.0,
          "z": 0.0
        },
        "rotation_quaternion": {
          "w": 0.996968150138855,
          "x": 0.06447339802980423,
          "y": -0.04031078517436981,
          "z": 0.016516683623194695
        },
        "scale": {
          "x": 1.0,
          "y": 1.0,
          "z": 1.0
        },
        "matrix_basis": [
          [
            0.9962044954299927,
            -0.03813116252422333,
            -0.07824736088514328,
            0.0
          ],
          [
            0.0277352686971426,
            0.9911407828330994,
            -0.1298874467611313,
            0.0
          ],
          [
            0.08250690996646881,
            0.12722425162792206,
            0.9884364604949951,
            0.0
          ],
          [
            0.0,
            0.0,
            0.0,
            1.0
          ]
        ],
        "rotation_mode": "QUATERNION"
      },
      "armature_space": {
        "head": {
          "x": -0.004349054303020239,
          "y": -9.240955114364624e-05,
          "z": -0.0018446040339767933
        },
        "tail": {
          "x": -0.03565610572695732,
          "y": -0.05037108063697815,
          "z": 0.48255234956741333
        }
      },
      "world_space": {
        "head": {
          "x": -0.004349054303020239,
          "y": 0.06315159052610397,
          "z": 0.9480094313621521
        },
        "tail": {
          "x": -0.03565610572695732,
          "y": 0.01287291944026947,
          "z": 1.4324064254760742
        },
        "rotation_quaternion": {
          "w": 0.666127622127533,
          "x": 0.7420860528945923,
          "y": -0.06898493319749832,
          "z": -0.028697168454527855
        },
        "matrix": [
          [
            0.9888350963592529,
            -0.06415363401174545,
            -0.13449740409851074,
            -0.004349054303020239
          ],
          [
            -0.14061778783798218,
            -0.10302980244159698,
            -0.9846885800361633,
            0.06315159052610397
          ],
          [
            0.04931432381272316,
            0.992614209651947,
            -0.11090229451656342,
            0.9480094313621521
          ],
          [
            0.0,
            0.0,
            0.0,
            1.0
          ]
        ]
      },
      "bone_length_armature_space": 0.4880046063181726,
      "parent": "Root",
      "has_children": true,
      "is_end_bone": false
    },
    "neck_01": {
      "name": "neck_01",
      "local": {
        "location": {
          "x": 0.0,
          "y": 0.0,
          "z": 0.0
        },
        "rotation_quaternion": {
          "w": 0.9878988265991211,
          "x": -0.13743658363819122,
          "y": 0.05294080823659897,
          "z": -0.048624493181705475
        },
        "scale": {
          "x": 1.0,
          "y": 1.0,
          "z": 1.0
        },
        "matrix_basis": [
          [
            0.9896658658981323,
            0.08152015507221222,
            0.11796589195728302,
            0.0
          ],
          [
            -0.11062416434288025,
            0.9574936628341675,
            0.26639842987060547,
            0.0
          ],
          [
            -0.09123475849628448,
            -0.2766953110694885,
            0.9566169381141663,
            0.0
          ],
          [
            0.0,
            0.0,
            0.0,
            1.0
          ]
        ],
        "rotation_mode": "QUATERNION"
      },
      "armature_space": {
        "head": {
          "x": -0.04501776397228241,
          "y": -0.09206420183181763,
          "z": 0.551383912563324
        },
        "tail": {
          "x": -0.04470932483673096,
          "y": -0.11460773646831512,
          "z": 0.6513961553573608
        }
      },
      "world_space": {
        "head": {
          "x": -0.04501776397228241,
          "y": -0.028820201754570007,
          "z": 1.5012378692626953
        },
        "tail": {
          "x": -0.04470932483673096,
          "y": -0.051363736391067505,
          "z": 1.601250171661377
        },
        "rotation_quaternion": {
          "w": 0.6245399713516235,
          "x": 0.7809749245643616,
          "y": -0.001992772100493312,
          "z": -0.004900502506643534
        },
        "matrix": [
          [
            0.9999440908432007,
            0.003008520230650902,
            -0.010143451392650604,
            -0.04501776397228241
          ],
          [
            -0.009233720600605011,
            -0.21989113092422485,
            -0.9754809141159058,
            -0.028820201754570007
          ],
          [
            -0.005165234208106995,
            0.9755263924598694,
            -0.21985360980033875,
            1.5012378692626953
          ],
          [
            0.0,
            0.0,
            0.0,
            1.0
          ]
        ]
      },
      "bone_length_armature_space": 0.10252197452534689,
      "parent": "spine_01",
      "has_children": true,
      "is_end_bone": false
    },
    "head": {
      "name": "head",
      "local": {
        "location": {
          "x": 0.0,
          "y": 0.0,
          "z": 0.0
        },
        "rotation_quaternion": {
          "w": 0.9808601140975952,
          "x": -0.11528532952070236,
          "y": 0.14706037938594818,
          "z": -0.05473562330007553
        },
        "scale": {
          "x": 1.0,
          "y": 1.0,
          "z": 1.0
        },
        "matrix_basis": [
          [
            0.9507545232772827,
            0.0734681710600853,
            0.30111175775527954,
            0.0
          ],
          [
            -0.1412837952375412,
            0.967426598072052,
            0.21005867421627045,
            0.0
          ],
          [
            -0.2758708894252777,
            -0.24225644767284393,
            0.9301650524139404,
            0.0
          ],
          [
            0.0,
            0.0,
            0.0,
            1.0
          ]
        ],
        "rotation_mode": "QUATERNION"
      },
      "armature_space": {
        "head": {
          "x": -0.04470932483673096,
          "y": -0.11460787057876587,
          "z": 0.6513960361480713
        },
        "tail": {
          "x": -0.03201189637184143,
          "y": -0.05543975159525871,
          "z": 0.7941937446594238
        }
      },
      "world_space": {
        "head": {
          "x": -0.04470932483673096,
          "y": -0.05136387050151825,
          "z": 1.6012500524520874
        },
        "tail": {
          "x": -0.03201189637184143,
          "y": 0.007804248481988907,
          "z": 1.74404776096344
        },
        "rotation_quaternion": {
          "w": 0.8182887434959412,
          "x": 0.5539849996566772,
          "y": 0.14545486867427826,
          "z": 0.04844757542014122
        },
        "matrix": [
          [
            0.952991783618927,
            0.08187124133110046,
            0.2917260527610779,
            -0.04470932483673096
          ],
          [
            0.24044722318649292,
            0.3815077543258667,
            -0.8925454020500183,
            -0.05136387050151825
          ],
          [
            -0.18437054753303528,
            0.9207398295402527,
            0.34388941526412964,
            1.6012500524520874
          ],
          [
            0.0,
            0.0,
            0.0,
            1.0
          ]
        ]
      },
      "bone_length_armature_space": 0.1550911853065723,
      "parent": "neck_01",
      "has_children": false,
      "is_end_bone": true
    },
    "upperarm_l": {
      "name": "upperarm_l",
      "local": {
        "location": {
          "x": 0.0,
          "y": 0.0,
          "z": 0.0
        },
        "rotation_quaternion": {
          "w": 0.7133938670158386,
          "x": -0.4292292594909668,
          "y": 0.4705633819103241,
          "z": -0.29223528504371643
        },
        "scale": {
          "x": 1.0,
          "y": 1.0,
          "z": 1.0
        },
        "matrix_basis": [
          [
            0.3863372802734375,
            0.012998576276004314,
            0.9222659468650818,
            0.0
          ],
          [
            -0.8209168910980225,
            0.46072155237197876,
            0.3373886048793793,
            0.0
          ],
          [
            -0.42052218317985535,
            -0.8874495029449463,
            0.18866468966007233,
            0.0
          ],
          [
            0.0,
            0.0,
            0.0,
            1.0
          ]
        ],
        "rotation_mode": "QUATERNION"
      },
      "armature_space": {
        "head": {
          "x": 0.10719019174575806,
          "y": -0.10937276482582092,
          "z": 0.4917159974575043
        },
        "tail": {
          "x": 0.2526228427886963,
          "y": 0.11337916553020477,
          "z": 0.5239429473876953
        }
      },
      "world_space": {
        "head": {
          "x": 0.10719019174575806,
          "y": -0.0461287647485733,
          "z": 1.4415700435638428
        },
        "tail": {
          "x": 0.2526228427886963,
          "y": 0.1766231656074524,
          "z": 1.4737969636917114
        },
        "rotation_quaternion": {
          "w": 0.1896839141845703,
          "x": 0.2904163897037506,
          "y": 0.9378963708877563,
          "z": 0.005378133151680231
        },
        "matrix": [
          [
            -0.7593565583229065,
            0.5427209734916687,
            0.3589312732219696,
            0.10719019174575806
          ],
          [
            0.5468010306358337,
            0.8312587141990662,
            -0.10008755326271057,
            -0.0461287647485733
          ],
          [
            -0.3526863157749176,
            0.1202634796500206,
            -0.9279887080192566,
            1.4415700435638428
          ],
          [
            0.0,
            0.0,
            0.0,
            1.0
          ]
        ]
      },
      "bone_length_armature_space": 0.2679695045885272,
      "parent": "spine_01",
      "has_children": true,
      "is_end_bone": false
    },
    "lowerarm_l": {
      "name": "lowerarm_l",
      "local": {
        "location": {
          "x": 0.0,
          "y": 0.0,
          "z": 0.0
        },
        "rotation_quaternion": {
          "w": 0.9461907744407654,
          "x": 0.17155401408672333,
          "y": -0.17647108435630798,
          "z": 0.21011985838413239
        },
        "scale": {
          "x": 1.0,
          "y": 1.0,
          "z": 1.0
        },
        "matrix_basis": [
          [
            0.8494151830673218,
            -0.4581755995750427,
            -0.2618568241596222,
            0.0
          ],
          [
            0.3370783030986786,
            0.8528377413749695,
            -0.39880579710006714,
            0.0
          ],
          [
            0.4060444235801697,
            0.25048547983169556,
            0.8788543343544006,
            0.0
          ],
          [
            0.0,
            0.0,
            0.0,
            1.0
          ]
        ],
        "rotation_mode": "QUATERNION"
      },
      "armature_space": {
        "head": {
          "x": 0.25262296199798584,
          "y": 0.11337917298078537,
          "z": 0.5239429473876953
        },
        "tail": {
          "x": 0.5051660537719727,
          "y": 0.20129919052124023,
          "z": 0.5317791700363159
        }
      },
      "world_space": {
        "head": {
          "x": 0.25262296199798584,
          "y": 0.1766231656074524,
          "z": 1.4737969636917114
        },
        "tail": {
          "x": 0.5051660537719727,
          "y": 0.26454317569732666,
          "z": 1.481633186340332
        },
        "rotation_quaternion": {
          "w": 0.3423154354095459,
          "x": 0.5330953598022461,
          "y": 0.7396911382675171,
          "z": -0.22690646350383759
        },
        "matrix": [
          [
            -0.19725768268108368,
            0.9439999461174011,
            0.26448729634284973,
            0.25262296199798584
          ],
          [
            0.6333044767379761,
            0.3286428451538086,
            -0.7006562352180481,
            0.1766231656074524
          ],
          [
            -0.7483459711074829,
            0.029291599988937378,
            -0.6626721024513245,
            1.4737969636917114
          ],
          [
            0.0,
            0.0,
            0.0,
            1.0
          ]
        ]
      },
      "bone_length_armature_space": 0.2675244825806245,
      "parent": "upperarm_l",
      "has_children": true,
      "is_end_bone": false
    },
    "metacarpal_thumb_l": {
      "name": "metacarpal_thumb_l",
      "local": {
        "location": {
          "x": 0.0,
          "y": 0.0,
          "z": 0.0
        },
        "rotation_quaternion": {
          "w": 0.9994312524795532,
          "x": -0.022157611325383186,
          "y": 0.017054615542292595,
          "z": -0.01885313354432583
        },
        "scale": {
          "x": 1.0,
          "y": 1.0,
          "z": 1.0
        },
        "matrix_basis": [
          [
            0.9987074136734009,
            0.036929041147232056,
            0.03492531180381775,
            0.0
          ],
          [
            -0.03844060003757477,
            0.9983072280883789,
            0.043646953999996185,
            0.0
          ],
          [
            -0.03325435146689415,
            -0.04493308439850807,
            0.9984363317489624,
            0.0
          ],
          [
            0.0,
            0.0,
            0.0,
            1.0
          ]
        ],
        "rotation_mode": "QUATERNION"
      },
      "armature_space": {
        "head": {
          "x": 0.5051660537719727,
          "y": 0.20129919052124023,
          "z": 0.5317791700363159
        },
        "tail": {
          "x": 0.5493155121803284,
          "y": 0.1995885670185089,
          "z": 0.5093852281570435
        }
      },
      "world_space": {
        "head": {
          "x": 0.5051660537719727,
          "y": 0.26454317569732666,
          "z": 1.481633186340332
        },
        "tail": {
          "x": 0.5493155121803284,
          "y": 0.2628325819969177,
          "z": 1.4592392444610596
        },
        "rotation_quaternion": {
          "w": 0.3750322759151459,
          "x": -0.7155656218528748,
          "y": -0.5848782658576965,
          "z": -0.0723477154970169
        },
        "matrix": [
          [
            0.30536454916000366,
            0.8913024663925171,
            -0.3351599872112274,
            0.5051660537719727
          ],
          [
            0.7827739119529724,
            -0.0345345102250576,
            0.6213470697402954,
            0.26454317569732666
          ],
          [
            0.5422382354736328,
            -0.4520951211452484,
            -0.7082383632659912,
            1.481633186340332
          ],
          [
            0.0,
            0.0,
            0.0,
            1.0
          ]
        ]
      },
      "bone_length_armature_space": 0.049533721222650075,
      "parent": "lowerarm_l",
      "has_children": true,
      "is_end_bone": false
    },
    "thumb_01_l": {
      "name": "thumb_01_l",
      "local": {
        "location": {
          "x": 0.0,
          "y": 0.0,
          "z": 0.0
        },
        "rotation_quaternion": {
          "w": 0.9623934030532837,
          "x": 0.27133020758628845,
          "y": 0.013366058468818665,
          "z": -0.0006133847055025399
        },
        "scale": {
          "x": 1.0,
          "y": 1.0,
          "z": 1.0
        },
        "matrix_basis": [
          [
            0.9996419548988342,
            0.008433865383267403,
            0.025393953546881676,
            0.0
          ],
          [
            0.006072596181184053,
            0.852759063243866,
            -0.5222691893577576,
            0.0
          ],
          [
            -0.026059672236442566,
            0.5222364068031311,
            0.8524025082588196,
            0.0
          ],
          [
            0.0,
            0.0,
            0.0,
            1.0
          ]
        ],
        "rotation_mode": "QUATERNION"
      },
      "armature_space": {
        "head": {
          "x": 0.5493155121803284,
          "y": 0.1995885670185089,
          "z": 0.5093852281570435
        },
        "tail": {
          "x": 0.5645541548728943,
          "y": 0.22414880990982056,
          "z": 0.49140727519989014
        }
      },
      "world_space": {
        "head": {
          "x": 0.5493155121803284,
          "y": 0.2628325819969177,
          "z": 1.4592392444610596
        },
        "tail": {
          "x": 0.5645541548728943,
          "y": 0.287392795085907,
          "z": 1.4412612915039062
        },
        "rotation_quaternion": {
          "w": 0.9276929497718811,
          "x": -0.2813555896282196,
          "y": 0.012521576136350632,
          "z": -0.2450879067182541
        },
        "matrix": [
          [
            0.8795498609542847,
            0.4476867914199829,
            0.161146879196167,
            0.5493155121803284
          ],
          [
            -0.4617791473865509,
            0.7215414643287659,
            0.5158855319023132,
            0.2628325819969177
          ],
          [
            0.11468130350112915,
            -0.5281643867492676,
            0.8413705825805664,
            1.4592392444610596
          ],
          [
            0.0,
            0.0,
            0.0,
            1.0
          ]
        ]
      },
      "bone_length_armature_space": 0.034038633264998584,
      "parent": "metacarpal_thumb_l",
      "has_children": true,
      "is_end_bone": false
    },
    "thumb_02_l": {
      "name": "thumb_02_l",
      "local": {
        "location": {
          "x": 0.0,
          "y": 0.0,
          "z": 0.0
        },
        "rotation_quaternion": {
          "w": 0.9001730680465698,
          "x": 0.4353931248188019,
          "y": -0.0008189175860024989,
          "z": -0.010988847352564335
        },
        "scale": {
          "x": 1.0,
          "y": 1.0,
          "z": 1.0
        },
        "matrix_basis": [
          [
            0.9997571706771851,
            0.01907062716782093,
            -0.011043271981179714,
            0.0
          ],
          [
            -0.020496830344200134,
            0.6206241250038147,
            -0.7838403582572937,
            0.0
          ],
          [
            -0.008094602264463902,
            0.7838762998580933,
            0.6208643317222595,
            0.0
          ],
          [
            0.0,
            0.0,
            0.0,
            1.0
          ]
        ],
        "rotation_mode": "QUATERNION"
      },
      "armature_space": {
        "head": {
          "x": 0.5645540952682495,
          "y": 0.22414878010749817,
          "z": 0.49140721559524536
        },
        "tail": {
          "x": 0.5840880274772644,
          "y": 0.21602100133895874,
          "z": 0.5255475044250488
        }
      },
      "world_space": {
        "head": {
          "x": 0.5645540952682495,
          "y": 0.287392795085907,
          "z": 1.4412612915039062
        },
        "tail": {
          "x": 0.5840880274772644,
          "y": 0.27926498651504517,
          "z": 1.475401520729065
        },
        "rotation_quaternion": {
          "w": 0.62066650390625,
          "x": 0.5903294682502747,
          "y": -0.11658623069524765,
          "z": -0.5026847124099731
        },
        "matrix": [
          [
            0.4674280881881714,
            0.48635005950927734,
            -0.7382239103317261,
            0.5645540952682495
          ],
          [
            -0.761650025844574,
            -0.20236258208751678,
            -0.6155798435211182,
            0.287392795085907
          ],
          [
            -0.4487801492214203,
            0.850013256072998,
            0.2758399248123169,
            1.4412612915039062
          ],
          [
            0.0,
            0.0,
            0.0,
            1.0
          ]
        ]
      },
      "bone_length_armature_space": 0.04016459353734171,
      "parent": "thumb_01_l",
      "has_children": true,
      "is_end_bone": false
    },
    "thumb_03_l": {
      "name": "thumb_03_l",
      "local": {
        "location": {
          "x": 0.0,
          "y": 0.0,
          "z": 0.0
        },
        "rotation_quaternion": {
          "w": 0.9896630048751831,
          "x": 0.1433902084827423,
          "y": 0.002460563788190484,
          "z": 0.0005391109734773636
        },
        "scale": {
          "x": 1.0,
          "y": 1.0,
          "z": 1.0
        },
        "matrix_basis": [
          [
            0.9999873042106628,
            -0.0003614348534028977,
            0.005024864338338375,
            0.0
          ],
          [
            0.0017727179219946265,
            0.9588779211044312,
            -0.28381332755088806,
            0.0
          ],
          [
            -0.004715651273727417,
            0.28381863236427307,
            0.9588663578033447,
            0.0
          ],
          [
            0.0,
            0.0,
            0.0,
            1.0
          ]
        ],
        "rotation_mode": "QUATERNION"
      },
      "armature_space": {
        "head": {
          "x": 0.584088146686554,
          "y": 0.21602101624011993,
          "z": 0.5255473852157593
        },
        "tail": {
          "x": 0.584519624710083,
          "y": 0.20213375985622406,
          "z": 0.5526372194290161
        }
      },
      "world_space": {
        "head": {
          "x": 0.584088146686554,
          "y": 0.27926501631736755,
          "z": 1.4754014015197754
        },
        "tail": {
          "x": 0.584519624710083,
          "y": 0.2653777599334717,
          "z": 1.5024912357330322
        },
        "rotation_quaternion": {
          "w": 0.49614980816841125,
          "x": 0.8075586557388306,
          "y": -0.1605098694562912,
          "z": -0.27553775906562805
        },
        "matrix": [
          [
            0.7966315746307373,
            0.014172956347465515,
            -0.6042990684509277,
            0.584088146686554
          ],
          [
            -0.5326579213142395,
            -0.45614397525787354,
            -0.7128872871398926,
            0.27926501631736755
          ],
          [
            -0.28575366735458374,
            0.8897987604141235,
            -0.35583245754241943,
            1.4754014015197754
          ],
          [
            0.0,
            0.0,
            0.0,
            1.0
          ]
        ]
      },
      "bone_length_armature_space": 0.030445052210199722,
      "parent": "thumb_02_l",
      "has_children": false,
      "is_end_bone": true
    },
    "metacarpal_index_l": {
      "name": "metacarpal_index_l",
      "local": {
        "location": {
          "x": 0.0,
          "y": 0.0,
          "z": 0.0
        },
        "rotation_quaternion": {
          "w": 0.9998517036437988,
          "x": 0.009098323062062263,
          "y": -0.006252743303775787,
          "z": 0.01321727130562067
        },
        "scale": {
          "x": 1.0,
          "y": 1.0,
          "z": 1.0
        },
        "matrix_basis": [
          [
            0.9995723962783813,
            -0.026544401422142982,
            -0.012263122014701366,
            0.0
          ],
          [
            0.026316843926906586,
            0.9994850754737854,
            -0.018359236419200897,
            0.0
          ],
          [
            0.01274414174258709,
            0.018028659746050835,
            0.9997562766075134,
            0.0
          ],
          [
            0.0,
            0.0,
            0.0,
            1.0
          ]
        ],
        "rotation_mode": "QUATERNION"
      },
      "armature_space": {
        "head": {
          "x": 0.5051660537719727,
          "y": 0.20129919052124023,
          "z": 0.5317791700363159
        },
        "tail": {
          "x": 0.6184718012809753,
          "y": 0.21365612745285034,
          "z": 0.5046068429946899
        }
      },
      "world_space": {
        "head": {
          "x": 0.5051660537719727,
          "y": 0.26454317569732666,
          "z": 1.481633186340332
        },
        "tail": {
          "x": 0.6184718012809753,
          "y": 0.27690011262893677,
          "z": 1.454460859298706
        },
        "rotation_quaternion": {
          "w": 0.10424643009901047,
          "x": -0.6657866835594177,
          "y": -0.7361133098602295,
          "z": 0.06323026865720749
        },
        "matrix": [
          [
            -0.09172134101390839,
            0.9670059084892273,
            -0.23766931891441345,
            0.5051660537719727
          ],
          [
            0.9933717846870422,
            0.10545999556779861,
            0.04572346433997154,
            0.26454317569732666
          ],
          [
            0.06928091496229172,
            -0.23190177977085114,
            -0.9702761173248291,
            1.481633186340332
          ],
          [
            0.0,
            0.0,
            0.0,
            1.0
          ]
        ]
      },
      "bone_length_armature_space": 0.11717176083330792,
      "parent": "lowerarm_l",
      "has_children": true,
      "is_end_bone": false
    },
    "index_01_l": {
      "name": "index_01_l",
      "local": {
        "location": {
          "x": 0.0,
          "y": 0.0,
          "z": 0.0
        },
        "rotation_quaternion": {
          "w": 0.9549369812011719,
          "x": 0.29630789160728455,
          "y": -0.016533348709344864,
          "z": 0.004868513438850641
        },
        "scale": {
          "x": 1.0,
          "y": 1.0,
          "z": 1.0
        },
        "matrix_basis": [
          [
            0.9994059205055237,
            -0.019096169620752335,
            -0.028691453859210014,
            0.0
          ],
          [
            -0.0004996763309463859,
            0.8243558406829834,
            -0.5660716891288757,
            0.0
          ],
          [
            0.034461770206689835,
            0.5657497644424438,
            0.8238565921783447,
            0.0
          ],
          [
            0.0,
            0.0,
            0.0,
            1.0
          ]
        ],
        "rotation_mode": "QUATERNION"
      },
      "armature_space": {
        "head": {
          "x": 0.6184718012809753,
          "y": 0.21365612745285034,
          "z": 0.5046068429946899
        },
        "tail": {
          "x": 0.637836754322052,
          "y": 0.22520165145397186,
          "z": 0.48714911937713623
        }
      },
      "world_space": {
        "head": {
          "x": 0.6184718012809753,
          "y": 0.27690011262893677,
          "z": 1.454460859298706
        },
        "tail": {
          "x": 0.637836754322052,
          "y": 0.2884456515312195,
          "z": 1.4370031356811523
        },
        "rotation_quaternion": {
          "w": 0.2229708880186081,
          "x": -0.48771631717681885,
          "y": -0.8079204559326172,
          "z": 0.24429793655872345
        },
        "matrix": [
          [
            -0.4248322546482086,
            0.679129958152771,
            -0.5985816717147827,
            0.6184718012809753
          ],
          [
            0.8970150947570801,
            0.40490207076072693,
            -0.17725196480751038,
            0.27690011262893677
          ],
          [
            0.1219916045665741,
            -0.612243115901947,
            -0.7812109589576721,
            1.454460859298706
          ],
          [
            0.0,
            0.0,
            0.0,
            1.0
          ]
        ]
      },
      "bone_length_armature_space": 0.028514428534130623,
      "parent": "metacarpal_index_l",
      "has_children": true,
      "is_end_bone": false
    },
    "index_02_l": {
      "name": "index_02_l",
      "local": {
        "location": {
          "x": 0.0,
          "y": 0.0,
          "z": 0.0
        },
        "rotation_quaternion": {
          "w": 0.8865770101547241,
          "x": 0.4625120460987091,
          "y": -0.006692487746477127,
          "z": 0.0043829092755913734
        },
        "scale": {
          "x": 1.0,
          "y": 1.0,
          "z": 1.0
        },
        "matrix_basis": [
          [
            0.9998720288276672,
            -0.013962285593152046,
            -0.007812514901161194,
            0.0
          ],
          [
            0.0015808608150109649,
            0.5721268057823181,
            -0.8201637864112854,
            0.0
          ],
          [
            0.015921108424663544,
            0.8200464248657227,
            0.5720756649971008,
            0.0
          ],
          [
            0.0,
            0.0,
            0.0,
            1.0
          ]
        ],
        "rotation_mode": "QUATERNION"
      },
      "armature_space": {
        "head": {
          "x": 0.6378369331359863,
          "y": 0.2252015322446823,
          "z": 0.48714861273765564
        },
        "tail": {
          "x": 0.6366204619407654,
          "y": 0.22669363021850586,
          "z": 0.4615674912929535
        }
      },
      "world_space": {
        "head": {
          "x": 0.6378369331359863,
          "y": 0.28844553232192993,
          "z": 1.4370026588439941
        },
        "tail": {
          "x": 0.6366204619407654,
          "y": 0.2899376153945923,
          "z": 1.411421537399292
        },
        "rotation_quaternion": {
          "w": 0.38097575306892395,
          "x": -0.3312515616416931,
          "y": -0.6196286678314209,
          "z": 0.6009910106658936
        },
        "matrix": [
          [
            -0.49025899171829224,
            -0.04741963744163513,
            -0.8702859878540039,
            0.6378369331359863
          ],
          [
            0.8684324026107788,
            0.05816406011581421,
            -0.492384135723114,
            0.28844553232192993
          ],
          [
            0.07396942377090454,
            -0.9971873164176941,
            0.01266491413116455,
            1.4370026588439941
          ],
          [
            0.0,
            0.0,
            0.0,
            1.0
          ]
        ]
      },
      "bone_length_armature_space": 0.025653458002159627,
      "parent": "index_01_l",
      "has_children": true,
      "is_end_bone": false
    },
    "index_03_l": {
      "name": "index_03_l",
      "local": {
        "location": {
          "x": 0.0,
          "y": 0.0,
          "z": 0.0
        },
        "rotation_quaternion": {
          "w": 0.9330377578735352,
          "x": 0.3597301244735718,
          "y": -0.005776549689471722,
          "z": -0.0012590024853125215
        },
        "scale": {
          "x": 1.0,
          "y": 1.0,
          "z": 1.0
        },
        "matrix_basis": [
          [
            0.9999300837516785,
            -0.0018066042102873325,
            -0.011685280129313469,
            0.0
          ],
          [
            -0.0065053915604949,
            0.7411853075027466,
            -0.6712690591812134,
            0.0
          ],
          [
            0.009873676113784313,
            0.6712981462478638,
            0.7411217093467712,
            0.0
          ],
          [
            0.0,
            0.0,
            0.0,
            1.0
          ]
        ],
        "rotation_mode": "QUATERNION"
      },
      "armature_space": {
        "head": {
          "x": 0.6366205811500549,
          "y": 0.22669367492198944,
          "z": 0.4615675210952759
        },
        "tail": {
          "x": 0.6154881119728088,
          "y": 0.22010564804077148,
          "z": 0.442495197057724
        }
      },
      "world_space": {
        "head": {
          "x": 0.6366205811500549,
          "y": 0.28993767499923706,
          "z": 1.411421537399292
        },
        "tail": {
          "x": 0.6154881119728088,
          "y": 0.2833496332168579,
          "z": 1.3923492431640625
        },
        "rotation_quaternion": {
          "w": 0.5216982364654541,
          "x": -0.12287015467882156,
          "y": -0.33925485610961914,
          "z": 0.7730718851089478
        },
        "matrix": [
          [
            -0.42546558380126953,
            -0.7232518196105957,
            -0.5439541339874268,
            0.6366205811500549
          ],
          [
            0.8899903297424316,
            -0.2254733145236969,
            -0.39633190631866455,
            0.28993767499923706
          ],
          [
            0.16400264203548431,
            -0.6527444124221802,
            0.7396231293678284,
            1.411421537399292
          ],
          [
            0.0,
            0.0,
            0.0,
            1.0
          ]
        ]
      },
      "bone_length_armature_space": 0.029218776612306336,
      "parent": "index_02_l",
      "has_children": false,
      "is_end_bone": true
    },
    "metacarpal_pinky_l": {
      "name": "metacarpal_pinky_l",
      "local": {
        "location": {
          "x": 0.0,
          "y": 0.0,
          "z": 0.0
        },
        "rotation_quaternion": {
          "w": 0.9991726279258728,
          "x": -0.03670618310570717,
          "y": 0.017046574503183365,
          "z": 0.0040199351496994495
        },
        "scale": {
          "x": 1.0,
          "y": 1.0,
          "z": 1.0
        },
        "matrix_basis": [
          [
            0.9993864893913269,
            -0.00928464811295271,
            0.03376982733607292,
            0.0
          ],
          [
            0.006781789008527994,
            0.9972729682922363,
            0.07348868250846863,
            0.0
          ],
          [
            -0.03436005488038063,
            -0.0732145756483078,
            0.9967241287231445,
            0.0
          ],
          [
            0.0,
            0.0,
            0.0,
            1.0
          ]
        ],
        "rotation_mode": "QUATERNION"
      },
      "armature_space": {
        "head": {
          "x": 0.5051660537719727,
          "y": 0.20129919052124023,
          "z": 0.5317791700363159
        },
        "tail": {
          "x": 0.5870833992958069,
          "y": 0.2624198794364929,
          "z": 0.5517048239707947
        }
      },
      "world_space": {
        "head": {
          "x": 0.5051660537719727,
          "y": 0.26454317569732666,
          "z": 1.481633186340332
        },
        "tail": {
          "x": 0.5870833992958069,
          "y": 0.32566386461257935,
          "z": 1.501558780670166
        },
        "rotation_quaternion": {
          "w": 0.8043677806854248,
          "x": 0.2867065370082855,
          "y": 0.3827185332775116,
          "z": -0.35258838534355164
        },
        "matrix": [
          [
            0.4584159255027771,
            0.7866777181625366,
            0.41351309418678284,
            0.5051660537719727
          ],
          [
            -0.34776702523231506,
            0.5869609713554382,
            -0.7311187982559204,
            0.26454317569732666
          ],
          [
            -0.8178771138191223,
            0.19135215878486633,
            0.542655885219574,
            1.481633186340332
          ],
          [
            0.0,
            0.0,
            0.0,
            1.0
          ]
        ]
      },
      "bone_length_armature_space": 0.10413079191949107,
      "parent": "lowerarm_l",
      "has_children": true,
      "is_end_bone": false
    },
    "pinky_01_l": {
      "name": "pinky_01_l",
      "local": {
        "location": {
          "x": 0.0,
          "y": 0.0,
          "z": 0.0
        },
        "rotation_quaternion": {
          "w": 0.9360384345054626,
          "x": 0.3518962860107422,
          "y": -0.0010442768689244986,
          "z": -0.00037306093145161867
        },
        "scale": {
          "x": 1.0,
          "y": 1.0,
          "z": 1.0
        },
        "matrix_basis": [
          [
            0.9999975562095642,
            -3.655556429293938e-05,
            -0.0022175239864736795,
            0.0
          ],
          [
            -0.0014333530561998487,
            0.7523377537727356,
            -0.6587761044502258,
            0.0
          ],
          [
            0.0016924090450629592,
            0.65877765417099,
            0.7523358464241028,
            0.0
          ],
          [
            0.0,
            0.0,
            0.0,
            1.0
          ]
        ],
        "rotation_mode": "QUATERNION"
      },
      "armature_space": {
        "head": {
          "x": 0.5870833992958069,
          "y": 0.2624198794364929,
          "z": 0.5517048239707947
        },
        "tail": {
          "x": 0.5978615283966064,
