{
  "metadata": {
    "armature_name": "KIM_caucasian_male",
    "export_time": "2026-01-13T21:02:51.240624",
    "blender_version": "4.4.1",
    "bone_count": 56,
    "end_bone_count": 13,
    "spaces_included": [
      "LOCAL_CHANNELS",
      "ARMATURE_SPACE",
      "WORLD_SPACE"
    ],
    "note": "LOCAL matches Transform panel; replay pose via local.matrix_basis for best fidelity."
  },
  "bones": {
    "Root": {
      "name": "Root",
      "local": {
        "location": {
          "x": 0.0,
          "y": 0.0,
          "z": 0.0
        },
        "rotation_quaternion": {
          "w": 0.999511182308197,
          "x": -0.017790518701076508,
          "y": 0.00031512920395471156,
          "z": 0.025706633925437927
        },
        "scale": {
          "x": 1.0,
          "y": 1.0,
          "z": 1.0
        },
        "matrix_basis": [
          [
            0.9986781477928162,
            -0.0513993501663208,
            -0.00028471837867982686,
            0.0
          ],
          [
            0.05137692391872406,
            0.9980453252792358,
            0.03557984530925751,
            0.0
          ],
          [
            -0.0015446189790964127,
            -0.035547442734241486,
            0.999366819858551,
            0.0
          ],
          [
            0.0,
            0.0,
            0.0,
            1.0
          ]
        ],
        "rotation_mode": "QUATERNION"
      },
      "armature_space": {
        "head": {
          "x": 0.0,
          "y": 0.07072800397872925,
          "z": -0.009595036506652832
        },
        "tail": {
          "x": -0.00366867333650589,
          "y": 0.00047932565212249756,
          "z": 0.0024954620748758316
        }
      },
      "world_space": {
        "head": {
          "x": 0.0,
          "y": 0.13397200405597687,
          "z": 0.9402589797973633
        },
        "tail": {
          "x": -0.00366867333650589,
          "y": 0.06372332572937012,
          "z": 0.9523494839668274
        },
        "rotation_quaternion": {
          "w": 0.08508482575416565,
          "x": 0.996042013168335,
          "y": -0.025627002120018005,
          "z": 0.0020462183747440577
        },
        "matrix": [
          [
            0.9986781477928162,
            -0.0513993501663208,
            -0.00028471837867982686,
            0.0
          ],
          [
            -0.05070294067263603,
            -0.9842076301574707,
            -0.1696014702320099,
            0.13397200405597687
          ],
          [
            0.008437193930149078,
            0.1693919599056244,
            -0.9855197668075562,
            0.9402589797973633
          ],
          [
            0.0,
            0.0,
            0.0,
            1.0
          ]
        ]
      },
      "bone_length_armature_space": 0.07137587837457181,
      "parent": null,
      "has_children": true,
      "is_end_bone": false
    },
    "spine_01": {
      "name": "spine_01",
      "local": {
        "location": {
          "x": 0.0,
          "y": 0.0,
          "z": 0.0
        },
        "rotation_quaternion": {
          "w": 0.9956428408622742,
          "x": 0.05800649896264076,
          "y": 0.019263500347733498,
          "z": 0.0704234391450882
        },
        "scale": {
          "x": 1.0,
          "y": 1.0,
          "z": 1.0
        },
        "matrix_basis": [
          [
            0.9893389344215393,
            -0.13799837231636047,
            0.04652916640043259,
            0.0
          ],
          [
            0.14246800541877747,
            0.9833515882492065,
            -0.11279430985450745,
            0.0
          ],
          [
            -0.03018909879028797,
            0.11822071671485901,
            0.9925283193588257,
            0.0
          ],
          [
            0.0,
            0.0,
            0.0,
            1.0
          ]
        ],
        "rotation_mode": "QUATERNION"
      },
      "armature_space": {
        "head": {
          "x": -0.00366867333650589,
          "y": 0.00047932565212249756,
          "z": 0.0024954620748758316
        },
        "tail": {
          "x": -0.0759119912981987,
          "y": -0.014002837240695953,
          "z": 0.48490574955940247
        }
      },
      "world_space": {
        "head": {
          "x": -0.00366867333650589,
          "y": 0.06372332572937012,
          "z": 0.9523494839668274
        },
        "tail": {
          "x": -0.0759119912981987,
          "y": 0.049241162836551666,
          "z": 1.4347597360610962
        },
        "rotation_quaternion": {
          "w": 0.6943894624710083,
          "x": 0.7157585024833679,
          "y": -0.05463390424847603,
          "z": 0.05028143897652626
        },
        "matrix": [
          [
            0.9889737963676453,
            -0.14803920686244965,
            -0.0038967207074165344,
            -0.00366867333650589
          ],
          [
            -0.008380552753806114,
            -0.029676489531993866,
            -0.9995244741439819,
            0.06372332572937012
          ],
          [
            0.14785419404506683,
            0.9885431528091431,
            -0.03059106320142746,
            0.9523494839668274
          ],
          [
            0.0,
            0.0,
            0.0,
            1.0
          ]
        ]
      },
      "bone_length_armature_space": 0.48800461527884725,
      "parent": "Root",
      "has_children": true,
      "is_end_bone": false
    },
    "neck_01": {
      "name": "neck_01",
      "local": {
        "location": {
          "x": 0.0,
          "y": 0.0,
          "z": 0.0
        },
        "rotation_quaternion": {
          "w": 0.9947494268417358,
          "x": -0.015993516892194748,
          "y": -0.09163787215948105,
          "z": 0.042665980756282806
        },
        "scale": {
          "x": 1.0,
          "y": 1.0,
          "z": 1.0
        },
        "matrix_basis": [
          [
            0.9795642495155334,
            -0.08195269852876663,
            -0.18367819488048553,
            0.0
          ],
          [
            0.08781514316797256,
            0.9958476424217224,
            0.023999443277716637,
            0.0
          ],
          [
            0.18094868957996368,
            -0.03963872417807579,
            0.9826934337615967,
            0.0
          ],
          [
            0.0,
            0.0,
            0.0,
            1.0
          ]
        ],
        "rotation_mode": "QUATERNION"
      },
      "armature_space": {
        "head": {
          "x": -0.08688633143901825,
          "y": -0.050839655101299286,
          "z": 0.5562244653701782
        },
        "tail": {
          "x": -0.10953538864850998,
          "y": -0.08861486613750458,
          "z": 0.6488030552864075
        }
      },
      "world_space": {
        "head": {
          "x": -0.08688633143901825,
          "y": 0.012404344975948334,
          "z": 1.5060784816741943
        },
        "tail": {
          "x": -0.10953538864850998,
          "y": -0.025370866060256958,
          "z": 1.5986571311950684
        },
        "rotation_quaternion": {
          "w": 0.5465754270553589,
          "x": 0.8271697163581848,
          "y": -0.1304762214422226,
          "z": 0.004636300727725029
        },
        "matrix": [
          [
            0.9659087657928467,
            -0.2209204137325287,
            -0.13496118783950806,
            -0.08688633143901825
          ],
          [
            -0.21078479290008545,
            -0.3684619069099426,
            -0.9054313898086548,
            0.012404344975948334
          ],
          [
            0.1503010243177414,
            0.9030176997184753,
            -0.4024709165096283,
            1.5060784816741943
          ],
          [
            0.0,
            0.0,
            0.0,
            1.0
          ]
        ]
      },
      "bone_length_armature_space": 0.10252190628033257,
      "parent": "spine_01",
      "has_children": true,
      "is_end_bone": false
    },
    "head": {
      "name": "head",
      "local": {
        "location": {
          "x": 0.0,
          "y": 0.0,
          "z": 0.0
        },
        "rotation_quaternion": {
          "w": 0.976953387260437,
          "x": 0.029290152713656425,
          "y": -0.13523687422275543,
          "z": 0.16252796351909637
        },
        "scale": {
          "x": 1.0,
          "y": 1.0,
          "z": 1.0
        },
        "matrix_basis": [
          [
            0.9105913043022156,
            -0.3254867196083069,
            -0.2547193169593811,
            0.0
          ],
          [
            0.3096422851085663,
            0.9454535245895386,
            -0.10118977725505829,
            0.0
          ],
          [
            0.27376118302345276,
            0.013270679861307144,
            0.9617061614990234,
            0.0
          ],
          [
            0.0,
            0.0,
            0.0,
            1.0
          ]
        ],
        "rotation_mode": "QUATERNION"
      },
      "armature_space": {
        "head": {
          "x": -0.10953539609909058,
          "y": -0.08861497789621353,
          "z": 0.6488029360771179
        },
        "tail": {
          "x": -0.1818254292011261,
          "y": -0.08219602704048157,
          "z": 0.7858656644821167
        }
      },
      "world_space": {
        "head": {
          "x": -0.10953539609909058,
          "y": -0.025370977818965912,
          "z": 1.5986568927764893
        },
        "tail": {
          "x": -0.1818254292011261,
          "y": -0.018952026963233948,
          "z": 1.7357196807861328
        },
        "rotation_quaternion": {
          "w": 0.6380864977836609,
          "x": 0.6923193335533142,
          "y": -0.33695611357688904,
          "z": -0.00035014498280361295
        },
        "matrix": [
          [
            0.7729194164276123,
            -0.4661160111427307,
            -0.43050163984298706,
            -0.10953539609909058
          ],
          [
            -0.4670118987560272,
            0.04138850420713425,
            -0.8832821249961853,
            -0.025370977818965912
          ],
          [
            0.4295322299003601,
            0.8837614059448242,
            -0.1856938600540161,
            1.5986568927764893
          ],
          [
            0.0,
            0.0,
            0.0,
            1.0
          ]
        ]
      },
      "bone_length_armature_space": 0.15509108208387115,
      "parent": "neck_01",
      "has_children": false,
      "is_end_bone": true
    },
    "upperarm_l": {
      "name": "upperarm_l",
      "local": {
        "location": {
          "x": 0.0,
          "y": 0.0,
          "z": 0.0
        },
        "rotation_quaternion": {
          "w": 0.6736196279525757,
          "x": 0.25229841470718384,
          "y": 0.21562306582927704,
          "z": 0.6603702306747437
        },
        "scale": {
          "x": 1.0,
          "y": 1.0,
          "z": 1.0
        },
        "matrix_basis": [
          [
            0.034835703670978546,
            -0.7808739542961121,
            0.6237165927886963,
            0.0
          ],
          [
            0.998479425907135,
            0.000513336737640202,
            -0.05512421950697899,
            0.0
          ],
          [
            0.042724866420030594,
            0.624688446521759,
            0.7797043919563293,
            0.0
          ],
          [
            0.0,
            0.0,
            0.0,
            1.0
          ]
        ],
        "rotation_mode": "QUATERNION"
      },
      "armature_space": {
        "head": {
          "x": 0.07139670848846436,
          "y": -0.05328986048698425,
          "z": 0.5118672251701355
        },
        "tail": {
          "x": 0.051640599966049194,
          "y": -0.23160837590694427,
          "z": 0.7109158039093018
        }
      },
      "world_space": {
        "head": {
          "x": 0.07139670848846436,
          "y": 0.009954139590263367,
          "z": 1.4617211818695068
        },
        "tail": {
          "x": 0.051640599966049194,
          "y": -0.16836437582969666,
          "z": 1.6607698202133179
        },
        "rotation_quaternion": {
          "w": 0.40836066007614136,
          "x": 0.9116860628128052,
          "y": -0.022796539589762688,
          "z": 0.03937521204352379
        },
        "matrix": [
          [
            0.9958598017692566,
            -0.07372522354125977,
            0.053176961839199066,
            0.07139670848846436
          ],
          [
            -0.00940818339586258,
            -0.665443480014801,
            -0.7463890910148621,
            0.009954139590263367
          ],
          [
            0.09041455388069153,
            0.7428032159805298,
            -0.6633874177932739,
            1.4617211818695068
          ],
          [
            0.0,
            0.0,
            0.0,
            1.0
          ]
        ]
      },
      "bone_length_armature_space": 0.2679703989257106,
      "parent": "spine_01",
      "has_children": true,
      "is_end_bone": false
    },
    "lowerarm_l": {
      "name": "lowerarm_l",
      "local": {
        "location": {
          "x": 0.0,
          "y": 0.0,
          "z": 0.0
        },
        "rotation_quaternion": {
          "w": 0.9743244051933289,
          "x": 0.06992004811763763,
          "y": 0.011971640400588512,
          "z": 0.21368171274662018
        },
        "scale": {
          "x": 1.0,
          "y": 1.0,
          "z": 1.0
        },
        "matrix_basis": [
          [
            0.9083936214447021,
            -0.414716511964798,
            0.05320979282259941,
            0.0
          ],
          [
            0.41806474328041077,
            0.8989026546478271,
            -0.13113337755203247,
            0.0
          ],
          [
            0.006552748382091522,
            0.14136585593223572,
            0.9899357557296753,
            0.0
          ],
          [
            0.0,
            0.0,
            0.0,
            1.0
          ]
        ],
        "rotation_mode": "QUATERNION"
      },
      "armature_space": {
        "head": {
          "x": 0.051640477031469345,
          "y": -0.23160848021507263,
          "z": 0.7109158039093018
        },
        "tail": {
          "x": -0.09385156631469727,
          "y": -0.4183517098426819,
          "z": 0.8355294466018677
        }
      },
      "world_space": {
        "head": {
          "x": 0.051640477031469345,
          "y": -0.168364480137825,
          "z": 1.6607698202133179
        },
        "tail": {
          "x": -0.09385156631469727,
          "y": -0.35510772466659546,
          "z": 1.7853834629058838
        },
        "rotation_quaternion": {
          "w": 0.277603417634964,
          "x": 0.9178924560546875,
          "y": -0.2718735933303833,
          "z": 0.08059007674455643
        },
        "matrix": [
          [
            0.8391798138618469,
            -0.5438457131385803,
            -0.0030011236667633057,
            0.051640477031469345
          ],
          [
            -0.4543578028678894,
            -0.6980416774749756,
            -0.553441047668457,
            -0.168364480137825
          ],
          [
            0.2988932728767395,
            0.4658026397228241,
            -0.8328894376754761,
            1.6607698202133179
          ],
          [
            0.0,
            0.0,
            0.0,
            1.0
          ]
        ]
      },
      "bone_length_armature_space": 0.2675248218265839,
      "parent": "upperarm_l",
      "has_children": true,
      "is_end_bone": false
    },
    "metacarpal_thumb_l": {
      "name": "metacarpal_thumb_l",
      "local": {
        "location": {
          "x": 0.0,
          "y": 0.0,
          "z": 0.0
        },
        "rotation_quaternion": {
          "w": 0.9983932971954346,
          "x": -0.05506084859371185,
          "y": -0.006108982488512993,
          "z": -0.011917675845324993
        },
        "scale": {
          "x": 1.0,
          "y": 1.0,
          "z": 1.0
        },
        "matrix_basis": [
          [
            0.9996412992477417,
            0.024469787254929543,
            -0.010885939933359623,
            0.0
          ],
          [
            -0.023124324157834053,
            0.9936525225639343,
            0.11009037494659424,
            0.0
          ],
          [
            0.013510729186236858,
            -0.10979915410280228,
            0.993861973285675,
            0.0
          ],
          [
            0.0,
            0.0,
            0.0,
            1.0
          ]
        ],
        "rotation_mode": "QUATERNION"
      },
      "armature_space": {
        "head": {
          "x": -0.09385156631469727,
          "y": -0.4183517098426819,
          "z": 0.8355294466018677
        },
        "tail": {
          "x": -0.11284288018941879,
          "y": -0.46396321058273315,
          "z": 0.8319931030273438
        }
      },
      "world_space": {
        "head": {
          "x": -0.09385156631469727,
          "y": -0.35510772466659546,
          "z": 1.7853834629058838
        },
        "tail": {
          "x": -0.11284288018941879,
          "y": -0.40071922540664673,
          "z": 1.7818471193313599
        },
        "rotation_quaternion": {
          "w": 0.13187557458877563,
          "x": 0.6025450229644775,
          "y": -0.14899618923664093,
          "z": 0.7728832960128784
        },
        "matrix": [
          [
            -0.23909679055213928,
            -0.38340213894844055,
            0.8920961618423462,
            -0.09385156631469727
          ],
          [
            0.02429571934044361,
            -0.9208180904388428,
            -0.38923460245132446,
            -0.35510772466659546
          ],
          [
            0.9706985950469971,
            -0.07139214128255844,
            0.22948093712329865,
            1.7853834629058838
          ],
          [
            0.0,
            0.0,
            0.0,
            1.0
          ]
        ]
      },
      "bone_length_armature_space": 0.04953367359387654,
      "parent": "lowerarm_l",
      "has_children": true,
      "is_end_bone": false
    },
    "thumb_01_l": {
      "name": "thumb_01_l",
      "local": {
        "location": {
          "x": 0.0,
          "y": 0.0,
          "z": 0.0
        },
        "rotation_quaternion": {
          "w": 0.9851750135421753,
          "x": 0.17076003551483154,
          "y": -0.014571438543498516,
          "z": -0.007676322013139725
        },
        "scale": {
          "x": 1.0,
          "y": 1.0,
          "z": 1.0
        },
        "matrix_basis": [
          [
            0.9994574785232544,
            0.010148602537810802,
            -0.03133245185017586,
            0.0
          ],
          [
            -0.020101480185985565,
            0.94156414270401,
            -0.33623331785202026,
            0.0
          ],
          [
            0.026089215651154518,
            0.33668074011802673,
            0.9412573575973511,
            0.0
          ],
          [
            0.0,
            0.0,
            0.0,
            1.0
          ]
        ],
        "rotation_mode": "QUATERNION"
      },
      "armature_space": {
        "head": {
          "x": -0.11284288018941879,
          "y": -0.46396321058273315,
          "z": 0.8319931030273438
        },
        "tail": {
          "x": -0.10132589191198349,
          "y": -0.4939318299293518,
          "z": 0.8433008790016174
        }
      },
      "world_space": {
        "head": {
          "x": -0.11284288018941879,
          "y": -0.40071922540664673,
          "z": 1.7818471193313599
        },
        "tail": {
          "x": -0.10132589191198349,
          "y": -0.4306878447532654,
          "z": 1.7931549549102783
        },
        "rotation_quaternion": {
          "w": 0.19522345066070557,
          "x": 0.12581729888916016,
          "y": -0.14721424877643585,
          "z": -0.9614498615264893
        },
        "matrix": [
          [
            -0.8921154737472534,
            0.33835113048553467,
            -0.2994135618209839,
            -0.11284288018941879
          ],
          [
            -0.41243937611579895,
            -0.8804314136505127,
            0.2339532971382141,
            -0.40071922540664673
          ],
          [
            -0.184456467628479,
            0.3322048485279083,
            0.9250026941299438,
            1.7818471193313599
          ],
          [
            0.0,
            0.0,
            0.0,
            1.0
          ]
        ]
      },
      "bone_length_armature_space": 0.034038580253501934,
      "parent": "metacarpal_thumb_l",
      "has_children": true,
      "is_end_bone": false
    },
    "thumb_02_l": {
      "name": "thumb_02_l",
      "local": {
        "location": {
          "x": 0.0,
          "y": 0.0,
          "z": 0.0
        },
        "rotation_quaternion": {
          "w": 0.9288098216056824,
          "x": 0.3704127371311188,
          "y": 0.00772552564740181,
          "z": -0.006867607124149799
        },
        "scale": {
          "x": 1.0,
          "y": 1.0,
          "z": 1.0
        },
        "matrix_basis": [
          [
            0.9997863173484802,
            0.01848066784441471,
            0.009263389743864536,
            0.0
          ],
          [
            -0.007034135516732931,
            0.7254945039749146,
            -0.6881920695304871,
            0.0
          ],
          [
            -0.019438786432147026,
            0.6879798769950867,
            0.7254694700241089,
            0.0
          ],
          [
            0.0,
            0.0,
            0.0,
            1.0
          ]
        ],
        "rotation_mode": "QUATERNION"
      },
      "armature_space": {
        "head": {
          "x": -0.10132584720849991,
          "y": -0.4939318299293518,
          "z": 0.8433008193969727
        },
        "tail": {
          "x": -0.13678166270256042,
          "y": -0.4895569384098053,
          "z": 0.8616564869880676
        }
      },
      "world_space": {
        "head": {
          "x": -0.10132584720849991,
          "y": -0.4306878447532654,
          "z": 1.7931548357009888
        },
        "tail": {
          "x": -0.13678166270256042,
          "y": -0.4263129234313965,
          "z": 1.8115105628967285
        },
        "rotation_quaternion": {
          "w": 0.2552322447299957,
          "x": -0.4516655504703522,
          "y": 0.6995135545730591,
          "z": 0.49146267771720886
        },
        "matrix": [
          [
            -0.46170833706855774,
            -0.8827670812606812,
            -0.08687824010848999,
            -0.10132584720849991
          ],
          [
            -0.38102084398269653,
            0.10892495512962341,
            0.9181276559829712,
            -0.4306878447532654
          ],
          [
            -0.8010357022285461,
            0.45701298117637634,
            -0.386646032333374,
            1.7931548357009888
          ],
          [
            0.0,
            0.0,
            0.0,
            1.0
          ]
        ]
      },
      "bone_length_armature_space": 0.04016447460987787,
      "parent": "thumb_01_l",
      "has_children": true,
      "is_end_bone": false
    },
    "thumb_03_l": {
      "name": "thumb_03_l",
      "local": {
        "location": {
          "x": 0.0,
          "y": 0.0,
          "z": 0.0
        },
        "rotation_quaternion": {
          "w": 0.982361376285553,
          "x": 0.1868862509727478,
          "y": 0.004815909080207348,
          "z": 0.004059491213411093
        },
        "scale": {
          "x": 1.0,
          "y": 1.0,
          "z": 1.0
        },
        "matrix_basis": [
          [
            0.999920666217804,
            -0.0061757201328873634,
            0.010979251936078072,
            0.0
          ],
          [
            0.009775829501450062,
            0.9301140904426575,
            -0.3671405613422394,
            0.0
          ],
          [
            -0.007944599725306034,
            0.3672187626361847,
            0.930100679397583,
            0.0
          ],
          [
            0.0,
            0.0,
            0.0,
            1.0
          ]
        ],
        "rotation_mode": "QUATERNION"
      },
      "armature_space": {
        "head": {
          "x": -0.13678163290023804,
          "y": -0.4895569980144501,
          "z": 0.8616564273834229
        },
        "tail": {
          "x": -0.15992645919322968,
          "y": -0.47035130858421326,
          "z": 0.866383969783783
        }
      },
      "world_space": {
        "head": {
          "x": -0.13678163290023804,
          "y": -0.42631298303604126,
          "z": 1.811510443687439
        },
        "tail": {
          "x": -0.15992645919322968,
          "y": -0.40710729360580444,
          "z": 1.8162379264831543
        },
        "rotation_quaternion": {
          "w": 0.19110900163650513,
          "x": -0.39320769906044006,
          "y": 0.8825504183769226,
          "z": 0.1731182336807251
        },
        "matrix": [
          [
            -0.6177300810813904,
            -0.7602205872535706,
            0.20118238031864166,
            -0.13678163290023804
          ],
          [
            -0.6278828978538513,
            0.6308349370956421,
            0.4558620750904083,
            -0.42631298303604126
          ],
          [
            -0.47347256541252136,
            0.15528246760368347,
            -0.8670209646224976,
            1.811510443687439
          ],
          [
            0.0,
            0.0,
            0.0,
            1.0
          ]
        ]
      },
      "bone_length_armature_space": 0.030444887552697773,
      "parent": "thumb_02_l",
      "has_children": false,
      "is_end_bone": true
    },
    "metacarpal_index_l": {
      "name": "metacarpal_index_l",
      "local": {
        "location": {
          "x": 0.0,
          "y": 0.0,
          "z": 0.0
        },
        "rotation_quaternion": {
          "w": 0.9999277591705322,
          "x": 0.0065192291513085365,
          "y": 0.003952804487198591,
          "z": -0.009299132041633129
        },
        "scale": {
          "x": 1.0,
          "y": 1.0,
          "z": 1.0
        },
        "matrix_basis": [
          [
            0.9997957944869995,
            0.018648458644747734,
            0.007783791515976191,
            0.0
          ],
          [
            -0.018545381724834442,
            0.9997420310974121,
            -0.013111031614243984,
            0.0
          ],
          [
            -0.008026284165680408,
            0.012964000925421715,
            0.999883770942688,
            0.0
          ],
          [
            0.0,
            0.0,
            0.0,
            1.0
          ]
        ],
        "rotation_mode": "QUATERNION"
      },
      "armature_space": {
        "head": {
          "x": -0.09385156631469727,
          "y": -0.4183517098426819,
          "z": 0.8355294466018677
        },
        "tail": {
          "x": -0.14755289256572723,
          "y": -0.5193382501602173,
          "z": 0.8609678149223328
        }
      },
      "world_space": {
        "head": {
          "x": -0.09385156631469727,
          "y": -0.35510772466659546,
          "z": 1.7853834629058838
        },
        "tail": {
          "x": -0.14755289256572723,
          "y": -0.45609426498413086,
          "z": 1.810821771621704
        },
        "rotation_quaternion": {
          "w": 0.2266366332769394,
          "x": 0.7976520657539368,
          "y": -0.13304942846298218,
          "z": 0.5428487658500671
        },
        "matrix": [
          [
            0.3752262592315674,
            -0.4583130180835724,
            0.8057011961936951,
            -0.09385156631469727
          ],
          [
            0.03380442038178444,
            -0.8618675470352173,
            -0.5060058236122131,
            -0.35510772466659546
          ],
          [
            0.9263232350349426,
            0.2171035259962082,
            -0.3079049289226532,
            1.7853834629058838
          ],
          [
            0.0,
            0.0,
            0.0,
            1.0
          ]
        ]
      },
      "bone_length_armature_space": 0.11717177201067949,
      "parent": "lowerarm_l",
      "has_children": true,
      "is_end_bone": false
    },
    "index_01_l": {
      "name": "index_01_l",
      "local": {
        "location": {
          "x": 0.0,
          "y": 0.0,
          "z": 0.0
        },
        "rotation_quaternion": {
          "w": 0.9762061238288879,
          "x": 0.21668465435504913,
          "y": -0.0017342714127153158,
          "z": -0.0081529775634408
        },
        "scale": {
          "x": 1.0,
          "y": 1.0,
          "z": 1.0
        },
        "matrix_basis": [
          [
            0.9998610615730286,
            0.015166393481194973,
            -0.006919262930750847,
            0.0
          ],
          [
            -0.01666955277323723,
            0.9059625864028931,
            -0.42302948236465454,
            0.0
          ],
          [
            -0.000147237500641495,
            0.4230860471725464,
            0.9060894846916199,
            0.0
          ],
          [
            0.0,
            0.0,
            0.0,
            1.0
          ]
        ],
        "rotation_mode": "QUATERNION"
      },
      "armature_space": {
        "head": {
          "x": -0.14755289256572723,
          "y": -0.5193382501602173,
          "z": 0.8609678149223328
        },
        "tail": {
          "x": -0.14855846762657166,
          "y": -0.5451325178146362,
          "z": 0.8730804324150085
        }
      },
      "world_space": {
        "head": {
          "x": -0.14755289256572723,
          "y": -0.45609426498413086,
          "z": 1.810821771621704
        },
        "tail": {
          "x": -0.14855846762657166,
          "y": -0.4818885326385498,
          "z": 1.8229343891143799
        },
        "rotation_quaternion": {
          "w": 0.19768047332763672,
          "x": 0.8459411859512329,
          "y": 0.09284217655658722,
          "z": 0.48650410771369934
        },
        "matrix": [
          [
            0.5093884468078613,
            -0.03526535630226135,
            0.8598138093948364,
            -0.14755289256572723
          ],
          [
            0.3494231700897217,
            -0.9046057462692261,
            -0.24411499500274658,
            -0.45609426498413086
          ],
          [
            0.7864072322845459,
            0.4247902035713196,
            -0.44847649335861206,
            1.810821771621704
          ],
          [
            0.0,
            0.0,
            0.0,
            1.0
          ]
        ]
      },
      "bone_length_armature_space": 0.02851439863963861,
      "parent": "metacarpal_index_l",
      "has_children": true,
      "is_end_bone": false
    },
    "index_02_l": {
      "name": "index_02_l",
      "local": {
        "location": {
          "x": 0.0,
          "y": 0.0,
          "z": 0.0
        },
        "rotation_quaternion": {
          "w": 0.9161077737808228,
          "x": 0.40089499950408936,
          "y": -0.00409284420311451,
          "z": 0.0036129371728748083
        },
        "scale": {
          "x": 1.0,
          "y": 1.0,
          "z": 1.0
        },
        "matrix_basis": [
          [
            0.9999403953552246,
            -0.00990128144621849,
            -0.004602156113833189,
            0.0
          ],
          [
            0.003338078036904335,
            0.6785402894020081,
            -0.7345556020736694,
            0.0
          ],
          [
            0.01039578951895237,
            0.7344964742660522,
            0.6785328984260559,
            0.0
          ],
          [
            0.0,
            0.0,
            0.0,
            1.0
          ]
        ],
        "rotation_mode": "QUATERNION"
      },
      "armature_space": {
        "head": {
          "x": -0.1485583335161209,
          "y": -0.5451329946517944,
          "z": 0.873080313205719
        },
        "tail": {
          "x": -0.134047731757164,
          "y": -0.5662537813186646,
          "z": 0.8718777298927307
        }
      },
      "world_space": {
        "head": {
          "x": -0.1485583335161209,
          "y": -0.481889009475708,
          "z": 1.8229343891143799
        },
        "tail": {
          "x": -0.134047731757164,
          "y": -0.5030097961425781,
          "z": 1.8217318058013916
        },
        "rotation_quaternion": {
          "w": 0.14036515355110168,
          "x": -0.8759925365447998,
          "y": -0.26199066638946533,
          "z": -0.37986254692077637
        },
        "matrix": [
          [
            0.5741305947303772,
            0.5656434297561646,
            0.5919641852378845,
            -0.1485583335161209
          ],
          [
            0.3523655831813812,
            -0.823316752910614,
            0.44495880603790283,
            -0.481889009475708
          ],
          [
            0.7390676736831665,
            -0.04687780141830444,
            -0.672008752822876,
            1.8229343891143799
          ],
          [
            0.0,
            0.0,
            0.0,
            1.0
          ]
        ]
      },
      "bone_length_armature_space": 0.02565329216086866,
      "parent": "index_01_l",
      "has_children": true,
      "is_end_bone": false
    },
    "index_03_l": {
      "name": "index_03_l",
      "local": {
        "location": {
          "x": 0.0,
          "y": 0.0,
          "z": 0.0
        },
        "rotation_quaternion": {
          "w": 0.9613683223724365,
          "x": 0.27516603469848633,
          "y": -0.0052763959392905235,
          "z": 0.005188724957406521
        },
        "scale": {
          "x": 1.0,
          "y": 1.0,
          "z": 1.0
        },
        "matrix_basis": [
          [
            0.9998904466629028,
            -0.012880321592092514,
            -0.0072895982302725315,
            0.0
          ],
          [
            0.007072781678289175,
            0.8485134840011597,
            -0.5291265845298767,
            0.0
          ],
          [
            0.013000641949474812,
            0.5290170907974243,
            0.8485116362571716,
            0.0
          ],
          [
            0.0,
            0.0,
            0.0,
            1.0
          ]
        ],
        "rotation_mode": "QUATERNION"
      },
      "armature_space": {
        "head": {
          "x": -0.13404783606529236,
          "y": -0.5662538409233093,
          "z": 0.8718778491020203
        },
        "tail": {
          "x": -0.10887347161769867,
          "y": -0.5764861702919006,
          "z": 0.861140787601471
        }
      },
      "world_space": {
        "head": {
          "x": -0.13404783606529236,
          "y": -0.5030098557472229,
          "z": 1.8217318058013916
        },
        "tail": {
          "x": -0.10887347161769867,
          "y": -0.5132421851158142,
          "z": 1.8109948635101318
        },
        "rotation_quaternion": {
          "w": 0.3982483446598053,
          "x": -0.7659207582473755,
          "y": -0.40779829025268555,
          "z": -0.29742929339408875
        },
        "matrix": [
          [
            0.4904721975326538,
            0.8615843653678894,
            0.13080325722694397,
            -0.13404783606529236
          ],
          [
            0.38778313994407654,
            -0.35019731521606445,
            0.8526350259780884,
            -0.5030098557472229
          ],
          [
            0.7804297208786011,
            -0.367473304271698,
            -0.5058725476264954,
            1.8217318058013916
          ],
          [
            0.0,
            0.0,
            0.0,
            1.0
          ]
        ]
      },
      "bone_length_armature_space": 0.0292187209570646,
      "parent": "index_02_l",
      "has_children": false,
      "is_end_bone": true
    },
    "metacarpal_pinky_l": {
      "name": "metacarpal_pinky_l",
      "local": {
        "location": {
          "x": 0.0,
          "y": 0.0,
          "z": 0.0
        },
        "rotation_quaternion": {
          "w": 0.9991747736930847,
          "x": -0.038848210126161575,
          "y": 0.0118494164198637,
          "z": -0.0004698236007243395
        },
        "scale": {
          "x": 1.0,
          "y": 1.0,
          "z": 1.0
        },
        "matrix_basis": [
          [
            0.9997187256813049,
            1.821454134187661e-05,
            0.023715779185295105,
            0.0
          ],
          [
            -0.0018595290603116155,
            0.9969812035560608,
            0.07762116938829422,
            0.0
          ],
          [
            -0.023642772808670998,
            -0.07764343917369843,
            0.9967008233070374,
            0.0
          ],
          [
            0.0,
            0.0,
            0.0,
            1.0
          ]
        ],
        "rotation_mode": "QUATERNION"
      },
      "armature_space": {
        "head": {
          "x": -0.09385156631469727,
          "y": -0.4183517098426819,
          "z": 0.8355294466018677
        },
        "tail": {
          "x": -0.14016327261924744,
          "y": -0.47211432456970215,
          "z": 0.9117403030395508
        }
      },
      "world_space": {
        "head": {
          "x": -0.09385156631469727,
          "y": -0.35510772466659546,
          "z": 1.7853834629058838
        },
        "tail": {
          "x": -0.14016327261924744,
          "y": -0.4088703393936157,
          "z": 1.861594319343567
        },
        "rotation_quaternion": {
          "w": 0.1951536238193512,
          "x": 0.7103294134140015,
          "y": -0.45140305161476135,
          "z": -0.5035697817802429
        },
        "matrix": [
          [
            0.08530476689338684,
            -0.4447457492351532,
            -0.8915852308273315,
            -0.09385156631469727
          ],
          [
            -0.8378373384475708,
            -0.5162990093231201,
            0.17738087475299835,
            -0.35510772466659546
          ],
          [
            -0.5392186641693115,
            0.7318766117095947,
            -0.41667017340660095,
            1.7853834629058838
          ],
          [
            0.0,
            0.0,
            0.0,
            1.0
          ]
        ]
      },
      "bone_length_armature_space": 0.10413110704740455,
      "parent": "lowerarm_l",
      "has_children": true,
      "is_end_bone": false
    },
    "pinky_01_l": {
      "name": "pinky_01_l",
      "local": {
        "location": {
          "x": 0.0,
          "y": 0.0,
          "z": 0.0
        },
        "rotation_quaternion": {
          "w": 0.9559971690177917,
          "x": 0.29326263070106506,
          "y": -0.0047448789700865746,
          "z": -0.0066353813745081425
        },
        "scale": {
          "x": 1.0,
          "y": 1.0,
          "z": 1.0
        },
        "matrix_basis": [
          [
            0.9998669028282166,
            0.009903820231556892,
            -0.012964000925421715,
            0.0
          ],
          [
            -0.015469802543520927,
            0.8279060125350952,
            -0.5606535077095032,
            0.0
          ],
          [
            0.005180363077670336,
            0.5607794523239136,
            0.827949047088623,
            0.0
          ],
          [
            0.0,
            0.0,
            0.0,
            1.0
          ]
        ],
        "rotation_mode": "QUATERNION"
      },
      "armature_space": {
        "head": {
          "x": -0.14016327261924744,
