{
  "metadata": {
    "armature_name": "KIM_caucasian_male",
    "export_time": "2026-01-13T21:08:23.481987",
    "blender_version": "4.4.1",
    "bone_count": 56,
    "end_bone_count": 13,
    "spaces_included": [
      "LOCAL_CHANNELS",
      "ARMATURE_SPACE",
      "WORLD_SPACE"
    ],
    "note": "LOCAL matches Transform panel; replay pose via local.matrix_basis for best fidelity."
  },
  "bones": {
    "Root": {
      "name": "Root",
      "local": {
        "location": {
          "x": 0.0,
          "y": 0.0,
          "z": 0.0
        },
        "rotation_quaternion": {
          "w": 0.9994275569915771,
          "x": 0.008474340662360191,
          "y": 0.01744248904287815,
          "z": 0.027723105624318123
        },
        "scale": {
          "x": 1.0,
          "y": 1.0,
          "z": 1.0
        },
        "matrix_basis": [
          [
            0.9978543519973755,
            -0.05511884391307831,
            0.03533487766981125,
            0.0
          ],
          [
            0.05571009963750839,
            0.9983192086219788,
            -0.01597185991704464,
            0.0
          ],
          [
            -0.034395139664411545,
            0.017906099557876587,
            0.9992479085922241,
            0.0
          ],
          [
            0.0,
            0.0,
            0.0,
            1.0
          ]
        ],
        "rotation_mode": "QUATERNION"
      },
      "armature_space": {
        "head": {
          "x": 0.0,
          "y": 0.07072800397872925,
          "z": -0.009595036506652832
        },
        "tail": {
          "x": -0.003934155218303204,
          "y": -5.2928924560546875e-05,
          "z": -0.0012825988233089447
        }
      },
      "world_space": {
        "head": {
          "x": 0.0,
          "y": 0.13397200405597687,
          "z": 0.9402589797973633
        },
        "tail": {
          "x": -0.003934155218303204,
          "y": 0.06319107115268707,
          "z": 0.9485714435577393
        },
        "rotation_quaternion": {
          "w": 0.05887400358915329,
          "x": 0.9977279305458069,
          "y": -0.02648506499826908,
          "z": 0.019270511344075203
        },
        "matrix": [
          [
            0.9978543519973755,
            -0.05511884391307831,
            0.03533487766981125,
            0.0
          ],
          [
            -0.0505807027220726,
            -0.9916647672653198,
            -0.1185017004609108,
            0.13397200405597687
          ],
          [
            0.04157227650284767,
            0.11646005511283875,
            -0.9923319816589355,
            0.9402589797973633
          ],
          [
            0.0,
            0.0,
            0.0,
            1.0
          ]
        ]
      },
      "bone_length_armature_space": 0.0713758681615969,
      "parent": null,
      "has_children": true,
      "is_end_bone": false
    },
    "spine_01": {
      "name": "spine_01",
      "local": {
        "location": {
          "x": 0.0,
          "y": 0.0,
          "z": 0.0
        },
        "rotation_quaternion": {
          "w": 0.9957790374755859,
          "x": 0.02932612970471382,
          "y": 0.06145332008600235,
          "z": -0.06154344975948334
        },
        "scale": {
          "x": 1.0,
          "y": 1.0,
          "z": 1.0
        },
        "matrix_basis": [
          [
            0.9848718047142029,
            0.12617172300815582,
            0.11877819150686264,
            0.0
          ],
          [
            -0.11896298080682755,
            0.9907047748565674,
            -0.06596878916025162,
            0.0
          ],
          [
            -0.12599751353263855,
            0.0508405901491642,
            0.9907269477844238,
            0.0
          ],
          [
            0.0,
            0.0,
            0.0,
            1.0
          ]
        ],
        "rotation_mode": "QUATERNION"
      },
      "armature_space": {
        "head": {
          "x": -0.003934155218303204,
          "y": -5.2928924560546875e-05,
          "z": -0.0012825988233089447
        },
        "tail": {
          "x": 0.03685943782329559,
          "y": -0.01304007600992918,
          "z": 0.4848405420780182
        }
      },
      "world_space": {
        "head": {
          "x": -0.003934155218303204,
          "y": 0.06319107115268707,
          "z": 0.9485714435577393
        },
        "tail": {
          "x": 0.03685943782329559,
          "y": 0.050203923135995865,
          "z": 1.434694528579712
        },
        "rotation_quaternion": {
          "w": 0.6955101490020752,
          "x": 0.7164427638053894,
          "y": 0.05439676344394684,
          "z": -0.004060945939272642
        },
        "matrix": [
          [
            0.9940490126609802,
            0.0835932195186615,
            0.0698486864566803,
            -0.003934155218303204
          ],
          [
            0.07229600846767426,
            -0.026612939313054085,
            -0.997028112411499,
            0.06319107115268707
          ],
          [
            -0.08148643374443054,
            0.9961515069007874,
            -0.03249915689229965,
            0.9485714435577393
          ],
          [
            0.0,
            0.0,
            0.0,
            1.0
          ]
        ]
      },
      "bone_length_armature_space": 0.48800460618398617,
      "parent": "Root",
      "has_children": true,
      "is_end_bone": false
    },
    "neck_01": {
      "name": "neck_01",
      "local": {
        "location": {
          "x": 0.0,
          "y": 0.0,
          "z": 0.0
        },
        "rotation_quaternion": {
          "w": 0.9856342077255249,
          "x": -0.12273645401000977,
          "y": -0.10583438724279404,
          "z": -0.047541335225105286
        },
        "scale": {
          "x": 1.0,
          "y": 1.0,
          "z": 1.0
        },
        "matrix_basis": [
          [
            0.9730778336524963,
            0.11969620734453201,
            -0.19695787131786346,
            0.0
          ],
          [
            -0.06773725897073746,
            0.9653511643409729,
            0.2520095109939575,
            0.0
          ],
          [
            0.22029809653759003,
            -0.2318834811449051,
            0.9474697113037109,
            0.0
          ],
          [
            0.0,
            0.0,
            0.0,
            1.0
          ]
        ],
        "rotation_mode": "QUATERNION"
      },
      "armature_space": {
        "head": {
          "x": 0.04540238901972771,
          "y": -0.049566008150577545,
          "z": 0.5566501617431641
        },
        "tail": {
          "x": 0.06714069098234177,
          "y": -0.0669335201382637,
          "z": 0.6553242206573486
        }
      },
      "world_space": {
        "head": {
          "x": 0.04540238901972771,
          "y": 0.013677991926670074,
          "z": 1.5065041780471802
        },
        "tail": {
          "x": 0.06714069098234177,
          "y": -0.0036895200610160828,
          "z": 1.6051782369613647
        },
        "rotation_quaternion": {
          "w": 0.6434572339057922,
          "x": 0.7546811699867249,
          "y": 0.035506997257471085,
          "z": -0.12311922758817673
        },
        "matrix": [
          [
            0.9671621322631836,
            0.2120368629693985,
            -0.1401357501745224,
            0.04540238901972771
          ],
          [
            -0.10484969615936279,
            -0.16940386593341827,
            -0.9799536466598511,
            0.013677991926670074
          ],
          [
            -0.23152753710746765,
            0.9624736309051514,
            -0.14161093533039093,
            1.5065041780471802
          ],
          [
            0.0,
            0.0,
            0.0,
            1.0
          ]
        ]
      },
      "bone_length_armature_space": 0.10252196759820821,
      "parent": "spine_01",
      "has_children": true,
      "is_end_bone": false
    },
    "head": {
      "name": "head",
      "local": {
        "location": {
          "x": 0.0,
          "y": 0.0,
          "z": 0.0
        },
        "rotation_quaternion": {
          "w": 0.9824457764625549,
          "x": -0.14123143255710602,
          "y": 0.12097907066345215,
          "z": -0.014772022143006325
        },
        "scale": {
          "x": 1.0,
          "y": 1.0,
          "z": 1.0
        },
        "matrix_basis": [
          [
            0.9702916741371155,
            -0.0051466734148561954,
            0.2418833076953888,
            0.0
          ],
          [
            -0.06319751590490341,
            0.9596709609031677,
            0.27393025159835815,
            0.0
          ],
          [
            -0.2335382103919983,
            -0.28107866644859314,
            0.930835485458374,
            0.0
          ],
          [
            0.0,
            0.0,
            0.0,
            1.0
          ]
        ],
        "rotation_mode": "QUATERNION"
      },
      "armature_space": {
        "head": {
          "x": 0.06714065372943878,
          "y": -0.06693366169929504,
          "z": 0.6553241610527039
        },
        "tail": {
          "x": 0.10572358220815659,
          "y": 0.00486484169960022,
          "z": 0.7872695326805115
        }
      },
      "world_space": {
        "head": {
          "x": 0.06714065372943878,
          "y": -0.0036896616220474243,
          "z": 1.6051781177520752
        },
        "tail": {
          "x": 0.10572358220815659,
          "y": 0.06810884177684784,
          "z": 1.7371234893798828
        },
        "rotation_quaternion": {
          "w": 0.8373762369155884,
          "x": 0.5165544748306274,
          "y": 0.1739942580461502,
          "z": -0.04121343046426773
        },
        "matrix": [
          [
            0.9360553622245789,
            0.2487773299217224,
            0.24881824851036072,
            0.06714065372943878
          ],
          [
            0.11073139309883118,
            0.46294671297073364,
            -0.879442572593689,
            -0.0036896616220474243
          ],
          [
            -0.333977073431015,
            0.8507652282714844,
            0.40579819679260254,
            1.6051781177520752
          ],
          [
            0.0,
            0.0,
            0.0,
            1.0
          ]
        ]
      },
      "bone_length_armature_space": 0.1550910995476417,
      "parent": "neck_01",
      "has_children": false,
      "is_end_bone": true
    },
    "upperarm_l": {
      "name": "upperarm_l",
      "local": {
        "location": {
          "x": 0.0,
          "y": 0.0,
          "z": 0.0
        },
        "rotation_quaternion": {
          "w": 0.9823277592658997,
          "x": 0.03341870754957199,
          "y": 0.1315055638551712,
          "z": 0.12892554700374603
        },
        "scale": {
          "x": 1.0,
          "y": 1.0,
          "z": 1.0
        },
        "matrix_basis": [
          [
            0.9321689605712891,
            -0.24450479447841644,
            0.2669801712036133,
            0.0
          ],
          [
            0.2620837688446045,
            0.9645227789878845,
            -0.03174739331007004,
            0.0
          ],
          [
            -0.24974608421325684,
            0.09956510365009308,
            0.9631789326667786,
            0.0
          ],
          [
            0.0,
            0.0,
            0.0,
            1.0
          ]
        ],
        "rotation_mode": "QUATERNION"
      },
      "armature_space": {
        "head": {
          "x": 0.18911439180374146,
          "y": -0.040112659335136414,
          "z": 0.47737443447113037
        },
        "tail": {
          "x": 0.4545030891895294,
          "y": -0.04088468849658966,
          "z": 0.5144675374031067
        }
      },
      "world_space": {
        "head": {
          "x": 0.18911439180374146,
          "y": 0.023131340742111206,
          "z": 1.4272284507751465
        },
        "tail": {
          "x": 0.4545030891895294,
          "y": 0.02235931158065796,
          "z": 1.4643216133117676
        },
        "rotation_quaternion": {
          "w": 0.44975173473358154,
          "x": 0.6030701398849487,
          "y": 0.5443177223205566,
          "z": -0.37114423513412476
        },
        "matrix": [
          [
            0.13193869590759277,
            0.9903692603111267,
            0.04196545109152794,
            0.18911439180374146
          ],
          [
            0.32267850637435913,
            -0.0028810352087020874,
            -0.9465043544769287,
            0.023131340742111206
          ],
          [
            -0.9372740387916565,
            0.13842278718948364,
            -0.3199540376663208,
            1.4272284507751465
          ],
          [
            0.0,
            0.0,
            0.0,
            1.0
          ]
        ]
      },
      "bone_length_armature_space": 0.2679694986911998,
      "parent": "spine_01",
      "has_children": true,
      "is_end_bone": false
    },
    "lowerarm_l": {
      "name": "lowerarm_l",
      "local": {
        "location": {
          "x": 0.0,
          "y": 0.0,
          "z": 0.0
        },
        "rotation_quaternion": {
          "w": 0.8513035178184509,
          "x": 0.5125912427902222,
          "y": -0.08421334624290466,
          "z": -0.07376127690076828
        },
        "scale": {
          "x": 1.0,
          "y": 1.0,
          "z": 1.0
        },
        "matrix_basis": [
          [
            0.9749347567558289,
            0.039252422749996185,
            -0.21900101006031036,
            0.0
          ],
          [
            -0.21192051470279694,
            0.4636189937591553,
            -0.8603180646896362,
            0.0
          ],
          [
            0.06776347011327744,
            0.8851647973060608,
            0.46031665802001953,
            0.0
          ],
          [
            0.0,
            0.0,
            0.0,
            1.0
          ]
        ],
        "rotation_mode": "QUATERNION"
      },
      "armature_space": {
        "head": {
          "x": 0.4545031487941742,
          "y": -0.040884777903556824,
          "z": 0.5144675970077515
        },
        "tail": {
          "x": 0.5539771914482117,
          "y": -0.28634577989578247,
          "z": 0.47674211859703064
        }
      },
      "world_space": {
        "head": {
          "x": 0.4545031487941742,
          "y": 0.022359222173690796,
          "z": 1.4643216133117676
        },
        "tail": {
          "x": 0.5539771914482117,
          "y": -0.22310177981853485,
          "z": 1.4265961647033691
        },
        "rotation_quaternion": {
          "w": 0.08346334099769592,
          "x": 0.6919193863868713,
          "y": 0.18512174487113953,
          "z": -0.6928284764289856
        },
        "matrix": [
          [
            -0.028563017025589943,
            0.3718315660953522,
            -0.927860677242279,
            0.4545031487941742
          ],
          [
            0.140526682138443,
            -0.9175271987915039,
            -0.3720164895057678,
            0.022359222173690796
          ],
          [
            -0.9896716475486755,
            -0.14101693034172058,
            -0.02604532241821289,
            1.4643216133117676
          ],
          [
            0.0,
            0.0,
            0.0,
            1.0
          ]
        ]
      },
      "bone_length_armature_space": 0.26752457639787497,
      "parent": "upperarm_l",
      "has_children": true,
      "is_end_bone": false
    },
    "metacarpal_thumb_l": {
      "name": "metacarpal_thumb_l",
      "local": {
        "location": {
          "x": 0.0,
          "y": 0.0,
          "z": 0.0
        },
        "rotation_quaternion": {
          "w": 0.9997338056564331,
          "x": -0.004313684068620205,
          "y": -0.01893150620162487,
          "z": 0.012463532388210297
        },
        "scale": {
          "x": 1.0,
          "y": 1.0,
          "z": 1.0
        },
        "matrix_basis": [
          [
            0.9989725351333618,
            -0.024757100269198418,
            -0.037960462272167206,
            0.0
          ],
          [
            0.0250837579369545,
            0.999652087688446,
            0.008153164759278297,
            0.0
          ],
          [
            0.0377454049885273,
            -0.009096978232264519,
            0.9992460012435913,
            0.0
          ],
          [
            0.0,
            0.0,
            0.0,
            1.0
          ]
        ],
        "rotation_mode": "QUATERNION"
      },
      "armature_space": {
        "head": {
          "x": 0.5539771914482117,
          "y": -0.28634577989578247,
          "z": 0.47674211859703064
        },
        "tail": {
          "x": 0.5400528907775879,
          "y": -0.3315790295600891,
          "z": 0.4621252119541168
        }
      },
      "world_space": {
        "head": {
          "x": 0.5539771914482117,
          "y": -0.22310177981853485,
          "z": 1.4265961647033691
        },
        "tail": {
          "x": 0.5400528907775879,
          "y": -0.2683350443840027,
          "z": 1.4119791984558105
        },
        "rotation_quaternion": {
          "w": 0.1603514701128006,
          "x": -0.9757537245750427,
          "y": 0.1330273151397705,
          "z": 0.06705126911401749
        },
        "matrix": [
          [
            0.955615758895874,
            -0.2811073064804077,
            -0.08818835020065308,
            0.5539771914482117
          ],
          [
            -0.23810048401355743,
            -0.9131821990013123,
            0.330765962600708,
            -0.22310177981853485
          ],
          [
            -0.17351430654525757,
            -0.2950902581214905,
            -0.9395895600318909,
            1.4265961647033691
          ],
          [
            0.0,
            0.0,
            0.0,
            1.0
          ]
        ]
      },
      "bone_length_armature_space": 0.04953369446130743,
      "parent": "lowerarm_l",
      "has_children": true,
      "is_end_bone": false
    },
    "thumb_01_l": {
      "name": "thumb_01_l",
      "local": {
        "location": {
          "x": 0.0,
          "y": 0.0,
          "z": 0.0
        },
        "rotation_quaternion": {
          "w": 0.9997364282608032,
          "x": 0.01823817379772663,
          "y": 0.00989339780062437,
          "z": 0.009832344017922878
        },
        "scale": {
          "x": 1.0,
          "y": 1.0,
          "z": 1.0
        },
        "matrix_basis": [
          [
            0.9996109008789062,
            -0.019298629835247993,
            0.020140228793025017,
            0.0
          ],
          [
            0.02002038061618805,
            0.9991413950920105,
            -0.03627218306064606,
            0.0
          ],
          [
            -0.019422931596636772,
            0.03666128218173981,
            0.9991389513015747,
            0.0
          ],
          [
            0.0,
            0.0,
            0.0,
            1.0
          ]
        ],
        "rotation_mode": "QUATERNION"
      },
      "armature_space": {
        "head": {
          "x": 0.5400528907775879,
          "y": -0.3315790295600891,
          "z": 0.4621252119541168
        },
        "tail": {
          "x": 0.5288307070732117,
          "y": -0.3425233066082001,
          "z": 0.43191057443618774
        }
      },
      "world_space": {
        "head": {
          "x": 0.5400528907775879,
          "y": -0.2683350443840027,
          "z": 1.4119791984558105
        },
        "tail": {
          "x": 0.5288307070732117,
          "y": -0.27927929162979126,
          "z": 1.3817646503448486
        },
        "rotation_quaternion": {
          "w": 0.25446581840515137,
          "x": -0.5875022411346436,
          "y": 0.5239116549491882,
          "z": -0.5617871880531311
        },
        "matrix": [
          [
            -0.18017737567424774,
            -0.32968947291374207,
            0.9267367124557495,
            0.5400528907775879
          ],
          [
            -0.9015098214149475,
            -0.32152581214904785,
            -0.2896566689014435,
            -0.2683350443840027
          ],
          [
            0.39346858859062195,
            -0.887658417224884,
            -0.23928873240947723,
            1.4119791984558105
          ],
          [
            0.0,
            0.0,
            0.0,
            1.0
          ]
        ]
      },
      "bone_length_armature_space": 0.034038785351959214,
      "parent": "metacarpal_thumb_l",
      "has_children": true,
      "is_end_bone": false
    },
    "thumb_02_l": {
      "name": "thumb_02_l",
      "local": {
        "location": {
          "x": 0.0,
          "y": 0.0,
          "z": 0.0
        },
        "rotation_quaternion": {
          "w": 0.9939746260643005,
          "x": 0.10934048146009445,
          "y": 0.006527145393192768,
          "z": 0.004059753380715847
        },
        "scale": {
          "x": 1.0,
          "y": 1.0,
          "z": 1.0
        },
        "matrix_basis": [
          [
            0.9998818039894104,
            -0.006643221247941256,
            0.013863424770534039,
            0.0
          ],
          [
            0.009497946128249168,
            0.9760563373565674,
            -0.2173103243112564,
            0.0
          ],
          [
            -0.012087843380868435,
            0.21741633117198944,
            0.9760041236877441,
            0.0
          ],
          [
            0.0,
            0.0,
            0.0,
            1.0
          ]
        ],
        "rotation_mode": "QUATERNION"
      },
      "armature_space": {
        "head": {
          "x": 0.5288307070732117,
          "y": -0.3425232768058777,
          "z": 0.43191057443618774
        },
        "tail": {
          "x": 0.5455783009529114,
          "y": -0.3784782886505127,
          "z": 0.42559120059013367
        }
      },
      "world_space": {
        "head": {
          "x": 0.5288307070732117,
          "y": -0.27927929162979126,
          "z": 1.3817646503448486
        },
        "tail": {
          "x": 0.5455783009529114,
          "y": -0.31523430347442627,
          "z": 1.3754452466964722
        },
        "rotation_quaternion": {
          "w": 0.22845996916294098,
          "x": -0.2856045067310333,
          "y": 0.01442002784460783,
          "z": -0.9306064248085022
        },
        "matrix": [
          [
            -0.7324720025062561,
            0.4169765114784241,
            0.5381593108177185,
            0.5288307070732117
          ],
          [
            -0.43344929814338684,
            -0.8951959609985352,
            0.1036609411239624,
            -0.27927929162979126
          ],
          [
            0.5249856114387512,
            -0.157337948679924,
            0.8364500999450684,
            1.3817646503448486
          ],
          [
            0.0,
            0.0,
            0.0,
            1.0
          ]
        ]
      },
      "bone_length_armature_space": 0.040164403688001046,
      "parent": "thumb_01_l",
      "has_children": true,
      "is_end_bone": false
    },
    "thumb_03_l": {
      "name": "thumb_03_l",
      "local": {
        "location": {
          "x": 0.0,
          "y": 0.0,
          "z": 0.0
        },
        "rotation_quaternion": {
          "w": 0.9977992177009583,
          "x": 0.06615182012319565,
          "y": -0.000591132091358304,
          "z": 0.004510773811489344
        },
        "scale": {
          "x": 1.0,
          "y": 1.0,
          "z": 1.0
        },
        "matrix_basis": [
          [
            0.9999586343765259,
            -0.009079902432858944,
            -0.0005828705034218729,
            0.0
          ],
          [
            0.00892348401248455,
            0.9912071824073792,
            -0.1320178061723709,
            0.0
          ],
          [
            0.0017764540389180183,
            0.13200713694095612,
            0.9912471771240234,
            0.0
          ],
          [
            0.0,
            0.0,
            0.0,
            1.0
          ]
        ],
        "rotation_mode": "QUATERNION"
      },
      "armature_space": {
        "head": {
          "x": 0.5455781817436218,
          "y": -0.3784782588481903,
          "z": 0.4255911707878113
        },
        "tail": {
          "x": 0.5661761164665222,
          "y": -0.40059006214141846,
          "z": 0.4292904734611511
        }
      },
      "world_space": {
        "head": {
          "x": 0.5455781817436218,
          "y": -0.3152342438697815,
          "z": 1.3754451274871826
        },
        "tail": {
          "x": 0.5661761164665222,
          "y": -0.33734607696533203,
          "z": 1.3791444301605225
        },
        "rotation_quaternion": {
          "w": 0.3598502278327942,
          "x": -0.05235067009925842,
          "y": -0.08580590784549713,
          "z": -0.9275800585746765
        },
        "matrix": [
          [
            -0.7355344295501709,
            0.6765637993812561,
            0.03536386787891388,
            0.5455781817436218
          ],
          [
            -0.6585955023765564,
            -0.7262901067733765,
            0.19686096906661987,
            -0.3152342438697815
          ],
          [
            0.158874049782753,
            0.12150770425796509,
            0.9798004627227783,
            1.3754451274871826
          ],
          [
            0.0,
            0.0,
            0.0,
            1.0
          ]
        ]
      },
      "bone_length_armature_space": 0.03044489431903996,
      "parent": "thumb_02_l",
      "has_children": false,
      "is_end_bone": true
    },
    "metacarpal_index_l": {
      "name": "metacarpal_index_l",
      "local": {
        "location": {
          "x": 0.0,
          "y": 0.0,
          "z": 0.0
        },
        "rotation_quaternion": {
          "w": 0.9999043941497803,
          "x": 0.004812595434486866,
          "y": -0.010270575992763042,
          "z": 0.007919936440885067
        },
        "scale": {
          "x": 1.0,
          "y": 1.0,
          "z": 1.0
        },
        "matrix_basis": [
          [
            0.9996635913848877,
            -0.015937214717268944,
            -0.02046295814216137,
            0.0
          ],
          [
            0.015739502385258675,
            0.9998282194137573,
            -0.009786955080926418,
            0.0
          ],
          [
            0.02061541937291622,
            0.009461586363613605,
            0.9997426867485046,
            0.0
          ],
          [
            0.0,
            0.0,
            0.0,
            1.0
          ]
        ],
        "rotation_mode": "QUATERNION"
      },
      "armature_space": {
        "head": {
          "x": 0.5539771914482117,
          "y": -0.28634577989578247,
          "z": 0.47674211859703064
        },
        "tail": {
          "x": 0.5599130392074585,
          "y": -0.4012289047241211,
          "z": 0.45447424054145813
        }
      },
      "world_space": {
        "head": {
          "x": 0.5539771914482117,
          "y": -0.22310177981853485,
          "z": 1.4265961647033691
        },
        "tail": {
          "x": 0.5599130392074585,
          "y": -0.33798491954803467,
          "z": 1.4043282270431519
        },
        "rotation_quaternion": {
          "w": 0.08175090700387955,
          "x": -0.9394239187240601,
          "y": -0.0555235855281353,
          "z": 0.32820212841033936
        },
        "matrix": [
          [
            0.7784010171890259,
            0.05065922066569328,
            -0.6257199048995972,
            0.5539771914482117
          ],
          [
            0.15798191726207733,
            -0.9804679751396179,
            0.1171507015824318,
            -0.22310177981853485
          ],
          [
            -0.6075678467750549,
            -0.1900448501110077,
            -0.7712059020996094,
            1.4265961647033691
          ],
          [
            0.0,
            0.0,
            0.0,
            1.0
          ]
        ]
      },
      "bone_length_armature_space": 0.11717177685420685,
      "parent": "lowerarm_l",
      "has_children": true,
      "is_end_bone": false
    },
    "index_01_l": {
      "name": "index_01_l",
      "local": {
        "location": {
          "x": 0.0,
          "y": 0.0,
          "z": 0.0
        },
        "rotation_quaternion": {
          "w": 0.9973323345184326,
          "x": -0.06917697936296463,
          "y": -0.02160952426493168,
          "z": 0.008715299889445305
        },
        "scale": {
          "x": 1.0,
          "y": 1.0,
          "z": 1.0
        },
        "matrix_basis": [
          [
            0.9989141225814819,
            -0.014394337311387062,
            -0.044309549033641815,
            0.0
          ],
          [
            0.020373864099383354,
            0.9902771711349487,
            0.13760821521282196,
            0.0
          ],
          [
            0.041897960007190704,
            -0.13836154341697693,
            0.9894951581954956,
            0.0
          ],
          [
            0.0,
            0.0,
            0.0,
            1.0
          ]
        ],
        "rotation_mode": "QUATERNION"
      },
      "armature_space": {
        "head": {
          "x": 0.5599130392074585,
          "y": -0.4012289047241211,
          "z": 0.45447424054145813
        },
        "tail": {
          "x": 0.5731108784675598,
          "y": -0.42609283328056335,
          "z": 0.4499276280403137
        }
      },
      "world_space": {
        "head": {
          "x": 0.5599130392074585,
          "y": -0.33798491954803467,
          "z": 1.4043282270431519
        },
        "tail": {
          "x": 0.5731108784675598,
          "y": -0.36284881830215454,
          "z": 1.3997817039489746
        },
        "rotation_quaternion": {
          "w": 0.006475493311882019,
          "x": -0.9224752187728882,
          "y": -0.25291943550109863,
          "z": 0.29159805178642273
        },
        "matrix": [
          [
            0.7020043730735779,
            0.46284815669059753,
            -0.5412591695785522,
            0.5599130392074585
          ],
          [
            0.4704003632068634,
            -0.8719794154167175,
            -0.13555610179901123,
            -0.33798491954803467
          ],
          [
            -0.5347121953964233,
            -0.15944938361644745,
            -0.8298632502555847,
            1.4043282270431519
          ],
          [
            0.0,
            0.0,
            0.0,
            1.0
          ]
        ]
      },
      "bone_length_armature_space": 0.028514375299745355,
      "parent": "metacarpal_index_l",
      "has_children": true,
      "is_end_bone": false
    },
    "index_02_l": {
      "name": "index_02_l",
      "local": {
        "location": {
          "x": 0.0,
          "y": 0.0,
          "z": 0.0
        },
        "rotation_quaternion": {
          "w": 0.9877267479896545,
          "x": 0.15611901879310608,
          "y": -0.004777713678777218,
          "z": 0.0003600430500227958
        },
        "scale": {
          "x": 1.0,
          "y": 1.0,
          "z": 1.0
        },
        "matrix_basis": [
          [
            0.999954104423523,
            -0.0022030321415513754,
            -0.009325732477009296,
            0.0
          ],
          [
            -0.0007805356290191412,
            0.9512534737586975,
            -0.30840930342674255,
            0.0
          ],
          [
            0.009550570510327816,
            0.308402419090271,
            0.9512080550193787,
            0.0
          ],
          [
            0.0,
            0.0,
            0.0,
            1.0
          ]
        ],
        "rotation_mode": "QUATERNION"
      },
      "armature_space": {
        "head": {
          "x": 0.5731106996536255,
          "y": -0.42609331011772156,
          "z": 0.4499274492263794
        },
        "tail": {
          "x": 0.5808488726615906,
          "y": -0.4484679698944092,
          "z": 0.44004881381988525
        }
      },
      "world_space": {
        "head": {
          "x": 0.5731106996536255,
          "y": -0.36284929513931274,
          "z": 1.3997814655303955
        },
        "tail": {
          "x": 0.5808488726615906,
          "y": -0.38522398471832275,
          "z": 1.3899028301239014
        },
        "rotation_quaternion": {
          "w": 0.1267482191324234,
          "x": -0.898110032081604,
          "y": -0.2187175452709198,
          "z": 0.3598553240299225
        },
        "matrix": [
          [
            0.6453332901000977,
            0.30164408683776855,
            -0.7018232941627502,
            0.5731106996536255
          ],
          [
            0.48408713936805725,
            -0.8721951246261597,
            0.07025265693664551,
            -0.36284929513931274
          ],
          [
            -0.5909393429756165,
            -0.38508346676826477,
            -0.7088834643363953,
            1.3997814655303955
          ],
          [
            0.0,
            0.0,
            0.0,
            1.0
          ]
        ]
      },
      "bone_length_armature_space": 0.02565330710444404,
      "parent": "index_01_l",
      "has_children": true,
      "is_end_bone": false
    },
    "index_03_l": {
      "name": "index_03_l",
      "local": {
        "location": {
          "x": 0.0,
          "y": 0.0,
          "z": 0.0
        },
        "rotation_quaternion": {
          "w": 0.9664475917816162,
          "x": 0.2567824721336365,
          "y": 0.003525097155943513,
          "z": 0.0054319072514772415
        },
        "scale": {
          "x": 1.0,
          "y": 1.0,
          "z": 1.0
        },
        "matrix_basis": [
          [
            0.999916136264801,
            -0.008688940666615963,
            0.009603280574083328,
            0.0
          ],
          [
            0.012309673242270947,
            0.8680664896965027,
            -0.496295303106308,
            0.0
          ],
          [
            -0.004024005960673094,
            0.49637189507484436,
            0.868100643157959,
            0.0
          ],
          [
            0.0,
            0.0,
            0.0,
            1.0
          ]
        ],
        "rotation_mode": "QUATERNION"
      },
      "armature_space": {
        "head": {
          "x": 0.5808489322662354,
          "y": -0.4484679698944092,
          "z": 0.4400489032268524
        },
        "tail": {
          "x": 0.5782912373542786,
          "y": -0.466605007648468,
          "z": 0.41728389263153076
        }
      },
      "world_space": {
        "head": {
          "x": 0.5808489322662354,
          "y": -0.38522398471832275,
          "z": 1.389902949333191
        },
        "tail": {
          "x": 0.5782912373542786,
          "y": -0.4033610224723816,
          "z": 1.3671379089355469
        },
        "rotation_quaternion": {
          "w": 0.4130192697048187,
          "x": -0.816602349281311,
          "y": -0.13801582157611847,
          "z": 0.37885022163391113
        },
        "matrix": [
          [
            0.6748492121696472,
            -0.08753541111946106,
            -0.7327455878257751,
            0.5808489322662354
          ],
          [
            0.5383522510528564,
            -0.6207345724105835,
            0.569969654083252,
            -0.38522398471832275
          ],
          [
            -0.5047362446784973,
            -0.7791249752044678,
            -0.3717794418334961,
            1.389902949333191
          ],
          [
            0.0,
            0.0,
            0.0,
            1.0
          ]
        ]
      },
      "bone_length_armature_space": 0.029218822882648918,
      "parent": "index_02_l",
      "has_children": false,
      "is_end_bone": true
    },
    "metacarpal_pinky_l": {
      "name": "metacarpal_pinky_l",
      "local": {
        "location": {
          "x": 0.0,
          "y": 0.0,
          "z": 0.0
        },
        "rotation_quaternion": {
          "w": 0.99839848279953,
          "x": -0.05565955862402916,
          "y": -0.0029372647404670715,
          "z": -0.009693454951047897
        },
        "scale": {
          "x": 1.0,
          "y": 1.0,
          "z": 1.0
        },
        "matrix_basis": [
          [
            0.9997948408126831,
            0.019682835787534714,
            -0.004786054603755474,
            0.0
          ],
          [
            -0.019028887152671814,
            0.9936161041259766,
            0.11119778454303741,
            0.0
          ],
          [
            0.006944188382476568,
            -0.11108389496803284,
            0.9937867522239685,
            0.0
          ],
          [
            0.0,
            0.0,
            0.0,
            1.0
          ]
        ],
        "rotation_mode": "QUATERNION"
      },
      "armature_space": {
        "head": {
          "x": 0.5539771914482117,
          "y": -0.28634577989578247,
          "z": 0.47674211859703064
        },
        "tail": {
          "x": 0.6202684044837952,
          "y": -0.3626207709312439,
          "z": 0.451625794172287
        }
      },
      "world_space": {
        "head": {
          "x": 0.5539771914482117,
          "y": -0.22310177981853485,
          "z": 1.4265961647033691
        },
        "tail": {
          "x": 0.6202684044837952,
          "y": -0.29937678575515747,
          "z": 1.4014798402786255
        },
        "rotation_quaternion": {
          "w": 0.32349640130996704,
          "x": 0.11431043595075607,
          "y": 0.17059819400310516,
          "z": -0.9236771464347839
        },
        "matrix": [
          [
            -0.7645664215087891,
            0.636614978313446,
            -0.10079514980316162,
            0.5539771914482117
          ],
          [
            -0.5586108565330505,
            -0.7324923872947693,
            -0.38911306858062744,
            -0.22310177981853485
          ],
          [
            -0.3215494751930237,
            -0.24119986593723297,
            0.9156651496887207,
            1.4265961647033691
          ],
          [
            0.0,
            0.0,
            0.0,
            1.0
          ]
        ]
      },
      "bone_length_armature_space": 0.10413082559839563,
      "parent": "lowerarm_l",
      "has_children": true,
      "is_end_bone": false
    },
    "pinky_01_l": {
      "name": "pinky_01_l",
      "local": {
        "location": {
          "x": 0.0,
          "y": 0.0,
          "z": 0.0
        },
        "rotation_quaternion": {
          "w": 0.9988341331481934,
          "x": 0.04595551639795303,
          "y": 0.013527367264032364,
          "z": 0.005950322840362787
        },
        "scale": {
          "x": 1.0,
          "y": 1.0,
          "z": 1.0
        },
        "matrix_basis": [
          [
            0.9995632171630859,
            -0.010643457062542439,
            0.027570093050599098,
            0.0
          ],
          [
            0.013130085542798042,
            0.9957053661346436,
            -0.09164289385080338,
            0.0
          ],
          [
            -0.026476291939616203,
            0.09196486324071884,
            0.9954102039337158,
            0.0
          ],
          [
            0.0,
            0.0,
            0.0,
            1.0
          ]
        ],
        "rotation_mode": "QUATERNION"
      },
      "armature_space": {
        "head": {
          "x": 0.6202684044837952,
          "y": -0.3626207709312439,
          "z": 0.451625794172287
        },
