{
  "metadata": {
    "armature_name": "KIM_caucasian_male",
    "export_time": "2026-01-13T20:26:05.451072",
    "blender_version": "4.4.1",
    "bone_count": 56,
    "end_bone_count": 13,
    "spaces_included": [
      "LOCAL_CHANNELS",
      "ARMATURE_SPACE",
      "WORLD_SPACE"
    ],
    "note": "LOCAL matches Transform panel; replay pose via local.matrix_basis for best fidelity."
  },
  "bones": {
    "Root": {
      "name": "Root",
      "local": {
        "location": {
          "x": 0.0,
          "y": 0.0,
          "z": 0.0
        },
        "rotation_quaternion": {
          "w": 0.9997636675834656,
          "x": -0.002342505380511284,
          "y": -0.017270365729928017,
          "z": 0.01300118025392294
        },
        "scale": {
          "x": 1.0,
          "y": 1.0,
          "z": 1.0
        },
        "matrix_basis": [
          [
            0.9990653991699219,
            -0.025915304198861122,
            -0.034593477845191956,
            0.0
          ],
          [
            0.02607712708413601,
            0.9996509552001953,
            0.004234833177179098,
            0.0
          ],
          [
            0.03447165712714195,
            -0.005132973659783602,
            0.9993925094604492,
            0.0
          ],
          [
            0.0,
            0.0,
            0.0,
            1.0
          ]
        ],
        "rotation_mode": "QUATERNION"
      },
      "armature_space": {
        "head": {
          "x": 0.0,
          "y": 0.07072800397872925,
          "z": -0.009595036506652832
        },
        "tail": {
          "x": -0.0018497273558750749,
          "y": 7.393956184387207e-05,
          "z": 0.00035969819873571396
        }
      },
      "world_space": {
        "head": {
          "x": 0.0,
          "y": 0.13397200405597687,
          "z": 0.9402589797973633
        },
        "tail": {
          "x": -0.0018497273558750749,
          "y": 0.06331793963909149,
          "z": 0.9502137303352356
        },
        "rotation_quaternion": {
          "w": 0.06968891620635986,
          "x": 0.9973345398902893,
          "y": -0.01413511298596859,
          "z": -0.01635526865720749
        },
        "matrix": [
          [
            0.9990653991699219,
            -0.025915304198861122,
            -0.034593477845191956,
            0.0
          ],
          [
            -0.03047444298863411,
            -0.9898872375488281,
            -0.13854442536830902,
            0.13397200405597687
          ],
          [
            -0.030653465539216995,
            0.1394691914319992,
            -0.9897589087486267,
            0.9402589797973633
          ],
          [
            0.0,
            0.0,
            0.0,
            1.0
          ]
        ]
      },
      "bone_length_armature_space": 0.07137587316614592,
      "parent": null,
      "has_children": true,
      "is_end_bone": false
    },
    "spine_01": {
      "name": "spine_01",
      "local": {
        "location": {
          "x": 0.0,
          "y": 0.0,
          "z": 0.0
        },
        "rotation_quaternion": {
          "w": 0.9926851987838745,
          "x": 0.09121231734752655,
          "y": 0.06480780988931656,
          "z": -0.04534928873181343
        },
        "scale": {
          "x": 1.0,
          "y": 1.0,
          "z": 1.0
        },
        "matrix_basis": [
          [
            0.9874867796897888,
            0.10185767710208893,
            0.12039467692375183,
            0.0
          ],
          [
            -0.07821259647607803,
            0.979247510433197,
            -0.18696820735931396,
            0.0
          ],
          [
            -0.13694033026695251,
            0.17521226406097412,
            0.9749605059623718,
            0.0
          ],
          [
            0.0,
            0.0,
            0.0,
            1.0
          ]
        ],
        "rotation_mode": "QUATERNION"
      },
      "armature_space": {
        "head": {
          "x": -0.0018497273558750749,
          "y": 7.393956184387207e-05,
          "z": 0.00035969819873571396
        },
        "tail": {
          "x": 0.06072083115577698,
          "y": -0.06245674937963486,
          "z": 0.48027971386909485
        }
      },
      "world_space": {
        "head": {
          "x": -0.0018497273558750749,
          "y": 0.06331793963909149,
          "z": 0.9502137303352356
        },
        "tail": {
          "x": 0.06072083115577698,
          "y": 0.0007872506976127625,
          "z": 1.4301337003707886
        },
        "rotation_quaternion": {
          "w": 0.6557638645172119,
          "x": 0.7509815096855164,
          "y": 0.07684603333473206,
          "z": -0.009758099913597107
        },
        "matrix": [
          [
            0.9879988431930542,
            0.12821802496910095,
            0.08613019436597824,
            -0.0018497273558750749
          ],
          [
            0.1026226282119751,
            -0.12813633680343628,
            -0.9864327907562256,
            0.06331793963909149
          ],
          [
            -0.11544278264045715,
            0.9834402203559875,
            -0.13975851237773895,
            0.9502137303352356
          ],
          [
            0.0,
            0.0,
            0.0,
            1.0
          ]
        ]
      },
      "bone_length_armature_space": 0.4880045101810077,
      "parent": "Root",
      "has_children": true,
      "is_end_bone": false
    },
    "neck_01": {
      "name": "neck_01",
      "local": {
        "location": {
          "x": 0.0,
          "y": 0.0,
          "z": 0.0
        },
        "rotation_quaternion": {
          "w": 0.9954373836517334,
          "x": -0.08681509643793106,
          "y": -0.016683783382177353,
          "z": 0.0359056331217289
        },
        "scale": {
          "x": 1.0,
          "y": 1.0,
          "z": 1.0
        },
        "matrix_basis": [
          [
            0.9968648552894592,
            -0.0685868114233017,
            -0.039449624717235565,
            0.0
          ],
          [
            0.07438042759895325,
            0.982347846031189,
            0.17163990437984467,
            0.0
          ],
          [
            0.026981022208929062,
            -0.17403607070446014,
            0.9843695759773254,
            0.0
          ],
          [
            0.0,
            0.0,
            0.0,
            1.0
          ]
        ],
        "rotation_mode": "QUATERNION"
      },
      "armature_space": {
        "head": {
          "x": 0.07309579104185104,
          "y": -0.10604862868785858,
          "z": 0.5474388003349304
        },
        "tail": {
          "x": 0.08086677640676498,
          "y": -0.14102289080619812,
          "z": 0.6434969305992126
        }
      },
      "world_space": {
        "head": {
          "x": 0.07309579104185104,
          "y": -0.04280462861061096,
          "z": 1.4972927570343018
        },
        "tail": {
          "x": 0.08086677640676498,
          "y": -0.0777788907289505,
          "z": 1.593350887298584
        },
        "rotation_quaternion": {
          "w": 0.5728539228439331,
          "x": 0.8187414407730103,
          "y": 0.03560244292020798,
          "z": -0.015274648554623127
        },
        "matrix": [
          [
            0.9969981908798218,
            0.07579874247312546,
            0.0157784316688776,
            0.07309579104185104
          ],
          [
            0.040798477828502655,
            -0.3411412835121155,
            -0.9391263723373413,
            -0.04280462861061096
          ],
          [
            -0.06580235809087753,
            0.9369572401046753,
            -0.3432130813598633,
            1.4972927570343018
          ],
          [
            0.0,
            0.0,
            0.0,
            1.0
          ]
        ]
      },
      "bone_length_armature_space": 0.10252195500107819,
      "parent": "spine_01",
      "has_children": true,
      "is_end_bone": false
    },
    "head": {
      "name": "head",
      "local": {
        "location": {
          "x": 0.0,
          "y": 0.0,
          "z": 0.0
        },
        "rotation_quaternion": {
          "w": 0.9694287776947021,
          "x": 0.09243897348642349,
          "y": -0.09418078511953354,
          "z": -0.2068648636341095
        },
        "scale": {
          "x": 1.0,
          "y": 1.0,
          "z": 1.0
        },
        "matrix_basis": [
          [
            0.8966737985610962,
            0.38366955518722534,
            -0.22084787487983704,
            0.0
          ],
          [
            -0.41849344968795776,
            0.8973239064216614,
            -0.14026060700416565,
            0.0
          ],
          [
            0.14435838162899017,
            0.21819138526916504,
            0.9651700258255005,
            0.0
          ],
          [
            0.0,
            0.0,
            0.0,
            1.0
          ]
        ],
        "rotation_mode": "QUATERNION"
      },
      "armature_space": {
        "head": {
          "x": 0.08086677640676498,
          "y": -0.14102301001548767,
          "z": 0.6434967517852783
        },
        "tail": {
          "x": 0.15047864615917206,
          "y": -0.1696031391620636,
          "z": 0.7791086435317993
        }
      },
      "world_space": {
        "head": {
          "x": 0.08086677640676498,
          "y": -0.07777900993824005,
          "z": 1.5933507680892944
        },
        "tail": {
          "x": 0.15047864615917206,
          "y": -0.10635913908481598,
          "z": 1.7289626598358154
        },
        "rotation_quaternion": {
          "w": 0.628740668296814,
          "x": 0.7356011867523193,
          "y": 0.1120048239827156,
          "z": -0.22590065002441406
        },
        "matrix": [
          [
            0.8728479743003845,
            0.44884759187698364,
            -0.19149954617023468,
            0.08086677640676498
          ],
          [
            -0.11928167194128036,
            -0.18428070843219757,
            -0.9756089448928833,
            -0.07777900993824005
          ],
          [
            -0.47319284081459045,
            0.8744066953659058,
            -0.1073114275932312,
            1.5933507680892944
          ],
          [
            0.0,
            0.0,
            0.0,
            1.0
          ]
        ]
      },
      "bone_length_armature_space": 0.1550910087219392,
      "parent": "neck_01",
      "has_children": false,
      "is_end_bone": true
    },
    "upperarm_l": {
      "name": "upperarm_l",
      "local": {
        "location": {
          "x": 0.0,
          "y": 0.0,
          "z": 0.0
        },
        "rotation_quaternion": {
          "w": 0.9970645308494568,
          "x": -0.0035147445742040873,
          "y": 0.06063947081565857,
          "z": -0.046613894402980804
        },
        "scale": {
          "x": 1.0,
          "y": 1.0,
          "z": 1.0
        },
        "matrix_basis": [
          [
            0.9883000254631042,
            0.0925278589129448,
            0.12125059962272644,
            0.0
          ],
          [
            -0.0933803841471672,
            0.995629608631134,
            0.0013555705081671476,
            0.0
          ],
          [
            -0.12059526145458221,
            -0.012662137858569622,
            0.9926210045814514,
            0.0
          ],
          [
            0.0,
            0.0,
            0.0,
            1.0
          ]
        ],
        "rotation_mode": "QUATERNION"
      },
      "armature_space": {
        "head": {
          "x": 0.21295304596424103,
          "y": -0.0851893275976181,
          "z": 0.4635818600654602
        },
        "tail": {
          "x": 0.47043484449386597,
          "y": -0.03976310044527054,
          "z": 0.4048687517642975
        }
      },
      "world_space": {
        "head": {
          "x": 0.21295304596424103,
          "y": -0.021945327520370483,
          "z": 1.413435935974121
        },
        "tail": {
          "x": 0.47043484449386597,
          "y": 0.02348089963197708,
          "z": 1.3547227382659912
        },
        "rotation_quaternion": {
          "w": 0.39575326442718506,
          "x": 0.463441401720047,
          "y": 0.6543240547180176,
          "z": -0.44772928953170776
        },
        "matrix": [
          [
            -0.2572019100189209,
            0.9608626365661621,
            0.10290822386741638,
            0.21295304596424103
          ],
          [
            0.25210216641426086,
            0.16952018439769745,
            -0.9527369141578674,
            -0.021945327520370483
          ],
          [
            -0.932900607585907,
            -0.21910378336906433,
            -0.28583934903144836,
            1.413435935974121
          ],
          [
            0.0,
            0.0,
            0.0,
            1.0
          ]
        ]
      },
      "bone_length_armature_space": 0.26796950219913485,
      "parent": "spine_01",
      "has_children": true,
      "is_end_bone": false
    },
    "lowerarm_l": {
      "name": "lowerarm_l",
      "local": {
        "location": {
          "x": 0.0,
          "y": 0.0,
          "z": 0.0
        },
        "rotation_quaternion": {
          "w": 0.8929882049560547,
          "x": 0.42846786975860596,
          "y": -0.0340954065322876,
          "z": 0.13350968062877655
        },
        "scale": {
          "x": 1.0,
          "y": 1.0,
          "z": 1.0
        },
        "matrix_basis": [
          [
            0.9620253443717957,
            -0.2676627039909363,
            0.05351562425494194,
            0.0
          ],
          [
            0.2092275619506836,
            0.5971809029579163,
            -0.774337649345398,
            0.0
          ],
          [
            0.17530280351638794,
            0.7561293840408325,
            0.6305055618286133,
            0.0
          ],
          [
            0.0,
            0.0,
            0.0,
            1.0
          ]
        ],
        "rotation_mode": "QUATERNION"
      },
      "armature_space": {
        "head": {
          "x": 0.4704349637031555,
          "y": -0.039763160049915314,
          "z": 0.40486884117126465
        },
        "tail": {
          "x": 0.644141435623169,
          "y": -0.24267932772636414,
          "z": 0.41971632838249207
        }
      },
      "world_space": {
        "head": {
          "x": 0.4704349637031555,
          "y": 0.023480840027332306,
          "z": 1.3547228574752808
        },
        "tail": {
          "x": 0.644141435623169,
          "y": -0.17943532764911652,
          "z": 1.3695703744888306
        },
        "rotation_quaternion": {
          "w": 0.2646178603172302,
          "x": 0.6663724780082703,
          "y": 0.2252323478460312,
          "z": -0.6596935391426086
        },
        "matrix": [
          [
            0.028149740770459175,
            0.6493105292320251,
            -0.760002076625824,
            0.4704349637031555
          ],
          [
            -0.04895657300949097,
            -0.7584956884384155,
            -0.6498367190361023,
            0.023480840027332306
          ],
          [
            -0.998411238193512,
            0.05549950897693634,
            0.0104360431432724,
            1.3547228574752808
          ],
          [
            0.0,
            0.0,
            0.0,
            1.0
          ]
        ]
      },
      "bone_length_armature_space": 0.26752450522241933,
      "parent": "upperarm_l",
      "has_children": true,
      "is_end_bone": false
    },
    "metacarpal_thumb_l": {
      "name": "metacarpal_thumb_l",
      "local": {
        "location": {
          "x": 0.0,
          "y": 0.0,
          "z": 0.0
        },
        "rotation_quaternion": {
          "w": 0.9989282488822937,
          "x": 0.04423194378614426,
          "y": 0.0033829128369688988,
          "z": -0.013211995363235474
        },
        "scale": {
          "x": 1.0,
          "y": 1.0,
          "z": 1.0
        },
        "matrix_basis": [
          [
            0.9996280074119568,
            0.02669493667781353,
            0.0055897897109389305,
            0.0
          ],
          [
            -0.02609640546143055,
            0.9957379698753357,
            -0.08845846354961395,
            0.0
          ],
          [
            -0.007927359081804752,
            0.08827968686819077,
            0.9960641860961914,
            0.0
          ],
          [
            0.0,
            0.0,
            0.0,
            1.0
          ]
        ],
        "rotation_mode": "QUATERNION"
      },
      "armature_space": {
        "head": {
          "x": 0.644141435623169,
          "y": -0.24267932772636414,
          "z": 0.41971632838249207
        },
        "tail": {
          "x": 0.6486687660217285,
          "y": -0.2907830476760864,
          "z": 0.4088020622730255
        }
      },
      "world_space": {
        "head": {
          "x": 0.644141435623169,
          "y": -0.17943532764911652,
          "z": 1.3695703744888306
        },
        "tail": {
          "x": 0.6486687660217285,
          "y": -0.2275390475988388,
          "z": 1.3586560487747192
        },
        "rotation_quaternion": {
          "w": 0.1099034920334816,
          "x": -0.9925028085708618,
          "y": -0.04853096976876259,
          "z": 0.02245289646089077
        },
        "matrix": [
          [
            0.9942811131477356,
            0.09139899164438248,
            -0.055236659944057465,
            0.644141435623169
          ],
          [
            0.10126954317092896,
            -0.9711319804191589,
            0.21597924828529358,
            -0.17943532764911652
          ],
          [
            -0.03390194848179817,
            -0.22034034132957458,
            -0.9748408794403076,
            1.3695703744888306
          ],
          [
            0.0,
            0.0,
            0.0,
            1.0
          ]
        ]
      },
      "bone_length_armature_space": 0.04953368269182043,
      "parent": "lowerarm_l",
      "has_children": true,
      "is_end_bone": false
    },
    "thumb_01_l": {
      "name": "thumb_01_l",
      "local": {
        "location": {
          "x": 0.0,
          "y": 0.0,
          "z": 0.0
        },
        "rotation_quaternion": {
          "w": 0.9791799187660217,
          "x": 0.2014368772506714,
          "y": 0.013572540134191513,
          "z": 0.021112853661179543
        },
        "scale": {
          "x": 1.0,
          "y": 1.0,
          "z": 1.0
        },
        "matrix_basis": [
          [
            0.9987400770187378,
            -0.03587854281067848,
            0.035085730254650116,
            0.0
          ],
          [
            0.046814583241939545,
            0.9179548621177673,
            -0.39391279220581055,
            0.0
          ],
          [
            -0.018074102699756622,
            0.3950589895248413,
            0.9184779524803162,
            0.0
          ],
          [
            0.0,
            0.0,
            0.0,
            1.0
          ]
        ],
        "rotation_mode": "QUATERNION"
      },
      "armature_space": {
        "head": {
          "x": 0.6486687660217285,
          "y": -0.2907830476760864,
          "z": 0.4088020622730255
        },
        "tail": {
          "x": 0.6586999297142029,
          "y": -0.30461814999580383,
          "z": 0.3793639540672302
        }
      },
      "world_space": {
        "head": {
          "x": 0.6486687660217285,
          "y": -0.2275390475988388,
          "z": 1.3586560487747192
        },
        "tail": {
          "x": 0.6586999297142029,
          "y": -0.2413741499185562,
          "z": 1.3292179107666016
        },
        "rotation_quaternion": {
          "w": 0.47506123781204224,
          "x": -0.5598191618919373,
          "y": 0.2666257321834564,
          "z": -0.6243636608123779
        },
        "matrix": [
          [
            0.07816196978092194,
            0.2947000563144684,
            0.952387809753418,
            0.6486687660217285
          ],
          [
            -0.8917465806007385,
            -0.4064539670944214,
            0.19895528256893158,
            -0.2275390475988388
          ],
          [
            0.4457361102104187,
            -0.864845871925354,
            0.2310303896665573,
            1.3586560487747192
          ],
          [
            0.0,
            0.0,
            0.0,
            1.0
          ]
        ]
      },
      "bone_length_armature_space": 0.034038750509890504,
      "parent": "metacarpal_thumb_l",
      "has_children": true,
      "is_end_bone": false
    },
    "thumb_02_l": {
      "name": "thumb_02_l",
      "local": {
        "location": {
          "x": 0.0,
          "y": 0.0,
          "z": 0.0
        },
        "rotation_quaternion": {
          "w": 0.942272424697876,
          "x": 0.3346134126186371,
          "y": 0.011064240708947182,
          "z": 0.0058442819863557816
        },
        "scale": {
          "x": 1.0,
          "y": 1.0,
          "z": 1.0
        },
        "matrix_basis": [
          [
            0.9996868371963501,
            -0.0036093248054385185,
            0.02476220764219761,
            0.0
          ],
          [
            0.01841829903423786,
            0.7759994268417358,
            -0.6304646730422974,
            0.0
          ],
          [
            -0.016939908266067505,
            0.6307232975959778,
            0.7758228778839111,
            0.0
          ],
          [
            0.0,
            0.0,
            0.0,
            1.0
          ]
        ],
        "rotation_mode": "QUATERNION"
      },
      "armature_space": {
        "head": {
          "x": 0.6586998701095581,
          "y": -0.30461812019348145,
          "z": 0.37936392426490784
        },
        "tail": {
          "x": 0.6868754625320435,
          "y": -0.31962525844573975,
          "z": 0.40373826026916504
        }
      },
      "world_space": {
        "head": {
          "x": 0.6586998701095581,
          "y": -0.24137412011623383,
          "z": 1.3292179107666016
        },
        "tail": {
          "x": 0.6868754625320435,
          "y": -0.2563812732696533,
          "z": 1.3535922765731812
        },
        "rotation_quaternion": {
          "w": 0.44059401750564575,
          "x": 0.040437694638967514,
          "y": -0.345043420791626,
          "z": -0.8277601599693298
        },
        "matrix": [
          [
            -0.608482301235199,
            0.7015068531036377,
            -0.37099507451057434,
            0.6586998701095581
          ],
          [
            -0.757318913936615,
            -0.37364310026168823,
            0.5355921983718872,
            -0.24137412011623383
          ],
          [
            0.2371026873588562,
            0.6068638563156128,
            0.7586254477500916,
            1.3292179107666016
          ],
          [
            0.0,
            0.0,
            0.0,
            1.0
          ]
        ]
      },
      "bone_length_armature_space": 0.040164492634702724,
      "parent": "thumb_01_l",
      "has_children": true,
      "is_end_bone": false
    },
    "thumb_03_l": {
      "name": "thumb_03_l",
      "local": {
        "location": {
          "x": 0.0,
          "y": 0.0,
          "z": 0.0
        },
        "rotation_quaternion": {
          "w": 0.9860551357269287,
          "x": 0.16623486578464508,
          "y": -0.005784317851066589,
          "z": 0.005280566867440939
        },
        "scale": {
          "x": 1.0,
          "y": 1.0,
          "z": 1.0
        },
        "matrix_basis": [
          [
            0.9998773336410522,
            -0.012336970306932926,
            -0.009651684202253819,
            0.0
          ],
          [
            0.008490749634802341,
            0.9446761608123779,
            -0.32789456844329834,
            0.0
          ],
          [
            0.013162941671907902,
            0.3277724087238312,
            0.9446650147438049,
            0.0
          ],
          [
            0.0,
            0.0,
            0.0,
            1.0
          ]
        ],
        "rotation_mode": "QUATERNION"
      },
      "armature_space": {
        "head": {
          "x": 0.6868754029273987,
          "y": -0.3196253180503845,
          "z": 0.4037381708621979
        },
        "tail": {
          "x": 0.6990235447883606,
          "y": -0.3191635012626648,
          "z": 0.4316507577896118
        }
      },
      "world_space": {
        "head": {
          "x": 0.6868754029273987,
          "y": -0.2563813328742981,
          "z": 1.3535921573638916
        },
        "tail": {
          "x": 0.6990235447883606,
          "y": -0.25591951608657837,
          "z": 1.381504774093628
        },
        "rotation_quaternion": {
          "w": 0.5330931544303894,
          "x": 0.295668363571167,
          "y": -0.4726472795009613,
          "z": -0.6363933086395264
        },
        "matrix": [
          [
            -0.2567811906337738,
            0.399020254611969,
            -0.8802535533905029,
            0.6868754029273987
          ],
          [
            -0.9580081701278687,
            0.015169188380241394,
            0.2863396108150482,
            -0.2563813328742981
          ],
          [
            0.12760788202285767,
            0.9168230891227722,
            0.3783724308013916,
            1.3535921573638916
          ],
          [
            0.0,
            0.0,
            0.0,
            1.0
          ]
        ]
      },
      "bone_length_armature_space": 0.03044508385162744,
      "parent": "thumb_02_l",
      "has_children": false,
      "is_end_bone": true
    },
    "metacarpal_index_l": {
      "name": "metacarpal_index_l",
      "local": {
        "location": {
          "x": 0.0,
          "y": 0.0,
          "z": 0.0
        },
        "rotation_quaternion": {
          "w": 0.9998536109924316,
          "x": -0.011979152448475361,
          "y": 0.003640095004811883,
          "z": -0.011663861572742462
        },
        "scale": {
          "x": 1.0,
          "y": 1.0,
          "z": 1.0
        },
        "matrix_basis": [
          [
            0.9997013807296753,
            0.02323709800839424,
            0.007558570709079504,
            0.0
          ],
          [
            -0.023411517962813377,
            0.9994409084320068,
            0.02386988326907158,
            0.0
          ],
          [
            -0.00699967797845602,
            -0.02403971366584301,
            0.9996864795684814,
            0.0
          ],
          [
            0.0,
            0.0,
            0.0,
            1.0
          ]
        ],
        "rotation_mode": "QUATERNION"
      },
      "armature_space": {
        "head": {
          "x": 0.644141435623169,
          "y": -0.24267932772636414,
          "z": 0.41971632838249207
        },
        "tail": {
          "x": 0.6930088996887207,
          "y": -0.34916552901268005,
          "z": 0.42108574509620667
        }
      },
      "world_space": {
        "head": {
          "x": 0.644141435623169,
          "y": -0.17943532764911652,
          "z": 1.3695703744888306
        },
        "tail": {
          "x": 0.6930088996887207,
          "y": -0.28592151403427124,
          "z": 1.3709397315979004
        },
        "rotation_quaternion": {
          "w": 0.06959524005651474,
          "x": 0.932149350643158,
          "y": 0.20187656581401825,
          "z": -0.29240408539772034
        },
        "matrix": [
          [
            0.7474910616874695,
            0.41705867648124695,
            -0.51702880859375,
            0.644141435623169
          ],
          [
            0.33565831184387207,
            -0.9088045954704285,
            -0.24780647456645966,
            -0.17943532764911652
          ],
          [
            -0.5732318162918091,
            0.011687323451042175,
            -0.8193185925483704,
            1.3695703744888306
          ],
          [
            0.0,
            0.0,
            0.0,
            1.0
          ]
        ]
      },
      "bone_length_armature_space": 0.11717173685046836,
      "parent": "lowerarm_l",
      "has_children": true,
      "is_end_bone": false
    },
    "index_01_l": {
      "name": "index_01_l",
      "local": {
        "location": {
          "x": 0.0,
          "y": 0.0,
          "z": 0.0
        },
        "rotation_quaternion": {
          "w": 0.9793416857719421,
          "x": 0.2011300027370453,
          "y": 0.01221371442079544,
          "z": 0.016954954713582993
        },
        "scale": {
          "x": 1.0,
          "y": 1.0,
          "z": 1.0
        },
        "matrix_basis": [
          [
            0.9991267323493958,
            -0.028296299278736115,
            0.030743099749088287,
            0.0
          ],
          [
            0.038122475147247314,
            0.9185184836387634,
            -0.3935358226299286,
            0.0
          ],
          [
            -0.017102498561143875,
            0.3943641483783722,
            0.918795108795166,
            0.0
          ],
          [
            0.0,
            0.0,
            0.0,
            1.0
          ]
        ],
        "rotation_mode": "QUATERNION"
      },
      "armature_space": {
        "head": {
          "x": 0.6930088996887207,
          "y": -0.34916552901268005,
          "z": 0.42108574509620667
        },
        "tail": {
          "x": 0.7065258622169495,
          "y": -0.371699720621109,
          "z": 0.41001448035240173
        }
      },
      "world_space": {
        "head": {
          "x": 0.6930088996887207,
          "y": -0.28592151403427124,
          "z": 1.3709397315979004
        },
        "tail": {
          "x": 0.7065258622169495,
          "y": -0.3084557056427002,
          "z": 1.3598685264587402
        },
        "rotation_quaternion": {
          "w": 0.1049669161438942,
          "x": -0.8867462277412415,
          "y": -0.3063400685787201,
          "z": 0.32987722754478455
        },
        "matrix": [
          [
            0.5946728587150574,
            0.4740406572818756,
            -0.6493453979492188,
            0.6930088996887207
          ],
          [
            0.6125442981719971,
            -0.7902753949165344,
            -0.015953034162521362,
            -0.28592151403427124
          ],
          [
            -0.5207273364067078,
            -0.38826948404312134,
            -0.7603315711021423,
            1.3709397315979004
          ],
          [
            0.0,
            0.0,
            0.0,
            1.0
          ]
        ]
      },
      "bone_length_armature_space": 0.028514399189844265,
      "parent": "metacarpal_index_l",
      "has_children": true,
      "is_end_bone": false
    },
    "index_02_l": {
      "name": "index_02_l",
      "local": {
        "location": {
          "x": 0.0,
          "y": 0.0,
          "z": 0.0
        },
        "rotation_quaternion": {
          "w": 0.921203076839447,
          "x": 0.3890362083911896,
          "y": -0.005945384036749601,
          "z": 0.0006629710551351309
        },
        "scale": {
          "x": 1.0,
          "y": 1.0,
          "z": 1.0
        },
        "matrix_basis": [
          [
            0.9999284148216248,
            -0.005847401451319456,
            -0.010437972843647003,
            0.0
          ],
          [
            -0.0034044773783534765,
            0.6973007917404175,
            -0.716770589351654,
            0.0
          ],
          [
            0.011469651944935322,
            0.7167547941207886,
            0.6972309350967407,
            0.0
          ],
          [
            0.0,
            0.0,
            0.0,
            1.0
          ]
        ],
        "rotation_mode": "QUATERNION"
      },
      "armature_space": {
        "head": {
          "x": 0.7065257430076599,
          "y": -0.3717001676559448,
          "z": 0.41001421213150024
        },
        "tail": {
          "x": 0.7033506035804749,
          "y": -0.38711944222450256,
          "z": 0.3897593021392822
        }
      },
      "world_space": {
        "head": {
          "x": 0.7065257430076599,
          "y": -0.3084561824798584,
          "z": 1.3598682880401611
        },
        "tail": {
          "x": 0.7033506035804749,
          "y": -0.32387542724609375,
          "z": 1.3396133184432983
        },
        "rotation_quaternion": {
          "w": 0.4146588146686554,
          "x": -0.7691997289657593,
          "y": -0.16591128706932068,
          "z": 0.45701563358306885
        },
        "matrix": [
          [
            0.5272215008735657,
            -0.12377133965492249,
            -0.8406651020050049,
            0.7065257430076599
          ],
          [
            0.6342480778694153,
            -0.6010642647743225,
            0.48626255989074707,
            -0.3084561824798584
          ],
          [
            -0.5654826164245605,
            -0.7895644903182983,
            -0.23839342594146729,
            1.3598682880401611
          ],
          [
            0.0,
            0.0,
            0.0,
            1.0
          ]
        ]
      },
      "bone_length_armature_space": 0.025653399814687512,
      "parent": "index_01_l",
      "has_children": true,
      "is_end_bone": false
    },
    "index_03_l": {
      "name": "index_03_l",
      "local": {
        "location": {
          "x": 0.0,
          "y": 0.0,
          "z": 0.0
        },
        "rotation_quaternion": {
          "w": 0.9716882109642029,
          "x": 0.23621930181980133,
          "y": 0.0007781395688652992,
          "z": 0.004697441589087248
        },
        "scale": {
          "x": 1.0,
          "y": 1.0,
          "z": 1.0
        },
        "matrix_basis": [
          [
            0.9999546408653259,
            -0.008761273697018623,
            0.003731470787897706,
            0.0
          ],
          [
            0.009496520273387432,
            0.8883567452430725,
            -0.45905572175979614,
            0.0
          ],
          [
            0.0007070346619002521,
            0.4590703248977661,
            0.8883996605873108,
            0.0
          ],
          [
            0.0,
            0.0,
            0.0,
            1.0
          ]
        ],
        "rotation_mode": "QUATERNION"
      },
      "armature_space": {
        "head": {
          "x": 0.7033507227897644,
          "y": -0.38711950182914734,
          "z": 0.389759361743927
        },
        "tail": {
          "x": 0.6887617111206055,
          "y": -0.39234596490859985,
          "z": 0.3649887144565582
        }
      },
      "world_space": {
        "head": {
          "x": 0.7033507227897644,
          "y": -0.3238754868507385,
          "z": 1.339613437652588
        },
        "tail": {
          "x": 0.6887617111206055,
          "y": -0.3291019797325134,
          "z": 1.314842700958252
        },
        "rotation_quaternion": {
          "w": 0.6382753252983093,
          "x": -0.6247511506080627,
          "y": -0.056288301944732666,
          "z": 0.4462312161922455
        },
        "matrix": [
          [
            0.5954156517982483,
            -0.49930426478385925,
            -0.6294243931770325,
            0.7033507227897644
          ],
          [
            0.6399715542793274,
            -0.17887404561042786,
            0.7472888231277466,
            -0.3238754868507385
          ],
          [
            -0.4857151210308075,
            -0.8477673530578613,
            0.21303848922252655,
            1.339613437652588
          ],
          [
            0.0,
            0.0,
            0.0,
            1.0
          ]
        ]
      },
      "bone_length_armature_space": 0.029218831644901976,
      "parent": "index_02_l",
      "has_children": false,
      "is_end_bone": true
    },
    "metacarpal_pinky_l": {
      "name": "metacarpal_pinky_l",
      "local": {
        "location": {
          "x": 0.0,
          "y": 0.0,
          "z": 0.0
        },
        "rotation_quaternion": {
          "w": 0.998458981513977,
          "x": -0.05484291538596153,
          "y": -0.008304193615913391,
          "z": -0.0017267839284613729
        },
        "scale": {
          "x": 1.0,
          "y": 1.0,
          "z": 1.0
        },
        "matrix_basis": [
          [
            0.9998561143875122,
            0.0043590981513261795,
            -0.01639338955283165,
            0.0
          ],
          [
            -0.0025373934768140316,
            0.9939785599708557,
            0.10954548418521881,
            0.0
          ],
          [
            0.0167721975594759,
            -0.1094881221652031,
            0.993846595287323,
            0.0
          ],
          [
            0.0,
            0.0,
            0.0,
            1.0
          ]
        ],
        "rotation_mode": "QUATERNION"
      },
      "armature_space": {
        "head": {
          "x": 0.644141435623169,
          "y": -0.24267932772636414,
          "z": 0.41971632838249207
        },
        "tail": {
          "x": 0.7337213158607483,
          "y": -0.2953628599643707,
          "z": 0.413150429725647
        }
      },
      "world_space": {
        "head": {
          "x": 0.644141435623169,
          "y": -0.17943532764911652,
          "z": 1.3695703744888306
        },
        "tail": {
          "x": 0.7337213158607483,
          "y": -0.2321188598871231,
          "z": 1.363004446029663
        },
        "rotation_quaternion": {
          "w": 0.4899119734764099,
          "x": 0.08334501832723618,
          "y": 0.08377443999052048,
          "z": -0.8637256026268005
        },
        "matrix": [
          [
            -0.5060797333717346,
            0.8602632284164429,
            -0.061889179050922394,
            0.644141435623169
          ],
          [
            -0.8323348164558411,
            -0.5059362053871155,
            -0.22637945413589478,
            -0.17943532764911652
          ],
          [
            -0.22606021165847778,
            -0.06305444240570068,
            0.9720776677131653,
            1.3695703744888306
          ],
          [
            0.0,
            0.0,
            0.0,
            1.0
          ]
        ]
      },
      "bone_length_armature_space": 0.10413078444305228,
      "parent": "lowerarm_l",
      "has_children": true,
      "is_end_bone": false
    },
    "pinky_01_l": {
      "name": "pinky_01_l",
      "local": {
        "location": {
          "x": 0.0,
          "y": 0.0,
          "z": 0.0
        },
        "rotation_quaternion": {
          "w": 0.9394511580467224,
          "x": 0.34260478615760803,
          "y": -0.005935902241617441,
          "z": 0.004288031253963709
        },
        "scale": {
          "x": 1.0,
          "y": 1.0,
          "z": 1.0
        },
        "matrix_basis": [
          [
            0.9998927712440491,
            -0.012124128639698029,
            -0.008214780129492283,
            0.0
          ],
          [
            0.003989454824477434,
            0.7652071714401245,
            -0.6437718272209167,
            0.0
          ],
          [
            0.014091180637478828,
            0.6436700224876404,
            0.7651734352111816,
            0.0
          ],
          [
            0.0,
            0.0,
            0.0,
            1.0
          ]
        ],
        "rotation_mode": "QUATERNION"
      },
      "armature_space": {
        "head": {
          "x": 0.7337213158607483,
          "y": -0.2953628599643707,
          "z": 0.413150429725647
        },
        "tail": {
