{
  "metadata": {
    "armature_name": "KIM_caucasian_male",
    "export_time": "2026-01-13T21:07:27.616620",
    "blender_version": "4.4.1",
    "bone_count": 56,
    "end_bone_count": 13,
    "spaces_included": [
      "LOCAL_CHANNELS",
      "ARMATURE_SPACE",
      "WORLD_SPACE"
    ],
    "note": "LOCAL matches Transform panel; replay pose via local.matrix_basis for best fidelity."
  },
  "bones": {
    "Root": {
      "name": "Root",
      "local": {
        "location": {
          "x": 0.0,
          "y": 0.0,
          "z": 0.0
        },
        "rotation_quaternion": {
          "w": 0.9999685287475586,
          "x": 0.006026779767125845,
          "y": -0.00047917995834723115,
          "z": -0.0051368591375648975
        },
        "scale": {
          "x": 1.0,
          "y": 1.0,
          "z": 1.0
        },
        "matrix_basis": [
          [
            0.9999467730522156,
            0.010267619043588638,
            -0.0010202472331002355,
            0.0
          ],
          [
            -0.010279171168804169,
            0.9998745918273926,
            -0.012048257514834404,
            0.0
          ],
          [
            0.0008964122971519828,
            0.012058103457093239,
            0.9999269247055054,
            0.0
          ],
          [
            0.0,
            0.0,
            0.0,
            1.0
          ]
        ],
        "rotation_mode": "QUATERNION"
      },
      "armature_space": {
        "head": {
          "x": 0.0,
          "y": 0.07072800397872925,
          "z": -0.009595036506652832
        },
        "tail": {
          "x": 0.0007328602368943393,
          "y": -0.00010682642459869385,
          "z": -0.0008540553972125053
        }
      },
      "world_space": {
        "head": {
          "x": 0.0,
          "y": 0.13397200405597687,
          "z": 0.9402589797973633
        },
        "tail": {
          "x": 0.0007328602368943393,
          "y": 0.06313717365264893,
          "z": 0.9489999413490295
        },
        "rotation_quaternion": {
          "w": 0.0613524504005909,
          "x": 0.9981028437614441,
          "y": 0.005092907696962357,
          "z": -0.0008241505129262805
        },
        "matrix": [
          [
            0.9999467730522156,
            0.010267619043588638,
            -0.0010202472331002355,
            0.0
          ],
          [
            0.010065363720059395,
            -0.9924198389053345,
            -0.12248097360134125,
            0.13397200405597687
          ],
          [
            -0.0022701078560203314,
            0.12246409803628922,
            -0.9924774169921875,
            0.9402589797973633
          ],
          [
            0.0,
            0.0,
            0.0,
            1.0
          ]
        ]
      },
      "bone_length_armature_space": 0.07137587021470441,
      "parent": null,
      "has_children": true,
      "is_end_bone": false
    },
    "spine_01": {
      "name": "spine_01",
      "local": {
        "location": {
          "x": 0.0,
          "y": 0.0,
          "z": 0.0
        },
        "rotation_quaternion": {
          "w": 0.9961289167404175,
          "x": 0.08134188503026962,
          "y": -0.024903301149606705,
          "z": 0.02214832417666912
        },
        "scale": {
          "x": 1.0,
          "y": 1.0,
          "z": 1.0
        },
        "matrix_basis": [
          [
            0.9977785348892212,
            -0.04817653447389603,
            -0.04601062461733818,
            0.0
          ],
          [
            0.040073808282613754,
            0.9857859015464783,
            -0.1631571352481842,
            0.0
          ],
          [
            0.05321697145700455,
            0.16095086932182312,
            0.9855266213417053,
            0.0
          ],
          [
            0.0,
            0.0,
            0.0,
            1.0
          ]
        ],
        "rotation_mode": "QUATERNION"
      },
      "armature_space": {
        "head": {
          "x": 0.0007328602368943393,
          "y": -0.00010682642459869385,
          "z": -0.0008540553972125053
        },
        "tail": {
          "x": -0.021056396886706352,
          "y": -0.06214149296283722,
          "z": 0.4827008843421936
        }
      },
      "world_space": {
        "head": {
          "x": 0.0007328602368943393,
          "y": 0.06313717365264893,
          "z": 0.9489999413490295
        },
        "tail": {
          "x": -0.021056396886706352,
          "y": 0.0011025071144104004,
          "z": 1.4325549602508545
        },
        "rotation_quaternion": {
          "w": 0.6600091457366943,
          "x": 0.7507055997848511,
          "y": -0.028772328048944473,
          "z": 0.0010991236194968224
        },
        "matrix": [
          [
            0.9983419179916382,
            -0.04465000331401825,
            -0.036330029368400574,
            0.0007328602368943393
          ],
          [
            -0.04174849018454552,
            -0.12711989879608154,
            -0.9910084009170532,
            0.06313717365264893
          ],
          [
            0.03963049501180649,
            0.990888774394989,
            -0.12877503037452698,
            0.9489999413490295
          ],
          [
            0.0,
            0.0,
            0.0,
            1.0
          ]
        ]
      },
      "bone_length_armature_space": 0.48800455142099114,
      "parent": "Root",
      "has_children": true,
      "is_end_bone": false
    },
    "neck_01": {
      "name": "neck_01",
      "local": {
        "location": {
          "x": 0.0,
          "y": 0.0,
          "z": 0.0
        },
        "rotation_quaternion": {
          "w": 0.9887237548828125,
          "x": -0.06836409866809845,
          "y": 0.027977503836154938,
          "z": 0.13026514649391174
        },
        "scale": {
          "x": 1.0,
          "y": 1.0,
          "z": 1.0
        },
        "matrix_basis": [
          [
            0.9644964933395386,
            -0.26141780614852905,
            0.0375131256878376,
            0.0
          ],
          [
            0.2537671625614166,
            0.9567146897315979,
            0.1424754112958908,
            0.0
          ],
          [
            -0.07313496619462967,
            -0.12789742648601532,
            0.9890872240066528,
            0.0
          ],
          [
            0.0,
            0.0,
            0.0,
            1.0
          ]
        ],
        "rotation_mode": "QUATERNION"
      },
      "armature_space": {
        "head": {
          "x": -0.025585543364286423,
          "y": -0.10581763088703156,
          "z": 0.5507862567901611
        },
        "tail": {
          "x": -0.057504963129758835,
          "y": -0.14173288643360138,
          "z": 0.641351044178009
        }
      },
      "world_space": {
        "head": {
          "x": -0.025585543364286423,
          "y": -0.042573630809783936,
          "z": 1.5006402730941772
        },
        "tail": {
          "x": -0.057504963129758835,
          "y": -0.07848888635635376,
          "z": 1.59120512008667
        },
        "rotation_quaternion": {
          "w": 0.5556008815765381,
          "x": 0.8163468241691589,
          "y": -0.1270729899406433,
          "z": 0.09347771108150482
        },
        "matrix": [
          [
            0.9502286911010742,
            -0.3113441467285156,
            0.011415248736739159,
            -0.025585543364286423
          ],
          [
            -0.10360008478164673,
            -0.35031986236572266,
            -0.9308830499649048,
            -0.042573630809783936
          ],
          [
            0.2938258647918701,
            0.8833749294281006,
            -0.3651427626609802,
            1.5006402730941772
          ],
          [
            0.0,
            0.0,
            0.0,
            1.0
          ]
        ]
      },
      "bone_length_armature_space": 0.10252188016344849,
      "parent": "spine_01",
      "has_children": true,
      "is_end_bone": false
    },
    "head": {
      "name": "head",
      "local": {
        "location": {
          "x": 0.0,
          "y": 0.0,
          "z": 0.0
        },
        "rotation_quaternion": {
          "w": 0.9887241125106812,
          "x": -0.05658694729208946,
          "y": 0.06337479501962662,
          "z": 0.12331368029117584
        },
        "scale": {
          "x": 1.0,
          "y": 1.0,
          "z": 1.0
        },
        "matrix_basis": [
          [
            0.961554765701294,
            -0.25101879239082336,
            0.11136448383331299,
            0.0
          ],
          [
            0.23667404055595398,
            0.9631832838058472,
            0.12752771377563477,
            0.0
          ],
          [
            -0.13927626609802246,
            -0.09626779705286026,
            0.9855630993843079,
            0.0
          ],
          [
            0.0,
            0.0,
            0.0,
            1.0
          ]
        ],
        "rotation_mode": "QUATERNION"
      },
      "armature_space": {
        "head": {
          "x": -0.057504937052726746,
          "y": -0.14173300564289093,
          "z": 0.6413509249687195
        },
        "tail": {
          "x": -0.13698354363441467,
          "y": -0.1212523803114891,
          "z": 0.7729446887969971
        }
      },
      "world_space": {
        "head": {
          "x": -0.057504937052726746,
          "y": -0.07848900556564331,
          "z": 1.5912048816680908
        },
        "tail": {
          "x": -0.13698354363441467,
          "y": -0.058008380234241486,
          "z": 1.7227987051010132
        },
        "rotation_quaternion": {
          "w": 0.7285245060920715,
          "x": 0.6310677528381348,
          "y": -0.18782898783683777,
          "z": 0.1890130639076233
        },
        "matrix": [
          [
            0.857988715171814,
            -0.5124669671058655,
            -0.0351138710975647,
            -0.057504937052726746
          ],
          [
            0.03833866864442825,
            0.13205622136592865,
            -0.9905006885528564,
            -0.07848900556564331
          ],
          [
            0.5122394561767578,
            0.8484982848167419,
            0.13294999301433563,
            1.5912048816680908
          ],
          [
            0.0,
            0.0,
            0.0,
            1.0
          ]
        ]
      },
      "bone_length_armature_space": 0.15509101801093395,
      "parent": "neck_01",
      "has_children": false,
      "is_end_bone": true
    },
    "upperarm_l": {
      "name": "upperarm_l",
      "local": {
        "location": {
          "x": 0.0,
          "y": 0.0,
          "z": 0.0
        },
        "rotation_quaternion": {
          "w": 0.9439579248428345,
          "x": -0.2337866872549057,
          "y": 0.018605627119541168,
          "z": -0.23225224018096924
        },
        "scale": {
          "x": 1.0,
          "y": 1.0,
          "z": 1.0
        },
        "matrix_basis": [
          [
            0.8914254307746887,
            0.4297731816768646,
            0.1437208205461502,
            0.0
          ],
          [
            -0.4471721947193146,
            0.7828053832054138,
            0.432727187871933,
            0.0
          ],
          [
            0.07346910238265991,
            -0.4500119984149933,
            0.8899952173233032,
            0.0
          ],
          [
            0.0,
            0.0,
            0.0,
            1.0
          ]
        ],
        "rotation_mode": "QUATERNION"
      },
      "armature_space": {
        "head": {
          "x": 0.1270507127046585,
          "y": -0.10669690370559692,
          "z": 0.4897247552871704
        },
        "tail": {
          "x": 0.3389686048030853,
          "y": 0.02994328737258911,
          "z": 0.39901646971702576
        }
      },
      "world_space": {
        "head": {
          "x": 0.1270507127046585,
          "y": -0.043452903628349304,
          "z": 1.4395787715911865
        },
        "tail": {
          "x": 0.3389686048030853,
          "y": 0.09318728744983673,
          "z": 1.3488705158233643
        },
        "rotation_quaternion": {
          "w": 0.45171886682510376,
          "x": 0.2874801754951477,
          "y": 0.742229700088501,
          "z": -0.40298938751220703
        },
        "matrix": [
          [
            -0.4266105592250824,
            0.7908285856246948,
            0.4388551115989685,
            0.1270507127046585
          ],
          [
            0.06267783045768738,
            0.5099096298217773,
            -0.8579416275024414,
            -0.043452903628349304
          ],
          [
            -0.902267336845398,
            -0.33850234746932983,
            -0.2671028971672058,
            1.4395787715911865
          ],
          [
            0.0,
            0.0,
            0.0,
            1.0
          ]
        ]
      },
      "bone_length_armature_space": 0.26796964208715773,
      "parent": "spine_01",
      "has_children": true,
      "is_end_bone": false
    },
    "lowerarm_l": {
      "name": "lowerarm_l",
      "local": {
        "location": {
          "x": 0.0,
          "y": 0.0,
          "z": 0.0
        },
        "rotation_quaternion": {
          "w": 0.9773417711257935,
          "x": 0.21125704050064087,
          "y": -0.009434903040528297,
          "z": -0.009196469560265541
        },
        "scale": {
          "x": 1.0,
          "y": 1.0,
          "z": 1.0
        },
        "matrix_basis": [
          [
            0.9996528029441833,
            0.013989808037877083,
            -0.022327886894345284,
            0.0
          ],
          [
            -0.021962566301226616,
            0.9105717539787292,
            -0.41276711225509644,
            0.0
          ],
          [
            0.014556611888110638,
            0.41311419010162354,
            0.9105628728866577,
            0.0
          ],
          [
            0.0,
            0.0,
            0.0,
            1.0
          ]
        ],
        "rotation_mode": "QUATERNION"
      },
      "armature_space": {
        "head": {
          "x": 0.3389687240123749,
          "y": 0.029943272471427917,
          "z": 0.3990165591239929
        },
        "tail": {
          "x": 0.5916123390197754,
          "y": 0.026513542979955673,
          "z": 0.31110242009162903
        }
      },
      "world_space": {
        "head": {
          "x": 0.3389687240123749,
          "y": 0.09318727254867554,
          "z": 1.3488705158233643
        },
        "tail": {
          "x": 0.5916123390197754,
          "y": 0.08975754678249359,
          "z": 1.2609564065933228
        },
        "rotation_quaternion": {
          "w": 0.4229588210582733,
          "x": 0.3958563804626465,
          "y": 0.5609782934188843,
          "z": -0.5913602709770203
        },
        "matrix": [
          [
            -0.32880717515945435,
            0.9443756937980652,
            0.006353199481964111,
            0.3389687240123749
          ],
          [
            -0.05611083656549454,
            -0.012820243835449219,
            -0.9983423352241516,
            0.09318727254867554
          ],
          [
            -0.9427353143692017,
            -0.32862088084220886,
            0.05720452964305878,
            1.3488705158233643
          ],
          [
            0.0,
            0.0,
            0.0,
            1.0
          ]
        ]
      },
      "bone_length_armature_space": 0.26752468078805564,
      "parent": "upperarm_l",
      "has_children": true,
      "is_end_bone": false
    },
    "metacarpal_thumb_l": {
      "name": "metacarpal_thumb_l",
      "local": {
        "location": {
          "x": 0.0,
          "y": 0.0,
          "z": 0.0
        },
        "rotation_quaternion": {
          "w": 0.9983090758323669,
          "x": -0.05476637929677963,
          "y": -0.015024683438241482,
          "z": -0.012408659793436527
        },
        "scale": {
          "x": 1.0,
          "y": 1.0,
          "z": 1.0
        },
        "matrix_basis": [
          [
            0.9992405772209167,
            0.02642104960978031,
            -0.028639400377869606,
            0.0
          ],
          [
            -0.0231296606361866,
            0.9936933517456055,
            0.10972041636705399,
            0.0
          ],
          [
            0.03135770931839943,
            -0.10897467285394669,
            0.9935498237609863,
            0.0
          ],
          [
            0.0,
            0.0,
            0.0,
            1.0
          ]
        ],
        "rotation_mode": "QUATERNION"
      },
      "armature_space": {
        "head": {
          "x": 0.5916123390197754,
          "y": 0.026513542979955673,
          "z": 0.31110242009162903
        },
        "tail": {
          "x": 0.6288631558418274,
          "y": -0.0023383982479572296,
          "z": 0.2958206832408905
        }
      },
      "world_space": {
        "head": {
          "x": 0.5916123390197754,
          "y": 0.08975754678249359,
          "z": 1.2609564065933228
        },
        "tail": {
          "x": 0.6288631558418274,
          "y": 0.06090560182929039,
          "z": 1.245674729347229
        },
        "rotation_quaternion": {
          "w": 0.0634232759475708,
          "x": -0.8618524670600891,
          "y": -0.4524839520454407,
          "z": 0.22010475397109985
        },
        "matrix": [
          [
            0.49362361431121826,
            0.7520298957824707,
            -0.43679141998291016,
            0.5916123390197754
          ],
          [
            0.8078683614730835,
            -0.5824713110923767,
            -0.08986659348011017,
            0.08975754678249359
          ],
          [
            -0.3220022916793823,
            -0.3085123300552368,
            -0.8950690031051636,
            1.2609564065933228
          ],
          [
            0.0,
            0.0,
            0.0,
            1.0
          ]
        ]
      },
      "bone_length_armature_space": 0.04953371943244064,
      "parent": "lowerarm_l",
      "has_children": true,
      "is_end_bone": false
    },
    "thumb_01_l": {
      "name": "thumb_01_l",
      "local": {
        "location": {
          "x": 0.0,
          "y": 0.0,
          "z": 0.0
        },
        "rotation_quaternion": {
          "w": 0.9766629338264465,
          "x": 0.21445508301258087,
          "y": -0.004692778456956148,
          "z": 0.010802228935062885
        },
        "scale": {
          "x": 1.0,
          "y": 1.0,
          "z": 1.0
        },
        "matrix_basis": [
          [
            0.9997225999832153,
            -0.023113053292036057,
            -0.004533339757472277,
            0.0
          ],
          [
            0.019087493419647217,
            0.907784640789032,
            -0.41900205612182617,
            0.0
          ],
          [
            0.013799711130559444,
            0.4187992811203003,
            0.9079740047454834,
            0.0
          ],
          [
            0.0,
            0.0,
            0.0,
            1.0
          ]
        ],
        "rotation_mode": "QUATERNION"
      },
      "armature_space": {
        "head": {
          "x": 0.6288631558418274,
          "y": -0.0023383982479572296,
          "z": 0.2958206832408905
        },
        "tail": {
          "x": 0.6390175819396973,
          "y": -0.008377175778150558,
          "z": 0.26389795541763306
        }
      },
      "world_space": {
        "head": {
          "x": 0.6288631558418274,
          "y": 0.06090560182929039,
          "z": 1.245674729347229
        },
        "tail": {
          "x": 0.6390175819396973,
          "y": 0.05486682429909706,
          "z": 1.213752031326294
        },
        "rotation_quaternion": {
          "w": 0.6407209038734436,
          "x": -0.7204038500785828,
          "y": 0.027793021872639656,
          "z": -0.26405036449432373
        },
        "matrix": [
          [
            0.8590106964111328,
            0.2983204424381256,
            0.41605961322784424,
            0.6288631558418274
          ],
          [
            -0.37840768694877625,
            -0.1774097979068756,
            0.9084787368774414,
            0.06090560182929039
          ],
          [
            0.34483280777931213,
            -0.9378397464752197,
            -0.03950962424278259,
            1.245674729347229
          ],
          [
            0.0,
            0.0,
            0.0,
            1.0
          ]
        ]
      },
      "bone_length_armature_space": 0.03403879694816129,
      "parent": "metacarpal_thumb_l",
      "has_children": true,
      "is_end_bone": false
    },
    "thumb_02_l": {
      "name": "thumb_02_l",
      "local": {
        "location": {
          "x": 0.0,
          "y": 0.0,
          "z": 0.0
        },
        "rotation_quaternion": {
          "w": 0.9344246983528137,
          "x": 0.35606807470321655,
          "y": 0.008128388784825802,
          "z": 0.00032403363729827106
        },
        "scale": {
          "x": 1.0,
          "y": 1.0,
          "z": 1.0
        },
        "matrix_basis": [
          [
            0.9998676776885986,
            0.005182949360460043,
            0.01542149018496275,
            0.0
          ],
          [
            0.006394089665263891,
            0.7464308142662048,
            -0.665432333946228,
            0.0
          ],
          [
            -0.014959978871047497,
            0.6654428839683533,
            0.7462989091873169,
            0.0
          ],
          [
            0.0,
            0.0,
            0.0,
            1.0
          ]
        ],
        "rotation_mode": "QUATERNION"
      },
      "armature_space": {
        "head": {
          "x": 0.6390175223350525,
          "y": -0.008377201855182648,
          "z": 0.26389795541763306
        },
        "tail": {
          "x": 0.6712154746055603,
          "y": 0.0096095260232687,
          "z": 0.2798024117946625
        }
      },
      "world_space": {
        "head": {
          "x": 0.6390175223350525,
          "y": 0.05486679822206497,
          "z": 1.213752031326294
        },
        "tail": {
          "x": 0.6712154746055603,
          "y": 0.07285352796316147,
          "z": 1.229656457901001
        },
        "rotation_quaternion": {
          "w": 0.807676374912262,
          "x": 0.07276957482099533,
          "y": -0.26753130555152893,
          "z": -0.5203753709793091
        },
        "matrix": [
          [
            0.3152715861797333,
            0.8016544580459595,
            -0.5078917145729065,
            0.6390175223350525
          ],
          [
            -0.8795260190963745,
            0.4478275775909424,
            0.16088728606700897,
            0.05486679822206497
          ],
          [
            0.35642555356025696,
            0.3959839344024658,
            0.8462692499160767,
            1.213752031326294
          ],
          [
            0.0,
            0.0,
            0.0,
            1.0
          ]
        ]
      },
      "bone_length_armature_space": 0.04016443973770632,
      "parent": "thumb_01_l",
      "has_children": true,
      "is_end_bone": false
    },
    "thumb_03_l": {
      "name": "thumb_03_l",
      "local": {
        "location": {
          "x": 0.0,
          "y": 0.0,
          "z": 0.0
        },
        "rotation_quaternion": {
          "w": 0.9815616011619568,
          "x": 0.19104035198688507,
          "y": 0.005935953930020332,
          "z": -0.0023198931012302637
        },
        "scale": {
          "x": 1.0,
          "y": 1.0,
          "z": 1.0
        },
        "matrix_basis": [
          [
            0.9999187588691711,
            0.006822249386459589,
            0.010766622610390186,
            0.0
          ],
          [
            -0.002286222530528903,
            0.9269964098930359,
            -0.37506330013275146,
            0.0
          ],
          [
            -0.01253939513117075,
            0.3750081956386566,
            0.926936686038971,
            0.0
          ],
          [
            0.0,
            0.0,
            0.0,
            1.0
          ]
        ],
        "rotation_mode": "QUATERNION"
      },
      "armature_space": {
        "head": {
          "x": 0.6712155342102051,
          "y": 0.009609446860849857,
          "z": 0.2798023521900177
        },
        "tail": {
          "x": 0.6819121837615967,
          "y": 0.023480486124753952,
          "z": 0.3047036826610565
        }
      },
      "world_space": {
        "head": {
          "x": 0.6712155342102051,
          "y": 0.0728534460067749,
          "z": 1.2296563386917114
        },
        "tail": {
          "x": 0.6819121837615967,
          "y": 0.08672448992729187,
          "z": 1.254557728767395
        },
        "rotation_quaternion": {
          "w": 0.8182852864265442,
          "x": 0.40155717730522156,
          "y": -0.2412780225276947,
          "z": -0.3330855965614319
        },
        "matrix": [
          [
            0.6616768836975098,
            0.35134491324424744,
            -0.6623750925064087,
            0.6712155342102051
          ],
          [
            -0.7388928532600403,
            0.45561152696609497,
            -0.49644315242767334,
            0.0728534460067749
          ],
          [
            0.1273631453514099,
            0.8179150819778442,
            0.5610772371292114,
            1.2296563386917114
          ],
          [
            0.0,
            0.0,
            0.0,
            1.0
          ]
        ]
      },
      "bone_length_armature_space": 0.03044503733795183,
      "parent": "thumb_02_l",
      "has_children": false,
      "is_end_bone": true
    },
    "metacarpal_index_l": {
      "name": "metacarpal_index_l",
      "local": {
        "location": {
          "x": 0.0,
          "y": 0.0,
          "z": 0.0
        },
        "rotation_quaternion": {
          "w": 0.9992915391921997,
          "x": -0.034098755568265915,
          "y": -0.008623690344393253,
          "z": 0.013393140397965908
        },
        "scale": {
          "x": 1.0,
          "y": 1.0,
          "z": 1.0
        },
        "matrix_basis": [
          [
            0.9994925260543823,
            -0.02617918886244297,
            -0.01814853958785534,
            0.0
          ],
          [
            0.027355417609214783,
            0.9973158240318298,
            0.06791819632053375,
            0.0
          ],
          [
            0.016321782022714615,
            -0.0683801919221878,
            0.9975258111953735,
            0.0
          ],
          [
            0.0,
            0.0,
            0.0,
            1.0
          ]
        ],
        "rotation_mode": "QUATERNION"
      },
      "armature_space": {
        "head": {
          "x": 0.5916123390197754,
          "y": 0.026513542979955673,
          "z": 0.31110242009162903
        },
        "tail": {
          "x": 0.6985657811164856,
          "y": -0.008430354297161102,
          "z": 0.27840495109558105
        }
      },
      "world_space": {
        "head": {
          "x": 0.5916123390197754,
          "y": 0.08975754678249359,
          "z": 1.2609564065933228
        },
        "tail": {
          "x": 0.6985657811164856,
          "y": 0.05481364578008652,
          "z": 1.2282589673995972
        },
        "rotation_quaternion": {
          "w": 0.12057901918888092,
          "x": 0.7063965797424316,
          "y": 0.5799528360366821,
          "z": -0.38745245337486267
        },
        "matrix": [
          [
            0.027068767696619034,
            0.9127919673919678,
            -0.40752682089805603,
            0.5916123390197754
          ],
          [
            0.725915253162384,
            -0.29822805523872375,
            -0.6197638511657715,
            0.08975754678249359
          ],
          [
            -0.6872554421424866,
            -0.27905595302581787,
            -0.6706874966621399,
            1.2609564065933228
          ],
          [
            0.0,
            0.0,
            0.0,
            1.0
          ]
        ]
      },
      "bone_length_armature_space": 0.11717183485232646,
      "parent": "lowerarm_l",
      "has_children": true,
      "is_end_bone": false
    },
    "index_01_l": {
      "name": "index_01_l",
      "local": {
        "location": {
          "x": 0.0,
          "y": 0.0,
          "z": 0.0
        },
        "rotation_quaternion": {
          "w": 0.9734046459197998,
          "x": 0.22790054976940155,
          "y": 0.022855961695313454,
          "z": -0.0047358497977256775
        },
        "scale": {
          "x": 1.0,
          "y": 1.0,
          "z": 1.0
        },
        "matrix_basis": [
          [
            0.9989103674888611,
            0.019637569785118103,
            0.04233759269118309,
            0.0
          ],
          [
            0.0011979760602116585,
            0.8960778117179871,
            -0.4438953995704651,
            0.0
          ],
          [
            -0.04665480554103851,
            0.44346243143081665,
            0.8950778841972351,
            0.0
          ],
          [
            0.0,
            0.0,
            0.0,
            1.0
          ]
        ],
        "rotation_mode": "QUATERNION"
      },
      "armature_space": {
        "head": {
          "x": 0.6985657811164856,
          "y": -0.008430354297161102,
          "z": 0.27840495109558105
        },
        "tail": {
          "x": 0.7180168032646179,
          "y": -0.014288542792201042,
          "z": 0.25839459896087646
        }
      },
      "world_space": {
        "head": {
          "x": 0.6985657811164856,
          "y": 0.05481364578008652,
          "z": 1.2282589673995972
        },
        "tail": {
          "x": 0.7180168032646179,
          "y": 0.04895545542240143,
          "z": 1.2082486152648926
        },
        "rotation_quaternion": {
          "w": 0.06899016350507736,
          "x": -0.5988123416900635,
          "y": -0.626512885093689,
          "z": 0.49411123991012573
        },
        "matrix": [
          [
            -0.2733244001865387,
            0.682148814201355,
            -0.678208589553833,
            0.6985657811164856
          ],
          [
            0.8185065388679504,
            -0.20544688403606415,
            -0.5365060567855835,
            0.05481364578008652
          ],
          [
            -0.505315363407135,
            -0.701763391494751,
            -0.5021935701370239,
            1.2282589673995972
          ],
          [
            0.0,
            0.0,
            0.0,
            1.0
          ]
        ]
      },
      "bone_length_armature_space": 0.02851446693682497,
      "parent": "metacarpal_index_l",
      "has_children": true,
      "is_end_bone": false
    },
    "index_02_l": {
      "name": "index_02_l",
      "local": {
        "location": {
          "x": 0.0,
          "y": 0.0,
          "z": 0.0
        },
        "rotation_quaternion": {
          "w": 0.9174312949180603,
          "x": 0.39773842692375183,
          "y": 0.010697852820158005,
          "z": 0.0030984587501734495
        },
        "scale": {
          "x": 1.0,
          "y": 1.0,
          "z": 1.0
        },
        "matrix_basis": [
          [
            0.9997519254684448,
            0.0028246482834219933,
            0.022093841806054115,
            0.0
          ],
          [
            0.014195140451192856,
            0.6835891008377075,
            -0.7297290563583374,
            0.0
          ],
          [
            -0.017164338380098343,
            0.7298616766929626,
            0.6833794116973877,
            0.0
          ],
          [
            0.0,
            0.0,
            0.0,
            1.0
          ]
        ],
        "rotation_mode": "QUATERNION"
      },
      "armature_space": {
        "head": {
          "x": 0.7180169224739075,
          "y": -0.014288985170423985,
          "z": 0.2583943009376526
        },
        "tail": {
          "x": 0.7183392643928528,
          "y": -0.028211183845996857,
          "z": 0.2368497997522354
        }
      },
      "world_space": {
        "head": {
          "x": 0.7180169224739075,
          "y": 0.04895501583814621,
          "z": 1.2082483768463135
        },
        "tail": {
          "x": 0.7183392643928528,
          "y": 0.03503281623125076,
          "z": 1.1867038011550903
        },
        "rotation_quaternion": {
          "w": 0.2751149535179138,
          "x": -0.5160008072853088,
          "y": -0.39109957218170166,
          "z": 0.7107011079788208
        },
        "matrix": [
          [
            -0.3161112070083618,
            0.01256418228149414,
            -0.9486390948295593,
            0.7180169224739075
          ],
          [
            0.7946640253067017,
            -0.5427066087722778,
            -0.2719905376434326,
            0.04895501583814621
          ],
          [
            -0.5182526707649231,
            -0.8398348093032837,
            0.16157212853431702,
            1.2082483768463135
          ],
          [
            0.0,
            0.0,
            0.0,
            1.0
          ]
        ]
      },
      "bone_length_armature_space": 0.025653402119144363,
      "parent": "index_01_l",
      "has_children": true,
      "is_end_bone": false
    },
    "index_03_l": {
      "name": "index_03_l",
      "local": {
        "location": {
          "x": 0.0,
          "y": 0.0,
          "z": 0.0
        },
        "rotation_quaternion": {
          "w": 0.9645858407020569,
          "x": 0.2636984586715698,
          "y": -0.0059303236193954945,
          "z": -0.0014975047670304775
        },
        "scale": {
          "x": 1.0,
          "y": 1.0,
          "z": 1.0
        },
        "matrix_basis": [
          [
            0.9999251961708069,
            -0.0002386906126048416,
            -0.01223039161413908,
            0.0
          ],
          [
            -0.006016578059643507,
            0.8609217405319214,
            -0.5087018609046936,
            0.0
          ],
          [
            0.010650833137333393,
            0.5087373852729797,
            0.8608559370040894,
            0.0
          ],
          [
            0.0,
            0.0,
            0.0,
            1.0
          ]
        ],
        "rotation_mode": "QUATERNION"
      },
      "armature_space": {
        "head": {
          "x": 0.7183393836021423,
          "y": -0.028211157768964767,
          "z": 0.23684978485107422
        },
        "tail": {
          "x": 0.7014925479888916,
          "y": -0.043010685592889786,
          "z": 0.21811756491661072
        }
      },
      "world_space": {
        "head": {
          "x": 0.7183393836021423,
          "y": 0.03503284230828285,
          "z": 1.1867038011550903
        },
        "tail": {
          "x": 0.7014925479888916,
          "y": 0.020233314484357834,
          "z": 1.1679716110229492
        },
        "rotation_quaternion": {
          "w": 0.4643256962299347,
          "x": -0.3970145583152771,
          "y": -0.17648451030254364,
          "z": 0.7717735171318054
        },
        "matrix": [
          [
            -0.2535606324672699,
            -0.5765765309333801,
            -0.7767025232315063,
            0.7183393836021423
          ],
          [
            0.856842577457428,
            -0.5065090656280518,
            0.09627841413021088,
            0.03503284230828285
          ],
          [
            -0.4489208161830902,
            -0.6411042809486389,
            0.6224704384803772,
            1.1867038011550903
          ],
          [
            0.0,
            0.0,
            0.0,
            1.0
          ]
        ]
      },
      "bone_length_armature_space": 0.029218794665997326,
      "parent": "index_02_l",
      "has_children": false,
      "is_end_bone": true
    },
    "metacarpal_pinky_l": {
      "name": "metacarpal_pinky_l",
      "local": {
        "location": {
          "x": 0.0,
          "y": 0.0,
          "z": 0.0
        },
        "rotation_quaternion": {
          "w": 0.9997090101242065,
          "x": 0.015890739858150482,
          "y": -0.010447569191455841,
          "z": -0.0148406270891428
        },
        "scale": {
          "x": 1.0,
          "y": 1.0,
          "z": 1.0
        },
        "matrix_basis": [
          [
            0.9993411898612976,
            0.029340578243136406,
            -0.021360715851187706,
            0.0
          ],
          [
            -0.030004655942320824,
            0.999054491519928,
            -0.031462132930755615,
            0.0
          ],
          [
            0.02041740156710148,
            0.03208233043551445,
            0.9992766380310059,
            0.0
          ],
          [
            0.0,
            0.0,
            0.0,
            1.0
          ]
        ],
        "rotation_mode": "QUATERNION"
      },
      "armature_space": {
        "head": {
          "x": 0.5916123390197754,
          "y": 0.026513542979955673,
          "z": 0.31110242009162903
        },
        "tail": {
          "x": 0.6867579221725464,
          "y": 0.05322343856096268,
          "z": 0.2782827913761139
        }
      },
      "world_space": {
        "head": {
          "x": 0.5916123390197754,
          "y": 0.08975754678249359,
          "z": 1.2609564065933228
        },
        "tail": {
          "x": 0.6867579221725464,
          "y": 0.1164674386382103,
          "z": 1.2281367778778076
        },
        "rotation_quaternion": {
          "w": 0.7649714350700378,
          "x": -0.04096584394574165,
          "y": 0.20753519237041473,
          "z": -0.6083334684371948
        },
        "matrix": [
          [
            0.17371825873851776,
            0.9137125015258789,
            0.36735737323760986,
            0.5916123390197754
          ],
          [
            -0.9477192759513855,
            0.2565034329891205,
            -0.18982723355293274,
            0.08975754678249359
          ],
          [
            -0.2676786482334137,
            -0.31517714262008667,
            0.9105082154273987,
            1.2609564065933228
          ],
          [
            0.0,
            0.0,
            0.0,
            1.0
          ]
        ]
      },
      "bone_length_armature_space": 0.10413082280346621,
      "parent": "lowerarm_l",
      "has_children": true,
      "is_end_bone": false
    },
    "pinky_01_l": {
      "name": "pinky_01_l",
      "local": {
        "location": {
          "x": 0.0,
          "y": 0.0,
          "z": 0.0
        },
        "rotation_quaternion": {
          "w": 0.9457290768623352,
          "x": 0.32437554001808167,
          "y": -0.018845943734049797,
          "z": -0.004683362785726786
        },
        "scale": {
          "x": 1.0,
          "y": 1.0,
          "z": 1.0
        },
        "matrix_basis": [
          [
            0.999245822429657,
            -0.0033679415937513113,
            -0.038684651255607605,
            0.0
          ],
          [
            -0.021084710955619812,
            0.7895171642303467,
            -0.6133662462234497,
            0.0
          ],
          [
            0.03260797634720802,
            0.6137192845344543,
            0.7888506650924683,
            0.0
          ],
          [
            0.0,
            0.0,
            0.0,
            1.0
          ]
        ],
        "rotation_mode": "QUATERNION"
      },
      "armature_space": {
        "head": {
          "x": 0.6867579221725464,
          "y": 0.05322343856096268,
          "z": 0.2782827913761139
