{
  "metadata": {
    "armature_name": "KIM_caucasian_male",
    "export_time": "2026-01-13T21:04:47.060471",
    "blender_version": "4.4.1",
    "bone_count": 56,
    "end_bone_count": 13,
    "spaces_included": [
      "LOCAL_CHANNELS",
      "ARMATURE_SPACE",
      "WORLD_SPACE"
    ],
    "note": "LOCAL matches Transform panel; replay pose via local.matrix_basis for best fidelity."
  },
  "bones": {
    "Root": {
      "name": "Root",
      "local": {
        "location": {
          "x": 0.0,
          "y": 0.0,
          "z": 0.0
        },
        "rotation_quaternion": {
          "w": 0.9997548460960388,
          "x": -0.01573406718671322,
          "y": 0.009249361231923103,
          "z": -0.012540902011096478
        },
        "scale": {
          "x": 1.0,
          "y": 1.0,
          "z": 1.0
        },
        "matrix_basis": [
          [
            0.9995143413543701,
            0.024784594774246216,
            0.018888825550675392,
            0.0
          ],
          [
            -0.02536671608686447,
            0.9991903305053711,
            0.031228428706526756,
            0.0
          ],
          [
            -0.018099548295140266,
            -0.03169241175055504,
            0.9993337988853455,
            0.0
          ],
          [
            0.0,
            0.0,
            0.0,
            1.0
          ]
        ],
        "rotation_mode": "QUATERNION"
      },
      "armature_space": {
        "head": {
          "x": 0.0,
          "y": 0.07072800397872925,
          "z": -0.009595036506652832
        },
        "tail": {
          "x": 0.001769021968357265,
          "y": 0.0003613606095314026,
          "z": 0.0022337883710861206
        }
      },
      "world_space": {
        "head": {
          "x": 0.0,
          "y": 0.13397200405597687,
          "z": 0.9402589797973633
        },
        "tail": {
          "x": 0.001769021968357265,
          "y": 0.06360536068677902,
          "z": 0.9520878195762634
        },
        "rotation_quaternion": {
          "w": 0.0830494686961174,
          "x": 0.996423602104187,
          "y": 0.013135523535311222,
          "z": 0.00838349387049675
        },
        "matrix": [
          [
            0.9995143413543701,
            0.024784594774246216,
            0.018888825550675392,
            0.0
          ],
          [
            0.027569584548473358,
            -0.9858604073524475,
            -0.1652851104736328,
            0.13397200405597687
          ],
          [
            0.01452535018324852,
            0.16572582721710205,
            -0.9860720038414001,
            0.9402589797973633
          ],
          [
            0.0,
            0.0,
            0.0,
            1.0
          ]
        ]
      },
      "bone_length_armature_space": 0.07137587141248317,
      "parent": null,
      "has_children": true,
      "is_end_bone": false
    },
    "spine_01": {
      "name": "spine_01",
      "local": {
        "location": {
          "x": 0.0,
          "y": 0.0,
          "z": 0.0
        },
        "rotation_quaternion": {
          "w": 0.9912911057472229,
          "x": 0.11240772902965546,
          "y": -0.035760097205638885,
          "z": -0.05854799598455429
        },
        "scale": {
          "x": 1.0,
          "y": 1.0,
          "z": 1.0
        },
        "matrix_basis": [
          [
            0.9905866980552673,
            0.10803679376840591,
            -0.08405982702970505,
            0.0
          ],
          [
            -0.12411563843488693,
            0.9678732752799988,
            -0.21867020428180695,
            0.0
          ],
          [
            0.057734839618206024,
            0.22704492509365082,
            0.972171425819397,
            0.0
          ],
          [
            0.0,
            0.0,
            0.0,
            1.0
          ]
        ],
        "rotation_mode": "QUATERNION"
      },
      "armature_space": {
        "head": {
          "x": 0.001769021968357265,
          "y": 0.0003613606095314026,
          "z": 0.0022337883710861206
        },
        "tail": {
          "x": 0.04952780157327652,
          "y": -0.07180112600326538,
          "z": 0.48250460624694824
        }
      },
      "world_space": {
        "head": {
          "x": 0.001769021968357265,
          "y": 0.06360536068677902,
          "z": 0.9520878195762634
        },
        "tail": {
          "x": 0.04952780157327652,
          "y": -0.008557125926017761,
          "z": 1.4323586225509644
        },
        "rotation_quaternion": {
          "w": 0.6524533629417419,
          "x": 0.7557450532913208,
          "y": 0.019175522029399872,
          "z": -0.05278727039694786
        },
        "matrix": [
          [
            0.9936916828155518,
            0.09786611050367355,
            -0.05476450175046921,
            0.001769021968357265
          ],
          [
            -0.039898235350847244,
            -0.14787358045578003,
            -0.9882012009620667,
            0.06360536068677902
          ],
          [
            -0.10481039434671402,
            0.9841590523719788,
            -0.14303795993328094,
            0.9520878195762634
          ],
          [
            0.0,
            0.0,
            0.0,
            1.0
          ]
        ]
      },
      "bone_length_armature_space": 0.4880044844171985,
      "parent": "Root",
      "has_children": true,
      "is_end_bone": false
    },
    "neck_01": {
      "name": "neck_01",
      "local": {
        "location": {
          "x": 0.0,
          "y": 0.0,
          "z": 0.0
        },
        "rotation_quaternion": {
          "w": 0.9924666881561279,
          "x": -0.11529959738254547,
          "y": -0.032892484217882156,
          "z": -0.02517848089337349
        },
        "scale": {
          "x": 1.0,
          "y": 1.0,
          "z": 1.0
        },
        "matrix_basis": [
          [
            0.9965682625770569,
            0.057562585920095444,
            -0.059483252465724945,
            0.0
          ],
          [
            -0.04239262640476227,
            0.9721440672874451,
            0.2305183857679367,
            0.0
          ],
          [
            0.0710955262184143,
            -0.22720564901828766,
            0.9712481498718262,
            0.0
          ],
          [
            0.0,
            0.0,
            0.0,
            1.0
          ]
        ],
        "rotation_mode": "QUATERNION"
      },
      "armature_space": {
        "head": {
          "x": 0.054794151335954666,
          "y": -0.11689946055412292,
          "z": 0.5496025681495667
        },
        "tail": {
          "x": 0.06969285756349564,
          "y": -0.14821037650108337,
          "z": 0.6460826396942139
        }
      },
      "world_space": {
        "head": {
          "x": 0.054794151335954666,
          "y": -0.053655460476875305,
          "z": 1.4994566440582275
        },
        "tail": {
          "x": 0.06969285756349564,
          "y": -0.08496637642383575,
          "z": 1.59593665599823
        },
        "rotation_quaternion": {
          "w": 0.5889717936515808,
          "x": 0.802193284034729,
          "y": 0.020192665979266167,
          "z": -0.09586713463068008
        },
        "matrix": [
          [
            0.9808036684989929,
            0.14532296359539032,
            -0.13002122938632965,
            0.054794151335954666
          ],
          [
            -0.08052843809127808,
            -0.30540868639945984,
            -0.9488102793693542,
            -0.053655460476875305
          ],
          [
            -0.17759482562541962,
            0.9410731196403503,
            -0.28784626722335815,
            1.4994566440582275
          ],
          [
            0.0,
            0.0,
            0.0,
            1.0
          ]
        ]
      },
      "bone_length_armature_space": 0.10252194502982769,
      "parent": "spine_01",
      "has_children": true,
      "is_end_bone": false
    },
    "head": {
      "name": "head",
      "local": {
        "location": {
          "x": 0.0,
          "y": 0.0,
          "z": 0.0
        },
        "rotation_quaternion": {
          "w": 0.9968264102935791,
          "x": -0.07049746811389923,
          "y": 0.03606587275862694,
          "z": 0.008153877221047878
        },
        "scale": {
          "x": 1.0,
          "y": 1.0,
          "z": 1.0
        },
        "matrix_basis": [
          [
            0.9972655177116394,
            -0.021341105923056602,
            0.07075317203998566,
            0.0
          ],
          [
            0.011170894838869572,
            0.9899272322654724,
            0.14113563299179077,
            0.0
          ],
          [
            -0.07305248081684113,
            -0.13995932042598724,
            0.9874587059020996,
            0.0
          ],
          [
            0.0,
            0.0,
            0.0,
            1.0
          ]
        ],
        "rotation_mode": "QUATERNION"
      },
      "armature_space": {
        "head": {
          "x": 0.06969282776117325,
          "y": -0.14821049571037292,
          "z": 0.6460825204849243
        },
        "tail": {
          "x": 0.09592575579881668,
          "y": -0.11739122122526169,
          "z": 0.795799970626831
        }
      },
      "world_space": {
        "head": {
          "x": 0.06969282776117325,
          "y": -0.0849664956331253,
          "z": 1.5959365367889404
        },
        "tail": {
          "x": 0.09592575579881668,
          "y": -0.05414722114801407,
          "z": 1.7456539869308472
        },
        "rotation_quaternion": {
          "w": 0.771602988243103,
          "x": 0.6302971243858337,
          "y": 0.06314865499734879,
          "z": -0.05802294239401817
        },
        "matrix": [
          [
            0.9852913022041321,
            0.16914623975753784,
            0.0243070125579834,
            0.06969282776117325
          ],
          [
            -0.009937621653079987,
            0.1987183690071106,
            -0.9800064563751221,
            -0.0849664956331253
          ],
          [
            -0.17059580981731415,
            0.9653570652008057,
            0.19747671484947205,
            1.5959365367889404
          ],
          [
            0.0,
            0.0,
            0.0,
            1.0
          ]
        ]
      },
      "bone_length_armature_space": 0.15509129546075273,
      "parent": "neck_01",
      "has_children": false,
      "is_end_bone": true
    },
    "upperarm_l": {
      "name": "upperarm_l",
      "local": {
        "location": {
          "x": 0.0,
          "y": 0.0,
          "z": 0.0
        },
        "rotation_quaternion": {
          "w": 0.8834444284439087,
          "x": 0.28198885917663574,
          "y": 0.37174874544143677,
          "z": 0.04255788400769234
        },
        "scale": {
          "x": 1.0,
          "y": 1.0,
          "z": 1.0
        },
        "matrix_basis": [
          [
            0.7199833989143372,
            0.13446295261383057,
            0.6808404326438904,
            0.0
          ],
          [
            0.28485307097435,
            0.8373422026634216,
            -0.46660128235816956,
            0.0
          ],
          [
            -0.6328369975090027,
            0.5298846364021301,
            0.5645703077316284,
            0.0
          ],
          [
            0.0,
            0.0,
            0.0,
            1.0
          ]
        ],
        "rotation_mode": "QUATERNION"
      },
      "armature_space": {
        "head": {
          "x": 0.19709588587284088,
          "y": -0.11609744280576706,
          "z": 0.4672817587852478
        },
        "tail": {
          "x": 0.41287553310394287,
          "y": -0.2492905855178833,
          "z": 0.38064172863960266
        }
      },
      "world_space": {
        "head": {
          "x": 0.19709588587284088,
          "y": -0.05285344272851944,
          "z": 1.4171357154846191
        },
        "tail": {
          "x": 0.41287553310394287,
          "y": -0.18604658544063568,
          "z": 1.3304957151412964
        },
        "rotation_quaternion": {
          "w": 0.03748239949345589,
          "x": 0.7765300869941711,
          "y": 0.5000712275505066,
          "z": -0.38147738575935364
        },
        "matrix": [
          [
            0.2088061273097992,
            0.805239737033844,
            -0.5549677014350891,
            0.19709588587284088
          ],
          [
            0.7480429410934448,
            -0.49704599380493164,
            -0.4397467374801636,
            -0.05285344272851944
          ],
          [
            -0.6299497485160828,
            -0.32332056760787964,
            -0.7061454653739929,
            1.4171357154846191
          ],
          [
            0.0,
            0.0,
            0.0,
            1.0
          ]
        ]
      },
      "bone_length_armature_space": 0.2679697072523608,
      "parent": "spine_01",
      "has_children": true,
      "is_end_bone": false
    },
    "lowerarm_l": {
      "name": "lowerarm_l",
      "local": {
        "location": {
          "x": 0.0,
          "y": 0.0,
          "z": 0.0
        },
        "rotation_quaternion": {
          "w": 0.9015763998031616,
          "x": 0.269037127494812,
          "y": -0.18328914046287537,
          "z": 0.2849283516407013
        },
        "scale": {
          "x": 1.0,
          "y": 1.0,
          "z": 1.0
        },
        "matrix_basis": [
          [
            0.7704418301582336,
            -0.6123925447463989,
            -0.17718571424484253,
            0.0
          ],
          [
            0.41514620184898376,
            0.6928697228431702,
            -0.5895636081695557,
            0.0
          ],
          [
            0.4838109314441681,
            0.38066649436950684,
            0.7880482077598572,
            0.0
          ],
          [
            0.0,
            0.0,
            0.0,
            1.0
          ]
        ],
        "rotation_mode": "QUATERNION"
      },
      "armature_space": {
        "head": {
          "x": 0.41287553310394287,
          "y": -0.24929073452949524,
          "z": 0.38064175844192505
        },
        "tail": {
          "x": 0.44963163137435913,
          "y": -0.5142659544944763,
          "z": 0.3780957758426666
        }
      },
      "world_space": {
        "head": {
          "x": 0.41287553310394287,
          "y": -0.18604673445224762,
          "z": 1.330495834350586
        },
        "tail": {
          "x": 0.44963163137435913,
          "y": -0.4510219693183899,
          "z": 1.3279497623443604
        },
        "rotation_quaternion": {
          "w": 0.0425213985145092,
          "x": 0.7415071725845337,
          "y": 0.05437348783016205,
          "z": -0.667384922504425
        },
        "matrix": [
          [
            0.10328155755996704,
            0.13739341497421265,
            -0.9851172566413879,
            0.41287553310394287
          ],
          [
            0.02388004958629608,
            -0.9904708862304688,
            -0.13563653826713562,
            -0.18604673445224762
          ],
          [
            -0.994372546672821,
            -0.009516850113868713,
            -0.10557928681373596,
            1.330495834350586
          ],
          [
            0.0,
            0.0,
            0.0,
            1.0
          ]
        ]
      },
      "bone_length_armature_space": 0.267524499416635,
      "parent": "upperarm_l",
      "has_children": true,
      "is_end_bone": false
    },
    "metacarpal_thumb_l": {
      "name": "metacarpal_thumb_l",
      "local": {
        "location": {
          "x": 0.0,
          "y": 0.0,
          "z": 0.0
        },
        "rotation_quaternion": {
          "w": 0.9994986653327942,
          "x": -0.029077064245939255,
          "y": 0.0062642707489430904,
          "z": -0.010852693580091
        },
        "scale": {
          "x": 1.0,
          "y": 1.0,
          "z": 1.0
        },
        "matrix_basis": [
          [
            0.9996859431266785,
            0.0213302131742239,
            0.01315338909626007,
            0.0
          ],
          [
            -0.022058798000216484,
            0.9980734586715698,
            0.057989004999399185,
            0.0
          ],
          [
            -0.011891131289303303,
            -0.05826094374060631,
            0.9982305765151978,
            0.0
          ],
          [
            0.0,
            0.0,
            0.0,
            1.0
          ]
        ],
        "rotation_mode": "QUATERNION"
      },
      "armature_space": {
        "head": {
          "x": 0.44963163137435913,
          "y": -0.5142659544944763,
          "z": 0.3780957758426666
        },
        "tail": {
          "x": 0.4278464913368225,
          "y": -0.5577027201652527,
          "z": 0.3684915006160736
        }
      },
      "world_space": {
        "head": {
          "x": 0.44963163137435913,
          "y": -0.4510219693183899,
          "z": 1.3279497623443604
        },
        "tail": {
          "x": 0.4278464913368225,
          "y": -0.49445873498916626,
          "z": 1.318345546722412
        },
        "rotation_quaternion": {
          "w": 0.09155076742172241,
          "x": -0.9680678844451904,
          "y": 0.2305678129196167,
          "z": -0.036079131066799164
        },
        "matrix": [
          [
            0.8910735249519348,
            -0.4398043751716614,
            0.1120717003941536,
            0.44963163137435913
          ],
          [
            -0.4530167281627655,
            -0.8769139051437378,
            0.1606166660785675,
            -0.4510219693183899
          ],
          [
            0.027637207880616188,
            -0.19389382004737854,
            -0.9806404113769531,
            1.3279497623443604
          ],
          [
            0.0,
            0.0,
            0.0,
            1.0
          ]
        ]
      },
      "bone_length_armature_space": 0.049533696517754175,
      "parent": "lowerarm_l",
      "has_children": true,
      "is_end_bone": false
    },
    "thumb_01_l": {
      "name": "thumb_01_l",
      "local": {
        "location": {
          "x": 0.0,
          "y": 0.0,
          "z": 0.0
        },
        "rotation_quaternion": {
          "w": 0.9692041873931885,
          "x": 0.24517828226089478,
          "y": 0.020862743258476257,
          "z": -0.009779766201972961
        },
        "scale": {
          "x": 1.0,
          "y": 1.0,
          "z": 1.0
        },
        "matrix_basis": [
          [
            0.9989382028579712,
            0.029187364503741264,
            0.03564494475722313,
            0.0
          ],
          [
            -0.008726997300982475,
            0.8795839548110962,
            -0.4756636917591095,
            0.0
          ],
          [
            -0.04523608833551407,
            0.47484758496284485,
            0.8789047002792358,
            0.0
          ],
          [
            0.0,
            0.0,
            0.0,
            1.0
          ]
        ],
        "rotation_mode": "QUATERNION"
      },
      "armature_space": {
        "head": {
          "x": 0.4278464913368225,
          "y": -0.5577027201652527,
          "z": 0.3684915006160736
        },
        "tail": {
          "x": 0.43186911940574646,
          "y": -0.578807532787323,
          "z": 0.342089980840683
        }
      },
      "world_space": {
        "head": {
          "x": 0.4278464913368225,
          "y": -0.49445873498916626,
          "z": 1.318345546722412
        },
        "tail": {
          "x": 0.43186911940574646,
          "y": -0.5155635476112366,
          "z": 1.2919440269470215
        },
        "rotation_quaternion": {
          "w": 0.27317875623703003,
          "x": -0.4519977867603302,
          "y": 0.33964699506759644,
          "z": -0.7782745957374573
        },
        "matrix": [
          [
            -0.4421430230140686,
            0.11817887425422668,
            0.8891249895095825,
            0.4278464913368225
          ],
          [
            -0.7322554588317871,
            -0.6200270652770996,
            -0.28172385692596436,
            -0.49445873498916626
          ],
          [
            0.5179907083511353,
            -0.7756351232528687,
            0.3606801927089691,
            1.318345546722412
          ],
          [
            0.0,
            0.0,
            0.0,
            1.0
          ]
        ]
      },
      "bone_length_armature_space": 0.034038726195235534,
      "parent": "metacarpal_thumb_l",
      "has_children": true,
      "is_end_bone": false
    },
    "thumb_02_l": {
      "name": "thumb_02_l",
      "local": {
        "location": {
          "x": 0.0,
          "y": 0.0,
          "z": 0.0
        },
        "rotation_quaternion": {
          "w": 0.8943198919296265,
          "x": 0.4473993480205536,
          "y": 0.004051503259688616,
          "z": 0.0030568635556846857
        },
        "scale": {
          "x": 1.0,
          "y": 1.0,
          "z": 1.0
        },
        "matrix_basis": [
          [
            0.9999485015869141,
            -0.0018423479050397873,
            0.009981957264244556,
            0.0
          ],
          [
            0.009092907421290874,
            0.5996489524841309,
            -0.800211489200592,
            0.0
          ],
          [
            -0.004511402454227209,
            0.8002610206604004,
            0.5996348261833191,
            0.0
          ],
          [
            0.0,
            0.0,
            0.0,
            1.0
          ]
        ],
        "rotation_mode": "QUATERNION"
      },
      "armature_space": {
        "head": {
          "x": 0.43186911940574646,
          "y": -0.578807532787323,
          "z": 0.3420899510383606
        },
        "tail": {
          "x": 0.44432273507118225,
          "y": -0.5942414402961731,
          "z": 0.37701699137687683
        }
      },
      "world_space": {
        "head": {
          "x": 0.43186911940574646,
          "y": -0.5155635476112366,
          "z": 1.2919440269470215
        },
        "tail": {
          "x": 0.44432273507118225,
          "y": -0.5309974551200867,
          "z": 1.3268710374832153
        },
        "rotation_quaternion": {
          "w": 0.17971967160701752,
          "x": -0.010529929772019386,
          "y": -0.5249441266059875,
          "z": -0.8318796753883362
        },
        "matrix": [
          [
            -0.935179591178894,
            0.310065895318985,
            -0.1711675524711609,
            0.43186911940574646
          ],
          [
            -0.287956178188324,
            -0.3842684328556061,
            0.8771653175354004,
            -0.5155635476112366
          ],
          [
            0.206205815076828,
            0.8696016669273376,
            0.44864946603775024,
            1.2919440269470215
          ],
          [
            0.0,
            0.0,
            0.0,
            1.0
          ]
        ]
      },
      "bone_length_armature_space": 0.04016461310191742,
      "parent": "thumb_01_l",
      "has_children": true,
      "is_end_bone": false
    },
    "thumb_03_l": {
      "name": "thumb_03_l",
      "local": {
        "location": {
          "x": 0.0,
          "y": 0.0,
          "z": 0.0
        },
        "rotation_quaternion": {
          "w": 0.9925508499145508,
          "x": 0.12155292183160782,
          "y": -0.008218811824917793,
          "z": -0.0005651189712807536
        },
        "scale": {
          "x": 1.0,
          "y": 1.0,
          "z": 1.0
        },
        "matrix_basis": [
          [
            0.9998642802238464,
            -0.0008762225625105202,
            -0.01645256020128727,
            0.0
          ],
          [
            -0.0031198598444461823,
            0.9704491496086121,
            -0.24128562211990356,
            0.0
          ],
          [
            0.016177793964743614,
            0.2413042038679123,
            0.9703146815299988,
            0.0
          ],
          [
            0.0,
            0.0,
            0.0,
            1.0
          ]
        ],
        "rotation_mode": "QUATERNION"
      },
      "armature_space": {
        "head": {
          "x": 0.4443226754665375,
          "y": -0.5942414999008179,
          "z": 0.37701693177223206
        },
        "tail": {
          "x": 0.45189550518989563,
          "y": -0.5910742282867432,
          "z": 0.4063345789909363
        }
      },
      "world_space": {
        "head": {
          "x": 0.4443226754665375,
          "y": -0.5309975147247314,
          "z": 1.3268709182739258
        },
        "tail": {
          "x": 0.45189550518989563,
          "y": -0.5278302431106567,
          "z": 1.3561885356903076
        },
        "rotation_quaternion": {
          "w": 0.33999964594841003,
          "x": 0.14771990478038788,
          "y": -0.6606177687644958,
          "z": -0.6528119444847107
        },
        "matrix": [
          [
            -0.7251569032669067,
            0.24873889982700348,
            -0.6420876979827881,
            0.4443226754665375
          ],
          [
            -0.6390856504440308,
            0.10403208434581757,
            0.7620676159858704,
            -0.5309975147247314
          ],
          [
            0.2563546299934387,
            0.9629744291305542,
            0.08352723717689514,
            1.3268709182739258
          ],
          [
            0.0,
            0.0,
            0.0,
            1.0
          ]
        ]
      },
      "bone_length_armature_space": 0.030445094381025446,
      "parent": "thumb_02_l",
      "has_children": false,
      "is_end_bone": true
    },
    "metacarpal_index_l": {
      "name": "metacarpal_index_l",
      "local": {
        "location": {
          "x": 0.0,
          "y": 0.0,
          "z": 0.0
        },
        "rotation_quaternion": {
          "w": 0.9985227584838867,
          "x": -0.05333103612065315,
          "y": -0.003758135484531522,
          "z": 0.009694110602140427
        },
        "scale": {
          "x": 1.0,
          "y": 1.0,
          "z": 1.0
        },
        "matrix_basis": [
          [
            0.9997838139533997,
            -0.01895872876048088,
            -0.008539161644876003,
            0.0
          ],
          [
            0.019760429859161377,
            0.994123637676239,
            0.10643164068460464,
            0.0
          ],
          [
            0.0064711738377809525,
            -0.10657736659049988,
            0.9942833781242371,
            0.0
          ],
          [
            0.0,
            0.0,
            0.0,
            1.0
          ]
        ],
        "rotation_mode": "QUATERNION"
      },
      "armature_space": {
        "head": {
          "x": 0.44963163137435913,
          "y": -0.5142659544944763,
          "z": 0.3780957758426666
        },
        "tail": {
          "x": 0.4345555603504181,
          "y": -0.6304574608802795,
          "z": 0.37930354475975037
        }
      },
      "world_space": {
        "head": {
          "x": 0.44963163137435913,
          "y": -0.4510219693183899,
          "z": 1.3279497623443604
        },
        "tail": {
          "x": 0.4345555603504181,
          "y": -0.5672134757041931,
          "z": 1.3291575908660889
        },
        "rotation_quaternion": {
          "w": 0.01199535746127367,
          "x": -0.9626794457435608,
          "y": 0.0635526105761528,
          "z": 0.2628031373023987
        },
        "matrix": [
          [
            0.8537911772727966,
            -0.12866652011871338,
            -0.504465639591217,
            0.44963163137435913
          ],
          [
            -0.1160568818449974,
            -0.9916343688964844,
            0.05649876594543457,
            -0.4510219693183899
          ],
          [
            -0.5075187087059021,
            0.010307729244232178,
            -0.8615874648094177,
            1.3279497623443604
          ],
          [
            0.0,
            0.0,
            0.0,
            1.0
          ]
        ]
      },
      "bone_length_armature_space": 0.11717172286128488,
      "parent": "lowerarm_l",
      "has_children": true,
      "is_end_bone": false
    },
    "index_01_l": {
      "name": "index_01_l",
      "local": {
        "location": {
          "x": 0.0,
          "y": 0.0,
          "z": 0.0
        },
        "rotation_quaternion": {
          "w": 0.9303064346313477,
          "x": 0.36640822887420654,
          "y": -0.013814284466207027,
          "z": -0.009179907850921154
        },
        "scale": {
          "x": 1.0,
          "y": 1.0,
          "z": 1.0
        },
        "matrix_basis": [
          [
            0.9994497895240784,
            0.006956919562071562,
            -0.03243022412061691,
            0.0
          ],
          [
            -0.02720358967781067,
            0.7313214540481567,
            -0.6814902424812317,
            0.0
          ],
          [
            0.018975848332047462,
            0.6819974780082703,
            0.7311083674430847,
            0.0
          ],
          [
            0.0,
            0.0,
            0.0,
            1.0
          ]
        ],
        "rotation_mode": "QUATERNION"
      },
      "armature_space": {
        "head": {
          "x": 0.4345555603504181,
          "y": -0.6304574608802795,
          "z": 0.37930354475975037
        },
        "tail": {
          "x": 0.43066415190696716,
          "y": -0.6519943475723267,
          "z": 0.36102527379989624
        }
      },
      "world_space": {
        "head": {
          "x": 0.4345555603504181,
          "y": -0.5672134757041931,
          "z": 1.3291575908660889
        },
        "tail": {
          "x": 0.43066415190696716,
          "y": -0.5887503623962402,
          "z": 1.3108792304992676
        },
        "rotation_quaternion": {
          "w": 0.34804168343544006,
          "x": -0.8922582864761353,
          "y": -0.03489822894334793,
          "z": 0.28552454710006714
        },
        "matrix": [
          [
            0.8345162272453308,
            -0.13647183775901794,
            -0.5338147282600403,
            0.4345555603504181
          ],
          [
            0.26102474331855774,
            -0.7552990317344666,
            0.6011567711830139,
            -0.5672134757041931
          ],
          [
            -0.48523393273353577,
            -0.6410192251205444,
            -0.5946905612945557,
            1.3291575908660889
          ],
          [
            0.0,
            0.0,
            0.0,
            1.0
          ]
        ]
      },
      "bone_length_armature_space": 0.02851448291666843,
      "parent": "metacarpal_index_l",
      "has_children": true,
      "is_end_bone": false
    },
    "index_02_l": {
      "name": "index_02_l",
      "local": {
        "location": {
          "x": 0.0,
          "y": 0.0,
          "z": 0.0
        },
        "rotation_quaternion": {
          "w": 0.8880437612533569,
          "x": 0.45975252985954285,
          "y": -0.0010851972037926316,
          "z": 0.002194526605308056
        },
        "scale": {
          "x": 1.0,
          "y": 1.0,
          "z": 1.0
        },
        "matrix_basis": [
          [
            0.9999880194664001,
            -0.004895515739917755,
            9.047310595633462e-05,
            0.0
          ],
          [
            0.0028998269699513912,
            0.5772455930709839,
            -0.8165655136108398,
            0.0
          ],
          [
            0.003945283591747284,
            0.8165559768676758,
            0.5772528648376465,
            0.0
          ],
          [
            0.0,
            0.0,
            0.0,
            1.0
          ]
        ],
        "rotation_mode": "QUATERNION"
      },
      "armature_space": {
        "head": {
          "x": 0.43066373467445374,
          "y": -0.651994526386261,
          "z": 0.36102497577667236
        },
        "tail": {
          "x": 0.41681262850761414,
          "y": -0.651769757270813,
          "z": 0.3394334614276886
        }
      },
      "world_space": {
        "head": {
          "x": 0.43066373467445374,
          "y": -0.5887505412101746,
          "z": 1.3108789920806885
        },
        "tail": {
          "x": 0.41681262850761414,
          "y": -0.5885257720947266,
          "z": 1.2892874479293823
        },
        "rotation_quaternion": {
          "w": 0.7049677968025208,
          "x": -0.6342390179634094,
          "y": 0.08603356033563614,
          "z": 0.3055479824542999
        },
        "matrix": [
          [
            0.7984762191772461,
            -0.5399350523948669,
            -0.2662816643714905,
            0.43066373467445374
          ],
          [
            0.3216741979122162,
            0.008762091398239136,
            0.9468098878860474,
            -0.5887505412101746
          ],
          [
            -0.5088860392570496,
            -0.8416672348976135,
            0.18068155646324158,
            1.3108789920806885
          ],
          [
            0.0,
            0.0,
            0.0,
            1.0
          ]
        ]
      },
      "bone_length_armature_space": 0.025653404256929524,
      "parent": "index_01_l",
      "has_children": true,
      "is_end_bone": false
    },
    "index_03_l": {
      "name": "index_03_l",
      "local": {
        "location": {
          "x": 0.0,
          "y": 0.0,
          "z": 0.0
        },
        "rotation_quaternion": {
          "w": 0.9358118772506714,
          "x": 0.3524009883403778,
          "y": 0.007994456216692924,
          "z": 0.00240222061984241
        },
        "scale": {
          "x": 1.0,
          "y": 1.0,
          "z": 1.0
        },
        "matrix_basis": [
          [
            0.9998606443405151,
            0.001138455350883305,
            0.016655704006552696,
            0.0
          ],
          [
            0.010130561888217926,
            0.7516155242919922,
            -0.6595236659049988,
            0.0
          ],
          [
            -0.013269524089992046,
            0.6596004962921143,
            0.7514992356300354,
            0.0
          ],
          [
            0.0,
            0.0,
            0.0,
            1.0
          ]
        ],
        "rotation_mode": "QUATERNION"
      },
      "armature_space": {
        "head": {
          "x": 0.4168126583099365,
          "y": -0.6517698764801025,
          "z": 0.3394334614276886
        },
        "tail": {
          "x": 0.40307116508483887,
          "y": -0.6305739283561707,
          "z": 0.3247488737106323
        }
      },
      "world_space": {
        "head": {
          "x": 0.4168126583099365,
          "y": -0.5885258913040161,
          "z": 1.2892874479293823
        },
        "tail": {
          "x": 0.40307116508483887,
          "y": -0.5673299431800842,
          "z": 1.2746028900146484
        },
        "rotation_quaternion": {
          "w": 0.9101294875144958,
          "x": -0.3156343698501587,
          "y": 0.18540950119495392,
          "z": 0.1940685212612152
        },
        "matrix": [
          [
            0.8559215664863586,
            -0.4702984690666199,
            0.21498291194438934,
            0.4168126583099365
          ],
          [
            0.23621255159378052,
            0.7254242897033691,
            0.6465007662773132,
            -0.5885258913040161
          ],
          [
            -0.4600052535533905,
            -0.5025753974914551,
            0.7320025563240051,
            1.2892874479293823
          ],
          [
            0.0,
            0.0,
            0.0,
            1.0
          ]
        ]
      },
      "bone_length_armature_space": 0.029218726186420685,
      "parent": "index_02_l",
      "has_children": false,
      "is_end_bone": true
    },
    "metacarpal_pinky_l": {
      "name": "metacarpal_pinky_l",
      "local": {
        "location": {
          "x": 0.0,
          "y": 0.0,
          "z": 0.0
        },
        "rotation_quaternion": {
          "w": 0.9995586276054382,
          "x": -0.029184628278017044,
          "y": 0.0017782454378902912,
          "z": -0.005268763285130262
        },
        "scale": {
          "x": 1.0,
          "y": 1.0,
          "z": 1.0
        },
        "matrix_basis": [
          [
            0.9999381303787231,
            0.010429080575704575,
            0.0038624550215899944,
            0.0
          ],
          [
            -0.010636670514941216,
            0.9982410073280334,
            0.05832475423812866,
            0.0
          ],
          [
            -0.0032473872415721416,
            -0.05836223065853119,
            0.9982901811599731,
            0.0
          ],
          [
            0.0,
            0.0,
            0.0,
            1.0
          ]
        ],
        "rotation_mode": "QUATERNION"
      },
      "armature_space": {
        "head": {
          "x": 0.44963163137435913,
          "y": -0.5142659544944763,
          "z": 0.3780957758426666
        },
        "tail": {
          "x": 0.4955389201641083,
          "y": -0.6076361536979675,
          "z": 0.37388375401496887
        }
      },
      "world_space": {
        "head": {
          "x": 0.44963163137435913,
          "y": -0.4510219693183899,
          "z": 1.3279497623443604
        },
        "tail": {
          "x": 0.4955389201641083,
          "y": -0.5443921685218811,
          "z": 1.3237377405166626
        },
        "rotation_quaternion": {
          "w": 0.21868260204792023,
          "x": 0.17899252474308014,
          "y": 0.06201902776956558,
          "z": -0.9572321772575378
        },
        "matrix": [
          [
            -0.8402792811393738,
            0.44086194038391113,
            -0.31554940342903137,
            0.44963163137435913
          ],
          [
            -0.39645832777023315,
            -0.8966630697250366,
            -0.19701828062534332,
            -0.4510219693183899
          ],
          [
            -0.3698023557662964,
            -0.04044926166534424,
            0.92823725938797,
            1.3279497623443604
          ],
          [
            0.0,
            0.0,
            0.0,
            1.0
          ]
        ]
      },
      "bone_length_armature_space": 0.10413075663349017,
      "parent": "lowerarm_l",
      "has_children": true,
      "is_end_bone": false
    },
    "pinky_01_l": {
      "name": "pinky_01_l",
      "local": {
        "location": {
          "x": 0.0,
          "y": 0.0,
          "z": 0.0
        },
        "rotation_quaternion": {
          "w": 0.9370402097702026,
          "x": 0.3485371172428131,
          "y": -0.02092735469341278,
          "z": -0.006301251705735922
        },
        "scale": {
          "x": 1.0,
          "y": 1.0,
          "z": 1.0
        },
        "matrix_basis": [
          [
            0.99904465675354,
            -0.00277886725962162,
            -0.04361198469996452,
            0.0
          ],
          [
            -0.026396973058581352,
            0.7569643259048462,
            -0.6529228687286377,
            0.0
          ],
          [
            0.034827105700969696,
            0.6534503102302551,
            0.7561678290367126,
            0.0
          ],
          [
            0.0,
            0.0,
            0.0,
            1.0
          ]
        ],
        "rotation_mode": "QUATERNION"
      },
      "armature_space": {
        "head": {
          "x": 0.4955389201641083,
          "y": -0.6076361536979675,
          "z": 0.37388375401496887
        },
        "tail": {
