{
  "metadata": {
    "armature_name": "KIM_caucasian_male",
    "export_time": "2026-01-13T20:24:56.446498",
    "blender_version": "4.4.1",
    "bone_count": 56,
    "end_bone_count": 13,
    "spaces_included": [
      "LOCAL_CHANNELS",
      "ARMATURE_SPACE",
      "WORLD_SPACE"
    ],
    "note": "LOCAL matches Transform panel; replay pose via local.matrix_basis for best fidelity."
  },
  "bones": {
    "Root": {
      "name": "Root",
      "local": {
        "location": {
          "x": 0.0,
          "y": 0.0,
          "z": 0.0
        },
        "rotation_quaternion": {
          "w": 0.9997994303703308,
          "x": 0.008386661298573017,
          "y": -0.012308661825954914,
          "z": 0.01338934525847435
        },
        "scale": {
          "x": 1.0,
          "y": 1.0,
          "z": 1.0
        },
        "matrix_basis": [
          [
            0.9993384480476379,
            -0.026979776099324226,
            -0.024387802928686142,
            0.0
          ],
          [
            0.02656686305999756,
            0.9995007514953613,
            -0.017099568620324135,
            0.0
          ],
          [
            0.02483697049319744,
            0.01644034869968891,
            0.999556303024292,
            0.0
          ],
          [
            0.0,
            0.0,
            0.0,
            1.0
          ]
        ],
        "rotation_mode": "QUATERNION"
      },
      "armature_space": {
        "head": {
          "x": 0.0,
          "y": 0.07072800397872925,
          "z": -0.009595036506652832
        },
        "tail": {
          "x": -0.001925705000758171,
          "y": -0.00012243539094924927,
          "z": -0.0011675916612148285
        }
      },
      "world_space": {
        "head": {
          "x": 0.0,
          "y": 0.13397200405597687,
          "z": 0.9402589797973633
        },
        "tail": {
          "x": -0.001925705000758171,
          "y": 0.06312156468629837,
          "z": 0.948686420917511
        },
        "rotation_quaternion": {
          "w": 0.05898653715848923,
          "x": 0.9980931878089905,
          "y": -0.014188137836754322,
          "z": -0.011378688737750053
        },
        "matrix": [
          [
            0.9993384480476379,
            -0.026979776099324226,
            -0.024387802928686142,
            0.0
          ],
          [
            -0.029664546251296997,
            -0.9926385283470154,
            -0.11742568761110306,
            0.13397200405597687
          ],
          [
            -0.021040327847003937,
            0.11807134002447128,
            -0.9927892684936523,
            0.9402589797973633
          ],
          [
            0.0,
            0.0,
            0.0,
            1.0
          ]
        ]
      },
      "bone_length_armature_space": 0.07137587179793857,
      "parent": null,
      "has_children": true,
      "is_end_bone": false
    },
    "spine_01": {
      "name": "spine_01",
      "local": {
        "location": {
          "x": 0.0,
          "y": 0.0,
          "z": 0.0
        },
        "rotation_quaternion": {
          "w": 0.9948444962501526,
          "x": 0.08356274664402008,
          "y": -0.030725540593266487,
          "z": -0.048555947840213776
        },
        "scale": {
          "x": 1.0,
          "y": 1.0,
          "z": 1.0
        },
        "matrix_basis": [
          [
            0.993396520614624,
            0.09147621691226959,
            -0.06924920529127121,
            0.0
          ],
          [
            -0.10174625366926193,
            0.9813191890716553,
            -0.16328005492687225,
            0.0
          ],
          [
            0.05301933363080025,
            0.16924768686294556,
            0.9841464161872864,
            0.0
          ],
          [
            0.0,
            0.0,
            0.0,
            1.0
          ]
        ],
        "rotation_mode": "QUATERNION"
      },
      "armature_space": {
        "head": {
          "x": -0.001925705000758171,
          "y": -0.00012243539094924927,
          "z": -0.0011675916612148285
        },
        "tail": {
          "x": 0.050785474479198456,
          "y": -0.06976856291294098,
          "z": 0.4789566993713379
        }
      },
      "world_space": {
        "head": {
          "x": -0.001925705000758171,
          "y": 0.06312156468629837,
          "z": 0.948686420917511
        },
        "tail": {
          "x": 0.050785474479198456,
          "y": -0.006524562835693359,
          "z": 1.428810715675354
        },
        "rotation_quaternion": {
          "w": 0.6546640992164612,
          "x": 0.7522633671760559,
          "y": 0.007495940662920475,
          "z": -0.07388260215520859
        },
        "matrix": [
          [
            0.9889703989028931,
            0.10801443457603455,
            -0.10134294629096985,
            -0.001925705000758171
          ],
          [
            -0.08545802533626556,
            -0.14271710813045502,
            -0.9860673546791077,
            0.06312156468629837
          ],
          [
            -0.12097379565238953,
            0.9838587641716003,
            -0.1319141387939453,
            0.948686420917511
          ],
          [
            0.0,
            0.0,
            0.0,
            1.0
          ]
        ]
      },
      "bone_length_armature_space": 0.4880044992075336,
      "parent": "Root",
      "has_children": true,
      "is_end_bone": false
    },
    "neck_01": {
      "name": "neck_01",
      "local": {
        "location": {
          "x": 0.0,
          "y": 0.0,
          "z": 0.0
        },
        "rotation_quaternion": {
          "w": 0.9891602396965027,
          "x": 0.03769020363688469,
          "y": 0.06368927657604218,
          "z": -0.12682802975177765
        },
        "scale": {
          "x": 1.0,
          "y": 1.0,
          "z": 1.0
        },
        "matrix_basis": [
          [
            0.9597166776657104,
            0.25570741295814514,
            0.11643745005130768,
            0.0
          ],
          [
            -0.24610556662082672,
            0.9649881720542908,
            -0.09071847051382065,
            0.0
          ],
          [
            -0.1355581432580948,
            0.05840812996029854,
            0.9890462756156921,
            0.0
          ],
          [
            0.0,
            0.0,
            0.0,
            1.0
          ]
        ],
        "rotation_mode": "QUATERNION"
      },
      "armature_space": {
        "head": {
          "x": 0.05517950281500816,
          "y": -0.11441533267498016,
          "z": 0.5464184880256653
        },
        "tail": {
          "x": 0.08635822683572769,
          "y": -0.17195263504981995,
          "z": 0.6253364682197571
        }
      },
      "world_space": {
        "head": {
          "x": 0.05517950281500816,
          "y": -0.051171332597732544,
          "z": 1.4962725639343262
        },
        "tail": {
          "x": 0.08635822683572769,
          "y": -0.10870863497257233,
          "z": 1.575190544128418
        },
        "rotation_quaternion": {
          "w": 0.4496442377567291,
          "x": 0.8797539472579956,
          "y": 0.13118112087249756,
          "z": -0.08151436597108841
        },
        "matrix": [
          [
            0.9522938132286072,
            0.30411937832832336,
            -0.025454409420490265,
            0.05517950281500816
          ],
          [
            0.15751025080680847,
            -0.5612227916717529,
            -0.8125391602516174,
            -0.051171332597732544
          ],
          [
            -0.2613961100578308,
            0.7697713375091553,
            -0.5823556780815125,
            1.4962725639343262
          ],
          [
            0.0,
            0.0,
            0.0,
            1.0
          ]
        ]
      },
      "bone_length_armature_space": 0.10252171182293812,
      "parent": "spine_01",
      "has_children": true,
      "is_end_bone": false
    },
    "head": {
      "name": "head",
      "local": {
        "location": {
          "x": 0.0,
          "y": 0.0,
          "z": 0.0
        },
        "rotation_quaternion": {
          "w": 0.979740560054779,
          "x": -0.09728507697582245,
          "y": 0.042911626398563385,
          "z": 0.16971355676651
        },
        "scale": {
          "x": 1.0,
          "y": 1.0,
          "z": 1.0
        },
        "matrix_basis": [
          [
            0.9387118220329285,
            -0.34089982509613037,
            0.051063328981399536,
            0.0
          ],
          [
            0.32420119643211365,
            0.9234658479690552,
            0.2051936388015747,
            0.0
          ],
          [
            -0.11710571497678757,
            -0.17606289684772491,
            0.9773884415626526,
            0.0
          ],
          [
            0.0,
            0.0,
            0.0,
            1.0
          ]
        ],
        "rotation_mode": "QUATERNION"
      },
      "armature_space": {
        "head": {
          "x": 0.0863582044839859,
          "y": -0.1719527244567871,
          "z": 0.6253362894058228
        },
        "tail": {
          "x": 0.07555386424064636,
          "y": -0.18676882982254028,
          "z": 0.7793397307395935
        }
      },
      "world_space": {
        "head": {
          "x": 0.0863582044839859,
          "y": -0.10870872437953949,
          "z": 1.5751903057098389
        },
        "tail": {
          "x": 0.07555386424064636,
          "y": -0.12352482974529266,
          "z": 1.7291936874389648
        },
        "rotation_quaternion": {
          "w": 0.6713730692863464,
          "x": 0.7341036200523376,
          "y": 0.03862634301185608,
          "z": 0.09411785751581192
        },
        "matrix": [
          [
            0.9792998433113098,
            -0.069664865732193,
            0.19004929065704346,
            0.0863582044839859
          ],
          [
            0.18308734893798828,
            -0.09553214907646179,
            -0.9784442186355591,
            -0.10870872437953949
          ],
          [
            0.08631981164216995,
            0.9929925799369812,
            -0.08080127835273743,
            1.5751903057098389
          ],
          [
            0.0,
            0.0,
            0.0,
            1.0
          ]
        ]
      },
      "bone_length_armature_space": 0.1550913003163547,
      "parent": "neck_01",
      "has_children": false,
      "is_end_bone": true
    },
    "upperarm_l": {
      "name": "upperarm_l",
      "local": {
        "location": {
          "x": 0.0,
          "y": 0.0,
          "z": 0.0
        },
        "rotation_quaternion": {
          "w": 0.9161438941955566,
          "x": 0.1931753009557724,
          "y": 0.2833217680454254,
          "z": 0.20758727192878723
        },
        "scale": {
          "x": 1.0,
          "y": 1.0,
          "z": 1.0
        },
        "matrix_basis": [
          [
            0.7532725930213928,
            -0.27089807391166687,
            0.5993284583091736,
            0.0
          ],
          [
            0.4898211658000946,
            0.839181661605835,
            -0.2363247573375702,
            0.0
          ],
          [
            -0.43892553448677063,
            0.47158074378967285,
            0.7648241519927979,
            0.0
          ],
          [
            0.0,
            0.0,
            0.0,
            1.0
          ]
        ],
        "rotation_mode": "QUATERNION"
      },
      "armature_space": {
        "head": {
          "x": 0.1959424614906311,
          "y": -0.12078703939914703,
          "z": 0.4617287814617157
        },
        "tail": {
          "x": 0.4194685220718384,
          "y": -0.26725640892982483,
          "z": 0.48148855566978455
        }
      },
      "world_space": {
        "head": {
          "x": 0.1959424614906311,
          "y": -0.057543039321899414,
          "z": 1.4115828275680542
        },
        "tail": {
          "x": 0.4194685220718384,
          "y": -0.2040124088525772,
          "z": 1.431342601776123
        },
        "rotation_quaternion": {
          "w": 0.2202782779932022,
          "x": 0.8124005794525146,
          "y": 0.4221158027648926,
          "z": -0.33660218119621277
        },
        "matrix": [
          [
            0.41703370213508606,
            0.834147572517395,
            -0.36094415187835693,
            0.1959424614906311
          ],
          [
            0.5375622510910034,
            -0.5465898513793945,
            -0.6420798897743225,
            -0.057543039321899414
          ],
          [
            -0.7328824400901794,
            0.0737389624118805,
            -0.6763579845428467,
            1.4115828275680542
          ],
          [
            0.0,
            0.0,
            0.0,
            1.0
          ]
        ]
      },
      "bone_length_armature_space": 0.267969445831192,
      "parent": "spine_01",
      "has_children": true,
      "is_end_bone": false
    },
    "lowerarm_l": {
      "name": "lowerarm_l",
      "local": {
        "location": {
          "x": 0.0,
          "y": 0.0,
          "z": 0.0
        },
        "rotation_quaternion": {
          "w": 0.9450535774230957,
          "x": 0.12152685970067978,
          "y": -0.012960494495928288,
          "z": -0.30321115255355835
        },
        "scale": {
          "x": 1.0,
          "y": 1.0,
          "z": 1.0
        },
        "matrix_basis": [
          [
            0.815790057182312,
            0.5699514746665955,
            -0.09819332510232925,
            0.0
          ],
          [
            -0.5762516856193542,
            0.7865884304046631,
            -0.22183924913406372,
            0.0
          ],
          [
            -0.04919987544417381,
            0.23755832016468048,
            0.9701265096664429,
            0.0
          ],
          [
            0.0,
            0.0,
            0.0,
            1.0
          ]
        ],
        "rotation_mode": "QUATERNION"
      },
      "armature_space": {
        "head": {
          "x": 0.4194685220718384,
          "y": -0.26725655794143677,
          "z": 0.4814886450767517
        },
        "tail": {
          "x": 0.6074056625366211,
          "y": -0.3829050660133362,
          "z": 0.33024460077285767
        }
      },
      "world_space": {
        "head": {
          "x": 0.4194685220718384,
          "y": -0.20401255786418915,
          "z": 1.431342601776123
        },
        "tail": {
          "x": 0.6074056625366211,
          "y": -0.31966108083724976,
          "z": 1.2800986766815186
        },
        "rotation_quaternion": {
          "w": 0.019485486671328545,
          "x": -0.6782448291778564,
          "y": -0.5324220657348633,
          "z": 0.5060939192771912
        },
        "matrix": [
          [
            -0.07921086251735687,
            0.7025043964385986,
            -0.7072573900222778,
            0.4194685220718384
          ],
          [
            0.7419475317001343,
            -0.43229132890701294,
            -0.5124824643135071,
            -0.20401255786418915
          ],
          [
            -0.6657664179801941,
            -0.5653465390205383,
            -0.48698320984840393,
            1.431342601776123
          ],
          [
            0.0,
            0.0,
            0.0,
            1.0
          ]
        ]
      },
      "bone_length_armature_space": 0.26752515080513845,
      "parent": "upperarm_l",
      "has_children": true,
      "is_end_bone": false
    },
    "metacarpal_thumb_l": {
      "name": "metacarpal_thumb_l",
      "local": {
        "location": {
          "x": 0.0,
          "y": 0.0,
          "z": 0.0
        },
        "rotation_quaternion": {
          "w": 0.9979273676872253,
          "x": -0.06264496594667435,
          "y": -0.013863685540854931,
          "z": -0.0049454099498689175
        },
        "scale": {
          "x": 1.0,
          "y": 1.0,
          "z": 1.0
        },
        "matrix_basis": [
          [
            0.9995666742324829,
            0.011607300490140915,
            -0.027050292119383812,
            0.0
          ],
          [
            -0.008133339695632458,
            0.992102324962616,
            0.1251673698425293,
            0.0
          ],
          [
            0.028289511799812317,
            -0.12489312887191772,
            0.9917668104171753,
            0.0
          ],
          [
            0.0,
            0.0,
            0.0,
            1.0
          ]
        ],
        "rotation_mode": "QUATERNION"
      },
      "armature_space": {
        "head": {
          "x": 0.6074056625366211,
          "y": -0.3829050660133362,
          "z": 0.33024460077285767
        },
        "tail": {
          "x": 0.6150959730148315,
          "y": -0.4128503203392029,
          "z": 0.2915438413619995
        }
      },
      "world_space": {
        "head": {
          "x": 0.6074056625366211,
          "y": -0.31966108083724976,
          "z": 1.2800986766815186
        },
        "tail": {
          "x": 0.6150959730148315,
          "y": -0.34960633516311646,
          "z": 1.2413978576660156
        },
        "rotation_quaternion": {
          "w": 0.43076106905937195,
          "x": -0.894362211227417,
          "y": -0.11033254861831665,
          "z": 0.04886806756258011
        },
        "matrix": [
          [
            0.9708771109580994,
            0.15525367856025696,
            -0.18246577680110931,
            0.6074056625366211
          ],
          [
            0.2394559681415558,
            -0.6045437455177307,
            0.759728729724884,
            -0.31966108083724976
          ],
          [
            0.007642409764230251,
            -0.7813019156455994,
            -0.6241178512573242,
            1.2800986766815186
          ],
          [
            0.0,
            0.0,
            0.0,
            1.0
          ]
        ]
      },
      "bone_length_armature_space": 0.04953390642176158,
      "parent": "lowerarm_l",
      "has_children": true,
      "is_end_bone": false
    },
    "thumb_01_l": {
      "name": "thumb_01_l",
      "local": {
        "location": {
          "x": 0.0,
          "y": 0.0,
          "z": 0.0
        },
        "rotation_quaternion": {
          "w": 0.9991982579231262,
          "x": 0.0305526964366436,
          "y": 0.021902991458773613,
          "z": -0.013775510713458061
        },
        "scale": {
          "x": 1.0,
          "y": 1.0,
          "z": 1.0
        },
        "matrix_basis": [
          [
            0.9986609816551208,
            0.028867322951555252,
            0.04292910546064377,
            0.0
          ],
          [
            -0.026190541684627533,
            0.9977535605430603,
            -0.06165985018014908,
            0.0
          ],
          [
            -0.044612620025873184,
            0.06045295298099518,
            0.9971736073493958,
            0.0
          ],
          [
            0.0,
            0.0,
            0.0,
            1.0
          ]
        ],
        "rotation_mode": "QUATERNION"
      },
      "armature_space": {
        "head": {
          "x": 0.6150959730148315,
          "y": -0.4128503203392029,
          "z": 0.2915438413619995
        },
        "tail": {
          "x": 0.6121972799301147,
          "y": -0.4086795449256897,
          "z": 0.2578861117362976
        }
      },
      "world_space": {
        "head": {
          "x": 0.6150959730148315,
          "y": -0.34960633516311646,
          "z": 1.2413978576660156
        },
        "tail": {
          "x": 0.6121972799301147,
          "y": -0.34543555974960327,
          "z": 1.207740068435669
        },
        "rotation_quaternion": {
          "w": 0.560732364654541,
          "x": -0.5316247940063477,
          "y": 0.49683451652526855,
          "z": -0.3951074182987213
        },
        "matrix": [
          [
            0.19408932328224182,
            -0.08515916764736176,
            0.9772805571556091,
            0.6150959730148315
          ],
          [
            -0.9713582992553711,
            0.12253041565418243,
            0.20359057188034058,
            -0.34960633516311646
          ],
          [
            -0.13708607852458954,
            -0.9888114929199219,
            -0.058938510715961456,
            1.2413978576660156
          ],
          [
            0.0,
            0.0,
            0.0,
            1.0
          ]
        ]
      },
      "bone_length_armature_space": 0.03403880907874633,
      "parent": "metacarpal_thumb_l",
      "has_children": true,
      "is_end_bone": false
    },
    "thumb_02_l": {
      "name": "thumb_02_l",
      "local": {
        "location": {
          "x": 0.0,
          "y": 0.0,
          "z": 0.0
        },
        "rotation_quaternion": {
          "w": 0.9898350238800049,
          "x": 0.14196549355983734,
          "y": -0.003789440030232072,
          "z": 0.007619030773639679
        },
        "scale": {
          "x": 1.0,
          "y": 1.0,
          "z": 1.0
        },
        "matrix_basis": [
          [
            0.9998551607131958,
            -0.01615910604596138,
            -0.005338562186807394,
            0.0
          ],
          [
            0.01400722749531269,
            0.9595754742622375,
            -0.28110256791114807,
            0.0
          ],
          [
            0.009665119461715221,
            0.28098708391189575,
            0.9596628546714783,
            0.0
          ],
          [
            0.0,
            0.0,
            0.0,
            1.0
          ]
        ],
        "rotation_mode": "QUATERNION"
      },
      "armature_space": {
        "head": {
          "x": 0.61219722032547,
          "y": -0.4086795151233673,
          "z": 0.2578861117362976
        },
        "tail": {
          "x": 0.6443741321563721,
          "y": -0.4279196560382843,
          "z": 0.24347616732120514
        }
      },
      "world_space": {
        "head": {
          "x": 0.61219722032547,
          "y": -0.3454355001449585,
          "z": 1.207740068435669
        },
        "tail": {
          "x": 0.6443741321563721,
          "y": -0.3646756410598755,
          "z": 1.19333016872406
        },
        "rotation_quaternion": {
          "w": 0.48826736211776733,
          "x": -0.10776206105947495,
          "y": 0.14858517050743103,
          "z": -0.8531734347343445
        },
        "matrix": [
          [
            -0.49996399879455566,
            0.8011298179626465,
            0.32897883653640747,
            0.61219722032547
          ],
          [
            -0.8651774525642395,
            -0.47903457283973694,
            -0.14830268919467926,
            -0.3454355001449585
          ],
          [
            0.03878198191523552,
            -0.3587740659713745,
            0.9326261281967163,
            1.207740068435669
          ],
          [
            0.0,
            0.0,
            0.0,
            1.0
          ]
        ]
      },
      "bone_length_armature_space": 0.040164451512728676,
      "parent": "thumb_01_l",
      "has_children": true,
      "is_end_bone": false
    },
    "thumb_03_l": {
      "name": "thumb_03_l",
      "local": {
        "location": {
          "x": 0.0,
          "y": 0.0,
          "z": 0.0
        },
        "rotation_quaternion": {
          "w": 0.9990097284317017,
          "x": 0.044146742671728134,
          "y": -0.005431164056062698,
          "z": 0.00113820587284863
        },
        "scale": {
          "x": 1.0,
          "y": 1.0,
          "z": 1.0
        },
        "matrix_basis": [
          [
            0.999938428401947,
            -0.0027536938432604074,
            -0.010751075111329556,
            0.0
          ],
          [
            0.0017946211155503988,
            0.9960995316505432,
            -0.08821841329336166,
            0.0
          ],
          [
            0.01095206756144762,
            0.08819368481636047,
            0.9960431456565857,
            0.0
          ],
          [
            0.0,
            0.0,
            0.0,
            1.0
          ]
        ],
        "rotation_mode": "QUATERNION"
      },
      "armature_space": {
        "head": {
          "x": 0.6443740725517273,
          "y": -0.4279196858406067,
          "z": 0.24347612261772156
        },
        "tail": {
          "x": 0.6724720597267151,
          "y": -0.43963611125946045,
          "z": 0.24313069880008698
        }
      },
      "world_space": {
        "head": {
          "x": 0.6443740725517273,
          "y": -0.36467570066452026,
          "z": 1.19333016872406
        },
        "tail": {
          "x": 0.6724720597267151,
          "y": -0.376392126083374,
          "z": 1.192984700202942
        },
        "rotation_quaternion": {
          "w": 0.5445051789283752,
          "x": 0.1479780524969101,
          "y": 0.10532624274492264,
          "z": -0.8188547492027283
        },
        "matrix": [
          [
            -0.36323317885398865,
            0.9229134321212769,
            -0.1276419758796692,
            0.6443740725517273
          ],
          [
            -0.8605695962905884,
            -0.38484007120132446,
            -0.33364352583885193,
            -0.36467570066452026
          ],
          [
            -0.35704922676086426,
            -0.011345990002155304,
            0.934024453163147,
            1.19333016872406
          ],
          [
            0.0,
            0.0,
            0.0,
            1.0
          ]
        ]
      },
      "bone_length_armature_space": 0.030444881504951428,
      "parent": "thumb_02_l",
      "has_children": false,
      "is_end_bone": true
    },
    "metacarpal_index_l": {
      "name": "metacarpal_index_l",
      "local": {
        "location": {
          "x": 0.0,
          "y": 0.0,
          "z": 0.0
        },
        "rotation_quaternion": {
          "w": 0.9992926716804504,
          "x": -0.03715876117348671,
          "y": 0.001693270169198513,
          "z": 0.005535590462386608
        },
        "scale": {
          "x": 1.0,
          "y": 1.0,
          "z": 1.0
        },
        "matrix_basis": [
          [
            0.9999330043792725,
            -0.011189189739525318,
            0.0029727534856647253,
            0.0
          ],
          [
            0.010937510058283806,
            0.9971771836280823,
            0.07428370416164398,
            0.0
          ],
          [
            -0.003795536234974861,
            -0.07424620538949966,
            0.9972327351570129,
            0.0
          ],
          [
            0.0,
            0.0,
            0.0,
            1.0
          ]
        ],
        "rotation_mode": "QUATERNION"
      },
      "armature_space": {
        "head": {
          "x": 0.6074056625366211,
          "y": -0.3829050660133362,
          "z": 0.33024460077285767
        },
        "tail": {
          "x": 0.6641494035720825,
          "y": -0.44942209124565125,
          "z": 0.25223854184150696
        }
      },
      "world_space": {
        "head": {
          "x": 0.6074056625366211,
          "y": -0.31966108083724976,
          "z": 1.2800986766815186
        },
        "tail": {
          "x": 0.6641494035720825,
          "y": -0.38617807626724243,
          "z": 1.2020925283432007
        },
        "rotation_quaternion": {
          "w": 0.3028680086135864,
          "x": -0.861543595790863,
          "y": -0.3527417778968811,
          "z": 0.20392866432666779
        },
        "matrix": [
          [
            0.6679715514183044,
            0.4842783808708191,
            -0.5650559663772583,
            0.6074056625366211
          ],
          [
            0.7313327789306641,
            -0.5676883459091187,
            0.37799814343452454,
            -0.31966108083724976
          ],
          [
            -0.13771964609622955,
            -0.6657412052154541,
            -0.7333732843399048,
            1.2800986766815186
          ],
          [
            0.0,
            0.0,
            0.0,
            1.0
          ]
        ]
      },
      "bone_length_armature_space": 0.11717214682458871,
      "parent": "lowerarm_l",
      "has_children": true,
      "is_end_bone": false
    },
    "index_01_l": {
      "name": "index_01_l",
      "local": {
        "location": {
          "x": 0.0,
          "y": 0.0,
          "z": 0.0
        },
        "rotation_quaternion": {
          "w": 0.9966039657592773,
          "x": -0.0806950256228447,
          "y": 0.016351988539099693,
          "z": -0.0012133850250393152
        },
        "scale": {
          "x": 1.0,
          "y": 1.0,
          "z": 1.0
        },
        "matrix_basis": [
          [
            0.9994623064994812,
            -0.00022051960695534945,
            0.03278874233365059,
            0.0
          ],
          [
            -0.005057577043771744,
            0.9869737029075623,
            0.16080228984355927,
            0.0
          ],
          [
            -0.032397083938121796,
            -0.1608816534280777,
            0.9864418506622314,
            0.0
          ],
          [
            0.0,
            0.0,
            0.0,
            1.0
          ]
        ],
        "rotation_mode": "QUATERNION"
      },
      "armature_space": {
        "head": {
          "x": 0.6641494035720825,
          "y": -0.44942209124565125,
          "z": 0.25223854184150696
        },
        "tail": {
          "x": 0.6875259280204773,
          "y": -0.4602047801017761,
          "z": 0.23997710645198822
        }
      },
      "world_space": {
        "head": {
          "x": 0.6641494035720825,
          "y": -0.38617807626724243,
          "z": 1.2020925283432007
        },
        "tail": {
          "x": 0.6875259280204773,
          "y": -0.3969607949256897,
          "z": 1.1898311376571655
        },
        "rotation_quaternion": {
          "w": 0.22595174610614777,
          "x": -0.8283063769340515,
          "y": -0.5097752809524536,
          "z": 0.05462271347641945
        },
        "matrix": [
          [
            0.47429007291793823,
            0.8198158144950867,
            -0.320859432220459,
            0.6641494035720825
          ],
          [
            0.8691854476928711,
            -0.3781494200229645,
            0.31862208247184753,
            -0.38617807626724243
          ],
          [
            0.1398804485797882,
            -0.43000900745391846,
            -0.8919305801391602,
            1.2020925283432007
          ],
          [
            0.0,
            0.0,
            0.0,
            1.0
          ]
        ]
      },
      "bone_length_armature_space": 0.028514401103602992,
      "parent": "metacarpal_index_l",
      "has_children": true,
      "is_end_bone": false
    },
    "index_02_l": {
      "name": "index_02_l",
      "local": {
        "location": {
          "x": 0.0,
          "y": 0.0,
          "z": 0.0
        },
        "rotation_quaternion": {
          "w": 0.9839481711387634,
          "x": 0.17809078097343445,
          "y": -0.006451444234699011,
          "z": -0.00938180647790432
        },
        "scale": {
          "x": 1.0,
          "y": 1.0,
          "z": 1.0
        },
        "matrix_basis": [
          [
            0.999740719795227,
            0.016164537519216537,
            -0.01603740081191063,
            0.0
          ],
          [
            -0.02076030895113945,
            0.936391294002533,
            -0.35034313797950745,
            0.0
          ],
          [
            0.009354147128760815,
            0.3505852520465851,
            0.9364840984344482,
            0.0
          ],
          [
            0.0,
            0.0,
            0.0,
            1.0
          ]
        ],
        "rotation_mode": "QUATERNION"
      },
      "armature_space": {
        "head": {
          "x": 0.6875259876251221,
          "y": -0.4602050483226776,
          "z": 0.2399766445159912
        },
        "tail": {
          "x": 0.7051110863685608,
          "y": -0.4662950932979584,
          "z": 0.22231963276863098
        }
      },
      "world_space": {
        "head": {
          "x": 0.6875259876251221,
          "y": -0.3969610333442688,
          "z": 1.1898306608200073
        },
        "tail": {
          "x": 0.7051110863685608,
          "y": -0.40305107831954956,
          "z": 1.1721736192703247
        },
        "rotation_quaternion": {
          "w": 0.3357026278972626,
          "x": -0.7688567638397217,
          "y": -0.5182703137397766,
          "z": 0.16600902378559113
        },
        "matrix": [
          [
            0.40767142176628113,
            0.6854917407035828,
            -0.6032452583312988,
            0.6875259876251221
          ],
          [
            0.908411979675293,
            -0.2373982071876526,
            0.34413665533065796,
            -0.3969610333442688
          ],
          [
            0.09269503504037857,
            -0.6882949471473694,
            -0.7194943428039551,
            1.1898306608200073
          ],
          [
            0.0,
            0.0,
            0.0,
            1.0
          ]
        ]
      },
      "bone_length_armature_space": 0.02565335113741981,
      "parent": "index_01_l",
      "has_children": true,
      "is_end_bone": false
    },
    "index_03_l": {
      "name": "index_03_l",
      "local": {
        "location": {
          "x": 0.0,
          "y": 0.0,
          "z": 0.0
        },
        "rotation_quaternion": {
          "w": 0.974010169506073,
          "x": 0.2264895886182785,
          "y": -0.0014992376090958714,
          "z": -0.0020791341084986925
        },
        "scale": {
          "x": 1.0,
          "y": 1.0,
          "z": 1.0
        },
        "matrix_basis": [
          [
            0.9999868869781494,
            0.0033710720017552376,
            -0.003862349782139063,
            0.0
          ],
          [
            -0.0047293188981711864,
            0.8973962664604187,
            -0.4412000775337219,
            0.0
          ],
          [
            0.001978740794584155,
            0.44121256470680237,
            0.897400438785553,
            0.0
          ],
          [
            0.0,
            0.0,
            0.0,
            1.0
          ]
        ],
        "rotation_mode": "QUATERNION"
      },
      "armature_space": {
        "head": {
          "x": 0.7051111459732056,
          "y": -0.46629518270492554,
          "z": 0.22231973707675934
        },
        "tail": {
          "x": 0.7143513560295105,
          "y": -0.4639449119567871,
          "z": 0.1947002410888672
        }
      },
      "world_space": {
        "head": {
          "x": 0.7051111459732056,
          "y": -0.4030511975288391,
          "z": 1.1721737384796143
        },
        "tail": {
          "x": 0.7143513560295105,
          "y": -0.4007009267807007,
          "z": 1.1445542573928833
        },
        "rotation_quaternion": {
          "w": 0.5513314604759216,
          "x": -0.6246230006217957,
          "y": -0.48605743050575256,
          "z": 0.26387137174606323
        },
        "matrix": [
          [
            0.3882376253604889,
            0.31624335050582886,
            -0.8655987977981567,
            0.7051111459732056
          ],
          [
            0.8981676697731018,
            0.08043725788593292,
            0.43223243951797485,
            -0.4030511975288391
          ],
          [
            0.2063194066286087,
            -0.9452685117721558,
            -0.25281232595443726,
            1.1721737384796143
          ],
          [
            0.0,
            0.0,
            0.0,
            1.0
          ]
        ]
      },
      "bone_length_armature_space": 0.029218860343985957,
      "parent": "index_02_l",
      "has_children": false,
      "is_end_bone": true
    },
    "metacarpal_pinky_l": {
      "name": "metacarpal_pinky_l",
      "local": {
        "location": {
          "x": 0.0,
          "y": 0.0,
          "z": 0.0
        },
        "rotation_quaternion": {
          "w": 0.9998361468315125,
          "x": 0.011579006910324097,
          "y": 0.008578390814363956,
          "z": 0.010965759865939617
        },
        "scale": {
          "x": 1.0,
          "y": 1.0,
          "z": 1.0
        },
        "matrix_basis": [
          [
            0.9996123313903809,
            -0.02172926813364029,
            0.017407916486263275,
            0.0
          ],
          [
            0.022126585245132446,
            0.9994913339614868,
            -0.022966081276535988,
            0.0
          ],
          [
            -0.01690002530813217,
            0.023342356085777283,
            0.9995846748352051,
            0.0
          ],
          [
            0.0,
            0.0,
            0.0,
            1.0
          ]
        ],
        "rotation_mode": "QUATERNION"
      },
      "armature_space": {
        "head": {
          "x": 0.6074056625366211,
          "y": -0.3829050660133362,
          "z": 0.33024460077285767
        },
        "tail": {
          "x": 0.7003276944160461,
          "y": -0.4104073643684387,
          "z": 0.2921348810195923
        }
      },
      "world_space": {
        "head": {
          "x": 0.6074056625366211,
          "y": -0.31966108083724976,
          "z": 1.2800986766815186
        },
        "tail": {
          "x": 0.7003276944160461,
          "y": -0.3471633791923523,
          "z": 1.2419888973236084
        },
        "rotation_quaternion": {
          "w": 0.43416526913642883,
          "x": 0.29775774478912354,
          "y": 0.4236079752445221,
          "z": -0.7371547818183899
        },
        "matrix": [
          [
            -0.44568103551864624,
            0.8923593163490295,
            -0.07115418463945389,
            0.6074056625366211
          ],
          [
            -0.38783136010169983,
            -0.26411306858062744,
            -0.8830806612968445,
            -0.31966108083724976
          ],
          [
            -0.8068241477012634,
            -0.3659793436527252,
            0.4637974500656128,
            1.2800986766815186
          ],
          [
            0.0,
            0.0,
            0.0,
            1.0
          ]
        ]
      },
      "bone_length_armature_space": 0.10413083649861968,
      "parent": "lowerarm_l",
      "has_children": true,
      "is_end_bone": false
    },
    "pinky_01_l": {
      "name": "pinky_01_l",
      "local": {
        "location": {
          "x": 0.0,
          "y": 0.0,
          "z": 0.0
        },
        "rotation_quaternion": {
          "w": 0.9990129470825195,
          "x": 0.04242583364248276,
          "y": 0.011004065163433552,
          "z": 0.007223586551845074
        },
        "scale": {
          "x": 1.0,
          "y": 1.0,
          "z": 1.0
        },
        "matrix_basis": [
          [
            0.9996534585952759,
            -0.013499199412763119,
            0.022599341347813606,
            0.0
          ],
          [
            0.015366625972092152,
            0.9962957501411438,
            -0.08460893481969833,
            0.0
          ],
          [
            -0.02137347310781479,
            0.08492688834667206,
            0.9961579442024231,
            0.0
          ],
          [
            0.0,
            0.0,
            0.0,
            1.0
          ]
        ],
        "rotation_mode": "QUATERNION"
      },
      "armature_space": {
        "head": {
          "x": 0.7003276944160461,
          "y": -0.4104073643684387,
          "z": 0.2921348810195923
        },
        "tail": {
