{
  "metadata": {
    "armature_name": "KIM_caucasian_male",
    "export_time": "2026-01-13T21:04:25.613138",
    "blender_version": "4.4.1",
    "bone_count": 56,
    "end_bone_count": 13,
    "spaces_included": [
      "LOCAL_CHANNELS",
      "ARMATURE_SPACE",
      "WORLD_SPACE"
    ],
    "note": "LOCAL matches Transform panel; replay pose via local.matrix_basis for best fidelity."
  },
  "bones": {
    "Root": {
      "name": "Root",
      "local": {
        "location": {
          "x": 0.0,
          "y": 0.0,
          "z": 0.0
        },
        "rotation_quaternion": {
          "w": 0.9998869895935059,
          "x": 0.003996539860963821,
          "y": -0.014436372555792332,
          "z": -0.0013209589524194598
        },
        "scale": {
          "x": 1.0,
          "y": 1.0,
          "z": 1.0
        },
        "matrix_basis": [
          [
            0.999579668045044,
            0.002526228316128254,
            -0.0288800410926342,
            0.0
          ],
          [
            -0.002757010515779257,
            0.9999645948410034,
            -0.007954036816954613,
            0.0
          ],
          [
            0.02885892428457737,
            0.008030315861105919,
            0.9995512366294861,
            0.0
          ],
          [
            0.0,
            0.0,
            0.0,
            1.0
          ]
        ],
        "rotation_mode": "QUATERNION"
      },
      "armature_space": {
        "head": {
          "x": 0.0,
          "y": 0.07072800397872925,
          "z": -0.009595036506652832
        },
        "tail": {
          "x": 0.00018031174840871245,
          "y": -7.45430588722229e-05,
          "z": -0.0005683125928044319
        }
      },
      "world_space": {
        "head": {
          "x": 0.0,
          "y": 0.13397200405597687,
          "z": 0.9402589797973633
        },
        "tail": {
          "x": 0.00018031174840871245,
          "y": 0.0631694570183754,
          "z": 0.9492856860160828
        },
        "rotation_quaternion": {
          "w": 0.06337258964776993,
          "x": 0.9978846311569214,
          "y": 0.0003454100515227765,
          "z": -0.014492570422589779
        },
        "matrix": [
          [
            0.999579668045044,
            0.002526228316128254,
            -0.0288800410926342,
            0.0
          ],
          [
            -0.0011475107166916132,
            -0.9919675588607788,
            -0.12648753821849823,
            0.13397200405597687
          ],
          [
            -0.028967803344130516,
            0.12646745145320892,
            -0.9915547370910645,
            0.9402589797973633
          ],
          [
            0.0,
            0.0,
            0.0,
            1.0
          ]
        ]
      },
      "bone_length_armature_space": 0.0713758708864142,
      "parent": null,
      "has_children": true,
      "is_end_bone": false
    },
    "spine_01": {
      "name": "spine_01",
      "local": {
        "location": {
          "x": 0.0,
          "y": 0.0,
          "z": 0.0
        },
        "rotation_quaternion": {
          "w": 0.9977512955665588,
          "x": 0.026836654171347618,
          "y": 0.04998500645160675,
          "z": 0.03568859025835991
        },
        "scale": {
          "x": 1.0,
          "y": 1.0,
          "z": 1.0
        },
        "matrix_basis": [
          [
            0.9924556612968445,
            -0.06853381544351578,
            0.10166073590517044,
            0.0
          ],
          [
            0.0738995373249054,
            0.9960122108459473,
            -0.049984823912382126,
            0.0
          ],
          [
            -0.09782968461513519,
            0.05712040141224861,
            0.9935625791549683,
            0.0
          ],
          [
            0.0,
            0.0,
            0.0,
            1.0
          ]
        ],
        "rotation_mode": "QUATERNION"
      },
      "armature_space": {
        "head": {
          "x": 0.00018031174840871245,
          "y": -7.45430588722229e-05,
          "z": -0.0005683125928044319
        },
        "tail": {
          "x": -0.01916000060737133,
          "y": -0.00906277447938919,
          "z": 0.48697006702423096
        }
      },
      "world_space": {
        "head": {
          "x": 0.00018031174840871245,
          "y": 0.0631694570183754,
          "z": 0.9492856860160828
        },
        "tail": {
          "x": -0.01916000060737133,
          "y": 0.05418122559785843,
          "z": 1.436824083328247
        },
        "rotation_quaternion": {
          "w": 0.7002491354942322,
          "x": 0.7118586897850037,
          "y": 0.021018367260694504,
          "z": 0.04966512694954872
        },
        "matrix": [
          [
            0.9941832423210144,
            -0.039631687104701996,
            0.10014497488737106,
            0.00018031174840871245
          ],
          [
            0.09947983920574188,
            -0.018418461084365845,
            -0.9948691129684448,
            0.0631694570183754
          ],
          [
            0.04127323254942894,
            0.9990515112876892,
            -0.014369774609804153,
            0.9492856860160828
          ],
          [
            0.0,
            0.0,
            0.0,
            1.0
          ]
        ]
      },
      "bone_length_armature_space": 0.48800459883354913,
      "parent": "Root",
      "has_children": true,
      "is_end_bone": false
    },
    "neck_01": {
      "name": "neck_01",
      "local": {
        "location": {
          "x": 0.0,
          "y": 0.0,
          "z": 0.0
        },
        "rotation_quaternion": {
          "w": 0.9843404293060303,
          "x": -0.11618935316801071,
          "y": 0.07492523640394211,
          "z": -0.10936332494020462
        },
        "scale": {
          "x": 1.0,
          "y": 1.0,
          "z": 1.0
        },
        "matrix_basis": [
          [
            0.9648517370223999,
            0.19789046049118042,
            0.17291758954524994,
            0.0
          ],
          [
            -0.2327125072479248,
            0.9490793943405151,
            0.21235160529613495,
            0.0
          ],
          [
            -0.1220901682972908,
            -0.24512790143489838,
            0.9617725014686584,
            0.0
          ],
          [
            0.0,
            0.0,
            0.0,
            1.0
          ]
        ],
        "rotation_mode": "QUATERNION"
      },
      "armature_space": {
        "head": {
          "x": -0.018588701263070107,
          "y": -0.044913843274116516,
          "z": 0.5596206784248352
        },
        "tail": {
          "x": -0.0009430497884750366,
          "y": -0.05840479955077171,
          "z": 0.6597075462341309
        }
      },
      "world_space": {
        "head": {
          "x": -0.018588701263070107,
          "y": 0.018330156803131104,
          "z": 1.509474754333496
        },
        "tail": {
          "x": -0.0009430497884750366,
          "y": 0.004839200526475906,
          "z": 1.609561562538147
        },
        "rotation_quaternion": {
          "w": 0.6400760412216187,
          "x": 0.7505884766578674,
          "y": 0.1565457284450531,
          "z": 0.049123991280794144
        },
        "matrix": [
          [
            0.9461602568626404,
            0.17211686074733734,
            0.27414703369140625,
            -0.018588701263070107
          ],
          [
            0.2978898584842682,
            -0.13159169256687164,
            -0.9454869031906128,
            0.018330156803131104
          ],
          [
            -0.1266593635082245,
            0.9762542247772217,
            -0.175780788064003,
            1.509474754333496
          ],
          [
            0.0,
            0.0,
            0.0,
            1.0
          ]
        ]
      },
      "bone_length_armature_space": 0.10252197795979005,
      "parent": "spine_01",
      "has_children": true,
      "is_end_bone": false
    },
    "head": {
      "name": "head",
      "local": {
        "location": {
          "x": 0.0,
          "y": 0.0,
          "z": 0.0
        },
        "rotation_quaternion": {
          "w": 0.9912997484207153,
          "x": -0.023934869095683098,
          "y": 0.07995511591434479,
          "z": -0.10178009420633316
        },
        "scale": {
          "x": 1.0,
          "y": 1.0,
          "z": 1.0
        },
        "matrix_basis": [
          [
            0.9664959907531738,
            0.1979617327451706,
            0.16339115798473358,
            0.0
          ],
          [
            -0.20561659336090088,
            0.978135883808136,
            0.0311775803565979,
            0.0
          ],
          [
            -0.153646782040596,
            -0.0637289360165596,
            0.986068606376648,
            0.0
          ],
          [
            0.0,
            0.0,
            0.0,
            1.0
          ]
        ],
        "rotation_mode": "QUATERNION"
      },
      "armature_space": {
        "head": {
          "x": -0.0009430199861526489,
          "y": -0.058404937386512756,
          "z": 0.6597074866294861
        },
        "tail": {
          "x": 0.03424296900629997,
          "y": -0.006939832121133804,
          "z": 0.8017165064811707
        }
      },
      "world_space": {
        "head": {
          "x": -0.0009430199861526489,
          "y": 0.004839062690734863,
          "z": 1.6095614433288574
        },
        "tail": {
          "x": 0.03424296900629997,
          "y": 0.056304167956113815,
          "z": 1.751570463180542
        },
        "rotation_quaternion": {
          "w": 0.7718464732170105,
          "x": 0.5757745504379272,
          "y": 0.26490068435668945,
          "z": 0.050639186054468155
        },
        "matrix": [
          [
            0.854527473449707,
            0.22687433660030365,
            0.4672377109527588,
            -0.0009430199861526489
          ],
          [
            0.3832160532474518,
            0.33183979988098145,
            -0.8619906902313232,
            0.004839062690734863
          ],
          [
            -0.35061368346214294,
            0.9156542420387268,
            0.19662483036518097,
            1.6095614433288574
          ],
          [
            0.0,
            0.0,
            0.0,
            1.0
          ]
        ]
      },
      "bone_length_armature_space": 0.1550911723582904,
      "parent": "neck_01",
      "has_children": false,
      "is_end_bone": true
    },
    "upperarm_l": {
      "name": "upperarm_l",
      "local": {
        "location": {
          "x": 0.0,
          "y": 0.0,
          "z": 0.0
        },
        "rotation_quaternion": {
          "w": 0.882596492767334,
          "x": -0.1559876650571823,
          "y": 0.4215850234031677,
          "z": -0.13768593966960907
        },
        "scale": {
          "x": 1.0,
          "y": 1.0,
          "z": 1.0
        },
        "matrix_basis": [
          [
            0.606617271900177,
            0.11151812970638275,
            0.787133514881134,
            0.0
          ],
          [
            -0.37456637620925903,
            0.9134208559989929,
            0.15925566852092743,
            0.0
          ],
          [
            -0.7012243270874023,
            -0.3914409875869751,
            0.5958678126335144,
            0.0
          ],
          [
            0.0,
            0.0,
            0.0,
            1.0
          ]
        ],
        "rotation_mode": "QUATERNION"
      },
      "armature_space": {
        "head": {
          "x": 0.13352172076702118,
          "y": -0.031926773488521576,
          "z": 0.4986218810081482
        },
        "tail": {
          "x": 0.36168500781059265,
          "y": 0.1070191040635109,
          "z": 0.47757017612457275
        }
      },
      "world_space": {
        "head": {
          "x": 0.13352172076702118,
          "y": 0.031317226588726044,
          "z": 1.4484758377075195
        },
        "tail": {
          "x": 0.36168500781059265,
          "y": 0.1702631115913391,
          "z": 1.4274241924285889
        },
        "rotation_quaternion": {
          "w": 0.25152209401130676,
          "x": 0.45477020740509033,
          "y": 0.8342627286911011,
          "z": -0.18419155478477478
        },
        "matrix": [
          [
            -0.4598410427570343,
            0.851452648639679,
            0.2521398663520813,
            0.13352172076702118
          ],
          [
            0.6661393046379089,
            0.5185139179229736,
            -0.5360987782478333,
            0.031317226588726044
          ],
          [
            -0.5872042179107666,
            -0.07856012880802155,
            -0.8056260943412781,
            1.4484758377075195
          ],
          [
            0.0,
            0.0,
            0.0,
            1.0
          ]
        ]
      },
      "bone_length_armature_space": 0.2679694313862259,
      "parent": "spine_01",
      "has_children": true,
      "is_end_bone": false
    },
    "lowerarm_l": {
      "name": "lowerarm_l",
      "local": {
        "location": {
          "x": 0.0,
          "y": 0.0,
          "z": 0.0
        },
        "rotation_quaternion": {
          "w": 0.8868285417556763,
          "x": 0.45932820439338684,
          "y": 0.028917573392391205,
          "z": -0.04143198952078819
        },
        "scale": {
          "x": 1.0,
          "y": 1.0,
          "z": 1.0
        },
        "matrix_basis": [
          [
            0.9948943257331848,
            0.10005145519971848,
            0.013228096067905426,
            0.0
          ],
          [
            -0.04692082852125168,
            0.5746020078659058,
            -0.817086935043335,
            0.0
          ],
          [
            -0.08935162425041199,
            0.8122944831848145,
            0.5763627290725708,
            0.0
          ],
          [
            0.0,
            0.0,
            0.0,
            1.0
          ]
        ],
        "rotation_mode": "QUATERNION"
      },
      "armature_space": {
        "head": {
          "x": 0.3616851568222046,
          "y": 0.10701905190944672,
          "z": 0.47757020592689514
        },
        "tail": {
          "x": 0.5353663563728333,
          "y": 0.03724992275238037,
          "z": 0.2864236533641815
        }
      },
      "world_space": {
        "head": {
          "x": 0.3616851568222046,
          "y": 0.17026305198669434,
          "z": 1.4274241924285889
        },
        "tail": {
          "x": 0.5353663563728333,
          "y": 0.10049392282962799,
          "z": 1.23627769947052
        },
        "rotation_quaternion": {
          "w": 0.00053474644664675,
          "x": 0.5334216356277466,
          "y": 0.60794997215271,
          "z": -0.5880969762802124
        },
        "matrix": [
          [
            -0.430918425321579,
            0.6492160558700562,
            -0.6267596483230591,
            0.3616851568222046
          ],
          [
            0.6479609608650208,
            -0.2607952952384949,
            -0.7156343460083008,
            0.17026305198669434
          ],
          [
            -0.628061056137085,
            -0.714501142501831,
            -0.3082878887653351,
            1.4274241924285889
          ],
          [
            0.0,
            0.0,
            0.0,
            1.0
          ]
        ]
      },
      "bone_length_armature_space": 0.26752549893015243,
      "parent": "upperarm_l",
      "has_children": true,
      "is_end_bone": false
    },
    "metacarpal_thumb_l": {
      "name": "metacarpal_thumb_l",
      "local": {
        "location": {
          "x": 0.0,
          "y": 0.0,
          "z": 0.0
        },
        "rotation_quaternion": {
          "w": 0.9999039173126221,
          "x": -0.011175057850778103,
          "y": -0.0008366294205188751,
          "z": 0.008171630091965199
        },
        "scale": {
          "x": 1.0,
          "y": 1.0,
          "z": 1.0
        },
        "matrix_basis": [
          [
            0.9998650550842285,
            -0.016322990879416466,
            -0.0018557349685579538,
            0.0
          ],
          [
            0.016360389068722725,
            0.9996166825294495,
            0.022334294393658638,
            0.0
          ],
          [
            0.0014904611743986607,
            -0.022361641749739647,
            0.9997488260269165,
            0.0
          ],
          [
            0.0,
            0.0,
            0.0,
            1.0
          ]
        ],
        "rotation_mode": "QUATERNION"
      },
      "armature_space": {
        "head": {
          "x": 0.5353663563728333,
          "y": 0.03724992275238037,
          "z": 0.2864236533641815
        },
        "tail": {
          "x": 0.538432776927948,
          "y": 0.01091325655579567,
          "z": 0.2445836365222931
        }
      },
      "world_space": {
        "head": {
          "x": 0.5353663563728333,
          "y": 0.10049392282962799,
          "z": 1.23627769947052
        },
        "tail": {
          "x": 0.538432776927948,
          "y": 0.07415725290775299,
          "z": 1.1944376230239868
        },
        "rotation_quaternion": {
          "w": 0.4585014283657074,
          "x": -0.8474332690238953,
          "y": -0.1546952724456787,
          "z": 0.2184096723794937
        },
        "matrix": [
          [
            0.8567332029342651,
            0.061906084418296814,
            -0.5120308995246887,
            0.5353663563728333
          ],
          [
            0.46247002482414246,
            -0.5316922068595886,
            0.7095244526863098,
            0.10049392282962799
          ],
          [
            -0.22832030057907104,
            -0.8446783423423767,
            -0.48415079712867737,
            1.23627769947052
          ],
          [
            0.0,
            0.0,
            0.0,
            1.0
          ]
        ]
      },
      "bone_length_armature_space": 0.04953392739008015,
      "parent": "lowerarm_l",
      "has_children": true,
      "is_end_bone": false
    },
    "thumb_01_l": {
      "name": "thumb_01_l",
      "local": {
        "location": {
          "x": 0.0,
          "y": 0.0,
          "z": 0.0
        },
        "rotation_quaternion": {
          "w": 0.9984163045883179,
          "x": 0.05453730374574661,
          "y": 0.008806276135146618,
          "z": 0.010637839324772358
        },
        "scale": {
          "x": 1.0,
          "y": 1.0,
          "z": 1.0
        },
        "matrix_basis": [
          [
            0.9996185898780823,
            -0.020281443372368813,
            0.018744977191090584,
            0.0
          ],
          [
            0.022202525287866592,
            0.9938250184059143,
            -0.1087145060300827,
            0.0
          ],
          [
            -0.01642434112727642,
            0.10908922553062439,
            0.9938962459564209,
            0.0
          ],
          [
            0.0,
            0.0,
            0.0,
            1.0
          ]
        ],
        "rotation_mode": "QUATERNION"
      },
      "armature_space": {
        "head": {
          "x": 0.538432776927948,
          "y": 0.01091325655579567,
          "z": 0.2445836365222931
        },
        "tail": {
          "x": 0.5262117385864258,
          "y": 0.01731124147772789,
          "z": 0.21346530318260193
        }
      },
      "world_space": {
        "head": {
          "x": 0.538432776927948,
          "y": 0.07415725290775299,
          "z": 1.1944376230239868
        },
        "tail": {
          "x": 0.5262117385864258,
          "y": 0.08055524528026581,
          "z": 1.1633193492889404
        },
        "rotation_quaternion": {
          "w": 0.5703814625740051,
          "x": -0.5955876708030701,
          "y": 0.518310546875,
          "z": -0.22648325562477112
        },
        "matrix": [
          [
            0.360115647315979,
            -0.35903409123420715,
            0.8610523343086243,
            0.538432776927948
          ],
          [
            -0.8757637739181519,
            0.18796274065971375,
            0.4446435272693634,
            0.07415725290775299
          ],
          [
            -0.3214908242225647,
            -0.9142076969146729,
            -0.24674230813980103,
            1.1944376230239868
          ],
          [
            0.0,
            0.0,
            0.0,
            1.0
          ]
        ]
      },
      "bone_length_armature_space": 0.034038781718125494,
      "parent": "metacarpal_thumb_l",
      "has_children": true,
      "is_end_bone": false
    },
    "thumb_02_l": {
      "name": "thumb_02_l",
      "local": {
        "location": {
          "x": 0.0,
          "y": 0.0,
          "z": 0.0
        },
        "rotation_quaternion": {
          "w": 0.990740954875946,
          "x": 0.13536414504051208,
          "y": 0.0012855438981205225,
          "z": -0.010366490110754967
        },
        "scale": {
          "x": 1.0,
          "y": 1.0,
          "z": 1.0
        },
        "matrix_basis": [
          [
            0.9997817873954773,
            0.020889045670628548,
            -0.000259220163570717,
            0.0
          ],
          [
            -0.020192978903651237,
            0.9631381630897522,
            -0.2682482600212097,
            0.0
          ],
          [
            -0.005353784188628197,
            0.26819494366645813,
            0.9633498191833496,
            0.0
          ],
          [
            0.0,
            0.0,
            0.0,
            1.0
          ]
        ],
        "rotation_mode": "QUATERNION"
      },
      "armature_space": {
        "head": {
          "x": 0.526211678981781,
          "y": 0.017311248928308487,
          "z": 0.2134653478860855
        },
        "tail": {
          "x": 0.5563100576400757,
          "y": 0.006741099059581757,
          "z": 0.1890615075826645
        }
      },
      "world_space": {
        "head": {
          "x": 0.526211678981781,
          "y": 0.08055524528026581,
          "z": 1.1633193492889404
        },
        "tail": {
          "x": 0.5563100576400757,
          "y": 0.06998509913682938,
          "z": 1.1389155387878418
        },
        "rotation_quaternion": {
          "w": 0.5538668036460876,
          "x": -0.20420964062213898,
          "y": 0.2482844442129135,
          "z": -0.7680396437644958
        },
        "matrix": [
          [
            -0.30305784940719604,
            0.7493793964385986,
            0.5887158513069153,
            0.526211678981781
          ],
          [
            -0.9521881341934204,
            -0.26317209005355835,
            -0.15517204999923706,
            0.08055524528026581
          ],
          [
            0.0386505126953125,
            -0.6075988411903381,
            0.7933117747306824,
            1.1633193492889404
          ],
          [
            0.0,
            0.0,
            0.0,
            1.0
          ]
        ]
      },
      "bone_length_armature_space": 0.040164510116057796,
      "parent": "thumb_01_l",
      "has_children": true,
      "is_end_bone": false
    },
    "thumb_03_l": {
      "name": "thumb_03_l",
      "local": {
        "location": {
          "x": 0.0,
          "y": 0.0,
          "z": 0.0
        },
        "rotation_quaternion": {
          "w": 0.9985697865486145,
          "x": 0.05342080816626549,
          "y": 0.0021238168701529503,
          "z": 0.0002091219648718834
        },
        "scale": {
          "x": 1.0,
          "y": 1.0,
          "z": 1.0
        },
        "matrix_basis": [
          [
            0.9999908804893494,
            -0.0001907337282318622,
            0.0042639016173779964,
            0.0
          ],
          [
            0.0006445577600970864,
            0.9942923188209534,
            -0.10668791830539703,
            0.0
          ],
          [
            -0.004219215828925371,
            0.1066896989941597,
            0.9942834377288818,
            0.0
          ],
          [
            0.0,
            0.0,
            0.0,
            1.0
          ]
        ],
        "rotation_mode": "QUATERNION"
      },
      "armature_space": {
        "head": {
          "x": 0.5563099384307861,
          "y": 0.00674106739461422,
          "z": 0.1890614926815033
        },
        "tail": {
          "x": 0.585021436214447,
          "y": 0.0010720882564783096,
          "z": 0.18067073822021484
        }
      },
      "world_space": {
        "head": {
          "x": 0.5563099384307861,
          "y": 0.06998506933450699,
          "z": 1.1389155387878418
        },
        "tail": {
          "x": 0.585021436214447,
          "y": 0.06431608647108078,
          "z": 1.130524754524231
        },
        "rotation_quaternion": {
          "w": 0.5932809710502625,
          "x": 0.07064148038625717,
          "y": 0.2343389093875885,
          "z": -0.7668851017951965
        },
        "matrix": [
          [
            -0.2860540747642517,
            0.9430646300315857,
            0.16971194744110107,
            0.5563099384307861
          ],
          [
            -0.8768495917320251,
            -0.18620465695858002,
            -0.4432411789894104,
            0.06998506933450699
          ],
          [
            -0.38640710711479187,
            -0.27560487389564514,
            0.8801961541175842,
            1.1389155387878418
          ],
          [
            0.0,
            0.0,
            0.0,
            1.0
          ]
        ]
      },
      "bone_length_armature_space": 0.03044490422209436,
      "parent": "thumb_02_l",
      "has_children": false,
      "is_end_bone": true
    },
    "metacarpal_index_l": {
      "name": "metacarpal_index_l",
      "local": {
        "location": {
          "x": 0.0,
          "y": 0.0,
          "z": 0.0
        },
        "rotation_quaternion": {
          "w": 0.9995824694633484,
          "x": -0.025325626134872437,
          "y": 0.01391226053237915,
          "z": 0.0001436355523765087
        },
        "scale": {
          "x": 1.0,
          "y": 1.0,
          "z": 1.0
        },
        "matrix_basis": [
          [
            0.9996128678321838,
            -0.0009918245486915112,
            0.02780562825500965,
            0.0
          ],
          [
            -0.0004175222711637616,
            0.998717188835144,
            0.050634101033210754,
            0.0
          ],
          [
            -0.027820179238915443,
            -0.050626106560230255,
            0.9983301162719727,
            0.0
          ],
          [
            0.0,
            0.0,
            0.0,
            1.0
          ]
        ],
        "rotation_mode": "QUATERNION"
      },
      "armature_space": {
        "head": {
          "x": 0.5353663563728333,
          "y": 0.03724992275238037,
          "z": 0.2864236533641815
        },
        "tail": {
          "x": 0.5875746607780457,
          "y": -0.014740262180566788,
          "z": 0.19531574845314026
        }
      },
      "world_space": {
        "head": {
          "x": 0.5353663563728333,
          "y": 0.10049392282962799,
          "z": 1.23627769947052
        },
        "tail": {
          "x": 0.5875746607780457,
          "y": 0.04850373789668083,
          "z": 1.145169734954834
        },
        "rotation_quaternion": {
          "w": 0.31266891956329346,
          "x": -0.7772150039672852,
          "y": -0.4247156083583832,
          "z": 0.3432080149650574
        },
        "matrix": [
          [
            0.403648316860199,
            0.4455709159374237,
            -0.7990834712982178,
            0.5353663563728333
          ],
          [
            0.8748122453689575,
            -0.44370928406715393,
            0.19448859989643097,
            0.10049392282962799
          ],
          [
            -0.26790347695350647,
            -0.7775588035583496,
            -0.5688972473144531,
            1.23627769947052
          ],
          [
            0.0,
            0.0,
            0.0,
            1.0
          ]
        ]
      },
      "bone_length_armature_space": 0.11717225114633821,
      "parent": "lowerarm_l",
      "has_children": true,
      "is_end_bone": false
    },
    "index_01_l": {
      "name": "index_01_l",
      "local": {
        "location": {
          "x": 0.0,
          "y": 0.0,
          "z": 0.0
        },
        "rotation_quaternion": {
          "w": 0.9983665943145752,
          "x": -0.0562538281083107,
          "y": 0.009978539310395718,
          "z": -0.00030982133466750383
        },
        "scale": {
          "x": 1.0,
          "y": 1.0,
          "z": 1.0
        },
        "matrix_basis": [
          [
            0.9998006820678711,
            -0.0005040315445512533,
            0.019959338009357452,
            0.0
          ],
          [
            -0.001741292653605342,
            0.9936708211898804,
            0.11231770366430283,
            0.0
          ],
          [
            -0.019889622926712036,
            -0.11233007162809372,
            0.9934718608856201,
            0.0
          ],
          [
            0.0,
            0.0,
            0.0,
            1.0
          ]
        ],
        "rotation_mode": "QUATERNION"
      },
      "armature_space": {
        "head": {
          "x": 0.5875746607780457,
          "y": -0.014740262180566788,
          "z": 0.19531574845314026
        },
        "tail": {
          "x": 0.6085453629493713,
          "y": -0.019248975440859795,
          "z": 0.17652809619903564
        }
      },
      "world_space": {
        "head": {
          "x": 0.5875746607780457,
          "y": 0.04850373789668083,
          "z": 1.145169734954834
        },
        "tail": {
          "x": 0.6085453629493713,
          "y": 0.043995022773742676,
          "z": 1.1263821125030518
        },
        "rotation_quaternion": {
          "w": 0.2895313501358032,
          "x": -0.7338036298751831,
          "y": -0.5806124210357666,
          "z": 0.20147734880447388
        },
        "matrix": [
          [
            0.24458947777748108,
            0.7354428172111511,
            -0.6319016218185425,
            0.5875746607780457
          ],
          [
            0.9687798619270325,
            -0.1581207662820816,
            0.19095474481582642,
            0.04850373789668083
          ],
          [
            0.040520574897527695,
            -0.6588837504386902,
            -0.7511619925498962,
            1.145169734954834
          ],
          [
            0.0,
            0.0,
            0.0,
            1.0
          ]
        ]
      },
      "bone_length_armature_space": 0.028514465150654287,
      "parent": "metacarpal_index_l",
      "has_children": true,
      "is_end_bone": false
    },
    "index_02_l": {
      "name": "index_02_l",
      "local": {
        "location": {
          "x": 0.0,
          "y": 0.0,
          "z": 0.0
        },
        "rotation_quaternion": {
          "w": 0.9848249554634094,
          "x": 0.1733112633228302,
          "y": 0.004138682037591934,
          "z": 0.008119816891849041
        },
        "scale": {
          "x": 1.0,
          "y": 1.0,
          "z": 1.0
        },
        "matrix_basis": [
          [
            0.999833881855011,
            -0.014558636583387852,
            0.010966266505420208,
            0.0
          ],
          [
            0.017427757382392883,
            0.9397945404052734,
            -0.3412953019142151,
            0.0
          ],
          [
            -0.0053372434340417385,
            0.3414297103881836,
            0.9398921728134155,
            0.0
          ],
          [
            0.0,
            0.0,
            0.0,
            1.0
          ]
        ],
        "rotation_mode": "QUATERNION"
      },
      "armature_space": {
        "head": {
          "x": 0.6085454225540161,
          "y": -0.01924920454621315,
          "z": 0.17652758955955505
        },
        "tail": {
          "x": 0.6214761137962341,
          "y": -0.021790334954857826,
          "z": 0.15451765060424805
        }
      },
      "world_space": {
        "head": {
          "x": 0.6085454225540161,
          "y": 0.04399479553103447,
          "z": 1.1263816356658936
        },
        "tail": {
          "x": 0.6214761137962341,
          "y": 0.04145366698503494,
          "z": 1.1043716669082642
        },
        "rotation_quaternion": {
          "w": 0.38242095708847046,
          "x": -0.6727696657180786,
          "y": -0.5515662431716919,
          "z": 0.3113037347793579
        },
        "matrix": [
          [
            0.19772642850875854,
            0.5040557384490967,
            -0.8407329320907593,
            0.6085454225540161
          ],
          [
            0.9802528023719788,
            -0.09905678033828735,
            0.17115041613578796,
            0.04399479553103447
          ],
          [
            0.002989843487739563,
            -0.8579777479171753,
            -0.513691782951355,
            1.1263816356658936
          ],
          [
            0.0,
            0.0,
            0.0,
            1.0
          ]
        ]
      },
      "bone_length_armature_space": 0.025653411771271003,
      "parent": "index_01_l",
      "has_children": true,
      "is_end_bone": false
    },
    "index_03_l": {
      "name": "index_03_l",
      "local": {
        "location": {
          "x": 0.0,
          "y": 0.0,
          "z": 0.0
        },
        "rotation_quaternion": {
          "w": 0.975421667098999,
          "x": 0.22023098170757294,
          "y": 0.006582261528819799,
          "z": 0.002765827113762498
        },
        "scale": {
          "x": 1.0,
          "y": 1.0,
          "z": 1.0
        },
        "matrix_basis": [
          [
            0.9998980760574341,
            -0.0024964595213532448,
            0.014059202745556831,
            0.0
          ],
          [
            0.00829493161290884,
            0.9029813408851624,
            -0.42959973216056824,
            0.0
          ],
          [
            -0.011622719466686249,
            0.4296725392341614,
            0.9029099941253662,
            0.0
          ],
          [
            0.0,
            0.0,
            0.0,
            1.0
          ]
        ],
        "rotation_mode": "QUATERNION"
      },
      "armature_space": {
        "head": {
          "x": 0.6214762330055237,
          "y": -0.021790381520986557,
          "z": 0.1545177400112152
        },
        "tail": {
          "x": 0.6222584843635559,
          "y": -0.018632197752594948,
          "z": 0.12548057734966278
        }
      },
      "world_space": {
        "head": {
          "x": 0.6214762330055237,
          "y": 0.04145361855626106,
          "z": 1.1043717861175537
        },
        "tail": {
          "x": 0.6222584843635559,
          "y": 0.04461180418729782,
          "z": 1.0753345489501953
        },
        "rotation_quaternion": {
          "w": 0.578379213809967,
          "x": -0.5300353765487671,
          "y": -0.4685313403606415,
          "z": 0.40622469782829285
        },
        "matrix": [
          [
            0.23091860115528107,
            0.026771754026412964,
            -0.972604513168335,
            0.6214762330055237
          ],
          [
            0.9665805697441101,
            0.10808784514665604,
            0.23246356844902039,
            0.04145361855626106
          ],
          [
            0.11135171353816986,
            -0.9937877058982849,
            -0.0009174048900604248,
            1.1043717861175537
          ],
          [
            0.0,
            0.0,
            0.0,
            1.0
          ]
        ]
      },
      "bone_length_armature_space": 0.029218878647613564,
      "parent": "index_02_l",
      "has_children": false,
      "is_end_bone": true
    },
    "metacarpal_pinky_l": {
      "name": "metacarpal_pinky_l",
      "local": {
        "location": {
          "x": 0.0,
          "y": 0.0,
          "z": 0.0
        },
        "rotation_quaternion": {
          "w": 0.9995434880256653,
          "x": -0.02857006900012493,
          "y": -0.003454730845987797,
          "z": -0.009210797958076
        },
        "scale": {
          "x": 1.0,
          "y": 1.0,
          "z": 1.0
        },
        "matrix_basis": [
          [
            0.9998064637184143,
            0.01861058920621872,
            -0.006380001083016396,
            0.0
          ],
          [
            -0.018215782940387726,
            0.9981978535652161,
            0.05717769265174866,
            0.0
          ],
          [
            0.007432613521814346,
            -0.05705041065812111,
            0.9983436465263367,
            0.0
          ],
          [
            0.0,
            0.0,
            0.0,
            1.0
          ]
        ],
        "rotation_mode": "QUATERNION"
      },
      "armature_space": {
        "head": {
          "x": 0.5353663563728333,
          "y": 0.03724992275238037,
          "z": 0.2864236533641815
        },
        "tail": {
          "x": 0.6163794994354248,
          "y": 0.03821047022938728,
          "z": 0.22100785374641418
        }
      },
      "world_space": {
        "head": {
          "x": 0.5353663563728333,
          "y": 0.10049392282962799,
          "z": 1.23627769947052
        },
        "tail": {
          "x": 0.6163794994354248,
          "y": 0.1014544665813446,
          "z": 1.170861840248108
        },
        "rotation_quaternion": {
          "w": 0.4820234179496765,
          "x": 0.10219801217317581,
          "y": 0.5217903852462769,
          "z": -0.6963791251182556
        },
        "matrix": [
          [
            -0.5144158601760864,
            0.7779942750930786,
            0.36069557070732117,
            0.5353663563728333
          ],
          [
            -0.5646933317184448,
            0.009224426001310349,
            -0.825249433517456,
            0.10049392282962799
          ],
          [
            -0.6453713774681091,
            -0.6282081604003906,
            0.4345851540565491,
            1.23627769947052
          ],
          [
            0.0,
            0.0,
            0.0,
            1.0
          ]
        ]
      },
      "bone_length_armature_space": 0.10413106652976423,
      "parent": "lowerarm_l",
      "has_children": true,
      "is_end_bone": false
    },
    "pinky_01_l": {
      "name": "pinky_01_l",
      "local": {
        "location": {
          "x": 0.0,
          "y": 0.0,
          "z": 0.0
        },
        "rotation_quaternion": {
          "w": 0.9998117685317993,
          "x": 0.015800073742866516,
          "y": -0.008673185482621193,
          "z": 0.007181170862168074
        },
        "scale": {
          "x": 1.0,
          "y": 1.0,
          "z": 1.0
        },
        "matrix_basis": [
          [
            0.9997464418411255,
            -0.014633712358772755,
            -0.017116179689764977,
            0.0
          ],
          [
            0.014085564762353897,
            0.9993975758552551,
            -0.031718768179416656,
            0.0
          ],
          [
            0.01757003180682659,
            0.03146963194012642,
            0.9993502497673035,
            0.0
          ],
          [
            0.0,
            0.0,
            0.0,
            1.0
          ]
        ],
        "rotation_mode": "QUATERNION"
      },
      "armature_space": {
        "head": {
          "x": 0.6163794994354248,
          "y": 0.03821047022938728,
          "z": 0.22100785374641418
        },
        "tail": {
