{
  "metadata": {
    "armature_name": "KIM_caucasian_male",
    "export_time": "2026-01-13T21:07:43.329211",
    "blender_version": "4.4.1",
    "bone_count": 56,
    "end_bone_count": 13,
    "spaces_included": [
      "LOCAL_CHANNELS",
      "ARMATURE_SPACE",
      "WORLD_SPACE"
    ],
    "note": "LOCAL matches Transform panel; replay pose via local.matrix_basis for best fidelity."
  },
  "bones": {
    "Root": {
      "name": "Root",
      "local": {
        "location": {
          "x": 0.0,
          "y": 0.0,
          "z": 0.0
        },
        "rotation_quaternion": {
          "w": 0.9993592500686646,
          "x": -0.007441470865160227,
          "y": 0.01674572192132473,
          "z": -0.03074629046022892
        },
        "scale": {
          "x": 1.0,
          "y": 1.0,
          "z": 1.0
        },
        "matrix_basis": [
          [
            0.997548520565033,
            0.06120395287871361,
            0.03392757847905159,
            0.0
          ],
          [
            -0.06170240417122841,
            0.9979985952377319,
            0.013843667693436146,
            0.0
          ],
          [
            -0.03301239013671875,
            -0.01590314321219921,
            0.9993284344673157,
            0.0
          ],
          [
            0.0,
            0.0,
            0.0,
            1.0
          ]
        ],
        "rotation_mode": "QUATERNION"
      },
      "armature_space": {
        "head": {
          "x": 0.0,
          "y": 0.07072800397872925,
          "z": -0.009595036506652832
        },
        "tail": {
          "x": 0.004368485417217016,
          "y": 0.00029414892196655273,
          "z": 0.001105600968003273
        }
      },
      "world_space": {
        "head": {
          "x": 0.0,
          "y": 0.13397200405597687,
          "z": 0.9402589797973633
        },
        "tail": {
          "x": 0.004368485417217016,
          "y": 0.06353814899921417,
          "z": 0.9509596228599548
        },
        "rotation_quaternion": {
          "w": 0.07474906742572784,
          "x": 0.9965876936912537,
          "y": 0.03180457279086113,
          "z": 0.014636367559432983
        },
        "matrix": [
          [
            0.997548520565033,
            0.06120395287871361,
            0.03392757847905159,
            0.0
          ],
          [
            0.06558018922805786,
            -0.9868021011352539,
            -0.14805743098258972,
            0.13397200405597687
          ],
          [
            0.024418339133262634,
            0.1499195396900177,
            -0.9884037375450134,
            0.9402589797973633
          ],
          [
            0.0,
            0.0,
            0.0,
            1.0
          ]
        ]
      },
      "bone_length_armature_space": 0.07137587422694462,
      "parent": null,
      "has_children": true,
      "is_end_bone": false
    },
    "spine_01": {
      "name": "spine_01",
      "local": {
        "location": {
          "x": 0.0,
          "y": 0.0,
          "z": 0.0
        },
        "rotation_quaternion": {
          "w": 0.999072253704071,
          "x": 0.007949038408696651,
          "y": -0.041986629366874695,
          "z": -0.005357738584280014
        },
        "scale": {
          "x": 1.0,
          "y": 1.0,
          "z": 1.0
        },
        "matrix_basis": [
          [
            0.9964168071746826,
            0.01003802940249443,
            -0.08398053050041199,
            0.0
          ],
          [
            -0.01137304212898016,
            0.9998162388801575,
            -0.015433420427143574,
            0.0
          ],
          [
            0.08381017297506332,
            0.016333233565092087,
            0.9963478446006775,
            0.0
          ],
          [
            0.0,
            0.0,
            0.0,
            1.0
          ]
        ],
        "rotation_mode": "QUATERNION"
      },
      "armature_space": {
        "head": {
          "x": 0.004368485417217016,
          "y": 0.00029414892196655273,
          "z": 0.001105600968003273
        },
        "tail": {
          "x": -0.00409776670858264,
          "y": 0.02228093333542347,
          "z": 0.48854121565818787
        }
      },
      "world_space": {
        "head": {
          "x": 0.004368485417217016,
          "y": 0.06353814899921417,
          "z": 0.9509596228599548
        },
        "tail": {
          "x": -0.00409776670858264,
          "y": 0.08552493155002594,
          "z": 1.4383952617645264
        },
        "rotation_quaternion": {
          "w": 0.7227420210838318,
          "x": 0.6909939646720886,
          "y": -0.013085799291729927,
          "z": -0.0005088815232738853
        },
        "matrix": [
          [
            0.9996569752693176,
            -0.01734883338212967,
            -0.01961846649646759,
            0.004368485417217016
          ],
          [
            -0.018819868564605713,
            0.04505477100610733,
            -0.9988073110580444,
            0.06353814899921417
          ],
          [
            0.018212154507637024,
            0.9988409280776978,
            0.044712185859680176,
            0.9509596228599548
          ],
          [
            0.0,
            0.0,
            0.0,
            1.0
          ]
        ]
      },
      "bone_length_armature_space": 0.4880046804338307,
      "parent": "Root",
      "has_children": true,
      "is_end_bone": false
    },
    "neck_01": {
      "name": "neck_01",
      "local": {
        "location": {
          "x": 0.0,
          "y": 0.0,
          "z": 0.0
        },
        "rotation_quaternion": {
          "w": 0.9955559968948364,
          "x": -0.03633314371109009,
          "y": 0.013171537779271603,
          "z": 0.08587570488452911
        },
        "scale": {
          "x": 1.0,
          "y": 1.0,
          "z": 1.0
        },
        "matrix_basis": [
          [
            0.9849037528038025,
            -0.17194527387619019,
            0.019985737279057503,
            0.0
          ],
          [
            0.17003102600574493,
            0.9826105237007141,
            0.07460559159517288,
            0.0
          ],
          [
            -0.03246627375483513,
            -0.07008112967014313,
            0.9970128536224365,
            0.0
          ],
          [
            0.0,
            0.0,
            0.0,
            1.0
          ]
        ],
        "rotation_mode": "QUATERNION"
      },
      "armature_space": {
        "head": {
          "x": -0.006048399023711681,
          "y": -0.009059306234121323,
          "z": 0.5632254481315613
        },
        "tail": {
          "x": -0.02594195306301117,
          "y": -0.0359642319381237,
          "z": 0.6601332426071167
        }
      },
      "world_space": {
        "head": {
          "x": -0.006048399023711681,
          "y": 0.0541846938431263,
          "z": 1.5130794048309326
        },
        "tail": {
          "x": -0.02594195306301117,
          "y": 0.027279768139123917,
          "z": 1.6099872589111328
        },
        "rotation_quaternion": {
          "w": 0.6024907231330872,
          "x": 0.7921459674835205,
          "y": -0.07608257979154587,
          "z": 0.061001699417829514
        },
        "matrix": [
          [
            0.980980396270752,
            -0.19404305517673492,
            0.004965311847627163,
            -0.006048399023711681
          ],
          [
            -0.047032132744789124,
            -0.2624324560165405,
            -0.963803768157959,
            0.0541846938431263
          ],
          [
            0.1883237212896347,
            0.9452452063560486,
            -0.26657015085220337,
            1.5130794048309326
          ],
          [
            0.0,
            0.0,
            0.0,
            1.0
          ]
        ]
      },
      "bone_length_armature_space": 0.10252194446206962,
      "parent": "spine_01",
      "has_children": true,
      "is_end_bone": false
    },
    "head": {
      "name": "head",
      "local": {
        "location": {
          "x": 0.0,
          "y": 0.0,
          "z": 0.0
        },
        "rotation_quaternion": {
          "w": 0.9818878173828125,
          "x": -0.0689568743109703,
          "y": -0.16118568181991577,
          "z": 0.07183708995580673
        },
        "scale": {
          "x": 1.0,
          "y": 1.0,
          "z": 1.0
        },
        "matrix_basis": [
          [
            0.9377171993255615,
            -0.11884220689535141,
            -0.32643982768058777,
            0.0
          ],
          [
            0.16330164670944214,
            0.9801687598228455,
            0.11225760728120804,
            0.0
          ],
          [
            0.3066251873970032,
            -0.15857404470443726,
            0.9385282397270203,
            0.0
          ],
          [
            0.0,
            0.0,
            0.0,
            1.0
          ]
        ],
        "rotation_mode": "QUATERNION"
      },
      "armature_space": {
        "head": {
          "x": -0.025941936299204826,
          "y": -0.03596436232328415,
          "z": 0.6601331233978271
        },
        "tail": {
          "x": -0.07020219415426254,
          "y": 0.005159284919500351,
          "z": 0.8029727339744568
        }
      },
      "world_space": {
        "head": {
          "x": -0.025941936299204826,
          "y": 0.02727963775396347,
          "z": 1.6099871397018433
        },
        "tail": {
          "x": -0.07020219415426254,
          "y": 0.06840328872203827,
          "z": 1.7528266906738281
        },
        "rotation_quaternion": {
          "w": 0.7531067728996277,
          "x": 0.6059331893920898,
          "y": -0.25575241446495056,
          "z": -0.016301535069942474
        },
        "matrix": [
          [
            0.8686507344245911,
            -0.285383939743042,
            -0.4049716889858246,
            -0.025941936299204826
          ],
          [
            -0.3344896137714386,
            0.2651595175266266,
            -0.9043271541595459,
            0.02727963775396347
          ],
          [
            0.3654646873474121,
            0.9210098385810852,
            0.13487304747104645,
            1.6099871397018433
          ],
          [
            0.0,
            0.0,
            0.0,
            1.0
          ]
        ]
      },
      "bone_length_armature_space": 0.15509119487704082,
      "parent": "neck_01",
      "has_children": false,
      "is_end_bone": true
    },
    "upperarm_l": {
      "name": "upperarm_l",
      "local": {
        "location": {
          "x": 0.0,
          "y": 0.0,
          "z": 0.0
        },
        "rotation_quaternion": {
          "w": 0.9931945204734802,
          "x": 0.10194563120603561,
          "y": 0.026896033436059952,
          "z": -0.04948071762919426
        },
        "scale": {
          "x": 1.0,
          "y": 1.0,
          "z": 1.0
        },
        "matrix_basis": [
          [
            0.9936565160751343,
            0.10377182066440582,
            0.043337300419807434,
            0.0
          ],
          [
            -0.09280408918857574,
            0.9743174910545349,
            -0.20516535639762878,
            0.0
          ],
          [
            -0.06351467221975327,
            0.19984202086925507,
            0.9777674078941345,
            0.0
          ],
          [
            0.0,
            0.0,
            0.0,
            1.0
          ]
        ],
        "rotation_mode": "QUATERNION"
      },
      "armature_space": {
        "head": {
          "x": 0.1450035572052002,
          "y": -0.01809564046561718,
          "z": 0.49897000193595886
        },
        "tail": {
          "x": 0.40693768858909607,
          "y": -0.06715906411409378,
          "z": 0.47084662318229675
        }
      },
      "world_space": {
        "head": {
          "x": 0.1450035572052002,
          "y": 0.04514835774898529,
          "z": 1.4488240480422974
        },
        "tail": {
          "x": 0.40693768858909607,
          "y": -0.003915064036846161,
          "z": 1.4207006692886353
        },
        "rotation_quaternion": {
          "w": 0.4170720875263214,
          "x": 0.5258599519729614,
          "y": 0.4842555820941925,
          "z": -0.561265230178833
        },
        "matrix": [
          [
            -0.09904492646455765,
            0.9774776697158813,
            -0.18635331094264984,
            0.1450035572052002
          ],
          [
            0.04112398996949196,
            -0.1830933541059494,
            -0.9822351336479187,
            0.04514835774898529
          ],
          [
            -0.9942397475242615,
            -0.104949951171875,
            -0.022064372897148132,
            1.4488240480422974
          ],
          [
            0.0,
            0.0,
            0.0,
            1.0
          ]
        ]
      },
      "bone_length_armature_space": 0.26796946592381266,
      "parent": "spine_01",
      "has_children": true,
      "is_end_bone": false
    },
    "lowerarm_l": {
      "name": "lowerarm_l",
      "local": {
        "location": {
          "x": 0.0,
          "y": 0.0,
          "z": 0.0
        },
        "rotation_quaternion": {
          "w": 0.941173791885376,
          "x": 0.3031463921070099,
          "y": 0.060841191560029984,
          "z": -0.1363544911146164
        },
        "scale": {
          "x": 1.0,
          "y": 1.0,
          "z": 1.0
        },
        "matrix_basis": [
          [
            0.9554116129875183,
            0.2935541272163391,
            0.03185352683067322,
            0.0
          ],
          [
            -0.21977896988391876,
            0.7790194153785706,
            -0.5872188210487366,
            0.0
          ],
          [
            -0.19719500839710236,
            0.554034948348999,
            0.8088012337684631,
            0.0
          ],
          [
            0.0,
            0.0,
            0.0,
            1.0
          ]
        ],
        "rotation_mode": "QUATERNION"
      },
      "armature_space": {
        "head": {
          "x": 0.40693777799606323,
          "y": -0.06715913116931915,
          "z": 0.4708467423915863
        },
        "tail": {
          "x": 0.5569438338279724,
          "y": -0.2784483730792999,
          "z": 0.40432995557785034
        }
      },
      "world_space": {
        "head": {
          "x": 0.40693777799606323,
          "y": -0.003915131092071533,
          "z": 1.4207007884979248
        },
        "tail": {
          "x": 0.5569438338279724,
          "y": -0.2152043730020523,
          "z": 1.3541839122772217
        },
        "rotation_quaternion": {
          "w": 0.14274363219738007,
          "x": 0.6076076626777649,
          "y": 0.2910805344581604,
          "z": -0.7250582575798035
        },
        "matrix": [
          [
            -0.22087505459785461,
            0.5607189536094666,
            -0.7980027198791504,
            0.40693777799606323
          ],
          [
            0.14672952890396118,
            -0.7897940278053284,
            -0.5955637693405151,
            -0.003915131092071533
          ],
          [
            -0.9642081260681152,
            -0.24863818287849426,
            0.09217189997434616,
            1.4207007884979248
          ],
          [
            0.0,
            0.0,
            0.0,
            1.0
          ]
        ]
      },
      "bone_length_armature_space": 0.2675246625590431,
      "parent": "upperarm_l",
      "has_children": true,
      "is_end_bone": false
    },
    "metacarpal_thumb_l": {
      "name": "metacarpal_thumb_l",
      "local": {
        "location": {
          "x": 0.0,
          "y": 0.0,
          "z": 0.0
        },
        "rotation_quaternion": {
          "w": 0.999785304069519,
          "x": -0.020634787157177925,
          "y": -0.0012498256983235478,
          "z": 0.0014329302357509732
        },
        "scale": {
          "x": 1.0,
          "y": 1.0,
          "z": 1.0
        },
        "matrix_basis": [
          [
            0.9999927878379822,
            -0.0028136654291301966,
            -0.002558251144364476,
            0.0
          ],
          [
            0.0029168250039219856,
            0.9991443157196045,
            0.04125713184475899,
            0.0
          ],
          [
            0.002439978299662471,
            -0.04126429557800293,
            0.9991452693939209,
            0.0
          ],
          [
            0.0,
            0.0,
            0.0,
            1.0
          ]
        ],
        "rotation_mode": "QUATERNION"
      },
      "armature_space": {
        "head": {
          "x": 0.5569438338279724,
          "y": -0.2784483730792999,
          "z": 0.40432995557785034
        },
        "tail": {
          "x": 0.5540359020233154,
          "y": -0.32592207193374634,
          "z": 0.39049598574638367
        }
      },
      "world_space": {
        "head": {
          "x": 0.5569438338279724,
          "y": -0.2152043730020523,
          "z": 1.3541839122772217
        },
        "tail": {
          "x": 0.5540359020233154,
          "y": -0.2626780867576599,
          "z": 1.3403500318527222
        },
        "rotation_quaternion": {
          "w": 0.14395731687545776,
          "x": -0.978559136390686,
          "y": 0.008361219428479671,
          "z": 0.14706619083881378
        },
        "matrix": [
          [
            0.9566032290458679,
            -0.0587063767015934,
            -0.28541842103004456,
            0.5569438338279724
          ],
          [
            0.02597855217754841,
            -0.9584129452705383,
            0.2842003405094147,
            -0.2152043730020523
          ],
          [
            -0.29023513197898865,
            -0.27928441762924194,
            -0.9153019189834595,
            1.3541839122772217
          ],
          [
            0.0,
            0.0,
            0.0,
            1.0
          ]
        ]
      },
      "bone_length_armature_space": 0.049533693212750446,
      "parent": "lowerarm_l",
      "has_children": true,
      "is_end_bone": false
    },
    "thumb_01_l": {
      "name": "thumb_01_l",
      "local": {
        "location": {
          "x": 0.0,
          "y": 0.0,
          "z": 0.0
        },
        "rotation_quaternion": {
          "w": 0.962489664554596,
          "x": 0.2708685100078583,
          "y": 0.015622768551111221,
          "z": -0.00012407988833729178
        },
        "scale": {
          "x": 1.0,
          "y": 1.0,
          "z": 1.0
        },
        "matrix_basis": [
          [
            0.9995118379592896,
            0.008702283725142479,
            0.03000628761947155,
            0.0
          ],
          [
            0.008224580436944962,
            0.8532604575157166,
            -0.5214201807975769,
            0.0
          ],
          [
            -0.030140725895762444,
            0.5214124321937561,
            0.8527723550796509,
            0.0
          ],
          [
            0.0,
            0.0,
            0.0,
            1.0
          ]
        ],
        "rotation_mode": "QUATERNION"
      },
      "armature_space": {
        "head": {
          "x": 0.5540359020233154,
          "y": -0.32592207193374634,
          "z": 0.39049598574638367
        },
        "tail": {
          "x": 0.5597655177116394,
          "y": -0.3390597105026245,
          "z": 0.3596218526363373
        }
      },
      "world_space": {
        "head": {
          "x": 0.5540359020233154,
          "y": -0.2626780867576599,
          "z": 1.3403500318527222
        },
        "tail": {
          "x": 0.5597655177116394,
          "y": -0.2758157253265381,
          "z": 1.3094758987426758
        },
        "rotation_quaternion": {
          "w": 0.4569087326526642,
          "x": -0.5889991521835327,
          "y": 0.31345269083976746,
          "z": -0.5882701873779297
        },
        "matrix": [
          [
            0.1113705262541771,
            0.1683272123336792,
            0.979419469833374,
            0.5540359020233154
          ],
          [
            -0.9068185091018677,
            -0.3859631419181824,
            0.1694483458995819,
            -0.2626780867576599
          ],
          [
            0.40654456615448,
            -0.9070339202880859,
            0.1096581220626831,
            1.3403500318527222
          ],
          [
            0.0,
            0.0,
            0.0,
            1.0
          ]
        ]
      },
      "bone_length_armature_space": 0.03403877391606943,
      "parent": "metacarpal_thumb_l",
      "has_children": true,
      "is_end_bone": false
    },
    "thumb_02_l": {
      "name": "thumb_02_l",
      "local": {
        "location": {
          "x": 0.0,
          "y": 0.0,
          "z": 0.0
        },
        "rotation_quaternion": {
          "w": 0.8974257707595825,
          "x": 0.4411240220069885,
          "y": 0.0034876451827585697,
          "z": -0.004963561426848173
        },
        "scale": {
          "x": 1.0,
          "y": 1.0,
          "z": 1.0
        },
        "matrix_basis": [
          [
            0.9999263882637024,
            0.011985824443399906,
            0.0018807129235938191,
            0.0
          ],
          [
            -0.005831887945532799,
            0.6107699275016785,
            -0.7917867302894592,
            0.0
          ],
          [
            -0.010638897307217121,
            0.791717529296875,
            0.6107948422431946,
            0.0
          ],
          [
            0.0,
            0.0,
            0.0,
            1.0
          ]
        ],
        "rotation_mode": "QUATERNION"
      },
      "armature_space": {
        "head": {
          "x": 0.5597654581069946,
          "y": -0.3390596807003021,
          "z": 0.3596218526363373
        },
        "tail": {
          "x": 0.5870622396469116,
          "y": -0.35053592920303345,
          "z": 0.3867579996585846
        }
      },
      "world_space": {
        "head": {
          "x": 0.5597654581069946,
          "y": -0.2758156657218933,
          "z": 1.3094758987426758
        },
        "tail": {
          "x": 0.5870622396469116,
          "y": -0.287291944026947,
          "z": 1.3366119861602783
        },
        "rotation_quaternion": {
          "w": 0.44090500473976135,
          "x": 0.03320903331041336,
          "y": -0.4034058451652527,
          "z": -0.801101565361023
        },
        "matrix": [
          [
            -0.6089984774589539,
            0.6796259880065918,
            -0.40893685817718506,
            0.5597654581069946
          ],
          [
            -0.7332143783569336,
            -0.2857317328453064,
            0.6170528531074524,
            -0.2758156657218933
          ],
          [
            0.30252036452293396,
            0.6756269931793213,
            0.6723270416259766,
            1.3094758987426758
          ],
          [
            0.0,
            0.0,
            0.0,
            1.0
          ]
        ]
      },
      "bone_length_armature_space": 0.04016452433663636,
      "parent": "thumb_01_l",
      "has_children": true,
      "is_end_bone": false
    },
    "thumb_03_l": {
      "name": "thumb_03_l",
      "local": {
        "location": {
          "x": 0.0,
          "y": 0.0,
          "z": 0.0
        },
        "rotation_quaternion": {
          "w": 0.9902063608169556,
          "x": 0.13957199454307556,
          "y": 0.0004296207625884563,
          "z": -0.003314624074846506
        },
        "scale": {
          "x": 1.0,
          "y": 1.0,
          "z": 1.0
        },
        "matrix_basis": [
          [
            0.9999776482582092,
            0.006684249732643366,
            -7.443096546921879e-05,
            0.0
          ],
          [
            -0.00644439784809947,
            0.961017370223999,
            -0.2764129936695099,
            0.0
          ],
          [
            -0.0017760838381946087,
            0.27640730142593384,
            0.9610389471054077,
            0.0
          ],
          [
            0.0,
            0.0,
            0.0,
            1.0
          ]
        ],
        "rotation_mode": "QUATERNION"
      },
      "armature_space": {
        "head": {
          "x": 0.5870621800422668,
          "y": -0.3505359888076782,
          "z": 0.3867579698562622
        },
        "tail": {
          "x": 0.5993361473083496,
          "y": -0.3475542962551117,
          "z": 0.4144592583179474
        }
      },
      "world_space": {
        "head": {
          "x": 0.5870621800422668,
          "y": -0.2872920036315918,
          "z": 1.3366119861602783
        },
        "tail": {
          "x": 0.5993361473083496,
          "y": -0.2843102812767029,
          "z": 1.3643132448196411
        },
        "rotation_quaternion": {
          "w": 0.5489387512207031,
          "x": 0.272188663482666,
          "y": -0.49762868881225586,
          "z": -0.6139588356018066
        },
        "matrix": [
          [
            -0.2491561621427536,
            0.40315335988998413,
            -0.8805615305900574,
            0.5870621800422668
          ],
          [
            -0.9449499249458313,
            0.09793786704540253,
            0.31221455335617065,
            -0.2872920036315918
          ],
          [
            0.2121112197637558,
            0.9098831415176392,
            0.3565608263015747,
            1.3366119861602783
          ],
          [
            0.0,
            0.0,
            0.0,
            1.0
          ]
        ]
      },
      "bone_length_armature_space": 0.03044506753987529,
      "parent": "thumb_02_l",
      "has_children": false,
      "is_end_bone": true
    },
    "metacarpal_index_l": {
      "name": "metacarpal_index_l",
      "local": {
        "location": {
          "x": 0.0,
          "y": 0.0,
          "z": 0.0
        },
        "rotation_quaternion": {
          "w": 0.9990599155426025,
          "x": -0.04216219112277031,
          "y": 0.009036071598529816,
          "z": -0.004469746723771095
        },
        "scale": {
          "x": 1.0,
          "y": 1.0,
          "z": 1.0
        },
        "matrix_basis": [
          [
            0.9997967481613159,
            0.008169128559529781,
            0.01843206211924553,
            0.0
          ],
          [
            -0.009693050757050514,
            0.996404767036438,
            0.0841643288731575,
            0.0
          ],
          [
            -0.017678245902061462,
            -0.0843258872628212,
            0.9962813854217529,
            0.0
          ],
          [
            0.0,
            0.0,
            0.0,
            1.0
          ]
        ],
        "rotation_mode": "QUATERNION"
      },
      "armature_space": {
        "head": {
          "x": 0.5569438338279724,
          "y": -0.2784483730792999,
          "z": 0.40432995557785034
        },
        "tail": {
          "x": 0.5973230004310608,
          "y": -0.3857974112033844,
          "z": 0.3803520202636719
        }
      },
      "world_space": {
        "head": {
          "x": 0.5569438338279724,
          "y": -0.2152043730020523,
          "z": 1.3541839122772217
        },
        "tail": {
          "x": 0.5973230004310608,
          "y": -0.3225533962249756,
          "z": 1.330206036567688
        },
        "rotation_quaternion": {
          "w": 0.027861930429935455,
          "x": -0.9017989635467529,
          "y": -0.2028287798166275,
          "z": 0.38058239221572876
        },
        "matrix": [
          [
            0.6280347108840942,
            0.34461507201194763,
            -0.6977196335792542,
            0.5569438338279724
          ],
          [
            0.3870292901992798,
            -0.9161683320999146,
            -0.10413599014282227,
            -0.2152043730020523
          ],
          [
            -0.6751197576522827,
            -0.20463916659355164,
            -0.7087665796279907,
            1.3541839122772217
          ],
          [
            0.0,
            0.0,
            0.0,
            1.0
          ]
        ]
      },
      "bone_length_armature_space": 0.11717181547822546,
      "parent": "lowerarm_l",
      "has_children": true,
      "is_end_bone": false
    },
    "index_01_l": {
      "name": "index_01_l",
      "local": {
        "location": {
          "x": 0.0,
          "y": 0.0,
          "z": 0.0
        },
        "rotation_quaternion": {
          "w": 0.9538542032241821,
          "x": 0.2992461919784546,
          "y": -0.008933347649872303,
          "z": -0.02311227098107338
        },
        "scale": {
          "x": 1.0,
          "y": 1.0,
          "z": 1.0
        },
        "matrix_basis": [
          [
            0.9987720251083374,
            0.038744933903217316,
            -0.030874740332365036,
            0.0
          ],
          [
            -0.04943801462650299,
            0.8198350667953491,
            -0.5704615116119385,
            0.0
          ],
          [
            0.003209704300388694,
            0.5712873935699463,
            0.8207437992095947,
            0.0
          ],
          [
            0.0,
            0.0,
            0.0,
            1.0
          ]
        ],
        "rotation_mode": "QUATERNION"
      },
      "armature_space": {
        "head": {
          "x": 0.5973230004310608,
          "y": -0.3857974112033844,
          "z": 0.3803520202636719
        },
        "tail": {
          "x": 0.6025502681732178,
          "y": -0.40464743971824646,
          "z": 0.35960525274276733
        }
      },
      "world_space": {
        "head": {
          "x": 0.5973230004310608,
          "y": -0.3225533962249756,
          "z": 1.330206036567688
        },
        "tail": {
          "x": 0.6025502681732178,
          "y": -0.34140342473983765,
          "z": 1.3094592094421387
        },
        "rotation_quaternion": {
          "w": 0.29895713925361633,
          "x": -0.7948440909385681,
          "y": -0.2830006182193756,
          "z": 0.445823073387146
        },
        "matrix": [
          [
            0.44230493903160095,
            0.18332070112228394,
            -0.8779292106628418,
            0.5973230004310608
          ],
          [
            0.7164470553398132,
            -0.6610708832740784,
            0.22291086614131927,
            -0.3225533962249756
          ],
          [
            -0.5395123958587646,
            -0.7275899648666382,
            -0.423737108707428,
            1.330206036567688
          ],
          [
            0.0,
            0.0,
            0.0,
            1.0
          ]
        ]
      },
      "bone_length_armature_space": 0.0285144921983698,
      "parent": "metacarpal_index_l",
      "has_children": true,
      "is_end_bone": false
    },
    "index_02_l": {
      "name": "index_02_l",
      "local": {
        "location": {
          "x": 0.0,
          "y": 0.0,
          "z": 0.0
        },
        "rotation_quaternion": {
          "w": 0.8814312815666199,
          "x": 0.4722956418991089,
          "y": 0.0013337427517399192,
          "z": 0.0037372284568846226
        },
        "scale": {
          "x": 1.0,
          "y": 1.0,
          "z": 1.0
        },
        "matrix_basis": [
          [
            0.9999685287475586,
            -0.005328378174453974,
            0.005881358403712511,
            0.0
          ],
          [
            0.007848061621189117,
            0.5538457036018372,
            -0.8325823545455933,
            0.0
          ],
          [
            0.0011789482086896896,
            0.8326022624969482,
            0.5538700819015503,
            0.0
          ],
          [
            0.0,
            0.0,
            0.0,
            1.0
          ]
        ],
        "rotation_mode": "QUATERNION"
      },
      "armature_space": {
        "head": {
          "x": 0.6025499701499939,
          "y": -0.4046477973461151,
          "z": 0.35960495471954346
        },
        "tail": {
          "x": 0.5865572094917297,
          "y": -0.41068562865257263,
          "z": 0.34047719836235046
        }
      },
      "world_space": {
        "head": {
          "x": 0.6025499701499939,
          "y": -0.3414037823677063,
          "z": 1.3094589710235596
        },
        "tail": {
          "x": 0.5865572094917297,
          "y": -0.3474416136741638,
          "z": 1.290331244468689
        },
        "rotation_quaternion": {
          "w": 0.6159685254096985,
          "x": -0.5567249655723572,
          "y": -0.053873300552368164,
          "z": 0.5547412633895874
        },
        "matrix": [
          [
            0.37871575355529785,
            -0.6234204173088074,
            -0.6840476393699646,
            0.6025499701499939
          ],
          [
            0.7433937191963196,
            -0.23536348342895508,
            0.6260751485824585,
            -0.3414037823677063
          ],
          [
            -0.5513110160827637,
            -0.7456265091896057,
            0.37431415915489197,
            1.3094589710235596
          ],
          [
            0.0,
            0.0,
            0.0,
            1.0
          ]
        ]
      },
      "bone_length_armature_space": 0.025653359646198682,
      "parent": "index_01_l",
      "has_children": true,
      "is_end_bone": false
    },
    "index_03_l": {
      "name": "index_03_l",
      "local": {
        "location": {
          "x": 0.0,
          "y": 0.0,
          "z": 0.0
        },
        "rotation_quaternion": {
          "w": 0.9302995204925537,
          "x": 0.3666955530643463,
          "y": -0.008688297122716904,
          "z": 0.0013330604415386915
        },
        "scale": {
          "x": 1.0,
          "y": 1.0,
          "z": 1.0
        },
        "matrix_basis": [
          [
            0.9998454451560974,
            -0.008852210827171803,
            -0.015187782235443592,
            0.0
          ],
          [
            -0.003891628934070468,
            0.7310652136802673,
            -0.6822965741157532,
            0.0
          ],
          [
            0.017143091186881065,
            0.6822502017021179,
            0.730917751789093,
            0.0
          ],
          [
            0.0,
            0.0,
            0.0,
            1.0
          ]
        ],
        "rotation_mode": "QUATERNION"
      },
      "armature_space": {
        "head": {
          "x": 0.5865573287010193,
          "y": -0.4106857478618622,
          "z": 0.3404771685600281
        },
        "tail": {
          "x": 0.5608046054840088,
          "y": -0.3994053304195404,
          "z": 0.3325221538543701
        }
      },
      "world_space": {
        "head": {
          "x": 0.5865573287010193,
          "y": -0.34744173288345337,
          "z": 1.2903311252593994
        },
        "tail": {
          "x": 0.5608046054840088,
          "y": -0.3361613154411316,
          "z": 1.2823761701583862
        },
        "rotation_quaternion": {
          "w": 0.8183332681655884,
          "x": -0.2579391300678253,
          "y": 0.15285907685756683,
          "z": 0.4903389513492584
        },
        "matrix": [
          [
            0.47240328788757324,
            -0.8813780546188354,
            -0.002777606248855591,
            0.5865573287010193
          ],
          [
            0.7236652374267578,
            0.38606908917427063,
            0.5720659494400024,
            -0.34744173288345337
          ],
          [
            -0.5031367540359497,
            -0.27225738763809204,
            0.8202091455459595,
            1.2903311252593994
          ],
          [
            0.0,
            0.0,
            0.0,
            1.0
          ]
        ]
      },
      "bone_length_armature_space": 0.029218707136619015,
      "parent": "index_02_l",
      "has_children": false,
      "is_end_bone": true
    },
    "metacarpal_pinky_l": {
      "name": "metacarpal_pinky_l",
      "local": {
        "location": {
          "x": 0.0,
          "y": 0.0,
          "z": 0.0
        },
        "rotation_quaternion": {
          "w": 0.999832272529602,
          "x": -0.013381026685237885,
          "y": -0.007098654750734568,
          "z": 0.010298180393874645
        },
        "scale": {
          "x": 1.0,
          "y": 1.0,
          "z": 1.0
        },
        "matrix_basis": [
          [
            0.999687135219574,
            -0.020402932539582253,
            -0.014470528811216354,
            0.0
          ],
          [
            0.02078288048505783,
            0.9994297623634338,
            0.026611357927322388,
            0.0
          ],
          [
            0.013919327408075333,
            -0.026903770864009857,
            0.9995411038398743,
            0.0
          ],
          [
            0.0,
            0.0,
            0.0,
            1.0
          ]
        ],
        "rotation_mode": "QUATERNION"
      },
      "armature_space": {
        "head": {
          "x": 0.5569438338279724,
          "y": -0.2784483730792999,
          "z": 0.40432995557785034
        },
        "tail": {
          "x": 0.6388124823570251,
          "y": -0.3352779150009155,
          "z": 0.3741445541381836
        }
      },
      "world_space": {
        "head": {
          "x": 0.5569438338279724,
          "y": -0.2152043730020523,
          "z": 1.3541839122772217
        },
        "tail": {
          "x": 0.6388124823570251,
          "y": -0.2720339298248291,
          "z": 1.3239985704421997
        },
        "rotation_quaternion": {
          "w": 0.4385499954223633,
          "x": 0.043006621301174164,
          "y": 0.18654194474220276,
          "z": -0.878081202507019
        },
        "matrix": [
          [
            -0.6116485595703125,
            0.7862099409103394,
            0.08809062093496323,
            0.5569438338279724
          ],
          [
            -0.7541206479072571,
            -0.5457517504692078,
            -0.365318238735199,
            -0.2152043730020523
          ],
          [
            -0.2391434758901596,
            -0.28987979888916016,
            0.9267114400863647,
            1.3541839122772217
          ],
          [
            0.0,
            0.0,
            0.0,
            1.0
          ]
        ]
      },
      "bone_length_armature_space": 0.10413083621912676,
      "parent": "lowerarm_l",
      "has_children": true,
      "is_end_bone": false
    },
    "pinky_01_l": {
      "name": "pinky_01_l",
      "local": {
        "location": {
          "x": 0.0,
          "y": 0.0,
          "z": 0.0
        },
        "rotation_quaternion": {
          "w": 0.9525279402732849,
          "x": 0.30397170782089233,
          "y": -0.01646391488611698,
          "z": -0.004548191092908382
        },
        "scale": {
          "x": 1.0,
          "y": 1.0,
          "z": 1.0
        },
        "matrix_basis": [
          [
            0.9994165301322937,
            -0.0013445704244077206,
            -0.03412972018122673,
            0.0
          ],
          [
            -0.018673686310648918,
            0.8151610493659973,
            -0.5789332985877991,
            0.0
          ],
          [
            0.028599634766578674,
            0.5792328715324402,
            0.8146602511405945,
            0.0
          ],
          [
            0.0,
            0.0,
            0.0,
            1.0
          ]
        ],
        "rotation_mode": "QUATERNION"
      },
      "armature_space": {
        "head": {
          "x": 0.6388124823570251,
          "y": -0.3352779150009155,
          "z": 0.3741445541381836
        },
        "tail": {
