{
  "metadata": {
    "armature_name": "KIM_caucasian_male",
    "export_time": "2026-01-13T20:26:42.821103",
    "blender_version": "4.4.1",
    "bone_count": 56,
    "end_bone_count": 13,
    "spaces_included": [
      "LOCAL_CHANNELS",
      "ARMATURE_SPACE",
      "WORLD_SPACE"
    ],
    "note": "LOCAL matches Transform panel; replay pose via local.matrix_basis for best fidelity."
  },
  "bones": {
    "Root": {
      "name": "Root",
      "local": {
        "location": {
          "x": 0.0,
          "y": 0.0,
          "z": 0.0
        },
        "rotation_quaternion": {
          "w": 0.9997291564941406,
          "x": -0.0031275206711143255,
          "y": -0.017647655680775642,
          "z": -0.01484717708081007
        },
        "scale": {
          "x": 1.0,
          "y": 1.0,
          "z": 1.0
        },
        "matrix_basis": [
          [
            0.9989362359046936,
            0.029796699061989784,
            -0.035192880779504776,
            0.0
          ],
          [
            -0.029575925320386887,
            0.9995395541191101,
            0.006777382921427488,
            0.0
          ],
          [
            0.03537862002849579,
            -0.005729311611503363,
            0.9993575811386108,
            0.0
          ],
          [
            0.0,
            0.0,
            0.0,
            1.0
          ]
        ],
        "rotation_mode": "QUATERNION"
      },
      "armature_space": {
        "head": {
          "x": 0.0,
          "y": 0.07072800397872925,
          "z": -0.009595036506652832
        },
        "tail": {
          "x": 0.0021267652045935392,
          "y": 8.754432201385498e-05,
          "z": 0.0004008067771792412
        }
      },
      "world_space": {
        "head": {
          "x": 0.0,
          "y": 0.13397200405597687,
          "z": 0.9402589797973633
        },
        "tail": {
          "x": 0.0021267652045935392,
          "y": 0.06333154439926147,
          "z": 0.9502547979354858
        },
        "rotation_quaternion": {
          "w": 0.07046981155872345,
          "x": 0.9972472786903381,
          "y": 0.013624561950564384,
          "z": -0.018607785925269127
        },
        "matrix": [
          [
            0.9989362359046936,
            0.029796699061989784,
            -0.035192880779504776,
            0.0
          ],
          [
            0.02455153316259384,
            -0.9896966814994812,
            -0.14105919003486633,
            0.13397200405597687
          ],
          [
            -0.03903362527489662,
            0.1400451362133026,
            -0.9893825650215149,
            0.9402589797973633
          ],
          [
            0.0,
            0.0,
            0.0,
            1.0
          ]
        ]
      },
      "bone_length_armature_space": 0.07137586659747615,
      "parent": null,
      "has_children": true,
      "is_end_bone": false
    },
    "spine_01": {
      "name": "spine_01",
      "local": {
        "location": {
          "x": 0.0,
          "y": 0.0,
          "z": 0.0
        },
        "rotation_quaternion": {
          "w": 0.997840166091919,
          "x": 0.05029919371008873,
          "y": -0.004982406739145517,
          "z": 0.04195563122630119
        },
        "scale": {
          "x": 1.0,
          "y": 1.0,
          "z": 1.0
        },
        "matrix_basis": [
          [
            0.9964298009872437,
            -0.08423124998807907,
            -0.005722622387111187,
            0.0
          ],
          [
            0.08322880417108536,
            0.9914194345474243,
            -0.10079918801784515,
            0.0
          ],
          [
            0.01416395977139473,
            0.09996303170919418,
            0.9948903322219849,
            0.0
          ],
          [
            0.0,
            0.0,
            0.0,
            1.0
          ]
        ],
        "rotation_mode": "QUATERNION"
      },
      "armature_space": {
        "head": {
          "x": 0.0021267652045935392,
          "y": 8.754432201385498e-05,
          "z": 0.0004008067771792412
        },
        "tail": {
          "x": -0.019408615306019783,
          "y": -0.023759517818689346,
          "z": 0.48734650015830994
        }
      },
      "world_space": {
        "head": {
          "x": 0.0021267652045935392,
          "y": 0.06333154439926147,
          "z": 0.9502547979354858
        },
        "tail": {
          "x": -0.019408615306019783,
          "y": 0.03948448225855827,
          "z": 1.4372005462646484
        },
        "rotation_quaternion": {
          "w": 0.6895386576652527,
          "x": 0.7238629460334778,
          "y": -0.010138816200196743,
          "z": 0.021355971693992615
        },
        "matrix": [
          [
            0.9988822937011719,
            -0.04412976652383804,
            0.01693505421280861,
            0.0021267652045935392
          ],
          [
            0.014773002825677395,
            -0.04886680841445923,
            -0.9986960291862488,
            0.06333154439926147
          ],
          [
            0.04490013048052788,
            0.9978370070457458,
            -0.04816153272986412,
            0.9502547979354858
          ],
          [
            0.0,
            0.0,
            0.0,
            1.0
          ]
        ]
      },
      "bone_length_armature_space": 0.48800466533039943,
      "parent": "Root",
      "has_children": true,
      "is_end_bone": false
    },
    "neck_01": {
      "name": "neck_01",
      "local": {
        "location": {
          "x": 0.0,
          "y": 0.0,
          "z": 0.0
        },
        "rotation_quaternion": {
          "w": 0.9981181621551514,
          "x": 0.0034125051461160183,
          "y": -0.03399039804935455,
          "z": 0.05092504620552063
        },
        "scale": {
          "x": 1.0,
          "y": 1.0,
          "z": 1.0
        },
        "matrix_basis": [
          [
            0.9925025701522827,
            -0.10189041495323181,
            -0.06750530004501343,
            0.0
          ],
          [
            0.10142644494771957,
            0.9947900176048279,
            -0.010274091735482216,
            0.0
          ],
          [
            0.06820043176412582,
            0.0033502415753901005,
            0.9976660013198853,
            0.0
          ],
          [
            0.0,
            0.0,
            0.0,
            1.0
          ]
        ],
        "rotation_mode": "QUATERNION"
      },
      "armature_space": {
        "head": {
          "x": -0.02205241285264492,
          "y": -0.06197269260883331,
          "z": 0.5587363243103027
        },
        "tail": {
          "x": -0.03598380461335182,
          "y": -0.10572612285614014,
          "z": 0.6504003405570984
        }
      },
      "world_space": {
        "head": {
          "x": -0.02205241285264492,
          "y": 0.0012713074684143066,
          "z": 1.5085903406143188
        },
        "tail": {
          "x": -0.03598380461335182,
          "y": -0.04248212277889252,
          "z": 1.6002542972564697
        },
        "rotation_quaternion": {
          "w": 0.531104326248169,
          "x": 0.8443664908409119,
          "y": -0.06738729029893875,
          "z": 0.02079484984278679
        },
        "matrix": [
          [
            0.9900530576705933,
            -0.1358877420425415,
            -0.036463044583797455,
            -0.02205241285264492
          ],
          [
            -0.09171125292778015,
            -0.4267738461494446,
            -0.8996962308883667,
            0.0012713074684143066
          ],
          [
            0.10669688880443573,
            0.8940969109535217,
            -0.4349951148033142,
            1.5085903406143188
          ],
          [
            0.0,
            0.0,
            0.0,
            1.0
          ]
        ]
      },
      "bone_length_armature_space": 0.10252189045406937,
      "parent": "spine_01",
      "has_children": true,
      "is_end_bone": false
    },
    "head": {
      "name": "head",
      "local": {
        "location": {
          "x": 0.0,
          "y": 0.0,
          "z": 0.0
        },
        "rotation_quaternion": {
          "w": 0.9671530723571777,
          "x": -0.1245400607585907,
          "y": 0.06580552458763123,
          "z": 0.21159975230693817
        },
        "scale": {
          "x": 1.0,
          "y": 1.0,
          "z": 1.0
        },
        "matrix_basis": [
          [
            0.9017903804779053,
            -0.42568954825401306,
            0.07458274066448212,
            0.0
          ],
          [
            0.39290785789489746,
            0.8794306516647339,
            0.268747478723526,
            0.0
          ],
          [
            -0.17999331653118134,
            -0.2130497395992279,
            0.9603188037872314,
            0.0
          ],
          [
            0.0,
            0.0,
            0.0,
            1.0
          ]
        ],
        "rotation_mode": "QUATERNION"
      },
      "armature_space": {
        "head": {
          "x": -0.03598380088806152,
          "y": -0.1057262271642685,
          "z": 0.6504002213478088
        },
        "tail": {
          "x": -0.11404852569103241,
          "y": -0.07656899094581604,
          "z": 0.7812015414237976
        }
      },
      "world_space": {
        "head": {
          "x": -0.03598380088806152,
          "y": -0.042482227087020874,
          "z": 1.6002542972564697
        },
        "tail": {
          "x": -0.11404852569103241,
          "y": -0.01332499086856842,
          "z": 1.731055498123169
        },
        "rotation_quaternion": {
          "w": 0.74933922290802,
          "x": 0.6083414554595947,
          "y": -0.18025293946266174,
          "z": 0.1895267367362976
        },
        "matrix": [
          [
            0.8631771802902222,
            -0.5033504366874695,
            -0.03954527527093887,
            -0.03598380088806152
          ],
          [
            0.06473186612129211,
            0.18800178170204163,
            -0.980033278465271,
            -0.042482227087020874
          ],
          [
            0.5007383823394775,
            0.843388557434082,
            0.19486214220523834,
            1.6002542972564697
          ],
          [
            0.0,
            0.0,
            0.0,
            1.0
          ]
        ]
      },
      "bone_length_armature_space": 0.15509104400135063,
      "parent": "neck_01",
      "has_children": false,
      "is_end_bone": true
    },
    "upperarm_l": {
      "name": "upperarm_l",
      "local": {
        "location": {
          "x": 0.0,
          "y": 0.0,
          "z": 0.0
        },
        "rotation_quaternion": {
          "w": 0.900205671787262,
          "x": 0.06305397301912308,
          "y": 0.4258807897567749,
          "z": 0.0654182881116867
        },
        "scale": {
          "x": 1.0,
          "y": 1.0,
          "z": 1.0
        },
        "matrix_basis": [
          [
            0.6286919713020325,
            -0.0640728771686554,
            0.775010347366333,
            0.0
          ],
          [
            0.1714867800474167,
            0.9834892749786377,
            -0.05780230462551117,
            0.0
          ],
          [
            -0.7585108280181885,
            0.16924387216567993,
            0.629299521446228,
            0.0
          ],
          [
            0.0,
            0.0,
            0.0,
            1.0
          ]
        ],
        "rotation_mode": "QUATERNION"
      },
      "armature_space": {
        "head": {
          "x": 0.130799800157547,
          "y": -0.05965747684240341,
          "z": 0.4982553720474243
        },
        "tail": {
          "x": 0.39607304334640503,
          "y": -0.09158921241760254,
          "z": 0.5187028050422668
        }
      },
      "world_space": {
        "head": {
          "x": 0.130799800157547,
          "y": 0.0035865232348442078,
          "z": 1.4481093883514404
        },
        "tail": {
          "x": 0.39607304334640503,
          "y": -0.02834521234035492,
          "z": 1.4685568809509277
        },
        "rotation_quaternion": {
          "w": 0.2253950536251068,
          "x": 0.7210303544998169,
          "y": 0.6241915822029114,
          "z": -0.1992420256137848
        },
        "matrix": [
          [
            0.14137431979179382,
            0.9899384379386902,
            -0.005937058478593826,
            0.130799800157547
          ],
          [
            0.8103057742118835,
            -0.11916185170412064,
            -0.5737640261650085,
            0.0035865232348442078
          ],
          [
            -0.5687016844749451,
            0.07630505412817001,
            -0.81900554895401,
            1.4481093883514404
          ],
          [
            0.0,
            0.0,
            0.0,
            1.0
          ]
        ]
      },
      "bone_length_armature_space": 0.26796944794906286,
      "parent": "spine_01",
      "has_children": true,
      "is_end_bone": false
    },
    "lowerarm_l": {
      "name": "lowerarm_l",
      "local": {
        "location": {
          "x": 0.0,
          "y": 0.0,
          "z": 0.0
        },
        "rotation_quaternion": {
          "w": 0.9523931741714478,
          "x": 0.2903487980365753,
          "y": -0.06366753578186035,
          "z": -0.06775948405265808
        },
        "scale": {
          "x": 1.0,
          "y": 1.0,
          "z": 1.0
        },
        "matrix_basis": [
          [
            0.9827101826667786,
            0.0920957550406456,
            -0.1606208235025406,
            0.0
          ],
          [
            -0.16603893041610718,
            0.8222124576568604,
            -0.544424295425415,
            0.0
          ],
          [
            0.08192528039216995,
            0.5616806149482727,
            0.8232880234718323,
            0.0
          ],
          [
            0.0,
            0.0,
            0.0,
            1.0
          ]
        ],
        "rotation_mode": "QUATERNION"
      },
      "armature_space": {
        "head": {
          "x": 0.3960731029510498,
          "y": -0.09158934652805328,
          "z": 0.5187028646469116
        },
        "tail": {
          "x": 0.5919170379638672,
          "y": -0.22637386620044708,
          "z": 0.3960331082344055
        }
      },
      "world_space": {
        "head": {
          "x": 0.3960731029510498,
          "y": -0.028345346450805664,
          "z": 1.4685568809509277
        },
        "tail": {
          "x": 0.5919170379638672,
          "y": -0.16312986612319946,
          "z": 1.3458871841430664
        },
        "rotation_quaternion": {
          "w": 0.023548757657408714,
          "x": 0.7122890949249268,
          "y": 0.4975273907184601,
          "z": -0.494526207447052
        },
        "matrix": [
          [
            0.015818458050489426,
            0.7320599555969238,
            -0.6810563206672668,
            0.3960731029510498
          ],
          [
            0.6854754090309143,
            -0.5038212537765503,
            -0.5256308913230896,
            -0.028345346450805664
          ],
          [
            -0.7279284000396729,
            -0.4585365653038025,
            -0.5097829699516296,
            1.4685568809509277
          ],
          [
            0.0,
            0.0,
            0.0,
            1.0
          ]
        ]
      },
      "bone_length_armature_space": 0.2675249193017533,
      "parent": "upperarm_l",
      "has_children": true,
      "is_end_bone": false
    },
    "metacarpal_thumb_l": {
      "name": "metacarpal_thumb_l",
      "local": {
        "location": {
          "x": 0.0,
          "y": 0.0,
          "z": 0.0
        },
        "rotation_quaternion": {
          "w": 0.9985761642456055,
          "x": -0.04990930110216141,
          "y": -0.004014784470200539,
          "z": -0.01840415969491005
        },
        "scale": {
          "x": 1.0,
          "y": 1.0,
          "z": 1.0
        },
        "matrix_basis": [
          [
            0.9992903470993042,
            0.03715666010975838,
            -0.006181058473885059,
            0.0
          ],
          [
            -0.036355160176754,
            0.994340717792511,
            0.09982425719499588,
            0.0
          ],
          [
            0.009855213575065136,
            -0.09952870011329651,
            0.9949858784675598,
            0.0
          ],
          [
            0.0,
            0.0,
            0.0,
            1.0
          ]
        ],
        "rotation_mode": "QUATERNION"
      },
      "armature_space": {
        "head": {
          "x": 0.5919170379638672,
          "y": -0.22637386620044708,
          "z": 0.3960331082344055
        },
        "tail": {
          "x": 0.6029801368713379,
          "y": -0.25858330726623535,
          "z": 0.36006417870521545
        }
      },
      "world_space": {
        "head": {
          "x": 0.5919170379638672,
          "y": -0.16312986612319946,
          "z": 1.3458871841430664
        },
        "tail": {
          "x": 0.6029801368713379,
          "y": -0.19533930718898773,
          "z": 1.3099181652069092
        },
        "rotation_quaternion": {
          "w": 0.4011847972869873,
          "x": -0.9082959294319153,
          "y": -0.11800039559602737,
          "z": -0.01119907759130001
        },
        "matrix": [
          [
            0.9719007611274719,
            0.22334444522857666,
            -0.07433651387691498,
            0.5919170379638672
          ],
          [
            0.20537352561950684,
            -0.6502536535263062,
            0.7314313650131226,
            -0.16312986612319946
          ],
          [
            0.1150246188044548,
            -0.7261513471603394,
            -0.6778551340103149,
            1.3458871841430664
          ],
          [
            0.0,
            0.0,
            0.0,
            1.0
          ]
        ]
      },
      "bone_length_armature_space": 0.049533868083867214,
      "parent": "lowerarm_l",
      "has_children": true,
      "is_end_bone": false
    },
    "thumb_01_l": {
      "name": "thumb_01_l",
      "local": {
        "location": {
          "x": 0.0,
          "y": 0.0,
          "z": 0.0
        },
        "rotation_quaternion": {
          "w": 0.9997059106826782,
          "x": -0.02206556499004364,
          "y": 0.00997372716665268,
          "z": 0.001349290949292481
        },
        "scale": {
          "x": 1.0,
          "y": 1.0,
          "z": 1.0
        },
        "matrix_basis": [
          [
            0.9997974038124084,
            -0.00313794007524848,
            0.019882041960954666,
            0.0
          ],
          [
            0.0022576365154236555,
            0.9990226030349731,
            0.044145066291093826,
            0.0
          ],
          [
            -0.020001133903861046,
            -0.04409123584628105,
            0.9988272786140442,
            0.0
          ],
          [
            0.0,
            0.0,
            0.0,
            1.0
          ]
        ],
        "rotation_mode": "QUATERNION"
      },
      "armature_space": {
        "head": {
          "x": 0.6029801368713379,
          "y": -0.25858330726623535,
          "z": 0.36006417870521545
        },
        "tail": {
          "x": 0.6006301045417786,
          "y": -0.25580358505249023,
          "z": 0.3262205421924591
        }
      },
      "world_space": {
        "head": {
          "x": 0.6029801368713379,
          "y": -0.19533930718898773,
          "z": 1.3099181652069092
        },
        "tail": {
          "x": 0.6006301045417786,
          "y": -0.19255958497524261,
          "z": 1.2760745286941528
        },
        "rotation_quaternion": {
          "w": 0.5528367161750793,
          "x": -0.5391227006912231,
          "y": 0.48497793078422546,
          "z": -0.4105055630207062
        },
        "matrix": [
          [
            0.19256174564361572,
            -0.06903939694166183,
            0.978853166103363,
            0.6029801368713379
          ],
          [
            -0.9768104553222656,
            0.08166370540857315,
            0.1979198306798935,
            -0.19533930718898773
          ],
          [
            -0.09360270202159882,
            -0.9942728877067566,
            -0.051713280379772186,
            1.3099181652069092
          ],
          [
            0.0,
            0.0,
            0.0,
            1.0
          ]
        ]
      },
      "bone_length_armature_space": 0.0340388194992895,
      "parent": "metacarpal_thumb_l",
      "has_children": true,
      "is_end_bone": false
    },
    "thumb_02_l": {
      "name": "thumb_02_l",
      "local": {
        "location": {
          "x": 0.0,
          "y": 0.0,
          "z": 0.0
        },
        "rotation_quaternion": {
          "w": 0.9921262264251709,
          "x": 0.12519149482250214,
          "y": 0.0008518594549968839,
          "z": 0.0034567739348858595
        },
        "scale": {
          "x": 1.0,
          "y": 1.0,
          "z": 1.0
        },
        "matrix_basis": [
          [
            0.9999746680259705,
            -0.006645821034908295,
            0.002555821556597948,
            0.0
          ],
          [
            0.007072403095662594,
            0.9686302542686462,
            -0.24840563535690308,
            0.0
          ],
          [
            -0.0008247868390753865,
            0.2484174221754074,
            0.9686527252197266,
            0.0
          ],
          [
            0.0,
            0.0,
            0.0,
            1.0
          ]
        ],
        "rotation_mode": "QUATERNION"
      },
      "armature_space": {
        "head": {
          "x": 0.6006300449371338,
          "y": -0.25580355525016785,
          "z": 0.3262205719947815
        },
        "tail": {
          "x": 0.6323229670524597,
          "y": -0.27588528394699097,
          "z": 0.3118865489959717
        }
      },
      "world_space": {
        "head": {
          "x": 0.6006300449371338,
          "y": -0.19255955517292023,
          "z": 1.2760746479034424
        },
        "tail": {
          "x": 0.6323229670524597,
          "y": -0.21264128386974335,
          "z": 1.2617405652999878
        },
        "rotation_quaternion": {
          "w": 0.4790819585323334,
          "x": -0.11606664210557938,
          "y": 0.14312970638275146,
          "z": -0.8582091927528381
        },
        "matrix": [
          [
            -0.5140174031257629,
            0.789080023765564,
            0.3363613784313202,
            0.6006300449371338
          ],
          [
            -0.8555305600166321,
            -0.4999885559082031,
            -0.13445785641670227,
            -0.19255955517292023
          ],
          [
            0.06207837909460068,
            -0.3568841218948364,
            0.9320912957191467,
            1.2760746479034424
          ],
          [
            0.0,
            0.0,
            0.0,
            1.0
          ]
        ]
      },
      "bone_length_armature_space": 0.040164428687297596,
      "parent": "thumb_01_l",
      "has_children": true,
      "is_end_bone": false
    },
    "thumb_03_l": {
      "name": "thumb_03_l",
      "local": {
        "location": {
          "x": 0.0,
          "y": 0.0,
          "z": 0.0
        },
        "rotation_quaternion": {
          "w": 0.9958434104919434,
          "x": 0.09094706922769547,
          "y": -0.004834366496652365,
          "z": 0.0011541902786120772
        },
        "scale": {
          "x": 1.0,
          "y": 1.0,
          "z": 1.0
        },
        "matrix_basis": [
          [
            0.9999505877494812,
            -0.003178128506988287,
            -0.009418603964149952,
            0.0
          ],
          [
            0.0014194425893947482,
            0.9834545850753784,
            -0.18114924430847168,
            0.0
          ],
          [
            0.009838484227657318,
            0.1811269223690033,
            0.9834105372428894,
            0.0
          ],
          [
            0.0,
            0.0,
            0.0,
            1.0
          ]
        ],
        "rotation_mode": "QUATERNION"
      },
      "armature_space": {
        "head": {
          "x": 0.6323229074478149,
          "y": -0.27588531374931335,
          "z": 0.3118864893913269
        },
        "tail": {
          "x": 0.6597334742546082,
          "y": -0.2889348566532135,
          "z": 0.31418025493621826
        }
      },
      "world_space": {
        "head": {
          "x": 0.6323229074478149,
          "y": -0.21264131367206573,
          "z": 1.2617404460906982
        },
        "tail": {
          "x": 0.6597334742546082,
          "y": -0.22569085657596588,
          "z": 1.2640342712402344
        },
        "rotation_quaternion": {
          "w": 0.5311314463615417,
          "x": 0.16438138484954834,
          "y": 0.059872932732105255,
          "z": -0.8290317058563232
        },
        "matrix": [
          [
            -0.38175639510154724,
            0.900333821773529,
            -0.20895253121852875,
            0.6323229074478149
          ],
          [
            -0.8609656095504761,
            -0.42862871289253235,
            -0.2738897204399109,
            -0.21264131367206573
          ],
          [
            -0.33615848422050476,
            0.07534191012382507,
            0.9387946128845215,
            1.2617404460906982
          ],
          [
            0.0,
            0.0,
            0.0,
            1.0
          ]
        ]
      },
      "bone_length_armature_space": 0.030444886641556656,
      "parent": "thumb_02_l",
      "has_children": false,
      "is_end_bone": true
    },
    "metacarpal_index_l": {
      "name": "metacarpal_index_l",
      "local": {
        "location": {
          "x": 0.0,
          "y": 0.0,
          "z": 0.0
        },
        "rotation_quaternion": {
          "w": 0.9997825026512146,
          "x": -0.019307099282741547,
          "y": -0.003451636526733637,
          "z": 0.0070928288623690605
        },
        "scale": {
          "x": 1.0,
          "y": 1.0,
          "z": 1.0
        },
        "matrix_basis": [
          [
            0.999875545501709,
            -0.014049289748072624,
            -0.007175655569881201,
            0.0
          ],
          [
            0.014315854758024216,
            0.9991538524627686,
            0.03855683654546738,
            0.0
          ],
          [
            0.006627887487411499,
            -0.038654763251543045,
            0.9992306232452393,
            0.0
          ],
          [
            0.0,
            0.0,
            0.0,
            1.0
          ]
        ],
        "rotation_mode": "QUATERNION"
      },
      "armature_space": {
        "head": {
          "x": 0.5919170379638672,
          "y": -0.22637386620044708,
          "z": 0.3960331082344055
        },
        "tail": {
          "x": 0.6503684520721436,
          "y": -0.30005979537963867,
          "z": 0.32615387439727783
        }
      },
      "world_space": {
        "head": {
          "x": 0.5919170379638672,
          "y": -0.16312986612319946,
          "z": 1.3458871841430664
        },
        "tail": {
          "x": 0.6503684520721436,
          "y": -0.23681579530239105,
          "z": 1.276007890701294
        },
        "rotation_quaternion": {
          "w": 0.26778119802474976,
          "x": -0.883859395980835,
          "y": -0.33742794394493103,
          "z": 0.18228600919246674
        },
        "matrix": [
          [
            0.7058274149894714,
            0.4988527297973633,
            -0.5029447674751282,
            0.5919170379638672
          ],
          [
            0.6941040754318237,
            -0.6288712620735168,
            0.35034358501434326,
            -0.16312986612319946
          ],
          [
            -0.14151792228221893,
            -0.5963831543922424,
            -0.7901355028152466,
            1.3458871841430664
          ],
          [
            0.0,
            0.0,
            0.0,
            1.0
          ]
        ]
      },
      "bone_length_armature_space": 0.11717205839941401,
      "parent": "lowerarm_l",
      "has_children": true,
      "is_end_bone": false
    },
    "index_01_l": {
      "name": "index_01_l",
      "local": {
        "location": {
          "x": 0.0,
          "y": 0.0,
          "z": 0.0
        },
        "rotation_quaternion": {
          "w": 0.992254376411438,
          "x": -0.12300755083560944,
          "y": -0.0009648125851526856,
          "z": 0.01730889268219471
        },
        "scale": {
          "x": 1.0,
          "y": 1.0,
          "z": 1.0
        },
        "matrix_basis": [
          [
            0.999398946762085,
            -0.03411228954792023,
            -0.006172928027808666,
            0.0
          ],
          [
            0.03458700701594353,
            0.9691390991210938,
            0.24407616257667542,
            0.0
          ],
          [
            -0.0023435698822140694,
            -0.24414296448230743,
            0.9697363972663879,
            0.0
          ],
          [
            0.0,
            0.0,
            0.0,
            1.0
          ]
        ],
        "rotation_mode": "QUATERNION"
      },
      "armature_space": {
        "head": {
          "x": 0.6503684520721436,
          "y": -0.30005979537963867,
          "z": 0.32615387439727783
        },
        "tail": {
          "x": 0.6740354299545288,
          "y": -0.31390380859375,
          "z": 0.3183252215385437
        }
      },
      "world_space": {
        "head": {
          "x": 0.6503684520721436,
          "y": -0.23681579530239105,
          "z": 1.276007890701294
        },
        "tail": {
          "x": 0.6740354299545288,
          "y": -0.2506598234176636,
          "z": 1.268179178237915
        },
        "rotation_quaternion": {
          "w": 0.13766905665397644,
          "x": -0.8609766960144043,
          "y": -0.4881516098976135,
          "z": 0.03839888423681259
        },
        "matrix": [
          [
            0.520466685295105,
            0.8300015926361084,
            -0.20052887499332428,
            0.6503684520721436
          ],
          [
            0.851147472858429,
            -0.48551028966903687,
            0.19956935942173004,
            -0.23681579530239105
          ],
          [
            0.06828546524047852,
            -0.2745514214038849,
            -0.9591521620750427,
            1.276007890701294
          ],
          [
            0.0,
            0.0,
            0.0,
            1.0
          ]
        ]
      },
      "bone_length_armature_space": 0.028514388727960957,
      "parent": "metacarpal_index_l",
      "has_children": true,
      "is_end_bone": false
    },
    "index_02_l": {
      "name": "index_02_l",
      "local": {
        "location": {
          "x": 0.0,
          "y": 0.0,
          "z": 0.0
        },
        "rotation_quaternion": {
          "w": 0.9985154271125793,
          "x": 0.054147232323884964,
          "y": 2.5402288883924484e-05,
          "z": -0.005920697934925556
        },
        "scale": {
          "x": 1.0,
          "y": 1.0,
          "z": 1.0
        },
        "matrix_basis": [
          [
            0.9999299049377441,
            0.011826567351818085,
            -0.0005904496647417545,
            0.0
          ],
          [
            -0.011821065098047256,
            0.994066059589386,
            -0.10813399404287338,
            0.0
          ],
          [
            -0.0006919079460203648,
            0.10813339054584503,
            0.9941361546516418,
            0.0
          ],
          [
            0.0,
            0.0,
            0.0,
            1.0
          ]
        ],
        "rotation_mode": "QUATERNION"
      },
      "armature_space": {
        "head": {
          "x": 0.6740355491638184,
          "y": -0.31390413641929626,
          "z": 0.3183248043060303
        },
        "tail": {
          "x": 0.6953499913215637,
          "y": -0.32515716552734375,
          "z": 0.3095410168170929
        }
      },
      "world_space": {
        "head": {
          "x": 0.6740355491638184,
          "y": -0.25066012144088745,
          "z": 1.2681788206100464
        },
        "tail": {
          "x": 0.6953499913215637,
          "y": -0.2619131803512573,
          "z": 1.2593950033187866
        },
        "rotation_quaternion": {
          "w": 0.15328112244606018,
          "x": -0.8441154360771179,
          "y": -0.5071249604225159,
          "z": 0.08245247602462769
        },
        "matrix": [
          [
            0.47205105423927307,
            0.8308671116828918,
            -0.29466512799263,
            0.6740355491638184
          ],
          [
            0.8814213275909424,
            -0.4386581480503082,
            0.17514470219612122,
            -0.25066012144088745
          ],
          [
            0.01626580022275448,
            -0.3424043655395508,
            -0.9394194483757019,
            1.2681788206100464
          ],
          [
            0.0,
            0.0,
            0.0,
            1.0
          ]
        ]
      },
      "bone_length_armature_space": 0.025653284910661097,
      "parent": "index_01_l",
      "has_children": true,
      "is_end_bone": false
    },
    "index_03_l": {
      "name": "index_03_l",
      "local": {
        "location": {
          "x": 0.0,
          "y": 0.0,
          "z": 0.0
        },
        "rotation_quaternion": {
          "w": 0.9997313022613525,
          "x": 0.022039862349629402,
          "y": 0.004075824283063412,
          "z": -0.005913186818361282
        },
        "scale": {
          "x": 1.0,
          "y": 1.0,
          "z": 1.0
        },
        "matrix_basis": [
          [
            0.9998968243598938,
            0.012002857401967049,
            0.007888806983828545,
            0.0
          ],
          [
            -0.011643534526228905,
            0.9989585280418396,
            -0.04411608353257179,
            0.0
          ],
          [
            -0.008410110138356686,
            0.0440196767449379,
            0.9989952445030212,
            0.0
          ],
          [
            0.0,
            0.0,
            0.0,
            1.0
          ]
        ],
        "rotation_mode": "QUATERNION"
      },
      "armature_space": {
        "head": {
          "x": 0.6953500509262085,
          "y": -0.32515719532966614,
          "z": 0.30954113602638245
        },
        "tail": {
          "x": 0.7196110486984253,
          "y": -0.3344050645828247,
          "z": 0.29613906145095825
        }
      },
      "world_space": {
        "head": {
          "x": 0.6953500509262085,
          "y": -0.2619131803512573,
          "z": 1.2593951225280762
        },
        "tail": {
          "x": 0.7196110486984253,
          "y": -0.2711610794067383,
          "z": 1.2459931373596191
        },
        "rotation_quaternion": {
          "w": 0.23365020751953125,
          "x": -0.8077826499938965,
          "y": -0.5358678698539734,
          "z": 0.07576504349708557
        },
        "matrix": [
          [
            0.41420918703079224,
            0.8303244113922119,
            -0.37281620502471924,
            0.6953500509262085
          ],
          [
            0.9011356830596924,
            -0.3165057301521301,
            0.2962748110294342,
            -0.2619131803512573
          ],
          [
            0.1280076801776886,
            -0.4586814343929291,
            -0.879340410232544,
            1.2593951225280762
          ],
          [
            0.0,
            0.0,
            0.0,
            1.0
          ]
        ]
      },
      "bone_length_armature_space": 0.029218739259806805,
      "parent": "index_02_l",
      "has_children": false,
      "is_end_bone": true
    },
    "metacarpal_pinky_l": {
      "name": "metacarpal_pinky_l",
      "local": {
        "location": {
          "x": 0.0,
          "y": 0.0,
          "z": 0.0
        },
        "rotation_quaternion": {
          "w": 0.9997414946556091,
          "x": -0.014281724579632282,
          "y": 0.015002654865384102,
          "z": 0.009384172968566418
        },
        "scale": {
          "x": 1.0,
          "y": 1.0,
          "z": 1.0
        },
        "matrix_basis": [
          [
            0.999373733997345,
            -0.01919202134013176,
            0.029729509726166725,
            0.0
          ],
          [
            0.018334966152906418,
            0.999415934085846,
            0.028837639838457108,
            0.0
          ],
          [
            -0.030265597626566887,
            -0.02827448956668377,
            0.9991419315338135,
            0.0
          ],
          [
            0.0,
            0.0,
            0.0,
            1.0
          ]
        ],
        "rotation_mode": "QUATERNION"
      },
      "armature_space": {
        "head": {
          "x": 0.5919170379638672,
          "y": -0.22637386620044708,
          "z": 0.3960331082344055
        },
        "tail": {
          "x": 0.6872201561927795,
          "y": -0.2559810280799866,
          "z": 0.3663017153739929
        }
      },
      "world_space": {
        "head": {
          "x": 0.5919170379638672,
          "y": -0.16312986612319946,
          "z": 1.3458871841430664
        },
        "tail": {
          "x": 0.6872201561927795,
          "y": -0.19273702800273895,
          "z": 1.3161556720733643
        },
        "rotation_quaternion": {
          "w": 0.45495593547821045,
          "x": 0.3151881992816925,
          "y": 0.3883956968784332,
          "z": -0.7367634177207947
        },
        "matrix": [
          [
            -0.387342244386673,
            0.9152255654335022,
            -0.11103110015392303,
            0.5919170379638672
          ],
          [
            -0.4255565106868744,
            -0.2843269109725952,
            -0.859104335308075,
            -0.16312986612319946
          ],
          [
            -0.8178496360778809,
            -0.2855197489261627,
            0.49961453676223755,
            1.3458871841430664
          ],
          [
            0.0,
            0.0,
            0.0,
            1.0
          ]
        ]
      },
      "bone_length_armature_space": 0.10413080267997214,
      "parent": "lowerarm_l",
      "has_children": true,
      "is_end_bone": false
    },
    "pinky_01_l": {
      "name": "pinky_01_l",
      "local": {
        "location": {
          "x": 0.0,
          "y": 0.0,
          "z": 0.0
        },
        "rotation_quaternion": {
          "w": 0.9593921899795532,
          "x": 0.2817312777042389,
          "y": -0.002602490596473217,
          "z": 0.013687368482351303
        },
        "scale": {
          "x": 1.0,
          "y": 1.0,
          "z": 1.0
        },
        "matrix_basis": [
          [
            0.9996117949485779,
            -0.027729514986276627,
            0.00271870126016438,
            0.0
          ],
          [
            0.024796701967716217,
            0.840880274772644,
            -0.5406528115272522,
            0.0
          ],
          [
            0.012705937959253788,
            0.540510356426239,
            0.8412414193153381,
            0.0
          ],
          [
            0.0,
            0.0,
            0.0,
            1.0
          ]
        ],
        "rotation_mode": "QUATERNION"
      },
      "armature_space": {
        "head": {
          "x": 0.6872201561927795,
          "y": -0.2559810280799866,
          "z": 0.3663017153739929
