{
  "metadata": {
    "armature_name": "KIM_caucasian_male",
    "export_time": "2026-01-13T21:04:00.406433",
    "blender_version": "4.4.1",
    "bone_count": 56,
    "end_bone_count": 13,
    "spaces_included": [
      "LOCAL_CHANNELS",
      "ARMATURE_SPACE",
      "WORLD_SPACE"
    ],
    "note": "LOCAL matches Transform panel; replay pose via local.matrix_basis for best fidelity."
  },
  "bones": {
    "Root": {
      "name": "Root",
      "local": {
        "location": {
          "x": 0.0,
          "y": 0.0,
          "z": 0.0
        },
        "rotation_quaternion": {
          "w": 0.9994145631790161,
          "x": -0.015450927428901196,
          "y": -0.01532190851867199,
          "z": 0.026400338858366013
        },
        "scale": {
          "x": 1.0,
          "y": 1.0,
          "z": 1.0
        },
        "matrix_basis": [
          [
            0.9981365203857422,
            -0.052296292036771774,
            -0.03144169598817825,
            0.0
          ],
          [
            0.0532432422041893,
            0.9981285929679871,
            0.03007475659251213,
            0.0
          ],
          [
            0.02981005795300007,
            -0.03169276937842369,
            0.9990530014038086,
            0.0
          ],
          [
            0.0,
            0.0,
            0.0,
            1.0
          ]
        ],
        "rotation_mode": "QUATERNION"
      },
      "armature_space": {
        "head": {
          "x": 0.0,
          "y": 0.07072800397872925,
          "z": -0.009595036506652832
        },
        "tail": {
          "x": -0.0037326933816075325,
          "y": 0.00043645501136779785,
          "z": 0.002223624847829342
        }
      },
      "world_space": {
        "head": {
          "x": 0.0,
          "y": 0.13397200405597687,
          "z": 0.9402589797973633
        },
        "tail": {
          "x": -0.0037326933816075325,
          "y": 0.06368045508861542,
          "z": 0.9520776271820068
        },
        "rotation_quaternion": {
          "w": 0.0827440470457077,
          "x": 0.9961032867431641,
          "y": -0.027372563257813454,
          "z": -0.013508562929928303
        },
        "matrix": [
          [
            0.9981365203857422,
            -0.052296292036771774,
            -0.03144169598817825,
            0.0
          ],
          [
            -0.05676731839776039,
            -0.9848083257675171,
            -0.164104163646698,
            0.13397200405597687
          ],
          [
            -0.022382214665412903,
            0.16558343172073364,
            -0.9859488606452942,
            0.9402589797973633
          ],
          [
            0.0,
            0.0,
            0.0,
            1.0
          ]
        ]
      },
      "bone_length_armature_space": 0.07137587569868332,
      "parent": null,
      "has_children": true,
      "is_end_bone": false
    },
    "spine_01": {
      "name": "spine_01",
      "local": {
        "location": {
          "x": 0.0,
          "y": 0.0,
          "z": 0.0
        },
        "rotation_quaternion": {
          "w": 0.9917942881584167,
          "x": 0.10668981075286865,
          "y": 0.06324586272239685,
          "z": -0.03100588172674179
        },
        "scale": {
          "x": 1.0,
          "y": 1.0,
          "z": 1.0
        },
        "matrix_basis": [
          [
            0.9900771975517273,
            0.07499828934669495,
            0.11883774399757385,
            0.0
          ],
          [
            -0.048007532954216,
            0.975311815738678,
            -0.21555067598819733,
            0.0
          ],
          [
            -0.13206979632377625,
            0.20770670473575592,
            0.9692344665527344,
            0.0
          ],
          [
            0.0,
            0.0,
            0.0,
            1.0
          ]
        ],
        "rotation_mode": "QUATERNION"
      },
      "armature_space": {
        "head": {
          "x": -0.0037326933816075325,
          "y": 0.00043645501136779785,
          "z": 0.002223624847829342
        },
        "tail": {
          "x": 0.03995491564273834,
          "y": -0.06596864759922028,
          "z": 0.48371103405952454
        }
      },
      "world_space": {
        "head": {
          "x": -0.0037326933816075325,
          "y": 0.06368045508861542,
          "z": 0.9520776271820068
        },
        "tail": {
          "x": 0.03995491564273834,
          "y": -0.0027246475219726562,
          "z": 1.4335650205612183
        },
        "rotation_quaternion": {
          "w": 0.6550620794296265,
          "x": 0.7536519765853882,
          "y": 0.05343848466873169,
          "z": -0.006850862875580788
        },
        "matrix": [
          [
            0.994194746017456,
            0.0895235612988472,
            0.059685252606868744,
            -0.0037326933816075325
          ],
          [
            0.07157306373119354,
            -0.1360756903886795,
            -0.9881097674369812,
            0.06368045508861542
          ],
          [
            -0.08033788949251175,
            0.9866520762443542,
            -0.14169511198997498,
            0.9520776271820068
          ],
          [
            0.0,
            0.0,
            0.0,
            1.0
          ]
        ]
      },
      "bone_length_armature_space": 0.48800448751839787,
      "parent": "Root",
      "has_children": true,
      "is_end_bone": false
    },
    "neck_01": {
      "name": "neck_01",
      "local": {
        "location": {
          "x": 0.0,
          "y": 0.0,
          "z": 0.0
        },
        "rotation_quaternion": {
          "w": 0.9960008859634399,
          "x": 0.04997424781322479,
          "y": 0.07120616734027863,
          "z": -0.020358754321932793
        },
        "scale": {
          "x": 1.0,
          "y": 1.0,
          "z": 1.0
        },
        "matrix_basis": [
          [
            0.9890304207801819,
            0.04767162352800369,
            0.13980798423290253,
            0.0
          ],
          [
            -0.03343772515654564,
            0.9941762089729309,
            -0.10244812816381454,
            0.0
          ],
          [
            -0.14387764036655426,
            0.09664945304393768,
            0.9848645329475403,
            0.0
          ],
          [
            0.0,
            0.0,
            0.0,
            1.0
          ]
        ],
        "rotation_mode": "QUATERNION"
      },
      "armature_space": {
        "head": {
          "x": 0.04857960343360901,
          "y": -0.11019998043775558,
          "z": 0.5510381460189819
        },
        "tail": {
          "x": 0.06438326090574265,
          "y": -0.16949360072612762,
          "z": 0.6331674456596375
        }
      },
      "world_space": {
        "head": {
          "x": 0.04857960343360901,
          "y": -0.046955980360507965,
          "z": 1.500892162322998
        },
        "tail": {
          "x": 0.06438326090574265,
          "y": -0.10624960064888,
          "z": 1.5830214023590088
        },
        "rotation_quaternion": {
          "w": 0.4475482404232025,
          "x": 0.8878055810928345,
          "y": 0.10258425772190094,
          "z": 0.03128146007657051
        },
        "matrix": [
          [
            0.9769958257675171,
            0.15414991974830627,
            0.14736692607402802,
            0.04857960343360901
          ],
          [
            0.2101500928401947,
            -0.5783539414405823,
            -0.7882538437843323,
            -0.046955980360507965
          ],
          [
            -0.03627907484769821,
            0.801094651222229,
            -0.5974488854408264,
            1.500892162322998
          ],
          [
            0.0,
            0.0,
            0.0,
            1.0
          ]
        ]
      },
      "bone_length_armature_space": 0.10252175880501394,
      "parent": "spine_01",
      "has_children": true,
      "is_end_bone": false
    },
    "head": {
      "name": "head",
      "local": {
        "location": {
          "x": 0.0,
          "y": 0.0,
          "z": 0.0
        },
        "rotation_quaternion": {
          "w": 0.9955287575721741,
          "x": -0.005308528896421194,
          "y": 0.0942133292555809,
          "z": 0.004272934049367905
        },
        "scale": {
          "x": 1.0,
          "y": 1.0,
          "z": 1.0
        },
        "matrix_basis": [
          [
            0.982211172580719,
            -0.009507926180958748,
            0.18753878772258759,
            0.0
          ],
          [
            0.007507388945668936,
            0.9999071359634399,
            0.011374721303582191,
            0.0
          ],
          [
            -0.18762952089309692,
            -0.009764451533555984,
            0.9821913242340088,
            0.0
          ],
          [
            0.0,
            0.0,
            0.0,
            1.0
          ]
        ],
        "rotation_mode": "QUATERNION"
      },
      "armature_space": {
        "head": {
          "x": 0.06438326835632324,
          "y": -0.1694936752319336,
          "z": 0.6331672668457031
        },
        "tail": {
          "x": 0.0765850618481636,
          "y": -0.20782281458377838,
          "z": 0.7829513549804688
        }
      },
      "world_space": {
        "head": {
          "x": 0.06438326835632324,
          "y": -0.10624967515468597,
          "z": 1.5830212831497192
        },
        "tail": {
          "x": 0.0765850618481636,
          "y": -0.14457881450653076,
          "z": 1.7328053712844849
        },
        "rotation_quaternion": {
          "w": 0.595740020275116,
          "x": 0.779556930065155,
          "y": 0.14670778810977936,
          "z": 0.12594330310821533
        },
        "matrix": [
          [
            0.9252301454544067,
            0.07867545634508133,
            0.37115949392318726,
            0.06438326835632324
          ],
          [
            0.3787933588027954,
            -0.24714092910289764,
            -0.8918730020523071,
            -0.10624967515468597
          ],
          [
            0.021560687571763992,
            0.9657869935035706,
            -0.2584666311740875,
            1.5830212831497192
          ],
          [
            0.0,
            0.0,
            0.0,
            1.0
          ]
        ]
      },
      "bone_length_armature_space": 0.1550912011635247,
      "parent": "neck_01",
      "has_children": false,
      "is_end_bone": true
    },
    "upperarm_l": {
      "name": "upperarm_l",
      "local": {
        "location": {
          "x": 0.0,
          "y": 0.0,
          "z": 0.0
        },
        "rotation_quaternion": {
          "w": 0.8191958665847778,
          "x": 0.36522793769836426,
          "y": 0.2448887974023819,
          "z": 0.3681796193122864
        },
        "scale": {
          "x": 1.0,
          "y": 1.0,
          "z": 1.0
        },
        "matrix_basis": [
          [
            0.6089465022087097,
            -0.42434197664260864,
            0.6701627373695374,
            0.0
          ],
          [
            0.7821028828620911,
            0.4621046483516693,
            -0.418060302734375,
            0.0
          ],
          [
            -0.13228482007980347,
            0.7787125706672668,
            0.6132760643959045,
            0.0
          ],
          [
            0.0,
            0.0,
            0.0,
            1.0
          ]
        ],
        "rotation_mode": "QUATERNION"
      },
      "armature_space": {
        "head": {
          "x": 0.19188247621059418,
          "y": -0.09346988797187805,
          "z": 0.4722249209880829
        },
        "tail": {
          "x": 0.3472464382648468,
          "y": -0.3021152913570404,
          "z": 0.5365428924560547
        }
      },
      "world_space": {
        "head": {
          "x": 0.19188247621059418,
          "y": -0.030225887894630432,
          "z": 1.4220789670944214
        },
        "tail": {
          "x": 0.3472464382648468,
          "y": -0.23887129127979279,
          "z": 1.4863969087600708
        },
        "rotation_quaternion": {
          "w": 0.21917206048965454,
          "x": 0.8931602835655212,
          "y": 0.25031018257141113,
          "z": -0.3026107847690582
        },
        "matrix": [
          [
            0.6915430426597595,
            0.5797824263572693,
            -0.43083706498146057,
            0.19188247621059418
          ],
          [
            0.31448692083358765,
            -0.7786164283752441,
            -0.5430053472518921,
            -0.030225887894630432
          ],
          [
            -0.6502860188484192,
            0.24001988768577576,
            -0.7207862138748169,
            1.4220789670944214
          ],
          [
            0.0,
            0.0,
            0.0,
            1.0
          ]
        ]
      },
      "bone_length_armature_space": 0.2679695247897522,
      "parent": "spine_01",
      "has_children": true,
      "is_end_bone": false
    },
    "lowerarm_l": {
      "name": "lowerarm_l",
      "local": {
        "location": {
          "x": 0.0,
          "y": 0.0,
          "z": 0.0
        },
        "rotation_quaternion": {
          "w": 0.858077883720398,
          "x": 0.4687716066837311,
          "y": 0.20854350924491882,
          "z": -0.021570051088929176
        },
        "scale": {
          "x": 1.0,
          "y": 1.0,
          "z": 1.0
        },
        "matrix_basis": [
          [
            0.9120886921882629,
            0.23253612220287323,
            0.33767029643058777,
            0.0
          ],
          [
            0.15850098431110382,
            0.5595758557319641,
            -0.8134816884994507,
            0.0
          ],
          [
            -0.37811601161956787,
            0.7954885363578796,
            0.4735255837440491,
            0.0
          ],
          [
            0.0,
            0.0,
            0.0,
            1.0
          ]
        ],
        "rotation_mode": "QUATERNION"
      },
      "armature_space": {
        "head": {
          "x": 0.3472464084625244,
          "y": -0.30211544036865234,
          "z": 0.5365430116653442
        },
        "tail": {
          "x": 0.33351147174835205,
          "y": -0.5205726027488708,
          "z": 0.3827327489852905
        }
      },
      "world_space": {
        "head": {
          "x": 0.3472464084625244,
          "y": -0.23887144029140472,
          "z": 1.4863970279693604
        },
        "tail": {
          "x": 0.33351147174835205,
          "y": -0.4573286175727844,
          "z": 1.3325867652893066
        },
        "rotation_quaternion": {
          "w": 0.2994117736816406,
          "x": -0.9258468747138977,
          "y": -0.04537803307175636,
          "z": 0.2260555624961853
        },
        "matrix": [
          [
            0.8936796188354492,
            -0.05134087800979614,
            -0.44575875997543335,
            0.3472464084625244
          ],
          [
            0.21939341723918915,
            -0.816587507724762,
            0.5339023470878601,
            -0.23887144029140472
          ],
          [
            -0.3914145231246948,
            -0.574938952922821,
            -0.7185083031654358,
            1.4863970279693604
          ],
          [
            0.0,
            0.0,
            0.0,
            1.0
          ]
        ]
      },
      "bone_length_armature_space": 0.2675252844253634,
      "parent": "upperarm_l",
      "has_children": true,
      "is_end_bone": false
    },
    "metacarpal_thumb_l": {
      "name": "metacarpal_thumb_l",
      "local": {
        "location": {
          "x": 0.0,
          "y": 0.0,
          "z": 0.0
        },
        "rotation_quaternion": {
          "w": 0.9990441799163818,
          "x": -0.039878007024526596,
          "y": 0.005365065298974514,
          "z": 0.017080489546060562
        },
        "scale": {
          "x": 1.0,
          "y": 1.0,
          "z": 1.0
        },
        "matrix_basis": [
          [
            0.9993589520454407,
            -0.034556224942207336,
            0.009357602335512638,
            0.0
          ],
          [
            0.03370043262839317,
            0.9962360262870789,
            0.0798630565404892,
            0.0
          ],
          [
            -0.012082146480679512,
            -0.07949650287628174,
            0.9967619180679321,
            0.0
          ],
          [
            0.0,
            0.0,
            0.0,
            1.0
          ]
        ],
        "rotation_mode": "QUATERNION"
      },
      "armature_space": {
        "head": {
          "x": 0.33351147174835205,
          "y": -0.5205726027488708,
          "z": 0.3827327489852905
        },
        "tail": {
          "x": 0.32237547636032104,
          "y": -0.5346723198890686,
          "z": 0.3365721106529236
        }
      },
      "world_space": {
        "head": {
          "x": 0.33351147174835205,
          "y": -0.4573286175727844,
          "z": 1.3325867652893066
        },
        "tail": {
          "x": 0.32237547636032104,
          "y": -0.4714283347129822,
          "z": 1.286426067352295
        },
        "rotation_quaternion": {
          "w": 0.4416268467903137,
          "x": -0.7020559310913086,
          "y": 0.40328800678253174,
          "z": -0.3865773677825928
        },
        "matrix": [
          [
            0.37583276629447937,
            -0.22481656074523926,
            0.8990035057067871,
            0.33351147174835205
          ],
          [
            -0.9077078104019165,
            -0.2846490144729614,
            0.30828866362571716,
            -0.4573286175727844
          ],
          [
            0.18659260869026184,
            -0.9319040775299072,
            -0.3110499978065491,
            1.3325867652893066
          ],
          [
            0.0,
            0.0,
            0.0,
            1.0
          ]
        ]
      },
      "bone_length_armature_space": 0.049533998373831746,
      "parent": "lowerarm_l",
      "has_children": true,
      "is_end_bone": false
    },
    "thumb_01_l": {
      "name": "thumb_01_l",
      "local": {
        "location": {
          "x": 0.0,
          "y": 0.0,
          "z": 0.0
        },
        "rotation_quaternion": {
          "w": 0.9997503757476807,
          "x": 0.009812653064727783,
          "y": 0.012677607126533985,
          "z": -0.015565917827188969
        },
        "scale": {
          "x": 1.0,
          "y": 1.0,
          "z": 1.0
        },
        "matrix_basis": [
          [
            0.9991939663887024,
            0.03137286752462387,
            0.02504340000450611,
            0.0
          ],
          [
            -0.03087526187300682,
            0.9993228316307068,
            -0.020015085116028786,
            0.0
          ],
          [
            -0.025654369965195656,
            0.019225729629397392,
            0.999485969543457,
            0.0
          ],
          [
            0.0,
            0.0,
            0.0,
            1.0
          ]
        ],
        "rotation_mode": "QUATERNION"
      },
      "armature_space": {
        "head": {
          "x": 0.32237547636032104,
          "y": -0.5346723198890686,
          "z": 0.3365721106529236
        },
        "tail": {
          "x": 0.3379133343696594,
          "y": -0.5305817723274231,
          "z": 0.3065641224384308
        }
      },
      "world_space": {
        "head": {
          "x": 0.32237547636032104,
          "y": -0.4714283347129822,
          "z": 1.286426067352295
        },
        "tail": {
          "x": 0.3379133343696594,
          "y": -0.46733778715133667,
          "z": 1.2564181089401245
        },
        "rotation_quaternion": {
          "w": 0.3211982250213623,
          "x": 0.022672563791275024,
          "y": 0.6759575605392456,
          "z": -0.6628718972206116
        },
        "matrix": [
          [
            -0.792634129524231,
            0.4564779996871948,
            0.40417709946632385,
            0.32237547636032104
          ],
          [
            -0.39517825841903687,
            0.12017334252595901,
            -0.9107102155685425,
            -0.4714283347129822
          ],
          [
            -0.46429383754730225,
            -0.8815878629684448,
            0.08513646572828293,
            1.286426067352295
          ],
          [
            0.0,
            0.0,
            0.0,
            1.0
          ]
        ]
      },
      "bone_length_armature_space": 0.034038757269895886,
      "parent": "metacarpal_thumb_l",
      "has_children": true,
      "is_end_bone": false
    },
    "thumb_02_l": {
      "name": "thumb_02_l",
      "local": {
        "location": {
          "x": 0.0,
          "y": 0.0,
          "z": 0.0
        },
        "rotation_quaternion": {
          "w": 0.9909942150115967,
          "x": 0.13381539285182953,
          "y": -0.0028165827970951796,
          "z": -0.004019010346382856
        },
        "scale": {
          "x": 1.0,
          "y": 1.0,
          "z": 1.0
        },
        "matrix_basis": [
          [
            0.9999518394470215,
            0.007211827673017979,
            -0.0066580455750226974,
            0.0
          ],
          [
            -0.008719435892999172,
            0.9641546010971069,
            -0.2651979327201843,
            0.0
          ],
          [
            0.004506823606789112,
            0.26524320244789124,
            0.9641709923744202,
            0.0
          ],
          [
            0.0,
            0.0,
            0.0,
            1.0
          ]
        ],
        "rotation_mode": "QUATERNION"
      },
      "armature_space": {
        "head": {
          "x": 0.3379133343696594,
          "y": -0.5305817127227783,
          "z": 0.3065641522407532
        },
        "tail": {
          "x": 0.3316625952720642,
          "y": -0.5654209852218628,
          "z": 0.28758156299591064
        }
      },
      "world_space": {
        "head": {
          "x": 0.3379133343696594,
          "y": -0.4673377275466919,
          "z": 1.256418228149414
        },
        "tail": {
          "x": 0.3316625952720642,
          "y": -0.5021770000457764,
          "z": 1.2374355792999268
        },
        "rotation_quaternion": {
          "w": 0.1263417750597,
          "x": -0.18703271448612213,
          "y": -0.22434255480766296,
          "z": 0.948012113571167
        },
        "matrix": [
          [
            -0.8981130719184875,
            -0.15562863647937775,
            -0.41130632162094116,
            0.3379133343696594
          ],
          [
            0.32346606254577637,
            -0.8674169778823853,
            -0.37809816002845764,
            -0.4673377275466919
          ],
          [
            -0.2979329228401184,
            -0.47262248396873474,
            0.8293842077255249,
            1.256418228149414
          ],
          [
            0.0,
            0.0,
            0.0,
            1.0
          ]
        ]
      },
      "bone_length_armature_space": 0.040164478414112935,
      "parent": "thumb_01_l",
      "has_children": true,
      "is_end_bone": false
    },
    "thumb_03_l": {
      "name": "thumb_03_l",
      "local": {
        "location": {
          "x": 0.0,
          "y": 0.0,
          "z": 0.0
        },
        "rotation_quaternion": {
          "w": 0.9952242374420166,
          "x": 0.09737122058868408,
          "y": 0.006894406396895647,
          "z": -0.0004075106990057975
        },
        "scale": {
          "x": 1.0,
          "y": 1.0,
          "z": 1.0
        },
        "matrix_basis": [
          [
            0.9999045729637146,
            0.0021537626162171364,
            0.013643600977957249,
            0.0
          ],
          [
            0.0005315044545568526,
            0.9810373783111572,
            -0.19381801784038544,
            0.0
          ],
          [
            -0.013802320696413517,
            0.19380678236484528,
            0.9809426069259644,
            0.0
          ],
          [
            0.0,
            0.0,
            0.0,
            1.0
          ]
        ],
        "rotation_mode": "QUATERNION"
      },
      "armature_space": {
        "head": {
          "x": 0.3316625952720642,
          "y": -0.565420925617218,
          "z": 0.28758150339126587
        },
        "tail": {
          "x": 0.3241410553455353,
          "y": -0.5949040651321411,
          "z": 0.28655093908309937
        }
      },
      "world_space": {
        "head": {
          "x": 0.3316625952720642,
          "y": -0.5021769404411316,
          "z": 1.2374355792999268
        },
        "tail": {
          "x": 0.3241410553455353,
          "y": -0.5316600799560547,
          "z": 1.2364048957824707
        },
        "rotation_quaternion": {
          "w": 0.12213768064975739,
          "x": -0.362505704164505,
          "y": 0.029617611318826675,
          "z": 0.9234690070152283
        },
        "matrix": [
          [
            -0.7073439955711365,
            -0.24705448746681213,
            -0.662290632724762,
            0.3316625952720642
          ],
          [
            0.2041076123714447,
            -0.9684105515480042,
            0.1432541012763977,
            -0.5021769404411316
          ],
          [
            -0.6767651438713074,
            -0.03384977579116821,
            0.735430121421814,
            1.2374355792999268
          ],
          [
            0.0,
            0.0,
            0.0,
            1.0
          ]
        ]
      },
      "bone_length_armature_space": 0.03044488693095599,
      "parent": "thumb_02_l",
      "has_children": false,
      "is_end_bone": true
    },
    "metacarpal_index_l": {
      "name": "metacarpal_index_l",
      "local": {
        "location": {
          "x": 0.0,
          "y": 0.0,
          "z": 0.0
        },
        "rotation_quaternion": {
          "w": 0.9996892809867859,
          "x": -0.0028412705287337303,
          "y": -0.014308309182524681,
          "z": 0.020214412361383438
        },
        "scale": {
          "x": 1.0,
          "y": 1.0,
          "z": 1.0
        },
        "matrix_basis": [
          [
            0.9987732768058777,
            -0.04033495485782623,
            -0.028722595423460007,
            0.0
          ],
          [
            0.04049757122993469,
            0.9991666078567505,
            0.005102307070046663,
            0.0
          ],
          [
            0.02849285677075386,
            -0.006259243469685316,
            0.9995744228363037,
            0.0
          ],
          [
            0.0,
            0.0,
            0.0,
            1.0
          ]
        ],
        "rotation_mode": "QUATERNION"
      },
      "armature_space": {
        "head": {
          "x": 0.33351147174835205,
          "y": -0.5205726027488708,
          "z": 0.3827327489852905
        },
        "tail": {
          "x": 0.31273382902145386,
          "y": -0.5893750786781311,
          "z": 0.2901916205883026
        }
      },
      "world_space": {
        "head": {
          "x": 0.33351147174835205,
          "y": -0.4573286175727844,
          "z": 1.3325867652893066
        },
        "tail": {
          "x": 0.31273382902145386,
          "y": -0.5261310935020447,
          "z": 1.2400456666946411
        },
        "rotation_quaternion": {
          "w": 0.4142330586910248,
          "x": -0.8726631999015808,
          "y": 0.18658681213855743,
          "z": -0.17904053628444672
        },
        "matrix": [
          [
            0.8662595152854919,
            -0.17732639610767365,
            0.4670652151107788,
            0.33351147174835205
          ],
          [
            -0.47398415207862854,
            -0.5871932506561279,
            0.6561580896377563,
            -0.4573286175727844
          ],
          [
            0.15790404379367828,
            -0.7897906303405762,
            -0.5927152037620544,
            1.3325867652893066
          ],
          [
            0.0,
            0.0,
            0.0,
            1.0
          ]
        ]
      },
      "bone_length_armature_space": 0.11717231597480719,
      "parent": "lowerarm_l",
      "has_children": true,
      "is_end_bone": false
    },
    "index_01_l": {
      "name": "index_01_l",
      "local": {
        "location": {
          "x": 0.0,
          "y": 0.0,
          "z": 0.0
        },
        "rotation_quaternion": {
          "w": 0.9987947940826416,
          "x": -0.04666437581181526,
          "y": -0.013527138158679008,
          "z": -0.006963180843740702
        },
        "scale": {
          "x": 1.0,
          "y": 1.0,
          "z": 1.0
        },
        "matrix_basis": [
          [
            0.9995370507240295,
            0.015172048471868038,
            -0.026371804997324944,
            0.0
          ],
          [
            -0.012647106312215328,
            0.995547890663147,
            0.09340465813875198,
            0.0
          ],
          [
            0.027671534568071365,
            -0.09302788972854614,
            0.9952788949012756,
            0.0
          ],
          [
            0.0,
            0.0,
            0.0,
            1.0
          ]
        ],
        "rotation_mode": "QUATERNION"
      },
      "armature_space": {
        "head": {
          "x": 0.31273382902145386,
          "y": -0.5893750786781311,
          "z": 0.2901916205883026
        },
        "tail": {
          "x": 0.3138253092765808,
          "y": -0.6135492324829102,
          "z": 0.2751087546348572
        }
      },
      "world_space": {
        "head": {
          "x": 0.31273382902145386,
          "y": -0.5261310935020447,
          "z": 1.2400456666946411
        },
        "tail": {
          "x": 0.3138253092765808,
          "y": -0.5503052473068237,
          "z": 1.2249627113342285
        },
        "rotation_quaternion": {
          "w": 0.2714684009552002,
          "x": -0.9310287833213806,
          "y": 0.04910456761717796,
          "z": -0.23891259729862213
        },
        "matrix": [
          [
            0.8810192346572876,
            0.03827843815088272,
            0.4715293347835541,
            0.31273382902145386
          ],
          [
            -0.22114963829517365,
            -0.8477879166603088,
            0.482025682926178,
            -0.5261310935020447
          ],
          [
            0.4182107448577881,
            -0.5289568901062012,
            -0.7384569048881531,
            1.2400456666946411
          ],
          [
            0.0,
            0.0,
            0.0,
            1.0
          ]
        ]
      },
      "bone_length_armature_space": 0.028514450610104405,
      "parent": "metacarpal_index_l",
      "has_children": true,
      "is_end_bone": false
    },
    "index_02_l": {
      "name": "index_02_l",
      "local": {
        "location": {
          "x": 0.0,
          "y": 0.0,
          "z": 0.0
        },
        "rotation_quaternion": {
          "w": 0.9877200722694397,
          "x": 0.15598730742931366,
          "y": -0.007453443016856909,
          "z": -0.004645579028874636
        },
        "scale": {
          "x": 1.0,
          "y": 1.0,
          "z": 1.0
        },
        "matrix_basis": [
          [
            0.9998457431793213,
            0.006851778365671635,
            -0.01617313362658024,
            0.0
          ],
          [
            -0.011502347886562347,
            0.9512927532196045,
            -0.30807432532310486,
            0.0
          ],
          [
            0.013274528086185455,
            0.30821284651756287,
            0.9512248039245605,
            0.0
          ],
          [
            0.0,
            0.0,
            0.0,
            1.0
          ]
        ],
        "rotation_mode": "QUATERNION"
      },
      "armature_space": {
        "head": {
          "x": 0.3138252794742584,
          "y": -0.6135492920875549,
          "z": 0.2751082181930542
        },
        "tail": {
          "x": 0.3184661269187927,
          "y": -0.6311501860618591,
          "z": 0.25703153014183044
        }
      },
      "world_space": {
        "head": {
          "x": 0.3138252794742584,
          "y": -0.5503053069114685,
          "z": 1.2249622344970703
        },
        "tail": {
          "x": 0.3184661269187927,
          "y": -0.5679062008857727,
          "z": 1.206885576248169
        },
        "rotation_quaternion": {
          "w": 0.39605996012687683,
          "x": -0.8943686485290527,
          "y": -0.009140066802501678,
          "z": -0.20774415135383606
        },
        "matrix": [
          [
            0.9135180115699768,
            0.18090718984603882,
            0.3643590211868286,
            0.3138252794742584
          ],
          [
            -0.14820824563503265,
            -0.6861066222190857,
            0.7122445106506348,
            -0.5503053069114685
          ],
          [
            0.378841757774353,
            -0.7046546936035156,
            -0.5999623537063599,
            1.2249622344970703
          ],
          [
            0.0,
            0.0,
            0.0,
            1.0
          ]
        ]
      },
      "bone_length_armature_space": 0.025653374075663073,
      "parent": "index_01_l",
      "has_children": true,
      "is_end_bone": false
    },
    "index_03_l": {
      "name": "index_03_l",
      "local": {
        "location": {
          "x": 0.0,
          "y": 0.0,
          "z": 0.0
        },
        "rotation_quaternion": {
          "w": 0.9746525883674622,
          "x": 0.2236616164445877,
          "y": 0.004481833428144455,
          "z": -0.002779844682663679
        },
        "scale": {
          "x": 1.0,
          "y": 1.0,
          "z": 1.0
        },
        "matrix_basis": [
          [
            0.9999443888664246,
            0.007423593662679195,
            0.007492972072213888,
            0.0
          ],
          [
            -0.003413937520235777,
            0.8999354839324951,
            -0.4360096752643585,
            0.0
          ],
          [
            -0.00997995026409626,
            0.4359598159790039,
            0.8999108076095581,
            0.0
          ],
          [
            0.0,
            0.0,
            0.0,
            1.0
          ]
        ],
        "rotation_mode": "QUATERNION"
      },
      "armature_space": {
        "head": {
          "x": 0.31846606731414795,
          "y": -0.6311503052711487,
          "z": 0.2570316195487976
        },
        "tail": {
          "x": 0.33156904578208923,
          "y": -0.6380728483200073,
          "z": 0.23184965550899506
        }
      },
      "world_space": {
        "head": {
          "x": 0.31846606731414795,
          "y": -0.5679063200950623,
          "z": 1.206885576248169
        },
        "tail": {
          "x": 0.33156904578208923,
          "y": -0.5748288631439209,
          "z": 1.1817036867141724
        },
        "rotation_quaternion": {
          "w": 0.6094808578491211,
          "x": -0.7473427653312683,
          "y": -0.10036527365446091,
          "z": -0.24482405185699463
        },
        "matrix": [
          [
            0.859976589679718,
            0.4484453797340393,
            0.24359187483787537,
            0.31846606731414795
          ],
          [
            -0.14841394126415253,
            -0.23692110180854797,
            0.9601259827613831,
            -0.5679063200950623
          ],
          [
            0.4882793426513672,
            -0.8618444204330444,
            -0.13719114661216736,
            1.206885576248169
          ],
          [
            0.0,
            0.0,
            0.0,
            1.0
          ]
        ]
      },
      "bone_length_armature_space": 0.02921884608782846,
      "parent": "index_02_l",
      "has_children": false,
      "is_end_bone": true
    },
    "metacarpal_pinky_l": {
      "name": "metacarpal_pinky_l",
      "local": {
        "location": {
          "x": 0.0,
          "y": 0.0,
          "z": 0.0
        },
        "rotation_quaternion": {
          "w": 0.9989289045333862,
          "x": -0.044543035328388214,
          "y": -0.010835131630301476,
          "z": 0.006293252110481262
        },
        "scale": {
          "x": 1.0,
          "y": 1.0,
          "z": 1.0
        },
        "matrix_basis": [
          [
            0.9996860027313232,
            -0.011607763357460499,
            -0.02220769412815571,
            0.0
          ],
          [
            0.013538282364606857,
            0.9959526062011719,
            0.08885427564382553,
            0.0
          ],
          [
            0.02108641155064106,
            -0.08912702649831772,
            0.9957970380783081,
            0.0
          ],
          [
            0.0,
            0.0,
            0.0,
            1.0
          ]
        ],
        "rotation_mode": "QUATERNION"
      },
      "armature_space": {
        "head": {
          "x": 0.33351147174835205,
          "y": -0.5205726027488708,
          "z": 0.3827327489852905
        },
        "tail": {
          "x": 0.3522770404815674,
          "y": -0.6169729828834534,
          "z": 0.34811973571777344
        }
      },
      "world_space": {
        "head": {
          "x": 0.33351147174835205,
          "y": -0.4573286175727844,
          "z": 1.3325867652893066
        },
        "tail": {
          "x": 0.3522770404815674,
          "y": -0.5537289977073669,
          "z": 1.2979737520217896
        },
        "rotation_quaternion": {
          "w": 0.0382925383746624,
          "x": -0.6298142671585083,
          "y": -0.18881916999816895,
          "z": 0.7524726390838623
        },
        "matrix": [
          [
            -0.2037360817193985,
            0.18021169304847717,
            -0.9622969031333923,
            0.33351147174835205
          ],
          [
            0.29546964168548584,
            -0.9257628321647644,
            -0.23592635989189148,
            -0.4573286175727844
          ],
          [
            -0.9333816766738892,
            -0.3323993682861328,
            0.135364830493927,
            1.3325867652893066
          ],
          [
            0.0,
            0.0,
            0.0,
            1.0
          ]
        ]
      },
      "bone_length_armature_space": 0.10413088401240343,
      "parent": "lowerarm_l",
      "has_children": true,
      "is_end_bone": false
    },
    "pinky_01_l": {
      "name": "pinky_01_l",
      "local": {
        "location": {
          "x": 0.0,
          "y": 0.0,
          "z": 0.0
        },
        "rotation_quaternion": {
          "w": 0.9984164834022522,
          "x": 0.05577720329165459,
          "y": -0.003796864068135619,
          "z": 0.006244094111025333
        },
        "scale": {
          "x": 1.0,
          "y": 1.0,
          "z": 1.0
        },
        "matrix_basis": [
          [
            0.9998931884765625,
            -0.01289196964353323,
            -0.00688514718785882,
            0.0
          ],
          [
            0.012044856324791908,
            0.993699848651886,
            -0.11142517626285553,
            0.0
          ],
          [
            0.008278260007500648,
            0.11133034527301788,
            0.9937489628791809,
            0.0
          ],
          [
            0.0,
            0.0,
            0.0,
            1.0
          ]
        ],
        "rotation_mode": "QUATERNION"
      },
      "armature_space": {
        "head": {
          "x": 0.3522770404815674,
          "y": -0.6169729828834534,
          "z": 0.34811973571777344
        },
        "tail": {
