{
  "metadata": {
    "armature_name": "KIM_caucasian_male",
    "export_time": "2026-01-13T21:16:07.906698",
    "blender_version": "4.4.1",
    "bone_count": 56,
    "end_bone_count": 13,
    "spaces_included": [
      "LOCAL_CHANNELS",
      "ARMATURE_SPACE",
      "WORLD_SPACE"
    ],
    "note": "LOCAL matches Transform panel; replay pose via local.matrix_basis for best fidelity."
  },
  "bones": {
    "Root": {
      "name": "Root",
      "local": {
        "location": {
          "x": 0.0,
          "y": 0.0,
          "z": 0.0
        },
        "rotation_quaternion": {
          "w": 0.9998116493225098,
          "x": 0.005871460307389498,
          "y": 0.012379581108689308,
          "z": 0.013751736842095852
        },
        "scale": {
          "x": 1.0,
          "y": 1.0,
          "z": 1.0
        },
        "matrix_basis": [
          [
            0.9993152618408203,
            -0.027352921664714813,
            0.02491598390042782,
            0.0
          ],
          [
            0.027643665671348572,
            0.999552845954895,
            -0.011400227434933186,
            0.0
          ],
          [
            -0.024593012407422066,
            0.012081190012395382,
            0.9996245503425598,
            0.0
          ],
          [
            0.0,
            0.0,
            0.0,
            1.0
          ]
        ],
        "rotation_mode": "QUATERNION"
      },
      "armature_space": {
        "head": {
          "x": 0.0,
          "y": 0.07072800397872925,
          "z": -0.009595036506652832
        },
        "tail": {
          "x": -0.001952338614501059,
          "y": -8.428841829299927e-05,
          "z": -0.0008587753400206566
        }
      },
      "world_space": {
        "head": {
          "x": 0.0,
          "y": 0.13397200405597687,
          "z": 0.9402589797973633
        },
        "tail": {
          "x": -0.001952338614501059,
          "y": 0.06315971165895462,
          "z": 0.9489952325820923
        },
        "rotation_quaternion": {
          "w": 0.06149683892726898,
          "x": 0.9979357719421387,
          "y": -0.012886511161923409,
          "z": 0.01327788271009922
        },
        "matrix": [
          [
            0.9993152618408203,
            -0.027352921664714813,
            0.02491598390042782,
            0.0
          ],
          [
            -0.024086717516183853,
            -0.9921041131019592,
            -0.1230824738740921,
            0.13397200405597687
          ],
          [
            0.028086088597774506,
            0.12239796668291092,
            -0.9920907020568848,
            0.9402589797973633
          ],
          [
            0.0,
            0.0,
            0.0,
            1.0
          ]
        ]
      },
      "bone_length_armature_space": 0.07137586978783644,
      "parent": null,
      "has_children": true,
      "is_end_bone": false
    },
    "spine_01": {
      "name": "spine_01",
      "local": {
        "location": {
          "x": 0.0,
          "y": 0.0,
          "z": 0.0
        },
        "rotation_quaternion": {
          "w": 0.9983792304992676,
          "x": 0.012377112172544003,
          "y": 0.018554553389549255,
          "z": -0.052358902990818024
        },
        "scale": {
          "x": 1.0,
          "y": 1.0,
          "z": 1.0
        },
        "matrix_basis": [
          [
            0.993828535079956,
            0.10500738769769669,
            0.035752858966588974,
            0.0
          ],
          [
            -0.10408877581357956,
            0.9942107200622559,
            -0.026657095178961754,
            0.0
          ],
          [
            -0.03834506496787071,
            0.022771110758185387,
            0.9990050792694092,
            0.0
          ],
          [
            0.0,
            0.0,
            0.0,
            1.0
          ]
        ],
        "rotation_mode": "QUATERNION"
      },
      "armature_space": {
        "head": {
          "x": -0.001952338614501059,
          "y": -8.428841829299927e-05,
          "z": -0.0008587753400206566
        },
        "tail": {
          "x": 0.03576867654919624,
          "y": 0.004721005447208881,
          "z": 0.4856621026992798
        }
      },
      "world_space": {
        "head": {
          "x": -0.001952338614501059,
          "y": 0.06315971165895462,
          "z": 0.9489952325820923
        },
        "tail": {
          "x": 0.03576867654919624,
          "y": 0.06796500831842422,
          "z": 1.435516119003296
        },
        "rotation_quaternion": {
          "w": 0.709890604019165,
          "x": 0.7032259106636047,
          "y": 0.031281519681215286,
          "z": -0.023455044254660606
        },
        "matrix": [
          [
            0.9969426989555359,
            0.07729697227478027,
            0.011424006894230843,
            -0.001952338614501059
          ],
          [
            0.010694367811083794,
            0.009846888482570648,
            -0.999894380569458,
            0.06315971165895462
          ],
          [
            -0.07740182429552078,
            0.996966540813446,
            0.008989278227090836,
            0.9489952325820923
          ],
          [
            0.0,
            0.0,
            0.0,
            1.0
          ]
        ]
      },
      "bone_length_armature_space": 0.4880046537773178,
      "parent": "Root",
      "has_children": true,
      "is_end_bone": false
    },
    "neck_01": {
      "name": "neck_01",
      "local": {
        "location": {
          "x": 0.0,
          "y": 0.0,
          "z": 0.0
        },
        "rotation_quaternion": {
          "w": 0.996389627456665,
          "x": -0.021562863141298294,
          "y": 0.039645854383707047,
          "z": 0.07191023975610733
        },
        "scale": {
          "x": 1.0,
          "y": 1.0,
          "z": 1.0
        },
        "matrix_basis": [
          [
            0.9865142703056335,
            -0.14501099288463593,
            0.07590425759553909,
            0.0
          ],
          [
            0.14159147441387177,
            0.9887279272079468,
            0.0486719124019146,
            0.0
          ],
          [
            -0.08210662007331848,
            -0.03726813942193985,
            0.9959264993667603,
            0.0
          ],
          [
            0.0,
            0.0,
            0.0,
            1.0
          ]
        ],
        "rotation_mode": "QUATERNION"
      },
      "armature_space": {
        "head": {
          "x": 0.04182443395256996,
          "y": -0.02923480048775673,
          "z": 0.5589702129364014
        },
        "tail": {
          "x": 0.03476989269256592,
          "y": -0.06340296566486359,
          "z": 0.6553730964660645
        }
      },
      "world_space": {
        "head": {
          "x": 0.04182443395256996,
          "y": 0.03400919958949089,
          "z": 1.5088242292404175
        },
        "tail": {
          "x": 0.03476989269256592,
          "y": -0.0001589655876159668,
          "z": 1.6052271127700806
        },
        "rotation_quaternion": {
          "w": 0.5772677063941956,
          "x": 0.8152953386306763,
          "y": -0.011069930158555508,
          "z": 0.043965645134449005
        },
        "matrix": [
          [
            0.9958890080451965,
            -0.06881045550107956,
            0.058908917009830475,
            0.04182443395256996
          ],
          [
            0.03270899876952171,
            -0.333278626203537,
            -0.9422610402107239,
            0.03400919958949089
          ],
          [
            0.08447110652923584,
            0.9403203725814819,
            -0.32966095209121704,
            1.5088242292404175
          ],
          [
            0.0,
            0.0,
            0.0,
            1.0
          ]
        ]
      },
      "bone_length_armature_space": 0.10252193037457165,
      "parent": "spine_01",
      "has_children": true,
      "is_end_bone": false
    },
    "head": {
      "name": "head",
      "local": {
        "location": {
          "x": 0.0,
          "y": 0.0,
          "z": 0.0
        },
        "rotation_quaternion": {
          "w": 0.9904017448425293,
          "x": -0.1147323027253151,
          "y": -0.07532458752393723,
          "z": 0.016346832737326622
        },
        "scale": {
          "x": 1.0,
          "y": 1.0,
          "z": 1.0
        },
        "matrix_basis": [
          [
            0.9881179928779602,
            -0.015095536597073078,
            -0.15295422077178955,
            0.0
          ],
          [
            0.04966419190168381,
            0.9731385707855225,
            0.2247995138168335,
            0.0
          ],
          [
            0.14545218646526337,
            -0.22972477972507477,
            0.962325394153595,
            0.0
          ],
          [
            0.0,
            0.0,
            0.0,
            1.0
          ]
        ],
        "rotation_mode": "QUATERNION"
      },
      "armature_space": {
        "head": {
          "x": 0.03476990759372711,
          "y": -0.06340309232473373,
          "z": 0.6553729772567749
        },
        "tail": {
          "x": 0.01848299615085125,
          "y": -0.02336845174431801,
          "z": 0.8043201565742493
        }
      },
      "world_space": {
        "head": {
          "x": 0.03476990759372711,
          "y": -0.0001590922474861145,
          "z": 1.605226993560791
        },
        "tail": {
          "x": 0.01848299615085125,
          "y": 0.03987554833292961,
          "z": 1.7541742324829102
        },
        "rotation_quaternion": {
          "w": 0.7880043983459473,
          "x": 0.60903400182724,
          "y": -0.09009844064712524,
          "z": -0.003001434961333871
        },
        "matrix": [
          [
            0.9837467074394226,
            -0.10501572489738464,
            -0.1456512212753296,
            0.03476990759372711
          ],
          [
            -0.11447561532258987,
            0.2581377625465393,
            -0.9593021869659424,
            -0.0001590922474861145
          ],
          [
            0.13834072649478912,
            0.9603906273841858,
            0.24192123115062714,
            1.605226993560791
          ],
          [
            0.0,
            0.0,
            0.0,
            1.0
          ]
        ]
      },
      "bone_length_armature_space": 0.15509125755421224,
      "parent": "neck_01",
      "has_children": false,
      "is_end_bone": true
    },
    "upperarm_l": {
      "name": "upperarm_l",
      "local": {
        "location": {
          "x": 0.0,
          "y": 0.0,
          "z": 0.0
        },
        "rotation_quaternion": {
          "w": 0.8978805541992188,
          "x": 0.4287112057209015,
          "y": -0.0992802232503891,
          "z": -0.012673408724367619
        },
        "scale": {
          "x": 1.0,
          "y": 1.0,
          "z": 1.0
        },
        "matrix_basis": [
          [
            0.9799656271934509,
            -0.06236667558550835,
            -0.18915003538131714,
            0.0
          ],
          [
            -0.1078835055232048,
            0.6320921778678894,
            -0.7673465013504028,
            0.0
          ],
          [
            0.16741709411144257,
            0.7723793387413025,
            0.6127002835273743,
            0.0
          ],
          [
            0.0,
            0.0,
            0.0,
            1.0
          ]
        ],
        "rotation_mode": "QUATERNION"
      },
      "armature_space": {
        "head": {
          "x": 0.18620732426643372,
          "y": -0.031481221318244934,
          "z": 0.4803847670555115
        },
        "tail": {
          "x": 0.3661453425884247,
          "y": -0.23000842332839966,
          "z": 0.4762754738330841
        }
      },
      "world_space": {
        "head": {
          "x": 0.18620732426643372,
          "y": 0.031762778759002686,
          "z": 1.4302387237548828
        },
        "tail": {
          "x": 0.3661453425884247,
          "y": -0.16676442325115204,
          "z": 1.4261294603347778
        },
        "rotation_quaternion": {
          "w": 0.2804991602897644,
          "x": 0.5679508447647095,
          "y": 0.22559106349945068,
          "z": -0.7401761412620544
        },
        "matrix": [
          [
            -0.19750405848026276,
            0.6714870929718018,
            -0.7142110466957092,
            0.18620732426643372
          ],
          [
            -0.15898917615413666,
            -0.7408576607704163,
            -0.652573823928833,
            0.031762778759002686
          ],
          [
            -0.9673303961753845,
            -0.01533497218042612,
            0.2530827820301056,
            1.4302387237548828
          ],
          [
            0.0,
            0.0,
            0.0,
            1.0
          ]
        ]
      },
      "bone_length_armature_space": 0.26796945009747997,
      "parent": "spine_01",
      "has_children": true,
      "is_end_bone": false
    },
    "lowerarm_l": {
      "name": "lowerarm_l",
      "local": {
        "location": {
          "x": 0.0,
          "y": 0.0,
          "z": 0.0
        },
        "rotation_quaternion": {
          "w": 0.9734346866607666,
          "x": 0.22100603580474854,
          "y": 0.020127246156334877,
          "z": -0.05635736510157585
        },
        "scale": {
          "x": 1.0,
          "y": 1.0,
          "z": 1.0
        },
        "matrix_basis": [
          [
            0.9928374886512756,
            0.11861691623926163,
            0.014274483546614647,
            0.0
          ],
          [
            -0.10082393884658813,
            0.8959603309631348,
            -0.4325385093688965,
            0.0
          ],
          [
            -0.06409575790166855,
            0.4280012547969818,
            0.9015024304389954,
            0.0
          ],
          [
            0.0,
            0.0,
            0.0,
            1.0
          ]
        ],
        "rotation_mode": "QUATERNION"
      },
      "armature_space": {
        "head": {
          "x": 0.36614540219306946,
          "y": -0.23000851273536682,
          "z": 0.47627556324005127
        },
        "tail": {
          "x": 0.4140413701534271,
          "y": -0.49094831943511963,
          "z": 0.5107100009918213
        }
      },
      "world_space": {
        "head": {
          "x": 0.36614540219306946,
          "y": -0.1667645126581192,
          "z": 1.4261295795440674
        },
        "tail": {
          "x": 0.4140413701534271,
          "y": -0.4277043342590332,
          "z": 1.4605640172958374
        },
        "rotation_quaternion": {
          "w": 0.11091998219490051,
          "x": 0.5933236479759216,
          "y": 0.0018238280899822712,
          "z": -0.7972832322120667
        },
        "matrix": [
          [
            -0.27132752537727356,
            0.17903396487236023,
            -0.9456892609596252,
            0.36614540219306946
          ],
          [
            -0.17470568418502808,
            -0.9753866791725159,
            -0.13453170657157898,
            -0.1667645126581192
          ],
          [
            -0.9465053081512451,
            0.12871518731117249,
            0.29592958092689514,
            1.4261295795440674
          ],
          [
            0.0,
            0.0,
            0.0,
            1.0
          ]
        ]
      },
      "bone_length_armature_space": 0.26752445912290707,
      "parent": "upperarm_l",
      "has_children": true,
      "is_end_bone": false
    },
    "metacarpal_thumb_l": {
      "name": "metacarpal_thumb_l",
      "local": {
        "location": {
          "x": 0.0,
          "y": 0.0,
          "z": 0.0
        },
        "rotation_quaternion": {
          "w": 0.9996846914291382,
          "x": -0.024707147851586342,
          "y": -0.004443448968231678,
          "z": 0.000546307535842061
        },
        "scale": {
          "x": 1.0,
          "y": 1.0,
          "z": 1.0
        },
        "matrix_basis": [
          [
            0.9999598860740662,
            -0.00087270064977929,
            -0.008911090902984142,
            0.0
          ],
          [
            0.0013118404895067215,
            0.9987785220146179,
            0.04939385876059532,
            0.0
          ],
          [
            0.008857100270688534,
            -0.04940357059240341,
            0.9987396001815796,
            0.0
          ],
          [
            0.0,
            0.0,
            0.0,
            1.0
          ]
        ],
        "rotation_mode": "QUATERNION"
      },
      "armature_space": {
        "head": {
          "x": 0.4140413701534271,
          "y": -0.49094831943511963,
          "z": 0.5107100009918213
        },
        "tail": {
          "x": 0.39163893461227417,
          "y": -0.5344918370246887,
          "z": 0.5181718468666077
        }
      },
      "world_space": {
        "head": {
          "x": 0.4140413701534271,
          "y": -0.4277043342590332,
          "z": 1.4605640172958374
        },
        "tail": {
          "x": 0.39163893461227417,
          "y": -0.4712478518486023,
          "z": 1.4680259227752686
        },
        "rotation_quaternion": {
          "w": 0.044467389583587646,
          "x": 0.9598546624183655,
          "y": -0.2418433576822281,
          "z": -0.13495802879333496
        },
        "matrix": [
          [
            0.8465961217880249,
            -0.45226654410362244,
            -0.2805882394313812,
            0.4140413701534271
          ],
          [
            -0.47627121210098267,
            -0.8790688514709473,
            -0.0200869832187891,
            -0.4277043342590332
          ],
          [
            -0.23757392168045044,
            0.1506420224905014,
            -0.9596247673034668,
            1.4605640172958374
          ],
          [
            0.0,
            0.0,
            0.0,
            1.0
          ]
        ]
      },
      "bone_length_armature_space": 0.04953368781457721,
      "parent": "lowerarm_l",
      "has_children": true,
      "is_end_bone": false
    },
    "thumb_01_l": {
      "name": "thumb_01_l",
      "local": {
        "location": {
          "x": 0.0,
          "y": 0.0,
          "z": 0.0
        },
        "rotation_quaternion": {
          "w": 0.9997895956039429,
          "x": -0.01143836509436369,
          "y": 0.0006893748068250716,
          "z": -0.017017332836985588
        },
        "scale": {
          "x": 1.0,
          "y": 1.0,
          "z": 1.0
        },
        "matrix_basis": [
          [
            0.9994198679924011,
            0.034011732786893845,
            0.0017677604919299483,
            0.0
          ],
          [
            -0.03404327481985092,
            0.9991591572761536,
            0.022848453372716904,
            0.0
          ],
          [
            -0.0009891586378216743,
            -0.02289537899196148,
            0.9997373819351196,
            0.0
          ],
          [
            0.0,
            0.0,
            0.0,
            1.0
          ]
        ],
        "rotation_mode": "QUATERNION"
      },
      "armature_space": {
        "head": {
          "x": 0.39163893461227417,
          "y": -0.5344918370246887,
          "z": 0.5181718468666077
        },
        "tail": {
          "x": 0.3701401352882385,
          "y": -0.553088366985321,
          "z": 0.4994474947452545
        }
      },
      "world_space": {
        "head": {
          "x": 0.39163893461227417,
          "y": -0.4712478518486023,
          "z": 1.4680259227752686
        },
        "tail": {
          "x": 0.3701401352882385,
          "y": -0.4898443818092346,
          "z": 1.4493014812469482
        },
        "rotation_quaternion": {
          "w": 0.004250778816640377,
          "x": 0.6578909158706665,
          "y": -0.4762479066848755,
          "z": 0.5833949446678162
        },
        "matrix": [
          [
            -0.1343250572681427,
            -0.6316007971763611,
            0.763568639755249,
            0.39163893461227417
          ],
          [
            -0.6216781139373779,
            -0.5463369488716125,
            -0.5612772107124329,
            -0.4712478518486023
          ],
          [
            0.7716737985610962,
            -0.5500919222831726,
            -0.3192685544490814,
            1.4680259227752686
          ],
          [
            0.0,
            0.0,
            0.0,
            1.0
          ]
        ]
      },
      "bone_length_armature_space": 0.034038664045829725,
      "parent": "metacarpal_thumb_l",
      "has_children": true,
      "is_end_bone": false
    },
    "thumb_02_l": {
      "name": "thumb_02_l",
      "local": {
        "location": {
          "x": 0.0,
          "y": 0.0,
          "z": 0.0
        },
        "rotation_quaternion": {
          "w": 0.9974296689033508,
          "x": 0.0715712234377861,
          "y": 0.0034317709505558014,
          "z": 1.2314385458012111e-05
        },
        "scale": {
          "x": 1.0,
          "y": 1.0,
          "z": 1.0
        },
        "matrix_basis": [
          [
            0.9999764561653137,
            0.0004666666209232062,
            0.006847662851214409,
            0.0
          ],
          [
            0.0005157975829206407,
            0.9897550940513611,
            -0.14277443289756775,
            0.0
          ],
          [
            -0.006844137795269489,
            0.14277461171150208,
            0.9897315502166748,
            0.0
          ],
          [
            0.0,
            0.0,
            0.0,
            1.0
          ]
        ],
        "rotation_mode": "QUATERNION"
      },
      "armature_space": {
        "head": {
          "x": 0.3701401352882385,
          "y": -0.553088366985321,
          "z": 0.49944746494293213
        },
        "tail": {
          "x": 0.37751510739326477,
          "y": -0.5923469662666321,
          "z": 0.5036366581916809
        }
      },
      "world_space": {
        "head": {
          "x": 0.3701401352882385,
          "y": -0.4898443818092346,
          "z": 1.4493014812469482
        },
        "tail": {
          "x": 0.37751510739326477,
          "y": -0.5291029810905457,
          "z": 1.4534907341003418
        },
        "rotation_quaternion": {
          "w": 0.056965671479701996,
          "x": -0.4661897122859955,
          "y": -0.08961457759141922,
          "z": -0.8782888650894165
        },
        "matrix": [
          [
            -0.5588442087173462,
            0.18361952900886536,
            0.8086883425712585,
            0.3701401352882385
          ],
          [
            -0.01650978997349739,
            -0.9774481654167175,
            0.21052893996238708,
            -0.4898443818092346
          ],
          [
            0.8291141390800476,
            0.10430142283439636,
            0.5492767095565796,
            1.4493014812469482
          ],
          [
            0.0,
            0.0,
            0.0,
            1.0
          ]
        ]
      },
      "bone_length_armature_space": 0.040164376424257735,
      "parent": "thumb_01_l",
      "has_children": true,
      "is_end_bone": false
    },
    "thumb_03_l": {
      "name": "thumb_03_l",
      "local": {
        "location": {
          "x": 0.0,
          "y": 0.0,
          "z": 0.0
        },
        "rotation_quaternion": {
          "w": 0.9958803653717041,
          "x": 0.09061876684427261,
          "y": 0.0001017243048409,
          "z": 0.0032662597950547934
        },
        "scale": {
          "x": 1.0,
          "y": 1.0,
          "z": 1.0
        },
        "matrix_basis": [
          [
            0.9999786615371704,
            -0.00648717163130641,
            0.0007945793331600726,
            0.0
          ],
          [
            0.0065240440890192986,
            0.9835551381111145,
            -0.18049024045467377,
            0.0
          ],
          [
            0.00038935840711928904,
            0.18049156665802002,
            0.9835764765739441,
            0.0
          ],
          [
            0.0,
            0.0,
            0.0,
            1.0
          ]
        ],
        "rotation_mode": "QUATERNION"
      },
      "armature_space": {
        "head": {
          "x": 0.3775150179862976,
          "y": -0.5923469662666321,
          "z": 0.5036366581916809
        },
        "tail": {
          "x": 0.3947593867778778,
          "y": -0.6162357926368713,
          "z": 0.5113078355789185
        }
      },
      "world_space": {
        "head": {
          "x": 0.3775150179862976,
          "y": -0.5291029810905457,
          "z": 1.4534907341003418
        },
        "tail": {
          "x": 0.3947593867778778,
          "y": -0.5529918074607849,
          "z": 1.4611618518829346
        },
        "rotation_quaternion": {
          "w": 0.2490508258342743,
          "x": -0.2705402076244354,
          "y": -0.21364560723304749,
          "z": -0.9050620198249817
        },
        "matrix": [
          [
            -0.729563295841217,
            0.5664128065109253,
            0.38329339027404785,
            0.3775150179862976
          ],
          [
            -0.3352137804031372,
            -0.7846577763557434,
            0.5214822888374329,
            -0.5291029810905457
          ],
          [
            0.5961324572563171,
            0.2519701421260834,
            0.7623327970504761,
            1.4534907341003418
          ],
          [
            0.0,
            0.0,
            0.0,
            1.0
          ]
        ]
      },
      "bone_length_armature_space": 0.03044488797092647,
      "parent": "thumb_02_l",
      "has_children": false,
      "is_end_bone": true
    },
    "metacarpal_index_l": {
      "name": "metacarpal_index_l",
      "local": {
        "location": {
          "x": 0.0,
          "y": 0.0,
          "z": 0.0
        },
        "rotation_quaternion": {
          "w": 0.9996100068092346,
          "x": -0.012048672884702682,
          "y": 0.023922553285956383,
          "z": 0.007908947765827179
        },
        "scale": {
          "x": 1.0,
          "y": 1.0,
          "z": 1.0
        },
        "matrix_basis": [
          [
            0.9987303018569946,
            -0.016388196498155594,
            0.04763586446642876,
            0.0
          ],
          [
            0.015235256403684616,
            0.9995845556259155,
            0.02446635253727436,
            0.0
          ],
          [
            -0.04801703244447708,
            -0.02370954304933548,
            0.9985650777816772,
            0.0
          ],
          [
            0.0,
            0.0,
            0.0,
            1.0
          ]
        ],
        "rotation_mode": "QUATERNION"
      },
      "armature_space": {
        "head": {
          "x": 0.4140413701534271,
          "y": -0.49094831943511963,
          "z": 0.5107100009918213
        },
        "tail": {
          "x": 0.3995373845100403,
          "y": -0.6050158739089966,
          "z": 0.5332364439964294
        }
      },
      "world_space": {
        "head": {
          "x": 0.4140413701534271,
          "y": -0.4277043342590332,
          "z": 1.4605640172958374
        },
        "tail": {
          "x": 0.3995373845100403,
          "y": -0.5417718887329102,
          "z": 1.4830904006958008
        },
        "rotation_quaternion": {
          "w": 0.06301557272672653,
          "x": 0.9072867035865784,
          "y": -0.0963076800107956,
          "z": -0.40445616841316223
        },
        "matrix": [
          [
            0.6542800068855286,
            -0.12378396093845367,
            -0.746053159236908,
            0.4140413701534271
          ],
          [
            -0.22573164105415344,
            -0.9735077023506165,
            -0.036441605538129807,
            -0.4277043342590332
          ],
          [
            -0.721782922744751,
            0.1922513246536255,
            -0.6648932695388794,
            1.4605640172958374
          ],
          [
            0.0,
            0.0,
            0.0,
            1.0
          ]
        ]
      },
      "bone_length_armature_space": 0.11717172593506317,
      "parent": "lowerarm_l",
      "has_children": true,
      "is_end_bone": false
    },
    "index_01_l": {
      "name": "index_01_l",
      "local": {
        "location": {
          "x": 0.0,
          "y": 0.0,
          "z": 0.0
        },
        "rotation_quaternion": {
          "w": 0.9908478856086731,
          "x": -0.13435199856758118,
          "y": 0.011489731259644032,
          "z": 0.0061831423081457615
        },
        "scale": {
          "x": 1.0,
          "y": 1.0,
          "z": 1.0
        },
        "matrix_basis": [
          [
            0.999659538269043,
            -0.015340443700551987,
            0.021107716485857964,
            0.0
          ],
          [
            0.009165770374238491,
            0.963822603225708,
            0.26638686656951904,
            0.0
          ],
          [
            -0.024430586025118828,
            -0.26610270142555237,
            0.9636350274085999,
            0.0
          ],
          [
            0.0,
            0.0,
            0.0,
            1.0
          ]
        ],
        "rotation_mode": "QUATERNION"
      },
      "armature_space": {
        "head": {
          "x": 0.3995373845100403,
          "y": -0.6050158739089966,
          "z": 0.5332364439964294
        },
        "tail": {
          "x": 0.410444974899292,
          "y": -0.6306755542755127,
          "z": 0.539209246635437
        }
      },
      "world_space": {
        "head": {
          "x": 0.3995373845100403,
          "y": -0.5417718887329102,
          "z": 1.4830904006958008
        },
        "tail": {
          "x": 0.410444974899292,
          "y": -0.5674315690994263,
          "z": 1.4890632629394531
        },
        "rotation_quaternion": {
          "w": 0.17425735294818878,
          "x": 0.9007704257965088,
          "y": 0.1403251588344574,
          "z": -0.37223100662231445
        },
        "matrix": [
          [
            0.6835060119628906,
            0.38252973556518555,
            -0.6216837167739868,
            0.3995373845100403
          ],
          [
            0.12307380139827728,
            -0.8998862504959106,
            -0.41839903593063354,
            -0.5417718887329102
          ],
          [
            -0.7194995880126953,
            0.20946593582630157,
            -0.6621620059013367,
            1.4830904006958008
          ],
          [
            0.0,
            0.0,
            0.0,
            1.0
          ]
        ]
      },
      "bone_length_armature_space": 0.028514366847302363,
      "parent": "metacarpal_index_l",
      "has_children": true,
      "is_end_bone": false
    },
    "index_02_l": {
      "name": "index_02_l",
      "local": {
        "location": {
          "x": 0.0,
          "y": 0.0,
          "z": 0.0
        },
        "rotation_quaternion": {
          "w": 0.9980868101119995,
          "x": 0.061745572835206985,
          "y": 0.000987506122328341,
          "z": -0.003075807821005583
        },
        "scale": {
          "x": 1.0,
          "y": 1.0,
          "z": 1.0
        },
        "matrix_basis": [
          [
            0.9999791383743286,
            0.006261794827878475,
            0.0015913986135274172,
            0.0
          ],
          [
            -0.0060178982093930244,
            0.9923560619354248,
            -0.12326095998287201,
            0.0
          ],
          [
            -0.0023510686587542295,
            0.12324880808591843,
            0.992372989654541,
            0.0
          ],
          [
            0.0,
            0.0,
            0.0,
            1.0
          ]
        ],
        "rotation_mode": "QUATERNION"
      },
      "armature_space": {
        "head": {
          "x": 0.4104447662830353,
          "y": -0.6306760311126709,
          "z": 0.539209246635437
        },
        "tail": {
          "x": 0.4193054437637329,
          "y": -0.6545231938362122,
          "z": 0.5425096154212952
        }
      },
      "world_space": {
        "head": {
          "x": 0.4104447662830353,
          "y": -0.5674320459365845,
          "z": 1.4890632629394531
        },
        "tail": {
          "x": 0.4193054437637329,
          "y": -0.5912792086601257,
          "z": 1.492363691329956
        },
        "rotation_quaternion": {
          "w": 0.1329035758972168,
          "x": 0.8925734162330627,
          "y": 0.13243582844734192,
          "z": -0.4100125730037689
        },
        "matrix": [
          [
            0.6287010312080383,
            0.3454018831253052,
            -0.6967300176620483,
            0.4104447662830353
          ],
          [
            0.12743330001831055,
            -0.9295945763587952,
            -0.34585368633270264,
            -0.5674320459365845
          ],
          [
            -0.7671402096748352,
            0.12865200638771057,
            -0.6284574866294861,
            1.4890632629394531
          ],
          [
            0.0,
            0.0,
            0.0,
            1.0
          ]
        ]
      },
      "bone_length_armature_space": 0.025653288278728436,
      "parent": "index_01_l",
      "has_children": true,
      "is_end_bone": false
    },
    "index_03_l": {
      "name": "index_03_l",
      "local": {
        "location": {
          "x": 0.0,
          "y": 0.0,
          "z": 0.0
        },
        "rotation_quaternion": {
          "w": 0.9999914169311523,
          "x": 0.002287056762725115,
          "y": 0.0033843412529677153,
          "z": 0.0007023763027973473
        },
        "scale": {
          "x": 1.0,
          "y": 1.0,
          "z": 1.0
        },
        "matrix_basis": [
          [
            0.9999760985374451,
            -0.001389260170981288,
            0.0067718373611569405,
            0.0
          ],
          [
            0.001420220942236483,
            0.9999885559082031,
            -0.004569320008158684,
            0.0
          ],
          [
            -0.006765411701053381,
            0.0045788283459842205,
            0.9999666213989258,
            0.0
          ],
          [
            0.0,
            0.0,
            0.0,
            1.0
          ]
        ],
        "rotation_mode": "QUATERNION"
      },
      "armature_space": {
        "head": {
          "x": 0.4193055331707001,
          "y": -0.6545230746269226,
          "z": 0.5425096750259399
        },
        "tail": {
          "x": 0.4290732145309448,
          "y": -0.682060718536377,
          "z": 0.5425252318382263
        }
      },
      "world_space": {
        "head": {
          "x": 0.4193055331707001,
          "y": -0.5912790894508362,
          "z": 1.492363691329956
        },
        "tail": {
          "x": 0.4290732145309448,
          "y": -0.6188167333602905,
          "z": 1.4923791885375977
        },
        "rotation_quaternion": {
          "w": 0.0667203739285469,
          "x": 0.9066701531410217,
          "y": 0.15593041479587555,
          "z": -0.386242538690567
        },
        "matrix": [
          [
            0.6530047059059143,
            0.33429598808288574,
            -0.6795815825462341,
            0.4193055331707001
          ],
          [
            0.23121456801891327,
            -0.9424678683280945,
            -0.2414417862892151,
            -0.5912790894508362
          ],
          [
            -0.7212017178535461,
            0.0005325991660356522,
            -0.6927351951599121,
            1.492363691329956
          ],
          [
            0.0,
            0.0,
            0.0,
            1.0
          ]
        ]
      },
      "bone_length_armature_space": 0.02921865300799741,
      "parent": "index_02_l",
      "has_children": false,
      "is_end_bone": true
    },
    "metacarpal_pinky_l": {
      "name": "metacarpal_pinky_l",
      "local": {
        "location": {
          "x": 0.0,
          "y": 0.0,
          "z": 0.0
        },
        "rotation_quaternion": {
          "w": 0.9997553825378418,
          "x": -0.0205208882689476,
          "y": -0.0007305401377379894,
          "z": -0.008218668401241302
        },
        "scale": {
          "x": 1.0,
          "y": 1.0,
          "z": 1.0
        },
        "matrix_basis": [
          [
            0.999863862991333,
            0.016463298350572586,
            -0.0011234141420572996,
            0.0
          ],
          [
            -0.016403332352638245,
            0.9990227222442627,
            0.04104374349117279,
            0.0
          ],
          [
            0.0017980316188186407,
            -0.041019730269908905,
            0.9991567134857178,
            0.0
          ],
          [
            0.0,
            0.0,
            0.0,
            1.0
          ]
        ],
        "rotation_mode": "QUATERNION"
      },
      "armature_space": {
        "head": {
          "x": 0.4140413701534271,
          "y": -0.49094831943511963,
          "z": 0.5107100009918213
        },
        "tail": {
          "x": 0.45983219146728516,
          "y": -0.5844617486000061,
          "z": 0.5094248056411743
        }
      },
      "world_space": {
        "head": {
          "x": 0.4140413701534271,
          "y": -0.4277043342590332,
          "z": 1.4605640172958374
        },
        "tail": {
          "x": 0.45983219146728516,
          "y": -0.5212177634239197,
          "z": 1.4592788219451904
        },
        "rotation_quaternion": {
          "w": 0.225788876414299,
          "x": -0.02892455644905567,
          "y": -0.0003696925414260477,
          "z": -0.9737467169761658
        },
        "matrix": [
          [
            -0.8963655829429626,
            0.43974360823631287,
            0.056163445115089417,
            0.4140413701534271
          ],
          [
            -0.439701110124588,
            -0.8980384469032288,
            0.013782184571027756,
            -0.4277043342590332
          ],
          [
            0.0564977191388607,
            -0.012342138215899467,
            0.9983335733413696,
            1.4605640172958374
          ],
          [
            0.0,
            0.0,
            0.0,
            1.0
          ]
        ]
      },
      "bone_length_armature_space": 0.10413074607006885,
      "parent": "lowerarm_l",
      "has_children": true,
      "is_end_bone": false
    },
    "pinky_01_l": {
      "name": "pinky_01_l",
      "local": {
        "location": {
          "x": 0.0,
          "y": 0.0,
          "z": 0.0
        },
        "rotation_quaternion": {
          "w": 0.957306981086731,
          "x": 0.288557767868042,
          "y": -0.0025450808461755514,
          "z": -0.01707259938120842
        },
        "scale": {
          "x": 1.0,
          "y": 1.0,
          "z": 1.0
        },
        "matrix_basis": [
          [
            0.9994040727615356,
            0.0312186311930418,
            -0.014725709334015846,
            0.0
          ],
          [
            -0.03415624424815178,
            0.8328858613967896,
            -0.5523898005485535,
            0.0
          ],
          [
            -0.004980015102773905,
            0.5525636076927185,
            0.8334558606147766,
            0.0
          ],
          [
            0.0,
            0.0,
            0.0,
            1.0
          ]
        ],
        "rotation_mode": "QUATERNION"
      },
      "armature_space": {
        "head": {
          "x": 0.45983219146728516,
          "y": -0.5844617486000061,
          "z": 0.5094248056411743
