{
  "metadata": {
    "armature_name": "KIM_caucasian_male",
    "export_time": "2026-01-13T21:16:22.281383",
    "blender_version": "4.4.1",
    "bone_count": 56,
    "end_bone_count": 13,
    "spaces_included": [
      "LOCAL_CHANNELS",
      "ARMATURE_SPACE",
      "WORLD_SPACE"
    ],
    "note": "LOCAL matches Transform panel; replay pose via local.matrix_basis for best fidelity."
  },
  "bones": {
    "Root": {
      "name": "Root",
      "local": {
        "location": {
          "x": 0.0,
          "y": 0.0,
          "z": 0.0
        },
        "rotation_quaternion": {
          "w": 0.9999906420707703,
          "x": -0.0022137814667075872,
          "y": 0.0036335119511932135,
          "z": -0.0008497519884258509
        },
        "scale": {
          "x": 1.0,
          "y": 1.0,
          "z": 1.0
        },
        "matrix_basis": [
          [
            0.9999721646308899,
            0.0016834004782140255,
            0.0072707184590399265,
            0.0
          ],
          [
            -0.0017155756941065192,
            0.9999887347221375,
            0.004421346355229616,
            0.0
          ],
          [
            -0.0072631933726370335,
            -0.004433696623891592,
            0.9999638199806213,
            0.0
          ],
          [
            0.0,
            0.0,
            0.0,
            1.0
          ]
        ],
        "rotation_mode": "QUATERNION"
      },
      "armature_space": {
        "head": {
          "x": 0.0,
          "y": 0.07072800397872925,
          "z": -0.009595036506652832
        },
        "tail": {
          "x": 0.00012015417451038957,
          "y": 4.334002733230591e-05,
          "z": 0.0003134803846478462
        }
      },
      "world_space": {
        "head": {
          "x": 0.0,
          "y": 0.13397200405597687,
          "z": 0.9402589797973633
        },
        "tail": {
          "x": 0.00012015417451038957,
          "y": 0.06328734010457993,
          "z": 0.9501674771308899
        },
        "rotation_quaternion": {
          "w": 0.06957577168941498,
          "x": 0.9975696802139282,
          "y": 0.001092603662982583,
          "z": 0.003568011801689863
        },
        "matrix": [
          [
            0.9999721646308899,
            0.0016834004782140255,
            0.0072707184590399265,
            0.0
          ],
          [
            0.002676392672583461,
            -0.9903159737586975,
            -0.1388060450553894,
            0.13397200405597687
          ],
          [
            0.006966693326830864,
            0.13882166147232056,
            -0.9902999997138977,
            0.9402589797973633
          ],
          [
            0.0,
            0.0,
            0.0,
            1.0
          ]
        ]
      },
      "bone_length_armature_space": 0.07137586970136532,
      "parent": null,
      "has_children": true,
      "is_end_bone": false
    },
    "spine_01": {
      "name": "spine_01",
      "local": {
        "location": {
          "x": 0.0,
          "y": 0.0,
          "z": 0.0
        },
        "rotation_quaternion": {
          "w": 0.9974719285964966,
          "x": 0.06542588025331497,
          "y": -0.025223033502697945,
          "z": 0.011538228020071983
        },
        "scale": {
          "x": 1.0,
          "y": 1.0,
          "z": 1.0
        },
        "matrix_basis": [
          [
            0.9984613060951233,
            -0.026318594813346863,
            -0.048808738589286804,
            0.0
          ],
          [
            0.019717639312148094,
            0.9911726713180542,
            -0.1311030089855194,
            0.0
          ],
          [
            0.051828332245349884,
            0.12993890047073364,
            0.9901664853096008,
            0.0
          ],
          [
            0.0,
            0.0,
            0.0,
            1.0
          ]
        ],
        "rotation_mode": "QUATERNION"
      },
      "armature_space": {
        "head": {
          "x": 0.00012015417451038957,
          "y": 4.334002733230591e-05,
          "z": 0.0003134803846478462
        },
        "tail": {
          "x": -0.016007643193006516,
          "y": -0.03857678174972534,
          "z": 0.4865201711654663
        }
      },
      "world_space": {
        "head": {
          "x": 0.00012015417451038957,
          "y": 0.06328734010457993,
          "z": 0.9501674771308899
        },
        "tail": {
          "x": -0.016007643193006516,
          "y": 0.024667218327522278,
          "z": 1.4363741874694824
        },
        "rotation_quaternion": {
          "w": 0.6779879927635193,
          "x": 0.7345333695411682,
          "y": -0.02761206217110157,
          "z": -0.005542357452213764
        },
        "matrix": [
          [
            0.9984136819839478,
            -0.033048681914806366,
            -0.045583583414554596,
            0.00012015417451038957
          ],
          [
            -0.04807944968342781,
            -0.07913939654827118,
            -0.9957034587860107,
            0.06328734010457993
          ],
          [
            0.02929939143359661,
            0.9963226318359375,
            -0.08060429245233536,
            0.9501674771308899
          ],
          [
            0.0,
            0.0,
            0.0,
            1.0
          ]
        ]
      },
      "bone_length_armature_space": 0.4880046702505696,
      "parent": "Root",
      "has_children": true,
      "is_end_bone": false
    },
    "neck_01": {
      "name": "neck_01",
      "local": {
        "location": {
          "x": 0.0,
          "y": 0.0,
          "z": 0.0
        },
        "rotation_quaternion": {
          "w": 0.9958057403564453,
          "x": -0.08863935619592667,
          "y": 0.02246175892651081,
          "z": 0.0031102076172828674
        },
        "scale": {
          "x": 1.0,
          "y": 1.0,
          "z": 1.0
        },
        "matrix_basis": [
          [
            0.9989715814590454,
            -0.01017631683498621,
            0.044183723628520966,
            0.0
          ],
          [
            0.002212333492934704,
            0.9842667579650879,
            0.17667488753795624,
            0.0
          ],
          [
            -0.04528646916151047,
            -0.17639543116092682,
            0.9832770824432373,
            0.0
          ],
          [
            0.0,
            0.0,
            0.0,
            1.0
          ]
        ],
        "rotation_mode": "QUATERNION"
      },
      "armature_space": {
        "head": {
          "x": -0.020008275285363197,
          "y": -0.07890268415212631,
          "z": 0.5566739439964294
        },
        "tail": {
          "x": -0.02531520277261734,
          "y": -0.10829713195562363,
          "z": 0.6547482013702393
        }
      },
      "world_space": {
        "head": {
          "x": -0.020008275285363197,
          "y": -0.015658684074878693,
          "z": 1.5065279006958008
        },
        "tail": {
          "x": -0.02531520277261734,
          "y": -0.04505313187837601,
          "z": 1.6046022176742554
        },
        "rotation_quaternion": {
          "w": 0.5968822836875916,
          "x": 0.8019073605537415,
          "y": -0.01932843029499054,
          "z": 0.017394432798027992
        },
        "matrix": [
          [
            0.9986476898193359,
            -0.05176412686705589,
            0.004823535680770874,
            -0.020008275285363197
          ],
          [
            -0.010234646499156952,
            -0.28671538829803467,
            -0.9579612612724304,
            -0.015658684074878693
          ],
          [
            0.050971366465091705,
            0.9566228985786438,
            -0.2868604063987732,
            1.5065279006958008
          ],
          [
            0.0,
            0.0,
            0.0,
            1.0
          ]
        ]
      },
      "bone_length_armature_space": 0.1025219826171788,
      "parent": "spine_01",
      "has_children": true,
      "is_end_bone": false
    },
    "head": {
      "name": "head",
      "local": {
        "location": {
          "x": 0.0,
          "y": 0.0,
          "z": 0.0
        },
        "rotation_quaternion": {
          "w": 0.9829429388046265,
          "x": 0.056204766035079956,
          "y": -0.12857505679130554,
          "z": -0.11888089776039124
        },
        "scale": {
          "x": 1.0,
          "y": 1.0,
          "z": 1.0
        },
        "matrix_basis": [
          [
            0.9386715888977051,
            0.21925321221351624,
            -0.26612722873687744,
            0.0
          ],
          [
            -0.24815933406352997,
            0.9654167294502258,
            -0.0799219161272049,
            0.0
          ],
          [
            0.23940053582191467,
            0.141062393784523,
            0.9606189727783203,
            0.0
          ],
          [
            0.0,
            0.0,
            0.0,
            1.0
          ]
        ],
        "rotation_mode": "QUATERNION"
      },
      "armature_space": {
        "head": {
          "x": -0.02531519904732704,
          "y": -0.10829725861549377,
          "z": 0.6547480821609497
        },
        "tail": {
          "x": 0.0006816890090703964,
          "y": -0.11872674524784088,
          "z": 0.8072888851165771
        }
      },
      "world_space": {
        "head": {
          "x": -0.02531519904732704,
          "y": -0.045053258538246155,
          "z": 1.6046020984649658
        },
        "tail": {
          "x": 0.0006816890090703964,
          "y": -0.05548274517059326,
          "z": 1.7571429014205933
        },
        "rotation_quaternion": {
          "w": 0.6819608211517334,
          "x": 0.7126109004020691,
          "y": -0.03613092005252838,
          "z": -0.16065362095832825
        },
        "matrix": [
          [
            0.9457703828811646,
            0.16762429475784302,
            -0.2782456576824188,
            -0.02531519904732704
          ],
          [
            -0.2706124186515808,
            -0.06724785268306732,
            -0.9603368639945984,
            -0.045053258538246155
          ],
          [
            -0.17968875169754028,
            0.9835617542266846,
            -0.018240831792354584,
            1.6046020984649658
          ],
          [
            0.0,
            0.0,
            0.0,
            1.0
          ]
        ]
      },
      "bone_length_armature_space": 0.1550912902767524,
      "parent": "neck_01",
      "has_children": false,
      "is_end_bone": true
    },
    "upperarm_l": {
      "name": "upperarm_l",
      "local": {
        "location": {
          "x": 0.0,
          "y": 0.0,
          "z": 0.0
        },
        "rotation_quaternion": {
          "w": 0.944300651550293,
          "x": -0.042881887406110764,
          "y": 0.31306371092796326,
          "z": 0.0919165313243866
        },
        "scale": {
          "x": 1.0,
          "y": 1.0,
          "z": 1.0
        },
        "matrix_basis": [
          [
            0.7870849370956421,
            -0.20044320821762085,
            0.5833694338798523,
            0.0
          ],
          [
            0.14674416184425354,
            0.9794250130653381,
            0.13853825628757477,
            0.0
          ],
          [
            -0.5991356372833252,
            -0.023435328155755997,
            0.8003045320510864,
            0.0
          ],
          [
            0.0,
            0.0,
            0.0,
            1.0
          ]
        ],
        "rotation_mode": "QUATERNION"
      },
      "armature_space": {
        "head": {
          "x": 0.13182954490184784,
          "y": -0.08397124707698822,
          "z": 0.4938512146472931
        },
        "tail": {
          "x": 0.39369654655456543,
          "y": -0.08523250371217728,
          "z": 0.5506996512413025
        }
      },
      "world_space": {
        "head": {
          "x": 0.13182954490184784,
          "y": -0.0207272469997406,
          "z": 1.4437052011489868
        },
        "tail": {
          "x": 0.39369654655456543,
          "y": -0.021988503634929657,
          "z": 1.5005536079406738
        },
        "rotation_quaternion": {
          "w": 0.3509265184402466,
          "x": 0.675653338432312,
          "y": 0.6119605898857117,
          "z": -0.2141202837228775
        },
        "matrix": [
          [
            0.15931209921836853,
            0.9772272109985352,
            0.14016714692115784,
            0.13182954490184784
          ],
          [
            0.676666259765625,
            -0.004706708714365959,
            -0.7362750172615051,
            -0.0207272469997406
          ],
          [
            -0.7188526391983032,
            0.21214531362056732,
            -0.6620118021965027,
            1.4437052011489868
          ],
          [
            0.0,
            0.0,
            0.0,
            1.0
          ]
        ]
      },
      "bone_length_armature_space": 0.26796949885305227,
      "parent": "spine_01",
      "has_children": true,
      "is_end_bone": false
    },
    "lowerarm_l": {
      "name": "lowerarm_l",
      "local": {
        "location": {
          "x": 0.0,
          "y": 0.0,
          "z": 0.0
        },
        "rotation_quaternion": {
          "w": 0.958459734916687,
          "x": 0.21985849738121033,
          "y": -0.13987497985363007,
          "z": 0.11598358303308487
        },
        "scale": {
          "x": 1.0,
          "y": 1.0,
          "z": 1.0
        },
        "matrix_basis": [
          [
            0.9339656233787537,
            -0.28383660316467285,
            -0.21712912619113922,
            0.0
          ],
          [
            0.16082578897476196,
            0.8764200806617737,
            -0.4538974463939667,
            0.0
          ],
          [
            0.31912901997566223,
            0.3890046179294586,
            0.8641944527626038,
            0.0
          ],
          [
            0.0,
            0.0,
            0.0,
            1.0
          ]
        ],
        "rotation_mode": "QUATERNION"
      },
      "armature_space": {
        "head": {
          "x": 0.3936966061592102,
          "y": -0.08523262292146683,
          "z": 0.550699770450592
        },
        "tail": {
          "x": 0.6037789583206177,
          "y": -0.24508923292160034,
          "z": 0.5940661430358887
        }
      },
      "world_space": {
        "head": {
          "x": 0.3936966061592102,
          "y": -0.021988622844219208,
          "z": 1.500553846359253
        },
        "tail": {
          "x": 0.6037789583206177,
          "y": -0.18184523284435272,
          "z": 1.5439201593399048
        },
        "rotation_quaternion": {
          "w": 0.30024653673171997,
          "x": 0.7712497115135193,
          "y": 0.33328893780708313,
          "z": -0.4516020715236664
        },
        "matrix": [
          [
            0.369947612285614,
            0.7852826118469238,
            -0.4964573383331299,
            0.3936966061592102
          ],
          [
            0.242914617061615,
            -0.5975401401519775,
            -0.7641587853431702,
            -0.021988622844219208
          ],
          [
            -0.8967399001121521,
            0.16210243105888367,
            -0.4118187427520752,
            1.500553846359253
          ],
          [
            0.0,
            0.0,
            0.0,
            1.0
          ]
        ]
      },
      "bone_length_armature_space": 0.26752452983602,
      "parent": "upperarm_l",
      "has_children": true,
      "is_end_bone": false
    },
    "metacarpal_thumb_l": {
      "name": "metacarpal_thumb_l",
      "local": {
        "location": {
          "x": 0.0,
          "y": 0.0,
          "z": 0.0
        },
        "rotation_quaternion": {
          "w": 0.9986751079559326,
          "x": -0.050817813724279404,
          "y": -0.0046064830385148525,
          "z": 0.006678272970020771
        },
        "scale": {
          "x": 1.0,
          "y": 1.0,
          "z": 1.0
        },
        "matrix_basis": [
          [
            0.9998683333396912,
            -0.01287066750228405,
            -0.009879509918391705,
            0.0
          ],
          [
            0.013807033188641071,
            0.9947459101676941,
            0.1014394462108612,
            0.0
          ],
          [
            0.00852200947701931,
            -0.1015625,
            0.994792640209198,
            0.0
          ],
          [
            0.0,
            0.0,
            0.0,
            1.0
          ]
        ],
        "rotation_mode": "QUATERNION"
      },
      "armature_space": {
        "head": {
          "x": 0.6037789583206177,
          "y": -0.24508923292160034,
          "z": 0.5940661430358887
        },
        "tail": {
          "x": 0.6214352250099182,
          "y": -0.29039183259010315,
          "z": 0.584604799747467
        }
      },
      "world_space": {
        "head": {
          "x": 0.6037789583206177,
          "y": -0.18184523284435272,
          "z": 1.5439201593399048
        },
        "tail": {
          "x": 0.6214352250099182,
          "y": -0.22714783251285553,
          "z": 1.534458875656128
        },
        "rotation_quaternion": {
          "w": 0.1264006793498993,
          "x": -0.964930534362793,
          "y": -0.16349893808364868,
          "z": -0.1618644744157791
        },
        "matrix": [
          [
            0.8941359519958496,
            0.35644981265068054,
            0.27104276418685913,
            0.6037789583206177
          ],
          [
            0.27461108565330505,
            -0.9145820140838623,
            0.2968648374080658,
            -0.18184523284435272
          ],
          [
            0.35371094942092896,
            -0.19100844860076904,
            -0.9156520366668701,
            1.5439201593399048
          ],
          [
            0.0,
            0.0,
            0.0,
            1.0
          ]
        ]
      },
      "bone_length_armature_space": 0.04953368851230031,
      "parent": "lowerarm_l",
      "has_children": true,
      "is_end_bone": false
    },
    "thumb_01_l": {
      "name": "thumb_01_l",
      "local": {
        "location": {
          "x": 0.0,
          "y": 0.0,
          "z": 0.0
        },
        "rotation_quaternion": {
          "w": 0.9959421157836914,
          "x": -0.08766920864582062,
          "y": 0.015328445471823215,
          "z": 0.013364547863602638
        },
        "scale": {
          "x": 1.0,
          "y": 1.0,
          "z": 1.0
        },
        "matrix_basis": [
          [
            0.9991728663444519,
            -0.029308296740055084,
            0.028189169242978096,
            0.0
          ],
          [
            0.023932967334985733,
            0.9842709898948669,
            0.17503662407398224,
            0.0
          ],
          [
            -0.03287580609321594,
            -0.17421719431877136,
            0.9841582775115967,
            0.0
          ],
          [
            0.0,
            0.0,
            0.0,
            1.0
          ]
        ],
        "rotation_mode": "QUATERNION"
      },
      "armature_space": {
        "head": {
          "x": 0.6214352250099182,
          "y": -0.29039183259010315,
          "z": 0.584604799747467
        },
        "tail": {
          "x": 0.6267613768577576,
          "y": -0.3047979772090912,
          "z": 0.5542282462120056
        }
      },
      "world_space": {
        "head": {
          "x": 0.6214352250099182,
          "y": -0.22714783251285553,
          "z": 1.534458875656128
        },
        "tail": {
          "x": 0.6267613768577576,
          "y": -0.24155397713184357,
          "z": 1.504082202911377
        },
        "rotation_quaternion": {
          "w": 0.4333728849887848,
          "x": -0.5845028758049011,
          "y": 0.31713205575942993,
          "z": -0.6082529425621033
        },
        "matrix": [
          [
            0.05891050398349762,
            0.15647393465042114,
            0.9859235882759094,
            0.6214352250099182
          ],
          [
            -0.8979299664497375,
            -0.4232301414012909,
            0.12082283198833466,
            -0.22714783251285553
          ],
          [
            0.43618038296699524,
            -0.8924149870872498,
            0.1155707836151123,
            1.534458875656128
          ],
          [
            0.0,
            0.0,
            0.0,
            1.0
          ]
        ]
      },
      "bone_length_armature_space": 0.034038800154483746,
      "parent": "metacarpal_thumb_l",
      "has_children": true,
      "is_end_bone": false
    },
    "thumb_02_l": {
      "name": "thumb_02_l",
      "local": {
        "location": {
          "x": 0.0,
          "y": 0.0,
          "z": 0.0
        },
        "rotation_quaternion": {
          "w": 0.9925122261047363,
          "x": 0.12203551828861237,
          "y": -0.004849369637668133,
          "z": 0.0018169567920267582
        },
        "scale": {
          "x": 1.0,
          "y": 1.0,
          "z": 1.0
        },
        "matrix_basis": [
          [
            0.9999463558197021,
            -0.004790294449776411,
            -0.009182650595903397,
            0.0
          ],
          [
            0.002423112979158759,
            0.9702080488204956,
            -0.2422611117362976,
            0.0
          ],
          [
            0.010069583542644978,
            0.24222587049007416,
            0.9701676368713379,
            0.0
          ],
          [
            0.0,
            0.0,
            0.0,
            1.0
          ]
        ],
        "rotation_mode": "QUATERNION"
      },
      "armature_space": {
        "head": {
          "x": 0.6267613172531128,
          "y": -0.3047979474067688,
          "z": 0.5542282462120056
        },
        "tail": {
          "x": 0.6573086380958557,
          "y": -0.33028945326805115,
          "z": 0.5597257018089294
        }
      },
      "world_space": {
        "head": {
          "x": 0.6267613172531128,
          "y": -0.24155394732952118,
          "z": 1.504082202911377
        },
        "tail": {
          "x": 0.6573086380958557,
          "y": -0.26704543828964233,
          "z": 1.5095796585083008
        },
        "rotation_quaternion": {
          "w": 0.40575459599494934,
          "x": -0.12747573852539062,
          "y": -0.13425160944461823,
          "z": -0.8950362205505371
        },
        "matrix": [
          [
            -0.6382262706756592,
            0.7605577111244202,
            0.1192435473203659,
            0.6267613172531128
          ],
          [
            -0.6921025514602661,
            -0.6346789598464966,
            0.3437686264514923,
            -0.24155394732952118
          ],
          [
            0.33713898062705994,
            0.13687372207641602,
            0.9314597249031067,
            1.504082202911377
          ],
          [
            0.0,
            0.0,
            0.0,
            1.0
          ]
        ]
      },
      "bone_length_armature_space": 0.040164383806303015,
      "parent": "thumb_01_l",
      "has_children": true,
      "is_end_bone": false
    },
    "thumb_03_l": {
      "name": "thumb_03_l",
      "local": {
        "location": {
          "x": 0.0,
          "y": 0.0,
          "z": 0.0
        },
        "rotation_quaternion": {
          "w": 0.9978088736534119,
          "x": 0.06611078232526779,
          "y": -0.0005578369018621743,
          "z": -0.0025847700890153646
        },
        "scale": {
          "x": 1.0,
          "y": 1.0,
          "z": 1.0
        },
        "matrix_basis": [
          [
            0.9999859929084778,
            0.0050844550132751465,
            -0.0014549915213137865,
            0.0
          ],
          [
            -0.005231970921158791,
            0.9912453889846802,
            -0.1319289654493332,
            0.0
          ],
          [
            0.000771466875448823,
            0.1319347321987152,
            0.9912580847740173,
            0.0
          ],
          [
            0.0,
            0.0,
            0.0,
            1.0
          ]
        ],
        "rotation_mode": "QUATERNION"
      },
      "armature_space": {
        "head": {
          "x": 0.6573085784912109,
          "y": -0.33028948307037354,
          "z": 0.5597256422042847
        },
        "tail": {
          "x": 0.6819594502449036,
          "y": -0.3417733907699585,
          "z": 0.5734131336212158
        }
      },
      "world_space": {
        "head": {
          "x": 0.6573085784912109,
          "y": -0.2670454978942871,
          "z": 1.5095796585083008
        },
        "tail": {
          "x": 0.6819594502449036,
          "y": -0.27852940559387207,
          "z": 1.523267149925232
        },
        "rotation_quaternion": {
          "w": 0.5198858380317688,
          "x": 0.11166854947805405,
          "y": -0.2027733474969864,
          "z": -0.8222724199295044
        },
        "matrix": [
          [
            -0.4344969093799591,
            0.8096887469291687,
            -0.39448246359825134,
            0.6573085784912109
          ],
          [
            -0.9002628326416016,
            -0.37720292806625366,
            0.21735882759094238,
            -0.2670454978942871
          ],
          [
            0.027192343026399612,
            0.44958245754241943,
            0.8928329348564148,
            1.5095796585083008
          ],
          [
            0.0,
            0.0,
            0.0,
            1.0
          ]
        ]
      },
      "bone_length_armature_space": 0.030444917724896374,
      "parent": "thumb_02_l",
      "has_children": false,
      "is_end_bone": true
    },
    "metacarpal_index_l": {
      "name": "metacarpal_index_l",
      "local": {
        "location": {
          "x": 0.0,
          "y": 0.0,
          "z": 0.0
        },
        "rotation_quaternion": {
          "w": 0.9995715022087097,
          "x": -0.026847805827856064,
          "y": -0.010936829261481762,
          "z": -0.004058992024511099
        },
        "scale": {
          "x": 1.0,
          "y": 1.0,
          "z": 1.0
        },
        "matrix_basis": [
          [
            0.9997278451919556,
            0.008701764978468418,
            -0.02164633572101593,
            0.0
          ],
          [
            -0.007527245674282312,
            0.9985254406929016,
            0.05376138910651207,
            0.0
          ],
          [
            0.022082235664129257,
            -0.053583819419145584,
            0.998319149017334,
            0.0
          ],
          [
            0.0,
            0.0,
            0.0,
            1.0
          ]
        ],
        "rotation_mode": "QUATERNION"
      },
      "armature_space": {
        "head": {
          "x": 0.6037789583206177,
          "y": -0.24508923292160034,
          "z": 0.5940661430358887
        },
        "tail": {
          "x": 0.677291989326477,
          "y": -0.3362407684326172,
          "z": 0.5981221199035645
        }
      },
      "world_space": {
        "head": {
          "x": 0.6037789583206177,
          "y": -0.18184523284435272,
          "z": 1.5439201593399048
        },
        "tail": {
          "x": 0.677291989326477,
          "y": -0.27299678325653076,
          "z": 1.5479761362075806
        },
        "rotation_quaternion": {
          "w": 0.047660864889621735,
          "x": 0.9391676187515259,
          "y": 0.32979223132133484,
          "z": -0.08324597775936127
        },
        "matrix": [
          [
            0.7686143517494202,
            0.6273953914642334,
            -0.12492720782756805,
            0.6037789583206177
          ],
          [
            0.6115251779556274,
            -0.7779310941696167,
            -0.14443162083625793,
            -0.18184523284435272
          ],
          [
            -0.18780134618282318,
            0.034615498036146164,
            -0.9816042184829712,
            1.5439201593399048
          ],
          [
            0.0,
            0.0,
            0.0,
            1.0
          ]
        ]
      },
      "bone_length_armature_space": 0.1171717516740721,
      "parent": "lowerarm_l",
      "has_children": true,
      "is_end_bone": false
    },
    "index_01_l": {
      "name": "index_01_l",
      "local": {
        "location": {
          "x": 0.0,
          "y": 0.0,
          "z": 0.0
        },
        "rotation_quaternion": {
          "w": 0.9906342029571533,
          "x": -0.13646064698696136,
          "y": 0.00447853235527873,
          "z": 0.0015382523415610194
        },
        "scale": {
          "x": 1.0,
          "y": 1.0,
          "z": 1.0
        },
        "matrix_basis": [
          [
            0.9999551773071289,
            -0.004269977565854788,
            0.008453352376818657,
            0.0
          ],
          [
            0.0018254038877785206,
            0.9627522230148315,
            0.2703789472579956,
            0.0
          ],
          [
            -0.009292996488511562,
            -0.270351380109787,
            0.9627168774604797,
            0.0
          ],
          [
            0.0,
            0.0,
            0.0,
            1.0
          ]
        ],
        "rotation_mode": "QUATERNION"
      },
      "armature_space": {
        "head": {
          "x": 0.677291989326477,
          "y": -0.3362407684326172,
          "z": 0.5981221199035645
        },
        "tail": {
          "x": 0.7009902596473694,
          "y": -0.34832584857940674,
          "z": 0.6083891987800598
        }
      },
      "world_space": {
        "head": {
          "x": 0.677291989326477,
          "y": -0.27299678325653076,
          "z": 1.5479761362075806
        },
        "tail": {
          "x": 0.7009902596473694,
          "y": -0.2850818634033203,
          "z": 1.5582432746887207
        },
        "rotation_quaternion": {
          "w": 0.2020512968301773,
          "x": 0.8435283899307251,
          "y": 0.49725541472435,
          "z": 0.019297175109386444
        },
        "matrix": [
          [
            0.5047289133071899,
            0.831099808216095,
            0.2334986925125122,
            0.677291989326477
          ],
          [
            0.846696674823761,
            -0.4238241910934448,
            -0.3216801881790161,
            -0.27299678325653076
          ],
          [
            -0.16838641464710236,
            0.36006587743759155,
            -0.9176126718521118,
            1.5479761362075806
          ],
          [
            0.0,
            0.0,
            0.0,
            1.0
          ]
        ]
      },
      "bone_length_armature_space": 0.028514383624601854,
      "parent": "metacarpal_index_l",
      "has_children": true,
      "is_end_bone": false
    },
    "index_02_l": {
      "name": "index_02_l",
      "local": {
        "location": {
          "x": 0.0,
          "y": 0.0,
          "z": 0.0
        },
        "rotation_quaternion": {
          "w": 0.9992517828941345,
          "x": 0.03761330619454384,
          "y": -0.007929803803563118,
          "z": 0.00428194971755147
        },
        "scale": {
          "x": 1.0,
          "y": 1.0,
          "z": 1.0
        },
        "matrix_basis": [
          [
            0.9998375773429871,
            -0.009154023602604866,
            -0.01552562415599823,
            0.0
          ],
          [
            0.00796095933765173,
            0.9971337914466858,
            -0.07523823529481888,
            0.0
          ],
          [
            0.01616985723376274,
            0.07510241866111755,
            0.9970447421073914,
            0.0
          ],
          [
            0.0,
            0.0,
            0.0,
            1.0
          ]
        ],
        "rotation_mode": "QUATERNION"
      },
      "armature_space": {
        "head": {
          "x": 0.7009905576705933,
          "y": -0.34832629561424255,
          "z": 0.6083890795707703
        },
        "tail": {
          "x": 0.7227497696876526,
          "y": -0.359147846698761,
          "z": 0.6166062355041504
        }
      },
      "world_space": {
        "head": {
          "x": 0.7009905576705933,
          "y": -0.28508228063583374,
          "z": 1.5582430362701416
        },
        "tail": {
          "x": 0.7227497696876526,
          "y": -0.29590386152267456,
          "z": 1.5664602518081665
        },
        "rotation_quaternion": {
          "w": 0.205962672829628,
          "x": 0.8427279591560364,
          "y": 0.4966484606266022,
          "z": -0.02700747922062874
        },
        "matrix": [
          [
            0.5052214860916138,
            0.8482037782669067,
            0.15906347334384918,
            0.7009905576705933
          ],
          [
            0.8259545564651489,
            -0.42183876037597656,
            -0.3739672005176544,
            -0.28508228063583374
          ],
          [
            -0.25010234117507935,
            0.3203171491622925,
            -0.91370689868927,
            1.5582430362701416
          ],
          [
            0.0,
            0.0,
            0.0,
            1.0
          ]
        ]
      },
      "bone_length_armature_space": 0.025653282783460445,
      "parent": "index_01_l",
      "has_children": true,
      "is_end_bone": false
    },
    "index_03_l": {
      "name": "index_03_l",
      "local": {
        "location": {
          "x": 0.0,
          "y": 0.0,
          "z": 0.0
        },
        "rotation_quaternion": {
          "w": 0.9998831748962402,
          "x": 0.012608845718204975,
          "y": 0.005341262090951204,
          "z": -0.006793475244194269
        },
        "scale": {
          "x": 1.0,
          "y": 1.0,
          "z": 1.0
        },
        "matrix_basis": [
          [
            0.9998506307601929,
            0.013720057904720306,
            0.010509960353374481,
            0.0
          ],
          [
            -0.01345066912472248,
            0.999589741230011,
            -0.025287317112088203,
            0.0
          ],
          [
            -0.010852592065930367,
            0.02514217421412468,
            0.9996249675750732,
            0.0
          ],
          [
            0.0,
            0.0,
            0.0,
            1.0
          ]
        ],
        "rotation_mode": "QUATERNION"
      },
      "armature_space": {
        "head": {
          "x": 0.7227497100830078,
          "y": -0.3591477870941162,
          "z": 0.6166063547134399
        },
        "tail": {
          "x": 0.7493221163749695,
          "y": -0.3699907958507538,
          "z": 0.6220898628234863
        }
      },
      "world_space": {
        "head": {
          "x": 0.7227497100830078,
          "y": -0.2959038019180298,
          "z": 1.566460371017456
        },
        "tail": {
          "x": 0.7493221163749695,
          "y": -0.30674678087234497,
          "z": 1.5719438791275024
        },
        "rotation_quaternion": {
          "w": 0.13446852564811707,
          "x": 0.8273606896400452,
          "y": 0.5443977117538452,
          "z": -0.031997330486774445
        },
        "matrix": [
          [
            0.4052145481109619,
            0.9094313979148865,
            0.09346295893192291,
            0.7227497100830078
          ],
          [
            0.8922213912010193,
            -0.3710983693599701,
            -0.2573465406894684,
            -0.2959038019180298
          ],
          [
            -0.19935566186904907,
            0.1876709908246994,
            -0.9617959260940552,
            1.566460371017456
          ],
          [
            0.0,
            0.0,
            0.0,
            1.0
          ]
        ]
      },
      "bone_length_armature_space": 0.029218701253589517,
      "parent": "index_02_l",
      "has_children": false,
      "is_end_bone": true
    },
    "metacarpal_pinky_l": {
      "name": "metacarpal_pinky_l",
      "local": {
        "location": {
          "x": 0.0,
          "y": 0.0,
          "z": 0.0
        },
        "rotation_quaternion": {
          "w": 0.9992421269416809,
          "x": -0.033087749034166336,
          "y": 0.011887477710843086,
          "z": -0.01670859009027481
        },
        "scale": {
          "x": 1.0,
          "y": 1.0,
          "z": 1.0
        },
        "matrix_basis": [
          [
            0.999159038066864,
            0.03260519355535507,
            0.024862635880708694,
            0.0
          ],
          [
            -0.034178514033555984,
            0.9972520470619202,
            0.065728098154068,
            0.0
          ],
          [
            -0.02265123836696148,
            -0.06652259081602097,
            0.9975277781486511,
            0.0
          ],
          [
            0.0,
            0.0,
            0.0,
            1.0
          ]
        ],
        "rotation_mode": "QUATERNION"
      },
      "armature_space": {
        "head": {
          "x": 0.6037789583206177,
          "y": -0.24508923292160034,
          "z": 0.5940661430358887
        },
        "tail": {
          "x": 0.699773371219635,
          "y": -0.2794036567211151,
          "z": 0.6152985692024231
        }
      },
      "world_space": {
        "head": {
          "x": 0.6037789583206177,
          "y": -0.18184523284435272,
          "z": 1.5439201593399048
        },
        "tail": {
          "x": 0.699773371219635,
          "y": -0.2161596566438675,
          "z": 1.565152645111084
        },
        "rotation_quaternion": {
          "w": 0.5692856907844543,
          "x": 0.3182962238788605,
          "y": 0.10557764768600464,
          "z": -0.7506362199783325
        },
        "matrix": [
          [
            -0.14920146763324738,
            0.9218639731407166,
            -0.3576391339302063,
            0.6037789583206177
          ],
          [
            -0.7874433398246765,
            -0.3295319676399231,
            -0.5209051370620728,
            -0.18184523284435272
          ],
          [
            -0.5980620980262756,
            0.2039017379283905,
            0.7750871181488037,
            1.5439201593399048
          ],
          [
            0.0,
            0.0,
            0.0,
            1.0
          ]
        ]
      },
      "bone_length_armature_space": 0.1041307975093515,
      "parent": "lowerarm_l",
      "has_children": true,
      "is_end_bone": false
    },
    "pinky_01_l": {
      "name": "pinky_01_l",
      "local": {
        "location": {
          "x": 0.0,
          "y": 0.0,
          "z": 0.0
        },
        "rotation_quaternion": {
          "w": 0.990493655204773,
          "x": -0.13711461424827576,
          "y": 0.009113228879868984,
          "z": -0.006246739067137241
        },
        "scale": {
          "x": 1.0,
          "y": 1.0,
          "z": 1.0
        },
        "matrix_basis": [
          [
            0.999755859375,
            0.009875597432255745,
            0.019766228273510933,
            0.0
          ],
          [
            -0.014873825013637543,
            0.9623211026191711,
            0.27150845527648926,
            0.0
          ],
          [
            -0.01634015142917633,
            -0.27173617482185364,
            0.9622330665588379,
            0.0
          ],
          [
            0.0,
            0.0,
            0.0,
            1.0
          ]
        ],
        "rotation_mode": "QUATERNION"
      },
      "armature_space": {
        "head": {
          "x": 0.699773371219635,
          "y": -0.2794036567211151,
          "z": 0.6152985692024231
        },
