{
  "metadata": {
    "armature_name": "KIM_caucasian_male",
    "export_time": "2026-01-13T20:25:12.373054",
    "blender_version": "4.4.1",
    "bone_count": 56,
    "end_bone_count": 13,
    "spaces_included": [
      "LOCAL_CHANNELS",
      "ARMATURE_SPACE",
      "WORLD_SPACE"
    ],
    "note": "LOCAL matches Transform panel; replay pose via local.matrix_basis for best fidelity."
  },
  "bones": {
    "Root": {
      "name": "Root",
      "local": {
        "location": {
          "x": 0.0,
          "y": 0.0,
          "z": 0.0
        },
        "rotation_quaternion": {
          "w": 0.9998889565467834,
          "x": -0.009381403215229511,
          "y": -0.001503701088950038,
          "z": 0.011482584290206432
        },
        "scale": {
          "x": 1.0,
          "y": 1.0,
          "z": 1.0
        },
        "matrix_basis": [
          [
            0.9997317790985107,
            -0.022934405133128166,
            -0.003222513711079955,
            0.0
          ],
          [
            0.02299083210527897,
            0.9995602965354919,
            0.01872619055211544,
            0.0
          ],
          [
            0.0027916226536035538,
            -0.018795255571603775,
            0.9998194575309753,
            0.0
          ],
          [
            0.0,
            0.0,
            0.0,
            1.0
          ]
        ],
        "rotation_mode": "QUATERNION"
      },
      "armature_space": {
        "head": {
          "x": 0.0,
          "y": 0.07072800397872925,
          "z": -0.009595036506652832
        },
        "tail": {
          "x": -0.0016369631048291922,
          "y": 0.00021144002676010132,
          "z": 0.0013251407071948051
        }
      },
      "world_space": {
        "head": {
          "x": 0.0,
          "y": 0.13397200405597687,
          "z": 0.9402589797973633
        },
        "tail": {
          "x": -0.0016369631048291922,
          "y": 0.06345544010400772,
          "z": 0.9511791467666626
        },
        "rotation_quaternion": {
          "w": 0.07672027498483658,
          "x": 0.9969854950904846,
          "y": -0.011557800695300102,
          "z": -0.0007267268956638873
        },
        "matrix": [
          [
            0.9997317790985107,
            -0.022934405133128166,
            -0.003222513711079955,
            0.0
          ],
          [
            -0.023157425224781036,
            -0.9879608154296875,
            -0.1529616415500641,
            0.13397200405597687
          ],
          [
            0.0003243472892791033,
            0.15299536287784576,
            -0.9882339239120483,
            0.9402589797973633
          ],
          [
            0.0,
            0.0,
            0.0,
            1.0
          ]
        ]
      },
      "bone_length_armature_space": 0.07137587728669573,
      "parent": null,
      "has_children": true,
      "is_end_bone": false
    },
    "spine_01": {
      "name": "spine_01",
      "local": {
        "location": {
          "x": 0.0,
          "y": 0.0,
          "z": 0.0
        },
        "rotation_quaternion": {
          "w": 0.9988999962806702,
          "x": 0.016605783253908157,
          "y": -0.043792933225631714,
          "z": 0.002298349514603615
        },
        "scale": {
          "x": 1.0,
          "y": 1.0,
          "z": 1.0
        },
        "matrix_basis": [
          [
            0.9961537718772888,
            -0.006046074442565441,
            -0.08741319179534912,
            0.0
          ],
          [
            0.0031372106168419123,
            0.9994379281997681,
            -0.033376336097717285,
            0.0
          ],
          [
            0.08756585419178009,
            0.03297372907400131,
            0.9956128597259521,
            0.0
          ],
          [
            0.0,
            0.0,
            0.0,
            1.0
          ]
        ],
        "rotation_mode": "QUATERNION"
      },
      "armature_space": {
        "head": {
          "x": -0.0016369631048291922,
          "y": 0.00021144002676010132,
          "z": 0.0013251407071948051
        },
        "tail": {
          "x": -0.00437721936032176,
          "y": 0.016153406351804733,
          "z": 0.4890616238117218
        }
      },
      "world_space": {
        "head": {
          "x": -0.0016369631048291922,
          "y": 0.06345544010400772,
          "z": 0.9511791467666626
        },
        "tail": {
          "x": -0.00437721936032176,
          "y": 0.07939741015434265,
          "z": 1.4389156103134155
        },
        "rotation_quaternion": {
          "w": 0.7173529267311096,
          "x": 0.6945051550865173,
          "y": -0.04169616103172302,
          "z": -0.03645427152514458
        },
        "matrix": [
          [
            0.9938650131225586,
            -0.005615265108644962,
            -0.11045704782009125,
            -0.0016369631048291922
          ],
          [
            -0.11021752655506134,
            0.03266788274049759,
            -0.9933705925941467,
            0.06345544010400772
          ],
          [
            0.00918639823794365,
            0.9994575381278992,
            0.031847864389419556,
            0.9511791467666626
          ],
          [
            0.0,
            0.0,
            0.0,
            1.0
          ]
        ]
      },
      "bone_length_armature_space": 0.4880046578285376,
      "parent": "Root",
      "has_children": true,
      "is_end_bone": false
    },
    "neck_01": {
      "name": "neck_01",
      "local": {
        "location": {
          "x": 0.0,
          "y": 0.0,
          "z": 0.0
        },
        "rotation_quaternion": {
          "w": 0.9950922131538391,
          "x": 0.06092194840312004,
          "y": 0.026349037885665894,
          "z": -0.0733887255191803
        },
        "scale": {
          "x": 1.0,
          "y": 1.0,
          "z": 1.0
        },
        "matrix_basis": [
          [
            0.9878396391868591,
            0.14926756918430328,
            0.0434974767267704,
            0.0
          ],
          [
            -0.14284662902355194,
            0.9818052053451538,
            -0.1251133531332016,
            0.0
          ],
          [
            -0.06138141453266144,
            0.11737846583127975,
            0.9911884665489197,
            0.0
          ],
          [
            0.0,
            0.0,
            0.0,
            1.0
          ]
        ],
        "rotation_mode": "QUATERNION"
      },
      "armature_space": {
        "head": {
          "x": -0.008619059808552265,
          "y": -0.0159052312374115,
          "z": 0.5633448958396912
        },
        "tail": {
          "x": 0.0006160978227853775,
          "y": -0.06376566737890244,
          "z": 0.6535381078720093
        }
      },
      "world_space": {
        "head": {
          "x": -0.008619059808552265,
          "y": 0.04733876883983612,
          "z": 1.5131988525390625
        },
        "tail": {
          "x": 0.0006160978227853775,
          "y": -0.0005216673016548157,
          "z": 1.6033921241760254
        },
        "rotation_quaternion": {
          "w": 0.5156993269920349,
          "x": 0.8551892638206482,
          "y": 0.025240929797291756,
          "z": -0.045480724424123764
        },
        "matrix": [
          [
            0.9945887923240662,
            0.09008035063743591,
            -0.05175533518195152,
            -0.008619059808552265
          ],
          [
            -0.0037368088960647583,
            -0.4668338894844055,
            -0.8843373656272888,
            0.04733876883983612
          ],
          [
            -0.10382328182458878,
            0.8797509074211121,
            -0.4639751613140106,
            1.5131988525390625
          ],
          [
            0.0,
            0.0,
            0.0,
            1.0
          ]
        ]
      },
      "bone_length_armature_space": 0.10252182878129841,
      "parent": "spine_01",
      "has_children": true,
      "is_end_bone": false
    },
    "head": {
      "name": "head",
      "local": {
        "location": {
          "x": 0.0,
          "y": 0.0,
          "z": 0.0
        },
        "rotation_quaternion": {
          "w": 0.9801591634750366,
          "x": 0.0039004257414489985,
          "y": -0.07393128424882889,
          "z": 0.18386688828468323
        },
        "scale": {
          "x": 1.0,
          "y": 1.0,
          "z": 1.0
        },
        "matrix_basis": [
          [
            0.9214542508125305,
            -0.36101436614990234,
            -0.14349453151226044,
            0.0
          ],
          [
            0.359860897064209,
            0.932355523109436,
            -0.03483310714364052,
            0.0
          ],
          [
            0.14636316895484924,
            -0.019540954381227493,
            0.9890379309654236,
            0.0
          ],
          [
            0.0,
            0.0,
            0.0,
            1.0
          ]
        ],
        "rotation_mode": "QUATERNION"
      },
      "armature_space": {
        "head": {
          "x": 0.0006160829216241837,
          "y": -0.0637657642364502,
          "z": 0.6535379886627197
        },
        "tail": {
          "x": -0.04025540500879288,
          "y": -0.07708623260259628,
          "z": 0.8025526404380798
        }
      },
      "world_space": {
        "head": {
          "x": 0.0006160829216241837,
          "y": -0.0005217641592025757,
          "z": 1.6033920049667358
        },
        "tail": {
          "x": -0.04025540500879288,
          "y": -0.013842232525348663,
          "z": 1.7524065971374512
        },
        "rotation_quaternion": {
          "w": 0.6580327153205872,
          "x": 0.7363635301589966,
          "y": -0.1550760120153427,
          "z": 0.02670753188431263
        },
        "matrix": [
          [
            0.9504758715629578,
            -0.2635336220264435,
            -0.1647588461637497,
            0.0006160829216241837
          ],
          [
            -0.1932373344898224,
            -0.08588850498199463,
            -0.9773858189582825,
            -0.0005217641592025757
          ],
          [
            0.24342462420463562,
            0.9608257412910461,
            -0.1325613558292389,
            1.6033920049667358
          ],
          [
            0.0,
            0.0,
            0.0,
            1.0
          ]
        ]
      },
      "bone_length_armature_space": 0.15509119600297824,
      "parent": "neck_01",
      "has_children": false,
      "is_end_bone": true
    },
    "upperarm_l": {
      "name": "upperarm_l",
      "local": {
        "location": {
          "x": 0.0,
          "y": 0.0,
          "z": 0.0
        },
        "rotation_quaternion": {
          "w": 0.8461279273033142,
          "x": 0.3744892179965973,
          "y": 0.252070814371109,
          "z": 0.28334760665893555
        },
        "scale": {
          "x": 1.0,
          "y": 1.0,
          "z": 1.0
        },
        "matrix_basis": [
          [
            0.7123488783836365,
            -0.2907010316848755,
            0.6387895345687866,
            0.0
          ],
          [
            0.668292224407196,
            0.5589439272880554,
            -0.4908842444419861,
            0.0
          ],
          [
            -0.21434706449508667,
            0.7765789031982422,
            0.5924362540245056,
            0.0
          ],
          [
            0.0,
            0.0,
            0.0,
            1.0
          ]
        ],
        "rotation_mode": "QUATERNION"
      },
      "armature_space": {
        "head": {
          "x": 0.14048582315444946,
          "y": -0.037801384925842285,
          "z": 0.49765312671661377
        },
        "tail": {
          "x": 0.27604198455810547,
          "y": -0.2556360065937042,
          "z": 0.5749855041503906
        }
      },
      "world_space": {
        "head": {
          "x": 0.14048582315444946,
          "y": 0.025442615151405334,
          "z": 1.4475071430206299
        },
        "tail": {
          "x": 0.27604198455810547,
          "y": -0.1923920065164566,
          "z": 1.5248395204544067
        },
        "rotation_quaternion": {
          "w": 0.2404174506664276,
          "x": 0.8820367455482483,
          "y": 0.18906386196613312,
          "z": -0.3584209084510803
        },
        "matrix": [
          [
            0.6715787649154663,
            0.5058642625808716,
            -0.5413718819618225,
            0.14048582315444946
          ],
          [
            0.16118167340755463,
            -0.8129084706306458,
            -0.5596433877944946,
            0.025442615151405334
          ],
          [
            -0.7231940627098083,
            0.28858664631843567,
            -0.6274728178977966,
            1.4475071430206299
          ],
          [
            0.0,
            0.0,
            0.0,
            1.0
          ]
        ]
      },
      "bone_length_armature_space": 0.26796956997098115,
      "parent": "spine_01",
      "has_children": true,
      "is_end_bone": false
    },
    "lowerarm_l": {
      "name": "lowerarm_l",
      "local": {
        "location": {
          "x": 0.0,
          "y": 0.0,
          "z": 0.0
        },
        "rotation_quaternion": {
          "w": 0.9226990342140198,
          "x": 0.366166353225708,
          "y": 0.07589936256408691,
          "z": -0.09374432265758514
        },
        "scale": {
          "x": 1.0,
          "y": 1.0,
          "z": 1.0
        },
        "matrix_basis": [
          [
            0.9709025621414185,
            0.22857917845249176,
            0.07141250371932983,
            0.0
          ],
          [
            -0.1174120083451271,
            0.7142683863639832,
            -0.6899529695510864,
            0.0
          ],
          [
            -0.20871657133102417,
            0.6614924073219299,
            0.7203229665756226,
            0.0
          ],
          [
            0.0,
            0.0,
            0.0,
            1.0
          ]
        ],
        "rotation_mode": "QUATERNION"
      },
      "armature_space": {
        "head": {
          "x": 0.2760419249534607,
          "y": -0.2556361258029938,
          "z": 0.5749856233596802
        },
        "tail": {
          "x": 0.26673680543899536,
          "y": -0.5052845478057861,
          "z": 0.4792850613594055
        }
      },
      "world_space": {
        "head": {
          "x": 0.2760419249534607,
          "y": -0.19239212572574615,
          "z": 1.5248396396636963
        },
        "tail": {
          "x": 0.26673680543899536,
          "y": -0.4420405626296997,
          "z": 1.4291391372680664
        },
        "rotation_quaternion": {
          "w": 0.174135223031044,
          "x": -0.9033091068267822,
          "y": -0.05556297302246094,
          "z": 0.38810110092163086
        },
        "matrix": [
          [
            0.6925808191299438,
            -0.0347822904586792,
            -0.7205012440681458,
            0.2760419249534607
          ],
          [
            0.23554512858390808,
            -0.9331798553466797,
            0.27146652340888977,
            -0.19239212572574615
          ],
          [
            -0.6818038821220398,
            -0.35772639513015747,
            -0.6381138563156128,
            1.5248396396636963
          ],
          [
            0.0,
            0.0,
            0.0,
            1.0
          ]
        ]
      },
      "bone_length_armature_space": 0.2675247960707226,
      "parent": "upperarm_l",
      "has_children": true,
      "is_end_bone": false
    },
    "metacarpal_thumb_l": {
      "name": "metacarpal_thumb_l",
      "local": {
        "location": {
          "x": 0.0,
          "y": 0.0,
          "z": 0.0
        },
        "rotation_quaternion": {
          "w": 0.999706506729126,
          "x": -0.01885373704135418,
          "y": 0.013014143332839012,
          "z": 0.007884638383984566
        },
        "scale": {
          "x": 1.0,
          "y": 1.0,
          "z": 1.0
        },
        "matrix_basis": [
          [
            0.99953693151474,
            -0.01625537872314453,
            0.02572333812713623,
            0.0
          ],
          [
            0.015273918397724628,
            0.9991647601127625,
            0.037901632487773895,
            0.0
          ],
          [
            -0.026317957788705826,
            -0.03749118372797966,
            0.9989503622055054,
            0.0
          ],
          [
            0.0,
            0.0,
            0.0,
            1.0
          ]
        ],
        "rotation_mode": "QUATERNION"
      },
      "armature_space": {
        "head": {
          "x": 0.26673680543899536,
          "y": -0.5052845478057861,
          "z": 0.4792850613594055
        },
        "tail": {
          "x": 0.2488330602645874,
          "y": -0.5317782163619995,
          "z": 0.44145455956459045
        }
      },
      "world_space": {
        "head": {
          "x": 0.26673680543899536,
          "y": -0.4420405626296997,
          "z": 1.4291391372680664
        },
        "tail": {
          "x": 0.2488330602645874,
          "y": -0.4685342311859131,
          "z": 1.3913085460662842
        },
        "rotation_quaternion": {
          "w": 0.3390016555786133,
          "x": -0.8231526613235474,
          "y": 0.3429968059062958,
          "z": -0.2997513711452484
        },
        "matrix": [
          [
            0.5850037336349487,
            -0.3614460229873657,
            0.7260354161262512,
            0.26673680543899536
          ],
          [
            -0.7679104208946228,
            -0.534862220287323,
            0.3524714708328247,
            -0.4420405626296997
          ],
          [
            0.2609306871891022,
            -0.7637329697608948,
            -0.590458333492279,
            1.4291391372680664
          ],
          [
            0.0,
            0.0,
            0.0,
            1.0
          ]
        ]
      },
      "bone_length_armature_space": 0.049533881744499644,
      "parent": "lowerarm_l",
      "has_children": true,
      "is_end_bone": false
    },
    "thumb_01_l": {
      "name": "thumb_01_l",
      "local": {
        "location": {
          "x": 0.0,
          "y": 0.0,
          "z": 0.0
        },
        "rotation_quaternion": {
          "w": 0.998910665512085,
          "x": 0.04422639682888985,
          "y": 0.0035621002316474915,
          "z": 0.01445602998137474
        },
        "scale": {
          "x": 1.0,
          "y": 1.0,
          "z": 1.0
        },
        "matrix_basis": [
          [
            0.9995566606521606,
            -0.028565486893057823,
            0.008395115844905376,
            0.0
          ],
          [
            0.029195642098784447,
            0.9956700801849365,
            -0.088253453373909,
            0.0
          ],
          [
            -0.005837763659656048,
            0.08845942467451096,
            0.996062695980072,
            0.0
          ],
          [
            0.0,
            0.0,
            0.0,
            1.0
          ]
        ],
        "rotation_mode": "QUATERNION"
      },
      "armature_space": {
        "head": {
          "x": 0.2488330602645874,
          "y": -0.5317782163619995,
          "z": 0.44145455956459045
        },
        "tail": {
          "x": 0.2591712772846222,
          "y": -0.53346186876297,
          "z": 0.40906742215156555
        }
      },
      "world_space": {
        "head": {
          "x": 0.2488330602645874,
          "y": -0.4685342311859131,
          "z": 1.3913085460662842
        },
        "tail": {
          "x": 0.2591712772846222,
          "y": -0.47021788358688354,
          "z": 1.3589214086532593
        },
        "rotation_quaternion": {
          "w": 0.326310932636261,
          "x": -0.13259193301200867,
          "y": 0.6072803735733032,
          "z": -0.7121453881263733
        },
        "matrix": [
          [
            -0.751879870891571,
            0.3037208616733551,
            0.5851755142211914,
            0.2488330602645874
          ],
          [
            -0.6258042454719543,
            -0.04946310445666313,
            -0.7784103155136108,
            -0.4685342311859131
          ],
          [
            -0.20747675001621246,
            -0.9514829516410828,
            0.22726106643676758,
            1.3913085460662842
          ],
          [
            0.0,
            0.0,
            0.0,
            1.0
          ]
        ]
      },
      "bone_length_armature_space": 0.03403880183112308,
      "parent": "metacarpal_thumb_l",
      "has_children": true,
      "is_end_bone": false
    },
    "thumb_02_l": {
      "name": "thumb_02_l",
      "local": {
        "location": {
          "x": 0.0,
          "y": 0.0,
          "z": 0.0
        },
        "rotation_quaternion": {
          "w": 0.9913593530654907,
          "x": 0.13097742199897766,
          "y": -0.00512959249317646,
          "z": 0.005036521703004837
        },
        "scale": {
          "x": 1.0,
          "y": 1.0,
          "z": 1.0
        },
        "matrix_basis": [
          [
            0.9998966455459595,
            -0.011329727247357368,
            -0.008851197548210621,
            0.0
          ],
          [
            0.008642284199595451,
            0.9656391143798828,
            -0.2597430646419525,
            0.0
          ],
          [
            0.01148988027125597,
            0.259639710187912,
            0.96563720703125,
            0.0
          ],
          [
            0.0,
            0.0,
            0.0,
            1.0
          ]
        ],
        "rotation_mode": "QUATERNION"
      },
      "armature_space": {
        "head": {
          "x": 0.2591712772846222,
          "y": -0.5334618091583252,
          "z": 0.40906745195388794
        },
        "tail": {
          "x": 0.2583323121070862,
          "y": -0.5726562738418579,
          "z": 0.4003341495990753
        }
      },
      "world_space": {
        "head": {
          "x": 0.2591712772846222,
          "y": -0.47021782398223877,
          "z": 1.3589215278625488
        },
        "tail": {
          "x": 0.2583323121070862,
          "y": -0.5094122886657715,
          "z": 1.350188136100769
        },
        "rotation_quaternion": {
          "w": 0.022061388939619064,
          "x": -0.10552655160427094,
          "y": -0.10764723271131516,
          "z": 0.9883267283439636
        },
        "matrix": [
          [
            -0.9767549633979797,
            -0.020888488739728928,
            -0.21333904564380646,
            0.2591712772846222
          ],
          [
            0.06632696837186813,
            -0.9758509993553162,
            -0.20812466740608215,
            -0.47021782398223877
          ],
          [
            -0.20384112000465393,
            -0.2174391895532608,
            0.9545590281486511,
            1.3589215278625488
          ],
          [
            0.0,
            0.0,
            0.0,
            1.0
          ]
        ]
      },
      "bone_length_armature_space": 0.04016441882641864,
      "parent": "thumb_01_l",
      "has_children": true,
      "is_end_bone": false
    },
    "thumb_03_l": {
      "name": "thumb_03_l",
      "local": {
        "location": {
          "x": 0.0,
          "y": 0.0,
          "z": 0.0
        },
        "rotation_quaternion": {
          "w": 0.9966081380844116,
          "x": 0.08200111985206604,
          "y": -0.0064369929023087025,
          "z": 0.0026017779018729925
        },
        "scale": {
          "x": 1.0,
          "y": 1.0,
          "z": 1.0
        },
        "matrix_basis": [
          [
            0.9999036192893982,
            -0.006241587456315756,
            -0.012403621338307858,
            0.0
          ],
          [
            0.004130224697291851,
            0.9865381121635437,
            -0.16347946226596832,
            0.0
          ],
          [
            0.01325701642781496,
            0.16341246664524078,
            0.9864687919616699,
            0.0
          ],
          [
            0.0,
            0.0,
            0.0,
            1.0
          ]
        ],
        "rotation_mode": "QUATERNION"
      },
      "armature_space": {
        "head": {
          "x": 0.2583322525024414,
          "y": -0.5726562142372131,
          "z": 0.40033406019210815
        },
        "tail": {
          "x": 0.2580709457397461,
          "y": -0.6023409962654114,
          "z": 0.4070896804332733
        }
      },
      "world_space": {
        "head": {
          "x": 0.2583322525024414,
          "y": -0.5094122290611267,
          "z": 1.3501880168914795
        },
        "tail": {
          "x": 0.2580709457397461,
          "y": -0.539097011089325,
          "z": 1.3569437265396118
        },
        "rotation_quaternion": {
          "w": 0.028653357177972794,
          "x": 0.2917802333831787,
          "y": -0.10799393057823181,
          "z": -0.9499371647834778
        },
        "matrix": [
          [
            -0.8280866742134094,
            -0.008583106100559235,
            -0.5605345368385315,
            0.2583322525024414
          ],
          [
            -0.11745890974998474,
            -0.9750327467918396,
            0.18845400214195251,
            -0.5094122290611267
          ],
          [
            -0.5481608510017395,
            0.22189673781394958,
            0.8064090609550476,
            1.3501880168914795
          ],
          [
            0.0,
            0.0,
            0.0,
            1.0
          ]
        ]
      },
      "bone_length_armature_space": 0.030444916888439786,
      "parent": "thumb_02_l",
      "has_children": false,
      "is_end_bone": true
    },
    "metacarpal_index_l": {
      "name": "metacarpal_index_l",
      "local": {
        "location": {
          "x": 0.0,
          "y": 0.0,
          "z": 0.0
        },
        "rotation_quaternion": {
          "w": 0.9971205592155457,
          "x": -0.07291602343320847,
          "y": 0.005603336263448,
          "z": -0.02005959302186966
        },
        "scale": {
          "x": 1.0,
          "y": 1.0,
          "z": 1.0
        },
        "matrix_basis": [
          [
            0.9991324543952942,
            0.039186518639326096,
            0.014099734835326672,
            0.0
          ],
          [
            -0.040820810943841934,
            0.988561749458313,
            0.14518733322620392,
            0.0
          ],
          [
            -0.0082490723580122,
            -0.1456369310617447,
            0.989303708076477,
            0.0
          ],
          [
            0.0,
            0.0,
            0.0,
            1.0
          ]
        ],
        "rotation_mode": "QUATERNION"
      },
      "armature_space": {
        "head": {
          "x": 0.26673680543899536,
          "y": -0.5052845478057861,
          "z": 0.4792850613594055
        },
        "tail": {
          "x": 0.24288392066955566,
          "y": -0.6076309680938721,
          "z": 0.4274631142616272
        }
      },
      "world_space": {
        "head": {
          "x": 0.26673680543899536,
          "y": -0.4420405626296997,
          "z": 1.4291391372680664
        },
        "tail": {
          "x": 0.24288392066955566,
          "y": -0.5443869829177856,
          "z": 1.377317190170288
        },
        "rotation_quaternion": {
          "w": 0.22226323187351227,
          "x": -0.9663469791412354,
          "y": 0.11773849278688431,
          "z": -0.053946468979120255
        },
        "matrix": [
          [
            0.966454803943634,
            -0.20357204973697662,
            0.1566002070903778,
            0.26673680543899536
          ],
          [
            -0.25153326988220215,
            -0.8734737038612366,
            0.41686323285102844,
            -0.4420405626296997
          ],
          [
            0.05192466080188751,
            -0.44227343797683716,
            -0.8953837752342224,
            1.4291391372680664
          ],
          [
            0.0,
            0.0,
            0.0,
            1.0
          ]
        ]
      },
      "bone_length_armature_space": 0.11717194314852436,
      "parent": "lowerarm_l",
      "has_children": true,
      "is_end_bone": false
    },
    "index_01_l": {
      "name": "index_01_l",
      "local": {
        "location": {
          "x": 0.0,
          "y": 0.0,
          "z": 0.0
        },
        "rotation_quaternion": {
          "w": 0.9963189363479614,
          "x": -0.08243118971586227,
          "y": 0.022177893668413162,
          "z": -0.007872349582612514
        },
        "scale": {
          "x": 1.0,
          "y": 1.0,
          "z": 1.0
        },
        "matrix_basis": [
          [
            0.9988923072814941,
            0.01203044131398201,
            0.045490365475416183,
            0.0
          ],
          [
            -0.019343042746186256,
            0.9862862229347229,
            0.16390632092952728,
            0.0
          ],
          [
            -0.04289465770125389,
            -0.16460469365119934,
            0.9854264855384827,
            0.0
          ],
          [
            0.0,
            0.0,
            0.0,
            1.0
          ]
        ],
        "rotation_mode": "QUATERNION"
      },
      "armature_space": {
        "head": {
          "x": 0.24288392066955566,
          "y": -0.6076309680938721,
          "z": 0.4274631142616272
        },
        "tail": {
          "x": 0.24579328298568726,
          "y": -0.6358119249343872,
          "z": 0.42423215508461
        }
      },
      "world_space": {
        "head": {
          "x": 0.24288392066955566,
          "y": -0.5443869829177856,
          "z": 1.377317190170288
        },
        "tail": {
          "x": 0.24579328298568726,
          "y": -0.5725679397583008,
          "z": 1.3740861415863037
        },
        "rotation_quaternion": {
          "w": 0.06289505213499069,
          "x": -0.9888918995857239,
          "y": -0.04348206892609596,
          "z": -0.12746122479438782
        },
        "matrix": [
          [
            0.9637259840965271,
            0.10203138738870621,
            0.2466210424900055,
            0.24288392066955566
          ],
          [
            0.0699649453163147,
            -0.9883071780204773,
            0.1354770064353943,
            -0.5443869829177856
          ],
          [
            0.25756216049194336,
            -0.11330950260162354,
            -0.959602415561676,
            1.377317190170288
          ],
          [
            0.0,
            0.0,
            0.0,
            1.0
          ]
        ]
      },
      "bone_length_armature_space": 0.02851437946217391,
      "parent": "metacarpal_index_l",
      "has_children": true,
      "is_end_bone": false
    },
    "index_02_l": {
      "name": "index_02_l",
      "local": {
        "location": {
          "x": 0.0,
          "y": 0.0,
          "z": 0.0
        },
        "rotation_quaternion": {
          "w": 0.9765499234199524,
          "x": 0.21528926491737366,
          "y": -0.000349993264535442,
          "z": 0.0008683438645675778
        },
        "scale": {
          "x": 1.0,
          "y": 1.0,
          "z": 1.0
        },
        "matrix_basis": [
          [
            0.9999982714653015,
            -0.001846661907620728,
            -0.0003096815780736506,
            0.0
          ],
          [
            0.0015452626394107938,
            0.9072995781898499,
            -0.4204820394515991,
            0.0
          ],
          [
            0.0010574620682746172,
            0.4204808175563812,
            0.9073008298873901,
            0.0
          ],
          [
            0.0,
            0.0,
            0.0,
            1.0
          ]
        ],
        "rotation_mode": "QUATERNION"
      },
      "armature_space": {
        "head": {
          "x": 0.2457931637763977,
          "y": -0.6358122825622559,
          "z": 0.42423176765441895
        },
        "tail": {
          "x": 0.25063714385032654,
          "y": -0.6578348875045776,
          "z": 0.41199925541877747
        }
      },
      "world_space": {
        "head": {
          "x": 0.2457931637763977,
          "y": -0.5725682973861694,
          "z": 1.374085783958435
        },
        "tail": {
          "x": 0.25063714385032654,
          "y": -0.5945909023284912,
          "z": 1.3618532419204712
        },
        "rotation_quaternion": {
          "w": 0.2547299861907959,
          "x": -0.9605118632316589,
          "y": -0.07666335999965668,
          "z": -0.08156277984380722
        },
        "matrix": [
          [
            0.9749406576156616,
            0.18882505595684052,
            0.11762668192386627,
            0.2457931637763977
          ],
          [
            0.10571959614753723,
            -0.8584709763526917,
            0.5018476843833923,
            -0.5725682973861694
          ],
          [
            0.19574201107025146,
            -0.4768402576446533,
            -0.8569262027740479,
            1.374085783958435
          ],
          [
            0.0,
            0.0,
            0.0,
            1.0
          ]
        ]
      },
      "bone_length_armature_space": 0.025653335857063995,
      "parent": "index_01_l",
      "has_children": true,
      "is_end_bone": false
    },
    "index_03_l": {
      "name": "index_03_l",
      "local": {
        "location": {
          "x": 0.0,
          "y": 0.0,
          "z": 0.0
        },
        "rotation_quaternion": {
          "w": 0.9791080355644226,
          "x": 0.20325428247451782,
          "y": -0.005536537151783705,
          "z": 0.0021629331167787313
        },
        "scale": {
          "x": 1.0,
          "y": 1.0,
          "z": 1.0
        },
        "matrix_basis": [
          [
            0.9999293088912964,
            -0.006486140191555023,
            -0.009962485171854496,
            0.0
          ],
          [
            0.001984840724617243,
            0.9173660278320312,
            -0.3980397582054138,
            0.0
          ],
          [
            0.011720987036824226,
            0.3979918658733368,
            0.9173141121864319,
            0.0
          ],
          [
            0.0,
            0.0,
            0.0,
            1.0
          ]
        ],
        "rotation_mode": "QUATERNION"
      },
      "armature_space": {
        "head": {
          "x": 0.25063711404800415,
          "y": -0.6578349471092224,
          "z": 0.411999374628067
        },
        "tail": {
          "x": 0.2600398361682892,
          "y": -0.6724251508712769,
          "z": 0.3884950280189514
        }
      },
      "world_space": {
        "head": {
          "x": 0.25063711404800415,
          "y": -0.594590961933136,
          "z": 1.3618533611297607
        },
        "tail": {
          "x": 0.2600398361682892,
          "y": -0.6091811656951904,
          "z": 1.3383491039276123
        },
        "rotation_quaternion": {
          "w": 0.4816213548183441,
          "x": -0.8609550595283508,
          "y": -0.13552916049957275,
          "z": -0.09181050211191177
        },
        "matrix": [
          [
            0.9464053511619568,
            0.321804940700531,
            0.0275406613945961,
            0.25063711404800415
          ],
          [
            0.1449347734451294,
            -0.49934589862823486,
            0.854194164276123,
            -0.594590961933136
          ],
          [
            0.2886384427547455,
            -0.8044284582138062,
            -0.5192272067070007,
            1.3618533611297607
          ],
          [
            0.0,
            0.0,
            0.0,
            1.0
          ]
        ]
      },
      "bone_length_armature_space": 0.029218821933274984,
      "parent": "index_02_l",
      "has_children": false,
      "is_end_bone": true
    },
    "metacarpal_pinky_l": {
      "name": "metacarpal_pinky_l",
      "local": {
        "location": {
          "x": 0.0,
          "y": 0.0,
          "z": 0.0
        },
        "rotation_quaternion": {
          "w": 0.998998761177063,
          "x": -0.04295088350772858,
          "y": -0.0007194338832050562,
          "z": -0.012498566880822182
        },
        "scale": {
          "x": 1.0,
          "y": 1.0,
          "z": 1.0
        },
        "matrix_basis": [
          [
            0.9996865391731262,
            0.02503390610218048,
            -0.00036377814831212163,
            0.0
          ],
          [
            -0.024910304695367813,
            0.9959980249404907,
            0.08583374321460724,
            0.0
          ],
          [
            0.0025110761635005474,
            -0.08579777181148529,
            0.9963093996047974,
            0.0
          ],
          [
            0.0,
            0.0,
            0.0,
            1.0
          ]
        ],
        "rotation_mode": "QUATERNION"
      },
      "armature_space": {
        "head": {
          "x": 0.26673680543899536,
          "y": -0.5052845478057861,
          "z": 0.4792850613594055
        },
        "tail": {
          "x": 0.2927331030368805,
          "y": -0.6036787033081055,
          "z": 0.45723941922187805
        }
      },
      "world_space": {
        "head": {
          "x": 0.26673680543899536,
          "y": -0.4420405626296997,
          "z": 1.4291391372680664
        },
        "tail": {
          "x": 0.2927331030368805,
          "y": -0.540434718132019,
          "z": 1.4070934057235718
        },
        "rotation_quaternion": {
          "w": 0.05453753098845482,
          "x": 0.5007572174072266,
          "y": 0.15675166249275208,
          "z": -0.8495273590087891
        },
        "matrix": [
          [
            -0.4925362169742584,
            0.2496505230665207,
            -0.8337162733078003,
            0.26673680543899536
          ],
          [
            0.06432618200778961,
            -0.9449096322059631,
            -0.32094892859458923,
            -0.4420405626296997
          ],
          [
            -0.8679174780845642,
            -0.21171101927757263,
            0.44934573769569397,
            1.4291391372680664
          ],
          [
            0.0,
            0.0,
            0.0,
            1.0
          ]
        ]
      },
      "bone_length_armature_space": 0.10413082140600147,
      "parent": "lowerarm_l",
      "has_children": true,
      "is_end_bone": false
    },
    "pinky_01_l": {
      "name": "pinky_01_l",
      "local": {
        "location": {
          "x": 0.0,
          "y": 0.0,
          "z": 0.0
        },
        "rotation_quaternion": {
          "w": 0.9997497797012329,
          "x": 0.018664270639419556,
          "y": 0.0033778203651309013,
          "z": -0.011868368834257126
        },
        "scale": {
          "x": 1.0,
          "y": 1.0,
          "z": 1.0
        },
        "matrix_basis": [
          [
            0.9996954798698425,
            0.023856887593865395,
            0.006310921628028154,
            0.0
          ],
          [
            -0.023604709655046463,
            0.999021589756012,
            -0.037399377673864365,
            0.0
          ],
          [
            -0.007196979131549597,
            0.03723902255296707,
            0.9992804527282715,
            0.0
          ],
          [
            0.0,
            0.0,
            0.0,
            1.0
          ]
        ],
        "rotation_mode": "QUATERNION"
      },
      "armature_space": {
        "head": {
          "x": 0.2927331030368805,
          "y": -0.6036787033081055,
