{
  "metadata": {
    "armature_name": "KIM_caucasian_male",
    "export_time": "2026-01-13T21:04:09.511623",
    "blender_version": "4.4.1",
    "bone_count": 56,
    "end_bone_count": 13,
    "spaces_included": [
      "LOCAL_CHANNELS",
      "ARMATURE_SPACE",
      "WORLD_SPACE"
    ],
    "note": "LOCAL matches Transform panel; replay pose via local.matrix_basis for best fidelity."
  },
  "bones": {
    "Root": {
      "name": "Root",
      "local": {
        "location": {
          "x": 0.0,
          "y": 0.0,
          "z": 0.0
        },
        "rotation_quaternion": {
          "w": 0.9997022747993469,
          "x": -0.005101107060909271,
          "y": -0.004790809471160173,
          "z": -0.023375073447823524
        },
        "scale": {
          "x": 1.0,
          "y": 1.0,
          "z": 1.0
        },
        "matrix_basis": [
          [
            0.9988613128662109,
            0.046785105019807816,
            -0.009340289048850536,
            0.0
          ],
          [
            -0.046687349677085876,
            0.9988551735877991,
            0.010423148050904274,
            0.0
          ],
          [
            0.009817243553698063,
            -0.009975205175578594,
            0.999902069568634,
            0.0
          ],
          [
            0.0,
            0.0,
            0.0,
            1.0
          ]
        ],
        "rotation_mode": "QUATERNION"
      },
      "armature_space": {
        "head": {
          "x": 0.0,
          "y": 0.07072800397872925,
          "z": -0.009595036506652832
        },
        "tail": {
          "x": 0.0033393276389688253,
          "y": 0.00017669051885604858,
          "z": 0.0006945459172129631
        }
      },
      "world_space": {
        "head": {
          "x": 0.0,
          "y": 0.13397200405597687,
          "z": 0.9402589797973633
        },
        "tail": {
          "x": 0.0033393276389688253,
          "y": 0.06342069059610367,
          "z": 0.9505485892295837
        },
        "rotation_quaternion": {
          "w": 0.07243712991476059,
          "x": 0.9970875978469849,
          "y": 0.022999225184321404,
          "z": -0.006354656536132097
        },
        "matrix": [
          [
            0.9988613128662109,
            0.046785105019807816,
            -0.009340289048850536,
            0.0
          ],
          [
            0.04494384676218033,
            -0.9884477257728577,
            -0.1447450816631317,
            0.13397200405597687
          ],
          [
            -0.016004368662834167,
            0.14416052401065826,
            -0.9894319772720337,
            0.9402589797973633
          ],
          [
            0.0,
            0.0,
            0.0,
            1.0
          ]
        ]
      },
      "bone_length_armature_space": 0.0713758683017625,
      "parent": null,
      "has_children": true,
      "is_end_bone": false
    },
    "spine_01": {
      "name": "spine_01",
      "local": {
        "location": {
          "x": 0.0,
          "y": 0.0,
          "z": 0.0
        },
        "rotation_quaternion": {
          "w": 0.9975789785385132,
          "x": 0.006388928275555372,
          "y": -0.04239262267947197,
          "z": 0.0547577366232872
        },
        "scale": {
          "x": 1.0,
          "y": 1.0,
          "z": 1.0
        },
        "matrix_basis": [
          [
            0.9904088973999023,
            -0.10979202389717102,
            -0.08388029038906097,
            0.0
          ],
          [
            0.10870864987373352,
            0.9939215183258057,
            -0.01738956943154335,
            0.0
          ],
          [
            0.0852796658873558,
            0.008104273118078709,
            0.9963241219520569,
            0.0
          ],
          [
            0.0,
            0.0,
            0.0,
            1.0
          ]
        ],
        "rotation_mode": "QUATERNION"
      },
      "armature_space": {
        "head": {
          "x": 0.0033393276389688253,
          "y": 0.00017669051885604858,
          "z": 0.0006945459172129631
        },
        "tail": {
          "x": -0.043488211929798126,
          "y": 0.021583417430520058,
          "z": 0.48597535490989685
        }
      },
      "world_space": {
        "head": {
          "x": 0.0033393276389688253,
          "y": 0.06342069059610367,
          "z": 0.9505485892295837
        },
        "tail": {
          "x": -0.043488211929798126,
          "y": 0.08482741564512253,
          "z": 1.4358294010162354
        },
        "rotation_quaternion": {
          "w": 0.7209104299545288,
          "x": 0.6910936236381531,
          "y": -0.04712739959359169,
          "z": 0.0213750209659338
        },
        "matrix": [
          [
            0.9946442246437073,
            -0.09595783054828644,
            -0.03840434551239014,
            0.0033393276389688253
          ],
          [
            -0.03431925177574158,
            0.04386613517999649,
            -0.998447835445404,
            0.06342069059610367
          ],
          [
            0.09749419242143631,
            0.9944254159927368,
            0.04033733904361725,
            0.9505485892295837
          ],
          [
            0.0,
            0.0,
            0.0,
            1.0
          ]
        ]
      },
      "bone_length_armature_space": 0.488004637568711,
      "parent": "Root",
      "has_children": true,
      "is_end_bone": false
    },
    "neck_01": {
      "name": "neck_01",
      "local": {
        "location": {
          "x": 0.0,
          "y": 0.0,
          "z": 0.0
        },
        "rotation_quaternion": {
          "w": 0.9912176132202148,
          "x": -0.04020402953028679,
          "y": -0.05458866059780121,
          "z": -0.11354043334722519
        },
        "scale": {
          "x": 1.0,
          "y": 1.0,
          "z": 1.0
        },
        "matrix_basis": [
          [
            0.9682573080062866,
            0.2294759303331375,
            -0.09908891469240189,
            0.0
          ],
          [
            -0.22069717943668365,
            0.9709843993186951,
            0.0920979231595993,
            0.0
          ],
          [
            0.11734805256128311,
            -0.06730584055185318,
            0.9908074140548706,
            0.0
          ],
          [
            0.0,
            0.0,
            0.0,
            1.0
          ]
        ],
        "rotation_mode": "QUATERNION"
      },
      "armature_space": {
        "head": {
          "x": -0.0518459752202034,
          "y": -0.0098313819617033,
          "z": 0.5601845383644104
        },
        "tail": {
          "x": -0.038728728890419006,
          "y": -0.03790954500436783,
          "z": 0.6579102277755737
        }
      },
      "world_space": {
        "head": {
          "x": -0.0518459752202034,
          "y": 0.05341261625289917,
          "z": 1.5100386142730713
        },
        "tail": {
          "x": -0.038728728890419006,
          "y": 0.02533445507287979,
          "z": 1.6077642440795898
        },
        "rotation_quaternion": {
          "w": 0.6022732853889465,
          "x": 0.7938264608383179,
          "y": 0.0181262269616127,
          "z": -0.08232832700014114
        },
        "matrix": [
          [
            0.985787034034729,
            0.12794651091098785,
            -0.10887411236763,
            -0.0518459752202034
          ],
          [
            -0.07038942724466324,
            -0.2738763093948364,
            -0.9591857194900513,
            0.05341261625289917
          ],
          [
            -0.15254360437393188,
            0.9532228112220764,
            -0.26098042726516724,
            1.5100386142730713
          ],
          [
            0.0,
            0.0,
            0.0,
            1.0
          ]
        ]
      },
      "bone_length_armature_space": 0.10252197845657819,
      "parent": "spine_01",
      "has_children": true,
      "is_end_bone": false
    },
    "head": {
      "name": "head",
      "local": {
        "location": {
          "x": 0.0,
          "y": 0.0,
          "z": 0.0
        },
        "rotation_quaternion": {
          "w": 0.990320086479187,
          "x": -0.027156420052051544,
          "y": -0.11852850019931793,
          "z": -0.06693030148744583
        },
        "scale": {
          "x": 1.0,
          "y": 1.0,
          "z": 1.0
        },
        "matrix_basis": [
          [
            0.9629426598548889,
            0.1390024572610855,
            -0.23112712800502777,
            0.0
          ],
          [
            -0.126127228140831,
            0.9895657300949097,
            0.06965339183807373,
            0.0
          ],
          [
            0.238397479057312,
            -0.03792079910635948,
            0.9704270362854004,
            0.0
          ],
          [
            0.0,
            0.0,
            0.0,
            1.0
          ]
        ],
        "rotation_mode": "QUATERNION"
      },
      "armature_space": {
        "head": {
          "x": -0.038728754967451096,
          "y": -0.037909675389528275,
          "z": 0.6579101085662842
        },
        "tail": {
          "x": 0.007116932421922684,
          "y": -0.019616911187767982,
          "z": 0.8049367666244507
        }
      },
      "world_space": {
        "head": {
          "x": -0.038728754967451096,
          "y": 0.025334324687719345,
          "z": 1.6077641248703003
        },
        "tail": {
          "x": 0.007116932421922684,
          "y": 0.043627090752124786,
          "z": 1.7547907829284668
        },
        "rotation_quaternion": {
          "w": 0.747589111328125,
          "x": 0.6315044164657593,
          "y": -0.009218588471412659,
          "z": -0.20549358427524567
        },
        "matrix": [
          [
            0.915374219417572,
            0.2956065833568573,
            -0.2733253538608551,
            -0.038728754967451096
          ],
          [
            -0.3188945949077606,
            0.11794918775558472,
            -0.9404224753379822,
            0.025334324687719345
          ],
          [
            -0.24575857818126678,
            0.9480072855949402,
            0.20223543047904968,
            1.6077641248703003
          ],
          [
            0.0,
            0.0,
            0.0,
            1.0
          ]
        ]
      },
      "bone_length_armature_space": 0.15509123456633045,
      "parent": "neck_01",
      "has_children": false,
      "is_end_bone": true
    },
    "upperarm_l": {
      "name": "upperarm_l",
      "local": {
        "location": {
          "x": 0.0,
          "y": 0.0,
          "z": 0.0
        },
        "rotation_quaternion": {
          "w": 0.8107937574386597,
          "x": 0.5623589158058167,
          "y": -0.08322205394506454,
          "z": -0.13942812383174896
        },
        "scale": {
          "x": 1.0,
          "y": 1.0,
          "z": 1.0
        },
        "matrix_basis": [
          [
            0.9472677707672119,
            0.13249357044696808,
            -0.2917691469192505,
            0.0
          ],
          [
            -0.31969624757766724,
            0.3286244869232178,
            -0.8887072205543518,
            0.0
          ],
          [
            -0.02186545357108116,
            0.9351211786270142,
            0.35365307331085205,
            0.0
          ],
          [
            0.0,
            0.0,
            0.0,
            1.0
          ]
        ],
        "rotation_mode": "QUATERNION"
      },
      "armature_space": {
        "head": {
          "x": 0.10367729514837265,
          "y": -0.021111590787768364,
          "z": 0.5081042647361755
        },
        "tail": {
          "x": 0.19473052024841309,
          "y": -0.27198994159698486,
          "z": 0.4840831160545349
        }
      },
      "world_space": {
        "head": {
          "x": 0.10367729514837265,
          "y": 0.042132407426834106,
          "z": 1.4579582214355469
        },
        "tail": {
          "x": 0.19473052024841309,
          "y": -0.20874594151973724,
          "z": 1.4339370727539062
        },
        "rotation_quaternion": {
          "w": 0.1084863469004631,
          "x": 0.6032238602638245,
          "y": 0.1418481320142746,
          "z": -0.7773229479789734
        },
        "matrix": [
          [
            -0.24870380759239197,
            0.33978962898254395,
            -0.9070224165916443,
            0.10367729514837265
          ],
          [
            0.002473810687661171,
            -0.936220109462738,
            -0.3514060080051422,
            0.042132407426834106
          ],
          [
            -0.9685832262039185,
            -0.08964136242866516,
            0.23200218379497528,
            1.4579582214355469
          ],
          [
            0.0,
            0.0,
            0.0,
            1.0
          ]
        ]
      },
      "bone_length_armature_space": 0.2679695165354884,
      "parent": "spine_01",
      "has_children": true,
      "is_end_bone": false
    },
    "lowerarm_l": {
      "name": "lowerarm_l",
      "local": {
        "location": {
          "x": 0.0,
          "y": 0.0,
          "z": 0.0
        },
        "rotation_quaternion": {
          "w": 0.9899033904075623,
          "x": 0.03315824642777443,
          "y": -0.0868385061621666,
          "z": 0.10700928419828415
        },
        "scale": {
          "x": 1.0,
          "y": 1.0,
          "z": 1.0
        },
        "matrix_basis": [
          [
            0.9620161652565002,
            -0.21761652827262878,
            -0.16482698917388916,
            0.0
          ],
          [
            0.20609888434410095,
            0.9748991131782532,
            -0.08423197269439697,
            0.0
          ],
          [
            0.17901994287967682,
            0.04706186801195145,
            0.9827191829681396,
            0.0
          ],
          [
            0.0,
            0.0,
            0.0,
            1.0
          ]
        ],
        "rotation_mode": "QUATERNION"
      },
      "armature_space": {
        "head": {
          "x": 0.19473055005073547,
          "y": -0.2719900608062744,
          "z": 0.48408323526382446
        },
        "tail": {
          "x": 0.2693220376968384,
          "y": -0.5216802358627319,
          "z": 0.5445837378501892
        }
      },
      "world_space": {
        "head": {
          "x": 0.19473055005073547,
          "y": -0.2087460607290268,
          "z": 1.4339373111724854
        },
        "tail": {
          "x": 0.2693220376968384,
          "y": -0.4584362506866455,
          "z": 1.4944376945495605
        },
        "rotation_quaternion": {
          "w": 0.18026061356067657,
          "x": 0.4904267489910126,
          "y": -0.02895018830895424,
          "z": -0.8521441221237183
        },
        "matrix": [
          [
            -0.45397523045539856,
            0.2788212299346924,
            -0.8462655544281006,
            0.19473055005073547
          ],
          [
            -0.3356126546859741,
            -0.9333357214927673,
            -0.1274707317352295,
            -0.2087460607290268
          ],
          [
            -0.8253973722457886,
            0.22614945471286774,
            0.5172907114028931,
            1.4339373111724854
          ],
          [
            0.0,
            0.0,
            0.0,
            1.0
          ]
        ]
      },
      "bone_length_armature_space": 0.2675245507235821,
      "parent": "upperarm_l",
      "has_children": true,
      "is_end_bone": false
    },
    "metacarpal_thumb_l": {
      "name": "metacarpal_thumb_l",
      "local": {
        "location": {
          "x": 0.0,
          "y": 0.0,
          "z": 0.0
        },
        "rotation_quaternion": {
          "w": 0.9990119934082031,
          "x": -0.043329864740371704,
          "y": -0.00040299718966707587,
          "z": 0.009866170585155487
        },
        "scale": {
          "x": 1.0,
          "y": 1.0,
          "z": 1.0
        },
        "matrix_basis": [
          [
            0.9998049736022949,
            -0.019677922129631042,
            -0.0016601977404206991,
            0.0
          ],
          [
            0.019747769460082054,
            0.9960503578186035,
            0.08656615763902664,
            0.0
          ],
          [
            -4.9801623390521854e-05,
            -0.08658206462860107,
            0.9962447285652161,
            0.0
          ],
          [
            0.0,
            0.0,
            0.0,
            1.0
          ]
        ],
        "rotation_mode": "QUATERNION"
      },
      "armature_space": {
        "head": {
          "x": 0.2693220376968384,
          "y": -0.5216802358627319,
          "z": 0.5445837378501892
        },
        "tail": {
          "x": 0.25267672538757324,
          "y": -0.5636012554168701,
          "z": 0.5650568008422852
        }
      },
      "world_space": {
        "head": {
          "x": 0.2693220376968384,
          "y": -0.4584362506866455,
          "z": 1.4944376945495605
        },
        "tail": {
          "x": 0.25267672538757324,
          "y": -0.5003572702407837,
          "z": 1.5149108171463013
        },
        "rotation_quaternion": {
          "w": 0.16953344643115997,
          "x": 0.9354873299598694,
          "y": -0.2193199098110199,
          "z": -0.21913622319698334
        },
        "matrix": [
          [
            0.8077560663223267,
            -0.3360406160354614,
            -0.4843624234199524,
            0.2693220376968384
          ],
          [
            -0.4846440851688385,
            -0.8463142514228821,
            -0.2210705578327179,
            -0.4584362506866455
          ],
          [
            -0.33563706278800964,
            0.41331642866134644,
            -0.8464817404747009,
            1.4944376945495605
          ],
          [
            0.0,
            0.0,
            0.0,
            1.0
          ]
        ]
      },
      "bone_length_armature_space": 0.04953367198727678,
      "parent": "lowerarm_l",
      "has_children": true,
      "is_end_bone": false
    },
    "thumb_01_l": {
      "name": "thumb_01_l",
      "local": {
        "location": {
          "x": 0.0,
          "y": 0.0,
          "z": 0.0
        },
        "rotation_quaternion": {
          "w": 0.9985195398330688,
          "x": -0.051759153604507446,
          "y": -0.00035178055986762047,
          "z": 0.01672208309173584
        },
        "scale": {
          "x": 1.0,
          "y": 1.0,
          "z": 1.0
        },
        "matrix_basis": [
          [
            0.9994404911994934,
            -0.03335823863744736,
            -0.0024335612542927265,
            0.0
          ],
          [
            0.03343106806278229,
            0.9940827488899231,
            0.10335328429937363,
            0.0
          ],
          [
            -0.0010285222670063376,
            -0.10337682068347931,
            0.9946417212486267,
            0.0
          ],
          [
            0.0,
            0.0,
            0.0,
            1.0
          ]
        ],
        "rotation_mode": "QUATERNION"
      },
      "armature_space": {
        "head": {
          "x": 0.25267672538757324,
          "y": -0.5636012554168701,
          "z": 0.5650568008422852
        },
        "tail": {
          "x": 0.22706133127212524,
          "y": -0.5835076570510864,
          "z": 0.5547508001327515
        }
      },
      "world_space": {
        "head": {
          "x": 0.25267672538757324,
          "y": -0.5003572702407837,
          "z": 1.5149108171463013
        },
        "tail": {
          "x": 0.22706133127212524,
          "y": -0.520263671875,
          "z": 1.5046048164367676
        },
        "rotation_quaternion": {
          "w": 0.11665117740631104,
          "x": 0.7132452130317688,
          "y": -0.4404337704181671,
          "z": 0.5326273441314697
        },
        "matrix": [
          [
            0.044650908559560776,
            -0.7525399923324585,
            0.6570312976837158,
            0.25267672538757324
          ],
          [
            -0.5040108561515808,
            -0.5848188996315002,
            -0.6355785131454468,
            -0.5003572702407837
          ],
          [
            0.862547755241394,
            -0.3027745485305786,
            -0.40540459752082825,
            1.5149108171463013
          ],
          [
            0.0,
            0.0,
            0.0,
            1.0
          ]
        ]
      },
      "bone_length_armature_space": 0.03403860900369887,
      "parent": "metacarpal_thumb_l",
      "has_children": true,
      "is_end_bone": false
    },
    "thumb_02_l": {
      "name": "thumb_02_l",
      "local": {
        "location": {
          "x": 0.0,
          "y": 0.0,
          "z": 0.0
        },
        "rotation_quaternion": {
          "w": 0.9987103939056396,
          "x": 0.050276484340429306,
          "y": 0.0070076691918075085,
          "z": 0.0009389389306306839
        },
        "scale": {
          "x": 1.0,
          "y": 1.0,
          "z": 1.0
        },
        "matrix_basis": [
          [
            0.9999000430107117,
            -0.0011708141537383199,
            0.014091677032411098,
            0.0
          ],
          [
            0.002580098109319806,
            0.9949427843093872,
            -0.10041013360023499,
            0.0
          ],
          [
            -0.01390285138040781,
            0.10043645650148392,
            0.9948463439941406,
            0.0
          ],
          [
            0.0,
            0.0,
            0.0,
            1.0
          ]
        ],
        "rotation_mode": "QUATERNION"
      },
      "armature_space": {
        "head": {
          "x": 0.22706131637096405,
          "y": -0.5835076570510864,
          "z": 0.5547507405281067
        },
        "tail": {
          "x": 0.23308536410331726,
          "y": -0.6225336194038391,
          "z": 0.5620900988578796
        }
      },
      "world_space": {
        "head": {
          "x": 0.22706131637096405,
          "y": -0.520263671875,
          "z": 1.5046048164367676
        },
        "tail": {
          "x": 0.23308536410331726,
          "y": -0.5592896342277527,
          "z": 1.511944055557251
        },
        "rotation_quaternion": {
          "w": 0.00910975318402052,
          "x": -0.5693573951721191,
          "y": -0.11869953572750092,
          "z": -0.8134246468544006
        },
        "matrix": [
          [
            -0.35149848461151123,
            0.14998477697372437,
            0.9240960478782654,
            0.22706131637096405
          ],
          [
            0.12034513056278229,
            -0.9716548919677734,
            0.20347949862480164,
            -0.520263671875
          ],
          [
            0.9284278750419617,
            0.1827332079410553,
            0.3234877288341522,
            1.5046048164367676
          ],
          [
            0.0,
            0.0,
            0.0,
            1.0
          ]
        ]
      },
      "bone_length_armature_space": 0.040164424747192104,
      "parent": "thumb_01_l",
      "has_children": true,
      "is_end_bone": false
    },
    "thumb_03_l": {
      "name": "thumb_03_l",
      "local": {
        "location": {
          "x": 0.0,
          "y": 0.0,
          "z": 0.0
        },
        "rotation_quaternion": {
          "w": 0.9961837530136108,
          "x": 0.08711370080709457,
          "y": -0.004588405601680279,
          "z": -0.002846368355676532
        },
        "scale": {
          "x": 1.0,
          "y": 1.0,
          "z": 1.0
        },
        "matrix_basis": [
          [
            0.9999417066574097,
            0.004871585872024298,
            -0.009637705981731415,
            0.0
          ],
          [
            -0.006470437627285719,
            0.9848061800003052,
            -0.17353639006614685,
            0.0
          ],
          [
            0.008645874448120594,
            0.17358863353729248,
            0.9847803115844727,
            0.0
          ],
          [
            0.0,
            0.0,
            0.0,
            1.0
          ]
        ],
        "rotation_mode": "QUATERNION"
      },
      "armature_space": {
        "head": {
          "x": 0.2330852746963501,
          "y": -0.6225335597991943,
          "z": 0.5620901584625244
        },
        "tail": {
          "x": 0.2500002682209015,
          "y": -0.646942138671875,
          "z": 0.5687980055809021
        }
      },
      "world_space": {
        "head": {
          "x": 0.2330852746963501,
          "y": -0.5592895746231079,
          "z": 1.5119441747665405
        },
        "tail": {
          "x": 0.2500002682209015,
          "y": -0.5836981534957886,
          "z": 1.5186519622802734
        },
        "rotation_quaternion": {
          "w": 0.21698981523513794,
          "x": -0.398181676864624,
          "y": -0.22814512252807617,
          "z": -0.8615779280662537
        },
        "matrix": [
          [
            -0.5887335538864136,
            0.5555943250656128,
            0.58711838722229,
            0.2330852746963501
          ],
          [
            -0.19222107529640198,
            -0.8017299771308899,
            0.565933108329773,
            -0.5592895746231079
          ],
          [
            0.7851448059082031,
            0.22032774984836578,
            0.5788069367408752,
            1.5119441747665405
          ],
          [
            0.0,
            0.0,
            0.0,
            1.0
          ]
        ]
      },
      "bone_length_armature_space": 0.030444883908133144,
      "parent": "thumb_02_l",
      "has_children": false,
      "is_end_bone": true
    },
    "metacarpal_index_l": {
      "name": "metacarpal_index_l",
      "local": {
        "location": {
          "x": 0.0,
          "y": 0.0,
          "z": 0.0
        },
        "rotation_quaternion": {
          "w": 0.9985055327415466,
          "x": -0.0539439432322979,
          "y": -0.004996359348297119,
          "z": -0.007199419662356377
        },
        "scale": {
          "x": 1.0,
          "y": 1.0,
          "z": 1.0
        },
        "matrix_basis": [
          [
            0.9998463988304138,
            0.014916367828845978,
            -0.009201054461300373,
            0.0
          ],
          [
            -0.013838274404406548,
            0.9940764307975769,
            0.10779859125614166,
            0.0
          ],
          [
            0.010754515416920185,
            -0.10765471309423447,
            0.9941301941871643,
            0.0
          ],
          [
            0.0,
            0.0,
            0.0,
            1.0
          ]
        ],
        "rotation_mode": "QUATERNION"
      },
      "armature_space": {
        "head": {
          "x": 0.2693220376968384,
          "y": -0.5216802358627319,
          "z": 0.5445837378501892
        },
        "tail": {
          "x": 0.2794717252254486,
          "y": -0.6303514242172241,
          "z": 0.5872076153755188
        }
      },
      "world_space": {
        "head": {
          "x": 0.2693220376968384,
          "y": -0.4584362506866455,
          "z": 1.4944376945495605
        },
        "tail": {
          "x": 0.2794717252254486,
          "y": -0.5671074390411377,
          "z": 1.5370616912841797
        },
        "rotation_quaternion": {
          "w": 0.1803920418024063,
          "x": 0.831570565700531,
          "y": -0.061097078025341034,
          "z": -0.5217434763908386
        },
        "matrix": [
          [
            0.44810226559638977,
            0.08662237972021103,
            -0.8897758722305298,
            0.2693220376968384
          ],
          [
            -0.28985002636909485,
            -0.9274519681930542,
            -0.23626253008842468,
            -0.4584362506866455
          ],
          [
            -0.8456961512565613,
            0.3637728989124298,
            -0.39048871397972107,
            1.4944376945495605
          ],
          [
            0.0,
            0.0,
            0.0,
            1.0
          ]
        ]
      },
      "bone_length_armature_space": 0.11717183289628756,
      "parent": "lowerarm_l",
      "has_children": true,
      "is_end_bone": false
    },
    "index_01_l": {
      "name": "index_01_l",
      "local": {
        "location": {
          "x": 0.0,
          "y": 0.0,
          "z": 0.0
        },
        "rotation_quaternion": {
          "w": 0.992501437664032,
          "x": -0.12151164561510086,
          "y": -0.013079931028187275,
          "z": 0.0021825607400387526
        },
        "scale": {
          "x": 1.0,
          "y": 1.0,
          "z": 1.0
        },
        "matrix_basis": [
          [
            0.9996483325958252,
            -0.0011536614038050175,
            -0.026494113728404045,
            0.0
          ],
          [
            0.0075111170299351215,
            0.9704602956771851,
            0.2411438673734665,
            0.0
          ],
          [
            0.025433287024497986,
            -0.24125805497169495,
            0.9701276421546936,
            0.0
          ],
          [
            0.0,
            0.0,
            0.0,
            1.0
          ]
        ],
        "rotation_mode": "QUATERNION"
      },
      "armature_space": {
        "head": {
          "x": 0.2794717252254486,
          "y": -0.6303514242172241,
          "z": 0.5872076153755188
        },
        "tail": {
          "x": 0.29505082964897156,
          "y": -0.6536009907722473,
          "z": 0.5926682353019714
        }
      },
      "world_space": {
        "head": {
          "x": 0.2794717252254486,
          "y": -0.5671074390411377,
          "z": 1.5370616912841797
        },
        "tail": {
          "x": 0.29505082964897156,
          "y": -0.5903570055961609,
          "z": 1.5425221920013428
        },
        "rotation_quaternion": {
          "w": 0.24198143184185028,
          "x": 0.794711709022522,
          "y": 0.18374787271022797,
          "z": -0.5254665613174438
        },
        "matrix": [
          [
            0.3802433907985687,
            0.5463595390319824,
            -0.7462616562843323,
            0.2794717252254486
          ],
          [
            0.037747062742710114,
            -0.8153634071350098,
            -0.5777178406715393,
            -0.5671074390411377
          ],
          [
            -0.9241224527359009,
            0.19150465726852417,
            -0.3306627869606018,
            1.5370616912841797
          ],
          [
            0.0,
            0.0,
            0.0,
            1.0
          ]
        ]
      },
      "bone_length_armature_space": 0.02851436876106326,
      "parent": "metacarpal_index_l",
      "has_children": true,
      "is_end_bone": false
    },
    "index_02_l": {
      "name": "index_02_l",
      "local": {
        "location": {
          "x": 0.0,
          "y": 0.0,
          "z": 0.0
        },
        "rotation_quaternion": {
          "w": 0.9987939596176147,
          "x": 0.04811649024486542,
          "y": -0.0069358013570308685,
          "z": -0.006877797655761242
        },
        "scale": {
          "x": 1.0,
          "y": 1.0,
          "z": 1.0
        },
        "matrix_basis": [
          [
            0.999809205532074,
            0.013071552850306034,
            -0.014516743831336498,
            0.0
          ],
          [
            -0.014406458474695683,
            0.9952750205993652,
            -0.09602151066064835,
            0.0
          ],
          [
            0.013193001970648766,
            0.09621232748031616,
            0.9952734112739563,
            0.0
          ],
          [
            0.0,
            0.0,
            0.0,
            1.0
          ]
        ],
        "rotation_mode": "QUATERNION"
      },
      "armature_space": {
        "head": {
          "x": 0.295050710439682,
          "y": -0.6536015272140503,
          "z": 0.5926684141159058
        },
        "tail": {
          "x": 0.30820274353027344,
          "y": -0.6753509044647217,
          "z": 0.5961437821388245
        }
      },
      "world_space": {
        "head": {
          "x": 0.295050710439682,
          "y": -0.5903575420379639,
          "z": 1.5425224304199219
        },
        "tail": {
          "x": 0.30820274353027344,
          "y": -0.6121069192886353,
          "z": 1.5459978580474854
        },
        "rotation_quaternion": {
          "w": 0.21428848803043365,
          "x": 0.7759363055229187,
          "y": 0.17369359731674194,
          "z": -0.5673040151596069
        },
        "matrix": [
          [
            0.2959933280944824,
            0.5126839280128479,
            -0.8059425354003906,
            0.295050710439682
          ],
          [
            0.026416907086968422,
            -0.847821831703186,
            -0.5296229124069214,
            -0.5903575420379639
          ],
          [
            -0.9548314213752747,
            0.13547436892986298,
            -0.2644954323768616,
            1.5425224304199219
          ],
          [
            0.0,
            0.0,
            0.0,
            1.0
          ]
        ]
      },
      "bone_length_armature_space": 0.025653256388431026,
      "parent": "index_01_l",
      "has_children": true,
      "is_end_bone": false
    },
    "index_03_l": {
      "name": "index_03_l",
      "local": {
        "location": {
          "x": 0.0,
          "y": 0.0,
          "z": 0.0
        },
        "rotation_quaternion": {
          "w": 0.9996078014373779,
          "x": 0.026621127501130104,
          "y": 0.005435628350824118,
          "z": 0.006782404147088528
        },
        "scale": {
          "x": 1.0,
          "y": 1.0,
          "z": 1.0
        },
        "matrix_basis": [
          [
            0.9998489022254944,
            -0.013270082883536816,
            0.011228103190660477,
            0.0
          ],
          [
            0.013848893344402313,
            0.9984906315803528,
            -0.05314764007925987,
            0.0
          ],
          [
            -0.01050588209182024,
            0.05329510569572449,
            0.9985235333442688,
            0.0
          ],
          [
            0.0,
            0.0,
            0.0,
            1.0
          ]
        ],
        "rotation_mode": "QUATERNION"
      },
      "armature_space": {
        "head": {
          "x": 0.3082028329372406,
          "y": -0.6753508448600769,
          "z": 0.5961438417434692
        },
        "tail": {
          "x": 0.3203414976596832,
          "y": -0.7019230723381042,
          "z": 0.5966932773590088
        }
      },
      "world_space": {
        "head": {
          "x": 0.3082028329372406,
          "y": -0.6121068596839905,
          "z": 1.5459978580474854
        },
        "tail": {
          "x": 0.3203414976596832,
          "y": -0.6386790871620178,
          "z": 1.546547293663025
        },
        "rotation_quaternion": {
          "w": 0.128667414188385,
          "x": 0.8041884899139404,
          "y": 0.16950510442256927,
          "z": -0.5549716949462891
        },
        "matrix": [
          [
            0.32654866576194763,
            0.4154423773288727,
            -0.8489840030670166,
            0.3082028329372406
          ],
          [
            0.12981455028057098,
            -0.9094250798225403,
            -0.39508771896362305,
            -0.6121068596839905
          ],
          [
            -0.9362298250198364,
            0.018804075196385384,
            -0.35090476274490356,
            1.5459978580474854
          ],
          [
            0.0,
            0.0,
            0.0,
            1.0
          ]
        ]
      },
      "bone_length_armature_space": 0.02921869804749358,
      "parent": "index_02_l",
      "has_children": false,
      "is_end_bone": true
    },
    "metacarpal_pinky_l": {
      "name": "metacarpal_pinky_l",
      "local": {
        "location": {
          "x": 0.0,
          "y": 0.0,
          "z": 0.0
        },
        "rotation_quaternion": {
          "w": 0.9997986555099487,
          "x": -0.007675934582948685,
          "y": -0.018417377024888992,
          "z": -0.002117430791258812
        },
        "scale": {
          "x": 1.0,
          "y": 1.0,
          "z": 1.0
        },
        "matrix_basis": [
          [
            0.9993126392364502,
            0.004516750108450651,
            -0.03679483011364937,
            0.0
          ],
          [
            -0.003951267804950476,
            0.9998732209205627,
            0.015426773577928543,
            0.0
          ],
          [
            0.036859843879938126,
            -0.015270783565938473,
            0.9992037415504456,
            0.0
          ],
          [
            0.0,
            0.0,
            0.0,
            1.0
          ]
        ],
        "rotation_mode": "QUATERNION"
      },
      "armature_space": {
        "head": {
          "x": 0.2693220376968384,
          "y": -0.5216802358627319,
          "z": 0.5445837378501892
        },
        "tail": {
          "x": 0.32271063327789307,
          "y": -0.610981285572052,
          "z": 0.5488487482070923
        }
      },
      "world_space": {
        "head": {
          "x": 0.2693220376968384,
          "y": -0.4584362506866455,
          "z": 1.4944376945495605
        },
        "tail": {
          "x": 0.32271063327789307,
          "y": -0.5477373003959656,
          "z": 1.4987027645111084
        },
        "rotation_quaternion": {
          "w": 0.25821706652641296,
          "x": -0.16806763410568237,
          "y": -0.06731178611516953,
          "z": -0.9489712119102478
        },
        "matrix": [
          [
            -0.8101544976234436,
            0.5127072930335999,
            0.2842203378677368,
            0.2693220376968384
          ],
          [
            -0.46745535731315613,
            -0.8575859069824219,
            0.21455079317092896,
            -0.4584362506866455
          ],
          [
            0.3537472188472748,
            0.04095835238695145,
            0.9344514608383179,
            1.4944376945495605
          ],
          [
            0.0,
            0.0,
            0.0,
            1.0
          ]
        ]
      },
      "bone_length_armature_space": 0.1041307356627696,
      "parent": "lowerarm_l",
      "has_children": true,
      "is_end_bone": false
    },
    "pinky_01_l": {
      "name": "pinky_01_l",
      "local": {
        "location": {
          "x": 0.0,
          "y": 0.0,
          "z": 0.0
        },
        "rotation_quaternion": {
          "w": 0.9913482666015625,
          "x": -0.12828899919986725,
          "y": -0.02771681174635887,
          "z": 0.0015558155719190836
        },
        "scale": {
          "x": 1.0,
          "y": 1.0,
          "z": 1.0
        },
        "matrix_basis": [
          [
            0.998458743095398,
            0.0040268138982355595,
            -0.05535321310162544,
            0.0
          ],
          [
            0.010196234099566936,
            0.9670790433883667,
            0.25427189469337463,
            0.0
          ],
          [
            0.05455483868718147,
            -0.2544443905353546,
            0.9655474424362183,
            0.0
          ],
          [
            0.0,
            0.0,
            0.0,
            1.0
          ]
        ],
        "rotation_mode": "QUATERNION"
      },
      "armature_space": {
        "head": {
          "x": 0.32271063327789307,
          "y": -0.610981285572052,
          "z": 0.5488487482070923
        },
