{
  "metadata": {
    "armature_name": "KIM_caucasian_male",
    "export_time": "2026-01-13T21:15:48.626039",
    "blender_version": "4.4.1",
    "bone_count": 56,
    "end_bone_count": 13,
    "spaces_included": [
      "LOCAL_CHANNELS",
      "ARMATURE_SPACE",
      "WORLD_SPACE"
    ],
    "note": "LOCAL matches Transform panel; replay pose via local.matrix_basis for best fidelity."
  },
  "bones": {
    "Root": {
      "name": "Root",
      "local": {
        "location": {
          "x": 0.0,
          "y": 0.0,
          "z": 0.0
        },
        "rotation_quaternion": {
          "w": 0.9996340274810791,
          "x": -0.012010088190436363,
          "y": 0.009718029759824276,
          "z": -0.022206822410225868
        },
        "scale": {
          "x": 1.0,
          "y": 1.0,
          "z": 1.0
        },
        "matrix_basis": [
          [
            0.9988248348236084,
            0.044163960963487625,
            0.019962357357144356,
            0.0
          ],
          [
            -0.04463081806898117,
            0.9987252354621887,
            0.02357977256178856,
            0.0
          ],
          [
            -0.018895534798502922,
            -0.024442998692393303,
            0.9995226263999939,
            0.0
          ],
          [
            0.0,
            0.0,
            0.0,
            1.0
          ]
        ],
        "rotation_mode": "QUATERNION"
      },
      "armature_space": {
        "head": {
          "x": 0.0,
          "y": 0.07072800397872925,
          "z": -0.009595036506652832
        },
        "tail": {
          "x": 0.003152240999042988,
          "y": 0.00032469630241394043,
          "z": 0.001716584898531437
        }
      },
      "world_space": {
        "head": {
          "x": 0.0,
          "y": 0.13397200405597687,
          "z": 0.9402589797973633
        },
        "tail": {
          "x": 0.003152240999042988,
          "y": 0.06356869637966156,
          "z": 0.9515706300735474
        },
        "rotation_quaternion": {
          "w": 0.07932581007480621,
          "x": 0.9965540766716003,
          "y": 0.022811058908700943,
          "z": 0.00819992646574974
        },
        "matrix": [
          [
            0.9988248348236084,
            0.044163960963487625,
            0.019962357357144356,
            0.0
          ],
          [
            0.04676583409309387,
            -0.9863740801811218,
            -0.15773126482963562,
            0.13397200405597687
          ],
          [
            0.01272444985806942,
            0.15847963094711304,
            -0.9872873425483704,
            0.9402589797973633
          ],
          [
            0.0,
            0.0,
            0.0,
            1.0
          ]
        ]
      },
      "bone_length_armature_space": 0.07137587316296033,
      "parent": null,
      "has_children": true,
      "is_end_bone": false
    },
    "spine_01": {
      "name": "spine_01",
      "local": {
        "location": {
          "x": 0.0,
          "y": 0.0,
          "z": 0.0
        },
        "rotation_quaternion": {
          "w": 0.9969924688339233,
          "x": 0.022849151864647865,
          "y": 0.023643886670470238,
          "z": 0.07017891854047775
        },
        "scale": {
          "x": 1.0,
          "y": 1.0,
          "z": 1.0
        },
        "matrix_basis": [
          [
            0.9890317916870117,
            -0.1388552188873291,
            0.050352610647678375,
            0.0
          ],
          [
            0.1410161852836609,
            0.9891056418418884,
            -0.04224225878715515,
            0.0
          ],
          [
            -0.043938495218753815,
            0.0488794706761837,
            0.9978377819061279,
            0.0
          ],
          [
            0.0,
            0.0,
            0.0,
            1.0
          ]
        ],
        "rotation_mode": "QUATERNION"
      },
      "armature_space": {
        "head": {
          "x": 0.003152240999042988,
          "y": 0.00032469630241394043,
          "z": 0.001716584898531437
        },
        "tail": {
          "x": -0.07116129994392395,
          "y": 0.007344435900449753,
          "z": 0.48397862911224365
        }
      },
      "world_space": {
        "head": {
          "x": 0.003152240999042988,
          "y": 0.06356869637966156,
          "z": 0.9515706300735474
        },
        "tail": {
          "x": -0.07116129994392395,
          "y": 0.07058843970298767,
          "z": 1.4338326454162598
        },
        "rotation_quaternion": {
          "w": 0.7119264602661133,
          "x": 0.6963924169540405,
          "y": -0.018785329535603523,
          "z": 0.08857487142086029
        },
        "matrix": [
          [
            0.9836031198501587,
            -0.15228146314620972,
            0.09661920368671417,
            0.003152240999042988
          ],
          [
            0.099954754114151,
            0.014384675770998001,
            -0.9948880672454834,
            0.06356869637966156
          ],
          [
            0.15011431276798248,
            0.9882394075393677,
            0.029369354248046875,
            0.9515706300735474
          ],
          [
            0.0,
            0.0,
            0.0,
            1.0
          ]
        ]
      },
      "bone_length_armature_space": 0.4880045722049873,
      "parent": "Root",
      "has_children": true,
      "is_end_bone": false
    },
    "neck_01": {
      "name": "neck_01",
      "local": {
        "location": {
          "x": 0.0,
          "y": 0.0,
          "z": 0.0
        },
        "rotation_quaternion": {
          "w": 0.990140438079834,
          "x": -0.12918691337108612,
          "y": 0.034118760377168655,
          "z": 0.042054545134305954
        },
        "scale": {
          "x": 1.0,
          "y": 1.0,
          "z": 1.0
        },
        "matrix_basis": [
          [
            0.9941346645355225,
            -0.09209520369768143,
            0.056698933243751526,
            0.0
          ],
          [
            0.07446441799402237,
            0.96308434009552,
            0.2586960792541504,
            0.0
          ],
          [
            -0.07843052595853806,
            -0.25295668840408325,
            0.9642933011054993,
            0.0
          ],
          [
            0.0,
            0.0,
            0.0,
            1.0
          ]
        ],
        "rotation_mode": "QUATERNION"
      },
      "armature_space": {
        "head": {
          "x": -0.07896031439304352,
          "y": -0.026105498895049095,
          "z": 0.5573545694351196
        },
        "tail": {
          "x": -0.10230755805969238,
          "y": -0.03902587667107582,
          "z": 0.6563431024551392
        }
      },
      "world_space": {
        "head": {
          "x": -0.07896031439304352,
          "y": 0.037138499319553375,
          "z": 1.5072085857391357
        },
        "tail": {
          "x": -0.10230755805969238,
          "y": 0.0242181234061718,
          "z": 1.6061971187591553
        },
        "rotation_quaternion": {
          "w": 0.6604282855987549,
          "x": 0.7370848059654236,
          "y": -0.028659287840127945,
          "z": 0.14042550325393677
        },
        "matrix": [
          [
            0.9589188694953918,
            -0.22773058712482452,
            0.16915473341941833,
            -0.07896031439304352
          ],
          [
            0.14323186874389648,
            -0.1260262429714203,
            -0.9816325306892395,
            0.037138499319553375
          ],
          [
            0.2448675036430359,
            0.9655407667160034,
            -0.08823224902153015,
            1.5072085857391357
          ],
          [
            0.0,
            0.0,
            0.0,
            1.0
          ]
        ]
      },
      "bone_length_armature_space": 0.1025219964119195,
      "parent": "spine_01",
      "has_children": true,
      "is_end_bone": false
    },
    "head": {
      "name": "head",
      "local": {
        "location": {
          "x": 0.0,
          "y": 0.0,
          "z": 0.0
        },
        "rotation_quaternion": {
          "w": 0.9599753618240356,
          "x": -0.16320586204528809,
          "y": -0.06789541989564896,
          "z": 0.2172587513923645
        },
        "scale": {
          "x": 1.0,
          "y": 1.0,
          "z": 1.0
        },
        "matrix_basis": [
          [
            0.896377682685852,
            -0.3949642479419708,
            -0.2012716680765152,
            0.0
          ],
          [
            0.4392879605293274,
            0.8523249626159668,
            0.283845454454422,
            0.0
          ],
          [
            0.05944005772471428,
            -0.3428489565849304,
            0.9375081062316895,
            0.0
          ],
          [
            0.0,
            0.0,
            0.0,
            1.0
          ]
        ],
        "rotation_mode": "QUATERNION"
      },
      "armature_space": {
        "head": {
          "x": -0.1023075133562088,
          "y": -0.03902602195739746,
          "z": 0.6563430428504944
        },
        "tail": {
          "x": -0.20113465189933777,
          "y": 0.034843407571315765,
          "z": 0.7503091096878052
        }
      },
      "world_space": {
        "head": {
          "x": -0.1023075133562088,
          "y": 0.02421797811985016,
          "z": 1.6061971187591553
        },
        "tail": {
          "x": -0.20113465189933777,
          "y": 0.09808740764856339,
          "z": 1.7001631259918213
        },
        "rotation_quaternion": {
          "w": 0.8191746473312378,
          "x": 0.4480023682117462,
          "y": -0.2590414881706238,
          "z": 0.24727384746074677
        },
        "matrix": [
          [
            0.7435064911842346,
            -0.6372236013412476,
            -0.20284053683280945,
            -0.1023075133562088
          ],
          [
            0.17302094399929047,
            0.4762997329235077,
            -0.8620920181274414,
            0.02421797811985016
          ],
          [
            0.6459628939628601,
            0.6058800220489502,
            0.4643872380256653,
            1.6061971187591553
          ],
          [
            0.0,
            0.0,
            0.0,
            1.0
          ]
        ]
      },
      "bone_length_armature_space": 0.15509067431775797,
      "parent": "neck_01",
      "has_children": false,
      "is_end_bone": true
    },
    "upperarm_l": {
      "name": "upperarm_l",
      "local": {
        "location": {
          "x": 0.0,
          "y": 0.0,
          "z": 0.0
        },
        "rotation_quaternion": {
          "w": 0.6853999495506287,
          "x": 0.3836685121059418,
          "y": 0.46263018250465393,
          "z": 0.41109463572502136
        },
        "scale": {
          "x": 1.0,
          "y": 1.0,
          "z": 1.0
        },
        "matrix_basis": [
          [
            0.23394903540611267,
            -0.20853522419929504,
            0.9496215581893921,
            0.0
          ],
          [
            0.9185217618942261,
            0.36759933829307556,
            -0.14556318521499634,
            0.0
          ],
          [
            -0.3187252879142761,
            0.9063023328781128,
            0.2775435745716095,
            0.0
          ],
          [
            0.0,
            0.0,
            0.0,
            1.0
          ]
        ],
        "rotation_mode": "QUATERNION"
      },
      "armature_space": {
        "head": {
          "x": 0.07912278920412064,
          "y": -0.015251867473125458,
          "z": 0.5135480165481567
        },
        "tail": {
          "x": 0.20233193039894104,
          "y": -0.24252399802207947,
          "z": 0.5840786695480347
        }
      },
      "world_space": {
        "head": {
          "x": 0.07912278920412064,
          "y": 0.04799213260412216,
          "z": 1.4634020328521729
        },
        "tail": {
          "x": 0.20233193039894104,
          "y": -0.17927999794483185,
          "z": 1.5339326858520508
        },
        "rotation_quaternion": {
          "w": 0.14346860349178314,
          "x": 0.9609139561653137,
          "y": 0.23527269065380096,
          "z": -0.026606485247612
        },
        "matrix": [
          [
            0.8878777623176575,
            0.4597880244255066,
            0.016375798732042313,
            0.07912278920412064
          ],
          [
            0.4445194602012634,
            -0.8481270670890808,
            -0.288241982460022,
            0.04799213260412216
          ],
          [
            -0.11864188313484192,
            0.26320406794548035,
            -0.9574247002601624,
            1.4634020328521729
          ],
          [
            0.0,
            0.0,
            0.0,
            1.0
          ]
        ]
      },
      "bone_length_armature_space": 0.2679695569379351,
      "parent": "spine_01",
      "has_children": true,
      "is_end_bone": false
    },
    "lowerarm_l": {
      "name": "lowerarm_l",
      "local": {
        "location": {
          "x": 0.0,
          "y": 0.0,
          "z": 0.0
        },
        "rotation_quaternion": {
          "w": 0.9505785703659058,
          "x": 0.16876815259456635,
          "y": -0.12983928620815277,
          "z": 0.22596375644207
        },
        "scale": {
          "x": 1.0,
          "y": 1.0,
          "z": 1.0
        },
        "matrix_basis": [
          [
            0.8641642928123474,
            -0.47341808676719666,
            -0.17057392001152039,
            0.0
          ],
          [
            0.3857671320438385,
            0.8409153819084167,
            -0.37953272461891174,
            0.0
          ],
          [
            0.32311585545539856,
            0.26217684149742126,
            0.9093181490898132,
            0.0
          ],
          [
            0.0,
            0.0,
            0.0,
            1.0
          ]
        ],
        "rotation_mode": "QUATERNION"
      },
      "armature_space": {
        "head": {
          "x": 0.20233187079429626,
          "y": -0.2425241470336914,
          "z": 0.5840786695480347
        },
        "tail": {
          "x": 0.16511709988117218,
          "y": -0.507445752620697,
          "z": 0.5830958485603333
        }
      },
      "world_space": {
        "head": {
          "x": 0.20233187079429626,
          "y": -0.1792801469564438,
          "z": 1.5339326858520508
        },
        "tail": {
          "x": 0.16511709988117218,
          "y": -0.4442017674446106,
          "z": 1.5329499244689941
        },
        "rotation_quaternion": {
          "w": 0.018145617097616196,
          "x": -0.969728946685791,
          "y": 0.06734627485275269,
          "z": 0.23401080071926117
        },
        "matrix": [
          [
            0.8814069628715515,
            -0.13910791277885437,
            -0.4514099657535553,
            0.20233187079429626
          ],
          [
            -0.12212282419204712,
            -0.9902705550193787,
            0.06671184301376343,
            -0.1792801469564438
          ],
          [
            -0.4563014507293701,
            -0.003673851490020752,
            -0.8898257613182068,
            1.5339326858520508
          ],
          [
            0.0,
            0.0,
            0.0,
            1.0
          ]
        ]
      },
      "bone_length_armature_space": 0.26752450554050083,
      "parent": "upperarm_l",
      "has_children": true,
      "is_end_bone": false
    },
    "metacarpal_thumb_l": {
      "name": "metacarpal_thumb_l",
      "local": {
        "location": {
          "x": 0.0,
          "y": 0.0,
          "z": 0.0
        },
        "rotation_quaternion": {
          "w": 0.999615490436554,
          "x": -0.02752055414021015,
          "y": 0.0019636978395283222,
          "z": 0.0027699582278728485
        },
        "scale": {
          "x": 1.0,
          "y": 1.0,
          "z": 1.0
        },
        "matrix_basis": [
          [
            0.9999769330024719,
            -0.005645870231091976,
            0.0037734240759164095,
            0.0
          ],
          [
            0.005429702345281839,
            0.998469889163971,
            0.05503082275390625,
            0.0
          ],
          [
            -0.004078347235918045,
            -0.05500906705856323,
            0.9984775185585022,
            0.0
          ],
          [
            0.0,
            0.0,
            0.0,
            1.0
          ]
        ],
        "rotation_mode": "QUATERNION"
      },
      "armature_space": {
        "head": {
          "x": 0.16511709988117218,
          "y": -0.507445752620697,
          "z": 0.5830958485603333
        },
        "tail": {
          "x": 0.151934415102005,
          "y": -0.5451948046684265,
          "z": 0.5538585186004639
        }
      },
      "world_space": {
        "head": {
          "x": 0.16511709988117218,
          "y": -0.4442017674446106,
          "z": 1.5329499244689941
        },
        "tail": {
          "x": 0.151934415102005,
          "y": -0.4819508194923401,
          "z": 1.50371253490448
        },
        "rotation_quaternion": {
          "w": 0.19127899408340454,
          "x": -0.795600175857544,
          "y": 0.28699761629104614,
          "z": -0.49806129932403564
        },
        "matrix": [
          [
            0.33913442492485046,
            -0.26613593101501465,
            0.90230792760849,
            0.16511709988117218
          ],
          [
            -0.6472082138061523,
            -0.7620892524719238,
            0.01847631111741066,
            -0.4442017674446106
          ],
          [
            0.6827263236045837,
            -0.5902518630027771,
            -0.4306991398334503,
            1.5329499244689941
          ],
          [
            0.0,
            0.0,
            0.0,
            1.0
          ]
        ]
      },
      "bone_length_armature_space": 0.049533782300884975,
      "parent": "lowerarm_l",
      "has_children": true,
      "is_end_bone": false
    },
    "thumb_01_l": {
      "name": "thumb_01_l",
      "local": {
        "location": {
          "x": 0.0,
          "y": 0.0,
          "z": 0.0
        },
        "rotation_quaternion": {
          "w": 0.9602742791175842,
          "x": 0.2779122292995453,
          "y": -0.02508307620882988,
          "z": 0.002982483711093664
        },
        "scale": {
          "x": 1.0,
          "y": 1.0,
          "z": 1.0
        },
        "matrix_basis": [
          [
            0.9987238645553589,
            -0.01966979168355465,
            -0.04651552811264992,
            0.0
          ],
          [
            -0.00821378268301487,
            0.845511794090271,
            -0.5338935256004333,
            0.0
          ],
          [
            0.049831002950668335,
            0.5335943102836609,
            0.8442712426185608,
            0.0
          ],
          [
            0.0,
            0.0,
            0.0,
            1.0
          ]
        ],
        "rotation_mode": "QUATERNION"
      },
      "armature_space": {
        "head": {
          "x": 0.151934415102005,
          "y": -0.5451948046684265,
          "z": 0.5538585186004639
        },
        "tail": {
          "x": 0.17263057827949524,
          "y": -0.5694332122802734,
          "z": 0.5419088006019592
        }
      },
      "world_space": {
        "head": {
          "x": 0.151934415102005,
          "y": -0.4819508194923401,
          "z": 1.50371253490448
        },
        "tail": {
          "x": 0.17263057827949524,
          "y": -0.506189227104187,
          "z": 1.4917628765106201
        },
        "rotation_quaternion": {
          "w": 0.3289852440357208,
          "x": -0.0019825671333819628,
          "y": 0.18901211023330688,
          "z": -0.9252239465713501
        },
        "matrix": [
          [
            -0.7835292816162109,
            0.6080206036567688,
            0.12803393602371216,
            0.151934415102005
          ],
          [
            -0.6095199584960938,
            -0.7120862007141113,
            -0.34845176339149475,
            -0.4819508194923401
          ],
          [
            -0.12069593369960785,
            -0.3510645627975464,
            0.9285475015640259,
            1.50371253490448
          ],
          [
            0.0,
            0.0,
            0.0,
            1.0
          ]
        ]
      },
      "bone_length_armature_space": 0.0340386153095009,
      "parent": "metacarpal_thumb_l",
      "has_children": true,
      "is_end_bone": false
    },
    "thumb_02_l": {
      "name": "thumb_02_l",
      "local": {
        "location": {
          "x": 0.0,
          "y": 0.0,
          "z": 0.0
        },
        "rotation_quaternion": {
          "w": 0.8933548927307129,
          "x": 0.44926249980926514,
          "y": -0.004312725737690926,
          "z": -0.00785596389323473
        },
        "scale": {
          "x": 1.0,
          "y": 1.0,
          "z": 1.0
        },
        "matrix_basis": [
          [
            0.9998393654823303,
            0.010161235928535461,
            -0.01476436946541071,
            0.0
          ],
          [
            -0.01791141927242279,
            0.5962029695510864,
            -0.8026339411735535,
            0.0
          ],
          [
            0.0006468093488365412,
            0.8027694821357727,
            0.5962892174720764,
            0.0
          ],
          [
            0.0,
            0.0,
            0.0,
            1.0
          ]
        ],
        "rotation_mode": "QUATERNION"
      },
      "armature_space": {
        "head": {
          "x": 0.17263059318065643,
          "y": -0.5694331526756287,
          "z": 0.5419087409973145
        },
        "tail": {
          "x": 0.1473451554775238,
          "y": -0.5822311639785767,
          "z": 0.570370078086853
        }
      },
      "world_space": {
        "head": {
          "x": 0.17263059318065643,
          "y": -0.5061891674995422,
          "z": 1.4917627573013306
        },
        "tail": {
          "x": 0.1473451554775238,
          "y": -0.5189871788024902,
          "z": 1.5202240943908691
        },
        "rotation_quaternion": {
          "w": 0.17304305732250214,
          "x": -0.33508366346359253,
          "y": 0.5574374198913574,
          "z": 0.7396206855773926
        },
        "matrix": [
          [
            -0.7155507802963257,
            -0.6295485496520996,
            -0.3027470111846924,
            0.17263059318065643
          ],
          [
            -0.11760131269693375,
            -0.31864050030708313,
            0.9405519962310791,
            -0.5061891674995422
          ],
          [
            -0.6885955929756165,
            0.7086210250854492,
            0.1539696604013443,
            1.4917627573013306
          ],
          [
            0.0,
            0.0,
            0.0,
            1.0
          ]
        ]
      },
      "bone_length_armature_space": 0.04016453882894055,
      "parent": "thumb_01_l",
      "has_children": true,
      "is_end_bone": false
    },
    "thumb_03_l": {
      "name": "thumb_03_l",
      "local": {
        "location": {
          "x": 0.0,
          "y": 0.0,
          "z": 0.0
        },
        "rotation_quaternion": {
          "w": 0.9899023175239563,
          "x": 0.1415427327156067,
          "y": 0.003737793304026127,
          "z": -0.00673172902315855
        },
        "scale": {
          "x": 1.0,
          "y": 1.0,
          "z": 1.0
        },
        "matrix_basis": [
          [
            0.9998814463615417,
            0.014385622926056385,
            0.005494446028023958,
            0.0
          ],
          [
            -0.012269393540918827,
            0.9598406553268433,
            -0.280277281999588,
            0.0
          ],
          [
            -0.009305755607783794,
            0.28017663955688477,
            0.959903359413147,
            0.0
          ],
          [
            0.0,
            0.0,
            0.0,
            1.0
          ]
        ],
        "rotation_mode": "QUATERNION"
      },
      "armature_space": {
        "head": {
          "x": 0.1473451554775238,
          "y": -0.5822312235832214,
          "z": 0.5703700184822083
        },
        "tail": {
          "x": 0.1268940269947052,
          "y": -0.5759215354919434,
          "z": 0.5920226573944092
        }
      },
      "world_space": {
        "head": {
          "x": 0.1473451554775238,
          "y": -0.518987238407135,
          "z": 1.5202240943908691
        },
        "tail": {
          "x": 0.1268940269947052,
          "y": -0.5126775503158569,
          "z": 1.5418766736984253
        },
        "rotation_quaternion": {
          "w": 0.08113493025302887,
          "x": -0.3821425139904022,
          "y": 0.772685170173645,
          "z": 0.5003417730331421
        },
        "matrix": [
          [
            -0.69476717710495,
            -0.6717425584793091,
            -0.2570226788520813,
            0.1473451554775238
          ],
          [
            -0.5093640685081482,
            0.2072497010231018,
            0.8352220058441162,
            -0.518987238407135
          ],
          [
            -0.5077903270721436,
            0.711208164691925,
            -0.48615458607673645,
            1.5202240943908691
          ],
          [
            0.0,
            0.0,
            0.0,
            1.0
          ]
        ]
      },
      "bone_length_armature_space": 0.030444992766908173,
      "parent": "thumb_02_l",
      "has_children": false,
      "is_end_bone": true
    },
    "metacarpal_index_l": {
      "name": "metacarpal_index_l",
      "local": {
        "location": {
          "x": 0.0,
          "y": 0.0,
          "z": 0.0
        },
        "rotation_quaternion": {
          "w": 0.9996380805969238,
          "x": -0.025625498965382576,
          "y": 0.00018002420256379992,
          "z": 0.008191618137061596
        },
        "scale": {
          "x": 1.0,
          "y": 1.0,
          "z": 1.0
        },
        "matrix_basis": [
          [
            0.999865710735321,
            -0.01638653315603733,
            -5.991050784359686e-05,
            0.0
          ],
          [
            0.0163680799305439,
            0.9985524415969849,
            0.05123540014028549,
            0.0
          ],
          [
            -0.0007797466823831201,
            -0.05122949928045273,
            0.9986866116523743,
            0.0
          ],
          [
            0.0,
            0.0,
            0.0,
            1.0
          ]
        ],
        "rotation_mode": "QUATERNION"
      },
      "armature_space": {
        "head": {
          "x": 0.16511709988117218,
          "y": -0.507445752620697,
          "z": 0.5830958485603333
        },
        "tail": {
          "x": 0.13412992656230927,
          "y": -0.6162310242652893,
          "z": 0.552521288394928
        }
      },
      "world_space": {
        "head": {
          "x": 0.16511709988117218,
          "y": -0.4442017674446106,
          "z": 1.5329499244689941
        },
        "tail": {
          "x": 0.13412992656230927,
          "y": -0.5529870390892029,
          "z": 1.5023753643035889
        },
        "rotation_quaternion": {
          "w": 0.09610441327095032,
          "x": -0.9524264335632324,
          "y": 0.16294537484645844,
          "z": -0.2389490157365799
        },
        "matrix": [
          [
            0.8327041864395142,
            -0.264459490776062,
            0.48648229241371155,
            0.16511709988117218
          ],
          [
            -0.356315016746521,
            -0.928425669670105,
            0.1051924079656601,
            -0.4442017674446106
          ],
          [
            0.42384615540504456,
            -0.26093789935112,
            -0.8673409819602966,
            1.5329499244689941
          ],
          [
            0.0,
            0.0,
            0.0,
            1.0
          ]
        ]
      },
      "bone_length_armature_space": 0.11717185497158181,
      "parent": "lowerarm_l",
      "has_children": true,
      "is_end_bone": false
    },
    "index_01_l": {
      "name": "index_01_l",
      "local": {
        "location": {
          "x": 0.0,
          "y": 0.0,
          "z": 0.0
        },
        "rotation_quaternion": {
          "w": 0.9548768997192383,
          "x": 0.2969585061073303,
          "y": -0.0018848704639822245,
          "z": 0.004712020978331566
        },
        "scale": {
          "x": 1.0,
          "y": 1.0,
          "z": 1.0
        },
        "matrix_basis": [
          [
            0.9999485015869141,
            -0.010118256323039532,
            -0.000801089103333652,
            0.0
          ],
          [
            0.007879342883825302,
            0.8235868811607361,
            -0.5671353936195374,
            0.0
          ],
          [
            0.006398187950253487,
            0.5670998692512512,
            0.8236241936683655,
            0.0
          ],
          [
            0.0,
            0.0,
            0.0,
            1.0
          ]
        ],
        "rotation_mode": "QUATERNION"
      },
      "armature_space": {
        "head": {
          "x": 0.13412992656230927,
          "y": -0.6162310242652893,
          "z": 0.552521288394928
        },
        "tail": {
          "x": 0.14134898781776428,
          "y": -0.6401575803756714,
          "z": 0.5387925505638123
        }
      },
      "world_space": {
        "head": {
          "x": 0.13412992656230927,
          "y": -0.5529870390892029,
          "z": 1.5023753643035889
        },
        "tail": {
          "x": 0.14134898781776428,
          "y": -0.576913595199585,
          "z": 1.4886465072631836
        },
        "rotation_quaternion": {
          "w": 0.27654871344566345,
          "x": -0.9266729950904846,
          "y": -0.06299933046102524,
          "z": -0.24663546681404114
        },
        "matrix": [
          [
            0.8704044818878174,
            0.25317278504371643,
            0.42225563526153564,
            0.13412992656230927
          ],
          [
            -0.019653165712952614,
            -0.8391042351722717,
            0.5436156392097473,
            -0.5529870390892029
          ],
          [
            0.4919486343860626,
            -0.4814683794975281,
            -0.7253890037536621,
            1.5023753643035889
          ],
          [
            0.0,
            0.0,
            0.0,
            1.0
          ]
        ]
      },
      "bone_length_armature_space": 0.028514437975329376,
      "parent": "metacarpal_index_l",
      "has_children": true,
      "is_end_bone": false
    },
    "index_02_l": {
      "name": "index_02_l",
      "local": {
        "location": {
          "x": 0.0,
          "y": 0.0,
          "z": 0.0
        },
        "rotation_quaternion": {
          "w": 0.9065569043159485,
          "x": 0.4220707416534424,
          "y": -0.0029290129896253347,
          "z": 0.001511501264758408
        },
        "scale": {
          "x": 1.0,
          "y": 1.0,
          "z": 1.0
        },
        "matrix_basis": [
          [
            0.999978244304657,
            -0.005213025026023388,
            -0.004034712910652161,
            0.0
          ],
          [
            0.00026802244246937335,
            0.6437079906463623,
            -0.7652711272239685,
            0.0
          ],
          [
            0.006586554925888777,
            0.7652534246444702,
            0.6436954140663147,
            0.0
          ],
          [
            0.0,
            0.0,
            0.0,
            1.0
          ]
        ],
        "rotation_mode": "QUATERNION"
      },
      "armature_space": {
        "head": {
          "x": 0.14134901762008667,
          "y": -0.6401576995849609,
          "z": 0.5387919545173645
        },
        "tail": {
          "x": 0.1529518961906433,
          "y": -0.6442590951919556,
          "z": 0.5162830948829651
        }
      },
      "world_space": {
        "head": {
          "x": 0.14134901762008667,
          "y": -0.5769137144088745,
          "z": 1.4886460304260254
        },
        "tail": {
          "x": 0.1529518961906433,
          "y": -0.5810151100158691,
          "z": 1.466137170791626
        },
        "rotation_quaternion": {
          "w": 0.626332700252533,
          "x": -0.7438529133796692,
          "y": -0.166639044880867,
          "z": -0.16316142678260803
        },
        "matrix": [
          [
            0.8912197351455688,
            0.45229655504226685,
            0.03399130702018738,
            0.14134901762008667
          ],
          [
            0.04352607578039169,
            -0.1598784625530243,
            0.9861766695976257,
            -0.5769137144088745
          ],
          [
            0.45148202776908875,
            -0.8774269819259644,
            -0.1621737778186798,
            1.4886460304260254
          ],
          [
            0.0,
            0.0,
            0.0,
            1.0
          ]
        ]
      },
      "bone_length_armature_space": 0.02565340091373619,
      "parent": "index_01_l",
      "has_children": true,
      "is_end_bone": false
    },
    "index_03_l": {
      "name": "index_03_l",
      "local": {
        "location": {
          "x": 0.0,
          "y": 0.0,
          "z": 0.0
        },
        "rotation_quaternion": {
          "w": 0.9320707321166992,
          "x": 0.3621130585670471,
          "y": 0.010532093234360218,
          "z": 0.0027110541705042124
        },
        "scale": {
          "x": 1.0,
          "y": 1.0,
          "z": 1.0
        },
        "matrix_basis": [
          [
            0.9997634291648865,
            0.0025738284457474947,
            0.021596727892756462,
            0.0
          ],
          [
            0.012681405059993267,
            0.7377335429191589,
            -0.6749728322029114,
            0.0
          ],
          [
            -0.01766989566385746,
            0.6750870943069458,
            0.7375264167785645,
            0.0
          ],
          [
            0.0,
            0.0,
            0.0,
            1.0
          ]
        ],
        "rotation_mode": "QUATERNION"
      },
      "armature_space": {
        "head": {
          "x": 0.15295188128948212,
          "y": -0.6442592144012451,
          "z": 0.5162830948829651
        },
        "tail": {
          "x": 0.16549822688102722,
          "y": -0.6260454058647156,
          "z": 0.49718907475471497
        }
      },
      "world_space": {
        "head": {
          "x": 0.15295188128948212,
          "y": -0.5810152292251587,
          "z": 1.466137170791626
        },
        "tail": {
          "x": 0.16549822688102722,
          "y": -0.5628014206886292,
          "z": 1.4470430612564087
        },
        "rotation_quaternion": {
          "w": 0.8688323497772217,
          "x": -0.4127937853336334,
          "y": -0.23835214972496033,
          "z": -0.1338658332824707
        },
        "matrix": [
          [
            0.8505367040634155,
            0.42939478158950806,
            -0.3036568760871887,
            0.15295188128948212
          ],
          [
            -0.035834379494190216,
            0.6233624219894409,
            0.781111478805542,
            -0.5810152292251587
          ],
          [
            0.5246971845626831,
            -0.6534867286682129,
            0.5455843806266785,
            1.466137170791626
          ],
          [
            0.0,
            0.0,
            0.0,
            1.0
          ]
        ]
      },
      "bone_length_armature_space": 0.029218748099902672,
      "parent": "index_02_l",
      "has_children": false,
      "is_end_bone": true
    },
    "metacarpal_pinky_l": {
      "name": "metacarpal_pinky_l",
      "local": {
        "location": {
          "x": 0.0,
          "y": 0.0,
          "z": 0.0
        },
        "rotation_quaternion": {
          "w": 0.9999452829360962,
          "x": -0.008672716096043587,
          "y": 0.005689841695129871,
          "z": 0.0014256798895075917
        },
        "scale": {
          "x": 1.0,
          "y": 1.0,
          "z": 1.0
        },
        "matrix_basis": [
          [
            0.9999311566352844,
            -0.002949896501377225,
            0.011354331858456135,
            0.0
          ],
          [
            0.002752511063590646,
            0.9998455047607422,
            0.017360707744956017,
            0.0
          ],
          [
            -0.01140378974378109,
            -0.017328258603811264,
            0.9997848272323608,
            0.0
          ],
          [
            0.0,
            0.0,
            0.0,
            1.0
          ]
        ],
        "rotation_mode": "QUATERNION"
      },
      "armature_space": {
        "head": {
          "x": 0.16511709988117218,
          "y": -0.507445752620697,
          "z": 0.5830958485603333
        },
        "tail": {
          "x": 0.16790801286697388,
          "y": -0.6078623533248901,
          "z": 0.6105173230171204
        }
      },
      "world_space": {
        "head": {
          "x": 0.16511709988117218,
          "y": -0.4442017674446106,
          "z": 1.5329499244689941
        },
        "tail": {
          "x": 0.16790801286697388,
          "y": -0.5446183681488037,
          "z": 1.5603713989257812
        },
        "rotation_quaternion": {
          "w": 0.0939757451415062,
          "x": 0.6225241422653198,
          "y": -0.09488207846879959,
          "z": -0.7711222767829895
        },
        "matrix": [
          [
            -0.20726469159126282,
            0.02680196985602379,
            -0.9779177904129028,
            0.16511709988117218
          ],
          [
            -0.2630670368671417,
            -0.9643319249153137,
            0.029325900599360466,
            -0.4442017674446106
          ],
          [
            -0.9422581791877747,
            0.26333701610565186,
            0.20692406594753265,
            1.5329499244689941
          ],
          [
            0.0,
            0.0,
            0.0,
            1.0
          ]
        ]
      },
      "bone_length_armature_space": 0.1041307843338753,
      "parent": "lowerarm_l",
      "has_children": true,
      "is_end_bone": false
    },
    "pinky_01_l": {
      "name": "pinky_01_l",
      "local": {
        "location": {
          "x": 0.0,
          "y": 0.0,
          "z": 0.0
        },
        "rotation_quaternion": {
          "w": 0.9469097852706909,
          "x": 0.3207782506942749,
          "y": -0.020101092755794525,
          "z": 0.007689475081861019
        },
        "scale": {
          "x": 1.0,
          "y": 1.0,
          "z": 1.0
        },
        "matrix_basis": [
          [
            0.9990736246109009,
            -0.027458464726805687,
            -0.03313460946083069,
            0.0
          ],
          [
            0.0016664916183799505,
            0.794084370136261,
            -0.6078052520751953,
            0.0
          ],
          [
            0.043001074343919754,
            0.6071869730949402,
            0.7933945059776306,
            0.0
          ],
          [
            0.0,
            0.0,
            0.0,
            1.0
          ]
        ],
        "rotation_mode": "QUATERNION"
      },
      "armature_space": {
        "head": {
          "x": 0.16790801286697388,
          "y": -0.6078623533248901,
          "z": 0.6105173230171204
        },
        "tail": {
          "x": 0.17891991138458252,
