{
  "metadata": {
    "armature_name": "KIM_caucasian_male",
    "export_time": "2026-01-13T21:15:58.018277",
    "blender_version": "4.4.1",
    "bone_count": 56,
    "end_bone_count": 13,
    "spaces_included": [
      "LOCAL_CHANNELS",
      "ARMATURE_SPACE",
      "WORLD_SPACE"
    ],
    "note": "LOCAL matches Transform panel; replay pose via local.matrix_basis for best fidelity."
  },
  "bones": {
    "Root": {
      "name": "Root",
      "local": {
        "location": {
          "x": 0.0,
          "y": 0.0,
          "z": 0.0
        },
        "rotation_quaternion": {
          "w": 0.9997068643569946,
          "x": 0.008728936314582825,
          "y": -0.0011092857457697392,
          "z": -0.022559229284524918
        },
        "scale": {
          "x": 1.0,
          "y": 1.0,
          "z": 1.0
        },
        "matrix_basis": [
          [
            0.9989796876907349,
            0.04508586600422859,
            -0.002611757256090641,
            0.0
          ],
          [
            -0.0451245978474617,
            0.9988297820091248,
            -0.017402706667780876,
            0.0
          ],
          [
            0.0018240850185975432,
            0.017502805218100548,
            0.9998451471328735,
            0.0
          ],
          [
            0.0,
            0.0,
            0.0,
            1.0
          ]
        ],
        "rotation_mode": "QUATERNION"
      },
      "armature_space": {
        "head": {
          "x": 0.0,
          "y": 0.07072800397872925,
          "z": -0.009595036506652832
        },
        "tail": {
          "x": 0.0032180428970605135,
          "y": -8.516758680343628e-05,
          "z": -0.0012491755187511444
        }
      },
      "world_space": {
        "head": {
          "x": 0.0,
          "y": 0.13397200405597687,
          "z": 0.9402589797973633
        },
        "tail": {
          "x": 0.0032180428970605135,
          "y": 0.06315883249044418,
          "z": 0.9486048221588135
        },
        "rotation_quaternion": {
          "w": 0.058638796210289,
          "x": 0.9980237483978271,
          "y": 0.02243325114250183,
          "z": -0.0026265322230756283
        },
        "matrix": [
          [
            0.9989796876907349,
            0.04508586600422859,
            -0.002611757256090641,
            0.0
          ],
          [
            0.04446979984641075,
            -0.9921164512634277,
            -0.11716413497924805,
            0.13397200405597687
          ],
          [
            -0.007873626425862312,
            0.11692832410335541,
            -0.9931161999702454,
            0.9402589797973633
          ],
          [
            0.0,
            0.0,
            0.0,
            1.0
          ]
        ]
      },
      "bone_length_armature_space": 0.0713758673142321,
      "parent": null,
      "has_children": true,
      "is_end_bone": false
    },
    "spine_01": {
      "name": "spine_01",
      "local": {
        "location": {
          "x": 0.0,
          "y": 0.0,
          "z": 0.0
        },
        "rotation_quaternion": {
          "w": 0.9931116104125977,
          "x": 0.09223060309886932,
          "y": 0.04052348434925079,
          "z": 0.05984054133296013
        },
        "scale": {
          "x": 1.0,
          "y": 1.0,
          "z": 1.0
        },
        "matrix_basis": [
          [
            0.9895539283752441,
            -0.1113816648721695,
            0.09152694046497345,
            0.0
          ],
          [
            0.12633168697357178,
            0.9758252501487732,
            -0.17834067344665527,
            0.0
          ],
          [
            -0.06945043057203293,
            0.18804046511650085,
            0.9797027111053467,
            0.0
          ],
          [
            0.0,
            0.0,
            0.0,
            1.0
          ]
        ],
        "rotation_mode": "QUATERNION"
      },
      "armature_space": {
        "head": {
          "x": 0.0032180428970605135,
          "y": -8.516758680343628e-05,
          "z": -0.0012491755187511444
        },
        "tail": {
          "x": -0.043853145092725754,
          "y": -0.08011887222528458,
          "z": 0.4778408706188202
        }
      },
      "world_space": {
        "head": {
          "x": 0.0032180428970605135,
          "y": 0.06315883249044418,
          "z": 0.9486048221588135
        },
        "tail": {
          "x": -0.043853145092725754,
          "y": -0.016874872148036957,
          "z": 1.4276949167251587
        },
        "rotation_quaternion": {
          "w": 0.6464921236038208,
          "x": 0.7584084868431091,
          "y": 0.0067967684008181095,
          "z": 0.08257374912500381
        },
        "matrix": [
          [
            0.9862708449363708,
            -0.0964571088552475,
            0.13403666019439697,
            0.0032180428970605135
          ],
          [
            0.11707538366317749,
            -0.16400307416915894,
            -0.9794878363609314,
            0.06315883249044418
          ],
          [
            0.11646191030740738,
            0.9817394018173218,
            -0.15046066045761108,
            0.9486048221588135
          ],
          [
            0.0,
            0.0,
            0.0,
            1.0
          ]
        ]
      },
      "bone_length_armature_space": 0.48800446270880266,
      "parent": "Root",
      "has_children": true,
      "is_end_bone": false
    },
    "neck_01": {
      "name": "neck_01",
      "local": {
        "location": {
          "x": 0.0,
          "y": 0.0,
          "z": 0.0
        },
        "rotation_quaternion": {
          "w": 0.9865829944610596,
          "x": -0.0979238748550415,
          "y": 0.07734175026416779,
          "z": -0.10527755320072174
        },
        "scale": {
          "x": 1.0,
          "y": 1.0,
          "z": 1.0
        },
        "matrix_basis": [
          [
            0.9658697843551636,
            0.1925828754901886,
            0.1732264757156372,
            0.0
          ],
          [
            -0.22287729382514954,
            0.9586551189422607,
            0.1769353598356247,
            0.0
          ],
          [
            -0.1319897323846817,
            -0.20950475335121155,
            0.9688583612442017,
            0.0
          ],
          [
            0.0,
            0.0,
            0.0,
            1.0
          ]
        ],
        "rotation_mode": "QUATERNION"
      },
      "armature_space": {
        "head": {
          "x": -0.046267133206129074,
          "y": -0.1260959953069687,
          "z": 0.5445042848587036
        },
        "tail": {
          "x": -0.03396676480770111,
          "y": -0.15716850757598877,
          "z": 0.641426682472229
        }
      },
      "world_space": {
        "head": {
          "x": -0.046267133206129074,
          "y": -0.06285199522972107,
          "z": 1.4943583011627197
        },
        "tail": {
          "x": -0.03396676480770111,
          "y": -0.09392450749874115,
          "z": 1.5912806987762451
        },
        "rotation_quaternion": {
          "w": 0.572615921497345,
          "x": 0.8014557957649231,
          "y": 0.14341901242733002,
          "z": 0.09597150981426239
        },
        "matrix": [
          [
            0.940440833568573,
            0.11997862160205841,
            0.3180822730064392,
            -0.046267133206129074
          ],
          [
            0.33979812264442444,
            -0.3030833899974823,
            -0.8903246521949768,
            -0.06285199522972107
          ],
          [
            -0.010414175689220428,
            0.9453875422477722,
            -0.3258037269115448,
            1.4943583011627197
          ],
          [
            0.0,
            0.0,
            0.0,
            1.0
          ]
        ]
      },
      "bone_length_armature_space": 0.10252195368813778,
      "parent": "spine_01",
      "has_children": true,
      "is_end_bone": false
    },
    "head": {
      "name": "head",
      "local": {
        "location": {
          "x": 0.0,
          "y": 0.0,
          "z": 0.0
        },
        "rotation_quaternion": {
          "w": 0.988645076751709,
          "x": -0.010861141607165337,
          "y": 0.11627844721078873,
          "z": 0.09456448256969452
        },
        "scale": {
          "x": 1.0,
          "y": 1.0,
          "z": 1.0
        },
        "matrix_basis": [
          [
            0.9550737738609314,
            -0.18950726091861725,
            0.22786207497119904,
            0.0
          ],
          [
            0.18445558845996857,
            0.9818791747093201,
            0.04346724972128868,
            0.0
          ],
          [
            -0.2319703847169876,
            0.0005159940337762237,
            0.9727227091789246,
            0.0
          ],
          [
            0.0,
            0.0,
            0.0,
            1.0
          ]
        ],
        "rotation_mode": "QUATERNION"
      },
      "armature_space": {
        "head": {
          "x": -0.03396672382950783,
          "y": -0.15716862678527832,
          "z": 0.6414265632629395
        },
        "tail": {
          "x": -0.06217561662197113,
          "y": -0.1612013727426529,
          "z": 0.7938775420188904
        }
      },
      "world_space": {
        "head": {
          "x": -0.03396672382950783,
          "y": -0.0939246267080307,
          "z": 1.5912805795669556
        },
        "tail": {
          "x": -0.06217561662197113,
          "y": -0.09795737266540527,
          "z": 1.7437314987182617
        },
        "rotation_quaternion": {
          "w": 0.6841943264007568,
          "x": 0.6648442149162292,
          "y": 0.13739274442195892,
          "z": 0.26642775535583496
        },
        "matrix": [
          [
            0.8202784061431885,
            -0.18188700079917908,
            0.5422737002372742,
            -0.03396672382950783
          ],
          [
            0.547267496585846,
            -0.026002611964941025,
            -0.8365539312362671,
            -0.0939246267080307
          ],
          [
            0.16626054048538208,
            0.9829825758934021,
            0.07821110635995865,
            1.5912805795669556
          ],
          [
            0.0,
            0.0,
            0.0,
            1.0
          ]
        ]
      },
      "bone_length_armature_space": 0.1550912789294207,
      "parent": "neck_01",
      "has_children": false,
      "is_end_bone": true
    },
    "upperarm_l": {
      "name": "upperarm_l",
      "local": {
        "location": {
          "x": 0.0,
          "y": 0.0,
          "z": 0.0
        },
        "rotation_quaternion": {
          "w": 0.740382969379425,
          "x": 0.43209728598594666,
          "y": 0.2304454743862152,
          "z": 0.4604562819004059
        },
        "scale": {
          "x": 1.0,
          "y": 1.0,
          "z": 1.0
        },
        "matrix_basis": [
          [
            0.46974977850914,
            -0.48267826437950134,
            0.7391596436500549,
            0.0
          ],
          [
            0.8809776902198792,
            0.20254389941692352,
            -0.42761480808258057,
            0.0
          ],
          [
            0.056688010692596436,
            0.8520550727844238,
            0.5203736424446106,
            0.0
          ],
          [
            0.0,
            0.0,
            0.0,
            1.0
          ]
        ],
        "rotation_mode": "QUATERNION"
      },
      "armature_space": {
        "head": {
          "x": 0.10858362913131714,
          "y": -0.10063611716032028,
          "z": 0.4955131709575653
        },
        "tail": {
          "x": 0.19256436824798584,
          "y": -0.3373427391052246,
          "z": 0.5889204740524292
        }
      },
      "world_space": {
        "head": {
          "x": 0.10858362913131714,
          "y": -0.03739211708307266,
          "z": 1.4453672170639038
        },
        "tail": {
          "x": 0.19256436824798584,
          "y": -0.2740987539291382,
          "z": 1.5387744903564453
        },
        "rotation_quaternion": {
          "w": 0.20543070137500763,
          "x": 0.9549633860588074,
          "y": 0.12700769305229187,
          "z": -0.17237229645252228
        },
        "matrix": [
          [
            0.9083138108253479,
            0.313396692276001,
            -0.27703550457954407,
            0.10858362913131714
          ],
          [
            0.17175449430942535,
            -0.8833344578742981,
            -0.43614330887794495,
            -0.03739211708307266
          ],
          [
            -0.3814033269882202,
            0.34857454895973206,
            -0.8561784625053406,
            1.4453672170639038
          ],
          [
            0.0,
            0.0,
            0.0,
            1.0
          ]
        ]
      },
      "bone_length_armature_space": 0.2679696047257675,
      "parent": "spine_01",
      "has_children": true,
      "is_end_bone": false
    },
    "lowerarm_l": {
      "name": "lowerarm_l",
      "local": {
        "location": {
          "x": 0.0,
          "y": 0.0,
          "z": 0.0
        },
        "rotation_quaternion": {
          "w": 0.9672291278839111,
          "x": 0.21181371808052063,
          "y": -0.10915786772966385,
          "z": 0.08767729252576828
        },
        "scale": {
          "x": 1.0,
          "y": 1.0,
          "z": 1.0
        },
        "matrix_basis": [
          [
            0.9607945084571838,
            -0.2158503234386444,
            -0.17401883006095886,
            0.0
          ],
          [
            0.12336579710245132,
            0.8948952555656433,
            -0.4288861155509949,
            0.0
          ],
          [
            0.2483038455247879,
            0.3906034529209137,
            0.8864390254020691,
            0.0
          ],
          [
            0.0,
            0.0,
            0.0,
            1.0
          ]
        ],
        "rotation_mode": "QUATERNION"
      },
      "armature_space": {
        "head": {
          "x": 0.19256426393985748,
          "y": -0.33734285831451416,
          "z": 0.588920533657074
        },
        "tail": {
          "x": 0.1478230357170105,
          "y": -0.601025402545929,
          "z": 0.5951724648475647
        }
      },
      "world_space": {
        "head": {
          "x": 0.19256426393985748,
          "y": -0.27409887313842773,
          "z": 1.5387744903564453
        },
        "tail": {
          "x": 0.1478230357170105,
          "y": -0.5377814173698425,
          "z": 1.5450265407562256
        },
        "rotation_quaternion": {
          "w": 0.01737719401717186,
          "x": -0.9375642538070679,
          "y": 0.08293706178665161,
          "z": 0.3373320698738098
        },
        "matrix": [
          [
            0.7586570978164673,
            -0.16724158823490143,
            -0.6296584010124207,
            0.19256426393985748
          ],
          [
            -0.14379408955574036,
            -0.9856389760971069,
            0.08853894472122192,
            -0.27409887313842773
          ],
          [
            -0.6354278922080994,
            0.023369640111923218,
            -0.7718157172203064,
            1.5387744903564453
          ],
          [
            0.0,
            0.0,
            0.0,
            1.0
          ]
        ]
      },
      "bone_length_armature_space": 0.26752447929654416,
      "parent": "upperarm_l",
      "has_children": true,
      "is_end_bone": false
    },
    "metacarpal_thumb_l": {
      "name": "metacarpal_thumb_l",
      "local": {
        "location": {
          "x": 0.0,
          "y": 0.0,
          "z": 0.0
        },
        "rotation_quaternion": {
          "w": 0.9992417097091675,
          "x": -0.03796130418777466,
          "y": 0.008619504049420357,
          "z": -0.0009233510354533792
        },
        "scale": {
          "x": 1.0,
          "y": 1.0,
          "z": 1.0
        },
        "matrix_basis": [
          [
            0.9998496770858765,
            0.00119088648352772,
            0.017296038568019867,
            0.0
          ],
          [
            -0.002499717054888606,
            0.9971161484718323,
            0.07584911584854126,
            0.0
          ],
          [
            -0.017155833542346954,
            -0.07588095217943192,
            0.9969692826271057,
            0.0
          ],
          [
            0.0,
            0.0,
            0.0,
            1.0
          ]
        ],
        "rotation_mode": "QUATERNION"
      },
      "armature_space": {
        "head": {
          "x": 0.1478230357170105,
          "y": -0.601025402545929,
          "z": 0.5951724648475647
        },
        "tail": {
          "x": 0.1268531084060669,
          "y": -0.6383007764816284,
          "z": 0.5701844096183777
        }
      },
      "world_space": {
        "head": {
          "x": 0.1478230357170105,
          "y": -0.5377814173698425,
          "z": 1.5450265407562256
        },
        "tail": {
          "x": 0.1268531084060669,
          "y": -0.575056791305542,
          "z": 1.520038366317749
        },
        "rotation_quaternion": {
          "w": 0.14166055619716644,
          "x": -0.8395637273788452,
          "y": 0.3219767212867737,
          "z": -0.4140002429485321
        },
        "matrix": [
          [
            0.4498688876628876,
            -0.4233468174934387,
            0.7863812446594238,
            0.1478230357170105
          ],
          [
            -0.6579350829124451,
            -0.7525261640548706,
            -0.028732839971780777,
            -0.5377814173698425
          ],
          [
            0.6039401888847351,
            -0.5044659376144409,
            -0.6170774102210999,
            1.5450265407562256
          ],
          [
            0.0,
            0.0,
            0.0,
            1.0
          ]
        ]
      },
      "bone_length_armature_space": 0.04953376922778045,
      "parent": "lowerarm_l",
      "has_children": true,
      "is_end_bone": false
    },
    "thumb_01_l": {
      "name": "thumb_01_l",
      "local": {
        "location": {
          "x": 0.0,
          "y": 0.0,
          "z": 0.0
        },
        "rotation_quaternion": {
          "w": 0.9981197714805603,
          "x": 0.056773439049720764,
          "y": -0.01104782521724701,
          "z": 0.02029058337211609
        },
        "scale": {
          "x": 1.0,
          "y": 1.0,
          "z": 1.0
        },
        "matrix_basis": [
          [
            0.9989324808120728,
            -0.04175931215286255,
            -0.019750172272324562,
            0.0
          ],
          [
            0.03925041854381561,
            0.9927301406860352,
            -0.11378172039985657,
            0.0
          ],
          [
            0.02435803785920143,
            0.11288505047559738,
            0.9933094382286072,
            0.0
          ],
          [
            0.0,
            0.0,
            0.0,
            1.0
          ]
        ],
        "rotation_mode": "QUATERNION"
      },
      "armature_space": {
        "head": {
          "x": 0.1268531084060669,
          "y": -0.6383007764816284,
          "z": 0.5701844096183777
        },
        "tail": {
          "x": 0.13830889761447906,
          "y": -0.6551088690757751,
          "z": 0.5428917407989502
        }
      },
      "world_space": {
        "head": {
          "x": 0.1268531084060669,
          "y": -0.575056791305542,
          "z": 1.520038366317749
        },
        "tail": {
          "x": 0.13830889761447906,
          "y": -0.5918648838996887,
          "z": 1.4927457571029663
        },
        "rotation_quaternion": {
          "w": 0.2669045329093933,
          "x": -0.1392359584569931,
          "y": 0.4264552891254425,
          "z": -0.8529427647590637
        },
        "matrix": [
          [
            -0.8187499642372131,
            0.3365532457828522,
            0.4651670753955841,
            0.1268531084060669
          ],
          [
            -0.5740652084350586,
            -0.4937956929206848,
            -0.6531575918197632,
            -0.575056791305542
          ],
          [
            0.009874961338937283,
            -0.8018151521682739,
            0.5975024700164795,
            1.520038366317749
          ],
          [
            0.0,
            0.0,
            0.0,
            1.0
          ]
        ]
      },
      "bone_length_armature_space": 0.03403875553313574,
      "parent": "metacarpal_thumb_l",
      "has_children": true,
      "is_end_bone": false
    },
    "thumb_02_l": {
      "name": "thumb_02_l",
      "local": {
        "location": {
          "x": 0.0,
          "y": 0.0,
          "z": 0.0
        },
        "rotation_quaternion": {
          "w": 0.9889283776283264,
          "x": 0.14781340956687927,
          "y": -0.008243500255048275,
          "z": -0.010201171971857548
        },
        "scale": {
          "x": 1.0,
          "y": 1.0,
          "z": 1.0
        },
        "matrix_basis": [
          [
            0.9996559619903564,
            0.01773945800960064,
            -0.019320202991366386,
            0.0
          ],
          [
            -0.02261345647275448,
            0.9560942649841309,
            -0.29218557476997375,
            0.0
          ],
          [
            0.01328872237354517,
            0.2925219237804413,
            0.9561665058135986,
            0.0
          ],
          [
            0.0,
            0.0,
            0.0,
            1.0
          ]
        ],
        "rotation_mode": "QUATERNION"
      },
      "armature_space": {
        "head": {
          "x": 0.13830891251564026,
          "y": -0.6551088094711304,
          "z": 0.542891800403595
        },
        "tail": {
          "x": 0.13113243877887726,
          "y": -0.6933684349060059,
          "z": 0.5527852773666382
        }
      },
      "world_space": {
        "head": {
          "x": 0.13830891251564026,
          "y": -0.591864824295044,
          "z": 1.4927458763122559
        },
        "tail": {
          "x": 0.13113243877887726,
          "y": -0.6301244497299194,
          "z": 1.5026392936706543
        },
        "rotation_quaternion": {
          "w": 0.07097389549016953,
          "x": -0.14623132348060608,
          "y": 0.1366567611694336,
          "z": 0.9771919250488281
        },
        "matrix": [
          [
            -0.9471582770347595,
            -0.1786772906780243,
            -0.26639384031295776,
            0.13830891251564026
          ],
          [
            0.0987432524561882,
            -0.9525750875473022,
            0.28783735632896423,
            -0.591864824295044
          ],
          [
            -0.3051922023296356,
            0.24632400274276733,
            0.9198893308639526,
            1.4927458763122559
          ],
          [
            0.0,
            0.0,
            0.0,
            1.0
          ]
        ]
      },
      "bone_length_armature_space": 0.04016443185749713,
      "parent": "thumb_01_l",
      "has_children": true,
      "is_end_bone": false
    },
    "thumb_03_l": {
      "name": "thumb_03_l",
      "local": {
        "location": {
          "x": 0.0,
          "y": 0.0,
          "z": 0.0
        },
        "rotation_quaternion": {
          "w": 0.9988956451416016,
          "x": 0.046560611575841904,
          "y": 0.0022493551950901747,
          "z": -0.0058876750990748405
        },
        "scale": {
          "x": 1.0,
          "y": 1.0,
          "z": 1.0
        },
        "matrix_basis": [
          [
            0.9999205470085144,
            0.011971808969974518,
            0.00394547451287508,
            0.0
          ],
          [
            -0.011552883312106133,
            0.9955949187278748,
            -0.09304486960172653,
            0.0
          ],
          [
            -0.005042009521275759,
            0.0929918959736824,
            0.9956541061401367,
            0.0
          ],
          [
            0.0,
            0.0,
            0.0,
            1.0
          ]
        ],
        "rotation_mode": "QUATERNION"
      },
      "armature_space": {
        "head": {
          "x": 0.13113242387771606,
          "y": -0.6933683753013611,
          "z": 0.5527851581573486
        },
        "tail": {
          "x": 0.12651526927947998,
          "y": -0.7176214456558228,
          "z": 0.5705999135971069
        }
      },
      "world_space": {
        "head": {
          "x": 0.13113242387771606,
          "y": -0.6301243901252747,
          "z": 1.5026391744613647
        },
        "tail": {
          "x": 0.12651526927947998,
          "y": -0.6543774604797363,
          "z": 1.520453929901123
        },
        "rotation_quaternion": {
          "w": 0.0238906592130661,
          "x": 0.30585816502571106,
          "y": -0.3179914951324463,
          "z": -0.8970849514007568
        },
        "matrix": [
          [
            -0.8117605447769165,
            -0.15165621042251587,
            -0.5639551281929016,
            0.13113242387771606
          ],
          [
            -0.23738422989845276,
            -0.7966215014457703,
            0.5559162497520447,
            -0.6301243901252747
          ],
          [
            -0.5335708260536194,
            0.5851484537124634,
            0.6106699109077454,
            1.5026391744613647
          ],
          [
            0.0,
            0.0,
            0.0,
            1.0
          ]
        ]
      },
      "bone_length_armature_space": 0.030444950914280296,
      "parent": "thumb_02_l",
      "has_children": false,
      "is_end_bone": true
    },
    "metacarpal_index_l": {
      "name": "metacarpal_index_l",
      "local": {
        "location": {
          "x": 0.0,
          "y": 0.0,
          "z": 0.0
        },
        "rotation_quaternion": {
          "w": 0.9988003969192505,
          "x": -0.04723677039146423,
          "y": 0.010345655493438244,
          "z": 0.0077099003829061985
        },
        "scale": {
          "x": 1.0,
          "y": 1.0,
          "z": 1.0
        },
        "matrix_basis": [
          [
            0.9996670484542847,
            -0.016378693282604218,
            0.019938107579946518,
            0.0
          ],
          [
            0.014423912391066551,
            0.9954184889793396,
            0.0945197343826294,
            0.0
          ],
          [
            -0.021394871175289154,
            -0.09420068562030792,
            0.9953233003616333,
            0.0
          ],
          [
            0.0,
            0.0,
            0.0,
            1.0
          ]
        ],
        "rotation_mode": "QUATERNION"
      },
      "armature_space": {
        "head": {
          "x": 0.1478230357170105,
          "y": -0.601025402545929,
          "z": 0.5951724648475647
        },
        "tail": {
          "x": 0.10620385408401489,
          "y": -0.7089483737945557,
          "z": 0.5764723420143127
        }
      },
      "world_space": {
        "head": {
          "x": 0.1478230357170105,
          "y": -0.5377814173698425,
          "z": 1.5450265407562256
        },
        "tail": {
          "x": 0.10620385408401489,
          "y": -0.6457043886184692,
          "z": 1.5263264179229736
        },
        "rotation_quaternion": {
          "w": 0.0543980710208416,
          "x": -0.9697948694229126,
          "y": 0.19106929004192352,
          "z": -0.1415320634841919
        },
        "matrix": [
          [
            0.886922299861908,
            -0.3551981747150421,
            0.2953019142150879,
            0.1478230357170105
          ],
          [
            -0.3859941363334656,
            -0.9210668206214905,
            0.05142417550086975,
            -0.5377814173698425
          ],
          [
            0.25372838973999023,
            -0.15959608554840088,
            -0.9540258049964905,
            1.5450265407562256
          ],
          [
            0.0,
            0.0,
            0.0,
            1.0
          ]
        ]
      },
      "bone_length_armature_space": 0.11717174878658404,
      "parent": "lowerarm_l",
      "has_children": true,
      "is_end_bone": false
    },
    "index_01_l": {
      "name": "index_01_l",
      "local": {
        "location": {
          "x": 0.0,
          "y": 0.0,
          "z": 0.0
        },
        "rotation_quaternion": {
          "w": 0.9974851012229919,
          "x": -0.07034385204315186,
          "y": -0.0063017564825713634,
          "z": -0.005975921638309956
        },
        "scale": {
          "x": 1.0,
          "y": 1.0,
          "z": 1.0
        },
        "matrix_basis": [
          [
            0.9998491406440735,
            0.012808364816009998,
            -0.011731077916920185,
            0.0
          ],
          [
            -0.01103520579636097,
            0.9900320768356323,
            0.1404092013835907,
            0.0
          ],
          [
            0.013412554748356342,
            -0.1402585655450821,
            0.9900240898132324,
            0.0
          ],
          [
            0.0,
            0.0,
            0.0,
            1.0
          ]
        ],
        "rotation_mode": "QUATERNION"
      },
      "armature_space": {
        "head": {
          "x": 0.10620385408401489,
          "y": -0.7089483737945557,
          "z": 0.5764723420143127
        },
        "tail": {
          "x": 0.1035371795296669,
          "y": -0.7367443442344666,
          "z": 0.5822466015815735
        }
      },
      "world_space": {
        "head": {
          "x": 0.10620385408401489,
          "y": -0.6457043886184692,
          "z": 1.5263264179229736
        },
        "tail": {
          "x": 0.1035371795296669,
          "y": -0.6735003590583801,
          "z": 1.5321006774902344
        },
        "rotation_quaternion": {
          "w": 0.10763855278491974,
          "x": 0.9831916093826294,
          "y": -0.03179403766989708,
          "z": 0.14400480687618256
        },
        "matrix": [
          [
            0.9565035700798035,
            -0.09352033585309982,
            0.2763240933418274,
            0.10620385408401489
          ],
          [
            -0.031518224626779556,
            -0.974806010723114,
            -0.22081610560417175,
            -0.6457043886184692
          ],
          [
            0.29001516103744507,
            0.20250260829925537,
            -0.9353599548339844,
            1.5263264179229736
          ],
          [
            0.0,
            0.0,
            0.0,
            1.0
          ]
        ]
      },
      "bone_length_armature_space": 0.028514367923792885,
      "parent": "metacarpal_index_l",
      "has_children": true,
      "is_end_bone": false
    },
    "index_02_l": {
      "name": "index_02_l",
      "local": {
        "location": {
          "x": 0.0,
          "y": 0.0,
          "z": 0.0
        },
        "rotation_quaternion": {
          "w": 0.985059380531311,
          "x": 0.17199210822582245,
          "y": 0.0002573008241597563,
          "z": -0.008756871335208416
        },
        "scale": {
          "x": 1.0,
          "y": 1.0,
          "z": 1.0
        },
        "matrix_basis": [
          [
            0.9998465180397034,
            0.017340583726763725,
            -0.002505312440916896,
            0.0
          ],
          [
            -0.01716356910765171,
            0.9406840801239014,
            -0.33884939551353455,
            0.0
          ],
          [
            -0.0035191387869417667,
            0.3388403654098511,
            0.9408373236656189,
            0.0
          ],
          [
            0.0,
            0.0,
            0.0,
            1.0
          ]
        ],
        "rotation_mode": "QUATERNION"
      },
      "armature_space": {
        "head": {
          "x": 0.10353700816631317,
          "y": -0.73674476146698,
          "z": 0.5822463035583496
        },
        "tail": {
          "x": 0.10402993857860565,
          "y": -0.762296199798584,
          "z": 0.5800169706344604
        }
      },
      "world_space": {
        "head": {
          "x": 0.10353700816631317,
          "y": -0.6735007762908936,
          "z": 1.5321003198623657
        },
        "tail": {
          "x": 0.10402993857860565,
          "y": -0.6990522146224976,
          "z": 1.5298709869384766
        },
        "rotation_quaternion": {
          "w": 0.044293250888586044,
          "x": -0.9928188323974609,
          "y": -0.004723875783383846,
          "z": -0.11102534085512161
        },
        "matrix": [
          [
            0.9753022193908691,
            0.019215159118175507,
            0.22003763914108276,
            0.10353700816631317
          ],
          [
            -0.0004553476464934647,
            -0.9960315227508545,
            0.08899873495101929,
            -0.6735007762908936
          ],
          [
            0.22087609767913818,
            -0.08690254390239716,
            -0.9714299440383911,
            1.5321003198623657
          ],
          [
            0.0,
            0.0,
            0.0,
            1.0
          ]
        ]
      },
      "bone_length_armature_space": 0.025653243257381258,
      "parent": "index_01_l",
      "has_children": true,
      "is_end_bone": false
    },
    "index_03_l": {
      "name": "index_03_l",
      "local": {
        "location": {
          "x": 0.0,
          "y": 0.0,
          "z": 0.0
        },
        "rotation_quaternion": {
          "w": 0.9807296991348267,
          "x": 0.19515834748744965,
          "y": 0.007304880302399397,
          "z": 0.005414122715592384
        },
        "scale": {
          "x": 1.0,
          "y": 1.0,
          "z": 1.0
        },
        "matrix_basis": [
          [
            0.9998346567153931,
            -0.00776836508885026,
            0.016441449522972107,
            0.0
          ],
          [
            0.01347079873085022,
            0.9237678050994873,
            -0.3827160894870758,
            0.0
          ],
          [
            -0.012215003371238708,
            0.3828742802143097,
            0.9237197041511536,
            0.0
          ],
          [
            0.0,
            0.0,
            0.0,
            1.0
          ]
        ],
        "rotation_mode": "QUATERNION"
      },
      "armature_space": {
        "head": {
          "x": 0.10402988642454147,
          "y": -0.762296199798584,
          "z": 0.58001708984375
        },
        "tail": {
          "x": 0.11039678752422333,
          "y": -0.7867321968078613,
          "z": 0.5653173923492432
        }
      },
      "world_space": {
        "head": {
          "x": 0.10402988642454147,
          "y": -0.6990522146224976,
          "z": 1.5298711061477661
        },
        "tail": {
          "x": 0.11039678752422333,
          "y": -0.7234882116317749,
          "z": 1.5151714086532593
        },
        "rotation_quaternion": {
          "w": 0.27643853425979614,
          "x": -0.9476809501647949,
          "y": -0.07365569472312927,
          "z": -0.14162428677082062
        },
        "matrix": [
          [
            0.9490350484848022,
            0.21790501475334167,
            0.22770622372627258,
            0.10402988642454147
          ],
          [
            0.061303894966840744,
            -0.8363133072853088,
            0.544813334941864,
            -0.6990522146224976
          ],
          [
            0.30915355682373047,
            -0.5030921697616577,
            -0.807054340839386,
            1.5298711061477661
          ],
          [
            0.0,
            0.0,
            0.0,
            1.0
          ]
        ]
      },
      "bone_length_armature_space": 0.029218769266318532,
      "parent": "index_02_l",
      "has_children": false,
      "is_end_bone": true
    },
    "metacarpal_pinky_l": {
      "name": "metacarpal_pinky_l",
      "local": {
        "location": {
          "x": 0.0,
          "y": 0.0,
          "z": 0.0
        },
        "rotation_quaternion": {
          "w": 0.9991247057914734,
          "x": -0.0362645648419857,
          "y": -0.005853593349456787,
          "z": 0.020014189183712006
        },
        "scale": {
          "x": 1.0,
          "y": 1.0,
          "z": 1.0
        },
        "matrix_basis": [
          [
            0.9991303086280823,
            -0.039568785578012466,
            -0.013148550875484943,
            0.0
          ],
          [
            0.04041789844632149,
            0.9965686202049255,
            0.07223133742809296,
            0.0
          ],
          [
            0.010245327837765217,
            -0.07269995659589767,
            0.9973012208938599,
            0.0
          ],
          [
            0.0,
            0.0,
            0.0,
            1.0
          ]
        ],
        "rotation_mode": "QUATERNION"
      },
      "armature_space": {
        "head": {
          "x": 0.1478230357170105,
          "y": -0.601025402545929,
          "z": 0.5951724648475647
        },
        "tail": {
          "x": 0.16014817357063293,
          "y": -0.7009139060974121,
          "z": 0.6218858361244202
        }
      },
      "world_space": {
        "head": {
          "x": 0.1478230357170105,
          "y": -0.5377814173698425,
          "z": 1.5450265407562256
        },
        "tail": {
          "x": 0.16014817357063293,
          "y": -0.6376699209213257,
          "z": 1.571739912033081
        },
        "rotation_quaternion": {
          "w": 0.11897048354148865,
          "x": 0.52009117603302,
          "y": -0.07884126156568527,
          "z": -0.8421017527580261
        },
        "matrix": [
          [
            -0.4307026267051697,
            0.1183621734380722,
            -0.8946987390518188,
            0.1478230357170105
          ],
          [
            -0.2823803424835205,
            -0.9592600464820862,
            0.009032867848873138,
            -0.5377814173698425
          ],
          [
            -0.8571857810020447,
            0.25653666257858276,
            0.44658204913139343,
            1.5450265407562256
          ],
          [
            0.0,
            0.0,
            0.0,
            1.0
          ]
        ]
      },
      "bone_length_armature_space": 0.10413081420905776,
      "parent": "lowerarm_l",
      "has_children": true,
      "is_end_bone": false
    },
    "pinky_01_l": {
      "name": "pinky_01_l",
      "local": {
        "location": {
          "x": 0.0,
          "y": 0.0,
          "z": 0.0
        },
        "rotation_quaternion": {
          "w": 0.9964482188224792,
          "x": 0.0790252685546875,
          "y": 0.026597540825605392,
          "z": -0.011768332682549953
        },
        "scale": {
          "x": 1.0,
          "y": 1.0,
          "z": 1.0
        },
        "matrix_basis": [
          [
            0.9983081817626953,
            0.02765682339668274,
            0.05114615336060524,
            0.0
          ],
          [
            -0.019249312579631805,
            0.98723304271698,
            -0.1581151932477951,
            0.0
          ],
          [
            -0.054866135120391846,
            0.15686315298080444,
            0.986095130443573,
            0.0
          ],
          [
            0.0,
            0.0,
            0.0,
            1.0
          ]
        ],
        "rotation_mode": "QUATERNION"
      },
      "armature_space": {
        "head": {
          "x": 0.16014817357063293,
          "y": -0.7009139060974121,
          "z": 0.6218858361244202
        },
        "tail": {
