{
  "metadata": {
    "armature_name": "KIM_caucasian_male",
    "export_time": "2026-01-13T19:11:24.445372",
    "blender_version": "4.4.1",
    "bone_count": 56,
    "end_bone_count": 13,
    "spaces_included": [
      "LOCAL_CHANNELS",
      "ARMATURE_SPACE",
      "WORLD_SPACE"
    ],
    "note": "LOCAL matches Transform panel; replay pose via local.matrix_basis for best fidelity."
  },
  "bones": {
    "Root": {
      "name": "Root",
      "local": {
        "location": {
          "x": 0.0,
          "y": 0.0,
          "z": 0.0
        },
        "rotation_quaternion": {
          "w": 0.9997272491455078,
          "x": -0.015112536959350109,
          "y": 0.015761636197566986,
          "z": -0.008293818682432175
        },
        "scale": {
          "x": 1.0,
          "y": 1.0,
          "z": 1.0
        },
        "matrix_basis": [
          [
            0.9993655681610107,
            0.01610671728849411,
            0.03176535665988922,
            0.0
          ],
          [
            -0.017059510573744774,
            0.9994056224822998,
            0.029955381527543068,
            0.0
          ],
          [
            -0.03126399219036102,
            -0.030478278174996376,
            0.9990463852882385,
            0.0
          ],
          [
            0.0,
            0.0,
            0.0,
            1.0
          ]
        ],
        "rotation_mode": "QUATERNION"
      },
      "armature_space": {
        "head": {
          "x": 0.0,
          "y": 0.07072800397872925,
          "z": -0.009595036506652832
        },
        "tail": {
          "x": 0.0011496309889480472,
          "y": 0.0003344789147377014,
          "z": 0.002149980515241623
        }
      },
      "world_space": {
        "head": {
          "x": 0.0,
          "y": 0.13397200405597687,
          "z": 0.9402589797973633
        },
        "tail": {
          "x": 0.0011496309889480472,
          "y": 0.06357847899198532,
          "z": 0.9520040154457092
        },
        "rotation_quaternion": {
          "w": 0.082427479326725,
          "x": 0.9964379668235779,
          "y": 0.0093368049710989,
          "z": 0.015167091973125935
        },
        "matrix": [
          [
            0.9993655681610107,
            0.01610671728849411,
            0.03176535665988922,
            0.0
          ],
          [
            0.021107474341988564,
            -0.9862370491027832,
            -0.1639849841594696,
            0.13397200405597687
          ],
          [
            0.0286871287971735,
            0.16455164551734924,
            -0.9859583377838135,
            0.9402589797973633
          ],
          [
            0.0,
            0.0,
            0.0,
            1.0
          ]
        ]
      },
      "bone_length_armature_space": 0.07137587485848618,
      "parent": null,
      "has_children": true,
      "is_end_bone": false
    },
    "spine_01": {
      "name": "spine_01",
      "local": {
        "location": {
          "x": 0.0,
          "y": 0.0,
          "z": 0.0
        },
        "rotation_quaternion": {
          "w": 0.9982035160064697,
          "x": 0.003934855572879314,
          "y": 0.027701178565621376,
          "z": 0.052981920540332794
        },
        "scale": {
          "x": 1.0,
          "y": 1.0,
          "z": 1.0
        },
        "matrix_basis": [
          [
            0.9928511381149292,
            -0.1055554747581482,
            0.055719781666994095,
            0.0
          ],
          [
            0.10599148273468018,
            0.9943548440933228,
            -0.00492025027051568,
            0.0
          ],
          [
            -0.054885875433683395,
            0.010790896601974964,
            0.99843430519104,
            0.0
          ],
          [
            0.0,
            0.0,
            0.0,
            1.0
          ]
        ],
        "rotation_mode": "QUATERNION"
      },
      "armature_space": {
        "head": {
          "x": 0.0011496309889480472,
          "y": 0.0003344789147377014,
          "z": 0.002149980515241623
        },
        "tail": {
          "x": -0.06489641219377518,
          "y": 0.0311634112149477,
          "z": 0.48468077182769775
        }
      },
      "world_space": {
        "head": {
          "x": 0.0011496309889480472,
          "y": 0.06357847899198532,
          "z": 0.9520040154457092
        },
        "tail": {
          "x": -0.06489641219377518,
          "y": 0.09440740942955017,
          "z": 1.4345347881317139
        },
        "rotation_quaternion": {
          "w": 0.7288537621498108,
          "x": 0.6802676916122437,
          "y": -0.018946174532175064,
          "z": 0.0751611515879631
        },
        "matrix": [
          [
            0.9879836440086365,
            -0.1353399157524109,
            0.07464229315519333,
            0.0011496309889480472
          ],
          [
            0.0837869718670845,
            0.06317388266324997,
            -0.994479238986969,
            0.06357847899198532
          ],
          [
            0.12987826764583588,
            0.9887901544570923,
            0.07375409454107285,
            0.9520040154457092
          ],
          [
            0.0,
            0.0,
            0.0,
            1.0
          ]
        ]
      },
      "bone_length_armature_space": 0.4880045912892871,
      "parent": "Root",
      "has_children": true,
      "is_end_bone": false
    },
    "neck_01": {
      "name": "neck_01",
      "local": {
        "location": {
          "x": 0.0,
          "y": 0.0,
          "z": 0.0
        },
        "rotation_quaternion": {
          "w": 0.9878017902374268,
          "x": -0.12867870926856995,
          "y": 0.08687673509120941,
          "z": 0.011915309354662895
        },
        "scale": {
          "x": 1.0,
          "y": 1.0,
          "z": 1.0
        },
        "matrix_basis": [
          [
            0.9846209287643433,
            -0.04589829966425896,
            0.16856749355793,
            0.0
          ],
          [
            0.0011815555626526475,
            0.9665996432304382,
            0.25628843903541565,
            0.0
          ],
          [
            -0.17470048367977142,
            -0.2521477937698364,
            0.9517884254455566,
            0.0
          ],
          [
            0.0,
            0.0,
            0.0,
            1.0
          ]
        ],
        "rotation_mode": "QUATERNION"
      },
      "armature_space": {
        "head": {
          "x": -0.07221716642379761,
          "y": 0.001299925148487091,
          "z": 0.5596362948417664
        },
        "tail": {
          "x": -0.08953283727169037,
          "y": -0.0063302661292254925,
          "z": 0.660396933555603
        }
      },
      "world_space": {
        "head": {
          "x": -0.07221716642379761,
          "y": 0.06454392522573471,
          "z": 1.5094902515411377
        },
        "tail": {
          "x": -0.08953283727169037,
          "y": 0.05691373348236084,
          "z": 1.6102509498596191
        },
        "rotation_quaternion": {
          "w": 0.6797609925270081,
          "x": 0.7169331312179565,
          "y": 0.026687288656830788,
          "z": 0.15238028764724731
        },
        "matrix": [
          [
            0.9521365165710449,
            -0.16889823973178864,
            0.25477373600006104,
            -0.07221716642379761
          ],
          [
            0.24542921781539917,
            -0.07442539930343628,
            -0.9665534496307373,
            0.06454392522573471
          ],
          [
            0.18221232295036316,
            0.9828263521194458,
            -0.02941170334815979,
            1.5094902515411377
          ],
          [
            0.0,
            0.0,
            0.0,
            1.0
          ]
        ]
      },
      "bone_length_armature_space": 0.10252198899558326,
      "parent": "spine_01",
      "has_children": true,
      "is_end_bone": false
    },
    "head": {
      "name": "head",
      "local": {
        "location": {
          "x": 0.0,
          "y": 0.0,
          "z": 0.0
        },
        "rotation_quaternion": {
          "w": 0.978487491607666,
          "x": -0.1181451752781868,
          "y": 0.01811707206070423,
          "z": 0.16815440356731415
        },
        "scale": {
          "x": 1.0,
          "y": 1.0,
          "z": 1.0
        },
        "matrix_basis": [
          [
            0.942791759967804,
            -0.3333548605442047,
            -0.0042786062695086,
            0.0
          ],
          [
            0.3247930705547333,
            0.9155316352844238,
            0.2373000830411911,
            0.0
          ],
          [
            -0.07518792152404785,
            -0.22511422634124756,
            0.9714269638061523,
            0.0
          ],
          [
            0.0,
            0.0,
            0.0,
            1.0
          ]
        ],
        "rotation_mode": "QUATERNION"
      },
      "armature_space": {
        "head": {
          "x": -0.08953279256820679,
          "y": -0.00633041188120842,
          "z": 0.6603968739509583
        },
        "tail": {
          "x": -0.1803615838289261,
          "y": 0.053282320499420166,
          "z": 0.7710748910903931
        }
      },
      "world_space": {
        "head": {
          "x": -0.08953279256820679,
          "y": 0.0569135881960392,
          "z": 1.6102509498596191
        },
        "tail": {
          "x": -0.1803615838289261,
          "y": 0.11652632057666779,
          "z": 1.7209289073944092
        },
        "rotation_quaternion": {
          "w": 0.825409471988678,
          "x": 0.4696299433708191,
          "y": -0.10433842986822128,
          "z": 0.2953987419605255
        },
        "matrix": [
          [
            0.8037056922912598,
            -0.5856513381004333,
            0.10521430522203445,
            -0.08953279256820679
          ],
          [
            0.3896513283252716,
            0.38437455892562866,
            -0.8369158506393433,
            0.0569135881960392
          ],
          [
            0.449702650308609,
            0.7136362195014954,
            0.5371266603469849,
            1.6102509498596191
          ],
          [
            0.0,
            0.0,
            0.0,
            1.0
          ]
        ]
      },
      "bone_length_armature_space": 0.15509084696198197,
      "parent": "neck_01",
      "has_children": false,
      "is_end_bone": true
    },
    "upperarm_l": {
      "name": "upperarm_l",
      "local": {
        "location": {
          "x": 0.0,
          "y": 0.0,
          "z": 0.0
        },
        "rotation_quaternion": {
          "w": 0.8782076239585876,
          "x": 0.3628988265991211,
          "y": 0.29711517691612244,
          "z": -0.09369292110204697
        },
        "scale": {
          "x": 1.0,
          "y": 1.0,
          "z": 1.0
        },
        "matrix_basis": [
          [
            0.8058884143829346,
            0.38020917773246765,
            0.4538555145263672,
            0.0
          ],
          [
            0.0510818213224411,
            0.7190521359443665,
            -0.6930761933326721,
            0.0
          ],
          [
            -0.5898597240447998,
            0.5817258358001709,
            0.5600540041923523,
            0.0
          ],
          [
            0.0,
            0.0,
            0.0,
            1.0
          ]
        ],
        "rotation_mode": "QUATERNION"
      },
      "armature_space": {
        "head": {
          "x": 0.0853143110871315,
          "y": 0.006450675427913666,
          "z": 0.512898862361908
        },
        "tail": {
          "x": 0.30488863587379456,
          "y": -0.1289914846420288,
          "z": 0.44044023752212524
        }
      },
      "world_space": {
        "head": {
          "x": 0.0853143110871315,
          "y": 0.06969467550516129,
          "z": 1.4627528190612793
        },
        "tail": {
          "x": 0.30488863587379456,
          "y": -0.06574748456478119,
          "z": 1.3902943134307861
        },
        "rotation_quaternion": {
          "w": 0.13477209210395813,
          "x": 0.7193723917007446,
          "y": 0.4786604940891266,
          "z": -0.4849990904331207
        },
        "matrix": [
          [
            0.07131857424974442,
            0.8194006681442261,
            -0.568767249584198,
            0.0853143110871315
          ],
          [
            0.5579411387443542,
            -0.5054388046264648,
            -0.6582047939300537,
            0.06969467550516129
          ],
          [
            -0.826815664768219,
            -0.2703987956047058,
            -0.4932284951210022,
            1.4627528190612793
          ],
          [
            0.0,
            0.0,
            0.0,
            1.0
          ]
        ]
      },
      "bone_length_armature_space": 0.267969623840898,
      "parent": "spine_01",
      "has_children": true,
      "is_end_bone": false
    },
    "lowerarm_l": {
      "name": "lowerarm_l",
      "local": {
        "location": {
          "x": 0.0,
          "y": 0.0,
          "z": 0.0
        },
        "rotation_quaternion": {
          "w": 0.83695387840271,
          "x": 0.5204782485961914,
          "y": 0.1024242490530014,
          "z": -0.13461004197597504
        },
        "scale": {
          "x": 1.0,
          "y": 1.0,
          "z": 1.0
        },
        "matrix_basis": [
          [
            0.9427788257598877,
            0.33194398880004883,
            0.03132554888725281,
            0.0
          ],
          [
            -0.11870560795068741,
            0.4219650626182556,
            -0.8988072276115417,
            0.0
          ],
          [
            -0.31157195568084717,
            0.843657910823822,
            0.437223345041275,
            0.0
          ],
          [
            0.0,
            0.0,
            0.0,
            1.0
          ]
        ],
        "rotation_mode": "QUATERNION"
      },
      "armature_space": {
        "head": {
          "x": 0.30488866567611694,
          "y": -0.12899161875247955,
          "z": 0.4404403269290924
        },
        "tail": {
          "x": 0.24010682106018066,
          "y": -0.3094470202922821,
          "z": 0.2538684606552124
        }
      },
      "world_space": {
        "head": {
          "x": 0.30488866567611694,
          "y": -0.06574761867523193,
          "z": 1.3902943134307861
        },
        "tail": {
          "x": 0.24010682106018066,
          "y": -0.24620302021503448,
          "z": 1.2037224769592285
        },
        "rotation_quaternion": {
          "w": 0.3675769865512848,
          "x": -0.6639958024024963,
          "y": -0.16618593037128448,
          "z": 0.6295863389968872
        },
        "matrix": [
          [
            0.1520061045885086,
            -0.24215298891067505,
            -0.9582566618919373,
            0.30488866567611694
          ],
          [
            0.6835365295410156,
            -0.6745378971099854,
            0.2788844406604767,
            -0.06574761867523193
          ],
          [
            -0.7139175534248352,
            -0.6974010467529297,
            0.06298719346523285,
            1.3902943134307861
          ],
          [
            0.0,
            0.0,
            0.0,
            1.0
          ]
        ]
      },
      "bone_length_armature_space": 0.26752551285514353,
      "parent": "upperarm_l",
      "has_children": true,
      "is_end_bone": false
    },
    "metacarpal_thumb_l": {
      "name": "metacarpal_thumb_l",
      "local": {
        "location": {
          "x": 0.0,
          "y": 0.0,
          "z": 0.0
        },
        "rotation_quaternion": {
          "w": 0.9987367391586304,
          "x": -0.04985610768198967,
          "y": 0.003367542289197445,
          "z": 0.005302575882524252
        },
        "scale": {
          "x": 1.0,
          "y": 1.0,
          "z": 1.0
        },
        "matrix_basis": [
          [
            0.9999210834503174,
            -0.010927540250122547,
            0.006197844631969929,
            0.0
          ],
          [
            0.010255969129502773,
            0.9949725270271301,
            0.0996219664812088,
            0.0
          ],
          [
            -0.007255307864397764,
            -0.09955053776502609,
            0.9950060844421387,
            0.0
          ],
          [
            0.0,
            0.0,
            0.0,
            1.0
          ]
        ],
        "rotation_mode": "QUATERNION"
      },
      "armature_space": {
        "head": {
          "x": 0.24010682106018066,
          "y": -0.3094470202922821,
          "z": 0.2538684606552124
        },
        "tail": {
          "x": 0.2027461677789688,
          "y": -0.3249662518501282,
          "z": 0.22528645396232605
        }
      },
      "world_space": {
        "head": {
          "x": 0.24010682106018066,
          "y": -0.24620302021503448,
          "z": 1.2037224769592285
        },
        "tail": {
          "x": 0.2027461677789688,
          "y": -0.26172226667404175,
          "z": 1.1751405000686646
        },
        "rotation_quaternion": {
          "w": 0.4131872355937958,
          "x": -0.8035475015640259,
          "y": 0.4154787063598633,
          "z": 0.10471483319997787
        },
        "matrix": [
          [
            0.6328232884407043,
            -0.7542476654052734,
            0.1750566065311432,
            0.24010682106018066
          ],
          [
            -0.5811823606491089,
            -0.31330665946006775,
            0.7510433197021484,
            -0.24620302021503448
          ],
          [
            -0.5116304159164429,
            -0.5770217180252075,
            -0.6366270780563354,
            1.2037224769592285
          ],
          [
            0.0,
            0.0,
            0.0,
            1.0
          ]
        ]
      },
      "bone_length_armature_space": 0.04953378758888132,
      "parent": "lowerarm_l",
      "has_children": true,
      "is_end_bone": false
    },
    "thumb_01_l": {
      "name": "thumb_01_l",
      "local": {
        "location": {
          "x": 0.0,
          "y": 0.0,
          "z": 0.0
        },
        "rotation_quaternion": {
          "w": 0.9994385242462158,
          "x": 0.03309277445077896,
          "y": -0.00021728873252868652,
          "z": -0.0052468301728367805
        },
        "scale": {
          "x": 1.0,
          "y": 1.0,
          "z": 1.0
        },
        "matrix_basis": [
          [
            0.9999448657035828,
            0.010473387315869331,
            -0.0007815978024154902,
            0.0
          ],
          [
            -0.010502149350941181,
            0.997754693031311,
            -0.06614610552787781,
            0.0
          ],
          [
            8.706912194611505e-05,
            0.06615066528320312,
            0.997809648513794,
            0.0
          ],
          [
            0.0,
            0.0,
            0.0,
            1.0
          ]
        ],
        "rotation_mode": "QUATERNION"
      },
      "armature_space": {
        "head": {
          "x": 0.2027461677789688,
          "y": -0.3249662518501282,
          "z": 0.22528645396232605
        },
        "tail": {
          "x": 0.18870578706264496,
          "y": -0.31216228008270264,
          "z": 0.19704532623291016
        }
      },
      "world_space": {
        "head": {
          "x": 0.2027461677789688,
          "y": -0.26172226667404175,
          "z": 1.1751405000686646
        },
        "tail": {
          "x": 0.18870578706264496,
          "y": -0.24891828000545502,
          "z": 1.1468993425369263
        },
        "rotation_quaternion": {
          "w": 0.18746456503868103,
          "x": -0.355220228433609,
          "y": 0.8080455660820007,
          "z": -0.4309733211994171
        },
        "matrix": [
          [
            -0.6773499846458435,
            -0.41248419880867004,
            0.6091415286064148,
            0.2027461677789688
          ],
          [
            -0.7356539368629456,
            0.37616032361984253,
            -0.5633088946342468,
            -0.26172226667404175
          ],
          [
            0.0032206105533987284,
            -0.8296802043914795,
            -0.5582423210144043,
            1.1751405000686646
          ],
          [
            0.0,
            0.0,
            0.0,
            1.0
          ]
        ]
      },
      "bone_length_armature_space": 0.0340387322338218,
      "parent": "metacarpal_thumb_l",
      "has_children": true,
      "is_end_bone": false
    },
    "thumb_02_l": {
      "name": "thumb_02_l",
      "local": {
        "location": {
          "x": 0.0,
          "y": 0.0,
          "z": 0.0
        },
        "rotation_quaternion": {
          "w": 0.9852867126464844,
          "x": 0.17087876796722412,
          "y": -0.0029248192440718412,
          "z": -0.0014743366045877337
        },
        "scale": {
          "x": 1.0,
          "y": 1.0,
          "z": 1.0
        },
        "matrix_basis": [
          [
            0.9999785423278809,
            0.0019057095050811768,
            -0.006267436780035496,
            0.0
          ],
          [
            -0.0039048674516379833,
            0.9415965676307678,
            -0.3367205262184143,
            0.0
          ],
          [
            0.005259705241769552,
            0.3367377817630768,
            0.9415838122367859,
            0.0
          ],
          [
            0.0,
            0.0,
            0.0,
            1.0
          ]
        ],
        "rotation_mode": "QUATERNION"
      },
      "armature_space": {
        "head": {
          "x": 0.18870578706264496,
          "y": -0.31216225028038025,
          "z": 0.19704535603523254
        },
        "tail": {
          "x": 0.1845107078552246,
          "y": -0.34589868783950806,
          "z": 0.1756574809551239
        }
      },
      "world_space": {
        "head": {
          "x": 0.18870578706264496,
          "y": -0.24891825020313263,
          "z": 1.1468993425369263
        },
        "tail": {
          "x": 0.1845107078552246,
          "y": -0.28265470266342163,
          "z": 1.1255115270614624
        },
        "rotation_quaternion": {
          "w": 0.023468567058444023,
          "x": -0.26206544041633606,
          "y": 0.28190457820892334,
          "z": -0.922659695148468
        },
        "matrix": [
          [
            -0.8615421056747437,
            -0.10444752871990204,
            0.496825635433197,
            0.18870578706264496
          ],
          [
            -0.19106154143810272,
            -0.8399587869644165,
            -0.5079026222229004,
            -0.24891825020313263
          ],
          [
            0.4703654646873474,
            -0.5325082540512085,
            0.7037083506584167,
            1.1468993425369263
          ],
          [
            0.0,
            0.0,
            0.0,
            1.0
          ]
        ]
      },
      "bone_length_armature_space": 0.04016450037903454,
      "parent": "thumb_01_l",
      "has_children": true,
      "is_end_bone": false
    },
    "thumb_03_l": {
      "name": "thumb_03_l",
      "local": {
        "location": {
          "x": 0.0,
          "y": 0.0,
          "z": 0.0
        },
        "rotation_quaternion": {
          "w": 0.9967162013053894,
          "x": 0.08089523017406464,
          "y": 0.0029052402824163437,
          "z": -0.0020999503321945667
        },
        "scale": {
          "x": 1.0,
          "y": 1.0,
          "z": 1.0
        },
        "matrix_basis": [
          [
            0.9999743103981018,
            0.004656149074435234,
            0.0054516480304300785,
            0.0
          ],
          [
            -0.003716068807989359,
            0.9869031310081482,
            -0.1612713783979416,
            0.0
          ],
          [
            -0.006131152156740427,
            0.16124697029590607,
            0.9868950247764587,
            0.0
          ],
          [
            0.0,
            0.0,
            0.0,
            1.0
          ]
        ],
        "rotation_mode": "QUATERNION"
      },
      "armature_space": {
        "head": {
          "x": 0.18451064825057983,
          "y": -0.3458986282348633,
          "z": 0.1756574809551239
        },
        "tail": {
          "x": 0.1902710199356079,
          "y": -0.374908447265625,
          "z": 0.16843657195568085
        }
      },
      "world_space": {
        "head": {
          "x": 0.18451064825057983,
          "y": -0.28265464305877686,
          "z": 1.1255115270614624
        },
        "tail": {
          "x": 0.1902710199356079,
          "y": -0.3116644620895386,
          "z": 1.1182905435562134
        },
        "rotation_quaternion": {
          "w": 0.1004299521446228,
          "x": -0.03925339877605438,
          "y": 0.11611352115869522,
          "z": -0.9873655438423157
        },
        "matrix": [
          [
            -0.9767459034919739,
            0.18920637667179108,
            0.10083755850791931,
            0.18451064825057983
          ],
          [
            -0.20743800699710846,
            -0.9528632760047913,
            -0.22140803933143616,
            -0.28265464305877686
          ],
          [
            0.054192882031202316,
            -0.23717950284481049,
            0.9699604511260986,
            1.1255115270614624
          ],
          [
            0.0,
            0.0,
            0.0,
            1.0
          ]
        ]
      },
      "bone_length_armature_space": 0.030444917963883964,
      "parent": "thumb_02_l",
      "has_children": false,
      "is_end_bone": true
    },
    "metacarpal_index_l": {
      "name": "metacarpal_index_l",
      "local": {
        "location": {
          "x": 0.0,
          "y": 0.0,
          "z": 0.0
        },
        "rotation_quaternion": {
          "w": 0.9989550113677979,
          "x": -0.0440138541162014,
          "y": -0.0023410941939800978,
          "z": -0.012099732644855976
        },
        "scale": {
          "x": 1.0,
          "y": 1.0,
          "z": 1.0
        },
        "matrix_basis": [
          [
            0.9996962547302246,
            0.024380257353186607,
            -0.0036121837329119444,
            0.0
          ],
          [
            -0.02396809682250023,
            0.9958327412605286,
            0.08799237012863159,
            0.0
          ],
          [
            0.005742407403886318,
            -0.08787906914949417,
            0.9961146116256714,
            0.0
          ],
          [
            0.0,
            0.0,
            0.0,
            1.0
          ]
        ],
        "rotation_mode": "QUATERNION"
      },
      "armature_space": {
        "head": {
          "x": 0.24010682106018066,
          "y": -0.3094470202922821,
          "z": 0.2538684606552124
        },
        "tail": {
          "x": 0.18581360578536987,
          "y": -0.37902066111564636,
          "z": 0.17679017782211304
        }
      },
      "world_space": {
        "head": {
          "x": 0.24010682106018066,
          "y": -0.24620302021503448,
          "z": 1.2037224769592285
        },
        "tail": {
          "x": 0.18581360578536987,
          "y": -0.31577664613723755,
          "z": 1.1266441345214844
        },
        "rotation_quaternion": {
          "w": 0.4336836338043213,
          "x": -0.8421304225921631,
          "y": 0.12260329723358154,
          "z": 0.29614752531051636
        },
        "matrix": [
          [
            0.7945306301116943,
            -0.46336448192596436,
            -0.3924463987350464,
            0.24010682106018066
          ],
          [
            0.05037100985646248,
            -0.5937749147415161,
            0.8030531406402588,
            -0.24620302021503448
          ],
          [
            -0.6051353216171265,
            -0.6578232049942017,
            -0.44843465089797974,
            1.2037224769592285
          ],
          [
            0.0,
            0.0,
            0.0,
            1.0
          ]
        ]
      },
      "bone_length_armature_space": 0.11717212297960435,
      "parent": "lowerarm_l",
      "has_children": true,
      "is_end_bone": false
    },
    "index_01_l": {
      "name": "index_01_l",
      "local": {
        "location": {
          "x": 0.0,
          "y": 0.0,
          "z": 0.0
        },
        "rotation_quaternion": {
          "w": 0.9961389303207397,
          "x": -0.08765660226345062,
          "y": 0.0016278719995170832,
          "z": 0.004590000491589308
        },
        "scale": {
          "x": 1.0,
          "y": 1.0,
          "z": 1.0
        },
        "matrix_basis": [
          [
            0.9999525547027588,
            -0.00942994374781847,
            0.002438485622406006,
            0.0
          ],
          [
            0.008859168738126755,
            0.9845905303955078,
            0.17465125024318695,
            0.0
          ],
          [
            -0.004047860857099295,
            -0.1746213585138321,
            0.984627366065979,
            0.0
          ],
          [
            0.0,
            0.0,
            0.0,
            1.0
          ]
        ],
        "rotation_mode": "QUATERNION"
      },
      "armature_space": {
        "head": {
          "x": 0.18581360578536987,
          "y": -0.37902066111564636,
          "z": 0.17679017782211304
        },
        "tail": {
          "x": 0.18461139500141144,
          "y": -0.4007149636745453,
          "z": 0.15832434594631195
        }
      },
      "world_space": {
        "head": {
          "x": 0.18581360578536987,
          "y": -0.31577664613723755,
          "z": 1.1266441345214844
        },
        "tail": {
          "x": 0.18461139500141144,
          "y": -0.3374709486961365,
          "z": 1.1081783771514893
        },
        "rotation_quaternion": {
          "w": 0.34170636534690857,
          "x": -0.9158121943473816,
          "y": -0.053171854466199875,
          "z": 0.20419993996620178
        },
        "matrix": [
          [
            0.9109504222869873,
            -0.0421617329120636,
            -0.4103553891181946,
            0.18581360578536987
          ],
          [
            0.23694348335266113,
            -0.7608197331428528,
            0.6041618585586548,
            -0.31577664613723755
          ],
          [
            -0.3376811742782593,
            -0.64759761095047,
            -0.6830832362174988,
            1.1266441345214844
          ],
          [
            0.0,
            0.0,
            0.0,
            1.0
          ]
        ]
      },
      "bone_length_armature_space": 0.028514470126415198,
      "parent": "metacarpal_index_l",
      "has_children": true,
      "is_end_bone": false
    },
    "index_02_l": {
      "name": "index_02_l",
      "local": {
        "location": {
          "x": 0.0,
          "y": 0.0,
          "z": 0.0
        },
        "rotation_quaternion": {
          "w": 0.9841969609260559,
          "x": 0.17707018554210663,
          "y": -0.0013993637403473258,
          "z": 0.0008210928644984961
        },
        "scale": {
          "x": 1.0,
          "y": 1.0,
          "z": 1.0
        },
        "matrix_basis": [
          [
            0.9999947547912598,
            -0.002111805370077491,
            -0.0024637170135974884,
            0.0
          ],
          [
            0.0011206630151718855,
            0.9372909665107727,
            -0.34854617714881897,
            0.0
          ],
          [
            0.0030452811624854803,
            0.34854158759117126,
            0.9372884035110474,
            0.0
          ],
          [
            0.0,
            0.0,
            0.0,
            1.0
          ]
        ],
        "rotation_mode": "QUATERNION"
      },
      "armature_space": {
        "head": {
          "x": 0.1846110224723816,
          "y": -0.4007151126861572,
          "z": 0.15832394361495972
        },
        "tail": {
          "x": 0.1803717017173767,
          "y": -0.41432884335517883,
          "z": 0.13699811697006226
        }
      },
      "world_space": {
        "head": {
          "x": 0.1846110224723816,
          "y": -0.3374711275100708,
          "z": 1.108177900314331
        },
        "tail": {
          "x": 0.1803717017173767,
          "y": -0.35108482837677,
          "z": 1.0868520736694336
        },
        "rotation_quaternion": {
          "w": 0.4827854037284851,
          "x": -0.8411746025085449,
          "y": -0.03971586376428604,
          "z": 0.24034586548805237
        },
        "matrix": [
          [
            0.8813134431838989,
            -0.16525472700595856,
            -0.4426932632923126,
            0.1846110224723816
          ],
          [
            0.29888609051704407,
            -0.5306826829910278,
            0.7931225299835205,
            -0.3374711275100708
          ],
          [
            -0.3659992218017578,
            -0.831310510635376,
            -0.41830772161483765,
            1.108177900314331
          ],
          [
            0.0,
            0.0,
            0.0,
            1.0
          ]
        ]
      },
      "bone_length_armature_space": 0.02565338942690252,
      "parent": "index_01_l",
      "has_children": true,
      "is_end_bone": false
    },
    "index_03_l": {
      "name": "index_03_l",
      "local": {
        "location": {
          "x": 0.0,
          "y": 0.0,
          "z": 0.0
        },
        "rotation_quaternion": {
          "w": 0.9734481573104858,
          "x": 0.22887678444385529,
          "y": 0.003216286189854145,
          "z": -0.0019876693841069937
        },
        "scale": {
          "x": 1.0,
          "y": 1.0,
          "z": 1.0
        },
        "matrix_basis": [
          [
            0.9999713897705078,
            0.005342052783817053,
            0.005351913161575794,
            0.0
          ],
          [
            -0.0023975197691470385,
            0.8952229619026184,
            -0.4456121623516083,
            0.0
          ],
          [
            -0.007171638309955597,
            0.44558659195899963,
            0.8952101469039917,
            0.0
          ],
          [
            0.0,
            0.0,
            0.0,
            1.0
          ]
        ],
        "rotation_mode": "QUATERNION"
      },
      "armature_space": {
        "head": {
          "x": 0.1803717315196991,
          "y": -0.41432899236679077,
          "z": 0.13699819147586823
        },
        "tail": {
          "x": 0.17254766821861267,
          "y": -0.4143493175506592,
          "z": 0.10884635150432587
        }
      },
      "world_space": {
        "head": {
          "x": 0.1803717315196991,
          "y": -0.35108500719070435,
          "z": 1.0868521928787231
        },
        "tail": {
          "x": 0.17254766821861267,
          "y": -0.35110533237457275,
          "z": 1.0587003231048584
        },
        "rotation_quaternion": {
          "w": 0.7068527936935425,
          "x": -0.6806080937385559,
          "y": -0.003377881832420826,
          "z": 0.1926666647195816
        },
        "matrix": [
          [
            0.9257356524467468,
            -0.2677759528160095,
            -0.26703783869743347,
            0.1803717315196991
          ],
          [
            0.27697375416755676,
            -0.0006957650184631348,
            0.9608774185180664,
            -0.35108500719070435
          ],
          [
            -0.2574872374534607,
            -0.9634876847267151,
            0.07352402806282043,
            1.0868521928787231
          ],
          [
            0.0,
            0.0,
            0.0,
            1.0
          ]
        ]
      },
      "bone_length_armature_space": 0.029218872206825893,
      "parent": "index_02_l",
      "has_children": false,
      "is_end_bone": true
    },
    "metacarpal_pinky_l": {
      "name": "metacarpal_pinky_l",
      "local": {
        "location": {
          "x": 0.0,
          "y": 0.0,
          "z": 0.0
        },
        "rotation_quaternion": {
          "w": 0.9996089935302734,
          "x": -0.025111202150583267,
          "y": 0.012218539603054523,
          "z": -0.001392710255458951
        },
        "scale": {
          "x": 1.0,
          "y": 1.0,
          "z": 1.0
        },
        "matrix_basis": [
          [
            0.9996975064277649,
            0.0021706868428736925,
            0.024497469887137413,
            0.0
          ],
          [
            -0.003397975815460086,
            0.9987349510192871,
            0.050168734043836594,
            0.0
          ],
          [
            -0.02435757964849472,
            -0.05023680254817009,
            0.9984402656555176,
            0.0
          ],
          [
            0.0,
            0.0,
            0.0,
            1.0
          ]
        ],
        "rotation_mode": "QUATERNION"
      },
      "armature_space": {
        "head": {
          "x": 0.24010682106018066,
          "y": -0.3094470202922821,
          "z": 0.2538684606552124
        },
        "tail": {
          "x": 0.24840585887432098,
          "y": -0.38127970695495605,
          "z": 0.17893853783607483
        }
      },
      "world_space": {
        "head": {
          "x": 0.24010682106018066,
          "y": -0.24620302021503448,
          "z": 1.2037224769592285
        },
        "tail": {
          "x": 0.24840585887432098,
          "y": -0.31803572177886963,
          "z": 1.1287925243377686
        },
        "rotation_quaternion": {
          "w": 0.0508328452706337,
          "x": -0.2182719111442566,
          "y": -0.3905130922794342,
          "z": 0.8929014801979065
        },
        "matrix": [
          [
            -0.8995470404624939,
            0.07969818264245987,
            -0.42949190735816956,
            0.24010682106018066
          ],
          [
            0.2612529397010803,
            -0.6898317337036133,
            -0.6751882433891296,
            -0.24620302021503448
          ],
          [
            -0.3500906229019165,
            -0.7195752263069153,
            0.5997182726860046,
            1.2037224769592285
          ],
          [
            0.0,
            0.0,
            0.0,
            1.0
          ]
        ]
      },
      "bone_length_armature_space": 0.10413117936598187,
      "parent": "lowerarm_l",
      "has_children": true,
      "is_end_bone": false
    },
    "pinky_01_l": {
      "name": "pinky_01_l",
      "local": {
        "location": {
          "x": 0.0,
          "y": 0.0,
          "z": 0.0
        },
        "rotation_quaternion": {
          "w": 0.9990624189376831,
          "x": 0.04240795224905014,
          "y": -0.0073952279053628445,
          "z": -0.004592229146510363
        },
        "scale": {
          "x": 1.0,
          "y": 1.0,
          "z": 1.0
        },
        "matrix_basis": [
          [
            0.9998484253883362,
            0.00854861456900835,
            -0.015166082419455051,
            0.0
          ],
          [
            -0.00980307999998331,
            0.9963609576225281,
            -0.08466846495866776,
            0.0
          ],
          [
            0.014387094415724277,
            0.08480430394411087,
            0.9962937235832214,
            0.0
          ],
          [
            0.0,
            0.0,
            0.0,
            1.0
          ]
        ],
        "rotation_mode": "QUATERNION"
      },
      "armature_space": {
        "head": {
          "x": 0.24840585887432098,
          "y": -0.38127970695495605,
