{
  "metadata": {
    "armature_name": "KIM_caucasian_male",
    "export_time": "2026-01-13T21:02:33.625082",
    "blender_version": "4.4.1",
    "bone_count": 56,
    "end_bone_count": 13,
    "spaces_included": [
      "LOCAL_CHANNELS",
      "ARMATURE_SPACE",
      "WORLD_SPACE"
    ],
    "note": "LOCAL matches Transform panel; replay pose via local.matrix_basis for best fidelity."
  },
  "bones": {
    "Root": {
      "name": "Root",
      "local": {
        "location": {
          "x": 0.0,
          "y": 0.0,
          "z": 0.0
        },
        "rotation_quaternion": {
          "w": 0.9998356103897095,
          "x": 0.009657950140535831,
          "y": 0.014456749893724918,
          "z": 0.005156824830919504
        },
        "scale": {
          "x": 1.0,
          "y": 1.0,
          "z": 1.0
        },
        "matrix_basis": [
          [
            0.9995288252830505,
            -0.010032708756625652,
            0.029008354991674423,
            0.0
          ],
          [
            0.01059119962155819,
            0.9997602701187134,
            -0.019163623452186584,
            0.0
          ],
          [
            -0.028809137642383575,
            0.019461827352643013,
            0.9993954300880432,
            0.0
          ],
          [
            0.0,
            0.0,
            0.0,
            1.0
          ]
        ],
        "rotation_mode": "QUATERNION"
      },
      "armature_space": {
        "head": {
          "x": 0.0,
          "y": 0.07072800397872925,
          "z": -0.009595036506652832
        },
        "tail": {
          "x": -0.0007160932873375714,
          "y": -0.0001697838306427002,
          "z": -0.0013788072392344475
        }
      },
      "world_space": {
        "head": {
          "x": 0.0,
          "y": 0.13397200405597687,
          "z": 0.9402589797973633
        },
        "tail": {
          "x": -0.0007160932873375714,
          "y": 0.06307421624660492,
          "z": 0.948475182056427
        },
        "rotation_quaternion": {
          "w": 0.05772056430578232,
          "x": 0.9982147812843323,
          "y": -0.004171188920736313,
          "z": 0.014771312475204468
        },
        "matrix": [
          [
            0.9995288252830505,
            -0.010032708756625652,
            0.029008354991674423,
            0.0
          ],
          [
            -0.006622261367738247,
            -0.9933018684387207,
            -0.11535874009132385,
            0.13397200405597687
          ],
          [
            0.029971616342663765,
            0.11511214822530746,
            -0.9929072856903076,
            0.9402589797973633
          ],
          [
            0.0,
            0.0,
            0.0,
            1.0
          ]
        ]
      },
      "bone_length_armature_space": 0.07137587612634766,
      "parent": null,
      "has_children": true,
      "is_end_bone": false
    },
    "spine_01": {
      "name": "spine_01",
      "local": {
        "location": {
          "x": 0.0,
          "y": 0.0,
          "z": 0.0
        },
        "rotation_quaternion": {
          "w": 0.9926739931106567,
          "x": 0.10801493376493454,
          "y": 0.04508555307984352,
          "z": 0.029975907877087593
        },
        "scale": {
          "x": 1.0,
          "y": 1.0,
          "z": 1.0
        },
        "matrix_basis": [
          [
            0.9941374659538269,
            -0.04977278411388397,
            0.09598620235919952,
            0.0
          ],
          [
            0.06925243139266968,
            0.9748684167861938,
            -0.2117442637681961,
            0.0
          ],
          [
            -0.08303482085466385,
            0.21715019643306732,
            0.9726001620292664,
            0.0
          ],
          [
            0.0,
            0.0,
            0.0,
            1.0
          ]
        ],
        "rotation_mode": "QUATERNION"
      },
      "armature_space": {
        "head": {
          "x": -0.0007160932873375714,
          "y": -0.0001697838306427002,
          "z": -0.0013788072392344475
        },
        "tail": {
          "x": -0.039949171245098114,
          "y": -0.0928381010890007,
          "z": 0.47613731026649475
        }
      },
      "world_space": {
        "head": {
          "x": -0.0007160932873375714,
          "y": 0.06307421624660492,
          "z": 0.948475182056427
        },
        "tail": {
          "x": -0.039949171245098114,
          "y": -0.029594101011753082,
          "z": 1.4259912967681885
        },
        "rotation_quaternion": {
          "w": 0.6364374756813049,
          "x": 0.768804132938385,
          "y": -0.0006731846369802952,
          "z": 0.062347330152988434
        },
        "matrix": [
          [
            0.9922247529029846,
            -0.08039544522762299,
            0.09500832110643387,
            -0.0007160932873375714
          ],
          [
            0.07832474261522293,
            -0.18989361822605133,
            -0.9786756038665771,
            0.06307421624660492
          ],
          [
            0.09672325849533081,
            0.9785141944885254,
            -0.18212231993675232,
            0.948475182056427
          ],
          [
            0.0,
            0.0,
            0.0,
            1.0
          ]
        ]
      },
      "bone_length_armature_space": 0.4880043935281941,
      "parent": "Root",
      "has_children": true,
      "is_end_bone": false
    },
    "neck_01": {
      "name": "neck_01",
      "local": {
        "location": {
          "x": 0.0,
          "y": 0.0,
          "z": 0.0
        },
        "rotation_quaternion": {
          "w": 0.9911109209060669,
          "x": -0.10576275736093521,
          "y": 0.045228615403175354,
          "z": -0.06684227287769318
        },
        "scale": {
          "x": 1.0,
          "y": 1.0,
          "z": 1.0
        },
        "matrix_basis": [
          [
            0.986972987651825,
            0.12292920798063278,
            0.10379199683666229,
            0.0
          ],
          [
            -0.1420632153749466,
            0.9686927199363708,
            0.20359888672828674,
            0.0
          ],
          [
            -0.0755143016576767,
            -0.21569161117076874,
            0.9735372066497803,
            0.0
          ],
          [
            0.0,
            0.0,
            0.0,
            1.0
          ]
        ],
        "rotation_mode": "QUATERNION"
      },
      "armature_space": {
        "head": {
          "x": -0.042540669441223145,
          "y": -0.14068272709846497,
          "z": 0.5414665341377258
        },
        "tail": {
          "x": -0.036414820700883865,
          "y": -0.17565608024597168,
          "z": 0.6376439332962036
        }
      },
      "world_space": {
        "head": {
          "x": -0.042540669441223145,
          "y": -0.07743872702121735,
          "z": 1.4913206100463867
        },
        "tail": {
          "x": -0.036414820700883865,
          "y": -0.11241208016872406,
          "z": 1.5874979496002197
        },
        "rotation_quaternion": {
          "w": 0.5676849484443665,
          "x": 0.815963864326477,
          "y": 0.08466105908155441,
          "z": 0.06906027346849442
        },
        "matrix": [
          [
            0.9761264324188232,
            0.059751950204372406,
            0.20882312953472137,
            -0.042540669441223145
          ],
          [
            0.2165699005126953,
            -0.34113234281539917,
            -0.9147276282310486,
            -0.07743872702121735
          ],
          [
            0.016579896211624146,
            0.9381204843521118,
            -0.3459319472312927,
            1.4913206100463867
          ],
          [
            0.0,
            0.0,
            0.0,
            1.0
          ]
        ]
      },
      "bone_length_armature_space": 0.10252196708367757,
      "parent": "spine_01",
      "has_children": true,
      "is_end_bone": false
    },
    "head": {
      "name": "head",
      "local": {
        "location": {
          "x": 0.0,
          "y": 0.0,
          "z": 0.0
        },
        "rotation_quaternion": {
          "w": 0.9942336678504944,
          "x": -0.0930229052901268,
          "y": -0.03931817412376404,
          "z": -0.036059558391571045
        },
        "scale": {
          "x": 1.0,
          "y": 1.0,
          "z": 1.0
        },
        "matrix_basis": [
          [
            0.9943075776100159,
            0.079018235206604,
            -0.07147417217493057,
            0.0
          ],
          [
            -0.06438827514648438,
            0.9800928831100464,
            0.18780860304832458,
            0.0
          ],
          [
            0.08489163219928741,
            -0.1821374148130417,
            0.9796016216278076,
            0.0
          ],
          [
            0.0,
            0.0,
            0.0,
            1.0
          ]
        ],
        "rotation_mode": "QUATERNION"
      },
      "armature_space": {
        "head": {
          "x": -0.03641479089856148,
          "y": -0.17565619945526123,
          "z": 0.6376437544822693
        },
        "tail": {
          "x": -0.033571451902389526,
          "y": -0.143548384308815,
          "z": 0.7893484234809875
        }
      },
      "world_space": {
        "head": {
          "x": -0.03641479089856148,
          "y": -0.11241219937801361,
          "z": 1.5874977111816406
        },
        "tail": {
          "x": -0.033571451902389526,
          "y": -0.08030438423156738,
          "z": 1.7392024993896484
        },
        "rotation_quaternion": {
          "w": 0.7746578454971313,
          "x": 0.6286640167236328,
          "y": 0.058466970920562744,
          "z": 0.035614870488643646
        },
        "matrix": [
          [
            0.9906265139579773,
            0.01833346113562584,
            0.13536322116851807,
            -0.03641479089856148
          ],
          [
            0.128690704703331,
            0.20702673494815826,
            -0.9698345065116882,
            -0.11241219937801361
          ],
          [
            -0.04580439627170563,
            0.9781705141067505,
            0.2027273029088974,
            1.5874977111816406
          ],
          [
            0.0,
            0.0,
            0.0,
            1.0
          ]
        ]
      },
      "bone_length_armature_space": 0.1550912744374018,
      "parent": "neck_01",
      "has_children": false,
      "is_end_bone": true
    },
    "upperarm_l": {
      "name": "upperarm_l",
      "local": {
        "location": {
          "x": 0.0,
          "y": 0.0,
          "z": 0.0
        },
        "rotation_quaternion": {
          "w": 0.764961838722229,
          "x": 0.21491114795207977,
          "y": 0.3845156133174896,
          "z": 0.46988773345947266
        },
        "scale": {
          "x": 1.0,
          "y": 1.0,
          "z": 1.0
        },
        "matrix_basis": [
          [
            0.2627065181732178,
            -0.5536189675331116,
            0.7902477383613586,
            0.0
          ],
          [
            0.8841657638549805,
            0.46603742241859436,
            0.03256068751215935,
            0.0
          ],
          [
            -0.3863113224506378,
            0.6901559829711914,
            0.6119219064712524,
            0.0
          ],
          [
            0.0,
            0.0,
            0.0,
            1.0
          ]
        ],
        "rotation_mode": "QUATERNION"
      },
      "armature_space": {
        "head": {
          "x": 0.11199924349784851,
          "y": -0.11929281055927277,
          "z": 0.48963049054145813
        },
        "tail": {
          "x": 0.25233155488967896,
          "y": -0.3149563670158386,
          "z": 0.6072331666946411
        }
      },
      "world_space": {
        "head": {
          "x": 0.11199924349784851,
          "y": -0.056048810482025146,
          "z": 1.4394844770431519
        },
        "tail": {
          "x": 0.25233155488967896,
          "y": -0.2517123818397522,
          "z": 1.5570871829986572
        },
        "rotation_quaternion": {
          "w": 0.2315552830696106,
          "x": 0.9299892783164978,
          "y": 0.2851254642009735,
          "z": 0.014336504973471165
        },
        "matrix": [
          [
            0.8369957804679871,
            0.5236878395080566,
            0.15871092677116394,
            0.11199924349784851
          ],
          [
            0.5369671583175659,
            -0.7301712036132812,
            -0.42251262068748474,
            -0.056048810482025146
          ],
          [
            -0.10537882149219513,
            0.43886613845825195,
            -0.892359733581543,
            1.4394844770431519
          ],
          [
            0.0,
            0.0,
            0.0,
            1.0
          ]
        ]
      },
      "bone_length_armature_space": 0.26796972549861486,
      "parent": "spine_01",
      "has_children": true,
      "is_end_bone": false
    },
    "lowerarm_l": {
      "name": "lowerarm_l",
      "local": {
        "location": {
          "x": 0.0,
          "y": 0.0,
          "z": 0.0
        },
        "rotation_quaternion": {
          "w": 0.8763382434844971,
          "x": 0.47335511445999146,
          "y": -0.08766297250986099,
          "z": 0.01677572727203369
        },
        "scale": {
          "x": 1.0,
          "y": 1.0,
          "z": 1.0
        },
        "matrix_basis": [
          [
            0.9840675592422485,
            -0.11239385604858398,
            -0.13776308298110962,
            0.0
          ],
          [
            -0.05358900874853134,
            0.5513070225715637,
            -0.8325796127319336,
            0.0
          ],
          [
            0.1695265769958496,
            0.8266971707344055,
            0.5365002751350403,
            0.0
          ],
          [
            0.0,
            0.0,
            0.0,
            1.0
          ]
        ],
        "rotation_mode": "QUATERNION"
      },
      "armature_space": {
        "head": {
          "x": 0.25233152508735657,
          "y": -0.31495651602745056,
          "z": 0.6072331666946411
        },
        "tail": {
          "x": 0.2912392318248749,
          "y": -0.5353631973266602,
          "z": 0.46068352460861206
        }
      },
      "world_space": {
        "head": {
          "x": 0.25233152508735657,
          "y": -0.25171250104904175,
          "z": 1.5570871829986572
        },
        "tail": {
          "x": 0.2912392318248749,
          "y": -0.47211921215057373,
          "z": 1.4105374813079834
        },
        "rotation_quaternion": {
          "w": 0.257408082485199,
          "x": -0.9225353598594666,
          "y": -0.14766140282154083,
          "z": 0.24670979380607605
        },
        "matrix": [
          [
            0.8346607089042664,
            0.14543607831001282,
            -0.5312154293060303,
            0.25233152508735657
          ],
          [
            0.3994561731815338,
            -0.8238749504089355,
            0.4020761549472809,
            -0.25171250104904175
          ],
          [
            -0.379180908203125,
            -0.5477989912033081,
            -0.7457561492919922,
            1.5570871829986572
          ],
          [
            0.0,
            0.0,
            0.0,
            1.0
          ]
        ]
      },
      "bone_length_armature_space": 0.2675251608137389,
      "parent": "upperarm_l",
      "has_children": true,
      "is_end_bone": false
    },
    "metacarpal_thumb_l": {
      "name": "metacarpal_thumb_l",
      "local": {
        "location": {
          "x": 0.0,
          "y": 0.0,
          "z": 0.0
        },
        "rotation_quaternion": {
          "w": 0.9991043210029602,
          "x": -0.04189791530370712,
          "y": -0.0007481841603294015,
          "z": 0.005897223949432373
        },
        "scale": {
          "x": 1.0,
          "y": 1.0,
          "z": 1.0
        },
        "matrix_basis": [
          [
            0.9999293088912964,
            -0.011721189133822918,
            -0.0019891909323632717,
            0.0
          ],
          [
            0.011846578679978848,
            0.9964195489883423,
            0.08371195197105408,
            0.0
          ],
          [
            0.001000865246169269,
            -0.08372960239648819,
            0.9964880347251892,
            0.0
          ],
          [
            0.0,
            0.0,
            0.0,
            1.0
          ]
        ],
        "rotation_mode": "QUATERNION"
      },
      "armature_space": {
        "head": {
          "x": 0.2912392318248749,
          "y": -0.5353631973266602,
          "z": 0.46068352460861206
        },
        "tail": {
          "x": 0.2852669060230255,
          "y": -0.5538696050643921,
          "z": 0.41512632369995117
        }
      },
      "world_space": {
        "head": {
          "x": 0.2912392318248749,
          "y": -0.47211921215057373,
          "z": 1.4105374813079834
        },
        "tail": {
          "x": 0.2852669060230255,
          "y": -0.49062561988830566,
          "z": 1.3649803400039673
        },
        "rotation_quaternion": {
          "w": 0.47180622816085815,
          "x": -0.7506805658340454,
          "y": 0.30098679661750793,
          "z": -0.3511188328266144
        },
        "matrix": [
          [
            0.5722450017929077,
            -0.1205708235502243,
            0.8111709952354431,
            0.2912392318248749
          ],
          [
            -0.7832102179527283,
            -0.37361210584640503,
            0.49698713421821594,
            -0.47211921215057373
          ],
          [
            0.24314218759536743,
            -0.9197221994400024,
            -0.3082316219806671,
            1.4105374813079834
          ],
          [
            0.0,
            0.0,
            0.0,
            1.0
          ]
        ]
      },
      "bone_length_armature_space": 0.04953397263167596,
      "parent": "lowerarm_l",
      "has_children": true,
      "is_end_bone": false
    },
    "thumb_01_l": {
      "name": "thumb_01_l",
      "local": {
        "location": {
          "x": 0.0,
          "y": 0.0,
          "z": 0.0
        },
        "rotation_quaternion": {
          "w": 0.9969018697738647,
          "x": -0.07828587293624878,
          "y": -0.002161862561479211,
          "z": -0.007317433133721352
        },
        "scale": {
          "x": 1.0,
          "y": 1.0,
          "z": 1.0
        },
        "matrix_basis": [
          [
            0.9998835921287537,
            0.014928012154996395,
            -0.0031646264251321554,
            0.0
          ],
          [
            -0.014251039363443851,
            0.9876355528831482,
            0.15611830353736877,
            0.0
          ],
          [
            0.0054560331627726555,
            -0.1560550332069397,
            0.9877333045005798,
            0.0
          ],
          [
            0.0,
            0.0,
            0.0,
            1.0
          ]
        ],
        "rotation_mode": "QUATERNION"
      },
      "armature_space": {
        "head": {
          "x": 0.2852669060230255,
          "y": -0.5538696050643921,
          "z": 0.41512632369995117
        },
        "tail": {
          "x": 0.2968154847621918,
          "y": -0.5428315997123718,
          "z": 0.38506922125816345
        }
      },
      "world_space": {
        "head": {
          "x": 0.2852669060230255,
          "y": -0.49062561988830566,
          "z": 1.3649803400039673
        },
        "tail": {
          "x": 0.2968154847621918,
          "y": -0.4795876145362854,
          "z": 1.334923267364502
        },
        "rotation_quaternion": {
          "w": 0.41577526926994324,
          "x": -0.09803127497434616,
          "y": 0.6994786858558655,
          "z": -0.5729314088821411
        },
        "matrix": [
          [
            -0.6350393295288086,
            0.33927953243255615,
            0.6939845681190491,
            0.2852669060230255
          ],
          [
            -0.6135659217834473,
            0.3242788016796112,
            -0.7199865579605103,
            -0.49062561988830566
          ],
          [
            -0.4693247079849243,
            -0.8830306529998779,
            0.002240002155303955,
            1.3649803400039673
          ],
          [
            0.0,
            0.0,
            0.0,
            1.0
          ]
        ]
      },
      "bone_length_armature_space": 0.0340387520061764,
      "parent": "metacarpal_thumb_l",
      "has_children": true,
      "is_end_bone": false
    },
    "thumb_02_l": {
      "name": "thumb_02_l",
      "local": {
        "location": {
          "x": 0.0,
          "y": 0.0,
          "z": 0.0
        },
        "rotation_quaternion": {
          "w": 0.9974172115325928,
          "x": 0.07152274250984192,
          "y": -0.001459970255382359,
          "z": 0.006425477564334869
        },
        "scale": {
          "x": 1.0,
          "y": 1.0,
          "z": 1.0
        },
        "matrix_basis": [
          [
            0.9999131560325623,
            -0.013026606291532516,
            -0.0019932633731514215,
            0.0
          ],
          [
            0.012608922086656094,
            0.9896864295005798,
            -0.14269478619098663,
            0.0
          ],
          [
            0.0038315344136208296,
            0.14265726506710052,
            0.9897647500038147,
            0.0
          ],
          [
            0.0,
            0.0,
            0.0,
            1.0
          ]
        ],
        "rotation_mode": "QUATERNION"
      },
      "armature_space": {
        "head": {
          "x": 0.2968154847621918,
          "y": -0.542831540107727,
          "z": 0.38506925106048584
        },
        "tail": {
          "x": 0.3036038279533386,
          "y": -0.5734414458274841,
          "z": 0.3599666655063629
        }
      },
      "world_space": {
        "head": {
          "x": 0.2968154847621918,
          "y": -0.4795875549316406,
          "z": 1.334923267364502
        },
        "tail": {
          "x": 0.3036038279533386,
          "y": -0.5101974606513977,
          "z": 1.3098206520080566
        },
        "rotation_quaternion": {
          "w": 0.045487284660339355,
          "x": 0.12338366359472275,
          "y": 0.3418672978878021,
          "z": -0.9305021166801453
        },
        "matrix": [
          [
            -0.9654149413108826,
            0.16901369392871857,
            -0.19851574301719666,
            0.2968154847621918
          ],
          [
            -0.00029088975861668587,
            -0.7621157765388489,
            -0.6474410891532898,
            -0.4795875549316406
          ],
          [
            -0.2607201039791107,
            -0.6249961853027344,
            0.7358114123344421,
            1.334923267364502
          ],
          [
            0.0,
            0.0,
            0.0,
            1.0
          ]
        ]
      },
      "bone_length_armature_space": 0.040164508168653336,
      "parent": "thumb_01_l",
      "has_children": true,
      "is_end_bone": false
    },
    "thumb_03_l": {
      "name": "thumb_03_l",
      "local": {
        "location": {
          "x": 0.0,
          "y": 0.0,
          "z": 0.0
        },
        "rotation_quaternion": {
          "w": 0.9971564412117004,
          "x": 0.07524731755256653,
          "y": 0.0038524686824530363,
          "z": 0.001462137675844133
        },
        "scale": {
          "x": 1.0,
          "y": 1.0,
          "z": 1.0
        },
        "matrix_basis": [
          [
            0.999966025352478,
            -0.0023361840285360813,
            0.00790307205170393,
            0.0
          ],
          [
            0.003495735814794898,
            0.9886714220046997,
            -0.1500554233789444,
            0.0
          ],
          [
            -0.007462983950972557,
            0.1500779539346695,
            0.9886459708213806,
            0.0
          ],
          [
            0.0,
            0.0,
            0.0,
            1.0
          ]
        ],
        "rotation_mode": "QUATERNION"
      },
      "armature_space": {
        "head": {
          "x": 0.30360376834869385,
          "y": -0.5734413862228394,
          "z": 0.35996660590171814
        },
        "tail": {
          "x": 0.30888134241104126,
          "y": -0.6024905443191528,
          "z": 0.3525378108024597
        }
      },
      "world_space": {
        "head": {
          "x": 0.30360376834869385,
          "y": -0.5101974010467529,
          "z": 1.3098206520080566
        },
        "tail": {
          "x": 0.30888134241104126,
          "y": -0.5392465591430664,
          "z": 1.302391767501831
        },
        "rotation_quaternion": {
          "w": 0.03956513851881027,
          "x": 0.3420024514198303,
          "y": 0.14614111185073853,
          "z": -0.9274221062660217
        },
        "matrix": [
          [
            -0.7629380822181702,
            0.17334811389446259,
            -0.6227969527244568,
            0.30360376834869385
          ],
          [
            0.026573702692985535,
            -0.9541552662849426,
            -0.29813122749328613,
            -0.5101974010467529
          ],
          [
            -0.6459296345710754,
            -0.24400800466537476,
            0.7233592867851257,
            1.3098206520080566
          ],
          [
            0.0,
            0.0,
            0.0,
            1.0
          ]
        ]
      },
      "bone_length_armature_space": 0.030444923341104296,
      "parent": "thumb_02_l",
      "has_children": false,
      "is_end_bone": true
    },
    "metacarpal_index_l": {
      "name": "metacarpal_index_l",
      "local": {
        "location": {
          "x": 0.0,
          "y": 0.0,
          "z": 0.0
        },
        "rotation_quaternion": {
          "w": 0.9992139339447021,
          "x": -0.03809778392314911,
          "y": 0.0026469791773706675,
          "z": 0.010638012550771236
        },
        "scale": {
          "x": 1.0,
          "y": 1.0,
          "z": 1.0
        },
        "matrix_basis": [
          [
            0.9997596740722656,
            -0.021460989490151405,
            0.004479227587580681,
            0.0
          ],
          [
            0.0210576131939888,
            0.996870756149292,
            0.0761919915676117,
            0.0
          ],
          [
            -0.006100366357713938,
            -0.0760793536901474,
            0.9970831274986267,
            0.0
          ],
          [
            0.0,
            0.0,
            0.0,
            1.0
          ]
        ],
        "rotation_mode": "QUATERNION"
      },
      "armature_space": {
        "head": {
          "x": 0.2912392318248749,
          "y": -0.5353631973266602,
          "z": 0.46068352460861206
        },
        "tail": {
          "x": 0.28786444664001465,
          "y": -0.6159656047821045,
          "z": 0.37570589780807495
        }
      },
      "world_space": {
        "head": {
          "x": 0.2912392318248749,
          "y": -0.47211921215057373,
          "z": 1.4105374813079834
        },
        "tail": {
          "x": 0.28786444664001465,
          "y": -0.5527216196060181,
          "z": 1.3255598545074463
        },
        "rotation_quaternion": {
          "w": 0.3857044577598572,
          "x": -0.904143750667572,
          "y": 0.08533784747123718,
          "z": -0.16270719468593597
        },
        "matrix": [
          [
            0.9324876666069031,
            -0.028801923617720604,
            0.36005160212516785,
            0.2912392318248749
          ],
          [
            -0.2798289954662323,
            -0.687899649143219,
            0.6696941256523132,
            -0.47211921215057373
          ],
          [
            0.22839224338531494,
            -0.7252399921417236,
            -0.6495214700698853,
            1.4105374813079834
          ],
          [
            0.0,
            0.0,
            0.0,
            1.0
          ]
        ]
      },
      "bone_length_armature_space": 0.11717224233643216,
      "parent": "lowerarm_l",
      "has_children": true,
      "is_end_bone": false
    },
    "index_01_l": {
      "name": "index_01_l",
      "local": {
        "location": {
          "x": 0.0,
          "y": 0.0,
          "z": 0.0
        },
        "rotation_quaternion": {
          "w": 0.9937649965286255,
          "x": -0.11030131578445435,
          "y": 0.0015467354096472263,
          "z": 0.0161985382437706
        },
        "scale": {
          "x": 1.0,
          "y": 1.0,
          "z": 1.0
        },
        "matrix_basis": [
          [
            0.9994704127311707,
            -0.03253629431128502,
            -0.0004992571193724871,
            0.0
          ],
          [
            0.03185386583209038,
            0.9751424789428711,
            0.2192772775888443,
            0.0
          ],
          [
            -0.006647623144090176,
            -0.21917706727981567,
            0.9756624698638916,
            0.0
          ],
          [
            0.0,
            0.0,
            0.0,
            1.0
          ]
        ],
        "rotation_mode": "QUATERNION"
      },
      "armature_space": {
        "head": {
          "x": 0.28786444664001465,
          "y": -0.6159656047821045,
          "z": 0.37570589780807495
        },
        "tail": {
          "x": 0.2913544476032257,
          "y": -0.6424010992050171,
          "z": 0.3656035363674164
        }
      },
      "world_space": {
        "head": {
          "x": 0.28786444664001465,
          "y": -0.5527216196060181,
          "z": 1.3255598545074463
        },
        "tail": {
          "x": 0.2913544476032257,
          "y": -0.5791571140289307,
          "z": 1.3154575824737549
        },
        "rotation_quaternion": {
          "w": 0.19021791219711304,
          "x": -0.9519785642623901,
          "y": -0.016461458057165146,
          "z": -0.2393387258052826
        },
        "matrix": [
          [
            0.8848921656608582,
            0.12239467352628708,
            0.44942790269851685,
            0.28786444664001465
          ],
          [
            -0.05971077084541321,
            -0.9270928502082825,
            0.3700459599494934,
            -0.5527216196060181
          ],
          [
            0.4619561731815338,
            -0.354289710521698,
            -0.8130741119384766,
            1.3255598545074463
          ],
          [
            0.0,
            0.0,
            0.0,
            1.0
          ]
        ]
      },
      "bone_length_armature_space": 0.0285144378636936,
      "parent": "metacarpal_index_l",
      "has_children": true,
      "is_end_bone": false
    },
    "index_02_l": {
      "name": "index_02_l",
      "local": {
        "location": {
          "x": 0.0,
          "y": 0.0,
          "z": 0.0
        },
        "rotation_quaternion": {
          "w": 0.999687671661377,
          "x": 0.023853149265050888,
          "y": 0.0008035103091970086,
          "z": -0.007406502030789852
        },
        "scale": {
          "x": 1.0,
          "y": 1.0,
          "z": 1.0
        },
        "matrix_basis": [
          [
            0.9998890161514282,
            0.014846710488200188,
            0.0012531819520518184,
            0.0
          ],
          [
            -0.014770044945180416,
            0.9987523555755615,
            -0.047703299671411514,
            0.0
          ],
          [
            -0.0019598554354161024,
            0.04767949506640434,
            0.998860776424408,
            0.0
          ],
          [
            0.0,
            0.0,
            0.0,
            1.0
          ]
        ],
        "rotation_mode": "QUATERNION"
      },
      "armature_space": {
        "head": {
          "x": 0.2913544476032257,
          "y": -0.6424012780189514,
          "z": 0.3656030297279358
        },
        "tail": {
          "x": 0.2956236004829407,
          "y": -0.6660926938056946,
          "z": 0.35673826932907104
        }
      },
      "world_space": {
        "head": {
          "x": 0.2913544476032257,
          "y": -0.579157292842865,
          "z": 1.3154571056365967
        },
        "tail": {
          "x": 0.2956236004829407,
          "y": -0.6028487086296082,
          "z": 1.3065922260284424
        },
        "rotation_quaternion": {
          "w": 0.19037045538425446,
          "x": -0.9574365019798279,
          "y": -0.044692762196063995,
          "z": -0.21231357753276825
        },
        "matrix": [
          [
            0.9058511853218079,
            0.16641728579998016,
            0.38953691720962524,
            0.2913544476032257
          ],
          [
            0.004744884092360735,
            -0.9235237240791321,
            0.38351261615753174,
            -0.579157292842865
          ],
          [
            0.4235726594924927,
            -0.345560222864151,
            -0.8373700976371765,
            1.3154571056365967
          ],
          [
            0.0,
            0.0,
            0.0,
            1.0
          ]
        ]
      },
      "bone_length_armature_space": 0.025653320434885905,
      "parent": "index_01_l",
      "has_children": true,
      "is_end_bone": false
    },
    "index_03_l": {
      "name": "index_03_l",
      "local": {
        "location": {
          "x": 0.0,
          "y": 0.0,
          "z": 0.0
        },
        "rotation_quaternion": {
          "w": 0.9996902346611023,
          "x": 0.02428312413394451,
          "y": 0.0009362702257931232,
          "z": 0.0053722793236374855
        },
        "scale": {
          "x": 1.0,
          "y": 1.0,
          "z": 1.0
        },
        "matrix_basis": [
          [
            0.9999405145645142,
            -0.01069575920701027,
            0.002132871886715293,
            0.0
          ],
          [
            0.010786701925098896,
            0.9987629652023315,
            -0.04854114353656769,
            0.0
          ],
          [
            -0.0016110489377751946,
            0.04856126382946968,
            0.9988189339637756,
            0.0
          ],
          [
            0.0,
            0.0,
            0.0,
            1.0
          ]
        ],
        "rotation_mode": "QUATERNION"
      },
      "armature_space": {
        "head": {
          "x": 0.2956235110759735,
          "y": -0.6660927534103394,
          "z": 0.3567383885383606
        },
        "tail": {
          "x": 0.30418577790260315,
          "y": -0.6911814212799072,
          "z": 0.3444509208202362
        }
      },
      "world_space": {
        "head": {
          "x": 0.2956235110759735,
          "y": -0.6028487682342529,
          "z": 1.3065924644470215
        },
        "tail": {
          "x": 0.30418577790260315,
          "y": -0.6279374361038208,
          "z": 1.2943049669265747
        },
        "rotation_quaternion": {
          "w": 0.2500287890434265,
          "x": -0.9311434030532837,
          "y": -0.09033506363630295,
          "z": -0.24959418177604675
        },
        "matrix": [
          [
            0.8590850234031677,
            0.2930411398410797,
            0.41964271664619446,
            0.2956235110759735
          ],
          [
            0.04341903701424599,
            -0.8586508631706238,
            0.5107191205024719,
            -0.6028487682342529
          ],
          [
            0.5099918246269226,
            -0.42053425312042236,
            -0.7503823041915894,
            1.3065924644470215
          ],
          [
            0.0,
            0.0,
            0.0,
            1.0
          ]
        ]
      },
      "bone_length_armature_space": 0.029218752706712137,
      "parent": "index_02_l",
      "has_children": false,
      "is_end_bone": true
    },
    "metacarpal_pinky_l": {
      "name": "metacarpal_pinky_l",
      "local": {
        "location": {
          "x": 0.0,
          "y": 0.0,
          "z": 0.0
        },
        "rotation_quaternion": {
          "w": 0.9985583424568176,
          "x": -0.051774799823760986,
          "y": 0.013136261142790318,
          "z": 0.005307844374328852
        },
        "scale": {
          "x": 1.0,
          "y": 1.0,
          "z": 1.0
        },
        "matrix_basis": [
          [
            0.999598503112793,
            -0.01196063868701458,
            0.0256850216537714,
            0.0
          ],
          [
            0.009240129962563515,
            0.9945824146270752,
            0.10353976488113403,
            0.0
          ],
          [
            -0.026784271001815796,
            -0.10326086729764938,
            0.9942936301231384,
            0.0
          ],
          [
            0.0,
            0.0,
            0.0,
            1.0
          ]
        ],
        "rotation_mode": "QUATERNION"
      },
      "armature_space": {
        "head": {
          "x": 0.2912392318248749,
          "y": -0.5353631973266602,
          "z": 0.46068352460861206
        },
        "tail": {
          "x": 0.33299630880355835,
          "y": -0.6255740523338318,
          "z": 0.42967402935028076
        }
      },
      "world_space": {
        "head": {
          "x": 0.2912392318248749,
          "y": -0.47211921215057373,
          "z": 1.4105374813079834
        },
        "tail": {
          "x": 0.33299630880355835,
          "y": -0.5623300671577454,
          "z": 1.3795280456542969
        },
        "rotation_quaternion": {
          "w": 0.05596887320280075,
          "x": 0.632473349571228,
          "y": 0.2524019777774811,
          "z": -0.7301630973815918
        },
        "matrix": [
          [
            -0.19369052350521088,
            0.4010060131549835,
            -0.8953648209571838,
            0.2912392318248749
          ],
          [
            0.2375413328409195,
            -0.8663226366043091,
            -0.43938544392585754,
            -0.47211921215057373
          ],
          [
            -0.9518772959709167,
            -0.29779380559921265,
            0.07254300266504288,
            1.4105374813079834
          ],
          [
            0.0,
            0.0,
            0.0,
            1.0
          ]
        ]
      },
      "bone_length_armature_space": 0.10413088121747559,
      "parent": "lowerarm_l",
      "has_children": true,
      "is_end_bone": false
    },
    "pinky_01_l": {
      "name": "pinky_01_l",
      "local": {
        "location": {
          "x": 0.0,
          "y": 0.0,
          "z": 0.0
        },
        "rotation_quaternion": {
          "w": 0.993057131767273,
          "x": -0.11575406789779663,
          "y": -0.01925607956945896,
          "z": -0.0082321185618639
        },
        "scale": {
          "x": 1.0,
          "y": 1.0,
          "z": 1.0
        },
        "matrix_basis": [
          [
            0.9991228580474854,
            0.020807867869734764,
            -0.03633897006511688,
            0.0
          ],
          [
            -0.011891989037394524,
            0.9730664491653442,
            0.230217844247818,
            0.0
          ],
          [
            0.04015057533979416,
            -0.2295837700366974,
            0.9724603891372681,
            0.0
          ],
          [
            0.0,
            0.0,
            0.0,
            1.0
          ]
        ],
        "rotation_mode": "QUATERNION"
      },
      "armature_space": {
        "head": {
          "x": 0.33299630880355835,
          "y": -0.6255740523338318,
