{
  "metadata": {
    "armature_name": "KIM_caucasian_male",
    "export_time": "2026-01-13T20:55:19.418316",
    "blender_version": "4.4.1",
    "bone_count": 56,
    "end_bone_count": 13,
    "spaces_included": [
      "LOCAL_CHANNELS",
      "ARMATURE_SPACE",
      "WORLD_SPACE"
    ],
    "note": "LOCAL matches Transform panel; replay pose via local.matrix_basis for best fidelity."
  },
  "bones": {
    "Root": {
      "name": "Root",
      "local": {
        "location": {
          "x": 0.0,
          "y": 0.0,
          "z": 0.0
        },
        "rotation_quaternion": {
          "w": 0.9997544288635254,
          "x": -0.01639673300087452,
          "y": -0.007881184108555317,
          "z": -0.012661146000027657
        },
        "scale": {
          "x": 1.0,
          "y": 1.0,
          "z": 1.0
        },
        "matrix_basis": [
          [
            0.9995551705360413,
            0.02557452581822872,
            -0.015343294478952885,
            0.0
          ],
          [
            -0.02505762316286564,
            0.9991416931152344,
            0.032984983175992966,
            0.0
          ],
          [
            0.016173699870705605,
            -0.03258584439754486,
            0.9993380904197693,
            0.0
          ],
          [
            0.0,
            0.0,
            0.0,
            1.0
          ]
        ],
        "rotation_mode": "QUATERNION"
      },
      "armature_space": {
        "head": {
          "x": 0.0,
          "y": 0.07072800397872925,
          "z": -0.009595036506652832
        },
        "tail": {
          "x": 0.0018254040041938424,
          "y": 0.0003733709454536438,
          "z": 0.0022965120151638985
        }
      },
      "world_space": {
        "head": {
          "x": 0.0,
          "y": 0.13397200405597687,
          "z": 0.9402589797973633
        },
        "tail": {
          "x": 0.0018254040041938424,
          "y": 0.06361737102270126,
          "z": 0.9521505236625671
        },
        "rotation_quaternion": {
          "w": 0.08371059596538544,
          "x": 0.996378481388092,
          "y": 0.012101446278393269,
          "z": -0.008716237731277943
        },
        "matrix": [
          [
            0.9995551705360413,
            0.02557452581822872,
            -0.015343294478952885,
            0.0
          ],
          [
            0.022655954584479332,
            -0.9856921434402466,
            -0.1670263111591339,
            0.13397200405597687
          ],
          [
            -0.01939549669623375,
            0.16660460829734802,
            -0.9858401417732239,
            0.9402589797973633
          ],
          [
            0.0,
            0.0,
            0.0,
            1.0
          ]
        ]
      },
      "bone_length_armature_space": 0.07137587556807448,
      "parent": null,
      "has_children": true,
      "is_end_bone": false
    },
    "spine_01": {
      "name": "spine_01",
      "local": {
        "location": {
          "x": 0.0,
          "y": 0.0,
          "z": 0.0
        },
        "rotation_quaternion": {
          "w": 0.9973161220550537,
          "x": 0.04963257908821106,
          "y": -0.04175898805260658,
          "z": 0.0339631661772728
        },
        "scale": {
          "x": 1.0,
          "y": 1.0,
          "z": 1.0
        },
        "matrix_basis": [
          [
            0.9942053556442261,
            -0.0718892365694046,
            -0.07992246747016907,
            0.0
          ],
          [
            0.06359881162643433,
            0.9927662014961243,
            -0.10183528065681458,
            0.0
          ],
          [
            0.08666518330574036,
            0.09616220742464066,
            0.9915856122970581,
            0.0
          ],
          [
            0.0,
            0.0,
            0.0,
            1.0
          ]
        ],
        "rotation_mode": "QUATERNION"
      },
      "armature_space": {
        "head": {
          "x": 0.0018254040041938424,
          "y": 0.0003733709454536438,
          "z": 0.0022965120151638985
        },
        "tail": {
          "x": -0.023614365607500076,
          "y": -0.008590376935899258,
          "z": 0.4895551800727844
        }
      },
      "world_space": {
        "head": {
          "x": 0.0018254040041938424,
          "y": 0.06361737102270126,
          "z": 0.9521505236625671
        },
        "tail": {
          "x": -0.023614365607500076,
          "y": 0.05465362221002579,
          "z": 1.4394092559814453
        },
        "rotation_quaternion": {
          "w": 0.699504017829895,
          "x": 0.7135676145553589,
          "y": -0.03885619342327118,
          "z": -0.002374915173277259
        },
        "matrix": [
          [
            0.9969691038131714,
            -0.05213054269552231,
            -0.057749807834625244,
            0.0018254040041938424
          ],
          [
            -0.05877590924501419,
            -0.01836828887462616,
            -0.9981023669242859,
            0.06361737102270126
          ],
          [
            0.050971150398254395,
            0.998478353023529,
            -0.021377727389335632,
            0.9521505236625671
          ],
          [
            0.0,
            0.0,
            0.0,
            1.0
          ]
        ]
      },
      "bone_length_armature_space": 0.48800466336233134,
      "parent": "Root",
      "has_children": true,
      "is_end_bone": false
    },
    "neck_01": {
      "name": "neck_01",
      "local": {
        "location": {
          "x": 0.0,
          "y": 0.0,
          "z": 0.0
        },
        "rotation_quaternion": {
          "w": 0.9965354204177856,
          "x": -0.05979957804083824,
          "y": -0.05492755398154259,
          "z": -0.018007460981607437
        },
        "scale": {
          "x": 1.0,
          "y": 1.0,
          "z": 1.0
        },
        "matrix_basis": [
          [
            0.9933173656463623,
            0.042459435760974884,
            -0.10732083022594452,
            0.0
          ],
          [
            -0.02932085655629635,
            0.9921994805335999,
            0.12116300314664841,
            0.0
          ],
          [
            0.11162818223237991,
            -0.11720658093690872,
            0.9868139624595642,
            0.0
          ],
          [
            0.0,
            0.0,
            0.0,
            1.0
          ]
        ],
        "rotation_mode": "QUATERNION"
      },
      "armature_space": {
        "head": {
          "x": -0.029434071853756905,
          "y": -0.04454990476369858,
          "z": 0.5619208812713623
        },
        "tail": {
          "x": -0.031806640326976776,
          "y": -0.07410278916358948,
          "z": 0.6600623726844788
        }
      },
      "world_space": {
        "head": {
          "x": -0.029434071853756905,
          "y": 0.018694095313549042,
          "z": 1.5117748975753784
        },
        "tail": {
          "x": -0.031806640326976776,
          "y": -0.010858789086341858,
          "z": 1.6099164485931396
        },
        "rotation_quaternion": {
          "w": 0.5940760374069214,
          "x": 0.8007824420928955,
          "y": -0.054249558597803116,
          "z": -0.053648076951503754
        },
        "matrix": [
          [
            0.9883577823638916,
            -0.023142188787460327,
            -0.15037763118743896,
            -0.029434071853756905
          ],
          [
            -0.15062634646892548,
            -0.2882607877254486,
            -0.9456309676170349,
            0.018694095313549042
          ],
          [
            -0.021464284509420395,
            0.9572787284851074,
            -0.2883935272693634,
            1.5117748975753784
          ],
          [
            0.0,
            0.0,
            0.0,
            1.0
          ]
        ]
      },
      "bone_length_armature_space": 0.10252196869823921,
      "parent": "spine_01",
      "has_children": true,
      "is_end_bone": false
    },
    "head": {
      "name": "head",
      "local": {
        "location": {
          "x": 0.0,
          "y": 0.0,
          "z": 0.0
        },
        "rotation_quaternion": {
          "w": 0.9728467464447021,
          "x": 0.1014287918806076,
          "y": -0.08975345641374588,
          "z": -0.18768499791622162
        },
        "scale": {
          "x": 1.0,
          "y": 1.0,
          "z": 1.0
        },
        "matrix_basis": [
          [
            0.9134373068809509,
            0.3469703197479248,
            -0.2127060443162918,
            0.0
          ],
          [
            -0.383384644985199,
            0.9089730978012085,
            -0.16365858912467957,
            0.0
          ],
          [
            0.136559396982193,
            0.2310400903224945,
            0.9633130431175232,
            0.0
          ],
          [
            0.0,
            0.0,
            0.0,
            1.0
          ]
        ],
        "rotation_mode": "QUATERNION"
      },
      "armature_space": {
        "head": {
          "x": -0.03180666267871857,
          "y": -0.07410291582345963,
          "z": 0.6600622534751892
        },
        "tail": {
          "x": 0.020458828657865524,
          "y": -0.10735996067523956,
          "z": 0.8022435903549194
        }
      },
      "world_space": {
        "head": {
          "x": -0.03180666267871857,
          "y": -0.010858915746212006,
          "z": 1.6099162101745605
        },
        "tail": {
          "x": 0.020458828657865524,
          "y": -0.04411596059799194,
          "z": 1.7520976066589355
        },
        "rotation_quaternion": {
          "w": 0.6266160607337952,
          "x": 0.7362358570098877,
          "y": 0.011584827676415443,
          "z": -0.25529390573501587
        },
        "matrix": [
          [
            0.8693825006484985,
            0.3370005786418915,
            -0.36139294505119324,
            -0.03180666267871857
          ],
          [
            -0.3028823137283325,
            -0.21443676948547363,
            -0.9285901188850403,
            -0.010858915746212006
          ],
          [
            -0.39043426513671875,
            0.9167655110359192,
            -0.08435755223035812,
            1.6099162101745605
          ],
          [
            0.0,
            0.0,
            0.0,
            1.0
          ]
        ]
      },
      "bone_length_armature_space": 0.15509108415981981,
      "parent": "neck_01",
      "has_children": false,
      "is_end_bone": true
    },
    "upperarm_l": {
      "name": "upperarm_l",
      "local": {
        "location": {
          "x": 0.0,
          "y": 0.0,
          "z": 0.0
        },
        "rotation_quaternion": {
          "w": 0.9178588390350342,
          "x": 0.19494560360908508,
          "y": -0.32966163754463196,
          "z": 0.1041853278875351
        },
        "scale": {
          "x": 1.0,
          "y": 1.0,
          "z": 1.0
        },
        "matrix_basis": [
          [
            0.7609372735023499,
            -0.31978702545166016,
            -0.5645447373390198,
            0.0
          ],
          [
            0.06272267550230026,
            0.902283251285553,
            -0.42655691504478455,
            0.0
          ],
          [
            0.6457866430282593,
            0.28917327523231506,
            0.7066388130187988,
            0.0
          ],
          [
            0.0,
            0.0,
            0.0,
            1.0
          ]
        ],
        "rotation_mode": "QUATERNION"
      },
      "armature_space": {
        "head": {
          "x": 0.12343070656061172,
          "y": -0.05531487613916397,
          "z": 0.5023928880691528
        },
        "tail": {
          "x": 0.36104559898376465,
          "y": -0.14110296964645386,
          "z": 0.5917644500732422
        }
      },
      "world_space": {
        "head": {
          "x": 0.12343070656061172,
          "y": 0.007929123938083649,
          "z": 1.452246904373169
        },
        "tail": {
          "x": 0.36104559898376465,
          "y": -0.07785896956920624,
          "z": 1.5416184663772583
        },
        "rotation_quaternion": {
          "w": 0.5643855929374695,
          "x": 0.4676521122455597,
          "y": 0.14627580344676971,
          "z": -0.6643597483634949
        },
        "matrix": [
          [
            0.07446080446243286,
            0.8867238759994507,
            -0.4562634527683258,
            0.12343070656061172
          ],
          [
            -0.6130978465080261,
            -0.3201413154602051,
            -0.7222334742546082,
            0.007929123938083649
          ],
          [
            -0.7864963412284851,
            0.3335140645503998,
            0.5198132991790771,
            1.452246904373169
          ],
          [
            0.0,
            0.0,
            0.0,
            1.0
          ]
        ]
      },
      "bone_length_armature_space": 0.26796961602107205,
      "parent": "spine_01",
      "has_children": true,
      "is_end_bone": false
    },
    "lowerarm_l": {
      "name": "lowerarm_l",
      "local": {
        "location": {
          "x": 0.0,
          "y": 0.0,
          "z": 0.0
        },
        "rotation_quaternion": {
          "w": 0.9951023459434509,
          "x": 0.08445727080106735,
          "y": 0.013582550920546055,
          "z": -0.0495365671813488
        },
        "scale": {
          "x": 1.0,
          "y": 1.0,
          "z": 1.0
        },
        "matrix_basis": [
          [
            0.9947232604026794,
            0.10088220238685608,
            0.018664609640836716,
            0.0
          ],
          [
            -0.0962936207652092,
            0.980826199054718,
            -0.16943292319774628,
            0.0
          ],
          [
            -0.035399504005908966,
            0.16674159467220306,
            0.9853649735450745,
            0.0
          ],
          [
            0.0,
            0.0,
            0.0,
            1.0
          ]
        ],
        "rotation_mode": "QUATERNION"
      },
      "armature_space": {
        "head": {
          "x": 0.3610456585884094,
          "y": -0.14110295474529266,
          "z": 0.5917645692825317
        },
        "tail": {
          "x": 0.5524827241897583,
          "y": -0.28057560324668884,
          "z": 0.7161380648612976
        }
      },
      "world_space": {
        "head": {
          "x": 0.3610456585884094,
          "y": -0.07785895466804504,
          "z": 1.5416185855865479
        },
        "tail": {
          "x": 0.5524827241897583,
          "y": -0.21733160316944122,
          "z": 1.665992021560669
        },
        "rotation_quaternion": {
          "w": 0.4886540174484253,
          "x": 0.5094646215438843,
          "y": 0.023309137672185898,
          "z": -0.7078981995582581
        },
        "matrix": [
          [
            -0.003324512392282486,
            0.7155869603157043,
            -0.6985156536102295,
            0.3610456585884094
          ],
          [
            -0.6680847406387329,
            -0.5213453769683838,
            -0.5309072136878967,
            -0.07785895466804504
          ],
          [
            -0.744083821773529,
            0.4649050831794739,
            0.4798086881637573,
            1.5416185855865479
          ],
          [
            0.0,
            0.0,
            0.0,
            1.0
          ]
        ]
      },
      "bone_length_armature_space": 0.267524834010982,
      "parent": "upperarm_l",
      "has_children": true,
      "is_end_bone": false
    },
    "metacarpal_thumb_l": {
      "name": "metacarpal_thumb_l",
      "local": {
        "location": {
          "x": 0.0,
          "y": 0.0,
          "z": 0.0
        },
        "rotation_quaternion": {
          "w": 0.9996008276939392,
          "x": 0.021493850275874138,
          "y": -0.015217019245028496,
          "z": 0.01023066882044077
        },
        "scale": {
          "x": 1.0,
          "y": 1.0,
          "z": 1.0
        },
        "matrix_basis": [
          [
            0.999327540397644,
            -0.02110731415450573,
            -0.029982097446918488,
            0.0
          ],
          [
            0.01979902572929859,
            0.9988666772842407,
            -0.04328190162777901,
            0.0
          ],
          [
            0.030861683189868927,
            0.04265918210148811,
            0.9986129403114319,
            0.0
          ],
          [
            0.0,
            0.0,
            0.0,
            1.0
          ]
        ],
        "rotation_mode": "QUATERNION"
      },
      "armature_space": {
        "head": {
          "x": 0.5524827241897583,
          "y": -0.28057560324668884,
          "z": 0.7161380648612976
        },
        "tail": {
          "x": 0.5587902665138245,
          "y": -0.323577344417572,
          "z": 0.7399005889892578
        }
      },
      "world_space": {
        "head": {
          "x": 0.5524827241897583,
          "y": -0.21733160316944122,
          "z": 1.665992021560669
        },
        "tail": {
          "x": 0.5587902665138245,
          "y": -0.2603333592414856,
          "z": 1.689754605293274
        },
        "rotation_quaternion": {
          "w": 0.2529204785823822,
          "x": 0.9629045724868774,
          "y": 0.04433463513851166,
          "z": -0.0829489678144455
        },
        "matrix": [
          [
            0.9823078513145447,
            0.12733900547027588,
            -0.13731729984283447,
            0.5524827241897583
          ],
          [
            0.043421246111392975,
            -0.8681312799453735,
            -0.4944322109222412,
            -0.21733160316944122
          ],
          [
            -0.18217125535011292,
            0.4797242283821106,
            -0.8583076000213623,
            1.665992021560669
          ],
          [
            0.0,
            0.0,
            0.0,
            1.0
          ]
        ]
      },
      "bone_length_armature_space": 0.04953374961811721,
      "parent": "lowerarm_l",
      "has_children": true,
      "is_end_bone": false
    },
    "thumb_01_l": {
      "name": "thumb_01_l",
      "local": {
        "location": {
          "x": 0.0,
          "y": 0.0,
          "z": 0.0
        },
        "rotation_quaternion": {
          "w": 0.9986649751663208,
          "x": -0.050645019859075546,
          "y": -0.009053666144609451,
          "z": -0.004644689615815878
        },
        "scale": {
          "x": 1.0,
          "y": 1.0,
          "z": 1.0
        },
        "matrix_basis": [
          [
            0.9997929334640503,
            0.010194024071097374,
            -0.017612697556614876,
            0.0
          ],
          [
            -0.008359931409358978,
            0.9948270320892334,
            0.1012389212846756,
            0.0
          ],
          [
            0.01855362020432949,
            -0.10107070952653885,
            0.9947062134742737,
            0.0
          ],
          [
            0.0,
            0.0,
            0.0,
            1.0
          ]
        ],
        "rotation_mode": "QUATERNION"
      },
      "armature_space": {
        "head": {
          "x": 0.5587902665138245,
          "y": -0.323577344417572,
          "z": 0.7399005889892578
        },
        "tail": {
          "x": 0.5508764386177063,
          "y": -0.35543349385261536,
          "z": 0.7308903336524963
        }
      },
      "world_space": {
        "head": {
          "x": 0.5587902665138245,
          "y": -0.2603333592414856,
          "z": 1.689754605293274
        },
        "tail": {
          "x": 0.5508764386177063,
          "y": -0.29218947887420654,
          "z": 1.6807444095611572
        },
        "rotation_quaternion": {
          "w": 0.03300904482603073,
          "x": -0.7743996977806091,
          "y": 0.17597879469394684,
          "z": -0.6068335771560669
        },
        "matrix": [
          [
            0.20156873762607574,
            -0.23249587416648865,
            0.9514807462692261,
            0.5587902665138245
          ],
          [
            -0.31261777877807617,
            -0.9358837604522705,
            -0.16245734691619873,
            -0.2603333592414856
          ],
          [
            0.9282516241073608,
            -0.2647063434123993,
            -0.2613292932510376,
            1.689754605293274
          ],
          [
            0.0,
            0.0,
            0.0,
            1.0
          ]
        ]
      },
      "bone_length_armature_space": 0.034038619477742275,
      "parent": "metacarpal_thumb_l",
      "has_children": true,
      "is_end_bone": false
    },
    "thumb_02_l": {
      "name": "thumb_02_l",
      "local": {
        "location": {
          "x": 0.0,
          "y": 0.0,
          "z": 0.0
        },
        "rotation_quaternion": {
          "w": 0.9939167499542236,
          "x": 0.11008584499359131,
          "y": 0.0028462258633226156,
          "z": -0.0016270274063572288
        },
        "scale": {
          "x": 1.0,
          "y": 1.0,
          "z": 1.0
        },
        "matrix_basis": [
          [
            0.9999784827232361,
            0.0038609178736805916,
            0.005299597512930632,
            0.0
          ],
          [
            -0.0026076012291014194,
            0.9757569432258606,
            -0.21884159743785858,
            0.0
          ],
          [
            -0.006016048602759838,
            0.21882307529449463,
            0.9757460355758667,
            0.0
          ],
          [
            0.0,
            0.0,
            0.0,
            1.0
          ]
        ],
        "rotation_mode": "QUATERNION"
      },
      "armature_space": {
        "head": {
          "x": 0.5508763790130615,
          "y": -0.35543346405029297,
          "z": 0.7308903336524963
        },
        "tail": {
          "x": 0.5795367956161499,
          "y": -0.37916988134384155,
          "z": 0.7460014224052429
        }
      },
      "world_space": {
        "head": {
          "x": 0.5508763790130615,
          "y": -0.29218947887420654,
          "z": 1.6807444095611572
        },
        "tail": {
          "x": 0.5795367956161499,
          "y": -0.3159258961677551,
          "z": 1.6958553791046143
        },
        "rotation_quaternion": {
          "w": 0.2395404428243637,
          "x": -0.44885027408599854,
          "y": -0.38357481360435486,
          "z": -0.7707296013832092
        },
        "matrix": [
          [
            -0.4823077619075775,
            0.713577151298523,
            0.5081208348274231,
            0.5508763790130615
          ],
          [
            -0.024907369166612625,
            -0.5909817218780518,
            0.8063007593154907,
            -0.29218947887420654
          ],
          [
            0.8756537437438965,
            0.37623077630996704,
            0.30281126499176025,
            1.6807444095611572
          ],
          [
            0.0,
            0.0,
            0.0,
            1.0
          ]
        ]
      },
      "bone_length_armature_space": 0.04016443665808452,
      "parent": "thumb_01_l",
      "has_children": true,
      "is_end_bone": false
    },
    "thumb_03_l": {
      "name": "thumb_03_l",
      "local": {
        "location": {
          "x": 0.0,
          "y": 0.0,
          "z": 0.0
        },
        "rotation_quaternion": {
          "w": 0.9976689219474792,
          "x": 0.06808078289031982,
          "y": -0.0020056888461112976,
          "z": -0.004213773645460606
        },
        "scale": {
          "x": 1.0,
          "y": 1.0,
          "z": 1.0
        },
        "matrix_basis": [
          [
            0.9999564290046692,
            0.008134804666042328,
            -0.004575781058520079,
            0.0
          ],
          [
            -0.008681000210344791,
            0.990694522857666,
            -0.13582725822925568,
            0.0
          ],
          [
            0.0034282729029655457,
            0.13586106896400452,
            0.9907219409942627,
            0.0
          ],
          [
            0.0,
            0.0,
            0.0,
            1.0
          ]
        ],
        "rotation_mode": "QUATERNION"
      },
      "armature_space": {
        "head": {
          "x": 0.5795366764068604,
          "y": -0.37916994094848633,
          "z": 0.7460014224052429
        },
        "tail": {
          "x": 0.6069090366363525,
          "y": -0.38605475425720215,
          "z": 0.7574139833450317
        }
      },
      "world_space": {
        "head": {
          "x": 0.5795366764068604,
          "y": -0.3159259557723999,
          "z": 1.6958553791046143
        },
        "tail": {
          "x": 0.6069090366363525,
          "y": -0.3228107690811157,
          "z": 1.7072679996490479
        },
        "rotation_quaternion": {
          "w": 0.45445775985717773,
          "x": -0.2733193039894104,
          "y": -0.42473188042640686,
          "z": -0.7337354421615601
        },
        "matrix": [
          [
            -0.43752872943878174,
            0.8990786671638489,
            0.01504100114107132,
            0.5795366764068604
          ],
          [
            -0.4347301721572876,
            -0.22614049911499023,
            0.8717057704925537,
            -0.3159259557723999
          ],
          [
            0.787138044834137,
            0.3748595118522644,
            0.48980385065078735,
            1.6958553791046143
          ],
          [
            0.0,
            0.0,
            0.0,
            1.0
          ]
        ]
      },
      "bone_length_armature_space": 0.030444922564394752,
      "parent": "thumb_02_l",
      "has_children": false,
      "is_end_bone": true
    },
    "metacarpal_index_l": {
      "name": "metacarpal_index_l",
      "local": {
        "location": {
          "x": 0.0,
          "y": 0.0,
          "z": 0.0
        },
        "rotation_quaternion": {
          "w": 0.9997878074645996,
          "x": -0.017831645905971527,
          "y": 0.010318673215806484,
          "z": -3.152526915073395e-05
        },
        "scale": {
          "x": 1.0,
          "y": 1.0,
          "z": 1.0
        },
        "matrix_basis": [
          [
            0.9997870326042175,
            -0.00030496070394292474,
            0.020634092390537262,
            0.0
          ],
          [
            -0.00043103500502184033,
            0.9993640780448914,
            0.03565507382154465,
            0.0
          ],
          [
            -0.02063184231519699,
            -0.03565637394785881,
            0.9991511106491089,
            0.0
          ],
          [
            0.0,
            0.0,
            0.0,
            1.0
          ]
        ],
        "rotation_mode": "QUATERNION"
      },
      "armature_space": {
        "head": {
          "x": 0.5524827241897583,
          "y": -0.28057560324668884,
          "z": 0.7161380648612976
        },
        "tail": {
          "x": 0.609413743019104,
          "y": -0.3585532307624817,
          "z": 0.7825279235839844
        }
      },
      "world_space": {
        "head": {
          "x": 0.5524827241897583,
          "y": -0.21733160316944122,
          "z": 1.665992021560669
        },
        "tail": {
          "x": 0.609413743019104,
          "y": -0.29530924558639526,
          "z": 1.7323819398880005
        },
        "rotation_quaternion": {
          "w": 0.39017385244369507,
          "x": 0.8388907313346863,
          "y": 0.12253707647323608,
          "z": -0.35918161273002625
        },
        "matrix": [
          [
            0.7119470238685608,
            0.48587679862976074,
            -0.5070059895515442,
            0.5524827241897583
          ],
          [
            -0.07469507306814194,
            -0.6654986143112183,
            -0.7426526546478271,
            -0.21733160316944122
          ],
          [
            -0.6982543468475342,
            0.5666031837463379,
            -0.4375106990337372,
            1.665992021560669
          ],
          [
            0.0,
            0.0,
            0.0,
            1.0
          ]
        ]
      },
      "bone_length_armature_space": 0.11717194612915224,
      "parent": "lowerarm_l",
      "has_children": true,
      "is_end_bone": false
    },
    "index_01_l": {
      "name": "index_01_l",
      "local": {
        "location": {
          "x": 0.0,
          "y": 0.0,
          "z": 0.0
        },
        "rotation_quaternion": {
          "w": 0.9901018142700195,
          "x": -0.13902322947978973,
          "y": -0.008435603231191635,
          "z": 0.01731792651116848
        },
        "scale": {
          "x": 1.0,
          "y": 1.0,
          "z": 1.0
        },
        "matrix_basis": [
          [
            0.9992578625679016,
            -0.031947530806064606,
            -0.02151940017938614,
            0.0
          ],
          [
            0.03663850948214531,
            0.9607452750205994,
            0.275002121925354,
            0.0
          ],
          [
            0.011889023706316948,
            -0.27558648586273193,
            0.9612027406692505,
            0.0
          ],
          [
            0.0,
            0.0,
            0.0,
            1.0
          ]
        ],
        "rotation_mode": "QUATERNION"
      },
      "armature_space": {
        "head": {
          "x": 0.609413743019104,
          "y": -0.3585532307624817,
          "z": 0.7825279235839844
        },
        "tail": {
          "x": 0.6330571174621582,
          "y": -0.36719897389411926,
          "z": 0.7959187030792236
        }
      },
      "world_space": {
        "head": {
          "x": 0.609413743019104,
          "y": -0.29530924558639526,
          "z": 1.7323819398880005
        },
        "tail": {
          "x": 0.6330571174621582,
          "y": -0.30395495891571045,
          "z": 1.7457727193832397
        },
        "rotation_quaternion": {
          "w": 0.4866901636123657,
          "x": 0.7254188656806946,
          "y": 0.33396056294441223,
          "z": -0.35407689213752747
        },
        "matrix": [
          [
            0.5261995792388916,
            0.8291743993759155,
            -0.1886366754770279,
            0.609413743019104
          ],
          [
            0.13987304270267487,
            -0.30320608615875244,
            -0.9426040053367615,
            -0.29530924558639526
          ],
          [
            -0.838784396648407,
            0.46961528062820435,
            -0.27552875876426697,
            1.7323819398880005
          ],
          [
            0.0,
            0.0,
            0.0,
            1.0
          ]
        ]
      },
      "bone_length_armature_space": 0.028514399827763857,
      "parent": "metacarpal_index_l",
      "has_children": true,
      "is_end_bone": false
    },
    "index_02_l": {
      "name": "index_02_l",
      "local": {
        "location": {
          "x": 0.0,
          "y": 0.0,
          "z": 0.0
        },
        "rotation_quaternion": {
          "w": 0.999780535697937,
          "x": 0.019061964005231857,
          "y": 0.005749364383518696,
          "z": -0.0065236082300543785
        },
        "scale": {
          "x": 1.0,
          "y": 1.0,
          "z": 1.0
        },
        "matrix_basis": [
          [
            0.9998487830162048,
            0.013263541273772717,
            0.011247499845921993,
            0.0
          ],
          [
            -0.012825164943933487,
            0.9991881847381592,
            -0.0381905734539032,
            0.0
          ],
          [
            -0.011744910851120949,
            0.03804054856300354,
            0.9992071986198425,
            0.0
          ],
          [
            0.0,
            0.0,
            0.0,
            1.0
          ]
        ],
        "rotation_mode": "QUATERNION"
      },
      "armature_space": {
        "head": {
          "x": 0.6330572366714478,
          "y": -0.3671994209289551,
          "z": 0.7959190011024475
        },
        "tail": {
          "x": 0.6548534631729126,
          "y": -0.37492406368255615,
          "z": 0.807025134563446
        }
      },
      "world_space": {
        "head": {
          "x": 0.6330572366714478,
          "y": -0.30395543575286865,
          "z": 1.7457730770111084
        },
        "tail": {
          "x": 0.6548534631729126,
          "y": -0.3116800785064697,
          "z": 1.7568790912628174
        },
        "rotation_quaternion": {
          "w": 0.4869811236858368,
          "x": 0.7090513110160828,
          "y": 0.3350982666015625,
          "z": -0.3844538927078247
        },
        "matrix": [
          [
            0.4798085689544678,
            0.8496474027633667,
            -0.21882151067256927,
            0.6330572366714478
          ],
          [
            0.10076196491718292,
            -0.3011173605918884,
            -0.9482489824295044,
            -0.30395543575286865
          ],
          [
            -0.8715739846229553,
            0.43293148279190063,
            -0.23009325563907623,
            1.7457730770111084
          ],
          [
            0.0,
            0.0,
            0.0,
            1.0
          ]
        ]
      },
      "bone_length_armature_space": 0.025653300084687292,
      "parent": "index_01_l",
      "has_children": true,
      "is_end_bone": false
    },
    "index_03_l": {
      "name": "index_03_l",
      "local": {
        "location": {
          "x": 0.0,
          "y": 0.0,
          "z": 0.0
        },
        "rotation_quaternion": {
          "w": 0.9999331831932068,
          "x": 0.007284021936357021,
          "y": -0.008832455612719059,
          "z": 0.0016552468296140432
        },
        "scale": {
          "x": 1.0,
          "y": 1.0,
          "z": 1.0
        },
        "matrix_basis": [
          [
            0.9998384714126587,
            -0.00343894399702549,
            -0.01763961650431156,
            0.0
          ],
          [
            0.003181600943207741,
            0.9998884201049805,
            -0.014596310444176197,
            0.0
          ],
          [
            0.01768784411251545,
            0.014537830837070942,
            0.9997378587722778,
            0.0
          ],
          [
            0.0,
            0.0,
            0.0,
            1.0
          ]
        ],
        "rotation_mode": "QUATERNION"
      },
      "armature_space": {
        "head": {
          "x": 0.6548535227775574,
          "y": -0.3749239146709442,
          "z": 0.8070251941680908
        },
        "tail": {
          "x": 0.6800310611724854,
          "y": -0.3862278163433075,
          "z": 0.8166192770004272
        }
      },
      "world_space": {
        "head": {
          "x": 0.6548535227775574,
          "y": -0.3116798996925354,
          "z": 1.756879210472107
        },
        "tail": {
          "x": 0.6800310611724854,
          "y": -0.3229838013648987,
          "z": 1.7664732933044434
        },
        "rotation_quaternion": {
          "w": 0.4230214059352875,
          "x": 0.7286036014556885,
          "y": 0.3572343587875366,
          "z": -0.40320393443107605
        },
        "matrix": [
          [
            0.4196200966835022,
            0.8616924285888672,
            -0.2853153944015503,
            0.6548535227775574
          ],
          [
            0.17943790555000305,
            -0.3868727684020996,
            -0.9045065641403198,
            -0.3116798996925354
          ],
          [
            -0.8897930979728699,
            0.3283544182777405,
            -0.3169628083705902,
            1.756879210472107
          ],
          [
            0.0,
            0.0,
            0.0,
            1.0
          ]
        ]
      },
      "bone_length_armature_space": 0.02921871074736669,
      "parent": "index_02_l",
      "has_children": false,
      "is_end_bone": true
    },
    "metacarpal_pinky_l": {
      "name": "metacarpal_pinky_l",
      "local": {
        "location": {
          "x": 0.0,
          "y": 0.0,
          "z": 0.0
        },
        "rotation_quaternion": {
          "w": 0.9996216893196106,
          "x": -0.024739142507314682,
          "y": 0.012020029127597809,
          "z": -6.791227497160435e-05
        },
        "scale": {
          "x": 1.0,
          "y": 1.0,
          "z": 1.0
        },
        "matrix_basis": [
          [
            0.9997110366821289,
            -0.0004589572490658611,
            0.024034323170781136,
            0.0
          ],
          [
            -0.0007305035833269358,
            0.9987759590148926,
            0.04945793375372887,
            0.0
          ],
          [
            -0.02402760274708271,
            -0.04946120083332062,
            0.9984869956970215,
            0.0
          ],
          [
            0.0,
            0.0,
            0.0,
            1.0
          ]
        ],
        "rotation_mode": "QUATERNION"
      },
      "armature_space": {
        "head": {
          "x": 0.5524827241897583,
          "y": -0.28057560324668884,
          "z": 0.7161380648612976
        },
        "tail": {
          "x": 0.6460506916046143,
          "y": -0.3181861639022827,
          "z": 0.7420937418937683
        }
      },
      "world_space": {
        "head": {
          "x": 0.5524827241897583,
          "y": -0.21733160316944122,
          "z": 1.665992021560669
        },
        "tail": {
          "x": 0.6460506916046143,
          "y": -0.2549421787261963,
          "z": 1.6919476985931396
        },
        "rotation_quaternion": {
          "w": 0.5263465642929077,
          "x": -0.0841483548283577,
          "y": -0.2058301866054535,
          "z": -0.8206779956817627
        },
        "matrix": [
          [
            -0.43175649642944336,
            0.898562490940094,
            -0.07856003940105438,
            0.5524827241897583
          ],
          [
            -0.8292821645736694,
            -0.36118584871292114,
            0.4264231324195862,
            -0.21733160316944122
          ],
          [
            0.35479462146759033,
            0.2492605298757553,
            0.9011125564575195,
            1.665992021560669
          ],
          [
            0.0,
            0.0,
            0.0,
            1.0
          ]
        ]
      },
      "bone_length_armature_space": 0.10413076578688957,
      "parent": "lowerarm_l",
      "has_children": true,
      "is_end_bone": false
    },
    "pinky_01_l": {
      "name": "pinky_01_l",
      "local": {
        "location": {
          "x": 0.0,
          "y": 0.0,
          "z": 0.0
        },
        "rotation_quaternion": {
          "w": 0.9969643354415894,
          "x": -0.07760579138994217,
          "y": 0.006236756686121225,
          "z": 0.0008438007207587361
        },
        "scale": {
          "x": 1.0,
          "y": 1.0,
          "z": 1.0
        },
        "matrix_basis": [
          [
            0.9999207854270935,
            -0.002650495385751128,
            0.012304680421948433,
            0.0
          ],
          [
            0.0007144615519791842,
            0.987953245639801,
            0.15475094318389893,
            0.0
          ],
          [
            -0.012566615827381611,
            -0.15472988784313202,
            0.9878768920898438,
            0.0
          ],
          [
            0.0,
            0.0,
            0.0,
            1.0
          ]
        ],
        "rotation_mode": "QUATERNION"
      },
      "armature_space": {
        "head": {
          "x": 0.6460506916046143,
          "y": -0.3181861639022827,
          "z": 0.7420937418937683
