{
  "metadata": {
    "armature_name": "KIM_caucasian_male",
    "export_time": "2026-01-13T20:59:46.000502",
    "blender_version": "4.4.1",
    "bone_count": 56,
    "end_bone_count": 13,
    "spaces_included": [
      "LOCAL_CHANNELS",
      "ARMATURE_SPACE",
      "WORLD_SPACE"
    ],
    "note": "LOCAL matches Transform panel; replay pose via local.matrix_basis for best fidelity."
  },
  "bones": {
    "Root": {
      "name": "Root",
      "local": {
        "location": {
          "x": 0.0,
          "y": 0.0,
          "z": 0.0
        },
        "rotation_quaternion": {
          "w": 0.9995557069778442,
          "x": -0.013821745291352272,
          "y": 0.017138492316007614,
          "z": -0.020094072446227074
        },
        "scale": {
          "x": 1.0,
          "y": 1.0,
          "z": 1.0
        },
        "matrix_basis": [
          [
            0.9986050128936768,
            0.03969652205705643,
            0.034817226231098175,
            0.0
          ],
          [
            -0.04064405709505081,
            0.998810350894928,
            0.02694244496524334,
            0.0
          ],
          [
            -0.03370628505945206,
            -0.02831997349858284,
            0.9990304708480835,
            0.0
          ],
          [
            0.0,
            0.0,
            0.0,
            1.0
          ]
        ],
        "rotation_mode": "QUATERNION"
      },
      "armature_space": {
        "head": {
          "x": 0.0,
          "y": 0.07072800397872925,
          "z": -0.009595036506652832
        },
        "tail": {
          "x": 0.0028333738446235657,
          "y": 0.00035587698221206665,
          "z": 0.0019916146993637085
        }
      },
      "world_space": {
        "head": {
          "x": 0.0,
          "y": 0.13397200405597687,
          "z": 0.9402589797973633
        },
        "tail": {
          "x": 0.0028333738446235657,
          "y": 0.06359987705945969,
          "z": 0.951845645904541
        },
        "rotation_quaternion": {
          "w": 0.0811280757188797,
          "x": 0.9963537454605103,
          "y": 0.02120300754904747,
          "z": 0.0157458633184433
        },
        "matrix": [
          [
            0.9986050128936768,
            0.03969652205705643,
            0.034817226231098175,
            0.0
          ],
          [
            0.04480626434087753,
            -0.985937237739563,
            -0.16099724173545837,
            0.13397200405597687
          ],
          [
            0.02793680876493454,
            0.16233289241790771,
            -0.9863476157188416,
            0.9402589797973633
          ],
          [
            0.0,
            0.0,
            0.0,
            1.0
          ]
        ]
      },
      "bone_length_armature_space": 0.07137586825716435,
      "parent": null,
      "has_children": true,
      "is_end_bone": false
    },
    "spine_01": {
      "name": "spine_01",
      "local": {
        "location": {
          "x": 0.0,
          "y": 0.0,
          "z": 0.0
        },
        "rotation_quaternion": {
          "w": 0.9955673217773438,
          "x": 0.07894915342330933,
          "y": 0.014067686162889004,
          "z": -0.04914097487926483
        },
        "scale": {
          "x": 1.0,
          "y": 1.0,
          "z": 1.0
        },
        "matrix_basis": [
          [
            0.9947745203971863,
            0.10006756335496902,
            0.020251380279660225,
            0.0
          ],
          [
            -0.09562503546476364,
            0.9827044010162354,
            -0.1585809886455536,
            0.0
          ],
          [
            -0.03576993569731712,
            0.15581579506397247,
            0.9871382713317871,
            0.0
          ],
          [
            0.0,
            0.0,
            0.0,
            1.0
          ]
        ],
        "rotation_mode": "QUATERNION"
      },
      "armature_space": {
        "head": {
          "x": 0.0028333738446235657,
          "y": 0.00035587698221206665,
          "z": 0.0019916146993637085
        },
        "tail": {
          "x": 0.03988039493560791,
          "y": -0.03789588436484337,
          "z": 0.4870821237564087
        }
      },
      "world_space": {
        "head": {
          "x": 0.0028333738446235657,
          "y": 0.06359987705945969,
          "z": 0.951845645904541
        },
        "tail": {
          "x": 0.03988039493560791,
          "y": 0.02534811571240425,
          "z": 1.4369361400604248
        },
        "rotation_quaternion": {
          "w": 0.6769278049468994,
          "x": 0.7342966198921204,
          "y": 0.05075683072209358,
          "z": -0.0010153454495593905
        },
        "matrix": [
          [
            0.9948453903198242,
            0.07591583579778671,
            0.06722678244113922,
            0.0028333738446235657
          ],
          [
            0.07316696643829346,
            -0.07838456332683563,
            -0.9942346215248108,
            0.06359987705945969
          ],
          [
            -0.07020903378725052,
            0.9940354228019714,
            -0.0835365504026413,
            0.951845645904541
          ],
          [
            0.0,
            0.0,
            0.0,
            1.0
          ]
        ]
      },
      "bone_length_armature_space": 0.4880045786459385,
      "parent": "Root",
      "has_children": true,
      "is_end_bone": false
    },
    "neck_01": {
      "name": "neck_01",
      "local": {
        "location": {
          "x": 0.0,
          "y": 0.0,
          "z": 0.0
        },
        "rotation_quaternion": {
          "w": 0.9945577383041382,
          "x": -0.10299848020076752,
          "y": 0.01170384418219328,
          "z": -0.010460946708917618
        },
        "scale": {
          "x": 1.0,
          "y": 1.0,
          "z": 1.0
        },
        "matrix_basis": [
          [
            0.9995071887969971,
            0.018397074192762375,
            0.025435220450162888,
            0.0
          ],
          [
            -0.02321898750960827,
            0.9785637855529785,
            0.2046310007572174,
            0.0
          ],
          [
            -0.021125374361872673,
            -0.2051207423210144,
            0.9785086512565613,
            0.0
          ],
          [
            0.0,
            0.0,
            0.0,
            1.0
          ]
        ],
        "rotation_mode": "QUATERNION"
      },
      "armature_space": {
        "head": {
          "x": 0.047770291566848755,
          "y": -0.07811558246612549,
          "z": 0.5569667816162109
        },
        "tail": {
          "x": 0.05858936905860901,
          "y": -0.1044311672449112,
          "z": 0.6554614305496216
        }
      },
      "world_space": {
        "head": {
          "x": 0.047770291566848755,
          "y": -0.014871582388877869,
          "z": 1.506820797920227
        },
        "tail": {
          "x": 0.05858936905860901,
          "y": -0.041187167167663574,
          "z": 1.6053154468536377
        },
        "rotation_quaternion": {
          "w": 0.6061532497406006,
          "x": 0.7926780581474304,
          "y": 0.06508491188287735,
          "z": -0.0019360673613846302
        },
        "matrix": [
          [
            0.991520345211029,
            0.10552999377250671,
            0.07583406567573547,
            0.047770291566848755
          ],
          [
            0.10083619505167007,
            -0.25668400526046753,
            -0.961220920085907,
            -0.014871582388877869
          ],
          [
            -0.08197271823883057,
            0.9607232809066772,
            -0.2651514410972595,
            1.506820797920227
          ],
          [
            0.0,
            0.0,
            0.0,
            1.0
          ]
        ]
      },
      "bone_length_armature_space": 0.10252199048594753,
      "parent": "spine_01",
      "has_children": true,
      "is_end_bone": false
    },
    "head": {
      "name": "head",
      "local": {
        "location": {
          "x": 0.0,
          "y": 0.0,
          "z": 0.0
        },
        "rotation_quaternion": {
          "w": 0.9667055606842041,
          "x": 0.10277541726827621,
          "y": 0.10406017303466797,
          "z": 0.20997394621372223
        },
        "scale": {
          "x": 1.0,
          "y": 1.0,
          "z": 1.0
        },
        "matrix_basis": [
          [
            0.890164852142334,
            -0.38457632064819336,
            0.24435141682624817,
            0.0
          ],
          [
            0.4273556172847748,
            0.8906962871551514,
            -0.1550072878599167,
            0.0
          ],
          [
            -0.15803077816963196,
            0.24240697920322418,
            0.9572173953056335,
            0.0
          ],
          [
            0.0,
            0.0,
            0.0,
            1.0
          ]
        ],
        "rotation_mode": "QUATERNION"
      },
      "armature_space": {
        "head": {
          "x": 0.05858936905860901,
          "y": -0.10443130135536194,
          "z": 0.655461311340332
        },
        "tail": {
          "x": 0.013127792626619339,
          "y": -0.13253292441368103,
          "z": 0.8010525703430176
        }
      },
      "world_space": {
        "head": {
          "x": 0.05858936905860901,
          "y": -0.04118730127811432,
          "z": 1.6053153276443481
        },
        "tail": {
          "x": 0.013127792626619339,
          "y": -0.06928892433643341,
          "z": 1.7509065866470337
        },
        "rotation_quaternion": {
          "w": 0.6398445963859558,
          "x": 0.7339882254600525,
          "y": -0.0011665616184473038,
          "z": 0.22772528231143951
        },
        "matrix": [
          [
            0.8962803483009338,
            -0.29312989115715027,
            0.33280089497566223,
            0.05858936905860901
          ],
          [
            0.289703369140625,
            -0.18119531869888306,
            -0.9398088455200195,
            -0.04118730127811432
          ],
          [
            0.33579057455062866,
            0.9387520551681519,
            -0.07748255878686905,
            1.6053153276443481
          ],
          [
            0.0,
            0.0,
            0.0,
            1.0
          ]
        ]
      },
      "bone_length_armature_space": 0.15509116822985247,
      "parent": "neck_01",
      "has_children": false,
      "is_end_bone": true
    },
    "upperarm_l": {
      "name": "upperarm_l",
      "local": {
        "location": {
          "x": 0.0,
          "y": 0.0,
          "z": 0.0
        },
        "rotation_quaternion": {
          "w": 0.8128173351287842,
          "x": 0.5158666968345642,
          "y": -0.17996761202812195,
          "z": -0.20204280316829681
        },
        "scale": {
          "x": 1.0,
          "y": 1.0,
          "z": 1.0
        },
        "matrix_basis": [
          [
            0.8535807132720947,
            0.14276918768882751,
            -0.5010159015655518,
            0.0
          ],
          [
            -0.5141263604164124,
            0.3861205279827118,
            -0.7658884525299072,
            0.0
          ],
          [
            0.08410727977752686,
            0.9113330841064453,
            0.40298640727996826,
            0.0
          ],
          [
            0.0,
            0.0,
            0.0,
            1.0
          ]
        ],
        "rotation_mode": "QUATERNION"
      },
      "armature_space": {
        "head": {
          "x": 0.1921093761920929,
          "y": -0.06504322588443756,
          "z": 0.4793621003627777
        },
        "tail": {
          "x": 0.31598034501075745,
          "y": -0.29081350564956665,
          "z": 0.40525737404823303
        }
      },
      "world_space": {
        "head": {
          "x": 0.1921093761920929,
          "y": -0.0017992258071899414,
          "z": 1.4292161464691162
        },
        "tail": {
          "x": 0.31598034501075745,
          "y": -0.22756950557231903,
          "z": 1.3551113605499268
        },
        "rotation_quaternion": {
          "w": 0.1508989930152893,
          "x": 0.42945605516433716,
          "y": 0.2365766316652298,
          "z": -0.8583871126174927
        },
        "matrix": [
          [
            -0.5855944156646729,
            0.46225783228874207,
            -0.6658806204795837,
            0.1921093761920929
          ],
          [
            -0.05586190149188042,
            -0.8425225019454956,
            -0.5357570052146912,
            -0.0017992258071899414
          ],
          [
            -0.8086827993392944,
            -0.27654170989990234,
            0.5192022323608398,
            1.4292161464691162
          ],
          [
            0.0,
            0.0,
            0.0,
            1.0
          ]
        ]
      },
      "bone_length_armature_space": 0.2679696759730653,
      "parent": "spine_01",
      "has_children": true,
      "is_end_bone": false
    },
    "lowerarm_l": {
      "name": "lowerarm_l",
      "local": {
        "location": {
          "x": 0.0,
          "y": 0.0,
          "z": 0.0
        },
        "rotation_quaternion": {
          "w": 0.9490652084350586,
          "x": 0.24250935018062592,
          "y": 0.1675291508436203,
          "z": -0.1113482192158699
        },
        "scale": {
          "x": 1.0,
          "y": 1.0,
          "z": 1.0
        },
        "matrix_basis": [
          [
            0.9190711379051208,
            0.29260820150375366,
            0.263986200094223,
            0.0
          ],
          [
            -0.13009867072105408,
            0.8575815558433533,
            -0.4976225197315216,
            0.0
          ],
          [
            -0.371998131275177,
            0.42300623655319214,
            0.8262463808059692,
            0.0
          ],
          [
            0.0,
            0.0,
            0.0,
            1.0
          ]
        ],
        "rotation_mode": "QUATERNION"
      },
      "armature_space": {
        "head": {
          "x": 0.3159804344177246,
          "y": -0.2908136248588562,
          "z": 0.4052574634552002
        },
        "tail": {
          "x": 0.2905789315700531,
          "y": -0.5564016103744507,
          "z": 0.3855811357498169
        }
      },
      "world_space": {
        "head": {
          "x": 0.3159804344177246,
          "y": -0.22756962478160858,
          "z": 1.3551114797592163
        },
        "tail": {
          "x": 0.2905789315700531,
          "y": -0.49315762519836426,
          "z": 1.335435152053833
        },
        "rotation_quaternion": {
          "w": 0.059909477829933167,
          "x": -0.5366803407669067,
          "y": -0.005491889547556639,
          "z": 0.8416382670402527
        },
        "matrix": [
          [
            -0.4167700707912445,
            -0.09495022892951965,
            -0.9040393829345703,
            0.3159804344177246
          ],
          [
            0.10673880577087402,
            -0.9927613735198975,
            0.0550609827041626,
            -0.22756962478160858
          ],
          [
            -0.9027295708656311,
            -0.07354965806007385,
            0.4238913059234619,
            1.3551114797592163
          ],
          [
            0.0,
            0.0,
            0.0,
            1.0
          ]
        ]
      },
      "bone_length_armature_space": 0.2675245273882587,
      "parent": "upperarm_l",
      "has_children": true,
      "is_end_bone": false
    },
    "metacarpal_thumb_l": {
      "name": "metacarpal_thumb_l",
      "local": {
        "location": {
          "x": 0.0,
          "y": 0.0,
          "z": 0.0
        },
        "rotation_quaternion": {
          "w": 0.9992606043815613,
          "x": -0.032907355576753616,
          "y": 0.01985108107328415,
          "z": 0.0011890353634953499
        },
        "scale": {
          "x": 1.0,
          "y": 1.0,
          "z": 1.0
        },
        "matrix_basis": [
          [
            0.9992090463638306,
            -0.003682805458083749,
            0.03959454968571663,
            0.0
          ],
          [
            0.0010698192054405808,
            0.997831404209137,
            0.06581325829029083,
            0.0
          ],
          [
            -0.03975106403231621,
            -0.06571883708238602,
            0.9970460534095764,
            0.0
          ],
          [
            0.0,
            0.0,
            0.0,
            1.0
          ]
        ],
        "rotation_mode": "QUATERNION"
      },
      "armature_space": {
        "head": {
          "x": 0.2905789315700531,
          "y": -0.5564016103744507,
          "z": 0.3855811357498169
        },
        "tail": {
          "x": 0.25785067677497864,
          "y": -0.593332827091217,
          "z": 0.389885812997818
        }
      },
      "world_space": {
        "head": {
          "x": 0.2905789315700531,
          "y": -0.49315762519836426,
          "z": 1.335435152053833
        },
        "tail": {
          "x": 0.25785067677497864,
          "y": -0.5300888419151306,
          "z": 1.3397397994995117
        },
        "rotation_quaternion": {
          "w": 0.03523295000195503,
          "x": -0.90968918800354,
          "y": 0.3549213707447052,
          "z": 0.21273228526115417
        },
        "matrix": [
          [
            0.6575514674186707,
            -0.6607272028923035,
            -0.36202988028526306,
            0.2905789315700531
          ],
          [
            -0.6307461857795715,
            -0.745578408241272,
            0.21510910987854004,
            -0.49315762519836426
          ],
          [
            -0.41205376386642456,
            0.08690378069877625,
            -0.907013475894928,
            1.335435152053833
          ],
          [
            0.0,
            0.0,
            0.0,
            1.0
          ]
        ]
      },
      "bone_length_armature_space": 0.049533662421121755,
      "parent": "lowerarm_l",
      "has_children": true,
      "is_end_bone": false
    },
    "thumb_01_l": {
      "name": "thumb_01_l",
      "local": {
        "location": {
          "x": 0.0,
          "y": 0.0,
          "z": 0.0
        },
        "rotation_quaternion": {
          "w": 0.9975878000259399,
          "x": -0.06791180372238159,
          "y": 0.001429311465471983,
          "z": -0.014304776675999165
        },
        "scale": {
          "x": 1.0,
          "y": 1.0,
          "z": 1.0
        },
        "matrix_basis": [
          [
            0.9995866417884827,
            0.028346406295895576,
            0.004794653505086899,
            0.0
          ],
          [
            -0.02873467653989792,
            0.9903666973114014,
            0.13545508682727814,
            0.0
          ],
          [
            -0.0009088009828701615,
            -0.13553686439990997,
            0.9907718896865845,
            0.0
          ],
          [
            0.0,
            0.0,
            0.0,
            1.0
          ]
        ],
        "rotation_mode": "QUATERNION"
      },
      "armature_space": {
        "head": {
          "x": 0.25785067677497864,
          "y": -0.593332827091217,
          "z": 0.389885812997818
        },
        "tail": {
          "x": 0.22856025397777557,
          "y": -0.599558413028717,
          "z": 0.37370121479034424
        }
      },
      "world_space": {
        "head": {
          "x": 0.25785067677497864,
          "y": -0.5300888419151306,
          "z": 1.3397397994995117
        },
        "tail": {
          "x": 0.22856025397777557,
          "y": -0.5363144278526306,
          "z": 1.3235552310943604
        },
        "rotation_quaternion": {
          "w": 0.09225320816040039,
          "x": 0.6124024391174316,
          "y": -0.6324885487556458,
          "z": 0.4651998281478882
        },
        "matrix": [
          [
            -0.23290224373340607,
            -0.8605067133903503,
            0.45308369398117065,
            0.25785067677497864
          ],
          [
            -0.6888444423675537,
            -0.18289819359779358,
            -0.7014567852020264,
            -0.5300888419151306
          ],
          [
            0.6864805817604065,
            -0.47547832131385803,
            -0.5501624345779419,
            1.3397397994995117
          ],
          [
            0.0,
            0.0,
            0.0,
            1.0
          ]
        ]
      },
      "bone_length_armature_space": 0.03403862556978645,
      "parent": "metacarpal_thumb_l",
      "has_children": true,
      "is_end_bone": false
    },
    "thumb_02_l": {
      "name": "thumb_02_l",
      "local": {
        "location": {
          "x": 0.0,
          "y": 0.0,
          "z": 0.0
        },
        "rotation_quaternion": {
          "w": 0.9985036849975586,
          "x": 0.05427711084485054,
          "y": -0.0064085666090250015,
          "z": -0.0018193883588537574
        },
        "scale": {
          "x": 1.0,
          "y": 1.0,
          "z": 1.0
        },
        "matrix_basis": [
          [
            0.9999112486839294,
            0.0029376549646258354,
            -0.012995457276701927,
            0.0
          ],
          [
            -0.004329008981585503,
            0.994101345539093,
            -0.10836847126483917,
            0.0
          ],
          [
            0.01260045263916254,
            0.10841511189937592,
            0.9940258264541626,
            0.0
          ],
          [
            0.0,
            0.0,
            0.0,
            1.0
          ]
        ],
        "rotation_mode": "QUATERNION"
      },
      "armature_space": {
        "head": {
          "x": 0.22856023907661438,
          "y": -0.5995583534240723,
          "z": 0.37370121479034424
        },
        "tail": {
          "x": 0.22052420675754547,
          "y": -0.6387529373168945,
          "z": 0.370182067155838
        }
      },
      "world_space": {
        "head": {
          "x": 0.22856023907661438,
          "y": -0.5363143682479858,
          "z": 1.3235552310943604
        },
        "tail": {
          "x": 0.22052420675754547,
          "y": -0.5755089521408081,
          "z": 1.3200360536575317
        },
        "rotation_quaternion": {
          "w": 0.05896585434675217,
          "x": 0.5542864799499512,
          "y": -0.09271400421857834,
          "z": 0.825041651725769
        },
        "matrix": [
          [
            -0.378579318523407,
            -0.2000783085823059,
            0.9036849141120911,
            0.22856023907661438
          ],
          [
            -0.005481156054884195,
            -0.9758544564247131,
            -0.21835315227508545,
            -0.5363143682479858
          ],
          [
            0.9255591630935669,
            -0.08761867880821228,
            0.368343710899353,
            1.3235552310943604
          ],
          [
            0.0,
            0.0,
            0.0,
            1.0
          ]
        ]
      },
      "bone_length_armature_space": 0.04016438267408757,
      "parent": "thumb_01_l",
      "has_children": true,
      "is_end_bone": false
    },
    "thumb_03_l": {
      "name": "thumb_03_l",
      "local": {
        "location": {
          "x": 0.0,
          "y": 0.0,
          "z": 0.0
        },
        "rotation_quaternion": {
          "w": 0.9950491189956665,
          "x": 0.09934453666210175,
          "y": 0.0005525580490939319,
          "z": -0.002791512059047818
        },
        "scale": {
          "x": 1.0,
          "y": 1.0,
          "z": 1.0
        },
        "matrix_basis": [
          [
            0.9999837875366211,
            0.00566517049446702,
            0.0005450018798001111,
            0.0
          ],
          [
            -0.00544559583067894,
            0.9802457690238953,
            -0.19770847260951996,
            0.0
          ],
          [
            -0.001654287800192833,
            0.1977023035287857,
            0.9802607297897339,
            0.0
          ],
          [
            0.0,
            0.0,
            0.0,
            1.0
          ]
        ],
        "rotation_mode": "QUATERNION"
      },
      "armature_space": {
        "head": {
          "x": 0.2205241471529007,
          "y": -0.6387529373168945,
          "z": 0.3701820969581604
        },
        "tail": {
          "x": 0.22811631858348846,
          "y": -0.6682330369949341,
          "z": 0.37059783935546875
        }
      },
      "world_space": {
        "head": {
          "x": 0.2205241471529007,
          "y": -0.5755089521408081,
          "z": 1.3200361728668213
        },
        "tail": {
          "x": 0.22811631858348846,
          "y": -0.6049890518188477,
          "z": 1.3204518556594849
        },
        "rotation_quaternion": {
          "w": 0.11398851871490479,
          "x": -0.37106868624687195,
          "y": -0.05339544638991356,
          "z": -0.9200345277786255
        },
        "matrix": [
          [
            -0.6986293196678162,
            0.2493741363286972,
            0.6706188917160034,
            0.2205241471529007
          ],
          [
            -0.17011992633342743,
            -0.9683109521865845,
            0.1828472763299942,
            -0.5755089521408081
          ],
          [
            0.6949698328971863,
            0.013655990362167358,
            0.7189189195632935,
            1.3200361728668213
          ],
          [
            0.0,
            0.0,
            0.0,
            1.0
          ]
        ]
      },
      "bone_length_armature_space": 0.030444871503167076,
      "parent": "thumb_02_l",
      "has_children": false,
      "is_end_bone": true
    },
    "metacarpal_index_l": {
      "name": "metacarpal_index_l",
      "local": {
        "location": {
          "x": 0.0,
          "y": 0.0,
          "z": 0.0
        },
        "rotation_quaternion": {
          "w": 0.9999268651008606,
          "x": 0.0068962061777710915,
          "y": -0.0013576913625001907,
          "z": 0.00984366238117218
        },
        "scale": {
          "x": 1.0,
          "y": 1.0,
          "z": 1.0
        },
        "matrix_basis": [
          [
            0.9998025298118591,
            -0.019704610109329224,
            -0.0025794163811951876,
            0.0
          ],
          [
            0.019667159765958786,
            0.9997110962867737,
            -0.013818132691085339,
            0.0
          ],
          [
            0.0028509520925581455,
            0.01376467477530241,
            0.9999011754989624,
            0.0
          ],
          [
            0.0,
            0.0,
            0.0,
            1.0
          ]
        ],
        "rotation_mode": "QUATERNION"
      },
      "armature_space": {
        "head": {
          "x": 0.2905789315700531,
          "y": -0.5564016103744507,
          "z": 0.3855811357498169
        },
        "tail": {
          "x": 0.2428969442844391,
          "y": -0.663394570350647,
          "z": 0.3884371817111969
        }
      },
      "world_space": {
        "head": {
          "x": 0.2905789315700531,
          "y": -0.49315762519836426,
          "z": 1.335435152053833
        },
        "tail": {
          "x": 0.2428969442844391,
          "y": -0.6001505851745605,
          "z": 1.3382911682128906
        },
        "rotation_quaternion": {
          "w": 0.09555093944072723,
          "x": -0.8408275842666626,
          "y": 0.18521691858768463,
          "z": 0.4995734393596649
        },
        "matrix": [
          [
            0.43224218487739563,
            -0.4069410264492035,
            -0.8047146797180176,
            0.2905789315700531
          ],
          [
            -0.2160022109746933,
            -0.9131292104721069,
            0.34574294090270996,
            -0.49315762519836426
          ],
          [
            -0.8755119442939758,
            0.024374965578317642,
            -0.4825960397720337,
            1.335435152053833
          ],
          [
            0.0,
            0.0,
            0.0,
            1.0
          ]
        ]
      },
      "bone_length_armature_space": 0.11717176634049217,
      "parent": "lowerarm_l",
      "has_children": true,
      "is_end_bone": false
    },
    "index_01_l": {
      "name": "index_01_l",
      "local": {
        "location": {
          "x": 0.0,
          "y": 0.0,
          "z": 0.0
        },
        "rotation_quaternion": {
          "w": 0.9959118962287903,
          "x": -0.08878953754901886,
          "y": -0.012647146359086037,
          "z": -0.010767080821096897
        },
        "scale": {
          "x": 1.0,
          "y": 1.0,
          "z": 1.0
        },
        "matrix_basis": [
          [
            0.9994482398033142,
            0.023691996932029724,
            -0.02327887900173664,
            0.0
          ],
          [
            -0.019200259819626808,
            0.9840009808540344,
            0.1771254539489746,
            0.0
          ],
          [
            0.027102895081043243,
            -0.1765807718038559,
            0.9839129447937012,
            0.0
          ],
          [
            0.0,
            0.0,
            0.0,
            1.0
          ]
        ],
        "rotation_mode": "QUATERNION"
      },
      "armature_space": {
        "head": {
          "x": 0.2428969442844391,
          "y": -0.663394570350647,
          "z": 0.3884371817111969
        },
        "tail": {
          "x": 0.24397870898246765,
          "y": -0.6916163563728333,
          "z": 0.3845091760158539
        }
      },
      "world_space": {
        "head": {
          "x": 0.2428969442844391,
          "y": -0.6001505851745605,
          "z": 1.3382911682128906
        },
        "tail": {
          "x": 0.24397870898246765,
          "y": -0.6283723711967468,
          "z": 1.3343632221221924
        },
        "rotation_quaternion": {
          "w": 0.0514097698032856,
          "x": -0.8746194243431091,
          "y": -0.04987174645066261,
          "z": 0.47949010133743286
        },
        "matrix": [
          [
            0.5352041721343994,
            0.03793743997812271,
            -0.8438704609870911,
            0.2428969442844391
          ],
          [
            0.13653844594955444,
            -0.9897397756576538,
            0.04210090637207031,
            -0.6001505851745605
          ],
          [
            -0.8336208462715149,
            -0.1377551555633545,
            -0.5348963141441345,
            1.3382911682128906
          ],
          [
            0.0,
            0.0,
            0.0,
            1.0
          ]
        ]
      },
      "bone_length_armature_space": 0.028514358887251755,
      "parent": "metacarpal_index_l",
      "has_children": true,
      "is_end_bone": false
    },
    "index_02_l": {
      "name": "index_02_l",
      "local": {
        "location": {
          "x": 0.0,
          "y": 0.0,
          "z": 0.0
        },
        "rotation_quaternion": {
          "w": 0.9975082874298096,
          "x": 0.06993711739778519,
          "y": 0.008416167460381985,
          "z": 0.003917979076504707
        },
        "scale": {
          "x": 1.0,
          "y": 1.0,
          "z": 1.0
        },
        "matrix_basis": [
          [
            0.9998276233673096,
            -0.006639228202402592,
            0.01733841747045517,
            0.0
          ],
          [
            0.00899363774806261,
            0.990186870098114,
            -0.1394597589969635,
            0.0
          ],
          [
            -0.016242370009422302,
            0.13959166407585144,
            0.990075945854187,
            0.0
          ],
          [
            0.0,
            0.0,
            0.0,
            1.0
          ]
        ],
        "rotation_mode": "QUATERNION"
      },
      "armature_space": {
        "head": {
          "x": 0.2439783215522766,
          "y": -0.6916167736053467,
          "z": 0.3845091462135315
        },
        "tail": {
          "x": 0.24289044737815857,
          "y": -0.716698944568634,
          "z": 0.37923723459243774
        }
      },
      "world_space": {
        "head": {
          "x": 0.2439783215522766,
          "y": -0.6283727884292603,
          "z": 1.3343632221221924
        },
        "tail": {
          "x": 0.24289044737815857,
          "y": -0.6534549593925476,
          "z": 1.3290913105010986
        },
        "rotation_quaternion": {
          "w": 0.09992656856775284,
          "x": -0.8579040169715881,
          "y": -0.0338561087846756,
          "z": 0.5028608441352844
        },
        "matrix": [
          [
            0.49196964502334595,
            -0.04240676015615463,
            -0.8695790767669678,
            0.2439783215522766
          ],
          [
            0.15858875215053558,
            -0.9777370691299438,
            0.13740380108356476,
            -0.6283727884292603
          ],
          [
            -0.8560524582862854,
            -0.20550623536109924,
            -0.47429484128952026,
            1.3343632221221924
          ],
          [
            0.0,
            0.0,
            0.0,
            1.0
          ]
        ]
      },
      "bone_length_armature_space": 0.025653300922272006,
      "parent": "index_01_l",
      "has_children": true,
      "is_end_bone": false
    },
    "index_03_l": {
      "name": "index_03_l",
      "local": {
        "location": {
          "x": 0.0,
          "y": 0.0,
          "z": 0.0
        },
        "rotation_quaternion": {
          "w": 0.9997353553771973,
          "x": 0.022898230701684952,
          "y": 0.002212084364145994,
          "z": 0.0002025413268711418
        },
        "scale": {
          "x": 1.0,
          "y": 1.0,
          "z": 1.0
        },
        "matrix_basis": [
          [
            0.9999901056289673,
            -0.0003036698035430163,
            0.00443227356299758,
            0.0
          ],
          [
            0.0005062810960225761,
            0.998951256275177,
            -0.04578344523906708,
            0.0
          ],
          [
            -0.0044137220829725266,
            0.04578523710370064,
            0.9989415407180786,
            0.0
          ],
          [
            0.0,
            0.0,
            0.0,
            1.0
          ]
        ],
        "rotation_mode": "QUATERNION"
      },
      "armature_space": {
        "head": {
          "x": 0.24289055168628693,
          "y": -0.716698944568634,
          "z": 0.3792373239994049
        },
        "tail": {
          "x": 0.23961974680423737,
          "y": -0.7439168691635132,
          "z": 0.36912691593170166
        }
      },
      "world_space": {
        "head": {
          "x": 0.24289055168628693,
          "y": -0.6534549593925476,
          "z": 1.3290913105010986
        },
        "tail": {
          "x": 0.23961974680423737,
          "y": -0.6806728839874268,
          "z": 1.3189809322357178
        },
        "rotation_quaternion": {
          "w": 0.181963711977005,
          "x": -0.864607036113739,
          "y": -0.033576250076293945,
          "z": 0.4671364426612854
        },
        "matrix": [
          [
            0.5613128542900085,
            -0.11194203794002533,
            -0.8199981451034546,
            0.24289055168628693
          ],
          [
            0.22806400060653687,
            -0.9315242171287537,
            0.2832834720611572,
            -0.6534549593925476
          ],
          [
            -0.7955648899078369,
            -0.3460259735584259,
            -0.49734964966773987,
            1.3290913105010986
          ],
          [
            0.0,
            0.0,
            0.0,
            1.0
          ]
        ]
      },
      "bone_length_armature_space": 0.029218725750641047,
      "parent": "index_02_l",
      "has_children": false,
      "is_end_bone": true
    },
    "metacarpal_pinky_l": {
      "name": "metacarpal_pinky_l",
      "local": {
        "location": {
          "x": 0.0,
          "y": 0.0,
          "z": 0.0
        },
        "rotation_quaternion": {
          "w": 0.9995788335800171,
          "x": -0.02825087495148182,
          "y": -0.006158207543194294,
          "z": 0.0024675701279193163
        },
        "scale": {
          "x": 1.0,
          "y": 1.0,
          "z": 1.0
        },
        "matrix_basis": [
          [
            0.9999119639396667,
            -0.0045851124450564384,
            -0.01245064940303564,
            0.0
          ],
          [
            0.0052810111083090305,
            0.9983915686607361,
            0.05644756183028221,
            0.0
          ],
          [
            0.012171805836260319,
            -0.056508343666791916,
            0.998327910900116,
            0.0
          ],
          [
            0.0,
            0.0,
            0.0,
            1.0
          ]
        ],
        "rotation_mode": "QUATERNION"
      },
      "armature_space": {
        "head": {
          "x": 0.2905789315700531,
          "y": -0.5564016103744507,
          "z": 0.3855811357498169
        },
        "tail": {
          "x": 0.30898648500442505,
          "y": -0.6552879810333252,
          "z": 0.3586389720439911
        }
      },
      "world_space": {
        "head": {
          "x": 0.2905789315700531,
          "y": -0.49315762519836426,
          "z": 1.335435152053833
        },
        "tail": {
          "x": 0.30898648500442505,
          "y": -0.5920439958572388,
          "z": 1.3084930181503296
        },
        "rotation_quaternion": {
          "w": 0.10006405413150787,
          "x": -0.0817624181509018,
          "y": 0.12316278368234634,
          "z": -0.9839375019073486
        },
        "matrix": [
          [
            -0.9666041731834412,
            0.17677342891693115,
            0.18554656207561493,
            0.2905789315700531
          ],
          [
            -0.21705378592014313,
            -0.9496362805366516,
            -0.2260054349899292,
            -0.49315762519836426
          ],
          [
            0.1362510323524475,
            -0.2587340176105499,
            0.956298291683197,
            1.335435152053833
          ],
          [
            0.0,
            0.0,
            0.0,
            1.0
          ]
        ]
      },
      "bone_length_armature_space": 0.10413084432442084,
      "parent": "lowerarm_l",
      "has_children": true,
      "is_end_bone": false
    },
    "pinky_01_l": {
      "name": "pinky_01_l",
      "local": {
        "location": {
          "x": 0.0,
          "y": 0.0,
          "z": 0.0
        },
        "rotation_quaternion": {
          "w": 0.998252272605896,
          "x": -0.058621302247047424,
          "y": 0.0067842877469956875,
          "z": 0.0031510284170508385
        },
        "scale": {
          "x": 1.0,
          "y": 1.0,
          "z": 1.0
        },
        "matrix_basis": [
          [
            0.9998880624771118,
            -0.007086450234055519,
            0.013175426982343197,
            0.0
          ],
          [
            0.005495634861290455,
            0.9931071996688843,
            0.1170804500579834,
            0.0
          ],
          [
            -0.01391429640352726,
            -0.1169949397444725,
            0.9930350184440613,
            0.0
          ],
          [
            0.0,
            0.0,
            0.0,
            1.0
          ]
        ],
        "rotation_mode": "QUATERNION"
      },
      "armature_space": {
        "head": {
          "x": 0.30898648500442505,
          "y": -0.6552879810333252,
          "z": 0.3586389720439911
        },
