{
  "metadata": {
    "armature_name": "KIM_caucasian_male",
    "export_time": "2026-01-13T21:00:10.049670",
    "blender_version": "4.4.1",
    "bone_count": 56,
    "end_bone_count": 13,
    "spaces_included": [
      "LOCAL_CHANNELS",
      "ARMATURE_SPACE",
      "WORLD_SPACE"
    ],
    "note": "LOCAL matches Transform panel; replay pose via local.matrix_basis for best fidelity."
  },
  "bones": {
    "Root": {
      "name": "Root",
      "local": {
        "location": {
          "x": 0.0,
          "y": 0.0,
          "z": 0.0
        },
        "rotation_quaternion": {
          "w": 0.9995232820510864,
          "x": 0.002874338533729315,
          "y": 0.017923500388860703,
          "z": 0.02497456967830658
        },
        "scale": {
          "x": 1.0,
          "y": 1.0,
          "z": 1.0
        },
        "matrix_basis": [
          [
            0.9981100559234619,
            -0.04982228949666023,
            0.035973481833934784,
            0.0
          ],
          [
            0.05002836510539055,
            0.9987360239028931,
            -0.004850673023611307,
            0.0
          ],
          [
            -0.03568634018301964,
            0.006641199812293053,
            0.9993409514427185,
            0.0
          ],
          [
            0.0,
            0.0,
            0.0,
            1.0
          ]
        ],
        "rotation_mode": "QUATERNION"
      },
      "armature_space": {
        "head": {
          "x": 0.0,
          "y": 0.07072800397872925,
          "z": -0.009595036506652832
        },
        "tail": {
          "x": -0.0035561092663556337,
          "y": 2.5682151317596436e-05,
          "z": -0.0004818504676222801
        }
      },
      "world_space": {
        "head": {
          "x": 0.0,
          "y": 0.13397200405597687,
          "z": 0.9402589797973633
        },
        "tail": {
          "x": -0.0035561092663556337,
          "y": 0.06326968222856522,
          "z": 0.9493721723556519
        },
        "rotation_quaternion": {
          "w": 0.06446773558855057,
          "x": 0.9974462389945984,
          "y": -0.02371036447584629,
          "z": 0.019565263763070107
        },
        "matrix": [
          [
            0.9981100559234619,
            -0.04982228949666023,
            0.035973481833934784,
            0.0
          ],
          [
            -0.04477696493268013,
            -0.9905633926391602,
            -0.12953445315361023,
            0.13397200405597687
          ],
          [
            0.042087968438863754,
            0.12767881155014038,
            -0.9909291863441467,
            0.9402589797973633
          ],
          [
            0.0,
            0.0,
            0.0,
            1.0
          ]
        ]
      },
      "bone_length_armature_space": 0.07137586832087599,
      "parent": null,
      "has_children": true,
      "is_end_bone": false
    },
    "spine_01": {
      "name": "spine_01",
      "local": {
        "location": {
          "x": 0.0,
          "y": 0.0,
          "z": 0.0
        },
        "rotation_quaternion": {
          "w": 0.9920968413352966,
          "x": 0.10061002522706985,
          "y": -0.008801041170954704,
          "z": 0.07445818930864334
        },
        "scale": {
          "x": 1.0,
          "y": 1.0,
          "z": 1.0
        },
        "matrix_basis": [
          [
            0.9887570142745972,
            -0.14951041340827942,
            -0.002480489667505026,
            0.0
          ],
          [
            0.14596852660179138,
            0.968667209148407,
            -0.20094040036201477,
            0.0
          ],
          [
            0.03244544938206673,
            0.19831915199756622,
            0.9796003103256226,
            0.0
          ],
          [
            0.0,
            0.0,
            0.0,
            1.0
          ]
        ],
        "rotation_mode": "QUATERNION"
      },
      "armature_space": {
        "head": {
          "x": -0.0035561092663556337,
          "y": 2.5682151317596436e-05,
          "z": -0.0004818504676222801
        },
        "tail": {
          "x": -0.09988725930452347,
          "y": -0.07350169122219086,
          "z": 0.47223615646362305
        }
      },
      "world_space": {
        "head": {
          "x": -0.0035561092663556337,
          "y": 0.06326968222856522,
          "z": 0.9493721723556519
        },
        "tail": {
          "x": -0.09988725930452347,
          "y": -0.010257691144943237,
          "z": 1.4220901727676392
        },
        "rotation_quaternion": {
          "w": 0.6456258296966553,
          "x": 0.7569164633750916,
          "y": -0.08849751204252243,
          "z": 0.04912194982171059
        },
        "matrix": [
          [
            0.9795103073120117,
            -0.19739939272403717,
            -0.03991134464740753,
            -0.0035561092663556337
          ],
          [
            -0.07054279744625092,
            -0.15067046880722046,
            -0.9860639572143555,
            0.06326968222856522
          ],
          [
            0.18863621354103088,
            0.9686819911003113,
            -0.1615104377269745,
            0.9493721723556519
          ],
          [
            0.0,
            0.0,
            0.0,
            1.0
          ]
        ]
      },
      "bone_length_armature_space": 0.48800438374748656,
      "parent": "Root",
      "has_children": true,
      "is_end_bone": false
    },
    "neck_01": {
      "name": "neck_01",
      "local": {
        "location": {
          "x": 0.0,
          "y": 0.0,
          "z": 0.0
        },
        "rotation_quaternion": {
          "w": 0.9865303039550781,
          "x": -0.07033567875623703,
          "y": 0.0026786336675286293,
          "z": 0.14766070246696472
        },
        "scale": {
          "x": 1.0,
          "y": 1.0,
          "z": 1.0
        },
        "matrix_basis": [
          [
            0.9563782811164856,
            -0.29172033071517944,
            -0.015486524440348148,
            0.0
          ],
          [
            0.2909667193889618,
            0.9464983940124512,
            0.13956761360168457,
            0.0
          ],
          [
            -0.026056738570332527,
            -0.137985497713089,
            0.9900914430618286,
            0.0
          ],
          [
            0.0,
            0.0,
            0.0,
            1.0
          ]
        ],
        "rotation_mode": "QUATERNION"
      },
      "armature_space": {
        "head": {
          "x": -0.11572467535734177,
          "y": -0.11873067915439606,
          "z": 0.5375602841377258
        },
        "tail": {
          "x": -0.16472592949867249,
          "y": -0.1543591469526291,
          "z": 0.620265781879425
        }
      },
      "world_space": {
        "head": {
          "x": -0.11572467535734177,
          "y": -0.05548667907714844,
          "z": 1.4874143600463867
        },
        "tail": {
          "x": -0.16472592949867249,
          "y": -0.09111514687538147,
          "z": 1.570119857788086
        },
        "rotation_quaternion": {
          "w": 0.5319359302520752,
          "x": 0.8100751638412476,
          "y": -0.20804515480995178,
          "z": 0.13243767619132996
        },
        "matrix": [
          [
            0.8783547282218933,
            -0.4779614806175232,
            -0.006766319274902344,
            -0.11572467535734177
          ],
          [
            -0.1961696594953537,
            -0.34752243757247925,
            -0.9169219136238098,
            -0.05548667907714844
          ],
          [
            0.43590474128723145,
            0.806715190410614,
            -0.3990132510662079,
            1.4874143600463867
          ],
          [
            0.0,
            0.0,
            0.0,
            1.0
          ]
        ]
      },
      "bone_length_armature_space": 0.10252175241772392,
      "parent": "spine_01",
      "has_children": true,
      "is_end_bone": false
    },
    "head": {
      "name": "head",
      "local": {
        "location": {
          "x": 0.0,
          "y": 0.0,
          "z": 0.0
        },
        "rotation_quaternion": {
          "w": 0.9969344735145569,
          "x": 0.01798955909907818,
          "y": -0.005806511268019676,
          "z": -0.07592353224754333
        },
        "scale": {
          "x": 1.0,
          "y": 1.0,
          "z": 1.0
        },
        "matrix_basis": [
          [
            0.9884037971496582,
            0.15117265284061432,
            -0.014309084042906761,
            0.0
          ],
          [
            -0.1515904814004898,
            0.9878239631652832,
            -0.03498712182044983,
            0.0
          ],
          [
            0.008845760487020016,
            0.03675052523612976,
            0.9992853403091431,
            0.0
          ],
          [
            0.0,
            0.0,
            0.0,
            1.0
          ]
        ],
        "rotation_mode": "QUATERNION"
      },
      "armature_space": {
        "head": {
          "x": -0.1647258847951889,
          "y": -0.15435925126075745,
          "z": 0.6202656626701355
        },
        "tail": {
          "x": -0.21317023038864136,
          "y": -0.16345305740833282,
          "z": 0.7673157453536987
        }
      },
      "world_space": {
        "head": {
          "x": -0.1647258847951889,
          "y": -0.09111525118350983,
          "z": 1.5701196193695068
        },
        "tail": {
          "x": -0.21317023038864136,
          "y": -0.1002090573310852,
          "z": 1.7171697616577148
        },
        "rotation_quaternion": {
          "w": 0.6624066233634949,
          "x": 0.7264472246170044,
          "y": -0.17860427498817444,
          "z": 0.039906781166791916
        },
        "matrix": [
          [
            0.9330155253410339,
            -0.3123623728752136,
            -0.17863881587982178,
            -0.1647258847951889
          ],
          [
            -0.20662595331668854,
            -0.05863562226295471,
            -0.9766615629196167,
            -0.09111525118350983
          ],
          [
            0.29459959268569946,
            0.948158323764801,
            -0.11925196647644043,
            1.5701196193695068
          ],
          [
            0.0,
            0.0,
            0.0,
            1.0
          ]
        ]
      },
      "bone_length_armature_space": 0.15509119544000952,
      "parent": "neck_01",
      "has_children": false,
      "is_end_bone": true
    },
    "upperarm_l": {
      "name": "upperarm_l",
      "local": {
        "location": {
          "x": 0.0,
          "y": 0.0,
          "z": 0.0
        },
        "rotation_quaternion": {
          "w": 0.9781292080879211,
          "x": 0.20621436834335327,
          "y": -0.003455281490460038,
          "z": -0.026965130120515823
        },
        "scale": {
          "x": 1.0,
          "y": 1.0,
          "z": 1.0
        },
        "matrix_basis": [
          [
            0.9985218644142151,
            0.05132570490241051,
            -0.017880618572235107,
            0.0
          ],
          [
            -0.05417582020163536,
            0.9134970307350159,
            -0.4032222628593445,
            0.0
          ],
          [
            -0.004361771047115326,
            0.4035949409008026,
            0.9149273633956909,
            0.0
          ],
          [
            0.0,
            0.0,
            0.0,
            1.0
          ]
        ],
        "rotation_mode": "QUATERNION"
      },
      "armature_space": {
        "head": {
          "x": 0.04434136301279068,
          "y": -0.12233056873083115,
          "z": 0.500237762928009
        },
        "tail": {
          "x": 0.28804075717926025,
          "y": -0.2333272397518158,
          "z": 0.5101346373558044
        }
      },
      "world_space": {
        "head": {
          "x": 0.04434136301279068,
          "y": -0.05908656865358353,
          "z": 1.45009183883667
        },
        "tail": {
          "x": 0.28804075717926025,
          "y": -0.17008323967456818,
          "z": 1.4599885940551758
        },
        "rotation_quaternion": {
          "w": 0.3508720397949219,
          "x": 0.6618213057518005,
          "y": 0.4120451509952545,
          "z": -0.5187485814094543
        },
        "matrix": [
          [
            0.12223640829324722,
            0.9094298481941223,
            -0.39748647809028625,
            0.04434136301279068
          ],
          [
            0.1813717633485794,
            -0.41421395540237427,
            -0.8919255137443542,
            -0.05908656865358353
          ],
          [
            -0.9757949113845825,
            0.03693278133869171,
            -0.21557924151420593,
            1.45009183883667
          ],
          [
            0.0,
            0.0,
            0.0,
            1.0
          ]
        ]
      },
      "bone_length_armature_space": 0.2679694127055167,
      "parent": "spine_01",
      "has_children": true,
      "is_end_bone": false
    },
    "lowerarm_l": {
      "name": "lowerarm_l",
      "local": {
        "location": {
          "x": 0.0,
          "y": 0.0,
          "z": 0.0
        },
        "rotation_quaternion": {
          "w": 0.959473729133606,
          "x": 0.08772662281990051,
          "y": -0.0018138280138373375,
          "z": -0.2677891254425049
        },
        "scale": {
          "x": 1.0,
          "y": 1.0,
          "z": 1.0
        },
        "matrix_basis": [
          [
            0.8565713763237,
            0.5135549902915955,
            -0.05046511068940163,
            0.0
          ],
          [
            -0.5141915082931519,
            0.8411860466003418,
            -0.16737133264541626,
            0.0
          ],
          [
            -0.04350383207201958,
            0.1693142205476761,
            0.9846014976501465,
            0.0
          ],
          [
            0.0,
            0.0,
            0.0,
            1.0
          ]
        ],
        "rotation_mode": "QUATERNION"
      },
      "armature_space": {
        "head": {
          "x": 0.28804081678390503,
          "y": -0.23332735896110535,
          "z": 0.510134756565094
        },
        "tail": {
          "x": 0.4704357385635376,
          "y": -0.38634949922561646,
          "z": 0.38812702894210815
        }
      },
      "world_space": {
        "head": {
          "x": 0.28804081678390503,
          "y": -0.17008335888385773,
          "z": 1.4599888324737549
        },
        "tail": {
          "x": 0.4704357385635376,
          "y": -0.32310551404953003,
          "z": 1.3379809856414795
        },
        "rotation_quaternion": {
          "w": 0.1288606971502304,
          "x": 0.5704270005226135,
          "y": 0.44429367780685425,
          "z": -0.6786834001541138
        },
        "matrix": [
          [
            -0.3160167932510376,
            0.6817878484725952,
            -0.6597715616226196,
            0.28804081678390503
          ],
          [
            0.3319621980190277,
            -0.5719930529594421,
            -0.7500833868980408,
            -0.17008335888385773
          ],
          [
            -0.8887884616851807,
            -0.4560619592666626,
            -0.045569341629743576,
            1.4599888324737549
          ],
          [
            0.0,
            0.0,
            0.0,
            1.0
          ]
        ]
      },
      "bone_length_armature_space": 0.2675248949329643,
      "parent": "upperarm_l",
      "has_children": true,
      "is_end_bone": false
    },
    "metacarpal_thumb_l": {
      "name": "metacarpal_thumb_l",
      "local": {
        "location": {
          "x": 0.0,
          "y": 0.0,
          "z": 0.0
        },
        "rotation_quaternion": {
          "w": 0.9996135830879211,
          "x": -0.025850918143987656,
          "y": -0.009578654542565346,
          "z": -0.0035558193922042847
        },
        "scale": {
          "x": 1.0,
          "y": 1.0,
          "z": 1.0
        },
        "matrix_basis": [
          [
            0.9997912049293518,
            0.007604124955832958,
            -0.018966063857078552,
            0.0
          ],
          [
            -0.0066136568784713745,
            0.9986381530761719,
            0.051749978214502335,
            0.0
          ],
          [
            0.019333748146891594,
            -0.051613736897706985,
            0.998479962348938,
            0.0
          ],
          [
            0.0,
            0.0,
            0.0,
            1.0
          ]
        ],
        "rotation_mode": "QUATERNION"
      },
      "armature_space": {
        "head": {
          "x": 0.4704357385635376,
          "y": -0.38634949922561646,
          "z": 0.38812702894210815
        },
        "tail": {
          "x": 0.4763460159301758,
          "y": -0.42856380343437195,
          "z": 0.36289578676223755
        }
      },
      "world_space": {
        "head": {
          "x": 0.4704357385635376,
          "y": -0.32310551404953003,
          "z": 1.3379809856414795
        },
        "tail": {
          "x": 0.4763460159301758,
          "y": -0.36531978845596313,
          "z": 1.3127498626708984
        },
        "rotation_quaternion": {
          "w": 0.2471226453781128,
          "x": -0.9432750344276428,
          "y": -0.11319524794816971,
          "z": 0.19065555930137634
        },
        "matrix": [
          [
            0.9016745090484619,
            0.11931813508272171,
            -0.4156273901462555,
            0.4704357385635376
          ],
          [
            0.3077792525291443,
            -0.8522346615791321,
            0.4230458438396454,
            -0.32310551404953003
          ],
          [
            -0.30373698472976685,
            -0.5093753933906555,
            -0.8051673769950867,
            1.3379809856414795
          ],
          [
            0.0,
            0.0,
            0.0,
            1.0
          ]
        ]
      },
      "bone_length_armature_space": 0.04953377010911345,
      "parent": "lowerarm_l",
      "has_children": true,
      "is_end_bone": false
    },
    "thumb_01_l": {
      "name": "thumb_01_l",
      "local": {
        "location": {
          "x": 0.0,
          "y": 0.0,
          "z": 0.0
        },
        "rotation_quaternion": {
          "w": 0.9986038208007812,
          "x": -0.05123355984687805,
          "y": 0.007918726652860641,
          "z": 0.0101394634693861
        },
        "scale": {
          "x": 1.0,
          "y": 1.0,
          "z": 1.0
        },
        "matrix_basis": [
          [
            0.9996689558029175,
            -0.02106202393770218,
            0.01477637980133295,
            0.0
          ],
          [
            0.019439205527305603,
            0.9945446252822876,
            0.10248464345932007,
            0.0
          ],
          [
            -0.016854302957654,
            -0.10216347128152847,
            0.9946248531341553,
            0.0
          ],
          [
            0.0,
            0.0,
            0.0,
            1.0
          ]
        ],
        "rotation_mode": "QUATERNION"
      },
      "armature_space": {
        "head": {
          "x": 0.4763460159301758,
          "y": -0.42856380343437195,
          "z": 0.36289578676223755
        },
        "tail": {
          "x": 0.4616067111492157,
          "y": -0.43853840231895447,
          "z": 0.33388030529022217
        }
      },
      "world_space": {
        "head": {
          "x": 0.4763460159301758,
          "y": -0.36531978845596313,
          "z": 1.3127498626708984
        },
        "tail": {
          "x": 0.4616067111492157,
          "y": -0.37529438734054565,
          "z": 1.2837343215942383
        },
        "rotation_quaternion": {
          "w": 0.3693152368068695,
          "x": -0.7306854128837585,
          "y": 0.46592608094215393,
          "z": -0.3355860710144043
        },
        "matrix": [
          [
            0.34058788418769836,
            -0.4330174922943115,
            0.8345632553100586,
            0.4763460159301758
          ],
          [
            -0.9287652969360352,
            -0.2930377423763275,
            0.22698819637298584,
            -0.36531978845596313
          ],
          [
            0.14626900851726532,
            -0.8524291515350342,
            -0.5019802451133728,
            1.3127498626708984
          ],
          [
            0.0,
            0.0,
            0.0,
            1.0
          ]
        ]
      },
      "bone_length_armature_space": 0.034038770068479475,
      "parent": "metacarpal_thumb_l",
      "has_children": true,
      "is_end_bone": false
    },
    "thumb_02_l": {
      "name": "thumb_02_l",
      "local": {
        "location": {
          "x": 0.0,
          "y": 0.0,
          "z": 0.0
        },
        "rotation_quaternion": {
          "w": 0.9964372515678406,
          "x": 0.08387111872434616,
          "y": 0.004540553316473961,
          "z": 0.007612067274749279
        },
        "scale": {
          "x": 1.0,
          "y": 1.0,
          "z": 1.0
        },
        "matrix_basis": [
          [
            0.9998428821563721,
            -0.014408252201974392,
            0.010325618088245392,
            0.0
          ],
          [
            0.015931537374854088,
            0.9858154058456421,
            -0.1670754849910736,
            0.0
          ],
          [
            -0.007771887816488743,
            0.16721373796463013,
            0.9858900308609009,
            0.0
          ],
          [
            0.0,
            0.0,
            0.0,
            1.0
          ]
        ],
        "rotation_mode": "QUATERNION"
      },
      "armature_space": {
        "head": {
          "x": 0.4616066813468933,
          "y": -0.4385383427143097,
          "z": 0.33388033509254456
        },
        "tail": {
          "x": 0.4872705638408661,
          "y": -0.4608910083770752,
          "z": 0.31255173683166504
        }
      },
      "world_space": {
        "head": {
          "x": 0.4616066813468933,
          "y": -0.3752943277359009,
          "z": 1.2837343215942383
        },
        "tail": {
          "x": 0.4872705638408661,
          "y": -0.39764702320098877,
          "z": 1.2624057531356812
        },
        "rotation_quaternion": {
          "w": 0.45804014801979065,
          "x": -0.39107605814933777,
          "y": 0.1092425286769867,
          "z": -0.7907748222351074
        },
        "matrix": [
          [
            -0.2745160460472107,
            0.6389707922935486,
            0.7185800671577454,
            0.4616066813468933
          ],
          [
            -0.8098576068878174,
            -0.5565294027328491,
            0.18548719584941864,
            -0.3752943277359009
          ],
          [
            0.518435001373291,
            -0.5310325622558594,
            0.6702564358711243,
            1.2837343215942383
          ],
          [
            0.0,
            0.0,
            0.0,
            1.0
          ]
        ]
      },
      "bone_length_armature_space": 0.04016448212777063,
      "parent": "thumb_01_l",
      "has_children": true,
      "is_end_bone": false
    },
    "thumb_03_l": {
      "name": "thumb_03_l",
      "local": {
        "location": {
          "x": 0.0,
          "y": 0.0,
          "z": 0.0
        },
        "rotation_quaternion": {
          "w": 0.9983346462249756,
          "x": 0.056968435645103455,
          "y": -0.00892957579344511,
          "z": -0.0016763078747317195
        },
        "scale": {
          "x": 1.0,
          "y": 1.0,
          "z": 1.0
        },
        "matrix_basis": [
          [
            0.9998348951339722,
            0.002329624490812421,
            -0.018020402640104294,
            0.0
          ],
          [
            -0.004364440217614174,
            0.9935035705566406,
            -0.11371719092130661,
            0.0
          ],
          [
            0.017638416960835457,
            0.11377706378698349,
            0.9933497309684753,
            0.0
          ],
          [
            0.0,
            0.0,
            0.0,
            1.0
          ]
        ],
        "rotation_mode": "QUATERNION"
      },
      "armature_space": {
        "head": {
          "x": 0.4872704744338989,
          "y": -0.4608910381793976,
          "z": 0.31255173683166504
        },
        "tail": {
          "x": 0.5142651200294495,
          "y": -0.4716029465198517,
          "z": 0.303417444229126
        }
      },
      "world_space": {
        "head": {
          "x": 0.4872704744338989,
          "y": -0.39764702320098877,
          "z": 1.2624057531356812
        },
        "tail": {
          "x": 0.5142651200294495,
          "y": -0.40835893154144287,
          "z": 1.253271460533142
        },
        "rotation_quaternion": {
          "w": 0.562600314617157,
          "x": -0.1414966583251953,
          "y": 0.08693468570709229,
          "z": -0.8098778128623962
        },
        "matrix": [
          [
            -0.3269186317920685,
            0.8866732120513916,
            0.32700905203819275,
            0.4872704744338989
          ],
          [
            -0.9358768463134766,
            -0.35184621810913086,
            0.018401045352220535,
            -0.39764702320098877
          ],
          [
            0.13137291371822357,
            -0.30002695322036743,
            0.9448487758636475,
            1.2624057531356812
          ],
          [
            0.0,
            0.0,
            0.0,
            1.0
          ]
        ]
      },
      "bone_length_armature_space": 0.03044488761244473,
      "parent": "thumb_02_l",
      "has_children": false,
      "is_end_bone": true
    },
    "metacarpal_index_l": {
      "name": "metacarpal_index_l",
      "local": {
        "location": {
          "x": 0.0,
          "y": 0.0,
          "z": 0.0
        },
        "rotation_quaternion": {
          "w": 0.9986757040023804,
          "x": -0.04752769321203232,
          "y": 0.015071820467710495,
          "z": 0.012682367116212845
        },
        "scale": {
          "x": 1.0,
          "y": 1.0,
          "z": 1.0
        },
        "matrix_basis": [
          [
            0.9992240071296692,
            -0.026763802394270897,
            0.028898194432258606,
            0.0
          ],
          [
            0.02389848604798317,
            0.9951605796813965,
            0.09531179815530777,
            0.0
          ],
          [
            -0.03130925074219704,
            -0.09454721212387085,
            0.9950278997421265,
            0.0
          ],
          [
            0.0,
            0.0,
            0.0,
            1.0
          ]
        ],
        "rotation_mode": "QUATERNION"
      },
      "armature_space": {
        "head": {
          "x": 0.4704357385635376,
          "y": -0.38634949922561646,
          "z": 0.38812702894210815
        },
        "tail": {
          "x": 0.5276511311531067,
          "y": -0.4763988256454468,
          "z": 0.33968353271484375
        }
      },
      "world_space": {
        "head": {
          "x": 0.4704357385635376,
          "y": -0.32310551404953003,
          "z": 1.3379809856414795
        },
        "tail": {
          "x": 0.5276511311531067,
          "y": -0.41315484046936035,
          "z": 1.2895375490188599
        },
        "rotation_quaternion": {
          "w": 0.09994364529848099,
          "x": -0.8645058274269104,
          "y": -0.32519060373306274,
          "z": 0.3699893057346344
        },
        "matrix": [
          [
            0.5147171020507812,
            0.48830366134643555,
            -0.704716682434082,
            0.4704357385635376
          ],
          [
            0.6362147331237793,
            -0.7685242891311646,
            -0.06783255934715271,
            -0.32310551404953003
          ],
          [
            -0.5747182965278625,
            -0.4134402573108673,
            -0.706243634223938,
            1.3379809856414795
          ],
          [
            0.0,
            0.0,
            0.0,
            1.0
          ]
        ]
      },
      "bone_length_armature_space": 0.117171902413269,
      "parent": "lowerarm_l",
      "has_children": true,
      "is_end_bone": false
    },
    "index_01_l": {
      "name": "index_01_l",
      "local": {
        "location": {
          "x": 0.0,
          "y": 0.0,
          "z": 0.0
        },
        "rotation_quaternion": {
          "w": 0.9944005012512207,
          "x": -0.10520251095294952,
          "y": -0.006143113132566214,
          "z": -0.007898293435573578
        },
        "scale": {
          "x": 1.0,
          "y": 1.0,
          "z": 1.0
        },
        "matrix_basis": [
          [
            0.9997997879981995,
            0.017000675201416016,
            -0.010555588640272617,
            0.0
          ],
          [
            -0.014415591955184937,
            0.9777401089668274,
            0.20932389795780182,
            0.0
          ],
          [
            0.013879270292818546,
            -0.20912982523441315,
            0.9777894020080566,
            0.0
          ],
          [
            0.0,
            0.0,
            0.0,
            1.0
          ]
        ],
        "rotation_mode": "QUATERNION"
      },
      "armature_space": {
        "head": {
          "x": 0.5276511311531067,
          "y": -0.4763988256454468,
          "z": 0.33968353271484375
        },
        "tail": {
          "x": 0.5516514182090759,
          "y": -0.4887984097003937,
          "z": 0.33055633306503296
        }
      },
      "world_space": {
        "head": {
          "x": 0.5276511311531067,
          "y": -0.41315484046936035,
          "z": 1.2895375490188599
        },
        "tail": {
          "x": 0.5516514182090759,
          "y": -0.42555439472198486,
          "z": 1.2804102897644043
        },
        "rotation_quaternion": {
          "w": 0.027101024985313416,
          "x": -0.806014895439148,
          "y": -0.5308841466903687,
          "z": 0.26032209396362305
        },
        "matrix": [
          [
            0.3007877767086029,
            0.8416918516159058,
            -0.44842100143432617,
            0.5276511311531067
          ],
          [
            0.8699108362197876,
            -0.43485429883003235,
            -0.23271644115447998,
            -0.41315484046936035
          ],
          [
            -0.39087527990341187,
            -0.32009071111679077,
            -0.8630020022392273,
            1.2895375490188599
          ],
          [
            0.0,
            0.0,
            0.0,
            1.0
          ]
        ]
      },
      "bone_length_armature_space": 0.028514368569687178,
      "parent": "metacarpal_index_l",
      "has_children": true,
      "is_end_bone": false
    },
    "index_02_l": {
      "name": "index_02_l",
      "local": {
        "location": {
          "x": 0.0,
          "y": 0.0,
          "z": 0.0
        },
        "rotation_quaternion": {
          "w": 0.9989692568778992,
          "x": 0.04434001445770264,
          "y": 0.006154272239655256,
          "z": -0.00752277672290802
        },
        "scale": {
          "x": 1.0,
          "y": 1.0,
          "z": 1.0
        },
        "matrix_basis": [
          [
            0.999811053276062,
            0.015575806610286236,
            0.011628737673163414,
            0.0
          ],
          [
            -0.014484284445643425,
            0.9959547519683838,
            -0.08868121355772018,
            0.0
          ],
          [
            -0.012962977401912212,
            0.08849602937698364,
            0.9959921836853027,
            0.0
          ],
          [
            0.0,
            0.0,
            0.0,
            1.0
          ]
        ],
        "rotation_mode": "QUATERNION"
      },
      "armature_space": {
        "head": {
          "x": 0.5516515970230103,
          "y": -0.4887988567352295,
          "z": 0.3305560350418091
        },
        "tail": {
          "x": 0.5728768110275269,
          "y": -0.49934592843055725,
          "z": 0.32074064016342163
        }
      },
      "world_space": {
        "head": {
          "x": 0.5516515970230103,
          "y": -0.42555487155914307,
          "z": 1.2804100513458252
        },
        "tail": {
          "x": 0.5728768110275269,
          "y": -0.43610191345214844,
          "z": 1.270594596862793
        },
        "rotation_quaternion": {
          "w": 0.03972592577338219,
          "x": -0.7861742973327637,
          "y": -0.5411577224731445,
          "z": 0.2958042621612549
        },
        "matrix": [
          [
            0.23929500579833984,
            0.8273873329162598,
            -0.5081022381782532,
            0.5516515970230103
          ],
          [
            0.8743904829025269,
            -0.4111393988132477,
            -0.2576931118965149,
            -0.42555487155914307
          ],
          [
            -0.4221150577068329,
            -0.38261815905570984,
            -0.8218492865562439,
            1.2804100513458252
          ],
          [
            0.0,
            0.0,
            0.0,
            1.0
          ]
        ]
      },
      "bone_length_armature_space": 0.025653311855187412,
      "parent": "index_01_l",
      "has_children": true,
      "is_end_bone": false
    },
    "index_03_l": {
      "name": "index_03_l",
      "local": {
        "location": {
          "x": 0.0,
          "y": 0.0,
          "z": 0.0
        },
        "rotation_quaternion": {
          "w": 0.9996569156646729,
          "x": 0.025896623730659485,
          "y": 0.0005827558925375342,
          "z": 0.003885661717504263
        },
        "scale": {
          "x": 1.0,
          "y": 1.0,
          "z": 1.0
        },
        "matrix_basis": [
          [
            0.9999691247940063,
            -0.007738474290817976,
            0.0013663629069924355,
            0.0
          ],
          [
            0.0077988398261368275,
            0.998628556728363,
            -0.05177094787359238,
            0.0
          ],
          [
            -0.0009638608898967505,
            0.051780007779598236,
            0.9986580610275269,
            0.0
          ],
          [
            0.0,
            0.0,
            0.0,
            1.0
          ]
        ],
        "rotation_mode": "QUATERNION"
      },
      "armature_space": {
        "head": {
          "x": 0.5728768110275269,
          "y": -0.49934589862823486,
          "z": 0.3207407593727112
        },
        "tail": {
          "x": 0.5952491760253906,
          "y": -0.5100417137145996,
          "z": 0.3052872121334076
        }
      },
      "world_space": {
        "head": {
          "x": 0.5728768110275269,
          "y": -0.43610191345214844,
          "z": 1.270594835281372
        },
        "tail": {
          "x": 0.5952491760253906,
          "y": -0.4467977285385132,
          "z": 1.255141258239746
        },
        "rotation_quaternion": {
          "w": 0.1268967241048813,
          "x": -0.7683757543563843,
          "y": -0.5485129952430725,
          "z": 0.30435097217559814
        },
        "matrix": [
          [
            0.2130061686038971,
            0.7656868696212769,
            -0.606920063495636,
            0.5728768110275269
          ],
          [
            0.9201703071594238,
            -0.3660605847835541,
            -0.13887494802474976,
            -0.43610191345214844
          ],
          [
            -0.3285057246685028,
            -0.5288926362991333,
            -0.7825410962104797,
            1.270594835281372
          ],
          [
            0.0,
            0.0,
            0.0,
            1.0
          ]
        ]
      },
      "bone_length_armature_space": 0.029218749344986382,
      "parent": "index_02_l",
      "has_children": false,
      "is_end_bone": true
    },
    "metacarpal_pinky_l": {
      "name": "metacarpal_pinky_l",
      "local": {
        "location": {
          "x": 0.0,
          "y": 0.0,
          "z": 0.0
        },
        "rotation_quaternion": {
          "w": 0.9995885491371155,
          "x": -0.017236970365047455,
          "y": -0.022831669077277184,
          "z": -0.0021087585482746363
        },
        "scale": {
          "x": 1.0,
          "y": 1.0,
          "z": 1.0
        },
        "matrix_basis": [
          [
            0.9989485144615173,
            0.005002879537642002,
            -0.04557185247540474,
            0.0
          ],
          [
            -0.0034286840818822384,
            0.9993968605995178,
            0.03455604985356331,
            0.0
          ],
          [
            0.04571724683046341,
            -0.03436346352100372,
            0.998363196849823,
            0.0
          ],
          [
            0.0,
            0.0,
            0.0,
            1.0
          ]
        ],
        "rotation_mode": "QUATERNION"
      },
      "armature_space": {
        "head": {
          "x": 0.4704357385635376,
          "y": -0.38634949922561646,
          "z": 0.38812702894210815
        },
        "tail": {
          "x": 0.557755708694458,
          "y": -0.41756945848464966,
          "z": 0.34075847268104553
        }
      },
      "world_space": {
        "head": {
          "x": 0.4704357385635376,
          "y": -0.32310551404953003,
          "z": 1.3379809856414795
        },
        "tail": {
          "x": 0.557755708694458,
          "y": -0.35432547330856323,
          "z": 1.2906124591827393
        },
        "rotation_quaternion": {
          "w": 0.5056151151657104,
          "x": 0.03957025334239006,
          "y": 0.30731943249702454,
          "z": -0.8051971197128296
        },
        "matrix": [
          [
            -0.4855739176273346,
            0.8385609984397888,
            0.24704906344413757,
            0.4704357385635376
          ],
          [
            -0.7899198532104492,
            -0.2998150587081909,
            -0.5349183678627014,
            -0.32310551404953003
          ],
          [
            -0.37449589371681213,
            -0.45489487051963806,
            0.8079835176467896,
            1.3379809856414795
          ],
          [
            0.0,
            0.0,
            0.0,
            1.0
          ]
        ]
      },
      "bone_length_armature_space": 0.10413089351515759,
      "parent": "lowerarm_l",
      "has_children": true,
      "is_end_bone": false
    },
    "pinky_01_l": {
      "name": "pinky_01_l",
      "local": {
        "location": {
          "x": 0.0,
          "y": 0.0,
          "z": 0.0
        },
        "rotation_quaternion": {
          "w": 0.9970309138298035,
          "x": -0.07684241235256195,
          "y": -0.0021762088872492313,
          "z": 0.004468666855245829
        },
        "scale": {
          "x": 1.0,
          "y": 1.0,
          "z": 1.0
        },
        "matrix_basis": [
          [
            0.9999505877494812,
            -0.00857634749263525,
            -0.005026261322200298,
            0.0
          ],
          [
            0.009245248511433601,
            0.9881505370140076,
            0.15320907533168793,
            0.0
          ],
          [
            0.0036527288611978292,
            -0.15324796736240387,
            0.9881809949874878,
            0.0
          ],
          [
            0.0,
            0.0,
            0.0,
            1.0
          ]
        ],
        "rotation_mode": "QUATERNION"
      },
      "armature_space": {
        "head": {
          "x": 0.557755708694458,
          "y": -0.41756945848464966,
