{
  "metadata": {
    "armature_name": "KIM_caucasian_male",
    "export_time": "2026-01-13T21:15:46.562202",
    "blender_version": "4.4.1",
    "bone_count": 56,
    "end_bone_count": 13,
    "spaces_included": [
      "LOCAL_CHANNELS",
      "ARMATURE_SPACE",
      "WORLD_SPACE"
    ],
    "note": "LOCAL matches Transform panel; replay pose via local.matrix_basis for best fidelity."
  },
  "bones": {
    "Root": {
      "name": "Root",
      "local": {
        "location": {
          "x": 0.0,
          "y": 0.0,
          "z": 0.0
        },
        "rotation_quaternion": {
          "w": 0.9994282722473145,
          "x": 0.010815138928592205,
          "y": 0.013941393233835697,
          "z": 0.02884255163371563
        },
        "scale": {
          "x": 1.0,
          "y": 1.0,
          "z": 1.0
        },
        "matrix_basis": [
          [
            0.9979475140571594,
            -0.05735056847333908,
            0.028490716591477394,
            0.0
          ],
          [
            0.05795367807149887,
            0.9981023073196411,
            -0.020813699811697006,
            0.0
          ],
          [
            -0.02724297344684601,
            0.022422121837735176,
            0.9993773698806763,
            0.0
          ],
          [
            0.0,
            0.0,
            0.0,
            1.0
          ]
        ],
        "rotation_mode": "QUATERNION"
      },
      "armature_space": {
        "head": {
          "x": 0.0,
          "y": 0.07072800397872925,
          "z": -0.009595036506652832
        },
        "tail": {
          "x": -0.004093446768820286,
          "y": -8.09207558631897e-05,
          "z": -0.0016040923073887825
        }
      },
      "world_space": {
        "head": {
          "x": 0.0,
          "y": 0.13397200405597687,
          "z": 0.9402589797973633
        },
        "tail": {
          "x": -0.004093446768820286,
          "y": 0.06316307932138443,
          "z": 0.9482499361038208
        },
        "rotation_quaternion": {
          "w": 0.05653856322169304,
          "x": 0.9978863596916199,
          "y": -0.027837825939059258,
          "z": 0.015852781012654305
        },
        "matrix": [
          [
            0.9979475140571594,
            -0.05735056847333908,
            0.028490716591477394,
            0.0
          ],
          [
            -0.053765375167131424,
            -0.9920569062232971,
            -0.11372121423482895,
            0.13397200405597687
          ],
          [
            0.03478657826781273,
            0.11195582896471024,
            -0.9931111931800842,
            0.9402589797973633
          ],
          [
            0.0,
            0.0,
            0.0,
            1.0
          ]
        ]
      },
      "bone_length_armature_space": 0.07137587194606812,
      "parent": null,
      "has_children": true,
      "is_end_bone": false
    },
    "spine_01": {
      "name": "spine_01",
      "local": {
        "location": {
          "x": 0.0,
          "y": 0.0,
          "z": 0.0
        },
        "rotation_quaternion": {
          "w": 0.9984273910522461,
          "x": 0.03448678180575371,
          "y": 0.03346893936395645,
          "z": 0.028866799548268318
        },
        "scale": {
          "x": 1.0,
          "y": 1.0,
          "z": 1.0
        },
        "matrix_basis": [
          [
            0.9960930943489075,
            -0.05533433333039284,
            0.06882365792989731,
            0.0
          ],
          [
            0.05995127931237221,
            0.9959547519683838,
            -0.066932812333107,
            0.0
          ],
          [
            -0.06484156847000122,
            0.0707973763346672,
            0.9953809976577759,
            0.0
          ],
          [
            0.0,
            0.0,
            0.0,
            1.0
          ]
        ],
        "rotation_mode": "QUATERNION"
      },
      "armature_space": {
        "head": {
          "x": -0.004093446768820286,
          "y": -8.09207558631897e-05,
          "z": -0.0016040923073887825
        },
        "tail": {
          "x": -0.04917400702834129,
          "y": -0.020474964752793312,
          "z": 0.4838857352733612
        }
      },
      "world_space": {
        "head": {
          "x": -0.004093446768820286,
          "y": 0.06316307932138443,
          "z": 0.9482499361038208
        },
        "tail": {
          "x": -0.04917400702834129,
          "y": 0.04276903718709946,
          "z": 1.4337397813796997
        },
        "rotation_quaternion": {
          "w": 0.6916221380233765,
          "x": 0.7207303047180176,
          "y": -0.027627356350421906,
          "z": 0.03799343481659889
        },
        "matrix": [
          [
            0.9955865144729614,
            -0.09237796813249588,
            0.016550008207559586,
            -0.004093446768820286
          ],
          [
            0.012729842215776443,
            -0.04179096966981888,
            -0.9990453720092773,
            0.06316307932138443
          ],
          [
            0.09298208355903625,
            0.994853675365448,
            -0.040431760251522064,
            0.9482499361038208
          ],
          [
            0.0,
            0.0,
            0.0,
            1.0
          ]
        ]
      },
      "bone_length_armature_space": 0.48800463923858706,
      "parent": "Root",
      "has_children": true,
      "is_end_bone": false
    },
    "neck_01": {
      "name": "neck_01",
      "local": {
        "location": {
          "x": 0.0,
          "y": 0.0,
          "z": 0.0
        },
        "rotation_quaternion": {
          "w": 0.9912123680114746,
          "x": -0.08421899378299713,
          "y": 0.03622175008058548,
          "z": 0.09535850584506989
        },
        "scale": {
          "x": 1.0,
          "y": 1.0,
          "z": 1.0
        },
        "matrix_basis": [
          [
            0.9791894555091858,
            -0.19514217972755432,
            0.055744897574186325,
            0.0
          ],
          [
            0.18293994665145874,
            0.9676278233528137,
            0.1738659143447876,
            0.0
          ],
          [
            -0.08786889165639877,
            -0.160049706697464,
            0.9831902980804443,
            0.0
          ],
          [
            0.0,
            0.0,
            0.0,
            1.0
          ]
        ],
        "rotation_mode": "QUATERNION"
      },
      "armature_space": {
        "head": {
          "x": -0.05536382272839546,
          "y": -0.05818217247724533,
          "z": 0.5553252100944519
        },
        "tail": {
          "x": -0.08393540233373642,
          "y": -0.08498760312795639,
          "z": 0.6500663161277771
        }
      },
      "world_space": {
        "head": {
          "x": -0.05536382272839546,
          "y": 0.005061827600002289,
          "z": 1.5051791667938232
        },
        "tail": {
          "x": -0.08393540233373642,
          "y": -0.02174360305070877,
          "z": 1.5999202728271484
        },
        "rotation_quaternion": {
          "w": 0.6018068790435791,
          "x": 0.7848089933395386,
          "y": -0.08424580097198486,
          "z": 0.12167952954769135
        },
        "matrix": [
          [
            0.9561936259269714,
            -0.27868908643722534,
            0.08958946168422699,
            -0.05536382272839546
          ],
          [
            0.01421995460987091,
            -0.2614619731903076,
            -0.9651092290878296,
            0.005061827600002289
          ],
          [
            0.29239165782928467,
            0.9241113066673279,
            -0.2460479587316513,
            1.5051791667938232
          ],
          [
            0.0,
            0.0,
            0.0,
            1.0
          ]
        ]
      },
      "bone_length_armature_space": 0.10252191820325571,
      "parent": "spine_01",
      "has_children": true,
      "is_end_bone": false
    },
    "head": {
      "name": "head",
      "local": {
        "location": {
          "x": 0.0,
          "y": 0.0,
          "z": 0.0
        },
        "rotation_quaternion": {
          "w": 0.9831410646438599,
          "x": -0.009913544170558453,
          "y": 0.14273972809314728,
          "z": 0.11384528875350952
        },
        "scale": {
          "x": 1.0,
          "y": 1.0,
          "z": 1.0
        },
        "matrix_basis": [
          [
            0.9333292245864868,
            -0.22668206691741943,
            0.27840936183929443,
            0.0
          ],
          [
            0.2210218459367752,
            0.9738819599151611,
            0.05199331417679787,
            0.0
          ],
          [
            -0.28292378783226013,
            0.013007665984332561,
            0.959054172039032,
            0.0
          ],
          [
            0.0,
            0.0,
            0.0,
            1.0
          ]
        ],
        "rotation_mode": "QUATERNION"
      },
      "armature_space": {
        "head": {
          "x": -0.08393536508083344,
          "y": -0.08498772978782654,
          "z": 0.6500661969184875
        },
        "tail": {
          "x": -0.16181263327598572,
          "y": -0.07151659578084946,
          "z": 0.7835086584091187
        }
      },
      "world_space": {
        "head": {
          "x": -0.08393536508083344,
          "y": -0.02174372971057892,
          "z": 1.5999202728271484
        },
        "tail": {
          "x": -0.16181263327598572,
          "y": -0.008272595703601837,
          "z": 1.7333626747131348
        },
        "rotation_quaternion": {
          "w": 0.7332528233528137,
          "x": 0.6155745387077332,
          "y": -0.07596132159233093,
          "z": 0.27863630652427673
        },
        "matrix": [
          [
            0.8331826329231262,
            -0.5021417737007141,
            0.23164743185043335,
            -0.08393536508083344
          ],
          [
            0.31510499119758606,
            0.08686000108718872,
            -0.9450739026069641,
            -0.02174372971057892
          ],
          [
            0.4544435441493988,
            0.8604183793067932,
            0.23059824109077454,
            1.5999202728271484
          ],
          [
            0.0,
            0.0,
            0.0,
            1.0
          ]
        ]
      },
      "bone_length_armature_space": 0.15509104357912368,
      "parent": "neck_01",
      "has_children": false,
      "is_end_bone": true
    },
    "upperarm_l": {
      "name": "upperarm_l",
      "local": {
        "location": {
          "x": 0.0,
          "y": 0.0,
          "z": 0.0
        },
        "rotation_quaternion": {
          "w": 0.7831869125366211,
          "x": 0.394548624753952,
          "y": 0.26764917373657227,
          "z": 0.3991410732269287
        },
        "scale": {
          "x": 1.0,
          "y": 1.0,
          "z": 1.0
        },
        "matrix_basis": [
          [
            0.5381006598472595,
            -0.4140028953552246,
            0.7341997623443604,
            0.0
          ],
          [
            0.836405336856842,
            0.3700355589389801,
            -0.4043510854244232,
            0.0
          ],
          [
            -0.10427753627300262,
            0.8316702246665955,
            0.5453906059265137,
            0.0
          ],
          [
            0.0,
            0.0,
            0.0,
            1.0
          ]
        ],
        "rotation_mode": "QUATERNION"
      },
      "armature_space": {
        "head": {
          "x": 0.1002354547381401,
          "y": -0.05665010213851929,
          "z": 0.5022817254066467
        },
        "tail": {
          "x": 0.20408087968826294,
          "y": -0.280747652053833,
          "z": 0.6062248349189758
        }
      },
      "world_space": {
        "head": {
          "x": 0.1002354547381401,
          "y": 0.0065938979387283325,
          "z": 1.4521358013153076
        },
        "tail": {
          "x": 0.20408087968826294,
          "y": -0.2175036519765854,
          "z": 1.5560789108276367
        },
        "rotation_quaternion": {
          "w": 0.24198199808597565,
          "x": 0.9346550703048706,
          "y": 0.15265826880931854,
          "z": -0.21109265089035034
        },
        "matrix": [
          [
            0.8642709255218506,
            0.3875271677970886,
            -0.3207159638404846,
            0.1002354547381401
          ],
          [
            0.1832047998905182,
            -0.8362802267074585,
            -0.516789972782135,
            0.0065938979387283325
          ],
          [
            -0.4684816598892212,
            0.3878917098045349,
            -0.7937752604484558,
            1.4521358013153076
          ],
          [
            0.0,
            0.0,
            0.0,
            1.0
          ]
        ]
      },
      "bone_length_armature_space": 0.2679696872683669,
      "parent": "spine_01",
      "has_children": true,
      "is_end_bone": false
    },
    "lowerarm_l": {
      "name": "lowerarm_l",
      "local": {
        "location": {
          "x": 0.0,
          "y": 0.0,
          "z": 0.0
        },
        "rotation_quaternion": {
          "w": 0.8993465900421143,
          "x": 0.429911345243454,
          "y": 0.054665159434080124,
          "z": 0.05799845606088638
        },
        "scale": {
          "x": 1.0,
          "y": 1.0,
          "z": 1.0
        },
        "matrix_basis": [
          [
            0.9872958064079285,
            -0.05731908231973648,
            0.14819423854351044,
            0.0
          ],
          [
            0.15132376551628113,
            0.6236248016357422,
            -0.7669376134872437,
            0.0
          ],
          [
            -0.04845746234059334,
            0.779619574546814,
            0.6243759393692017,
            0.0
          ],
          [
            0.0,
            0.0,
            0.0,
            1.0
          ]
        ],
        "rotation_mode": "QUATERNION"
      },
      "armature_space": {
        "head": {
          "x": 0.20408080518245697,
          "y": -0.28074774146080017,
          "z": 0.6062248945236206
        },
        "tail": {
          "x": 0.13863268494606018,
          "y": -0.5215046405792236,
          "z": 0.5096732974052429
        }
      },
      "world_space": {
        "head": {
          "x": 0.20408080518245697,
          "y": -0.21750374138355255,
          "z": 1.5560789108276367
        },
        "tail": {
          "x": 0.13863268494606018,
          "y": -0.4582606554031372,
          "z": 1.4595272541046143
        },
        "rotation_quaternion": {
          "w": 0.20925115048885345,
          "x": -0.9479477405548096,
          "y": 0.07900914549827576,
          "z": 0.22664229571819305
        },
        "matrix": [
          [
            0.8847819566726685,
            -0.24464347958564758,
            -0.39662420749664307,
            0.20408080518245697
          ],
          [
            -0.05494313687086105,
            -0.8999434113502502,
            0.4325314164161682,
            -0.21750374138355255
          ],
          [
            -0.46275854110717773,
            -0.3609076142311096,
            -0.8097002506256104,
            1.5560789108276367
          ],
          [
            0.0,
            0.0,
            0.0,
            1.0
          ]
        ]
      },
      "bone_length_armature_space": 0.2675248644719749,
      "parent": "upperarm_l",
      "has_children": true,
      "is_end_bone": false
    },
    "metacarpal_thumb_l": {
      "name": "metacarpal_thumb_l",
      "local": {
        "location": {
          "x": 0.0,
          "y": 0.0,
          "z": 0.0
        },
        "rotation_quaternion": {
          "w": 0.998702347278595,
          "x": -0.04507480934262276,
          "y": -0.011930984444916248,
          "z": 0.02048327773809433
        },
        "scale": {
          "x": 1.0,
          "y": 1.0,
          "z": 1.0
        },
        "matrix_basis": [
          [
            0.99887615442276,
            -0.03983782231807709,
            -0.02567756362259388,
            0.0
          ],
          [
            0.04198896884918213,
            0.9950973987579346,
            0.08954386413097382,
            0.0
          ],
          [
            0.021984444931149483,
            -0.09052141010761261,
            0.9956518411636353,
            0.0
          ],
          [
            0.0,
            0.0,
            0.0,
            1.0
          ]
        ],
        "rotation_mode": "QUATERNION"
      },
      "armature_space": {
        "head": {
          "x": 0.13863268494606018,
          "y": -0.5215046405792236,
          "z": 0.5096732974052429
        },
        "tail": {
          "x": 0.1209317147731781,
          "y": -0.5430980324745178,
          "z": 0.46875861287117004
        }
      },
      "world_space": {
        "head": {
          "x": 0.13863268494606018,
          "y": -0.4582606554031372,
          "z": 1.4595272541046143
        },
        "tail": {
          "x": 0.1209317147731781,
          "y": -0.4798540472984314,
          "z": 1.4186125993728638
        },
        "rotation_quaternion": {
          "w": 0.30945542454719543,
          "x": -0.7265757918357849,
          "y": 0.4315904676914215,
          "z": -0.43595263361930847
        },
        "matrix": [
          [
            0.24734902381896973,
            -0.3573523759841919,
            0.9006208777427673,
            0.13863268494606018
          ],
          [
            -0.8969825506210327,
            -0.4359337091445923,
            0.07337822020053864,
            -0.4582606554031372
          ],
          [
            0.36639079451560974,
            -0.8259972929954529,
            -0.42836952209472656,
            1.4595272541046143
          ],
          [
            0.0,
            0.0,
            0.0,
            1.0
          ]
        ]
      },
      "bone_length_armature_space": 0.04953393168656464,
      "parent": "lowerarm_l",
      "has_children": true,
      "is_end_bone": false
    },
    "thumb_01_l": {
      "name": "thumb_01_l",
      "local": {
        "location": {
          "x": 0.0,
          "y": 0.0,
          "z": 0.0
        },
        "rotation_quaternion": {
          "w": 0.9991242289543152,
          "x": 0.04071468487381935,
          "y": -0.004990557208657265,
          "z": 0.008264217525720596
        },
        "scale": {
          "x": 1.0,
          "y": 1.0,
          "z": 1.0
        },
        "matrix_basis": [
          [
            0.9998136162757874,
            -0.016920337453484535,
            -0.009299423545598984,
            0.0
          ],
          [
            0.016107581555843353,
            0.996548056602478,
            -0.08144054561853409,
            0.0
          ],
          [
            0.010645323432981968,
            0.0812755674123764,
            0.996634840965271,
            0.0
          ],
          [
            0.0,
            0.0,
            0.0,
            1.0
          ]
        ],
        "rotation_mode": "QUATERNION"
      },
      "armature_space": {
        "head": {
          "x": 0.1209317147731781,
          "y": -0.5430980324745178,
          "z": 0.46875861287117004
        },
        "tail": {
          "x": 0.13587605953216553,
          "y": -0.5496639013290405,
          "z": 0.4388889968395233
        }
      },
      "world_space": {
        "head": {
          "x": 0.1209317147731781,
          "y": -0.4798540472984314,
          "z": 1.4186125993728638
        },
        "tail": {
          "x": 0.13587605953216553,
          "y": -0.4864199161529541,
          "z": 1.3887430429458618
        },
        "rotation_quaternion": {
          "w": 0.2660100758075714,
          "x": 0.024588996544480324,
          "y": 0.5768804550170898,
          "z": -0.7719086408615112
        },
        "matrix": [
          [
            -0.8572673201560974,
            0.43904122710227966,
            0.2689530849456787,
            0.1209317147731781
          ],
          [
            -0.3823035657405853,
            -0.1928953379392624,
            -0.9036790132522583,
            -0.4798540472984314
          ],
          [
            -0.34487512707710266,
            -0.8775224685668945,
            0.33321133255958557,
            1.4186125993728638
          ],
          [
            0.0,
            0.0,
            0.0,
            1.0
          ]
        ]
      },
      "bone_length_armature_space": 0.03403877290073323,
      "parent": "metacarpal_thumb_l",
      "has_children": true,
      "is_end_bone": false
    },
    "thumb_02_l": {
      "name": "thumb_02_l",
      "local": {
        "location": {
          "x": 0.0,
          "y": 0.0,
          "z": 0.0
        },
        "rotation_quaternion": {
          "w": 0.9926537275314331,
          "x": 0.12097656726837158,
          "y": -0.001543959602713585,
          "z": -0.0009623068617656827
        },
        "scale": {
          "x": 1.0,
          "y": 1.0,
          "z": 1.0
        },
        "matrix_basis": [
          [
            0.9999933838844299,
            0.0015369091415777802,
            -0.003298067720606923,
            0.0
          ],
          [
            -0.0022840409073978662,
            0.9707275032997131,
            -0.24017271399497986,
            0.0
          ],
          [
            0.0028324013110250235,
            0.2401786595582962,
            0.9707245826721191,
            0.0
          ],
          [
            0.0,
            0.0,
            0.0,
            1.0
          ]
        ],
        "rotation_mode": "QUATERNION"
      },
      "armature_space": {
        "head": {
          "x": 0.13587605953216553,
          "y": -0.5496638417243958,
          "z": 0.4388889968395233
        },
        "tail": {
          "x": 0.1246011033654213,
          "y": -0.5869853496551514,
          "z": 0.42923703789711
        }
      },
      "world_space": {
        "head": {
          "x": 0.13587605953216553,
          "y": -0.4864198565483093,
          "z": 1.3887430429458618
        },
        "tail": {
          "x": 0.1246011033654213,
          "y": -0.5237413644790649,
          "z": 1.3790910243988037
        },
        "rotation_quaternion": {
          "w": 0.16637283563613892,
          "x": -0.21659669280052185,
          "y": -0.08781006187200546,
          "z": 0.9579641819000244
        },
        "matrix": [
          [
            -0.8508118391036987,
            -0.28072014451026917,
            -0.4442023038864136,
            0.13587605953216553
          ],
          [
            0.3567972183227539,
            -0.9292191863059998,
            -0.09616521000862122,
            -0.4864198565483093
          ],
          [
            -0.3857680857181549,
            -0.24031110107898712,
            0.8907569646835327,
            1.3887430429458618
          ],
          [
            0.0,
            0.0,
            0.0,
            1.0
          ]
        ]
      },
      "bone_length_armature_space": 0.04016441165879294,
      "parent": "thumb_01_l",
      "has_children": true,
      "is_end_bone": false
    },
    "thumb_03_l": {
      "name": "thumb_03_l",
      "local": {
        "location": {
          "x": 0.0,
          "y": 0.0,
          "z": 0.0
        },
        "rotation_quaternion": {
          "w": 0.9971212148666382,
          "x": 0.07534782588481903,
          "y": 0.008148647844791412,
          "z": -0.002369152382016182
        },
        "scale": {
          "x": 1.0,
          "y": 1.0,
          "z": 1.0
        },
        "matrix_basis": [
          [
            0.9998559951782227,
            0.005952630192041397,
            0.0158933587372303,
            0.0
          ],
          [
            -0.003496698336675763,
            0.9886341691017151,
            -0.15030044317245483,
            0.0
          ],
          [
            -0.01660740002989769,
            0.15022322535514832,
            0.9885126352310181,
            0.0
          ],
          [
            0.0,
            0.0,
            0.0,
            1.0
          ]
        ],
        "rotation_mode": "QUATERNION"
      },
      "armature_space": {
        "head": {
          "x": 0.1246010959148407,
          "y": -0.5869852900505066,
          "z": 0.4292369782924652
        },
        "tail": {
          "x": 0.11387361586093903,
          "y": -0.6149727702140808,
          "z": 0.4345766603946686
        }
      },
      "world_space": {
        "head": {
          "x": 0.1246010959148407,
          "y": -0.5237413048744202,
          "z": 1.3790910243988037
        },
        "tail": {
          "x": 0.11387361586093903,
          "y": -0.5517287850379944,
          "z": 1.3844306468963623
        },
        "rotation_quaternion": {
          "w": 0.13163335621356964,
          "x": -0.37645891308784485,
          "y": 0.1517578810453415,
          "z": 0.9043897986412048
        },
        "matrix": [
          [
            -0.6819028258323669,
            -0.352357417345047,
            -0.6409783363342285,
            0.1246010959148407
          ],
          [
            0.12383458763360977,
            -0.9192844033241272,
            0.37360620498657227,
            -0.5237413048744202
          ],
          [
            -0.7208890318870544,
            0.17538826167583466,
            0.6705016493797302,
            1.3790910243988037
          ],
          [
            0.0,
            0.0,
            0.0,
            1.0
          ]
        ]
      },
      "bone_length_armature_space": 0.030444869389617265,
      "parent": "thumb_02_l",
      "has_children": false,
      "is_end_bone": true
    },
    "metacarpal_index_l": {
      "name": "metacarpal_index_l",
      "local": {
        "location": {
          "x": 0.0,
          "y": 0.0,
          "z": 0.0
        },
        "rotation_quaternion": {
          "w": 0.9998465180397034,
          "x": 0.015851110219955444,
          "y": -0.006211670581251383,
          "z": 0.004160207696259022
        },
        "scale": {
          "x": 1.0,
          "y": 1.0,
          "z": 1.0
        },
        "matrix_basis": [
          [
            0.9998882412910461,
            -0.008516062051057816,
            -0.012289546430110931,
            0.0
          ],
          [
            0.008122215047478676,
            0.9994628429412842,
            -0.03174903988838196,
            0.0
          ],
          [
            0.01255332212895155,
            0.03164567053318024,
            0.9994202852249146,
            0.0
          ],
          [
            0.0,
            0.0,
            0.0,
            1.0
          ]
        ],
        "rotation_mode": "QUATERNION"
      },
      "armature_space": {
        "head": {
          "x": 0.13863268494606018,
          "y": -0.5215046405792236,
          "z": 0.5096732974052429
        },
        "tail": {
          "x": 0.1037306934595108,
          "y": -0.6045958995819092,
          "z": 0.4347933828830719
        }
      },
      "world_space": {
        "head": {
          "x": 0.13863268494606018,
          "y": -0.4582606554031372,
          "z": 1.4595272541046143
        },
        "tail": {
          "x": 0.1037306934595108,
          "y": -0.5413519144058228,
          "z": 1.3846473693847656
        },
        "rotation_quaternion": {
          "w": 0.2947375476360321,
          "x": -0.8954004049301147,
          "y": 0.24199064075946808,
          "z": -0.22984427213668823
        },
        "matrix": [
          [
            0.7772239446640015,
            -0.29787036776542664,
            0.554253101348877,
            0.13863268494606018
          ],
          [
            -0.5688449144363403,
            -0.7091410756111145,
            0.4165749251842499,
            -0.4582606554031372
          ],
          [
            0.26895952224731445,
            -0.6390612125396729,
            -0.7206079363822937,
            1.4595272541046143
          ],
          [
            0.0,
            0.0,
            0.0,
            1.0
          ]
        ]
      },
      "bone_length_armature_space": 0.1171721289408509,
      "parent": "lowerarm_l",
      "has_children": true,
      "is_end_bone": false
    },
    "index_01_l": {
      "name": "index_01_l",
      "local": {
        "location": {
          "x": 0.0,
          "y": 0.0,
          "z": 0.0
        },
        "rotation_quaternion": {
          "w": 0.9979504346847534,
          "x": -0.06259296089410782,
          "y": -0.009485308080911636,
          "z": 0.009335880167782307
        },
        "scale": {
          "x": 1.0,
          "y": 1.0,
          "z": 1.0
        },
        "matrix_basis": [
          [
            0.9996457695960999,
            -0.017446063458919525,
            -0.020100455731153488,
            0.0
          ],
          [
            0.019820919260382652,
            0.9919899106025696,
            0.1247522383928299,
            0.0
          ],
          [
            0.017763013020157814,
            -0.12510645389556885,
            0.9919843077659607,
            0.0
          ],
          [
            0.0,
            0.0,
            0.0,
            1.0
          ]
        ],
        "rotation_mode": "QUATERNION"
      },
      "armature_space": {
        "head": {
          "x": 0.1037306934595108,
          "y": -0.6045958995819092,
          "z": 0.4347933828830719
        },
        "tail": {
          "x": 0.0989774838089943,
          "y": -0.6312517523765564,
          "z": 0.4258522391319275
        }
      },
      "world_space": {
        "head": {
          "x": 0.1037306934595108,
          "y": -0.5413519144058228,
          "z": 1.3846473693847656
        },
        "tail": {
          "x": 0.0989774838089943,
          "y": -0.56800776720047,
          "z": 1.3757061958312988
        },
        "rotation_quaternion": {
          "w": 0.1313558667898178,
          "x": -0.9486364722251892,
          "y": 0.12383502721786499,
          "z": -0.25980648398399353
        },
        "matrix": [
          [
            0.8343310356140137,
            -0.16669531166553497,
            0.5254567861557007,
            0.1037306934595108
          ],
          [
            -0.3032030463218689,
            -0.934821367263794,
            0.18487060070037842,
            -0.5413519144058228
          ],
          [
            0.460394024848938,
            -0.3135664761066437,
            -0.830498456954956,
            1.3846473693847656
          ],
          [
            0.0,
            0.0,
            0.0,
            1.0
          ]
        ]
      },
      "bone_length_armature_space": 0.028514409843099543,
      "parent": "metacarpal_index_l",
      "has_children": true,
      "is_end_bone": false
    },
    "index_02_l": {
      "name": "index_02_l",
      "local": {
        "location": {
          "x": 0.0,
          "y": 0.0,
          "z": 0.0
        },
        "rotation_quaternion": {
          "w": 0.9836004376411438,
          "x": 0.18031923472881317,
          "y": -0.002758666640147567,
          "z": -0.0027542677707970142
        },
        "scale": {
          "x": 1.0,
          "y": 1.0,
          "z": 1.0
        },
        "matrix_basis": [
          [
            0.9999696016311646,
            0.004423316568136215,
            -0.006420146208256483,
            0.0
          ],
          [
            -0.006413079332560301,
            0.9349547624588013,
            -0.3547089695930481,
            0.0
          ],
          [
            0.004433556459844112,
            0.35473933815956116,
            0.9349547028541565,
            0.0
          ],
          [
            0.0,
            0.0,
            0.0,
            1.0
          ]
        ],
        "rotation_mode": "QUATERNION"
      },
      "armature_space": {
        "head": {
          "x": 0.09897738695144653,
          "y": -0.6312519907951355,
          "z": 0.4258517324924469
        },
        "tail": {
          "x": 0.09948983043432236,
          "y": -0.6525124311447144,
          "z": 0.4115051031112671
        }
      },
      "world_space": {
        "head": {
          "x": 0.09897738695144653,
          "y": -0.5680080056190491,
          "z": 1.3757057189941406
        },
        "tail": {
          "x": 0.09948983043432236,
          "y": -0.5892684459686279,
          "z": 1.3613591194152832
        },
        "rotation_quaternion": {
          "w": 0.28554338216781616,
          "x": -0.9250909090042114,
          "y": 0.063914455473423,
          "z": -0.24204689264297485
        },
        "matrix": [
          [
            0.8746567368507385,
            0.01997588574886322,
            0.4843313694000244,
            0.09897738695144653
          ],
          [
            -0.25648289918899536,
            -0.8287603855133057,
            0.49736595153808594,
            -0.5680080056190491
          ],
          [
            0.41133254766464233,
            -0.5592519044876099,
            -0.719761848449707,
            1.3757057189941406
          ],
          [
            0.0,
            0.0,
            0.0,
            1.0
          ]
        ]
      },
      "bone_length_armature_space": 0.025653356560104798,
      "parent": "index_01_l",
      "has_children": true,
      "is_end_bone": false
    },
    "index_03_l": {
      "name": "index_03_l",
      "local": {
        "location": {
          "x": 0.0,
          "y": 0.0,
          "z": 0.0
        },
        "rotation_quaternion": {
          "w": 0.9778636693954468,
          "x": 0.20915530622005463,
          "y": 0.005571610294282436,
          "z": -0.00238614808768034
        },
        "scale": {
          "x": 1.0,
          "y": 1.0,
          "z": 1.0
        },
        "matrix_basis": [
          [
            0.9999265074729919,
            0.006997318938374519,
            0.00989839993417263,
            0.0
          ],
          [
            -0.002335991244763136,
            0.9124967455863953,
            -0.40907734632492065,
            0.0
          ],
          [
            -0.011894701980054379,
            0.4090241491794586,
            0.9124460220336914,
            0.0
          ],
          [
            0.0,
            0.0,
            0.0,
            1.0
          ]
        ],
        "rotation_mode": "QUATERNION"
      },
      "armature_space": {
        "head": {
          "x": 0.0994897410273552,
          "y": -0.6525124311447144,
          "z": 0.41150519251823425
        },
        "tail": {
          "x": 0.10986915230751038,
          "y": -0.6672971248626709,
          "z": 0.38853955268859863
        }
      },
      "world_space": {
        "head": {
          "x": 0.0994897410273552,
          "y": -0.5892684459686279,
          "z": 1.3613592386245728
        },
        "tail": {
          "x": 0.10986915230751038,
          "y": -0.6040531396865845,
          "z": 1.3383935689926147
        },
        "rotation_quaternion": {
          "w": 0.49543997645378113,
          "x": -0.8164865374565125,
          "y": -0.03922807797789574,
          "z": -0.29385384917259216
        },
        "matrix": [
          [
            0.824222981929779,
            0.3552318811416626,
            0.4409841001033783,
            0.0994897410273552
          ],
          [
            -0.22711366415023804,
            -0.5060020685195923,
            0.832094669342041,
            -0.5892684459686279
          ],
          [
            0.5187287330627441,
            -0.7859910726547241,
            -0.33638185262680054,
            1.3613592386245728
          ],
          [
            0.0,
            0.0,
            0.0,
            1.0
          ]
        ]
      },
      "bone_length_armature_space": 0.02921882878121743,
      "parent": "index_02_l",
      "has_children": false,
      "is_end_bone": true
    },
    "metacarpal_pinky_l": {
      "name": "metacarpal_pinky_l",
      "local": {
        "location": {
          "x": 0.0,
          "y": 0.0,
          "z": 0.0
        },
        "rotation_quaternion": {
          "w": 0.99991774559021,
          "x": -0.00784973707050085,
          "y": 0.004287544172257185,
          "z": 0.009202086366713047
        },
        "scale": {
          "x": 1.0,
          "y": 1.0,
          "z": 1.0
        },
        "matrix_basis": [
          [
            0.9997938871383667,
            -0.018469970673322678,
            0.008429914712905884,
            0.0
          ],
          [
            0.01833534613251686,
            0.9997074007987976,
            0.015777090564370155,
            0.0
          ],
          [
            -0.008718851022422314,
            -0.015619274228811264,
            0.9998400211334229,
            0.0
          ],
          [
            0.0,
            0.0,
            0.0,
            1.0
          ]
        ],
        "rotation_mode": "QUATERNION"
      },
      "armature_space": {
        "head": {
          "x": 0.13863268494606018,
          "y": -0.5215046405792236,
          "z": 0.5096732974052429
        },
        "tail": {
          "x": 0.1293635219335556,
          "y": -0.6248375177383423,
          "z": 0.5007500052452087
        }
      },
      "world_space": {
        "head": {
          "x": 0.13863268494606018,
          "y": -0.4582606554031372,
          "z": 1.4595272541046143
        },
        "tail": {
          "x": 0.1293635219335556,
          "y": -0.5615935325622559,
          "z": 1.45060396194458
        },
        "rotation_quaternion": {
          "w": 0.06170174479484558,
          "x": -0.6328473091125488,
          "y": -0.004921490326523781,
          "z": 0.7717985510826111
        },
        "matrix": [
          [
            -0.1913943886756897,
            -0.08901463449001312,
            -0.9774686694145203,
            0.13863268494606018
          ],
          [
            0.10147135704755783,
            -0.9923374652862549,
            0.07049981504678726,
            -0.4582606554031372
          ],
          [
            -0.9762609004974365,
            -0.08569339662790298,
            0.19896161556243896,
            1.4595272541046143
          ],
          [
            0.0,
            0.0,
            0.0,
            1.0
          ]
        ]
      },
      "bone_length_armature_space": 0.10413081047083922,
      "parent": "lowerarm_l",
      "has_children": true,
      "is_end_bone": false
    },
    "pinky_01_l": {
      "name": "pinky_01_l",
      "local": {
        "location": {
          "x": 0.0,
          "y": 0.0,
          "z": 0.0
        },
        "rotation_quaternion": {
          "w": 0.9972328543663025,
          "x": 0.07427188009023666,
          "y": -0.002076539909467101,
          "z": 0.0024726958945393562
        },
        "scale": {
          "x": 1.0,
          "y": 1.0,
          "z": 1.0
        },
        "matrix_basis": [
          [
            0.9999791383743286,
            -0.00524016423150897,
            -0.003774284152314067,
            0.0
          ],
          [
            0.004623250104486942,
            0.9889551401138306,
            -0.1481429934501648,
            0.0
          ],
          [
            0.0045088911429047585,
            0.14812244474887848,
            0.9889587759971619,
            0.0
          ],
          [
            0.0,
            0.0,
            0.0,
            1.0
          ]
        ],
        "rotation_mode": "QUATERNION"
      },
      "armature_space": {
        "head": {
          "x": 0.1293635219335556,
          "y": -0.6248375177383423,
          "z": 0.5007500052452087
        },
        "tail": {
