{
  "metadata": {
    "armature_name": "KIM_caucasian_male",
    "export_time": "2026-01-13T21:07:36.352966",
    "blender_version": "4.4.1",
    "bone_count": 56,
    "end_bone_count": 13,
    "spaces_included": [
      "LOCAL_CHANNELS",
      "ARMATURE_SPACE",
      "WORLD_SPACE"
    ],
    "note": "LOCAL matches Transform panel; replay pose via local.matrix_basis for best fidelity."
  },
  "bones": {
    "Root": {
      "name": "Root",
      "local": {
        "location": {
          "x": 0.0,
          "y": 0.0,
          "z": 0.0
        },
        "rotation_quaternion": {
          "w": 0.9996289014816284,
          "x": 0.0007585426210425794,
          "y": -0.010759894736111164,
          "z": -0.025015655905008316
        },
        "scale": {
          "x": 1.0,
          "y": 1.0,
          "z": 1.0
        },
        "matrix_basis": [
          [
            0.998516857624054,
            0.04999642074108124,
            -0.021549753844738007,
            0.0
          ],
          [
            -0.05002906918525696,
            0.9987472891807556,
            -0.0009781905682757497,
            0.0
          ],
          [
            0.021473852917551994,
            0.002054853830486536,
            0.9997673034667969,
            0.0
          ],
          [
            0.0,
            0.0,
            0.0,
            1.0
          ]
        ],
        "rotation_mode": "QUATERNION"
      },
      "armature_space": {
        "head": {
          "x": 0.0,
          "y": 0.07072800397872925,
          "z": -0.009595036506652832
        },
        "tail": {
          "x": 0.003568537998944521,
          "y": 6.888806819915771e-05,
          "z": -0.00015735626220703125
        }
      },
      "world_space": {
        "head": {
          "x": 0.0,
          "y": 0.13397200405597687,
          "z": 0.9402589797973633
        },
        "tail": {
          "x": 0.003568537998944521,
          "y": 0.06331288814544678,
          "z": 0.9496966600418091
        },
        "rotation_quaternion": {
          "w": 0.06658583134412766,
          "x": 0.9974090456962585,
          "y": 0.024233955889940262,
          "z": -0.012420703656971455
        },
        "matrix": [
          [
            0.998516857624054,
            0.04999642074108124,
            -0.021549753844738007,
            0.0
          ],
          [
            0.04668824002146721,
            -0.9899580478668213,
            -0.13342911005020142,
            0.13397200405597687
          ],
          [
            -0.0280044823884964,
            0.13222508132457733,
            -0.9908310770988464,
            0.9402589797973633
          ],
          [
            0.0,
            0.0,
            0.0,
            1.0
          ]
        ]
      },
      "bone_length_armature_space": 0.07137587241116305,
      "parent": null,
      "has_children": true,
      "is_end_bone": false
    },
    "spine_01": {
      "name": "spine_01",
      "local": {
        "location": {
          "x": 0.0,
          "y": 0.0,
          "z": 0.0
        },
        "rotation_quaternion": {
          "w": 0.9990644454956055,
          "x": -0.003042585449293256,
          "y": 0.041698846966028214,
          "z": 0.011058761738240719
        },
        "scale": {
          "x": 1.0,
          "y": 1.0,
          "z": 1.0
        },
        "matrix_basis": [
          [
            0.9962778091430664,
            -0.022350575774908066,
            0.08325237780809402,
            0.0
          ],
          [
            0.021843086928129196,
            0.9997369050979614,
            0.007001752965152264,
            0.0
          ],
          [
            -0.08338696509599686,
            -0.005157202482223511,
            0.9965038895606995,
            0.0
          ],
          [
            0.0,
            0.0,
            0.0,
            1.0
          ]
        ],
        "rotation_mode": "QUATERNION"
      },
      "armature_space": {
        "head": {
          "x": 0.003568537998944521,
          "y": 6.888806819915771e-05,
          "z": -0.00015735626220703125
        },
        "tail": {
          "x": 0.0051755476742982864,
          "y": 0.024428395554423332,
          "z": 0.48723629117012024
        }
      },
      "world_space": {
        "head": {
          "x": 0.003568537998944521,
          "y": 0.06331288814544678,
          "z": 0.9496966600418091
        },
        "tail": {
          "x": 0.0051755476742982864,
          "y": 0.0876723974943161,
          "z": 1.437090277671814
        },
        "rotation_quaternion": {
          "w": 0.7229007482528687,
          "x": 0.6878224611282349,
          "y": 0.048710551112890244,
          "z": 0.04406925290822983
        },
        "matrix": [
          [
            0.9913703203201294,
            0.003293044399470091,
            0.13104939460754395,
            0.003568537998944521
          ],
          [
            0.13072378933429718,
            0.04991689696907997,
            -0.9901614189147949,
            0.06331288814544678
          ],
          [
            -0.00980217196047306,
            0.9987549781799316,
            0.049055084586143494,
            0.9496966600418091
          ],
          [
            0.0,
            0.0,
            0.0,
            1.0
          ]
        ]
      },
      "bone_length_armature_space": 0.4880046479262289,
      "parent": "Root",
      "has_children": true,
      "is_end_bone": false
    },
    "neck_01": {
      "name": "neck_01",
      "local": {
        "location": {
          "x": 0.0,
          "y": 0.0,
          "z": 0.0
        },
        "rotation_quaternion": {
          "w": 0.9831900000572205,
          "x": -0.1387230008840561,
          "y": 0.07814452052116394,
          "z": 0.08936852961778641
        },
        "scale": {
          "x": 1.0,
          "y": 1.0,
          "z": 1.0
        },
        "matrix_basis": [
          [
            0.9718133807182312,
            -0.197413370013237,
            0.12886688113212585,
            0.0
          ],
          [
            0.15405160188674927,
            0.9455384016036987,
            0.2867494523525238,
            0.0
          ],
          [
            -0.17845676839351654,
            -0.25881481170654297,
            0.9492987394332886,
            0.0
          ],
          [
            0.0,
            0.0,
            0.0,
            1.0
          ]
        ],
        "rotation_mode": "QUATERNION"
      },
      "armature_space": {
        "head": {
          "x": 0.009961510077118874,
          "y": -0.006256001070141792,
          "z": 0.5620648264884949
        },
        "tail": {
          "x": -0.008123213425278664,
          "y": -0.016044732183218002,
          "z": 0.6625033020973206
        }
      },
      "world_space": {
        "head": {
          "x": 0.009961510077118874,
          "y": 0.05698800086975098,
          "z": 1.5119187831878662
        },
        "tail": {
          "x": -0.008123213425278664,
          "y": 0.04719926789402962,
          "z": 1.6123573780059814
        },
        "rotation_quaternion": {
          "w": 0.6721265316009521,
          "x": 0.7235875129699707,
          "y": 0.022491762414574623,
          "z": 0.1554388701915741
        },
        "matrix": [
          [
            0.9506660103797913,
            -0.1763996034860611,
            0.2551806569099426,
            0.009961510077118874
          ],
          [
            0.24149754643440247,
            -0.09547993540763855,
            -0.965692937374115,
            0.05698800086975098
          ],
          [
            0.19471405446529388,
            0.9796835780143738,
            -0.048170775175094604,
            1.5119187831878662
          ],
          [
            0.0,
            0.0,
            0.0,
            1.0
          ]
        ]
      },
      "bone_length_armature_space": 0.10252201834156136,
      "parent": "spine_01",
      "has_children": true,
      "is_end_bone": false
    },
    "head": {
      "name": "head",
      "local": {
        "location": {
          "x": 0.0,
          "y": 0.0,
          "z": 0.0
        },
        "rotation_quaternion": {
          "w": 0.9900704622268677,
          "x": -0.12354853004217148,
          "y": 0.040196262300014496,
          "z": 0.05367181450128555
        },
        "scale": {
          "x": 1.0,
          "y": 1.0,
          "z": 1.0
        },
        "matrix_basis": [
          [
            0.9910072088241577,
            -0.11621013283729553,
            0.06633211672306061,
            0.0
          ],
          [
            0.09634537994861603,
            0.9637101888656616,
            0.24895831942558289,
            0.0
          ],
          [
            -0.09285641461610794,
            -0.24032868444919586,
            0.9662400484085083,
            0.0
          ],
          [
            0.0,
            0.0,
            0.0,
            1.0
          ]
        ],
        "rotation_mode": "QUATERNION"
      },
      "armature_space": {
        "head": {
          "x": -0.00812316033989191,
          "y": -0.016044875606894493,
          "z": 0.6625032424926758
        },
        "tail": {
          "x": -0.07010708004236221,
          "y": 0.053372353315353394,
          "z": 0.7865695953369141
        }
      },
      "world_space": {
        "head": {
          "x": -0.00812316033989191,
          "y": 0.04719912260770798,
          "z": 1.612357258796692
        },
        "tail": {
          "x": -0.07010708004236221,
          "y": 0.11661635339260101,
          "z": 1.7364236116409302
        },
        "rotation_quaternion": {
          "w": 0.8503418564796448,
          "x": 0.4772909879684448,
          "y": -0.02673872746527195,
          "z": 0.21999326348304749
        },
        "matrix": [
          [
            0.9017755389213562,
            -0.39966362714767456,
            0.16452910006046295,
            -0.00812316033989191
          ],
          [
            0.34861642122268677,
            0.4475926160812378,
            -0.8234851956367493,
            0.04719912260770798
          ],
          [
            0.2554771602153778,
            0.7999622821807861,
            0.5429602861404419,
            1.612357258796692
          ],
          [
            0.0,
            0.0,
            0.0,
            1.0
          ]
        ]
      },
      "bone_length_armature_space": 0.15509100008974158,
      "parent": "neck_01",
      "has_children": false,
      "is_end_bone": true
    },
    "upperarm_l": {
      "name": "upperarm_l",
      "local": {
        "location": {
          "x": 0.0,
          "y": 0.0,
          "z": 0.0
        },
        "rotation_quaternion": {
          "w": 0.897144079208374,
          "x": 0.01459539495408535,
          "y": 0.44147083163261414,
          "z": -0.0047952826134860516
        },
        "scale": {
          "x": 1.0,
          "y": 1.0,
          "z": 1.0
        },
        "matrix_basis": [
          [
            0.6101610064506531,
            0.021491000428795815,
            0.7919859290122986,
            0.0
          ],
          [
            0.004282763693481684,
            0.9995279312133789,
            -0.03042229823768139,
            0.0
          ],
          [
            -0.7922658920288086,
            0.021954389289021492,
            0.6097809672355652,
            0.0
          ],
          [
            0.0,
            0.0,
            0.0,
            1.0
          ]
        ],
        "rotation_mode": "QUATERNION"
      },
      "armature_space": {
        "head": {
          "x": 0.15886367857456207,
          "y": 0.006840009242296219,
          "z": 0.4936268925666809
        },
        "tail": {
          "x": 0.4235615134239197,
          "y": 0.045942746102809906,
          "z": 0.47901034355163574
        }
      },
      "world_space": {
        "head": {
          "x": 0.15886367857456207,
          "y": 0.07008400559425354,
          "z": 1.4434809684753418
        },
        "tail": {
          "x": 0.4235615134239197,
          "y": 0.10918674618005753,
          "z": 1.4288643598556519
        },
        "rotation_quaternion": {
          "w": 0.23594142496585846,
          "x": 0.6087496280670166,
          "y": 0.7192315459251404,
          "z": -0.23761633038520813
        },
        "matrix": [
          [
            -0.14751021564006805,
            0.987791121006012,
            0.05009271204471588,
            0.15886367857456207
          ],
          [
            0.7635369896888733,
            0.14592237770557404,
            -0.6290614604949951,
            0.07008400559425354
          ],
          [
            -0.6286945939064026,
            -0.054545629769563675,
            -0.7757460474967957,
            1.4434809684753418
          ],
          [
            0.0,
            0.0,
            0.0,
            1.0
          ]
        ]
      },
      "bone_length_armature_space": 0.26796944219279833,
      "parent": "spine_01",
      "has_children": true,
      "is_end_bone": false
    },
    "lowerarm_l": {
      "name": "lowerarm_l",
      "local": {
        "location": {
          "x": 0.0,
          "y": 0.0,
          "z": 0.0
        },
        "rotation_quaternion": {
          "w": 0.9266712665557861,
          "x": 0.3346673548221588,
          "y": 0.15650910139083862,
          "z": -0.06915915757417679
        },
        "scale": {
          "x": 1.0,
          "y": 1.0,
          "z": 1.0
        },
        "matrix_basis": [
          [
            0.9414438009262085,
            0.23293258249759674,
            0.24377435445785522,
            0.0
          ],
          [
            -0.02341863512992859,
            0.7664295434951782,
            -0.6419013142585754,
            0.0
          ],
          [
            -0.336355596780777,
            0.5986051559448242,
            0.7270053029060364,
            0.0
          ],
          [
            0.0,
            0.0,
            0.0,
            1.0
          ]
        ],
        "rotation_mode": "QUATERNION"
      },
      "armature_space": {
        "head": {
          "x": 0.42356163263320923,
          "y": 0.045942630618810654,
          "z": 0.47901037335395813
        },
        "tail": {
          "x": 0.6136871576309204,
          "y": -0.027156662195920944,
          "z": 0.30557870864868164
        }
      },
      "world_space": {
        "head": {
          "x": 0.42356163263320923,
          "y": 0.10918663442134857,
          "z": 1.4288643598556519
        },
        "tail": {
          "x": 0.6136871576309204,
          "y": 0.036087337881326675,
          "z": 1.2554327249526978
        },
        "rotation_quaternion": {
          "w": 0.0980282723903656,
          "x": -0.6690739989280701,
          "y": -0.5947837233543396,
          "z": 0.43469858169555664
        },
        "matrix": [
          [
            -0.08546401560306549,
            0.7106847167015076,
            -0.6982998251914978,
            0.42356163263320923
          ],
          [
            0.8811335563659668,
            -0.27324336767196655,
            -0.38593024015426636,
            0.10918663442134857
          ],
          [
            -0.46508291363716125,
            -0.6482834219932556,
            -0.6028602719306946,
            1.4288643598556519
          ],
          [
            0.0,
            0.0,
            0.0,
            1.0
          ]
        ]
      },
      "bone_length_armature_space": 0.2675252543723774,
      "parent": "upperarm_l",
      "has_children": true,
      "is_end_bone": false
    },
    "metacarpal_thumb_l": {
      "name": "metacarpal_thumb_l",
      "local": {
        "location": {
          "x": 0.0,
          "y": 0.0,
          "z": 0.0
        },
        "rotation_quaternion": {
          "w": 0.9990524053573608,
          "x": -0.038976430892944336,
          "y": -0.015685493126511574,
          "z": -0.011362566612660885
        },
        "scale": {
          "x": 1.0,
          "y": 1.0,
          "z": 1.0
        },
        "matrix_basis": [
          [
            0.9992496967315674,
            0.023926328867673874,
            -0.030455514788627625,
            0.0
          ],
          [
            -0.021480869501829147,
            0.9967034459114075,
            0.0782354474067688,
            0.0
          ],
          [
            0.03222700208425522,
            -0.07752253860235214,
            0.9964696168899536,
            0.0
          ],
          [
            0.0,
            0.0,
            0.0,
            1.0
          ]
        ],
        "rotation_mode": "QUATERNION"
      },
      "armature_space": {
        "head": {
          "x": 0.6136871576309204,
          "y": -0.027156662195920944,
          "z": 0.30557870864868164
        },
        "tail": {
          "x": 0.62214595079422,
          "y": -0.04439498484134674,
          "z": 0.2599179744720459
        }
      },
      "world_space": {
        "head": {
          "x": 0.6136871576309204,
          "y": 0.036087337881326675,
          "z": 1.2554327249526978
        },
        "tail": {
          "x": 0.62214595079422,
          "y": 0.01884901523590088,
          "z": 1.209771990776062
        },
        "rotation_quaternion": {
          "w": 0.5564694404602051,
          "x": -0.8202341794967651,
          "y": -0.12781167030334473,
          "z": 0.03495437279343605
        },
        "matrix": [
          [
            0.9648842811584473,
            0.1707690954208374,
            -0.1995888650417328,
            0.6136871576309204
          ],
          [
            0.24857386946678162,
            -0.3480122685432434,
            0.9039351940155029,
            0.036087337881326675
          ],
          [
            0.08490558713674545,
            -0.921812117099762,
            -0.3782421052455902,
            1.2554327249526978
          ],
          [
            0.0,
            0.0,
            0.0,
            1.0
          ]
        ]
      },
      "bone_length_armature_space": 0.049533964883321166,
      "parent": "lowerarm_l",
      "has_children": true,
      "is_end_bone": false
    },
    "thumb_01_l": {
      "name": "thumb_01_l",
      "local": {
        "location": {
          "x": 0.0,
          "y": 0.0,
          "z": 0.0
        },
        "rotation_quaternion": {
          "w": 0.997849702835083,
          "x": 0.06353884190320969,
          "y": 0.014170968905091286,
          "z": 0.007620126940310001
        },
        "scale": {
          "x": 1.0,
          "y": 1.0,
          "z": 1.0
        },
        "matrix_basis": [
          [
            0.9994822144508362,
            -0.013406668789684772,
            0.029249342158436775,
            0.0
          ],
          [
            0.01700829714536667,
            0.9918094873428345,
            -0.12658846378326416,
            0.0
          ],
          [
            -0.027312645688652992,
            0.12702040374279022,
            0.9915239810943604,
            0.0
          ],
          [
            0.0,
            0.0,
            0.0,
            1.0
          ]
        ],
        "rotation_mode": "QUATERNION"
      },
      "armature_space": {
        "head": {
          "x": 0.62214595079422,
          "y": -0.04439498484134674,
          "z": 0.2599179744720459
        },
        "tail": {
          "x": 0.621023416519165,
          "y": -0.028866618871688843,
          "z": 0.2296484112739563
        }
      },
      "world_space": {
        "head": {
          "x": 0.62214595079422,
          "y": 0.01884901523590088,
          "z": 1.209771990776062
        },
        "tail": {
          "x": 0.621023416519165,
          "y": 0.03437738120555878,
          "z": 1.1795024871826172
        },
        "rotation_quaternion": {
          "w": 0.663149893283844,
          "x": -0.41713178157806396,
          "y": 0.5369653105735779,
          "z": -0.31289228796958923
        },
        "matrix": [
          [
            0.22753489017486572,
            -0.03297905623912811,
            0.9732110500335693,
            0.62214595079422
          ],
          [
            -0.862959623336792,
            0.456199049949646,
            0.21721740067005157,
            0.01884901523590088
          ],
          [
            -0.45114538073539734,
            -0.889272153377533,
            0.07534223794937134,
            1.209771990776062
          ],
          [
            0.0,
            0.0,
            0.0,
            1.0
          ]
        ]
      },
      "bone_length_armature_space": 0.03403875259567294,
      "parent": "metacarpal_thumb_l",
      "has_children": true,
      "is_end_bone": false
    },
    "thumb_02_l": {
      "name": "thumb_02_l",
      "local": {
        "location": {
          "x": 0.0,
          "y": 0.0,
          "z": 0.0
        },
        "rotation_quaternion": {
          "w": 0.9851619005203247,
          "x": 0.17126865684986115,
          "y": 0.0075759184546768665,
          "z": -0.008112093433737755
        },
        "scale": {
          "x": 1.0,
          "y": 1.0,
          "z": 1.0
        },
        "matrix_basis": [
          [
            0.9997535943984985,
            0.018578484654426575,
            0.012148317880928516,
            0.0
          ],
          [
            -0.013388415798544884,
            0.9412024617195129,
            -0.33757761120796204,
            0.0
          ],
          [
            -0.017705706879496574,
            0.3373318016529083,
            0.9412193298339844,
            0.0
          ],
          [
            0.0,
            0.0,
            0.0,
            1.0
          ]
        ],
        "rotation_mode": "QUATERNION"
      },
      "armature_space": {
        "head": {
          "x": 0.6210232973098755,
          "y": -0.028866605833172798,
          "z": 0.2296484410762787
        },
        "tail": {
          "x": 0.6543756127357483,
          "y": -0.0439741313457489,
          "z": 0.21313884854316711
        }
      },
      "world_space": {
        "head": {
          "x": 0.6210232973098755,
          "y": 0.03437739610671997,
          "z": 1.1795024871826172
        },
        "tail": {
          "x": 0.6543756127357483,
          "y": 0.019269868731498718,
          "z": 1.1629928350448608
        },
        "rotation_quaternion": {
          "w": 0.49400535225868225,
          "x": 0.02132209949195385,
          "y": 0.26055195927619934,
          "z": -0.8292266726493835
        },
        "matrix": [
          [
            -0.5110071897506714,
            0.8303955793380737,
            0.22206826508045197,
            0.6210232973098755
          ],
          [
            -0.8081749081611633,
            -0.37614211440086365,
            -0.4531783163547516,
            0.03437739610671997
          ],
          [
            -0.29279080033302307,
            -0.4110504984855652,
            0.8633219003677368,
            1.1795024871826172
          ],
          [
            0.0,
            0.0,
            0.0,
            1.0
          ]
        ]
      },
      "bone_length_armature_space": 0.04016442343382352,
      "parent": "thumb_01_l",
      "has_children": true,
      "is_end_bone": false
    },
    "thumb_03_l": {
      "name": "thumb_03_l",
      "local": {
        "location": {
          "x": 0.0,
          "y": 0.0,
          "z": 0.0
        },
        "rotation_quaternion": {
          "w": 0.9986449480056763,
          "x": 0.05150221660733223,
          "y": 0.0002559688873589039,
          "z": 0.007480531930923462
        },
        "scale": {
          "x": 1.0,
          "y": 1.0,
          "z": 1.0
        },
        "matrix_basis": [
          [
            0.9998879432678223,
            -0.01491442508995533,
            0.0012817720416933298,
            0.0
          ],
          [
            0.014967156574130058,
            0.9945831298828125,
            -0.10286102443933487,
            0.0
          ],
          [
            0.00025928387185558677,
            0.10286868363618851,
            0.9946948885917664,
            0.0
          ],
          [
            0.0,
            0.0,
            0.0,
            1.0
          ]
        ],
        "rotation_mode": "QUATERNION"
      },
      "armature_space": {
        "head": {
          "x": 0.6543755531311035,
          "y": -0.0439741313457489,
          "z": 0.21313878893852234
        },
        "tail": {
          "x": 0.6822139024734497,
          "y": -0.056280869990587234,
          "z": 0.21246083080768585
        }
      },
      "world_space": {
        "head": {
          "x": 0.6543755531311035,
          "y": 0.019269868731498718,
          "z": 1.1629928350448608
        },
        "tail": {
          "x": 0.6822139024734497,
          "y": 0.006963130086660385,
          "z": 1.1623148918151855
        },
        "rotation_quaternion": {
          "w": 0.5074113011360168,
          "x": 0.2895946502685547,
          "y": 0.20104198157787323,
          "z": -0.786289393901825
        },
        "matrix": [
          [
            -0.3173365890979767,
            0.9143860340118408,
            -0.2513863742351532,
            0.6543755531311035
          ],
          [
            -0.6815034747123718,
            -0.4042300879955292,
            -0.6100420355796814,
            0.019269868731498718
          ],
          [
            -0.6594370007514954,
            -0.022268421947956085,
            0.751439094543457,
            1.1629928350448608
          ],
          [
            0.0,
            0.0,
            0.0,
            1.0
          ]
        ]
      },
      "bone_length_armature_space": 0.03044485423581558,
      "parent": "thumb_02_l",
      "has_children": false,
      "is_end_bone": true
    },
    "metacarpal_index_l": {
      "name": "metacarpal_index_l",
      "local": {
        "location": {
          "x": 0.0,
          "y": 0.0,
          "z": 0.0
        },
        "rotation_quaternion": {
          "w": 0.9992300271987915,
          "x": -0.038046665489673615,
          "y": -0.0037279222160577774,
          "z": 0.008828094229102135
        },
        "scale": {
          "x": 1.0,
          "y": 1.0,
          "z": 1.0
        },
        "matrix_basis": [
          [
            0.999816358089447,
            -0.017358923330903053,
            -0.008121863007545471,
            0.0
          ],
          [
            0.01792626455426216,
            0.9969490170478821,
            0.0759689211845398,
            0.0
          ],
          [
            0.006778344511985779,
            -0.07610056549310684,
            0.9970771074295044,
            0.0
          ],
          [
            0.0,
            0.0,
            0.0,
            1.0
          ]
        ],
        "rotation_mode": "QUATERNION"
      },
      "armature_space": {
        "head": {
          "x": 0.6136871576309204,
          "y": -0.027156662195920944,
          "z": 0.30557870864868164
        },
        "tail": {
          "x": 0.6712986826896667,
          "y": -0.07263019680976868,
          "z": 0.21424193680286407
        }
      },
      "world_space": {
        "head": {
          "x": 0.6136871576309204,
          "y": 0.036087337881326675,
          "z": 1.2554327249526978
        },
        "tail": {
          "x": 0.6712986826896667,
          "y": -0.009386196732521057,
          "z": 1.1640959978103638
        },
        "rotation_quaternion": {
          "w": 0.400835245847702,
          "x": -0.8168973922729492,
          "y": -0.38116201758384705,
          "z": 0.16347873210906982
        },
        "matrix": [
          [
            0.6559788584709167,
            0.4916846752166748,
            -0.5726581811904907,
            0.6136871576309204
          ],
          [
            0.7537980079650879,
            -0.38809308409690857,
            0.5302572846412659,
            0.036087337881326675
          ],
          [
            0.03847569599747658,
            -0.7795119881629944,
            -0.6252157092094421,
            1.2554327249526978
          ],
          [
            0.0,
            0.0,
            0.0,
            1.0
          ]
        ]
      },
      "bone_length_armature_space": 0.11717224915925814,
      "parent": "lowerarm_l",
      "has_children": true,
      "is_end_bone": false
    },
    "index_01_l": {
      "name": "index_01_l",
      "local": {
        "location": {
          "x": 0.0,
          "y": 0.0,
          "z": 0.0
        },
        "rotation_quaternion": {
          "w": 0.9975404739379883,
          "x": -0.06762875616550446,
          "y": 0.010149965062737465,
          "z": -0.0153771061450243
        },
        "scale": {
          "x": 1.0,
          "y": 1.0,
          "z": 1.0
        },
        "matrix_basis": [
          [
            0.9993210434913635,
            0.0293057132512331,
            0.022329870611429214,
            0.0
          ],
          [
            -0.03205142915248871,
            0.990379810333252,
            0.13461269438266754,
            0.0
          ],
          [
            -0.018170133233070374,
            -0.13523699343204498,
            0.9906466603279114,
            0.0
          ],
          [
            0.0,
            0.0,
            0.0,
            1.0
          ]
        ],
        "rotation_mode": "QUATERNION"
      },
      "armature_space": {
        "head": {
          "x": 0.6712986826896667,
          "y": -0.07263019680976868,
          "z": 0.21424193680286407
        },
        "tail": {
          "x": 0.694922685623169,
          "y": -0.0787973403930664,
          "z": 0.19951291382312775
        }
      },
      "world_space": {
        "head": {
          "x": 0.6712986826896667,
          "y": -0.009386196732521057,
          "z": 1.1640959978103638
        },
        "tail": {
          "x": 0.694922685623169,
          "y": -0.015553340315818787,
          "z": 1.1493669748306274
        },
        "rotation_quaternion": {
          "w": 0.3295854330062866,
          "x": -0.779830813407898,
          "y": -0.5321953892707825,
          "z": 0.0023497941438108683
        },
        "matrix": [
          [
            0.4335233271121979,
            0.8284955024719238,
            -0.3544747829437256,
            0.6712986826896667
          ],
          [
            0.8315954804420471,
            -0.216281920671463,
            0.5115384459495544,
            -0.009386196732521057
          ],
          [
            0.3471440374851227,
            -0.5165473222732544,
            -0.7827413082122803,
            1.1640959978103638
          ],
          [
            0.0,
            0.0,
            0.0,
            1.0
          ]
        ]
      },
      "bone_length_armature_space": 0.028514405377663685,
      "parent": "metacarpal_index_l",
      "has_children": true,
      "is_end_bone": false
    },
    "index_02_l": {
      "name": "index_02_l",
      "local": {
        "location": {
          "x": 0.0,
          "y": 0.0,
          "z": 0.0
        },
        "rotation_quaternion": {
          "w": 0.9897147417068481,
          "x": 0.14272759854793549,
          "y": 0.00826930720359087,
          "z": 0.005019503645598888
        },
        "scale": {
          "x": 1.0,
          "y": 1.0,
          "z": 1.0
        },
        "matrix_basis": [
          [
            0.9998128414154053,
            -0.007575236726552248,
            0.017801353707909584,
            0.0
          ],
          [
            0.012296270579099655,
            0.95920729637146,
            -0.28243619203567505,
            0.0
          ],
          [
            -0.01493566669523716,
            0.2826022207736969,
            0.9591209292411804,
            0.0
          ],
          [
            0.0,
            0.0,
            0.0,
            1.0
          ]
        ],
        "rotation_mode": "QUATERNION"
      },
      "armature_space": {
        "head": {
          "x": 0.6949228048324585,
          "y": -0.07879745960235596,
          "z": 0.19951237738132477
        },
        "tail": {
          "x": 0.7132985591888428,
          "y": -0.08083146065473557,
          "z": 0.1817278265953064
        }
      },
      "world_space": {
        "head": {
          "x": 0.6949228048324585,
          "y": -0.015553459525108337,
          "z": 1.1493663787841797
        },
        "tail": {
          "x": 0.7132985591888428,
          "y": -0.017587460577487946,
          "z": 1.1315817832946777
        },
        "rotation_quaternion": {
          "w": 0.4104211628437042,
          "x": -0.7293744087219238,
          "y": -0.5402867197990417,
          "z": 0.08750870078802109
        },
        "matrix": [
          [
            0.4008621573448181,
            0.7163113951683044,
            -0.5711455345153809,
            0.6949228048324585
          ],
          [
            0.8599755764007568,
            -0.07928822934627533,
            0.5041388273239136,
            -0.015553459525108337
          ],
          [
            0.3158382177352905,
            -0.6932662725448608,
            -0.6477980017662048,
            1.1493663787841797
          ],
          [
            0.0,
            0.0,
            0.0,
            1.0
          ]
        ]
      },
      "bone_length_armature_space": 0.025653376947373692,
      "parent": "index_01_l",
      "has_children": true,
      "is_end_bone": false
    },
    "index_03_l": {
      "name": "index_03_l",
      "local": {
        "location": {
          "x": 0.0,
          "y": 0.0,
          "z": 0.0
        },
        "rotation_quaternion": {
          "w": 0.9770331382751465,
          "x": 0.21297527849674225,
          "y": 0.006411128677427769,
          "z": -0.0025938809849321842
        },
        "scale": {
          "x": 1.0,
          "y": 1.0,
          "z": 1.0
        },
        "matrix_basis": [
          [
            0.9999043345451355,
            0.0077994391322135925,
            0.011422905139625072,
            0.0
          ],
          [
            -0.0023377914912998676,
            0.9092696309089661,
            -0.41620105504989624,
            0.0
          ],
          [
            -0.013632635585963726,
            0.4161345362663269,
            0.9092008471488953,
            0.0
          ],
          [
            0.0,
            0.0,
            0.0,
            1.0
          ]
        ],
        "rotation_mode": "QUATERNION"
      },
      "armature_space": {
        "head": {
          "x": 0.7132985591888428,
          "y": -0.08083155751228333,
          "z": 0.18172791600227356
        },
        "tail": {
          "x": 0.7245013117790222,
          "y": -0.0726000964641571,
          "z": 0.15602806210517883
        }
      },
      "world_space": {
        "head": {
          "x": 0.7132985591888428,
          "y": -0.017587557435035706,
          "z": 1.1315819025039673
        },
        "tail": {
          "x": 0.7245013117790222,
          "y": -0.009356096386909485,
          "z": 1.1058820486068726
        },
        "rotation_quaternion": {
          "w": 0.6053401231765747,
          "x": -0.5721115469932556,
          "y": -0.5238533616065979,
          "z": 0.1784076690673828
        },
        "matrix": [
          [
            0.38749292492866516,
            0.3834097385406494,
            -0.8383591175079346,
            0.7132985591888428
          ],
          [
            0.8154020309448242,
            0.2817191481590271,
            0.5057216286659241,
            -0.017587557435035706
          ],
          [
            0.43008407950401306,
            -0.8795691132545471,
            -0.20346978306770325,
            1.1315819025039673
          ],
          [
            0.0,
            0.0,
            0.0,
            1.0
          ]
        ]
      },
      "bone_length_armature_space": 0.02921884870249542,
      "parent": "index_02_l",
      "has_children": false,
      "is_end_bone": true
    },
    "metacarpal_pinky_l": {
      "name": "metacarpal_pinky_l",
      "local": {
        "location": {
          "x": 0.0,
          "y": 0.0,
          "z": 0.0
        },
        "rotation_quaternion": {
          "w": 0.9990867376327515,
          "x": -0.03888094797730446,
          "y": -0.006547380704432726,
          "z": 0.016463248059153557
        },
        "scale": {
          "x": 1.0,
          "y": 1.0,
          "z": 1.0
        },
        "matrix_basis": [
          [
            0.9993721842765808,
            -0.03238729014992714,
            -0.014363016001880169,
            0.0
          ],
          [
            0.03340556100010872,
            0.9964344501495361,
            0.07747529447078705,
            0.0
          ],
          [
            0.011802589520812035,
            -0.07790645956993103,
            0.9968907833099365,
            0.0
          ],
          [
            0.0,
            0.0,
            0.0,
            1.0
          ]
        ],
        "rotation_mode": "QUATERNION"
      },
      "armature_space": {
        "head": {
          "x": 0.6136871576309204,
          "y": -0.027156662195920944,
          "z": 0.30557870864868164
        },
        "tail": {
          "x": 0.7077159285545349,
          "y": -0.03298169746994972,
          "z": 0.2612176537513733
        }
      },
      "world_space": {
        "head": {
          "x": 0.6136871576309204,
          "y": 0.036087337881326675,
          "z": 1.2554327249526978
        },
        "tail": {
          "x": 0.7077159285545349,
          "y": 0.030262302607297897,
          "z": 1.2110717296600342
        },
        "rotation_quaternion": {
          "w": 0.42808839678764343,
          "x": 0.3208180069923401,
          "y": 0.5373741984367371,
          "z": -0.6519548296928406
        },
        "matrix": [
          [
            -0.42763158679008484,
            0.9029872417449951,
            0.041769955307245255,
            0.6136871576309204
          ],
          [
            -0.21339307725429535,
            -0.055939607322216034,
            -0.9753637909889221,
            0.036087337881326675
          ],
          [
            -0.8784108757972717,
            -0.42601293325424194,
            0.216613307595253,
            1.2554327249526978
          ],
          [
            0.0,
            0.0,
            0.0,
            1.0
          ]
        ]
      },
      "bone_length_armature_space": 0.10413089651970468,
      "parent": "lowerarm_l",
      "has_children": true,
      "is_end_bone": false
    },
    "pinky_01_l": {
      "name": "pinky_01_l",
      "local": {
        "location": {
          "x": 0.0,
          "y": 0.0,
          "z": 0.0
        },
        "rotation_quaternion": {
          "w": 0.9976191520690918,
          "x": 0.06757760047912598,
          "y": -0.013759520836174488,
          "z": 4.64683398604393e-06
        },
        "scale": {
          "x": 1.0,
          "y": 1.0,
          "z": 1.0
        },
        "matrix_basis": [
          [
            0.9996213316917419,
            -0.0018689422868192196,
            -0.027452895417809486,
            0.0
          ],
          [
            -0.00185039930511266,
            0.9908665418624878,
            -0.13483354449272156,
            0.0
          ],
          [
            0.027454150840640068,
            0.13483329117298126,
            0.9904878735542297,
            0.0
          ],
          [
            0.0,
            0.0,
            0.0,
            1.0
          ]
        ],
        "rotation_mode": "QUATERNION"
      },
      "armature_space": {
        "head": {
          "x": 0.7077159285545349,
          "y": -0.03298169746994972,
          "z": 0.2612176537513733
        },
