{
  "metadata": {
    "armature_name": "KIM_caucasian_male",
    "export_time": "2026-01-13T21:01:03.567612",
    "blender_version": "4.4.1",
    "bone_count": 56,
    "end_bone_count": 13,
    "spaces_included": [
      "LOCAL_CHANNELS",
      "ARMATURE_SPACE",
      "WORLD_SPACE"
    ],
    "note": "LOCAL matches Transform panel; replay pose via local.matrix_basis for best fidelity."
  },
  "bones": {
    "Root": {
      "name": "Root",
      "local": {
        "location": {
          "x": 0.0,
          "y": 0.0,
          "z": 0.0
        },
        "rotation_quaternion": {
          "w": 0.9997639656066895,
          "x": -0.0017520709661766887,
          "y": -0.011128700338304043,
          "z": -0.01857881061732769
        },
        "scale": {
          "x": 1.0,
          "y": 1.0,
          "z": 1.0
        },
        "matrix_basis": [
          [
            0.9990619421005249,
            0.0371878482401371,
            -0.022187044844031334,
            0.0
          ],
          [
            -0.0371098555624485,
            0.9993035197257996,
            0.0039168307557702065,
            0.0
          ],
          [
            0.022317249327898026,
            -0.0030897988472133875,
            0.9997461438179016,
            0.0
          ],
          [
            0.0,
            0.0,
            0.0,
            1.0
          ]
        ],
        "rotation_mode": "QUATERNION"
      },
      "armature_space": {
        "head": {
          "x": 0.0,
          "y": 0.07072800397872925,
          "z": -0.009595036506652832
        },
        "tail": {
          "x": 0.00265431497246027,
          "y": 7.890909910202026e-05,
          "z": 0.0002118535339832306
        }
      },
      "world_space": {
        "head": {
          "x": 0.0,
          "y": 0.13397200405597687,
          "z": 0.9402589797973633
        },
        "tail": {
          "x": 0.00265431497246027,
          "y": 0.06332290917634964,
          "z": 0.9500658512115479
        },
        "rotation_quaternion": {
          "w": 0.06909985095262527,
          "x": 0.9973746538162231,
          "y": 0.017786886543035507,
          "z": -0.012355035170912743
        },
        "matrix": [
          [
            0.9990619421005249,
            0.0371878482401371,
            -0.022187044844031334,
            0.0
          ],
          [
            0.03377291560173035,
            -0.9898176193237305,
            -0.1382768452167511,
            0.13397200405597687
          ],
          [
            -0.027103502303361893,
            0.13739784061908722,
            -0.99015212059021,
            0.9402589797973633
          ],
          [
            0.0,
            0.0,
            0.0,
            1.0
          ]
        ]
      },
      "bone_length_armature_space": 0.07137587334772408,
      "parent": null,
      "has_children": true,
      "is_end_bone": false
    },
    "spine_01": {
      "name": "spine_01",
      "local": {
        "location": {
          "x": 0.0,
          "y": 0.0,
          "z": 0.0
        },
        "rotation_quaternion": {
          "w": 0.9980089664459229,
          "x": -0.010931029915809631,
          "y": -0.03657442331314087,
          "z": -0.0502089262008667
        },
        "scale": {
          "x": 1.0,
          "y": 1.0,
          "z": 1.0
        },
        "matrix_basis": [
          [
            0.9922827482223511,
            0.10101751238107681,
            -0.07190553098917007,
            0.0
          ],
          [
            -0.09941832721233368,
            0.9947191476821899,
            0.02549125626683235,
            0.0
          ],
          [
            0.07410087436437607,
            -0.018145807087421417,
            0.9970856308937073,
            0.0
          ],
          [
            0.0,
            0.0,
            0.0,
            1.0
          ]
        ],
        "rotation_mode": "QUATERNION"
      },
      "armature_space": {
        "head": {
          "x": 0.00265431497246027,
          "y": 7.890909910202026e-05,
          "z": 0.0002118535339832306
        },
        "tail": {
          "x": 0.06391038000583649,
          "y": 0.035177819430828094,
          "z": 0.48308274149894714
        }
      },
      "world_space": {
        "head": {
          "x": 0.00265431497246027,
          "y": 0.06332290917634964,
          "z": 0.9500658512115479
        },
        "tail": {
          "x": 0.06391038000583649,
          "y": 0.09842181950807571,
          "z": 1.4329367876052856
        },
        "rotation_quaternion": {
          "w": 0.7315001487731934,
          "x": 0.6786917448043823,
          "y": 0.029482051730155945,
          "z": -0.05844562128186226
        },
        "matrix": [
          [
            0.9914297461509705,
            0.1255244016647339,
            -0.03620166331529617,
            0.00265431497246027
          ],
          [
            -0.0454883798956871,
            0.07192381471395493,
            -0.9963723421096802,
            0.06332290917634964
          ],
          [
            -0.12246616184711456,
            0.9894869923591614,
            0.07701694965362549,
            0.9500658512115479
          ],
          [
            0.0,
            0.0,
            0.0,
            1.0
          ]
        ]
      },
      "bone_length_armature_space": 0.48800463088920676,
      "parent": "Root",
      "has_children": true,
      "is_end_bone": false
    },
    "neck_01": {
      "name": "neck_01",
      "local": {
        "location": {
          "x": 0.0,
          "y": 0.0,
          "z": 0.0
        },
        "rotation_quaternion": {
          "w": 0.992428183555603,
          "x": 0.033656273037195206,
          "y": 0.09371668845415115,
          "z": 0.07190828025341034
        },
        "scale": {
          "x": 1.0,
          "y": 1.0,
          "z": 1.0
        },
        "matrix_basis": [
          [
            0.9720927476882935,
            -0.13641929626464844,
            0.1908544898033142,
            0.0
          ],
          [
            0.14903591573238373,
            0.9873929023742676,
            -0.053324855864048004,
            0.0
          ],
          [
            -0.18117383122444153,
            0.08028087764978409,
            0.980168879032135,
            0.0
          ],
          [
            0.0,
            0.0,
            0.0,
            1.0
          ]
        ],
        "rotation_mode": "QUATERNION"
      },
      "armature_space": {
        "head": {
          "x": 0.07184559106826782,
          "y": 0.005889341235160828,
          "z": 0.5582024455070496
        },
        "tail": {
          "x": 0.06766106188297272,
          "y": -0.03284389153122902,
          "z": 0.6530337333679199
        }
      },
      "world_space": {
        "head": {
          "x": 0.07184559106826782,
          "y": 0.06913334131240845,
          "z": 1.508056402206421
        },
        "tail": {
          "x": 0.06766106188297272,
          "y": 0.0304001085460186,
          "z": 1.602887749671936
        },
        "rotation_quaternion": {
          "w": 0.5576375126838684,
          "x": 0.8282448649406433,
          "y": 0.011704727075994015,
          "z": 0.05398216098546982
        },
        "matrix": [
          [
            0.9938978552818298,
            -0.04081618785858154,
            0.10247454792261124,
            0.07184559106826782
          ],
          [
            0.0795934647321701,
            -0.37780654430389404,
            -0.9224572777748108,
            0.06913334131240845
          ],
          [
            0.0763673484325409,
            0.9249905943870544,
            -0.3722558617591858,
            1.508056402206421
          ],
          [
            0.0,
            0.0,
            0.0,
            1.0
          ]
        ]
      },
      "bone_length_armature_space": 0.10252193137701962,
      "parent": "spine_01",
      "has_children": true,
      "is_end_bone": false
    },
    "head": {
      "name": "head",
      "local": {
        "location": {
          "x": 0.0,
          "y": 0.0,
          "z": 0.0
        },
        "rotation_quaternion": {
          "w": 0.9891242384910583,
          "x": -0.07216882705688477,
          "y": 0.05286605283617973,
          "z": 0.11674844473600388
        },
        "scale": {
          "x": 1.0,
          "y": 1.0,
          "z": 1.0
        },
        "matrix_basis": [
          [
            0.9671499729156494,
            -0.23858799040317535,
            0.08773098886013031,
            0.0
          ],
          [
            0.2233268767595291,
            0.9623229503631592,
            0.15511192381381989,
            0.0
          ],
          [
            -0.12143338471651077,
            -0.13042381405830383,
            0.9839937090873718,
            0.0
          ],
          [
            0.0,
            0.0,
            0.0,
            1.0
          ]
        ],
        "rotation_mode": "QUATERNION"
      },
      "armature_space": {
        "head": {
          "x": 0.06766107678413391,
          "y": -0.03284400701522827,
          "z": 0.6530336141586304
        },
        "tail": {
          "x": 0.018001552671194077,
          "y": -0.01832454279065132,
          "z": 0.7992403507232666
        }
      },
      "world_space": {
        "head": {
          "x": 0.06766107678413391,
          "y": 0.030399993062019348,
          "z": 1.6028876304626465
        },
        "tail": {
          "x": 0.018001552671194077,
          "y": 0.0449194572865963,
          "z": 1.7490943670272827
        },
        "rotation_quaternion": {
          "w": 0.7377945780754089,
          "x": 0.6505357623100281,
          "y": -0.04968561604619026,
          "z": 0.17318713665008545
        },
        "matrix": [
          [
            0.9350748062133789,
            -0.3201976716518402,
            0.15201511979103088,
            0.06766107678413391
          ],
          [
            0.19091063737869263,
            0.0936194658279419,
            -0.97713303565979,
            0.030399993062019348
          ],
          [
            0.2986464202404022,
            0.9427204132080078,
            0.14867044985294342,
            1.6028876304626465
          ],
          [
            0.0,
            0.0,
            0.0,
            1.0
          ]
        ]
      },
      "bone_length_armature_space": 0.15509124319851503,
      "parent": "neck_01",
      "has_children": false,
      "is_end_bone": true
    },
    "upperarm_l": {
      "name": "upperarm_l",
      "local": {
        "location": {
          "x": 0.0,
          "y": 0.0,
          "z": 0.0
        },
        "rotation_quaternion": {
          "w": 0.8085364103317261,
          "x": 0.05117889866232872,
          "y": 0.5527418851852417,
          "z": 0.19525906443595886
        },
        "scale": {
          "x": 1.0,
          "y": 1.0,
          "z": 1.0
        },
        "matrix_basis": [
          [
            0.3127005994319916,
            -0.25917068123817444,
            0.9138101935386658,
            0.0
          ],
          [
            0.3723255693912506,
            0.9185092449188232,
            0.13309572637081146,
            0.0
          ],
          [
            -0.8738375902175903,
            0.2986157238483429,
            0.3837142586708069,
            0.0
          ],
          [
            0.0,
            0.0,
            0.0,
            1.0
          ]
        ],
        "rotation_mode": "QUATERNION"
      },
      "armature_space": {
        "head": {
          "x": 0.21200840175151825,
          "y": -0.008945316076278687,
          "z": 0.4735769033432007
        },
        "tail": {
          "x": 0.46560436487197876,
          "y": -0.0875818282365799,
          "z": 0.5098123550415039
        }
      },
      "world_space": {
        "head": {
          "x": 0.21200840175151825,
          "y": 0.05429868400096893,
          "z": 1.4234309196472168
        },
        "tail": {
          "x": 0.46560436487197876,
          "y": -0.024337828159332275,
          "z": 1.45966637134552
        },
        "rotation_quaternion": {
          "w": 0.1771540492773056,
          "x": 0.793828010559082,
          "y": 0.5673529505729675,
          "z": -0.1287025511264801
        },
        "matrix": [
          [
            0.32309243083000183,
            0.9463616013526917,
            -0.0033159374725073576,
            0.21200840175151825
          ],
          [
            0.8551611304283142,
            -0.29345330595970154,
            -0.4272995591163635,
            0.05429868400096893
          ],
          [
            -0.4053550362586975,
            0.13522230088710785,
            -0.9041109681129456,
            1.4234309196472168
          ],
          [
            0.0,
            0.0,
            0.0,
            1.0
          ]
        ]
      },
      "bone_length_armature_space": 0.2679694335584013,
      "parent": "spine_01",
      "has_children": true,
      "is_end_bone": false
    },
    "lowerarm_l": {
      "name": "lowerarm_l",
      "local": {
        "location": {
          "x": 0.0,
          "y": 0.0,
          "z": 0.0
        },
        "rotation_quaternion": {
          "w": 0.9423497915267944,
          "x": 0.04546438902616501,
          "y": -0.009285531006753445,
          "z": 0.33139660954475403
        },
        "scale": {
          "x": 1.0,
          "y": 1.0,
          "z": 1.0
        },
        "matrix_basis": [
          [
            0.7801801562309265,
            -0.6254273653030396,
            0.01263305265456438,
            0.0
          ],
          [
            0.623738706111908,
            0.7762185335159302,
            -0.09184110164642334,
            0.0
          ],
          [
            0.04763392359018326,
            0.07953232526779175,
            0.995693564414978,
            0.0
          ],
          [
            0.0,
            0.0,
            0.0,
            1.0
          ]
        ],
        "rotation_mode": "QUATERNION"
      },
      "armature_space": {
        "head": {
          "x": 0.46560442447662354,
          "y": -0.08758198469877243,
          "z": 0.5098123550415039
        },
        "tail": {
          "x": 0.5900554656982422,
          "y": -0.3098982572555542,
          "z": 0.5914016962051392
        }
      },
      "world_space": {
        "head": {
          "x": 0.46560442447662354,
          "y": -0.02433798462152481,
          "z": 1.45966637134552
        },
        "tail": {
          "x": 0.5900554656982422,
          "y": -0.24665425717830658,
          "z": 1.5412557125091553
        },
        "rotation_quaternion": {
          "w": 0.2009914368391037,
          "x": 0.9408074617385864,
          "y": 0.20999018847942352,
          "z": -0.17432132363319397
        },
        "matrix": [
          [
            0.8510323166847229,
            0.46519502997398376,
            -0.24359256029129028,
            0.46560442447662354
          ],
          [
            0.3250468373298645,
            -0.8310127854347229,
            -0.4514007270336151,
            -0.02433798462152481
          ],
          [
            -0.4124205410480499,
            0.30497899651527405,
            -0.8584355711936951,
            1.45966637134552
          ],
          [
            0.0,
            0.0,
            0.0,
            1.0
          ]
        ]
      },
      "bone_length_armature_space": 0.26752458597133943,
      "parent": "upperarm_l",
      "has_children": true,
      "is_end_bone": false
    },
    "metacarpal_thumb_l": {
      "name": "metacarpal_thumb_l",
      "local": {
        "location": {
          "x": 0.0,
          "y": 0.0,
          "z": 0.0
        },
        "rotation_quaternion": {
          "w": 0.9993807077407837,
          "x": -0.035101741552352905,
          "y": -0.0003571223933249712,
          "z": 0.0024511292576789856
        },
        "scale": {
          "x": 1.0,
          "y": 1.0,
          "z": 1.0
        },
        "matrix_basis": [
          [
            0.9999877214431763,
            -0.004874151200056076,
            -0.0008858802611939609,
            0.0
          ],
          [
            0.004924293607473373,
            0.9975237250328064,
            0.07015825808048248,
            0.0
          ],
          [
            0.000541724672075361,
            -0.07016175985336304,
            0.9975354671478271,
            0.0
          ],
          [
            0.0,
            0.0,
            0.0,
            1.0
          ]
        ],
        "rotation_mode": "QUATERNION"
      },
      "armature_space": {
        "head": {
          "x": 0.5900554656982422,
          "y": -0.3098982572555542,
          "z": 0.5914016962051392
        },
        "tail": {
          "x": 0.6059954166412354,
          "y": -0.35414883494377136,
          "z": 0.575864851474762
        }
      },
      "world_space": {
        "head": {
          "x": 0.5900554656982422,
          "y": -0.24665425717830658,
          "z": 1.5412557125091553
        },
        "tail": {
          "x": 0.6059954166412354,
          "y": -0.29090481996536255,
          "z": 1.5257189273834229
        },
        "rotation_quaternion": {
          "w": 0.22179944813251495,
          "x": -0.8462551236152649,
          "y": -0.06429317593574524,
          "z": -0.48012885451316833
        },
        "matrix": [
          [
            0.5306858420372009,
            0.3218003809452057,
            0.7841024994850159,
            0.5900554656982422
          ],
          [
            -0.10416688024997711,
            -0.8933433890342712,
            0.4371347725391388,
            -0.24665425717830658
          ],
          [
            0.841149091720581,
            -0.3136618733406067,
            -0.4405665397644043,
            1.5412557125091553
          ],
          [
            0.0,
            0.0,
            0.0,
            1.0
          ]
        ]
      },
      "bone_length_armature_space": 0.04953371781666181,
      "parent": "lowerarm_l",
      "has_children": true,
      "is_end_bone": false
    },
    "thumb_01_l": {
      "name": "thumb_01_l",
      "local": {
        "location": {
          "x": 0.0,
          "y": 0.0,
          "z": 0.0
        },
        "rotation_quaternion": {
          "w": 0.9992527365684509,
          "x": -0.03346710652112961,
          "y": 0.01890207827091217,
          "z": -0.0041075036861002445
        },
        "scale": {
          "x": 1.0,
          "y": 1.0,
          "z": 1.0
        },
        "matrix_basis": [
          [
            0.999251663684845,
            0.0069436728954315186,
            0.03805083781480789,
            0.0
          ],
          [
            -0.009474064223468304,
            0.9977261424064636,
            0.06672891229391098,
            0.0
          ],
          [
            -0.03750097379088402,
            -0.06703947484493256,
            0.9970453381538391,
            0.0
          ],
          [
            0.0,
            0.0,
            0.0,
            1.0
          ]
        ],
        "rotation_mode": "QUATERNION"
      },
      "armature_space": {
        "head": {
          "x": 0.6059954166412354,
          "y": -0.35414883494377136,
          "z": 0.575864851474762
        },
        "tail": {
          "x": 0.6292815804481506,
          "y": -0.36265021562576294,
          "z": 0.5525386333465576
        }
      },
      "world_space": {
        "head": {
          "x": 0.6059954166412354,
          "y": -0.29090481996536255,
          "z": 1.5257189273834229
        },
        "tail": {
          "x": 0.6292815804481506,
          "y": -0.2994062304496765,
          "z": 1.5023926496505737
        },
        "rotation_quaternion": {
          "w": 0.5394560694694519,
          "x": -0.22829724848270416,
          "y": 0.2900136411190033,
          "z": -0.7568088173866272
        },
        "matrix": [
          [
            -0.31373241543769836,
            0.6841117739677429,
            0.6584548950195312,
            0.6059954166412354
          ],
          [
            -0.9489496946334839,
            -0.24975742399692535,
            -0.19265414774417877,
            -0.29090481996536255
          ],
          [
            0.03265639767050743,
            -0.6852876543998718,
            0.7275499701499939,
            1.5257189273834229
          ],
          [
            0.0,
            0.0,
            0.0,
            1.0
          ]
        ]
      },
      "bone_length_armature_space": 0.034038674199222775,
      "parent": "metacarpal_thumb_l",
      "has_children": true,
      "is_end_bone": false
    },
    "thumb_02_l": {
      "name": "thumb_02_l",
      "local": {
        "location": {
          "x": 0.0,
          "y": 0.0,
          "z": 0.0
        },
        "rotation_quaternion": {
          "w": 0.9957846999168396,
          "x": 0.09147651493549347,
          "y": -0.003205197863280773,
          "z": -0.005902296397835016
        },
        "scale": {
          "x": 1.0,
          "y": 1.0,
          "z": 1.0
        },
        "matrix_basis": [
          [
            0.9999097585678101,
            0.011168432421982288,
            -0.007463216781616211,
            0.0
          ],
          [
            -0.012341233901679516,
            0.9831944108009338,
            -0.18214398622512817,
            0.0
          ],
          [
            0.00530353095382452,
            0.18221966922283173,
            0.9832435250282288,
            0.0
          ],
          [
            0.0,
            0.0,
            0.0,
            1.0
          ]
        ],
        "rotation_mode": "QUATERNION"
      },
      "armature_space": {
        "head": {
          "x": 0.6292815208435059,
          "y": -0.36265018582344055,
          "z": 0.5525385737419128
        },
        "tail": {
          "x": 0.6470698118209839,
          "y": -0.39683160185813904,
          "z": 0.5638694167137146
        }
      },
      "world_space": {
        "head": {
          "x": 0.6292815208435059,
          "y": -0.29940617084503174,
          "z": 1.5023925304412842
        },
        "tail": {
          "x": 0.6470698118209839,
          "y": -0.3335875868797302,
          "z": 1.513723373413086
        },
        "rotation_quaternion": {
          "w": 0.2592562437057495,
          "x": 0.2375296950340271,
          "y": -0.0852494165301323,
          "z": -0.9322545528411865
        },
        "matrix": [
          [
            -0.7527315020561218,
            0.44288745522499084,
            -0.4870786964893341,
            0.6292815208435059
          ],
          [
            -0.5238844156265259,
            -0.8510372638702393,
            0.03578551858663559,
            -0.29940617084503174
          ],
          [
            -0.3986767828464508,
            0.2821112871170044,
            0.8726308345794678,
            1.5023925304412842
          ],
          [
            0.0,
            0.0,
            0.0,
            1.0
          ]
        ]
      },
      "bone_length_armature_space": 0.04016441836150308,
      "parent": "thumb_01_l",
      "has_children": true,
      "is_end_bone": false
    },
    "thumb_03_l": {
      "name": "thumb_03_l",
      "local": {
        "location": {
          "x": 0.0,
          "y": 0.0,
          "z": 0.0
        },
        "rotation_quaternion": {
          "w": 0.9965811371803284,
          "x": 0.08234862983226776,
          "y": -0.005494863260537386,
          "z": -0.003838289761915803
        },
        "scale": {
          "x": 1.0,
          "y": 1.0,
          "z": 1.0
        },
        "matrix_basis": [
          [
            0.9999101758003235,
            0.006745345424860716,
            -0.011584309861063957,
            0.0
          ],
          [
            -0.008555322885513306,
            0.9864079356193542,
            -0.16409200429916382,
            0.0
          ],
          [
            0.010319998487830162,
            0.1641763597726822,
            0.9863770008087158,
            0.0
          ],
          [
            0.0,
            0.0,
            0.0,
            1.0
          ]
        ],
        "rotation_mode": "QUATERNION"
      },
      "armature_space": {
        "head": {
          "x": 0.6470698118209839,
          "y": -0.39683157205581665,
          "z": 0.563869297504425
        },
        "tail": {
          "x": 0.6552176475524902,
          "y": -0.4184401035308838,
          "z": 0.5837081074714661
        }
      },
      "world_space": {
        "head": {
          "x": 0.6470698118209839,
          "y": -0.3335875868797302,
          "z": 1.513723373413086
        },
        "tail": {
          "x": 0.6552176475524902,
          "y": -0.35519611835479736,
          "z": 1.533562183380127
        },
        "rotation_quaternion": {
          "w": 0.29734325408935547,
          "x": 0.4479980170726776,
          "y": -0.2381323277950287,
          "z": -0.8088125586509705
        },
        "matrix": [
          [
            -0.421769380569458,
            0.2676265835762024,
            -0.8663061261177063,
            0.6470698118209839
          ],
          [
            -0.6943562626838684,
            -0.7097594141960144,
            0.11878886073827744,
            -0.3335875868797302
          ],
          [
            -0.5830830931663513,
            0.6516308188438416,
            0.48518648743629456,
            1.513723373413086
          ],
          [
            0.0,
            0.0,
            0.0,
            1.0
          ]
        ]
      },
      "bone_length_armature_space": 0.030444937919341306,
      "parent": "thumb_02_l",
      "has_children": false,
      "is_end_bone": true
    },
    "metacarpal_index_l": {
      "name": "metacarpal_index_l",
      "local": {
        "location": {
          "x": 0.0,
          "y": 0.0,
          "z": 0.0
        },
        "rotation_quaternion": {
          "w": 0.9996808767318726,
          "x": -0.02476043999195099,
          "y": -0.0009122287156060338,
          "z": -0.00493986951187253
        },
        "scale": {
          "x": 1.0,
          "y": 1.0,
          "z": 1.0
        },
        "matrix_basis": [
          [
            0.9999495148658752,
            0.00992176029831171,
            -0.0015792484628036618,
            0.0
          ],
          [
            -0.009831411764025688,
            0.9987250566482544,
            0.04951408877968788,
            0.0
          ],
          [
            0.0020685018971562386,
            -0.04949606582522392,
            0.9987722039222717,
            0.0
          ],
          [
            0.0,
            0.0,
            0.0,
            1.0
          ]
        ],
        "rotation_mode": "QUATERNION"
      },
      "armature_space": {
        "head": {
          "x": 0.5900554656982422,
          "y": -0.3098982572555542,
          "z": 0.5914016962051392
        },
        "tail": {
          "x": 0.6364302039146423,
          "y": -0.41730815172195435,
          "z": 0.5978604555130005
        }
      },
      "world_space": {
        "head": {
          "x": 0.5900554656982422,
          "y": -0.24665425717830658,
          "z": 1.5412557125091553
        },
        "tail": {
          "x": 0.6364302039146423,
          "y": -0.3540641665458679,
          "z": 1.5477144718170166
        },
        "rotation_quaternion": {
          "w": 0.025800034403800964,
          "x": -0.9447435140609741,
          "y": -0.20246116816997528,
          "z": -0.2565220594406128
        },
        "matrix": [
          [
            0.7864117622375488,
            0.39578449726104736,
            0.4742477536201477,
            0.5900554656982422
          ],
          [
            0.369311660528183,
            -0.9166876077651978,
            0.1526205688714981,
            -0.24665425717830658
          ],
          [
            0.4951458275318146,
            0.05512210726737976,
            -0.8670678734779358,
            1.5412557125091553
          ],
          [
            0.0,
            0.0,
            0.0,
            1.0
          ]
        ]
      },
      "bone_length_armature_space": 0.11717174147471882,
      "parent": "lowerarm_l",
      "has_children": true,
      "is_end_bone": false
    },
    "index_01_l": {
      "name": "index_01_l",
      "local": {
        "location": {
          "x": 0.0,
          "y": 0.0,
          "z": 0.0
        },
        "rotation_quaternion": {
          "w": 0.9926655292510986,
          "x": -0.12048938125371933,
          "y": -0.008844672702252865,
          "z": -0.004404064733535051
        },
        "scale": {
          "x": 1.0,
          "y": 1.0,
          "z": 1.0
        },
        "matrix_basis": [
          [
            0.9998047351837158,
            0.010874904692173004,
            -0.016498317942023277,
            0.0
          ],
          [
            -0.0066121481359004974,
            0.9709258079528809,
            0.23928920924663544,
            0.0
          ],
          [
            0.018620889633893967,
            -0.23913340270519257,
            0.9708081483840942,
            0.0
          ],
          [
            0.0,
            0.0,
            0.0,
            1.0
          ]
        ],
        "rotation_mode": "QUATERNION"
      },
      "armature_space": {
        "head": {
          "x": 0.6364302039146423,
          "y": -0.41730815172195435,
          "z": 0.5978604555130005
        },
        "tail": {
          "x": 0.648707926273346,
          "y": -0.4381522834300995,
          "z": 0.6129552125930786
        }
      },
      "world_space": {
        "head": {
          "x": 0.6364302039146423,
          "y": -0.3540641665458679,
          "z": 1.5477144718170166
        },
        "tail": {
          "x": 0.648707926273346,
          "y": -0.3749082684516907,
          "z": 1.5628092288970947
        },
        "rotation_quaternion": {
          "w": 0.18851780891418457,
          "x": 0.8745364546775818,
          "y": 0.31457698345184326,
          "z": 0.31731459498405457
        },
        "matrix": [
          [
            0.6007049679756165,
            0.4305802285671234,
            0.6736125946044922,
            0.6364302039146423
          ],
          [
            0.6698576211929321,
            -0.7310044765472412,
            -0.1300903856754303,
            -0.3540641665458679
          ],
          [
            0.4364032447338104,
            0.5293736457824707,
            -0.7275508642196655,
            1.5477144718170166
          ],
          [
            0.0,
            0.0,
            0.0,
            1.0
          ]
        ]
      },
      "bone_length_armature_space": 0.028514416796419702,
      "parent": "metacarpal_index_l",
      "has_children": true,
      "is_end_bone": false
    },
    "index_02_l": {
      "name": "index_02_l",
      "local": {
        "location": {
          "x": 0.0,
          "y": 0.0,
          "z": 0.0
        },
        "rotation_quaternion": {
          "w": 0.9969669580459595,
          "x": 0.07685454189777374,
          "y": 0.00868870411068201,
          "z": 0.008645782247185707
        },
        "scale": {
          "x": 1.0,
          "y": 1.0,
          "z": 1.0
        },
        "matrix_basis": [
          [
            0.9996995329856873,
            -0.015903586521744728,
            0.018653636798262596,
            0.0
          ],
          [
            0.018574651330709457,
            0.9880372881889343,
            -0.1530926376581192,
            0.0
          ],
          [
            -0.01599576696753502,
            0.15339311957359314,
            0.9880357980728149,
            0.0
          ],
          [
            0.0,
            0.0,
            0.0,
            1.0
          ]
        ],
        "rotation_mode": "QUATERNION"
      },
      "armature_space": {
        "head": {
          "x": 0.648708164691925,
          "y": -0.4381527602672577,
          "z": 0.6129550933837891
        },
        "tail": {
          "x": 0.6617878079414368,
          "y": -0.4570832848548889,
          "z": 0.6242974996566772
        }
      },
      "world_space": {
        "head": {
          "x": 0.648708164691925,
          "y": -0.3749087452888489,
          "z": 1.5628091096878052
        },
        "tail": {
          "x": 0.6617878079414368,
          "y": -0.3938392996788025,
          "z": 1.5741515159606934
        },
        "rotation_quaternion": {
          "w": 0.1457069367170334,
          "x": 0.890520453453064,
          "y": 0.3313616216182709,
          "z": 0.2755766212940216
        },
        "matrix": [
          [
            0.6285134553909302,
            0.50986248254776,
            0.5873762369155884,
            0.648708164691925
          ],
          [
            0.670475959777832,
            -0.7379377484321594,
            -0.07687786221504211,
            -0.3749087452888489
          ],
          [
            0.3942534029483795,
            0.44214290380477905,
            -0.8056603074073792,
            1.5628091096878052
          ],
          [
            0.0,
            0.0,
            0.0,
            1.0
          ]
        ]
      },
      "bone_length_armature_space": 0.025653303913645755,
      "parent": "index_01_l",
      "has_children": true,
      "is_end_bone": false
    },
    "index_03_l": {
      "name": "index_03_l",
      "local": {
        "location": {
          "x": 0.0,
          "y": 0.0,
          "z": 0.0
        },
        "rotation_quaternion": {
          "w": 0.999642014503479,
          "x": 0.026228666305541992,
          "y": 0.002731853863224387,
          "z": -0.004522692412137985
        },
        "scale": {
          "x": 1.0,
          "y": 1.0,
          "z": 1.0
        },
        "matrix_basis": [
          [
            0.9999441504478455,
            0.00918545201420784,
            0.005224503576755524,
            0.0
          ],
          [
            -0.008898841217160225,
            0.998583197593689,
            -0.052463263273239136,
            0.0
          ],
          [
            -0.00569900032132864,
            0.05241384357213974,
            0.998609185218811,
            0.0
          ],
          [
            0.0,
            0.0,
            0.0,
            1.0
          ]
        ],
        "rotation_mode": "QUATERNION"
      },
      "armature_space": {
        "head": {
          "x": 0.661787748336792,
          "y": -0.4570832848548889,
          "z": 0.6242976188659668
        },
        "tail": {
          "x": 0.6807464957237244,
          "y": -0.4766084551811218,
          "z": 0.6349309682846069
        }
      },
      "world_space": {
        "head": {
          "x": 0.661787748336792,
          "y": -0.3938392996788025,
          "z": 1.574151635169983
        },
        "tail": {
          "x": 0.6807464957237244,
          "y": -0.4133644700050354,
          "z": 1.584784984588623
        },
        "rotation_quaternion": {
          "w": 0.08225204795598984,
          "x": 0.8703808784484863,
          "y": 0.39888995885849,
          "z": 0.27669239044189453
        },
        "matrix": [
          [
            0.528655469417572,
            0.6488561034202576,
            0.5472738146781921,
            0.661787748336792
          ],
          [
            0.7398898005485535,
            -0.6682423949241638,
            0.0775597095489502,
            -0.3938392996788025
          ],
          [
            0.4160403907299042,
            0.36392197012901306,
            -0.8333580493927002,
            1.574151635169983
          ],
          [
            0.0,
            0.0,
            0.0,
            1.0
          ]
        ]
      },
      "bone_length_armature_space": 0.029218735400045798,
      "parent": "index_02_l",
      "has_children": false,
      "is_end_bone": true
    },
    "metacarpal_pinky_l": {
      "name": "metacarpal_pinky_l",
      "local": {
        "location": {
          "x": 0.0,
          "y": 0.0,
          "z": 0.0
        },
        "rotation_quaternion": {
          "w": 0.9984040260314941,
          "x": -0.054078616201877594,
          "y": -0.004197696689516306,
          "z": 0.01572701334953308
        },
        "scale": {
          "x": 1.0,
          "y": 1.0,
          "z": 1.0
        },
        "matrix_basis": [
          [
            0.999470055103302,
            -0.03094981610774994,
            -0.01008298434317112,
            0.0
          ],
          [
            0.03185783699154854,
            0.9936563372612,
            0.10785257816314697,
            0.0
          ],
          [
            0.006681004539132118,
            -0.10811664909124374,
            0.9941157698631287,
            0.0
          ],
          [
            0.0,
            0.0,
            0.0,
            1.0
          ]
        ],
        "rotation_mode": "QUATERNION"
      },
      "armature_space": {
        "head": {
          "x": 0.5900554656982422,
          "y": -0.3098982572555542,
          "z": 0.5914016962051392
        },
        "tail": {
          "x": 0.6530611515045166,
          "y": -0.36999791860580444,
          "z": 0.6485118865966797
        }
      },
      "world_space": {
        "head": {
          "x": 0.5900554656982422,
          "y": -0.24665425717830658,
          "z": 1.5412557125091553
        },
        "tail": {
          "x": 0.6530611515045166,
          "y": -0.306753933429718,
          "z": 1.5983659029006958
        },
        "rotation_quaternion": {
          "w": 0.4597782790660858,
          "x": 0.6034632325172424,
          "y": 0.004969682078808546,
          "z": -0.6514687538146973
        },
        "matrix": [
          [
            0.15112857520580292,
            0.6050630211830139,
            -0.7817025184631348,
            0.5900554656982422
          ],
          [
            -0.5930649042129517,
            -0.5771557688713074,
            -0.5613962411880493,
            -0.24665425717830658
          ],
          [
            -0.7908502817153931,
            0.5484467148780823,
            0.27161821722984314,
            1.5412557125091553
          ],
          [
            0.0,
            0.0,
            0.0,
            1.0
          ]
        ]
      },
      "bone_length_armature_space": 0.10413097289107016,
      "parent": "lowerarm_l",
      "has_children": true,
      "is_end_bone": false
    },
    "pinky_01_l": {
      "name": "pinky_01_l",
      "local": {
        "location": {
          "x": 0.0,
          "y": 0.0,
          "z": 0.0
        },
        "rotation_quaternion": {
          "w": 0.9608292579650879,
          "x": 0.27646154165267944,
          "y": -0.016852818429470062,
          "z": 0.009608212858438492
        },
        "scale": {
          "x": 1.0,
          "y": 1.0,
          "z": 1.0
        },
        "matrix_basis": [
          [
            0.9992473125457764,
            -0.02778201550245285,
            -0.027072759345173836,
            0.0
          ],
          [
            0.00914539210498333,
            0.8469533920288086,
            -0.5315885543823242,
            0.0
          ],
          [
            0.037697963416576385,
            0.53094083070755,
            0.8465700149536133,
            0.0
          ],
          [
            0.0,
            0.0,
            0.0,
            1.0
          ]
        ],
        "rotation_mode": "QUATERNION"
      },
      "armature_space": {
        "head": {
          "x": 0.6530611515045166,
          "y": -0.36999791860580444,
          "z": 0.6485118865966797
        },
        "tail": {
          "x": 0.6742326617240906,
          "y": -0.37979114055633545,
