{
  "metadata": {
    "armature_name": "KIM_caucasian_male",
    "export_time": "2026-01-13T19:11:55.772857",
    "blender_version": "4.4.1",
    "bone_count": 56,
    "end_bone_count": 13,
    "spaces_included": [
      "LOCAL_CHANNELS",
      "ARMATURE_SPACE",
      "WORLD_SPACE"
    ],
    "note": "LOCAL matches Transform panel; replay pose via local.matrix_basis for best fidelity."
  },
  "bones": {
    "Root": {
      "name": "Root",
      "local": {
        "location": {
          "x": 0.0,
          "y": 0.0,
          "z": 0.0
        },
        "rotation_quaternion": {
          "w": 0.9995779991149902,
          "x": -0.018038524314761162,
          "y": -0.013371770270168781,
          "z": -0.018430665135383606
        },
        "scale": {
          "x": 1.0,
          "y": 1.0,
          "z": 1.0
        },
        "matrix_basis": [
          [
            0.9989629983901978,
            0.03732818737626076,
            -0.026067331433296204,
            0.0
          ],
          [
            -0.03636335954070091,
            0.9986698627471924,
            0.0365547239780426,
            0.0
          ],
          [
            0.02739717811346054,
            -0.03556892275810242,
            0.9989916086196899,
            0.0
          ],
          [
            0.0,
            0.0,
            0.0,
            1.0
          ]
        ],
        "rotation_mode": "QUATERNION"
      },
      "armature_space": {
        "head": {
          "x": 0.0,
          "y": 0.07072800397872925,
          "z": -0.009595036506652832
        },
        "tail": {
          "x": 0.0026643318124115467,
          "y": 0.00043536722660064697,
          "z": 0.0025029731914401054
        }
      },
      "world_space": {
        "head": {
          "x": 0.0,
          "y": 0.13397200405597687,
          "z": 0.9402589797973633
        },
        "tail": {
          "x": 0.0026643318124115467,
          "y": 0.06367936730384827,
          "z": 0.9523569941520691
        },
        "rotation_quaternion": {
          "w": 0.08533677458763123,
          "x": 0.9960919618606567,
          "y": 0.017487965524196625,
          "z": -0.014583030715584755
        },
        "matrix": [
          [
            0.9989629983901978,
            0.03732818737626076,
            -0.026067331433296204,
            0.0
          ],
          [
            0.03235030174255371,
            -0.9848235845565796,
            -0.17051705718040466,
            0.13397200405597687
          ],
          [
            -0.03203700855374336,
            0.16949719190597534,
            -0.9850168824195862,
            0.9402589797973633
          ],
          [
            0.0,
            0.0,
            0.0,
            1.0
          ]
        ]
      },
      "bone_length_armature_space": 0.07137587213401744,
      "parent": null,
      "has_children": true,
      "is_end_bone": false
    },
    "spine_01": {
      "name": "spine_01",
      "local": {
        "location": {
          "x": 0.0,
          "y": 0.0,
          "z": 0.0
        },
        "rotation_quaternion": {
          "w": 0.9969139099121094,
          "x": 0.06672978401184082,
          "y": -0.0382954478263855,
          "z": 0.015599511563777924
        },
        "scale": {
          "x": 1.0,
          "y": 1.0,
          "z": 1.0
        },
        "matrix_basis": [
          [
            0.9965802431106567,
            -0.03621363267302513,
            -0.07427262514829636,
            0.0
          ],
          [
            0.02599184587597847,
            0.9906075596809387,
            -0.1342424750328064,
            0.0
          ],
          [
            0.07843643426895142,
            0.131852924823761,
            0.9881612062454224,
            0.0
          ],
          [
            0.0,
            0.0,
            0.0,
            1.0
          ]
        ],
        "rotation_mode": "QUATERNION"
      },
      "armature_space": {
        "head": {
          "x": 0.0026643318124115467,
          "y": 0.00043536722660064697,
          "z": 0.0025029731914401054
        },
        "tail": {
          "x": 0.001395326224155724,
          "y": -0.023992666974663734,
          "z": 0.48989415168762207
        }
      },
      "world_space": {
        "head": {
          "x": 0.0026643318124115467,
          "y": 0.06367936730384827,
          "z": 0.9523569941520691
        },
        "tail": {
          "x": 0.001395326224155724,
          "y": 0.039251334965229034,
          "z": 1.4397481679916382
        },
        "rotation_quaternion": {
          "w": 0.6889960765838623,
          "x": 0.7244351506233215,
          "y": -0.015985138714313507,
          "z": -0.014920244924724102
        },
        "matrix": [
          [
            0.9990437030792236,
            -0.002600414678454399,
            -0.04364489018917084,
            0.0026643318124115467
          ],
          [
            -0.04372038319706917,
            -0.05005732178688049,
            -0.9977890253067017,
            0.06367936730384827
          ],
          [
            0.00040988484397530556,
            0.9987499117851257,
            -0.050124391913414,
            0.9523569941520691
          ],
          [
            0.0,
            0.0,
            0.0,
            1.0
          ]
        ]
      },
      "bone_length_armature_space": 0.4880046040540088,
      "parent": "Root",
      "has_children": true,
      "is_end_bone": false
    },
    "neck_01": {
      "name": "neck_01",
      "local": {
        "location": {
          "x": 0.0,
          "y": 0.0,
          "z": 0.0
        },
        "rotation_quaternion": {
          "w": 0.999426007270813,
          "x": -0.022900719195604324,
          "y": 0.018408892676234245,
          "z": -0.016865532845258713
        },
        "scale": {
          "x": 1.0,
          "y": 1.0,
          "z": 1.0
        },
        "matrix_basis": [
          [
            0.9987533092498779,
            0.03286854922771454,
            0.03756911680102348,
            0.0
          ],
          [
            -0.0345548577606678,
            0.9983822107315063,
            0.04515419527888298,
            0.0
          ],
          [
            -0.03602418676018715,
            -0.04639609903097153,
            0.9982733130455017,
            0.0
          ],
          [
            0.0,
            0.0,
            0.0,
            1.0
          ]
        ],
        "rotation_mode": "QUATERNION"
      },
      "armature_space": {
        "head": {
          "x": -0.0003086961805820465,
          "y": -0.06226155161857605,
          "z": 0.561282753944397
        },
        "tail": {
          "x": 0.001309853745624423,
          "y": -0.10165324062108994,
          "z": 0.6559211015701294
        }
      },
      "world_space": {
        "head": {
          "x": -0.0003086961805820465,
          "y": 0.0009824484586715698,
          "z": 1.511136770248413
        },
        "tail": {
          "x": 0.001309853745624423,
          "y": -0.038409240543842316,
          "z": 1.6057751178741455
        },
        "rotation_quaternion": {
          "w": 0.5548482537269592,
          "x": 0.8319112658500671,
          "y": 0.005351476836949587,
          "z": -0.006203068420290947
        },
        "matrix": [
          [
            0.999865710735321,
            0.01578744500875473,
            -0.004382207989692688,
            -0.0003086961805820465
          ],
          [
            0.00202045775949955,
            -0.3842291831970215,
            -0.9232356548309326,
            0.0009824484586715698
          ],
          [
            -0.01625940576195717,
            0.9231088161468506,
            -0.38421303033828735,
            1.511136770248413
          ],
          [
            0.0,
            0.0,
            0.0,
            1.0
          ]
        ]
      },
      "bone_length_armature_space": 0.10252190689577367,
      "parent": "spine_01",
      "has_children": true,
      "is_end_bone": false
    },
    "head": {
      "name": "head",
      "local": {
        "location": {
          "x": 0.0,
          "y": 0.0,
          "z": 0.0
        },
        "rotation_quaternion": {
          "w": 0.9978859424591064,
          "x": 0.02464386075735092,
          "y": -0.01879757083952427,
          "z": -0.05712366849184036
        },
        "scale": {
          "x": 1.0,
          "y": 1.0,
          "z": 1.0
        },
        "matrix_basis": [
          [
            0.9927670955657959,
            0.11307932436466217,
            -0.0403311587870121,
            0.0
          ],
          [
            -0.11493229866027832,
            0.99225914478302,
            -0.04703595116734505,
            0.0
          ],
          [
            0.034700166434049606,
            0.05133109539747238,
            0.9980786442756653,
            0.0
          ],
          [
            0.0,
            0.0,
            0.0,
            1.0
          ]
        ],
        "rotation_mode": "QUATERNION"
      },
      "armature_space": {
        "head": {
          "x": 0.0013098521158099174,
          "y": -0.10165335983037949,
          "z": 0.6559209823608398
        },
        "tail": {
          "x": 0.021246131509542465,
          "y": -0.11339917778968811,
          "z": 0.8092764019966125
        }
      },
      "world_space": {
        "head": {
          "x": 0.0013098521158099174,
          "y": -0.038409359753131866,
          "z": 1.605774998664856
        },
        "tail": {
          "x": 0.021246131509542465,
          "y": -0.05015517771244049,
          "z": 1.7591304779052734
        },
        "rotation_quaternion": {
          "w": 0.6790151000022888,
          "x": 0.7309827208518982,
          "y": 0.0327199250459671,
          "z": -0.05943232402205467
        },
        "matrix": [
          [
            0.9907944202423096,
            0.128546342253685,
            -0.04245247691869736,
            0.0013098521158099174
          ],
          [
            -0.03287466987967491,
            -0.07573538273572922,
            -0.9965859651565552,
            -0.038409359753131866
          ],
          [
            -0.13132356107234955,
            0.9888142347335815,
            -0.07081368565559387,
            1.605774998664856
          ],
          [
            0.0,
            0.0,
            0.0,
            1.0
          ]
        ]
      },
      "bone_length_armature_space": 0.15509127556920294,
      "parent": "neck_01",
      "has_children": false,
      "is_end_bone": true
    },
    "upperarm_l": {
      "name": "upperarm_l",
      "local": {
        "location": {
          "x": 0.0,
          "y": 0.0,
          "z": 0.0
        },
        "rotation_quaternion": {
          "w": 0.9191906452178955,
          "x": 0.22286474704742432,
          "y": 0.3107801079750061,
          "z": -0.09399779140949249
        },
        "scale": {
          "x": 1.0,
          "y": 1.0,
          "z": 1.0
        },
        "matrix_basis": [
          [
            0.7891602516174316,
            0.31132763624191284,
            0.5294347405433655,
            0.0
          ],
          [
            -0.034279920160770416,
            0.8829914331436157,
            -0.46813565492630005,
            0.0
          ],
          [
            -0.6132299304008484,
            0.35128509998321533,
            0.7074940800666809,
            0.0
          ],
          [
            0.0,
            0.0,
            0.0,
            1.0
          ]
        ],
        "rotation_mode": "QUATERNION"
      },
      "armature_space": {
        "head": {
          "x": 0.14958345890045166,
          "y": -0.06863744556903839,
          "z": 0.4940606355667114
        },
        "tail": {
          "x": 0.38408124446868896,
          "y": -0.157089501619339,
          "z": 0.39921990036964417
        }
      },
      "world_space": {
        "head": {
          "x": 0.14958345890045166,
          "y": -0.0053934454917907715,
          "z": 1.4439146518707275
        },
        "tail": {
          "x": 0.38408124446868896,
          "y": -0.09384550154209137,
          "z": 1.349073886871338
        },
        "rotation_quaternion": {
          "w": 0.1138954609632492,
          "x": 0.6810551285743713,
          "y": 0.5674371123313904,
          "z": -0.448560893535614
        },
        "matrix": [
          [
            -0.04638558626174927,
            0.8750916123390198,
            -0.48172909021377563,
            0.14958345890045166
          ],
          [
            0.6707330942153931,
            -0.33008265495300293,
            -0.664201021194458,
            -0.0053934454917907715
          ],
          [
            -0.7402515411376953,
            -0.3539237082004547,
            -0.5716462731361389,
            1.4439146518707275
          ],
          [
            0.0,
            0.0,
            0.0,
            1.0
          ]
        ]
      },
      "bone_length_armature_space": 0.2679696664155021,
      "parent": "spine_01",
      "has_children": true,
      "is_end_bone": false
    },
    "lowerarm_l": {
      "name": "lowerarm_l",
      "local": {
        "location": {
          "x": 0.0,
          "y": 0.0,
          "z": 0.0
        },
        "rotation_quaternion": {
          "w": 0.8810555934906006,
          "x": 0.36823776364326477,
          "y": -0.23041881620883942,
          "z": 0.18721440434455872
        },
        "scale": {
          "x": 1.0,
          "y": 1.0,
          "z": 1.0
        },
        "matrix_basis": [
          [
            0.82371586561203,
            -0.4995904266834259,
            -0.26814475655555725,
            0.0
          ],
          [
            0.1601947844028473,
            0.6587034463882446,
            -0.7351513504981995,
            0.0
          ],
          [
            0.5439023971557617,
            0.5626004338264465,
            0.6226162314414978,
            0.0
          ],
          [
            0.0,
            0.0,
            0.0,
            1.0
          ]
        ],
        "rotation_mode": "QUATERNION"
      },
      "armature_space": {
        "head": {
          "x": 0.38408130407333374,
          "y": -0.15708965063095093,
          "z": 0.39921993017196655
        },
        "tail": {
          "x": 0.4500211775302887,
          "y": -0.4158910810947418,
          "z": 0.38362690806388855
        }
      },
      "world_space": {
        "head": {
          "x": 0.38408130407333374,
          "y": -0.09384565055370331,
          "z": 1.349073886871338
        },
        "tail": {
          "x": 0.4500211775302887,
          "y": -0.352647066116333,
          "z": 1.333480954170227
        },
        "rotation_quaternion": {
          "w": 0.07967376708984375,
          "x": 0.6118191480636597,
          "y": 0.09977762401103973,
          "z": -0.7806240916252136
        },
        "matrix": [
          [
            -0.23865893483161926,
            0.24648162722587585,
            -0.9393021464347839,
            0.38408130407333374
          ],
          [
            -0.002299487590789795,
            -0.9673934578895569,
            -0.2532690167427063,
            -0.09384565055370331
          ],
          [
            -0.9711074233055115,
            -0.058286309242248535,
            0.23144516348838806,
            1.349073886871338
          ],
          [
            0.0,
            0.0,
            0.0,
            1.0
          ]
        ]
      },
      "bone_length_armature_space": 0.26752455654381396,
      "parent": "upperarm_l",
      "has_children": true,
      "is_end_bone": false
    },
    "metacarpal_thumb_l": {
      "name": "metacarpal_thumb_l",
      "local": {
        "location": {
          "x": 0.0,
          "y": 0.0,
          "z": 0.0
        },
        "rotation_quaternion": {
          "w": 0.9999290108680725,
          "x": 0.0016569916624575853,
          "y": -0.011719109490513802,
          "z": -0.0014472434995695949
        },
        "scale": {
          "x": 1.0,
          "y": 1.0,
          "z": 1.0
        },
        "matrix_basis": [
          [
            0.999721109867096,
            0.002855444559827447,
            -0.02344135195016861,
            0.0
          ],
          [
            -0.0029331184923648834,
            0.9999903440475464,
            -0.0032798273023217916,
            0.0
          ],
          [
            0.02343175932765007,
            0.0033476687967777252,
            0.9997198581695557,
            0.0
          ],
          [
            0.0,
            0.0,
            0.0,
            1.0
          ]
        ],
        "rotation_mode": "QUATERNION"
      },
      "armature_space": {
        "head": {
          "x": 0.4500211775302887,
          "y": -0.4158910810947418,
          "z": 0.38362690806388855
        },
        "tail": {
          "x": 0.4302158057689667,
          "y": -0.4610685110092163,
          "z": 0.37911760807037354
        }
      },
      "world_space": {
        "head": {
          "x": 0.4500211775302887,
          "y": -0.352647066116333,
          "z": 1.333480954170227
        },
        "tail": {
          "x": 0.4302158057689667,
          "y": -0.3978245258331299,
          "z": 1.3289716243743896
        },
        "rotation_quaternion": {
          "w": 0.07637768983840942,
          "x": -0.9669410586357117,
          "y": 0.19529248774051666,
          "z": 0.14509406685829163
        },
        "matrix": [
          [
            0.8816170692443848,
            -0.39983662962913513,
            -0.2507624328136444,
            0.4500211775302887
          ],
          [
            -0.355508953332901,
            -0.912054717540741,
            0.20437684655189514,
            -0.352647066116333
          ],
          [
            -0.3104288578033447,
            -0.09103530645370483,
            -0.9462347626686096,
            1.333480954170227
          ],
          [
            0.0,
            0.0,
            0.0,
            1.0
          ]
        ]
      },
      "bone_length_armature_space": 0.049533692716999866,
      "parent": "lowerarm_l",
      "has_children": true,
      "is_end_bone": false
    },
    "thumb_01_l": {
      "name": "thumb_01_l",
      "local": {
        "location": {
          "x": 0.0,
          "y": 0.0,
          "z": 0.0
        },
        "rotation_quaternion": {
          "w": 0.9992814660072327,
          "x": 0.03194376453757286,
          "y": 0.016618940979242325,
          "z": -0.01183602586388588
        },
        "scale": {
          "x": 1.0,
          "y": 1.0,
          "z": 1.0
        },
        "matrix_basis": [
          [
            0.9991674423217773,
            0.024716785177588463,
            0.03245782479643822,
            0.0
          ],
          [
            -0.0225932989269495,
            0.9976789951324463,
            -0.06423503160476685,
            0.0
          ],
          [
            -0.033970173448324203,
            0.0634482204914093,
            0.9974068403244019,
            0.0
          ],
          [
            0.0,
            0.0,
            0.0,
            1.0
          ]
        ],
        "rotation_mode": "QUATERNION"
      },
      "armature_space": {
        "head": {
          "x": 0.4302158057689667,
          "y": -0.4610685110092163,
          "z": 0.37911760807037354
        },
        "tail": {
          "x": 0.412971556186676,
          "y": -0.4764821529388428,
          "z": 0.35414382815361023
        }
      },
      "world_space": {
        "head": {
          "x": 0.4302158057689667,
          "y": -0.3978245258331299,
          "z": 1.3289716243743896
        },
        "tail": {
          "x": 0.412971556186676,
          "y": -0.41323816776275635,
          "z": 1.3039978742599487
        },
        "rotation_quaternion": {
          "w": 0.1263892948627472,
          "x": -0.6393996477127075,
          "y": 0.5075533986091614,
          "z": -0.5635454654693604
        },
        "matrix": [
          [
            -0.15038937330245972,
            -0.506609320640564,
            0.8489581346511841,
            0.4302158057689667
          ],
          [
            -0.7915111780166626,
            -0.452828586101532,
            -0.4104348421096802,
            -0.3978245258331299
          ],
          [
            0.5923658013343811,
            -0.7336903214454651,
            -0.33288902044296265,
            1.3289716243743896
          ],
          [
            0.0,
            0.0,
            0.0,
            1.0
          ]
        ]
      },
      "bone_length_armature_space": 0.0340387157746638,
      "parent": "metacarpal_thumb_l",
      "has_children": true,
      "is_end_bone": false
    },
    "thumb_02_l": {
      "name": "thumb_02_l",
      "local": {
        "location": {
          "x": 0.0,
          "y": 0.0,
          "z": 0.0
        },
        "rotation_quaternion": {
          "w": 0.990942120552063,
          "x": 0.13413450121879578,
          "y": -0.0023354520089924335,
          "z": -0.006014732643961906
        },
        "scale": {
          "x": 1.0,
          "y": 1.0,
          "z": 1.0
        },
        "matrix_basis": [
          [
            0.9999167323112488,
            0.011293974705040455,
            -0.006242162082344294,
            0.0
          ],
          [
            -0.012547032907605171,
            0.9639435410499573,
            -0.2658109664916992,
            0.0
          ],
          [
            0.0030150292441248894,
            0.2658671438694,
            0.9640049338340759,
            0.0
          ],
          [
            0.0,
            0.0,
            0.0,
            1.0
          ]
        ],
        "rotation_mode": "QUATERNION"
      },
      "armature_space": {
        "head": {
          "x": 0.41297152638435364,
          "y": -0.476482093334198,
          "z": 0.3541438579559326
        },
        "tail": {
          "x": 0.42725175619125366,
          "y": -0.5140218138694763,
          "z": 0.3542969822883606
        }
      },
      "world_space": {
        "head": {
          "x": 0.41297152638435364,
          "y": -0.4132381081581116,
          "z": 1.3039978742599487
        },
        "tail": {
          "x": 0.42725175619125366,
          "y": -0.4507778286933899,
          "z": 1.3041510581970215
        },
        "rotation_quaternion": {
          "w": 0.16483823955059052,
          "x": -0.39396727085113525,
          "y": -0.0741778016090393,
          "z": -0.901174783706665
        },
        "matrix": [
          [
            -0.6352362036705017,
            0.3555440902709961,
            0.6856116056442261,
            0.41297152638435364
          ],
          [
            -0.23864895105361938,
            -0.9346519112586975,
            0.2635771632194519,
            -0.4132381081581116
          ],
          [
            0.7345262765884399,
            0.0038122981786727905,
            0.6785796880722046,
            1.3039978742599487
          ],
          [
            0.0,
            0.0,
            0.0,
            1.0
          ]
        ]
      },
      "bone_length_armature_space": 0.040164400294938694,
      "parent": "thumb_01_l",
      "has_children": true,
      "is_end_bone": false
    },
    "thumb_03_l": {
      "name": "thumb_03_l",
      "local": {
        "location": {
          "x": 0.0,
          "y": 0.0,
          "z": 0.0
        },
        "rotation_quaternion": {
          "w": 0.9985374212265015,
          "x": 0.05376102030277252,
          "y": -0.004407310858368874,
          "z": 0.0036582748871296644
        },
        "scale": {
          "x": 1.0,
          "y": 1.0,
          "z": 1.0
        },
        "matrix_basis": [
          [
            0.9999343752861023,
            -0.007779731880873442,
            -0.008408384397625923,
            0.0
          ],
          [
            0.006831965874880552,
            0.9941927194595337,
            -0.10739702731370926,
            0.0
          ],
          [
            0.009195074439048767,
            0.10733253508806229,
            0.9941806793212891,
            0.0
          ],
          [
            0.0,
            0.0,
            0.0,
            1.0
          ]
        ],
        "rotation_mode": "QUATERNION"
      },
      "armature_space": {
        "head": {
          "x": 0.4272516667842865,
          "y": -0.5140218138694763,
          "z": 0.3542969822883606
        },
        "tail": {
          "x": 0.44734716415405273,
          "y": -0.5363594889640808,
          "z": 0.359205037355423
        }
      },
      "world_space": {
        "head": {
          "x": 0.4272516667842865,
          "y": -0.4507778286933899,
          "z": 1.3041510581970215
        },
        "tail": {
          "x": 0.44734716415405273,
          "y": -0.4731155037879944,
          "z": 1.3090590238571167
        },
        "rotation_quaternion": {
          "w": 0.3293839991092682,
          "x": -0.18977217376232147,
          "y": -0.15700720250606537,
          "z": -0.9115051627159119
        },
        "matrix": [
          [
            -0.7109853029251099,
            0.6600618958473206,
            0.24252445995807648,
            0.4272516667842865
          ],
          [
            -0.5408793687820435,
            -0.733709454536438,
            0.4112425446510315,
            -0.4507778286933899
          ],
          [
            0.4493905305862427,
            0.16121119260787964,
            0.8786768317222595,
            1.3041510581970215
          ],
          [
            0.0,
            0.0,
            0.0,
            1.0
          ]
        ]
      },
      "bone_length_armature_space": 0.030444863892893397,
      "parent": "thumb_02_l",
      "has_children": false,
      "is_end_bone": true
    },
    "metacarpal_index_l": {
      "name": "metacarpal_index_l",
      "local": {
        "location": {
          "x": 0.0,
          "y": 0.0,
          "z": 0.0
        },
        "rotation_quaternion": {
          "w": 0.9998558759689331,
          "x": 0.01477168407291174,
          "y": -0.0035116374492645264,
          "z": 0.007595707196742296
        },
        "scale": {
          "x": 1.0,
          "y": 1.0,
          "z": 1.0
        },
        "matrix_basis": [
          [
            0.9998599290847778,
            -0.015292970463633537,
            -0.006797859910875559,
            0.0
          ],
          [
            0.015085479244589806,
            0.9994481801986694,
            -0.02959245629608631,
            0.0
          ],
          [
            0.00724666565656662,
            0.029485763981938362,
            0.9995389580726624,
            0.0
          ],
          [
            0.0,
            0.0,
            0.0,
            1.0
          ]
        ],
        "rotation_mode": "QUATERNION"
      },
      "armature_space": {
        "head": {
          "x": 0.4500211775302887,
          "y": -0.4158910810947418,
          "z": 0.38362690806388855
        },
        "tail": {
          "x": 0.438711553812027,
          "y": -0.5324152708053589,
          "z": 0.3787873685359955
        }
      },
      "world_space": {
        "head": {
          "x": 0.4500211775302887,
          "y": -0.352647066116333,
          "z": 1.333480954170227
        },
        "tail": {
          "x": 0.438711553812027,
          "y": -0.46917128562927246,
          "z": 1.328641414642334
        },
        "rotation_quaternion": {
          "w": 0.03914385288953781,
          "x": -0.9053249955177307,
          "y": 0.035085320472717285,
          "z": 0.4214540421962738
        },
        "matrix": [
          [
            0.6422910690307617,
            -0.09652183204889297,
            -0.7603588104248047,
            0.4500211775302887
          ],
          [
            -0.030532775446772575,
            -0.9944738149642944,
            0.10044902563095093,
            -0.352647066116333
          ],
          [
            -0.7658576965332031,
            -0.0413028821349144,
            -0.6416929364204407,
            1.333480954170227
          ],
          [
            0.0,
            0.0,
            0.0,
            1.0
          ]
        ]
      },
      "bone_length_armature_space": 0.11717173547464223,
      "parent": "lowerarm_l",
      "has_children": true,
      "is_end_bone": false
    },
    "index_01_l": {
      "name": "index_01_l",
      "local": {
        "location": {
          "x": 0.0,
          "y": 0.0,
          "z": 0.0
        },
        "rotation_quaternion": {
          "w": 0.9963648915290833,
          "x": -0.08265447616577148,
          "y": -0.018137861043214798,
          "z": -0.00982161145657301
        },
        "scale": {
          "x": 1.0,
          "y": 1.0,
          "z": 1.0
        },
        "matrix_basis": [
          [
            0.9991490840911865,
            0.02257016859948635,
            -0.03452025726437569,
            0.0
          ],
          [
            -0.016573466360569,
            0.9861435294151306,
            0.16506431996822357,
            0.0
          ],
          [
            0.037767454981803894,
            -0.16435174643993378,
            0.985678493976593,
            0.0
          ],
          [
            0.0,
            0.0,
            0.0,
            1.0
          ]
        ],
        "rotation_mode": "QUATERNION"
      },
      "armature_space": {
        "head": {
          "x": 0.438711553812027,
          "y": -0.5324152708053589,
          "z": 0.3787873685359955
        },
        "tail": {
          "x": 0.4490795433521271,
          "y": -0.5587685108184814,
          "z": 0.375458687543869
        }
      },
      "world_space": {
        "head": {
          "x": 0.438711553812027,
          "y": -0.46917128562927246,
          "z": 1.328641414642334
        },
        "tail": {
          "x": 0.4490795433521271,
          "y": -0.495524525642395,
          "z": 1.3253127336502075
        },
        "rotation_quaternion": {
          "w": 0.020339692011475563,
          "x": 0.8974782228469849,
          "y": 0.19360071420669556,
          "z": -0.3957749903202057
        },
        "matrix": [
          [
            0.6117614507675171,
            0.36360567808151245,
            -0.7025231122970581,
            0.438711553812027
          ],
          [
            0.3314051926136017,
            -0.9242099523544312,
            -0.18975502252578735,
            -0.46917128562927246
          ],
          [
            -0.7182794213294983,
            -0.11673668771982193,
            -0.6859015822410583,
            1.328641414642334
          ],
          [
            0.0,
            0.0,
            0.0,
            1.0
          ]
        ]
      },
      "bone_length_armature_space": 0.02851435718280787,
      "parent": "metacarpal_index_l",
      "has_children": true,
      "is_end_bone": false
    },
    "index_02_l": {
      "name": "index_02_l",
      "local": {
        "location": {
          "x": 0.0,
          "y": 0.0,
          "z": 0.0
        },
        "rotation_quaternion": {
          "w": 0.9855313301086426,
          "x": 0.16948549449443817,
          "y": -0.0016257059760391712,
          "z": -0.0002692902344278991
        },
        "scale": {
          "x": 1.0,
          "y": 1.0,
          "z": 1.0
        },
        "matrix_basis": [
          [
            0.9999945759773254,
            -2.0279236196074635e-05,
            -0.0032956500072032213,
            0.0
          ],
          [
            -0.0010818550363183022,
            0.9425491690635681,
            -0.33406564593315125,
            0.0
          ],
          [
            0.003113086801022291,
            0.3340674042701721,
            0.9425440430641174,
            0.0
          ],
          [
            0.0,
            0.0,
            0.0,
            1.0
          ]
        ],
        "rotation_mode": "QUATERNION"
      },
      "armature_space": {
        "head": {
          "x": 0.44907933473587036,
          "y": -0.5587690472602844,
          "z": 0.37545859813690186
        },
        "tail": {
          "x": 0.45267829298973083,
          "y": -0.5827793478965759,
          "z": 0.367173433303833
        }
      },
      "world_space": {
        "head": {
          "x": 0.44907933473587036,
          "y": -0.495525062084198,
          "z": 1.325312614440918
        },
        "tail": {
          "x": 0.45267829298973083,
          "y": -0.5195353627204895,
          "z": 1.3170274496078491
        },
        "rotation_quaternion": {
          "w": 0.11284448951482773,
          "x": -0.8732767105102539,
          "y": -0.1388830840587616,
          "z": 0.4531726837158203
        },
        "matrix": [
          [
            0.5506919622421265,
            0.14029192924499512,
            -0.8228343725204468,
            0.44907933473587036
          ],
          [
            0.3448430001735687,
            -0.9359554648399353,
            0.07121115922927856,
            -0.495525062084198
          ],
          [
            -0.7601508498191833,
            -0.32296720147132874,
            -0.5638055801391602,
            1.325312614440918
          ],
          [
            0.0,
            0.0,
            0.0,
            1.0
          ]
        ]
      },
      "bone_length_armature_space": 0.025653284644761028,
      "parent": "index_01_l",
      "has_children": true,
      "is_end_bone": false
    },
    "index_03_l": {
      "name": "index_03_l",
      "local": {
        "location": {
          "x": 0.0,
          "y": 0.0,
          "z": 0.0
        },
        "rotation_quaternion": {
          "w": 0.9690207242965698,
          "x": 0.24688801169395447,
          "y": 0.004635448567569256,
          "z": 0.0048914807848632336
        },
        "scale": {
          "x": 1.0,
          "y": 1.0,
          "z": 1.0
        },
        "matrix_basis": [
          [
            0.9999091625213623,
            -0.007191019132733345,
            0.011398987844586372,
            0.0
          ],
          [
            0.01176876574754715,
            0.8780447840690613,
            -0.47843384742736816,
            0.0
          ],
          [
            -0.006568395532667637,
            0.4785245358943939,
            0.8780496716499329,
            0.0
          ],
          [
            0.0,
            0.0,
            0.0,
            1.0
          ]
        ],
        "rotation_mode": "QUATERNION"
      },
      "armature_space": {
        "head": {
          "x": 0.452678382396698,
          "y": -0.5827793478965759,
          "z": 0.36717355251312256
        },
        "tail": {
          "x": 0.4444504380226135,
          "y": -0.6031761169433594,
          "z": 0.3479379117488861
        }
      },
      "world_space": {
        "head": {
          "x": 0.452678382396698,
          "y": -0.5195353627204895,
          "z": 1.3170275688171387
        },
        "tail": {
          "x": 0.4444504380226135,
          "y": -0.539932131767273,
          "z": 1.2977919578552246
        },
        "rotation_quaternion": {
          "w": 0.3866775333881378,
          "x": -0.8076658248901367,
          "y": -0.038010623306035995,
          "z": 0.44352173805236816
        },
        "matrix": [
          [
            0.6036884188652039,
            -0.2815987467765808,
            -0.7458299398422241,
            0.452678382396698
          ],
          [
            0.4043986201286316,
            -0.6980727910995483,
            0.5908945798873901,
            -0.5195353627204895
          ],
          [
            -0.6870431303977966,
            -0.6583340167999268,
            -0.30754178762435913,
            1.3170275688171387
          ],
          [
            0.0,
            0.0,
            0.0,
            1.0
          ]
        ]
      },
      "bone_length_armature_space": 0.029218780845586604,
      "parent": "index_02_l",
      "has_children": false,
      "is_end_bone": true
    },
    "metacarpal_pinky_l": {
      "name": "metacarpal_pinky_l",
      "local": {
        "location": {
          "x": 0.0,
          "y": 0.0,
          "z": 0.0
        },
        "rotation_quaternion": {
          "w": 0.9997648000717163,
          "x": -0.01858513057231903,
          "y": 0.011148562654852867,
          "z": 0.0008405711269006133
        },
        "scale": {
          "x": 1.0,
          "y": 1.0,
          "z": 1.0
        },
        "matrix_basis": [
          [
            0.999750018119812,
            -0.002095141913741827,
            0.0222606360912323,
            0.0
          ],
          [
            0.0012663519009947777,
            0.9993077516555786,
            0.03718025982379913,
            0.0
          ],
          [
            -0.02232312597334385,
            -0.03714277595281601,
            0.9990606307983398,
            0.0
          ],
          [
            0.0,
            0.0,
            0.0,
            1.0
          ]
        ],
        "rotation_mode": "QUATERNION"
      },
      "armature_space": {
        "head": {
          "x": 0.4500211775302887,
          "y": -0.4158910810947418,
          "z": 0.38362690806388855
        },
        "tail": {
          "x": 0.5041470527648926,
          "y": -0.5031226873397827,
          "z": 0.36618363857269287
        }
      },
      "world_space": {
        "head": {
          "x": 0.4500211775302887,
          "y": -0.352647066116333,
          "z": 1.333480954170227
        },
        "tail": {
          "x": 0.5041470527648926,
          "y": -0.4398787021636963,
          "z": 1.316037654876709
        },
        "rotation_quaternion": {
          "w": 0.2692960500717163,
          "x": 0.019469693303108215,
          "y": 0.09286452829837799,
          "z": -0.9583719372749329
        },
        "matrix": [
          [
            -0.854201078414917,
            0.5197875499725342,
            0.012698139995336533,
            0.4500211775302887
          ],
          [
            -0.5125558972358704,
            -0.8377118706703186,
            -0.18848329782485962,
            -0.352647066116333
          ],
          [
            -0.08733490854501724,
            -0.16751301288604736,
            0.9820008873939514,
            1.333480954170227
          ],
          [
            0.0,
            0.0,
            0.0,
            1.0
          ]
        ]
      },
      "bone_length_armature_space": 0.10413083607938031,
      "parent": "lowerarm_l",
      "has_children": true,
      "is_end_bone": false
    },
    "pinky_01_l": {
      "name": "pinky_01_l",
      "local": {
        "location": {
          "x": 0.0,
          "y": 0.0,
          "z": 0.0
        },
        "rotation_quaternion": {
          "w": 0.9990851879119873,
          "x": 0.042105115950107574,
          "y": 0.0026295494753867388,
          "z": 0.007006553467363119
        },
        "scale": {
          "x": 1.0,
          "y": 1.0,
          "z": 1.0
        },
        "matrix_basis": [
          [
            0.999888002872467,
            -0.013778852298855782,
            0.005844311323016882,
            0.0
          ],
          [
            0.01422172226011753,
            0.9963561296463013,
            -0.08409634977579117,
            0.0
          ],
          [
            -0.004664264153689146,
            0.08417004346847534,
            0.9964404702186584,
            0.0
          ],
          [
            0.0,
            0.0,
            0.0,
            1.0
          ]
        ],
        "rotation_mode": "QUATERNION"
      },
      "armature_space": {
        "head": {
          "x": 0.5041470527648926,
          "y": -0.5031226873397827,
          "z": 0.36618363857269287
        },
