{
  "metadata": {
    "armature_name": "KIM_caucasian_male",
    "export_time": "2026-01-13T21:05:41.588130",
    "blender_version": "4.4.1",
    "bone_count": 56,
    "end_bone_count": 13,
    "spaces_included": [
      "LOCAL_CHANNELS",
      "ARMATURE_SPACE",
      "WORLD_SPACE"
    ],
    "note": "LOCAL matches Transform panel; replay pose via local.matrix_basis for best fidelity."
  },
  "bones": {
    "Root": {
      "name": "Root",
      "local": {
        "location": {
          "x": 0.0,
          "y": 0.0,
          "z": 0.0
        },
        "rotation_quaternion": {
          "w": 0.9998085498809814,
          "x": 0.018604906275868416,
          "y": -0.0032367175444960594,
          "z": -0.0051276059821248055
        },
        "scale": {
          "x": 1.0,
          "y": 1.0,
          "z": 1.0
        },
        "matrix_basis": [
          [
            0.9999264478683472,
            0.010132811032235622,
            -0.006662993226200342,
            0.0
          ],
          [
            -0.01037368644028902,
            0.9992551207542419,
            -0.03716949373483658,
            0.0
          ],
          [
            0.006281398702412844,
            0.03723588213324547,
            0.9992867708206177,
            0.0
          ],
          [
            0.0,
            0.0,
            0.0,
            1.0
          ]
        ],
        "rotation_mode": "QUATERNION"
      },
      "armature_space": {
        "head": {
          "x": 0.0,
          "y": 0.07072800397872925,
          "z": -0.009595036506652832
        },
        "tail": {
          "x": 0.0007232382195070386,
          "y": -0.00030459463596343994,
          "z": -0.002640785649418831
        }
      },
      "world_space": {
        "head": {
          "x": 0.0,
          "y": 0.13397200405597687,
          "z": 0.9402589797973633
        },
        "tail": {
          "x": 0.0007232382195070386,
          "y": 0.06293940544128418,
          "z": 0.9472132325172424
        },
        "rotation_quaternion": {
          "w": 0.048792120069265366,
          "x": 0.9987905621528625,
          "y": 0.004897906444966793,
          "z": -0.0035747999791055918
        },
        "matrix": [
          [
            0.9999264478683472,
            0.010132811032235622,
            -0.006662993226200342,
            0.0
          ],
          [
            0.009435119107365608,
            -0.9951906204223633,
            -0.0975017100572586,
            0.13397200405597687
          ],
          [
            -0.0076189590618014336,
            0.09743139892816544,
            -0.9952201247215271,
            0.9402589797973633
          ],
          [
            0.0,
            0.0,
            0.0,
            1.0
          ]
        ]
      },
      "bone_length_armature_space": 0.07137586929208027,
      "parent": null,
      "has_children": true,
      "is_end_bone": false
    },
    "spine_01": {
      "name": "spine_01",
      "local": {
        "location": {
          "x": 0.0,
          "y": 0.0,
          "z": 0.0
        },
        "rotation_quaternion": {
          "w": 0.9977587461471558,
          "x": -0.040810223668813705,
          "y": 0.036293525248765945,
          "z": -0.038664091378450394
        },
        "scale": {
          "x": 1.0,
          "y": 1.0,
          "z": 1.0
        },
        "matrix_basis": [
          [
            0.9943757653236389,
            0.074192576110363,
            0.07558014243841171,
            0.0
          ],
          [
            -0.08011716604232788,
            0.9936792254447937,
            0.07863100618124008,
            0.0
          ],
          [
            -0.06926858425140381,
            -0.0842440277338028,
            0.9940345883369446,
            0.0
          ],
          [
            0.0,
            0.0,
            0.0,
            1.0
          ]
        ],
        "rotation_mode": "QUATERNION"
      },
      "armature_space": {
        "head": {
          "x": 0.0007232382195070386,
          "y": -0.00030459463596343994,
          "z": -0.002640785649418831
        },
        "tail": {
          "x": 0.04018649831414223,
          "y": 0.0457889586687088,
          "z": 0.48157668113708496
        }
      },
      "world_space": {
        "head": {
          "x": 0.0007232382195070386,
          "y": 0.06293940544128418,
          "z": 0.9472132325172424
        },
        "tail": {
          "x": 0.04018649831414223,
          "y": 0.10903295874595642,
          "z": 1.431430697441101
        },
        "rotation_quaternion": {
          "w": 0.7373927235603333,
          "x": 0.6728836297988892,
          "y": 0.05897926166653633,
          "z": -0.0010135549819096923
        },
        "matrix": [
          [
            0.993040919303894,
            0.08086713403463364,
            0.08561723679304123,
            0.0007232382195070386
          ],
          [
            0.07787702977657318,
            0.09445376694202423,
            -0.9924785494804382,
            0.06293940544128418
          ],
          [
            -0.08834630995988846,
            0.9922463893890381,
            0.08749845623970032,
            0.9472132325172424
          ],
          [
            0.0,
            0.0,
            0.0,
            1.0
          ]
        ]
      },
      "bone_length_armature_space": 0.4880046283843927,
      "parent": "Root",
      "has_children": true,
      "is_end_bone": false
    },
    "neck_01": {
      "name": "neck_01",
      "local": {
        "location": {
          "x": 0.0,
          "y": 0.0,
          "z": 0.0
        },
        "rotation_quaternion": {
          "w": 0.9984831809997559,
          "x": -0.024951506406068802,
          "y": 0.02610473893582821,
          "z": 0.04156272113323212
        },
        "scale": {
          "x": 1.0,
          "y": 1.0,
          "z": 1.0
        },
        "matrix_basis": [
          [
            0.9951821565628052,
            -0.08430206030607224,
            0.050056181848049164,
            0.0
          ],
          [
            0.08169665187597275,
            0.9952999353408813,
            0.05199728533625603,
            0.0
          ],
          [
            -0.054204389452934265,
            -0.047657351940870285,
            0.997391939163208,
            0.0
          ],
          [
            0.0,
            0.0,
            0.0,
            1.0
          ]
        ],
        "rotation_mode": "QUATERNION"
      },
      "armature_space": {
        "head": {
          "x": 0.049076709896326065,
          "y": 0.018285125494003296,
          "z": 0.5572618842124939
        },
        "tail": {
          "x": 0.05121691897511482,
          "y": -0.007269907742738724,
          "z": 0.6565247774124146
        }
      },
      "world_space": {
        "head": {
          "x": 0.049076709896326065,
          "y": 0.08152912557125092,
          "z": 1.5071158409118652
        },
        "tail": {
          "x": 0.05121691897511482,
          "y": 0.055974092334508896,
          "z": 1.6063787937164307
        },
        "rotation_quaternion": {
          "w": 0.6113970875740051,
          "x": 0.78960782289505,
          "y": 0.03950467333197594,
          "z": 0.0339474156498909
        },
        "matrix": [
          [
            0.9945739507675171,
            0.020875755697488785,
            0.10191641747951508,
            0.049076709896326065
          ],
          [
            0.10389716923236847,
            -0.24926550686359406,
            -0.9628459811210632,
            0.08152912557125092
          ],
          [
            0.005304243415594101,
            0.9682166576385498,
            -0.2500845193862915,
            1.5071158409118652
          ],
          [
            0.0,
            0.0,
            0.0,
            1.0
          ]
        ]
      },
      "bone_length_armature_space": 0.10252200771162935,
      "parent": "spine_01",
      "has_children": true,
      "is_end_bone": false
    },
    "head": {
      "name": "head",
      "local": {
        "location": {
          "x": 0.0,
          "y": 0.0,
          "z": 0.0
        },
        "rotation_quaternion": {
          "w": 0.9831511974334717,
          "x": 0.08965704590082169,
          "y": 0.053408849984407425,
          "z": 0.15007637441158295
        },
        "scale": {
          "x": 1.0,
          "y": 1.0,
          "z": 1.0
        },
        "matrix_basis": [
          [
            0.9492491483688354,
            -0.2855185866355896,
            0.13192875683307648,
            0.0
          ],
          [
            0.3046724796295166,
            0.9388774037361145,
            -0.16026204824447632,
            0.0
          ],
          [
            -0.07810714095830917,
            0.19232366979122162,
            0.9782181978225708,
            0.0
          ],
          [
            0.0,
            0.0,
            0.0,
            1.0
          ]
        ],
        "rotation_mode": "QUATERNION"
      },
      "armature_space": {
        "head": {
          "x": 0.051216933876276016,
          "y": -0.007270039990544319,
          "z": 0.6565245985984802
        },
        "tail": {
          "x": 0.007511269301176071,
          "y": -0.024384144693613052,
          "z": 0.8043427467346191
        }
      },
      "world_space": {
        "head": {
          "x": 0.051216933876276016,
          "y": 0.05597396194934845,
          "z": 1.6063785552978516
        },
        "tail": {
          "x": 0.007511269301176071,
          "y": 0.03885985538363457,
          "z": 1.7541967630386353
        },
        "rotation_quaternion": {
          "w": 0.6664661169052124,
          "x": 0.7220661640167236,
          "y": -0.025461189448833466,
          "z": 0.18383432924747467
        },
        "matrix": [
          [
            0.9311137795448303,
            -0.2818080186843872,
            0.23154142498970032,
            0.051216933876276016
          ],
          [
            0.2082676887512207,
            -0.11034935712814331,
            -0.9718271493911743,
            0.05597396194934845
          ],
          [
            0.2994213402271271,
            0.9531106352806091,
            -0.04405754804611206,
            1.6063785552978516
          ],
          [
            0.0,
            0.0,
            0.0,
            1.0
          ]
        ]
      },
      "bone_length_armature_space": 0.155091204635165,
      "parent": "neck_01",
      "has_children": false,
      "is_end_bone": true
    },
    "upperarm_l": {
      "name": "upperarm_l",
      "local": {
        "location": {
          "x": 0.0,
          "y": 0.0,
          "z": 0.0
        },
        "rotation_quaternion": {
          "w": 0.7910352945327759,
          "x": 0.5713747143745422,
          "y": 0.19349348545074463,
          "z": -0.10175753384828568
        },
        "scale": {
          "x": 1.0,
          "y": 1.0,
          "z": 1.0
        },
        "matrix_basis": [
          [
            0.9044113755226135,
            0.3821021616458893,
            0.1898369938135147,
            0.0
          ],
          [
            0.06012696772813797,
            0.32635268568992615,
            -0.9433339834213257,
            0.0
          ],
          [
            -0.4224037230014801,
            0.8645762801170349,
            0.2721824049949646,
            0.0
          ],
          [
            0.0,
            0.0,
            0.0,
            1.0
          ]
        ],
        "rotation_mode": "QUATERNION"
      },
      "armature_space": {
        "head": {
          "x": 0.19287100434303284,
          "y": 0.020453516393899918,
          "z": 0.47760236263275146
        },
        "tail": {
          "x": 0.29659968614578247,
          "y": -0.20648466050624847,
          "z": 0.37989237904548645
        }
      },
      "world_space": {
        "head": {
          "x": 0.19287100434303284,
          "y": 0.08369751274585724,
          "z": 1.4274563789367676
        },
        "tail": {
          "x": 0.29659968614578247,
          "y": -0.14324066042900085,
          "z": 1.3297463655471802
        },
        "rotation_quaternion": {
          "w": 0.009950409643352032,
          "x": 0.6753430962562561,
          "y": 0.27651429176330566,
          "z": -0.6836318969726562
        },
        "matrix": [
          [
            -0.08762578666210175,
            0.3870915174484253,
            -0.9178683757781982,
            0.19287100434303284
          ],
          [
            0.3598790168762207,
            -0.8468808531761169,
            -0.3915104269981384,
            0.08369751274585724
          ],
          [
            -0.9288812279701233,
            -0.36463111639022827,
            -0.06509831547737122,
            1.4274563789367676
          ],
          [
            0.0,
            0.0,
            0.0,
            1.0
          ]
        ]
      },
      "bone_length_armature_space": 0.2679698036968323,
      "parent": "spine_01",
      "has_children": true,
      "is_end_bone": false
    },
    "lowerarm_l": {
      "name": "lowerarm_l",
      "local": {
        "location": {
          "x": 0.0,
          "y": 0.0,
          "z": 0.0
        },
        "rotation_quaternion": {
          "w": 0.9632996320724487,
          "x": 0.25796791911125183,
          "y": 0.050130218267440796,
          "z": -0.0547119602560997
        },
        "scale": {
          "x": 1.0,
          "y": 1.0,
          "z": 1.0
        },
        "matrix_basis": [
          [
            0.988987147808075,
            0.13127200305461884,
            0.06835298240184784,
            0.0
          ],
          [
            -0.07954404503107071,
            0.8609182834625244,
            -0.5024862289428711,
            0.0
          ],
          [
            -0.12480870634317398,
            0.4915153682231903,
            0.8618790507316589,
            0.0
          ],
          [
            0.0,
            0.0,
            0.0,
            1.0
          ]
        ],
        "rotation_mode": "QUATERNION"
      },
      "armature_space": {
        "head": {
          "x": 0.29659968614578247,
          "y": -0.20648479461669922,
          "z": 0.3798924386501312
        },
        "tail": {
          "x": 0.2316194474697113,
          "y": -0.45033568143844604,
          "z": 0.29110151529312134
        }
      },
      "world_space": {
        "head": {
          "x": 0.29659968614578247,
          "y": -0.1432407945394516,
          "z": 1.3297464847564697
        },
        "tail": {
          "x": 0.2316194474697113,
          "y": -0.3870916962623596,
          "z": 1.2409555912017822
        },
        "rotation_quaternion": {
          "w": 0.20492404699325562,
          "x": -0.6383451223373413,
          "y": -0.047451604157686234,
          "z": 0.7404525876045227
        },
        "matrix": [
          [
            -0.10104330629110336,
            -0.24289453029632568,
            -0.9647761583328247,
            0.29659968614578247
          ],
          [
            0.36405402421951294,
            -0.9115086793899536,
            0.1913554072380066,
            -0.1432407945394516
          ],
          [
            -0.9258868098258972,
            -0.33189836144447327,
            0.1805298924446106,
            1.3297464847564697
          ],
          [
            0.0,
            0.0,
            0.0,
            1.0
          ]
        ]
      },
      "bone_length_armature_space": 0.2675247922359004,
      "parent": "upperarm_l",
      "has_children": true,
      "is_end_bone": false
    },
    "metacarpal_thumb_l": {
      "name": "metacarpal_thumb_l",
      "local": {
        "location": {
          "x": 0.0,
          "y": 0.0,
          "z": 0.0
        },
        "rotation_quaternion": {
          "w": 0.9987649917602539,
          "x": -0.04828895628452301,
          "y": 0.0012282348470762372,
          "z": 0.011633929796516895
        },
        "scale": {
          "x": 1.0,
          "y": 1.0,
          "z": 1.0
        },
        "matrix_basis": [
          [
            0.9997262954711914,
            -0.02335774339735508,
            0.0013298552948981524,
            0.0
          ],
          [
            0.02312050387263298,
            0.9950656294822693,
            0.09648721665143967,
            0.0
          ],
          [
            -0.0035770165268331766,
            -0.09643006324768066,
            0.9953333139419556,
            0.0
          ],
          [
            0.0,
            0.0,
            0.0,
            1.0
          ]
        ],
        "rotation_mode": "QUATERNION"
      },
      "armature_space": {
        "head": {
          "x": 0.2316194474697113,
          "y": -0.45033568143844604,
          "z": 0.29110151529312134
        },
        "tail": {
          "x": 0.1926025003194809,
          "y": -0.47862958908081055,
          "z": 0.27966827154159546
        }
      },
      "world_space": {
        "head": {
          "x": 0.2316194474697113,
          "y": -0.3870916962623596,
          "z": 1.2409555912017822
        },
        "tail": {
          "x": 0.1926025003194809,
          "y": -0.4153856039047241,
          "z": 1.2295222282409668
        },
        "rotation_quaternion": {
          "w": 0.19818787276744843,
          "x": -0.8754059076309204,
          "y": 0.4184715151786804,
          "z": 0.13880862295627594
        },
        "matrix": [
          [
            0.6112275719642639,
            -0.7876853942871094,
            -0.07715442031621933,
            0.2316194474697113
          ],
          [
            -0.677645206451416,
            -0.5712058544158936,
            0.46316421031951904,
            -0.3870916962623596
          ],
          [
            -0.40890198945999146,
            -0.23081734776496887,
            -0.8829135298728943,
            1.2409555912017822
          ],
          [
            0.0,
            0.0,
            0.0,
            1.0
          ]
        ]
      },
      "bone_length_armature_space": 0.04953369020152463,
      "parent": "lowerarm_l",
      "has_children": true,
      "is_end_bone": false
    },
    "thumb_01_l": {
      "name": "thumb_01_l",
      "local": {
        "location": {
          "x": 0.0,
          "y": 0.0,
          "z": 0.0
        },
        "rotation_quaternion": {
          "w": 0.9970412254333496,
          "x": -0.07359719276428223,
          "y": 0.017732078209519386,
          "z": 0.013335651718080044
        },
        "scale": {
          "x": 1.0,
          "y": 1.0,
          "z": 1.0
        },
        "matrix_basis": [
          [
            0.9990154504776001,
            -0.029202451929450035,
            0.033396292477846146,
            0.0
          ],
          [
            0.023982327431440353,
            0.9888112545013428,
            0.1472318023443222,
            0.0
          ],
          [
            -0.037322159856557846,
            -0.14628593623638153,
            0.9885380268096924,
            0.0
          ],
          [
            0.0,
            0.0,
            0.0,
            1.0
          ]
        ],
        "rotation_mode": "QUATERNION"
      },
      "armature_space": {
        "head": {
          "x": 0.1926025003194809,
          "y": -0.47862958908081055,
          "z": 0.27966827154159546
        },
        "tail": {
          "x": 0.16856203973293304,
          "y": -0.4728908836841583,
          "z": 0.2562640905380249
        }
      },
      "world_space": {
        "head": {
          "x": 0.1926025003194809,
          "y": -0.4153856039047241,
          "z": 1.2295222282409668
        },
        "tail": {
          "x": 0.16856203973293304,
          "y": -0.4096468687057495,
          "z": 1.206118106842041
        },
        "rotation_quaternion": {
          "w": 0.0009554165881127119,
          "x": 0.46141865849494934,
          "y": -0.764393150806427,
          "z": 0.45032787322998047
        },
        "matrix": [
          [
            -0.5741820931434631,
            -0.7062711119651794,
            0.41412103176116943,
            0.1926025003194809
          ],
          [
            -0.7045518755912781,
            0.16859391331672668,
            -0.689335286617279,
            -0.4153856039047241
          ],
          [
            0.41704148054122925,
            -0.6875782012939453,
            -0.5944127440452576,
            1.2295222282409668
          ],
          [
            0.0,
            0.0,
            0.0,
            1.0
          ]
        ]
      },
      "bone_length_armature_space": 0.03403868643672933,
      "parent": "metacarpal_thumb_l",
      "has_children": true,
      "is_end_bone": false
    },
    "thumb_02_l": {
      "name": "thumb_02_l",
      "local": {
        "location": {
          "x": 0.0,
          "y": 0.0,
          "z": 0.0
        },
        "rotation_quaternion": {
          "w": 0.997296929359436,
          "x": 0.07329811900854111,
          "y": 0.005123643670231104,
          "z": 0.00037599221104756
        },
        "scale": {
          "x": 1.0,
          "y": 1.0,
          "z": 1.0
        },
        "matrix_basis": [
          [
            0.999947190284729,
            1.1551319403224625e-06,
            0.010274707339704037,
            0.0
          ],
          [
            0.0015010586939752102,
            0.9892544746398926,
            -0.1461961269378662,
            0.0
          ],
          [
            -0.010164469480514526,
            0.14620383083820343,
            0.9892022609710693,
            0.0
          ],
          [
            0.0,
            0.0,
            0.0,
            1.0
          ]
        ],
        "rotation_mode": "QUATERNION"
      },
      "armature_space": {
        "head": {
          "x": 0.16856205463409424,
          "y": -0.47289085388183594,
          "z": 0.2562641203403473
        },
        "tail": {
          "x": 0.15404097735881805,
          "y": -0.5074425935745239,
          "z": 0.2418246865272522
        }
      },
      "world_space": {
        "head": {
          "x": 0.16856205463409424,
          "y": -0.4096468687057495,
          "z": 1.206118106842041
        },
        "tail": {
          "x": 0.15404097735881805,
          "y": -0.4441986083984375,
          "z": 1.191678762435913
        },
        "rotation_quaternion": {
          "w": 0.08811814337968826,
          "x": 0.4180646538734436,
          "y": -0.24921143054962158,
          "z": 0.8691092133522034
        },
        "matrix": [
          [
            -0.6349148750305176,
            -0.3615410029888153,
            0.6827675104141235,
            0.16856205463409424
          ],
          [
            -0.05520358681678772,
            -0.8602584004402161,
            -0.5068613290786743,
            -0.4096468687057495
          ],
          [
            0.7706126570701599,
            -0.35950806736946106,
            0.5262354612350464,
            1.206118106842041
          ],
          [
            0.0,
            0.0,
            0.0,
            1.0
          ]
        ]
      },
      "bone_length_armature_space": 0.04016443267269126,
      "parent": "thumb_01_l",
      "has_children": true,
      "is_end_bone": false
    },
    "thumb_03_l": {
      "name": "thumb_03_l",
      "local": {
        "location": {
          "x": 0.0,
          "y": 0.0,
          "z": 0.0
        },
        "rotation_quaternion": {
          "w": 0.9953902363777161,
          "x": 0.0958031415939331,
          "y": -0.0041474150493741035,
          "z": -0.0016675617080181837
        },
        "scale": {
          "x": 1.0,
          "y": 1.0,
          "z": 1.0
        },
        "matrix_basis": [
          [
            0.9999600648880005,
            0.002525078598409891,
            -0.008576108142733574,
            0.0
          ],
          [
            -0.004114420153200626,
            0.9816379547119141,
            -0.190709188580513,
            0.0
          ],
          [
            0.007937077432870865,
            0.19073686003684998,
            0.9816091060638428,
            0.0
          ],
          [
            0.0,
            0.0,
            0.0,
            1.0
          ]
        ],
        "rotation_mode": "QUATERNION"
      },
      "armature_space": {
        "head": {
          "x": 0.15404091775417328,
          "y": -0.5074425339698792,
          "z": 0.24182471632957458
        },
        "tail": {
          "x": 0.1548541784286499,
          "y": -0.5375064015388489,
          "z": 0.23709256947040558
        }
      },
      "world_space": {
        "head": {
          "x": 0.15404091775417328,
          "y": -0.4441985487937927,
          "z": 1.191678762435913
        },
        "tail": {
          "x": 0.1548541784286499,
          "y": -0.47426241636276245,
          "z": 1.1869466304779053
        },
        "rotation_quaternion": {
          "w": 0.031029921025037766,
          "x": -0.23007944226264954,
          "y": 0.07276313006877899,
          "z": -0.9699516296386719
        },
        "matrix": [
          [
            -0.8922013640403748,
            0.026712745428085327,
            0.4508475661277771,
            0.15404091775417328
          ],
          [
            -0.09367749094963074,
            -0.9874856472015381,
            -0.1268741935491562,
            -0.4441985487937927
          ],
          [
            0.4418191611766815,
            -0.15543338656425476,
            0.8835440278053284,
            1.191678762435913
          ],
          [
            0.0,
            0.0,
            0.0,
            1.0
          ]
        ]
      },
      "bone_length_armature_space": 0.030444880819028203,
      "parent": "thumb_02_l",
      "has_children": false,
      "is_end_bone": true
    },
    "metacarpal_index_l": {
      "name": "metacarpal_index_l",
      "local": {
        "location": {
          "x": 0.0,
          "y": 0.0,
          "z": 0.0
        },
        "rotation_quaternion": {
          "w": 0.9991915225982666,
          "x": -0.03732221946120262,
          "y": 0.007348352577537298,
          "z": 0.01301559153944254
        },
        "scale": {
          "x": 1.0,
          "y": 1.0,
          "z": 1.0
        },
        "matrix_basis": [
          [
            0.9995532035827637,
            -0.0265586506575346,
            0.013713281601667404,
            0.0
          ],
          [
            0.025461623445153236,
            0.9968752861022949,
            0.07477537542581558,
            0.0
          ],
          [
            -0.0156563650816679,
            -0.07439280301332474,
            0.99710613489151,
            0.0
          ],
          [
            0.0,
            0.0,
            0.0,
            1.0
          ]
        ],
        "rotation_mode": "QUATERNION"
      },
      "armature_space": {
        "head": {
          "x": 0.2316194474697113,
          "y": -0.45033568143844604,
          "z": 0.29110151529312134
        },
        "tail": {
          "x": 0.17248910665512085,
          "y": -0.5473977327346802,
          "z": 0.26260945200920105
        }
      },
      "world_space": {
        "head": {
          "x": 0.2316194474697113,
          "y": -0.3870916962623596,
          "z": 1.2409555912017822
        },
        "tail": {
          "x": 0.17248910665512085,
          "y": -0.48415374755859375,
          "z": 1.2124634981155396
        },
        "rotation_quaternion": {
          "w": 0.2217835783958435,
          "x": -0.8769487738609314,
          "y": 0.1913766711950302,
          "z": 0.380982905626297
        },
        "matrix": [
          [
            0.6364544630050659,
            -0.5046468377113342,
            -0.5833162665367126,
            0.2316194474697113
          ],
          [
            -0.16666437685489655,
            -0.8283742070198059,
            0.5348078012466431,
            -0.3870916962623596
          ],
          [
            -0.7530983686447144,
            -0.2431650310754776,
            -0.6113327145576477,
            1.2409555912017822
          ],
          [
            0.0,
            0.0,
            0.0,
            1.0
          ]
        ]
      },
      "bone_length_armature_space": 0.11717182740074954,
      "parent": "lowerarm_l",
      "has_children": true,
      "is_end_bone": false
    },
    "index_01_l": {
      "name": "index_01_l",
      "local": {
        "location": {
          "x": 0.0,
          "y": 0.0,
          "z": 0.0
        },
        "rotation_quaternion": {
          "w": 0.9947022199630737,
          "x": -0.1017199456691742,
          "y": -0.013930216431617737,
          "z": 0.005144596099853516
        },
        "scale": {
          "x": 1.0,
          "y": 1.0,
          "z": 1.0
        },
        "matrix_basis": [
          [
            0.9995589852333069,
            -0.007400720380246639,
            -0.02875944972038269,
            0.0
          ],
          [
            0.01306864432990551,
            0.9792531728744507,
            0.20221878588199615,
            0.0
          ],
          [
            0.026666218414902687,
            -0.2025054395198822,
            0.9789180159568787,
            0.0
          ],
          [
            0.0,
            0.0,
            0.0,
            1.0
          ]
        ],
        "rotation_mode": "QUATERNION"
      },
      "armature_space": {
        "head": {
          "x": 0.17248910665512085,
          "y": -0.5473977327346802,
          "z": 0.26260945200920105
        },
        "tail": {
          "x": 0.17099379003047943,
          "y": -0.5749397277832031,
          "z": 0.25537946820259094
        }
      },
      "world_space": {
        "head": {
          "x": 0.17248910665512085,
          "y": -0.48415374755859375,
          "z": 1.2124634981155396
        },
        "tail": {
          "x": 0.17099379003047943,
          "y": -0.5116957426071167,
          "z": 1.2052334547042847
        },
        "rotation_quaternion": {
          "w": 0.12906312942504883,
          "x": -0.9291253089904785,
          "y": -0.0198333952575922,
          "z": 0.3459415137767792
        },
        "matrix": [
          [
            0.7598626613616943,
            -0.05244072526693344,
            -0.6479656100273132,
            0.17248910665512085
          ],
          [
            0.126151904463768,
            -0.9658990502357483,
            0.22610841691493988,
            -0.48415374755859375
          ],
          [
            -0.6377308368682861,
            -0.25355592370033264,
            -0.7273396849632263,
            1.2124634981155396
          ],
          [
            0.0,
            0.0,
            0.0,
            1.0
          ]
        ]
      },
      "bone_length_armature_space": 0.028514384406053778,
      "parent": "metacarpal_index_l",
      "has_children": true,
      "is_end_bone": false
    },
    "index_02_l": {
      "name": "index_02_l",
      "local": {
        "location": {
          "x": 0.0,
          "y": 0.0,
          "z": 0.0
        },
        "rotation_quaternion": {
          "w": 0.9989575147628784,
          "x": 0.04548674076795578,
          "y": -0.00362603971734643,
          "z": 0.0013669868931174278
        },
        "scale": {
          "x": 1.0,
          "y": 1.0,
          "z": 1.0
        },
        "matrix_basis": [
          [
            0.9999699592590332,
            -0.0030609972309321165,
            -0.007120159920305014,
            0.0
          ],
          [
            0.0024012501817196608,
            0.9958581924438477,
            -0.09088855981826782,
            0.0
          ],
          [
            0.007368878927081823,
            0.09086872637271881,
            0.9958356022834778,
            0.0
          ],
          [
            0.0,
            0.0,
            0.0,
            1.0
          ]
        ],
        "rotation_mode": "QUATERNION"
      },
      "armature_space": {
        "head": {
          "x": 0.1709933876991272,
          "y": -0.5749400854110718,
          "z": 0.2553792893886566
        },
        "tail": {
          "x": 0.1691490113735199,
          "y": -0.5992775559425354,
          "z": 0.24748143553733826
        }
      },
      "world_space": {
        "head": {
          "x": 0.1709933876991272,
          "y": -0.5116961002349854,
          "z": 1.2052333354949951
        },
        "tail": {
          "x": 0.1691490113735199,
          "y": -0.536033570766449,
          "z": 1.1973354816436768
        },
        "rotation_quaternion": {
          "w": 0.1579793095588684,
          "x": -0.9114798307418823,
          "y": -0.026230640709400177,
          "z": 0.3788917064666748
        },
        "matrix": [
          [
            0.7115063667297363,
            -0.07189609110355377,
            -0.6989923119544983,
            0.1709933876991272
          ],
          [
            0.16753143072128296,
            -0.9487093687057495,
            0.26811182498931885,
            -0.5116961002349854
          ],
          [
            -0.6824212670326233,
            -0.3078692853450775,
            -0.662972092628479,
            1.2052333354949951
          ],
          [
            0.0,
            0.0,
            0.0,
            1.0
          ]
        ]
      },
      "bone_length_armature_space": 0.025653270786931803,
      "parent": "index_01_l",
      "has_children": true,
      "is_end_bone": false
    },
    "index_03_l": {
      "name": "index_03_l",
      "local": {
        "location": {
          "x": 0.0,
          "y": 0.0,
          "z": 0.0
        },
        "rotation_quaternion": {
          "w": 0.9998658895492554,
          "x": 0.012828579172492027,
          "y": -0.008668961934745312,
          "z": -0.005352783482521772
        },
        "scale": {
          "x": 1.0,
          "y": 1.0,
          "z": 1.0
        },
        "matrix_basis": [
          [
            0.9997923970222473,
            0.01048171054571867,
            -0.01747293584048748,
            0.0
          ],
          [
            -0.01092655211687088,
            0.9996135234832764,
            -0.025560911744832993,
            0.0
          ],
          [
            0.017198260873556137,
            0.025746524333953857,
            0.9995205402374268,
            0.0
          ],
          [
            0.0,
            0.0,
            0.0,
            1.0
          ]
        ],
        "rotation_mode": "QUATERNION"
      },
      "armature_space": {
        "head": {
          "x": 0.16914910078048706,
          "y": -0.5992776155471802,
          "z": 0.2474815547466278
        },
        "tail": {
          "x": 0.16690710186958313,
          "y": -0.6252856254577637,
          "z": 0.2343556135892868
        }
      },
      "world_space": {
        "head": {
          "x": 0.16914910078048706,
          "y": -0.5360336303710938,
          "z": 1.1973356008529663
        },
        "tail": {
          "x": 0.16690710186958313,
          "y": -0.5620416402816772,
          "z": 1.1842095851898193
        },
        "rotation_quaternion": {
          "w": 0.22992034256458282,
          "x": -0.9081218838691711,
          "y": -0.045593034476041794,
          "z": 0.3469477593898773
        },
        "matrix": [
          [
            0.7550976276397705,
            -0.07673186808824539,
            -0.6511069536209106,
            0.16914910078048706
          ],
          [
            0.24234852194786072,
            -0.8901163935661316,
            0.38595351576805115,
            -0.5360336303710938
          ],
          [
            -0.6091799736022949,
            -0.44923120737075806,
            -0.6535329818725586,
            1.1973356008529663
          ],
          [
            0.0,
            0.0,
            0.0,
            1.0
          ]
        ]
      },
      "bone_length_armature_space": 0.029218717346318188,
      "parent": "index_02_l",
      "has_children": false,
      "is_end_bone": true
    },
    "metacarpal_pinky_l": {
      "name": "metacarpal_pinky_l",
      "local": {
        "location": {
          "x": 0.0,
          "y": 0.0,
          "z": 0.0
        },
        "rotation_quaternion": {
          "w": 0.9987857341766357,
          "x": -0.04630952328443527,
          "y": -0.014082455076277256,
          "z": 0.009181764908134937
        },
        "scale": {
          "x": 1.0,
          "y": 1.0,
          "z": 1.0
        },
        "matrix_basis": [
          [
            0.999434769153595,
            -0.017036927863955498,
            -0.02898111753165722,
            0.0
          ],
          [
            0.019645534455776215,
            0.9955422282218933,
            0.09224797785282135,
            0.0
          ],
          [
            0.027280304580926895,
            -0.0927651897072792,
            0.9953142404556274,
            0.0
          ],
          [
            0.0,
            0.0,
            0.0,
            1.0
          ]
        ],
        "rotation_mode": "QUATERNION"
      },
      "armature_space": {
        "head": {
          "x": 0.2316194474697113,
          "y": -0.45033568143844604,
          "z": 0.29110151529312134
        },
        "tail": {
          "x": 0.24132287502288818,
          "y": -0.5425232648849487,
          "z": 0.24366161227226257
        }
      },
      "world_space": {
        "head": {
          "x": 0.2316194474697113,
          "y": -0.3870916962623596,
          "z": 1.2409555912017822
        },
        "tail": {
          "x": 0.24132287502288818,
          "y": -0.4792792797088623,
          "z": 1.193515658378601
        },
        "rotation_quaternion": {
          "w": 0.02937648631632328,
          "x": 0.07640743255615234,
          "y": 0.2376638799905777,
          "z": -0.9678919315338135
        },
        "matrix": [
          [
            -0.9865981340408325,
            0.09318504482507706,
            -0.13394466042518616,
            0.2316194474697113
          ],
          [
            -0.020548183470964432,
            -0.8853061199188232,
            -0.4645547568798065,
            -0.3870916962623596
          ],
          [
            -0.16187261044979095,
            -0.4555801749229431,
            0.8753615617752075,
            1.2409555912017822
          ],
          [
            0.0,
            0.0,
            0.0,
            1.0
          ]
        ]
      },
      "bone_length_armature_space": 0.10413093390185306,
      "parent": "lowerarm_l",
      "has_children": true,
      "is_end_bone": false
    },
    "pinky_01_l": {
      "name": "pinky_01_l",
      "local": {
        "location": {
          "x": 0.0,
          "y": 0.0,
          "z": 0.0
        },
        "rotation_quaternion": {
          "w": 0.9978998303413391,
          "x": -0.06330621987581253,
          "y": -0.013705521821975708,
          "z": -0.0006576611194759607
        },
        "scale": {
          "x": 1.0,
          "y": 1.0,
          "z": 1.0
        },
        "matrix_basis": [
          [
            0.9996234774589539,
            0.0030478492844849825,
            -0.027270207181572914,
            0.0
          ],
          [
            0.00042272970313206315,
            0.9919837713241577,
            0.1263645589351654,
            0.0
          ],
          [
            0.027436744421720505,
            -0.1263284981250763,
            0.9916089773178101,
            0.0
          ],
          [
            0.0,
            0.0,
            0.0,
            1.0
          ]
        ],
        "rotation_mode": "QUATERNION"
      },
      "armature_space": {
        "head": {
          "x": 0.24132287502288818,
          "y": -0.5425232648849487,
