{
  "metadata": {
    "armature_name": "KIM_caucasian_male",
    "export_time": "2026-01-13T19:11:37.318206",
    "blender_version": "4.4.1",
    "bone_count": 56,
    "end_bone_count": 13,
    "spaces_included": [
      "LOCAL_CHANNELS",
      "ARMATURE_SPACE",
      "WORLD_SPACE"
    ],
    "note": "LOCAL matches Transform panel; replay pose via local.matrix_basis for best fidelity."
  },
  "bones": {
    "Root": {
      "name": "Root",
      "local": {
        "location": {
          "x": 0.0,
          "y": 0.0,
          "z": 0.0
        },
        "rotation_quaternion": {
          "w": 0.9998116493225098,
          "x": 0.013735922984778881,
          "y": 0.008532393723726273,
          "z": 0.010740128345787525
        },
        "scale": {
          "x": 1.0,
          "y": 1.0,
          "z": 1.0
        },
        "matrix_basis": [
          [
            0.999623715877533,
            -0.02124181017279625,
            0.017356624826788902,
            0.0
          ],
          [
            0.021710611879825592,
            0.9993919730186462,
            -0.02728339284658432,
            0.0
          ],
          [
            -0.016766522079706192,
            0.027649950236082077,
            0.9994770288467407,
            0.0
          ],
          [
            0.0,
            0.0,
            0.0,
            1.0
          ]
        ],
        "rotation_mode": "QUATERNION"
      },
      "armature_space": {
        "head": {
          "x": 0.0,
          "y": 0.07072800397872925,
          "z": -0.009595036506652832
        },
        "tail": {
          "x": -0.0015161526389420033,
          "y": -0.00022229552268981934,
          "z": -0.001961473375558853
        }
      },
      "world_space": {
        "head": {
          "x": 0.0,
          "y": 0.13397200405597687,
          "z": 0.9402589797973633
        },
        "tail": {
          "x": -0.0015161526389420033,
          "y": 0.0630217045545578,
          "z": 0.9478925466537476
        },
        "rotation_quaternion": {
          "w": 0.05365024134516716,
          "x": 0.9984655976295471,
          "y": -0.010140919126570225,
          "z": 0.009236549027264118
        },
        "matrix": [
          [
            0.999623715877533,
            -0.02124181017279625,
            0.017356624826788902,
            0.0
          ],
          [
            -0.019259629771113396,
            -0.9940376281738281,
            -0.10732364654541016,
            0.13397200405597687
          ],
          [
            0.019533004611730576,
            0.10694879293441772,
            -0.9940797090530396,
            0.9402589797973633
          ],
          [
            0.0,
            0.0,
            0.0,
            1.0
          ]
        ]
      },
      "bone_length_armature_space": 0.07137587269786541,
      "parent": null,
      "has_children": true,
      "is_end_bone": false
    },
    "spine_01": {
      "name": "spine_01",
      "local": {
        "location": {
          "x": 0.0,
          "y": 0.0,
          "z": 0.0
        },
        "rotation_quaternion": {
          "w": 0.9957584142684937,
          "x": 0.0671987533569336,
          "y": 0.02175910398364067,
          "z": 0.058959994465112686
        },
        "scale": {
          "x": 1.0,
          "y": 1.0,
          "z": 1.0
        },
        "matrix_basis": [
          [
            0.9921005368232727,
            -0.11449544876813889,
            0.051257699728012085,
            0.0
          ],
          [
            0.12034419178962708,
            0.9840161204338074,
            -0.13126161694526672,
            0.0
          ],
          [
            -0.03540954366326332,
            0.13639327883720398,
            0.9900217652320862,
            0.0
          ],
          [
            0.0,
            0.0,
            0.0,
            1.0
          ]
        ],
        "rotation_mode": "QUATERNION"
      },
      "armature_space": {
        "head": {
          "x": -0.0015161526389420033,
          "y": -0.00022229552268981934,
          "z": -0.001961473375558853
        },
        "tail": {
          "x": -0.0678754672408104,
          "y": -0.05633508414030075,
          "z": 0.4782429039478302
        }
      },
      "world_space": {
        "head": {
          "x": -0.0015161526389420033,
          "y": 0.0630217045545578,
          "z": 0.9478925466537476
        },
        "tail": {
          "x": -0.0678754672408104,
          "y": 0.006908915936946869,
          "z": 1.428096890449524
        },
        "rotation_quaternion": {
          "w": 0.6640437245368958,
          "x": 0.7443819046020508,
          "y": -0.03941185027360916,
          "z": 0.058209169656038284
        },
        "matrix": [
          [
            0.9901168346405029,
            -0.13598185777664185,
            0.034316398203372955,
            -0.0015161526389420033
          ],
          [
            0.018631061539053917,
            -0.11498493701219559,
            -0.9931926131248474,
            0.0630217045545578
          ],
          [
            0.13900303840637207,
            0.984022855758667,
            -0.11131671071052551,
            0.9478925466537476
          ],
          [
            0.0,
            0.0,
            0.0,
            1.0
          ]
        ]
      },
      "bone_length_armature_space": 0.48800455693754685,
      "parent": "Root",
      "has_children": true,
      "is_end_bone": false
    },
    "neck_01": {
      "name": "neck_01",
      "local": {
        "location": {
          "x": 0.0,
          "y": 0.0,
          "z": 0.0
        },
        "rotation_quaternion": {
          "w": 0.9880611896514893,
          "x": 0.05995027720928192,
          "y": 0.09814036637544632,
          "z": 0.10251621156930923
        },
        "scale": {
          "x": 1.0,
          "y": 1.0,
          "z": 1.0
        },
        "matrix_basis": [
          [
            0.9597178101539612,
            -0.19081749022006989,
            0.20622912049293518,
            0.0
          ],
          [
            0.21435166895389557,
            0.9717927575111389,
            -0.09834712743759155,
            0.0
          ],
          [
            -0.18164561688899994,
            0.13859103620052338,
            0.9735488891601562,
            0.0
          ],
          [
            0.0,
            0.0,
            0.0,
            1.0
          ]
        ],
        "rotation_mode": "QUATERNION"
      },
      "armature_space": {
        "head": {
          "x": -0.0766417384147644,
          "y": -0.09919846057891846,
          "z": 0.5464310050010681
        },
        "tail": {
          "x": -0.10608679801225662,
          "y": -0.16015538573265076,
          "z": 0.6234241724014282
        }
      },
      "world_space": {
        "head": {
          "x": -0.0766417384147644,
          "y": -0.03595446050167084,
          "z": 1.4962849617004395
        },
        "tail": {
          "x": -0.10608679801225662,
          "y": -0.09691138565540314,
          "z": 1.5732781887054443
        },
        "rotation_quaternion": {
          "w": 0.44595444202423096,
          "x": 0.8699468970298767,
          "y": -0.061933331191539764,
          "z": 0.20119944214820862
        },
        "matrix": [
          [
            0.9113664031028748,
            -0.28720906376838684,
            0.2948257625102997,
            -0.0766417384147644
          ],
          [
            0.07169322669506073,
            -0.5945778489112854,
            -0.8008356690406799,
            -0.03595446050167084
          ],
          [
            0.40530699491500854,
            0.7509962320327759,
            -0.5212917327880859,
            1.4962849617004395
          ],
          [
            0.0,
            0.0,
            0.0,
            1.0
          ]
        ]
      },
      "bone_length_armature_space": 0.102521735101069,
      "parent": "spine_01",
      "has_children": true,
      "is_end_bone": false
    },
    "head": {
      "name": "head",
      "local": {
        "location": {
          "x": 0.0,
          "y": 0.0,
          "z": 0.0
        },
        "rotation_quaternion": {
          "w": 0.9762274622917175,
          "x": 0.013618427328765392,
          "y": 0.13887853920459747,
          "z": 0.16585317254066467
        },
        "scale": {
          "x": 1.0,
          "y": 1.0,
          "z": 1.0
        },
        "matrix_basis": [
          [
            0.9064109325408936,
            -0.32003822922706604,
            0.2756713926792145,
            0.0
          ],
          [
            0.32760345935821533,
            0.9446145296096802,
            0.01947752758860588,
            0.0
          ],
          [
            -0.26663675904273987,
            0.07265625894069672,
            0.9610545635223389,
            0.0
          ],
          [
            0.0,
            0.0,
            0.0,
            1.0
          ]
        ],
        "rotation_mode": "QUATERNION"
      },
      "armature_space": {
        "head": {
          "x": -0.10608673095703125,
          "y": -0.16015546023845673,
          "z": 0.6234240531921387
        },
        "tail": {
          "x": -0.20436811447143555,
          "y": -0.21320942044258118,
          "z": 0.7310306429862976
        }
      },
      "world_space": {
        "head": {
          "x": -0.10608673095703125,
          "y": -0.0969114601612091,
          "z": 1.5732780694961548
        },
        "tail": {
          "x": -0.20436811447143555,
          "y": -0.14996542036533356,
          "z": 1.680884599685669
        },
        "rotation_quaternion": {
          "w": 0.5563658475875854,
          "x": 0.720945417881012,
          "y": -0.13933934271335602,
          "z": 0.3889463245868683
        },
        "matrix": [
          [
            0.6586115956306458,
            -0.6337046027183533,
            0.40577006340026855,
            -0.10608673095703125
          ],
          [
            0.2318785935640335,
            -0.34208446741104126,
            -0.9106102585792542,
            -0.0969114601612091
          ],
          [
            0.7158706784248352,
            0.693832278251648,
            -0.07835966348648071,
            1.5732780694961548
          ],
          [
            0.0,
            0.0,
            0.0,
            1.0
          ]
        ]
      },
      "bone_length_armature_space": 0.15509072085665468,
      "parent": "neck_01",
      "has_children": false,
      "is_end_bone": true
    },
    "upperarm_l": {
      "name": "upperarm_l",
      "local": {
        "location": {
          "x": 0.0,
          "y": 0.0,
          "z": 0.0
        },
        "rotation_quaternion": {
          "w": 0.7429438829421997,
          "x": -0.4207204580307007,
          "y": 0.38104626536369324,
          "z": -0.3547287583351135
        },
        "scale": {
          "x": 1.0,
          "y": 1.0,
          "z": 1.0
        },
        "matrix_basis": [
          [
            0.45794251561164856,
            0.20645920932292938,
            0.8646752834320068,
            0.0
          ],
          [
            -0.8477150201797485,
            0.3943236172199249,
            0.3548072576522827,
            0.0
          ],
          [
            -0.2677086889743805,
            -0.8954795002937317,
            0.35559606552124023,
            0.0
          ],
          [
            0.0,
            0.0,
            0.0,
            1.0
          ]
        ],
        "rotation_mode": "QUATERNION"
      },
      "armature_space": {
        "head": {
          "x": 0.08112426847219467,
          "y": -0.09184333682060242,
          "z": 0.5007925033569336
        },
        "tail": {
          "x": 0.1738283634185791,
          "y": 0.15936726331710815,
          "z": 0.4904574751853943
        }
      },
      "world_space": {
        "head": {
          "x": 0.08112426847219467,
          "y": -0.028599336743354797,
          "z": 1.4506465196609497
        },
        "tail": {
          "x": 0.1738283634185791,
          "y": 0.22261126339435577,
          "z": 1.4403114318847656
        },
        "rotation_quaternion": {
          "w": 0.2620941698551178,
          "x": 0.16418150067329407,
          "y": 0.9487026333808899,
          "z": -0.06568428874015808
        },
        "matrix": [
          [
            -0.8087021112442017,
            0.34595027565956116,
            0.4757304787635803,
            0.08112426847219467
          ],
          [
            0.2770879864692688,
            0.9374599456787109,
            -0.2106926590204239,
            -0.028599336743354797
          ],
          [
            -0.5188707113265991,
            -0.0385679230093956,
            -0.8539906144142151,
            1.4506465196609497
          ],
          [
            0.0,
            0.0,
            0.0,
            1.0
          ]
        ]
      },
      "bone_length_armature_space": 0.26796945680067696,
      "parent": "spine_01",
      "has_children": true,
      "is_end_bone": false
    },
    "lowerarm_l": {
      "name": "lowerarm_l",
      "local": {
        "location": {
          "x": 0.0,
          "y": 0.0,
          "z": 0.0
        },
        "rotation_quaternion": {
          "w": 0.9908265471458435,
          "x": 0.04827168956398964,
          "y": -0.04462597519159317,
          "z": 0.11807271838188171
        },
        "scale": {
          "x": 1.0,
          "y": 1.0,
          "z": 1.0
        },
        "matrix_basis": [
          [
            0.9681347012519836,
            -0.23828750848770142,
            -0.07703406363725662,
            0.0
          ],
          [
            0.22967082262039185,
            0.9674573540687561,
            -0.10619596391916275,
            0.0
          ],
          [
            0.09983234107494354,
            0.08511952310800552,
            0.9913567304611206,
            0.0
          ],
          [
            0.0,
            0.0,
            0.0,
            1.0
          ]
        ],
        "rotation_mode": "QUATERNION"
      },
      "armature_space": {
        "head": {
          "x": 0.17382851243019104,
          "y": 0.15936732292175293,
          "z": 0.4904574751853943
        },
        "tail": {
          "x": 0.34919169545173645,
          "y": 0.3613826632499695,
          "z": 0.48783379793167114
        }
      },
      "world_space": {
        "head": {
          "x": 0.17382851243019104,
          "y": 0.22261132299900055,
          "z": 1.4403114318847656
        },
        "tail": {
          "x": 0.34919169545173645,
          "y": 0.4246266484260559,
          "z": 1.437687873840332
        },
        "rotation_quaternion": {
          "w": 0.3627666234970093,
          "x": 0.32054322957992554,
          "y": 0.8636927604675293,
          "z": -0.1403113305568695
        },
        "matrix": [
          [
            -0.5313042998313904,
            0.6555033326148987,
            0.5366853475570679,
            0.17382851243019104
          ],
          [
            0.451901376247406,
            0.7551284432411194,
            -0.47493794560432434,
            0.22261132299900055
          ],
          [
            -0.7165943384170532,
            -0.009807251393795013,
            -0.6974313855171204,
            1.4403114318847656
          ],
          [
            0.0,
            0.0,
            0.0,
            1.0
          ]
        ]
      },
      "bone_length_armature_space": 0.2675244411471548,
      "parent": "upperarm_l",
      "has_children": true,
      "is_end_bone": false
    },
    "metacarpal_thumb_l": {
      "name": "metacarpal_thumb_l",
      "local": {
        "location": {
          "x": 0.0,
          "y": 0.0,
          "z": 0.0
        },
        "rotation_quaternion": {
          "w": 0.9977979063987732,
          "x": -0.06256235390901566,
          "y": 0.01923663355410099,
          "z": 0.010733000934123993
        },
        "scale": {
          "x": 1.0,
          "y": 1.0,
          "z": 1.0
        },
        "matrix_basis": [
          [
            0.9990295171737671,
            -0.023825710639357567,
            0.03704558312892914,
            0.0
          ],
          [
            0.01901175267994404,
            0.991941511631012,
            0.12526211142539978,
            0.0
          ],
          [
            -0.03973150998353958,
            -0.12443623691797256,
            0.9914318323135376,
            0.0
          ],
          [
            0.0,
            0.0,
            0.0,
            1.0
          ]
        ],
        "rotation_mode": "QUATERNION"
      },
      "armature_space": {
        "head": {
          "x": 0.34919169545173645,
          "y": 0.3613826632499695,
          "z": 0.48783379793167114
        },
        "tail": {
          "x": 0.3895604610443115,
          "y": 0.37792983651161194,
          "z": 0.4643786549568176
        }
      },
      "world_space": {
        "head": {
          "x": 0.34919169545173645,
          "y": 0.4246266484260559,
          "z": 1.437687873840332
        },
        "tail": {
          "x": 0.3895604610443115,
          "y": 0.44117385149002075,
          "z": 1.4142327308654785
        },
        "rotation_quaternion": {
          "w": 0.3808663487434387,
          "x": -0.5765451788902283,
          "y": -0.722476065158844,
          "z": 0.023768717423081398
        },
        "matrix": [
          [
            -0.04507127404212952,
            0.8149764537811279,
            -0.5777385234832764,
            0.34919169545173645
          ],
          [
            0.8511853814125061,
            0.33405888080596924,
            0.4048309028148651,
            0.4246266484260559
          ],
          [
            0.522930920124054,
            -0.4735194444656372,
            -0.7087571620941162,
            1.437687873840332
          ],
          [
            0.0,
            0.0,
            0.0,
            1.0
          ]
        ]
      },
      "bone_length_armature_space": 0.04953372457355474,
      "parent": "lowerarm_l",
      "has_children": true,
      "is_end_bone": false
    },
    "thumb_01_l": {
      "name": "thumb_01_l",
      "local": {
        "location": {
          "x": 0.0,
          "y": 0.0,
          "z": 0.0
        },
        "rotation_quaternion": {
          "w": 0.9866210222244263,
          "x": 0.16179639101028442,
          "y": -0.019806206226348877,
          "z": 0.0029476855415850878
        },
        "scale": {
          "x": 1.0,
          "y": 1.0,
          "z": 1.0
        },
        "matrix_basis": [
          [
            0.9991980791091919,
            -0.012225642800331116,
            -0.03812858834862709,
            0.0
          ],
          [
            -0.0005926483427174389,
            0.9476264715194702,
            -0.3193801939487457,
            0.0
          ],
          [
            0.040036287158727646,
            0.31914666295051575,
            0.9468593001365662,
            0.0
          ],
          [
            0.0,
            0.0,
            0.0,
            1.0
          ]
        ],
        "rotation_mode": "QUATERNION"
      },
      "armature_space": {
        "head": {
          "x": 0.3895604610443115,
          "y": 0.37792983651161194,
          "z": 0.4643786549568176
        },
        "tail": {
          "x": 0.39256551861763,
          "y": 0.40127694606781006,
          "z": 0.43979179859161377
        }
      },
      "world_space": {
        "head": {
          "x": 0.3895604610443115,
          "y": 0.44117385149002075,
          "z": 1.4142327308654785
        },
        "tail": {
          "x": 0.39256551861763,
          "y": 0.4645209312438965,
          "z": 1.3896458148956299
        },
        "rotation_quaternion": {
          "w": 0.9159072637557983,
          "x": -0.3957560360431671,
          "y": -0.06375767290592194,
          "z": -0.020645542070269585
        },
        "matrix": [
          [
            0.9910173416137695,
            0.08828368037939072,
            -0.10045069456100464,
            0.3895604610443115
          ],
          [
            0.012645786628127098,
            0.6859016418457031,
            0.7275845408439636,
            0.44117385149002075
          ],
          [
            0.13313409686088562,
            -0.7223237156867981,
            0.6786295771598816,
            1.4142327308654785
          ],
          [
            0.0,
            0.0,
            0.0,
            1.0
          ]
        ]
      },
      "bone_length_armature_space": 0.03403867481377015,
      "parent": "metacarpal_thumb_l",
      "has_children": true,
      "is_end_bone": false
    },
    "thumb_02_l": {
      "name": "thumb_02_l",
      "local": {
        "location": {
          "x": 0.0,
          "y": 0.0,
          "z": 0.0
        },
        "rotation_quaternion": {
          "w": 0.9381800889968872,
          "x": 0.3461267650127411,
          "y": -0.002420560922473669,
          "z": 0.0029365788213908672
        },
        "scale": {
          "x": 1.0,
          "y": 1.0,
          "z": 1.0
        },
        "matrix_basis": [
          [
            0.9999710321426392,
            -0.007185721304267645,
            -0.0025089869741350412,
            0.0
          ],
          [
            0.0038344378117471933,
            0.7603752613067627,
            -0.649472713470459,
            0.0
          ],
          [
            0.006574701052159071,
            0.6494442820549011,
            0.7603808045387268,
            0.0
          ],
          [
            0.0,
            0.0,
            0.0,
            1.0
          ]
        ],
        "rotation_mode": "QUATERNION"
      },
      "armature_space": {
        "head": {
          "x": 0.3925654888153076,
          "y": 0.40127691626548767,
          "z": 0.4397917687892914
        },
        "tail": {
          "x": 0.4148467779159546,
          "y": 0.4178546071052551,
          "z": 0.46880754828453064
        }
      },
      "world_space": {
        "head": {
          "x": 0.3925654888153076,
          "y": 0.4645209312438965,
          "z": 1.3896458148956299
        },
        "tail": {
          "x": 0.4148467779159546,
          "y": 0.48109859228134155,
          "z": 1.4186615943908691
        },
        "rotation_quaternion": {
          "w": 0.8404595255851746,
          "x": 0.4301910400390625,
          "y": 0.0010565711418166757,
          "z": -0.3294881582260132
        },
        "matrix": [
          [
            0.7828720211982727,
            0.5547521114349365,
            -0.28171154856681824,
            0.3925654888153076
          ],
          [
            -0.5529359579086304,
            0.4127461314201355,
            -0.7238112092018127,
            0.4645209312438965
          ],
          [
            -0.2852631211280823,
            0.7224255204200745,
            0.6298735737800598,
            1.3896458148956299
          ],
          [
            0.0,
            0.0,
            0.0,
            1.0
          ]
        ]
      },
      "bone_length_armature_space": 0.04016455024162641,
      "parent": "thumb_01_l",
      "has_children": true,
      "is_end_bone": false
    },
    "thumb_03_l": {
      "name": "thumb_03_l",
      "local": {
        "location": {
          "x": 0.0,
          "y": 0.0,
          "z": 0.0
        },
        "rotation_quaternion": {
          "w": 0.9797810316085815,
          "x": 0.19994767010211945,
          "y": -0.006002738140523434,
          "z": 0.0037662836257368326
        },
        "scale": {
          "x": 1.0,
          "y": 1.0,
          "z": 1.0
        },
        "matrix_basis": [
          [
            0.9998995661735535,
            -0.009780733846127987,
            -0.01025661826133728,
            0.0
          ],
          [
            0.004979799501597881,
            0.9200134873390198,
            -0.3918550908565521,
            0.0
          ],
          [
            0.013268857263028622,
            0.39176464080810547,
            0.9199697971343994,
            0.0
          ],
          [
            0.0,
            0.0,
            0.0,
            1.0
          ]
        ],
        "rotation_mode": "QUATERNION"
      },
      "armature_space": {
        "head": {
          "x": 0.41484683752059937,
          "y": 0.4178546369075775,
          "z": 0.46880748867988586
        },
        "tail": {
          "x": 0.4229465425014496,
          "y": 0.41460153460502625,
          "z": 0.4979745149612427
        }
      },
      "world_space": {
        "head": {
          "x": 0.41484683752059937,
          "y": 0.48109865188598633,
          "z": 1.4186614751815796
        },
        "tail": {
          "x": 0.4229465425014496,
          "y": 0.47784554958343506,
          "z": 1.4478285312652588
        },
        "rotation_quaternion": {
          "w": 0.6674029231071472,
          "x": 0.7259692549705505,
          "y": 0.03387658670544624,
          "z": -0.16246405243873596
        },
        "matrix": [
          [
            0.9449159502983093,
            0.2660447359085083,
            -0.1906672716140747,
            0.41484683752059937
          ],
          [
            -0.1676696240901947,
            -0.10685169696807861,
            -0.9800357222557068,
            0.48109865188598633
          ],
          [
            -0.28110867738723755,
            0.9580271244049072,
            -0.05635958909988403,
            1.4186614751815796
          ],
          [
            0.0,
            0.0,
            0.0,
            1.0
          ]
        ]
      },
      "bone_length_armature_space": 0.03044508725624833,
      "parent": "thumb_02_l",
      "has_children": false,
      "is_end_bone": true
    },
    "metacarpal_index_l": {
      "name": "metacarpal_index_l",
      "local": {
        "location": {
          "x": 0.0,
          "y": 0.0,
          "z": 0.0
        },
        "rotation_quaternion": {
          "w": 0.9999262094497681,
          "x": -0.0027440546546131372,
          "y": 0.000764653435908258,
          "z": 0.011810239404439926
        },
        "scale": {
          "x": 1.0,
          "y": 1.0,
          "z": 1.0
        },
        "matrix_basis": [
          [
            0.9997198581695557,
            -0.02362293191254139,
            0.0014643780887126923,
            0.0
          ],
          [
            0.023614538833498955,
            0.999705970287323,
            0.005505765788257122,
            0.0
          ],
          [
            -0.0015940099256113172,
            -0.005469643045216799,
            0.9999837875366211,
            0.0
          ],
          [
            0.0,
            0.0,
            0.0,
            1.0
          ]
        ],
        "rotation_mode": "QUATERNION"
      },
      "armature_space": {
        "head": {
          "x": 0.34919169545173645,
          "y": 0.3613826632499695,
          "z": 0.48783379793167114
        },
        "tail": {
          "x": 0.44005197286605835,
          "y": 0.42901551723480225,
          "z": 0.45784327387809753
        }
      },
      "world_space": {
        "head": {
          "x": 0.34919169545173645,
          "y": 0.4246266484260559,
          "z": 1.437687873840332
        },
        "tail": {
          "x": 0.44005197286605835,
          "y": 0.49225950241088867,
          "z": 1.407697319984436
        },
        "rotation_quaternion": {
          "w": 0.11283151805400848,
          "x": -0.45137935876846313,
          "y": -0.8808375597000122,
          "z": 0.08746956288814545
        },
        "matrix": [
          [
            -0.5670512914657593,
            0.775445282459259,
            -0.27773621678352356,
            0.34919169545173645
          ],
          [
            0.8149225115776062,
            0.5772112607955933,
            -0.05223269388079643,
            0.4246266484260559
          ],
          [
            0.1198105588555336,
            -0.2559535801410675,
            -0.95924311876297,
            1.437687873840332
          ],
          [
            0.0,
            0.0,
            0.0,
            1.0
          ]
        ]
      },
      "bone_length_armature_space": 0.11717177225906551,
      "parent": "lowerarm_l",
      "has_children": true,
      "is_end_bone": false
    },
    "index_01_l": {
      "name": "index_01_l",
      "local": {
        "location": {
          "x": 0.0,
          "y": 0.0,
          "z": 0.0
        },
        "rotation_quaternion": {
          "w": 0.9654922485351562,
          "x": 0.2600247859954834,
          "y": 0.0067119658924639225,
          "z": -0.012914685532450676
        },
        "scale": {
          "x": 1.0,
          "y": 1.0,
          "z": 1.0
        },
        "matrix_basis": [
          [
            0.9995763301849365,
            0.028428612276911736,
            0.006244425196200609,
            0.0
          ],
          [
            -0.021447502076625824,
            0.8644406199455261,
            -0.5022771954536438,
            0.0
          ],
          [
            -0.01967697963118553,
            0.5019304752349854,
            0.8646841049194336,
            0.0
          ],
          [
            0.0,
            0.0,
            0.0,
            1.0
          ]
        ],
        "rotation_mode": "QUATERNION"
      },
      "armature_space": {
        "head": {
          "x": 0.44005197286605835,
          "y": 0.42901551723480225,
          "z": 0.45784327387809753
        },
        "tail": {
          "x": 0.4502219259738922,
          "y": 0.450693815946579,
          "z": 0.44236117601394653
        }
      },
      "world_space": {
        "head": {
          "x": 0.44005197286605835,
          "y": 0.49225950241088867,
          "z": 1.407697319984436
        },
        "tail": {
          "x": 0.4502219259738922,
          "y": 0.5139378309249878,
          "z": 1.3922152519226074
        },
        "rotation_quaternion": {
          "w": 0.19169482588768005,
          "x": -0.24520444869995117,
          "y": -0.9183587431907654,
          "z": 0.2444286197423935
        },
        "matrix": [
          [
            -0.806255578994751,
            0.3566601872444153,
            -0.4719591736793518,
            0.44005197286605835
          ],
          [
            0.5440830588340759,
            0.760258674621582,
            -0.3549368679523468,
            0.49225950241088867
          ],
          [
            0.23222148418426514,
            -0.54295814037323,
            -0.8070216178894043,
            1.407697319984436
          ],
          [
            0.0,
            0.0,
            0.0,
            1.0
          ]
        ]
      },
      "bone_length_armature_space": 0.02851441615850049,
      "parent": "metacarpal_index_l",
      "has_children": true,
      "is_end_bone": false
    },
    "index_02_l": {
      "name": "index_02_l",
      "local": {
        "location": {
          "x": 0.0,
          "y": 0.0,
          "z": 0.0
        },
        "rotation_quaternion": {
          "w": 0.9187867045402527,
          "x": 0.3946917653083801,
          "y": -0.006713144946843386,
          "z": -0.0020994474180042744
        },
        "scale": {
          "x": 1.0,
          "y": 1.0,
          "z": 1.0
        },
        "matrix_basis": [
          [
            0.9999010562896729,
            -0.0014413573080673814,
            -0.013993165455758572,
            0.0
          ],
          [
            -0.009157135151326656,
            0.6884279847145081,
            -0.7252469062805176,
            0.0
          ],
          [
            0.010678627528250217,
            0.7253032922744751,
            0.6883466839790344,
            0.0
          ],
          [
            0.0,
            0.0,
            0.0,
            1.0
          ]
        ],
        "rotation_mode": "QUATERNION"
      },
      "armature_space": {
        "head": {
          "x": 0.45022210478782654,
          "y": 0.45069384574890137,
          "z": 0.44236063957214355
        },
        "tail": {
          "x": 0.4488489329814911,
          "y": 0.4578770697116852,
          "z": 0.41777172684669495
        }
      },
      "world_space": {
        "head": {
          "x": 0.45022210478782654,
          "y": 0.5139378309249878,
          "z": 1.3922146558761597
        },
        "tail": {
          "x": 0.4488489329814911,
          "y": 0.521121084690094,
          "z": 1.3676257133483887
        },
        "rotation_quaternion": {
          "w": 0.23142404854297638,
          "x": -0.1412709355354309,
          "y": -0.7657997012138367,
          "z": 0.5831263661384583
        },
        "matrix": [
          [
            -0.8529713749885559,
            -0.053527966141700745,
            -0.5192056894302368,
            0.45022210478782654
          ],
          [
            0.48626893758773804,
            0.2800123393535614,
            -0.8277291059494019,
            0.5139378309249878
          ],
          [
            0.18969257175922394,
            -0.9585095643997192,
            -0.21281582117080688,
            1.3922146558761597
          ],
          [
            0.0,
            0.0,
            0.0,
            1.0
          ]
        ]
      },
      "bone_length_armature_space": 0.02565343877770705,
      "parent": "index_01_l",
      "has_children": true,
      "is_end_bone": false
    },
    "index_03_l": {
      "name": "index_03_l",
      "local": {
        "location": {
          "x": 0.0,
          "y": 0.0,
          "z": 0.0
        },
        "rotation_quaternion": {
          "w": 0.9600555300712585,
          "x": 0.2796374559402466,
          "y": -0.00905530247837305,
          "z": 0.003784403670579195
        },
        "scale": {
          "x": 1.0,
          "y": 1.0,
          "z": 1.0
        },
        "matrix_basis": [
          [
            0.9998073577880859,
            -0.012330878525972366,
            -0.015270664356648922,
            0.0
          ],
          [
            0.002202071947976947,
            0.8435771465301514,
            -0.5370035171508789,
            0.0
          ],
          [
            0.01950370892882347,
            0.5368664264678955,
            0.8434417843818665,
            0.0
          ],
          [
            0.0,
            0.0,
            0.0,
            1.0
          ]
        ],
        "rotation_mode": "QUATERNION"
      },
      "armature_space": {
        "head": {
          "x": 0.44884902238845825,
          "y": 0.45787718892097473,
          "z": 0.41777175664901733
        },
        "tail": {
          "x": 0.4358871877193451,
          "y": 0.45102715492248535,
          "z": 0.39249709248542786
        }
      },
      "world_space": {
        "head": {
          "x": 0.44884902238845825,
          "y": 0.5211212038993835,
          "z": 1.3676257133483887
        },
        "tail": {
          "x": 0.4358871877193451,
          "y": 0.5142711400985718,
          "z": 1.3423510789871216
        },
        "rotation_quaternion": {
          "w": 0.3024759590625763,
          "x": -0.029025886207818985,
          "y": -0.5397113561630249,
          "z": 0.7850971817970276
        },
        "matrix": [
          [
            -0.815330445766449,
            -0.4436150789260864,
            -0.3720775842666626,
            0.44884902238845825
          ],
          [
            0.506279468536377,
            -0.2344396859407425,
            -0.8298909664154053,
            0.5211212038993835
          ],
          [
            0.2809249758720398,
            -0.8650172352790833,
            0.4157413840293884,
            1.3676257133483887
          ],
          [
            0.0,
            0.0,
            0.0,
            1.0
          ]
        ]
      },
      "bone_length_armature_space": 0.029218842663859462,
      "parent": "index_02_l",
      "has_children": false,
      "is_end_bone": true
    },
    "metacarpal_pinky_l": {
      "name": "metacarpal_pinky_l",
      "local": {
        "location": {
          "x": 0.0,
          "y": 0.0,
          "z": 0.0
        },
        "rotation_quaternion": {
          "w": 0.9997379779815674,
          "x": -0.018366489559412003,
          "y": -0.013566781766712666,
          "z": -0.0016641978872939944
        },
        "scale": {
          "x": 1.0,
          "y": 1.0,
          "z": 1.0
        },
        "matrix_basis": [
          [
            0.9996263384819031,
            0.0038258719723671675,
            -0.027065323665738106,
            0.0
          ],
          [
            -0.002829175442457199,
            0.9993197917938232,
            0.036768510937690735,
            0.0
          ],
          [
            0.027187583968043327,
            -0.03667819872498512,
            0.9989572167396545,
            0.0
          ],
          [
            0.0,
            0.0,
            0.0,
            1.0
          ]
        ],
        "rotation_mode": "QUATERNION"
      },
      "armature_space": {
        "head": {
          "x": 0.34919169545173645,
          "y": 0.3613826632499695,
          "z": 0.48783379793167114
        },
        "tail": {
          "x": 0.3944494426250458,
          "y": 0.4533451199531555,
          "z": 0.5062147974967957
        }
      },
      "world_space": {
        "head": {
          "x": 0.34919169545173645,
          "y": 0.4246266484260559,
          "z": 1.437687873840332
        },
        "tail": {
          "x": 0.3944494426250458,
          "y": 0.5165891051292419,
          "z": 1.456068754196167
        },
        "rotation_quaternion": {
          "w": 0.8636308312416077,
          "x": 0.18305648863315582,
          "y": 0.4423956573009491,
          "z": -0.15785540640354156
        },
        "matrix": [
          [
            0.5587359070777893,
            0.43462419509887695,
            0.7063398957252502,
            0.34919169545173645
          ],
          [
            -0.1106916218996048,
            0.883143961429596,
            -0.4558550715446472,
            0.4246266484260559
          ],
          [
            -0.8219316005706787,
            0.17651867866516113,
            0.5415567755699158,
            1.437687873840332
          ],
          [
            0.0,
            0.0,
            0.0,
            1.0
          ]
        ]
      },
      "bone_length_armature_space": 0.10413077570889412,
      "parent": "lowerarm_l",
      "has_children": true,
      "is_end_bone": false
    },
    "pinky_01_l": {
      "name": "pinky_01_l",
      "local": {
        "location": {
          "x": 0.0,
          "y": 0.0,
          "z": 0.0
        },
        "rotation_quaternion": {
          "w": 0.9436407089233398,
          "x": 0.33042946457862854,
          "y": -0.018268946558237076,
          "z": -0.004983146674931049
        },
        "scale": {
          "x": 1.0,
          "y": 1.0,
          "z": 1.0
        },
        "matrix_basis": [
          [
            0.9992828369140625,
            -0.002668596338480711,
            -0.0377717986702919,
            0.0
          ],
          [
            -0.021477796137332916,
            0.7815830707550049,
            -0.6234313249588013,
            0.0
          ],
          [
            0.031185487285256386,
            0.6237954497337341,
            0.7809652090072632,
            0.0
          ],
          [
            0.0,
            0.0,
            0.0,
            1.0
          ]
        ],
        "rotation_mode": "QUATERNION"
      },
      "armature_space": {
        "head": {
          "x": 0.3944494426250458,
          "y": 0.4533451199531555,
          "z": 0.5062147974967957
        },
        "tail": {
          "x": 0.39745256304740906,
