{
  "metadata": {
    "armature_name": "KIM_caucasian_male",
    "export_time": "2026-01-13T21:05:37.682831",
    "blender_version": "4.4.1",
    "bone_count": 56,
    "end_bone_count": 13,
    "spaces_included": [
      "LOCAL_CHANNELS",
      "ARMATURE_SPACE",
      "WORLD_SPACE"
    ],
    "note": "LOCAL matches Transform panel; replay pose via local.matrix_basis for best fidelity."
  },
  "bones": {
    "Root": {
      "name": "Root",
      "local": {
        "location": {
          "x": 0.0,
          "y": 0.0,
          "z": 0.0
        },
        "rotation_quaternion": {
          "w": 0.9997788667678833,
          "x": 0.01195923425257206,
          "y": -0.016889534890651703,
          "z": -0.003729648422449827
        },
        "scale": {
          "x": 1.0,
          "y": 1.0,
          "z": 1.0
        },
        "matrix_basis": [
          [
            0.9994016885757446,
            0.0070536755956709385,
            -0.03386080637574196,
            0.0
          ],
          [
            -0.007861618883907795,
            0.9996861219406128,
            -0.02378719486296177,
            0.0
          ],
          [
            0.03368239104747772,
            0.024039164185523987,
            0.9991434216499329,
            0.0
          ],
          [
            0.0,
            0.0,
            0.0,
            1.0
          ]
        ],
        "rotation_mode": "QUATERNION"
      },
      "armature_space": {
        "head": {
          "x": 0.0,
          "y": 0.07072800397872925,
          "z": -0.009595036506652832
        },
        "tail": {
          "x": 0.0005034622154198587,
          "y": -0.0002084597945213318,
          "z": -0.001703266054391861
        }
      },
      "world_space": {
        "head": {
          "x": 0.0,
          "y": 0.13397200405597687,
          "z": 0.9402589797973633
        },
        "tail": {
          "x": 0.0005034622154198587,
          "y": 0.06303554028272629,
          "z": 0.9481507539749146
        },
        "rotation_quaternion": {
          "w": 0.05542069301009178,
          "x": 0.998313307762146,
          "y": 0.0025833630934357643,
          "z": -0.017102422192692757
        },
        "matrix": [
          [
            0.9994016885757446,
            0.0070536755956709385,
            -0.03386080637574196,
            0.0
          ],
          [
            0.00326234707608819,
            -0.9938437342643738,
            -0.11074325442314148,
            0.13397200405597687
          ],
          [
            -0.03443373367190361,
            0.11056636273860931,
            -0.9932790994644165,
            0.9402589797973633
          ],
          [
            0.0,
            0.0,
            0.0,
            1.0
          ]
        ]
      },
      "bone_length_armature_space": 0.0713758746974152,
      "parent": null,
      "has_children": true,
      "is_end_bone": false
    },
    "spine_01": {
      "name": "spine_01",
      "local": {
        "location": {
          "x": 0.0,
          "y": 0.0,
          "z": 0.0
        },
        "rotation_quaternion": {
          "w": 0.996934711933136,
          "x": -0.0020707149524241686,
          "y": -0.04281366243958473,
          "z": 0.06545236706733704
        },
        "scale": {
          "x": 1.0,
          "y": 1.0,
          "z": 1.0
        },
        "matrix_basis": [
          [
            0.9877659678459167,
            -0.13032616674900055,
            -0.08563591539859772,
            0.0
          ],
          [
            0.13068078458309174,
            0.9914234280586243,
            -0.0014757758472114801,
            0.0
          ],
          [
            0.08509378880262375,
            -0.009733246639370918,
            0.9963254332542419,
            0.0
          ],
          [
            0.0,
            0.0,
            0.0,
            1.0
          ]
        ],
        "rotation_mode": "QUATERNION"
      },
      "armature_space": {
        "head": {
          "x": 0.0005034622154198587,
          "y": -0.0002084597945213318,
          "z": -0.001703266054391861
        },
        "tail": {
          "x": -0.04645794630050659,
          "y": 0.015405511483550072,
          "z": 0.4837855398654938
        }
      },
      "world_space": {
        "head": {
          "x": 0.0005034622154198587,
          "y": 0.06303554028272629,
          "z": 0.9481507539749146
        },
        "tail": {
          "x": -0.04645794630050659,
          "y": 0.07864951342344284,
          "z": 1.4336395263671875
        },
        "rotation_quaternion": {
          "w": 0.7155687212944031,
          "x": 0.695676326751709,
          "y": -0.06292100250720978,
          "z": 0.006069893483072519
        },
        "matrix": [
          [
            0.9920083284378052,
            -0.09623215347528458,
            -0.08160261064767838,
            0.0005034622154198587
          ],
          [
            -0.07885777950286865,
            0.03199576213955879,
            -0.9963723421096802,
            0.06303554028272629
          ],
          [
            0.09849461168050766,
            0.9948515892028809,
            0.024150673300027847,
            0.9481507539749146
          ],
          [
            0.0,
            0.0,
            0.0,
            1.0
          ]
        ]
      },
      "bone_length_armature_space": 0.4880046521801261,
      "parent": "Root",
      "has_children": true,
      "is_end_bone": false
    },
    "neck_01": {
      "name": "neck_01",
      "local": {
        "location": {
          "x": 0.0,
          "y": 0.0,
          "z": 0.0
        },
        "rotation_quaternion": {
          "w": 0.9899227619171143,
          "x": 0.02248454838991165,
          "y": 0.04907036945223808,
          "z": 0.13091816008090973
        },
        "scale": {
          "x": 1.0,
          "y": 1.0,
          "z": 1.0
        },
        "matrix_basis": [
          [
            0.9609050750732422,
            -0.25699108839035034,
            0.10303902626037598,
            0.0
          ],
          [
            0.2614043951034546,
            0.9647097587585449,
            -0.03166752681136131,
            0.0
          ],
          [
            -0.09126447886228561,
            0.057364337146282196,
            0.9941731095314026,
            0.0
          ],
          [
            0.0,
            0.0,
            0.0,
            1.0
          ]
        ],
        "rotation_mode": "QUATERNION"
      },
      "armature_space": {
        "head": {
          "x": -0.056333933025598526,
          "y": -0.01680643856525421,
          "z": 0.557464599609375
        },
        "tail": {
          "x": -0.09457792341709137,
          "y": -0.05468689277768135,
          "z": 0.6447182297706604
        }
      },
      "world_space": {
        "head": {
          "x": -0.056333933025598526,
          "y": 0.04643756151199341,
          "z": 1.5073186159133911
        },
        "tail": {
          "x": -0.09457792341709137,
          "y": 0.008557107299566269,
          "z": 1.5945723056793213
        },
        "rotation_quaternion": {
          "w": 0.5438198447227478,
          "x": 0.816705584526062,
          "y": -0.1396983563899994,
          "z": 0.13317759335041046
        },
        "matrix": [
          [
            0.9254962205886841,
            -0.37303444743156433,
            0.06559064984321594,
            -0.056333933025598526
          ],
          [
            -0.08333729207515717,
            -0.3694884777069092,
            -0.9254909753799438,
            0.04643756151199341
          ],
          [
            0.36947742104530334,
            0.8510777354240417,
            -0.3730512857437134,
            1.5073186159133911
          ],
          [
            0.0,
            0.0,
            0.0,
            1.0
          ]
        ]
      },
      "bone_length_armature_space": 0.1025218398525926,
      "parent": "spine_01",
      "has_children": true,
      "is_end_bone": false
    },
    "head": {
      "name": "head",
      "local": {
        "location": {
          "x": 0.0,
          "y": 0.0,
          "z": 0.0
        },
        "rotation_quaternion": {
          "w": 0.9798529148101807,
          "x": -0.07290820777416229,
          "y": 0.06697119027376175,
          "z": 0.1734575629234314
        },
        "scale": {
          "x": 1.0,
          "y": 1.0,
          "z": 1.0
        },
        "matrix_basis": [
          [
            0.9308546781539917,
            -0.3496913015842438,
            0.10595086961984634,
            0.0
          ],
          [
            0.3301602900028229,
            0.9291937351226807,
            0.16611196100711823,
            0.0
          ],
          [
            -0.1565367877483368,
            -0.11964531987905502,
            0.9803984761238098,
            0.0
          ],
          [
            0.0,
            0.0,
            0.0,
            1.0
          ]
        ],
        "rotation_mode": "QUATERNION"
      },
      "armature_space": {
        "head": {
          "x": -0.09457788616418839,
          "y": -0.0546870082616806,
          "z": 0.6447181105613708
        },
        "tail": {
          "x": -0.1969498097896576,
          "y": -0.03294268995523453,
          "z": 0.7591748237609863
        }
      },
      "world_space": {
        "head": {
          "x": -0.09457788616418839,
          "y": 0.008556991815567017,
          "z": 1.5945720672607422
        },
        "tail": {
          "x": -0.1969498097896576,
          "y": 0.030301310122013092,
          "z": 1.7090288400650024
        },
        "rotation_quaternion": {
          "w": 0.7147204279899597,
          "x": 0.6035489439964294,
          "y": -0.24346694350242615,
          "z": 0.2561779320240021
        },
        "matrix": [
          [
            0.7501935362815857,
            -0.660079836845398,
            -0.03878813982009888,
            -0.09457788616418839
          ],
          [
            0.07230614870786667,
            0.1402043253183365,
            -0.9874790906906128,
            0.008556991815567017
          ],
          [
            0.6572578549385071,
            0.7380009293556213,
            0.15290836989879608,
            1.5945720672607422
          ],
          [
            0.0,
            0.0,
            0.0,
            1.0
          ]
        ]
      },
      "bone_length_armature_space": 0.1550908294160832,
      "parent": "neck_01",
      "has_children": false,
      "is_end_bone": true
    },
    "upperarm_l": {
      "name": "upperarm_l",
      "local": {
        "location": {
          "x": 0.0,
          "y": 0.0,
          "z": 0.0
        },
        "rotation_quaternion": {
          "w": 0.7431696057319641,
          "x": 0.526481568813324,
          "y": -0.296718567609787,
          "z": 0.2871832251548767
        },
        "scale": {
          "x": 1.0,
          "y": 1.0,
          "z": 1.0
        },
        "matrix_basis": [
          [
            0.6589677929878235,
            -0.739285409450531,
            -0.13863109052181244,
            0.0
          ],
          [
            0.11441797763109207,
            0.2806859016418457,
            -0.9529553651809692,
            0.0
          ],
          [
            0.7434177994728088,
            0.6121050119400024,
            0.26955050230026245,
            0.0
          ],
          [
            0.0,
            0.0,
            0.0,
            1.0
          ]
        ],
        "rotation_mode": "QUATERNION"
      },
      "armature_space": {
        "head": {
          "x": 0.09867462515830994,
          "y": -0.033963028341531754,
          "z": 0.5054540634155273
        },
        "tail": {
          "x": 0.1519692987203598,
          "y": -0.19963952898979187,
          "z": 0.7092164754867554
        }
      },
      "world_space": {
        "head": {
          "x": 0.09867462515830994,
          "y": 0.029280971735715866,
          "z": 1.4553080797195435
        },
        "tail": {
          "x": 0.1519692987203598,
          "y": -0.13639552891254425,
          "z": 1.6590704917907715
        },
        "rotation_quaternion": {
          "w": 0.38148218393325806,
          "x": 0.6489582657814026,
          "y": -0.2129259556531906,
          "z": -0.622886061668396
        },
        "matrix": [
          [
            0.13335011899471283,
            0.19888341426849365,
            -0.9709084033966064,
            0.09867462515830994
          ],
          [
            -0.7516007423400879,
            -0.6182664632797241,
            -0.22987642884254456,
            0.029280971735715866
          ],
          [
            -0.6460038423538208,
            0.760394275188446,
            0.06703533232212067,
            1.4553080797195435
          ],
          [
            0.0,
            0.0,
            0.0,
            1.0
          ]
        ]
      },
      "bone_length_armature_space": 0.26797042189638165,
      "parent": "spine_01",
      "has_children": true,
      "is_end_bone": false
    },
    "lowerarm_l": {
      "name": "lowerarm_l",
      "local": {
        "location": {
          "x": 0.0,
          "y": 0.0,
          "z": 0.0
        },
        "rotation_quaternion": {
          "w": 0.8686044812202454,
          "x": 0.3956190049648285,
          "y": 0.2728266417980194,
          "z": -0.12073702365159988
        },
        "scale": {
          "x": 1.0,
          "y": 1.0,
          "z": 1.0
        },
        "matrix_basis": [
          [
            0.821976363658905,
            0.42561623454093933,
            0.37842515110969543,
            0.0
          ],
          [
            0.0061253695748746395,
            0.6578163504600525,
            -0.7531534433364868,
            0.0
          ],
          [
            -0.5694885849952698,
            0.6213923096656799,
            0.5381024479866028,
            0.0
          ],
          [
            0.0,
            0.0,
            0.0,
            1.0
          ]
        ],
        "rotation_mode": "QUATERNION"
      },
      "armature_space": {
        "head": {
          "x": 0.15196925401687622,
          "y": -0.19963951408863068,
          "z": 0.7092165946960449
        },
        "tail": {
          "x": -0.00020550191402435303,
          "y": -0.40259015560150146,
          "z": 0.7942066192626953
        }
      },
      "world_space": {
        "head": {
          "x": 0.15196925401687622,
          "y": -0.13639551401138306,
          "z": 1.659070611000061
        },
        "tail": {
          "x": -0.00020550191402435303,
          "y": -0.33934617042541504,
          "z": 1.7440606355667114
        },
        "rotation_quaternion": {
          "w": 0.05875662341713905,
          "x": 0.8842246532440186,
          "y": -0.34239616990089417,
          "z": -0.3121846318244934
        },
        "matrix": [
          [
            0.5706107020378113,
            -0.5688255429267883,
            -0.5923181772232056,
            0.15196925401687622
          ],
          [
            -0.6421965956687927,
            -0.7586245536804199,
            0.10987472534179688,
            -0.13639551401138306
          ],
          [
            -0.5118508338928223,
            0.3176906108856201,
            -0.798182487487793,
            1.659070611000061
          ],
          [
            0.0,
            0.0,
            0.0,
            1.0
          ]
        ]
      },
      "bone_length_armature_space": 0.2675246233948792,
      "parent": "upperarm_l",
      "has_children": true,
      "is_end_bone": false
    },
    "metacarpal_thumb_l": {
      "name": "metacarpal_thumb_l",
      "local": {
        "location": {
          "x": 0.0,
          "y": 0.0,
          "z": 0.0
        },
        "rotation_quaternion": {
          "w": 0.9999520182609558,
          "x": 0.0034056869335472584,
          "y": -0.008377693593502045,
          "z": -0.0037847573403269053
        },
        "scale": {
          "x": 1.0,
          "y": 1.0,
          "z": 1.0
        },
        "matrix_basis": [
          [
            0.999830961227417,
            0.007512087933719158,
            -0.016780363395810127,
            0.0
          ],
          [
            -0.007626214995980263,
            0.9999481439590454,
            -0.006747631821781397,
            0.0
          ],
          [
            0.016728803515434265,
            0.006874462123960257,
            0.9998364448547363,
            0.0
          ],
          [
            0.0,
            0.0,
            0.0,
            1.0
          ]
        ],
        "rotation_mode": "QUATERNION"
      },
      "armature_space": {
        "head": {
          "x": -0.00020550191402435303,
          "y": -0.40259015560150146,
          "z": 0.7942066192626953
        },
        "tail": {
          "x": -0.03419562429189682,
          "y": -0.4351872205734253,
          "z": 0.7788543701171875
        }
      },
      "world_space": {
        "head": {
          "x": -0.00020550191402435303,
          "y": -0.33934617042541504,
          "z": 1.7440606355667114
        },
        "tail": {
          "x": -0.03419562429189682,
          "y": -0.37194323539733887,
          "z": 1.7287083864212036
        },
        "rotation_quaternion": {
          "w": 0.054581619799137115,
          "x": 0.7730637788772583,
          "y": -0.40985438227653503,
          "z": 0.4810537099838257
        },
        "matrix": [
          [
            0.20121201872825623,
            -0.6862024068832397,
            0.6990276575088501,
            -0.00020550191402435303
          ],
          [
            -0.5811737179756165,
            -0.658078670501709,
            -0.4787166714668274,
            -0.33934617042541504
          ],
          [
            0.7885167598724365,
            -0.309935599565506,
            -0.5312204360961914,
            1.7440606355667114
          ],
          [
            0.0,
            0.0,
            0.0,
            1.0
          ]
        ]
      },
      "bone_length_armature_space": 0.049533712234880005,
      "parent": "lowerarm_l",
      "has_children": true,
      "is_end_bone": false
    },
    "thumb_01_l": {
      "name": "thumb_01_l",
      "local": {
        "location": {
          "x": 0.0,
          "y": 0.0,
          "z": 0.0
        },
        "rotation_quaternion": {
          "w": 0.999004065990448,
          "x": -0.043060552328825,
          "y": -0.011460945010185242,
          "z": 0.0022856532596051693
        },
        "scale": {
          "x": 1.0,
          "y": 1.0,
          "z": 1.0
        },
        "matrix_basis": [
          [
            0.9997268319129944,
            -0.0035797245800495148,
            -0.023095903918147087,
            0.0
          ],
          [
            0.005553782917559147,
            0.9962811470031738,
            0.08598294109106064,
            0.0
          ],
          [
            0.02270221896469593,
            -0.08608772605657578,
            0.9960289001464844,
            0.0
          ],
          [
            0.0,
            0.0,
            0.0,
            1.0
          ]
        ],
        "rotation_mode": "QUATERNION"
      },
      "armature_space": {
        "head": {
          "x": -0.03419562429189682,
          "y": -0.4351872205734253,
          "z": 0.7788543701171875
        },
        "tail": {
          "x": -0.03328730911016464,
          "y": -0.45757290720939636,
          "z": 0.7532283663749695
        }
      },
      "world_space": {
        "head": {
          "x": -0.03419562429189682,
          "y": -0.37194323539733887,
          "z": 1.7287083864212036
        },
        "tail": {
          "x": -0.03328730911016464,
          "y": -0.39432889223098755,
          "z": 1.7030823230743408
        },
        "rotation_quaternion": {
          "w": 0.05974283441901207,
          "x": -0.09946906566619873,
          "y": 0.40939316153526306,
          "z": -0.9049497246742249
        },
        "matrix": [
          [
            -0.9730732440948486,
            0.026684869080781937,
            0.22894541919231415,
            -0.03419562429189682
          ],
          [
            -0.189572274684906,
            -0.6576564311981201,
            -0.7290751338005066,
            -0.37194323539733887
          ],
          [
            0.13111312687397003,
            -0.7528510689735413,
            0.6450105309486389,
            1.7287083864212036
          ],
          [
            0.0,
            0.0,
            0.0,
            1.0
          ]
        ]
      },
      "bone_length_armature_space": 0.034038743578712644,
      "parent": "metacarpal_thumb_l",
      "has_children": true,
      "is_end_bone": false
    },
    "thumb_02_l": {
      "name": "thumb_02_l",
      "local": {
        "location": {
          "x": 0.0,
          "y": 0.0,
          "z": 0.0
        },
        "rotation_quaternion": {
          "w": 0.9920593500137329,
          "x": 0.12545642256736755,
          "y": -0.007300155237317085,
          "z": 0.0050669522024691105
        },
        "scale": {
          "x": 1.0,
          "y": 1.0,
          "z": 1.0
        },
        "matrix_basis": [
          [
            0.9998420476913452,
            -0.011885137297213078,
            -0.013213011436164379,
            0.0
          ],
          [
            0.008221731521189213,
            0.96847003698349,
            -0.24899441003799438,
            0.0
          ],
          [
            0.01575573720037937,
            0.24884645640850067,
            0.9684147834777832,
            0.0
          ],
          [
            0.0,
            0.0,
            0.0,
            1.0
          ]
        ],
        "rotation_mode": "QUATERNION"
      },
      "armature_space": {
        "head": {
          "x": -0.03328728675842285,
          "y": -0.457572877407074,
          "z": 0.7532283663749695
        },
        "tail": {
          "x": -0.05279702693223953,
          "y": -0.4898984134197235,
          "z": 0.7669254541397095
        }
      },
      "world_space": {
        "head": {
          "x": -0.03328728675842285,
          "y": -0.39432889223098755,
          "z": 1.7030823230743408
        },
        "tail": {
          "x": -0.05279702693223953,
          "y": -0.4266543984413147,
          "z": 1.7167794704437256
        },
        "rotation_quaternion": {
          "w": 0.23918938636779785,
          "x": -0.08214443176984787,
          "y": 0.20093032717704773,
          "z": 0.9463972449302673
        },
        "matrix": [
          [
            -0.8720813393592834,
            -0.48574697971343994,
            -0.05936111509799957,
            -0.03328728675842285
          ],
          [
            0.41972610354423523,
            -0.8048305511474609,
            0.41961631178855896,
            -0.39432889223098755
          ],
          [
            -0.2516043484210968,
            0.3410260081291199,
            0.9057650566101074,
            1.7030823230743408
          ],
          [
            0.0,
            0.0,
            0.0,
            1.0
          ]
        ]
      },
      "bone_length_armature_space": 0.04016441836150308,
      "parent": "thumb_01_l",
      "has_children": true,
      "is_end_bone": false
    },
    "thumb_03_l": {
      "name": "thumb_03_l",
      "local": {
        "location": {
          "x": 0.0,
          "y": 0.0,
          "z": 0.0
        },
        "rotation_quaternion": {
          "w": 0.9985379576683044,
          "x": 0.0539422333240509,
          "y": 0.0014046814758330584,
          "z": 0.003197324462234974
        },
        "scale": {
          "x": 1.0,
          "y": 1.0,
          "z": 1.0
        },
        "matrix_basis": [
          [
            0.9999756217002869,
            -0.006233756430447102,
            0.003150197211652994,
            0.0
          ],
          [
            0.006536842789500952,
            0.994159996509552,
            -0.10771775245666504,
            0.0
          ],
          [
            -0.0024603139609098434,
            0.10773571580648422,
            0.9941765069961548,
            0.0
          ],
          [
            0.0,
            0.0,
            0.0,
            1.0
          ]
        ],
        "rotation_mode": "QUATERNION"
      },
      "armature_space": {
        "head": {
          "x": -0.05279704928398132,
          "y": -0.4898983836174011,
          "z": 0.7669253945350647
        },
        "tail": {
          "x": -0.06378995627164841,
          "y": -0.5093549489974976,
          "z": 0.7876012921333313
        }
      },
      "world_space": {
        "head": {
          "x": -0.05279704928398132,
          "y": -0.4266543984413147,
          "z": 1.7167794704437256
        },
        "tail": {
          "x": -0.06378995627164841,
          "y": -0.44611096382141113,
          "z": 1.7374553680419922
        },
        "rotation_quaternion": {
          "w": 0.11163871735334396,
          "x": -0.19998711347579956,
          "y": 0.40987661480903625,
          "z": 0.8829173445701599
        },
        "matrix": [
          [
            -0.895084023475647,
            -0.3610756993293762,
            -0.2616270184516907,
            -0.05279704928398132
          ],
          [
            0.033196497708559036,
            -0.6390758156776428,
            0.7684270739555359,
            -0.4266543984413147
          ],
          [
            -0.44466283917427063,
            0.679125964641571,
            0.5840176939964294,
            1.7167794704437256
          ],
          [
            0.0,
            0.0,
            0.0,
            1.0
          ]
        ]
      },
      "bone_length_armature_space": 0.030444945327950883,
      "parent": "thumb_02_l",
      "has_children": false,
      "is_end_bone": true
    },
    "metacarpal_index_l": {
      "name": "metacarpal_index_l",
      "local": {
        "location": {
          "x": 0.0,
          "y": 0.0,
          "z": 0.0
        },
        "rotation_quaternion": {
          "w": 0.9974549412727356,
          "x": -0.06997167319059372,
          "y": 0.007765278220176697,
          "z": -0.01128704659640789
        },
        "scale": {
          "x": 1.0,
          "y": 1.0,
          "z": 1.0
        },
        "matrix_basis": [
          [
            0.9996246099472046,
            0.021429941058158875,
            0.017070576548576355,
            0.0
          ],
          [
            -0.023603340610861778,
            0.9899531602859497,
            0.13941188156604767,
            0.0
          ],
          [
            -0.013911482878029346,
            -0.13976247608661652,
            0.9900873303413391,
            0.0
          ],
          [
            0.0,
            0.0,
            0.0,
            1.0
          ]
        ],
        "rotation_mode": "QUATERNION"
      },
      "armature_space": {
        "head": {
          "x": -0.00020550191402435303,
          "y": -0.40259015560150146,
          "z": 0.7942066192626953
        },
        "tail": {
          "x": -0.08320809155702591,
          "y": -0.48288261890411377,
          "z": 0.8140285611152649
        }
      },
      "world_space": {
        "head": {
          "x": -0.00020550191402435303,
          "y": -0.33934617042541504,
          "z": 1.7440606355667114
        },
        "tail": {
          "x": -0.08320809155702591,
          "y": -0.41963863372802734,
          "z": 1.7638826370239258
        },
        "rotation_quaternion": {
          "w": 0.15845637023448944,
          "x": 0.9036896228790283,
          "y": -0.3636813461780548,
          "z": 0.16116049885749817
        },
        "matrix": [
          [
            0.6835262179374695,
            -0.7083840370178223,
            0.1760219931602478,
            -0.00020550191402435303
          ],
          [
            -0.6062363386154175,
            -0.6852544546127319,
            -0.4036136269569397,
            -0.33934617042541504
          ],
          [
            0.4065355062484741,
            0.16917018592357635,
            -0.8978441953659058,
            1.7440606355667114
          ],
          [
            0.0,
            0.0,
            0.0,
            1.0
          ]
        ]
      },
      "bone_length_armature_space": 0.11717175027690047,
      "parent": "lowerarm_l",
      "has_children": true,
      "is_end_bone": false
    },
    "index_01_l": {
      "name": "index_01_l",
      "local": {
        "location": {
          "x": 0.0,
          "y": 0.0,
          "z": 0.0
        },
        "rotation_quaternion": {
          "w": 0.9920566082000732,
          "x": -0.12537366151809692,
          "y": 0.010153844952583313,
          "z": 0.001421087421476841
        },
        "scale": {
          "x": 1.0,
          "y": 1.0,
          "z": 1.0
        },
        "matrix_basis": [
          [
            0.9997897744178772,
            -0.005365647841244936,
            0.019790044054389,
            0.0
          ],
          [
            0.00027354888152331114,
            0.9685588479042053,
            0.2487843930721283,
            0.0
          ],
          [
            -0.020502712577581406,
            -0.24872668087482452,
            0.9683566689491272,
            0.0
          ],
          [
            0.0,
            0.0,
            0.0,
            1.0
          ]
        ],
        "rotation_mode": "QUATERNION"
      },
      "armature_space": {
        "head": {
          "x": -0.08320809155702591,
          "y": -0.48288261890411377,
          "z": 0.8140285611152649
        },
        "tail": {
          "x": -0.09658222645521164,
          "y": -0.5010319948196411,
          "z": 0.831487238407135
        }
      },
      "world_space": {
        "head": {
          "x": -0.08320809155702591,
          "y": -0.41963863372802734,
          "z": 1.7638826370239258
        },
        "tail": {
          "x": -0.09658222645521164,
          "y": -0.4377880096435547,
          "z": 1.781341314315796
        },
        "rotation_quaternion": {
          "w": 0.3663142919540405,
          "x": 0.8984202742576599,
          "y": -0.2180911898612976,
          "z": 0.10531407594680786
        },
        "matrix": [
          [
            0.8826901316642761,
            -0.46903151273727417,
            0.02945154905319214,
            -0.08320809155702591
          ],
          [
            -0.3147199749946594,
            -0.6364995837211609,
            -0.7041445970535278,
            -0.41963863372802734
          ],
          [
            0.349014014005661,
            0.6122763156890869,
            -0.7094510197639465,
            1.7638826370239258
          ],
          [
            0.0,
            0.0,
            0.0,
            1.0
          ]
        ]
      },
      "bone_length_armature_space": 0.028514430575471157,
      "parent": "metacarpal_index_l",
      "has_children": true,
      "is_end_bone": false
    },
    "index_02_l": {
      "name": "index_02_l",
      "local": {
        "location": {
          "x": 0.0,
          "y": 0.0,
          "z": 0.0
        },
        "rotation_quaternion": {
          "w": 0.998776376247406,
          "x": 0.04911994934082031,
          "y": 0.0023160327691584826,
          "z": -0.005255292169749737
        },
        "scale": {
          "x": 1.0,
          "y": 1.0,
          "z": 1.0
        },
        "matrix_basis": [
          [
            0.9999340176582336,
            0.010725250467658043,
            0.0041101183742284775,
            0.0
          ],
          [
            -0.010270196944475174,
            0.9951192140579224,
            -0.0981440320611,
            0.0
          ],
          [
            -0.00514267710968852,
            0.0980953499674797,
            0.9951637387275696,
            0.0
          ],
          [
            0.0,
            0.0,
            0.0,
            1.0
          ]
        ],
        "rotation_mode": "QUATERNION"
      },
      "armature_space": {
        "head": {
          "x": -0.09658261388540268,
          "y": -0.5010323524475098,
          "z": 0.8314871788024902
        },
        "tail": {
          "x": -0.10773517191410065,
          "y": -0.5187602639198303,
          "z": 0.8463005423545837
        }
      },
      "world_space": {
        "head": {
          "x": -0.09658261388540268,
          "y": -0.43778836727142334,
          "z": 1.7813411951065063
        },
        "tail": {
          "x": -0.10773517191410065,
          "y": -0.4555162787437439,
          "z": 1.796154499053955
        },
        "rotation_quaternion": {
          "w": 0.3327276110649109,
          "x": 0.916279673576355,
          "y": -0.20919647812843323,
          "z": 0.07720598578453064
        },
        "matrix": [
          [
            0.9005519151687622,
            -0.434742271900177,
            0.002272658050060272,
            -0.09658261388540268
          ],
          [
            -0.33198854327201843,
            -0.6910578608512878,
            -0.6420456171035767,
            -0.43778836727142334
          ],
          [
            0.2806965112686157,
            0.5774444341659546,
            -0.7666688561439514,
            1.7813411951065063
          ],
          [
            0.0,
            0.0,
            0.0,
            1.0
          ]
        ]
      },
      "bone_length_armature_space": 0.025653345606712025,
      "parent": "index_01_l",
      "has_children": true,
      "is_end_bone": false
    },
    "index_03_l": {
      "name": "index_03_l",
      "local": {
        "location": {
          "x": 0.0,
          "y": 0.0,
          "z": 0.0
        },
        "rotation_quaternion": {
          "w": 0.9999498128890991,
          "x": 0.0076627423986792564,
          "y": -0.004303444642573595,
          "z": 0.004808449652045965
        },
        "scale": {
          "x": 1.0,
          "y": 1.0,
          "z": 1.0
        },
        "matrix_basis": [
          [
            0.9999167323112488,
            -0.00968236941844225,
            -0.008532765321433544,
            0.0
          ],
          [
            0.00955046433955431,
            0.9998363256454468,
            -0.015366101637482643,
            0.0
          ],
          [
            0.008680148981511593,
            0.015283329412341118,
            0.9998455047607422,
            0.0
          ],
          [
            0.0,
            0.0,
            0.0,
            1.0
          ]
        ],
        "rotation_mode": "QUATERNION"
      },
      "armature_space": {
        "head": {
          "x": -0.10773519426584244,
          "y": -0.518760085105896,
          "z": 0.8463006019592285
        },
        "tail": {
          "x": -0.11815796792507172,
          "y": -0.5415205955505371,
          "z": 0.8613690733909607
        }
      },
      "world_space": {
        "head": {
          "x": -0.10773519426584244,
          "y": -0.45551609992980957,
          "z": 1.7961546182632446
        },
        "tail": {
          "x": -0.11815796792507172,
          "y": -0.4782766103744507,
          "z": 1.811223030090332
        },
        "rotation_quaternion": {
          "w": 0.29245954751968384,
          "x": 0.9374604225158691,
          "y": -0.15805551409721375,
          "z": 0.10321825742721558
        },
        "matrix": [
          [
            0.9287287592887878,
            -0.35671597719192505,
            0.10107560455799103,
            -0.10773519426584244
          ],
          [
            -0.23596766591072083,
            -0.7789714336395264,
            -0.5809669494628906,
            -0.45551609992980957
          ],
          [
            0.28597700595855713,
            0.5157132744789124,
            -0.8076327443122864,
            1.7961546182632446
          ],
          [
            0.0,
            0.0,
            0.0,
            1.0
          ]
        ]
      },
      "bone_length_armature_space": 0.02921872494133599,
      "parent": "index_02_l",
      "has_children": false,
      "is_end_bone": true
    },
    "metacarpal_pinky_l": {
      "name": "metacarpal_pinky_l",
      "local": {
        "location": {
          "x": 0.0,
          "y": 0.0,
          "z": 0.0
        },
        "rotation_quaternion": {
          "w": 0.9999046325683594,
          "x": 0.008473694324493408,
          "y": -0.010771527886390686,
          "z": -0.0016998695209622383
        },
        "scale": {
          "x": 1.0,
          "y": 1.0,
          "z": 1.0
        },
        "matrix_basis": [
          [
            0.9997621774673462,
            0.003216865472495556,
            -0.021569808945059776,
            0.0
          ],
          [
            -0.0035819641780108213,
            0.9998506307601929,
            -0.016909152269363403,
            0.0
          ],
          [
            0.021512193605303764,
            0.016982393339276314,
            0.9996243119239807,
            0.0
          ],
          [
            0.0,
            0.0,
            0.0,
            1.0
          ]
        ],
        "rotation_mode": "QUATERNION"
      },
      "armature_space": {
        "head": {
          "x": -0.00020550191402435303,
          "y": -0.40259015560150146,
          "z": 0.7942066192626953
        },
        "tail": {
          "x": -0.03909768909215927,
          "y": -0.4807440936565399,
          "z": 0.8509746789932251
        }
      },
      "world_space": {
        "head": {
          "x": -0.00020550191402435303,
          "y": -0.33934617042541504,
          "z": 1.7440606355667114
        },
        "tail": {
          "x": -0.03909768909215927,
          "y": -0.4175000786781311,
          "z": 1.8008286952972412
        },
        "rotation_quaternion": {
          "w": 0.02962898649275303,
          "x": -0.4621553421020508,
          "y": 0.3519294261932373,
          "z": 0.813437283039093
        },
        "matrix": [
          [
            -0.5710699558258057,
            -0.3734937310218811,
            -0.73101407289505,
            -0.00020550191402435303
          ],
          [
            -0.2770889103412628,
            -0.7505364418029785,
            0.5999308228492737,
            -0.33934617042541504
          ],
          [
            -0.7727285623550415,
            0.5451614856719971,
            0.32512062788009644,
            1.7440606355667114
          ],
          [
            0.0,
            0.0,
            0.0,
            1.0
          ]
        ]
      },
      "bone_length_armature_space": 0.1041309415879006,
      "parent": "lowerarm_l",
      "has_children": true,
      "is_end_bone": false
    },
    "pinky_01_l": {
      "name": "pinky_01_l",
      "local": {
        "location": {
          "x": 0.0,
          "y": 0.0,
          "z": 0.0
        },
        "rotation_quaternion": {
          "w": 0.9922490119934082,
          "x": -0.12214257568120956,
          "y": 0.02221725694835186,
          "z": -0.005435436964035034
        },
        "scale": {
          "x": 1.0,
          "y": 1.0,
          "z": 1.0
        },
        "matrix_basis": [
          [
            0.9989537000656128,
            0.005359267815947533,
            0.045417897403240204,
            0.0
          ],
          [
            -0.016213959082961082,
            0.9701033234596252,
            0.2421501725912094,
            0.0
          ],
          [
            -0.042762305587530136,
            -0.24263322353363037,
            0.9691751599311829,
            0.0
          ],
          [
            0.0,
            0.0,
            0.0,
            1.0
          ]
        ],
        "rotation_mode": "QUATERNION"
      },
      "armature_space": {
        "head": {
