{
  "metadata": {
    "armature_name": "KIM_caucasian_male",
    "export_time": "2026-01-13T19:11:22.516272",
    "blender_version": "4.4.1",
    "bone_count": 56,
    "end_bone_count": 13,
    "spaces_included": [
      "LOCAL_CHANNELS",
      "ARMATURE_SPACE",
      "WORLD_SPACE"
    ],
    "note": "LOCAL matches Transform panel; replay pose via local.matrix_basis for best fidelity."
  },
  "bones": {
    "Root": {
      "name": "Root",
      "local": {
        "location": {
          "x": 0.0,
          "y": 0.0,
          "z": 0.0
        },
        "rotation_quaternion": {
          "w": 0.9998462200164795,
          "x": -0.0004667506436817348,
          "y": -0.005624756217002869,
          "z": 0.01660466007888317
        },
        "scale": {
          "x": 1.0,
          "y": 1.0,
          "z": 1.0
        },
        "matrix_basis": [
          [
            0.9993852972984314,
            -0.03319896385073662,
            -0.011263282969594002,
            0.0
          ],
          [
            0.03320946544408798,
            0.9994481205940247,
            0.0007465634262189269,
            0.0
          ],
          [
            0.011232282035052776,
            -0.001120152068324387,
            0.9999362826347351,
            0.0
          ],
          [
            0.0,
            0.0,
            0.0,
            1.0
          ]
        ],
        "rotation_mode": "QUATERNION"
      },
      "armature_space": {
        "head": {
          "x": 0.0,
          "y": 0.07072800397872925,
          "z": -0.009595036506652832
        },
        "tail": {
          "x": -0.002369605004787445,
          "y": 4.978477954864502e-05,
          "z": 7.393024861812592e-05
        }
      },
      "world_space": {
        "head": {
          "x": 0.0,
          "y": 0.13397200405597687,
          "z": 0.9402589797973633
        },
        "tail": {
          "x": -0.002369605004787445,
          "y": 0.06329378485679626,
          "z": 0.9499279260635376
        },
        "rotation_quaternion": {
          "w": 0.06782298535108566,
          "x": 0.9975433349609375,
          "y": -0.016945866867899895,
          "z": -0.004493357613682747
        },
        "matrix": [
          [
            0.9993852972984314,
            -0.03319896385073662,
            -0.011263282969594002,
            0.0
          ],
          [
            -0.03441798314452171,
            -0.9902257323265076,
            -0.1351609081029892,
            0.13397200405597687
          ],
          [
            -0.006666069384664297,
            0.13546548783779144,
            -0.990766704082489,
            0.9402589797973633
          ],
          [
            0.0,
            0.0,
            0.0,
            1.0
          ]
        ]
      },
      "bone_length_armature_space": 0.07137586946449989,
      "parent": null,
      "has_children": true,
      "is_end_bone": false
    },
    "spine_01": {
      "name": "spine_01",
      "local": {
        "location": {
          "x": 0.0,
          "y": 0.0,
          "z": 0.0
        },
        "rotation_quaternion": {
          "w": 0.9995132088661194,
          "x": 0.004992583300918341,
          "y": 0.024971285834908485,
          "z": 0.018029041588306427
        },
        "scale": {
          "x": 1.0,
          "y": 1.0,
          "z": 1.0
        },
        "matrix_basis": [
          [
            0.9981027841567993,
            -0.03579118847846985,
            0.05009828135371208,
            0.0
          ],
          [
            0.03628987446427345,
            0.9993000626564026,
            -0.0090798893943429,
            0.0
          ],
          [
            -0.049738235771656036,
            0.010880722664296627,
            0.9987030029296875,
            0.0
          ],
          [
            0.0,
            0.0,
            0.0,
            1.0
          ]
        ],
        "rotation_mode": "QUATERNION"
      },
      "armature_space": {
        "head": {
          "x": -0.002369605004787445,
          "y": 4.978477954864502e-05,
          "z": 7.393024861812592e-05
        },
        "tail": {
          "x": -0.015958713367581367,
          "y": 0.018527688458561897,
          "z": 0.4875393211841583
        }
      },
      "world_space": {
        "head": {
          "x": -0.002369605004787445,
          "y": 0.06329378485679626,
          "z": 0.9499279260635376
        },
        "tail": {
          "x": -0.015958713367581367,
          "y": 0.08177168667316437,
          "z": 1.437393307685852
        },
        "rotation_quaternion": {
          "w": 0.7203588485717773,
          "x": 0.6934158802032471,
          "y": -0.00390171748585999,
          "z": 0.015572410076856613
        },
        "matrix": [
          [
            0.9994845986366272,
            -0.02784646302461624,
            0.0159752294421196,
            -0.002369605004787445
          ],
          [
            0.01702462136745453,
            0.03786446154117584,
            -0.9991378784179688,
            0.06329378485679626
          ],
          [
            0.027217773720622063,
            0.9989019632339478,
            0.038318369537591934,
            0.9499279260635376
          ],
          [
            0.0,
            0.0,
            0.0,
            1.0
          ]
        ]
      },
      "bone_length_armature_space": 0.48800470925409867,
      "parent": "Root",
      "has_children": true,
      "is_end_bone": false
    },
    "neck_01": {
      "name": "neck_01",
      "local": {
        "location": {
          "x": 0.0,
          "y": 0.0,
          "z": 0.0
        },
        "rotation_quaternion": {
          "w": 0.9922232627868652,
          "x": -0.07448793202638626,
          "y": -0.06622467935085297,
          "z": -0.07455865293741226
        },
        "scale": {
          "x": 1.0,
          "y": 1.0,
          "z": 1.0
        },
        "matrix_basis": [
          [
            0.9801105856895447,
            0.15782353281974792,
            -0.12031189352273941,
            0.0
          ],
          [
            -0.1380917876958847,
            0.9777851104736328,
            0.1576925665140152,
            0.0
          ],
          [
            0.142526775598526,
            -0.13794207572937012,
            0.9801316857337952,
            0.0
          ],
          [
            0.0,
            0.0,
            0.0,
            1.0
          ]
        ],
        "rotation_mode": "QUATERNION"
      },
      "armature_space": {
        "head": {
          "x": -0.01744356006383896,
          "y": -0.013350475579500198,
          "z": 0.5620062947273254
        },
        "tail": {
          "x": -0.0035786516964435577,
          "y": -0.03436598926782608,
          "z": 0.6613887548446655
        }
      },
      "world_space": {
        "head": {
          "x": -0.01744356006383896,
          "y": 0.04989352449774742,
          "z": 1.5118603706359863
        },
        "tail": {
          "x": -0.0035786516964435577,
          "y": 0.02887801080942154,
          "z": 1.6112427711486816
        },
        "rotation_quaternion": {
          "w": 0.6301389932632446,
          "x": 0.7718748450279236,
          "y": 0.020766982808709145,
          "z": -0.08187096565961838
        },
        "matrix": [
          [
            0.9857318997383118,
            0.13523924350738525,
            -0.10021520406007767,
            -0.01744356006383896
          ],
          [
            -0.07112034410238266,
            -0.20498672127723694,
            -0.9761775732040405,
            0.04989352449774742
          ],
          [
            -0.15256144106388092,
            0.969383180141449,
            -0.19244599342346191,
            1.5118603706359863
          ],
          [
            0.0,
            0.0,
            0.0,
            1.0
          ]
        ]
      },
      "bone_length_armature_space": 0.10252200180561825,
      "parent": "spine_01",
      "has_children": true,
      "is_end_bone": false
    },
    "head": {
      "name": "head",
      "local": {
        "location": {
          "x": 0.0,
          "y": 0.0,
          "z": 0.0
        },
        "rotation_quaternion": {
          "w": 0.9846208095550537,
          "x": -0.0779772624373436,
          "y": 0.10484656691551208,
          "z": 0.11596803367137909
        },
        "scale": {
          "x": 1.0,
          "y": 1.0,
          "z": 1.0
        },
        "matrix_basis": [
          [
            0.951117217540741,
            -0.24472036957740784,
            0.18838247656822205,
            0.0
          ],
          [
            0.21201777458190918,
            0.9609419107437134,
            0.17787377536296844,
            0.0
          ],
          [
            -0.22455395758152008,
            -0.12923836708068848,
            0.9658535122871399,
            0.0
          ],
          [
            0.0,
            0.0,
            0.0,
            1.0
          ]
        ],
        "rotation_mode": "QUATERNION"
      },
      "armature_space": {
        "head": {
          "x": -0.0035786768421530724,
          "y": -0.034366123378276825,
          "z": 0.661388635635376
        },
        "tail": {
          "x": -0.015938468277454376,
          "y": 0.01228061318397522,
          "z": 0.8087813854217529
        }
      },
      "world_space": {
        "head": {
          "x": -0.0035786768421530724,
          "y": 0.028877876698970795,
          "z": 1.611242651939392
        },
        "tail": {
          "x": -0.015938468277454376,
          "y": 0.07552461326122284,
          "z": 1.758635401725769
        },
        "rotation_quaternion": {
          "w": 0.8052127361297607,
          "x": 0.5855470299720764,
          "y": 0.04492196813225746,
          "z": 0.08215340226888657
        },
        "matrix": [
          [
            0.9824656844139099,
            -0.07969421148300171,
            0.1685532033443451,
            -0.0035786768421530724
          ],
          [
            0.18491019308567047,
            0.3007716238498688,
            -0.9355987310409546,
            0.028877876698970795
          ],
          [
            0.02386612817645073,
            0.9503676891326904,
            0.31023532152175903,
            1.611242651939392
          ],
          [
            0.0,
            0.0,
            0.0,
            1.0
          ]
        ]
      },
      "bone_length_armature_space": 0.15509128030752045,
      "parent": "neck_01",
      "has_children": false,
      "is_end_bone": true
    },
    "upperarm_l": {
      "name": "upperarm_l",
      "local": {
        "location": {
          "x": 0.0,
          "y": 0.0,
          "z": 0.0
        },
        "rotation_quaternion": {
          "w": 0.9320365786552429,
          "x": -0.10997051000595093,
          "y": -0.15169644355773926,
          "z": 0.3101656138896942
        },
        "scale": {
          "x": 1.0,
          "y": 1.0,
          "z": 1.0
        },
        "matrix_basis": [
          [
            0.7615709900856018,
            -0.5448071360588074,
            -0.3509913980960846,
            0.0
          ],
          [
            0.6115356683731079,
            0.7834075689315796,
            0.11089103668928146,
            0.0
          ],
          [
            0.21455512940883636,
            -0.29909512400627136,
            0.9297893643379211,
            0.0
          ],
          [
            0.0,
            0.0,
            0.0,
            1.0
          ]
        ],
        "rotation_mode": "QUATERNION"
      },
      "armature_space": {
        "head": {
          "x": 0.1344015896320343,
          "y": -0.016527945175766945,
          "z": 0.4990772306919098
        },
        "tail": {
          "x": 0.3389119505882263,
          "y": 0.07718903571367264,
          "z": 0.644681453704834
        }
      },
      "world_space": {
        "head": {
          "x": 0.1344015896320343,
          "y": 0.046716056764125824,
          "z": 1.4489312171936035
        },
        "tail": {
          "x": 0.3389119505882263,
          "y": 0.14043304324150085,
          "z": 1.59453547000885
        },
        "rotation_quaternion": {
          "w": 0.7649471163749695,
          "x": 0.477310448884964,
          "y": 0.2995340824127197,
          "z": -0.3119455873966217
        },
        "matrix": [
          [
            0.6259387731552124,
            0.763185441493988,
            0.1604645997285843,
            0.1344015896320343
          ],
          [
            -0.1913049966096878,
            0.34973010420799255,
            -0.9171103835105896,
            0.046716056764125824
          ],
          [
            -0.7560500502586365,
            0.5433613061904907,
            0.3649124205112457,
            1.4489312171936035
          ],
          [
            0.0,
            0.0,
            0.0,
            1.0
          ]
        ]
      },
      "bone_length_armature_space": 0.26797005045550226,
      "parent": "spine_01",
      "has_children": true,
      "is_end_bone": false
    },
    "lowerarm_l": {
      "name": "lowerarm_l",
      "local": {
        "location": {
          "x": 0.0,
          "y": 0.0,
          "z": 0.0
        },
        "rotation_quaternion": {
          "w": 0.8691287040710449,
          "x": 0.42462465167045593,
          "y": -0.12958982586860657,
          "z": 0.21798093616962433
        },
        "scale": {
          "x": 1.0,
          "y": 1.0,
          "z": 1.0
        },
        "matrix_basis": [
          [
            0.8713815808296204,
            -0.48896104097366333,
            -0.040140315890312195,
            0.0
          ],
          [
            0.26885291934013367,
            0.5443564057350159,
            -0.794603168964386,
            0.0
          ],
          [
            0.41038063168525696,
            0.6816107034683228,
            0.6058007478713989,
            0.0
          ],
          [
            0.0,
            0.0,
            0.0,
            1.0
          ]
        ],
        "rotation_mode": "QUATERNION"
      },
      "armature_space": {
        "head": {
          "x": 0.3389119505882263,
          "y": 0.07718904316425323,
          "z": 0.6446816325187683
        },
        "tail": {
          "x": 0.3518160581588745,
          "y": -0.013814955949783325,
          "z": 0.8959224224090576
        }
      },
      "world_space": {
        "head": {
          "x": 0.3389119505882263,
          "y": 0.14043304324150085,
          "z": 1.5945355892181396
        },
        "tail": {
          "x": 0.3518160581588745,
          "y": 0.049429044127464294,
          "z": 1.8457764387130737
        },
        "rotation_quaternion": {
          "w": 0.5485122799873352,
          "x": 0.7682302594184875,
          "y": -0.1704374998807907,
          "z": -0.28267958760261536
        },
        "matrix": [
          [
            0.7820873260498047,
            0.04823523759841919,
            -0.6212993860244751,
            0.3389119505882263
          ],
          [
            -0.5719764232635498,
            -0.3401707410812378,
            -0.7464094161987305,
            0.14043304324150085
          ],
          [
            -0.24735338985919952,
            0.9391320943832397,
            -0.2384561151266098,
            1.5945355892181396
          ],
          [
            0.0,
            0.0,
            0.0,
            1.0
          ]
        ]
      },
      "bone_length_armature_space": 0.2675260388493952,
      "parent": "upperarm_l",
      "has_children": true,
      "is_end_bone": false
    },
    "metacarpal_thumb_l": {
      "name": "metacarpal_thumb_l",
      "local": {
        "location": {
          "x": 0.0,
          "y": 0.0,
          "z": 0.0
        },
        "rotation_quaternion": {
          "w": 0.9989238977432251,
          "x": -0.04503249749541283,
          "y": -0.001260758494026959,
          "z": -0.011027957312762737
        },
        "scale": {
          "x": 1.0,
          "y": 1.0,
          "z": 1.0
        },
        "matrix_basis": [
          [
            0.9997535943984985,
            0.022145729511976242,
            -0.0015255706384778023,
            0.0
          ],
          [
            -0.021918630227446556,
            0.9957008957862854,
            0.08999588340520859,
            0.0
          ],
          [
            0.003512036520987749,
            -0.08994027227163315,
            0.9959409832954407,
            0.0
          ],
          [
            0.0,
            0.0,
            0.0,
            1.0
          ]
        ],
        "rotation_mode": "QUATERNION"
      },
      "armature_space": {
        "head": {
          "x": 0.3518160581588745,
          "y": -0.013814955949783325,
          "z": 0.8959224224090576
        },
        "tail": {
          "x": 0.339830219745636,
          "y": -0.05138944089412689,
          "z": 0.9258906245231628
        }
      },
      "world_space": {
        "head": {
          "x": 0.3518160581588745,
          "y": 0.049429044127464294,
          "z": 1.8457764387130737
        },
        "tail": {
          "x": 0.339830219745636,
          "y": 0.011854559183120728,
          "z": 1.8757445812225342
        },
        "rotation_quaternion": {
          "w": 0.34492260217666626,
          "x": 0.8224427700042725,
          "y": 0.041789669543504715,
          "z": 0.45041099190711975
        },
        "matrix": [
          [
            0.5907679796218872,
            -0.2419733703136444,
            0.7697026133537292,
            0.3518160581588745
          ],
          [
            0.3794528543949127,
            -0.7585645318031311,
            -0.529712438583374,
            0.049429044127464294
          ],
          [
            0.7120507955551147,
            0.6050063967704773,
            -0.3563212752342224,
            1.8457764387130737
          ],
          [
            0.0,
            0.0,
            0.0,
            1.0
          ]
        ]
      },
      "bone_length_armature_space": 0.0495337806851082,
      "parent": "lowerarm_l",
      "has_children": true,
      "is_end_bone": false
    },
    "thumb_01_l": {
      "name": "thumb_01_l",
      "local": {
        "location": {
          "x": 0.0,
          "y": 0.0,
          "z": 0.0
        },
        "rotation_quaternion": {
          "w": 0.9987788200378418,
          "x": 0.046077143400907516,
          "y": 0.0061431219801306725,
          "z": -0.016737623140215874
        },
        "scale": {
          "x": 1.0,
          "y": 1.0,
          "z": 1.0
        },
        "matrix_basis": [
          [
            0.9993642568588257,
            0.03400048241019249,
            0.010728796944022179,
            0.0
          ],
          [
            -0.03286825120449066,
            0.9951934814453125,
            -0.0922473892569542,
            0.0
          ],
          [
            -0.0138136837631464,
            0.0918361097574234,
            0.9956783056259155,
            0.0
          ],
          [
            0.0,
            0.0,
            0.0,
            1.0
          ]
        ],
        "rotation_mode": "QUATERNION"
      },
      "armature_space": {
        "head": {
          "x": 0.339830219745636,
          "y": -0.05138944089412689,
          "z": 0.9258906245231628
        },
        "tail": {
          "x": 0.3525020182132721,
          "y": -0.0826260894536972,
          "z": 0.9306153059005737
        }
      },
      "world_space": {
        "head": {
          "x": 0.339830219745636,
          "y": 0.011854559183120728,
          "z": 1.8757445812225342
        },
        "tail": {
          "x": 0.3525020182132721,
          "y": -0.019382089376449585,
          "z": 1.8804693222045898
        },
        "rotation_quaternion": {
          "w": 0.15287402272224426,
          "x": -0.3453902304172516,
          "y": -0.1333697885274887,
          "z": -0.9162683486938477
        },
        "matrix": [
          [
            -0.7146701216697693,
            0.3722771406173706,
            0.5921624898910522,
            0.339830219745636
          ],
          [
            -0.18801796436309814,
            -0.9176837205886841,
            0.3500082492828369,
            0.011854559183120728
          ],
          [
            0.6737223863601685,
            0.13880319893360138,
            0.7258414030075073,
            1.8757445812225342
          ],
          [
            0.0,
            0.0,
            0.0,
            1.0
          ]
        ]
      },
      "bone_length_armature_space": 0.03403858546380894,
      "parent": "metacarpal_thumb_l",
      "has_children": true,
      "is_end_bone": false
    },
    "thumb_02_l": {
      "name": "thumb_02_l",
      "local": {
        "location": {
          "x": 0.0,
          "y": 0.0,
          "z": 0.0
        },
        "rotation_quaternion": {
          "w": 0.989850640296936,
          "x": 0.14176230132579803,
          "y": -0.007470741868019104,
          "z": 0.0065949056297540665
        },
        "scale": {
          "x": 1.0,
          "y": 1.0,
          "z": 1.0
        },
        "matrix_basis": [
          [
            0.9998013973236084,
            -0.015174082480370998,
            -0.012920019216835499,
            0.0
          ],
          [
            0.010937804356217384,
            0.9597198963165283,
            -0.2807455360889435,
            0.0
          ],
          [
            0.016659654676914215,
            0.28054848313331604,
            0.9596952795982361,
            0.0
          ],
          [
            0.0,
            0.0,
            0.0,
            1.0
          ]
        ],
        "rotation_mode": "QUATERNION"
      },
      "armature_space": {
        "head": {
          "x": 0.3525019884109497,
          "y": -0.08262608200311661,
          "z": 0.9306151866912842
        },
        "tail": {
          "x": 0.3534488379955292,
          "y": -0.08617953211069107,
          "z": 0.9706111550331116
        }
      },
      "world_space": {
        "head": {
          "x": 0.3525019884109497,
          "y": -0.019382081925868988,
          "z": 1.8804692029953003
        },
        "tail": {
          "x": 0.3534488379955292,
          "y": -0.02293553203344345,
          "z": 1.9204652309417725
        },
        "rotation_quaternion": {
          "w": 0.10079274326562881,
          "x": 0.09284724295139313,
          "y": -0.6675359010696411,
          "z": -0.73185795545578
        },
        "matrix": [
          [
            -0.9624404907226562,
            0.02357436716556549,
            -0.27046751976013184,
            0.3525019884109497
          ],
          [
            -0.271489679813385,
            -0.08847261965274811,
            0.9583662152290344,
            -0.019382081925868988
          ],
          [
            -0.001336442306637764,
            0.9958063960075378,
            0.09155163168907166,
            1.8804692029953003
          ],
          [
            0.0,
            0.0,
            0.0,
            1.0
          ]
        ]
      },
      "bone_length_armature_space": 0.0401646737960561,
      "parent": "thumb_01_l",
      "has_children": true,
      "is_end_bone": false
    },
    "thumb_03_l": {
      "name": "thumb_03_l",
      "local": {
        "location": {
          "x": 0.0,
          "y": 0.0,
          "z": 0.0
        },
        "rotation_quaternion": {
          "w": 0.9975634813308716,
          "x": 0.06922692060470581,
          "y": 0.0008625688496977091,
          "z": 0.008606557734310627
        },
        "scale": {
          "x": 1.0,
          "y": 1.0,
          "z": 1.0
        },
        "matrix_basis": [
          [
            0.9998503923416138,
            -0.01705174893140793,
            0.002912545343860984,
            0.0
          ],
          [
            0.017290601506829262,
            0.9902670979499817,
            -0.13810165226459503,
            0.0
          ],
          [
            -0.000529323413502425,
            0.13813135027885437,
            0.9904137849807739,
            0.0
          ],
          [
            0.0,
            0.0,
            0.0,
            1.0
          ]
        ],
        "rotation_mode": "QUATERNION"
      },
      "armature_space": {
        "head": {
          "x": 0.3534488081932068,
          "y": -0.08617959916591644,
          "z": 0.9706110954284668
        },
        "tail": {
          "x": 0.354386568069458,
          "y": -0.07599849998950958,
          "z": 0.9992880821228027
        }
      },
      "world_space": {
        "head": {
          "x": 0.3534488081932068,
          "y": -0.022935599088668823,
          "z": 1.920465111732483
        },
        "tail": {
          "x": 0.354386568069458,
          "y": -0.012754499912261963,
          "z": 1.9491420984268188
        },
        "rotation_quaternion": {
          "w": 0.28180253505706787,
          "x": 0.18121960759162903,
          "y": -0.766676127910614,
          "z": -0.5476809740066528
        },
        "matrix": [
          [
            -0.7754940390586853,
            0.03080172836780548,
            -0.6306032538414001,
            0.3534488081932068
          ],
          [
            -0.5865487456321716,
            0.33441072702407837,
            0.7376517057418823,
            -0.022935599088668823
          ],
          [
            0.23360231518745422,
            0.941930890083313,
            -0.24126756191253662,
            1.920465111732483
          ],
          [
            0.0,
            0.0,
            0.0,
            1.0
          ]
        ]
      },
      "bone_length_armature_space": 0.030445094328747212,
      "parent": "thumb_02_l",
      "has_children": false,
      "is_end_bone": true
    },
    "metacarpal_index_l": {
      "name": "metacarpal_index_l",
      "local": {
        "location": {
          "x": 0.0,
          "y": 0.0,
          "z": 0.0
        },
        "rotation_quaternion": {
          "w": 0.9999418258666992,
          "x": -0.00855046696960926,
          "y": -0.00498352013528347,
          "z": -0.004296864848583937
        },
        "scale": {
          "x": 1.0,
          "y": 1.0,
          "z": 1.0
        },
        "matrix_basis": [
          [
            0.9999133944511414,
            0.008678453043103218,
            -0.009892979636788368,
            0.0
          ],
          [
            -0.008508007042109966,
            0.9998168349266052,
            0.01714276522397995,
            0.0
          ],
          [
            0.010039940476417542,
            -0.017057111486792564,
            0.9998040795326233,
            0.0
          ],
          [
            0.0,
            0.0,
            0.0,
            1.0
          ]
        ],
        "rotation_mode": "QUATERNION"
      },
      "armature_space": {
        "head": {
          "x": 0.3518160581588745,
          "y": -0.013814955949783325,
          "z": 0.8959224224090576
        },
        "tail": {
          "x": 0.3400057554244995,
          "y": -0.08001061528921127,
          "z": 0.9918806552886963
        }
      },
      "world_space": {
        "head": {
          "x": 0.3518160581588745,
          "y": 0.049429044127464294,
          "z": 1.8457764387130737
        },
        "tail": {
          "x": 0.3400057554244995,
          "y": -0.016766615211963654,
          "z": 1.9417346715927124
        },
        "rotation_quaternion": {
          "w": 0.46595799922943115,
          "x": 0.8724291920661926,
          "y": 0.020255200564861298,
          "z": 0.14608313143253326
        },
        "matrix": [
          [
            0.9564992189407349,
            -0.1007947027683258,
            0.27376994490623474,
            0.3518160581588745
          ],
          [
            0.1714792549610138,
            -0.564945638179779,
            -0.8071130514144897,
            0.049429044127464294
          ],
          [
            0.2360195815563202,
            0.8189538717269897,
            -0.5230902433395386,
            1.8457764387130737
          ],
          [
            0.0,
            0.0,
            0.0,
            1.0
          ]
        ]
      },
      "bone_length_armature_space": 0.11717222829491532,
      "parent": "lowerarm_l",
      "has_children": true,
      "is_end_bone": false
    },
    "index_01_l": {
      "name": "index_01_l",
      "local": {
        "location": {
          "x": 0.0,
          "y": 0.0,
          "z": 0.0
        },
        "rotation_quaternion": {
          "w": 0.9982678890228271,
          "x": -0.052760325372219086,
          "y": -0.01469154842197895,
          "z": 0.02148875966668129
        },
        "scale": {
          "x": 1.0,
          "y": 1.0,
          "z": 1.0
        },
        "matrix_basis": [
          [
            0.9986447691917419,
            -0.04135281592607498,
            -0.03159971162676811,
            0.0
          ],
          [
            0.04445333778858185,
            0.9935091733932495,
            0.10470647364854813,
            0.0
          ],
          [
            0.027064694091677666,
            -0.10596928000450134,
            0.994001030921936,
            0.0
          ],
          [
            0.0,
            0.0,
            0.0,
            1.0
          ]
        ],
        "rotation_mode": "QUATERNION"
      },
      "armature_space": {
        "head": {
          "x": 0.3400057554244995,
          "y": -0.08001061528921127,
          "z": 0.9918806552886963
        },
        "tail": {
          "x": 0.34360042214393616,
          "y": -0.08800848573446274,
          "z": 1.019013524055481
        }
      },
      "world_space": {
        "head": {
          "x": 0.3400057554244995,
          "y": -0.016766615211963654,
          "z": 1.9417346715927124
        },
        "tail": {
          "x": 0.34360042214393616,
          "y": -0.02476448565721512,
          "z": 1.968867540359497
        },
        "rotation_quaternion": {
          "w": 0.5826961398124695,
          "x": 0.7955200672149658,
          "y": 0.1422048658132553,
          "z": 0.08596992492675781
        },
        "matrix": [
          [
            0.9447739124298096,
            0.12606525421142578,
            0.30250653624534607,
            0.3400057554244995
          ],
          [
            0.3264428675174713,
            -0.2804855406284332,
            -0.9026422500610352,
            -0.016766615211963654
          ],
          [
            -0.028943020850419998,
            0.9515501260757446,
            -0.30615150928497314,
            1.9417346715927124
          ],
          [
            0.0,
            0.0,
            0.0,
            1.0
          ]
        ]
      },
      "bone_length_armature_space": 0.028514559961077428,
      "parent": "metacarpal_index_l",
      "has_children": true,
      "is_end_bone": false
    },
    "index_02_l": {
      "name": "index_02_l",
      "local": {
        "location": {
          "x": 0.0,
          "y": 0.0,
          "z": 0.0
        },
        "rotation_quaternion": {
          "w": 0.9844468235969543,
          "x": 0.17556902766227722,
          "y": -0.002174122491851449,
          "z": -0.005944227799773216
        },
        "scale": {
          "x": 1.0,
          "y": 1.0,
          "z": 1.0
        },
        "matrix_basis": [
          [
            0.9999198913574219,
            0.010940135456621647,
            -0.006367860361933708,
            0.0
          ],
          [
            -0.012466969899833202,
            0.9382803440093994,
            -0.34565088152885437,
            0.0
          ],
          [
            0.0021933712996542454,
            0.345702588558197,
            0.9383415579795837,
            0.0
          ],
          [
            0.0,
            0.0,
            0.0,
            1.0
          ]
        ],
        "rotation_mode": "QUATERNION"
      },
      "armature_space": {
        "head": {
          "x": 0.343600332736969,
          "y": -0.08800895512104034,
          "z": 1.01901376247406
        },
        "tail": {
          "x": 0.3495286703109741,
          "y": -0.10194215923547745,
          "z": 1.0397216081619263
        }
      },
      "world_space": {
        "head": {
          "x": 0.343600332736969,
          "y": -0.024764955043792725,
          "z": 1.9688677787780762
        },
        "tail": {
          "x": 0.3495286703109741,
          "y": -0.03869815915822983,
          "z": 1.9895756244659424
        },
        "rotation_quaternion": {
          "w": 0.45570072531700134,
          "x": 0.878058135509491,
          "y": 0.14411385357379913,
          "z": 0.024123141542077065
        },
        "matrix": [
          [
            0.9572985172271729,
            0.2310950756072998,
            0.17370936274528503,
            0.343600332736969
          ],
          [
            0.2750672698020935,
            -0.5431356430053711,
            -0.7933106422424316,
            -0.024764955043792725
          ],
          [
            -0.08898281306028366,
            0.8072217106819153,
            -0.5835143327713013,
            1.9688677787780762
          ],
          [
            0.0,
            0.0,
            0.0,
            1.0
          ]
        ]
      },
      "bone_length_armature_space": 0.025653347521187933,
      "parent": "index_01_l",
      "has_children": true,
      "is_end_bone": false
    },
    "index_03_l": {
      "name": "index_03_l",
      "local": {
        "location": {
          "x": 0.0,
          "y": 0.0,
          "z": 0.0
        },
        "rotation_quaternion": {
          "w": 0.9794357419013977,
          "x": 0.20172688364982605,
          "y": 0.003378571243956685,
          "z": -0.0008264099014922976
        },
        "scale": {
          "x": 1.0,
          "y": 1.0,
          "z": 1.0
        },
        "matrix_basis": [
          [
            0.9999758005142212,
            0.002981928177177906,
            0.00628476869314909,
            0.0
          ],
          [
            -0.0002557334955781698,
            0.9186111688613892,
            -0.3951626121997833,
            0.0
          ],
          [
            -0.006951604969799519,
            0.3951514661312103,
            0.91858971118927,
            0.0
          ],
          [
            0.0,
            0.0,
            0.0,
            1.0
          ]
        ],
        "rotation_mode": "QUATERNION"
      },
      "armature_space": {
        "head": {
          "x": 0.34952861070632935,
          "y": -0.1019420474767685,
          "z": 1.0397217273712158
        },
        "tail": {
          "x": 0.36098554730415344,
          "y": -0.12586861848831177,
          "z": 1.0519688129425049
        }
      },
      "world_space": {
        "head": {
          "x": 0.34952861070632935,
          "y": -0.038698047399520874,
          "z": 1.989575743675232
        },
        "tail": {
          "x": 0.36098554730415344,
          "y": -0.06262461841106415,
          "z": 2.0018229484558105
        },
        "rotation_quaternion": {
          "w": 0.2217787504196167,
          "x": 0.953599214553833,
          "y": 0.2034071683883667,
          "z": -0.009405519813299179
        },
        "matrix": [
          [
            0.9170742630958557,
            0.39210978150367737,
            0.07228508591651917,
            0.34952861070632935
          ],
          [
            0.38376614451408386,
            -0.818879246711731,
            -0.4268025755882263,
            -0.038698047399520874
          ],
          [
            -0.10816105455160141,
            0.41915223002433777,
            -0.9014579057693481,
            1.989575743675232
          ],
          [
            0.0,
            0.0,
            0.0,
            1.0
          ]
        ]
      },
      "bone_length_armature_space": 0.02921871448262244,
      "parent": "index_02_l",
      "has_children": false,
      "is_end_bone": true
    },
    "metacarpal_pinky_l": {
      "name": "metacarpal_pinky_l",
      "local": {
        "location": {
          "x": 0.0,
          "y": 0.0,
          "z": 0.0
        },
        "rotation_quaternion": {
          "w": 0.999806821346283,
          "x": 0.011763322167098522,
          "y": 0.014793232083320618,
          "z": -0.005402018316090107
        },
        "scale": {
          "x": 1.0,
          "y": 1.0,
          "z": 1.0
        },
        "matrix_basis": [
          [
            0.9995039701461792,
            0.011149984784424305,
            0.029453657567501068,
            0.0
          ],
          [
            -0.010453914292156696,
            0.9996649026870728,
            -0.023681925609707832,
            0.0
          ],
          [
            -0.029707839712500572,
            0.02336227335035801,
            0.9992855787277222,
            0.0
          ],
          [
            0.0,
            0.0,
            0.0,
            1.0
          ]
        ],
        "rotation_mode": "QUATERNION"
      },
      "armature_space": {
        "head": {
          "x": 0.3518160581588745,
          "y": -0.013814955949783325,
          "z": 0.8959224224090576
        },
        "tail": {
          "x": 0.374065637588501,
          "y": -0.024555668234825134,
          "z": 0.9970804452896118
        }
      },
      "world_space": {
        "head": {
          "x": 0.3518160581588745,
          "y": 0.049429044127464294,
          "z": 1.8457764387130737
        },
        "tail": {
          "x": 0.374065637588501,
          "y": 0.038688331842422485,
          "z": 1.946934461593628
        },
        "rotation_quaternion": {
          "w": 0.45009347796440125,
          "x": 0.36940184235572815,
          "y": -0.4958246946334839,
          "z": -0.6442950963973999
        },
        "matrix": [
          [
            -0.32191553711891174,
            0.21366961300373077,
            -0.9223425984382629,
            0.3518160581588745
          ],
          [
            -0.9463034272193909,
            -0.10314638912677765,
            0.3063834309577942,
            0.049429044127464294
          ],
          [
            -0.029672525823116302,
            0.9714521169662476,
            0.2354026734828949,
            1.8457764387130737
          ],
          [
            0.0,
            0.0,
            0.0,
            1.0
          ]
        ]
      },
      "bone_length_armature_space": 0.10413141965894232,
      "parent": "lowerarm_l",
      "has_children": true,
      "is_end_bone": false
    },
    "pinky_01_l": {
      "name": "pinky_01_l",
      "local": {
        "location": {
          "x": 0.0,
          "y": 0.0,
          "z": 0.0
        },
        "rotation_quaternion": {
          "w": 0.999265730381012,
          "x": 0.03500450402498245,
          "y": -0.003425776492804289,
          "z": -0.015196924097836018
        },
        "scale": {
          "x": 1.0,
          "y": 1.0,
          "z": 1.0
        },
        "matrix_basis": [
          [
            0.999514639377594,
            0.030131695792078972,
            -0.007910443469882011,
            0.0
          ],
          [
            -0.030611366033554077,
            0.9970874786376953,
            -0.06985347718000412,
            0.0
          ],
          [
            0.005782600492238998,
            0.07006172835826874,
            0.9975258708000183,
            0.0
          ],
          [
            0.0,
            0.0,
            0.0,
            1.0
          ]
        ],
        "rotation_mode": "QUATERNION"
      },
      "armature_space": {
        "head": {
          "x": 0.374065637588501,
          "y": -0.024555668234825134,
          "z": 0.9970804452896118
        },
