{
  "metadata": {
    "armature_name": "KIM_caucasian_male",
    "export_time": "2026-01-13T20:55:39.488781",
    "blender_version": "4.4.1",
    "bone_count": 56,
    "end_bone_count": 13,
    "spaces_included": [
      "LOCAL_CHANNELS",
      "ARMATURE_SPACE",
      "WORLD_SPACE"
    ],
    "note": "LOCAL matches Transform panel; replay pose via local.matrix_basis for best fidelity."
  },
  "bones": {
    "Root": {
      "name": "Root",
      "local": {
        "location": {
          "x": 0.0,
          "y": 0.0,
          "z": 0.0
        },
        "rotation_quaternion": {
          "w": 0.9998699426651001,
          "x": -0.005497909616678953,
          "y": -0.013909373432397842,
          "z": -0.006046678870916367
        },
        "scale": {
          "x": 1.0,
          "y": 1.0,
          "z": 1.0
        },
        "matrix_basis": [
          [
            0.9995399117469788,
            0.01224473025649786,
            -0.02774864062666893,
            0.0
          ],
          [
            -0.01193884015083313,
            0.9998664259910583,
            0.011162600480020046,
            0.0
          ],
          [
            0.027881616726517677,
            -0.010826177895069122,
            0.9995526075363159,
            0.0
          ],
          [
            0.0,
            0.0,
            0.0,
            1.0
          ]
        ],
        "rotation_mode": "QUATERNION"
      },
      "armature_space": {
        "head": {
          "x": 0.0,
          "y": 0.07072800397872925,
          "z": -0.009595036506652832
        },
        "tail": {
          "x": 0.0008739782497286797,
          "y": 0.00011333078145980835,
          "z": 0.0007644370198249817
        }
      },
      "world_space": {
        "head": {
          "x": 0.0,
          "y": 0.13397200405597687,
          "z": 0.9402589797973633
        },
        "tail": {
          "x": 0.0008739782497286797,
          "y": 0.06335733085870743,
          "z": 0.9506184458732605
        },
        "rotation_quaternion": {
          "w": 0.07284431159496307,
          "x": 0.9972280263900757,
          "y": 0.0050958977080881596,
          "z": -0.014285129494965076
        },
        "matrix": [
          [
            0.9995399117469788,
            0.01224473025649786,
            -0.02774864062666893,
            0.0
          ],
          [
            0.008082356303930283,
            -0.9893354177474976,
            -0.14543083310127258,
            0.13397200405597687
          ],
          [
            -0.029233671724796295,
            0.14513972401618958,
            -0.9889862537384033,
            0.9402589797973633
          ],
          [
            0.0,
            0.0,
            0.0,
            1.0
          ]
        ]
      },
      "bone_length_armature_space": 0.0713758674018356,
      "parent": null,
      "has_children": true,
      "is_end_bone": false
    },
    "spine_01": {
      "name": "spine_01",
      "local": {
        "location": {
          "x": 0.0,
          "y": 0.0,
          "z": 0.0
        },
        "rotation_quaternion": {
          "w": 0.9941723346710205,
          "x": 0.07153014838695526,
          "y": 0.022584766149520874,
          "z": 0.07742642611265182
        },
        "scale": {
          "x": 1.0,
          "y": 1.0,
          "z": 1.0
        },
        "matrix_basis": [
          [
            0.9869901537895203,
            -0.15071943402290344,
            0.05598294734954834,
            0.0
          ],
          [
            0.15718141198158264,
            0.9777771830558777,
            -0.1387292742729187,
            0.0
          ],
          [
            -0.03382965177297592,
            0.14572390913963318,
            0.988746702671051,
            0.0
          ],
          [
            0.0,
            0.0,
            0.0,
            1.0
          ]
        ],
        "rotation_mode": "QUATERNION"
      },
      "armature_space": {
        "head": {
          "x": 0.0008739782497286797,
          "y": 0.00011333078145980835,
          "z": 0.0007644370198249817
        },
        "tail": {
          "x": -0.05824656039476395,
          "y": -0.043876275420188904,
          "z": 0.48317310214042664
        }
      },
      "world_space": {
        "head": {
          "x": 0.0008739782497286797,
          "y": 0.06335733085870743,
          "z": 0.9506184458732605
        },
        "tail": {
          "x": -0.05824656039476395,
          "y": 0.019367724657058716,
          "z": 1.4330271482467651
        },
        "rotation_quaternion": {
          "w": 0.6740604639053345,
          "x": 0.7355287075042725,
          "y": -0.023896966129541397,
          "z": 0.06378842890262604
        },
        "matrix": [
          [
            0.9907199740409851,
            -0.12114834040403366,
            0.0616195872426033,
            0.0008739782497286797
          ],
          [
            0.05083990842103958,
            -0.09014240652322769,
            -0.9946303963661194,
            0.06335733085870743
          ],
          [
            0.1260533183813095,
            0.9885398745536804,
            -0.08314818888902664,
            0.9506184458732605
          ],
          [
            0.0,
            0.0,
            0.0,
            1.0
          ]
        ]
      },
      "bone_length_armature_space": 0.48800455801103876,
      "parent": "Root",
      "has_children": true,
      "is_end_bone": false
    },
    "neck_01": {
      "name": "neck_01",
      "local": {
        "location": {
          "x": 0.0,
          "y": 0.0,
          "z": 0.0
        },
        "rotation_quaternion": {
          "w": 0.9869894981384277,
          "x": 0.040492963045835495,
          "y": -0.06217557564377785,
          "z": -0.14264045655727386
        },
        "scale": {
          "x": 1.0,
          "y": 1.0,
          "z": 1.0
        },
        "matrix_basis": [
          [
            0.9515758156776428,
            0.27653393149375916,
            -0.13428515195846558,
            0.0
          ],
          [
            -0.2866046130657196,
            0.9560280442237854,
            -0.06219475343823433,
            0.0
          ],
          [
            0.11118140816688538,
            0.09766976535320282,
            0.9889890551567078,
            0.0
          ],
          [
            0.0,
            0.0,
            0.0,
            1.0
          ]
        ],
        "rotation_mode": "QUATERNION"
      },
      "armature_space": {
        "head": {
          "x": -0.06497985869646072,
          "y": -0.08497057855129242,
          "z": 0.5526688694953918
        },
        "tail": {
          "x": -0.0445624440908432,
          "y": -0.13765192031860352,
          "z": 0.6382172107696533
        }
      },
      "world_space": {
        "head": {
          "x": -0.06497985869646072,
          "y": -0.0217265784740448,
          "z": 1.5025229454040527
        },
        "tail": {
          "x": -0.0445624440908432,
          "y": -0.0744079202413559,
          "z": 1.5880712270736694
        },
        "rotation_quaternion": {
          "w": 0.48639169335365295,
          "x": 0.8678803443908691,
          "y": 0.0805869773030281,
          "z": -0.06093122810125351
        },
        "matrix": [
          [
            0.9795862436294556,
            0.19915281236171722,
            -0.02736750990152359,
            -0.06497985869646072
          ],
          [
            0.08060756325721741,
            -0.513857364654541,
            -0.8540803790092468,
            -0.0217265784740448
          ],
          [
            -0.18415667116641998,
            0.8344445824623108,
            -0.5194252729415894,
            1.5025229454040527
          ],
          [
            0.0,
            0.0,
            0.0,
            1.0
          ]
        ]
      },
      "bone_length_armature_space": 0.10252176945049639,
      "parent": "spine_01",
      "has_children": true,
      "is_end_bone": false
    },
    "head": {
      "name": "head",
      "local": {
        "location": {
          "x": 0.0,
          "y": 0.0,
          "z": 0.0
        },
        "rotation_quaternion": {
          "w": 0.9761720895767212,
          "x": -0.062313929200172424,
          "y": -0.05096086487174034,
          "z": 0.201514333486557
        },
        "scale": {
          "x": 1.0,
          "y": 1.0,
          "z": 1.0
        },
        "matrix_basis": [
          [
            0.9135899543762207,
            -0.38707420229911804,
            -0.12460745126008987,
            0.0
          ],
          [
            0.39977648854255676,
            0.911017894744873,
            0.10111954808235168,
            0.0
          ],
          [
            0.0743788480758667,
            -0.142196923494339,
            0.9870399236679077,
            0.0
          ],
          [
            0.0,
            0.0,
            0.0,
            1.0
          ]
        ],
        "rotation_mode": "QUATERNION"
      },
      "armature_space": {
        "head": {
          "x": -0.04456246644258499,
          "y": -0.13765200972557068,
          "z": 0.6382170915603638
        },
        "tail": {
          "x": -0.07679786533117294,
          "y": -0.1447201520204544,
          "z": 0.7897565364837646
        }
      },
      "world_space": {
        "head": {
          "x": -0.04456246644258499,
          "y": -0.07440800964832306,
          "z": 1.5880711078643799
        },
        "tail": {
          "x": -0.07679786533117294,
          "y": -0.08147615194320679,
          "z": 1.7396105527877808
        },
        "rotation_quaternion": {
          "w": 0.6840433478355408,
          "x": 0.7212918996810913,
          "y": -0.09642280638217926,
          "z": 0.050253599882125854
        },
        "matrix": [
          [
            0.9763544201850891,
            -0.20784933865070343,
            -0.05942108482122421,
            -0.04456246644258499
          ],
          [
            -0.07034802436828613,
            -0.0455743670463562,
            -0.9964810013771057,
            -0.07440800964832306
          ],
          [
            0.20441119372844696,
            0.9771053791046143,
            -0.059119850397109985,
            1.5880711078643799
          ],
          [
            0.0,
            0.0,
            0.0,
            1.0
          ]
        ]
      },
      "bone_length_armature_space": 0.1550912096666975,
      "parent": "neck_01",
      "has_children": false,
      "is_end_bone": true
    },
    "upperarm_l": {
      "name": "upperarm_l",
      "local": {
        "location": {
          "x": 0.0,
          "y": 0.0,
          "z": 0.0
        },
        "rotation_quaternion": {
          "w": 0.8340197801589966,
          "x": 0.2518303692340851,
          "y": 0.30475446581840515,
          "z": 0.3848600685596466
        },
        "scale": {
          "x": 1.0,
          "y": 1.0,
          "z": 1.0
        },
        "matrix_basis": [
          [
            0.5180149078369141,
            -0.4884689748287201,
            0.7021813988685608,
            0.0
          ],
          [
            0.7954546809196472,
            0.5769283771514893,
            -0.18548737466335297,
            0.0
          ],
          [
            -0.31450361013412476,
            0.6546386480331421,
            0.6874123811721802,
            0.0
          ],
          [
            0.0,
            0.0,
            0.0,
            1.0
          ]
        ],
        "rotation_mode": "QUATERNION"
      },
      "armature_space": {
        "head": {
          "x": 0.09196675568819046,
          "y": -0.07445833086967468,
          "z": 0.5048741698265076
        },
        "tail": {
          "x": 0.25035905838012695,
          "y": -0.24859730899333954,
          "z": 0.6329182982444763
        }
      },
      "world_space": {
        "head": {
          "x": 0.09196675568819046,
          "y": -0.011214330792427063,
          "z": 1.454728126525879
        },
        "tail": {
          "x": 0.25035905838012695,
          "y": -0.18535330891609192,
          "z": 1.5827722549438477
        },
        "rotation_quaternion": {
          "w": 0.3043828308582306,
          "x": 0.9000174403190613,
          "y": 0.28710198402404785,
          "z": -0.12203317135572433
        },
        "matrix": [
          [
            0.8053605556488037,
            0.5910835266113281,
            -0.04488488286733627,
            0.09196675568819046
          ],
          [
            0.4425049126148224,
            -0.6498464345932007,
            -0.6179719567298889,
            -0.011214330792427063
          ],
          [
            -0.39444366097450256,
            0.4778311848640442,
            -0.7849240303039551,
            1.454728126525879
          ],
          [
            0.0,
            0.0,
            0.0,
            1.0
          ]
        ]
      },
      "bone_length_armature_space": 0.2679697880571906,
      "parent": "spine_01",
      "has_children": true,
      "is_end_bone": false
    },
    "lowerarm_l": {
      "name": "lowerarm_l",
      "local": {
        "location": {
          "x": 0.0,
          "y": 0.0,
          "z": 0.0
        },
        "rotation_quaternion": {
          "w": 0.986570417881012,
          "x": 0.14614497125148773,
          "y": 0.004707898013293743,
          "z": -0.07278962433338165
        },
        "scale": {
          "x": 1.0,
          "y": 1.0,
          "z": 1.0
        },
        "matrix_basis": [
          [
            0.9893590211868286,
            0.14500024914741516,
            -0.011986329220235348,
            0.0
          ],
          [
            -0.14224810898303986,
            0.9466866254806519,
            -0.28904998302459717,
            0.0
          ],
          [
            -0.03056502155959606,
            0.2876792252063751,
            0.9572389721870422,
            0.0
          ],
          [
            0.0,
            0.0,
            0.0,
            1.0
          ]
        ],
        "rotation_mode": "QUATERNION"
      },
      "armature_space": {
        "head": {
          "x": 0.25035902857780457,
          "y": -0.24859745800495148,
          "z": 0.6329183578491211
        },
        "tail": {
          "x": 0.3972284197807312,
          "y": -0.47071653604507446,
          "z": 0.6586446762084961
        }
      },
      "world_space": {
        "head": {
          "x": 0.25035902857780457,
          "y": -0.18535345792770386,
          "z": 1.5827723741531372
        },
        "tail": {
          "x": 0.3972284197807312,
          "y": -0.40747255086898804,
          "z": 1.6084986925125122
        },
        "rotation_quaternion": {
          "w": 0.12033572047948837,
          "x": 0.9263105392456055,
          "y": 0.2652947008609772,
          "z": -0.23892834782600403
        },
        "matrix": [
          [
            0.7450637817382812,
            0.548994243144989,
            -0.3787943720817566,
            0.25035902857780457
          ],
          [
            0.43398749828338623,
            -0.8302756547927856,
            -0.34971052408218384,
            -0.18535345792770386
          ],
          [
            -0.5064959526062012,
            0.09616442024707794,
            -0.8568713665008545,
            1.5827723741531372
          ],
          [
            0.0,
            0.0,
            0.0,
            1.0
          ]
        ]
      },
      "bone_length_armature_space": 0.2675244754413194,
      "parent": "upperarm_l",
      "has_children": true,
      "is_end_bone": false
    },
    "metacarpal_thumb_l": {
      "name": "metacarpal_thumb_l",
      "local": {
        "location": {
          "x": 0.0,
          "y": 0.0,
          "z": 0.0
        },
        "rotation_quaternion": {
          "w": 0.99739670753479,
          "x": -0.06873250752687454,
          "y": 0.019443487748503685,
          "z": 0.009882285259664059
        },
        "scale": {
          "x": 1.0,
          "y": 1.0,
          "z": 1.0
        },
        "matrix_basis": [
          [
            0.9990485906600952,
            -0.022385917603969574,
            0.03742727264761925,
            0.0
          ],
          [
            0.017040317878127098,
            0.9903563857078552,
            0.13749144971370697,
            0.0
          ],
          [
            -0.04014420881867409,
            -0.1367228627204895,
            0.9897955656051636,
            0.0
          ],
          [
            0.0,
            0.0,
            0.0,
            1.0
          ]
        ],
        "rotation_mode": "QUATERNION"
      },
      "armature_space": {
        "head": {
          "x": 0.3972284197807312,
          "y": -0.47071653604507446,
          "z": 0.6586446762084961
        },
        "tail": {
          "x": 0.40905702114105225,
          "y": -0.5128865838050842,
          "z": 0.6355066895484924
        }
      },
      "world_space": {
        "head": {
          "x": 0.3972284197807312,
          "y": -0.40747255086898804,
          "z": 1.6084986925125122
        },
        "tail": {
          "x": 0.40905702114105225,
          "y": -0.4496425986289978,
          "z": 1.5853607654571533
        },
        "rotation_quaternion": {
          "w": 0.27252230048179626,
          "x": -0.8689188361167908,
          "y": -0.007850974798202515,
          "z": -0.4130980372428894
        },
        "matrix": [
          [
            0.6585773825645447,
            0.23879952728748322,
            0.7136179208755493,
            0.3972284197807312
          ],
          [
            -0.21151234209537506,
            -0.8513407707214355,
            0.48008495569229126,
            -0.40747255086898804
          ],
          [
            0.7221810221672058,
            -0.46711617708206177,
            -0.5101677775382996,
            1.6084986925125122
          ],
          [
            0.0,
            0.0,
            0.0,
            1.0
          ]
        ]
      },
      "bone_length_armature_space": 0.04953377818799853,
      "parent": "lowerarm_l",
      "has_children": true,
      "is_end_bone": false
    },
    "thumb_01_l": {
      "name": "thumb_01_l",
      "local": {
        "location": {
          "x": 0.0,
          "y": 0.0,
          "z": 0.0
        },
        "rotation_quaternion": {
          "w": 0.9976879954338074,
          "x": 0.06472065299749374,
          "y": -0.01933782733976841,
          "z": 0.007485650014132261
        },
        "scale": {
          "x": 1.0,
          "y": 1.0,
          "z": 1.0
        },
        "matrix_basis": [
          [
            0.9991400241851807,
            -0.01743979938328266,
            -0.037617284804582596,
            0.0
          ],
          [
            0.012433572672307491,
            0.9915103912353516,
            -0.12943154573440552,
            0.0
          ],
          [
            0.03955518826842308,
            0.12885253131389618,
            0.9908745884895325,
            0.0
          ],
          [
            0.0,
            0.0,
            0.0,
            1.0
          ]
        ],
        "rotation_mode": "QUATERNION"
      },
      "armature_space": {
        "head": {
          "x": 0.40905702114105225,
          "y": -0.5128865838050842,
          "z": 0.6355066895484924
        },
        "tail": {
          "x": 0.4329478144645691,
          "y": -0.519460141658783,
          "z": 0.6121689081192017
        }
      },
      "world_space": {
        "head": {
          "x": 0.40905702114105225,
          "y": -0.4496425986289978,
          "z": 1.5853607654571533
        },
        "tail": {
          "x": 0.4329478144645691,
          "y": -0.45621615648269653,
          "z": 1.5620229244232178
        },
        "rotation_quaternion": {
          "w": 0.5640206336975098,
          "x": -0.22517679631710052,
          "y": 0.2920956015586853,
          "z": -0.7388209104537964
        },
        "matrix": [
          [
            -0.2623497545719147,
            0.7018742561340332,
            0.6622275710105896,
            0.40905702114105225
          ],
          [
            -0.9649674892425537,
            -0.19312095642089844,
            -0.17760096490383148,
            -0.4496425986289978
          ],
          [
            0.003235582262277603,
            -0.6856265664100647,
            0.7279560565948486,
            1.5853607654571533
          ],
          [
            0.0,
            0.0,
            0.0,
            1.0
          ]
        ]
      },
      "bone_length_armature_space": 0.03403870909480845,
      "parent": "metacarpal_thumb_l",
      "has_children": true,
      "is_end_bone": false
    },
    "thumb_02_l": {
      "name": "thumb_02_l",
      "local": {
        "location": {
          "x": 0.0,
          "y": 0.0,
          "z": 0.0
        },
        "rotation_quaternion": {
          "w": 0.9931763410568237,
          "x": 0.11629028618335724,
          "y": 0.008256575092673302,
          "z": -0.003023413009941578
        },
        "scale": {
          "x": 1.0,
          "y": 1.0,
          "z": 1.0
        },
        "matrix_basis": [
          [
            0.9998453855514526,
            0.007925883866846561,
            0.015697283670306206,
            0.0
          ],
          [
            -0.004085245542228222,
            0.9729348421096802,
            -0.23104344308376312,
            0.0
          ],
          [
            -0.017103657126426697,
            0.23094359040260315,
            0.9728168249130249,
            0.0
          ],
          [
            0.0,
            0.0,
            0.0,
            1.0
          ]
        ],
        "rotation_mode": "QUATERNION"
      },
      "armature_space": {
        "head": {
          "x": 0.4329477846622467,
          "y": -0.5194600820541382,
          "z": 0.6121689081192017
        },
        "tail": {
          "x": 0.4515331983566284,
          "y": -0.5528704524040222,
          "z": 0.6244778633117676
        }
      },
      "world_space": {
        "head": {
          "x": 0.4329477846622467,
          "y": -0.45621609687805176,
          "z": 1.5620229244232178
        },
        "tail": {
          "x": 0.4515331983566284,
          "y": -0.4896264672279358,
          "z": 1.5743318796157837
        },
        "rotation_quaternion": {
          "w": 0.2766372561454773,
          "x": 0.26503273844718933,
          "y": -0.08690003305673599,
          "z": -0.9196074604988098
        },
        "matrix": [
          [
            -0.7064588069915771,
            0.4627333879470825,
            -0.5355315208435059,
            0.4329477846622467
          ],
          [
            -0.5548585653305054,
            -0.8318402171134949,
            0.01319122314453125,
            -0.45621609687805176
          ],
          [
            -0.4393762946128845,
            0.30646467208862305,
            0.8444182276725769,
            1.5620229244232178
          ],
          [
            0.0,
            0.0,
            0.0,
            1.0
          ]
        ]
      },
      "bone_length_armature_space": 0.040164422346897766,
      "parent": "thumb_01_l",
      "has_children": true,
      "is_end_bone": false
    },
    "thumb_03_l": {
      "name": "thumb_03_l",
      "local": {
        "location": {
          "x": 0.0,
          "y": 0.0,
          "z": 0.0
        },
        "rotation_quaternion": {
          "w": 0.9956821203231812,
          "x": 0.09269970655441284,
          "y": -0.004730236250907183,
          "z": -0.0013019473990425467
        },
        "scale": {
          "x": 1.0,
          "y": 1.0,
          "z": 1.0
        },
        "matrix_basis": [
          [
            0.9999518394470215,
            0.0017156684771180153,
            -0.009661003947257996,
            0.0
          ],
          [
            -0.0034696345683187246,
            0.9828101396560669,
            -0.1845865696668625,
            0.0
          ],
          [
            0.009178242646157742,
            0.18461120128631592,
            0.9827687740325928,
            0.0
          ],
          [
            0.0,
            0.0,
            0.0,
            1.0
          ]
        ],
        "rotation_mode": "QUATERNION"
      },
      "armature_space": {
        "head": {
          "x": 0.45153316855430603,
          "y": -0.5528704524040222,
          "z": 0.6244778037071228
        },
        "tail": {
          "x": 0.4589766263961792,
          "y": -0.5739894509315491,
          "z": 0.6451049447059631
        }
      },
      "world_space": {
        "head": {
          "x": 0.45153316855430603,
          "y": -0.4896264672279358,
          "z": 1.5743317604064941
        },
        "tail": {
          "x": 0.4589766263961792,
          "y": -0.5107454657554626,
          "z": 1.594959020614624
        },
        "rotation_quaternion": {
          "w": 0.304931640625,
          "x": 0.4786582589149475,
          "y": -0.24530936777591705,
          "z": -0.7859556078910828
        },
        "matrix": [
          [
            -0.35580605268478394,
            0.24448923766613007,
            -0.9020129442214966,
            0.45153316855430603
          ],
          [
            -0.7141649723052979,
            -0.6936795711517334,
            0.09368699789047241,
            -0.4896264672279358
          ],
          [
            -0.6028074026107788,
            0.6775243878364563,
            0.4214240312576294,
            1.5743317604064941
          ],
          [
            0.0,
            0.0,
            0.0,
            1.0
          ]
        ]
      },
      "bone_length_armature_space": 0.030444968390223988,
      "parent": "thumb_02_l",
      "has_children": false,
      "is_end_bone": true
    },
    "metacarpal_index_l": {
      "name": "metacarpal_index_l",
      "local": {
        "location": {
          "x": 0.0,
          "y": 0.0,
          "z": 0.0
        },
        "rotation_quaternion": {
          "w": 0.9993718266487122,
          "x": 0.03540965914726257,
          "y": -0.0013240175321698189,
          "z": 0.000701661454513669
        },
        "scale": {
          "x": 1.0,
          "y": 1.0,
          "z": 1.0
        },
        "matrix_basis": [
          [
            0.9999955296516418,
            -0.0014962074346840382,
            -0.0025966805405914783,
            0.0
          ],
          [
            0.0013086753897368908,
            0.9974913001060486,
            -0.07077668607234955,
            0.0
          ],
          [
            0.0026960629038512707,
            0.07077297568321228,
            0.997488796710968,
            0.0
          ],
          [
            0.0,
            0.0,
            0.0,
            1.0
          ]
        ],
        "rotation_mode": "QUATERNION"
      },
      "armature_space": {
        "head": {
          "x": 0.3972284197807312,
          "y": -0.47071653604507446,
          "z": 0.6586446762084961
        },
        "tail": {
          "x": 0.45129162073135376,
          "y": -0.5701339840888977,
          "z": 0.6282708048820496
        }
      },
      "world_space": {
        "head": {
          "x": 0.3972284197807312,
          "y": -0.40747255086898804,
          "z": 1.6084986925125122
        },
        "tail": {
          "x": 0.45129162073135376,
          "y": -0.5068899989128113,
          "z": 1.578124761581421
        },
        "rotation_quaternion": {
          "w": 0.1746729016304016,
          "x": -0.946585476398468,
          "y": -0.2127232700586319,
          "z": -0.1679711639881134
        },
        "matrix": [
          [
            0.8530691862106323,
            0.46140149235725403,
            0.24368347227573395,
            0.3972284197807312
          ],
          [
            0.3440420925617218,
            -0.8484764099121094,
            0.4021480083465576,
            -0.40747255086898804
          ],
          [
            0.39231443405151367,
            -0.259225457906723,
            -0.8825564384460449,
            1.6084986925125122
          ],
          [
            0.0,
            0.0,
            0.0,
            1.0
          ]
        ]
      },
      "bone_length_armature_space": 0.11717180181699846,
      "parent": "lowerarm_l",
      "has_children": true,
      "is_end_bone": false
    },
    "index_01_l": {
      "name": "index_01_l",
      "local": {
        "location": {
          "x": 0.0,
          "y": 0.0,
          "z": 0.0
        },
        "rotation_quaternion": {
          "w": 0.9981981515884399,
          "x": -0.05483930557966232,
          "y": 0.023667989298701286,
          "z": 0.005757008213549852
        },
        "scale": {
          "x": 1.0,
          "y": 1.0,
          "z": 1.0
        },
        "matrix_basis": [
          [
            0.9988133907318115,
            -0.014089141972362995,
            0.046619266271591187,
            0.0
          ],
          [
            0.008897397667169571,
            0.9939190149307251,
            0.10975349694490433,
            0.0
          ],
          [
            -0.04788210615515709,
            -0.10920847207307816,
            0.9928649663925171,
            0.0
          ],
          [
            0.0,
            0.0,
            0.0,
            1.0
          ]
        ],
        "rotation_mode": "QUATERNION"
      },
      "armature_space": {
        "head": {
          "x": 0.45129162073135376,
          "y": -0.5701339840888977,
          "z": 0.6282708048820496
        },
        "tail": {
          "x": 0.46951279044151306,
          "y": -0.5918756723403931,
          "z": 0.6311619281768799
        }
      },
      "world_space": {
        "head": {
          "x": 0.45129162073135376,
          "y": -0.5068899989128113,
          "z": 1.578124761581421
        },
        "tail": {
          "x": 0.46951279044151306,
          "y": -0.5286316871643066,
          "z": 1.581015944480896
        },
        "rotation_quaternion": {
          "w": 0.044611092656850815,
          "x": -0.9003006219863892,
          "y": -0.3417149782180786,
          "z": -0.2658940255641937
        },
        "matrix": [
          [
            0.6250624060630798,
            0.6390166878700256,
            0.44827982783317566,
            0.45129162073135376
          ],
          [
            0.5915693044662476,
            -0.7624808549880981,
            0.2620474100112915,
            -0.5068899989128113
          ],
          [
            0.5092616677284241,
            0.10139250755310059,
            -0.8546265959739685,
            1.578124761581421
          ],
          [
            0.0,
            0.0,
            0.0,
            1.0
          ]
        ]
      },
      "bone_length_armature_space": 0.02851439336882735,
      "parent": "metacarpal_index_l",
      "has_children": true,
      "is_end_bone": false
    },
    "index_02_l": {
      "name": "index_02_l",
      "local": {
        "location": {
          "x": 0.0,
          "y": 0.0,
          "z": 0.0
        },
        "rotation_quaternion": {
          "w": 0.9859561324119568,
          "x": 0.16696397960186005,
          "y": 0.0015351849142462015,
          "z": 0.0033660789486020803
        },
        "scale": {
          "x": 1.0,
          "y": 1.0,
          "z": 1.0
        },
        "matrix_basis": [
          [
            0.9999726414680481,
            -0.006124970968812704,
            0.004151277709752321,
            0.0
          ],
          [
            0.007150253746658564,
            0.9442234039306641,
            -0.3292279839515686,
            0.0
          ],
          [
            -0.0019032220588997006,
            0.32924866676330566,
            0.9442413449287415,
            0.0
          ],
          [
            0.0,
            0.0,
            0.0,
            1.0
          ]
        ],
        "rotation_mode": "QUATERNION"
      },
      "armature_space": {
        "head": {
          "x": 0.46951302886009216,
          "y": -0.5918760299682617,
          "z": 0.6311615705490112
        },
        "tail": {
          "x": 0.4886011481285095,
          "y": -0.608549952507019,
          "z": 0.6271973252296448
        }
      },
      "world_space": {
        "head": {
          "x": 0.46951302886009216,
          "y": -0.5286320447921753,
          "z": 1.5810155868530273
        },
        "tail": {
          "x": 0.4886011481285095,
          "y": -0.5453059673309326,
          "z": 1.5770514011383057
        },
        "rotation_quaternion": {
          "w": 0.16549469530582428,
          "x": -0.8898298144340515,
          "y": -0.3842202126979828,
          "z": -0.18217960000038147
        },
        "matrix": [
          [
            0.6383709907531738,
            0.7440809011459351,
            0.19704371690750122,
            0.46951302886009216
          ],
          [
            0.6234824061393738,
            -0.6499720215797424,
            0.4345182180404663,
            -0.5286320447921753
          ],
          [
            0.45139339566230774,
            -0.15453237295150757,
            -0.8788505792617798,
            1.5810155868530273
          ],
          [
            0.0,
            0.0,
            0.0,
            1.0
          ]
        ]
      },
      "bone_length_armature_space": 0.025653288916888513,
      "parent": "index_01_l",
      "has_children": true,
      "is_end_bone": false
    },
    "index_03_l": {
      "name": "index_03_l",
      "local": {
        "location": {
          "x": 0.0,
          "y": 0.0,
          "z": 0.0
        },
        "rotation_quaternion": {
          "w": 0.9793914556503296,
          "x": 0.2018606960773468,
          "y": -0.004964727908372879,
          "z": -0.004480534698814154
        },
        "scale": {
          "x": 1.0,
          "y": 1.0,
          "z": 1.0
        },
        "matrix_basis": [
          [
            0.9999105334281921,
            0.006772027816623449,
            -0.011533712036907673,
            0.0
          ],
          [
            -0.010780761949717999,
            0.9184643626213074,
            -0.39535680413246155,
            0.0
          ],
          [
            0.007915936410427094,
            0.3954457640647888,
            0.9184552431106567,
            0.0
          ],
          [
            0.0,
            0.0,
            0.0,
            1.0
          ]
        ],
        "rotation_mode": "QUATERNION"
      },
      "armature_space": {
        "head": {
          "x": 0.48860108852386475,
          "y": -0.6085500121116638,
          "z": 0.6271974444389343
        },
        "tail": {
          "x": 0.5124849081039429,
          "y": -0.617002546787262,
          "z": 0.6126422882080078
        }
      },
      "world_space": {
        "head": {
          "x": 0.48860108852386475,
          "y": -0.5453060269355774,
          "z": 1.5770514011383057
        },
        "tail": {
          "x": 0.5124849081039429,
          "y": -0.5537585616111755,
          "z": 1.562496304512024
        },
        "rotation_quaternion": {
          "w": 0.37696921825408936,
          "x": -0.7953405380249023,
          "y": -0.4617909789085388,
          "z": -0.10989481955766678
        },
        "matrix": [
          [
            0.5493435859680176,
            0.817416250705719,
            -0.17335650324821472,
            0.48860108852386475
          ],
          [
            0.6517103314399719,
            -0.28928548097610474,
            0.7011330127716064,
            -0.5453060269355774
          ],
          [
            0.5229722261428833,
            -0.49814510345458984,
            -0.6916401386260986,
            1.5770514011383057
          ],
          [
            0.0,
            0.0,
            0.0,
            1.0
          ]
        ]
      },
      "bone_length_armature_space": 0.029218739508823626,
      "parent": "index_02_l",
      "has_children": false,
      "is_end_bone": true
    },
    "metacarpal_pinky_l": {
      "name": "metacarpal_pinky_l",
      "local": {
        "location": {
          "x": 0.0,
          "y": 0.0,
          "z": 0.0
        },
        "rotation_quaternion": {
          "w": 0.9977439641952515,
          "x": -0.06521277129650116,
          "y": -0.007387127727270126,
          "z": -0.01413699984550476
        },
        "scale": {
          "x": 1.0,
          "y": 1.0,
          "z": 1.0
        },
        "matrix_basis": [
          [
            0.9994911551475525,
            0.029173683375120163,
            -0.012897098436951637,
            0.0
          ],
          [
            -0.027246741577982903,
            0.9910948872566223,
            0.13034015893936157,
            0.0
          ],
          [
            0.01658475026488304,
            -0.12992243468761444,
            0.9913854598999023,
            0.0
          ],
          [
            0.0,
            0.0,
            0.0,
            1.0
          ]
        ],
        "rotation_mode": "QUATERNION"
      },
      "armature_space": {
        "head": {
          "x": 0.3972284197807312,
          "y": -0.47071653604507446,
          "z": 0.6586446762084961
        },
        "tail": {
          "x": 0.47389891743659973,
          "y": -0.5346835851669312,
          "z": 0.6881924271583557
        }
      },
      "world_space": {
        "head": {
          "x": 0.3972284197807312,
          "y": -0.40747255086898804,
          "z": 1.6084986925125122
        },
        "tail": {
          "x": 0.47389891743659973,
          "y": -0.4714395999908447,
          "z": 1.6380465030670166
        },
        "rotation_quaternion": {
          "w": 0.4184986650943756,
          "x": 0.5619239211082458,
          "y": 0.13307873904705048,
          "z": -0.7009924054145813
        },
        "matrix": [
          [
            -0.018199607729911804,
            0.7362905740737915,
            -0.6764205694198608,
            0.3972284197807312
          ],
          [
            -0.4371691048145294,
            -0.6142957210540771,
            -0.6569050550460815,
            -0.40747255086898804
          ],
          [
            -0.8992021083831787,
            0.2837561368942261,
            0.33306512236595154,
            1.6084986925125122
          ],
          [
            0.0,
            0.0,
            0.0,
            1.0
          ]
        ]
      },
      "bone_length_armature_space": 0.1041307741716822,
      "parent": "lowerarm_l",
      "has_children": true,
      "is_end_bone": false
    },
    "pinky_01_l": {
      "name": "pinky_01_l",
      "local": {
        "location": {
          "x": 0.0,
          "y": 0.0,
          "z": 0.0
        },
        "rotation_quaternion": {
          "w": 0.9990645051002502,
          "x": 0.03831346333026886,
          "y": -0.015367504209280014,
          "z": -0.012883396819233894
        },
        "scale": {
          "x": 1.0,
          "y": 1.0,
          "z": 1.0
        },
        "matrix_basis": [
          [
            0.9991956949234009,
            0.02456512488424778,
            -0.0316934697329998,
            0.0
          ],
          [
            -0.026920253410935402,
            0.9967321753501892,
            -0.07615926861763,
            0.0
          ],
          [
            0.029719041660428047,
            0.07695121318101883,
            0.9965918660163879,
            0.0
          ],
          [
            0.0,
            0.0,
            0.0,
            1.0
          ]
        ],
        "rotation_mode": "QUATERNION"
      },
      "armature_space": {
        "head": {
          "x": 0.47389891743659973,
          "y": -0.5346835851669312,
          "z": 0.6881924271583557
        },
