{
  "metadata": {
    "armature_name": "KIM_caucasian_male",
    "export_time": "2026-01-13T21:15:47.505430",
    "blender_version": "4.4.1",
    "bone_count": 56,
    "end_bone_count": 13,
    "spaces_included": [
      "LOCAL_CHANNELS",
      "ARMATURE_SPACE",
      "WORLD_SPACE"
    ],
    "note": "LOCAL matches Transform panel; replay pose via local.matrix_basis for best fidelity."
  },
  "bones": {
    "Root": {
      "name": "Root",
      "local": {
        "location": {
          "x": 0.0,
          "y": 0.0,
          "z": 0.0
        },
        "rotation_quaternion": {
          "w": 0.9995580911636353,
          "x": -0.012891657650470734,
          "y": 0.009596046060323715,
          "z": 0.025007562711834908
        },
        "scale": {
          "x": 1.0,
          "y": 1.0,
          "z": 1.0
        },
        "matrix_basis": [
          [
            0.9985650777816772,
            -0.05024044215679169,
            0.018538832664489746,
            0.0
          ],
          [
            0.049745604395866394,
            0.9984168410301208,
            0.026251869276165962,
            0.0
          ],
          [
            -0.01982838846743107,
            -0.02529197372496128,
            0.9994834661483765,
            0.0
          ],
          [
            0.0,
            0.0,
            0.0,
            1.0
          ]
        ],
        "rotation_mode": "QUATERNION"
      },
      "armature_space": {
        "head": {
          "x": 0.0,
          "y": 0.07072800397872925,
          "z": -0.009595036506652832
        },
        "tail": {
          "x": -0.0035859551280736923,
          "y": 0.00035465508699417114,
          "z": 0.0017736731097102165
        }
      },
      "world_space": {
        "head": {
          "x": 0.0,
          "y": 0.13397200405597687,
          "z": 0.9402589797973633
        },
        "tail": {
          "x": -0.0035859551280736923,
          "y": 0.06359865516424179,
          "z": 0.9516276717185974
        },
        "rotation_quaternion": {
          "w": 0.08020024746656418,
          "x": 0.996418833732605,
          "y": -0.024304285645484924,
          "z": 0.011258955113589764
        },
        "matrix": [
          [
            0.9985650777816772,
            -0.05024044215679169,
            0.018538832664489746,
            0.0
          ],
          [
            -0.046628549695014954,
            -0.9859544038772583,
            -0.16037383675575256,
            0.13397200405597687
          ],
          [
            0.026335835456848145,
            0.1592794507741928,
            -0.9868893623352051,
            0.9402589797973633
          ],
          [
            0.0,
            0.0,
            0.0,
            1.0
          ]
        ]
      },
      "bone_length_armature_space": 0.07137587135992107,
      "parent": null,
      "has_children": true,
      "is_end_bone": false
    },
    "spine_01": {
      "name": "spine_01",
      "local": {
        "location": {
          "x": 0.0,
          "y": 0.0,
          "z": 0.0
        },
        "rotation_quaternion": {
          "w": 0.9997645616531372,
          "x": 0.012018811888992786,
          "y": 0.004725565668195486,
          "z": 0.017439275979995728
        },
        "scale": {
          "x": 1.0,
          "y": 1.0,
          "z": 1.0
        },
        "matrix_basis": [
          [
            0.9993470907211304,
            -0.034756749868392944,
            0.009868104942142963,
            0.0
          ],
          [
            0.034983932971954346,
            0.9991028308868408,
            -0.02386714331805706,
            0.0
          ],
          [
            -0.009029707871377468,
            0.02419678494334221,
            0.9996664524078369,
            0.0
          ],
          [
            0.0,
            0.0,
            0.0,
            1.0
          ]
        ],
        "rotation_mode": "QUATERNION"
      },
      "armature_space": {
        "head": {
          "x": -0.0035859551280736923,
          "y": 0.00035465508699417114,
          "z": 0.0017736731097102165
        },
        "tail": {
          "x": -0.032253287732601166,
          "y": 0.024983156472444534,
          "z": 0.48831266164779663
        }
      },
      "world_space": {
        "head": {
          "x": -0.0035859551280736923,
          "y": 0.06359865516424179,
          "z": 0.9516276717185974
        },
        "tail": {
          "x": -0.032253287732601166,
          "y": 0.08822715282440186,
          "z": 1.438166618347168
        },
        "rotation_quaternion": {
          "w": 0.7239306569099426,
          "x": 0.688984215259552,
          "y": -0.03403295576572418,
          "z": 0.008183141238987446
        },
        "matrix": [
          [
            0.9975496530532837,
            -0.058744385838508606,
            -0.0379985049366951,
            -0.0035859551280736923
          ],
          [
            -0.03504786640405655,
            0.05046811327338219,
            -0.9981105923652649,
            0.06359865516424179
          ],
          [
            0.06055149435997009,
            0.9970036149024963,
            0.04828499257564545,
            0.9516276717185974
          ],
          [
            0.0,
            0.0,
            0.0,
            1.0
          ]
        ]
      },
      "bone_length_armature_space": 0.4880046655391339,
      "parent": "Root",
      "has_children": true,
      "is_end_bone": false
    },
    "neck_01": {
      "name": "neck_01",
      "local": {
        "location": {
          "x": 0.0,
          "y": 0.0,
          "z": 0.0
        },
        "rotation_quaternion": {
          "w": 0.997929573059082,
          "x": 0.013194764964282513,
          "y": 0.05412241071462631,
          "z": 0.03214621916413307
        },
        "scale": {
          "x": 1.0,
          "y": 1.0,
          "z": 1.0
        },
        "matrix_basis": [
          [
            0.9920747876167297,
            -0.0627310574054718,
            0.1088690310716629,
            0.0
          ],
          [
            0.0655875876545906,
            0.9975850582122803,
            -0.022855229675769806,
            0.0
          ],
          [
            -0.10717238485813141,
            0.029814554378390312,
            0.9937933087348938,
            0.0
          ],
          [
            0.0,
            0.0,
            0.0,
            1.0
          ]
        ],
        "rotation_mode": "QUATERNION"
      },
      "armature_space": {
        "head": {
          "x": -0.03787226602435112,
          "y": -0.005936563014984131,
          "z": 0.5629862546920776
        },
        "tail": {
          "x": -0.05136612802743912,
          "y": -0.0425870306789875,
          "z": 0.6577776074409485
        }
      },
      "world_space": {
        "head": {
          "x": -0.03787226602435112,
          "y": 0.05730743706226349,
          "z": 1.5128402709960938
        },
        "tail": {
          "x": -0.05136612802743912,
          "y": 0.020656969398260117,
          "z": 1.6076316833496094
        },
        "rotation_quaternion": {
          "w": 0.5661460161209106,
          "x": 0.820252537727356,
          "y": -0.02707366831600666,
          "z": 0.07701673358678818
        },
        "matrix": [
          [
            0.9866710901260376,
            -0.13162001967430115,
            0.0956903025507927,
            -0.03787226602435112
          ],
          [
            0.04279028996825218,
            -0.3574911057949066,
            -0.9329359531402588,
            0.05730743706226349
          ],
          [
            0.15700259804725647,
            0.9246014356613159,
            -0.3470973074436188,
            1.5128402709960938
          ],
          [
            0.0,
            0.0,
            0.0,
            1.0
          ]
        ]
      },
      "bone_length_armature_space": 0.10252190649324193,
      "parent": "spine_01",
      "has_children": true,
      "is_end_bone": false
    },
    "head": {
      "name": "head",
      "local": {
        "location": {
          "x": 0.0,
          "y": 0.0,
          "z": 0.0
        },
        "rotation_quaternion": {
          "w": 0.9963548183441162,
          "x": -0.05987972393631935,
          "y": 0.050324246287345886,
          "z": 0.034044571220874786
        },
        "scale": {
          "x": 1.0,
          "y": 1.0,
          "z": 1.0
        },
        "matrix_basis": [
          [
            0.9926168918609619,
            -0.07386774569749832,
            0.09620445221662521,
            0.0
          ],
          [
            0.061814140528440475,
            0.9905107617378235,
            0.1227494403719902,
            0.0
          ],
          [
            -0.10435876995325089,
            -0.11589636653661728,
            0.9877637624740601,
            0.0
          ],
          [
            0.0,
            0.0,
            0.0,
            1.0
          ]
        ],
        "rotation_mode": "QUATERNION"
      },
      "armature_space": {
        "head": {
          "x": -0.05136610195040703,
          "y": -0.042587146162986755,
          "z": 0.6577774882316589
        },
        "tail": {
          "x": -0.08762618899345398,
          "y": -0.024481387808918953,
          "z": 0.8074795007705688
        }
      },
      "world_space": {
        "head": {
          "x": -0.05136610195040703,
          "y": 0.020656853914260864,
          "z": 1.6076314449310303
        },
        "tail": {
          "x": -0.08762618899345398,
          "y": 0.038762614130973816,
          "z": 1.757333517074585
        },
        "rotation_quaternion": {
          "w": 0.746449887752533,
          "x": 0.6523939371109009,
          "y": -0.034410130232572556,
          "z": 0.12653358280658722
        },
        "matrix": [
          [
            0.9656103849411011,
            -0.2337999790906906,
            0.11372999846935272,
            -0.05136610195040703
          ],
          [
            0.14400559663772583,
            0.11674340069293976,
            -0.9826666712760925,
            0.020656853914260864
          ],
          [
            0.2164718210697174,
            0.965257465839386,
            0.14639726281166077,
            1.6076314449310303
          ],
          [
            0.0,
            0.0,
            0.0,
            1.0
          ]
        ]
      },
      "bone_length_armature_space": 0.15509127979146609,
      "parent": "neck_01",
      "has_children": false,
      "is_end_bone": true
    },
    "upperarm_l": {
      "name": "upperarm_l",
      "local": {
        "location": {
          "x": 0.0,
          "y": 0.0,
          "z": 0.0
        },
        "rotation_quaternion": {
          "w": 0.9493259191513062,
          "x": 0.05940982326865196,
          "y": -0.18009881675243378,
          "z": 0.25062957406044006
        },
        "scale": {
          "x": 1.0,
          "y": 1.0,
          "z": 1.0
        },
        "matrix_basis": [
          [
            0.8094984889030457,
            -0.4972575902938843,
            -0.312165230512619,
            0.0
          ],
          [
            0.454459011554718,
            0.8673105835914612,
            -0.20307475328445435,
            0.0
          ],
          [
            0.3717246651649475,
            0.022522389888763428,
            0.9280697703361511,
            0.0
          ],
          [
            0.0,
            0.0,
            0.0,
            1.0
          ]
        ],
        "rotation_mode": "QUATERNION"
      },
      "armature_space": {
        "head": {
          "x": 0.11558708548545837,
          "y": -0.01776869222521782,
          "z": 0.5052165985107422
        },
        "tail": {
          "x": 0.3429500460624695,
          "y": -0.019682561978697777,
          "z": 0.6470274925231934
        }
      },
      "world_space": {
        "head": {
          "x": 0.11558708548545837,
          "y": 0.0454753078520298,
          "z": 1.4550706148147583
        },
        "tail": {
          "x": 0.3429500460624695,
          "y": 0.043561436235904694,
          "z": 1.5968815088272095
        },
        "rotation_quaternion": {
          "w": 0.6719236969947815,
          "x": 0.5393173098564148,
          "y": 0.21200858056545258,
          "z": -0.46120259165763855
        },
        "matrix": [
          [
            0.4846877455711365,
            0.8484660983085632,
            -0.21256352961063385,
            0.11558708548545837
          ],
          [
            -0.39110931754112244,
            -0.00714211817830801,
            -0.9203166365623474,
            0.0454753078520298
          ],
          [
            -0.7823814153671265,
            0.5292053818702698,
            0.3283827006816864,
            1.4550706148147583
          ],
          [
            0.0,
            0.0,
            0.0,
            1.0
          ]
        ]
      },
      "bone_length_armature_space": 0.2679699774811735,
      "parent": "spine_01",
      "has_children": true,
      "is_end_bone": false
    },
    "lowerarm_l": {
      "name": "lowerarm_l",
      "local": {
        "location": {
          "x": 0.0,
          "y": 0.0,
          "z": 0.0
        },
        "rotation_quaternion": {
          "w": 0.8529635667800903,
          "x": 0.39561155438423157,
          "y": 0.16780398786067963,
          "z": -0.29628807306289673
        },
        "scale": {
          "x": 1.0,
          "y": 1.0,
          "z": 1.0
        },
        "matrix_basis": [
          [
            0.7681103944778442,
            0.6382162570953369,
            0.051831405609846115,
            0.0
          ],
          [
            -0.37267547845840454,
            0.5114097595214844,
            -0.7743211388587952,
            0.0
          ],
          [
            -0.5206913352012634,
            0.5754478573799133,
            0.6306666135787964,
            0.0
          ],
          [
            0.0,
            0.0,
            0.0,
            1.0
          ]
        ],
        "rotation_mode": "QUATERNION"
      },
      "armature_space": {
        "head": {
          "x": 0.34295007586479187,
          "y": -0.019682561978697777,
          "z": 0.6470276117324829
        },
        "tail": {
          "x": 0.47569018602371216,
          "y": -0.25095897912979126,
          "z": 0.6684905290603638
        }
      },
      "world_space": {
        "head": {
          "x": 0.34295007586479187,
          "y": 0.043561436235904694,
          "z": 1.596881628036499
        },
        "tail": {
          "x": 0.47569018602371216,
          "y": -0.18771497905254364,
          "z": 1.6183445453643799
        },
        "rotation_quaternion": {
          "w": 0.18487364053726196,
          "x": 0.780409574508667,
          "y": 0.18321827054023743,
          "z": -0.5685190558433533
        },
        "matrix": [
          [
            0.2864342927932739,
            0.4961792826652527,
            -0.819610595703125,
            0.34295007586479187
          ],
          [
            0.07576227188110352,
            -0.8645055890083313,
            -0.4968809485435486,
            0.043561436235904694
          ],
          [
            -0.9551064968109131,
            0.08022789657115936,
            -0.2852180600166321,
            1.596881628036499
          ],
          [
            0.0,
            0.0,
            0.0,
            1.0
          ]
        ]
      },
      "bone_length_armature_space": 0.26752453723369846,
      "parent": "upperarm_l",
      "has_children": true,
      "is_end_bone": false
    },
    "metacarpal_thumb_l": {
      "name": "metacarpal_thumb_l",
      "local": {
        "location": {
          "x": 0.0,
          "y": 0.0,
          "z": 0.0
        },
        "rotation_quaternion": {
          "w": 0.9995874762535095,
          "x": -0.025652365759015083,
          "y": 0.003107102122157812,
          "z": 0.012539491057395935
        },
        "scale": {
          "x": 1.0,
          "y": 1.0,
          "z": 1.0
        },
        "matrix_basis": [
          [
            0.9996662139892578,
            -0.025228045880794525,
            0.005568305496126413,
            0.0
          ],
          [
            0.024909228086471558,
            0.9983694553375244,
            0.05136149004101753,
            0.0
          ],
          [
            -0.006854976061731577,
            -0.05120564252138138,
            0.9986646175384521,
            0.0
          ],
          [
            0.0,
            0.0,
            0.0,
            1.0
          ]
        ],
        "rotation_mode": "QUATERNION"
      },
      "armature_space": {
        "head": {
          "x": 0.47569018602371216,
          "y": -0.25095897912979126,
          "z": 0.6684905290603638
        },
        "tail": {
          "x": 0.47197940945625305,
          "y": -0.2989547848701477,
          "z": 0.6568191647529602
        }
      },
      "world_space": {
        "head": {
          "x": 0.47569018602371216,
          "y": -0.18771497905254364,
          "z": 1.6183445453643799
        },
        "tail": {
          "x": 0.47197940945625305,
          "y": -0.23571078479290009,
          "z": 1.606673240661621
        },
        "rotation_quaternion": {
          "w": 0.11368758976459503,
          "x": -0.9858022332191467,
          "y": 0.0509779267013073,
          "z": -0.11256302148103714
        },
        "matrix": [
          [
            0.9694616198539734,
            -0.07491435110569,
            0.23352091014385223,
            0.47569018602371216
          ],
          [
            -0.12610232830047607,
            -0.9689529538154602,
            0.2126699537038803,
            -0.18771497905254364
          ],
          [
            0.21034006774425507,
            -0.23562538623809814,
            -0.9488161206245422,
            1.6183445453643799
          ],
          [
            0.0,
            0.0,
            0.0,
            1.0
          ]
        ]
      },
      "bone_length_armature_space": 0.049533704559929,
      "parent": "lowerarm_l",
      "has_children": true,
      "is_end_bone": false
    },
    "thumb_01_l": {
      "name": "thumb_01_l",
      "local": {
        "location": {
          "x": 0.0,
          "y": 0.0,
          "z": 0.0
        },
        "rotation_quaternion": {
          "w": 0.9508718252182007,
          "x": 0.3092552125453949,
          "y": 0.014269103296101093,
          "z": 0.0007886089151725173
        },
        "scale": {
          "x": 1.0,
          "y": 1.0,
          "z": 1.0
        },
        "matrix_basis": [
          [
            0.9995915293693542,
            0.007325856946408749,
            0.027623940259218216,
            0.0
          ],
          [
            0.01032532099634409,
            0.8087211847305298,
            -0.5881016254425049,
            0.0
          ],
          [
            -0.02664841338992119,
            0.5881466269493103,
            0.8083152174949646,
            0.0
          ],
          [
            0.0,
            0.0,
            0.0,
            1.0
          ]
        ],
        "rotation_mode": "QUATERNION"
      },
      "armature_space": {
        "head": {
          "x": 0.47197940945625305,
          "y": -0.2989547848701477,
          "z": 0.6568191647529602
        },
        "tail": {
          "x": 0.4916490912437439,
          "y": -0.31577208638191223,
          "z": 0.6347077488899231
        }
      },
      "world_space": {
        "head": {
          "x": 0.47197940945625305,
          "y": -0.23571078479290009,
          "z": 1.606673240661621
        },
        "tail": {
          "x": 0.4916490912437439,
          "y": -0.2525280714035034,
          "z": 1.584561824798584
        },
        "rotation_quaternion": {
          "w": 0.46985766291618347,
          "x": -0.3983187675476074,
          "y": 0.1794447898864746,
          "z": -0.767056405544281
        },
        "matrix": [
          [
            -0.24114996194839478,
            0.5778641700744629,
            0.7796920537948608,
            0.47197940945625305
          ],
          [
            -0.8637673854827881,
            -0.4940657615661621,
            0.09902028739452362,
            -0.23571078479290009
          ],
          [
            0.44244176149368286,
            -0.6495990753173828,
            0.6182886362075806,
            1.606673240661621
          ],
          [
            0.0,
            0.0,
            0.0,
            1.0
          ]
        ]
      },
      "bone_length_armature_space": 0.03403869439912206,
      "parent": "metacarpal_thumb_l",
      "has_children": true,
      "is_end_bone": false
    },
    "thumb_02_l": {
      "name": "thumb_02_l",
      "local": {
        "location": {
          "x": 0.0,
          "y": 0.0,
          "z": 0.0
        },
        "rotation_quaternion": {
          "w": 0.8854254484176636,
          "x": 0.4647271931171417,
          "y": -0.004898433573544025,
          "z": 0.00512819504365325
        },
        "scale": {
          "x": 1.0,
          "y": 1.0,
          "z": 1.0
        },
        "matrix_basis": [
          [
            0.9998993873596191,
            -0.01363413967192173,
            -0.003907972015440464,
            0.0
          ],
          [
            0.004528398159891367,
            0.5680046677589417,
            -0.8230128288269043,
            0.0
          ],
          [
            0.013440818525850773,
            0.822912335395813,
            0.5680092573165894,
            0.0
          ],
          [
            0.0,
            0.0,
            0.0,
            1.0
          ]
        ],
        "rotation_mode": "QUATERNION"
      },
      "armature_space": {
        "head": {
          "x": 0.4916490614414215,
          "y": -0.31577205657958984,
          "z": 0.6347077488899231
        },
        "tail": {
          "x": 0.49784067273139954,
          "y": -0.32425829768180847,
          "z": 0.6734743118286133
        }
      },
      "world_space": {
        "head": {
          "x": 0.4916490614414215,
          "y": -0.2525280714035034,
          "z": 1.584561824798584
        },
        "tail": {
          "x": 0.49784067273139954,
          "y": -0.26101428270339966,
          "z": 1.6233283281326294
        },
        "rotation_quaternion": {
          "w": 0.2674119770526886,
          "x": 0.21619166433811188,
          "y": -0.5681958198547363,
          "z": -0.7475998997688293
        },
        "matrix": [
          [
            -0.7635036110877991,
            0.15415643155574799,
            -0.6271346807479858,
            0.4916490614414215
          ],
          [
            -0.645513117313385,
            -0.2112879753112793,
            0.7339414358139038,
            -0.2525280714035034
          ],
          [
            -0.019364992156624794,
            0.9651974439620972,
            0.2608318328857422,
            1.584561824798584
          ],
          [
            0.0,
            0.0,
            0.0,
            1.0
          ]
        ]
      },
      "bone_length_armature_space": 0.040164644939620936,
      "parent": "thumb_01_l",
      "has_children": true,
      "is_end_bone": false
    },
    "thumb_03_l": {
      "name": "thumb_03_l",
      "local": {
        "location": {
          "x": 0.0,
          "y": 0.0,
          "z": 0.0
        },
        "rotation_quaternion": {
          "w": 0.9912623167037964,
          "x": 0.1317770630121231,
          "y": 0.005802587606012821,
          "z": -0.0003705520648509264
        },
        "scale": {
          "x": 1.0,
          "y": 1.0,
          "z": 1.0
        },
        "matrix_basis": [
          [
            0.9999324083328247,
            0.0022639245726168156,
            0.01140611246228218,
            0.0
          ],
          [
            0.0007946672849357128,
            0.9652693271636963,
            -0.26125556230545044,
            0.0
          ],
          [
            -0.011601433157920837,
            0.2612469792366028,
            0.965202271938324,
            0.0
          ],
          [
            0.0,
            0.0,
            0.0,
            1.0
          ]
        ],
        "rotation_mode": "QUATERNION"
      },
      "armature_space": {
        "head": {
          "x": 0.49784064292907715,
          "y": -0.32425838708877563,
          "z": 0.6734743118286133
        },
        "tail": {
          "x": 0.4936560392379761,
          "y": -0.3177100419998169,
          "z": 0.7029109001159668
        }
      },
      "world_space": {
        "head": {
          "x": 0.49784064292907715,
          "y": -0.2610144019126892,
          "z": 1.6233283281326294
        },
        "tail": {
          "x": 0.4936560392379761,
          "y": -0.25446605682373047,
          "z": 1.652764916419983
        },
        "rotation_quaternion": {
          "w": 0.3757917582988739,
          "x": 0.3762715756893158,
          "y": -0.6828799247741699,
          "z": -0.5008744597434998
        },
        "matrix": [
          [
            -0.43440014123916626,
            -0.137448251247406,
            -0.8901710510253906,
            0.49784064292907715
          ],
          [
            -0.8903458118438721,
            0.21508897840976715,
            0.4012742340564728,
            -0.2610144019126892
          ],
          [
            0.1363116353750229,
            0.9668809175491333,
            -0.21581225097179413,
            1.6233283281326294
          ],
          [
            0.0,
            0.0,
            0.0,
            1.0
          ]
        ]
      },
      "bone_length_armature_space": 0.030445105389325596,
      "parent": "thumb_02_l",
      "has_children": false,
      "is_end_bone": true
    },
    "metacarpal_index_l": {
      "name": "metacarpal_index_l",
      "local": {
        "location": {
          "x": 0.0,
          "y": 0.0,
          "z": 0.0
        },
        "rotation_quaternion": {
          "w": 0.9985359907150269,
          "x": -0.050675079226493835,
          "y": -0.012006337754428387,
          "z": 0.01462200190871954
        },
        "scale": {
          "x": 1.0,
          "y": 1.0,
          "z": 1.0
        },
        "matrix_basis": [
          [
            0.9992840886116028,
            -0.027984345331788063,
            -0.02545946277678013,
            0.0
          ],
          [
            0.0304180346429348,
            0.9944364428520203,
            0.1008506640791893,
            0.0
          ],
          [
            0.022495578974485397,
            -0.10155289620161057,
            0.9945757389068604,
            0.0
          ],
          [
            0.0,
            0.0,
            0.0,
            1.0
          ]
        ],
        "rotation_mode": "QUATERNION"
      },
      "armature_space": {
        "head": {
          "x": 0.47569018602371216,
          "y": -0.25095897912979126,
          "z": 0.6684905290603638
        },
        "tail": {
          "x": 0.50403892993927,
          "y": -0.3645198345184326,
          "z": 0.6739223003387451
        }
      },
      "world_space": {
        "head": {
          "x": 0.47569018602371216,
          "y": -0.18771497905254364,
          "z": 1.6183445453643799
        },
        "tail": {
          "x": 0.50403892993927,
          "y": -0.3012758493423462,
          "z": 1.6237763166427612
        },
        "rotation_quaternion": {
          "w": 0.043745655566453934,
          "x": 0.9778209328651428,
          "y": 0.11616767942905426,
          "z": -0.1686941534280777
        },
        "matrix": [
          [
            0.9160947203636169,
            0.24194180965423584,
            -0.31974154710769653,
            0.47569018602371216
          ],
          [
            0.2124231606721878,
            -0.9691829681396484,
            -0.12474516034126282,
            -0.18771497905254364
          ],
          [
            -0.3400714099407196,
            0.046357300132513046,
            -0.9392639398574829,
            1.6183445453643799
          ],
          [
            0.0,
            0.0,
            0.0,
            1.0
          ]
        ]
      },
      "bone_length_armature_space": 0.11717176660828336,
      "parent": "lowerarm_l",
      "has_children": true,
      "is_end_bone": false
    },
    "index_01_l": {
      "name": "index_01_l",
      "local": {
        "location": {
          "x": 0.0,
          "y": 0.0,
          "z": 0.0
        },
        "rotation_quaternion": {
          "w": 0.952558159828186,
          "x": 0.3043261766433716,
          "y": -0.0033321818336844444,
          "z": -0.002736627357080579
        },
        "scale": {
          "x": 1.0,
          "y": 1.0,
          "z": 1.0
        },
        "matrix_basis": [
          [
            0.9999628067016602,
            0.003185453126206994,
            -0.008013848215341568,
            0.0
          ],
          [
            -0.007241733837872744,
            0.8147561550140381,
            -0.5797585248947144,
            0.0
          ],
          [
            0.004682539496570826,
            0.5797950029373169,
            0.8147489428520203,
            0.0
          ],
          [
            0.0,
            0.0,
            0.0,
            1.0
          ]
        ],
        "rotation_mode": "QUATERNION"
      },
      "armature_space": {
        "head": {
          "x": 0.50403892993927,
          "y": -0.3645198345184326,
          "z": 0.6739223003387451
        },
        "tail": {
          "x": 0.5137421488761902,
          "y": -0.38710299134254456,
          "z": 0.6594681739807129
        }
      },
      "world_space": {
        "head": {
          "x": 0.50403892993927,
          "y": -0.3012758493423462,
          "z": 1.6237763166427612
        },
        "tail": {
          "x": 0.5137421488761902,
          "y": -0.32385897636413574,
          "z": 1.609322190284729
        },
        "rotation_quaternion": {
          "w": 0.21443407237529755,
          "x": -0.9166272878646851,
          "y": -0.2408774048089981,
          "z": 0.236200213432312
        },
        "matrix": [
          [
            0.77237468957901,
            0.3402915596961975,
            -0.53631991147995,
            0.50403892993927
          ],
          [
            0.542888879776001,
            -0.7919926643371582,
            0.27932047843933105,
            -0.3012758493423462
          ],
          [
            -0.3297129273414612,
            -0.5069063901901245,
            -0.7964606881141663,
            1.6237763166427612
          ],
          [
            0.0,
            0.0,
            0.0,
            1.0
          ]
        ]
      },
      "bone_length_armature_space": 0.028514438868415582,
      "parent": "metacarpal_index_l",
      "has_children": true,
      "is_end_bone": false
    },
    "index_02_l": {
      "name": "index_02_l",
      "local": {
        "location": {
          "x": 0.0,
          "y": 0.0,
          "z": 0.0
        },
        "rotation_quaternion": {
          "w": 0.8918362855911255,
          "x": 0.4522916078567505,
          "y": -0.0038268095813691616,
          "z": -0.006768300198018551
        },
        "scale": {
          "x": 1.0,
          "y": 1.0,
          "z": 1.0
        },
        "matrix_basis": [
          [
            0.9998790621757507,
            0.00861076358705759,
            -0.012948266230523586,
            0.0
          ],
          [
            -0.01553409919142723,
            0.5907729864120483,
            -0.8066883087158203,
            0.0
          ],
          [
            0.0007032845169305801,
            0.8067919611930847,
            0.5908353328704834,
            0.0
          ],
          [
            0.0,
            0.0,
            0.0,
            1.0
          ]
        ],
        "rotation_mode": "QUATERNION"
      },
      "armature_space": {
        "head": {
          "x": 0.5137419104576111,
          "y": -0.3871033489704132,
          "z": 0.6594678163528442
        },
        "tail": {
          "x": 0.5078496336936951,
          "y": -0.3944174349308014,
          "z": 0.6355955600738525
        }
      },
      "world_space": {
        "head": {
          "x": 0.5137419104576111,
          "y": -0.3238593339920044,
          "z": 1.6093218326568604
        },
        "tail": {
          "x": 0.5078496336936951,
          "y": -0.3311734199523926,
          "z": 1.5854495763778687
        },
        "rotation_quaternion": {
          "w": 0.584250807762146,
          "x": -0.7197544574737549,
          "y": -0.1268673539161682,
          "z": 0.35285884141921997
        },
        "matrix": [
          [
            0.7187919020652771,
            -0.22968874871730804,
            -0.6561870574951172,
            0.5137419104576111
          ],
          [
            0.5949413776397705,
            -0.28511276841163635,
            0.751502513885498,
            -0.3238593339920044
          ],
          [
            -0.3597009479999542,
            -0.9305733442306519,
            -0.06828516721725464,
            1.6093218326568604
          ],
          [
            0.0,
            0.0,
            0.0,
            1.0
          ]
        ]
      },
      "bone_length_armature_space": 0.025653447853706744,
      "parent": "index_01_l",
      "has_children": true,
      "is_end_bone": false
    },
    "index_03_l": {
      "name": "index_03_l",
      "local": {
        "location": {
          "x": 0.0,
          "y": 0.0,
          "z": 0.0
        },
        "rotation_quaternion": {
          "w": 0.9227231740951538,
          "x": 0.38537073135375977,
          "y": 0.008452645502984524,
          "z": 0.0002952056529466063
        },
        "scale": {
          "x": 1.0,
          "y": 1.0,
          "z": 1.0
        },
        "matrix_basis": [
          [
            0.9998569488525391,
            0.005970017984509468,
            0.015826430171728134,
            0.0
          ],
          [
            0.007059590425342321,
            0.7029786109924316,
            -0.7111760377883911,
            0.0
          ],
          [
            -0.015371376648545265,
            0.7111859917640686,
            0.7028359174728394,
            0.0
          ],
          [
            0.0,
            0.0,
            0.0,
            1.0
          ]
        ],
        "rotation_mode": "QUATERNION"
      },
      "armature_space": {
        "head": {
          "x": 0.5078497529029846,
          "y": -0.39441755414009094,
          "z": 0.6355955600738525
        },
        "tail": {
          "x": 0.491367369890213,
          "y": -0.3807620108127594,
          "z": 0.6157060265541077
        }
      },
      "world_space": {
        "head": {
          "x": 0.5078497529029846,
          "y": -0.33117353916168213,
          "z": 1.5854495763778687
        },
        "tail": {
          "x": 0.491367369890213,
          "y": -0.3175179958343506,
          "z": 1.5655601024627686
        },
        "rotation_quaternion": {
          "w": 0.8564679026603699,
          "x": -0.40188902616500854,
          "y": 0.011894481256604195,
          "z": 0.3237384259700775
        },
        "matrix": [
          [
            0.7901032567024231,
            -0.564103901386261,
            -0.23984108865261078,
            0.5078497529029846
          ],
          [
            0.5449840426445007,
            0.46735650300979614,
            0.6961112022399902,
            -0.33117353916168213
          ],
          [
            -0.28058922290802,
            -0.6807135343551636,
            0.6766929030418396,
            1.5854495763778687
          ],
          [
            0.0,
            0.0,
            0.0,
            1.0
          ]
        ]
      },
      "bone_length_armature_space": 0.02921876727418593,
      "parent": "index_02_l",
      "has_children": false,
      "is_end_bone": true
    },
    "metacarpal_pinky_l": {
      "name": "metacarpal_pinky_l",
      "local": {
        "location": {
          "x": 0.0,
          "y": 0.0,
          "z": 0.0
        },
        "rotation_quaternion": {
          "w": 0.9990001916885376,
          "x": -0.041539356112480164,
          "y": 0.00869618821889162,
          "z": -0.014058656990528107
        },
        "scale": {
          "x": 1.0,
          "y": 1.0,
          "z": 1.0
        },
        "matrix_basis": [
          [
            0.9994534850120544,
            0.02736673317849636,
            0.01854296214878559,
            0.0
          ],
          [
            -0.02881167083978653,
            0.9961536526679993,
            0.08275113254785538,
            0.0
          ],
          [
            -0.01620701141655445,
            -0.08324016630649567,
            0.9963977336883545,
            0.0
          ],
          [
            0.0,
            0.0,
            0.0,
            1.0
          ]
        ],
        "rotation_mode": "QUATERNION"
      },
      "armature_space": {
        "head": {
          "x": 0.47569018602371216,
          "y": -0.25095897912979126,
          "z": 0.6684905290603638
        },
        "tail": {
          "x": 0.5530166625976562,
          "y": -0.3202883005142212,
          "z": 0.6760591864585876
        }
      },
      "world_space": {
        "head": {
          "x": 0.47569018602371216,
          "y": -0.18771497905254364,
          "z": 1.6183445453643799
        },
        "tail": {
          "x": 0.5530166625976562,
          "y": -0.25704431533813477,
          "z": 1.625913143157959
        },
        "rotation_quaternion": {
          "w": 0.401518315076828,
          "x": 0.25781071186065674,
          "y": 0.07672904431819916,
          "z": -0.875459611415863
        },
        "matrix": [
          [
            -0.5446332097053528,
            0.7425898909568787,
            -0.38978850841522217,
            0.47569018602371216
          ],
          [
            -0.6634635925292969,
            -0.665790855884552,
            -0.3413785398006439,
            -0.18771497905254364
          ],
          [
            -0.5130258798599243,
            0.07268421351909637,
            0.855298638343811,
            1.6183445453643799
          ],
          [
            0.0,
            0.0,
            0.0,
            1.0
          ]
        ]
      },
      "bone_length_armature_space": 0.10413079890681656,
      "parent": "lowerarm_l",
      "has_children": true,
      "is_end_bone": false
    },
    "pinky_01_l": {
      "name": "pinky_01_l",
      "local": {
        "location": {
          "x": 0.0,
          "y": 0.0,
          "z": 0.0
        },
        "rotation_quaternion": {
          "w": 0.9438043236732483,
          "x": 0.33010441064834595,
          "y": 0.002643655054271221,
          "z": 0.01604563370347023
        },
        "scale": {
          "x": 1.0,
          "y": 1.0,
          "z": 1.0
        },
        "matrix_basis": [
          [
            0.9994710683822632,
            -0.02854251302778721,
            0.01558365486562252,
            0.0
          ],
          [
            0.03203324228525162,
            0.7815472483634949,
            -0.6230230927467346,
            0.0
          ],
          [
            0.0056032827123999596,
            0.6231927871704102,
            0.7820481657981873,
            0.0
          ],
          [
            0.0,
            0.0,
            0.0,
            1.0
          ]
        ],
        "rotation_mode": "QUATERNION"
      },
      "armature_space": {
        "head": {
          "x": 0.5530166625976562,
          "y": -0.3202883005142212,
          "z": 0.6760591864585876
        },
        "tail": {
          "x": 0.5642447471618652,
