{
  "metadata": {
    "armature_name": "KIM_caucasian_male",
    "export_time": "2026-01-13T20:26:11.911024",
    "blender_version": "4.4.1",
    "bone_count": 56,
    "end_bone_count": 13,
    "spaces_included": [
      "LOCAL_CHANNELS",
      "ARMATURE_SPACE",
      "WORLD_SPACE"
    ],
    "note": "LOCAL matches Transform panel; replay pose via local.matrix_basis for best fidelity."
  },
  "bones": {
    "Root": {
      "name": "Root",
      "local": {
        "location": {
          "x": 0.0,
          "y": 0.0,
          "z": 0.0
        },
        "rotation_quaternion": {
          "w": 0.999718189239502,
          "x": -0.015771806240081787,
          "y": 0.012876889668405056,
          "z": 0.012207810766994953
        },
        "scale": {
          "x": 1.0,
          "y": 1.0,
          "z": 1.0
        },
        "matrix_basis": [
          [
            0.9993703365325928,
            -0.024814924225211143,
            0.025361442938447,
            0.0
          ],
          [
            0.02400255762040615,
            0.9992044568061829,
            0.03184911981225014,
            0.0
          ],
          [
            -0.02613160014152527,
            -0.0312203262001276,
            0.9991708993911743,
            0.0
          ],
          [
            0.0,
            0.0,
            0.0,
            1.0
          ]
        ],
        "rotation_mode": "QUATERNION"
      },
      "armature_space": {
        "head": {
          "x": 0.0,
          "y": 0.07072800397872925,
          "z": -0.009595036506652832
        },
        "tail": {
          "x": -0.0017711868276819587,
          "y": 0.0003558322787284851,
          "z": 0.0022005336359143257
        }
      },
      "world_space": {
        "head": {
          "x": 0.0,
          "y": 0.13397200405597687,
          "z": 0.9402589797973633
        },
        "tail": {
          "x": -0.0017711868276819587,
          "y": 0.0635998323559761,
          "z": 0.9520545601844788
        },
        "rotation_quaternion": {
          "w": 0.08308465778827667,
          "x": 0.9963846206665039,
          "y": -0.011312589049339294,
          "z": 0.013670055195689201
        },
        "matrix": [
          [
            0.9993703365325928,
            -0.024814924225211143,
            0.025361442938447,
            0.0
          ],
          [
            -0.020271826535463333,
            -0.9859378933906555,
            -0.1658782660961151,
            0.13397200405597687
          ],
          [
            0.029121248051524162,
            0.16525991261005402,
            -0.9858271479606628,
            0.9402589797973633
          ],
          [
            0.0,
            0.0,
            0.0,
            1.0
          ]
        ]
      },
      "bone_length_armature_space": 0.07137587250035934,
      "parent": null,
      "has_children": true,
      "is_end_bone": false
    },
    "spine_01": {
      "name": "spine_01",
      "local": {
        "location": {
          "x": 0.0,
          "y": 0.0,
          "z": 0.0
        },
        "rotation_quaternion": {
          "w": 0.9965732097625732,
          "x": 0.06713581085205078,
          "y": -0.04341992363333702,
          "z": 0.021199306473135948
        },
        "scale": {
          "x": 1.0,
          "y": 1.0,
          "z": 1.0
        },
        "matrix_basis": [
          [
            0.9953305721282959,
            -0.048083383589982986,
            -0.08369579911231995,
            0.0
          ],
          [
            0.03642325848340988,
            0.9900867342948914,
            -0.13565245270729065,
            0.0
          ],
          [
            0.08938872814178467,
            0.13197055459022522,
            0.987214982509613,
            0.0
          ],
          [
            0.0,
            0.0,
            0.0,
            1.0
          ]
        ],
        "rotation_mode": "QUATERNION"
      },
      "armature_space": {
        "head": {
          "x": -0.0017711868276819587,
          "y": 0.0003558322787284851,
          "z": 0.0022005336359143257
        },
        "tail": {
          "x": -0.039930351078510284,
          "y": -0.025428328663110733,
          "z": 0.4880272448062897
        }
      },
      "world_space": {
        "head": {
          "x": -0.0017711868276819587,
          "y": 0.0635998323559761,
          "z": 0.9520545601844788
        },
        "tail": {
          "x": -0.039930351078510284,
          "y": 0.03781567141413689,
          "z": 1.4378812313079834
        },
        "rotation_quaternion": {
          "w": 0.6852259635925293,
          "x": 0.725473940372467,
          "y": -0.0636158436536789,
          "z": -0.01029478944838047
        },
        "matrix": [
          [
            0.9916939735412598,
            -0.07819481194019318,
            -0.10212016850709915,
            -0.0017711868276819587
          ],
          [
            -0.10641226917505264,
            -0.05283626168966293,
            -0.9929173588752747,
            0.0635998323559761
          ],
          [
            0.07224573940038681,
            0.9955440163612366,
            -0.06071963161230087,
            0.9520545601844788
          ],
          [
            0.0,
            0.0,
            0.0,
            1.0
          ]
        ]
      },
      "bone_length_armature_space": 0.48800463965605606,
      "parent": "Root",
      "has_children": true,
      "is_end_bone": false
    },
    "neck_01": {
      "name": "neck_01",
      "local": {
        "location": {
          "x": 0.0,
          "y": 0.0,
          "z": 0.0
        },
        "rotation_quaternion": {
          "w": 0.9969340562820435,
          "x": 0.04720398783683777,
          "y": 0.05460990220308304,
          "z": 0.030199505388736725
        },
        "scale": {
          "x": 1.0,
          "y": 1.0,
          "z": 1.0
        },
        "matrix_basis": [
          [
            0.9922115206718445,
            -0.05505822226405144,
            0.11173601448535919,
            0.0
          ],
          [
            0.06536944210529327,
            0.9937195181846619,
            -0.09082014113664627,
            0.0
          ],
          [
            -0.10603386908769608,
            0.09741690754890442,
            0.9895790815353394,
            0.0
          ],
          [
            0.0,
            0.0,
            0.0,
            1.0
          ]
        ],
        "rotation_mode": "QUATERNION"
      },
      "armature_space": {
        "head": {
          "x": -0.049197226762771606,
          "y": -0.06373172998428345,
          "z": 0.5588136911392212
        },
        "tail": {
          "x": -0.06677978485822678,
          "y": -0.11550147831439972,
          "z": 0.6455401182174683
        }
      },
      "world_space": {
        "head": {
          "x": -0.049197226762771606,
          "y": -0.00048772990703582764,
          "z": 1.5086677074432373
        },
        "tail": {
          "x": -0.06677978485822678,
          "y": -0.0522574782371521,
          "z": 1.5953941345214844
        },
        "rotation_quaternion": {
          "w": 0.49374935030937195,
          "x": 0.8648888468742371,
          "y": -0.06106265261769295,
          "z": 0.06671047955751419
        },
        "matrix": [
          [
            0.9836421012878418,
            -0.17150145769119263,
            0.055094197392463684,
            -0.049197226762771606
          ],
          [
            -0.039748989045619965,
            -0.504965603351593,
            -0.8622239232063293,
            -0.00048772990703582764
          ],
          [
            0.1756945252418518,
            0.8459352254867554,
            -0.5035268068313599,
            1.5086677074432373
          ],
          [
            0.0,
            0.0,
            0.0,
            1.0
          ]
        ]
      },
      "bone_length_armature_space": 0.10252183417500597,
      "parent": "spine_01",
      "has_children": true,
      "is_end_bone": false
    },
    "head": {
      "name": "head",
      "local": {
        "location": {
          "x": 0.0,
          "y": 0.0,
          "z": 0.0
        },
        "rotation_quaternion": {
          "w": 0.9949719905853271,
          "x": -0.0038749524392187595,
          "y": 0.026919567957520485,
          "z": -0.0963907390832901
        },
        "scale": {
          "x": 1.0,
          "y": 1.0,
          "z": 1.0
        },
        "matrix_basis": [
          [
            0.9799683094024658,
            0.19160354137420654,
            0.05431545153260231,
            0.0
          ],
          [
            -0.19202078878879547,
            0.9813876152038574,
            0.0025213442277163267,
            0.0
          ],
          [
            -0.052821412682533264,
            -0.012900532223284245,
            0.9985206723213196,
            0.0
          ],
          [
            0.0,
            0.0,
            0.0,
            1.0
          ]
        ],
        "rotation_mode": "QUATERNION"
      },
      "armature_space": {
        "head": {
          "x": -0.06677976250648499,
          "y": -0.11550157517194748,
          "z": 0.6455399990081787
        },
        "tail": {
          "x": -0.06499084085226059,
          "y": -0.13901564478874207,
          "z": 0.7988279461860657
        }
      },
      "world_space": {
        "head": {
          "x": -0.06677976250648499,
          "y": -0.05225757509469986,
          "z": 1.5953940153121948
        },
        "tail": {
          "x": -0.06499084085226059,
          "y": -0.07577164471149445,
          "z": 1.7486820220947266
        },
        "rotation_quaternion": {
          "w": 0.6510729789733887,
          "x": 0.7587375640869141,
          "y": 0.017206216230988503,
          "z": 0.011193273589015007
        },
        "matrix": [
          [
            0.9991572499275208,
            0.011534711346030235,
            0.039390578866004944,
            -0.06677976250648499
          ],
          [
            0.04068537801504135,
            -0.1516154557466507,
            -0.9876021146774292,
            -0.05225757509469986
          ],
          [
            -0.005419530905783176,
            0.9883792400360107,
            -0.15195897221565247,
            1.5953940153121948
          ],
          [
            0.0,
            0.0,
            0.0,
            1.0
          ]
        ]
      },
      "bone_length_armature_space": 0.15509128208365644,
      "parent": "neck_01",
      "has_children": false,
      "is_end_bone": true
    },
    "upperarm_l": {
      "name": "upperarm_l",
      "local": {
        "location": {
          "x": 0.0,
          "y": 0.0,
          "z": 0.0
        },
        "rotation_quaternion": {
          "w": 0.8372862339019775,
          "x": 0.34295642375946045,
          "y": 0.3167865574359894,
          "z": 0.28456807136535645
        },
        "scale": {
          "x": 1.0,
          "y": 1.0,
          "z": 1.0
        },
        "matrix_basis": [
          [
            0.6373345851898193,
            -0.25924187898635864,
            0.7256709337234497,
            0.0
          ],
          [
            0.6938178539276123,
            0.6028038263320923,
            -0.3940106928348541,
            0.0
          ],
          [
            -0.33529314398765564,
            0.7546000480651855,
            0.5640543103218079,
            0.0
          ],
          [
            0.0,
            0.0,
            0.0,
            1.0
          ]
        ],
        "rotation_mode": "QUATERNION"
      },
      "armature_space": {
        "head": {
          "x": 0.10448649525642395,
          "y": -0.07930910587310791,
          "z": 0.5025485754013062
        },
        "tail": {
          "x": 0.24892130494117737,
          "y": -0.29663437604904175,
          "z": 0.5635073184967041
        }
      },
      "world_space": {
        "head": {
          "x": 0.10448649525642395,
          "y": -0.01606510579586029,
          "z": 1.4524025917053223
        },
        "tail": {
          "x": 0.24892130494117737,
          "y": -0.23339037597179413,
          "z": 1.5133613348007202
        },
        "rotation_quaternion": {
          "w": 0.19263125956058502,
          "x": 0.9150788187980652,
          "y": 0.2395603060722351,
          "z": -0.26102638244628906
        },
        "matrix": [
          [
            0.7489521503448486,
            0.5389973521232605,
            -0.3854252099990845,
            0.10448649525642395
          ],
          [
            0.3378697633743286,
            -0.8110076785087585,
            -0.4776095151901245,
            -0.01606510579586029
          ],
          [
            -0.5700168013572693,
            0.22748392820358276,
            -0.7895227670669556,
            1.4524025917053223
          ],
          [
            0.0,
            0.0,
            0.0,
            1.0
          ]
        ]
      },
      "bone_length_armature_space": 0.2679695043713097,
      "parent": "spine_01",
      "has_children": true,
      "is_end_bone": false
    },
    "lowerarm_l": {
      "name": "lowerarm_l",
      "local": {
        "location": {
          "x": 0.0,
          "y": 0.0,
          "z": 0.0
        },
        "rotation_quaternion": {
          "w": 0.8616939783096313,
          "x": 0.4679972231388092,
          "y": 0.18696872889995575,
          "z": -0.05920308828353882
        },
        "scale": {
          "x": 1.0,
          "y": 1.0,
          "z": 1.0
        },
        "matrix_basis": [
          [
            0.9230753779411316,
            0.2770315706729889,
            0.26680588722229004,
            0.0
          ],
          [
            0.07297180593013763,
            0.5549471974372864,
            -0.8286790251731873,
            0.0
          ],
          [
            -0.3776334226131439,
            0.7844025492668152,
            0.492042601108551,
            0.0
          ],
          [
            0.0,
            0.0,
            0.0,
            1.0
          ]
        ],
        "rotation_mode": "QUATERNION"
      },
      "armature_space": {
        "head": {
          "x": 0.2489212453365326,
          "y": -0.2966345250606537,
          "z": 0.5635073184967041
        },
        "tail": {
          "x": 0.25160279870033264,
          "y": -0.4982863664627075,
          "z": 0.3877255618572235
        }
      },
      "world_space": {
        "head": {
          "x": 0.2489212453365326,
          "y": -0.23339052498340607,
          "z": 1.5133613348007202
        },
        "tail": {
          "x": 0.25160279870033264,
          "y": -0.4350423812866211,
          "z": 1.337579607963562
        },
        "rotation_quaternion": {
          "w": 0.34068727493286133,
          "x": -0.9125351905822754,
          "y": -0.08395065367221832,
          "z": 0.21015246212482452
        },
        "matrix": [
          [
            0.897576630115509,
            0.010023623704910278,
            -0.4407445192337036,
            0.2489212453365326
          ],
          [
            0.2964082956314087,
            -0.7537696361541748,
            0.5864927172660828,
            -0.23339052498340607
          ],
          [
            -0.32634302973747253,
            -0.6570679545402527,
            -0.6795412302017212,
            1.5133613348007202
          ],
          [
            0.0,
            0.0,
            0.0,
            1.0
          ]
        ]
      },
      "bone_length_armature_space": 0.26752548149926497,
      "parent": "upperarm_l",
      "has_children": true,
      "is_end_bone": false
    },
    "metacarpal_thumb_l": {
      "name": "metacarpal_thumb_l",
      "local": {
        "location": {
          "x": 0.0,
          "y": 0.0,
          "z": 0.0
        },
        "rotation_quaternion": {
          "w": 0.9995997548103333,
          "x": -0.02473619021475315,
          "y": 0.00987170822918415,
          "z": 0.009545974433422089
        },
        "scale": {
          "x": 1.0,
          "y": 1.0,
          "z": 1.0
        },
        "matrix_basis": [
          [
            0.9996228218078613,
            -0.019572684541344643,
            0.01926325261592865,
            0.0
          ],
          [
            0.018595930188894272,
            0.9985939860343933,
            0.04964105039834976,
            0.0
          ],
          [
            -0.020207775756716728,
            -0.04926411062479019,
            0.9985813498497009,
            0.0
          ],
          [
            0.0,
            0.0,
            0.0,
            1.0
          ]
        ],
        "rotation_mode": "QUATERNION"
      },
      "armature_space": {
        "head": {
          "x": 0.25160279870033264,
          "y": -0.4982863664627075,
          "z": 0.3877255618572235
        },
        "tail": {
          "x": 0.24466437101364136,
          "y": -0.5080485939979553,
          "z": 0.33966130018234253
        }
      },
      "world_space": {
        "head": {
          "x": 0.25160279870033264,
          "y": -0.4350423812866211,
          "z": 1.337579607963562
        },
        "tail": {
          "x": 0.24466437101364136,
          "y": -0.4448046088218689,
          "z": 1.2895152568817139
        },
        "rotation_quaternion": {
          "w": 0.5000869035720825,
          "x": -0.6722319722175598,
          "y": 0.3890652358531952,
          "z": -0.3829432725906372
        },
        "matrix": [
          [
            0.4039648771286011,
            -0.14007487893104553,
            0.903986394405365,
            0.25160279870033264
          ],
          [
            -0.9060941934585571,
            -0.19708286225795746,
            0.3743686079978943,
            -0.4350423812866211
          ],
          [
            0.12572048604488373,
            -0.9703354835510254,
            -0.2065366804599762,
            1.337579607963562
          ],
          [
            0.0,
            0.0,
            0.0,
            1.0
          ]
        ]
      },
      "bone_length_armature_space": 0.049533990552036895,
      "parent": "lowerarm_l",
      "has_children": true,
      "is_end_bone": false
    },
    "thumb_01_l": {
      "name": "thumb_01_l",
      "local": {
        "location": {
          "x": 0.0,
          "y": 0.0,
          "z": 0.0
        },
        "rotation_quaternion": {
          "w": 0.9998828172683716,
          "x": 0.006692302413284779,
          "y": 0.0135864969342947,
          "z": 0.002267365111038089
        },
        "scale": {
          "x": 1.0,
          "y": 1.0,
          "z": 1.0
        },
        "matrix_basis": [
          [
            0.9996205568313599,
            -0.004352348856627941,
            0.027200156822800636,
            0.0
          ],
          [
            0.004716048948466778,
            0.9999001622200012,
            -0.013321424834430218,
            0.0
          ],
          [
            -0.027139462530612946,
            0.013444647192955017,
            0.9995412230491638,
            0.0
          ],
          [
            0.0,
            0.0,
            0.0,
            1.0
          ]
        ],
        "rotation_mode": "QUATERNION"
      },
      "armature_space": {
        "head": {
          "x": 0.24466437101364136,
          "y": -0.5080485939979553,
          "z": 0.33966130018234253
        },
        "tail": {
          "x": 0.26298078894615173,
          "y": -0.4996435046195984,
          "z": 0.31222960352897644
        }
      },
      "world_space": {
        "head": {
          "x": 0.24466437101364136,
          "y": -0.4448046088218689,
          "z": 1.2895152568817139
        },
        "tail": {
          "x": 0.26298078894615173,
          "y": -0.43639951944351196,
          "z": 1.262083649635315
        },
        "rotation_quaternion": {
          "w": 0.3706793487071991,
          "x": 0.06129446625709534,
          "y": 0.697180986404419,
          "z": -0.6105558276176453
        },
        "matrix": [
          [
            -0.7176781892776489,
            0.5381077527999878,
            0.44201603531837463,
            0.24466437101364136
          ],
          [
            -0.3671780526638031,
            0.2469281107187271,
            -0.8967759609222412,
            -0.4448046088218689
          ],
          [
            -0.5917125344276428,
            -0.8059004545211792,
            0.020365584641695023,
            1.2895152568817139
          ],
          [
            0.0,
            0.0,
            0.0,
            1.0
          ]
        ]
      },
      "bone_length_armature_space": 0.03403872336297789,
      "parent": "metacarpal_thumb_l",
      "has_children": true,
      "is_end_bone": false
    },
    "thumb_02_l": {
      "name": "thumb_02_l",
      "local": {
        "location": {
          "x": 0.0,
          "y": 0.0,
          "z": 0.0
        },
        "rotation_quaternion": {
          "w": 0.9951152205467224,
          "x": 0.09863173216581345,
          "y": 0.00037022336618974805,
          "z": 0.0041750697419047356
        },
        "scale": {
          "x": 1.0,
          "y": 1.0,
          "z": 1.0
        },
        "matrix_basis": [
          [
            0.9999648928642273,
            -0.00823631975799799,
            0.0015604185173287988,
            0.0
          ],
          [
            0.008382382802665234,
            0.9805086851119995,
            -0.1962967813014984,
            0.0
          ],
          [
            8.675890421727672e-05,
            0.19630296528339386,
            0.980543315410614,
            0.0
          ],
          [
            0.0,
            0.0,
            0.0,
            1.0
          ]
        ],
        "rotation_mode": "QUATERNION"
      },
      "armature_space": {
        "head": {
          "x": 0.26298078894615173,
          "y": -0.4996434450149536,
          "z": 0.31222963333129883
        },
        "tail": {
          "x": 0.26254215836524963,
          "y": -0.530813992023468,
          "z": 0.28690385818481445
        }
      },
      "world_space": {
        "head": {
          "x": 0.26298078894615173,
          "y": -0.4363994598388672,
          "z": 1.262083649635315
        },
        "tail": {
          "x": 0.26254215836524963,
          "y": -0.4675700068473816,
          "z": 1.2367578744888306
        },
        "rotation_quaternion": {
          "w": 0.0885232537984848,
          "x": -0.23353278636932373,
          "y": -0.3226872980594635,
          "z": 0.9129616022109985
        },
        "matrix": [
          [
            -0.8752522468566895,
            -0.010921061038970947,
            -0.48354342579841614,
            0.26298078894615173
          ],
          [
            0.31235256791114807,
            -0.7760737538337708,
            -0.5478554964065552,
            -0.4363994598388672
          ],
          [
            -0.36928433179855347,
            -0.6305528283119202,
            0.6826757192611694,
            1.262083649635315
          ],
          [
            0.0,
            0.0,
            0.0,
            1.0
          ]
        ]
      },
      "bone_length_armature_space": 0.04016453962714933,
      "parent": "thumb_01_l",
      "has_children": true,
      "is_end_bone": false
    },
    "thumb_03_l": {
      "name": "thumb_03_l",
      "local": {
        "location": {
          "x": 0.0,
          "y": 0.0,
          "z": 0.0
        },
        "rotation_quaternion": {
          "w": 0.9973205327987671,
          "x": 0.07311443239450455,
          "y": -0.001491254079155624,
          "z": -0.002007044618949294
        },
        "scale": {
          "x": 1.0,
          "y": 1.0,
          "z": 1.0
        },
        "matrix_basis": [
          [
            0.9999874830245972,
            0.0037852693349123,
            -0.003268004395067692,
            0.0
          ],
          [
            -0.004221397917717695,
            0.9893004894256592,
            -0.14583106338977814,
            0.0
          ],
          [
            0.0026810287963598967,
            0.1458430290222168,
            0.9893041253089905,
            0.0
          ],
          [
            0.0,
            0.0,
            0.0,
            1.0
          ]
        ],
        "rotation_mode": "QUATERNION"
      },
      "armature_space": {
        "head": {
          "x": 0.26254212856292725,
          "y": -0.5308139324188232,
          "z": 0.28690382838249207
        },
        "tail": {
          "x": 0.259033203125,
          "y": -0.5599477291107178,
          "z": 0.27879199385643005
        }
      },
      "world_space": {
        "head": {
          "x": 0.26254212856292725,
          "y": -0.4675699472427368,
          "z": 1.2367578744888306
        },
        "tail": {
          "x": 0.259033203125,
          "y": -0.49670374393463135,
          "z": 1.2286460399627686
        },
        "rotation_quaternion": {
          "w": 0.10899046808481216,
          "x": -0.41137781739234924,
          "y": -0.0982510894536972,
          "z": 0.8995755314826965
        },
        "matrix": [
          [
            -0.637778639793396,
            -0.11525479704141617,
            -0.7615475654602051,
            0.26254212856292725
          ],
          [
            0.27692681550979614,
            -0.9569358825683594,
            -0.0870947390794754,
            -0.4675699472427368
          ],
          [
            -0.7187185883522034,
            -0.26644280552864075,
            0.6422348618507385,
            1.2367578744888306
          ],
          [
            0.0,
            0.0,
            0.0,
            1.0
          ]
        ]
      },
      "bone_length_armature_space": 0.030444909838304772,
      "parent": "thumb_02_l",
      "has_children": false,
      "is_end_bone": true
    },
    "metacarpal_index_l": {
      "name": "metacarpal_index_l",
      "local": {
        "location": {
          "x": 0.0,
          "y": 0.0,
          "z": 0.0
        },
        "rotation_quaternion": {
          "w": 0.9998191595077515,
          "x": 0.0036728237755596638,
          "y": -0.01824229024350643,
          "z": 0.003932171035557985
        },
        "scale": {
          "x": 1.0,
          "y": 1.0,
          "z": 1.0
        },
        "matrix_basis": [
          [
            0.9993035197257996,
            -0.007996921427547932,
            -0.03644909709692001,
            0.0
          ],
          [
            0.007728918455541134,
            0.9999421238899231,
            -0.007487782742828131,
            0.0
          ],
          [
            0.03650686517357826,
            0.007200855761766434,
            0.9993074536323547,
            0.0
          ],
          [
            0.0,
            0.0,
            0.0,
            1.0
          ]
        ],
        "rotation_mode": "QUATERNION"
      },
      "armature_space": {
        "head": {
          "x": 0.25160279870033264,
          "y": -0.4982863664627075,
          "z": 0.3877255618572235
        },
        "tail": {
          "x": 0.24186620116233826,
          "y": -0.5585163235664368,
          "z": 0.2876909375190735
        }
      },
      "world_space": {
        "head": {
          "x": 0.25160279870033264,
          "y": -0.4350423812866211,
          "z": 1.337579607963562
        },
        "tail": {
          "x": 0.24186620116233826,
          "y": -0.49527233839035034,
          "z": 1.2375450134277344
        },
        "rotation_quaternion": {
          "w": 0.46946004033088684,
          "x": -0.8504356145858765,
          "y": 0.15030555427074432,
          "z": -0.1837792992591858
        },
        "matrix": [
          [
            0.8872666954994202,
            -0.08309679478406906,
            0.45370984077453613,
            0.25160279870033264
          ],
          [
            -0.4282044768333435,
            -0.5140316486358643,
            0.7432446479797363,
            -0.4350423812866211
          ],
          [
            0.17146071791648865,
            -0.8537434935569763,
            -0.49166831374168396,
            1.337579607963562
          ],
          [
            0.0,
            0.0,
            0.0,
            1.0
          ]
        ]
      },
      "bone_length_armature_space": 0.11717241570129,
      "parent": "lowerarm_l",
      "has_children": true,
      "is_end_bone": false
    },
    "index_01_l": {
      "name": "index_01_l",
      "local": {
        "location": {
          "x": 0.0,
          "y": 0.0,
          "z": 0.0
        },
        "rotation_quaternion": {
          "w": 0.9927898049354553,
          "x": -0.11864824593067169,
          "y": 0.015320848673582077,
          "z": 0.007504136301577091
        },
        "scale": {
          "x": 1.0,
          "y": 1.0,
          "z": 1.0
        },
        "matrix_basis": [
          [
            0.9994179010391235,
            -0.018535643815994263,
            0.028640059754252434,
            0.0
          ],
          [
            0.011264475993812084,
            0.9717325568199158,
            0.23581548035144806,
            0.0
          ],
          [
            -0.03220146894454956,
            -0.23535560071468353,
            0.9713757038116455,
            0.0
          ],
          [
            0.0,
            0.0,
            0.0,
            1.0
          ]
        ],
        "rotation_mode": "QUATERNION"
      },
      "armature_space": {
        "head": {
          "x": 0.24186620116233826,
          "y": -0.5585163235664368,
          "z": 0.2876909375190735
        },
        "tail": {
          "x": 0.24277284741401672,
          "y": -0.5828202962875366,
          "z": 0.272805780172348
        }
      },
      "world_space": {
        "head": {
          "x": 0.24186620116233826,
          "y": -0.49527233839035034,
          "z": 1.2375450134277344
        },
        "tail": {
          "x": 0.24277284741401672,
          "y": -0.5195763111114502,
          "z": 1.2226598262786865
        },
        "rotation_quaternion": {
          "w": 0.26463937759399414,
          "x": -0.9223112463951111,
          "y": 0.06160944700241089,
          "z": -0.2747947573661804
        },
        "matrix": [
          [
            0.8413843512535095,
            0.03179623931646347,
            0.539500892162323,
            0.24186620116233826
          ],
          [
            -0.2590889036655426,
            -0.8523412346839905,
            0.45429909229278564,
            -0.49527233839035034
          ],
          [
            0.4742869436740875,
            -0.5220234394073486,
            -0.7089130878448486,
            1.2375450134277344
          ],
          [
            0.0,
            0.0,
            0.0,
            1.0
          ]
        ]
      },
      "bone_length_armature_space": 0.028514434893384347,
      "parent": "metacarpal_index_l",
      "has_children": true,
      "is_end_bone": false
    },
    "index_02_l": {
      "name": "index_02_l",
      "local": {
        "location": {
          "x": 0.0,
          "y": 0.0,
          "z": 0.0
        },
        "rotation_quaternion": {
          "w": 0.9997465014457703,
          "x": 0.02142430655658245,
          "y": -0.004739758092910051,
          "z": 0.005048603750765324
        },
        "scale": {
          "x": 1.0,
          "y": 1.0,
          "z": 1.0
        },
        "matrix_basis": [
          [
            0.9999040961265564,
            -0.010297739878296852,
            -0.00926078762859106,
            0.0
          ],
          [
            0.009891555644571781,
            0.9990310072898865,
            -0.04288560897111893,
            0.0
          ],
          [
            0.009693439118564129,
            0.04278989136219025,
            0.9990370869636536,
            0.0
          ],
          [
            0.0,
            0.0,
            0.0,
            1.0
          ]
        ],
        "rotation_mode": "QUATERNION"
      },
      "armature_space": {
        "head": {
          "x": 0.24277283251285553,
          "y": -0.5828204154968262,
          "z": 0.27280521392822266
        },
        "tail": {
          "x": 0.24408064782619476,
          "y": -0.6047143936157227,
          "z": 0.2594996690750122
        }
      },
      "world_space": {
        "head": {
          "x": 0.24277283251285553,
          "y": -0.5195764303207397,
          "z": 1.2226592302322388
        },
        "tail": {
          "x": 0.24408064782619476,
          "y": -0.5414704084396362,
          "z": 1.2093536853790283
        },
        "rotation_quaternion": {
          "w": 0.26737427711486816,
          "x": -0.9316339492797852,
          "y": 0.04222368076443672,
          "z": -0.24245913326740265
        },
        "matrix": [
          [
            0.8788616061210632,
            0.05098017305135727,
            0.47434502840042114,
            0.24277283251285553
          ],
          [
            -0.20832832157611847,
            -0.8534569144248962,
            0.4777141511440277,
            -0.5195764303207397
          ],
          [
            0.4291898310184479,
            -0.5186686515808105,
            -0.7394547462463379,
            1.2226592302322388
          ],
          [
            0.0,
            0.0,
            0.0,
            1.0
          ]
        ]
      },
      "bone_length_armature_space": 0.02565334659275577,
      "parent": "index_01_l",
      "has_children": true,
      "is_end_bone": false
    },
    "index_03_l": {
      "name": "index_03_l",
      "local": {
        "location": {
          "x": 0.0,
          "y": 0.0,
          "z": 0.0
        },
        "rotation_quaternion": {
          "w": 0.9997942447662354,
          "x": 0.018791629001498222,
          "y": 0.007509048096835613,
          "z": 0.0014357109321281314
        },
        "scale": {
          "x": 1.0,
          "y": 1.0,
          "z": 1.0
        },
        "matrix_basis": [
          [
            0.9998831152915955,
            -0.0025886164512485266,
            0.015068965032696724,
            0.0
          ],
          [
            0.0031530456617474556,
            0.9992896318435669,
            -0.03755396232008934,
            0.0
          ],
          [
            -0.01496104709804058,
            0.037597086280584335,
            0.9991809725761414,
            0.0
          ],
          [
            0.0,
            0.0,
            0.0,
            1.0
          ]
        ],
        "rotation_mode": "QUATERNION"
      },
      "armature_space": {
        "head": {
          "x": 0.2440805435180664,
          "y": -0.6047143936157227,
          "z": 0.25949978828430176
        },
        "tail": {
          "x": 0.24961906671524048,
          "y": -0.6281500458717346,
          "z": 0.2429519146680832
        }
      },
      "world_space": {
        "head": {
          "x": 0.2440805435180664,
          "y": -0.5414704084396362,
          "z": 1.2093538045883179
        },
        "tail": {
          "x": 0.24961906671524048,
          "y": -0.5649060606956482,
          "z": 1.1928058862686157
        },
        "rotation_quaternion": {
          "w": 0.31457456946372986,
          "x": -0.9022198915481567,
          "y": -0.0021849237382411957,
          "z": -0.29502102732658386
        },
        "matrix": [
          [
            0.825916051864624,
            0.18955422937870026,
            0.530972421169281,
            0.2440805435180664
          ],
          [
            -0.18166892230510712,
            -0.8020768761634827,
            0.5689193606376648,
            -0.5414704084396362
          ],
          [
            0.5337254405021667,
            -0.5663456916809082,
            -0.62801593542099,
            1.2093538045883179
          ],
          [
            0.0,
            0.0,
            0.0,
            1.0
          ]
        ]
      },
      "bone_length_armature_space": 0.029218780845586604,
      "parent": "index_02_l",
      "has_children": false,
      "is_end_bone": true
    },
    "metacarpal_pinky_l": {
      "name": "metacarpal_pinky_l",
      "local": {
        "location": {
          "x": 0.0,
          "y": 0.0,
          "z": 0.0
        },
        "rotation_quaternion": {
          "w": 0.9996752738952637,
          "x": 0.02528669312596321,
          "y": -0.0023150353226810694,
          "z": 0.0021723664831370115
        },
        "scale": {
          "x": 1.0,
          "y": 1.0,
          "z": 1.0
        },
        "matrix_basis": [
          [
            0.9999798536300659,
            -0.004460401367396116,
            -0.00451870309188962,
            0.0
          ],
          [
            0.004226243123412132,
            0.9987117052078247,
            -0.05056702345609665,
            0.0
          ],
          [
            0.004738430958241224,
            0.050546906888484955,
            0.9987104535102844,
            0.0
          ],
          [
            0.0,
            0.0,
            0.0,
            1.0
          ]
        ],
        "rotation_mode": "QUATERNION"
      },
      "armature_space": {
        "head": {
          "x": 0.25160279870033264,
          "y": -0.4982863664627075,
          "z": 0.3877255618572235
        },
        "tail": {
          "x": 0.2619520425796509,
          "y": -0.5925772190093994,
          "z": 0.34476760029792786
        }
      },
      "world_space": {
        "head": {
          "x": 0.25160279870033264,
          "y": -0.4350423812866211,
          "z": 1.337579607963562
        },
        "tail": {
          "x": 0.2619520425796509,
          "y": -0.529333233833313,
          "z": 1.2946215867996216
        },
        "rotation_quaternion": {
          "w": 0.0997125580906868,
          "x": -0.6384537220001221,
          "y": -0.19314700365066528,
          "z": 0.7383281588554382
        },
        "matrix": [
          [
            -0.16486915946006775,
            0.09938699007034302,
            -0.9812953472137451,
            0.25160279870033264
          ],
          [
            0.3938715159893036,
            -0.905504047870636,
            -0.15788599848747253,
            -0.4350423812866211
          ],
          [
            -0.9042645692825317,
            -0.41253864765167236,
            0.11014452576637268,
            1.337579607963562
          ],
          [
            0.0,
            0.0,
            0.0,
            1.0
          ]
        ]
      },
      "bone_length_armature_space": 0.10413096607843919,
      "parent": "lowerarm_l",
      "has_children": true,
      "is_end_bone": false
    },
    "pinky_01_l": {
      "name": "pinky_01_l",
      "local": {
        "location": {
          "x": 0.0,
          "y": 0.0,
          "z": 0.0
        },
        "rotation_quaternion": {
          "w": 0.9604309797286987,
          "x": 0.2783252000808716,
          "y": -0.004002386704087257,
          "z": 0.009563872590661049
        },
        "scale": {
          "x": 1.0,
          "y": 1.0,
          "z": 1.0
        },
        "matrix_basis": [
          [
            0.9997850060462952,
            -0.02059880830347538,
            -0.0023642987944185734,
            0.0
          ],
          [
            0.01614294946193695,
            0.8448872566223145,
            -0.534700870513916,
            0.0
          ],
          [
            0.013011765666306019,
            0.534547746181488,
            0.845038115978241,
            0.0
          ],
          [
            0.0,
            0.0,
            0.0,
            1.0
          ]
        ],
        "rotation_mode": "QUATERNION"
      },
      "armature_space": {
        "head": {
          "x": 0.2619520425796509,
          "y": -0.5925772190093994,
