{
  "metadata": {
    "armature_name": "KIM_caucasian_male",
    "export_time": "2026-01-13T21:02:11.430753",
    "blender_version": "4.4.1",
    "bone_count": 56,
    "end_bone_count": 13,
    "spaces_included": [
      "LOCAL_CHANNELS",
      "ARMATURE_SPACE",
      "WORLD_SPACE"
    ],
    "note": "LOCAL matches Transform panel; replay pose via local.matrix_basis for best fidelity."
  },
  "bones": {
    "Root": {
      "name": "Root",
      "local": {
        "location": {
          "x": 0.0,
          "y": 0.0,
          "z": 0.0
        },
        "rotation_quaternion": {
          "w": 0.9998481273651123,
          "x": -0.01507629919797182,
          "y": 0.008463958278298378,
          "z": 0.0022068703547120094
        },
        "scale": {
          "x": 1.0,
          "y": 1.0,
          "z": 1.0
        },
        "matrix_basis": [
          [
            0.9998469948768616,
            -0.004668280947953463,
            0.01685880310833454,
            0.0
          ],
          [
            0.004157859832048416,
            0.9995356798171997,
            0.030185377225279808,
            0.0
          ],
          [
            -0.016991889104247093,
            -0.030110660940408707,
            0.9994021058082581,
            0.0
          ],
          [
            0.0,
            0.0,
            0.0,
            1.0
          ]
        ],
        "rotation_mode": "QUATERNION"
      },
      "armature_space": {
        "head": {
          "x": 0.0,
          "y": 0.07072800397872925,
          "z": -0.009595036506652832
        },
        "tail": {
          "x": -0.0003332026244606823,
          "y": 0.0003217533230781555,
          "z": 0.0021252259612083435
        }
      },
      "world_space": {
        "head": {
          "x": 0.0,
          "y": 0.13397200405597687,
          "z": 0.9402589797973633
        },
        "tail": {
          "x": -0.0003332026244606823,
          "y": 0.06356575340032578,
          "z": 0.9519792199134827
        },
        "rotation_quaternion": {
          "w": 0.08239947259426117,
          "x": 0.9965609908103943,
          "y": -0.0016316577093675733,
          "z": 0.008593402802944183
        },
        "matrix": [
          [
            0.9998469948768616,
            -0.004668280947953463,
            0.01685880310833454,
            0.0
          ],
          [
            -0.0018359054811298847,
            -0.9864153265953064,
            -0.16426070034503937,
            0.13397200405597687
          ],
          [
            0.01739671640098095,
            0.16420483589172363,
            -0.9862799048423767,
            0.9402589797973633
          ],
          [
            0.0,
            0.0,
            0.0,
            1.0
          ]
        ]
      },
      "bone_length_armature_space": 0.07137587743905612,
      "parent": null,
      "has_children": true,
      "is_end_bone": false
    },
    "spine_01": {
      "name": "spine_01",
      "local": {
        "location": {
          "x": 0.0,
          "y": 0.0,
          "z": 0.0
        },
        "rotation_quaternion": {
          "w": 0.9972496628761292,
          "x": 0.059048354625701904,
          "y": 0.0113220838829875,
          "z": 0.04334009066224098
        },
        "scale": {
          "x": 1.0,
          "y": 1.0,
          "z": 1.0
        },
        "matrix_basis": [
          [
            0.9959868788719177,
            -0.08510468155145645,
            0.027700209990143776,
            0.0
          ],
          [
            0.08777888119220734,
            0.9892698526382446,
            -0.11679050326347351,
            0.0
          ],
          [
            -0.01746356673538685,
            0.11875330656766891,
            0.9927701950073242,
            0.0
          ],
          [
            0.0,
            0.0,
            0.0,
            1.0
          ]
        ],
        "rotation_mode": "QUATERNION"
      },
      "armature_space": {
        "head": {
          "x": -0.0003332026244606823,
          "y": 0.0003217533230781555,
          "z": 0.0021252259612083435
        },
        "tail": {
          "x": -0.050347112119197845,
          "y": -0.020281799137592316,
          "z": 0.4871227443218231
        }
      },
      "world_space": {
        "head": {
          "x": -0.0003332026244606823,
          "y": 0.06356575340032578,
          "z": 0.9519792199134827
        },
        "tail": {
          "x": -0.050347112119197845,
          "y": 0.042962200939655304,
          "z": 1.4369767904281616
        },
        "rotation_quaternion": {
          "w": 0.6914592981338501,
          "x": 0.7204678058624268,
          "y": -0.027814356610178947,
          "z": 0.04512813314795494
        },
        "matrix": [
          [
            0.9943796396255493,
            -0.10248726606369019,
            0.026561014354228973,
            -0.0003332026244606823
          ],
          [
            0.022329162806272507,
            -0.04222028702497482,
            -0.9988589286804199,
            0.06356575340032578
          ],
          [
            0.10349246114492416,
            0.9938448667526245,
            -0.039695680141448975,
            0.9519792199134827
          ],
          [
            0.0,
            0.0,
            0.0,
            1.0
          ]
        ]
      },
      "bone_length_armature_space": 0.48800460106999044,
      "parent": "Root",
      "has_children": true,
      "is_end_bone": false
    },
    "neck_01": {
      "name": "neck_01",
      "local": {
        "location": {
          "x": 0.0,
          "y": 0.0,
          "z": 0.0
        },
        "rotation_quaternion": {
          "w": 0.9955620169639587,
          "x": 0.050180431455373764,
          "y": 0.06778733432292938,
          "z": -0.04175148904323578
        },
        "scale": {
          "x": 1.0,
          "y": 1.0,
          "z": 1.0
        },
        "matrix_basis": [
          [
            0.9873234033584595,
            0.08993558585643768,
            0.13078276813030243,
            0.0
          ],
          [
            -0.07632920145988464,
            0.9914774894714355,
            -0.10557590425014496,
            0.0
          ],
          [
            -0.13916321098804474,
            0.09425501525402069,
            0.9857736229896545,
            0.0
          ],
          [
            0.0,
            0.0,
            0.0,
            1.0
          ]
        ],
        "rotation_mode": "QUATERNION"
      },
      "armature_space": {
        "head": {
          "x": -0.056929927319288254,
          "y": -0.05801396816968918,
          "z": 0.558513879776001
        },
        "tail": {
          "x": -0.05577439069747925,
          "y": -0.10913832485675812,
          "z": 0.6473715901374817
        }
      },
      "world_space": {
        "head": {
          "x": -0.056929927319288254,
          "y": 0.005230031907558441,
          "z": 1.508367896080017
        },
        "tail": {
          "x": -0.05577439069747925,
          "y": -0.0458943247795105,
          "z": 1.5972256660461426
        },
        "rotation_quaternion": {
          "w": 0.49761754274368286,
          "x": 0.8615410327911377,
          "y": 0.05514998361468315,
          "z": 0.08415783196687698
        },
        "matrix": [
          [
            0.9797520041465759,
            0.011271186172962189,
            0.1998978853225708,
            -0.056929927319288254
          ],
          [
            0.17878472805023193,
            -0.498670369386673,
            -0.8481535315513611,
            0.005230031907558441
          ],
          [
            0.0901242345571518,
            0.8667240738868713,
            -0.49059247970581055,
            1.508367896080017
          ],
          [
            0.0,
            0.0,
            0.0,
            1.0
          ]
        ]
      },
      "bone_length_armature_space": 0.10252183805727764,
      "parent": "spine_01",
      "has_children": true,
      "is_end_bone": false
    },
    "head": {
      "name": "head",
      "local": {
        "location": {
          "x": 0.0,
          "y": 0.0,
          "z": 0.0
        },
        "rotation_quaternion": {
          "w": 0.9772239327430725,
          "x": -0.10614193230867386,
          "y": 0.12744270265102386,
          "z": 0.13238412141799927
        },
        "scale": {
          "x": 1.0,
          "y": 1.0,
          "z": 1.0
        },
        "matrix_basis": [
          [
            0.9324656128883362,
            -0.28579190373420715,
            0.22097711265087128,
            0.0
          ],
          [
            0.23168383538722992,
            0.9424166679382324,
            0.24119165539741516,
            0.0
          ],
          [
            -0.2771831452846527,
            -0.17370609939098358,
            0.944984495639801,
            0.0
          ],
          [
            0.0,
            0.0,
            0.0,
            1.0
          ]
        ],
        "rotation_mode": "QUATERNION"
      },
      "armature_space": {
        "head": {
          "x": -0.05577436089515686,
          "y": -0.10913841426372528,
          "z": 0.6473714709281921
        },
        "tail": {
          "x": -0.1133914589881897,
          "y": -0.11391275376081467,
          "z": 0.7912837266921997
        }
      },
      "world_space": {
        "head": {
          "x": -0.05577436089515686,
          "y": -0.04589441418647766,
          "z": 1.5972254276275635
        },
        "tail": {
          "x": -0.1133914589881897,
          "y": -0.05066875368356705,
          "z": 1.7411377429962158
        },
        "rotation_quaternion": {
          "w": 0.6960739493370056,
          "x": 0.6628047227859497,
          "y": 0.009421704337000847,
          "z": 0.27583014965057373
        },
        "matrix": [
          [
            0.8476571440696716,
            -0.3715069591999054,
            0.37876152992248535,
            -0.05577436089515686
          ],
          [
            0.39648833870887756,
            -0.03078426420688629,
            -0.9175238609313965,
            -0.04589441418647766
          ],
          [
            0.35252904891967773,
            0.9279261827468872,
            0.12120361626148224,
            1.5972254276275635
          ],
          [
            0.0,
            0.0,
            0.0,
            1.0
          ]
        ]
      },
      "bone_length_armature_space": 0.15509113734279986,
      "parent": "neck_01",
      "has_children": false,
      "is_end_bone": true
    },
    "upperarm_l": {
      "name": "upperarm_l",
      "local": {
        "location": {
          "x": 0.0,
          "y": 0.0,
          "z": 0.0
        },
        "rotation_quaternion": {
          "w": 0.8860182762145996,
          "x": -0.2472492754459381,
          "y": 0.25295698642730713,
          "z": -0.2997535169124603
        },
        "scale": {
          "x": 1.0,
          "y": 1.0,
          "z": 1.0
        },
        "matrix_basis": [
          [
            0.6923211812973022,
            0.40608733892440796,
            0.5964767336845398,
            0.0
          ],
          [
            -0.6562610268592834,
            0.6980312466621399,
            0.2864852547645569,
            0.0
          ],
          [
            -0.30002135038375854,
            -0.5897842645645142,
            0.7497611045837402,
            0.0
          ],
          [
            0.0,
            0.0,
            0.0,
            1.0
          ]
        ],
        "rotation_mode": "QUATERNION"
      },
      "armature_space": {
        "head": {
          "x": 0.09919968247413635,
          "y": -0.05501255393028259,
          "z": 0.5071170926094055
        },
        "tail": {
          "x": 0.2831783890724182,
          "y": 0.12118011713027954,
          "z": 0.4239565134048462
        }
      },
      "world_space": {
        "head": {
          "x": 0.09919968247413635,
          "y": 0.008231446146965027,
          "z": 1.4569711685180664
        },
        "tail": {
          "x": 0.2831783890724182,
          "y": 0.18442411720752716,
          "z": 1.3738105297088623
        },
        "rotation_quaternion": {
          "w": 0.32579895853996277,
          "x": 0.2911103367805481,
          "y": 0.8500649929046631,
          "z": -0.2941076457500458
        },
        "matrix": [
          [
            -0.6182193756103516,
            0.6865660548210144,
            0.38266414403915405,
            0.09919968247413635
          ],
          [
            0.30328628420829773,
            0.6575103402137756,
            -0.6897086501121521,
            0.008231446146965027
          ],
          [
            -0.7251408100128174,
            -0.31033608317375183,
            -0.6147165298461914,
            1.4569711685180664
          ],
          [
            0.0,
            0.0,
            0.0,
            1.0
          ]
        ]
      },
      "bone_length_armature_space": 0.2679695916927231,
      "parent": "spine_01",
      "has_children": true,
      "is_end_bone": false
    },
    "lowerarm_l": {
      "name": "lowerarm_l",
      "local": {
        "location": {
          "x": 0.0,
          "y": 0.0,
          "z": 0.0
        },
        "rotation_quaternion": {
          "w": 0.9797087907791138,
          "x": 0.10072045773267746,
          "y": -0.12442579865455627,
          "z": 0.12060032039880753
        },
        "scale": {
          "x": 1.0,
          "y": 1.0,
          "z": 1.0
        },
        "matrix_basis": [
          [
            0.9399475455284119,
            -0.26137083768844604,
            -0.21950826048851013,
            0.0
          ],
          [
            0.2112419456243515,
            0.9506219029426575,
            -0.22736501693725586,
            0.0
          ],
          [
            0.2680959403514862,
            0.16734185814857483,
            0.9487472176551819,
            0.0
          ],
          [
            0.0,
            0.0,
            0.0,
            1.0
          ]
        ],
        "rotation_mode": "QUATERNION"
      },
      "armature_space": {
        "head": {
          "x": 0.28317856788635254,
          "y": 0.12118011713027954,
          "z": 0.4239565134048462
        },
        "tail": {
          "x": 0.531634509563446,
          "y": 0.20875179767608643,
          "z": 0.37737101316452026
        }
      },
      "world_space": {
        "head": {
          "x": 0.28317856788635254,
          "y": 0.18442411720752716,
          "z": 1.3738105297088623
        },
        "tail": {
          "x": 0.531634509563446,
          "y": 0.27199578285217285,
          "z": 1.3272249698638916
        },
        "rotation_quaternion": {
          "w": 0.47817662358283997,
          "x": 0.39875155687332153,
          "y": 0.6595587134361267,
          "z": -0.4211016297340393
        },
        "matrix": [
          [
            -0.22468803822994232,
            0.9287222623825073,
            0.2949408292770386,
            0.28317856788635254
          ],
          [
            0.1232789158821106,
            0.3273407816886902,
            -0.9368301033973694,
            0.18442411720752716
          ],
          [
            -0.9666076302528381,
            -0.1741355061531067,
            -0.18804365396499634,
            1.3738105297088623
          ],
          [
            0.0,
            0.0,
            0.0,
            1.0
          ]
        ]
      },
      "bone_length_armature_space": 0.2675245093836139,
      "parent": "upperarm_l",
      "has_children": true,
      "is_end_bone": false
    },
    "metacarpal_thumb_l": {
      "name": "metacarpal_thumb_l",
      "local": {
        "location": {
          "x": 0.0,
          "y": 0.0,
          "z": 0.0
        },
        "rotation_quaternion": {
          "w": 0.9999562501907349,
          "x": -0.003342867363244295,
          "y": 0.008715585805475712,
          "z": 0.0007608514279127121
        },
        "scale": {
          "x": 1.0,
          "y": 1.0,
          "z": 1.0
        },
        "matrix_basis": [
          [
            0.9998469352722168,
            -0.0015799063257873058,
            0.01742532290518284,
            0.0
          ],
          [
            0.0014633662067353725,
            0.9999765157699585,
            0.006698704790323973,
            0.0
          ],
          [
            -0.017435496672987938,
            -0.006672179792076349,
            0.9998257160186768,
            0.0
          ],
          [
            0.0,
            0.0,
            0.0,
            1.0
          ]
        ],
        "rotation_mode": "QUATERNION"
      },
      "armature_space": {
        "head": {
          "x": 0.531634509563446,
          "y": 0.20875179767608643,
          "z": 0.37737101316452026
        },
        "tail": {
          "x": 0.5745577812194824,
          "y": 0.1952480971813202,
          "z": 0.356662780046463
        }
      },
      "world_space": {
        "head": {
          "x": 0.531634509563446,
          "y": 0.27199578285217285,
          "z": 1.3272249698638916
        },
        "tail": {
          "x": 0.5745577812194824,
          "y": 0.258492112159729,
          "z": 1.3065167665481567
        },
        "rotation_quaternion": {
          "w": 0.17181523144245148,
          "x": -0.7874243855476379,
          "y": -0.5780752897262573,
          "z": 0.1275593340396881
        },
        "matrix": [
          [
            0.29911381006240845,
            0.866547703742981,
            -0.3995317220687866,
            0.531634509563446
          ],
          [
            0.9542149305343628,
            -0.2726167142391205,
            0.12310284376144409,
            0.27199578285217285
          ],
          [
            -0.0022436417639255524,
            -0.41806405782699585,
            -0.9084224104881287,
            1.3272249698638916
          ],
          [
            0.0,
            0.0,
            0.0,
            1.0
          ]
        ]
      },
      "bone_length_armature_space": 0.04953370694687561,
      "parent": "lowerarm_l",
      "has_children": true,
      "is_end_bone": false
    },
    "thumb_01_l": {
      "name": "thumb_01_l",
      "local": {
        "location": {
          "x": 0.0,
          "y": 0.0,
          "z": 0.0
        },
        "rotation_quaternion": {
          "w": 0.999575138092041,
          "x": -0.02456354722380638,
          "y": 0.013932064175605774,
          "z": 0.007216146681457758
        },
        "scale": {
          "x": 1.0,
          "y": 1.0,
          "z": 1.0
        },
        "matrix_basis": [
          [
            0.9995076656341553,
            -0.015110603533685207,
            0.027497781440615654,
            0.0
          ],
          [
            0.013741719536483288,
            0.9986891150474548,
            0.04930729418992996,
            0.0
          ],
          [
            -0.028206799179315567,
            -0.048905149102211,
            0.9984050393104553,
            0.0
          ],
          [
            0.0,
            0.0,
            0.0,
            1.0
          ]
        ],
        "rotation_mode": "QUATERNION"
      },
      "armature_space": {
        "head": {
          "x": 0.5745577812194824,
          "y": 0.1952480971813202,
          "z": 0.356662780046463
        },
        "tail": {
          "x": 0.5816788077354431,
          "y": 0.18689796328544617,
          "z": 0.3244415819644928
        }
      },
      "world_space": {
        "head": {
          "x": 0.5745577812194824,
          "y": 0.258492112159729,
          "z": 1.3065167665481567
        },
        "tail": {
          "x": 0.5816788077354431,
          "y": 0.250141978263855,
          "z": 1.2742955684661865
        },
        "rotation_quaternion": {
          "w": 0.6132304072380066,
          "x": -0.7592077255249023,
          "y": 0.03594735637307167,
          "z": -0.21508118510246277
        },
        "matrix": [
          [
            0.9048960208892822,
            0.20920538902282715,
            0.370669424533844,
            0.5745577812194824
          ],
          [
            -0.3183702230453491,
            -0.2453136146068573,
            0.915675699710846,
            0.258492112159729
          ],
          [
            0.28249621391296387,
            -0.946608304977417,
            -0.1553788185119629,
            1.3065167665481567
          ],
          [
            0.0,
            0.0,
            0.0,
            1.0
          ]
        ]
      },
      "bone_length_armature_space": 0.03403879160428986,
      "parent": "metacarpal_thumb_l",
      "has_children": true,
      "is_end_bone": false
    },
    "thumb_02_l": {
      "name": "thumb_02_l",
      "local": {
        "location": {
          "x": 0.0,
          "y": 0.0,
          "z": 0.0
        },
        "rotation_quaternion": {
          "w": 0.9977555274963379,
          "x": 0.06652030348777771,
          "y": -0.0076814270578324795,
          "z": 0.00011035404168069363
        },
        "scale": {
          "x": 1.0,
          "y": 1.0,
          "z": 1.0
        },
        "matrix_basis": [
          [
            0.9998819828033447,
            -0.0012421543942764401,
            -0.015313691459596157,
            0.0
          ],
          [
            -0.0008017289801500738,
            0.9911500811576843,
            -0.132743701338768,
            0.0
          ],
          [
            0.015343054197728634,
            0.1327403038740158,
            0.991032063961029,
            0.0
          ],
          [
            0.0,
            0.0,
            0.0,
            1.0
          ]
        ],
        "rotation_mode": "QUATERNION"
      },
      "armature_space": {
        "head": {
          "x": 0.5816788077354431,
          "y": 0.18689793348312378,
          "z": 0.3244415819644928
        },
        "tail": {
          "x": 0.6185175180435181,
          "y": 0.19883346557617188,
          "z": 0.31378182768821716
        }
      },
      "world_space": {
        "head": {
          "x": 0.5816788077354431,
          "y": 0.2501419186592102,
          "z": 1.2742955684661865
        },
        "tail": {
          "x": 0.6185175180435181,
          "y": 0.2620774507522583,
          "z": 1.2636358737945557
        },
        "rotation_quaternion": {
          "w": 0.798887312412262,
          "x": -0.2354322224855423,
          "y": -0.10179950296878815,
          "z": -0.5440474152565002
        },
        "matrix": [
          [
            0.38729795813560486,
            0.9171987771987915,
            0.09352172911167145,
            0.5816788077354431
          ],
          [
            -0.8213320374488831,
            0.2971670627593994,
            0.48693498969078064,
            0.2501419186592102
          ],
          [
            0.4188268184661865,
            -0.2654028832912445,
            0.8684234619140625,
            1.2742955684661865
          ],
          [
            0.0,
            0.0,
            0.0,
            1.0
          ]
        ]
      },
      "bone_length_armature_space": 0.04016438502909566,
      "parent": "thumb_01_l",
      "has_children": true,
      "is_end_bone": false
    },
    "thumb_03_l": {
      "name": "thumb_03_l",
      "local": {
        "location": {
          "x": 0.0,
          "y": 0.0,
          "z": 0.0
        },
        "rotation_quaternion": {
          "w": 0.9950007796287537,
          "x": 0.09972761571407318,
          "y": -0.004902206361293793,
          "z": -0.0019656980875879526
        },
        "scale": {
          "x": 1.0,
          "y": 1.0,
          "z": 1.0
        },
        "matrix_basis": [
          [
            0.9999442100524902,
            0.002933971583843231,
            -0.010147467255592346,
            0.0
          ],
          [
            -0.004889512900263071,
            0.9801010489463806,
            -0.1984388381242752,
            0.0
          ],
          [
            0.009363329969346523,
            0.1984773874282837,
            0.9800607562065125,
            0.0
          ],
          [
            0.0,
            0.0,
            0.0,
            1.0
          ]
        ],
        "rotation_mode": "QUATERNION"
      },
      "armature_space": {
        "head": {
          "x": 0.6185175180435181,
          "y": 0.1988333761692047,
          "z": 0.3137817978858948
        },
        "tail": {
          "x": 0.6437855362892151,
          "y": 0.2154504656791687,
          "z": 0.31728774309158325
        }
      },
      "world_space": {
        "head": {
          "x": 0.6185175180435181,
          "y": 0.2620773911476135,
          "z": 1.2636358737945557
        },
        "tail": {
          "x": 0.6437855362892151,
          "y": 0.2786944508552551,
          "z": 1.2671418190002441
        },
        "rotation_quaternion": {
          "w": 0.8781522512435913,
          "x": 0.04293646290898323,
          "y": -0.04187263920903206,
          "z": -0.4746071696281433
        },
        "matrix": [
          [
            0.5459892749786377,
            0.8299586772918701,
            -0.11429734528064728,
            0.6185175180435181
          ],
          [
            -0.8371503949165344,
            0.5458090305328369,
            -0.03566247224807739,
            0.2620773911476135
          ],
          [
            0.032785624265670776,
            0.11515674740076065,
            0.9928132891654968,
            1.2636358737945557
          ],
          [
            0.0,
            0.0,
            0.0,
            1.0
          ]
        ]
      },
      "bone_length_armature_space": 0.03044490168284995,
      "parent": "thumb_02_l",
      "has_children": false,
      "is_end_bone": true
    },
    "metacarpal_index_l": {
      "name": "metacarpal_index_l",
      "local": {
        "location": {
          "x": 0.0,
          "y": 0.0,
          "z": 0.0
        },
        "rotation_quaternion": {
          "w": 0.9997662305831909,
          "x": 0.01966865174472332,
          "y": -0.008533724583685398,
          "z": -0.0028303484432399273
        },
        "scale": {
          "x": 1.0,
          "y": 1.0,
          "z": 1.0
        },
        "matrix_basis": [
          [
            0.9998383522033691,
            0.005323679652065039,
            -0.017174797132611275,
            0.0
          ],
          [
            -0.005995067302137613,
            0.9992102384567261,
            -0.03927979990839958,
            0.0
          ],
          [
            0.016952121630311012,
            0.03937641531229019,
            0.9990806579589844,
            0.0
          ],
          [
            0.0,
            0.0,
            0.0,
            1.0
          ]
        ],
        "rotation_mode": "QUATERNION"
      },
      "armature_space": {
        "head": {
          "x": 0.531634509563446,
          "y": 0.20875179767608643,
          "z": 0.37737101316452026
        },
        "tail": {
          "x": 0.6431152820587158,
          "y": 0.21078336238861084,
          "z": 0.3413551151752472
        }
      },
      "world_space": {
        "head": {
          "x": 0.531634509563446,
          "y": 0.27199578285217285,
          "z": 1.3272249698638916
        },
        "tail": {
          "x": 0.6431152820587158,
          "y": 0.27402734756469727,
          "z": 1.291209101676941
        },
        "rotation_quaternion": {
          "w": 0.07397119700908661,
          "x": 0.6410587430000305,
          "y": 0.7093647718429565,
          "z": -0.2835024893283844
        },
        "matrix": [
          [
            -0.16714274883270264,
            0.9514303803443909,
            -0.2585405707359314,
            0.531634509563446
          ],
          [
            0.867547869682312,
            0.017338315024971962,
            -0.497051864862442,
            0.27199578285217285
          ],
          [
            -0.46842992305755615,
            -0.3073770999908447,
            -0.8283156156539917,
            1.3272249698638916
          ],
          [
            0.0,
            0.0,
            0.0,
            1.0
          ]
        ]
      },
      "bone_length_armature_space": 0.11717181639802961,
      "parent": "lowerarm_l",
      "has_children": true,
      "is_end_bone": false
    },
    "index_01_l": {
      "name": "index_01_l",
      "local": {
        "location": {
          "x": 0.0,
          "y": 0.0,
          "z": 0.0
        },
        "rotation_quaternion": {
          "w": 0.9962599277496338,
          "x": -0.08602841198444366,
          "y": 0.00023854803293943405,
          "z": -0.008075584657490253
        },
        "scale": {
          "x": 1.0,
          "y": 1.0,
          "z": 1.0
        },
        "matrix_basis": [
          [
            0.9998694658279419,
            0.016049718484282494,
            0.0018647711258381605,
            0.0
          ],
          [
            -0.01613180711865425,
            0.9850677847862244,
            0.171409472823143,
            0.0
          ],
          [
            0.0009141477639786899,
            -0.17141717672348022,
            0.9851981401443481,
            0.0
          ],
          [
            0.0,
            0.0,
            0.0,
            1.0
          ]
        ],
        "rotation_mode": "QUATERNION"
      },
      "armature_space": {
        "head": {
          "x": 0.6431152820587158,
          "y": 0.21078336238861084,
          "z": 0.3413551151752472
        },
        "tail": {
          "x": 0.6678195595741272,
          "y": 0.2240085005760193,
          "z": 0.33607637882232666
        }
      },
      "world_space": {
        "head": {
          "x": 0.6431152820587158,
          "y": 0.27402734756469727,
          "z": 1.291209101676941
        },
        "tail": {
          "x": 0.6678195595741272,
          "y": 0.2872524857521057,
          "z": 1.2859303951263428
        },
        "rotation_quaternion": {
          "w": 0.09321006387472153,
          "x": 0.4915480315685272,
          "y": 0.8504206538200378,
          "z": -0.16271844506263733
        },
        "matrix": [
          [
            -0.4993847608566284,
            0.8663789629936218,
            -0.0014334172010421753,
            0.6431152820587158
          ],
          [
            0.8057115077972412,
            0.4638060927391052,
            -0.3683931231498718,
            0.27402734756469727
          ],
          [
            -0.31850457191467285,
            -0.1851256787776947,
            -0.9296759366989136,
            1.291209101676941
          ],
          [
            0.0,
            0.0,
            0.0,
            1.0
          ]
        ]
      },
      "bone_length_armature_space": 0.02851439411838302,
      "parent": "metacarpal_index_l",
      "has_children": true,
      "is_end_bone": false
    },
    "index_02_l": {
      "name": "index_02_l",
      "local": {
        "location": {
          "x": 0.0,
          "y": 0.0,
          "z": 0.0
        },
        "rotation_quaternion": {
          "w": 0.9998251795768738,
          "x": 0.0164174847304821,
          "y": -0.00876795407384634,
          "z": 0.0018265160033479333
        },
        "scale": {
          "x": 1.0,
          "y": 1.0,
          "z": 1.0
        },
        "matrix_basis": [
          [
            0.9998395442962646,
            -0.003940288908779621,
            -0.017472868785262108,
            0.0
          ],
          [
            0.003364497795701027,
            0.9994542598724365,
            -0.03286125883460045,
            0.0
          ],
          [
            0.017592815682291985,
            0.0327971987426281,
            0.9993071556091309,
            0.0
          ],
          [
            0.0,
            0.0,
            0.0,
            1.0
          ]
        ],
        "rotation_mode": "QUATERNION"
      },
      "armature_space": {
        "head": {
          "x": 0.6678199768066406,
          "y": 0.22400836646556854,
          "z": 0.3360760807991028
        },
        "tail": {
          "x": 0.6897179484367371,
          "y": 0.2364397794008255,
          "z": 0.33117401599884033
        }
      },
      "world_space": {
        "head": {
          "x": 0.6678199768066406,
          "y": 0.28725236654281616,
          "z": 1.2859301567077637
        },
        "tail": {
          "x": 0.6897179484367371,
          "y": 0.2996837794780731,
          "z": 1.2810280323028564
        },
        "rotation_quaternion": {
          "w": 0.1273229867219925,
          "x": 0.47355636954307556,
          "y": 0.8521069288253784,
          "z": -0.18288566172122955
        },
        "matrix": [
          [
            -0.5190662145614624,
            0.8536123037338257,
            0.04377099126577377,
            0.6678199768066406
          ],
          [
            0.7604705691337585,
            0.4845936596393585,
            -0.4322660565376282,
            0.28725236654281616
          ],
          [
            -0.390200674533844,
            -0.19108900427818298,
            -0.900689959526062,
            1.2859301567077637
          ],
          [
            0.0,
            0.0,
            0.0,
            1.0
          ]
        ]
      },
      "bone_length_armature_space": 0.025653292994021963,
      "parent": "index_01_l",
      "has_children": true,
      "is_end_bone": false
    },
    "index_03_l": {
      "name": "index_03_l",
      "local": {
        "location": {
          "x": 0.0,
          "y": 0.0,
          "z": 0.0
        },
        "rotation_quaternion": {
          "w": 0.9996389746665955,
          "x": 0.026699284091591835,
          "y": 0.0006650201976299286,
          "z": 0.002940190490335226
        },
        "scale": {
          "x": 1.0,
          "y": 1.0,
          "z": 1.0
        },
        "matrix_basis": [
          [
            0.9999818205833435,
            -0.005842746701091528,
            0.001486562192440033,
            0.0
          ],
          [
            0.005913769360631704,
            0.9985570311546326,
            -0.053375378251075745,
            0.0
          ],
          [
            -0.001172558288089931,
            0.053383201360702515,
            0.9985734224319458,
            0.0
          ],
          [
            0.0,
            0.0,
            0.0,
            1.0
          ]
        ],
        "rotation_mode": "QUATERNION"
      },
      "armature_space": {
        "head": {
          "x": 0.6897179484367371,
          "y": 0.2364398092031479,
          "z": 0.33117416501045227
        },
        "tail": {
          "x": 0.7131506204605103,
          "y": 0.25057879090309143,
          "z": 0.3209403157234192
        }
      },
      "world_space": {
        "head": {
          "x": 0.6897179484367371,
          "y": 0.2996838092803955,
          "z": 1.281028151512146
        },
        "tail": {
          "x": 0.7131506204605103,
          "y": 0.31382280588150024,
          "z": 1.27079439163208
        },
        "rotation_quaternion": {
          "w": 0.05502408370375633,
          "x": 0.45158761739730835,
          "y": 0.8596066832542419,
          "z": -0.232631653547287
        },
        "matrix": [
          [
            -0.5860816240310669,
            0.8019759654998779,
            -0.11551021039485931,
            0.6897179484367371
          ],
          [
            0.7507753372192383,
            0.4839017987251282,
            -0.4496396780014038,
            0.2996838092803955
          ],
          [
            -0.3047059178352356,
            -0.3502497971057892,
            -0.8857163190841675,
            1.281028151512146
          ],
          [
            0.0,
            0.0,
            0.0,
            1.0
          ]
        ]
      },
      "bone_length_armature_space": 0.029218702405293798,
      "parent": "index_02_l",
      "has_children": false,
      "is_end_bone": true
    },
    "metacarpal_pinky_l": {
      "name": "metacarpal_pinky_l",
      "local": {
        "location": {
          "x": 0.0,
          "y": 0.0,
          "z": 0.0
        },
        "rotation_quaternion": {
          "w": 0.9999488592147827,
          "x": 0.005626729689538479,
          "y": -0.004401596263051033,
          "z": 0.00716778077185154
        },
        "scale": {
          "x": 1.0,
          "y": 1.0,
          "z": 1.0
        },
        "matrix_basis": [
          [
            0.9998584985733032,
            -0.014384361915290356,
            -0.008722079917788506,
            0.0
          ],
          [
            0.014285295270383358,
            0.9998339414596558,
            -0.011315982788801193,
            0.0
          ],
          [
            0.008883404545485973,
            0.011189784854650497,
            0.9998979568481445,
            0.0
          ],
          [
            0.0,
            0.0,
            0.0,
            1.0
          ]
        ],
        "rotation_mode": "QUATERNION"
      },
      "armature_space": {
        "head": {
          "x": 0.531634509563446,
          "y": 0.20875179767608643,
          "z": 0.37737101316452026
        },
        "tail": {
          "x": 0.6140215396881104,
          "y": 0.2716246247291565,
          "z": 0.36724162101745605
        }
      },
      "world_space": {
        "head": {
          "x": 0.531634509563446,
          "y": 0.27199578285217285,
          "z": 1.3272249698638916
        },
        "tail": {
          "x": 0.6140215396881104,
          "y": 0.3348686099052429,
          "z": 1.3170956373214722
        },
        "rotation_quaternion": {
          "w": 0.8621196150779724,
          "x": 0.0671745091676712,
          "y": 0.24216482043266296,
          "z": -0.43999284505844116
        },
        "matrix": [
          [
            0.49552467465400696,
            0.79118812084198,
            0.35843625664711,
            0.531634509563446
          ],
          [
            -0.7261187434196472,
            0.6037871241569519,
            -0.32892730832099915,
            0.27199578285217285
          ],
          [
            -0.47666651010513306,
            -0.09727583080530167,
            0.873693585395813,
            1.3272249698638916
          ],
          [
            0.0,
            0.0,
            0.0,
            1.0
          ]
        ]
      },
      "bone_length_armature_space": 0.10413078322027018,
      "parent": "lowerarm_l",
      "has_children": true,
      "is_end_bone": false
    },
    "pinky_01_l": {
      "name": "pinky_01_l",
      "local": {
        "location": {
          "x": 0.0,
          "y": 0.0,
          "z": 0.0
        },
        "rotation_quaternion": {
          "w": 0.997054398059845,
          "x": -0.07448981702327728,
          "y": -0.013471964746713638,
          "z": -0.01234740111976862
        },
        "scale": {
          "x": 1.0,
          "y": 1.0,
          "z": 1.0
        },
        "matrix_basis": [
          [
            0.999332070350647,
            0.02662910893559456,
            -0.025025052949786186,
            0.0
          ],
          [
            -0.022615013644099236,
            0.9885976314544678,
            0.1488734930753708,
            0.0
          ],
          [
            0.028704075142741203,
            -0.1482081115245819,
            0.9885395169258118,
            0.0
          ],
          [
            0.0,
            0.0,
            0.0,
            1.0
          ]
        ],
        "rotation_mode": "QUATERNION"
      },
      "armature_space": {
        "head": {
          "x": 0.6140215396881104,
          "y": 0.2716246247291565,
          "z": 0.36724162101745605
        },
        "tail": {
          "x": 0.6348467469215393,
