{
  "metadata": {
    "armature_name": "KIM_caucasian_male",
    "export_time": "2026-01-13T21:05:10.431216",
    "blender_version": "4.4.1",
    "bone_count": 56,
    "end_bone_count": 13,
    "spaces_included": [
      "LOCAL_CHANNELS",
      "ARMATURE_SPACE",
      "WORLD_SPACE"
    ],
    "note": "LOCAL matches Transform panel; replay pose via local.matrix_basis for best fidelity."
  },
  "bones": {
    "Root": {
      "name": "Root",
      "local": {
        "location": {
          "x": 0.0,
          "y": 0.0,
          "z": 0.0
        },
        "rotation_quaternion": {
          "w": 0.9998929500579834,
          "x": 0.005896418355405331,
          "y": 0.007038032170385122,
          "z": 0.0113975889980793
        },
        "scale": {
          "x": 1.0,
          "y": 1.0,
          "z": 1.0
        },
        "matrix_basis": [
          [
            0.9996411204338074,
            -0.022709740325808525,
            0.014208967797458172,
            0.0
          ],
          [
            0.02287573553621769,
            0.9996706247329712,
            -0.011631141416728497,
            0.0
          ],
          [
            -0.013940148055553436,
            0.011952007189393044,
            0.9998313784599304,
            0.0
          ],
          [
            0.0,
            0.0,
            0.0,
            1.0
          ]
        ],
        "rotation_mode": "QUATERNION"
      },
      "armature_space": {
        "head": {
          "x": 0.0,
          "y": 0.07072800397872925,
          "z": -0.009595036506652832
        },
        "tail": {
          "x": -0.001620927476324141,
          "y": -9.138137102127075e-05,
          "z": -0.0008485075086355209
        }
      },
      "world_space": {
        "head": {
          "x": 0.0,
          "y": 0.13397200405597687,
          "z": 0.9402589797973633
        },
        "tail": {
          "x": -0.001620927476324141,
          "y": 0.06315261870622635,
          "z": 0.9490054845809937
        },
        "rotation_quaternion": {
          "w": 0.0614774152636528,
          "x": 0.9980186223983765,
          "y": -0.010897559113800526,
          "z": 0.0077898758463561535
        },
        "matrix": [
          [
            0.9996411204338074,
            -0.022709740325808525,
            0.014208967797458172,
            0.0
          ],
          [
            -0.020794127136468887,
            -0.9922034740447998,
            -0.1228814572095871,
            0.13397200405597687
          ],
          [
            0.016888892278075218,
            0.12254181504249573,
            -0.9923266768455505,
            0.9402589797973633
          ],
          [
            0.0,
            0.0,
            0.0,
            1.0
          ]
        ]
      },
      "bone_length_armature_space": 0.07137586785100265,
      "parent": null,
      "has_children": true,
      "is_end_bone": false
    },
    "spine_01": {
      "name": "spine_01",
      "local": {
        "location": {
          "x": 0.0,
          "y": 0.0,
          "z": 0.0
        },
        "rotation_quaternion": {
          "w": 0.9939733743667603,
          "x": 0.08076298236846924,
          "y": -0.02010471373796463,
          "z": 0.07134636491537094
        },
        "scale": {
          "x": 1.0,
          "y": 1.0,
          "z": 1.0
        },
        "matrix_basis": [
          [
            0.9890109896659851,
            -0.14508020877838135,
            -0.028442809358239174,
            0.0
          ],
          [
            0.13858534395694733,
            0.9767740964889526,
            -0.16342130303382874,
            0.0
          ],
          [
            0.0514913909137249,
            0.15768371522426605,
            0.9861462712287903,
            0.0
          ],
          [
            0.0,
            0.0,
            0.0,
            1.0
          ]
        ],
        "rotation_mode": "QUATERNION"
      },
      "armature_space": {
        "head": {
          "x": -0.001620927476324141,
          "y": -9.138137102127075e-05,
          "z": -0.0008485075086355209
        },
        "tail": {
          "x": -0.08173833787441254,
          "y": -0.05876339599490166,
          "z": 0.47694554924964905
        }
      },
      "world_space": {
        "head": {
          "x": -0.001620927476324141,
          "y": 0.06315261870622635,
          "z": 0.9490054845809937
        },
        "tail": {
          "x": -0.08173833787441254,
          "y": 0.0044806040823459625,
          "z": 1.4267995357513428
        },
        "rotation_quaternion": {
          "w": 0.658710777759552,
          "x": 0.7475016713142395,
          "y": -0.07736444473266602,
          "z": 0.036825262010097504
        },
        "matrix": [
          [
            0.9853171706199646,
            -0.1641746163368225,
            -0.04686875641345978,
            -0.001620927476324141
          ],
          [
            -0.06714670360088348,
            -0.12022923678159714,
            -0.9904727339744568,
            0.06315261870622635
          ],
          [
            0.15697653591632843,
            0.9790837168693542,
            -0.12948951125144958,
            0.9490054845809937
          ],
          [
            0.0,
            0.0,
            0.0,
            1.0
          ]
        ]
      },
      "bone_length_armature_space": 0.4880044724895086,
      "parent": "Root",
      "has_children": true,
      "is_end_bone": false
    },
    "neck_01": {
      "name": "neck_01",
      "local": {
        "location": {
          "x": 0.0,
          "y": 0.0,
          "z": 0.0
        },
        "rotation_quaternion": {
          "w": 0.9969128370285034,
          "x": -0.00043739259126596153,
          "y": 0.022822104394435883,
          "z": -0.0751250684261322
        },
        "scale": {
          "x": 1.0,
          "y": 1.0,
          "z": 1.0
        },
        "matrix_basis": [
          [
            0.9876707792282104,
            0.14976632595062256,
            0.04556901752948761,
            0.0
          ],
          [
            -0.14980626106262207,
            0.9887120723724365,
            -0.0025569398421794176,
            0.0
          ],
          [
            -0.04543757811188698,
            -0.004301108885556459,
            0.9989579319953918,
            0.0
          ],
          [
            0.0,
            0.0,
            0.0,
            1.0
          ]
        ],
        "rotation_mode": "QUATERNION"
      },
      "armature_space": {
        "head": {
          "x": -0.0953843891620636,
          "y": -0.10191642493009567,
          "z": 0.5441417694091797
        },
        "tail": {
          "x": -0.09746132045984268,
          "y": -0.15200157463550568,
          "z": 0.6335726976394653
        }
      },
      "world_space": {
        "head": {
          "x": -0.0953843891620636,
          "y": -0.03867242485284805,
          "z": 1.4939957857131958
        },
        "tail": {
          "x": -0.09746132045984268,
          "y": -0.08875757455825806,
          "z": 1.5834267139434814
        },
        "rotation_quaternion": {
          "w": 0.505650520324707,
          "x": 0.8621101379394531,
          "y": 0.007105749100446701,
          "z": 0.0321471281349659
        },
        "matrix": [
          [
            0.997832179069519,
            -0.020258542150259018,
            0.06261460483074188,
            -0.0953843891620636
          ],
          [
            0.04476219043135643,
            -0.4885338544845581,
            -0.8713961243629456,
            -0.03867242485284805
          ],
          [
            0.048242952674627304,
            0.8723154067993164,
            -0.48657217621803284,
            1.4939957857131958
          ],
          [
            0.0,
            0.0,
            0.0,
            1.0
          ]
        ]
      },
      "bone_length_armature_space": 0.10252183583170804,
      "parent": "spine_01",
      "has_children": true,
      "is_end_bone": false
    },
    "head": {
      "name": "head",
      "local": {
        "location": {
          "x": 0.0,
          "y": 0.0,
          "z": 0.0
        },
        "rotation_quaternion": {
          "w": 0.9919644594192505,
          "x": -0.0205328818410635,
          "y": 0.055189624428749084,
          "z": -0.11197790503501892
        },
        "scale": {
          "x": 1.0,
          "y": 1.0,
          "z": 1.0
        },
        "matrix_basis": [
          [
            0.9688301086425781,
            0.2198898047208786,
            0.11409074813127518,
            0.0
          ],
          [
            -0.2244226038455963,
            0.9740787148475647,
            0.028375741094350815,
            0.0
          ],
          [
            -0.10489383339881897,
            -0.05309581384062767,
            0.9930649995803833,
            0.0
          ],
          [
            0.0,
            0.0,
            0.0,
            1.0
          ]
        ],
        "rotation_mode": "QUATERNION"
      },
      "armature_space": {
        "head": {
          "x": -0.09746131300926208,
          "y": -0.15200166404247284,
          "z": 0.6335725784301758
        },
        "tail": {
          "x": -0.07019195705652237,
          "y": -0.1636614352464676,
          "z": 0.7858017683029175
        }
      },
      "world_space": {
        "head": {
          "x": -0.09746131300926208,
          "y": -0.08875766396522522,
          "z": 1.583426594734192
        },
        "tail": {
          "x": -0.07019195705652237,
          "y": -0.10041743516921997,
          "z": 1.7356557846069336
        },
        "rotation_quaternion": {
          "w": 0.6693609356880188,
          "x": 0.7332056760787964,
          "y": 0.11985605210065842,
          "z": -5.274914292385802e-05
        },
        "matrix": [
          [
            0.9712688326835632,
            0.1758289933204651,
            0.1603776514530182,
            -0.09746131300926208
          ],
          [
            0.1756887137889862,
            -0.0751805528998375,
            -0.9815709590911865,
            -0.08875766396522522
          ],
          [
            -0.16053232550621033,
            0.9815526604652405,
            -0.10391326248645782,
            1.583426594734192
          ],
          [
            0.0,
            0.0,
            0.0,
            1.0
          ]
        ]
      },
      "bone_length_armature_space": 0.15509124774917737,
      "parent": "neck_01",
      "has_children": false,
      "is_end_bone": true
    },
    "upperarm_l": {
      "name": "upperarm_l",
      "local": {
        "location": {
          "x": 0.0,
          "y": 0.0,
          "z": 0.0
        },
        "rotation_quaternion": {
          "w": 0.926497220993042,
          "x": -0.14469490945339203,
          "y": -0.11221404373645782,
          "z": 0.32874658703804016
        },
        "scale": {
          "x": 1.0,
          "y": 1.0,
          "z": 1.0
        },
        "matrix_basis": [
          [
            0.7586674094200134,
            -0.5766919851303101,
            -0.3030679225921631,
            0.0
          ],
          [
            0.6416391730308533,
            0.741978108882904,
            0.19433888792991638,
            0.0
          ],
          [
            0.11279608309268951,
            -0.3418988287448883,
            0.932942807674408,
            0.0
          ],
          [
            0.0,
            0.0,
            0.0,
            1.0
          ]
        ],
        "rotation_mode": "QUATERNION"
      },
      "armature_space": {
        "head": {
          "x": 0.06329753994941711,
          "y": -0.10706683993339539,
          "z": 0.5014733076095581
        },
        "tail": {
          "x": 0.23847348988056183,
          "y": -0.044024594128131866,
          "z": 0.6942094564437866
        }
      },
      "world_space": {
        "head": {
          "x": 0.06329753994941711,
          "y": -0.043822839856147766,
          "z": 1.4513273239135742
        },
        "tail": {
          "x": 0.23847348988056183,
          "y": 0.019219405949115753,
          "z": 1.6440634727478027
        },
        "rotation_quaternion": {
          "w": 0.7355878353118896,
          "x": 0.5747150182723999,
          "y": 0.2766575813293457,
          "z": -0.2281968593597412
        },
        "matrix": [
          [
            0.7427738308906555,
            0.6537161469459534,
            0.1447141021490097,
            0.06329753994941711
          ],
          [
            -0.01772230863571167,
            0.23525908589363098,
            -0.9717711806297302,
            -0.043822839856147766
          ],
          [
            -0.6693125367164612,
            0.7192467451095581,
            0.18633008003234863,
            1.4513273239135742
          ],
          [
            0.0,
            0.0,
            0.0,
            1.0
          ]
        ]
      },
      "bone_length_armature_space": 0.2679704492656892,
      "parent": "spine_01",
      "has_children": true,
      "is_end_bone": false
    },
    "lowerarm_l": {
      "name": "lowerarm_l",
      "local": {
        "location": {
          "x": 0.0,
          "y": 0.0,
          "z": 0.0
        },
        "rotation_quaternion": {
          "w": 0.9767338037490845,
          "x": 0.20311661064624786,
          "y": 0.06645254045724869,
          "z": 0.017856264486908913
        },
        "scale": {
          "x": 1.0,
          "y": 1.0,
          "z": 1.0
        },
        "matrix_basis": [
          [
            0.9905304312705994,
            -0.007886405102908611,
            0.13706669211387634,
            0.0
          ],
          [
            0.06187686324119568,
            0.9168496131896973,
            -0.39440852403640747,
            0.0
          ],
          [
            -0.1225590780377388,
            0.3991549015045166,
            0.9086554050445557,
            0.0
          ],
          [
            0.0,
            0.0,
            0.0,
            1.0
          ]
        ],
        "rotation_mode": "QUATERNION"
      },
      "armature_space": {
        "head": {
          "x": 0.23847344517707825,
          "y": -0.04402463138103485,
          "z": 0.6942095756530762
        },
        "tail": {
          "x": 0.3825191855430603,
          "y": -0.11862644553184509,
          "z": 0.90694260597229
        }
      },
      "world_space": {
        "head": {
          "x": 0.23847344517707825,
          "y": 0.01921936869621277,
          "z": 1.6440635919570923
        },
        "tail": {
          "x": 0.3825191855430603,
          "y": -0.05538244545459747,
          "z": 1.8567966222763062
        },
        "rotation_quaternion": {
          "w": 0.575471818447113,
          "x": 0.7625892162322998,
          "y": 0.17147162556648254,
          "z": -0.24059776961803436
        },
        "matrix": [
          [
            0.825420618057251,
            0.5384394526481628,
            -0.1695985347032547,
            0.23847344517707825
          ],
          [
            -0.015387207269668579,
            -0.2788597643375397,
            -0.9602086544036865,
            0.01921936869621277
          ],
          [
            -0.5643123388290405,
            0.7951908707618713,
            -0.22189384698867798,
            1.6440635919570923
          ],
          [
            0.0,
            0.0,
            0.0,
            1.0
          ]
        ]
      },
      "bone_length_armature_space": 0.26752560075663334,
      "parent": "upperarm_l",
      "has_children": true,
      "is_end_bone": false
    },
    "metacarpal_thumb_l": {
      "name": "metacarpal_thumb_l",
      "local": {
        "location": {
          "x": 0.0,
          "y": 0.0,
          "z": 0.0
        },
        "rotation_quaternion": {
          "w": 0.9997091293334961,
          "x": 0.013610037043690681,
          "y": 0.019914159551262856,
          "z": -0.00019410790991969407
        },
        "scale": {
          "x": 1.0,
          "y": 1.0,
          "z": 1.0
        },
        "matrix_basis": [
          [
            0.9992067813873291,
            0.0009301677928306162,
            0.039811450988054276,
            0.0
          ],
          [
            0.00015396199887618423,
            0.9996294379234314,
            -0.02721988782286644,
            0.0
          ],
          [
            -0.03982201963663101,
            0.027204426005482674,
            0.9988363981246948,
            0.0
          ],
          [
            0.0,
            0.0,
            0.0,
            1.0
          ]
        ],
        "rotation_mode": "QUATERNION"
      },
      "armature_space": {
        "head": {
          "x": 0.3825191855430603,
          "y": -0.11862644553184509,
          "z": 0.90694260597229
        },
        "tail": {
          "x": 0.40703776478767395,
          "y": -0.15745586156845093,
          "z": 0.9255087375640869
        }
      },
      "world_space": {
        "head": {
          "x": 0.3825191855430603,
          "y": -0.05538244545459747,
          "z": 1.8567966222763062
        },
        "tail": {
          "x": 0.40703776478767395,
          "y": -0.09421186149120331,
          "z": 1.875362753868103
        },
        "rotation_quaternion": {
          "w": 0.07045017927885056,
          "x": 0.8576223254203796,
          "y": 0.3210710287094116,
          "z": 0.3955177366733551
        },
        "matrix": [
          [
            0.48095768690109253,
            0.4949881434440613,
            0.7236477732658386,
            0.3825191855430603
          ],
          [
            0.6064445376396179,
            -0.7838996052742004,
            0.1331406831741333,
            -0.05538244545459747
          ],
          [
            0.6331753730773926,
            0.37481898069381714,
            -0.6772100925445557,
            1.8567966222763062
          ],
          [
            0.0,
            0.0,
            0.0,
            1.0
          ]
        ]
      },
      "bone_length_armature_space": 0.049533681094401545,
      "parent": "lowerarm_l",
      "has_children": true,
      "is_end_bone": false
    },
    "thumb_01_l": {
      "name": "thumb_01_l",
      "local": {
        "location": {
          "x": 0.0,
          "y": 0.0,
          "z": 0.0
        },
        "rotation_quaternion": {
          "w": 0.9662047028541565,
          "x": 0.2574576139450073,
          "y": -0.010887662880122662,
          "z": -0.0067543750628829
        },
        "scale": {
          "x": 1.0,
          "y": 1.0,
          "z": 1.0
        },
        "matrix_basis": [
          [
            0.9996716976165771,
            0.007445994298905134,
            -0.024517353624105453,
            0.0
          ],
          [
            -0.018658440560102463,
            0.8673399090766907,
            -0.49736642837524414,
            0.0
          ],
          [
            0.017561491578817368,
            0.4976606070995331,
            0.8671940565109253,
            0.0
          ],
          [
            0.0,
            0.0,
            0.0,
            1.0
          ]
        ],
        "rotation_mode": "QUATERNION"
      },
      "armature_space": {
        "head": {
          "x": 0.40703776478767395,
          "y": -0.15745586156845093,
          "z": 0.9255087375640869
        },
        "tail": {
          "x": 0.4406375288963318,
          "y": -0.16287317872047424,
          "z": 0.9260854721069336
        }
      },
      "world_space": {
        "head": {
          "x": 0.40703776478767395,
          "y": -0.09421186149120331,
          "z": 1.875362753868103
        },
        "tail": {
          "x": 0.4406375288963318,
          "y": -0.09962917864322662,
          "z": 1.8759394884109497
        },
        "rotation_quaternion": {
          "w": 0.5894370079040527,
          "x": -0.3052770495414734,
          "y": -0.2701599597930908,
          "z": -0.6974121332168579
        },
        "matrix": [
          [
            -0.11873876303434372,
            0.9871085286140442,
            0.10732027888298035,
            0.40703776478767395
          ],
          [
            -0.6572133898735046,
            -0.15915220975875854,
            0.7367096543312073,
            -0.09421186149120331
          ],
          [
            0.7442970871925354,
            0.016943514347076416,
            0.6676440834999084,
            1.875362753868103
          ],
          [
            0.0,
            0.0,
            0.0,
            1.0
          ]
        ]
      },
      "bone_length_armature_space": 0.03403856711500788,
      "parent": "metacarpal_thumb_l",
      "has_children": true,
      "is_end_bone": false
    },
    "thumb_02_l": {
      "name": "thumb_02_l",
      "local": {
        "location": {
          "x": 0.0,
          "y": 0.0,
          "z": 0.0
        },
        "rotation_quaternion": {
          "w": 0.8939278721809387,
          "x": 0.4480128884315491,
          "y": 0.00890151597559452,
          "z": 0.009916828013956547
        },
        "scale": {
          "x": 1.0,
          "y": 1.0,
          "z": 1.0
        },
        "matrix_basis": [
          [
            0.9996448159217834,
            -0.009753869846463203,
            0.024800360202789307,
            0.0
          ],
          [
            0.025705846026539803,
            0.598372220993042,
            -0.8008058667182922,
            0.0
          ],
          [
            -0.007028893101960421,
            0.8011589646339417,
            0.598410427570343,
            0.0
          ],
          [
            0.0,
            0.0,
            0.0,
            1.0
          ]
        ],
        "rotation_mode": "QUATERNION"
      },
      "armature_space": {
        "head": {
          "x": 0.4406375288963318,
          "y": -0.16287317872047424,
          "z": 0.9260854125022888
        },
        "tail": {
          "x": 0.4249934256076813,
          "y": -0.15505851805210114,
          "z": 0.9622432589530945
        }
      },
      "world_space": {
        "head": {
          "x": 0.4406375288963318,
          "y": -0.09962917864322662,
          "z": 1.8759393692016602
        },
        "tail": {
          "x": 0.4249934256076813,
          "y": -0.09181451797485352,
          "z": 1.9120972156524658
        },
        "rotation_quaternion": {
          "w": 0.3646620810031891,
          "x": 0.4969910681247711,
          "y": -0.6813995242118835,
          "z": -0.394608736038208
        },
        "matrix": [
          [
            -0.2400406301021576,
            -0.389501690864563,
            -0.8891955614089966,
            0.4406375288963318
          ],
          [
            -0.9650973081588745,
            0.19456683099269867,
            0.17530275881290436,
            -0.09962917864322662
          ],
          [
            0.10472680628299713,
            0.9002465605735779,
            -0.4226136803627014,
            1.8759393692016602
          ],
          [
            0.0,
            0.0,
            0.0,
            1.0
          ]
        ]
      },
      "bone_length_armature_space": 0.04016462025747745,
      "parent": "thumb_01_l",
      "has_children": true,
      "is_end_bone": false
    },
    "thumb_03_l": {
      "name": "thumb_03_l",
      "local": {
        "location": {
          "x": 0.0,
          "y": 0.0,
          "z": 0.0
        },
        "rotation_quaternion": {
          "w": 0.9888944625854492,
          "x": 0.14829257130622864,
          "y": -0.009813997894525528,
          "z": 0.0008463321719318628
        },
        "scale": {
          "x": 1.0,
          "y": 1.0,
          "z": 1.0
        },
        "matrix_basis": [
          [
            0.9998059272766113,
            -0.004584552254527807,
            -0.01915900595486164,
            0.0
          ],
          [
            -0.001236819545738399,
            0.9560171961784363,
            -0.2933080196380615,
            0.0
          ],
          [
            0.01966102607548237,
            0.29327479004859924,
            0.9558259844779968,
            0.0
          ],
          [
            0.0,
            0.0,
            0.0,
            1.0
          ]
        ],
        "rotation_mode": "QUATERNION"
      },
      "armature_space": {
        "head": {
          "x": 0.42499348521232605,
          "y": -0.1550585925579071,
          "z": 0.9622432589530945
        },
        "tail": {
          "x": 0.40103238821029663,
          "y": -0.14590005576610565,
          "z": 0.9786408543586731
        }
      },
      "world_space": {
        "head": {
          "x": 0.42499348521232605,
          "y": -0.09181459248065948,
          "z": 1.9120972156524658
        },
        "tail": {
          "x": 0.40103238821029663,
          "y": -0.08265605568885803,
          "z": 1.928494930267334
        },
        "rotation_quaternion": {
          "w": 0.3728943467140198,
          "x": 0.5870447158813477,
          "y": -0.715096116065979,
          "z": -0.07047020643949509
        },
        "matrix": [
          [
            -0.03265456110239029,
            -0.7870321869850159,
            -0.6160469651222229,
            0.42499348521232605
          ],
          [
            -0.8921418786048889,
            0.30082350969314575,
            -0.33702847361564636,
            -0.09181459248065948
          ],
          [
            0.4505757689476013,
            0.538599967956543,
            -0.7119730114936829,
            1.9120972156524658
          ],
          [
            0.0,
            0.0,
            0.0,
            1.0
          ]
        ]
      },
      "bone_length_armature_space": 0.030444935409973138,
      "parent": "thumb_02_l",
      "has_children": false,
      "is_end_bone": true
    },
    "metacarpal_index_l": {
      "name": "metacarpal_index_l",
      "local": {
        "location": {
          "x": 0.0,
          "y": 0.0,
          "z": 0.0
        },
        "rotation_quaternion": {
          "w": 0.9991958737373352,
          "x": -0.03856418654322624,
          "y": -0.007936113514006138,
          "z": 0.007589752320200205
        },
        "scale": {
          "x": 1.0,
          "y": 1.0,
          "z": 1.0
        },
        "matrix_basis": [
          [
            0.9997588396072388,
            -0.014555199071764946,
            -0.016444848850369453,
            0.0
          ],
          [
            0.015779398381710052,
            0.9969103932380676,
            0.07694588601589203,
            0.0
          ],
          [
            0.015274078585207462,
            -0.07718681544065475,
            0.9968996644020081,
            0.0
          ],
          [
            0.0,
            0.0,
            0.0,
            1.0
          ]
        ],
        "rotation_mode": "QUATERNION"
      },
      "armature_space": {
        "head": {
          "x": 0.3825191855430603,
          "y": -0.11862644553184509,
          "z": 0.90694260597229
        },
        "tail": {
          "x": 0.4357503652572632,
          "y": -0.18078893423080444,
          "z": 0.9907970428466797
        }
      },
      "world_space": {
        "head": {
          "x": 0.3825191855430603,
          "y": -0.05538244545459747,
          "z": 1.8567966222763062
        },
        "tail": {
          "x": 0.4357503652572632,
          "y": -0.11754493415355682,
          "z": 1.9406510591506958
        },
        "rotation_quaternion": {
          "w": 0.36015990376472473,
          "x": 0.8626106977462769,
          "y": 0.32407140731811523,
          "z": 0.14548355340957642
        },
        "matrix": [
          [
            0.7476236820220947,
            0.45430058240890503,
            0.48442718386650085,
            0.3825191855430603
          ],
          [
            0.6638904809951782,
            -0.5305246710777283,
            -0.527060866355896,
            -0.05538244545459747
          ],
          [
            0.017557118088006973,
            0.715654194355011,
            -0.6982439756393433,
            1.8567966222763062
          ],
          [
            0.0,
            0.0,
            0.0,
            1.0
          ]
        ]
      },
      "bone_length_armature_space": 0.1171720951604498,
      "parent": "lowerarm_l",
      "has_children": true,
      "is_end_bone": false
    },
    "index_01_l": {
      "name": "index_01_l",
      "local": {
        "location": {
          "x": 0.0,
          "y": 0.0,
          "z": 0.0
        },
        "rotation_quaternion": {
          "w": 0.9462667107582092,
          "x": 0.3230682909488678,
          "y": -0.013089580461382866,
          "z": -0.0059152282774448395
        },
        "scale": {
          "x": 1.0,
          "y": 1.0,
          "z": 1.0
        },
        "matrix_basis": [
          [
            0.99958735704422,
            0.0027371104806661606,
            -0.02859451435506344,
            0.0
          ],
          [
            -0.01965242438018322,
            0.7911837697029114,
            -0.6112626791000366,
            0.0
          ],
          [
            0.020950423553586006,
            0.6115723848342896,
            0.790911078453064,
            0.0
          ],
          [
            0.0,
            0.0,
            0.0,
            1.0
          ]
        ],
        "rotation_mode": "QUATERNION"
      },
      "armature_space": {
        "head": {
          "x": 0.4357503652572632,
          "y": -0.18078893423080444,
          "z": 0.9907970428466797
        },
        "tail": {
          "x": 0.45973095297813416,
          "y": -0.19469310343265533,
          "z": 0.9974809288978577
        }
      },
      "world_space": {
        "head": {
          "x": 0.4357503652572632,
          "y": -0.11754493415355682,
          "z": 1.9406510591506958
        },
        "tail": {
          "x": 0.45973095297813416,
          "y": -0.13144910335540771,
          "z": 1.9473350048065186
        },
        "rotation_quaternion": {
          "w": 0.16647015511989594,
          "x": 0.8607164621353149,
          "y": 0.47799333930015564,
          "z": -0.05456563085317612
        },
        "matrix": [
          [
            0.5370897650718689,
            0.8410004377365112,
            0.06521326303482056,
            0.4357503652572632
          ],
          [
            0.8046665787696838,
            -0.48761969804763794,
            -0.3387313485145569,
            -0.11754493415355682
          ],
          [
            -0.2530750334262848,
            0.23440515995025635,
            -0.9386272430419922,
            1.9406510591506958
          ],
          [
            0.0,
            0.0,
            0.0,
            1.0
          ]
        ]
      },
      "bone_length_armature_space": 0.028514361871523432,
      "parent": "metacarpal_index_l",
      "has_children": true,
      "is_end_bone": false
    },
    "index_02_l": {
      "name": "index_02_l",
      "local": {
        "location": {
          "x": 0.0,
          "y": 0.0,
          "z": 0.0
        },
        "rotation_quaternion": {
          "w": 0.8980313539505005,
          "x": 0.4398903548717499,
          "y": 0.0013920622877776623,
          "z": -0.0058666011318564415
        },
        "scale": {
          "x": 1.0,
          "y": 1.0,
          "z": 1.0
        },
        "matrix_basis": [
          [
            0.999927282333374,
            0.011761493049561977,
            -0.002661091275513172,
            0.0
          ],
          [
            -0.009312073700129986,
            0.6129240989685059,
            -0.7900869846343994,
            0.0
          ],
          [
            -0.00766155356541276,
            0.7900543212890625,
            0.612989068031311,
            0.0
          ],
          [
            0.0,
            0.0,
            0.0,
            1.0
          ]
        ],
        "rotation_mode": "QUATERNION"
      },
      "armature_space": {
        "head": {
          "x": 0.45973119139671326,
          "y": -0.19469358026981354,
          "z": 0.9974808096885681
        },
        "tail": {
          "x": 0.47455763816833496,
          "y": -0.20980016887187958,
          "z": 0.9829873442649841
        }
      },
      "world_space": {
        "head": {
          "x": 0.45973119139671326,
          "y": -0.13144958019256592,
          "z": 1.9473347663879395
        },
        "tail": {
          "x": 0.47455763816833496,
          "y": -0.14655616879463196,
          "z": 1.9328413009643555
        },
        "rotation_quaternion": {
          "w": 0.19776977598667145,
          "x": -0.8453153967857361,
          "y": -0.40798163414001465,
          "z": 0.2826305031776428
        },
        "matrix": [
          [
            0.5073407292366028,
            0.5779558420181274,
            -0.6391966938972473,
            0.45973119139671326
          ],
          [
            0.801538348197937,
            -0.5888760089874268,
            0.10373757779598236,
            -0.13144958019256592
          ],
          [
            -0.31645336747169495,
            -0.5649755001068115,
            -0.7620196342468262,
            1.9473347663879395
          ],
          [
            0.0,
            0.0,
            0.0,
            1.0
          ]
        ]
      },
      "bone_length_armature_space": 0.02565332490200051,
      "parent": "index_01_l",
      "has_children": true,
      "is_end_bone": false
    },
    "index_03_l": {
      "name": "index_03_l",
      "local": {
        "location": {
          "x": 0.0,
          "y": 0.0,
          "z": 0.0
        },
        "rotation_quaternion": {
          "w": 0.9212486743927002,
          "x": 0.3889395594596863,
          "y": 0.0001542392565170303,
          "z": 0.005205169785767794
        },
        "scale": {
          "x": 1.0,
          "y": 1.0,
          "z": 1.0
        },
        "matrix_basis": [
          [
            0.9999457597732544,
            -0.009470531716942787,
            0.004333178512752056,
            0.0
          ],
          [
            0.009710490703582764,
            0.6973978281021118,
            -0.7166184782981873,
            0.0
          ],
          [
            0.003764807479456067,
            0.7166216969490051,
            0.6974520087242126,
            0.0
          ],
          [
            0.0,
            0.0,
            0.0,
            1.0
          ]
        ],
        "rotation_mode": "QUATERNION"
      },
      "armature_space": {
        "head": {
          "x": 0.4745577275753021,
          "y": -0.20980019867420197,
          "z": 0.9829874634742737
        },
        "tail": {
          "x": 0.4721693992614746,
          "y": -0.2158210128545761,
          "z": 0.9544955492019653
        }
      },
      "world_space": {
        "head": {
          "x": 0.4745577275753021,
          "y": -0.14655619859695435,
          "z": 1.9328415393829346
        },
        "tail": {
          "x": 0.4721693992614746,
          "y": -0.1525770127773285,
          "z": 1.9043495655059814
        },
        "rotation_quaternion": {
          "w": 0.5621775984764099,
          "x": -0.66117924451828,
          "y": -0.28447604179382324,
          "z": 0.4072735905647278
        },
        "matrix": [
          [
            0.5064042210578918,
            -0.0817401111125946,
            -0.8584132790565491,
            0.4745577275753021
          ],
          [
            0.8340988159179688,
            -0.20606032013893127,
            0.5116819143295288,
            -0.14655619859695435
          ],
          [
            -0.21871072053909302,
            -0.9751262664794922,
            -0.03617009520530701,
            1.9328415393829346
          ],
          [
            0.0,
            0.0,
            0.0,
            1.0
          ]
        ]
      },
      "bone_length_armature_space": 0.029218889439910276,
      "parent": "index_02_l",
      "has_children": false,
      "is_end_bone": true
    },
    "metacarpal_pinky_l": {
      "name": "metacarpal_pinky_l",
      "local": {
        "location": {
          "x": 0.0,
          "y": 0.0,
          "z": 0.0
        },
        "rotation_quaternion": {
          "w": 0.9995995759963989,
          "x": 0.02275320328772068,
          "y": 0.007478654850274324,
          "z": -0.015071666799485683
        },
        "scale": {
          "x": 1.0,
          "y": 1.0,
          "z": 1.0
        },
        "matrix_basis": [
          [
            0.9994338154792786,
            0.030471589416265488,
            0.014265462756156921,
            0.0
          ],
          [
            -0.029790936037898064,
            0.9985103011131287,
            -0.04571361467242241,
            0.0
          ],
          [
            -0.015637177973985672,
            0.04526275396347046,
            0.9988527297973633,
            0.0
          ],
          [
            0.0,
            0.0,
            0.0,
            1.0
          ]
        ],
        "rotation_mode": "QUATERNION"
      },
      "armature_space": {
        "head": {
          "x": 0.3825191855430603,
          "y": -0.11862644553184509,
          "z": 0.90694260597229
        },
        "tail": {
          "x": 0.438646525144577,
          "y": -0.12020272016525269,
          "z": 0.9946384429931641
        }
      },
      "world_space": {
        "head": {
          "x": 0.3825191855430603,
          "y": -0.05538244545459747,
          "z": 1.8567966222763062
        },
        "tail": {
          "x": 0.438646525144577,
          "y": -0.056958720088005066,
          "z": 1.9444924592971802
        },
        "rotation_quaternion": {
          "w": 0.6554960608482361,
          "x": 0.4234151542186737,
          "y": -0.25051349401474,
          "z": -0.5729639530181885
        },
        "matrix": [
          [
            0.21790705621242523,
            0.5390081405639648,
            -0.8136255741119385,
            0.3825191855430603
          ],
          [
            -0.963294506072998,
            -0.01513748150318861,
            -0.26802000403404236,
            -0.05538244545459747
          ],
          [
            -0.15678304433822632,
            0.8421702980995178,
            0.515928328037262,
            1.8567966222763062
          ],
          [
            0.0,
            0.0,
            0.0,
            1.0
          ]
        ]
      },
      "bone_length_armature_space": 0.10413127525134179,
      "parent": "lowerarm_l",
      "has_children": true,
      "is_end_bone": false
    },
    "pinky_01_l": {
      "name": "pinky_01_l",
      "local": {
        "location": {
          "x": 0.0,
          "y": 0.0,
          "z": 0.0
        },
        "rotation_quaternion": {
          "w": 0.9434860944747925,
          "x": 0.33114081621170044,
          "y": 0.004087679088115692,
          "z": 0.01277309563010931
        },
        "scale": {
          "x": 1.0,
          "y": 1.0,
          "z": 1.0
        },
        "matrix_basis": [
          [
            0.9996402859687805,
            -0.021395280957221985,
            0.016172723844647408,
            0.0
          ],
          [
            0.02680967189371586,
            0.7803652286529541,
            -0.6247490644454956,
            0.0
          ],
          [
            0.0007460498600266874,
            0.6249579191207886,
            0.7806581258773804,
            0.0
          ],
          [
            0.0,
            0.0,
            0.0,
            1.0
          ]
        ],
        "rotation_mode": "QUATERNION"
      },
      "armature_space": {
        "head": {
          "x": 0.438646525144577,
          "y": -0.12020272016525269,
          "z": 0.9946384429931641
        },
