{
  "metadata": {
    "armature_name": "KIM_caucasian_male",
    "export_time": "2026-01-13T20:55:31.129122",
    "blender_version": "4.4.1",
    "bone_count": 56,
    "end_bone_count": 13,
    "spaces_included": [
      "LOCAL_CHANNELS",
      "ARMATURE_SPACE",
      "WORLD_SPACE"
    ],
    "note": "LOCAL matches Transform panel; replay pose via local.matrix_basis for best fidelity."
  },
  "bones": {
    "Root": {
      "name": "Root",
      "local": {
        "location": {
          "x": 0.0,
          "y": 0.0,
          "z": 0.0
        },
        "rotation_quaternion": {
          "w": 0.9998412132263184,
          "x": 0.004158057272434235,
          "y": 0.015780314803123474,
          "z": -0.007169460412114859
        },
        "scale": {
          "x": 1.0,
          "y": 1.0,
          "z": 1.0
        },
        "matrix_basis": [
          [
            0.9993991851806641,
            0.0144678745418787,
            0.031495995819568634,
            0.0
          ],
          [
            -0.014205412939190865,
            0.9998626112937927,
            -0.008541067130863667,
            0.0
          ],
          [
            -0.0316152386367321,
            0.008088521659374237,
            0.9994673728942871,
            0.0
          ],
          [
            0.0,
            0.0,
            0.0,
            1.0
          ]
        ],
        "rotation_mode": "QUATERNION"
      },
      "armature_space": {
        "head": {
          "x": 0.0,
          "y": 0.07072800397872925,
          "z": -0.009595036506652832
        },
        "tail": {
          "x": 0.0010326571064069867,
          "y": -6.788969039916992e-05,
          "z": -0.0005734069272875786
        }
      },
      "world_space": {
        "head": {
          "x": 0.0,
          "y": 0.13397200405597687,
          "z": 0.9402589797973633
        },
        "tail": {
          "x": 0.0010326571064069867,
          "y": 0.06317611038684845,
          "z": 0.9492806196212769
        },
        "rotation_quaternion": {
          "w": 0.06320835649967194,
          "x": 0.9978498220443726,
          "y": 0.008216260001063347,
          "z": 0.01526147685945034
        },
        "matrix": [
          [
            0.9993991851806641,
            0.0144678745418787,
            0.031495995819568634,
            0.0
          ],
          [
            0.018326500430703163,
            -0.9918743371963501,
            -0.12589454650878906,
            0.13397200405597687
          ],
          [
            0.029418867081403732,
            0.1263960748910904,
            -0.9915505647659302,
            0.9402589797973633
          ],
          [
            0.0,
            0.0,
            0.0,
            1.0
          ]
        ]
      },
      "bone_length_armature_space": 0.07137587011117301,
      "parent": null,
      "has_children": true,
      "is_end_bone": false
    },
    "spine_01": {
      "name": "spine_01",
      "local": {
        "location": {
          "x": 0.0,
          "y": 0.0,
          "z": 0.0
        },
        "rotation_quaternion": {
          "w": 0.9996882677078247,
          "x": -0.012877224944531918,
          "y": -0.015735359862446785,
          "z": -0.014489175751805305
        },
        "scale": {
          "x": 1.0,
          "y": 1.0,
          "z": 1.0
        },
        "matrix_basis": [
          [
            0.9990849494934082,
            0.02937457337975502,
            -0.03108774870634079,
            0.0
          ],
          [
            -0.02856406196951866,
            0.9992485046386719,
            0.026202406734228134,
            0.0
          ],
          [
            0.03183406963944435,
            -0.025290437042713165,
            0.9991731643676758,
            0.0
          ],
          [
            0.0,
            0.0,
            0.0,
            1.0
          ]
        ],
        "rotation_mode": "QUATERNION"
      },
      "armature_space": {
        "head": {
          "x": 0.0010326571064069867,
          "y": -6.788969039916992e-05,
          "z": -0.0005734069272875786
        },
        "tail": {
          "x": 0.00046844000462442636,
          "y": 0.03112993948161602,
          "z": 0.4864327311515808
        }
      },
      "world_space": {
        "head": {
          "x": 0.0010326571064069867,
          "y": 0.06317611038684845,
          "z": 0.9492806196212769
        },
        "tail": {
          "x": 0.00046844000462442636,
          "y": 0.09437394142150879,
          "z": 1.4362866878509521
        },
        "rotation_quaternion": {
          "w": 0.7293363809585571,
          "x": 0.6841155886650085,
          "y": -0.0057526035234332085,
          "z": -0.00460330443456769
        },
        "matrix": [
          [
            0.999891459941864,
            -0.0011561797000467777,
            -0.014689544215798378,
            0.0010326571064069867
          ],
          [
            -0.014585601165890694,
            0.06392981857061386,
            -0.997847855091095,
            0.06317611038684845
          ],
          [
            0.002092788927257061,
            0.9979608654975891,
            0.06390555202960968,
            0.9492806196212769
          ],
          [
            0.0,
            0.0,
            0.0,
            1.0
          ]
        ]
      },
      "bone_length_armature_space": 0.48800470878031105,
      "parent": "Root",
      "has_children": true,
      "is_end_bone": false
    },
    "neck_01": {
      "name": "neck_01",
      "local": {
        "location": {
          "x": 0.0,
          "y": 0.0,
          "z": 0.0
        },
        "rotation_quaternion": {
          "w": 0.98850017786026,
          "x": -0.09590528160333633,
          "y": -0.1156296581029892,
          "z": -0.017305752262473106
        },
        "scale": {
          "x": 1.0,
          "y": 1.0,
          "z": 1.0
        },
        "matrix_basis": [
          [
            0.9726606011390686,
            0.05639246851205826,
            -0.22528044879436493,
            0.0
          ],
          [
            -0.012034488841891289,
            0.9810053706169128,
            0.193606898188591,
            0.0
          ],
          [
            0.2319193035364151,
            -0.18560266494750977,
            0.9548639059066772,
            0.0
          ],
          [
            0.0,
            0.0,
            0.0,
            1.0
          ]
        ],
        "rotation_mode": "QUATERNION"
      },
      "armature_space": {
        "head": {
          "x": -0.00012565357610583305,
          "y": 0.0012049786746501923,
          "z": 0.5617181658744812
        },
        "tail": {
          "x": 0.005269556771963835,
          "y": -0.013041812926530838,
          "z": 0.6631020307540894
        }
      },
      "world_space": {
        "head": {
          "x": -0.00012565357610583305,
          "y": 0.06444898247718811,
          "z": 1.5115721225738525
        },
        "tail": {
          "x": 0.005269556771963835,
          "y": 0.05020218715071678,
          "z": 1.6129560470581055
        },
        "rotation_quaternion": {
          "w": 0.6533958911895752,
          "x": 0.7467613816261292,
          "y": -0.059930216521024704,
          "z": -0.10876444727182388
        },
        "matrix": [
          [
            0.9691575765609741,
            0.05262524262070656,
            -0.2407579869031906,
            -0.00012565357610583305
          ],
          [
            -0.23163919150829315,
            -0.13896416127681732,
            -0.9628252983093262,
            0.06444898247718811
          ],
          [
            -0.08412645012140274,
            0.9889050126075745,
            -0.1224898248910904,
            1.5115721225738525
          ],
          [
            0.0,
            0.0,
            0.0,
            1.0
          ]
        ]
      },
      "bone_length_armature_space": 0.10252203265969877,
      "parent": "spine_01",
      "has_children": true,
      "is_end_bone": false
    },
    "head": {
      "name": "head",
      "local": {
        "location": {
          "x": 0.0,
          "y": 0.0,
          "z": 0.0
        },
        "rotation_quaternion": {
          "w": 0.9876765608787537,
          "x": -0.0995163545012474,
          "y": -0.10198502242565155,
          "z": 0.06473440676927567
        },
        "scale": {
          "x": 1.0,
          "y": 1.0,
          "z": 1.0
        },
        "matrix_basis": [
          [
            0.9708170294761658,
            -0.1075749546289444,
            -0.2143407016992569,
            0.0
          ],
          [
            0.14817166328430176,
            0.9718118906021118,
            0.18337605893611908,
            0.0
          ],
          [
            0.18857216835021973,
            -0.20978382229804993,
            0.9593911170959473,
            0.0
          ],
          [
            0.0,
            0.0,
            0.0,
            1.0
          ]
        ],
        "rotation_mode": "QUATERNION"
      },
      "armature_space": {
        "head": {
          "x": 0.005269515328109264,
          "y": -0.01304195262491703,
          "z": 0.6631019711494446
        },
        "tail": {
          "x": 0.016309499740600586,
          "y": 0.05464038997888565,
          "z": 0.8022080063819885
        }
      },
      "world_space": {
        "head": {
          "x": 0.005269515328109264,
          "y": 0.05020204931497574,
          "z": 1.6129560470581055
        },
        "tail": {
          "x": 0.016309499740600586,
          "y": 0.11788439005613327,
          "z": 1.7520620822906494
        },
        "rotation_quaternion": {
          "w": 0.8345858454704285,
          "x": 0.5138423442840576,
          "y": -0.14720521867275238,
          "z": -0.13327839970588684
        },
        "matrix": [
          [
            0.9211350679397583,
            0.07118427753448486,
            -0.3826790452003479,
            0.005269515328109264
          ],
          [
            -0.37374526262283325,
            0.4364062547683716,
            -0.8184524178504944,
            0.05020204931497574
          ],
          [
            0.10874298214912415,
            0.8969363570213318,
            0.4285960793495178,
            1.6129560470581055
          ],
          [
            0.0,
            0.0,
            0.0,
            1.0
          ]
        ]
      },
      "bone_length_armature_space": 0.1550911667286023,
      "parent": "neck_01",
      "has_children": false,
      "is_end_bone": true
    },
    "upperarm_l": {
      "name": "upperarm_l",
      "local": {
        "location": {
          "x": 0.0,
          "y": 0.0,
          "z": 0.0
        },
        "rotation_quaternion": {
          "w": 0.9065238237380981,
          "x": -0.2271193116903305,
          "y": 0.18569907546043396,
          "z": -0.30355775356292725
        },
        "scale": {
          "x": 1.0,
          "y": 1.0,
          "z": 1.0
        },
        "matrix_basis": [
          [
            0.7467370629310608,
            0.46601298451423645,
            0.4745689332485199,
            0.0
          ],
          [
            -0.6347163915634155,
            0.71253901720047,
            0.2990373373031616,
            0.0
          ],
          [
            -0.19879361987113953,
            -0.5245189070701599,
            0.8278653621673584,
            0.0
          ],
          [
            0.0,
            0.0,
            0.0,
            1.0
          ]
        ],
        "rotation_mode": "QUATERNION"
      },
      "armature_space": {
        "head": {
          "x": 0.14988893270492554,
          "y": -0.00846170261502266,
          "z": 0.4951651692390442
        },
        "tail": {
          "x": 0.334694504737854,
          "y": 0.13139796257019043,
          "z": 0.3606511354446411
        }
      },
      "world_space": {
        "head": {
          "x": 0.14988893270492554,
          "y": 0.05478229746222496,
          "z": 1.445019245147705
        },
        "tail": {
          "x": 0.334694504737854,
          "y": 0.19464196264743805,
          "z": 1.3105051517486572
        },
        "rotation_quaternion": {
          "w": 0.3234573006629944,
          "x": 0.26042819023132324,
          "y": 0.8101465702056885,
          "z": -0.41378146409988403
        },
        "matrix": [
          [
            -0.6551052331924438,
            0.6896516680717468,
            0.3085738718509674,
            0.14988893270492554
          ],
          [
            0.15429024398326874,
            0.5219239592552185,
            -0.8389220237731934,
            0.05478229746222496
          ],
          [
            -0.7396209836006165,
            -0.5019752979278564,
            -0.448325514793396,
            1.445019245147705
          ],
          [
            0.0,
            0.0,
            0.0,
            1.0
          ]
        ]
      },
      "bone_length_armature_space": 0.2679698679931274,
      "parent": "spine_01",
      "has_children": true,
      "is_end_bone": false
    },
    "lowerarm_l": {
      "name": "lowerarm_l",
      "local": {
        "location": {
          "x": 0.0,
          "y": 0.0,
          "z": 0.0
        },
        "rotation_quaternion": {
          "w": 0.9944198131561279,
          "x": 0.10086918622255325,
          "y": 0.027992447838187218,
          "z": -0.013083983212709427
        },
        "scale": {
          "x": 1.0,
          "y": 1.0,
          "z": 1.0
        },
        "matrix_basis": [
          [
            0.9980904459953308,
            0.031669095158576965,
            0.053032949566841125,
            0.0
          ],
          [
            -0.02037479355931282,
            0.9793084263801575,
            -0.20134514570236206,
            0.0
          ],
          [
            -0.058312032371759415,
            0.19988012313842773,
            0.9780836701393127,
            0.0
          ],
          [
            0.0,
            0.0,
            0.0,
            1.0
          ]
        ],
        "rotation_mode": "QUATERNION"
      },
      "armature_space": {
        "head": {
          "x": 0.33469465374946594,
          "y": 0.13139794766902924,
          "z": 0.3606511354446411
        },
        "tail": {
          "x": 0.5468515157699585,
          "y": 0.19043578207492828,
          "z": 0.20875100791454315
        }
      },
      "world_space": {
        "head": {
          "x": 0.33469465374946594,
          "y": 0.19464194774627686,
          "z": 1.3105051517486572
        },
        "tail": {
          "x": 0.5468515157699585,
          "y": 0.2536797821521759,
          "z": 1.1586049795150757
        },
        "rotation_quaternion": {
          "w": 0.3192777633666992,
          "x": 0.3147171437740326,
          "y": 0.7130236029624939,
          "z": -0.5390847325325012
        },
        "matrix": [
          [
            -0.5980294942855835,
            0.7930371761322021,
            0.1159856766462326,
            0.33469465374946594
          ],
          [
            0.10456851124763489,
            0.22068198025226593,
            -0.9697242975234985,
            0.19464194774627686
          ],
          [
            -0.7946287393569946,
            -0.5677989721298218,
            -0.21490350365638733,
            1.3105051517486572
          ],
          [
            0.0,
            0.0,
            0.0,
            1.0
          ]
        ]
      },
      "bone_length_armature_space": 0.26752504201597865,
      "parent": "upperarm_l",
      "has_children": true,
      "is_end_bone": false
    },
    "metacarpal_thumb_l": {
      "name": "metacarpal_thumb_l",
      "local": {
        "location": {
          "x": 0.0,
          "y": 0.0,
          "z": 0.0
        },
        "rotation_quaternion": {
          "w": 0.9996867179870605,
          "x": -0.01850346103310585,
          "y": -0.012248765677213669,
          "z": -0.011580723337829113
        },
        "scale": {
          "x": 1.0,
          "y": 1.0,
          "z": 1.0
        },
        "matrix_basis": [
          [
            0.9994317293167114,
            0.02360747940838337,
            -0.0240612905472517,
            0.0
          ],
          [
            -0.022700902074575424,
            0.999047040939331,
            0.037279028445482254,
            0.0
          ],
          [
            0.02491842396557331,
            -0.03671162948012352,
            0.9990151524543762,
            0.0
          ],
          [
            0.0,
            0.0,
            0.0,
            1.0
          ]
        ],
        "rotation_mode": "QUATERNION"
      },
      "armature_space": {
        "head": {
          "x": 0.5468515157699585,
          "y": 0.19043578207492828,
          "z": 0.20875100791454315
        },
        "tail": {
          "x": 0.5774874091148376,
          "y": 0.17264172434806824,
          "z": 0.17413288354873657
        }
      },
      "world_space": {
        "head": {
          "x": 0.5468515157699585,
          "y": 0.2536797821521759,
          "z": 1.1586049795150757
        },
        "tail": {
          "x": 0.5774874091148376,
          "y": 0.23588572442531586,
          "z": 1.1239869594573975
        },
        "rotation_quaternion": {
          "w": 0.25311747193336487,
          "x": -0.764742374420166,
          "y": -0.5062760710716248,
          "z": 0.3078722059726715
        },
        "matrix": [
          [
            0.2977960705757141,
            0.6184866428375244,
            -0.7271804809570312,
            0.5468515157699585
          ],
          [
            0.9301978945732117,
            -0.35923147201538086,
            0.07540009170770645,
            0.2536797821521759
          ],
          [
            -0.21459273993968964,
            -0.6988806128501892,
            -0.6822972893714905,
            1.1586049795150757
          ],
          [
            0.0,
            0.0,
            0.0,
            1.0
          ]
        ]
      },
      "bone_length_armature_space": 0.04953383620904355,
      "parent": "lowerarm_l",
      "has_children": true,
      "is_end_bone": false
    },
    "thumb_01_l": {
      "name": "thumb_01_l",
      "local": {
        "location": {
          "x": 0.0,
          "y": 0.0,
          "z": 0.0
        },
        "rotation_quaternion": {
          "w": 0.9997218251228333,
          "x": 0.021702036261558533,
          "y": 0.003290570108219981,
          "z": 0.00863682758063078
        },
        "scale": {
          "x": 1.0,
          "y": 1.0,
          "z": 1.0
        },
        "matrix_basis": [
          [
            0.9998291730880737,
            -0.01712602563202381,
            0.006954182870686054,
            0.0
          ],
          [
            0.017411673441529274,
            0.9989088773727417,
            -0.04333515837788582,
            0.0
          ],
          [
            -0.00620443606749177,
            0.04344883933663368,
            0.9990363717079163,
            0.0
          ],
          [
            0.0,
            0.0,
            0.0,
            1.0
          ]
        ],
        "rotation_mode": "QUATERNION"
      },
      "armature_space": {
        "head": {
          "x": 0.5774874091148376,
          "y": 0.17264172434806824,
          "z": 0.17413288354873657
        },
        "tail": {
          "x": 0.5716832280158997,
          "y": 0.1641691029071808,
          "z": 0.14168035984039307
        }
      },
      "world_space": {
        "head": {
          "x": 0.5774874091148376,
          "y": 0.23588572442531586,
          "z": 1.1239869594573975
        },
        "tail": {
          "x": 0.5716832280158997,
          "y": 0.2274131029844284,
          "z": 1.0915343761444092
        },
        "rotation_quaternion": {
          "w": 0.5916063785552979,
          "x": -0.787244439125061,
          "y": 0.1598314493894577,
          "z": -0.06857244670391083
        },
        "matrix": [
          [
            0.9395030736923218,
            -0.1705172061920166,
            0.2970818281173706,
            0.5774874091148376
          ],
          [
            -0.33278948068618774,
            -0.24891221523284912,
            0.9095572233200073,
            0.23588572442531586
          ],
          [
            -0.08114862442016602,
            -0.9534043669700623,
            -0.2906012535095215,
            1.1239869594573975
          ],
          [
            0.0,
            0.0,
            0.0,
            1.0
          ]
        ]
      },
      "bone_length_armature_space": 0.0340388038951929,
      "parent": "metacarpal_thumb_l",
      "has_children": true,
      "is_end_bone": false
    },
    "thumb_02_l": {
      "name": "thumb_02_l",
      "local": {
        "location": {
          "x": 0.0,
          "y": 0.0,
          "z": 0.0
        },
        "rotation_quaternion": {
          "w": 0.9951549172401428,
          "x": 0.0981108546257019,
          "y": -0.00010119867511093616,
          "z": 0.006405173800885677
        },
        "scale": {
          "x": 1.0,
          "y": 1.0,
          "z": 1.0
        },
        "matrix_basis": [
          [
            0.9999179244041443,
            -0.012768138200044632,
            0.0010554174659773707,
            0.0
          ],
          [
            0.01272842288017273,
            0.98066645860672,
            -0.195272296667099,
            0.0
          ],
          [
            0.001458250917494297,
            0.19526970386505127,
            0.9807484745979309,
            0.0
          ],
          [
            0.0,
            0.0,
            0.0,
            1.0
          ]
        ],
        "rotation_mode": "QUATERNION"
      },
      "armature_space": {
        "head": {
          "x": 0.5716832280158997,
          "y": 0.1641690731048584,
          "z": 0.14168038964271545
        },
        "tail": {
          "x": 0.602668285369873,
          "y": 0.17707459628582,
          "z": 0.11962231993675232
        }
      },
      "world_space": {
        "head": {
          "x": 0.5716832280158997,
          "y": 0.22741307318210602,
          "z": 1.0915343761444092
        },
        "tail": {
          "x": 0.602668285369873,
          "y": 0.24031859636306763,
          "z": 1.0694763660430908
        },
        "rotation_quaternion": {
          "w": 0.8113570809364319,
          "x": -0.3088737726211548,
          "y": 0.04856909438967705,
          "z": -0.4939006268978119
        },
        "matrix": [
          [
            0.5074052214622498,
            0.7714559435844421,
            0.38392114639282227,
            0.5716832280158997
          ],
          [
            -0.8314641118049622,
            0.3213174343109131,
            0.45323601365089417,
            0.22741307318210602
          ],
          [
            0.22629189491271973,
            -0.5491944551467896,
            0.804482102394104,
            1.0915343761444092
          ],
          [
            0.0,
            0.0,
            0.0,
            1.0
          ]
        ]
      },
      "bone_length_armature_space": 0.04016447143968171,
      "parent": "thumb_01_l",
      "has_children": true,
      "is_end_bone": false
    },
    "thumb_03_l": {
      "name": "thumb_03_l",
      "local": {
        "location": {
          "x": 0.0,
          "y": 0.0,
          "z": 0.0
        },
        "rotation_quaternion": {
          "w": 0.9971426725387573,
          "x": 0.07529176771640778,
          "y": -0.006045524030923843,
          "z": -0.0010577868670225143
        },
        "scale": {
          "x": 1.0,
          "y": 1.0,
          "z": 1.0
        },
        "matrix_basis": [
          [
            0.9999246597290039,
            0.0011991724604740739,
            -0.012215785682201385,
            0.0
          ],
          [
            -0.0030198851600289345,
            0.9886600375175476,
            -0.15014047920703888,
            0.0
          ],
          [
            0.011897214688360691,
            0.15016606450080872,
            0.9885892271995544,
            0.0
          ],
          [
            0.0,
            0.0,
            0.0,
            1.0
          ]
        ],
        "rotation_mode": "QUATERNION"
      },
      "armature_space": {
        "head": {
          "x": 0.602668285369873,
          "y": 0.17707450687885284,
          "z": 0.11962231248617172
        },
        "tail": {
          "x": 0.6271962523460388,
          "y": 0.1940683275461197,
          "z": 0.11358238756656647
        }
      },
      "world_space": {
        "head": {
          "x": 0.602668285369873,
          "y": 0.24031850695610046,
          "z": 1.0694763660430908
        },
        "tail": {
          "x": 0.6271962523460388,
          "y": 0.2573123276233673,
          "z": 1.0634363889694214
        },
        "rotation_quaternion": {
          "w": 0.8728008270263672,
          "x": -0.04309825599193573,
          "y": 0.13156919181346893,
          "z": -0.46802863478660583
        },
        "matrix": [
          [
            0.5272773504257202,
            0.8056508302688599,
            0.2700093984603882,
            0.602668285369873
          ],
          [
            -0.8283326029777527,
            0.5581833124160767,
            -0.047924481332302094,
            0.24031850695610046
          ],
          [
            -0.189327210187912,
            -0.198388934135437,
            0.9616710543632507,
            1.0694763660430908
          ],
          [
            0.0,
            0.0,
            0.0,
            1.0
          ]
        ]
      },
      "bone_length_armature_space": 0.030444897948666606,
      "parent": "thumb_02_l",
      "has_children": false,
      "is_end_bone": true
    },
    "metacarpal_index_l": {
      "name": "metacarpal_index_l",
      "local": {
        "location": {
          "x": 0.0,
          "y": 0.0,
          "z": 0.0
        },
        "rotation_quaternion": {
          "w": 0.9977746605873108,
          "x": -0.06566817313432693,
          "y": 0.001098442473448813,
          "z": 0.011506173759698868
        },
        "scale": {
          "x": 1.0,
          "y": 1.0,
          "z": 1.0
        },
        "matrix_basis": [
          [
            0.9997327923774719,
            -0.023105403408408165,
            0.0006808172911405563,
            0.0
          ],
          [
            0.022816872224211693,
            0.991110622882843,
            0.1310693621635437,
            0.0
          ],
          [
            -0.0037031748797744513,
            -0.13101880252361298,
            0.9913729429244995,
            0.0
          ],
          [
            0.0,
            0.0,
            0.0,
            1.0
          ]
        ],
        "rotation_mode": "QUATERNION"
      },
      "armature_space": {
        "head": {
          "x": 0.5468515157699585,
          "y": 0.19043578207492828,
          "z": 0.20875100791454315
        },
        "tail": {
          "x": 0.6448724865913391,
          "y": 0.18624693155288696,
          "z": 0.1446915566921234
        }
      },
      "world_space": {
        "head": {
          "x": 0.5468515157699585,
          "y": 0.2536797821521759,
          "z": 1.1586049795150757
        },
        "tail": {
          "x": 0.6448724865913391,
          "y": 0.24949093163013458,
          "z": 1.094545602798462
        },
        "rotation_quaternion": {
          "w": 0.020327037200331688,
          "x": -0.6136684417724609,
          "y": -0.6940556168556213,
          "z": 0.3758787512779236
        },
        "matrix": [
          [
            -0.2459932565689087,
            0.8365582227706909,
            -0.4895482659339905,
            0.5468515157699585
          ],
          [
            0.86712247133255,
            -0.03574968874454498,
            -0.4968107044696808,
            0.2536797821521759
          ],
          [
            -0.43311449885368347,
            -0.546714186668396,
            -0.7166097164154053,
            1.1586049795150757
          ],
          [
            0.0,
            0.0,
            0.0,
            1.0
          ]
        ]
      },
      "bone_length_armature_space": 0.11717196749807858,
      "parent": "lowerarm_l",
      "has_children": true,
      "is_end_bone": false
    },
    "index_01_l": {
      "name": "index_01_l",
      "local": {
        "location": {
          "x": 0.0,
          "y": 0.0,
          "z": 0.0
        },
        "rotation_quaternion": {
          "w": 0.996026337146759,
          "x": -0.08522054553031921,
          "y": -0.02483777143061161,
          "z": 0.007228723261505365
        },
        "scale": {
          "x": 1.0,
          "y": 1.0,
          "z": 1.0
        },
        "matrix_basis": [
          [
            0.9986616373062134,
            -0.010166620835661888,
            -0.05071021988987923,
            0.0
          ],
          [
            0.018633374944329262,
            0.985370397567749,
            0.16940473020076752,
            0.0
          ],
          [
            0.048246078193187714,
            -0.1701229065656662,
            0.9842410683631897,
            0.0
          ],
          [
            0.0,
            0.0,
            0.0,
            1.0
          ]
        ],
        "rotation_mode": "QUATERNION"
      },
      "armature_space": {
        "head": {
          "x": 0.6448724865913391,
          "y": 0.18624693155288696,
          "z": 0.1446915566921234
        },
        "tail": {
          "x": 0.6682521104812622,
          "y": 0.19748523831367493,
          "z": 0.1328524500131607
        }
      },
      "world_space": {
        "head": {
          "x": 0.6448724865913391,
          "y": 0.24949093163013458,
          "z": 1.094545602798462
        },
        "tail": {
          "x": 0.6682521104812622,
          "y": 0.26072925329208374,
          "z": 1.0827064514160156
        },
        "rotation_quaternion": {
          "w": 0.005965379532426596,
          "x": 0.48924025893211365,
          "y": 0.8348824381828308,
          "z": -0.252150297164917
        },
        "matrix": [
          [
            -0.5212161540985107,
            0.8199244141578674,
            -0.23676469922065735,
            0.6448724865913391
          ],
          [
            0.8139086961746216,
            0.3941276967525482,
            -0.4268680214881897,
            0.24949093163013458
          ],
          [
            -0.2566850185394287,
            -0.4151979088783264,
            -0.8727757334709167,
            1.094545602798462
          ],
          [
            0.0,
            0.0,
            0.0,
            1.0
          ]
        ]
      },
      "bone_length_armature_space": 0.028514396638165764,
      "parent": "metacarpal_index_l",
      "has_children": true,
      "is_end_bone": false
    },
    "index_02_l": {
      "name": "index_02_l",
      "local": {
        "location": {
          "x": 0.0,
          "y": 0.0,
          "z": 0.0
        },
        "rotation_quaternion": {
          "w": 0.9995697736740112,
          "x": 0.027027813717722893,
          "y": -0.010212639346718788,
          "z": -0.005058895796537399
        },
        "scale": {
          "x": 1.0,
          "y": 1.0,
          "z": 1.0
        },
        "matrix_basis": [
          [
            0.9997402429580688,
            0.009561387822031975,
            -0.0206899531185627,
            0.0
          ],
          [
            -0.010665489360690117,
            0.9984878301620483,
            -0.05392904207110405,
            0.0
          ],
          [
            0.02014303021132946,
            0.054135698825120926,
            0.9983304142951965,
            0.0
          ],
          [
            0.0,
            0.0,
            0.0,
            1.0
          ]
        ],
        "rotation_mode": "QUATERNION"
      },
      "armature_space": {
        "head": {
          "x": 0.6682524681091309,
          "y": 0.1974850594997406,
          "z": 0.13285206258296967
        },
        "tail": {
          "x": 0.688649594783783,
          "y": 0.20814067125320435,
          "z": 0.12151603400707245
        }
      },
      "world_space": {
        "head": {
          "x": 0.6682524681091309,
          "y": 0.2607290744781494,
          "z": 1.082706093788147
        },
        "tail": {
          "x": 0.688649594783783,
          "y": 0.27138465642929077,
          "z": 1.071370005607605
        },
        "rotation_quaternion": {
          "w": 0.032898806035518646,
          "x": 0.4619487226009369,
          "y": 0.8405970931053162,
          "z": -0.28092291951179504
        },
        "matrix": [
          [
            -0.571041464805603,
            0.7951094508171082,
            -0.20423623919487,
            0.6682524681091309
          ],
          [
            0.7581424117088318,
            0.41537046432495117,
            -0.5026805400848389,
            0.2607290744781494
          ],
          [
            -0.31485384702682495,
            -0.4418942928314209,
            -0.8400062918663025,
            1.082706093788147
          ],
          [
            0.0,
            0.0,
            0.0,
            1.0
          ]
        ]
      },
      "bone_length_armature_space": 0.025653272431081425,
      "parent": "index_01_l",
      "has_children": true,
      "is_end_bone": false
    },
    "index_03_l": {
      "name": "index_03_l",
      "local": {
        "location": {
          "x": 0.0,
          "y": 0.0,
          "z": 0.0
        },
        "rotation_quaternion": {
          "w": 0.998738169670105,
          "x": 0.049513984471559525,
          "y": -0.005794092547148466,
          "z": -0.006080819759517908
        },
        "scale": {
          "x": 1.0,
          "y": 1.0,
          "z": 1.0
        },
        "matrix_basis": [
          [
            0.9998589158058167,
            0.011572516523301601,
            -0.012175734154880047,
            0.0
          ],
          [
            -0.012720070779323578,
            0.9950227737426758,
            -0.09883254766464233,
            0.0
          ],
          [
            0.010971391573548317,
            0.09897347539663315,
            0.9950295686721802,
            0.0
          ],
          [
            0.0,
            0.0,
            0.0,
            1.0
          ]
        ],
        "rotation_mode": "QUATERNION"
      },
      "armature_space": {
        "head": {
          "x": 0.6886496543884277,
          "y": 0.20814071595668793,
          "z": 0.1215161606669426
        },
        "tail": {
          "x": 0.7084277272224426,
          "y": 0.2196785807609558,
          "z": 0.10336562246084213
        }
      },
      "world_space": {
        "head": {
          "x": 0.6886496543884277,
          "y": 0.27138471603393555,
          "z": 1.0713701248168945
        },
        "tail": {
          "x": 0.7084277272224426,
          "y": 0.28292256593704224,
          "z": 1.0532196760177612
        },
        "rotation_quaternion": {
          "w": 0.04904159530997276,
          "x": -0.4264058768749237,
          "y": -0.8336877226829529,
          "z": 0.3474733829498291
        },
        "matrix": [
          [
            -0.6315447688102722,
            0.6768974661827087,
            -0.3781015872955322,
            0.6886496543884277
          ],
          [
            0.7450613379478455,
            0.3948795795440674,
            -0.5375443696975708,
            0.27138471603393555
          ],
          [
            -0.21455860137939453,
            -0.6211962699890137,
            -0.7537199258804321,
            1.0713701248168945
          ],
          [
            0.0,
            0.0,
            0.0,
            1.0
          ]
        ]
      },
      "bone_length_armature_space": 0.029218769764351664,
      "parent": "index_02_l",
      "has_children": false,
      "is_end_bone": true
    },
    "metacarpal_pinky_l": {
      "name": "metacarpal_pinky_l",
      "local": {
        "location": {
          "x": 0.0,
          "y": 0.0,
          "z": 0.0
        },
        "rotation_quaternion": {
          "w": 0.9990451335906982,
          "x": -0.04008787125349045,
          "y": -0.017347142100334167,
          "z": -0.0009047874482348561
        },
        "scale": {
          "x": 1.0,
          "y": 1.0,
          "z": 1.0
        },
        "matrix_basis": [
          [
            0.9993965029716492,
            0.003198666963726282,
            -0.034588612616062164,
            0.0
          ],
          [
            -0.0004170269821770489,
            0.9967842698097229,
            0.08013057708740234,
            0.0
          ],
          [
            0.03473369777202606,
            -0.08006779104471207,
            0.9961840510368347,
            0.0
          ],
          [
            0.0,
            0.0,
            0.0,
            1.0
          ]
        ],
        "rotation_mode": "QUATERNION"
      },
      "armature_space": {
        "head": {
          "x": 0.5468515157699585,
          "y": 0.19043578207492828,
          "z": 0.20875100791454315
        },
        "tail": {
          "x": 0.6157285571098328,
          "y": 0.24535450339317322,
          "z": 0.15322503447532654
        }
      },
      "world_space": {
        "head": {
          "x": 0.5468515157699585,
          "y": 0.2536797821521759,
          "z": 1.1586049795150757
        },
        "tail": {
          "x": 0.6157285571098328,
          "y": 0.30859851837158203,
          "z": 1.103079080581665
        },
        "rotation_quaternion": {
          "w": 0.769419252872467,
          "x": -0.08917121589183807,
          "y": 0.4143618047237396,
          "z": -0.4778565764427185
        },
        "matrix": [
          [
            0.19991371035575867,
            0.6614478230476379,
            0.7228562831878662,
            0.5468515157699585
          ],
          [
            -0.809242844581604,
            0.5274015665054321,
            -0.2587929666042328,
            0.2536797821521759
          ],
          [
            -0.5524182319641113,
            -0.5332332253456116,
            0.6407108306884766,
            1.1586049795150757
          ],
          [
            0.0,
            0.0,
            0.0,
            1.0
          ]
        ]
      },
      "bone_length_armature_space": 0.10413091140269247,
      "parent": "lowerarm_l",
      "has_children": true,
      "is_end_bone": false
    },
    "pinky_01_l": {
      "name": "pinky_01_l",
      "local": {
        "location": {
          "x": 0.0,
          "y": 0.0,
          "z": 0.0
        },
        "rotation_quaternion": {
          "w": 0.9613999128341675,
          "x": 0.27465903759002686,
          "y": -0.009376311674714088,
          "z": 0.013596663251519203
        },
        "scale": {
          "x": 1.0,
          "y": 1.0,
          "z": 1.0
        },
        "matrix_basis": [
          [
            0.9994544386863708,
            -0.031294237822294235,
            -0.010559877380728722,
            0.0
          ],
          [
            0.020993083715438843,
            0.8487550616264343,
            -0.5283693075180054,
            0.0
          ],
          [
            0.025497663766145706,
            0.5278593897819519,
            0.8489490151405334,
            0.0
          ],
          [
            0.0,
            0.0,
            0.0,
            1.0
          ]
        ],
        "rotation_mode": "QUATERNION"
      },
      "armature_space": {
        "head": {
          "x": 0.6157285571098328,
          "y": 0.24535450339317322,
          "z": 0.15322503447532654
        },
        "tail": {
          "x": 0.621266782283783,
