{
  "metadata": {
    "armature_name": "KIM_caucasian_male",
    "export_time": "2026-01-13T21:04:12.942045",
    "blender_version": "4.4.1",
    "bone_count": 56,
    "end_bone_count": 13,
    "spaces_included": [
      "LOCAL_CHANNELS",
      "ARMATURE_SPACE",
      "WORLD_SPACE"
    ],
    "note": "LOCAL matches Transform panel; replay pose via local.matrix_basis for best fidelity."
  },
  "bones": {
    "Root": {
      "name": "Root",
      "local": {
        "location": {
          "x": 0.0,
          "y": 0.0,
          "z": 0.0
        },
        "rotation_quaternion": {
          "w": 0.9998528957366943,
          "x": -0.006783009506762028,
          "y": -0.015647372230887413,
          "z": -0.0018770823953673244
        },
        "scale": {
          "x": 1.0,
          "y": 1.0,
          "z": 1.0
        },
        "matrix_basis": [
          [
            0.9995032548904419,
            0.003965884912759066,
            -0.03126467764377594,
            0.0
          ],
          [
            -0.003541339887306094,
            0.9999009370803833,
            0.013622766360640526,
            0.0
          ],
          [
            0.03131560608744621,
            -0.013505280949175358,
            0.999418318271637,
            0.0
          ],
          [
            0.0,
            0.0,
            0.0,
            1.0
          ]
        ],
        "rotation_mode": "QUATERNION"
      },
      "armature_space": {
        "head": {
          "x": 0.0,
          "y": 0.07072800397872925,
          "z": -0.009595036506652832
        },
        "tail": {
          "x": 0.0002830684825312346,
          "y": 0.00013659149408340454,
          "z": 0.0009542573243379593
        }
      },
      "world_space": {
        "head": {
          "x": 0.0,
          "y": 0.13397200405597687,
          "z": 0.9402589797973633
        },
        "tail": {
          "x": 0.0002830684825312346,
          "y": 0.06338059157133102,
          "z": 0.9508082866668701
        },
        "rotation_quaternion": {
          "w": 0.07412533462047577,
          "x": 0.997124433517456,
          "y": 0.0008186874911189079,
          "z": -0.01573828235268593
        },
        "matrix": [
          [
            0.9995032548904419,
            0.003965884912759066,
            -0.03126467764377594,
            0.0
          ],
          [
            -0.0007005517836660147,
            -0.9890094995498657,
            -0.14785060286521912,
            0.13397200405597687
          ],
          [
            -0.031507641077041626,
            0.14779916405677795,
            -0.9885225296020508,
            0.9402589797973633
          ],
          [
            0.0,
            0.0,
            0.0,
            1.0
          ]
        ]
      },
      "bone_length_armature_space": 0.07137587359883751,
      "parent": null,
      "has_children": true,
      "is_end_bone": false
    },
    "spine_01": {
      "name": "spine_01",
      "local": {
        "location": {
          "x": 0.0,
          "y": 0.0,
          "z": 0.0
        },
        "rotation_quaternion": {
          "w": 0.9954454898834229,
          "x": 0.08238784968852997,
          "y": -0.029739191755652428,
          "z": -0.037633541971445084
        },
        "scale": {
          "x": 1.0,
          "y": 1.0,
          "z": 1.0
        },
        "matrix_basis": [
          [
            0.9953985810279846,
            0.07002398371696472,
            -0.06540858000516891,
            0.0
          ],
          [
            -0.07982457429170609,
            0.9835919141769409,
            -0.16178683936595917,
            0.0
          ],
          [
            0.05300639569759369,
            0.166263610124588,
            0.9846556186676025,
            0.0
          ],
          [
            0.0,
            0.0,
            0.0,
            1.0
          ]
        ],
        "rotation_mode": "QUATERNION"
      },
      "armature_space": {
        "head": {
          "x": 0.0002830684825312346,
          "y": 0.00013659149408340454,
          "z": 0.0009542573243379593
        },
        "tail": {
          "x": 0.04965140298008919,
          "y": -0.05194484815001488,
          "z": 0.483653724193573
        }
      },
      "world_space": {
        "head": {
          "x": 0.0002830684825312346,
          "y": 0.06338059157133102,
          "z": 0.9508082866668701
        },
        "tail": {
          "x": 0.04965140298008919,
          "y": 0.011299151927232742,
          "z": 1.4335076808929443
        },
        "rotation_quaternion": {
          "w": 0.668154239654541,
          "x": 0.7414828538894653,
          "y": 0.014411957934498787,
          "z": -0.05971068516373634
        },
        "matrix": [
          [
            0.9924538135528564,
            0.10116436332464218,
            -0.06928936392068863,
            0.0002830684825312346
          ],
          [
            -0.058418791741132736,
            -0.10672399401664734,
            -0.9925711154937744,
            0.06338059157133102
          ],
          [
            -0.10780847072601318,
            0.9891357421875,
            -0.10001037269830704,
            0.9508082866668701
          ],
          [
            0.0,
            0.0,
            0.0,
            1.0
          ]
        ]
      },
      "bone_length_armature_space": 0.48800457697606225,
      "parent": "Root",
      "has_children": true,
      "is_end_bone": false
    },
    "neck_01": {
      "name": "neck_01",
      "local": {
        "location": {
          "x": 0.0,
          "y": 0.0,
          "z": 0.0
        },
        "rotation_quaternion": {
          "w": 0.9953935146331787,
          "x": 0.024911127984523773,
          "y": -0.08345919847488403,
          "z": -0.04007425159215927
        },
        "scale": {
          "x": 1.0,
          "y": 1.0,
          "z": 1.0
        },
        "matrix_basis": [
          [
            0.9828572273254395,
            0.07562117278575897,
            -0.1681460738182068,
            0.0
          ],
          [
            -0.08393742889165878,
            0.9955469965934753,
            -0.04290362074971199,
            0.0
          ],
          [
            0.16415290534496307,
            0.05628187954425812,
            0.984827995300293,
            0.0
          ],
          [
            0.0,
            0.0,
            0.0,
            1.0
          ]
        ],
        "rotation_mode": "QUATERNION"
      },
      "armature_space": {
        "head": {
          "x": 0.054655514657497406,
          "y": -0.09418182075023651,
          "z": 0.5526083111763
        },
        "tail": {
          "x": 0.06861136853694916,
          "y": -0.14827245473861694,
          "z": 0.6385743618011475
        }
      },
      "world_space": {
        "head": {
          "x": 0.054655514657497406,
          "y": -0.03093782067298889,
          "z": 1.502462387084961
        },
        "tail": {
          "x": 0.06861136853694916,
          "y": -0.08502845466136932,
          "z": 1.5884283781051636
        },
        "rotation_quaternion": {
          "w": 0.48593929409980774,
          "x": 0.8602993488311768,
          "y": -0.007817958481609821,
          "z": -0.1539059728384018
        },
        "matrix": [
          [
            0.9525038003921509,
            0.136126309633255,
            -0.2724077105522156,
            0.054655514657497406
          ],
          [
            -0.16302891075611115,
            -0.5276036858558655,
            -0.8337003588676453,
            -0.03093782067298889
          ],
          [
            -0.257213830947876,
            0.8385183811187744,
            -0.48035624623298645,
            1.502462387084961
          ],
          [
            0.0,
            0.0,
            0.0,
            1.0
          ]
        ]
      },
      "bone_length_armature_space": 0.10252182452310803,
      "parent": "spine_01",
      "has_children": true,
      "is_end_bone": false
    },
    "head": {
      "name": "head",
      "local": {
        "location": {
          "x": 0.0,
          "y": 0.0,
          "z": 0.0
        },
        "rotation_quaternion": {
          "w": 0.9770207405090332,
          "x": -0.08608470857143402,
          "y": 0.15901701152324677,
          "z": 0.1128431111574173
        },
        "scale": {
          "x": 1.0,
          "y": 1.0,
          "z": 1.0
        },
        "matrix_basis": [
          [
            0.9239600300788879,
            -0.24787798523902893,
            0.29129770398139954,
            0.0
          ],
          [
            0.1931222528219223,
            0.9597117304801941,
            0.20410104095935822,
            0.0
          ],
          [
            -0.3301539719104767,
            -0.13232514262199402,
            0.9346060156822205,
            0.0
          ],
          [
            0.0,
            0.0,
            0.0,
            1.0
          ]
        ],
        "rotation_mode": "QUATERNION"
      },
      "armature_space": {
        "head": {
          "x": 0.06861131638288498,
          "y": -0.1482725441455841,
          "z": 0.6385742425918579
        },
        "tail": {
          "x": 0.06973259150981903,
          "y": -0.15037696063518524,
          "z": 0.7936472296714783
        }
      },
      "world_space": {
        "head": {
          "x": 0.06861131638288498,
          "y": -0.08502854406833649,
          "z": 1.588428258895874
        },
        "tail": {
          "x": 0.06973259150981903,
          "y": -0.08713296055793762,
          "z": 1.7435011863708496
        },
        "rotation_quaternion": {
          "w": 0.7006498575210571,
          "x": 0.7105560898780823,
          "y": 0.04801011458039284,
          "z": 0.04352956637740135
        },
        "matrix": [
          [
            0.9916003346443176,
            0.007229819893836975,
            0.12913693487644196,
            0.06861131638288498
          ],
          [
            0.1292257308959961,
            -0.013568997383117676,
            -0.9915225505828857,
            -0.08502854406833649
          ],
          [
            -0.005416110157966614,
            0.9998890161514282,
            -0.014390408992767334,
            1.588428258895874
          ],
          [
            0.0,
            0.0,
            0.0,
            1.0
          ]
        ]
      },
      "bone_length_armature_space": 0.1550913201866434,
      "parent": "neck_01",
      "has_children": false,
      "is_end_bone": true
    },
    "upperarm_l": {
      "name": "upperarm_l",
      "local": {
        "location": {
          "x": 0.0,
          "y": 0.0,
          "z": 0.0
        },
        "rotation_quaternion": {
          "w": 0.8906282186508179,
          "x": 0.316318154335022,
          "y": 0.04548804461956024,
          "z": 0.3235044479370117
        },
        "scale": {
          "x": 1.0,
          "y": 1.0,
          "z": 1.0
        },
        "matrix_basis": [
          [
            0.7865514159202576,
            -0.5474669933319092,
            0.28568652272224426,
            0.0
          ],
          [
            0.6050217747688293,
            0.5905753970146179,
            -0.5340125560760498,
            0.0
          ],
          [
            0.12363478541374207,
            0.5928749442100525,
            0.7957473397254944,
            0.0
          ],
          [
            0.0,
            0.0,
            0.0,
            1.0
          ]
        ],
        "rotation_mode": "QUATERNION"
      },
      "armature_space": {
        "head": {
          "x": 0.19650360941886902,
          "y": -0.09893739223480225,
          "z": 0.46964049339294434
        },
        "tail": {
          "x": 0.36609750986099243,
          "y": -0.2784453332424164,
          "z": 0.5736719965934753
        }
      },
      "world_space": {
        "head": {
          "x": 0.19650360941886902,
          "y": -0.035693392157554626,
          "z": 1.4194945096969604
        },
        "tail": {
          "x": 0.36609750986099243,
          "y": -0.21520133316516876,
          "z": 1.5235259532928467
        },
        "rotation_quaternion": {
          "w": 0.35836392641067505,
          "x": 0.7883812189102173,
          "y": 0.1914013922214508,
          "z": -0.4619479179382324
        },
        "matrix": [
          [
            0.4999396800994873,
            0.6328852772712708,
            -0.5911992788314819,
            0.19650360941886902
          ],
          [
            -0.02929556369781494,
            -0.6698821783065796,
            -0.7418895363807678,
            -0.035693392157554626
          ],
          [
            -0.8655708432197571,
            0.3882215917110443,
            -0.31636273860931396,
            1.4194945096969604
          ],
          [
            0.0,
            0.0,
            0.0,
            1.0
          ]
        ]
      },
      "bone_length_armature_space": 0.26796967510419595,
      "parent": "spine_01",
      "has_children": true,
      "is_end_bone": false
    },
    "lowerarm_l": {
      "name": "lowerarm_l",
      "local": {
        "location": {
          "x": 0.0,
          "y": 0.0,
          "z": 0.0
        },
        "rotation_quaternion": {
          "w": 0.943056583404541,
          "x": 0.3298628628253937,
          "y": 0.04223158210515976,
          "z": 0.007164740934967995
        },
        "scale": {
          "x": 1.0,
          "y": 1.0,
          "z": 1.0
        },
        "matrix_basis": [
          [
            0.9963303208351135,
            0.014347748830914497,
            0.08438030630350113,
            0.0
          ],
          [
            0.041374772787094116,
            0.782278299331665,
            -0.6215535402297974,
            0.0
          ],
          [
            -0.07492677867412567,
            0.6227638721466064,
            0.7788139581680298,
            0.0
          ],
          [
            0.0,
            0.0,
            0.0,
            1.0
          ]
        ],
        "rotation_mode": "QUATERNION"
      },
      "armature_space": {
        "head": {
          "x": 0.36609748005867004,
          "y": -0.27844542264938354,
          "z": 0.5736721158027649
        },
        "tail": {
          "x": 0.35602521896362305,
          "y": -0.5424357652664185,
          "z": 0.6158267855644226
        }
      },
      "world_space": {
        "head": {
          "x": 0.36609748005867004,
          "y": -0.21520142257213593,
          "z": 1.5235261917114258
        },
        "tail": {
          "x": 0.35602521896362305,
          "y": -0.47919178009033203,
          "z": 1.565680742263794
        },
        "rotation_quaternion": {
          "w": 0.05967918410897255,
          "x": 0.8690691590309143,
          "y": -0.05516964569687843,
          "z": -0.4879688024520874
        },
        "matrix": [
          [
            0.5176857113838196,
            -0.03764981031417847,
            -0.8547420501708984,
            0.36609748005867004
          ],
          [
            -0.15413594245910645,
            -0.9867895841598511,
            -0.04988834261894226,
            -0.21520142257213593
          ],
          [
            -0.8415782451629639,
            0.1575731337070465,
            -0.5166535377502441,
            1.5235261917114258
          ],
          [
            0.0,
            0.0,
            0.0,
            1.0
          ]
        ]
      },
      "bone_length_armature_space": 0.26752451236172364,
      "parent": "upperarm_l",
      "has_children": true,
      "is_end_bone": false
    },
    "metacarpal_thumb_l": {
      "name": "metacarpal_thumb_l",
      "local": {
        "location": {
          "x": 0.0,
          "y": 0.0,
          "z": 0.0
        },
        "rotation_quaternion": {
          "w": 0.9998503923416138,
          "x": 0.0032666330225765705,
          "y": -0.012408710084855556,
          "z": 0.011600441299378872
        },
        "scale": {
          "x": 1.0,
          "y": 1.0,
          "z": 1.0
        },
        "matrix_basis": [
          [
            0.9994229078292847,
            -0.023278480395674706,
            -0.024737918749451637,
            0.0
          ],
          [
            0.0231163427233696,
            0.9997095465660095,
            -0.006820181850343943,
            0.0
          ],
          [
            0.024889495223760605,
            0.0062443953938782215,
            0.999670684337616,
            0.0
          ],
          [
            0.0,
            0.0,
            0.0,
            1.0
          ]
        ],
        "rotation_mode": "QUATERNION"
      },
      "armature_space": {
        "head": {
          "x": 0.35602521896362305,
          "y": -0.5424357652664185,
          "z": 0.6158267855644226
        },
        "tail": {
          "x": 0.33370766043663025,
          "y": -0.5831437706947327,
          "z": 0.5985532999038696
        }
      },
      "world_space": {
        "head": {
          "x": 0.35602521896362305,
          "y": -0.47919178009033203,
          "z": 1.565680742263794
        },
        "tail": {
          "x": 0.33370766043663025,
          "y": -0.5198997855186462,
          "z": 1.5484073162078857
        },
        "rotation_quaternion": {
          "w": 0.11038757860660553,
          "x": -0.9172906875610352,
          "y": 0.27731189131736755,
          "z": -0.26361075043678284
        },
        "matrix": [
          [
            0.7072144150733948,
            -0.4505532383918762,
            0.5448388457298279,
            0.35602521896362305
          ],
          [
            -0.5669501423835754,
            -0.8218255043029785,
            0.05630870908498764,
            -0.47919178009033203
          ],
          [
            0.4223948121070862,
            -0.3487218916416168,
            -0.8366538882255554,
            1.565680742263794
          ],
          [
            0.0,
            0.0,
            0.0,
            1.0
          ]
        ]
      },
      "bone_length_armature_space": 0.04953371017843392,
      "parent": "lowerarm_l",
      "has_children": true,
      "is_end_bone": false
    },
    "thumb_01_l": {
      "name": "thumb_01_l",
      "local": {
        "location": {
          "x": 0.0,
          "y": 0.0,
          "z": 0.0
        },
        "rotation_quaternion": {
          "w": 0.9616784453392029,
          "x": 0.2740568518638611,
          "y": 0.005406917538493872,
          "z": 0.006192297209054232
        },
        "scale": {
          "x": 1.0,
          "y": 1.0,
          "z": 1.0
        },
        "matrix_basis": [
          [
            0.9998648166656494,
            -0.008946391753852367,
            0.013793515041470528,
            0.0
          ],
          [
            0.014873603358864784,
            0.8497089743614197,
            -0.5270421504974365,
            0.0
          ],
          [
            -0.007005349267274141,
            0.5271760821342468,
            0.849727213382721,
            0.0
          ],
          [
            0.0,
            0.0,
            0.0,
            1.0
          ]
        ],
        "rotation_mode": "QUATERNION"
      },
      "armature_space": {
        "head": {
          "x": 0.33370766043663025,
          "y": -0.5831437706947327,
          "z": 0.5985532999038696
        },
        "tail": {
          "x": 0.3473031520843506,
          "y": -0.6066876649856567,
          "z": 0.5780721306800842
        }
      },
      "world_space": {
        "head": {
          "x": 0.33370766043663025,
          "y": -0.5198997855186462,
          "z": 1.5484073162078857
        },
        "tail": {
          "x": 0.3473031520843506,
          "y": -0.5434436798095703,
          "z": 1.5279262065887451
        },
        "rotation_quaternion": {
          "w": 0.29596710205078125,
          "x": -0.24337388575077057,
          "y": 0.2579960227012634,
          "z": -0.8869108557701111
        },
        "matrix": [
          [
            -0.706344485282898,
            0.399414598941803,
            0.5844186544418335,
            0.33370766043663025
          ],
          [
            -0.6505722999572754,
            -0.6916834115982056,
            -0.31357625126838684,
            -0.5198997855186462
          ],
          [
            0.2789871096611023,
            -0.6017043590545654,
            0.7484198808670044,
            1.5484073162078857
          ],
          [
            0.0,
            0.0,
            0.0,
            1.0
          ]
        ]
      },
      "bone_length_armature_space": 0.03403866340456269,
      "parent": "metacarpal_thumb_l",
      "has_children": true,
      "is_end_bone": false
    },
    "thumb_02_l": {
      "name": "thumb_02_l",
      "local": {
        "location": {
          "x": 0.0,
          "y": 0.0,
          "z": 0.0
        },
        "rotation_quaternion": {
          "w": 0.8999865055084229,
          "x": 0.43588846921920776,
          "y": -0.004993285983800888,
          "z": -0.0008908977033570409
        },
        "scale": {
          "x": 1.0,
          "y": 1.0,
          "z": 1.0
        },
        "matrix_basis": [
          [
            0.9999485611915588,
            -0.0027494397945702076,
            -0.009764444082975388,
            0.0
          ],
          [
            -0.005956623237580061,
            0.6200008988380432,
            -0.7845785617828369,
            0.0
          ],
          [
            0.008211116306483746,
            0.7845963835716248,
            0.6199526190757751,
            0.0
          ],
          [
            0.0,
            0.0,
            0.0,
            1.0
          ]
        ],
        "rotation_mode": "QUATERNION"
      },
      "armature_space": {
        "head": {
          "x": 0.3473031520843506,
          "y": -0.6066876649856567,
          "z": 0.5780720710754395
        },
        "tail": {
          "x": 0.3406974673271179,
          "y": -0.6208553314208984,
          "z": 0.6150699257850647
        }
      },
      "world_space": {
        "head": {
          "x": 0.3473031520843506,
          "y": -0.5434436798095703,
          "z": 1.5279260873794556
        },
        "tail": {
          "x": 0.3406974673271179,
          "y": -0.557611346244812,
          "z": 1.5649240016937256
        },
        "rotation_quaternion": {
          "w": 0.005518333520740271,
          "x": 0.1523982584476471,
          "y": -0.5688573718070984,
          "z": -0.8081742525100708
        },
        "matrix": [
          [
            -0.953488826751709,
            -0.16446611285209656,
            -0.2526058852672577,
            0.3473031520843506
          ],
          [
            -0.18230432271957397,
            -0.35274171829223633,
            0.9177901744842529,
            -0.5434436798095703
          ],
          [
            -0.2400519698858261,
            0.9211600422859192,
            0.30635538697242737,
            1.5279260873794556
          ],
          [
            0.0,
            0.0,
            0.0,
            1.0
          ]
        ]
      },
      "bone_length_armature_space": 0.0401646501024894,
      "parent": "thumb_01_l",
      "has_children": true,
      "is_end_bone": false
    },
    "thumb_03_l": {
      "name": "thumb_03_l",
      "local": {
        "location": {
          "x": 0.0,
          "y": 0.0,
          "z": 0.0
        },
        "rotation_quaternion": {
          "w": 0.9882867336273193,
          "x": 0.15260367095470428,
          "y": 0.001205506850965321,
          "z": -0.00017877883510664105
        },
        "scale": {
          "x": 1.0,
          "y": 1.0,
          "z": 1.0
        },
        "matrix_basis": [
          [
            0.9999970197677612,
            0.0007212990312837064,
            0.0023282081820070744,
            0.0
          ],
          [
            1.456003974453779e-05,
            0.9534241557121277,
            -0.3016327917575836,
            0.0
          ],
          [
            -0.0024373375345021486,
            0.3016319274902344,
            0.9534213542938232,
            0.0
          ],
          [
            0.0,
            0.0,
            0.0,
            1.0
          ]
        ],
        "rotation_mode": "QUATERNION"
      },
      "armature_space": {
        "head": {
          "x": 0.3406974673271179,
          "y": -0.6208553910255432,
          "z": 0.6150698661804199
        },
        "tail": {
          "x": 0.33343997597694397,
          "y": -0.6149414777755737,
          "z": 0.6440398097038269
        }
      },
      "world_space": {
        "head": {
          "x": 0.3406974673271179,
          "y": -0.5576114058494568,
          "z": 1.564923882484436
        },
        "tail": {
          "x": 0.33343997597694397,
          "y": -0.5516974925994873,
          "z": 1.5938937664031982
        },
        "rotation_quaternion": {
          "w": 0.1407516896724701,
          "x": 0.2638116478919983,
          "y": -0.7598116397857666,
          "z": -0.5773029327392578
        },
        "matrix": [
          [
            -0.8211838603019714,
            -0.23838172852993011,
            -0.5184891819953918,
            0.3406974673271179
          ],
          [
            -0.5634083151817322,
            0.19424943625926971,
            0.8030185699462891,
            -0.5576114058494568
          ],
          [
            -0.09070991724729538,
            0.9515537619590759,
            -0.29382213950157166,
            1.564923882484436
          ],
          [
            0.0,
            0.0,
            0.0,
            1.0
          ]
        ]
      },
      "bone_length_armature_space": 0.03044508441828633,
      "parent": "thumb_02_l",
      "has_children": false,
      "is_end_bone": true
    },
    "metacarpal_index_l": {
      "name": "metacarpal_index_l",
      "local": {
        "location": {
          "x": 0.0,
          "y": 0.0,
          "z": 0.0
        },
        "rotation_quaternion": {
          "w": 0.9996427297592163,
          "x": -0.02569376677274704,
          "y": -0.0064718034118413925,
          "z": 0.003522254293784499
        },
        "scale": {
          "x": 1.0,
          "y": 1.0,
          "z": 1.0
        },
        "matrix_basis": [
          [
            0.9998914003372192,
            -0.00670942198485136,
            -0.013119982555508614,
            0.0
          ],
          [
            0.007374561857432127,
            0.998654842376709,
            0.05132358521223068,
            0.0
          ],
          [
            0.01275798212736845,
            -0.051414765417575836,
            0.9985958933830261,
            0.0
          ],
          [
            0.0,
            0.0,
            0.0,
            1.0
          ]
        ],
        "rotation_mode": "QUATERNION"
      },
      "armature_space": {
        "head": {
          "x": 0.35602521896362305,
          "y": -0.5424357652664185,
          "z": 0.6158267855644226
        },
        "tail": {
          "x": 0.3238450586795807,
          "y": -0.6551017761230469,
          "z": 0.6159902811050415
        }
      },
      "world_space": {
        "head": {
          "x": 0.35602521896362305,
          "y": -0.47919178009033203,
          "z": 1.565680742263794
        },
        "tail": {
          "x": 0.3238450586795807,
          "y": -0.5918577909469604,
          "z": 1.5658442974090576
        },
        "rotation_quaternion": {
          "w": 0.0038975593633949757,
          "x": -0.9897943139076233,
          "y": 0.13860701024532318,
          "z": 0.03286859020590782
        },
        "matrix": [
          [
            0.9594155550003052,
            -0.2746410667896271,
            -0.06398563832044601,
            0.35602521896362305
          ],
          [
            -0.27412858605384827,
            -0.9615460634231567,
            0.016826797276735306,
            -0.47919178009033203
          ],
          [
            -0.06614735722541809,
            0.0013955533504486084,
            -0.9978160858154297,
            1.565680742263794
          ],
          [
            0.0,
            0.0,
            0.0,
            1.0
          ]
        ]
      },
      "bone_length_armature_space": 0.11717175021021038,
      "parent": "lowerarm_l",
      "has_children": true,
      "is_end_bone": false
    },
    "index_01_l": {
      "name": "index_01_l",
      "local": {
        "location": {
          "x": 0.0,
          "y": 0.0,
          "z": 0.0
        },
        "rotation_quaternion": {
          "w": 0.9275270700454712,
          "x": 0.37356624007225037,
          "y": 0.0019774704705923796,
          "z": -0.011745993047952652
        },
        "scale": {
          "x": 1.0,
          "y": 1.0,
          "z": 1.0
        },
        "matrix_basis": [
          [
            0.9997162222862244,
            0.023266885429620743,
            -0.00510749826207757,
            0.0
          ],
          [
            -0.020312020555138588,
            0.7206205725669861,
            -0.6930320262908936,
            0.0
          ],
          [
            -0.012444127351045609,
            0.6929391622543335,
            0.7208887338638306,
            0.0
          ],
          [
            0.0,
            0.0,
            0.0,
            1.0
          ]
        ],
        "rotation_mode": "QUATERNION"
      },
      "armature_space": {
        "head": {
          "x": 0.3238450586795807,
          "y": -0.6551017761230469,
          "z": 0.6159902811050415
        },
        "tail": {
          "x": 0.3253731429576874,
          "y": -0.6776748299598694,
          "z": 0.5986352562904358
        }
      },
      "world_space": {
        "head": {
          "x": 0.3238450586795807,
          "y": -0.5918577909469604,
          "z": 1.5658442974090576
        },
        "tail": {
          "x": 0.3253731429576874,
          "y": -0.614430844783783,
          "z": 1.5484893321990967
        },
        "rotation_quaternion": {
          "w": 0.32022663950920105,
          "x": -0.9458000063896179,
          "y": -0.04044903814792633,
          "z": 0.035793039947748184
        },
        "matrix": [
          [
            0.9941654801368713,
            0.053589656949043274,
            -0.09361182153224945,
            0.3238450586795807
          ],
          [
            0.09943731874227524,
            -0.7916380167007446,
            0.6028448343276978,
            -0.5918577909469604
          ],
          [
            -0.04180079698562622,
            -0.6086410880088806,
            -0.7923529744148254,
            1.5658442974090576
          ],
          [
            0.0,
            0.0,
            0.0,
            1.0
          ]
        ]
      },
      "bone_length_armature_space": 0.028514464468879286,
      "parent": "metacarpal_index_l",
      "has_children": true,
      "is_end_bone": false
    },
    "index_02_l": {
      "name": "index_02_l",
      "local": {
        "location": {
          "x": 0.0,
          "y": 0.0,
          "z": 0.0
        },
        "rotation_quaternion": {
          "w": 0.9001569747924805,
          "x": 0.43550416827201843,
          "y": 0.007150185294449329,
          "z": -0.0015851028729230165
        },
        "scale": {
          "x": 1.0,
          "y": 1.0,
          "z": 1.0
        },
        "matrix_basis": [
          [
            0.9998927116394043,
            0.009081553667783737,
            0.01149194035679102,
            0.0
          ],
          [
            0.003374188207089901,
            0.6206672191619873,
            -0.784066915512085,
            0.0
          ],
          [
            -0.014253215864300728,
            0.7840215563774109,
            0.6205700039863586,
            0.0
          ],
          [
            0.0,
            0.0,
            0.0,
            1.0
          ]
        ],
        "rotation_mode": "QUATERNION"
      },
      "armature_space": {
        "head": {
          "x": 0.3253728747367859,
          "y": -0.6776750087738037,
          "z": 0.5986347794532776
        },
        "tail": {
          "x": 0.3238629996776581,
          "y": -0.6791307926177979,
          "z": 0.5730671882629395
        }
      },
      "world_space": {
        "head": {
          "x": 0.3253728747367859,
          "y": -0.6144310235977173,
          "z": 1.5484888553619385
        },
        "tail": {
          "x": 0.3238629996776581,
          "y": -0.6158868074417114,
          "z": 1.5229212045669556
        },
        "rotation_quaternion": {
          "w": 0.6860121488571167,
          "x": -0.7228634357452393,
          "y": -0.03182980790734291,
          "z": 0.07643754035234451
        },
        "matrix": [
          [
            0.9862884283065796,
            -0.058856964111328125,
            -0.15417852997779846,
            0.3253728747367859
          ],
          [
            0.15089094638824463,
            -0.05674886703491211,
            0.9869204759597778,
            -0.6144310235977173
          ],
          [
            -0.06683709472417831,
            -0.9966593980789185,
            -0.047089189291000366,
            1.5484888553619385
          ],
          [
            0.0,
            0.0,
            0.0,
            1.0
          ]
        ]
      },
      "bone_length_armature_space": 0.02565347436819331,
      "parent": "index_01_l",
      "has_children": true,
      "is_end_bone": false
    },
    "index_03_l": {
      "name": "index_03_l",
      "local": {
        "location": {
          "x": 0.0,
          "y": 0.0,
          "z": 0.0
        },
        "rotation_quaternion": {
          "w": 0.9150679111480713,
          "x": 0.4032956659793854,
          "y": -0.0016454713186249137,
          "z": 0.0008544042939320207
        },
        "scale": {
          "x": 1.0,
          "y": 1.0,
          "z": 1.0
        },
        "matrix_basis": [
          [
            0.9999931454658508,
            -0.00289089884608984,
            -0.002322281012311578,
            0.0
          ],
          [
            0.0002364530082559213,
            0.6747037768363953,
            -0.7380886673927307,
            0.0
          ],
          [
            0.0037005911581218243,
            0.738083004951477,
            0.6746997833251953,
            0.0
          ],
          [
            0.0,
            0.0,
            0.0,
            1.0
          ]
        ],
        "rotation_mode": "QUATERNION"
      },
      "armature_space": {
        "head": {
          "x": 0.3238629996776581,
          "y": -0.6791309118270874,
          "z": 0.5730672478675842
        },
        "tail": {
          "x": 0.3223683834075928,
          "y": -0.6567898988723755,
          "z": 0.5542953610420227
        }
      },
      "world_space": {
        "head": {
          "x": 0.3238629996776581,
          "y": -0.615886926651001,
          "z": 1.5229213237762451
        },
        "tail": {
          "x": 0.3223683834075928,
          "y": -0.5935459136962891,
          "z": 1.5041494369506836
        },
        "rotation_quaternion": {
          "w": 0.9389979839324951,
          "x": -0.3411646783351898,
          "y": -0.02427526004612446,
          "z": 0.0360579639673233
        },
        "matrix": [
          [
            0.9962210655212402,
            -0.05115292966365814,
            -0.07019241154193878,
            0.3238629996776581
          ],
          [
            0.08428063243627548,
            0.7646129131317139,
            0.6389557123184204,
            -0.615886926651001
          ],
          [
            0.02098560892045498,
            -0.6424609422683716,
            0.7660406827926636,
            1.5229213237762451
          ],
          [
            0.0,
            0.0,
            0.0,
            1.0
          ]
        ]
      },
      "bone_length_armature_space": 0.02921880335822302,
      "parent": "index_02_l",
      "has_children": false,
      "is_end_bone": true
    },
    "metacarpal_pinky_l": {
      "name": "metacarpal_pinky_l",
      "local": {
        "location": {
          "x": 0.0,
          "y": 0.0,
          "z": 0.0
        },
        "rotation_quaternion": {
          "w": 0.9991060495376587,
          "x": -0.03895536810159683,
          "y": 0.015866482630372047,
          "z": -0.004242416936904192
        },
        "scale": {
          "x": 1.0,
          "y": 1.0,
          "z": 1.0
        },
        "matrix_basis": [
          [
            0.9994605183601379,
            0.007241079583764076,
            0.03203512728214264,
            0.0
          ],
          [
            -0.00971341785043478,
            0.9969289898872375,
            0.0777064636349678,
            0.0
          ],
          [
            -0.031374067068099976,
            -0.07797571271657944,
            0.9964614510536194,
            0.0
          ],
          [
            0.0,
            0.0,
            0.0,
            1.0
          ]
        ],
        "rotation_mode": "QUATERNION"
      },
      "armature_space": {
        "head": {
          "x": 0.35602521896362305,
          "y": -0.5424357652664185,
          "z": 0.6158267855644226
        },
        "tail": {
          "x": 0.3848787844181061,
          "y": -0.6392410397529602,
          "z": 0.6411138772964478
        }
      },
      "world_space": {
        "head": {
          "x": 0.35602521896362305,
          "y": -0.47919178009033203,
          "z": 1.565680742263794
        },
        "tail": {
          "x": 0.3848787844181061,
          "y": -0.5759970545768738,
          "z": 1.5909678936004639
        },
        "rotation_quaternion": {
          "w": 0.17836907505989075,
          "x": 0.38743698596954346,
          "y": -0.05795668065547943,
          "z": -0.9026174545288086
        },
        "matrix": [
          [
            -0.6361541152000427,
            0.2770897150039673,
            -0.7200897932052612,
            0.35602521896362305
          ],
          [
            -0.3669077455997467,
            -0.9296509623527527,
            -0.03358886390924454,
            -0.47919178009033203
          ],
          [
            -0.6787442564964294,
            0.24283963441848755,
            0.6930723190307617,
            1.565680742263794
          ],
          [
            0.0,
            0.0,
            0.0,
            1.0
          ]
        ]
      },
      "bone_length_armature_space": 0.10413081358019857,
      "parent": "lowerarm_l",
      "has_children": true,
      "is_end_bone": false
    },
    "pinky_01_l": {
      "name": "pinky_01_l",
      "local": {
        "location": {
          "x": 0.0,
          "y": 0.0,
          "z": 0.0
        },
        "rotation_quaternion": {
          "w": 0.9368568062782288,
          "x": 0.3493679463863373,
          "y": -0.012258660048246384,
          "z": 0.009551743976771832
        },
        "scale": {
          "x": 1.0,
          "y": 1.0,
          "z": 1.0
        },
        "matrix_basis": [
          [
            0.9995169639587402,
            -0.026462798938155174,
            -0.016295071691274643,
            0.0
          ],
          [
            0.009331666864454746,
            0.7557016015052795,
            -0.654849648475647,
            0.0
          ],
          [
            0.029643364250659943,
            0.654381275177002,
            0.7555835247039795,
            0.0
          ],
          [
            0.0,
            0.0,
            0.0,
            1.0
          ]
        ],
        "rotation_mode": "QUATERNION"
      },
      "armature_space": {
        "head": {
          "x": 0.3848787844181061,
          "y": -0.6392410397529602,
          "z": 0.6411138772964478
        },
