{
  "metadata": {
    "armature_name": "KIM_caucasian_male",
    "export_time": "2026-01-13T20:24:38.732072",
    "blender_version": "4.4.1",
    "bone_count": 56,
    "end_bone_count": 13,
    "spaces_included": [
      "LOCAL_CHANNELS",
      "ARMATURE_SPACE",
      "WORLD_SPACE"
    ],
    "note": "LOCAL matches Transform panel; replay pose via local.matrix_basis for best fidelity."
  },
  "bones": {
    "Root": {
      "name": "Root",
      "local": {
        "location": {
          "x": 0.0,
          "y": 0.0,
          "z": 0.0
        },
        "rotation_quaternion": {
          "w": 0.9996844530105591,
          "x": 0.01618173159658909,
          "y": -0.01819012686610222,
          "z": 0.0061966655775904655
        },
        "scale": {
          "x": 1.0,
          "y": 1.0,
          "z": 1.0
        },
        "matrix_basis": [
          [
            0.9992614388465881,
            -0.012978116050362587,
            -0.03616822883486748,
            0.0
          ],
          [
            0.011800725013017654,
            0.9993994832038879,
            -0.032578688114881516,
            0.0
          ],
          [
            0.036569319665431976,
            0.03212781623005867,
            0.9988145232200623,
            0.0
          ],
          [
            0.0,
            0.0,
            0.0,
            1.0
          ]
        ],
        "rotation_mode": "QUATERNION"
      },
      "armature_space": {
        "head": {
          "x": 0.0,
          "y": 0.07072800397872925,
          "z": -0.009595036506652832
        },
        "tail": {
          "x": -0.0009263243409805,
          "y": -0.00026579201221466064,
          "z": -0.0022781151346862316
        }
      },
      "world_space": {
        "head": {
          "x": 0.0,
          "y": 0.13397200405597687,
          "z": 0.9402589797973633
        },
        "tail": {
          "x": -0.0009263243409805,
          "y": 0.06297820806503296,
          "z": 0.9475759267807007
        },
        "rotation_quaternion": {
          "w": 0.05120142176747322,
          "x": 0.9985034465789795,
          "y": -0.007408019155263901,
          "z": -0.017731351777911186
        },
        "matrix": [
          [
            0.9992614388465881,
            -0.012978116050362587,
            -0.03616822883486748,
            0.0
          ],
          [
            -0.016609614714980125,
            -0.9946470260620117,
            -0.10198734700679779,
            0.13397200405597687
          ],
          [
            -0.03465127572417259,
            0.10251253843307495,
            -0.9941350221633911,
            0.9402589797973633
          ],
          [
            0.0,
            0.0,
            0.0,
            1.0
          ]
        ]
      },
      "bone_length_armature_space": 0.07137586674321653,
      "parent": null,
      "has_children": true,
      "is_end_bone": false
    },
    "spine_01": {
      "name": "spine_01",
      "local": {
        "location": {
          "x": 0.0,
          "y": 0.0,
          "z": 0.0
        },
        "rotation_quaternion": {
          "w": 0.9962852001190186,
          "x": -0.049386221915483475,
          "y": -0.06012190878391266,
          "z": -0.03690886124968529
        },
        "scale": {
          "x": 1.0,
          "y": 1.0,
          "z": 1.0
        },
        "matrix_basis": [
          [
            0.9900462031364441,
            0.07948189228773117,
            -0.11615155637264252,
            0.0
          ],
          [
            -0.06760511547327042,
            0.9923974871635437,
            0.10284358263015747,
            0.0
          ],
          [
            0.12344271689653397,
            -0.09396746009588242,
            0.9878926873207092,
            0.0
          ],
          [
            0.0,
            0.0,
            0.0,
            1.0
          ]
        ],
        "rotation_mode": "QUATERNION"
      },
      "armature_space": {
        "head": {
          "x": -0.0009263243409805,
          "y": -0.00026579201221466064,
          "z": -0.0022781151346862316
        },
        "tail": {
          "x": 0.05546615645289421,
          "y": 0.05176089331507683,
          "z": 0.4796571731567383
        }
      },
      "world_space": {
        "head": {
          "x": -0.0009263243409805,
          "y": 0.06297820806503296,
          "z": 0.9475759267807007
        },
        "tail": {
          "x": 0.05546615645289421,
          "y": 0.11500489711761475,
          "z": 1.4295111894607544
        },
        "rotation_quaternion": {
          "w": 0.7437842488288879,
          "x": 0.6627737283706665,
          "y": -0.00952501967549324,
          "z": -0.08617007732391357
        },
        "matrix": [
          [
            0.9849678874015808,
            0.11555807292461395,
            -0.12839236855506897,
            -0.0009263243409805
          ],
          [
            -0.1408105343580246,
            0.10661178827285767,
            -0.9842795729637146,
            0.06297820806503296
          ],
          [
            -0.10005414485931396,
            0.9875698089599609,
            0.12128093838691711,
            0.9475759267807007
          ],
          [
            0.0,
            0.0,
            0.0,
            1.0
          ]
        ]
      },
      "bone_length_armature_space": 0.48800462659523974,
      "parent": "Root",
      "has_children": true,
      "is_end_bone": false
    },
    "neck_01": {
      "name": "neck_01",
      "local": {
        "location": {
          "x": 0.0,
          "y": 0.0,
          "z": 0.0
        },
        "rotation_quaternion": {
          "w": 0.9911613464355469,
          "x": -0.06285499781370163,
          "y": -0.057425130158662796,
          "z": 0.10173963755369186
        },
        "scale": {
          "x": 1.0,
          "y": 1.0,
          "z": 1.0
        },
        "matrix_basis": [
          [
            0.9727028012275696,
            -0.1944618821144104,
            -0.12662482261657715,
            0.0
          ],
          [
            0.20889970660209656,
            0.9713965654373169,
            0.1129140630364418,
            0.0
          ],
          [
            0.10104545205831528,
            -0.13628371059894562,
            0.9855031967163086,
            0.0
          ],
          [
            0.0,
            0.0,
            0.0,
            1.0
          ]
        ],
        "rotation_mode": "QUATERNION"
      },
      "armature_space": {
        "head": {
          "x": 0.059474438428878784,
          "y": 0.025431595742702484,
          "z": 0.5561715960502625
        },
        "tail": {
          "x": 0.047927990555763245,
          "y": 0.014137839898467064,
          "z": 0.6574133634567261
        }
      },
      "world_space": {
        "head": {
          "x": 0.059474438428878784,
          "y": 0.0886755958199501,
          "z": 1.5060255527496338
        },
        "tail": {
          "x": 0.047927990555763245,
          "y": 0.07738184183835983,
          "z": 1.6072673797607422
        },
        "rotation_quaternion": {
          "w": 0.6529260873794556,
          "x": 0.7418590784072876,
          "y": -0.1364085078239441,
          "z": -0.06874219328165054
        },
        "matrix": [
          [
            0.9533342719078064,
            -0.11262481659650803,
            -0.28012388944625854,
            0.059474438428878784
          ],
          [
            -0.29215943813323975,
            -0.11016005277633667,
            -0.9500041007995605,
            0.0886755958199501
          ],
          [
            0.0761357918381691,
            0.9875190258026123,
            -0.13792560994625092,
            1.5060255527496338
          ],
          [
            0.0,
            0.0,
            0.0,
            1.0
          ]
        ]
      },
      "bone_length_armature_space": 0.10252201919319784,
      "parent": "spine_01",
      "has_children": true,
      "is_end_bone": false
    },
    "head": {
      "name": "head",
      "local": {
        "location": {
          "x": 0.0,
          "y": 0.0,
          "z": 0.0
        },
        "rotation_quaternion": {
          "w": 0.9882147908210754,
          "x": -0.07313944399356842,
          "y": -0.05962861701846123,
          "z": -0.1205267608165741
        },
        "scale": {
          "x": 1.0,
          "y": 1.0,
          "z": 1.0
        },
        "matrix_basis": [
          [
            0.9638354778289795,
            0.24693506956100464,
            -0.10022123903036118,
            0.0
          ],
          [
            -0.2294902503490448,
            0.960247814655304,
            0.15892864763736725,
            0.0
          ],
          [
            0.1354822814464569,
            -0.13018126785755157,
            0.9821900725364685,
            0.0
          ],
          [
            0.0,
            0.0,
            0.0,
            1.0
          ]
        ],
        "rotation_mode": "QUATERNION"
      },
      "armature_space": {
        "head": {
          "x": 0.04792795330286026,
          "y": 0.014137701131403446,
          "z": 0.6574133038520813
        },
        "tail": {
          "x": 0.08990911394357681,
          "y": 0.05739352107048035,
          "z": 0.8003110885620117
        }
      },
      "world_space": {
        "head": {
          "x": 0.04792795330286026,
          "y": 0.07738170027732849,
          "z": 1.6072673797607422
        },
        "tail": {
          "x": 0.08990911394357681,
          "y": 0.12063752114772797,
          "z": 1.7501651048660278
        },
        "rotation_quaternion": {
          "w": 0.7948535680770874,
          "x": 0.5541195273399353,
          "y": -0.08753035962581635,
          "z": -0.23129604756832123
        },
        "matrix": [
          [
            0.8776805400848389,
            0.27068865299224854,
            -0.39548009634017944,
            0.04792795330286026
          ],
          [
            -0.46469879150390625,
            0.2789074778556824,
            -0.8403962254524231,
            0.07738170027732849
          ],
          [
            -0.11718466132879257,
            0.9213851690292358,
            0.3705821931362152,
            1.6072673797607422
          ],
          [
            0.0,
            0.0,
            0.0,
            1.0
          ]
        ]
      },
      "bone_length_armature_space": 0.1550911355776577,
      "parent": "neck_01",
      "has_children": false,
      "is_end_bone": true
    },
    "upperarm_l": {
      "name": "upperarm_l",
      "local": {
        "location": {
          "x": 0.0,
          "y": 0.0,
          "z": 0.0
        },
        "rotation_quaternion": {
          "w": 0.8794090747833252,
          "x": 0.32305461168289185,
          "y": 0.33131834864616394,
          "z": -0.11181959509849548
        },
        "scale": {
          "x": 1.0,
          "y": 1.0,
          "z": 1.0
        },
        "matrix_basis": [
          [
            0.7554490566253662,
            0.41073817014694214,
            0.510481059551239,
            0.0
          ],
          [
            0.017397508025169373,
            0.7662642002105713,
            -0.6422900557518005,
            0.0
          ],
          [
            -0.6549763679504395,
            0.4940985441207886,
            0.5717277526855469,
            0.0
          ],
          [
            0.0,
            0.0,
            0.0,
            1.0
          ]
        ],
        "rotation_mode": "QUATERNION"
      },
      "armature_space": {
        "head": {
          "x": 0.19904376566410065,
          "y": -0.005994118750095367,
          "z": 0.47517791390419006
        },
        "tail": {
          "x": 0.3744201064109802,
          "y": -0.16748201847076416,
          "z": 0.35281509160995483
        }
      },
      "world_space": {
        "head": {
          "x": 0.19904376566410065,
          "y": 0.05724988132715225,
          "z": 1.4250319004058838
        },
        "tail": {
          "x": 0.3744201064109802,
          "y": -0.10423801839351654,
          "z": 1.3026690483093262
        },
        "rotation_quaternion": {
          "w": 0.030001450330018997,
          "x": 0.6979939937591553,
          "y": 0.44472575187683105,
          "z": -0.5604671239852905
        },
        "matrix": [
          [
            -0.0238102488219738,
            0.6544640064239502,
            -0.7557181119918823,
            0.19904376566410065
          ],
          [
            0.5872018933296204,
            -0.6026355028152466,
            -0.5403928756713867,
            0.05724988132715225
          ],
          [
            -0.8090953826904297,
            -0.45662975311279297,
            -0.3699566721916199,
            1.4250319004058838
          ],
          [
            0.0,
            0.0,
            0.0,
            1.0
          ]
        ]
      },
      "bone_length_armature_space": 0.26796989579692587,
      "parent": "spine_01",
      "has_children": true,
      "is_end_bone": false
    },
    "lowerarm_l": {
      "name": "lowerarm_l",
      "local": {
        "location": {
          "x": 0.0,
          "y": 0.0,
          "z": 0.0
        },
        "rotation_quaternion": {
          "w": 0.8934352397918701,
          "x": 0.43611282110214233,
          "y": -0.10157154500484467,
          "z": -0.03552870824933052
        },
        "scale": {
          "x": 1.0,
          "y": 1.0,
          "z": 1.0
        },
        "matrix_basis": [
          [
            0.9768418669700623,
            -0.025108106434345245,
            -0.2124842405319214,
            0.0
          ],
          [
            -0.1520785093307495,
            0.61708664894104,
            -0.7720597386360168,
            0.0
          ],
          [
            0.1505061388015747,
            0.7864945530891418,
            0.5989776849746704,
            0.0
          ],
          [
            0.0,
            0.0,
            0.0,
            1.0
          ]
        ],
        "rotation_mode": "QUATERNION"
      },
      "armature_space": {
        "head": {
          "x": 0.3744201064109802,
          "y": -0.1674821674823761,
          "z": 0.3528151214122772
        },
        "tail": {
          "x": 0.2952640652656555,
          "y": -0.3992229104042053,
          "z": 0.24511128664016724
        }
      },
      "world_space": {
        "head": {
          "x": 0.3744201064109802,
          "y": -0.10423816740512848,
          "z": 1.3026691675186157
        },
        "tail": {
          "x": 0.2952640652656555,
          "y": -0.3359789252281189,
          "z": 1.1949653625488281
        },
        "rotation_quaternion": {
          "w": 0.24320721626281738,
          "x": -0.5375372171401978,
          "y": -0.08791733533143997,
          "z": 0.8026048541069031
        },
        "matrix": [
          [
            -0.30380773544311523,
            -0.29588329792022705,
            -0.9056234359741211,
            0.3744201064109802
          ],
          [
            0.4849163889884949,
            -0.8662412166595459,
            0.12034234404563904,
            -0.10423816740512848
          ],
          [
            -0.8201009631156921,
            -0.40259432792663574,
            0.40665239095687866,
            1.3026691675186157
          ],
          [
            0.0,
            0.0,
            0.0,
            1.0
          ]
        ]
      },
      "bone_length_armature_space": 0.26752489406265034,
      "parent": "upperarm_l",
      "has_children": true,
      "is_end_bone": false
    },
    "metacarpal_thumb_l": {
      "name": "metacarpal_thumb_l",
      "local": {
        "location": {
          "x": 0.0,
          "y": 0.0,
          "z": 0.0
        },
        "rotation_quaternion": {
          "w": 0.9992209076881409,
          "x": -0.037242911756038666,
          "y": -0.00628620432689786,
          "z": -0.011446892283856869
        },
        "scale": {
          "x": 1.0,
          "y": 1.0,
          "z": 1.0
        },
        "matrix_basis": [
          [
            0.9996588826179504,
            0.02334418147802353,
            -0.01170998252928257,
            0.0
          ],
          [
            -0.022407714277505875,
            0.9969638586044312,
            0.07457170635461807,
            0.0
          ],
          [
            0.013415244407951832,
            -0.07428387552499771,
            0.9971469044685364,
            0.0
          ],
          [
            0.0,
            0.0,
            0.0,
            1.0
          ]
        ],
        "rotation_mode": "QUATERNION"
      },
      "armature_space": {
        "head": {
          "x": 0.2952640652656555,
          "y": -0.3992229104042053,
          "z": 0.24511128664016724
        },
        "tail": {
          "x": 0.2560542821884155,
          "y": -0.42805686593055725,
          "z": 0.23590363562107086
        }
      },
      "world_space": {
        "head": {
          "x": 0.2952640652656555,
          "y": -0.3359789252281189,
          "z": 1.1949653625488281
        },
        "tail": {
          "x": 0.2560542821884155,
          "y": -0.36481285095214844,
          "z": 1.1857576370239258
        },
        "rotation_quaternion": {
          "w": 0.23051919043064117,
          "x": -0.850231945514679,
          "y": 0.39472317695617676,
          "z": 0.2610752284526825
        },
        "matrix": [
          [
            0.5520665049552917,
            -0.7915785312652588,
            -0.26196497678756714,
            0.2952640652656555
          ],
          [
            -0.5508478879928589,
            -0.5821081399917603,
            0.5980942249298096,
            -0.3359789252281189
          ],
          [
            -0.6259354948997498,
            -0.18588680028915405,
            -0.7574066519737244,
            1.1949653625488281
          ],
          [
            0.0,
            0.0,
            0.0,
            1.0
          ]
        ]
      },
      "bone_length_armature_space": 0.049533674484391804,
      "parent": "lowerarm_l",
      "has_children": true,
      "is_end_bone": false
    },
    "thumb_01_l": {
      "name": "thumb_01_l",
      "local": {
        "location": {
          "x": 0.0,
          "y": 0.0,
          "z": 0.0
        },
        "rotation_quaternion": {
          "w": 0.9994415640830994,
          "x": 0.027873968705534935,
          "y": -0.01834031753242016,
          "z": 0.0018229803536087275
        },
        "scale": {
          "x": 1.0,
          "y": 1.0,
          "z": 1.0
        },
        "matrix_basis": [
          [
            0.9993206262588501,
            -0.004666359629482031,
            -0.036558523774147034,
            0.0
          ],
          [
            0.0026214898098260164,
            0.9984394311904907,
            -0.055783674120903015,
            0.0
          ],
          [
            0.036761779338121414,
            0.05564993619918823,
            0.9977733492851257,
            0.0
          ],
          [
            0.0,
            0.0,
            0.0,
            1.0
          ]
        ],
        "rotation_mode": "QUATERNION"
      },
      "armature_space": {
        "head": {
          "x": 0.2560542821884155,
          "y": -0.42805686593055725,
          "z": 0.23590363562107086
        },
        "tail": {
          "x": 0.23035967350006104,
          "y": -0.424678236246109,
          "z": 0.21383549273014069
        }
      },
      "world_space": {
        "head": {
          "x": 0.2560542821884155,
          "y": -0.36481285095214844,
          "z": 1.1857576370239258
        },
        "tail": {
          "x": 0.23035967350006104,
          "y": -0.3614342212677002,
          "z": 1.1636894941329956
        },
        "rotation_quaternion": {
          "w": 0.05981138348579407,
          "x": -0.5427190661430359,
          "y": 0.738953709602356,
          "z": -0.39474794268608093
        },
        "matrix": [
          [
            -0.40375468134880066,
            -0.7548674941062927,
            0.5168721675872803,
            0.2560542821884155
          ],
          [
            -0.8493109345436096,
            0.09925845265388489,
            -0.518477201461792,
            -0.36481285095214844
          ],
          [
            0.34007924795150757,
            -0.6483274698257446,
            -0.6811986565589905,
            1.1857576370239258
          ],
          [
            0.0,
            0.0,
            0.0,
            1.0
          ]
        ]
      },
      "bone_length_armature_space": 0.03403866925612391,
      "parent": "metacarpal_thumb_l",
      "has_children": true,
      "is_end_bone": false
    },
    "thumb_02_l": {
      "name": "thumb_02_l",
      "local": {
        "location": {
          "x": 0.0,
          "y": 0.0,
          "z": 0.0
        },
        "rotation_quaternion": {
          "w": 0.9935141801834106,
          "x": 0.1135014146566391,
          "y": 0.005380166228860617,
          "z": 0.004235906060785055
        },
        "scale": {
          "x": 1.0,
          "y": 1.0,
          "z": 1.0
        },
        "matrix_basis": [
          [
            0.9999062418937683,
            -0.007195552345365286,
            0.011652105487883091,
            0.0
          ],
          [
            0.009638178162276745,
            0.9741989970207214,
            -0.2254849523305893,
            0.0
          ],
          [
            -0.009728980250656605,
            0.22557610273361206,
            0.9741769433021545,
            0.0
          ],
          [
            0.0,
            0.0,
            0.0,
            1.0
          ]
        ],
        "rotation_mode": "QUATERNION"
      },
      "armature_space": {
        "head": {
          "x": 0.23035965859889984,
          "y": -0.42467817664146423,
          "z": 0.21383552253246307
        },
        "tail": {
          "x": 0.22517375648021698,
          "y": -0.46071702241897583,
          "z": 0.19687993824481964
        }
      },
      "world_space": {
        "head": {
          "x": 0.23035965859889984,
          "y": -0.3614341616630554,
          "z": 1.1636894941329956
        },
        "tail": {
          "x": 0.22517375648021698,
          "y": -0.3974730372428894,
          "z": 1.1467339992523193
        },
        "rotation_quaternion": {
          "w": 0.04304458200931549,
          "x": -0.4565938413143158,
          "y": 0.22249889373779297,
          "z": -0.8603275418281555
        },
        "matrix": [
          [
            -0.5793388485908508,
            -0.12911701202392578,
            0.8047950267791748,
            0.23035965859889984
          ],
          [
            -0.27724769711494446,
            -0.8972833752632141,
            -0.3435347080230713,
            -0.3614341616630554
          ],
          [
            0.766490638256073,
            -0.4221544563770294,
            0.4840368628501892,
            1.1636894941329956
          ],
          [
            0.0,
            0.0,
            0.0,
            1.0
          ]
        ]
      },
      "bone_length_armature_space": 0.04016445907591429,
      "parent": "thumb_01_l",
      "has_children": true,
      "is_end_bone": false
    },
    "thumb_03_l": {
      "name": "thumb_03_l",
      "local": {
        "location": {
          "x": 0.0,
          "y": 0.0,
          "z": 0.0
        },
        "rotation_quaternion": {
          "w": 0.9963605999946594,
          "x": 0.0849921703338623,
          "y": 0.0042327530682086945,
          "z": 0.004901472944766283
        },
        "scale": {
          "x": 1.0,
          "y": 1.0,
          "z": 1.0
        },
        "matrix_basis": [
          [
            0.999916136264801,
            -0.009047767147421837,
            0.009267870336771011,
            0.0
          ],
          [
            0.010486770421266556,
            0.9855046272277832,
            -0.16932420432567596,
            0.0
          ],
          [
            -0.00760152330622077,
            0.1694071888923645,
            0.9855168461799622,
            0.0
          ],
          [
            0.0,
            0.0,
            0.0,
            1.0
          ]
        ],
        "rotation_mode": "QUATERNION"
      },
      "armature_space": {
        "head": {
          "x": 0.225173681974411,
          "y": -0.46071696281433105,
          "z": 0.19687996804714203
        },
        "tail": {
          "x": 0.2337808459997177,
          "y": -0.4888817369937897,
          "z": 0.18916283547878265
        }
      },
      "world_space": {
        "head": {
          "x": 0.225173681974411,
          "y": -0.39747297763824463,
          "z": 1.1467339992523193
        },
        "tail": {
          "x": 0.2337808459997177,
          "y": -0.42563772201538086,
          "z": 1.13901686668396
        },
        "rotation_quaternion": {
          "w": 0.17091143131256104,
          "x": -0.235878124833107,
          "y": 0.09075114130973816,
          "z": -0.9523208737373352
        },
        "matrix": [
          [
            -0.8303012847900391,
            0.2827131748199463,
            0.480284184217453,
            0.225173681974411
          ],
          [
            -0.368337482213974,
            -0.9251071810722351,
            -0.0922187864780426,
            -0.39747297763824463
          ],
          [
            0.41824543476104736,
            -0.2534787058830261,
            0.8722575902938843,
            1.1467339992523193
          ],
          [
            0.0,
            0.0,
            0.0,
            1.0
          ]
        ]
      },
      "bone_length_armature_space": 0.030444899920315467,
      "parent": "thumb_02_l",
      "has_children": false,
      "is_end_bone": true
    },
    "metacarpal_index_l": {
      "name": "metacarpal_index_l",
      "local": {
        "location": {
          "x": 0.0,
          "y": 0.0,
          "z": 0.0
        },
        "rotation_quaternion": {
          "w": 0.9993039965629578,
          "x": 0.03356136381626129,
          "y": -0.014148741960525513,
          "z": 0.008065483532845974
        },
        "scale": {
          "x": 1.0,
          "y": 1.0,
          "z": 1.0
        },
        "matrix_basis": [
          [
            0.999469518661499,
            -0.017069442197680473,
            -0.02773641236126423,
            0.0
          ],
          [
            0.015170037746429443,
            0.9976171851158142,
            -0.06730424612760544,
            0.0
          ],
          [
            0.028819166123867035,
            0.0668477788567543,
            0.9973468780517578,
            0.0
          ],
          [
            0.0,
            0.0,
            0.0,
            1.0
          ]
        ],
        "rotation_mode": "QUATERNION"
      },
      "armature_space": {
        "head": {
          "x": 0.2952640652656555,
          "y": -0.3992229104042053,
          "z": 0.24511128664016724
        },
        "tail": {
          "x": 0.22206273674964905,
          "y": -0.48329052329063416,
          "z": 0.2090080827474594
        }
      },
      "world_space": {
        "head": {
          "x": 0.2952640652656555,
          "y": -0.3359789252281189,
          "z": 1.1949653625488281
        },
        "tail": {
          "x": 0.22206273674964905,
          "y": -0.42004650831222534,
          "z": 1.1588621139526367
        },
        "rotation_quaternion": {
          "w": 0.3200070559978485,
          "x": -0.7848907709121704,
          "y": 0.19712719321250916,
          "z": 0.4926286041736603
        },
        "matrix": [
          [
            0.43691641092300415,
            -0.6247353553771973,
            -0.6471550464630127,
            0.2952640652656555
          ],
          [
            0.005841370671987534,
            -0.7174735069274902,
            0.6965612173080444,
            -0.3359789252281189
          ],
          [
            -0.8994894027709961,
            -0.3081221282482147,
            -0.3098282217979431,
            1.1949653625488281
          ],
          [
            0.0,
            0.0,
            0.0,
            1.0
          ]
        ]
      },
      "bone_length_armature_space": 0.11717183683941357,
      "parent": "lowerarm_l",
      "has_children": true,
      "is_end_bone": false
    },
    "index_01_l": {
      "name": "index_01_l",
      "local": {
        "location": {
          "x": 0.0,
          "y": 0.0,
          "z": 0.0
        },
        "rotation_quaternion": {
          "w": 0.9984627366065979,
          "x": -0.045188430696725845,
          "y": 0.023700447753071785,
          "z": -0.021647531539201736
        },
        "scale": {
          "x": 1.0,
          "y": 1.0,
          "z": 1.0
        },
        "matrix_basis": [
          [
            0.9979393482208252,
            0.04108653590083122,
            0.04928446561098099,
            0.0
          ],
          [
            -0.04537047818303108,
            0.9949787855148315,
            0.08921181410551071,
            0.0
          ],
          [
            -0.04537159204483032,
            -0.0912640392780304,
            0.9947925806045532,
            0.0
          ],
          [
            0.0,
            0.0,
            0.0,
            1.0
          ]
        ],
        "rotation_mode": "QUATERNION"
      },
      "armature_space": {
        "head": {
          "x": 0.22206273674964905,
          "y": -0.48329052329063416,
          "z": 0.2090080827474594
        },
        "tail": {
          "x": 0.21484166383743286,
          "y": -0.5060649514198303,
          "z": 0.19344355165958405
        }
      },
      "world_space": {
        "head": {
          "x": 0.22206273674964905,
          "y": -0.42004650831222534,
          "z": 1.1588621139526367
        },
        "tail": {
          "x": 0.21484166383743286,
          "y": -0.4428209662437439,
          "z": 1.143297553062439
        },
        "rotation_quaternion": {
          "w": 0.3172542452812195,
          "x": -0.8597890734672546,
          "y": -0.0003771957417484373,
          "z": 0.4001406729221344
        },
        "matrix": [
          [
            0.6797754168510437,
            -0.2532431185245514,
            -0.6883118748664856,
            0.22206273674964905
          ],
          [
            0.25454050302505493,
            -0.798700213432312,
            0.5452404022216797,
            -0.42004650831222534
          ],
          [
            -0.6878377795219421,
            -0.5458488464355469,
            -0.47847896814346313,
            1.1588621139526367
          ],
          [
            0.0,
            0.0,
            0.0,
            1.0
          ]
        ]
      },
      "bone_length_armature_space": 0.02851443618915688,
      "parent": "metacarpal_index_l",
      "has_children": true,
      "is_end_bone": false
    },
    "index_02_l": {
      "name": "index_02_l",
      "local": {
        "location": {
          "x": 0.0,
          "y": 0.0,
          "z": 0.0
        },
        "rotation_quaternion": {
          "w": 0.9774215817451477,
          "x": 0.2112182080745697,
          "y": 0.0022970775607973337,
          "z": 0.005345976911485195
        },
        "scale": {
          "x": 1.0,
          "y": 1.0,
          "z": 1.0
        },
        "matrix_basis": [
          [
            0.9999322891235352,
            -0.00948017742484808,
            0.0067487615160644054,
            0.0
          ],
          [
            0.011420915834605694,
            0.9107165932655334,
            -0.41287392377853394,
            0.0
          ],
          [
            -0.002232091035693884,
            0.41292303800582886,
            0.9107632040977478,
            0.0
          ],
          [
            0.0,
            0.0,
            0.0,
            1.0
          ]
        ],
        "rotation_mode": "QUATERNION"
      },
      "armature_space": {
        "head": {
          "x": 0.21484118700027466,
          "y": -0.5060651302337646,
          "z": 0.19344335794448853
        },
        "tail": {
          "x": 0.20198914408683777,
          "y": -0.5197605490684509,
          "z": 0.1759689301252365
        }
      },
      "world_space": {
        "head": {
          "x": 0.21484118700027466,
          "y": -0.4428211450576782,
          "z": 1.1432974338531494
        },
        "tail": {
          "x": 0.20198914408683777,
          "y": -0.4565165638923645,
          "z": 1.125822901725769
        },
        "rotation_quaternion": {
          "w": 0.4784313142299652,
          "x": -0.7685559988021851,
          "y": 0.0645858645439148,
          "z": 0.41982588171958923
        },
        "matrix": [
          [
            0.6391510963439941,
            -0.5009903907775879,
            -0.5835189819335938,
            0.21484118700027466
          ],
          [
            0.3024379312992096,
            -0.5338659882545471,
            0.789631724357605,
            -0.4428211450576782
          ],
          [
            -0.7071235775947571,
            -0.68117755651474,
            -0.18970322608947754,
            1.1432974338531494
          ],
          [
            0.0,
            0.0,
            0.0,
            1.0
          ]
        ]
      },
      "bone_length_armature_space": 0.025653364609651723,
      "parent": "index_01_l",
      "has_children": true,
      "is_end_bone": false
    },
    "index_03_l": {
      "name": "index_03_l",
      "local": {
        "location": {
          "x": 0.0,
          "y": 0.0,
          "z": 0.0
        },
        "rotation_quaternion": {
          "w": 0.9755811095237732,
          "x": 0.21962642669677734,
          "y": -0.0008680847240611911,
          "z": -0.0022568621207028627
        },
        "scale": {
          "x": 1.0,
          "y": 1.0,
          "z": 1.0
        },
        "matrix_basis": [
          [
            0.999988317489624,
            0.004022195469588041,
            -0.0026851072907447815,
            0.0
          ],
          [
            -0.004784812685102224,
            0.9035182595252991,
            -0.42852285504341125,
            0.0
          ],
          [
            0.0007024409715086222,
            0.4285306930541992,
            0.9035269618034363,
            0.0
          ],
          [
            0.0,
            0.0,
            0.0,
            1.0
          ]
        ],
        "rotation_mode": "QUATERNION"
      },
      "armature_space": {
        "head": {
          "x": 0.20198923349380493,
          "y": -0.5197606682777405,
          "z": 0.1759689897298813
        },
        "tail": {
          "x": 0.18299996852874756,
          "y": -0.5204426646232605,
          "z": 0.15377256274223328
        }
      },
      "world_space": {
        "head": {
          "x": 0.20198923349380493,
          "y": -0.45651668310165405,
          "z": 1.1258230209350586
        },
        "tail": {
          "x": 0.18299996852874756,
          "y": -0.4571986794471741,
          "z": 1.1036266088485718
        },
        "rotation_quaternion": {
          "w": 0.6838443875312805,
          "x": -0.6276125311851501,
          "y": 0.14382797479629517,
          "z": 0.343180775642395
        },
        "matrix": [
          [
            0.7230797410011292,
            -0.6499013304710388,
            -0.23405949771404266,
            0.20198923349380493
          ],
          [
            0.2888312041759491,
            -0.02334117889404297,
            0.9570952653884888,
            -0.45651668310165405
          ],
          [
            -0.6274850368499756,
            -0.759665310382843,
            0.17083629965782166,
            1.1258230209350586
          ],
          [
            0.0,
            0.0,
            0.0,
            1.0
          ]
        ]
      },
      "bone_length_armature_space": 0.029218807299683503,
      "parent": "index_02_l",
      "has_children": false,
      "is_end_bone": true
    },
    "metacarpal_pinky_l": {
      "name": "metacarpal_pinky_l",
      "local": {
        "location": {
          "x": 0.0,
          "y": 0.0,
          "z": 0.0
        },
        "rotation_quaternion": {
          "w": 0.9996270537376404,
          "x": -0.024010883644223213,
          "y": 0.01269521377980709,
          "z": -0.0028782684821635485
        },
        "scale": {
          "x": 1.0,
          "y": 1.0,
          "z": 1.0
        },
        "matrix_basis": [
          [
            0.9996610879898071,
            0.005144743714481592,
            0.025519177317619324,
            0.0
          ],
          [
            -0.006364036817103624,
            0.9988303780555725,
            0.047930777072906494,
            0.0
          ],
          [
            -0.02524273842573166,
            -0.04807693883776665,
            0.9985246062278748,
            0.0
          ],
          [
            0.0,
            0.0,
            0.0,
            1.0
          ]
        ],
        "rotation_mode": "QUATERNION"
      },
      "armature_space": {
        "head": {
          "x": 0.2952640652656555,
          "y": -0.3992229104042053,
          "z": 0.24511128664016724
        },
        "tail": {
          "x": 0.2936600148677826,
          "y": -0.48604169487953186,
          "z": 0.18763785064220428
        }
      },
      "world_space": {
        "head": {
          "x": 0.2952640652656555,
          "y": -0.3359789252281189,
          "z": 1.1949653625488281
        },
        "tail": {
          "x": 0.2936600148677826,
          "y": -0.42279767990112305,
          "z": 1.1374918222427368
        },
        "rotation_quaternion": {
          "w": 0.005798700265586376,
          "x": 0.007457916159182787,
          "y": -0.2882579565048218,
          "z": 0.9575062394142151
        },
        "matrix": [
          [
            -0.9998214840888977,
            -0.015404253266751766,
            0.01093888096511364,
            0.2952640652656555
          ],
          [
            0.006804952397942543,
            -0.8337477445602417,
            -0.5521036982536316,
            -0.3359789252281189
          ],
          [
            0.017625173553824425,
            -0.5519352555274963,
            0.8337091207504272,
            1.1949653625488281
          ],
          [
            0.0,
            0.0,
            0.0,
            1.0
          ]
        ]
      },
      "bone_length_armature_space": 0.1041310241561039,
      "parent": "lowerarm_l",
      "has_children": true,
      "is_end_bone": false
    },
    "pinky_01_l": {
      "name": "pinky_01_l",
      "local": {
        "location": {
          "x": 0.0,
          "y": 0.0,
          "z": 0.0
        },
        "rotation_quaternion": {
          "w": 0.9960662722587585,
          "x": 0.08730529993772507,
          "y": 0.006273346021771431,
          "z": 0.013801905326545238
        },
        "scale": {
          "x": 1.0,
          "y": 1.0,
          "z": 1.0
        },
        "matrix_basis": [
          [
            0.9995403289794922,
            -0.026399832218885422,
            0.014907295815646648,
            0.0
          ],
          [
            0.028590617701411247,
            0.9843745827674866,
            -0.17375056445598602,
            0.0
          ],
          [
            -0.010087377391755581,
            0.17409689724445343,
            0.9846768379211426,
            0.0
          ],
          [
            0.0,
            0.0,
            0.0,
            1.0
          ]
        ],
        "rotation_mode": "QUATERNION"
      },
      "armature_space": {
        "head": {
          "x": 0.2936600148677826,
          "y": -0.48604169487953186,
          "z": 0.18763785064220428
        },
