{
  "metadata": {
    "armature_name": "KIM_caucasian_male",
    "export_time": "2026-01-13T21:08:16.768836",
    "blender_version": "4.4.1",
    "bone_count": 56,
    "end_bone_count": 13,
    "spaces_included": [
      "LOCAL_CHANNELS",
      "ARMATURE_SPACE",
      "WORLD_SPACE"
    ],
    "note": "LOCAL matches Transform panel; replay pose via local.matrix_basis for best fidelity."
  },
  "bones": {
    "Root": {
      "name": "Root",
      "local": {
        "location": {
          "x": 0.0,
          "y": 0.0,
          "z": 0.0
        },
        "rotation_quaternion": {
          "w": 0.9999023675918579,
          "x": -0.00018012044893112034,
          "y": -0.013969697058200836,
          "z": 9.423580195289105e-06
        },
        "scale": {
          "x": 1.0,
          "y": 1.0,
          "z": 1.0
        },
        "matrix_basis": [
          [
            0.9996097087860107,
            -1.381286438117968e-05,
            -0.027936669066548347,
            0.0
          ],
          [
            2.3877775674918666e-05,
            0.9999999403953552,
            0.00035994243808090687,
            0.0
          ],
          [
            0.0279366634786129,
            -0.00036046901368536055,
            0.999609649181366,
            0.0
          ],
          [
            0.0,
            0.0,
            0.0,
            1.0
          ]
        ],
        "rotation_mode": "QUATERNION"
      },
      "armature_space": {
        "head": {
          "x": 0.0,
          "y": 0.07072800397872925,
          "z": -0.009595036506652832
        },
        "tail": {
          "x": -9.859052170213545e-07,
          "y": 3.46451997756958e-06,
          "z": 2.549402415752411e-05
        }
      },
      "world_space": {
        "head": {
          "x": 0.0,
          "y": 0.13397200405597687,
          "z": 0.9402589797973633
        },
        "tail": {
          "x": -9.859052170213545e-07,
          "y": 0.06324746459722519,
          "z": 0.94987952709198
        },
        "rotation_quaternion": {
          "w": 0.06754079461097717,
          "x": 0.9976187944412231,
          "y": -0.0009505113703198731,
          "z": -0.013937328942120075
        },
        "matrix": [
          [
            0.9996097087860107,
            -1.381286438117968e-05,
            -0.027936669066548347,
            0.0
          ],
          [
            -0.0037791780196130276,
            -0.9908746480941772,
            -0.1347338855266571,
            0.13397200405597687
          ],
          [
            -0.02768007479608059,
            0.13478687405586243,
            -0.990494966506958,
            0.9402589797973633
          ],
          [
            0.0,
            0.0,
            0.0,
            1.0
          ]
        ]
      },
      "bone_length_armature_space": 0.07137587076784078,
      "parent": null,
      "has_children": true,
      "is_end_bone": false
    },
    "spine_01": {
      "name": "spine_01",
      "local": {
        "location": {
          "x": 0.0,
          "y": 0.0,
          "z": 0.0
        },
        "rotation_quaternion": {
          "w": 0.9978643655776978,
          "x": -0.04652414843440056,
          "y": 0.03307062014937401,
          "z": 0.03175659105181694
        },
        "scale": {
          "x": 1.0,
          "y": 1.0,
          "z": 1.0
        },
        "matrix_basis": [
          [
            0.995795726776123,
            -0.06645470857620239,
            0.06304509192705154,
            0.0
          ],
          [
            0.060300376266241074,
            0.9936540722846985,
            0.09494999796152115,
            0.0
          ],
          [
            -0.06895488500595093,
            -0.09074915945529938,
            0.9934836626052856,
            0.0
          ],
          [
            0.0,
            0.0,
            0.0,
            1.0
          ]
        ],
        "rotation_mode": "QUATERNION"
      },
      "armature_space": {
        "head": {
          "x": -9.859052170213545e-07,
          "y": 3.46451997756958e-06,
          "z": 2.549402415752411e-05
        },
        "tail": {
          "x": -0.018815357238054276,
          "y": 0.06717488914728165,
          "z": 0.48301878571510315
        }
      },
      "world_space": {
        "head": {
          "x": -9.859052170213545e-07,
          "y": 0.06324746459722519,
          "z": 0.94987952709198
        },
        "tail": {
          "x": -0.018815357238054276,
          "y": 0.13041889667510986,
          "z": 1.4328727722167969
        },
        "rotation_quaternion": {
          "w": 0.7541201114654541,
          "x": 0.6556909084320068,
          "y": 0.01120857521891594,
          "z": 0.03530780225992203
        },
        "matrix": [
          [
            0.9972555041313171,
            -0.03855394199490547,
            0.06320745497941971,
            -9.859052170213545e-07
          ],
          [
            0.06795161217451096,
            0.13764601945877075,
            -0.9881479144096375,
            0.06324746459722519
          ],
          [
            0.02939699962735176,
            0.989737868309021,
            0.13988810777664185,
            0.94987952709198
          ],
          [
            0.0,
            0.0,
            0.0,
            1.0
          ]
        ]
      },
      "bone_length_armature_space": 0.4880046282651158,
      "parent": "Root",
      "has_children": true,
      "is_end_bone": false
    },
    "neck_01": {
      "name": "neck_01",
      "local": {
        "location": {
          "x": 0.0,
          "y": 0.0,
          "z": 0.0
        },
        "rotation_quaternion": {
          "w": 0.9969143867492676,
          "x": -0.07707517594099045,
          "y": 0.003998440224677324,
          "z": -0.01432995218783617
        },
        "scale": {
          "x": 1.0,
          "y": 1.0,
          "z": 1.0
        },
        "matrix_basis": [
          [
            0.9995573163032532,
            0.027955109253525734,
            0.010181172750890255,
            0.0
          ],
          [
            -0.02918783202767372,
            0.9877081513404846,
            0.1535601019859314,
            0.0
          ],
          [
            -0.005763237830251455,
            -0.15378929674625397,
            0.9880868792533875,
            0.0
          ],
          [
            0.0,
            0.0,
            0.0,
            1.0
          ]
        ],
        "rotation_mode": "QUATERNION"
      },
      "armature_space": {
        "head": {
          "x": -0.019446155056357384,
          "y": 0.04298371449112892,
          "z": 0.560337245464325
        },
        "tail": {
          "x": -0.018892817199230194,
          "y": 0.03329164534807205,
          "z": 0.662398636341095
        }
      },
      "world_space": {
        "head": {
          "x": -0.019446155056357384,
          "y": 0.10622771084308624,
          "z": 1.5101912021636963
        },
        "tail": {
          "x": -0.018892817199230194,
          "y": 0.09653564542531967,
          "z": 1.6122527122497559
        },
        "rotation_quaternion": {
          "w": 0.6722467541694641,
          "x": 0.739268958568573,
          "y": 0.02855706214904785,
          "z": 0.02738982066512108
        },
        "matrix": [
          [
            0.9968686103820801,
            0.005397292785346508,
            0.07889167964458466,
            -0.019446155056357384
          ],
          [
            0.07904814183712006,
            -0.09453710913658142,
            -0.9923782348632812,
            0.10622771084308624
          ],
          [
            0.002102120779454708,
            0.9955134987831116,
            -0.09466932713985443,
            1.5101912021636963
          ],
          [
            0.0,
            0.0,
            0.0,
            1.0
          ]
        ]
      },
      "bone_length_armature_space": 0.10252204479343707,
      "parent": "spine_01",
      "has_children": true,
      "is_end_bone": false
    },
    "head": {
      "name": "head",
      "local": {
        "location": {
          "x": 0.0,
          "y": 0.0,
          "z": 0.0
        },
        "rotation_quaternion": {
          "w": 0.974120020866394,
          "x": 0.03483181446790695,
          "y": 0.13872738182544708,
          "z": 0.17501956224441528
        },
        "scale": {
          "x": 1.0,
          "y": 1.0,
          "z": 1.0
        },
        "matrix_basis": [
          [
            0.900245726108551,
            -0.33131587505340576,
            0.28246673941612244,
            0.0
          ],
          [
            0.35064437985420227,
            0.936309814453125,
            -0.01930072531104088,
            0.0
          ],
          [
            -0.25808173418045044,
            0.11642074584960938,
            0.9590829014778137,
            0.0
          ],
          [
            0.0,
            0.0,
            0.0,
            1.0
          ]
        ],
        "rotation_mode": "QUATERNION"
      },
      "armature_space": {
        "head": {
          "x": -0.01889280416071415,
          "y": 0.033291496336460114,
          "z": 0.6623985767364502
        },
        "tail": {
          "x": -0.07231919467449188,
          "y": 0.05132940411567688,
          "z": 0.8068752884864807
        }
      },
      "world_space": {
        "head": {
          "x": -0.01889280416071415,
          "y": 0.09653549641370773,
          "z": 1.6122525930404663
        },
        "tail": {
          "x": -0.07231919467449188,
          "y": 0.1145734041929245,
          "z": 1.7567293643951416
        },
        "rotation_quaternion": {
          "w": 0.7466025948524475,
          "x": 0.6146610379219055,
          "y": 0.027156230062246323,
          "z": 0.2530592978000641
        },
        "matrix": [
          [
            0.8704463243484497,
            -0.34448590874671936,
            0.35164299607276917,
            -0.01889280416071415
          ],
          [
            0.41125524044036865,
            0.11630590260028839,
            -0.9040699601173401,
            0.09653549641370773
          ],
          [
            0.2705434262752533,
            0.9315657615661621,
            0.24291034042835236,
            1.6122525930404663
          ],
          [
            0.0,
            0.0,
            0.0,
            1.0
          ]
        ]
      },
      "bone_length_armature_space": 0.155091153874147,
      "parent": "neck_01",
      "has_children": false,
      "is_end_bone": true
    },
    "upperarm_l": {
      "name": "upperarm_l",
      "local": {
        "location": {
          "x": 0.0,
          "y": 0.0,
          "z": 0.0
        },
        "rotation_quaternion": {
          "w": 0.7838839888572693,
          "x": 0.5551634430885315,
          "y": -0.1143735945224762,
          "z": 0.2534523904323578
        },
        "scale": {
          "x": 1.0,
          "y": 1.0,
          "z": 1.0
        },
        "matrix_basis": [
          [
            0.8453611135482788,
            -0.5243465900421143,
            0.10210374742746353,
            0.0
          ],
          [
            0.2703624665737152,
            0.25511085987091064,
            -0.9283440113067627,
            0.0
          ],
          [
            0.460726261138916,
            0.812390923500061,
            0.35742446780204773,
            0.0
          ],
          [
            0.0,
            0.0,
            0.0,
            1.0
          ]
        ],
        "rotation_mode": "QUATERNION"
      },
      "armature_space": {
        "head": {
          "x": 0.13293486833572388,
          "y": 0.04077424854040146,
          "z": 0.4986748695373535
        },
        "tail": {
          "x": 0.22126685082912445,
          "y": -0.15098148584365845,
          "z": 0.663705587387085
        }
      },
      "world_space": {
        "head": {
          "x": 0.13293486833572388,
          "y": 0.10401824861764908,
          "z": 1.4485288858413696
        },
        "tail": {
          "x": 0.22126685082912445,
          "y": -0.08773748576641083,
          "z": 1.613559603691101
        },
        "rotation_quaternion": {
          "w": 0.371059387922287,
          "x": 0.7255398631095886,
          "y": -0.06724098324775696,
          "z": -0.5756610631942749
        },
        "matrix": [
          [
            0.32818758487701416,
            0.32963454723358154,
            -0.885231077671051,
            0.13293486833572388
          ],
          [
            -0.5247805118560791,
            -0.7155881524085999,
            -0.46101975440979004,
            0.10401824861764908
          ],
          [
            -0.7854347825050354,
            0.6158564686775208,
            -0.061862166970968246,
            1.4485288858413696
          ],
          [
            0.0,
            0.0,
            0.0,
            1.0
          ]
        ]
      },
      "bone_length_armature_space": 0.267970039160216,
      "parent": "spine_01",
      "has_children": true,
      "is_end_bone": false
    },
    "lowerarm_l": {
      "name": "lowerarm_l",
      "local": {
        "location": {
          "x": 0.0,
          "y": 0.0,
          "z": 0.0
        },
        "rotation_quaternion": {
          "w": 0.8484200835227966,
          "x": 0.46730053424835205,
          "y": 0.15875716507434845,
          "z": -0.19133706390857697
        },
        "scale": {
          "x": 1.0,
          "y": 1.0,
          "z": 1.0
        },
        "matrix_basis": [
          [
            0.8763725757598877,
            0.4730430245399475,
            0.09056171029806137,
            0.0
          ],
          [
            -0.17629380524158478,
            0.49004068970680237,
            -0.8536865711212158,
            0.0
          ],
          [
            -0.44820934534072876,
            0.7321820855140686,
            0.5128527283668518,
            0.0
          ],
          [
            0.0,
            0.0,
            0.0,
            1.0
          ]
        ],
        "rotation_mode": "QUATERNION"
      },
      "armature_space": {
        "head": {
          "x": 0.22126680612564087,
          "y": -0.15098153054714203,
          "z": 0.6637057065963745
        },
        "tail": {
          "x": 0.08757752180099487,
          "y": -0.382240355014801,
          "z": 0.6490113735198975
        }
      },
      "world_space": {
        "head": {
          "x": 0.22126680612564087,
          "y": -0.08773753046989441,
          "z": 1.6135597229003906
        },
        "tail": {
          "x": 0.08757752180099487,
          "y": -0.3189963698387146,
          "z": 1.5988653898239136
        },
        "rotation_quaternion": {
          "w": 0.13288593292236328,
          "x": -0.8791432976722717,
          "y": 0.22387801110744476,
          "z": 0.39915791153907776
        },
        "matrix": [
          [
            0.5811032056808472,
            -0.4997272789478302,
            -0.6423331499099731,
            0.22126680612564087
          ],
          [
            -0.2875574827194214,
            -0.8644397854804993,
            0.4123770594596863,
            -0.08773753046989441
          ],
          [
            -0.7613398432731628,
            -0.05492715910077095,
            -0.6460329294204712,
            1.6135597229003906
          ],
          [
            0.0,
            0.0,
            0.0,
            1.0
          ]
        ]
      },
      "bone_length_armature_space": 0.26752456424066245,
      "parent": "upperarm_l",
      "has_children": true,
      "is_end_bone": false
    },
    "metacarpal_thumb_l": {
      "name": "metacarpal_thumb_l",
      "local": {
        "location": {
          "x": 0.0,
          "y": 0.0,
          "z": 0.0
        },
        "rotation_quaternion": {
          "w": 0.9995914697647095,
          "x": -0.02775130420923233,
          "y": 0.0027646953240036964,
          "z": -0.0062524182721972466
        },
        "scale": {
          "x": 1.0,
          "y": 1.0,
          "z": 1.0
        },
        "matrix_basis": [
          [
            0.9999065399169922,
            0.012346279807388783,
            0.005874157417565584,
            0.0
          ],
          [
            -0.012653175741434097,
            0.9983815550804138,
            0.055445361882448196,
            0.0
          ],
          [
            -0.005180106032639742,
            -0.05551450699567795,
            0.9984444379806519,
            0.0
          ],
          [
            0.0,
            0.0,
            0.0,
            1.0
          ]
        ],
        "rotation_mode": "QUATERNION"
      },
      "armature_space": {
        "head": {
          "x": 0.08757752180099487,
          "y": -0.382240355014801,
          "z": 0.6490113735198975
        },
        "tail": {
          "x": 0.052912887185811996,
          "y": -0.4066700041294098,
          "z": 0.623415470123291
        }
      },
      "world_space": {
        "head": {
          "x": 0.08757752180099487,
          "y": -0.3189963698387146,
          "z": 1.5988653898239136
        },
        "tail": {
          "x": 0.052912887185811996,
          "y": -0.343425989151001,
          "z": 1.5732694864273071
        },
        "rotation_quaternion": {
          "w": 0.10882090777158737,
          "x": -0.7896196842193604,
          "y": 0.4914887547492981,
          "z": -0.3508526384830475
        },
        "matrix": [
          [
            0.2706807851791382,
            -0.6998196244239807,
            0.6610479354858398,
            0.08757752180099487
          ],
          [
            -0.8525386452674866,
            -0.4931928217411041,
            -0.17302849888801575,
            -0.3189963698387146
          ],
          [
            0.44711506366729736,
            -0.5167372822761536,
            -0.7301263213157654,
            1.5988653898239136
          ],
          [
            0.0,
            0.0,
            0.0,
            1.0
          ]
        ]
      },
      "bone_length_armature_space": 0.049533775103333476,
      "parent": "lowerarm_l",
      "has_children": true,
      "is_end_bone": false
    },
    "thumb_01_l": {
      "name": "thumb_01_l",
      "local": {
        "location": {
          "x": 0.0,
          "y": 0.0,
          "z": 0.0
        },
        "rotation_quaternion": {
          "w": 0.9825069308280945,
          "x": 0.18432433903217316,
          "y": 0.026455340906977654,
          "z": -0.00219531636685133
        },
        "scale": {
          "x": 1.0,
          "y": 1.0,
          "z": 1.0
        },
        "matrix_basis": [
          [
            0.9985905885696411,
            0.014066553674638271,
            0.051175810396671295,
            0.0
          ],
          [
            0.005438899155706167,
            0.9320394396781921,
            -0.3623160421848297,
            0.0
          ],
          [
            -0.05279441177845001,
            0.3620837330818176,
            0.9306492805480957,
            0.0
          ],
          [
            0.0,
            0.0,
            0.0,
            1.0
          ]
        ],
        "rotation_mode": "QUATERNION"
      },
      "armature_space": {
        "head": {
          "x": 0.052912887185811996,
          "y": -0.4066700041294098,
          "z": 0.623415470123291
        },
        "tail": {
          "x": 0.05560765415430069,
          "y": -0.4290386438369751,
          "z": 0.5979004502296448
        }
      },
      "world_space": {
        "head": {
          "x": 0.052912887185811996,
          "y": -0.343425989151001,
          "z": 1.5732694864273071
        },
        "tail": {
          "x": 0.05560765415430069,
          "y": -0.36579465866088867,
          "z": 1.5477545261383057
        },
        "rotation_quaternion": {
          "w": 0.0778900533914566,
          "x": -0.07639765739440918,
          "y": 0.4066391587257385,
          "z": -0.9070507884025574
        },
        "matrix": [
          [
            -0.9761929512023926,
            0.07916806638240814,
            0.2019394189119339,
            0.052912887185811996
          ],
          [
            -0.20343318581581116,
            -0.6571559309959412,
            -0.7257832288742065,
            -0.343425989151001
          ],
          [
            0.07524731755256653,
            -0.7495914697647095,
            0.6576202511787415,
            1.5732694864273071
          ],
          [
            0.0,
            0.0,
            0.0,
            1.0
          ]
        ]
      },
      "bone_length_armature_space": 0.03403871384418574,
      "parent": "metacarpal_thumb_l",
      "has_children": true,
      "is_end_bone": false
    },
    "thumb_02_l": {
      "name": "thumb_02_l",
      "local": {
        "location": {
          "x": 0.0,
          "y": 0.0,
          "z": 0.0
        },
        "rotation_quaternion": {
          "w": 0.9388591051101685,
          "x": 0.3441196382045746,
          "y": -0.008935942314565182,
          "z": -0.006737768184393644
        },
        "scale": {
          "x": 1.0,
          "y": 1.0,
          "z": 1.0
        },
        "matrix_basis": [
          [
            0.999749481678009,
            0.006501563359051943,
            -0.021416379138827324,
            0.0
          ],
          [
            -0.018801696598529816,
            0.7630725502967834,
            -0.6460393071174622,
            0.0
          ],
          [
            0.012141984887421131,
            0.6462801098823547,
            0.7630036473274231,
            0.0
          ],
          [
            0.0,
            0.0,
            0.0,
            1.0
          ]
        ],
        "rotation_mode": "QUATERNION"
      },
      "armature_space": {
        "head": {
          "x": 0.05560767650604248,
          "y": -0.4290386140346527,
          "z": 0.597900390625
        },
        "tail": {
          "x": 0.03494596481323242,
          "y": -0.45066866278648376,
          "z": 0.6247038245201111
        }
      },
      "world_space": {
        "head": {
          "x": 0.05560767650604248,
          "y": -0.3657945990562439,
          "z": 1.5477544069290161
        },
        "tail": {
          "x": 0.03494596481323242,
          "y": -0.38742464780807495,
          "z": 1.5745577812194824
        },
        "rotation_quaternion": {
          "w": 0.2698127031326294,
          "x": -0.05283379927277565,
          "y": 0.3974064886569977,
          "z": 0.8754872679710388
        },
        "matrix": [
          [
            -0.848818838596344,
            -0.5144283771514893,
            0.121941477060318,
            0.05560767650604248
          ],
          [
            0.43044331669807434,
            -0.5385377407073975,
            0.724358856678009,
            -0.3657945990562439
          ],
          [
            -0.30696237087249756,
            0.6673426032066345,
            0.6785586476325989,
            1.5477544069290161
          ],
          [
            0.0,
            0.0,
            0.0,
            1.0
          ]
        ]
      },
      "bone_length_armature_space": 0.04016452959009723,
      "parent": "thumb_01_l",
      "has_children": true,
      "is_end_bone": false
    },
    "thumb_03_l": {
      "name": "thumb_03_l",
      "local": {
        "location": {
          "x": 0.0,
          "y": 0.0,
          "z": 0.0
        },
        "rotation_quaternion": {
          "w": 0.985503077507019,
          "x": 0.16949275135993958,
          "y": -0.007384483702480793,
          "z": -0.001169583760201931
        },
        "scale": {
          "x": 1.0,
          "y": 1.0,
          "z": 1.0
        },
        "matrix_basis": [
          [
            0.9998881816864014,
            -0.000197976129129529,
            -0.014951334334909916,
            0.0
          ],
          [
            -0.004808489698916674,
            0.9425416588783264,
            -0.33405399322509766,
            0.0
          ],
          [
            0.014158390462398529,
            0.334088534116745,
            0.9424353241920471,
            0.0
          ],
          [
            0.0,
            0.0,
            0.0,
            1.0
          ]
        ],
        "rotation_mode": "QUATERNION"
      },
      "armature_space": {
        "head": {
          "x": 0.034945935010910034,
          "y": -0.45066866278648376,
          "z": 0.6247037053108215
        },
        "tail": {
          "x": 0.02460361272096634,
          "y": -0.452310711145401,
          "z": 0.6532911658287048
        }
      },
      "world_space": {
        "head": {
          "x": 0.034945935010910034,
          "y": -0.38742464780807495,
          "z": 1.5745577812194824
        },
        "tail": {
          "x": 0.02460361272096634,
          "y": -0.3890666961669922,
          "z": 1.6031451225280762
        },
        "rotation_quaternion": {
          "w": 0.12846355140209198,
          "x": -0.11511262506246567,
          "y": 0.6756694912910461,
          "z": 0.7167405486106873
        },
        "matrix": [
          [
            -0.9404922127723694,
            -0.3397063910961151,
            0.008588075637817383,
            0.034945935010910034
          ],
          [
            0.02859589084982872,
            -0.05393558740615845,
            0.9981350302696228,
            -0.38742464780807495
          ],
          [
            -0.338611900806427,
            0.9389902353286743,
            0.0604415237903595,
            1.5745577812194824
          ],
          [
            0.0,
            0.0,
            0.0,
            1.0
          ]
        ]
      },
      "bone_length_armature_space": 0.030445079134448483,
      "parent": "thumb_02_l",
      "has_children": false,
      "is_end_bone": true
    },
    "metacarpal_index_l": {
      "name": "metacarpal_index_l",
      "local": {
        "location": {
          "x": 0.0,
          "y": 0.0,
          "z": 0.0
        },
        "rotation_quaternion": {
          "w": 0.9995790719985962,
          "x": -0.01863221265375614,
          "y": 0.015967823565006256,
          "z": 0.015481257811188698
        },
        "scale": {
          "x": 1.0,
          "y": 1.0,
          "z": 1.0
        },
        "matrix_basis": [
          [
            0.9990107417106628,
            -0.0315445140004158,
            0.03134530410170555,
            0.0
          ],
          [
            0.03035445138812065,
            0.9988263249397278,
            0.03774314373731613,
            0.0
          ],
          [
            -0.032499104738235474,
            -0.03675433620810509,
            0.998795747756958,
            0.0
          ],
          [
            0.0,
            0.0,
            0.0,
            1.0
          ]
        ],
        "rotation_mode": "QUATERNION"
      },
      "armature_space": {
        "head": {
          "x": 0.08757752180099487,
          "y": -0.382240355014801,
          "z": 0.6490113735198975
        },
        "tail": {
          "x": 0.008761018514633179,
          "y": -0.46368080377578735,
          "z": 0.6192682981491089
        }
      },
      "world_space": {
        "head": {
          "x": 0.08757752180099487,
          "y": -0.3189963698387146,
          "z": 1.5988653898239136
        },
        "tail": {
          "x": 0.008761018514633179,
          "y": -0.4004368185997009,
          "z": 1.569122314453125
        },
        "rotation_quaternion": {
          "w": 0.10498039424419403,
          "x": -0.9169968962669373,
          "y": 0.3761026859283447,
          "z": -0.08150199055671692
        },
        "matrix": [
          [
            0.7038081288337708,
            -0.6726579666137695,
            0.22844158113002777,
            0.08757752180099487
          ],
          [
            -0.7068825364112854,
            -0.695051908493042,
            0.1312260925769806,
            -0.3189963698387146
          ],
          [
            0.07050816714763641,
            -0.25384169816970825,
            -0.9646797180175781,
            1.5988653898239136
          ],
          [
            0.0,
            0.0,
            0.0,
            1.0
          ]
        ]
      },
      "bone_length_armature_space": 0.1171718338587829,
      "parent": "lowerarm_l",
      "has_children": true,
      "is_end_bone": false
    },
    "index_01_l": {
      "name": "index_01_l",
      "local": {
        "location": {
          "x": 0.0,
          "y": 0.0,
          "z": 0.0
        },
        "rotation_quaternion": {
          "w": 0.9805160760879517,
          "x": 0.19600850343704224,
          "y": -0.0073487963527441025,
          "z": -0.010719255544245243
        },
        "scale": {
          "x": 1.0,
          "y": 1.0,
          "z": 1.0
        },
        "matrix_basis": [
          [
            0.9996621608734131,
            0.018139950931072235,
            -0.018613357096910477,
            0.0
          ],
          [
            -0.02390165813267231,
            0.9229315519332886,
            -0.3842214345932007,
            0.0
          ],
          [
            0.010209095664322376,
            0.3845365345478058,
            0.9230533242225647,
            0.0
          ],
          [
            0.0,
            0.0,
            0.0,
            1.0
          ]
        ],
        "rotation_mode": "QUATERNION"
      },
      "armature_space": {
        "head": {
          "x": 0.008761018514633179,
          "y": -0.46368080377578735,
          "z": 0.6192682981491089
        },
        "tail": {
          "x": 0.0003629429265856743,
          "y": -0.48769307136535645,
          "z": 0.6063858866691589
        }
      },
      "world_space": {
        "head": {
          "x": 0.008761018514633179,
          "y": -0.4004368185997009,
          "z": 1.569122314453125
        },
        "tail": {
          "x": 0.0003629429265856743,
          "y": -0.42444908618927,
          "z": 1.5562398433685303
        },
        "rotation_quaternion": {
          "w": 0.21371722221374512,
          "x": -0.9517683982849121,
          "y": 0.18239973485469818,
          "z": -0.12325659394264221
        },
        "matrix": [
          [
            0.9030760526657104,
            -0.2945208251476288,
            0.3125878572463989,
            0.008761018514633179
          ],
          [
            -0.3998890817165375,
            -0.8421108722686768,
            0.3618539273738861,
            -0.4004368185997009
          ],
          [
            0.15666069090366364,
            -0.45178598165512085,
            -0.8782715201377869,
            1.569122314453125
          ],
          [
            0.0,
            0.0,
            0.0,
            1.0
          ]
        ]
      },
      "bone_length_armature_space": 0.028514438995999324,
      "parent": "metacarpal_index_l",
      "has_children": true,
      "is_end_bone": false
    },
    "index_02_l": {
      "name": "index_02_l",
      "local": {
        "location": {
          "x": 0.0,
          "y": 0.0,
          "z": 0.0
        },
        "rotation_quaternion": {
          "w": 0.8957955837249756,
          "x": 0.4443560838699341,
          "y": -0.009247607551515102,
          "z": -0.003528837813064456
        },
        "scale": {
          "x": 1.0,
          "y": 1.0,
          "z": 1.0
        },
        "matrix_basis": [
          [
            0.9998040795326233,
            -0.0018962266622111201,
            -0.019704053178429604,
            0.0
          ],
          [
            -0.01454069558531046,
            0.6050704121589661,
            -0.7960391640663147,
            0.0
          ],
          [
            0.013431810773909092,
            0.7961696982383728,
            0.6049243211746216,
            0.0
          ],
          [
            0.0,
            0.0,
            0.0,
            1.0
          ]
        ],
        "rotation_mode": "QUATERNION"
      },
      "armature_space": {
        "head": {
          "x": 0.0003627147525548935,
          "y": -0.4876931607723236,
          "z": 0.6063854098320007
        },
        "tail": {
          "x": 0.0009696734487079084,
          "y": -0.49384862184524536,
          "z": 0.5814887881278992
        }
      },
      "world_space": {
        "head": {
          "x": 0.0003627147525548935,
          "y": -0.4244491457939148,
          "z": 1.556239366531372
        },
        "tail": {
          "x": 0.0009696734487079084,
          "y": -0.43060463666915894,
          "z": 1.5313427448272705
        },
        "rotation_quaternion": {
          "w": 0.6082854866981506,
          "x": -0.7735944390296936,
          "y": 0.10007285326719284,
          "z": -0.1467171460390091
        },
        "matrix": [
          [
            0.9369191527366638,
            0.023660093545913696,
            0.348744660615921,
            0.0003627147525548935
          ],
          [
            -0.3333231508731842,
            -0.2399488389492035,
            0.9117677807807922,
            -0.4244491457939148
          ],
          [
            0.1052536815404892,
            -0.9705042243003845,
            -0.2169269323348999,
            1.556239366531372
          ],
          [
            0.0,
            0.0,
            0.0,
            1.0
          ]
        ]
      },
      "bone_length_armature_space": 0.025653457830987613,
      "parent": "index_01_l",
      "has_children": true,
      "is_end_bone": false
    },
    "index_03_l": {
      "name": "index_03_l",
      "local": {
        "location": {
          "x": 0.0,
          "y": 0.0,
          "z": 0.0
        },
        "rotation_quaternion": {
          "w": 0.9653052687644958,
          "x": 0.26100751757621765,
          "y": -0.004829285200685263,
          "z": 0.006127830594778061
        },
        "scale": {
          "x": 1.0,
          "y": 1.0,
          "z": 1.0
        },
        "matrix_basis": [
          [
            0.9998782277107239,
            -0.01435141358524561,
            -0.0061246491968631744,
            0.0
          ],
          [
            0.009309494867920876,
            0.863675057888031,
            -0.503963053226471,
            0.0
          ],
          [
            0.012522288598120213,
            0.503844678401947,
            0.8637034893035889,
            0.0
          ],
          [
            0.0,
            0.0,
            0.0,
            1.0
          ]
        ],
        "rotation_mode": "QUATERNION"
      },
      "armature_space": {
        "head": {
          "x": 0.0009695999906398356,
          "y": -0.4938487410545349,
          "z": 0.581488847732544
        },
        "tail": {
          "x": 0.010095649398863316,
          "y": -0.48509693145751953,
          "z": 0.5551475882530212
        }
      },
      "world_space": {
        "head": {
          "x": 0.0009695999906398356,
          "y": -0.4306047558784485,
          "z": 1.53134286403656
        },
        "tail": {
          "x": 0.010095649398863316,
          "y": -0.4218529462814331,
          "z": 1.5050015449523926
        },
        "rotation_quaternion": {
          "w": 0.8056601285934448,
          "x": -0.5526559948921204,
          "y": 0.0260041281580925,
          "z": -0.21167632937431335
        },
        "matrix": [
          [
            0.9090333580970764,
            0.3123360872268677,
            0.2758706510066986,
            0.0009695999906398356
          ],
          [
            -0.36982229351997375,
            0.2995283007621765,
            0.8794966340065002,
            -0.4306047558784485
          ],
          [
            0.19206836819648743,
            -0.901520848274231,
            0.3877934217453003,
            1.53134286403656
          ],
          [
            0.0,
            0.0,
            0.0,
            1.0
          ]
        ]
      },
      "bone_length_armature_space": 0.029218845465288672,
      "parent": "index_02_l",
      "has_children": false,
      "is_end_bone": true
    },
    "metacarpal_pinky_l": {
      "name": "metacarpal_pinky_l",
      "local": {
        "location": {
          "x": 0.0,
          "y": 0.0,
          "z": 0.0
        },
        "rotation_quaternion": {
          "w": 0.9988852739334106,
          "x": -0.04223065450787544,
          "y": -0.019899753853678703,
          "z": 0.006983472499996424
        },
        "scale": {
          "x": 1.0,
          "y": 1.0,
          "z": 1.0
        },
        "matrix_basis": [
          [
            0.9991104602813721,
            -0.012270616367459297,
            -0.040344975888729095,
            0.0
          ],
          [
            0.015632135793566704,
            0.9963356256484985,
            0.08408921957015991,
            0.0
          ],
          [
            0.03916531056165695,
            -0.0846450999379158,
            0.9956411719322205,
            0.0
          ],
          [
            0.0,
            0.0,
            0.0,
            1.0
          ]
        ],
        "rotation_mode": "QUATERNION"
      },
      "armature_space": {
        "head": {
          "x": 0.08757752180099487,
          "y": -0.382240355014801,
          "z": 0.6490113735198975
        },
        "tail": {
          "x": 0.06623396277427673,
          "y": -0.4836108386516571,
          "z": 0.6595799922943115
        }
      },
      "world_space": {
        "head": {
          "x": 0.08757752180099487,
          "y": -0.3189963698387146,
          "z": 1.5988653898239136
        },
        "tail": {
          "x": 0.06623396277427673,
          "y": -0.4203668236732483,
          "z": 1.6094340085983276
        },
        "rotation_quaternion": {
          "w": 0.0704730674624443,
          "x": -0.43409183621406555,
          "y": 0.09103557467460632,
          "z": 0.8934822678565979
        },
        "matrix": [
          [
            -0.6131958961486816,
            -0.20496878027915955,
            -0.7628753781318665,
            0.08757752180099487
          ],
          [
            0.046897150576114655,
            -0.9734922647476196,
            0.22386136651039124,
            -0.3189963698387146
          ],
          [
            -0.7885429263114929,
            0.10149388015270233,
            0.6065582036972046,
            1.5988653898239136
          ],
          [
            0.0,
            0.0,
            0.0,
            1.0
          ]
        ]
      },
      "bone_length_armature_space": 0.10413077389218914,
      "parent": "lowerarm_l",
      "has_children": true,
      "is_end_bone": false
    },
    "pinky_01_l": {
      "name": "pinky_01_l",
      "local": {
        "location": {
          "x": 0.0,
          "y": 0.0,
          "z": 0.0
        },
        "rotation_quaternion": {
          "w": 0.9407516717910767,
          "x": 0.33828628063201904,
          "y": -0.012618400156497955,
          "z": -0.019740670919418335
        },
        "scale": {
          "x": 1.0,
          "y": 1.0,
          "z": 1.0
        },
        "matrix_basis": [
          [
            0.9989021420478821,
            0.02860487438738346,
            -0.03709755837917328,
            0.0
          ],
          [
            -0.045679401606321335,
            0.7703453898429871,
            -0.6359885931015015,
            0.0
          ],
          [
            0.010385565459728241,
            0.6369849443435669,
            0.7708063125610352,
            0.0
          ],
          [
            0.0,
            0.0,
            0.0,
            1.0
          ]
        ],
        "rotation_mode": "QUATERNION"
      },
      "armature_space": {
        "head": {
          "x": 0.06623396277427673,
          "y": -0.4836108386516571,
          "z": 0.6595799922943115
