{
  "metadata": {
    "armature_name": "KIM_caucasian_male",
    "export_time": "2026-01-13T21:04:26.432802",
    "blender_version": "4.4.1",
    "bone_count": 56,
    "end_bone_count": 13,
    "spaces_included": [
      "LOCAL_CHANNELS",
      "ARMATURE_SPACE",
      "WORLD_SPACE"
    ],
    "note": "LOCAL matches Transform panel; replay pose via local.matrix_basis for best fidelity."
  },
  "bones": {
    "Root": {
      "name": "Root",
      "local": {
        "location": {
          "x": 0.0,
          "y": 0.0,
          "z": 0.0
        },
        "rotation_quaternion": {
          "w": 0.9996517896652222,
          "x": 0.013058019801974297,
          "y": 0.008335262537002563,
          "z": -0.021364716812968254
        },
        "scale": {
          "x": 1.0,
          "y": 1.0,
          "z": 1.0
        },
        "matrix_basis": [
          [
            0.9989481568336487,
            0.042932238429784775,
            0.016106758266687393,
            0.0
          ],
          [
            -0.04249687120318413,
            0.9987460970878601,
            -0.026463106274604797,
            0.0
          ],
          [
            -0.017222682014107704,
            0.02575078420341015,
            0.9995200037956238,
            0.0
          ],
          [
            0.0,
            0.0,
            0.0,
            1.0
          ]
        ],
        "rotation_mode": "QUATERNION"
      },
      "armature_space": {
        "head": {
          "x": 0.0,
          "y": 0.07072800397872925,
          "z": -0.009595036506652832
        },
        "tail": {
          "x": 0.0030643257778137922,
          "y": -0.00015839189291000366,
          "z": -0.001833345741033554
        }
      },
      "world_space": {
        "head": {
          "x": 0.0,
          "y": 0.13397200405597687,
          "z": 0.9402589797973633
        },
        "tail": {
          "x": 0.0030643257778137922,
          "y": 0.06308560818433762,
          "z": 0.9480206966400146
        },
        "rotation_quaternion": {
          "w": 0.05431583896279335,
          "x": 0.9982604384422302,
          "y": 0.0218777097761631,
          "z": 0.006877033039927483
        },
        "matrix": [
          [
            0.9989481568336487,
            0.042932238429784775,
            0.016106758266687393,
            0.0
          ],
          [
            0.04442637413740158,
            -0.993142306804657,
            -0.10814226418733597,
            0.13397200405597687
          ],
          [
            0.011353634297847748,
            0.10874390602111816,
            -0.9940119981765747,
            0.9402589797973633
          ],
          [
            0.0,
            0.0,
            0.0,
            1.0
          ]
        ]
      },
      "bone_length_armature_space": 0.07137587155105597,
      "parent": null,
      "has_children": true,
      "is_end_bone": false
    },
    "spine_01": {
      "name": "spine_01",
      "local": {
        "location": {
          "x": 0.0,
          "y": 0.0,
          "z": 0.0
        },
        "rotation_quaternion": {
          "w": 0.9956843852996826,
          "x": -0.03425934538245201,
          "y": -0.05385636165738106,
          "z": -0.06736846268177032
        },
        "scale": {
          "x": 1.0,
          "y": 1.0,
          "z": 1.0
        },
        "matrix_basis": [
          [
            0.9851219654083252,
            0.13784562051296234,
            -0.10263187438249588,
            0.0
          ],
          [
            -0.1304652839899063,
            0.9885755777359009,
            0.0754794329404831,
            0.0
          ],
          [
            0.111863873898983,
            -0.060966551303863525,
            0.9918515682220459,
            0.0
          ],
          [
            0.0,
            0.0,
            0.0,
            1.0
          ]
        ],
        "rotation_mode": "QUATERNION"
      },
      "armature_space": {
        "head": {
          "x": 0.0030643257778137922,
          "y": -0.00015839189291000366,
          "z": -0.001833345741033554
        },
        "tail": {
          "x": 0.06302967667579651,
          "y": 0.042367253452539444,
          "z": 0.4806023836135864
        }
      },
      "world_space": {
        "head": {
          "x": 0.0030643257778137922,
          "y": 0.06308560818433762,
          "z": 0.9480206966400146
        },
        "tail": {
          "x": 0.06302967667579651,
          "y": 0.10561124980449677,
          "z": 1.4304563999176025
        },
        "rotation_quaternion": {
          "w": 0.7370166182518005,
          "x": 0.6723994016647339,
          "y": 0.01943024806678295,
          "z": -0.065636046230793
        },
        "matrix": [
          [
            0.990628719329834,
            0.1228795051574707,
            -0.05962720140814781,
            0.0030643257778137922
          ],
          [
            -0.07062076032161713,
            0.08714249730110168,
            -0.9936895370483398,
            0.06308560818433762
          ],
          [
            -0.11690888553857803,
            0.9885953068733215,
            0.09500345587730408,
            0.9480206966400146
          ],
          [
            0.0,
            0.0,
            0.0,
            1.0
          ]
        ]
      },
      "bone_length_armature_space": 0.4880046163374294,
      "parent": "Root",
      "has_children": true,
      "is_end_bone": false
    },
    "neck_01": {
      "name": "neck_01",
      "local": {
        "location": {
          "x": 0.0,
          "y": 0.0,
          "z": 0.0
        },
        "rotation_quaternion": {
          "w": 0.9921964406967163,
          "x": 0.026335254311561584,
          "y": -0.05790364742279053,
          "z": 0.1072375476360321
        },
        "scale": {
          "x": 1.0,
          "y": 1.0,
          "z": 1.0
        },
        "matrix_basis": [
          [
            0.9702945351600647,
            -0.21585124731063843,
            -0.10925532877445221,
            0.0
          ],
          [
            0.20975160598754883,
            0.9756131172180176,
            -0.0646783784031868,
            0.0
          ],
          [
            0.12055183947086334,
            0.03984060138463974,
            0.9919072389602661,
            0.0
          ],
          [
            0.0,
            0.0,
            0.0,
            1.0
          ]
        ],
        "rotation_mode": "QUATERNION"
      },
      "armature_space": {
        "head": {
          "x": 0.06995882093906403,
          "y": 0.0142861008644104,
          "z": 0.5562805533409119
        },
        "tail": {
          "x": 0.05672115832567215,
          "y": -0.01769925281405449,
          "z": 0.65278160572052
        }
      },
      "world_space": {
        "head": {
          "x": 0.06995882093906403,
          "y": 0.07753010094165802,
          "z": 1.5061345100402832
        },
        "tail": {
          "x": 0.05672115832567215,
          "y": 0.04554474726319313,
          "z": 1.6026356220245361
        },
        "rotation_quaternion": {
          "w": 0.574856162071228,
          "x": 0.8083052039146423,
          "y": -0.11638984829187393,
          "z": -0.05134870111942291
        },
        "matrix": [
          [
            0.9676333665847778,
            -0.12912103533744812,
            -0.2168261706829071,
            0.06995882093906403
          ],
          [
            -0.24719376862049103,
            -0.3119872808456421,
            -0.9173654913902283,
            0.07753010094165802
          ],
          [
            0.05080427974462509,
            0.9412776231765747,
            -0.33381032943725586,
            1.5061345100402832
          ],
          [
            0.0,
            0.0,
            0.0,
            1.0
          ]
        ]
      },
      "bone_length_armature_space": 0.10252195524947232,
      "parent": "spine_01",
      "has_children": true,
      "is_end_bone": false
    },
    "head": {
      "name": "head",
      "local": {
        "location": {
          "x": 0.0,
          "y": 0.0,
          "z": 0.0
        },
        "rotation_quaternion": {
          "w": 0.9878565669059753,
          "x": -0.054793830960989,
          "y": -0.0033793081529438496,
          "z": 0.1453467160463333
        },
        "scale": {
          "x": 1.0,
          "y": 1.0,
          "z": 1.0
        },
        "matrix_basis": [
          [
            0.9577258229255676,
            -0.2867930829524994,
            -0.022604750469326973,
            0.0
          ],
          [
            0.2875337600708008,
            0.9517439603805542,
            0.10727454721927643,
            0.0
          ],
          [
            -0.009251663461327553,
            -0.10923923552036285,
            0.9939724206924438,
            0.0
          ],
          [
            0.0,
            0.0,
            0.0,
            1.0
          ]
        ],
        "rotation_mode": "QUATERNION"
      },
      "armature_space": {
        "head": {
          "x": 0.05672113224864006,
          "y": -0.01769937388598919,
          "z": 0.6527814865112305
        },
        "tail": {
          "x": 0.011691540479660034,
          "y": 0.015849517658352852,
          "z": 0.7973501086235046
        }
      },
      "world_space": {
        "head": {
          "x": 0.05672113224864006,
          "y": 0.04554462432861328,
          "z": 1.6026355028152466
        },
        "tail": {
          "x": 0.011691540479660034,
          "y": 0.07909351587295532,
          "z": 1.747204065322876
        },
        "rotation_quaternion": {
          "w": 0.7528283596038818,
          "x": 0.625521183013916,
          "y": -0.20349028706550598,
          "z": 0.023756826296448708
        },
        "matrix": [
          [
            0.9160553216934204,
            -0.2903445065021515,
            -0.27666425704956055,
            0.05672113224864006
          ],
          [
            -0.2188035249710083,
            0.21631856262683868,
            -0.9514891505241394,
            0.04554462432861328
          ],
          [
            0.33610931038856506,
            0.932158350944519,
            0.13463141024112701,
            1.6026355028152466
          ],
          [
            0.0,
            0.0,
            0.0,
            1.0
          ]
        ]
      },
      "bone_length_armature_space": 0.15509119187454096,
      "parent": "neck_01",
      "has_children": false,
      "is_end_bone": true
    },
    "upperarm_l": {
      "name": "upperarm_l",
      "local": {
        "location": {
          "x": 0.0,
          "y": 0.0,
          "z": 0.0
        },
        "rotation_quaternion": {
          "w": 0.7658058404922485,
          "x": 0.23260699212551117,
          "y": 0.5787643790245056,
          "z": 0.15642063319683075
        },
        "scale": {
          "x": 1.0,
          "y": 1.0,
          "z": 1.0
        },
        "matrix_basis": [
          [
            0.28112876415252686,
            0.029673613607883453,
            0.9592113494873047,
            0.0
          ],
          [
            0.5088249444961548,
            0.8428531289100647,
            -0.17520220577716827,
            0.0
          ],
          [
            -0.813673198223114,
            0.5373249650001526,
            0.22185155749320984,
            0.0
          ],
          [
            0.0,
            0.0,
            0.0,
            1.0
          ]
        ],
        "rotation_mode": "QUATERNION"
      },
      "armature_space": {
        "head": {
          "x": 0.2101045399904251,
          "y": -0.005332671105861664,
          "z": 0.4726059138774872
        },
        "tail": {
          "x": 0.42888572812080383,
          "y": -0.15703392028808594,
          "z": 0.44212374091148376
        }
      },
      "world_space": {
        "head": {
          "x": 0.2101045399904251,
          "y": 0.057911328971385956,
          "z": 1.4224599599838257
        },
        "tail": {
          "x": 0.42888572812080383,
          "y": -0.09378992021083832,
          "z": 1.3919777870178223
        },
        "rotation_quaternion": {
          "w": 0.04677530750632286,
          "x": 0.8597455024719238,
          "y": 0.4634164273738861,
          "z": -0.20951151847839355
        },
        "matrix": [
          [
            0.48269978165626526,
            0.8164408206939697,
            -0.31689947843551636,
            0.2101045399904251
          ],
          [
            0.7772404551506042,
            -0.5661140084266663,
            -0.27461349964141846,
            0.057911328971385956
          ],
          [
            -0.4036090075969696,
            -0.11375240981578827,
            -0.9078406095504761,
            1.4224599599838257
          ],
          [
            0.0,
            0.0,
            0.0,
            1.0
          ]
        ]
      },
      "bone_length_armature_space": 0.26796947363503426,
      "parent": "spine_01",
      "has_children": true,
      "is_end_bone": false
    },
    "lowerarm_l": {
      "name": "lowerarm_l",
      "local": {
        "location": {
          "x": 0.0,
          "y": 0.0,
          "z": 0.0
        },
        "rotation_quaternion": {
          "w": 0.9740504026412964,
          "x": 0.188942089676857,
          "y": 0.0688466802239418,
          "z": -0.1038598120212555
        },
        "scale": {
          "x": 1.0,
          "y": 1.0,
          "z": 1.0
        },
        "matrix_basis": [
          [
            0.9689465761184692,
            0.22834545373916626,
            0.09487329423427582,
            0.0
          ],
          [
            -0.17631331086158752,
            0.907028079032898,
            -0.38237905502319336,
            0.0
          ],
          [
            -0.17336724698543549,
            0.3537774384021759,
            0.919122040271759,
            0.0
          ],
          [
            0.0,
            0.0,
            0.0,
            1.0
          ]
        ],
        "rotation_mode": "QUATERNION"
      },
      "armature_space": {
        "head": {
          "x": 0.42888569831848145,
          "y": -0.15703406929969788,
          "z": 0.4421237111091614
        },
        "tail": {
          "x": 0.5916944146156311,
          "y": -0.30050724744796753,
          "z": 0.2856675982475281
        }
      },
      "world_space": {
        "head": {
          "x": 0.42888569831848145,
          "y": -0.09379006922245026,
          "z": 1.3919777870178223
        },
        "tail": {
          "x": 0.5916944146156311,
          "y": -0.2372632473707199,
          "z": 1.2355215549468994
        },
        "rotation_quaternion": {
          "w": 0.1885717660188675,
          "x": -0.8192974328994751,
          "y": -0.44304728507995605,
          "z": 0.3112901747226715
        },
        "matrix": [
          [
            0.4136134088039398,
            0.6085749864578247,
            -0.6771708130836487,
            0.42888569831848145
          ],
          [
            0.843376636505127,
            -0.5362991690635681,
            0.03315776586532593,
            -0.09379006922245026
          ],
          [
            -0.3429887294769287,
            -0.5848290920257568,
            -0.7350837588310242,
            1.3919777870178223
          ],
          [
            0.0,
            0.0,
            0.0,
            1.0
          ]
        ]
      },
      "bone_length_armature_space": 0.26752522565205467,
      "parent": "upperarm_l",
      "has_children": true,
      "is_end_bone": false
    },
    "metacarpal_thumb_l": {
      "name": "metacarpal_thumb_l",
      "local": {
        "location": {
          "x": 0.0,
          "y": 0.0,
          "z": 0.0
        },
        "rotation_quaternion": {
          "w": 0.99964439868927,
          "x": 0.006537962704896927,
          "y": 0.016831176355481148,
          "z": 0.019622212275862694
        },
        "scale": {
          "x": 1.0,
          "y": 1.0,
          "z": 1.0
        },
        "matrix_basis": [
          [
            0.9986633658409119,
            -0.039010386914014816,
            0.0339069627225399,
            0.0
          ],
          [
            0.03945055231451988,
            0.999144434928894,
            -0.012410745956003666,
            0.0
          ],
          [
            -0.03339380398392677,
            0.013731805607676506,
            0.9993479251861572,
            0.0
          ],
          [
            0.0,
            0.0,
            0.0,
            1.0
          ]
        ],
        "rotation_mode": "QUATERNION"
      },
      "armature_space": {
        "head": {
          "x": 0.5916944146156311,
          "y": -0.30050724744796753,
          "z": 0.2856675982475281
        },
        "tail": {
          "x": 0.5978794693946838,
          "y": -0.3116671144962311,
          "z": 0.2378050982952118
        }
      },
      "world_space": {
        "head": {
          "x": 0.5916944146156311,
          "y": -0.2372632473707199,
          "z": 1.2355215549468994
        },
        "tail": {
          "x": 0.5978794693946838,
          "y": -0.24842311441898346,
          "z": 1.1876591444015503
        },
        "rotation_quaternion": {
          "w": 0.6189683079719543,
          "x": -0.761532723903656,
          "y": 0.06503292173147202,
          "z": -0.1808781921863556
        },
        "matrix": [
          [
            0.9261078834533691,
            0.12486600130796432,
            0.3559950590133667,
            0.5916944146156311
          ],
          [
            -0.32296404242515564,
            -0.22529873251914978,
            0.9192034006118774,
            -0.2372632473707199
          ],
          [
            0.19498376548290253,
            -0.9662621021270752,
            -0.16832400858402252,
            1.2355215549468994
          ],
          [
            0.0,
            0.0,
            0.0,
            1.0
          ]
        ]
      },
      "bone_length_armature_space": 0.049533992204528865,
      "parent": "lowerarm_l",
      "has_children": true,
      "is_end_bone": false
    },
    "thumb_01_l": {
      "name": "thumb_01_l",
      "local": {
        "location": {
          "x": 0.0,
          "y": 0.0,
          "z": 0.0
        },
        "rotation_quaternion": {
          "w": 0.9988257884979248,
          "x": -0.04828580841422081,
          "y": 5.855038034496829e-05,
          "z": -0.003939407411962748
        },
        "scale": {
          "x": 1.0,
          "y": 1.0,
          "z": 1.0
        },
        "matrix_basis": [
          [
            0.999968945980072,
            0.007863909006118774,
            0.0004973981995135546,
            0.0
          ],
          [
            -0.00787521805614233,
            0.9953058958053589,
            0.09645775705575943,
            0.0
          ],
          [
            0.0002634716802276671,
            -0.09645868092775345,
            0.9953369498252869,
            0.0
          ],
          [
            0.0,
            0.0,
            0.0,
            1.0
          ]
        ],
        "rotation_mode": "QUATERNION"
      },
      "armature_space": {
        "head": {
          "x": 0.5978794693946838,
          "y": -0.3116671144962311,
          "z": 0.2378050982952118
        },
        "tail": {
          "x": 0.6026202440261841,
          "y": -0.29165366291999817,
          "z": 0.21068276464939117
        }
      },
      "world_space": {
        "head": {
          "x": 0.5978794693946838,
          "y": -0.24842311441898346,
          "z": 1.1876591444015503
        },
        "tail": {
          "x": 0.6026202440261841,
          "y": -0.22840966284275055,
          "z": 1.160536766052246
        },
        "rotation_quaternion": {
          "w": 0.6042212247848511,
          "x": -0.24574637413024902,
          "y": 0.6549039483070374,
          "z": -0.3816101551055908
        },
        "matrix": [
          [
            -0.14904966950416565,
            0.13927702605724335,
            0.9789718985557556,
            0.5978794693946838
          ],
          [
            -0.7830349802970886,
            0.5879638195037842,
            -0.20286670327186584,
            -0.24842311441898346
          ],
          [
            -0.603859543800354,
            -0.7968116402626038,
            0.021423079073429108,
            1.1876591444015503
          ],
          [
            0.0,
            0.0,
            0.0,
            1.0
          ]
        ]
      },
      "bone_length_armature_space": 0.03403871542731136,
      "parent": "metacarpal_thumb_l",
      "has_children": true,
      "is_end_bone": false
    },
    "thumb_02_l": {
      "name": "thumb_02_l",
      "local": {
        "location": {
          "x": 0.0,
          "y": 0.0,
          "z": 0.0
        },
        "rotation_quaternion": {
          "w": 0.9982655048370361,
          "x": 0.05806928128004074,
          "y": -0.0008207309292629361,
          "z": 0.009666871279478073
        },
        "scale": {
          "x": 1.0,
          "y": 1.0,
          "z": 1.0
        },
        "matrix_basis": [
          [
            0.9998117685317993,
            -0.019395526498556137,
            -0.0005159181891940534,
            0.0
          ],
          [
            0.019204890355467796,
            0.9930689930915833,
            -0.1159529909491539,
            0.0
          ],
          [
            0.002761311363428831,
            0.115921251475811,
            0.993254542350769,
            0.0
          ],
          [
            0.0,
            0.0,
            0.0,
            1.0
          ]
        ],
        "rotation_mode": "QUATERNION"
      },
      "armature_space": {
        "head": {
          "x": 0.6026201844215393,
          "y": -0.2916536331176758,
          "z": 0.21068279445171356
        },
        "tail": {
          "x": 0.6268759369850159,
          "y": -0.3081260025501251,
          "z": 0.1832326352596283
        }
      },
      "world_space": {
        "head": {
          "x": 0.6026201844215393,
          "y": -0.22840963304042816,
          "z": 1.160536766052246
        },
        "tail": {
          "x": 0.6268759369850159,
          "y": -0.2448820024728775,
          "z": 1.1330866813659668
        },
        "rotation_quaternion": {
          "w": 0.3291066586971283,
          "x": 0.06097366660833359,
          "y": 0.4320034086704254,
          "z": -0.8374629020690918
        },
        "matrix": [
          [
            -0.7759413123130798,
            0.6039111614227295,
            0.1822260320186615,
            0.6026201844215393
          ],
          [
            -0.49854975938796997,
            -0.4101232588291168,
            -0.7637061476707458,
            -0.22840963304042816
          ],
          [
            -0.38647881150245667,
            -0.6834448575973511,
            0.6193151473999023,
            1.160536766052246
          ],
          [
            0.0,
            0.0,
            0.0,
            1.0
          ]
        ]
      },
      "bone_length_armature_space": 0.04016455857469658,
      "parent": "thumb_01_l",
      "has_children": true,
      "is_end_bone": false
    },
    "thumb_03_l": {
      "name": "thumb_03_l",
      "local": {
        "location": {
          "x": 0.0,
          "y": 0.0,
          "z": 0.0
        },
        "rotation_quaternion": {
          "w": 0.9964219331741333,
          "x": 0.08427412062883377,
          "y": -0.00012228685955051333,
          "z": -0.00641965214163065
        },
        "scale": {
          "x": 1.0,
          "y": 1.0,
          "z": 1.0
        },
        "matrix_basis": [
          [
            0.9999175667762756,
            0.012772752903401852,
            -0.0013257196405902505,
            0.0
          ],
          [
            -0.012813976034522057,
            0.9857133030891418,
            -0.16794359683990479,
            0.0
          ],
          [
            -0.0008383224485442042,
            0.1679467409849167,
            0.9857957363128662,
            0.0
          ],
          [
            0.0,
            0.0,
            0.0,
            1.0
          ]
        ],
        "rotation_mode": "QUATERNION"
      },
      "armature_space": {
        "head": {
          "x": 0.6268758177757263,
          "y": -0.30812594294548035,
          "z": 0.1832326054573059
        },
        "tail": {
          "x": 0.6477858424186707,
          "y": -0.32782208919525146,
          "z": 0.17314670979976654
        }
      },
      "world_space": {
        "head": {
          "x": 0.6268758177757263,
          "y": -0.24488194286823273,
          "z": 1.1330866813659668
        },
        "tail": {
          "x": 0.6477858424186707,
          "y": -0.26457810401916504,
          "z": 1.1230007410049438
        },
        "rotation_quaternion": {
          "w": 0.2885861098766327,
          "x": 0.32324713468551636,
          "y": 0.3053620755672455,
          "z": -0.8479288816452026
        },
        "matrix": [
          [
            -0.6244588494300842,
            0.6868161559104919,
            -0.3719336986541748,
            0.6268758177757263
          ],
          [
            -0.2919876277446747,
            -0.6469438672065735,
            -0.7044196128845215,
            -0.24488194286823273
          ],
          [
            -0.7244324088096619,
            -0.3312835991382599,
            0.6045353412628174,
            1.1330866813659668
          ],
          [
            0.0,
            0.0,
            0.0,
            1.0
          ]
        ]
      },
      "bone_length_armature_space": 0.030444911033243025,
      "parent": "thumb_02_l",
      "has_children": false,
      "is_end_bone": true
    },
    "metacarpal_index_l": {
      "name": "metacarpal_index_l",
      "local": {
        "location": {
          "x": 0.0,
          "y": 0.0,
          "z": 0.0
        },
        "rotation_quaternion": {
          "w": 0.9990689754486084,
          "x": 0.039283860474824905,
          "y": -0.014674881473183632,
          "z": -0.010136152617633343
        },
        "scale": {
          "x": 1.0,
          "y": 1.0,
          "z": 1.0
        },
        "matrix_basis": [
          [
            0.9993638396263123,
            0.019100459292531013,
            -0.03011881187558174,
            0.0
          ],
          [
            -0.021406402811408043,
            0.9967080950737,
            -0.07819707691669464,
            0.0
          ],
          [
            0.02852606400847435,
            0.07879206538200378,
            0.9964828491210938,
            0.0
          ],
          [
            0.0,
            0.0,
            0.0,
            1.0
          ]
        ],
        "rotation_mode": "QUATERNION"
      },
      "armature_space": {
        "head": {
          "x": 0.5916944146156311,
          "y": -0.30050724744796753,
          "z": 0.2856675982475281
        },
        "tail": {
          "x": 0.6380826830863953,
          "y": -0.34557968378067017,
          "z": 0.18796412646770477
        }
      },
      "world_space": {
        "head": {
          "x": 0.5916944146156311,
          "y": -0.2372632473707199,
          "z": 1.2355215549468994
        },
        "tail": {
          "x": 0.6380826830863953,
          "y": -0.28233569860458374,
          "z": 1.1378180980682373
        },
        "rotation_quaternion": {
          "w": 0.5030766129493713,
          "x": -0.8320364356040955,
          "y": -0.23362179100513458,
          "z": -0.007092057261615992
        },
        "matrix": [
          [
            0.8907406330108643,
            0.39589959383010864,
            -0.22325924038887024,
            0.5916944146156311
          ],
          [
            0.38162994384765625,
            -0.38466978073120117,
            0.8404690623283386,
            -0.2372632473707199
          ],
          [
            0.2468624711036682,
            -0.8338484764099121,
            -0.4937308728694916,
            1.2355215549468994
          ],
          [
            0.0,
            0.0,
            0.0,
            1.0
          ]
        ]
      },
      "bone_length_armature_space": 0.11717237235815908,
      "parent": "lowerarm_l",
      "has_children": true,
      "is_end_bone": false
    },
    "index_01_l": {
      "name": "index_01_l",
      "local": {
        "location": {
          "x": 0.0,
          "y": 0.0,
          "z": 0.0
        },
        "rotation_quaternion": {
          "w": 0.9970561861991882,
          "x": -0.07369247078895569,
          "y": -0.020350314676761627,
          "z": -0.005871678236871958
        },
        "scale": {
          "x": 1.0,
          "y": 1.0,
          "z": 1.0
        },
        "matrix_basis": [
          [
            0.999102771282196,
            0.014708115719258785,
            -0.039715416729450226,
            0.0
          ],
          [
            -0.008709455840289593,
            0.9890698790550232,
            0.14719004929065704,
            0.0
          ],
          [
            0.04144621267914772,
            -0.14671207964420319,
            0.9883105754852295,
            0.0
          ],
          [
            0.0,
            0.0,
            0.0,
            1.0
          ]
        ],
        "rotation_mode": "QUATERNION"
      },
      "armature_space": {
        "head": {
          "x": 0.6380826830863953,
          "y": -0.34557968378067017,
          "z": 0.18796412646770477
        },
        "tail": {
          "x": 0.6587498188018799,
          "y": -0.3582931160926819,
          "z": 0.17298710346221924
        }
      },
      "world_space": {
        "head": {
          "x": 0.6380826830863953,
          "y": -0.28233569860458374,
          "z": 1.1378180980682373
        },
        "tail": {
          "x": 0.6587498188018799,
          "y": -0.29504913091659546,
          "z": 1.1228411197662354
        },
        "rotation_quaternion": {
          "w": 0.373847633600235,
          "x": -0.8390198349952698,
          "y": -0.37054988741874695,
          "z": -0.13775554299354553
        },
        "matrix": [
          [
            0.6874319911003113,
            0.7247968316078186,
            -0.045901037752628326,
            0.6380826830863953
          ],
          [
            0.5188004374504089,
            -0.44586101174354553,
            0.7294207811355591,
            -0.28233569860458374
          ],
          [
            0.5082204341888428,
            -0.5252445936203003,
            -0.6825280785560608,
            1.1378180980682373
          ],
          [
            0.0,
            0.0,
            0.0,
            1.0
          ]
        ]
      },
      "bone_length_armature_space": 0.028514436444324383,
      "parent": "metacarpal_index_l",
      "has_children": true,
      "is_end_bone": false
    },
    "index_02_l": {
      "name": "index_02_l",
      "local": {
        "location": {
          "x": 0.0,
          "y": 0.0,
          "z": 0.0
        },
        "rotation_quaternion": {
          "w": 0.9988261461257935,
          "x": 0.04760606959462166,
          "y": 0.008006889373064041,
          "z": -0.003988013137131929
        },
        "scale": {
          "x": 1.0,
          "y": 1.0,
          "z": 1.0
        },
        "matrix_basis": [
          [
            0.9998399615287781,
            0.008729016408324242,
            0.015615273267030716,
            0.0
          ],
          [
            -0.00720431050285697,
            0.9954355359077454,
            -0.0951642394065857,
            0.0
          ],
          [
            -0.01637468859553337,
            0.09503651410341263,
            0.9953390955924988,
            0.0
          ],
          [
            0.0,
            0.0,
            0.0,
            1.0
          ]
        ],
        "rotation_mode": "QUATERNION"
      },
      "armature_space": {
        "head": {
          "x": 0.6587499380111694,
          "y": -0.35829317569732666,
          "z": 0.17298656702041626
        },
        "tail": {
          "x": 0.6778172850608826,
          "y": -0.3681170344352722,
          "z": 0.15891459584236145
        }
      },
      "world_space": {
        "head": {
          "x": 0.6587499380111694,
          "y": -0.29504919052124023,
          "z": 1.1228406429290771
        },
        "tail": {
          "x": 0.6778172850608826,
          "y": -0.3048730492591858,
          "z": 1.1087685823440552
        },
        "rotation_quaternion": {
          "w": 0.38686272501945496,
          "x": -0.8240165710449219,
          "y": -0.39857593178749084,
          "z": -0.11167460680007935
        },
        "matrix": [
          [
            0.6573312878608704,
            0.743272066116333,
            -0.12434700131416321,
            0.6587499380111694
          ],
          [
            0.570463240146637,
            -0.38294821977615356,
            0.7265831232070923,
            -0.29504919052124023
          ],
          [
            0.49243447184562683,
            -0.548545241355896,
            -0.6757373809814453,
            1.1228406429290771
          ],
          [
            0.0,
            0.0,
            0.0,
            1.0
          ]
        ]
      },
      "bone_length_armature_space": 0.02565330930254929,
      "parent": "index_01_l",
      "has_children": true,
      "is_end_bone": false
    },
    "index_03_l": {
      "name": "index_03_l",
      "local": {
        "location": {
          "x": 0.0,
          "y": 0.0,
          "z": 0.0
        },
        "rotation_quaternion": {
          "w": 0.9995326995849609,
          "x": 0.029898809269070625,
          "y": -0.006363662425428629,
          "z": 0.0001001753262244165
        },
        "scale": {
          "x": 1.0,
          "y": 1.0,
          "z": 1.0
        },
        "matrix_basis": [
          [
            0.9999189972877502,
            -0.0005807888810522854,
            -0.012715387158095837,
            0.0
          ],
          [
            -0.00018027483019977808,
            0.9982120990753174,
            -0.05977094918489456,
            0.0
          ],
          [
            0.01272736769169569,
            0.059768401086330414,
            0.9981311559677124,
            0.0
          ],
          [
            0.0,
            0.0,
            0.0,
            1.0
          ]
        ],
        "rotation_mode": "QUATERNION"
      },
      "armature_space": {
        "head": {
          "x": 0.6778172850608826,
          "y": -0.36811715364456177,
          "z": 0.15891467034816742
        },
        "tail": {
          "x": 0.7004708647727966,
          "y": -0.3744400143623352,
          "z": 0.14157763123512268
        }
      },
      "world_space": {
        "head": {
          "x": 0.6778172850608826,
          "y": -0.30487316846847534,
          "z": 1.1087687015533447
        },
        "tail": {
          "x": 0.7004708647727966,
          "y": -0.3111960291862488,
          "z": 1.0914316177368164
        },
        "rotation_quaternion": {
          "w": 0.45332393050193787,
          "x": -0.7703171968460083,
          "y": -0.4316229224205017,
          "z": -0.12169872969388962
        },
        "matrix": [
          [
            0.5977811217308044,
            0.7753112316131592,
            -0.20383891463279724,
            0.6778172850608826
          ],
          [
            0.5546380877494812,
            -0.21639741957187653,
            0.8034608960151672,
            -0.30487316846847534
          ],
          [
            0.5788265466690063,
            -0.5933547019958496,
            -0.5593786835670471,
            1.1087687015533447
          ],
          [
            0.0,
            0.0,
            0.0,
            1.0
          ]
        ]
      },
      "bone_length_armature_space": 0.02921876434824092,
      "parent": "index_02_l",
      "has_children": false,
      "is_end_bone": true
    },
    "metacarpal_pinky_l": {
      "name": "metacarpal_pinky_l",
      "local": {
        "location": {
          "x": 0.0,
          "y": 0.0,
          "z": 0.0
        },
        "rotation_quaternion": {
          "w": 0.999120831489563,
          "x": -0.0388374999165535,
          "y": 0.01489613950252533,
          "z": -0.0052317357622087
        },
        "scale": {
          "x": 1.0,
          "y": 1.0,
          "z": 1.0
        },
        "matrix_basis": [
          [
            0.9995014667510986,
            0.009297214448451996,
            0.03017246164381504,
            0.0
          ],
          [
            -0.011611330322921276,
            0.9969285726547241,
            0.07745084166526794,
            0.0
          ],
          [
            -0.029359711334109306,
            -0.07776257395744324,
            0.9965395331382751,
            0.0
          ],
          [
            0.0,
            0.0,
            0.0,
            1.0
          ]
        ],
        "rotation_mode": "QUATERNION"
      },
      "armature_space": {
        "head": {
          "x": 0.5916944146156311,
          "y": -0.30050724744796753,
          "z": 0.2856675982475281
        },
        "tail": {
          "x": 0.6773351430892944,
          "y": -0.3471463918685913,
          "z": 0.24914781749248505
        }
      },
      "world_space": {
        "head": {
          "x": 0.5916944146156311,
          "y": -0.2372632473707199,
          "z": 1.2355215549468994
        },
        "tail": {
          "x": 0.6773351430892944,
          "y": -0.2839024066925049,
          "z": 1.1990017890930176
        },
        "rotation_quaternion": {
          "w": 0.25649961829185486,
          "x": 0.5201256275177002,
          "y": 0.458545446395874,
          "z": -0.6733598709106445
        },
        "matrix": [
          [
            -0.3273555040359497,
            0.8224343657493591,
            -0.46523115038871765,
            0.5916944146156311
          ],
          [
            0.13156746327877045,
            -0.44789010286331177,
            -0.8843556642532349,
            -0.2372632473707199
          ],
          [
            -0.9357033967971802,
            -0.35071074962615967,
            0.03841301053762436,
            1.2355215549468994
          ],
          [
            0.0,
            0.0,
            0.0,
            1.0
          ]
        ]
      },
      "bone_length_armature_space": 0.10413087227370593,
      "parent": "lowerarm_l",
      "has_children": true,
      "is_end_bone": false
    },
    "pinky_01_l": {
      "name": "pinky_01_l",
      "local": {
        "location": {
          "x": 0.0,
          "y": 0.0,
          "z": 0.0
        },
        "rotation_quaternion": {
          "w": 0.9933334589004517,
          "x": -0.11482703685760498,
          "y": -0.00998806394636631,
          "z": 0.0019182327669113874
        },
        "scale": {
          "x": 1.0,
          "y": 1.0,
          "z": 1.0
        },
        "matrix_basis": [
          [
            0.9997931122779846,
            -0.0015170900151133537,
            -0.02028348669409752,
            0.0
          ],
          [
            0.0061046890914440155,
            0.9736221432685852,
            0.2280847579240799,
            0.0
          ],
          [
            0.01940242573618889,
            -0.22816139459609985,
            0.9734299778938293,
            0.0
          ],
          [
            0.0,
            0.0,
            0.0,
            1.0
          ]
        ],
        "rotation_mode": "QUATERNION"
      },
      "armature_space": {
        "head": {
          "x": 0.6773351430892944,
          "y": -0.3471463918685913,
          "z": 0.24914781749248505
        },
        "tail": {
