{
  "metadata": {
    "armature_name": "KIM_caucasian_male",
    "export_time": "2026-01-13T21:08:23.062066",
    "blender_version": "4.4.1",
    "bone_count": 56,
    "end_bone_count": 13,
    "spaces_included": [
      "LOCAL_CHANNELS",
      "ARMATURE_SPACE",
      "WORLD_SPACE"
    ],
    "note": "LOCAL matches Transform panel; replay pose via local.matrix_basis for best fidelity."
  },
  "bones": {
    "Root": {
      "name": "Root",
      "local": {
        "location": {
          "x": 0.0,
          "y": 0.0,
          "z": 0.0
        },
        "rotation_quaternion": {
          "w": 0.9999208450317383,
          "x": 0.008720031939446926,
          "y": 0.001293823355808854,
          "z": 0.008978419005870819
        },
        "scale": {
          "x": 1.0,
          "y": 1.0,
          "z": 1.0
        },
        "matrix_basis": [
          [
            0.9998354315757751,
            -0.01793285273015499,
            0.002744026016443968,
            0.0
          ],
          [
            0.01797798089683056,
            0.9996867179870605,
            -0.017415450885891914,
            0.0
          ],
          [
            -0.0024308576248586178,
            0.01746191643178463,
            0.9998445510864258,
            0.0
          ],
          [
            0.0,
            0.0,
            0.0,
            1.0
          ]
        ],
        "rotation_mode": "QUATERNION"
      },
      "armature_space": {
        "head": {
          "x": 0.0,
          "y": 0.07072800397872925,
          "z": -0.009595036506652832
        },
        "tail": {
          "x": -0.0012799729593098164,
          "y": -0.00014539062976837158,
          "z": -0.0012380611151456833
        }
      },
      "world_space": {
        "head": {
          "x": 0.0,
          "y": 0.13397200405597687,
          "z": 0.9402589797973633
        },
        "tail": {
          "x": -0.0012799729593098164,
          "y": 0.06309860944747925,
          "z": 0.9486159682273865
        },
        "rotation_quaternion": {
          "w": 0.05866209790110588,
          "x": 0.9982367157936096,
          "y": -0.008870860561728477,
          "z": 0.0018957407446578145
        },
        "matrix": [
          [
            0.9998354315757751,
            -0.01793285273015499,
            0.002744026016443968,
            0.0
          ],
          [
            -0.017488019540905952,
            -0.9929601550102234,
            -0.1171514242887497,
            0.13397200405597687
          ],
          [
            0.004825584590435028,
            0.11708404123783112,
            -0.9931173324584961,
            0.9402589797973633
          ],
          [
            0.0,
            0.0,
            0.0,
            1.0
          ]
        ]
      },
      "bone_length_armature_space": 0.07137587394502064,
      "parent": null,
      "has_children": true,
      "is_end_bone": false
    },
    "spine_01": {
      "name": "spine_01",
      "local": {
        "location": {
          "x": 0.0,
          "y": 0.0,
          "z": 0.0
        },
        "rotation_quaternion": {
          "w": 0.9979053139686584,
          "x": 0.05477428808808327,
          "y": 0.02422386407852173,
          "z": 0.024455009028315544
        },
        "scale": {
          "x": 1.0,
          "y": 1.0,
          "z": 1.0
        },
        "matrix_basis": [
          [
            0.9976302981376648,
            -0.046153876930475235,
            0.051025256514549255,
            0.0
          ],
          [
            0.05146125704050064,
            0.9928034543991089,
            -0.10813431441783905,
            0.0
          ],
          [
            -0.04566723480820656,
            0.1105038970708847,
            0.992825984954834,
            0.0
          ],
          [
            0.0,
            0.0,
            0.0,
            1.0
          ]
        ],
        "rotation_mode": "QUATERNION"
      },
      "armature_space": {
        "head": {
          "x": -0.0012799729593098164,
          "y": -0.00014539062976837158,
          "z": -0.0012380611151456833
        },
        "tail": {
          "x": -0.026838291436433792,
          "y": -0.03942745551466942,
          "z": 0.48451101779937744
        }
      },
      "world_space": {
        "head": {
          "x": -0.0012799729593098164,
          "y": 0.06309860944747925,
          "z": 0.9486159682273865
        },
        "tail": {
          "x": -0.026838291436433792,
          "y": 0.0238165445625782,
          "z": 1.4343650341033936
        },
        "rotation_quaternion": {
          "w": 0.6780062317848206,
          "x": 0.7343924045562744,
          "y": -0.0077168699353933334,
          "z": 0.03026450425386429
        },
        "matrix": [
          [
            0.9980490207672119,
            -0.05237347260117531,
            0.03398749232292175,
            -0.0012799729593098164
          ],
          [
            0.029704272747039795,
            -0.08049583435058594,
            -0.9963123798370361,
            0.06309860944747925
          ],
          [
            0.05491659417748451,
            0.995384931564331,
            -0.0787845104932785,
            0.9486159682273865
          ],
          [
            0.0,
            0.0,
            0.0,
            1.0
          ]
        ]
      },
      "bone_length_armature_space": 0.4880045718471566,
      "parent": "Root",
      "has_children": true,
      "is_end_bone": false
    },
    "neck_01": {
      "name": "neck_01",
      "local": {
        "location": {
          "x": 0.0,
          "y": 0.0,
          "z": 0.0
        },
        "rotation_quaternion": {
          "w": 0.9944943189620972,
          "x": 0.004469927400350571,
          "y": 0.064518503844738,
          "z": -0.0824526697397232
        },
        "scale": {
          "x": 1.0,
          "y": 1.0,
          "z": 1.0
        },
        "matrix_basis": [
          [
            0.9780778288841248,
            0.16457420587539673,
            0.12758944928646088,
            0.0
          ],
          [
            -0.163420632481575,
            0.9863631725311279,
            -0.019530080258846283,
            0.0
          ],
          [
            -0.129063680768013,
            -0.001748810987919569,
            0.9916347861289978,
            0.0
          ],
          [
            0.0,
            0.0,
            0.0,
            1.0
          ]
        ],
        "rotation_mode": "QUATERNION"
      },
      "armature_space": {
        "head": {
          "x": -0.02949429675936699,
          "y": -0.07987378537654877,
          "z": 0.5546593070030212
        },
        "tail": {
          "x": -0.01625566929578781,
          "y": -0.12504394352436066,
          "z": 0.6457369327545166
        }
      },
      "world_space": {
        "head": {
          "x": -0.02949429675936699,
          "y": -0.016629785299301147,
          "z": 1.5045132637023926
        },
        "tail": {
          "x": -0.01625566929578781,
          "y": -0.06179994344711304,
          "z": 1.5955909490585327
        },
        "rotation_quaternion": {
          "w": 0.518949568271637,
          "x": 0.8476570844650269,
          "y": 0.1019556075334549,
          "z": 0.042120158672332764
        },
        "matrix": [
          [
            0.9756618142127991,
            0.12913046777248383,
            0.1772269308567047,
            -0.02949429675936699
          ],
          [
            0.21656368672847748,
            -0.4405927062034607,
            -0.8711938858032227,
            -0.016629785299301147
          ],
          [
            -0.034412793815135956,
            0.8883770704269409,
            -0.45783835649490356,
            1.5045132637023926
          ],
          [
            0.0,
            0.0,
            0.0,
            1.0
          ]
        ]
      },
      "bone_length_armature_space": 0.10252189080891835,
      "parent": "spine_01",
      "has_children": true,
      "is_end_bone": false
    },
    "head": {
      "name": "head",
      "local": {
        "location": {
          "x": 0.0,
          "y": 0.0,
          "z": 0.0
        },
        "rotation_quaternion": {
          "w": 0.9691637754440308,
          "x": 0.02361186407506466,
          "y": -0.1227218508720398,
          "z": -0.21237540245056152
        },
        "scale": {
          "x": 1.0,
          "y": 1.0,
          "z": 1.0
        },
        "matrix_basis": [
          [
            0.8796720504760742,
            0.40585771203041077,
            -0.24790430068969727,
            0.0
          ],
          [
            -0.417448490858078,
            0.9086783528327942,
            0.006358678452670574,
            0.0
          ],
          [
            0.22784598171710968,
            0.09789372980594635,
            0.9687636494636536,
            0.0
          ],
          [
            0.0,
            0.0,
            0.0,
            1.0
          ]
        ],
        "rotation_mode": "QUATERNION"
      },
      "armature_space": {
        "head": {
          "x": -0.01625565066933632,
          "y": -0.125044047832489,
          "z": 0.645736813545227
        },
        "tail": {
          "x": 0.05622367933392525,
          "y": -0.13988934457302094,
          "z": 0.7820438146591187
        }
      },
      "world_space": {
        "head": {
          "x": -0.01625565066933632,
          "y": -0.061800047755241394,
          "z": 1.5955908298492432
        },
        "tail": {
          "x": 0.05622367933392525,
          "y": -0.07664534449577332,
          "z": 1.7318978309631348
        },
        "rotation_quaternion": {
          "w": 0.6519088745117188,
          "x": 0.718762218952179,
          "y": 0.16478705406188965,
          "z": -0.17675092816352844
        },
        "matrix": [
          [
            0.8832087516784668,
            0.46733659505844116,
            -0.03922928869724274,
            -0.01625565066933632
          ],
          [
            0.006437048316001892,
            -0.09572038799524307,
            -0.9953877329826355,
            -0.061800047755241394
          ],
          [
            -0.46893930435180664,
            0.8788884878158569,
            -0.08755078166723251,
            1.5955908298492432
          ],
          [
            0.0,
            0.0,
            0.0,
            1.0
          ]
        ]
      },
      "bone_length_armature_space": 0.15509105343108556,
      "parent": "neck_01",
      "has_children": false,
      "is_end_bone": true
    },
    "upperarm_l": {
      "name": "upperarm_l",
      "local": {
        "location": {
          "x": 0.0,
          "y": 0.0,
          "z": 0.0
        },
        "rotation_quaternion": {
          "w": 0.6617839932441711,
          "x": 0.26978811621665955,
          "y": 0.3582073450088501,
          "z": 0.6007860898971558
        },
        "scale": {
          "x": 1.0,
          "y": 1.0,
          "z": 1.0
        },
        "matrix_basis": [
          [
            0.021487144753336906,
            -0.6019010543823242,
            0.7982816696166992,
            0.0
          ],
          [
            0.9884613752365112,
            0.13254089653491974,
            0.07332906872034073,
            0.0
          ],
          [
            -0.14994187653064728,
            0.7874948978424072,
            0.5978037118911743,
            0.0
          ],
          [
            0.0,
            0.0,
            0.0,
            1.0
          ]
        ],
        "rotation_mode": "QUATERNION"
      },
      "armature_space": {
        "head": {
          "x": 0.12384135276079178,
          "y": -0.07318557053804398,
          "z": 0.4957479238510132
        },
        "tail": {
          "x": 0.1701863557100296,
          "y": -0.2967565059661865,
          "z": 0.636019229888916
        }
      },
      "world_space": {
        "head": {
          "x": 0.12384135276079178,
          "y": -0.009941570460796356,
          "z": 1.4456019401550293
        },
        "tail": {
          "x": 0.1701863557100296,
          "y": -0.2335125058889389,
          "z": 1.5858732461929321
        },
        "rotation_quaternion": {
          "w": 0.26882055401802063,
          "x": 0.9566568732261658,
          "y": 0.1028493195772171,
          "z": 0.04433106258511543
        },
        "matrix": [
          [
            0.9749136567115784,
            0.17294883728027344,
            0.14011549949645996,
            0.12384135276079178
          ],
          [
            0.22061750292778015,
            -0.8343150615692139,
            -0.505219578742981,
            -0.009941570460796356
          ],
          [
            0.029523730278015137,
            0.5234601497650146,
            -0.8515467643737793,
            1.4456019401550293
          ],
          [
            0.0,
            0.0,
            0.0,
            1.0
          ]
        ]
      },
      "bone_length_armature_space": 0.2679698962313602,
      "parent": "spine_01",
      "has_children": true,
      "is_end_bone": false
    },
    "lowerarm_l": {
      "name": "lowerarm_l",
      "local": {
        "location": {
          "x": 0.0,
          "y": 0.0,
          "z": 0.0
        },
        "rotation_quaternion": {
          "w": 0.9442636966705322,
          "x": 0.0628126710653305,
          "y": -0.04668407142162323,
          "z": 0.3197520077228546
        },
        "scale": {
          "x": 1.0,
          "y": 1.0,
          "z": 1.0
        },
        "matrix_basis": [
          [
            0.7911584973335266,
            -0.6097251176834106,
            -0.0479951910674572,
            0.0
          ],
          [
            0.5979956984519958,
            0.7876264452934265,
            -0.14847810566425323,
            0.0
          ],
          [
            0.12833310663700104,
            0.08876879513263702,
            0.9877503514289856,
            0.0
          ],
          [
            0.0,
            0.0,
            0.0,
            1.0
          ]
        ],
        "rotation_mode": "QUATERNION"
      },
      "armature_space": {
        "head": {
          "x": 0.17018626630306244,
          "y": -0.2967566251754761,
          "z": 0.636019229888916
        },
        "tail": {
          "x": 0.032764822244644165,
          "y": -0.512912392616272,
          "z": 0.7132296562194824
        }
      },
      "world_space": {
        "head": {
          "x": 0.17018626630306244,
          "y": -0.23351262509822845,
          "z": 1.5858732461929321
        },
        "tail": {
          "x": 0.032764822244644165,
          "y": -0.44966840744018555,
          "z": 1.6630836725234985
        },
        "rotation_quaternion": {
          "w": 0.15181511640548706,
          "x": 0.9507853388786316,
          "y": -0.27011042833328247,
          "z": 0.00014457275392487645
        },
        "matrix": [
          [
            0.8540806770324707,
            -0.5136780142784119,
            -0.08173922449350357,
            0.17018626630306244
          ],
          [
            -0.5135902166366577,
            -0.8079850673675537,
            -0.28876563906669617,
            -0.23351262509822845
          ],
          [
            0.08228849619626999,
            0.2886107265949249,
            -0.9539112448692322,
            1.5858732461929321
          ],
          [
            0.0,
            0.0,
            0.0,
            1.0
          ]
        ]
      },
      "bone_length_armature_space": 0.2675246164323606,
      "parent": "upperarm_l",
      "has_children": true,
      "is_end_bone": false
    },
    "metacarpal_thumb_l": {
      "name": "metacarpal_thumb_l",
      "local": {
        "location": {
          "x": 0.0,
          "y": 0.0,
          "z": 0.0
        },
        "rotation_quaternion": {
          "w": 0.9998034238815308,
          "x": -0.013893279246985912,
          "y": -0.012283321470022202,
          "z": 0.007027211133390665
        },
        "scale": {
          "x": 1.0,
          "y": 1.0,
          "z": 1.0
        },
        "matrix_basis": [
          [
            0.9995994567871094,
            -0.013710347935557365,
            -0.024757076054811478,
            0.0
          ],
          [
            0.014392971061170101,
            0.999515175819397,
            0.027608461678028107,
            0.0
          ],
          [
            0.024366552010178566,
            -0.027953730896115303,
            0.9993122220039368,
            0.0
          ],
          [
            0.0,
            0.0,
            0.0,
            1.0
          ]
        ],
        "rotation_mode": "QUATERNION"
      },
      "armature_space": {
        "head": {
          "x": 0.032764822244644165,
          "y": -0.512912392616272,
          "z": 0.7132296562194824
        },
        "tail": {
          "x": 0.016878684982657433,
          "y": -0.5568276643753052,
          "z": 0.6967169642448425
        }
      },
      "world_space": {
        "head": {
          "x": 0.032764822244644165,
          "y": -0.44966840744018555,
          "z": 1.6630836725234985
        },
        "tail": {
          "x": 0.016878684982657433,
          "y": -0.49358367919921875,
          "z": 1.6465709209442139
        },
        "rotation_quaternion": {
          "w": 0.008116097189486027,
          "x": 0.649116575717926,
          "y": -0.23800739645957947,
          "z": 0.7224502563476562
        },
        "matrix": [
          [
            -0.1571645587682724,
            -0.32071393728256226,
            0.9340460896492004,
            0.032764822244644165
          ],
          [
            -0.29726141691207886,
            -0.8865742087364197,
            -0.35443174839019775,
            -0.44966840744018555
          ],
          [
            0.9417786002159119,
            -0.3333631157875061,
            0.04400205984711647,
            1.6630836725234985
          ],
          [
            0.0,
            0.0,
            0.0,
            1.0
          ]
        ]
      },
      "bone_length_armature_space": 0.049533720460663504,
      "parent": "lowerarm_l",
      "has_children": true,
      "is_end_bone": false
    },
    "thumb_01_l": {
      "name": "thumb_01_l",
      "local": {
        "location": {
          "x": 0.0,
          "y": 0.0,
          "z": 0.0
        },
        "rotation_quaternion": {
          "w": 0.9958927631378174,
          "x": -0.08890710026025772,
          "y": -0.01223752275109291,
          "z": 0.011971655301749706
        },
        "scale": {
          "x": 1.0,
          "y": 1.0,
          "z": 1.0
        },
        "matrix_basis": [
          [
            0.9994138479232788,
            -0.021668964996933937,
            -0.026503251865506172,
            0.0
          ],
          [
            0.026020975783467293,
            0.9839044213294983,
            0.17679086327552795,
            0.0
          ],
          [
            0.02224579080939293,
            -0.1773768812417984,
            0.9838915467262268,
            0.0
          ],
          [
            0.0,
            0.0,
            0.0,
            1.0
          ]
        ],
        "rotation_mode": "QUATERNION"
      },
      "armature_space": {
        "head": {
          "x": 0.016878684982657433,
          "y": -0.5568276643753052,
          "z": 0.6967169642448425
        },
        "tail": {
          "x": 0.03485953435301781,
          "y": -0.581292986869812,
          "z": 0.6813297867774963
        }
      },
      "world_space": {
        "head": {
          "x": 0.016878684982657433,
          "y": -0.49358367919921875,
          "z": 1.6465709209442139
        },
        "tail": {
          "x": 0.03485953435301781,
          "y": -0.5180490016937256,
          "z": 1.6311838626861572
        },
        "rotation_quaternion": {
          "w": 0.2657899856567383,
          "x": 0.06965740770101547,
          "y": 0.2645355463027954,
          "z": -0.924405038356781
        },
        "matrix": [
          [
            -0.8490070104598999,
            0.5282491445541382,
            0.011839598417282104,
            0.016878684982657433
          ],
          [
            -0.4545423686504364,
            -0.7187531590461731,
            -0.5261038541793823,
            -0.49358367919921875
          ],
          [
            -0.2694062888622284,
            -0.45205122232437134,
            0.8503435254096985,
            1.6465709209442139
          ],
          [
            0.0,
            0.0,
            0.0,
            1.0
          ]
        ]
      },
      "bone_length_armature_space": 0.03403862749358965,
      "parent": "metacarpal_thumb_l",
      "has_children": true,
      "is_end_bone": false
    },
    "thumb_02_l": {
      "name": "thumb_02_l",
      "local": {
        "location": {
          "x": 0.0,
          "y": 0.0,
          "z": 0.0
        },
        "rotation_quaternion": {
          "w": 0.9959763288497925,
          "x": 0.08932924270629883,
          "y": -0.00606248015537858,
          "z": -0.0038397605530917645
        },
        "scale": {
          "x": 1.0,
          "y": 1.0,
          "z": 1.0
        },
        "matrix_basis": [
          [
            0.9998970031738281,
            0.006565507501363754,
            -0.012762179598212242,
            0.0
          ],
          [
            -0.008731734938919544,
            0.9840111136436462,
            -0.17789307236671448,
            0.0
          ],
          [
            0.01139016728848219,
            0.17798617482185364,
            0.9839670658111572,
            0.0
          ],
          [
            0.0,
            0.0,
            0.0,
            1.0
          ]
        ],
        "rotation_mode": "QUATERNION"
      },
      "armature_space": {
        "head": {
          "x": 0.0348595567047596,
          "y": -0.581292986869812,
          "z": 0.6813297271728516
        },
        "tail": {
          "x": 0.019128071144223213,
          "y": -0.617030680179596,
          "z": 0.6907382011413574
        }
      },
      "world_space": {
        "head": {
          "x": 0.0348595567047596,
          "y": -0.5180490016937256,
          "z": 1.6311837434768677
        },
        "tail": {
          "x": 0.019128071144223213,
          "y": -0.5537866950035095,
          "z": 1.6405922174453735
        },
        "rotation_quaternion": {
          "w": 0.13991621136665344,
          "x": -0.3724965453147888,
          "y": 0.1884966492652893,
          "z": 0.89785236120224
        },
        "matrix": [
          [
            -0.6833397150039673,
            -0.39167729020118713,
            -0.6161460876464844,
            0.0348595567047596
          ],
          [
            0.11081963032484055,
            -0.8897848129272461,
            0.44272124767303467,
            -0.5180490016937256
          ],
          [
            -0.7216460704803467,
            0.23424893617630005,
            0.6514357328414917,
            1.6311837434768677
          ],
          [
            0.0,
            0.0,
            0.0,
            1.0
          ]
        ]
      },
      "bone_length_armature_space": 0.04016443385019385,
      "parent": "thumb_01_l",
      "has_children": true,
      "is_end_bone": false
    },
    "thumb_03_l": {
      "name": "thumb_03_l",
      "local": {
        "location": {
          "x": 0.0,
          "y": 0.0,
          "z": 0.0
        },
        "rotation_quaternion": {
          "w": 0.9980498552322388,
          "x": 0.0623098760843277,
          "y": 0.000556684797629714,
          "z": 0.0036929508205503225
        },
        "scale": {
          "x": 1.0,
          "y": 1.0,
          "z": 1.0
        },
        "matrix_basis": [
          [
            0.9999721050262451,
            -0.007302124053239822,
            0.0015714130131527781,
            0.0
          ],
          [
            0.007440872024744749,
            0.9922077059745789,
            -0.12437261641025543,
            0.0
          ],
          [
            -0.0006509837694466114,
            0.12438083440065384,
            0.9922343492507935,
            0.0
          ],
          [
            0.0,
            0.0,
            0.0,
            1.0
          ]
        ],
        "rotation_mode": "QUATERNION"
      },
      "armature_space": {
        "head": {
          "x": 0.019128089770674706,
          "y": -0.6170306205749512,
          "z": 0.6907380819320679
        },
        "tail": {
          "x": 0.003480261191725731,
          "y": -0.6370792388916016,
          "z": 0.7074740529060364
        }
      },
      "world_space": {
        "head": {
          "x": 0.019128089770674706,
          "y": -0.5537866353988647,
          "z": 1.640592098236084
        },
        "tail": {
          "x": 0.003480261191725731,
          "y": -0.5738352537155151,
          "z": 1.6573281288146973
        },
        "rotation_quaternion": {
          "w": 0.0773170217871666,
          "x": -0.48648419976234436,
          "y": 0.4059081971645355,
          "z": 0.769801139831543
        },
        "matrix": [
          [
            -0.5147114992141724,
            -0.5139723420143127,
            -0.6862249970436096,
            0.019128089770674706
          ],
          [
            -0.27589744329452515,
            -0.6585223078727722,
            0.7001636624336243,
            -0.5537866353988647
          ],
          [
            -0.8117648363113403,
            0.5497134327888489,
            0.197147399187088,
            1.640592098236084
          ],
          [
            0.0,
            0.0,
            0.0,
            1.0
          ]
        ]
      },
      "bone_length_armature_space": 0.030444939950734433,
      "parent": "thumb_02_l",
      "has_children": false,
      "is_end_bone": true
    },
    "metacarpal_index_l": {
      "name": "metacarpal_index_l",
      "local": {
        "location": {
          "x": 0.0,
          "y": 0.0,
          "z": 0.0
        },
        "rotation_quaternion": {
          "w": 0.9991297721862793,
          "x": -0.04158824682235718,
          "y": -0.0025379485450685024,
          "z": -0.0019196223001927137
        },
        "scale": {
          "x": 1.0,
          "y": 1.0,
          "z": 1.0
        },
        "matrix_basis": [
          [
            0.9999797344207764,
            0.004047001246362925,
            -0.004911812487989664,
            0.0
          ],
          [
            -0.003624805947765708,
            0.9965334534645081,
            0.08311385661363602,
            0.0
          ],
          [
            0.005231147166341543,
            -0.08309436589479446,
            0.9965279698371887,
            0.0
          ],
          [
            0.0,
            0.0,
            0.0,
            1.0
          ]
        ],
        "rotation_mode": "QUATERNION"
      },
      "armature_space": {
        "head": {
          "x": 0.032764822244644165,
          "y": -0.512912392616272,
          "z": 0.7132296562194824
        },
        "tail": {
          "x": -0.02932993695139885,
          "y": -0.6121984720230103,
          "z": 0.7171974182128906
        }
      },
      "world_space": {
        "head": {
          "x": 0.032764822244644165,
          "y": -0.44966840744018555,
          "z": 1.6630836725234985
        },
        "tail": {
          "x": -0.02932993695139885,
          "y": -0.5489544868469238,
          "z": 1.6670514345169067
        },
        "rotation_quaternion": {
          "w": 0.14942814409732819,
          "x": 0.8398654460906982,
          "y": -0.2323651909828186,
          "z": 0.4672299921512604
        },
        "matrix": [
          [
            0.45540493726730347,
            -0.5299465656280518,
            0.7153762578964233,
            0.032764822244644165
          ],
          [
            -0.2506764233112335,
            -0.8473549485206604,
            -0.46813613176345825,
            -0.44966840744018555
          ],
          [
            0.8542702198028564,
            0.0338628813624382,
            -0.5187387466430664,
            1.6630836725234985
          ],
          [
            0.0,
            0.0,
            0.0,
            1.0
          ]
        ]
      },
      "bone_length_armature_space": 0.11717178641706795,
      "parent": "lowerarm_l",
      "has_children": true,
      "is_end_bone": false
    },
    "index_01_l": {
      "name": "index_01_l",
      "local": {
        "location": {
          "x": 0.0,
          "y": 0.0,
          "z": 0.0
        },
        "rotation_quaternion": {
          "w": 0.9899582862854004,
          "x": -0.14096510410308838,
          "y": -0.006041554734110832,
          "z": -0.008667174726724625
        },
        "scale": {
          "x": 1.0,
          "y": 1.0,
          "z": 1.0
        },
        "matrix_basis": [
          [
            0.9997767806053162,
            0.018863579258322716,
            -0.009518235921859741,
            0.0
          ],
          [
            -0.01545698568224907,
            0.9601074457168579,
            0.279203861951828,
            0.0
          ],
          [
            0.014405312947928905,
            -0.2789944112300873,
            0.9601846933364868,
            0.0
          ],
          [
            0.0,
            0.0,
            0.0,
            1.0
          ]
        ],
        "rotation_mode": "QUATERNION"
      },
      "armature_space": {
        "head": {
          "x": -0.02932993695139885,
          "y": -0.6121984720230103,
          "z": 0.7171974182128906
        },
        "tail": {
          "x": -0.046141594648361206,
          "y": -0.6297605633735657,
          "z": 0.7320975065231323
        }
      },
      "world_space": {
        "head": {
          "x": -0.02932993695139885,
          "y": -0.5489544868469238,
          "z": 1.6670514345169067
        },
        "tail": {
          "x": -0.046141594648361206,
          "y": -0.5665165781974792,
          "z": 1.6819515228271484
        },
        "rotation_quaternion": {
          "w": 0.40718382596969604,
          "x": 0.8026483058929443,
          "y": -0.1620173454284668,
          "z": 0.4046078622341156
        },
        "matrix": [
          [
            0.6200862526893616,
            -0.5895854234695435,
            0.5175734162330627,
            -0.02932993695139885
          ],
          [
            0.06941257417201996,
            -0.6159040927886963,
            -0.7847577333450317,
            -0.5489544868469238
          ],
          [
            0.781462550163269,
            0.5225465297698975,
            -0.34099218249320984,
            1.6670514345169067
          ],
          [
            0.0,
            0.0,
            0.0,
            1.0
          ]
        ]
      },
      "bone_length_armature_space": 0.02851440914138824,
      "parent": "metacarpal_index_l",
      "has_children": true,
      "is_end_bone": false
    },
    "index_02_l": {
      "name": "index_02_l",
      "local": {
        "location": {
          "x": 0.0,
          "y": 0.0,
          "z": 0.0
        },
        "rotation_quaternion": {
          "w": 0.9995657205581665,
          "x": 0.02604684978723526,
          "y": 0.011193615384399891,
          "z": 0.008043152280151844
        },
        "scale": {
          "x": 1.0,
          "y": 1.0,
          "z": 1.0
        },
        "matrix_basis": [
          [
            0.9996200203895569,
            -0.015496201813220978,
            0.02279650606215,
            0.0
          ],
          [
            0.016662435606122017,
            0.9985137581825256,
            -0.051891013979911804,
            0.0
          ],
          [
            -0.02195851132273674,
            0.052251141518354416,
            0.9983925223350525,
            0.0
          ],
          [
            0.0,
            0.0,
            0.0,
            1.0
          ]
        ],
        "rotation_mode": "QUATERNION"
      },
      "armature_space": {
        "head": {
          "x": -0.04614180326461792,
          "y": -0.6297610998153687,
          "z": 0.7320973873138428
        },
        "tail": {
          "x": -0.0608491450548172,
          "y": -0.6458696722984314,
          "z": 0.7455992698669434
        }
      },
      "world_space": {
        "head": {
          "x": -0.04614180326461792,
          "y": -0.5665171146392822,
          "z": 1.6819514036178589
        },
        "tail": {
          "x": -0.0608491450548172,
          "y": -0.582625687122345,
          "z": 1.6954532861709595
        },
        "rotation_quaternion": {
          "w": 0.3995359539985657,
          "x": 0.815562903881073,
          "y": -0.1624947190284729,
          "z": 0.38577669858932495
        },
        "matrix": [
          [
            0.6495441198348999,
            -0.5733126997947693,
            0.4994048476219177,
            -0.04614180326461792
          ],
          [
            0.04321293532848358,
            -0.6279335021972656,
            -0.7770668864250183,
            -0.5665171146392822
          ],
          [
            0.7591003775596619,
            0.5263228416442871,
            -0.38309940695762634,
            1.6819514036178589
          ],
          [
            0.0,
            0.0,
            0.0,
            1.0
          ]
        ]
      },
      "bone_length_armature_space": 0.025653320363979316,
      "parent": "index_01_l",
      "has_children": true,
      "is_end_bone": false
    },
    "index_03_l": {
      "name": "index_03_l",
      "local": {
        "location": {
          "x": 0.0,
          "y": 0.0,
          "z": 0.0
        },
        "rotation_quaternion": {
          "w": 0.9993540048599243,
          "x": 0.03535424917936325,
          "y": 0.003834726754575968,
          "z": -0.005191296339035034
        },
        "scale": {
          "x": 1.0,
          "y": 1.0,
          "z": 1.0
        },
        "matrix_basis": [
          [
            0.999916672706604,
            0.010647033341228962,
            0.00729743018746376,
            0.0
          ],
          [
            -0.010104738175868988,
            0.9974462389945984,
            -0.07070263475179672,
            0.0
          ],
          [
            -0.008031567558646202,
            0.0706230029463768,
            0.9974707365036011,
            0.0
          ],
          [
            0.0,
            0.0,
            0.0,
            1.0
          ]
        ],
        "rotation_mode": "QUATERNION"
      },
      "armature_space": {
        "head": {
          "x": -0.060849227011203766,
          "y": -0.6458694934844971,
          "z": 0.7455993294715881
        },
        "tail": {
          "x": -0.07299530506134033,
          "y": -0.6673195958137512,
          "z": 0.7612868547439575
        }
      },
      "world_space": {
        "head": {
          "x": -0.060849227011203766,
          "y": -0.5826255083084106,
          "z": 1.695453405380249
        },
        "tail": {
          "x": -0.07299530506134033,
          "y": -0.6040756106376648,
          "z": 1.7111408710479736
        },
        "rotation_quaternion": {
          "w": 0.3569492697715759,
          "x": 0.8370274901390076,
          "y": -0.07433484494686127,
          "z": 0.4079785943031311
        },
        "matrix": [
          [
            0.6560562252998352,
            -0.4156956076622009,
            0.6299107670783997,
            -0.060849227011203766
          ],
          [
            0.1668141782283783,
            -0.7341237664222717,
            -0.658206582069397,
            -0.5826255083084106
          ],
          [
            0.736051082611084,
            0.5369014739990234,
            -0.41228604316711426,
            1.695453405380249
          ],
          [
            0.0,
            0.0,
            0.0,
            1.0
          ]
        ]
      },
      "bone_length_armature_space": 0.02921870178275095,
      "parent": "index_02_l",
      "has_children": false,
      "is_end_bone": true
    },
    "metacarpal_pinky_l": {
      "name": "metacarpal_pinky_l",
      "local": {
        "location": {
          "x": 0.0,
          "y": 0.0,
          "z": 0.0
        },
        "rotation_quaternion": {
          "w": 0.999630331993103,
          "x": 0.02623683400452137,
          "y": -0.003301805816590786,
          "z": 0.006323662586510181
        },
        "scale": {
          "x": 1.0,
          "y": 1.0,
          "z": 1.0
        },
        "matrix_basis": [
          [
            0.9998981952667236,
            -0.012815907597541809,
            -0.0062693445943295956,
            0.0
          ],
          [
            0.012469392269849777,
            0.9985432624816895,
            -0.05249603092670441,
            0.0
          ],
          [
            0.006932996213436127,
            0.05241250991821289,
            0.9986014366149902,
            0.0
          ],
          [
            0.0,
            0.0,
            0.0,
            1.0
          ]
        ],
        "rotation_mode": "QUATERNION"
      },
      "armature_space": {
        "head": {
          "x": 0.032764822244644165,
          "y": -0.512912392616272,
          "z": 0.7132296562194824
        },
        "tail": {
          "x": -0.01992112770676613,
          "y": -0.5813528895378113,
          "z": 0.7713962197303772
        }
      },
      "world_space": {
        "head": {
          "x": 0.032764822244644165,
          "y": -0.44966840744018555,
          "z": 1.6630836725234985
        },
        "tail": {
          "x": -0.01992112770676613,
          "y": -0.5181089043617249,
          "z": 1.721250295639038
        },
        "rotation_quaternion": {
          "w": 0.05968867614865303,
          "x": 0.7019949555397034,
          "y": -0.40964457392692566,
          "z": -0.5795098543167114
        },
        "matrix": [
          [
            -0.007281361613422632,
            -0.5059595108032227,
            -0.8625266551971436,
            0.032764822244644165
          ],
          [
            -0.6443179845809937,
            -0.6572552919387817,
            0.39098602533340454,
            -0.44966840744018555
          ],
          [
            -0.7647292613983154,
            0.5585914254188538,
            -0.321214884519577,
            1.6630836725234985
          ],
          [
            0.0,
            0.0,
            0.0,
            1.0
          ]
        ]
      },
      "bone_length_armature_space": 0.10413097624498062,
      "parent": "lowerarm_l",
      "has_children": true,
      "is_end_bone": false
    },
    "pinky_01_l": {
      "name": "pinky_01_l",
      "local": {
        "location": {
          "x": 0.0,
          "y": 0.0,
          "z": 0.0
        },
        "rotation_quaternion": {
          "w": 0.9961520433425903,
          "x": -0.08426254242658615,
          "y": 0.02089182287454605,
          "z": -0.012023435905575752
        },
        "scale": {
          "x": 1.0,
          "y": 1.0,
          "z": 1.0
        },
        "matrix_basis": [
          [
            0.998837947845459,
            0.020433545112609863,
            0.04364911466836929,
            0.0
          ],
          [
            -0.027475137263536453,
            0.985510528087616,
            0.16737422347068787,
            0.0
          ],
          [
            -0.03959661349654198,
            -0.16837899386882782,
            0.984926700592041,
            0.0
          ],
          [
            0.0,
            0.0,
            0.0,
            1.0
          ]
        ],
        "rotation_mode": "QUATERNION"
      },
      "armature_space": {
        "head": {
          "x": -0.01992112770676613,
          "y": -0.5813528895378113,
