{
  "metadata": {
    "armature_name": "KIM_caucasian_male",
    "export_time": "2026-01-13T21:04:29.725130",
    "blender_version": "4.4.1",
    "bone_count": 56,
    "end_bone_count": 13,
    "spaces_included": [
      "LOCAL_CHANNELS",
      "ARMATURE_SPACE",
      "WORLD_SPACE"
    ],
    "note": "LOCAL matches Transform panel; replay pose via local.matrix_basis for best fidelity."
  },
  "bones": {
    "Root": {
      "name": "Root",
      "local": {
        "location": {
          "x": 0.0,
          "y": 0.0,
          "z": 0.0
        },
        "rotation_quaternion": {
          "w": 0.9997826814651489,
          "x": -0.006389995105564594,
          "y": 0.001271888380870223,
          "z": 0.019807441160082817
        },
        "scale": {
          "x": 1.0,
          "y": 1.0,
          "z": 1.0
        },
        "matrix_basis": [
          [
            0.9992120862007141,
            -0.03962252661585808,
            0.002290084958076477,
            0.0
          ],
          [
            0.0395900197327137,
            0.9991336464881897,
            0.012827598489820957,
            0.0
          ],
          [
            -0.002796362852677703,
            -0.012726827524602413,
            0.9999151229858398,
            0.0
          ],
          [
            0.0,
            0.0,
            0.0,
            1.0
          ]
        ],
        "rotation_mode": "QUATERNION"
      },
      "armature_space": {
        "head": {
          "x": 0.0,
          "y": 0.07072800397872925,
          "z": -0.009595036506652832
        },
        "tail": {
          "x": -0.0028280923143029213,
          "y": 0.00018339604139328003,
          "z": 0.0008918363600969315
        }
      },
      "world_space": {
        "head": {
          "x": 0.0,
          "y": 0.13397200405597687,
          "z": 0.9402589797973633
        },
        "tail": {
          "x": -0.0028280923143029213,
          "y": 0.0634273961186409,
          "z": 0.9507458806037903
        },
        "rotation_quaternion": {
          "w": 0.07372849434614182,
          "x": 0.9970808625221252,
          "y": -0.019676757976412773,
          "z": 0.0026033855974674225
        },
        "matrix": [
          [
            0.9992120862007141,
            -0.03962252661585808,
            0.002290084958076477,
            0.0
          ],
          [
            -0.038854751735925674,
            -0.9883537888526917,
            -0.14712944626808167,
            0.13397200405597687
          ],
          [
            0.008093073964118958,
            0.14692462980747223,
            -0.989121675491333,
            0.9402589797973633
          ],
          [
            0.0,
            0.0,
            0.0,
            1.0
          ]
        ]
      },
      "bone_length_armature_space": 0.07137586670260035,
      "parent": null,
      "has_children": true,
      "is_end_bone": false
    },
    "spine_01": {
      "name": "spine_01",
      "local": {
        "location": {
          "x": 0.0,
          "y": 0.0,
          "z": 0.0
        },
        "rotation_quaternion": {
          "w": 0.9976771473884583,
          "x": 0.046390093863010406,
          "y": 0.04950261488556862,
          "z": 0.006146709900349379
        },
        "scale": {
          "x": 1.0,
          "y": 1.0,
          "z": 1.0
        },
        "matrix_basis": [
          [
            0.9950234293937683,
            -0.007672002073377371,
            0.09934554994106293,
            0.0
          ],
          [
            0.016857726499438286,
            0.9956203699111938,
            -0.09195611625909805,
            0.0
          ],
          [
            -0.09820496290922165,
            0.09317322820425034,
            0.9907948970794678,
            0.0
          ],
          [
            0.0,
            0.0,
            0.0,
            1.0
          ]
        ],
        "rotation_mode": "QUATERNION"
      },
      "armature_space": {
        "head": {
          "x": -0.0028280923143029213,
          "y": 0.00018339604139328003,
          "z": 0.0008918363600969315
        },
        "tail": {
          "x": -0.011156387627124786,
          "y": -0.016059909015893936,
          "z": 0.4885549545288086
        }
      },
      "world_space": {
        "head": {
          "x": -0.0028280923143029213,
          "y": 0.0634273961186409,
          "z": 0.9507458806037903
        },
        "tail": {
          "x": -0.011156387627124786,
          "y": 0.047184091061353683,
          "z": 1.4384089708328247
        },
        "rotation_quaternion": {
          "w": 0.6950759887695312,
          "x": 0.718239963054657,
          "y": 0.015048443339765072,
          "z": 0.027826407924294472
        },
        "matrix": [
          [
            0.9979984760284424,
            -0.01706613600254059,
            0.06089155748486519,
            -0.0028280923143029213
          ],
          [
            0.0602995902299881,
            -0.03328537568449974,
            -0.9976251721382141,
            0.0634273961186409
          ],
          [
            0.019052593037486076,
            0.9993071556091309,
            -0.03219081833958626,
            0.9507458806037903
          ],
          [
            0.0,
            0.0,
            0.0,
            1.0
          ]
        ]
      },
      "bone_length_armature_space": 0.48800463723324483,
      "parent": "Root",
      "has_children": true,
      "is_end_bone": false
    },
    "neck_01": {
      "name": "neck_01",
      "local": {
        "location": {
          "x": 0.0,
          "y": 0.0,
          "z": 0.0
        },
        "rotation_quaternion": {
          "w": 0.9862546920776367,
          "x": -0.08246121555566788,
          "y": 0.0183202363550663,
          "z": 0.14200778305530548
        },
        "scale": {
          "x": 1.0,
          "y": 1.0,
          "z": 1.0
        },
        "matrix_basis": [
          [
            0.9589962959289551,
            -0.2831330895423889,
            0.012716569006443024,
            0.0
          ],
          [
            0.27709028124809265,
            0.9460678696632385,
            0.16785874962806702,
            0.0
          ],
          [
            -0.05955710634589195,
            -0.1574522852897644,
            0.9857290387153625,
            0.0
          ],
          [
            0.0,
            0.0,
            0.0,
            1.0
          ]
        ],
        "rotation_mode": "QUATERNION"
      },
      "armature_space": {
        "head": {
          "x": -0.01029419805854559,
          "y": -0.05309509485960007,
          "z": 0.5606063008308411
        },
        "tail": {
          "x": -0.039539702236652374,
          "y": -0.07985155284404755,
          "z": 0.6551554203033447
        }
      },
      "world_space": {
        "head": {
          "x": -0.01029419805854559,
          "y": 0.010148905217647552,
          "z": 1.510460376739502
        },
        "tail": {
          "x": -0.039539702236652374,
          "y": -0.016607552766799927,
          "z": 1.6050094366073608
        },
        "rotation_quaternion": {
          "w": 0.600903332233429,
          "x": 0.785305380821228,
          "y": -0.09177637845277786,
          "z": 0.11742110550403595
        },
        "matrix": [
          [
            0.9555788636207581,
            -0.2852626144886017,
            0.07412388920783997,
            -0.01029419805854559
          ],
          [
            -0.0030289962887763977,
            -0.26098424196243286,
            -0.9653383493423462,
            0.010148905217647552
          ],
          [
            0.29472213983535767,
            0.9222384691238403,
            -0.25025781989097595,
            1.510460376739502
          ],
          [
            0.0,
            0.0,
            0.0,
            1.0
          ]
        ]
      },
      "bone_length_armature_space": 0.10252191877101392,
      "parent": "spine_01",
      "has_children": true,
      "is_end_bone": false
    },
    "head": {
      "name": "head",
      "local": {
        "location": {
          "x": 0.0,
          "y": 0.0,
          "z": 0.0
        },
        "rotation_quaternion": {
          "w": 0.9706434011459351,
          "x": 0.09440945088863373,
          "y": 0.04840279370546341,
          "z": 0.21586014330387115
        },
        "scale": {
          "x": 1.0,
          "y": 1.0,
          "z": 1.0
        },
        "matrix_basis": [
          [
            0.9021231532096863,
            -0.4099070727825165,
            0.13472217321395874,
            0.0
          ],
          [
            0.4281858205795288,
            0.8889825344085693,
            -0.16237935423851013,
            0.0
          ],
          [
            -0.053205229341983795,
            0.204172283411026,
            0.9774880409240723,
            0.0
          ],
          [
            0.0,
            0.0,
            0.0,
            1.0
          ]
        ],
        "rotation_mode": "QUATERNION"
      },
      "armature_space": {
        "head": {
          "x": -0.03953966870903969,
          "y": -0.0798516795039177,
          "z": 0.6551553010940552
        },
        "tail": {
          "x": -0.14188538491725922,
          "y": -0.09639565646648407,
          "z": 0.7705017924308777
        }
      },
      "world_space": {
        "head": {
          "x": -0.03953966870903969,
          "y": -0.016607679426670074,
          "z": 1.6050093173980713
        },
        "tail": {
          "x": -0.14188538491725922,
          "y": -0.03315165638923645,
          "z": 1.720355749130249
        },
        "rotation_quaternion": {
          "w": 0.6352047324180603,
          "x": 0.6823353171348572,
          "y": -0.20779532194137573,
          "z": 0.29623422026634216
        },
        "matrix": [
          [
            0.7381333112716675,
            -0.6599108576774597,
            0.14027541875839233,
            -0.03953966870903969
          ],
          [
            0.09276355803012848,
            -0.1066732332110405,
            -0.9899575114250183,
            -0.016607679426670074
          ],
          [
            0.6682520508766174,
            0.743738055229187,
            -0.017524555325508118,
            1.6050093173980713
          ],
          [
            0.0,
            0.0,
            0.0,
            1.0
          ]
        ]
      },
      "bone_length_armature_space": 0.15509082003324884,
      "parent": "neck_01",
      "has_children": false,
      "is_end_bone": true
    },
    "upperarm_l": {
      "name": "upperarm_l",
      "local": {
        "location": {
          "x": 0.0,
          "y": 0.0,
          "z": 0.0
        },
        "rotation_quaternion": {
          "w": 0.7065058350563049,
          "x": 0.5722740888595581,
          "y": 0.3297624886035919,
          "z": -0.2541823089122772
        },
        "scale": {
          "x": 1.0,
          "y": 1.0,
          "z": 1.0
        },
        "matrix_basis": [
          [
            0.6532961130142212,
            0.736591637134552,
            0.17503434419631958,
            0.0
          ],
          [
            0.01826648600399494,
            0.21578744053840637,
            -0.976269543170929,
            0.0
          ],
          [
            -0.7568821310997009,
            0.6409903764724731,
            0.12751813232898712,
            0.0
          ],
          [
            0.0,
            0.0,
            0.0,
            1.0
          ]
        ],
        "rotation_mode": "QUATERNION"
      },
      "armature_space": {
        "head": {
          "x": 0.14074675738811493,
          "y": -0.04499467462301254,
          "z": 0.4962003231048584
        },
        "tail": {
          "x": 0.2139923870563507,
          "y": -0.19884157180786133,
          "z": 0.28938037157058716
        }
      },
      "world_space": {
        "head": {
          "x": 0.14074675738811493,
          "y": 0.018249325454235077,
          "z": 1.4460543394088745
        },
        "tail": {
          "x": 0.2139923870563507,
          "y": -0.1355975717306137,
          "z": 1.239234447479248
        },
        "rotation_quaternion": {
          "w": 0.21416722238063812,
          "x": -0.6504607200622559,
          "y": -0.4087437391281128,
          "z": 0.6032925248146057
        },
        "matrix": [
          [
            -0.062066297978162766,
            0.2733357548713684,
            -0.9599142670631409,
            0.14074675738811493
          ],
          [
            0.7901546359062195,
            -0.5741211175918579,
            -0.21457098424434662,
            0.018249325454235077
          ],
          [
            -0.6097604632377625,
            -0.7718042135238647,
            -0.18034537136554718,
            1.4460543394088745
          ],
          [
            0.0,
            0.0,
            0.0,
            1.0
          ]
        ]
      },
      "bone_length_armature_space": 0.26797066648231693,
      "parent": "spine_01",
      "has_children": true,
      "is_end_bone": false
    },
    "lowerarm_l": {
      "name": "lowerarm_l",
      "local": {
        "location": {
          "x": 0.0,
          "y": 0.0,
          "z": 0.0
        },
        "rotation_quaternion": {
          "w": 0.9253693222999573,
          "x": 0.16671206057071686,
          "y": 0.008396961726248264,
          "z": -0.3403353691101074
        },
        "scale": {
          "x": 1.0,
          "y": 1.0,
          "z": 1.0
        },
        "matrix_basis": [
          [
            0.7682026624679565,
            0.632671594619751,
            -0.09793543815612793,
            0.0
          ],
          [
            -0.6270720958709717,
            0.7127578258514404,
            -0.3142560124397278,
            0.0
          ],
          [
            -0.12901660799980164,
            0.30282488465309143,
            0.9442731738090515,
            0.0
          ],
          [
            0.0,
            0.0,
            0.0,
            1.0
          ]
        ],
        "rotation_mode": "QUATERNION"
      },
      "armature_space": {
        "head": {
          "x": 0.21399237215518951,
          "y": -0.19884173572063446,
          "z": 0.28938037157058716
        },
        "tail": {
          "x": 0.13556692004203796,
          "y": -0.22109319269657135,
          "z": 0.03457731008529663
        }
      },
      "world_space": {
        "head": {
          "x": 0.21399237215518951,
          "y": -0.13559773564338684,
          "z": 1.239234447479248
        },
        "tail": {
          "x": 0.13556692004203796,
          "y": -0.15784919261932373,
          "z": 0.9844313263893127
        },
        "rotation_quaternion": {
          "w": 0.5238175392150879,
          "x": -0.4070003628730774,
          "y": -0.4289838671684265,
          "z": 0.6131385564804077
        },
        "matrix": [
          [
            -0.11993011832237244,
            -0.29315242171287537,
            -0.9485138654708862,
            0.21399237215518951
          ],
          [
            0.9915387034416199,
            -0.08317538350820541,
            -0.0996636152267456,
            -0.13559773564338684
          ],
          [
            -0.04967591166496277,
            -0.9524475932121277,
            0.30064916610717773,
            1.239234447479248
          ],
          [
            0.0,
            0.0,
            0.0,
            1.0
          ]
        ]
      },
      "bone_length_armature_space": 0.2675262168277744,
      "parent": "upperarm_l",
      "has_children": true,
      "is_end_bone": false
    },
    "metacarpal_thumb_l": {
      "name": "metacarpal_thumb_l",
      "local": {
        "location": {
          "x": 0.0,
          "y": 0.0,
          "z": 0.0
        },
        "rotation_quaternion": {
          "w": 0.99847412109375,
          "x": -0.05365695059299469,
          "y": 0.012973751872777939,
          "z": 0.001470179297029972
        },
        "scale": {
          "x": 1.0,
          "y": 1.0,
          "z": 1.0
        },
        "matrix_basis": [
          [
            0.9996590614318848,
            -0.004328135866671801,
            0.025750139728188515,
            0.0
          ],
          [
            0.0015436080284416676,
            0.9942375421524048,
            0.10718829929828644,
            0.0
          ],
          [
            -0.026065681129693985,
            -0.10711200535297394,
            0.993905246257782,
            0.0
          ],
          [
            0.0,
            0.0,
            0.0,
            1.0
          ]
        ],
        "rotation_mode": "QUATERNION"
      },
      "armature_space": {
        "head": {
          "x": 0.13556692004203796,
          "y": -0.22109319269657135,
          "z": 0.03457731008529663
        },
        "tail": {
          "x": 0.09558945894241333,
          "y": -0.22358976304531097,
          "z": 0.005436860024929047
        }
      },
      "world_space": {
        "head": {
          "x": 0.13556692004203796,
          "y": -0.15784919261932373,
          "z": 0.9844313263893127
        },
        "tail": {
          "x": 0.09558945894241333,
          "y": -0.16034576296806335,
          "z": 0.9552908539772034
        },
        "rotation_quaternion": {
          "w": 0.6254557967185974,
          "x": -0.6332276463508606,
          "y": 0.2891433835029602,
          "z": 0.3524543344974518
        },
        "matrix": [
          [
            0.5843436121940613,
            -0.8070765137672424,
            -0.08467594534158707,
            0.13556692004203796
          ],
          [
            0.07470522075891495,
            -0.050401557236909866,
            0.995931088924408,
            -0.15784919261932373
          ],
          [
            -0.8080660700798035,
            -0.5882958173751831,
            0.030842065811157227,
            0.9844313263893127
          ],
          [
            0.0,
            0.0,
            0.0,
            1.0
          ]
        ]
      },
      "bone_length_armature_space": 0.04953378731346486,
      "parent": "lowerarm_l",
      "has_children": true,
      "is_end_bone": false
    },
    "thumb_01_l": {
      "name": "thumb_01_l",
      "local": {
        "location": {
          "x": 0.0,
          "y": 0.0,
          "z": 0.0
        },
        "rotation_quaternion": {
          "w": 0.9812049865722656,
          "x": 0.19273364543914795,
          "y": 0.008208188228309155,
          "z": -0.0048077292740345
        },
        "scale": {
          "x": 1.0,
          "y": 1.0,
          "z": 1.0
        },
        "matrix_basis": [
          [
            0.9998190402984619,
            0.012598724104464054,
            0.014254608191549778,
            0.0
          ],
          [
            -0.006270747631788254,
            0.9256612658500671,
            -0.37830135226249695,
            0.0
          ],
          [
            -0.017961053177714348,
            0.3781434893608093,
            0.9255727529525757,
            0.0
          ],
          [
            0.0,
            0.0,
            0.0,
            1.0
          ]
        ],
        "rotation_mode": "QUATERNION"
      },
      "armature_space": {
        "head": {
          "x": 0.09558945894241333,
          "y": -0.22358976304531097,
          "z": 0.005436860024929047
        },
        "tail": {
          "x": 0.08086274564266205,
          "y": -0.19993659853935242,
          "z": -0.01411515288054943
        }
      },
      "world_space": {
        "head": {
          "x": 0.09558945894241333,
          "y": -0.16034576296806335,
          "z": 0.9552908539772034
        },
        "tail": {
          "x": 0.08086274564266205,
          "y": -0.1366925984621048,
          "z": 0.9357388615608215
        },
        "rotation_quaternion": {
          "w": 0.33574700355529785,
          "x": -0.3325880169868469,
          "y": 0.8571584224700928,
          "z": -0.20478935539722443
        },
        "matrix": [
          [
            -0.5533177852630615,
            -0.4326477646827698,
            0.7117973566055298,
            0.09558945894241333
          ],
          [
            -0.7076765298843384,
            0.6948927640914917,
            -0.1277417242527008,
            -0.16034576296806335
          ],
          [
            -0.43935924768447876,
            -0.5744074583053589,
            -0.690676212310791,
            0.9552908539772034
          ],
          [
            0.0,
            0.0,
            0.0,
            1.0
          ]
        ]
      },
      "bone_length_armature_space": 0.034038646731615635,
      "parent": "metacarpal_thumb_l",
      "has_children": true,
      "is_end_bone": false
    },
    "thumb_02_l": {
      "name": "thumb_02_l",
      "local": {
        "location": {
          "x": 0.0,
          "y": 0.0,
          "z": 0.0
        },
        "rotation_quaternion": {
          "w": 0.940489649772644,
          "x": 0.33973222970962524,
          "y": 0.0027386643923819065,
          "z": 0.007333953864872456
        },
        "scale": {
          "x": 1.0,
          "y": 1.0,
          "z": 1.0
        },
        "matrix_basis": [
          [
            0.9998774528503418,
            -0.011934190057218075,
            0.010134532116353512,
            0.0
          ],
          [
            0.015655839815735817,
            0.7690564393997192,
            -0.6389891505241394,
            0.0
          ],
          [
            -0.0001682100264588371,
            0.6390694379806519,
            0.7691490054130554,
            0.0
          ],
          [
            0.0,
            0.0,
            0.0,
            1.0
          ]
        ],
        "rotation_mode": "QUATERNION"
      },
      "armature_space": {
        "head": {
          "x": 0.08086273819208145,
          "y": -0.19993658363819122,
          "z": -0.014115097001194954
        },
        "tail": {
          "x": 0.09059358388185501,
          "y": -0.22712641954421997,
          "z": -0.04202952980995178
        }
      },
      "world_space": {
        "head": {
          "x": 0.08086273819208145,
          "y": -0.1366925835609436,
          "z": 0.9357389211654663
        },
        "tail": {
          "x": 0.09059358388185501,
          "y": -0.16388241946697235,
          "z": 0.9078245162963867
        },
        "rotation_quaternion": {
          "w": 0.20695286989212036,
          "x": -0.18686816096305847,
          "y": 0.3445127010345459,
          "z": -0.896416187286377
        },
        "matrix": [
          [
            -0.8445014357566833,
            0.2422753870487213,
            0.4776192903518677,
            0.08086273819208145
          ],
          [
            -0.4997890889644623,
            -0.6769633293151855,
            -0.5403069257736206,
            -0.1366925835609436
          ],
          [
            0.19242866337299347,
            -0.6950042247772217,
            0.6927874684333801,
            0.9357389211654663
          ],
          [
            0.0,
            0.0,
            0.0,
            1.0
          ]
        ]
      },
      "bone_length_armature_space": 0.04016456237892369,
      "parent": "thumb_01_l",
      "has_children": true,
      "is_end_bone": false
    },
    "thumb_03_l": {
      "name": "thumb_03_l",
      "local": {
        "location": {
          "x": 0.0,
          "y": 0.0,
          "z": 0.0
        },
        "rotation_quaternion": {
          "w": 0.9778467416763306,
          "x": 0.20927351713180542,
          "y": 0.003915261942893267,
          "z": -0.002263663336634636
        },
        "scale": {
          "x": 1.0,
          "y": 1.0,
          "z": 1.0
        },
        "matrix_basis": [
          [
            0.9999591112136841,
            0.006065752822905779,
            0.006709602661430836,
            0.0
          ],
          [
            -0.002788310404866934,
            0.9123989343643188,
            -0.4092925786972046,
            0.0
          ],
          [
            -0.00860450230538845,
            0.40925711393356323,
            0.9123785495758057,
            0.0
          ],
          [
            0.0,
            0.0,
            0.0,
            1.0
          ]
        ],
        "rotation_mode": "QUATERNION"
      },
      "armature_space": {
        "head": {
          "x": 0.09059349447488785,
          "y": -0.2271263748407364,
          "z": -0.04202952980995178
        },
        "tail": {
          "x": 0.1049216166138649,
          "y": -0.2537408769130707,
          "z": -0.04567161574959755
        }
      },
      "world_space": {
        "head": {
          "x": 0.09059349447488785,
          "y": -0.16388237476348877,
          "z": 0.9078245162963867
        },
        "tail": {
          "x": 0.1049216166138649,
          "y": -0.19049687683582306,
          "z": 0.9041823744773865
        },
        "rotation_quaternion": {
          "w": 0.2352435290813446,
          "x": 0.10172469168901443,
          "y": 0.08699056506156921,
          "z": -0.9626760482788086
        },
        "matrix": [
          [
            -0.868625283241272,
            0.4706249535083771,
            -0.15492752194404602,
            0.09059349447488785
          ],
          [
            -0.4352286756038666,
            -0.8741862773895264,
            -0.2153474986553192,
            -0.16388237476348877
          ],
          [
            -0.23678533732891083,
            -0.11962884664535522,
            0.9641762375831604,
            0.9078245162963867
          ],
          [
            0.0,
            0.0,
            0.0,
            1.0
          ]
        ]
      },
      "bone_length_armature_space": 0.0304448941696726,
      "parent": "thumb_02_l",
      "has_children": false,
      "is_end_bone": true
    },
    "metacarpal_index_l": {
      "name": "metacarpal_index_l",
      "local": {
        "location": {
          "x": 0.0,
          "y": 0.0,
          "z": 0.0
        },
        "rotation_quaternion": {
          "w": 0.999853253364563,
          "x": -0.012535888701677322,
          "y": -0.0050256154499948025,
          "z": 0.010544272139668465
        },
        "scale": {
          "x": 1.0,
          "y": 1.0,
          "z": 1.0
        },
        "matrix_basis": [
          [
            0.9997271299362183,
            -0.02095944806933403,
            -0.01031411997973919,
            0.0
          ],
          [
            0.021211450919508934,
            0.9994633197784424,
            0.02496211603283882,
            0.0
          ],
          [
            0.009785392321646214,
            -0.025174081325531006,
            0.9996351599693298,
            0.0
          ],
          [
            0.0,
            0.0,
            0.0,
            1.0
          ]
        ],
        "rotation_mode": "QUATERNION"
      },
      "armature_space": {
        "head": {
          "x": 0.13556692004203796,
          "y": -0.22109319269657135,
          "z": 0.03457731008529663
        },
        "tail": {
          "x": 0.06844596564769745,
          "y": -0.23188523948192596,
          "z": -0.060856714844703674
        }
      },
      "world_space": {
        "head": {
          "x": 0.13556692004203796,
          "y": -0.15784919261932373,
          "z": 0.9844313263893127
        },
        "tail": {
          "x": 0.06844596564769745,
          "y": -0.16864123940467834,
          "z": 0.8889973163604736
        },
        "rotation_quaternion": {
          "w": 0.6730557680130005,
          "x": -0.5844065546989441,
          "y": -0.030733849853277206,
          "z": 0.45223933458328247
        },
        "matrix": [
          [
            0.5890674591064453,
            -0.572842538356781,
            -0.5699570178985596,
            0.13556692004203796
          ],
          [
            0.6446890830993652,
            -0.0921044647693634,
            0.7588759660720825,
            -0.15784919261932373
          ],
          [
            -0.48721492290496826,
            -0.8144799470901489,
            0.3150523900985718,
            0.9844313263893127
          ],
          [
            0.0,
            0.0,
            0.0,
            1.0
          ]
        ]
      },
      "bone_length_armature_space": 0.11717228337428848,
      "parent": "lowerarm_l",
      "has_children": true,
      "is_end_bone": false
    },
    "index_01_l": {
      "name": "index_01_l",
      "local": {
        "location": {
          "x": 0.0,
          "y": 0.0,
          "z": 0.0
        },
        "rotation_quaternion": {
          "w": 0.9719552993774414,
          "x": 0.23498165607452393,
          "y": -0.009174656122922897,
          "z": 0.0015823951689526439
        },
        "scale": {
          "x": 1.0,
          "y": 1.0,
          "z": 1.0
        },
        "matrix_basis": [
          [
            0.9998266696929932,
            -0.007387786637991667,
            -0.017091043293476105,
            0.0
          ],
          [
            -0.001235717092640698,
            0.8895622491836548,
            -0.45681238174438477,
            0.0
          ],
          [
            0.01857837848365307,
            0.45675429701805115,
            0.8893988728523254,
            0.0
          ],
          [
            0.0,
            0.0,
            0.0,
            1.0
          ]
        ],
        "rotation_mode": "QUATERNION"
      },
      "armature_space": {
        "head": {
          "x": 0.06844596564769745,
          "y": -0.23188523948192596,
          "z": -0.060856714844703674
        },
        "tail": {
          "x": 0.05401670187711716,
          "y": -0.22100397944450378,
          "z": -0.08291278779506683
        }
      },
      "world_space": {
        "head": {
          "x": 0.06844596564769745,
          "y": -0.16864123940467834,
          "z": 0.8889973163604736
        },
        "tail": {
          "x": 0.05401670187711716,
          "y": -0.15775997936725616,
          "z": 0.8669412136077881
        },
        "rotation_quaternion": {
          "w": 0.827423632144928,
          "x": -0.43446022272109985,
          "y": -0.07857267558574677,
          "z": 0.3470459282398224
        },
        "matrix": [
          [
            0.746769905090332,
            -0.5060348510742188,
            -0.43158257007598877,
            0.06844596564769745
          ],
          [
            0.6425827145576477,
            0.38160598278045654,
            0.6644278764724731,
            -0.16864123940467834
          ],
          [
            -0.1715298742055893,
            -0.7735073566436768,
            0.6101458668708801,
            0.8889973163604736
          ],
          [
            0.0,
            0.0,
            0.0,
            1.0
          ]
        ]
      },
      "bone_length_armature_space": 0.02851448441577504,
      "parent": "metacarpal_index_l",
      "has_children": true,
      "is_end_bone": false
    },
    "index_02_l": {
      "name": "index_02_l",
      "local": {
        "location": {
          "x": 0.0,
          "y": 0.0,
          "z": 0.0
        },
        "rotation_quaternion": {
          "w": 0.9167197942733765,
          "x": 0.3994963765144348,
          "y": 0.0009068486979231238,
          "z": 0.005167977884411812
        },
        "scale": {
          "x": 1.0,
          "y": 1.0,
          "z": 1.0
        },
        "matrix_basis": [
          [
            0.9999449253082275,
            -0.008750610053539276,
            0.005791828967630863,
            0.0
          ],
          [
            0.010199740529060364,
            0.6807518601417542,
            -0.73244309425354,
            0.0
          ],
          [
            0.0024665244854986668,
            0.7324618697166443,
            0.680803656578064,
            0.0
          ],
          [
            0.0,
            0.0,
            0.0,
            1.0
          ]
        ],
        "rotation_mode": "QUATERNION"
      },
      "armature_space": {
        "head": {
          "x": 0.054016195237636566,
          "y": -0.22100378572940826,
          "z": -0.08291284739971161
        },
        "tail": {
          "x": 0.03634617105126381,
          "y": -0.2026214301586151,
          "z": -0.08573232591152191
        }
      },
      "world_space": {
        "head": {
          "x": 0.054016195237636566,
          "y": -0.15775978565216064,
          "z": 0.8669411540031433
        },
        "tail": {
          "x": 0.03634617105126381,
          "y": -0.1393774300813675,
          "z": 0.864121675491333
        },
        "rotation_quaternion": {
          "w": 0.9258385896682739,
          "x": -0.07263420522212982,
          "y": 0.033284030854701996,
          "z": 0.3693769872188568
        },
        "matrix": [
          [
            0.7249057292938232,
            -0.6888020634651184,
            0.007972151041030884,
            0.054016195237636566
          ],
          [
            0.679131805896759,
            0.7165697813034058,
            0.159084290266037,
            -0.15775978565216064
          ],
          [
            -0.11529047042131424,
            -0.10990706086158752,
            0.9872399568557739,
            0.8669411540031433
          ],
          [
            0.0,
            0.0,
            0.0,
            1.0
          ]
        ]
      },
      "bone_length_armature_space": 0.025653268938925233,
      "parent": "index_01_l",
      "has_children": true,
      "is_end_bone": false
    },
    "index_03_l": {
      "name": "index_03_l",
      "local": {
        "location": {
          "x": 0.0,
          "y": 0.0,
          "z": 0.0
        },
        "rotation_quaternion": {
          "w": 0.970612645149231,
          "x": 0.24050405621528625,
          "y": 0.007653692737221718,
          "z": 0.0032283212058246136
        },
        "scale": {
          "x": 1.0,
          "y": 1.0,
          "z": 1.0
        },
        "matrix_basis": [
          [
            0.999862015247345,
            -0.002585410373285413,
            0.01641038991510868,
            0.0
          ],
          [
            0.009948386810719967,
            0.8842947483062744,
            -0.46682313084602356,
            0.0
          ],
          [
            -0.01330469362437725,
            0.46692198514938354,
            0.8841984272003174,
            0.0
          ],
          [
            0.0,
            0.0,
            0.0,
            1.0
          ]
        ],
        "rotation_mode": "QUATERNION"
      },
      "armature_space": {
        "head": {
          "x": 0.036346159875392914,
          "y": -0.2026214897632599,
          "z": -0.08573246002197266
        },
        "tail": {
          "x": 0.02200835384428501,
          "y": -0.18049141764640808,
          "z": -0.07314589619636536
        }
      },
      "world_space": {
        "head": {
          "x": 0.036346159875392914,
          "y": -0.13937748968601227,
          "z": 0.8641215562820435
        },
        "tail": {
          "x": 0.02200835384428501,
          "y": -0.11724741756916046,
          "z": 0.8767081499099731
        },
        "rotation_quaternion": {
          "w": 0.9231528043746948,
          "x": 0.18083849549293518,
          "y": 0.16274534165859222,
          "z": 0.29765793681144714
        },
        "matrix": [
          [
            0.7698270678520203,
            -0.49070680141448975,
            0.4081341028213501,
            0.036346159875392914
          ],
          [
            0.6084291338920593,
            0.757394552230835,
            -0.2369970679283142,
            -0.13937748968601227
          ],
          [
            -0.1928233504295349,
            0.4307711124420166,
            0.8816289305686951,
            0.8641215562820435
          ],
          [
            0.0,
            0.0,
            0.0,
            1.0
          ]
        ]
      },
      "bone_length_armature_space": 0.029218733407910882,
      "parent": "index_02_l",
      "has_children": false,
      "is_end_bone": true
    },
    "metacarpal_pinky_l": {
      "name": "metacarpal_pinky_l",
      "local": {
        "location": {
          "x": 0.0,
          "y": 0.0,
          "z": 0.0
        },
        "rotation_quaternion": {
          "w": 0.9994692802429199,
          "x": 0.02831730619072914,
          "y": -0.008892964571714401,
          "z": 0.013422970660030842
        },
        "scale": {
          "x": 1.0,
          "y": 1.0,
          "z": 1.0
        },
        "matrix_basis": [
          [
            0.9994814991950989,
            -0.02733534388244152,
            -0.01701628416776657,
            0.0
          ],
          [
            0.02632804401218891,
            0.9980359077453613,
            -0.05684329569339752,
            0.0
          ],
          [
            0.01853669434785843,
            0.05636581405997276,
            0.9982380867004395,
            0.0
          ],
          [
            0.0,
            0.0,
            0.0,
            1.0
          ]
        ],
        "rotation_mode": "QUATERNION"
      },
      "armature_space": {
        "head": {
          "x": 0.13556692004203796,
          "y": -0.22109319269657135,
          "z": 0.03457731008529663
        },
        "tail": {
          "x": 0.13833771646022797,
          "y": -0.23185917735099792,
          "z": -0.0689590722322464
        }
      },
      "world_space": {
        "head": {
          "x": 0.13556692004203796,
          "y": -0.15784919261932373,
          "z": 0.9844313263893127
        },
        "tail": {
          "x": 0.13833771646022797,
          "y": -0.1686151772737503,
          "z": 0.8808949589729309
        },
        "rotation_quaternion": {
          "w": 0.03520192205905914,
          "x": -0.05887972563505173,
          "y": -0.6686303019523621,
          "z": 0.740423858165741
        },
        "matrix": [
          [
            -0.9905881285667419,
            0.026608772575855255,
            -0.13426589965820312,
            0.13556692004203796
          ],
          [
            0.13086597621440887,
            -0.10338903963565826,
            -0.9859943389892578,
            -0.15784919261932373
          ],
          [
            -0.04011792317032814,
            -0.9942920207977295,
            0.0989336296916008,
            0.9844313263893127
          ],
          [
            0.0,
            0.0,
            0.0,
            1.0
          ]
        ]
      },
      "bone_length_armature_space": 0.10413148617349395,
      "parent": "lowerarm_l",
      "has_children": true,
      "is_end_bone": false
    },
    "pinky_01_l": {
      "name": "pinky_01_l",
      "local": {
        "location": {
          "x": 0.0,
          "y": 0.0,
          "z": 0.0
        },
        "rotation_quaternion": {
          "w": 0.9510113596916199,
          "x": 0.30870282649993896,
          "y": -0.007771878503262997,
          "z": -0.014817788265645504
        },
        "scale": {
          "x": 1.0,
          "y": 1.0,
          "z": 1.0
        },
        "matrix_basis": [
          [
            0.99944007396698,
            0.023385368287563324,
            -0.023930875584483147,
            0.0
          ],
          [
            -0.03298217058181763,
            0.8089659810066223,
            -0.586929440498352,
            0.0
          ],
          [
            0.0056337034329771996,
            0.587390124797821,
            0.8092843294143677,
            0.0
          ],
          [
            0.0,
            0.0,
            0.0,
            1.0
          ]
        ],
        "rotation_mode": "QUATERNION"
      },
      "armature_space": {
        "head": {
          "x": 0.13833771646022797,
