{
  "metadata": {
    "armature_name": "KIM_caucasian_male",
    "export_time": "2026-01-13T20:56:13.608537",
    "blender_version": "4.4.1",
    "bone_count": 56,
    "end_bone_count": 13,
    "spaces_included": [
      "LOCAL_CHANNELS",
      "ARMATURE_SPACE",
      "WORLD_SPACE"
    ],
    "note": "LOCAL matches Transform panel; replay pose via local.matrix_basis for best fidelity."
  },
  "bones": {
    "Root": {
      "name": "Root",
      "local": {
        "location": {
          "x": 0.0,
          "y": 0.0,
          "z": 0.0
        },
        "rotation_quaternion": {
          "w": 0.9996958374977112,
          "x": -0.00047471668221987784,
          "y": 0.0001791196846170351,
          "z": -0.024657554924488068
        },
        "scale": {
          "x": 1.0,
          "y": 1.0,
          "z": 1.0
        },
        "matrix_basis": [
          [
            0.9987839460372925,
            0.0492999404668808,
            0.00038154111825861037,
            0.0
          ],
          [
            -0.04930027946829796,
            0.9987835884094238,
            0.0009403112926520407,
            0.0
          ],
          [
            -0.00033471969072707,
            -0.0009579778998158872,
            0.999999463558197,
            0.0
          ],
          [
            0.0,
            0.0,
            0.0,
            1.0
          ]
        ],
        "rotation_mode": "QUATERNION"
      },
      "armature_space": {
        "head": {
          "x": 0.0,
          "y": 0.07072800397872925,
          "z": -0.009595036506652832
        },
        "tail": {
          "x": 0.0035188260953873396,
          "y": 9.523332118988037e-05,
          "z": 5.6084245443344116e-05
        }
      },
      "world_space": {
        "head": {
          "x": 0.0,
          "y": 0.13397200405597687,
          "z": 0.9402589797973633
        },
        "tail": {
          "x": 0.0035188260953873396,
          "y": 0.0633392333984375,
          "z": 0.9499101042747498
        },
        "rotation_quaternion": {
          "w": 0.06782081723213196,
          "x": 0.9973928332328796,
          "y": 0.02461361140012741,
          "z": -0.0014824150130152702
        },
        "matrix": [
          [
            0.9987839460372925,
            0.0492999404668808,
            0.00038154111825861037,
            0.0
          ],
          [
            0.04889778792858124,
            -0.9895889759063721,
            -0.13536138832569122,
            0.13397200405597687
          ],
          [
            -0.006295737344771624,
            0.13521546125411987,
            -0.9908032417297363,
            0.9402589797973633
          ],
          [
            0.0,
            0.0,
            0.0,
            1.0
          ]
        ]
      },
      "bone_length_armature_space": 0.07137586892613655,
      "parent": null,
      "has_children": true,
      "is_end_bone": false
    },
    "spine_01": {
      "name": "spine_01",
      "local": {
        "location": {
          "x": 0.0,
          "y": 0.0,
          "z": 0.0
        },
        "rotation_quaternion": {
          "w": 0.9921180605888367,
          "x": 0.09674016386270523,
          "y": 0.015392179600894451,
          "z": 0.07814233750104904
        },
        "scale": {
          "x": 1.0,
          "y": 1.0,
          "z": 1.0
        },
        "matrix_basis": [
          [
            0.9873136878013611,
            -0.15207476913928986,
            0.04566072300076485,
            0.0
          ],
          [
            0.1580309271812439,
            0.9690702557563782,
            -0.1895497590303421,
            0.0
          ],
          [
            -0.015422713942825794,
            0.1943608820438385,
            0.9808088541030884,
            0.0
          ],
          [
            0.0,
            0.0,
            0.0,
            1.0
          ]
        ],
        "rotation_mode": "QUATERNION"
      },
      "armature_space": {
        "head": {
          "x": 0.0035188260953873396,
          "y": 9.523332118988037e-05,
          "z": 5.6084245443344116e-05
        },
        "tail": {
          "x": -0.06407131999731064,
          "y": -0.07556281983852386,
          "z": 0.47739848494529724
        }
      },
      "world_space": {
        "head": {
          "x": 0.0035188260953873396,
          "y": 0.0633392333984375,
          "z": 0.9499101042747498
        },
        "tail": {
          "x": -0.06407131999731064,
          "y": -0.012318819761276245,
          "z": 1.4272525310516357
        },
        "rotation_quaternion": {
          "w": 0.6496044993400574,
          "x": 0.7556482553482056,
          "y": -0.022261612117290497,
          "z": 0.0807107612490654
        },
        "matrix": [
          [
            0.9859804511070251,
            -0.1385040581226349,
            0.09305447340011597,
            0.0035188260953873396
          ],
          [
            0.07121536135673523,
            -0.15503659844398499,
            -0.985338568687439,
            0.0633392333984375
          ],
          [
            0.15090134739875793,
            0.978158175945282,
            -0.14300131797790527,
            0.9499101042747498
          ],
          [
            0.0,
            0.0,
            0.0,
            1.0
          ]
        ]
      },
      "bone_length_armature_space": 0.48800443193536075,
      "parent": "Root",
      "has_children": true,
      "is_end_bone": false
    },
    "neck_01": {
      "name": "neck_01",
      "local": {
        "location": {
          "x": 0.0,
          "y": 0.0,
          "z": 0.0
        },
        "rotation_quaternion": {
          "w": 0.989748477935791,
          "x": -0.12972792983055115,
          "y": -0.05775688961148262,
          "z": 0.015257610008120537
        },
        "scale": {
          "x": 1.0,
          "y": 1.0,
          "z": 1.0
        },
        "matrix_basis": [
          [
            0.9928627014160156,
            -0.015217029489576817,
            -0.11828826367855072,
            0.0
          ],
          [
            0.045187756419181824,
            0.9658757448196411,
            0.25503358244895935,
            0.0
          ],
          [
            0.11037091165781021,
            -0.2585585117340088,
            0.9596695899963379,
            0.0
          ],
          [
            0.0,
            0.0,
            0.0,
            1.0
          ]
        ],
        "rotation_mode": "QUATERNION"
      },
      "armature_space": {
        "head": {
          "x": -0.07098521292209625,
          "y": -0.12108633667230606,
          "z": 0.5440583825111389
        },
        "tail": {
          "x": -0.0853409394621849,
          "y": -0.14986073970794678,
          "z": 0.6414067149162292
        }
      },
      "world_space": {
        "head": {
          "x": -0.07098521292209625,
          "y": -0.05784233659505844,
          "z": 1.4939124584197998
        },
        "tail": {
          "x": -0.0853409394621849,
          "y": -0.08661673963069916,
          "z": 1.5912606716156006
        },
        "rotation_quaternion": {
          "w": 0.5968225598335266,
          "x": 0.7992852330207825,
          "y": -0.05889712646603584,
          "z": 0.0384330116212368
        },
        "matrix": [
          [
            0.990108072757721,
            -0.14002668857574463,
            -0.00886516273021698,
            -0.07098521292209625
          ],
          [
            -0.048276565968990326,
            -0.2806674540042877,
            -0.9585903286933899,
            -0.05784233659505844
          ],
          [
            0.13174092769622803,
            0.9495421648025513,
            -0.28465405106544495,
            1.4939124584197998
          ],
          [
            0.0,
            0.0,
            0.0,
            1.0
          ]
        ]
      },
      "bone_length_armature_space": 0.10252195446880505,
      "parent": "spine_01",
      "has_children": true,
      "is_end_bone": false
    },
    "head": {
      "name": "head",
      "local": {
        "location": {
          "x": 0.0,
          "y": 0.0,
          "z": 0.0
        },
        "rotation_quaternion": {
          "w": 0.9837363958358765,
          "x": -0.01895899698138237,
          "y": 0.07670305669307709,
          "z": -0.16130752861499786
        },
        "scale": {
          "x": 1.0,
          "y": 1.0,
          "z": 1.0
        },
        "matrix_basis": [
          [
            0.93619304895401,
            0.31445974111557007,
            0.15702763199806213,
            0.0
          ],
          [
            -0.3202765882015228,
            0.9472408890724182,
            0.012555750086903572,
            0.0
          ],
          [
            -0.14479471743106842,
            -0.06204687058925629,
            0.9875143766403198,
            0.0
          ],
          [
            0.0,
            0.0,
            0.0,
            1.0
          ]
        ],
        "rotation_mode": "QUATERNION"
      },
      "armature_space": {
        "head": {
          "x": -0.08534092456102371,
          "y": -0.14986087381839752,
          "z": 0.6414065957069397
        },
        "tail": {
          "x": -0.05527186021208763,
          "y": -0.1303146779537201,
          "z": 0.7922943234443665
        }
      },
      "world_space": {
        "head": {
          "x": -0.08534092456102371,
          "y": -0.0866168737411499,
          "z": 1.5912606716156006
        },
        "tail": {
          "x": -0.05527186021208763,
          "y": -0.06707067787647247,
          "z": 1.7421483993530273
        },
        "rotation_quaternion": {
          "w": 0.7437037825584412,
          "x": 0.6597128510475159,
          "y": 0.0995989739894867,
          "z": -0.04199770838022232
        },
        "matrix": [
          [
            0.9766326546669006,
            0.19388112425804138,
            0.09273023903369904,
            -0.08534092456102371
          ],
          [
            0.06894439458847046,
            0.12603116035461426,
            -0.9896277189254761,
            -0.0866168737411499
          ],
          [
            -0.20355835556983948,
            0.9729028940200806,
            0.10971888899803162,
            1.5912606716156006
          ],
          [
            0.0,
            0.0,
            0.0,
            1.0
          ]
        ]
      },
      "bone_length_armature_space": 0.15509129076934972,
      "parent": "neck_01",
      "has_children": false,
      "is_end_bone": true
    },
    "upperarm_l": {
      "name": "upperarm_l",
      "local": {
        "location": {
          "x": 0.0,
          "y": 0.0,
          "z": 0.0
        },
        "rotation_quaternion": {
          "w": 0.9686539173126221,
          "x": 0.048586033284664154,
          "y": -0.1857309341430664,
          "z": 0.1576487123966217
        },
        "scale": {
          "x": 1.0,
          "y": 1.0,
          "z": 1.0
        },
        "matrix_basis": [
          [
            0.8813018202781677,
            -0.32346194982528687,
            -0.3444989323616028,
            0.0
          ],
          [
            0.28736624121665955,
            0.945572555065155,
            -0.15268658101558685,
            0.0
          ],
          [
            0.3751370310783386,
            0.03556561842560768,
            0.9262868165969849,
            0.0
          ],
          [
            0.0,
            0.0,
            0.0,
            1.0
          ]
        ],
        "rotation_mode": "QUATERNION"
      },
      "armature_space": {
        "head": {
          "x": 0.08651717752218246,
          "y": -0.10312673449516296,
          "z": 0.5004977583885193
        },
        "tail": {
          "x": 0.32737481594085693,
          "y": -0.09911543875932693,
          "z": 0.6178830862045288
        }
      },
      "world_space": {
        "head": {
          "x": 0.08651717752218246,
          "y": -0.039882734417915344,
          "z": 1.4503517150878906
        },
        "tail": {
          "x": 0.32737481594085693,
          "y": -0.035871438682079315,
          "z": 1.567737102508545
        },
        "rotation_quaternion": {
          "w": 0.635462760925293,
          "x": 0.5593965649604797,
          "y": 0.32198014855384827,
          "z": -0.4237823188304901
        },
        "matrix": [
          [
            0.43347418308258057,
            0.8988251090049744,
            -0.06491219997406006,
            0.08651717752218246
          ],
          [
            -0.17836959660053253,
            0.014969240874052048,
            -0.9838497638702393,
            -0.039882734417915344
          ],
          [
            -0.883343517780304,
            0.4380548596382141,
            0.16681218147277832,
            1.4503517150878906
          ],
          [
            0.0,
            0.0,
            0.0,
            1.0
          ]
        ]
      },
      "bone_length_armature_space": 0.26796978464280696,
      "parent": "spine_01",
      "has_children": true,
      "is_end_bone": false
    },
    "lowerarm_l": {
      "name": "lowerarm_l",
      "local": {
        "location": {
          "x": 0.0,
          "y": 0.0,
          "z": 0.0
        },
        "rotation_quaternion": {
          "w": 0.860048770904541,
          "x": 0.4758114814758301,
          "y": 0.13169734179973602,
          "z": -0.1287454217672348
        },
        "scale": {
          "x": 1.0,
          "y": 1.0,
          "z": 1.0
        },
        "matrix_basis": [
          [
            0.9321608543395996,
            0.3467808961868286,
            0.10401517152786255,
            0.0
          ],
          [
            -0.09612847119569778,
            0.5140560865402222,
            -0.852353036403656,
            0.0
          ],
          [
            -0.3490493595600128,
            0.78453129529953,
            0.5125184655189514,
            0.0
          ],
          [
            0.0,
            0.0,
            0.0,
            1.0
          ]
        ],
        "rotation_mode": "QUATERNION"
      },
      "armature_space": {
        "head": {
          "x": 0.3273748755455017,
          "y": -0.09911546111106873,
          "z": 0.6178832054138184
        },
        "tail": {
          "x": 0.438697874546051,
          "y": -0.338606595993042,
          "z": 0.6605510711669922
        }
      },
      "world_space": {
        "head": {
          "x": 0.3273748755455017,
          "y": -0.035871461033821106,
          "z": 1.5677372217178345
        },
        "tail": {
          "x": 0.438697874546051,
          "y": -0.27536261081695557,
          "z": 1.6104050874710083
        },
        "rotation_quaternion": {
          "w": 0.18221259117126465,
          "x": 0.8274781107902527,
          "y": 0.13853715360164642,
          "z": -0.5127241611480713
        },
        "matrix": [
          [
            0.4358427822589874,
            0.4161226749420166,
            -0.7980493307113647,
            0.3273748755455017
          ],
          [
            0.042423397302627563,
            -0.8952119946479797,
            -0.4436167776584625,
            -0.035871461033821106
          ],
          [
            -0.8990287184715271,
            0.15949147939682007,
            -0.4078282117843628,
            1.5677372217178345
          ],
          [
            0.0,
            0.0,
            0.0,
            1.0
          ]
        ]
      },
      "bone_length_armature_space": 0.2675245054671955,
      "parent": "upperarm_l",
      "has_children": true,
      "is_end_bone": false
    },
    "metacarpal_thumb_l": {
      "name": "metacarpal_thumb_l",
      "local": {
        "location": {
          "x": 0.0,
          "y": 0.0,
          "z": 0.0
        },
        "rotation_quaternion": {
          "w": 0.9999030828475952,
          "x": -0.011256789788603783,
          "y": -0.006079808343201876,
          "z": -0.0055063581094145775
        },
        "scale": {
          "x": 1.0,
          "y": 1.0,
          "z": 1.0
        },
        "matrix_basis": [
          [
            0.9998654127120972,
            0.011148527264595032,
            -0.012034470215439796,
            0.0
          ],
          [
            -0.01087477058172226,
            0.9996859431266785,
            0.022578353062272072,
            0.0
          ],
          [
            0.012282405979931355,
            -0.02244444191455841,
            0.9996726512908936,
            0.0
          ],
          [
            0.0,
            0.0,
            0.0,
            1.0
          ]
        ],
        "rotation_mode": "QUATERNION"
      },
      "armature_space": {
        "head": {
          "x": 0.438697874546051,
          "y": -0.338606595993042,
          "z": 0.6605510711669922
        },
        "tail": {
          "x": 0.43571022152900696,
          "y": -0.38642197847366333,
          "z": 0.6479673385620117
        }
      },
      "world_space": {
        "head": {
          "x": 0.438697874546051,
          "y": -0.27536261081695557,
          "z": 1.6104050874710083
        },
        "tail": {
          "x": 0.43571022152900696,
          "y": -0.3231779932975769,
          "z": 1.5978213548660278
        },
        "rotation_quaternion": {
          "w": 0.12006182223558426,
          "x": -0.9733679294586182,
          "y": 0.05412799492478371,
          "z": -0.1876438707113266
        },
        "matrix": [
          [
            0.9237197041511536,
            -0.06031535938382149,
            0.37829041481018066,
            0.438697874546051
          ],
          [
            -0.1504305750131607,
            -0.9653106331825256,
            0.21341440081596375,
            -0.27536261081695557
          ],
          [
            0.35229793190956116,
            -0.25404420495033264,
            -0.9007561802864075,
            1.6104050874710083
          ],
          [
            0.0,
            0.0,
            0.0,
            1.0
          ]
        ]
      },
      "bone_length_armature_space": 0.04953369738072733,
      "parent": "lowerarm_l",
      "has_children": true,
      "is_end_bone": false
    },
    "thumb_01_l": {
      "name": "thumb_01_l",
      "local": {
        "location": {
          "x": 0.0,
          "y": 0.0,
          "z": 0.0
        },
        "rotation_quaternion": {
          "w": 0.9850814342498779,
          "x": 0.1712406575679779,
          "y": -0.01438627578318119,
          "z": 0.009191107004880905
        },
        "scale": {
          "x": 1.0,
          "y": 1.0,
          "z": 1.0
        },
        "matrix_basis": [
          [
            0.9994171261787415,
            -0.02303500846028328,
            -0.025195524096488953,
            0.0
          ],
          [
            0.013180946931242943,
            0.9411843419075012,
            -0.33763644099235535,
            0.0
          ],
          [
            0.03149108961224556,
            0.3371075391769409,
            0.9409393668174744,
            0.0
          ],
          [
            0.0,
            0.0,
            0.0,
            1.0
          ]
        ],
        "rotation_mode": "QUATERNION"
      },
      "armature_space": {
        "head": {
          "x": 0.43571022152900696,
          "y": -0.38642197847366333,
          "z": 0.6479673385620117
        },
        "tail": {
          "x": 0.4509161412715912,
          "y": -0.40293362736701965,
          "z": 0.6223786473274231
        }
      },
      "world_space": {
        "head": {
          "x": 0.43571022152900696,
          "y": -0.3231779932975769,
          "z": 1.5978213548660278
        },
        "tail": {
          "x": 0.4509161412715912,
          "y": -0.33968961238861084,
          "z": 1.572232723236084
        },
        "rotation_quaternion": {
          "w": 0.4378880560398102,
          "x": -0.41690343618392944,
          "y": 0.25634053349494934,
          "z": -0.7541453242301941
        },
        "matrix": [
          [
            -0.26888981461524963,
            0.44672590494155884,
            0.8533077836036682,
            0.43571022152900696
          ],
          [
            -0.8742011189460754,
            -0.4850865304470062,
            -0.02152000367641449,
            -0.3231779932975769
          ],
          [
            0.4043166935443878,
            -0.7517550587654114,
            0.5209667682647705,
            1.5978213548660278
          ],
          [
            0.0,
            0.0,
            0.0,
            1.0
          ]
        ]
      },
      "bone_length_armature_space": 0.03403873779145776,
      "parent": "metacarpal_thumb_l",
      "has_children": true,
      "is_end_bone": false
    },
    "thumb_02_l": {
      "name": "thumb_02_l",
      "local": {
        "location": {
          "x": 0.0,
          "y": 0.0,
          "z": 0.0
        },
        "rotation_quaternion": {
          "w": 0.9407548904418945,
          "x": 0.3389298915863037,
          "y": 0.008770080283284187,
          "z": -0.005477060563862324
        },
        "scale": {
          "x": 1.0,
          "y": 1.0,
          "z": 1.0
        },
        "matrix_basis": [
          [
            0.9997861981391907,
            0.01625002734363079,
            0.012788312509655952,
            0.0
          ],
          [
            -0.004360258113592863,
            0.7701930403709412,
            -0.6377959847450256,
            0.0
          ],
          [
            -0.020213671028614044,
            0.6376038193702698,
            0.7700992226600647,
            0.0
          ],
          [
            0.0,
            0.0,
            0.0,
            1.0
          ]
        ],
        "rotation_mode": "QUATERNION"
      },
      "armature_space": {
        "head": {
          "x": 0.4509161114692688,
          "y": -0.40293359756469727,
          "z": 0.6223786473274231
        },
        "tail": {
          "x": 0.4651627838611603,
          "y": -0.4236725866794586,
          "z": 0.6536855101585388
        }
      },
      "world_space": {
        "head": {
          "x": 0.4509161114692688,
          "y": -0.33968961238861084,
          "z": 1.572232723236084
        },
        "tail": {
          "x": 0.4651627838611603,
          "y": -0.3604285717010498,
          "z": 1.6035394668579102
        },
        "rotation_quaternion": {
          "w": 0.26914358139038086,
          "x": 0.1319180727005005,
          "y": -0.41156449913978577,
          "z": -0.8606823682785034
        },
        "matrix": [
          [
            -0.8203180432319641,
            0.3547089993953705,
            -0.4486197531223297,
            0.4509161114692688
          ],
          [
            -0.5718805193901062,
            -0.5163522362709045,
            0.6374423503875732,
            -0.33968961238861084
          ],
          [
            -0.005539782345294952,
            0.7794674634933472,
            0.6264293193817139,
            1.572232723236084
          ],
          [
            0.0,
            0.0,
            0.0,
            1.0
          ]
        ]
      },
      "bone_length_armature_space": 0.04016457415391009,
      "parent": "thumb_01_l",
      "has_children": true,
      "is_end_bone": false
    },
    "thumb_03_l": {
      "name": "thumb_03_l",
      "local": {
        "location": {
          "x": 0.0,
          "y": 0.0,
          "z": 0.0
        },
        "rotation_quaternion": {
          "w": 0.9821599125862122,
          "x": 0.1880444884300232,
          "y": -0.0010005066869780421,
          "z": 0.0005207481444813311
        },
        "scale": {
          "x": 1.0,
          "y": 1.0,
          "z": 1.0
        },
        "matrix_basis": [
          [
            0.9999974370002747,
            -0.001399195403791964,
            -0.0017694674897938967,
            0.0
          ],
          [
            0.0006466363556683064,
            0.9292780160903931,
            -0.36938056349754333,
            0.0
          ],
          [
            0.0021611626725643873,
            0.3693784773349762,
            0.9292765259742737,
            0.0
          ],
          [
            0.0,
            0.0,
            0.0,
            1.0
          ]
        ],
        "rotation_mode": "QUATERNION"
      },
      "armature_space": {
        "head": {
          "x": 0.4651627540588379,
          "y": -0.423672616481781,
          "z": 0.6536853909492493
        },
        "tail": {
          "x": 0.46613460779190063,
          "y": -0.4249119162559509,
          "z": 0.684089720249176
        }
      },
      "world_space": {
        "head": {
          "x": 0.4651627540588379,
          "y": -0.3604286313056946,
          "z": 1.6035394668579102
        },
        "tail": {
          "x": 0.46613460779190063,
          "y": -0.3616679310798645,
          "z": 1.633943796157837
        },
        "rotation_quaternion": {
          "w": 0.35347214341163635,
          "x": 0.34815993905067444,
          "y": -0.5955701470375061,
          "z": -0.6317739486694336
        },
        "matrix": [
          [
            -0.5076842904090881,
            0.03192207217216492,
            -0.8609515428543091,
            0.4651627540588379
          ],
          [
            -0.8613360524177551,
            -0.04070679843425751,
            0.5064018964767456,
            -0.3604286313056946
          ],
          [
            -0.01888207718729973,
            0.9986680150032043,
            0.04816269874572754,
            1.6035394668579102
          ],
          [
            0.0,
            0.0,
            0.0,
            1.0
          ]
        ]
      },
      "bone_length_armature_space": 0.030445091298476643,
      "parent": "thumb_02_l",
      "has_children": false,
      "is_end_bone": true
    },
    "metacarpal_index_l": {
      "name": "metacarpal_index_l",
      "local": {
        "location": {
          "x": 0.0,
          "y": 0.0,
          "z": 0.0
        },
        "rotation_quaternion": {
          "w": 0.9990237355232239,
          "x": -0.03822911158204079,
          "y": 0.014868366532027721,
          "z": 0.0164053775370121
        },
        "scale": {
          "x": 1.0,
          "y": 1.0,
          "z": 1.0
        },
        "matrix_basis": [
          [
            0.9990195631980896,
            -0.033915530890226364,
            0.02845337614417076,
            0.0
          ],
          [
            0.03164191544055939,
            0.9965388178825378,
            0.07687142491340637,
            0.0
          ],
          [
            -0.030962027609348297,
            -0.07589573413133621,
            0.9966349601745605,
            0.0
          ],
          [
            0.0,
            0.0,
            0.0,
            1.0
          ]
        ],
        "rotation_mode": "QUATERNION"
      },
      "armature_space": {
        "head": {
          "x": 0.438697874546051,
          "y": -0.338606595993042,
          "z": 0.6605510711669922
        },
        "tail": {
          "x": 0.4567137658596039,
          "y": -0.45415350794792175,
          "z": 0.6678693294525146
        }
      },
      "world_space": {
        "head": {
          "x": 0.438697874546051,
          "y": -0.27536261081695557,
          "z": 1.6104050874710083
        },
        "tail": {
          "x": 0.4567137658596039,
          "y": -0.39090949296951294,
          "z": 1.6177233457565308
        },
        "rotation_quaternion": {
          "w": 0.03654617816209793,
          "x": 0.994188666343689,
          "y": 0.07481934130191803,
          "z": -0.06823024153709412
        },
        "matrix": [
          [
            0.979493260383606,
            0.15375623106956482,
            -0.1301986277103424,
            0.438697874546051
          ],
          [
            0.14378196001052856,
            -0.9861330389976501,
            -0.08287802338600159,
            -0.27536261081695557
          ],
          [
            -0.14113718271255493,
            0.06245774030685425,
            -0.9880250692367554,
            1.6104050874710083
          ],
          [
            0.0,
            0.0,
            0.0,
            1.0
          ]
        ]
      },
      "bone_length_armature_space": 0.11717174819666712,
      "parent": "lowerarm_l",
      "has_children": true,
      "is_end_bone": false
    },
    "index_01_l": {
      "name": "index_01_l",
      "local": {
        "location": {
          "x": 0.0,
          "y": 0.0,
          "z": 0.0
        },
        "rotation_quaternion": {
          "w": 0.9648418426513672,
          "x": 0.262554407119751,
          "y": -0.010516469366848469,
          "z": 0.005907657090574503
        },
        "scale": {
          "x": 1.0,
          "y": 1.0,
          "z": 1.0
        },
        "matrix_basis": [
          [
            0.9997090101242065,
            -0.016922200098633766,
            -0.017191296443343163,
            0.0
          ],
          [
            0.005877618677914143,
            0.862060546875,
            -0.5067712068557739,
            0.0
          ],
          [
            0.02339562214910984,
            0.5065227150917053,
            0.8619091510772705,
            0.0
          ],
          [
            0.0,
            0.0,
            0.0,
            1.0
          ]
        ],
        "rotation_mode": "QUATERNION"
      },
      "armature_space": {
        "head": {
          "x": 0.4567137658596039,
          "y": -0.45415350794792175,
          "z": 0.6678693294525146
        },
        "tail": {
          "x": 0.46771886944770813,
          "y": -0.47822317481040955,
          "z": 0.6572574973106384
        }
      },
      "world_space": {
        "head": {
          "x": 0.4567137658596039,
          "y": -0.39090949296951294,
          "z": 1.6177233457565308
        },
        "tail": {
          "x": 0.46771886944770813,
          "y": -0.41497915983200073,
          "z": 1.6071114540100098
        },
        "rotation_quaternion": {
          "w": 0.16571229696273804,
          "x": -0.9519246816635132,
          "y": -0.22467224299907684,
          "z": 0.1261000782251358
        },
        "matrix": [
          [
            0.8672419786453247,
            0.3859497308731079,
            -0.31453779339790344,
            0.4567137658596039
          ],
          [
            0.46953514218330383,
            -0.8441239595413208,
            0.2588280439376831,
            -0.39090949296951294
          ],
          [
            -0.16561514139175415,
            -0.3721565306186676,
            -0.9132827520370483,
            1.6177233457565308
          ],
          [
            0.0,
            0.0,
            0.0,
            1.0
          ]
        ]
      },
      "bone_length_armature_space": 0.02851442024118319,
      "parent": "metacarpal_index_l",
      "has_children": true,
      "is_end_bone": false
    },
    "index_02_l": {
      "name": "index_02_l",
      "local": {
        "location": {
          "x": 0.0,
          "y": 0.0,
          "z": 0.0
        },
        "rotation_quaternion": {
          "w": 0.9016506671905518,
          "x": 0.43237051367759705,
          "y": 0.008874498307704926,
          "z": 0.0017841916996985674
        },
        "scale": {
          "x": 1.0,
          "y": 1.0,
          "z": 1.0
        },
        "matrix_basis": [
          [
            0.9998361468315125,
            0.004456707742065191,
            0.017546258866786957,
            0.0
          ],
          [
            0.010891578160226345,
            0.6261051297187805,
            -0.7796626687049866,
            0.0
          ],
          [
            -0.014460531063377857,
            0.779725968837738,
            0.6259539723396301,
            0.0
          ],
          [
            0.0,
            0.0,
            0.0,
            1.0
          ]
        ],
        "rotation_mode": "QUATERNION"
      },
      "armature_space": {
        "head": {
          "x": 0.4677187204360962,
          "y": -0.4782235026359558,
          "z": 0.6572571396827698
        },
        "tail": {
          "x": 0.4674966633319855,
          "y": -0.4876807630062103,
          "z": 0.6334115862846375
        }
      },
      "world_space": {
        "head": {
          "x": 0.4677187204360962,
          "y": -0.4149795174598694,
          "z": 1.6071112155914307
        },
        "tail": {
          "x": 0.4674966633319855,
          "y": -0.4244367480278015,
          "z": 1.5832655429840088
        },
        "rotation_quaternion": {
          "w": 0.5403081774711609,
          "x": -0.7933812737464905,
          "y": -0.154075026512146,
          "z": 0.23425211012363434
        },
        "matrix": [
          [
            0.8427739143371582,
            -0.008655697107315063,
            -0.5381979942321777,
            0.4677187204360962
          ],
          [
            0.49761682748794556,
            -0.3686567544937134,
            0.7851561903953552,
            -0.4149795174598694
          ],
          [
            -0.20520749688148499,
            -0.9295323491096497,
            -0.3063884675502777,
            1.6071112155914307
          ],
          [
            0.0,
            0.0,
            0.0,
            1.0
          ]
        ]
      },
      "bone_length_armature_space": 0.02565345055188273,
      "parent": "index_01_l",
      "has_children": true,
      "is_end_bone": false
    },
    "index_03_l": {
      "name": "index_03_l",
      "local": {
        "location": {
          "x": 0.0,
          "y": 0.0,
          "z": 0.0
        },
        "rotation_quaternion": {
          "w": 0.9654132127761841,
          "x": 0.2606043517589569,
          "y": 0.006124238949269056,
          "z": 0.005027001723647118
        },
        "scale": {
          "x": 1.0,
          "y": 1.0,
          "z": 1.0
        },
        "matrix_basis": [
          [
            0.999874472618103,
            -0.00651426101103425,
            0.014444959349930286,
            0.0
          ],
          [
            0.012898274697363377,
            0.8641201853752136,
            -0.5031201839447021,
            0.0
          ],
          [
            -0.009204725734889507,
            0.5032433271408081,
            0.8640957474708557,
            0.0
          ],
          [
            0.0,
            0.0,
            0.0,
            1.0
          ]
        ],
        "rotation_mode": "QUATERNION"
      },
      "armature_space": {
        "head": {
          "x": 0.46749675273895264,
          "y": -0.4876808822154999,
          "z": 0.6334116458892822
        },
        "tail": {
          "x": 0.4608297049999237,
          "y": -0.4816478490829468,
          "z": 0.6056106686592102
        }
      },
      "world_space": {
        "head": {
          "x": 0.46749675273895264,
          "y": -0.42443686723709106,
          "z": 1.5832656621932983
        },
        "tail": {
          "x": 0.4608297049999237,
          "y": -0.41840386390686035,
          "z": 1.555464744567871
        },
        "rotation_quaternion": {
          "w": 0.7706847786903381,
          "x": -0.5895667672157288,
          "y": -0.09635614603757858,
          "z": 0.2217467576265335
        },
        "matrix": [
          [
            0.8830870985984802,
            -0.22817713022232056,
            -0.409990519285202,
            0.46749675273895264
          ],
          [
            0.45541152358055115,
            0.20647811889648438,
            0.8660067319869995,
            -0.42443686723709106
          ],
          [
            -0.11294935643672943,
            -0.9514802694320679,
            0.28625553846359253,
            1.5832656621932983
          ],
          [
            0.0,
            0.0,
            0.0,
            1.0
          ]
        ]
      },
      "bone_length_armature_space": 0.029218853122527134,
      "parent": "index_02_l",
      "has_children": false,
      "is_end_bone": true
    },
    "metacarpal_pinky_l": {
      "name": "metacarpal_pinky_l",
      "local": {
        "location": {
          "x": 0.0,
          "y": 0.0,
          "z": 0.0
        },
        "rotation_quaternion": {
          "w": 0.9996328353881836,
          "x": 0.021084962412714958,
          "y": -0.01260721031576395,
          "z": 0.011434868909418583
        },
        "scale": {
          "x": 1.0,
          "y": 1.0,
          "z": 1.0
        },
        "matrix_basis": [
          [
            0.9994205832481384,
            -0.02339298650622368,
            -0.024722956120967865,
            0.0
          ],
          [
            0.022329695522785187,
            0.9988493323326111,
            -0.04244276508688927,
            0.0
          ],
          [
            0.02568737044930458,
            0.04186611622571945,
            0.9987929463386536,
            0.0
          ],
          [
            0.0,
            0.0,
            0.0,
            1.0
          ]
        ],
        "rotation_mode": "QUATERNION"
      },
      "armature_space": {
        "head": {
          "x": 0.438697874546051,
          "y": -0.338606595993042,
          "z": 0.6605510711669922
        },
        "tail": {
          "x": 0.5040309429168701,
          "y": -0.4126910865306854,
          "z": 0.6935102343559265
        }
      },
      "world_space": {
        "head": {
          "x": 0.438697874546051,
          "y": -0.27536261081695557,
          "z": 1.6104050874710083
        },
        "tail": {
          "x": 0.5040309429168701,
          "y": -0.3494470715522766,
          "z": 1.6433641910552979
        },
        "rotation_quaternion": {
          "w": 0.37788909673690796,
          "x": 0.33111873269081116,
          "y": -0.03835758566856384,
          "z": -0.8637644648551941
        },
        "matrix": [
          [
            -0.49511975049972534,
            0.6274136304855347,
            -0.6010061502456665,
            0.438697874546051
          ],
          [
            -0.6782165765762329,
            -0.7114563584327698,
            -0.18398982286453247,
            -0.27536261081695557
          ],
          [
            -0.5430316925048828,
            0.3165168762207031,
            0.7777836918830872,
            1.6104050874710083
          ],
          [
            0.0,
            0.0,
            0.0,
            1.0
          ]
        ]
      },
      "bone_length_armature_space": 0.10413082028802965,
      "parent": "lowerarm_l",
      "has_children": true,
      "is_end_bone": false
    },
    "pinky_01_l": {
      "name": "pinky_01_l",
      "local": {
        "location": {
          "x": 0.0,
          "y": 0.0,
          "z": 0.0
        },
        "rotation_quaternion": {
          "w": 0.947569727897644,
          "x": 0.3194808065891266,
          "y": -0.005621373187750578,
          "z": -0.0034939113538712263
        },
        "scale": {
          "x": 1.0,
          "y": 1.0,
          "z": 1.0
        },
        "matrix_basis": [
          [
            0.9999123811721802,
            0.003029607469215989,
            -0.012885761447250843,
            0.0
          ],
          [
            -0.010213291272521019,
            0.7958396077156067,
            -0.6054214239120483,
            0.0
          ],
          [
            0.008420811034739017,
            0.6054999828338623,
            0.7958008050918579,
            0.0
          ],
          [
            0.0,
            0.0,
            0.0,
            1.0
          ]
        ],
        "rotation_mode": "QUATERNION"
      },
      "armature_space": {
        "head": {
          "x": 0.5040309429168701,
          "y": -0.4126910865306854,
          "z": 0.6935102343559265
        },
        "tail": {
