{
  "metadata": {
    "armature_name": "KIM_caucasian_male",
    "export_time": "2026-01-13T20:24:32.466262",
    "blender_version": "4.4.1",
    "bone_count": 56,
    "end_bone_count": 13,
    "spaces_included": [
      "LOCAL_CHANNELS",
      "ARMATURE_SPACE",
      "WORLD_SPACE"
    ],
    "note": "LOCAL matches Transform panel; replay pose via local.matrix_basis for best fidelity."
  },
  "bones": {
    "Root": {
      "name": "Root",
      "local": {
        "location": {
          "x": 0.0,
          "y": 0.0,
          "z": 0.0
        },
        "rotation_quaternion": {
          "w": 0.9999431371688843,
          "x": 0.0076151397079229355,
          "y": -0.005243399646133184,
          "z": 0.005316008348017931
        },
        "scale": {
          "x": 1.0,
          "y": 1.0,
          "z": 1.0
        },
        "matrix_basis": [
          [
            0.9998884797096252,
            -0.01071127038449049,
            -0.010405238717794418,
            0.0
          ],
          [
            0.010551554150879383,
            0.99982750415802,
            -0.015285161323845387,
            0.0
          ],
          [
            0.010567166842520237,
            0.01517366524785757,
            0.9998290538787842,
            0.0
          ],
          [
            0.0,
            0.0,
            0.0,
            1.0
          ]
        ],
        "rotation_mode": "QUATERNION"
      },
      "armature_space": {
        "head": {
          "x": 0.0,
          "y": 0.07072800397872925,
          "z": -0.009595036506652832
        },
        "tail": {
          "x": -0.000764526252169162,
          "y": -0.0001333877444267273,
          "z": -0.0010748663917183876
        }
      },
      "world_space": {
        "head": {
          "x": 0.0,
          "y": 0.13397200405597687,
          "z": 0.9402589797973633
        },
        "tail": {
          "x": -0.000764526252169162,
          "y": 0.06311061233282089,
          "z": 0.9487791657447815
        },
        "rotation_quaternion": {
          "w": 0.059765979647636414,
          "x": 0.9981845021247864,
          "y": -0.005657169036567211,
          "z": -0.004873359575867653
        },
        "matrix": [
          [
            0.9998884797096252,
            -0.01071127038449049,
            -0.010405238717794418,
            0.0
          ],
          [
            -0.011876320466399193,
            -0.992792010307312,
            -0.11926029622554779,
            0.13397200405597687
          ],
          [
            -0.009052881971001625,
            0.1193704605102539,
            -0.9928155541419983,
            0.9402589797973633
          ],
          [
            0.0,
            0.0,
            0.0,
            1.0
          ]
        ]
      },
      "bone_length_armature_space": 0.07137586954413944,
      "parent": null,
      "has_children": true,
      "is_end_bone": false
    },
    "spine_01": {
      "name": "spine_01",
      "local": {
        "location": {
          "x": 0.0,
          "y": 0.0,
          "z": 0.0
        },
        "rotation_quaternion": {
          "w": 0.9975641965866089,
          "x": -0.04427214339375496,
          "y": 0.012823106721043587,
          "z": 0.05235666036605835
        },
        "scale": {
          "x": 1.0,
          "y": 1.0,
          "z": 1.0
        },
        "matrix_basis": [
          [
            0.994188666343689,
            -0.10559367388486862,
            0.020947860553860664,
            0.0
          ],
          [
            0.10332284867763519,
            0.9905974864959717,
            0.08967135846614838,
            0.0
          ],
          [
            -0.030219627544283867,
            -0.08698586374521255,
            0.9957510828971863,
            0.0
          ],
          [
            0.0,
            0.0,
            0.0,
            1.0
          ]
        ],
        "rotation_mode": "QUATERNION"
      },
      "armature_space": {
        "head": {
          "x": -0.000764526252169162,
          "y": -0.0001333877444267273,
          "z": -0.0010748663917183876
        },
        "tail": {
          "x": -0.04724181815981865,
          "y": 0.058113470673561096,
          "z": 0.48120686411857605
        }
      },
      "world_space": {
        "head": {
          "x": -0.000764526252169162,
          "y": 0.06311061233282089,
          "z": 0.9487791657447815
        },
        "tail": {
          "x": -0.04724181815981865,
          "y": 0.12135747075080872,
          "z": 1.4310609102249146
        },
        "rotation_quaternion": {
          "w": 0.7476010322570801,
          "x": 0.6624148488044739,
          "y": -0.02777513861656189,
          "z": 0.039086874574422836
        },
        "matrix": [
          [
            0.9954015016555786,
            -0.09524011611938477,
            0.01025460660457611,
            -0.000764526252169162
          ],
          [
            0.02164609357714653,
            0.11935801804065704,
            -0.9926153421401978,
            0.06311061233282089
          ],
          [
            0.09331350028514862,
            0.9882797598838806,
            0.12087064981460571,
            0.9487791657447815
          ],
          [
            0.0,
            0.0,
            0.0,
            1.0
          ]
        ]
      },
      "bone_length_armature_space": 0.48800462850366955,
      "parent": "Root",
      "has_children": true,
      "is_end_bone": false
    },
    "neck_01": {
      "name": "neck_01",
      "local": {
        "location": {
          "x": 0.0,
          "y": 0.0,
          "z": 0.0
        },
        "rotation_quaternion": {
          "w": 0.985834002494812,
          "x": 0.04942786693572998,
          "y": 0.09151092171669006,
          "z": -0.13158246874809265
        },
        "scale": {
          "x": 1.0,
          "y": 1.0,
          "z": 1.0
        },
        "matrix_basis": [
          [
            0.9486235976219177,
            0.26848331093788147,
            0.16742147505283356,
            0.0
          ],
          [
            -0.25039055943489075,
            0.9604858756065369,
            -0.12153781205415726,
            0.0
          ],
          [
            -0.19343683123588562,
            0.07337287813425064,
            0.9783653020858765,
            0.0
          ],
          [
            0.0,
            0.0,
            0.0,
            1.0
          ]
        ],
        "rotation_mode": "QUATERNION"
      },
      "armature_space": {
        "head": {
          "x": -0.05385952070355415,
          "y": 0.03242834284901619,
          "z": 0.5577590465545654
        },
        "tail": {
          "x": -0.034419797360897064,
          "y": -0.0005310438573360443,
          "z": 0.6528722643852234
        }
      },
      "world_space": {
        "head": {
          "x": -0.05385952070355415,
          "y": 0.09567233920097351,
          "z": 1.5076130628585815
        },
        "tail": {
          "x": -0.034419797360897064,
          "y": 0.06271295249462128,
          "z": 1.6027262210845947
        },
        "rotation_quaternion": {
          "w": 0.5648446679115295,
          "x": 0.8120415210723877,
          "y": 0.14214874804019928,
          "z": 0.03651021420955658
        },
        "matrix": [
          [
            0.9569212198257446,
            0.1896163672208786,
            0.2198803424835205,
            -0.05385952070355415
          ],
          [
            0.2721073627471924,
            -0.32148805260658264,
            -0.9069749116897583,
            0.09567233920097351
          ],
          [
            -0.1012888103723526,
            0.9277405738830566,
            -0.3592380881309509,
            1.5076130628585815
          ],
          [
            0.0,
            0.0,
            0.0,
            1.0
          ]
        ]
      },
      "bone_length_armature_space": 0.10252193850060975,
      "parent": "spine_01",
      "has_children": true,
      "is_end_bone": false
    },
    "head": {
      "name": "head",
      "local": {
        "location": {
          "x": 0.0,
          "y": 0.0,
          "z": 0.0
        },
        "rotation_quaternion": {
          "w": 0.9784294366836548,
          "x": -0.0866568312048912,
          "y": 0.10351236164569855,
          "z": -0.15637069940567017
        },
        "scale": {
          "x": 1.0,
          "y": 1.0,
          "z": 1.0
        },
        "matrix_basis": [
          [
            0.9296668171882629,
            0.28805527091026306,
            0.2296602576971054,
            0.0
          ],
          [
            -0.32393550872802734,
            0.9360775947570801,
            0.13720259070396423,
            0.0
          ],
          [
            -0.1754579097032547,
            -0.20194779336452484,
            0.9635515809059143,
            0.0
          ],
          [
            0.0,
            0.0,
            0.0,
            1.0
          ]
        ],
        "rotation_mode": "QUATERNION"
      },
      "armature_space": {
        "head": {
          "x": -0.03441977500915527,
          "y": -0.0005311593413352966,
          "z": 0.6528721451759338
        },
        "tail": {
          "x": 0.013931140303611755,
          "y": 0.0457056500017643,
          "z": 0.7927922010421753
        }
      },
      "world_space": {
        "head": {
          "x": -0.03441977500915527,
          "y": 0.06271284073591232,
          "z": 1.6027262210845947
        },
        "tail": {
          "x": 0.013931140303611755,
          "y": 0.10894964635372162,
          "z": 1.7426462173461914
        },
        "rotation_quaternion": {
          "w": 0.7456279993057251,
          "x": 0.5914797782897949,
          "y": 0.30512669682502747,
          "z": 0.032987046986818314
        },
        "matrix": [
          [
            0.8116200566291809,
            0.31175994873046875,
            0.49404311180114746,
            -0.03441977500915527
          ],
          [
            0.41014283895492554,
            0.29812848567962646,
            -0.8619180917739868,
            0.06271284073591232
          ],
          [
            -0.4160023331642151,
            0.902184784412384,
            0.11410092562437057,
            1.6027262210845947
          ],
          [
            0.0,
            0.0,
            0.0,
            1.0
          ]
        ]
      },
      "bone_length_armature_space": 0.15509118624485355,
      "parent": "neck_01",
      "has_children": false,
      "is_end_bone": true
    },
    "upperarm_l": {
      "name": "upperarm_l",
      "local": {
        "location": {
          "x": 0.0,
          "y": 0.0,
          "z": 0.0
        },
        "rotation_quaternion": {
          "w": 0.9663749933242798,
          "x": -0.21781088411808014,
          "y": -0.004266036674380302,
          "z": -0.1366005539894104
        },
        "scale": {
          "x": 1.0,
          "y": 1.0,
          "z": 1.0
        },
        "matrix_basis": [
          [
            0.9626441597938538,
            0.26587310433387756,
            0.051260992884635925,
            0.0
          ],
          [
            -0.26215633749961853,
            0.8677974343299866,
            0.4221394658088684,
            0.0
          ],
          [
            0.06775135546922684,
            -0.4198085069656372,
            0.9050804376602173,
            0.0
          ],
          [
            0.0,
            0.0,
            0.0,
            1.0
          ]
        ],
        "rotation_mode": "QUATERNION"
      },
      "armature_space": {
        "head": {
          "x": 0.10188429057598114,
          "y": 0.024487897753715515,
          "z": 0.5057214498519897
        },
        "tail": {
          "x": 0.33291861414909363,
          "y": 0.14288835227489471,
          "z": 0.4392973780632019
        }
      },
      "world_space": {
        "head": {
          "x": 0.10188429057598114,
          "y": 0.08773189783096313,
          "z": 1.4555754661560059
        },
        "tail": {
          "x": 0.33291861414909363,
          "y": 0.20613235235214233,
          "z": 1.3891513347625732
        },
        "rotation_quaternion": {
          "w": 0.5747454762458801,
          "x": 0.27489981055259705,
          "y": 0.6249719858169556,
          "z": -0.4511183500289917
        },
        "matrix": [
          [
            -0.18819572031497955,
            0.862166702747345,
            0.4703734219074249,
            0.10188429057598114
          ],
          [
            -0.1749470829963684,
            0.4418431520462036,
            -0.8798683881759644,
            0.08773189783096313
          ],
          [
            -0.9664312601089478,
            -0.2478792816400528,
            0.06768020987510681,
            1.4555754661560059
          ],
          [
            0.0,
            0.0,
            0.0,
            1.0
          ]
        ]
      },
      "bone_length_armature_space": 0.2679695552001956,
      "parent": "spine_01",
      "has_children": true,
      "is_end_bone": false
    },
    "lowerarm_l": {
      "name": "lowerarm_l",
      "local": {
        "location": {
          "x": 0.0,
          "y": 0.0,
          "z": 0.0
        },
        "rotation_quaternion": {
          "w": 0.9404206275939941,
          "x": 0.0575365386903286,
          "y": 0.12522035837173462,
          "z": -0.31083518266677856
        },
        "scale": {
          "x": 1.0,
          "y": 1.0,
          "z": 1.0
        },
        "matrix_basis": [
          [
            0.7754027247428894,
            0.5990411043167114,
            0.1997508555650711,
            0.0
          ],
          [
            -0.5702221393585205,
            0.8001420497894287,
            -0.18606288731098175,
            0.0
          ],
          [
            -0.27128836512565613,
            0.03037131018936634,
            0.9620187878608704,
            0.0
          ],
          [
            0.0,
            0.0,
            0.0,
            1.0
          ]
        ],
        "rotation_mode": "QUATERNION"
      },
      "armature_space": {
        "head": {
          "x": 0.3329187333583832,
          "y": 0.1428883671760559,
          "z": 0.43929746747016907
        },
        "tail": {
          "x": 0.5218706130981445,
          "y": 0.16604967415332794,
          "z": 0.25133317708969116
        }
      },
      "world_space": {
        "head": {
          "x": 0.3329187333583832,
          "y": 0.20613236725330353,
          "z": 1.3891514539718628
        },
        "tail": {
          "x": 0.5218706130981445,
          "y": 0.22929367423057556,
          "z": 1.2011871337890625
        },
        "rotation_quaternion": {
          "w": 0.34001466631889343,
          "x": 0.2052350640296936,
          "y": 0.6539717316627502,
          "z": -0.6438864469528198
        },
        "matrix": [
          [
            -0.6845366358757019,
            0.7062976360321045,
            0.18042543530464172,
            0.3329187333583832
          ],
          [
            -0.16942955553531647,
            0.08657640218734741,
            -0.9817323088645935,
            0.20613236725330353
          ],
          [
            -0.7090209126472473,
            -0.7026059031486511,
            0.060402482748031616,
            1.3891514539718628
          ],
          [
            0.0,
            0.0,
            0.0,
            1.0
          ]
        ]
      },
      "bone_length_armature_space": 0.26752539046750134,
      "parent": "upperarm_l",
      "has_children": true,
      "is_end_bone": false
    },
    "metacarpal_thumb_l": {
      "name": "metacarpal_thumb_l",
      "local": {
        "location": {
          "x": 0.0,
          "y": 0.0,
          "z": 0.0
        },
        "rotation_quaternion": {
          "w": 0.9997307658195496,
          "x": -0.006787638179957867,
          "y": -0.02043912746012211,
          "z": -0.008645778521895409
        },
        "scale": {
          "x": 1.0,
          "y": 1.0,
          "z": 1.0
        },
        "matrix_basis": [
          [
            0.9990149736404419,
            0.01756436750292778,
            -0.04074988141655922,
            0.0
          ],
          [
            -0.01700943522155285,
            0.9997583627700806,
            0.013925045728683472,
            0.0
          ],
          [
            0.0409846194088459,
            -0.013218197040259838,
            0.9990723133087158,
            0.0
          ],
          [
            0.0,
            0.0,
            0.0,
            1.0
          ]
        ],
        "rotation_mode": "QUATERNION"
      },
      "armature_space": {
        "head": {
          "x": 0.5218706130981445,
          "y": 0.16604967415332794,
          "z": 0.25133317708969116
        },
        "tail": {
          "x": 0.5492273569107056,
          "y": 0.1401209682226181,
          "z": 0.219194233417511
        }
      },
      "world_space": {
        "head": {
          "x": 0.5218706130981445,
          "y": 0.22929367423057556,
          "z": 1.2011871337890625
        },
        "tail": {
          "x": 0.5492273569107056,
          "y": 0.20336496829986572,
          "z": 1.1690483093261719
        },
        "rotation_quaternion": {
          "w": 0.15858957171440125,
          "x": -0.7509477138519287,
          "y": -0.46164995431900024,
          "z": 0.44475412368774414
        },
        "matrix": [
          [
            0.17814449965953827,
            0.552285373210907,
            -0.8143987059593201,
            0.5218706130981445
          ],
          [
            0.834416925907135,
            -0.5234562158584595,
            -0.17245906591415405,
            0.22929367423057556
          ],
          [
            -0.5215516090393066,
            -0.6488304138183594,
            -0.554091215133667,
            1.2011871337890625
          ],
          [
            0.0,
            0.0,
            0.0,
            1.0
          ]
        ]
      },
      "bone_length_armature_space": 0.04953383620904355,
      "parent": "lowerarm_l",
      "has_children": true,
      "is_end_bone": false
    },
    "thumb_01_l": {
      "name": "thumb_01_l",
      "local": {
        "location": {
          "x": 0.0,
          "y": 0.0,
          "z": 0.0
        },
        "rotation_quaternion": {
          "w": 0.9987508058547974,
          "x": -0.04571891203522682,
          "y": 0.01830148883163929,
          "z": -0.008468047715723515
        },
        "scale": {
          "x": 1.0,
          "y": 1.0,
          "z": 1.0
        },
        "matrix_basis": [
          [
            0.9991866946220398,
            0.015241490676999092,
            0.03733155503869057,
            0.0
          ],
          [
            -0.018588386476039886,
            0.9956761598587036,
            0.09101364761590958,
            0.0
          ],
          [
            -0.03578295186161995,
            -0.09163355827331543,
            0.9951496720314026,
            0.0
          ],
          [
            0.0,
            0.0,
            0.0,
            1.0
          ]
        ],
        "rotation_mode": "QUATERNION"
      },
      "armature_space": {
        "head": {
          "x": 0.5492273569107056,
          "y": 0.1401209682226181,
          "z": 0.219194233417511
        },
        "tail": {
          "x": 0.5404129028320312,
          "y": 0.11810857802629471,
          "z": 0.19477304816246033
        }
      },
      "world_space": {
        "head": {
          "x": 0.5492273569107056,
          "y": 0.20336496829986572,
          "z": 1.1690483093261719
        },
        "tail": {
          "x": 0.5404129028320312,
          "y": 0.18135258555412292,
          "z": 1.1446270942687988
        },
        "rotation_quaternion": {
          "w": 0.3914809823036194,
          "x": -0.9070741534233093,
          "y": 0.1529642939567566,
          "z": -0.023686345666646957
        },
        "matrix": [
          [
            0.9520813822746277,
            -0.2589546740055084,
            0.16273652017116547,
            0.5492273569107056
          ],
          [
            -0.2960461676120758,
            -0.6466894149780273,
            0.702957808971405,
            0.20336496829986572
          ],
          [
            -0.07679493725299835,
            -0.7174563407897949,
            -0.6923678517341614,
            1.1690483093261719
          ],
          [
            0.0,
            0.0,
            0.0,
            1.0
          ]
        ]
      },
      "bone_length_armature_space": 0.034038716309052176,
      "parent": "metacarpal_thumb_l",
      "has_children": true,
      "is_end_bone": false
    },
    "thumb_02_l": {
      "name": "thumb_02_l",
      "local": {
        "location": {
          "x": 0.0,
          "y": 0.0,
          "z": 0.0
        },
        "rotation_quaternion": {
          "w": 0.9968969821929932,
          "x": 0.07862965017557144,
          "y": -0.0031932261772453785,
          "z": 0.0019341649021953344
        },
        "scale": {
          "x": 1.0,
          "y": 1.0,
          "z": 1.0
        },
        "matrix_basis": [
          [
            0.9999721050262451,
            -0.00435849092900753,
            -0.006062469445168972,
            0.0
          ],
          [
            0.0033541617449373007,
            0.9876272678375244,
            -0.15678367018699646,
            0.0
          ],
          [
            0.006670800503343344,
            0.15675896406173706,
            0.9876143336296082,
            0.0
          ],
          [
            0.0,
            0.0,
            0.0,
            1.0
          ]
        ],
        "rotation_mode": "QUATERNION"
      },
      "armature_space": {
        "head": {
          "x": 0.5404129028320312,
          "y": 0.11810857057571411,
          "z": 0.19477307796478271
        },
        "tail": {
          "x": 0.5664609670639038,
          "y": 0.11992289125919342,
          "z": 0.16425427794456482
        }
      },
      "world_space": {
        "head": {
          "x": 0.5404129028320312,
          "y": 0.18135257065296173,
          "z": 1.1446270942687988
        },
        "tail": {
          "x": 0.5664609670639038,
          "y": 0.18316689133644104,
          "z": 1.1141083240509033
        },
        "rotation_quaternion": {
          "w": 0.7228033542633057,
          "x": -0.5328812003135681,
          "y": -0.011930303648114204,
          "z": -0.43983030319213867
        },
        "matrix": [
          [
            0.6128116846084595,
            0.6485365033149719,
            0.45151063799858093,
            0.5404129028320312
          ],
          [
            -0.6231092810630798,
            0.045172303915023804,
            0.7808293700218201,
            0.18135257065296173
          ],
          [
            0.48600366711616516,
            -0.759847104549408,
            0.43179503083229065,
            1.1446270942687988
          ],
          [
            0.0,
            0.0,
            0.0,
            1.0
          ]
        ]
      },
      "bone_length_armature_space": 0.040164543720092025,
      "parent": "thumb_01_l",
      "has_children": true,
      "is_end_bone": false
    },
    "thumb_03_l": {
      "name": "thumb_03_l",
      "local": {
        "location": {
          "x": 0.0,
          "y": 0.0,
          "z": 0.0
        },
        "rotation_quaternion": {
          "w": 0.997243344783783,
          "x": 0.07399673759937286,
          "y": 0.005496897269040346,
          "z": -0.00018376077059656382
        },
        "scale": {
          "x": 1.0,
          "y": 1.0,
          "z": 1.0
        },
        "matrix_basis": [
          [
            0.999939501285553,
            0.0011800132924690843,
            0.010936292819678783,
            0.0
          ],
          [
            0.00044699650607071817,
            0.9890488982200623,
            -0.14758752286434174,
            0.0
          ],
          [
            -0.010990683920681477,
            0.1475834846496582,
            0.9889885187149048,
            0.0
          ],
          [
            0.0,
            0.0,
            0.0,
            1.0
          ]
        ],
        "rotation_mode": "QUATERNION"
      },
      "armature_space": {
        "head": {
          "x": 0.5664609670639038,
          "y": 0.11992280185222626,
          "z": 0.1642543077468872
        },
        "tail": {
          "x": 0.5880575180053711,
          "y": 0.13261698186397552,
          "z": 0.14695285260677338
        }
      },
      "world_space": {
        "head": {
          "x": 0.5664609670639038,
          "y": 0.18316680192947388,
          "z": 1.1141083240509033
        },
        "tail": {
          "x": 0.5880575180053711,
          "y": 0.19586098194122314,
          "z": 1.0968068838119507
        },
        "rotation_quaternion": {
          "w": 0.836016058921814,
          "x": -0.2863543927669525,
          "y": 0.09775286912918091,
          "z": -0.4577365517616272
        },
        "matrix": [
          [
            0.5618420243263245,
            0.7093662619590759,
            0.4255968928337097,
            0.5664609670639038
          ],
          [
            -0.8213351368904114,
            0.41695621609687805,
            0.389302521944046,
            0.18316680192947388
          ],
          [
            0.09870297461748123,
            -0.56828773021698,
            0.8168971538543701,
            1.1141083240509033
          ],
          [
            0.0,
            0.0,
            0.0,
            1.0
          ]
        ]
      },
      "bone_length_armature_space": 0.03044492656743604,
      "parent": "thumb_02_l",
      "has_children": false,
      "is_end_bone": true
    },
    "metacarpal_index_l": {
      "name": "metacarpal_index_l",
      "local": {
        "location": {
          "x": 0.0,
          "y": 0.0,
          "z": 0.0
        },
        "rotation_quaternion": {
          "w": 0.9998555183410645,
          "x": -0.01535932905972004,
          "y": -0.00108880246989429,
          "z": -0.007203941233456135
        },
        "scale": {
          "x": 1.0,
          "y": 1.0,
          "z": 1.0
        },
        "matrix_basis": [
          [
            0.999893844127655,
            0.01443924754858017,
            -0.0019559948705136776,
            0.0
          ],
          [
            -0.014372354373335838,
            0.999424397945404,
            0.030729906633496284,
            0.0
          ],
          [
            0.002398585667833686,
            -0.030698532238602638,
            0.999525785446167,
            0.0
          ],
          [
            0.0,
            0.0,
            0.0,
            1.0
          ]
        ],
        "rotation_mode": "QUATERNION"
      },
      "armature_space": {
        "head": {
          "x": 0.5218706130981445,
          "y": 0.16604967415332794,
          "z": 0.25133317708969116
        },
        "tail": {
          "x": 0.6044671535491943,
          "y": 0.1432543694972992,
          "z": 0.17141136527061462
        }
      },
      "world_space": {
        "head": {
          "x": 0.5218706130981445,
          "y": 0.22929367423057556,
          "z": 1.2011871337890625
        },
        "tail": {
          "x": 0.6044671535491943,
          "y": 0.20649836957454681,
          "z": 1.1212654113769531
        },
        "rotation_quaternion": {
          "w": 0.007407037541270256,
          "x": 0.5490862131118774,
          "y": 0.6345654726028442,
          "z": -0.5438532829284668
        },
        "matrix": [
          [
            -0.3968956470489502,
            0.7049185037612915,
            -0.5878467559814453,
            0.5218706130981445
          ],
          [
            0.6888079047203064,
            -0.19454611837863922,
            -0.698352038860321,
            0.22929367423057556
          ],
          [
            -0.6066482663154602,
            -0.6820912957191467,
            -0.40834251046180725,
            1.2011871337890625
          ],
          [
            0.0,
            0.0,
            0.0,
            1.0
          ]
        ]
      },
      "bone_length_armature_space": 0.11717213912464637,
      "parent": "lowerarm_l",
      "has_children": true,
      "is_end_bone": false
    },
    "index_01_l": {
      "name": "index_01_l",
      "local": {
        "location": {
          "x": 0.0,
          "y": 0.0,
          "z": 0.0
        },
        "rotation_quaternion": {
          "w": 0.9954845309257507,
          "x": -0.09480170905590057,
          "y": -0.004745650105178356,
          "z": -0.000901284976862371
        },
        "scale": {
          "x": 1.0,
          "y": 1.0,
          "z": 1.0
        },
        "matrix_basis": [
          [
            0.9999533295631409,
            0.0026942219119518995,
            -0.009277556091547012,
            0.0
          ],
          [
            -0.000894639000762254,
            0.9820236563682556,
            0.1887558251619339,
            0.0
          ],
          [
            0.009619329124689102,
            -0.18873871862888336,
            0.9819802045822144,
            0.0
          ],
          [
            0.0,
            0.0,
            0.0,
            1.0
          ]
        ],
        "rotation_mode": "QUATERNION"
      },
      "armature_space": {
        "head": {
          "x": 0.6044671535491943,
          "y": 0.1432543694972992,
          "z": 0.17141136527061462
        },
        "tail": {
          "x": 0.6239310503005981,
          "y": 0.15112793445587158,
          "z": 0.15211792290210724
        }
      },
      "world_space": {
        "head": {
          "x": 0.6044671535491943,
          "y": 0.20649836957454681,
          "z": 1.1212654113769531
        },
        "tail": {
          "x": 0.6239310503005981,
          "y": 0.2143719345331192,
          "z": 1.101971983909607
        },
        "rotation_quaternion": {
          "w": 0.019066577777266502,
          "x": -0.4372594654560089,
          "y": -0.7985614538192749,
          "z": 0.4132072925567627
        },
        "matrix": [
          [
            -0.6168798208236694,
            0.6826003789901733,
            -0.3918113112449646,
            0.6044671535491943
          ],
          [
            0.7141157388687134,
            0.2761264741420746,
            -0.6432674527168274,
            0.20649836957454681
          ],
          [
            -0.33090686798095703,
            -0.6766217947006226,
            -0.6577976942062378,
            1.1212654113769531
          ],
          [
            0.0,
            0.0,
            0.0,
            1.0
          ]
        ]
      },
      "bone_length_armature_space": 0.028514438868415582,
      "parent": "metacarpal_index_l",
      "has_children": true,
      "is_end_bone": false
    },
    "index_02_l": {
      "name": "index_02_l",
      "local": {
        "location": {
          "x": 0.0,
          "y": 0.0,
          "z": 0.0
        },
        "rotation_quaternion": {
          "w": 0.9995149970054626,
          "x": 0.031080089509487152,
          "y": -0.0001860634656623006,
          "z": -0.0019611676689237356
        },
        "scale": {
          "x": 1.0,
          "y": 1.0,
          "z": 1.0
        },
        "matrix_basis": [
          [
            0.9999922513961792,
            0.003908867482095957,
            -0.0004938530037179589,
            0.0
          ],
          [
            -0.0039319987408816814,
            0.9980603456497192,
            -0.06212930008769035,
            0.0
          ],
          [
            0.000250039913225919,
            0.06213076040148735,
            0.9980679750442505,
            0.0
          ],
          [
            0.0,
            0.0,
            0.0,
            1.0
          ]
        ],
        "rotation_mode": "QUATERNION"
      },
      "armature_space": {
        "head": {
          "x": 0.623931348323822,
          "y": 0.1511276662349701,
          "z": 0.1521175354719162
        },
        "tail": {
          "x": 0.6406594514846802,
          "y": 0.1583138257265091,
          "z": 0.13404478132724762
        }
      },
      "world_space": {
        "head": {
          "x": 0.623931348323822,
          "y": 0.2143716663122177,
          "z": 1.1019715070724487
        },
        "tail": {
          "x": 0.6406594514846802,
          "y": 0.2215578258037567,
          "z": 1.0838987827301025
        },
        "rotation_quaternion": {
          "w": 0.004790850915014744,
          "x": -0.4101616144180298,
          "y": -0.8000256419181824,
          "z": 0.43783965706825256
        },
        "matrix": [
          [
            -0.6634876728057861,
            0.652084469795227,
            -0.3668377995491028,
            0.623931348323822
          ],
          [
            0.6604766845703125,
            0.2801263928413391,
            -0.6966346502304077,
            0.2143716663122177
          ],
          [
            -0.35150569677352905,
            -0.7045009136199951,
            -0.6165519952774048,
            1.1019715070724487
          ],
          [
            0.0,
            0.0,
            0.0,
            1.0
          ]
        ]
      },
      "bone_length_armature_space": 0.025653357448097745,
      "parent": "index_01_l",
      "has_children": true,
      "is_end_bone": false
    },
    "index_03_l": {
      "name": "index_03_l",
      "local": {
        "location": {
          "x": 0.0,
          "y": 0.0,
          "z": 0.0
        },
        "rotation_quaternion": {
          "w": 0.99985671043396,
          "x": 0.015450569801032543,
          "y": -0.003768842900171876,
          "z": -0.005817170720547438
        },
        "scale": {
          "x": 1.0,
          "y": 1.0,
          "z": 1.0
        },
        "matrix_basis": [
          [
            0.9999039173126221,
            0.011516212485730648,
            -0.007716362830251455,
            0.0
          ],
          [
            -0.01174913626164198,
            0.9994548559188843,
            -0.03085286356508732,
            0.0
          ],
          [
            0.007356848567724228,
            0.03094056062400341,
            0.9994941353797913,
            0.0
          ],
          [
            0.0,
            0.0,
            0.0,
            1.0
          ]
        ],
        "rotation_mode": "QUATERNION"
      },
      "armature_space": {
        "head": {
          "x": 0.640659511089325,
          "y": 0.15831390023231506,
          "z": 0.13404488563537598
        },
        "tail": {
          "x": 0.6561917066574097,
          "y": 0.16600854694843292,
          "z": 0.11052292585372925
        }
      },
      "world_space": {
        "head": {
          "x": 0.640659511089325,
          "y": 0.22155790030956268,
          "z": 1.083898901939392
        },
        "tail": {
          "x": 0.6561917066574097,
          "y": 0.22925254702568054,
          "z": 1.0603768825531006
        },
        "rotation_quaternion": {
          "w": 0.07691629230976105,
          "x": -0.38186487555503845,
          "y": -0.7910485863685608,
          "z": 0.4717046320438385
        },
        "matrix": [
          [
            -0.6965247392654419,
            0.5315839648246765,
            -0.4819457530975342,
            0.640659511089325
          ],
          [
            0.6767126321792603,
            0.2633465826511383,
            -0.6875380873680115,
            0.22155790030956268
          ],
          [
            -0.23856668174266815,
            -0.8050313591957092,
            -0.5431615114212036,
            1.083898901939392
          ],
          [
            0.0,
            0.0,
            0.0,
            1.0
          ]
        ]
      },
      "bone_length_armature_space": 0.02921881770000067,
      "parent": "index_02_l",
      "has_children": false,
      "is_end_bone": true
    },
    "metacarpal_pinky_l": {
      "name": "metacarpal_pinky_l",
      "local": {
        "location": {
          "x": 0.0,
          "y": 0.0,
          "z": 0.0
        },
        "rotation_quaternion": {
          "w": 0.9970860481262207,
          "x": -0.07505100220441818,
          "y": 0.0008019787492230535,
          "z": -0.01364978402853012
        },
        "scale": {
          "x": 1.0,
          "y": 1.0,
          "z": 1.0
        },
        "matrix_basis": [
          [
            0.999626100063324,
            0.027099639177322388,
            0.00364814349450171,
            0.0
          ],
          [
            -0.027340397238731384,
            0.9883620738983154,
            0.1496427208185196,
            0.0
          ],
          [
            0.0004495762987062335,
            -0.1496865153312683,
            0.9887334108352661,
            0.0
          ],
          [
            0.0,
            0.0,
            0.0,
            1.0
          ]
        ],
        "rotation_mode": "QUATERNION"
      },
      "armature_space": {
        "head": {
          "x": 0.5218706130981445,
          "y": 0.16604967415332794,
          "z": 0.25133317708969116
        },
        "tail": {
          "x": 0.5736981630325317,
          "y": 0.20375806093215942,
          "z": 0.16926440596580505
        }
      },
      "world_space": {
        "head": {
          "x": 0.5218706130981445,
          "y": 0.22929367423057556,
          "z": 1.2011871337890625
        },
        "tail": {
          "x": 0.5736981630325317,
          "y": 0.26700204610824585,
          "z": 1.1191184520721436
        },
        "rotation_quaternion": {
          "w": 0.7174484729766846,
          "x": -0.2660943567752838,
          "y": 0.4078372120857239,
          "z": -0.4981268346309662
        },
        "matrix": [
          [
            0.17107529938220978,
            0.4977162480354309,
            0.8503010272979736,
            0.5218706130981445
          ],
          [
            -0.9318076968193054,
            0.362125426530838,
            -0.02449311688542366,
            0.22929367423057556
          ],
          [
            -0.32010936737060547,
            -0.7881319522857666,
            0.5257302522659302,
            1.2011871337890625
          ],
          [
            0.0,
            0.0,
            0.0,
            1.0
          ]
        ]
      },
      "bone_length_armature_space": 0.10413117133058687,
      "parent": "lowerarm_l",
      "has_children": true,
      "is_end_bone": false
    },
    "pinky_01_l": {
      "name": "pinky_01_l",
      "local": {
        "location": {
          "x": 0.0,
          "y": 0.0,
          "z": 0.0
        },
        "rotation_quaternion": {
          "w": 0.9479348659515381,
          "x": 0.3179389536380768,
          "y": 0.01714756339788437,
          "z": 0.006345504429191351
        },
        "scale": {
          "x": 1.0,
          "y": 1.0,
          "z": 1.0
        },
        "matrix_basis": [
          [
            0.9993314146995544,
            -0.0011264930944889784,
            0.03654451295733452,
            0.0
          ],
          [
            0.02293400652706623,
            0.7977491021156311,
            -0.6025532484054565,
            0.0
          ],
          [
            -0.028474580496549606,
            0.6029884815216064,
            0.7972415685653687,
            0.0
          ],
          [
            0.0,
            0.0,
            0.0,
            1.0
          ]
        ],
        "rotation_mode": "QUATERNION"
      },
      "armature_space": {
        "head": {
          "x": 0.5736981630325317,
          "y": 0.20375806093215942,
          "z": 0.16926440596580505
        },
        "tail": {
          "x": 0.5723704099655151,
