{
  "metadata": {
    "armature_name": "KIM_caucasian_male",
    "export_time": "2026-01-13T21:02:44.643966",
    "blender_version": "4.4.1",
    "bone_count": 56,
    "end_bone_count": 13,
    "spaces_included": [
      "LOCAL_CHANNELS",
      "ARMATURE_SPACE",
      "WORLD_SPACE"
    ],
    "note": "LOCAL matches Transform panel; replay pose via local.matrix_basis for best fidelity."
  },
  "bones": {
    "Root": {
      "name": "Root",
      "local": {
        "location": {
          "x": 0.0,
          "y": 0.0,
          "z": 0.0
        },
        "rotation_quaternion": {
          "w": 0.9998701214790344,
          "x": 0.0002743588120210916,
          "y": 0.0009047129424288869,
          "z": -0.016092868521809578
        },
        "scale": {
          "x": 1.0,
          "y": 1.0,
          "z": 1.0
        },
        "matrix_basis": [
          [
            0.9994804263114929,
            0.03218205273151398,
            0.0018003603909164667,
            0.0
          ],
          [
            -0.032181061804294586,
            0.9994819164276123,
            -0.0005777652258984745,
            0.0
          ],
          [
            -0.0018180212937295437,
            0.0005195275298319757,
            0.9999982118606567,
            0.0
          ],
          [
            0.0,
            0.0,
            0.0,
            1.0
          ]
        ],
        "rotation_mode": "QUATERNION"
      },
      "armature_space": {
        "head": {
          "x": 0.0,
          "y": 0.07072800397872925,
          "z": -0.009595036506652832
        },
        "tail": {
          "x": 0.0022970219142735004,
          "y": 3.1657516956329346e-05,
          "z": -4.1717663407325745e-05
        }
      },
      "world_space": {
        "head": {
          "x": 0.0,
          "y": 0.13397200405597687,
          "z": 0.9402589797973633
        },
        "tail": {
          "x": 0.0022970219142735004,
          "y": 0.06327565759420395,
          "z": 0.9498122930526733
        },
        "rotation_quaternion": {
          "w": 0.0670851618051529,
          "x": 0.9976170659065247,
          "y": 0.016117257997393608,
          "z": -0.0001814849820220843
        },
        "matrix": [
          [
            0.9994804263114929,
            0.03218205273151398,
            0.0018003603909164667,
            0.0
          ],
          [
            0.03213335573673248,
            -0.9904796481132507,
            -0.13385693728923798,
            0.13397200405597687
          ],
          [
            -0.002524557989090681,
            0.1338452249765396,
            -0.991006076335907,
            0.9402589797973633
          ],
          [
            0.0,
            0.0,
            0.0,
            1.0
          ]
        ]
      },
      "bone_length_armature_space": 0.07137587506793817,
      "parent": null,
      "has_children": true,
      "is_end_bone": false
    },
    "spine_01": {
      "name": "spine_01",
      "local": {
        "location": {
          "x": 0.0,
          "y": 0.0,
          "z": 0.0
        },
        "rotation_quaternion": {
          "w": 0.9971764087677002,
          "x": 0.05460066348314285,
          "y": 0.026964843273162842,
          "z": 0.043941766023635864
        },
        "scale": {
          "x": 1.0,
          "y": 1.0,
          "z": 1.0
        },
        "matrix_basis": [
          [
            0.9946840405464172,
            -0.08469078689813614,
            0.058575909584760666,
            0.0
          ],
          [
            0.09057997912168503,
            0.9901757836341858,
            -0.10652322322130203,
            0.0
          ],
          [
            -0.04897891357541084,
            0.11126275360584259,
            0.9925833344459534,
            0.0
          ],
          [
            0.0,
            0.0,
            0.0,
            1.0
          ]
        ],
        "rotation_mode": "QUATERNION"
      },
      "armature_space": {
        "head": {
          "x": 0.0022970219142735004,
          "y": 3.1657516956329346e-05,
          "z": -4.1717663407325745e-05
        },
        "tail": {
          "x": -0.0367601253092289,
          "y": -0.03317934647202492,
          "z": 0.48526236414909363
        }
      },
      "world_space": {
        "head": {
          "x": 0.0022970219142735004,
          "y": 0.06327565759420395,
          "z": 0.9498122930526733
        },
        "tail": {
          "x": -0.0367601253092289,
          "y": 0.030064653605222702,
          "z": 1.4351164102554321
        },
        "rotation_quaternion": {
          "w": 0.6826194524765015,
          "x": 0.728266716003418,
          "y": 0.001721494714729488,
          "z": 0.06046000495553017
        },
        "matrix": [
          [
            0.9926832914352417,
            -0.08003493398427963,
            0.09041167795658112,
            0.0022970219142735004
          ],
          [
            0.08504921197891235,
            -0.0680551677942276,
            -0.9940499663352966,
            0.06327565759420395
          ],
          [
            0.08571237325668335,
            0.9944730997085571,
            -0.06075165793299675,
            0.9498122930526733
          ],
          [
            0.0,
            0.0,
            0.0,
            1.0
          ]
        ]
      },
      "bone_length_armature_space": 0.4880045916471177,
      "parent": "Root",
      "has_children": true,
      "is_end_bone": false
    },
    "neck_01": {
      "name": "neck_01",
      "local": {
        "location": {
          "x": 0.0,
          "y": 0.0,
          "z": 0.0
        },
        "rotation_quaternion": {
          "w": 0.9899033308029175,
          "x": 0.00580993527546525,
          "y": -0.00779797974973917,
          "z": 0.14141084253787994
        },
        "scale": {
          "x": 1.0,
          "y": 1.0,
          "z": 1.0
        },
        "matrix_basis": [
          [
            0.9598843455314636,
            -0.28005674481391907,
            -0.013795316219329834,
            0.0
          ],
          [
            0.2798755168914795,
            0.9599384069442749,
            -0.01370798610150814,
            0.0
          ],
          [
            0.017081668600440025,
            0.009297111071646214,
            0.9998108744621277,
            0.0
          ],
          [
            0.0,
            0.0,
            0.0,
            1.0
          ]
        ],
        "rotation_mode": "QUATERNION"
      },
      "armature_space": {
        "head": {
          "x": -0.03948464244604111,
          "y": -0.07263633608818054,
          "z": 0.55596923828125
        },
        "tail": {
          "x": -0.07179073989391327,
          "y": -0.11924609541893005,
          "z": 0.6413774490356445
        }
      },
      "world_space": {
        "head": {
          "x": -0.03948464244604111,
          "y": -0.009392336010932922,
          "z": 1.5058232545852661
        },
        "tail": {
          "x": -0.07179073989391327,
          "y": -0.056002095341682434,
          "z": 1.5912314653396606
        },
        "rotation_quaternion": {
          "w": 0.5103185772895813,
          "x": 0.8435080051422119,
          "y": -0.11071376502513885,
          "z": 0.1257447600364685
        },
        "matrix": [
          [
            0.9438614845275879,
            -0.31511586904525757,
            0.09913350641727448,
            -0.03948464244604111
          ],
          [
            -0.05843738839030266,
            -0.4546346962451935,
            -0.8887590765953064,
            -0.009392336010932922
          ],
          [
            0.3251337707042694,
            0.833077609539032,
            -0.44753071665763855,
            1.5058232545852661
          ],
          [
            0.0,
            0.0,
            0.0,
            1.0
          ]
        ]
      },
      "bone_length_armature_space": 0.10252178421223025,
      "parent": "spine_01",
      "has_children": true,
      "is_end_bone": false
    },
    "head": {
      "name": "head",
      "local": {
        "location": {
          "x": 0.0,
          "y": 0.0,
          "z": 0.0
        },
        "rotation_quaternion": {
          "w": 0.9991317987442017,
          "x": 0.03781109303236008,
          "y": -0.007428167853504419,
          "z": -0.015838762745261192
        },
        "scale": {
          "x": 1.0,
          "y": 1.0,
          "z": 1.0
        },
        "matrix_basis": [
          [
            0.9993879199028015,
            0.031088288873434067,
            -0.01604119874536991,
            0.0
          ],
          [
            -0.03221175819635391,
            0.9966388940811157,
            -0.07532122731208801,
            0.0
          ],
          [
            0.013645675964653492,
            0.07579183578491211,
            0.9970302581787109,
            0.0
          ],
          [
            0.0,
            0.0,
            0.0,
            1.0
          ]
        ],
        "rotation_mode": "QUATERNION"
      },
      "armature_space": {
        "head": {
          "x": -0.07179070264101028,
          "y": -0.11924619972705841,
          "z": 0.641377329826355
        },
        "tail": {
          "x": -0.11857154965400696,
          "y": -0.14706622064113617,
          "z": 0.7866042852401733
        }
      },
      "world_space": {
        "head": {
          "x": -0.07179070264101028,
          "y": -0.05600219964981079,
          "z": 1.591231346130371
        },
        "tail": {
          "x": -0.11857154965400696,
          "y": -0.08382222056388855,
          "z": 1.7364583015441895
        },
        "rotation_quaternion": {
          "w": 0.628748893737793,
          "x": 0.7624506950378418,
          "y": -0.1224127933382988,
          "z": 0.0914265364408493
        },
        "matrix": [
          [
            0.9533124566078186,
            -0.30163633823394775,
            -0.014519031159579754,
            -0.07179070264101028
          ],
          [
            -0.07170046865940094,
            -0.1793796420097351,
            -0.981163740158081,
            -0.05600219964981079
          ],
          [
            0.2933521568775177,
            0.9364029765129089,
            -0.1926346719264984,
            1.591231346130371
          ],
          [
            0.0,
            0.0,
            0.0,
            1.0
          ]
        ]
      },
      "bone_length_armature_space": 0.15509116691625857,
      "parent": "neck_01",
      "has_children": false,
      "is_end_bone": true
    },
    "upperarm_l": {
      "name": "upperarm_l",
      "local": {
        "location": {
          "x": 0.0,
          "y": 0.0,
          "z": 0.0
        },
        "rotation_quaternion": {
          "w": 0.838005781173706,
          "x": 0.5186700224876404,
          "y": -0.0008786367252469063,
          "z": -0.16949021816253662
        },
        "scale": {
          "x": 1.0,
          "y": 1.0,
          "z": 1.0
        },
        "matrix_basis": [
          [
            0.9425445795059204,
            0.2831561267375946,
            -0.177291601896286,
            0.0
          ],
          [
            -0.2849790155887604,
            0.40450894832611084,
            -0.8689991235733032,
            0.0
          ],
          [
            -0.17434638738632202,
            0.8695948123931885,
            0.4619612693786621,
            0.0
          ],
          [
            0.0,
            0.0,
            0.0,
            1.0
          ]
        ],
        "rotation_mode": "QUATERNION"
      },
      "armature_space": {
        "head": {
          "x": 0.115085169672966,
          "y": -0.05847527086734772,
          "z": 0.5017960667610168
        },
        "tail": {
          "x": 0.2570066452026367,
          "y": -0.2683037519454956,
          "z": 0.41440004110336304
        }
      },
      "world_space": {
        "head": {
          "x": 0.115085169672966,
          "y": 0.004768729209899902,
          "z": 1.4516501426696777
        },
        "tail": {
          "x": 0.2570066452026367,
          "y": -0.20505975186824799,
          "z": 1.3642539978027344
        },
        "rotation_quaternion": {
          "w": 0.10598281770944595,
          "x": 0.6019203662872314,
          "y": 0.3118535280227661,
          "z": -0.7274660468101501
        },
        "matrix": [
          [
            -0.25291985273361206,
            0.5296182036399841,
            -0.8096518516540527,
            0.115085169672966
          ],
          [
            0.22122304141521454,
            -0.7830314636230469,
            -0.5813109278678894,
            0.004768729209899902
          ],
          [
            -0.9418620467185974,
            -0.32614174485206604,
            0.0808805525302887,
            1.4516501426696777
          ],
          [
            0.0,
            0.0,
            0.0,
            1.0
          ]
        ]
      },
      "bone_length_armature_space": 0.267969704645753,
      "parent": "spine_01",
      "has_children": true,
      "is_end_bone": false
    },
    "lowerarm_l": {
      "name": "lowerarm_l",
      "local": {
        "location": {
          "x": 0.0,
          "y": 0.0,
          "z": 0.0
        },
        "rotation_quaternion": {
          "w": 0.8876037001609802,
          "x": 0.4091498553752899,
          "y": 0.20378850400447845,
          "z": -0.056802596896886826
        },
        "scale": {
          "x": 1.0,
          "y": 1.0,
          "z": 1.0
        },
        "matrix_basis": [
          [
            0.9104874134063721,
            0.26759645342826843,
            0.315285325050354,
            0.0
          ],
          [
            0.06592368334531784,
            0.6587397456169128,
            -0.7494772672653198,
            0.0
          ],
          [
            -0.4082483947277069,
            0.7031744122505188,
            0.5821332931518555,
            0.0
          ],
          [
            0.0,
            0.0,
            0.0,
            1.0
          ]
        ],
        "rotation_mode": "QUATERNION"
      },
      "armature_space": {
        "head": {
          "x": 0.2570067048072815,
          "y": -0.26830390095710754,
          "z": 0.4144001305103302
        },
        "tail": {
          "x": 0.15638324618339539,
          "y": -0.5078272223472595,
          "z": 0.35058048367500305
        }
      },
      "world_space": {
        "head": {
          "x": 0.2570067048072815,
          "y": -0.20505990087985992,
          "z": 1.364254117012024
        },
        "tail": {
          "x": 0.15638324618339539,
          "y": -0.4445832371711731,
          "z": 1.3004344701766968
        },
        "rotation_quaternion": {
          "w": 0.22290325164794922,
          "x": -0.6929428577423096,
          "y": 0.05145559459924698,
          "z": 0.6837372779846191
        },
        "matrix": [
          [
            0.05971163511276245,
            -0.37612807750701904,
            -0.9246417284011841,
            0.2570067048072815
          ],
          [
            0.23350262641906738,
            -0.895332396030426,
            0.379284530878067,
            -0.20505990087985992
          ],
          [
            -0.970527708530426,
            -0.23855629563331604,
            0.03436574339866638,
            1.364254117012024
          ],
          [
            0.0,
            0.0,
            0.0,
            1.0
          ]
        ]
      },
      "bone_length_armature_space": 0.2675246721325045,
      "parent": "upperarm_l",
      "has_children": true,
      "is_end_bone": false
    },
    "metacarpal_thumb_l": {
      "name": "metacarpal_thumb_l",
      "local": {
        "location": {
          "x": 0.0,
          "y": 0.0,
          "z": 0.0
        },
        "rotation_quaternion": {
          "w": 0.9989151358604431,
          "x": -0.040242746472358704,
          "y": -0.020136969164013863,
          "z": -0.011990943923592567
        },
        "scale": {
          "x": 1.0,
          "y": 1.0,
          "z": 1.0
        },
        "matrix_basis": [
          [
            0.9989014267921448,
            0.025576604530215263,
            -0.03926514834165573,
            0.0
          ],
          [
            -0.02233513630926609,
            0.996473491191864,
            0.08088109642267227,
            0.0
          ],
          [
            0.0411953441798687,
            -0.07991525530815125,
            0.9959500432014465,
            0.0
          ],
          [
            0.0,
            0.0,
            0.0,
            1.0
          ]
        ],
        "rotation_mode": "QUATERNION"
      },
      "armature_space": {
        "head": {
          "x": 0.15638324618339539,
          "y": -0.5078272223472595,
          "z": 0.35058048367500305
        },
        "tail": {
          "x": 0.11542437970638275,
          "y": -0.5320691466331482,
          "z": 0.3368586599826813
        }
      },
      "world_space": {
        "head": {
          "x": 0.15638324618339539,
          "y": -0.4445832371711731,
          "z": 1.3004344701766968
        },
        "tail": {
          "x": 0.11542437970638275,
          "y": -0.46882516145706177,
          "z": 1.286712646484375
        },
        "rotation_quaternion": {
          "w": 0.18849129974842072,
          "x": -0.8614577054977417,
          "y": 0.4687957167625427,
          "z": 0.050914887338876724
        },
        "matrix": [
          [
            0.5552762150764465,
            -0.8268893361091614,
            0.08900731801986694,
            0.15638324618339539
          ],
          [
            -0.7885019779205322,
            -0.4894028306007385,
            0.37249118089675903,
            -0.4445832371711731
          ],
          [
            -0.2644510269165039,
            -0.277020126581192,
            -0.9237637519836426,
            1.3004344701766968
          ],
          [
            0.0,
            0.0,
            0.0,
            1.0
          ]
        ]
      },
      "bone_length_armature_space": 0.049533706212430514,
      "parent": "lowerarm_l",
      "has_children": true,
      "is_end_bone": false
    },
    "thumb_01_l": {
      "name": "thumb_01_l",
      "local": {
        "location": {
          "x": 0.0,
          "y": 0.0,
          "z": 0.0
        },
        "rotation_quaternion": {
          "w": 0.9988226890563965,
          "x": -0.044275298714637756,
          "y": -0.019811563193798065,
          "z": 0.0007597373332828283
        },
        "scale": {
          "x": 1.0,
          "y": 1.0,
          "z": 1.0
        },
        "matrix_basis": [
          [
            0.9992138743400574,
            0.0002366399858146906,
            -0.039643753319978714,
            0.0
          ],
          [
            0.0032720116432756186,
            0.9960782527923584,
            0.08841624110937119,
            0.0
          ],
          [
            0.03950920328497887,
            -0.08847644925117493,
            0.9952943921089172,
            0.0
          ],
          [
            0.0,
            0.0,
            0.0,
            1.0
          ]
        ],
        "rotation_mode": "QUATERNION"
      },
      "armature_space": {
        "head": {
          "x": 0.11542437970638275,
          "y": -0.5320691466331482,
          "z": 0.3368586599826813
        },
        "tail": {
          "x": 0.09539437294006348,
          "y": -0.5280469059944153,
          "z": 0.30963265895843506
        }
      },
      "world_space": {
        "head": {
          "x": 0.11542437970638275,
          "y": -0.46882516145706177,
          "z": 1.286712646484375
        },
        "tail": {
          "x": 0.09539437294006348,
          "y": -0.46480292081832886,
          "z": 1.2594866752624512
        },
        "rotation_quaternion": {
          "w": 0.02498491108417511,
          "x": -0.41114917397499084,
          "y": 0.7473017573356628,
          "z": -0.5214136242866516
        },
        "matrix": [
          [
            -0.6606622338294983,
            -0.5884503126144409,
            0.4661024510860443,
            0.11542437970638275
          ],
          [
            -0.6405622363090515,
            0.118166983127594,
            -0.7587600946426392,
            -0.46882516145706177
          ],
          [
            0.39141690731048584,
            -0.7998572587966919,
            -0.4550113379955292,
            1.286712646484375
          ],
          [
            0.0,
            0.0,
            0.0,
            1.0
          ]
        ]
      },
      "bone_length_armature_space": 0.034038723576733196,
      "parent": "metacarpal_thumb_l",
      "has_children": true,
      "is_end_bone": false
    },
    "thumb_02_l": {
      "name": "thumb_02_l",
      "local": {
        "location": {
          "x": 0.0,
          "y": 0.0,
          "z": 0.0
        },
        "rotation_quaternion": {
          "w": 0.9942871332168579,
          "x": 0.10642609000205994,
          "y": -0.005714271683245897,
          "z": 0.005835266318172216
        },
        "scale": {
          "x": 1.0,
          "y": 1.0,
          "z": 1.0
        },
        "matrix_basis": [
          [
            0.9998666048049927,
            -0.01282015535980463,
            -0.010121204890310764,
            0.0
          ],
          [
            0.01038756500929594,
            0.9772788882255554,
            -0.2117028683423996,
            0.0
          ],
          [
            0.012605302967131138,
            0.21156948804855347,
            0.9772816896438599,
            0.0
          ],
          [
            0.0,
            0.0,
            0.0,
            1.0
          ]
        ],
        "rotation_mode": "QUATERNION"
      },
      "armature_space": {
        "head": {
          "x": 0.09539438039064407,
          "y": -0.5280468463897705,
          "z": 0.30963268876075745
        },
        "tail": {
          "x": 0.08359382301568985,
          "y": -0.5646430850028992,
          "z": 0.2980290949344635
        }
      },
      "world_space": {
        "head": {
          "x": 0.09539438039064407,
          "y": -0.4648028612136841,
          "z": 1.2594866752624512
        },
        "tail": {
          "x": 0.08359382301568985,
          "y": -0.5013990998268127,
          "z": 1.2478830814361572
        },
        "rotation_quaternion": {
          "w": 0.08674850314855576,
          "x": 0.35313674807548523,
          "y": -0.19207869470119476,
          "z": 0.9115234613418579
        },
        "matrix": [
          [
            -0.73553866147995,
            -0.29380643367767334,
            0.6104593873023987,
            0.09539438039064407
          ],
          [
            0.022487079724669456,
            -0.9111614227294922,
            -0.4114360511302948,
            -0.4648028612136841
          ],
          [
            0.6771143078804016,
            -0.2889024019241333,
            0.6768054962158203,
            1.2594866752624512
          ],
          [
            0.0,
            0.0,
            0.0,
            1.0
          ]
        ]
      },
      "bone_length_armature_space": 0.04016442760037198,
      "parent": "thumb_01_l",
      "has_children": true,
      "is_end_bone": false
    },
    "thumb_03_l": {
      "name": "thumb_03_l",
      "local": {
        "location": {
          "x": 0.0,
          "y": 0.0,
          "z": 0.0
        },
        "rotation_quaternion": {
          "w": 0.9973393082618713,
          "x": 0.072809599339962,
          "y": 0.0014376669423654675,
          "z": 0.0033356542699038982
        },
        "scale": {
          "x": 1.0,
          "y": 1.0,
          "z": 1.0
        },
        "matrix_basis": [
          [
            0.9999735951423645,
            -0.006444206461310387,
            0.003353418782353401,
            0.0
          ],
          [
            0.006862909998744726,
            0.9893752932548523,
            -0.14522215723991394,
            0.0
          ],
          [
            -0.0023819482885301113,
            0.14524133503437042,
            0.989393413066864,
            0.0
          ],
          [
            0.0,
            0.0,
            0.0,
            1.0
          ]
        ],
        "rotation_mode": "QUATERNION"
      },
      "armature_space": {
        "head": {
          "x": 0.08359375596046448,
          "y": -0.5646430850028992,
          "z": 0.2980291247367859
        },
        "tail": {
          "x": 0.08535552769899368,
          "y": -0.5949718952178955,
          "z": 0.2960415184497833
        }
      },
      "world_space": {
        "head": {
          "x": 0.08359375596046448,
          "y": -0.5013990998268127,
          "z": 1.2478830814361572
        },
        "tail": {
          "x": 0.08535552769899368,
          "y": -0.5317279100418091,
          "z": 1.245895504951477
        },
        "rotation_quaternion": {
          "w": 0.03380216658115387,
          "x": -0.1593538075685501,
          "y": 0.027635686099529266,
          "z": -0.9862555861473083
        },
        "matrix": [
          [
            -0.946927547454834,
            0.05786757171154022,
            0.31619542837142944,
            0.08359375596046448
          ],
          [
            -0.0754828155040741,
            -0.9961876273155212,
            -0.04373818635940552,
            -0.5013990998268127
          ],
          [
            0.31246113777160645,
            -0.06528550386428833,
            0.9476920366287231,
            1.2478830814361572
          ],
          [
            0.0,
            0.0,
            0.0,
            1.0
          ]
        ]
      },
      "bone_length_armature_space": 0.030444887362254345,
      "parent": "thumb_02_l",
      "has_children": false,
      "is_end_bone": true
    },
    "metacarpal_index_l": {
      "name": "metacarpal_index_l",
      "local": {
        "location": {
          "x": 0.0,
          "y": 0.0,
          "z": 0.0
        },
        "rotation_quaternion": {
          "w": 0.9997140169143677,
          "x": 0.016796749085187912,
          "y": 0.010410103015601635,
          "z": -0.013475103303790092
        },
        "scale": {
          "x": 1.0,
          "y": 1.0,
          "z": 1.0
        },
        "matrix_basis": [
          [
            0.9994201064109802,
            0.02729221060872078,
            0.020361576229333878,
            0.0
          ],
          [
            -0.026592787355184555,
            0.9990726113319397,
            -0.033864445984363556,
            0.0
          ],
          [
            -0.02126692794263363,
            0.033303335309028625,
            0.9992190003395081,
            0.0
          ],
          [
            0.0,
            0.0,
            0.0,
            1.0
          ]
        ],
        "rotation_mode": "QUATERNION"
      },
      "armature_space": {
        "head": {
          "x": 0.15638324618339539,
          "y": -0.5078272223472595,
          "z": 0.35058048367500305
        },
        "tail": {
          "x": 0.08253788203001022,
          "y": -0.5914064049720764,
          "z": 0.3146551549434662
        }
      },
      "world_space": {
        "head": {
          "x": 0.15638324618339539,
          "y": -0.4445832371711731,
          "z": 1.3004344701766968
        },
        "tail": {
          "x": 0.08253788203001022,
          "y": -0.52816241979599,
          "z": 1.2645092010498047
        },
        "rotation_quaternion": {
          "w": 0.2581947445869446,
          "x": -0.8848587870597839,
          "y": 0.2769169211387634,
          "z": 0.2714358866214752
        },
        "matrix": [
          [
            0.699279248714447,
            -0.6302319169044495,
            -0.33736681938171387,
            0.15638324618339539
          ],
          [
            -0.3498992323875427,
            -0.7133048176765442,
            0.6072618961334229,
            -0.4445832371711731
          ],
          [
            -0.6233658790588379,
            -0.3066039979457855,
            -0.7193214297294617,
            1.3004344701766968
          ],
          [
            0.0,
            0.0,
            0.0,
            1.0
          ]
        ]
      },
      "bone_length_armature_space": 0.11717186912957424,
      "parent": "lowerarm_l",
      "has_children": true,
      "is_end_bone": false
    },
    "index_01_l": {
      "name": "index_01_l",
      "local": {
        "location": {
          "x": 0.0,
          "y": 0.0,
          "z": 0.0
        },
        "rotation_quaternion": {
          "w": 0.9952414035797119,
          "x": -0.09624286741018295,
          "y": 0.01178845576941967,
          "z": -0.009643766097724438
        },
        "scale": {
          "x": 1.0,
          "y": 1.0,
          "z": 1.0
        },
        "matrix_basis": [
          [
            0.9995360374450684,
            0.016926640644669533,
            0.025321006774902344,
            0.0
          ],
          [
            -0.021464860066771507,
            0.9812886118888855,
            0.19134239852428436,
            0.0
          ],
          [
            -0.02160843089222908,
            -0.191797137260437,
            0.9811967015266418,
            0.0
          ],
          [
            0.0,
            0.0,
            0.0,
            1.0
          ]
        ],
        "rotation_mode": "QUATERNION"
      },
      "armature_space": {
        "head": {
          "x": 0.08253788203001022,
          "y": -0.5914064049720764,
          "z": 0.3146551549434662
        },
        "tail": {
          "x": 0.0765899121761322,
          "y": -0.6183404922485352,
          "z": 0.30742692947387695
        }
      },
      "world_space": {
        "head": {
          "x": 0.08253788203001022,
          "y": -0.52816241979599,
          "z": 1.2645092010498047
        },
        "tail": {
          "x": 0.0765899121761322,
          "y": -0.5550965070724487,
          "z": 1.257280945777893
        },
        "rotation_quaternion": {
          "w": 0.1488499790430069,
          "x": -0.9613359570503235,
          "y": 0.07452613115310669,
          "z": 0.2193690687417984
        },
        "matrix": [
          [
            0.8926462531089783,
            -0.20859551429748535,
            -0.399588018655777,
            0.08253788203001022
          ],
          [
            -0.07798334956169128,
            -0.9445793032646179,
            0.3188866972923279,
            -0.52816241979599
          ],
          [
            -0.4439641237258911,
            -0.2534944415092468,
            -0.8594479560852051,
            1.2645092010498047
          ],
          [
            0.0,
            0.0,
            0.0,
            1.0
          ]
        ]
      },
      "bone_length_armature_space": 0.02851439351235929,
      "parent": "metacarpal_index_l",
      "has_children": true,
      "is_end_bone": false
    },
    "index_02_l": {
      "name": "index_02_l",
      "local": {
        "location": {
          "x": 0.0,
          "y": 0.0,
          "z": 0.0
        },
        "rotation_quaternion": {
          "w": 0.9989117980003357,
          "x": 0.04498026892542839,
          "y": -0.011331060901284218,
          "z": 0.004856968764215708
        },
        "scale": {
          "x": 1.0,
          "y": 1.0,
          "z": 1.0
        },
        "matrix_basis": [
          [
            0.9996960163116455,
            -0.01072271540760994,
            -0.02220052480697632,
            0.0
          ],
          [
            0.00868401862680912,
            0.9959063529968262,
            -0.08997271209955215,
            0.0
          ],
          [
            0.023074395954608917,
            0.08975256979465485,
            0.9956967830657959,
            0.0
          ],
          [
            0.0,
            0.0,
            0.0,
            1.0
          ]
        ],
        "rotation_mode": "QUATERNION"
      },
      "armature_space": {
        "head": {
          "x": 0.07658949494361877,
          "y": -0.6183407306671143,
          "z": 0.30742666125297546
        },
        "tail": {
          "x": 0.07102039456367493,
          "y": -0.642117977142334,
          "z": 0.2995705008506775
        }
      },
      "world_space": {
        "head": {
          "x": 0.07658949494361877,
          "y": -0.5550967454910278,
          "z": 1.257280707359314
        },
        "tail": {
          "x": 0.07102039456367493,
          "y": -0.5788739919662476,
          "z": 1.2494244575500488
        },
        "rotation_quaternion": {
          "w": 0.1796288639307022,
          "x": -0.9468467235565186,
          "y": 0.06556383520364761,
          "z": 0.2586817741394043
        },
        "matrix": [
          [
            0.857570469379425,
            -0.2170911729335785,
            -0.46630924940109253,
            0.07658949494361877
          ],
          [
            -0.031224681064486504,
            -0.9268699288368225,
            0.3740817904472351,
            -0.5550967454910278
          ],
          [
            -0.5134215950965881,
            -0.3062441349029541,
            -0.8016403317451477,
            1.257280707359314
          ],
          [
            0.0,
            0.0,
            0.0,
            1.0
          ]
        ]
      },
      "bone_length_armature_space": 0.025653295759381675,
      "parent": "index_01_l",
      "has_children": true,
      "is_end_bone": false
    },
    "index_03_l": {
      "name": "index_03_l",
      "local": {
        "location": {
          "x": 0.0,
          "y": 0.0,
          "z": 0.0
        },
        "rotation_quaternion": {
          "w": 0.9990853071212769,
          "x": 0.042598139494657516,
          "y": -0.0019162761745974422,
          "z": -0.003198667662218213
        },
        "scale": {
          "x": 1.0,
          "y": 1.0,
          "z": 1.0
        },
        "matrix_basis": [
          [
            0.9999721646308899,
            0.006228223908692598,
            -0.0041015613824129105,
            0.0
          ],
          [
            -0.006554743275046349,
            0.9963503479957581,
            -0.08510608971118927,
            0.0
          ],
          [
            0.003556532086804509,
            0.08513060957193375,
            0.9963634610176086,
            0.0
          ],
          [
            0.0,
            0.0,
            0.0,
            1.0
          ]
        ],
        "rotation_mode": "QUATERNION"
      },
      "armature_space": {
        "head": {
          "x": 0.0710204467177391,
          "y": -0.6421180367469788,
          "z": 0.29957062005996704
        },
        "tail": {
          "x": 0.06502778828144073,
          "y": -0.6668682098388672,
          "z": 0.2852439880371094
        }
      },
      "world_space": {
        "head": {
          "x": 0.0710204467177391,
          "y": -0.5788740515708923,
          "z": 1.249424695968628
        },
        "tail": {
          "x": 0.06502778828144073,
          "y": -0.6036242246627808,
          "z": 1.2350980043411255
        },
        "rotation_quaternion": {
          "w": 0.27238729596138,
          "x": -0.9372254610061646,
          "y": 0.04766799882054329,
          "z": 0.2124648094177246
        },
        "matrix": [
          [
            0.9051730036735535,
            -0.2050967663526535,
            -0.37228599190711975,
            0.0710204467177391
          ],
          [
            0.02639363333582878,
            -0.8470662236213684,
            0.5308316946029663,
            -0.5788740515708923
          ],
          [
            -0.424225777387619,
            -0.49032485485076904,
            -0.7613332867622375,
            1.249424695968628
          ],
          [
            0.0,
            0.0,
            0.0,
            1.0
          ]
        ]
      },
      "bone_length_armature_space": 0.02921875127486603,
      "parent": "index_02_l",
      "has_children": false,
      "is_end_bone": true
    },
    "metacarpal_pinky_l": {
      "name": "metacarpal_pinky_l",
      "local": {
        "location": {
          "x": 0.0,
          "y": 0.0,
          "z": 0.0
        },
        "rotation_quaternion": {
          "w": 0.9997984170913696,
          "x": -0.018527405336499214,
          "y": -0.00434927036985755,
          "z": -0.006414369679987431
        },
        "scale": {
          "x": 1.0,
          "y": 1.0,
          "z": 1.0
        },
        "matrix_basis": [
          [
            0.9998798966407776,
            0.012987314723432064,
            -0.008459104225039482,
            0.0
          ],
          [
            -0.012664992362260818,
            0.9992311596870422,
            0.037103135138750076,
            0.0
          ],
          [
            0.00893447082489729,
            -0.03699154406785965,
            0.9992756247520447,
            0.0
          ],
          [
            0.0,
            0.0,
            0.0,
            1.0
          ]
        ],
        "rotation_mode": "QUATERNION"
      },
      "armature_space": {
        "head": {
          "x": 0.15638324618339539,
          "y": -0.5078272223472595,
          "z": 0.35058048367500305
        },
        "tail": {
          "x": 0.14832381904125214,
          "y": -0.6074451804161072,
          "z": 0.3213479220867157
        }
      },
      "world_space": {
        "head": {
          "x": 0.15638324618339539,
          "y": -0.4445832371711731,
          "z": 1.3004344701766968
        },
        "tail": {
          "x": 0.14832381904125214,
          "y": -0.5442011952400208,
          "z": 1.2712019681930542
        },
        "rotation_quaternion": {
          "w": 0.060918182134628296,
          "x": -0.15528170764446259,
          "y": -0.13400761783123016,
          "z": 0.9768410921096802
        },
        "matrix": [
          [
            -0.9443532228469849,
            -0.07739713788032532,
            -0.3196982741355896,
            0.15638324618339539
          ],
          [
            0.16063255071640015,
            -0.9566621780395508,
            -0.24288882315158844,
            -0.4445832371711731
          ],
          [
            -0.28704598546028137,
            -0.2807294428348541,
            0.9158656001091003,
            1.3004344701766968
          ],
          [
            0.0,
            0.0,
            0.0,
            1.0
          ]
        ]
      },
      "bone_length_armature_space": 0.10413085284895358,
      "parent": "lowerarm_l",
      "has_children": true,
      "is_end_bone": false
    },
    "pinky_01_l": {
      "name": "pinky_01_l",
      "local": {
        "location": {
          "x": 0.0,
          "y": 0.0,
          "z": 0.0
        },
        "rotation_quaternion": {
          "w": 0.9920907020568848,
          "x": -0.12452413886785507,
          "y": 0.010970862582325935,
          "z": 0.011377913877367973
        },
        "scale": {
          "x": 1.0,
          "y": 1.0,
          "z": 1.0
        },
        "matrix_basis": [
          [
            0.9995003938674927,
            -0.025308119133114815,
            0.01893453113734722,
            0.0
          ],
          [
            0.01984357088804245,
            0.9687285423278809,
            0.24732813239097595,
            0.0
          ],
          [
            -0.024601832032203674,
            -0.2468288242816925,
            0.9687467813491821,
            0.0
          ],
          [
            0.0,
            0.0,
            0.0,
            1.0
          ]
        ],
        "rotation_mode": "QUATERNION"
      },
      "armature_space": {
        "head": {
          "x": 0.14832381904125214,
          "y": -0.6074451804161072,
          "z": 0.3213479220867157
