{
  "metadata": {
    "armature_name": "KIM_caucasian_male",
    "export_time": "2026-01-13T19:11:39.507385",
    "blender_version": "4.4.1",
    "bone_count": 56,
    "end_bone_count": 13,
    "spaces_included": [
      "LOCAL_CHANNELS",
      "ARMATURE_SPACE",
      "WORLD_SPACE"
    ],
    "note": "LOCAL matches Transform panel; replay pose via local.matrix_basis for best fidelity."
  },
  "bones": {
    "Root": {
      "name": "Root",
      "local": {
        "location": {
          "x": 0.0,
          "y": 0.0,
          "z": 0.0
        },
        "rotation_quaternion": {
          "w": 0.9998095035552979,
          "x": -0.00509708421304822,
          "y": 0.01792045123875141,
          "z": 0.005813571624457836
        },
        "scale": {
          "x": 1.0,
          "y": 1.0,
          "z": 1.0
        },
        "matrix_basis": [
          [
            0.9992901086807251,
            -0.011807612143456936,
            0.03577481210231781,
            0.0
          ],
          [
            0.011442244052886963,
            0.9998804330825806,
            0.010400590486824512,
            0.0
          ],
          [
            -0.03589333966374397,
            -0.00998386275023222,
            0.9993057250976562,
            0.0
          ],
          [
            0.0,
            0.0,
            0.0,
            1.0
          ]
        ],
        "rotation_mode": "QUATERNION"
      },
      "armature_space": {
        "head": {
          "x": 0.0,
          "y": 0.07072800397872925,
          "z": -0.009595036506652832
        },
        "tail": {
          "x": -0.0008427785942330956,
          "y": 0.00010425597429275513,
          "z": 0.0007049962878227234
        }
      },
      "world_space": {
        "head": {
          "x": 0.0,
          "y": 0.13397200405597687,
          "z": 0.9402589797973633
        },
        "tail": {
          "x": -0.0008427785942330956,
          "y": 0.06334825605154037,
          "z": 0.9505590200424194
        },
        "rotation_quaternion": {
          "w": 0.07244033366441727,
          "x": 0.9971948862075806,
          "y": -0.00459310133010149,
          "z": 0.018271390348672867
        },
        "matrix": [
          [
            0.9992901086807251,
            -0.011807612143456936,
            0.03577481210231781,
            0.0
          ],
          [
            -0.006513254251331091,
            -0.9894625544548035,
            -0.14464254677295685,
            0.13397200405597687
          ],
          [
            0.037105970084667206,
            0.14430692791938782,
            -0.988844096660614,
            0.9402589797973633
          ],
          [
            0.0,
            0.0,
            0.0,
            1.0
          ]
        ]
      },
      "bone_length_armature_space": 0.0713758700757334,
      "parent": null,
      "has_children": true,
      "is_end_bone": false
    },
    "spine_01": {
      "name": "spine_01",
      "local": {
        "location": {
          "x": 0.0,
          "y": 0.0,
          "z": 0.0
        },
        "rotation_quaternion": {
          "w": 0.9988638758659363,
          "x": -0.025142662227153778,
          "y": -0.006444909609854221,
          "z": -0.03996701538562775
        },
        "scale": {
          "x": 1.0,
          "y": 1.0,
          "z": 1.0
        },
        "matrix_basis": [
          [
            0.9967222213745117,
            0.08016730099916458,
            -0.01086542010307312,
            0.0
          ],
          [
            -0.0795191302895546,
            0.995540976524353,
            0.050743360072374344,
            0.0
          ],
          [
            0.014884929172694683,
            -0.049713026732206345,
            0.9986526370048523,
            0.0
          ],
          [
            0.0,
            0.0,
            0.0,
            1.0
          ]
        ],
        "rotation_mode": "QUATERNION"
      },
      "armature_space": {
        "head": {
          "x": -0.0008427785942330956,
          "y": 0.00010425597429275513,
          "z": 0.0007049962878227234
        },
        "tail": {
          "x": 0.020642630755901337,
          "y": 0.05178084596991539,
          "z": 0.48548999428749084
        }
      },
      "world_space": {
        "head": {
          "x": -0.0008427785942330956,
          "y": 0.06334825605154037,
          "z": 0.9505590200424194
        },
        "tail": {
          "x": 0.020642630755901337,
          "y": 0.11502484977245331,
          "z": 1.4353439807891846
        },
        "rotation_quaternion": {
          "w": 0.7435730695724487,
          "x": 0.6682069301605225,
          "y": 0.006786676589399576,
          "z": -0.023506462574005127
        },
        "matrix": [
          [
            0.9988027811050415,
            0.04402736574411392,
            -0.021321870386600494,
            -0.0008427785942330956
          ],
          [
            -0.025888044387102127,
            0.10589438676834106,
            -0.9940403699874878,
            0.06334825605154037
          ],
          [
            -0.041507430374622345,
            0.9934093952178955,
            0.10690724849700928,
            0.9505590200424194
          ],
          [
            0.0,
            0.0,
            0.0,
            1.0
          ]
        ]
      },
      "bone_length_armature_space": 0.4880046852198143,
      "parent": "Root",
      "has_children": true,
      "is_end_bone": false
    },
    "neck_01": {
      "name": "neck_01",
      "local": {
        "location": {
          "x": 0.0,
          "y": 0.0,
          "z": 0.0
        },
        "rotation_quaternion": {
          "w": 0.9983404278755188,
          "x": -0.026548266410827637,
          "y": -0.020156972110271454,
          "z": -0.046961601823568344
        },
        "scale": {
          "x": 1.0,
          "y": 1.0,
          "z": 1.0
        },
        "matrix_basis": [
          [
            0.9947766065597534,
            0.09483759850263596,
            -0.03775354102253914,
            0.0
          ],
          [
            -0.09269706904888153,
            0.9941796064376831,
            0.054901622235774994,
            0.0
          ],
          [
            0.04274053871631622,
            -0.05111520737409592,
            0.9977777600288391,
            0.0
          ],
          [
            0.0,
            0.0,
            0.0,
            1.0
          ]
        ],
        "rotation_mode": "QUATERNION"
      },
      "armature_space": {
        "head": {
          "x": 0.023126795887947083,
          "y": 0.025060512125492096,
          "z": 0.5619335174560547
        },
        "tail": {
          "x": 0.03636296093463898,
          "y": 0.0013152845203876495,
          "z": 0.6607855558395386
        }
      },
      "world_space": {
        "head": {
          "x": 0.023126795887947083,
          "y": 0.08830451220273972,
          "z": 1.5117875337600708
        },
        "tail": {
          "x": 0.03636296093463898,
          "y": 0.06455928087234497,
          "z": 1.6106395721435547
        },
        "rotation_quaternion": {
          "w": 0.6192144751548767,
          "x": 0.781668484210968,
          "y": 0.0276959128677845,
          "z": -0.06928806751966476
        },
        "matrix": [
          [
            0.9888643622398376,
            0.12910643219947815,
            -0.0740203708410263,
            0.023126795887947083
          ],
          [
            -0.0425095409154892,
            -0.23161253333091736,
            -0.9718790650367737,
            0.08830451220273972
          ],
          [
            -0.14262090623378754,
            0.9642094969749451,
            -0.2235475778579712,
            1.5117875337600708
          ],
          [
            0.0,
            0.0,
            0.0,
            1.0
          ]
        ]
      },
      "bone_length_armature_space": 0.10252198335348978,
      "parent": "spine_01",
      "has_children": true,
      "is_end_bone": false
    },
    "head": {
      "name": "head",
      "local": {
        "location": {
          "x": 0.0,
          "y": 0.0,
          "z": 0.0
        },
        "rotation_quaternion": {
          "w": 0.9952422380447388,
          "x": -0.08955343067646027,
          "y": 0.036411870270967484,
          "z": -0.01213898602873087
        },
        "scale": {
          "x": 1.0,
          "y": 1.0,
          "z": 1.0
        },
        "matrix_basis": [
          [
            0.9970536231994629,
            0.017640847712755203,
            0.07465143501758575,
            0.0
          ],
          [
            -0.030684079974889755,
            0.9836656451225281,
            0.17737071216106415,
            0.0
          ],
          [
            -0.07030308991670609,
            -0.17913872003555298,
            0.9813086986541748,
            0.0
          ],
          [
            0.0,
            0.0,
            0.0,
            1.0
          ]
        ],
        "rotation_mode": "QUATERNION"
      },
      "armature_space": {
        "head": {
          "x": 0.036362938582897186,
          "y": 0.0013151522725820541,
          "z": 0.660785436630249
        },
        "tail": {
          "x": 0.06212314963340759,
          "y": 0.0493469163775444,
          "z": 0.8059840798377991
        }
      },
      "world_space": {
        "head": {
          "x": 0.036362938582897186,
          "y": 0.06455915421247482,
          "z": 1.6106394529342651
        },
        "tail": {
          "x": 0.06212314963340759,
          "y": 0.11259091645479202,
          "z": 1.75583815574646
        },
        "rotation_quaternion": {
          "w": 0.8053144812583923,
          "x": 0.5857445001602173,
          "y": 0.07949429750442505,
          "z": -0.04530620947480202
        },
        "matrix": [
          [
            0.9832561612129211,
            0.1660982370376587,
            0.0749591514468193,
            0.036362938582897186
          ],
          [
            0.02015417069196701,
            0.3097020983695984,
            -0.950620174407959,
            0.06455915421247482
          ],
          [
            -0.18111258745193481,
            0.936220645904541,
            0.30117014050483704,
            1.6106394529342651
          ],
          [
            0.0,
            0.0,
            0.0,
            1.0
          ]
        ]
      },
      "bone_length_armature_space": 0.15509121157844524,
      "parent": "neck_01",
      "has_children": false,
      "is_end_bone": true
    },
    "upperarm_l": {
      "name": "upperarm_l",
      "local": {
        "location": {
          "x": 0.0,
          "y": 0.0,
          "z": 0.0
        },
        "rotation_quaternion": {
          "w": 0.8688839673995972,
          "x": -0.30324873328208923,
          "y": 0.22430352866649628,
          "z": -0.32057589292526245
        },
        "scale": {
          "x": 1.0,
          "y": 1.0,
          "z": 1.0
        },
        "matrix_basis": [
          [
            0.6938380599021912,
            0.4210469722747803,
            0.5842159390449524,
            0.0
          ],
          [
            -0.6931260228157043,
            0.6105425953865051,
            0.38316330313682556,
            0.0
          ],
          [
            -0.195359006524086,
            -0.6707885265350342,
            0.7154562473297119,
            0.0
          ],
          [
            0.0,
            0.0,
            0.0,
            1.0
          ]
        ],
        "rotation_mode": "QUATERNION"
      },
      "armature_space": {
        "head": {
          "x": 0.16992023587226868,
          "y": 0.010890264064073563,
          "z": 0.4892835021018982
        },
        "tail": {
          "x": 0.3227543830871582,
          "y": 0.18259775638580322,
          "z": 0.35156598687171936
        }
      },
      "world_space": {
        "head": {
          "x": 0.16992023587226868,
          "y": 0.07413426041603088,
          "z": 1.4391374588012695
        },
        "tail": {
          "x": 0.3227543830871582,
          "y": 0.24584175646305084,
          "z": 1.301419973373413
        },
        "rotation_quaternion": {
          "w": 0.29618191719055176,
          "x": 0.2047644406557083,
          "y": 0.8559571504592896,
          "z": -0.37105947732925415
        },
        "matrix": [
          [
            -0.7406957745552063,
            0.5703417062759399,
            0.35507750511169434,
            0.16992023587226868
          ],
          [
            0.13073819875717163,
            0.6407727003097534,
            -0.7565171122550964,
            0.07413426041603088
          ],
          [
            -0.6590017676353455,
            -0.5139299631118774,
            -0.5491876602172852,
            1.4391374588012695
          ],
          [
            0.0,
            0.0,
            0.0,
            1.0
          ]
        ]
      },
      "bone_length_armature_space": 0.26796987494407726,
      "parent": "spine_01",
      "has_children": true,
      "is_end_bone": false
    },
    "lowerarm_l": {
      "name": "lowerarm_l",
      "local": {
        "location": {
          "x": 0.0,
          "y": 0.0,
          "z": 0.0
        },
        "rotation_quaternion": {
          "w": 0.965293288230896,
          "x": 0.2518415153026581,
          "y": 0.05651668459177017,
          "z": -0.03988206759095192
        },
        "scale": {
          "x": 1.0,
          "y": 1.0,
          "z": 1.0
        },
        "matrix_basis": [
          [
            0.9904305934906006,
            0.10546228289604187,
            0.0890224352478981,
            0.0
          ],
          [
            -0.04852928966283798,
            0.8699705600738525,
            -0.4907098412513733,
            0.0
          ],
          [
            -0.12919826805591583,
            0.481693834066391,
            0.8667634129524231,
            0.0
          ],
          [
            0.0,
            0.0,
            0.0,
            1.0
          ]
        ],
        "rotation_mode": "QUATERNION"
      },
      "armature_space": {
        "head": {
          "x": 0.32275453209877014,
          "y": 0.18259777128696442,
          "z": 0.35156598687171936
        },
        "tail": {
          "x": 0.5065677165985107,
          "y": 0.20102208852767944,
          "z": 0.15806367993354797
        }
      },
      "world_space": {
        "head": {
          "x": 0.32275453209877014,
          "y": 0.24584177136421204,
          "z": 1.301419973373413
        },
        "tail": {
          "x": 0.5065677165985107,
          "y": 0.26426607370376587,
          "z": 1.1079176664352417
        },
        "rotation_quaternion": {
          "w": 0.22371245920658112,
          "x": 0.29600244760513306,
          "y": 0.6959795355796814,
          "z": -0.6147746443748474
        },
        "matrix": [
          [
            -0.7246700525283813,
            0.6870891451835632,
            -0.05255308747291565,
            0.32275453209877014
          ],
          [
            0.13696110248565674,
            0.06886965036392212,
            -0.9881795644760132,
            0.24584177136421204
          ],
          [
            -0.6753528118133545,
            -0.7233068943023682,
            -0.14401420950889587,
            1.301419973373413
          ],
          [
            0.0,
            0.0,
            0.0,
            1.0
          ]
        ]
      },
      "bone_length_armature_space": 0.2675254859298671,
      "parent": "upperarm_l",
      "has_children": true,
      "is_end_bone": false
    },
    "metacarpal_thumb_l": {
      "name": "metacarpal_thumb_l",
      "local": {
        "location": {
          "x": 0.0,
          "y": 0.0,
          "z": 0.0
        },
        "rotation_quaternion": {
          "w": 0.9998970031738281,
          "x": -0.008158021606504917,
          "y": -0.0016720474231988192,
          "z": 0.011691111139953136
        },
        "scale": {
          "x": 1.0,
          "y": 1.0,
          "z": 1.0
        },
        "matrix_basis": [
          [
            0.9997210502624512,
            -0.02335253357887268,
            -0.003534503048285842,
            0.0
          ],
          [
            0.023407096043229103,
            0.9995935559272766,
            0.01627526618540287,
            0.0
          ],
          [
            0.003152997698634863,
            -0.016353458166122437,
            0.9998612999916077,
            0.0
          ],
          [
            0.0,
            0.0,
            0.0,
            1.0
          ]
        ],
        "rotation_mode": "QUATERNION"
      },
      "armature_space": {
        "head": {
          "x": 0.5065677165985107,
          "y": 0.20102208852767944,
          "z": 0.15806367993354797
        },
        "tail": {
          "x": 0.5255218744277954,
          "y": 0.17505724728107452,
          "z": 0.1203785091638565
        }
      },
      "world_space": {
        "head": {
          "x": 0.5065677165985107,
          "y": 0.26426607370376587,
          "z": 1.1079176664352417
        },
        "tail": {
          "x": 0.5255218744277954,
          "y": 0.23830124735832214,
          "z": 1.0702325105667114
        },
        "rotation_quaternion": {
          "w": 0.2943941056728363,
          "x": -0.7834661602973938,
          "y": -0.3888947367668152,
          "z": 0.3850635290145874
        },
        "matrix": [
          [
            0.4009728729724884,
            0.3826523721218109,
            -0.8323447704315186,
            0.5065677165985107
          ],
          [
            0.836093008518219,
            -0.524185836315155,
            0.16179557144641876,
            0.26426607370376587
          ],
          [
            -0.3743937909603119,
            -0.7607991099357605,
            -0.5301210284233093,
            1.1079176664352417
          ],
          [
            0.0,
            0.0,
            0.0,
            1.0
          ]
        ]
      },
      "bone_length_armature_space": 0.04953387880672955,
      "parent": "lowerarm_l",
      "has_children": true,
      "is_end_bone": false
    },
    "thumb_01_l": {
      "name": "thumb_01_l",
      "local": {
        "location": {
          "x": 0.0,
          "y": 0.0,
          "z": 0.0
        },
        "rotation_quaternion": {
          "w": 0.9805294275283813,
          "x": 0.1959519386291504,
          "y": -0.012101435102522373,
          "z": -0.004305197391659021
        },
        "scale": {
          "x": 1.0,
          "y": 1.0,
          "z": 1.0
        },
        "matrix_basis": [
          [
            0.9996700286865234,
            0.0037001462187618017,
            -0.025418849661946297,
            0.0
          ],
          [
            -0.013185344636440277,
            0.9231685996055603,
            -0.3841690719127655,
            0.0
          ],
          [
            0.022044403478503227,
            0.38437747955322266,
            0.9229127764701843,
            0.0
          ],
          [
            0.0,
            0.0,
            0.0,
            1.0
          ]
        ],
        "rotation_mode": "QUATERNION"
      },
      "armature_space": {
        "head": {
          "x": 0.5255218744277954,
          "y": 0.17505724728107452,
          "z": 0.1203785091638565
        },
        "tail": {
          "x": 0.5173215866088867,
          "y": 0.17517991364002228,
          "z": 0.08734245598316193
        }
      },
      "world_space": {
        "head": {
          "x": 0.5255218744277954,
          "y": 0.23830124735832214,
          "z": 1.0702325105667114
        },
        "tail": {
          "x": 0.5173215866088867,
          "y": 0.2384239137172699,
          "z": 1.0371965169906616
        },
        "rotation_quaternion": {
          "w": 0.6598952412605286,
          "x": -0.6999828219413757,
          "y": 0.25756606459617615,
          "z": -0.09067529439926147
        },
        "matrix": [
          [
            0.8508745431900024,
            -0.2409113347530365,
            0.4668770134449005,
            0.5255218744277954
          ],
          [
            -0.4802576005458832,
            0.0036037862300872803,
            0.8771201372146606,
            0.23830124735832214
          ],
          [
            -0.21299253404140472,
            -0.9705475568771362,
            -0.11263319849967957,
            1.0702325105667114
          ],
          [
            0.0,
            0.0,
            0.0,
            1.0
          ]
        ]
      },
      "bone_length_armature_space": 0.03403881025961614,
      "parent": "metacarpal_thumb_l",
      "has_children": true,
      "is_end_bone": false
    },
    "thumb_02_l": {
      "name": "thumb_02_l",
      "local": {
        "location": {
          "x": 0.0,
          "y": 0.0,
          "z": 0.0
        },
        "rotation_quaternion": {
          "w": 0.9300104379653931,
          "x": 0.36751511693000793,
          "y": 0.003643245901912451,
          "z": 0.0002267134259454906
        },
        "scale": {
          "x": 1.0,
          "y": 1.0,
          "z": 1.0
        },
        "matrix_basis": [
          [
            0.9999733567237854,
            0.002256204141303897,
            0.006943154614418745,
            0.0
          ],
          [
            0.0030995875131338835,
            0.7298651933670044,
            -0.6835841536521912,
            0.0
          ],
          [
            -0.006609871983528137,
            0.6835874319076538,
            0.7298387289047241,
            0.0
          ],
          [
            0.0,
            0.0,
            0.0,
            1.0
          ]
        ],
        "rotation_mode": "QUATERNION"
      },
      "armature_space": {
        "head": {
          "x": 0.5173215866088867,
          "y": 0.1751798838376999,
          "z": 0.08734248578548431
        },
        "tail": {
          "x": 0.5553281903266907,
          "y": 0.1881628781557083,
          "z": 0.08768976479768753
        }
      },
      "world_space": {
        "head": {
          "x": 0.5173215866088867,
          "y": 0.2384238839149475,
          "z": 1.0371965169906616
        },
        "tail": {
          "x": 0.5553281903266907,
          "y": 0.25140687823295593,
          "z": 1.037543773651123
        },
        "rotation_quaternion": {
          "w": 0.8133681416511536,
          "x": -1.2919257642352022e-05,
          "y": -0.0074497126042842865,
          "z": -0.5817016959190369
        },
        "matrix": [
          [
            0.32313528656959534,
            0.9462753534317017,
            -0.012103885412216187,
            0.5173215866088867
          ],
          [
            -0.9462750554084778,
            0.3232463300228119,
            0.008688554167747498,
            0.2384238839149475
          ],
          [
            0.012133639305830002,
            0.008646458387374878,
            0.9998962879180908,
            1.0371965169906616
          ],
          [
            0.0,
            0.0,
            0.0,
            1.0
          ]
        ]
      },
      "bone_length_armature_space": 0.04016442030979644,
      "parent": "thumb_01_l",
      "has_children": true,
      "is_end_bone": false
    },
    "thumb_03_l": {
      "name": "thumb_03_l",
      "local": {
        "location": {
          "x": 0.0,
          "y": 0.0,
          "z": 0.0
        },
        "rotation_quaternion": {
          "w": 0.9789659380912781,
          "x": 0.2038661390542984,
          "y": -0.00795748084783554,
          "z": 0.0010101512307301164
        },
        "scale": {
          "x": 1.0,
          "y": 1.0,
          "z": 1.0
        },
        "matrix_basis": [
          [
            0.9998713135719299,
            -0.0052223289385437965,
            -0.015168334357440472,
            0.0
          ],
          [
            -0.0012667145347222686,
            0.9168751835823059,
            -0.3991720974445343,
            0.0
          ],
          [
            0.015992077067494392,
            0.399139940738678,
            0.9167505502700806,
            0.0
          ],
          [
            0.0,
            0.0,
            0.0,
            1.0
          ]
        ],
        "rotation_mode": "QUATERNION"
      },
      "armature_space": {
        "head": {
          "x": 0.5553281307220459,
          "y": 0.18816281855106354,
          "z": 0.08768970519304276
        },
        "tail": {
          "x": 0.5779449939727783,
          "y": 0.19607646763324738,
          "z": 0.10647130757570267
        }
      },
      "world_space": {
        "head": {
          "x": 0.5553281307220459,
          "y": 0.25140681862831116,
          "z": 1.037543773651123
        },
        "tail": {
          "x": 0.5779449939727783,
          "y": 0.259320467710495,
          "z": 1.0563253164291382
        },
        "rotation_quaternion": {
          "w": 0.7930931448936462,
          "x": 0.3699509799480438,
          "y": -0.03115580976009369,
          "z": -0.4828757643699646
        },
        "matrix": [
          [
            0.5317188501358032,
            0.7428786754608154,
            -0.40670186281204224,
            0.5553281307220459
          ],
          [
            -0.788985013961792,
            0.2599335014820099,
            -0.5567202568054199,
            0.25140681862831116
          ],
          [
            -0.30786293745040894,
            0.6169050931930542,
            0.7243364453315735,
            1.037543773651123
          ],
          [
            0.0,
            0.0,
            0.0,
            1.0
          ]
        ]
      },
      "bone_length_armature_space": 0.030444982251478174,
      "parent": "thumb_02_l",
      "has_children": false,
      "is_end_bone": true
    },
    "metacarpal_index_l": {
      "name": "metacarpal_index_l",
      "local": {
        "location": {
          "x": 0.0,
          "y": 0.0,
          "z": 0.0
        },
        "rotation_quaternion": {
          "w": 0.9984968900680542,
          "x": -0.05125478655099869,
          "y": -0.017351526767015457,
          "z": 0.008711671456694603
        },
        "scale": {
          "x": 1.0,
          "y": 1.0,
          "z": 1.0
        },
        "matrix_basis": [
          [
            0.9992460608482361,
            -0.015618456527590752,
            -0.03554392233490944,
            0.0
          ],
          [
            0.019175851717591286,
            0.9945940971374512,
            0.10205316543579102,
            0.0
          ],
          [
            0.03375786170363426,
            -0.10265780985355377,
            0.9941437244415283,
            0.0
          ],
          [
            0.0,
            0.0,
            0.0,
            1.0
          ]
        ],
        "rotation_mode": "QUATERNION"
      },
      "armature_space": {
        "head": {
          "x": 0.5065677165985107,
          "y": 0.20102208852767944,
          "z": 0.15806367993354797
        },
        "tail": {
          "x": 0.5862084031105042,
          "y": 0.17804697155952454,
          "z": 0.0752456858754158
        }
      },
      "world_space": {
        "head": {
          "x": 0.5065677165985107,
          "y": 0.26426607370376587,
          "z": 1.1079176664352417
        },
        "tail": {
          "x": 0.5862084031105042,
          "y": 0.24129097163677216,
          "z": 1.025099754333496
        },
        "rotation_quaternion": {
          "w": 0.08773154020309448,
          "x": -0.6080083847045898,
          "y": -0.6279046535491943,
          "z": 0.477875292301178
        },
        "matrix": [
          [
            -0.24525396525859833,
            0.6796920895576477,
            -0.6912808418273926,
            0.5065677165985107
          ],
          [
            0.8473936915397644,
            -0.19608072936534882,
            -0.4934333562850952,
            0.26426607370376587
          ],
          [
            -0.47093215584754944,
            -0.7068086266517639,
            -0.5278815031051636,
            1.1079176664352417
          ],
          [
            0.0,
            0.0,
            0.0,
            1.0
          ]
        ]
      },
      "bone_length_armature_space": 0.11717215899546427,
      "parent": "lowerarm_l",
      "has_children": true,
      "is_end_bone": false
    },
    "index_01_l": {
      "name": "index_01_l",
      "local": {
        "location": {
          "x": 0.0,
          "y": 0.0,
          "z": 0.0
        },
        "rotation_quaternion": {
          "w": 0.9781457185745239,
          "x": 0.20731128752231598,
          "y": 0.009709863923490047,
          "z": -0.012596001848578453
        },
        "scale": {
          "x": 1.0,
          "y": 1.0,
          "z": 1.0
        },
        "matrix_basis": [
          [
            0.9994941353797913,
            0.028667379170656204,
            0.013772737234830856,
            0.0
          ],
          [
            -0.02061552181839943,
            0.9137267470359802,
            -0.40580591559410095,
            0.0
          ],
          [
            -0.024217911064624786,
            0.40531668066978455,
            0.9138554930686951,
            0.0
          ],
          [
            0.0,
            0.0,
            0.0,
            1.0
          ]
        ],
        "rotation_mode": "QUATERNION"
      },
      "armature_space": {
        "head": {
          "x": 0.5862084031105042,
          "y": 0.17804697155952454,
          "z": 0.0752456858754158
        },
        "tail": {
          "x": 0.5953667163848877,
          "y": 0.17793923616409302,
          "z": 0.04824210703372955
        }
      },
      "world_space": {
        "head": {
          "x": 0.5862084031105042,
          "y": 0.24129097163677216,
          "z": 1.025099754333496
        },
        "tail": {
          "x": 0.5953667163848877,
          "y": 0.24118323624134064,
          "z": 0.9980961084365845
        },
        "rotation_quaternion": {
          "w": 0.25472164154052734,
          "x": -0.4543423056602478,
          "y": -0.6582009196281433,
          "z": 0.5435637831687927
        },
        "matrix": [
          [
            -0.457378089427948,
            0.3211823105812073,
            -0.8292450308799744,
            0.5862084031105042
          ],
          [
            0.875012993812561,
            -0.0037783682346343994,
            -0.4840850234031677,
            0.24129097163677216
          ],
          [
            -0.15861310064792633,
            -0.9470165967941284,
            -0.27931299805641174,
            1.025099754333496
          ],
          [
            0.0,
            0.0,
            0.0,
            1.0
          ]
        ]
      },
      "bone_length_armature_space": 0.028514550279719313,
      "parent": "metacarpal_index_l",
      "has_children": true,
      "is_end_bone": false
    },
    "index_02_l": {
      "name": "index_02_l",
      "local": {
        "location": {
          "x": 0.0,
          "y": 0.0,
          "z": 0.0
        },
        "rotation_quaternion": {
          "w": 0.9261777400970459,
          "x": 0.37707555294036865,
          "y": -0.0029974172357469797,
          "z": 8.721510675968602e-05
        },
        "scale": {
          "x": 1.0,
          "y": 1.0,
          "z": 1.0
        },
        "matrix_basis": [
          [
            0.9999819993972778,
            -0.002422058954834938,
            -0.005486508831381798,
            0.0
          ],
          [
            -0.0020989521872252226,
            0.7156280279159546,
            -0.6984784603118896,
            0.0
          ],
          [
            0.005618055816739798,
            0.6984774470329285,
            0.7156100869178772,
            0.0
          ],
          [
            0.0,
            0.0,
            0.0,
            1.0
          ]
        ],
        "rotation_mode": "QUATERNION"
      },
      "armature_space": {
        "head": {
          "x": 0.5953667163848877,
          "y": 0.17793887853622437,
          "z": 0.048241689801216125
        },
        "tail": {
          "x": 0.5874783992767334,
          "y": 0.16895467042922974,
          "z": 0.025544626638293266
        }
      },
      "world_space": {
        "head": {
          "x": 0.5953667163848877,
          "y": 0.24118287861347198,
          "z": 0.998095691204071
        },
        "tail": {
          "x": 0.5874783992767334,
          "y": 0.23219867050647736,
          "z": 0.9753986597061157
        },
        "rotation_quaternion": {
          "w": 0.3762081265449524,
          "x": -0.30961284041404724,
          "y": -0.4282045066356659,
          "z": 0.761083722114563
        },
        "matrix": [
          [
            -0.5252137780189514,
            -0.3074972927570343,
            -0.7934709191322327,
            0.5953667163848877
          ],
          [
            0.8378076553344727,
            -0.35021665692329407,
            -0.41884005069732666,
            0.24118287861347198
          ],
          [
            -0.1490948647260666,
            -0.8847630620002747,
            0.4415647089481354,
            0.998095691204071
          ],
          [
            0.0,
            0.0,
            0.0,
            1.0
          ]
        ]
      },
      "bone_length_armature_space": 0.025653424738263698,
      "parent": "index_01_l",
      "has_children": true,
      "is_end_bone": false
    },
    "index_03_l": {
      "name": "index_03_l",
      "local": {
        "location": {
          "x": 0.0,
          "y": 0.0,
          "z": 0.0
        },
        "rotation_quaternion": {
          "w": 0.9703969955444336,
          "x": 0.24142254889011383,
          "y": 0.004961611237376928,
          "z": 0.004508886951953173
        },
        "scale": {
          "x": 1.0,
          "y": 1.0,
          "z": 1.0
        },
        "matrix_basis": [
          [
            0.9999101161956787,
            -0.006355131044983864,
            0.011806558817625046,
            0.0
          ],
          [
            0.011146510019898415,
            0.8833896517753601,
            -0.46850669384002686,
            0.0
          ],
          [
            -0.007452371530234814,
            0.4685961604118347,
            0.8833810687065125,
            0.0
          ],
          [
            0.0,
            0.0,
            0.0,
            1.0
          ]
        ],
        "rotation_mode": "QUATERNION"
      },
      "armature_space": {
        "head": {
          "x": 0.587478518486023,
          "y": 0.16895471513271332,
          "z": 0.025544576346874237
        },
        "tail": {
          "x": 0.5657764077186584,
          "y": 0.15635758638381958,
          "z": 0.01057572290301323
        }
      },
      "world_space": {
        "head": {
          "x": 0.587478518486023,
          "y": 0.23219871520996094,
          "z": 0.975398600101471
        },
        "tail": {
          "x": 0.5657764077186584,
          "y": 0.2196015864610672,
          "z": 0.9604297280311584
        },
        "rotation_quaternion": {
          "w": 0.4960121512413025,
          "x": -0.19081607460975647,
          "y": -0.1959729790687561,
          "z": 0.8241090774536133
        },
        "matrix": [
          [
            -0.43512094020843506,
            -0.7427471876144409,
            -0.5089170336723328,
            0.587478518486023
          ],
          [
            0.8923265337944031,
            -0.43113279342651367,
            -0.13370980322360992,
            0.23219871520996094
          ],
          [
            -0.1200983077287674,
            -0.5123041868209839,
            0.8503735661506653,
            0.975398600101471
          ],
          [
            0.0,
            0.0,
            0.0,
            1.0
          ]
        ]
      },
      "bone_length_armature_space": 0.02921875830958753,
      "parent": "index_02_l",
      "has_children": false,
      "is_end_bone": true
    },
    "metacarpal_pinky_l": {
      "name": "metacarpal_pinky_l",
      "local": {
        "location": {
          "x": 0.0,
          "y": 0.0,
          "z": 0.0
        },
        "rotation_quaternion": {
          "w": 0.9998623132705688,
          "x": -0.002493886277079582,
          "y": 0.016396887600421906,
          "z": -0.0006696366472169757
        },
        "scale": {
          "x": 1.0,
          "y": 1.0,
          "z": 1.0
        },
        "matrix_basis": [
          [
            0.9994614124298096,
            0.001257304917089641,
            0.032792601734399796,
            0.0
          ],
          [
            -0.001420872868038714,
            0.9999866485595703,
            0.004965126048773527,
            0.0
          ],
          [
            -0.032785918563604355,
            -0.005009045824408531,
            0.9994498491287231,
            0.0
          ],
          [
            0.0,
            0.0,
            0.0,
            1.0
          ]
        ],
        "rotation_mode": "QUATERNION"
      },
      "armature_space": {
        "head": {
          "x": 0.5065677165985107,
          "y": 0.20102208852767944,
          "z": 0.15806367993354797
        },
        "tail": {
          "x": 0.575599730014801,
          "y": 0.23926492035388947,
          "z": 0.09012734889984131
        }
      },
      "world_space": {
        "head": {
          "x": 0.5065677165985107,
          "y": 0.26426607370376587,
          "z": 1.1079176664352417
        },
        "tail": {
          "x": 0.575599730014801,
          "y": 0.3025089204311371,
          "z": 1.0399813652038574
        },
        "rotation_quaternion": {
          "w": 0.6763850450515747,
          "x": -0.09217899292707443,
          "y": 0.475535124540329,
          "z": -0.5548628568649292
        },
        "matrix": [
          [
            -0.06801453232765198,
            0.6629356741905212,
            0.7455805540084839,
            0.5065677165985107
          ],
          [
            -0.8382706642150879,
            0.3672577738761902,
            -0.40301892161369324,
            0.26426607370376587
          ],
          [
            -0.5410005450248718,
            -0.6524136662483215,
            0.5307439565658569,
            1.1079176664352417
          ],
          [
            0.0,
            0.0,
            0.0,
            1.0
          ]
        ]
      },
      "bone_length_armature_space": 0.10413106176966103,
      "parent": "lowerarm_l",
      "has_children": true,
      "is_end_bone": false
    },
    "pinky_01_l": {
      "name": "pinky_01_l",
      "local": {
        "location": {
          "x": 0.0,
          "y": 0.0,
          "z": 0.0
        },
        "rotation_quaternion": {
          "w": 0.9438652396202087,
          "x": 0.3301912248134613,
          "y": -0.0016416844446212053,
          "z": -0.009460634551942348
        },
        "scale": {
          "x": 1.0,
          "y": 1.0,
          "z": 1.0
        },
        "matrix_basis": [
          [
            0.9998155832290649,
            0.016774987801909447,
            -0.009346694685518742,
            0.0
          ],
          [
            -0.018943266943097115,
            0.7817685008049011,
            -0.6232810020446777,
            0.0
          ],
          [
            -0.0031485792715102434,
            0.6233431100845337,
            0.7819421291351318,
            0.0
          ],
          [
            0.0,
            0.0,
            0.0,
            1.0
          ]
        ],
        "rotation_mode": "QUATERNION"
      },
      "armature_space": {
        "head": {
          "x": 0.575599730014801,
          "y": 0.23926492035388947,
          "z": 0.09012734889984131
        },
        "tail": {
