{
  "metadata": {
    "armature_name": "KIM_caucasian_male",
    "export_time": "2026-01-13T21:07:56.214036",
    "blender_version": "4.4.1",
    "bone_count": 56,
    "end_bone_count": 13,
    "spaces_included": [
      "LOCAL_CHANNELS",
      "ARMATURE_SPACE",
      "WORLD_SPACE"
    ],
    "note": "LOCAL matches Transform panel; replay pose via local.matrix_basis for best fidelity."
  },
  "bones": {
    "Root": {
      "name": "Root",
      "local": {
        "location": {
          "x": 0.0,
          "y": 0.0,
          "z": 0.0
        },
        "rotation_quaternion": {
          "w": 0.999845027923584,
          "x": 0.006463126745074987,
          "y": -0.015535123646259308,
          "z": 0.0051779062487185
        },
        "scale": {
          "x": 1.0,
          "y": 1.0,
          "z": 1.0
        },
        "matrix_basis": [
          [
            0.999463677406311,
            -0.010555018670856953,
            -0.030998501926660538,
            0.0
          ],
          [
            0.010153396986424923,
            0.9998628497123718,
            -0.013085128739476204,
            0.0
          ],
          [
            0.03113236278295517,
            0.01276337169110775,
            0.9994337558746338,
            0.0
          ],
          [
            0.0,
            0.0,
            0.0,
            1.0
          ]
        ],
        "rotation_mode": "QUATERNION"
      },
      "armature_space": {
        "head": {
          "x": 0.0,
          "y": 0.07072800397872925,
          "z": -0.009595036506652832
        },
        "tail": {
          "x": -0.0007533736061304808,
          "y": -0.00011276453733444214,
          "z": -0.0009040506556630135
        }
      },
      "world_space": {
        "head": {
          "x": 0.0,
          "y": 0.13397200405597687,
          "z": 0.9402589797973633
        },
        "tail": {
          "x": -0.0007533736061304808,
          "y": 0.06313123553991318,
          "z": 0.9489499926567078
        },
        "rotation_quaternion": {
          "w": 0.06090877205133438,
          "x": 0.9980090260505676,
          "y": -0.006212711799889803,
          "z": -0.01515100710093975
        },
        "matrix": [
          [
            0.999463677406311,
            -0.010555018670856953,
            -0.030998501926660538,
            0.0
          ],
          [
            -0.014246350154280663,
            -0.9925030469894409,
            -0.12138722091913223,
            0.13397200405597687
          ],
          [
            -0.029485080391168594,
            0.12176364660263062,
            -0.9921281337738037,
            0.9402589797973633
          ],
          [
            0.0,
            0.0,
            0.0,
            1.0
          ]
        ]
      },
      "bone_length_armature_space": 0.07137587318087923,
      "parent": null,
      "has_children": true,
      "is_end_bone": false
    },
    "spine_01": {
      "name": "spine_01",
      "local": {
        "location": {
          "x": 0.0,
          "y": 0.0,
          "z": 0.0
        },
        "rotation_quaternion": {
          "w": 0.9925743937492371,
          "x": 0.10061557590961456,
          "y": 0.006352278869599104,
          "z": 0.06806181371212006
        },
        "scale": {
          "x": 1.0,
          "y": 1.0,
          "z": 1.0
        },
        "matrix_basis": [
          [
            0.990654468536377,
            -0.13383455574512482,
            0.026306375861167908,
            0.0
          ],
          [
            0.13639110326766968,
            0.9704881906509399,
            -0.19887219369411469,
            0.0
          ],
          [
            0.0010859384201467037,
            0.20060157775878906,
            0.9796723127365112,
            0.0
          ],
          [
            0.0,
            0.0,
            0.0,
            1.0
          ]
        ],
        "rotation_mode": "QUATERNION"
      },
      "armature_space": {
        "head": {
          "x": -0.0007533736061304808,
          "y": -0.00011276453733444214,
          "z": -0.0009040506556630135
        },
        "tail": {
          "x": -0.053141772747039795,
          "y": -0.08109454810619354,
          "z": 0.477474182844162
        }
      },
      "world_space": {
        "head": {
          "x": -0.0007533736061304808,
          "y": 0.06313123553991318,
          "z": 0.9489499926567078
        },
        "tail": {
          "x": -0.053141772747039795,
          "y": -0.017850548028945923,
          "z": 1.4273282289505005
        },
        "rotation_quaternion": {
          "w": 0.6446171998977661,
          "x": 0.7626044750213623,
          "y": -0.03867240995168686,
          "z": 0.037517961114645004
        },
        "matrix": [
          [
            0.9941936731338501,
            -0.10735300928354263,
            0.0073642367497086525,
            -0.0007533736061304808
          ],
          [
            -0.010614698752760887,
            -0.1659458577632904,
            -0.9860778450965881,
            0.06313123553991318
          ],
          [
            0.10708121955394745,
            0.9802808165550232,
            -0.1661238968372345,
            0.9489499926567078
          ],
          [
            0.0,
            0.0,
            0.0,
            1.0
          ]
        ]
      },
      "bone_length_armature_space": 0.48800443074259164,
      "parent": "Root",
      "has_children": true,
      "is_end_bone": false
    },
    "neck_01": {
      "name": "neck_01",
      "local": {
        "location": {
          "x": 0.0,
          "y": 0.0,
          "z": 0.0
        },
        "rotation_quaternion": {
          "w": 0.9934834241867065,
          "x": 0.06514160335063934,
          "y": -0.09343261271715164,
          "z": 0.00420351093634963
        },
        "scale": {
          "x": 1.0,
          "y": 1.0,
          "z": 1.0
        },
        "matrix_basis": [
          [
            0.9825053811073303,
            -0.02052493765950203,
            -0.18509985506534576,
            0.0
          ],
          [
            -0.0038204635493457317,
            0.9914777874946594,
            -0.1302196979522705,
            0.0
          ],
          [
            0.18619515001773834,
            0.12864871323108673,
            0.9740538597106934,
            0.0
          ],
          [
            0.0,
            0.0,
            0.0,
            1.0
          ]
        ],
        "rotation_mode": "QUATERNION"
      },
      "armature_space": {
        "head": {
          "x": -0.06074660271406174,
          "y": -0.12744246423244476,
          "z": 0.5434876084327698
        },
        "tail": {
          "x": -0.07204359769821167,
          "y": -0.1922975778579712,
          "z": 0.6220808029174805
        }
      },
      "world_space": {
        "head": {
          "x": -0.06074660271406174,
          "y": -0.06419846415519714,
          "z": 1.4933416843414307
        },
        "tail": {
          "x": -0.07204359769821167,
          "y": -0.12905357778072357,
          "z": 1.5719348192214966
        },
        "rotation_quaternion": {
          "w": 0.42162421345710754,
          "x": 0.9028440713882446,
          "y": -0.07702124118804932,
          "z": -0.03425421193242073
        },
        "matrix": [
          [
            0.9857887029647827,
            -0.11019162088632584,
            -0.1268007457256317,
            -0.06074660271406174
          ],
          [
            -0.1679614633321762,
            -0.6326012015342712,
            -0.7560456395149231,
            -0.06419846415519714
          ],
          [
            0.0030954554677009583,
            0.766603410243988,
            -0.6421242356300354,
            1.4933416843414307
          ],
          [
            0.0,
            0.0,
            0.0,
            1.0
          ]
        ]
      },
      "bone_length_armature_space": 0.10252169592567496,
      "parent": "spine_01",
      "has_children": true,
      "is_end_bone": false
    },
    "head": {
      "name": "head",
      "local": {
        "location": {
          "x": 0.0,
          "y": 0.0,
          "z": 0.0
        },
        "rotation_quaternion": {
          "w": 0.988261342048645,
          "x": -0.038983337581157684,
          "y": 0.11680533736944199,
          "z": 0.09042404592037201
        },
        "scale": {
          "x": 1.0,
          "y": 1.0,
          "z": 1.0
        },
        "matrix_basis": [
          [
            0.9563599824905396,
            -0.18783210217952728,
            0.2238183319568634,
            0.0
          ],
          [
            0.16961824893951416,
            0.9806075692176819,
            0.09817547351121902,
            0.0
          ],
          [
            -0.23791846632957458,
            -0.05592742934823036,
            0.9696736335754395,
            0.0
          ],
          [
            0.0,
            0.0,
            0.0,
            1.0
          ]
        ],
        "rotation_mode": "QUATERNION"
      },
      "armature_space": {
        "head": {
          "x": -0.07204360514879227,
          "y": -0.19229766726493835,
          "z": 0.6220806241035461
        },
        "tail": {
          "x": -0.1080968827009201,
          "y": -0.22734296321868896,
          "z": 0.7687954902648926
        }
      },
      "world_space": {
        "head": {
          "x": -0.07204360514879227,
          "y": -0.12905366718769073,
          "z": 1.571934700012207
        },
        "tail": {
          "x": -0.1080968827009201,
          "y": -0.16409896314144135,
          "z": 1.7186495065689087
        },
        "rotation_quaternion": {
          "w": 0.6177797317504883,
          "x": 0.7770218849182129,
          "y": -0.07324294000864029,
          "z": 0.09602420032024384
        },
        "matrix": [
          [
            0.9708297252655029,
            -0.23246648907661438,
            0.058728501200675964,
            -0.07204360514879227
          ],
          [
            0.004819557070732117,
            -0.22596710920333862,
            -0.9741231799125671,
            -0.12905366718769073
          ],
          [
            0.2397233545780182,
            0.9459969997406006,
            -0.21825772523880005,
            1.571934700012207
          ],
          [
            0.0,
            0.0,
            0.0,
            1.0
          ]
        ]
      },
      "bone_length_armature_space": 0.15509114796297377,
      "parent": "neck_01",
      "has_children": false,
      "is_end_bone": true
    },
    "upperarm_l": {
      "name": "upperarm_l",
      "local": {
        "location": {
          "x": 0.0,
          "y": 0.0,
          "z": 0.0
        },
        "rotation_quaternion": {
          "w": 0.8093302249908447,
          "x": 0.38219785690307617,
          "y": 0.2591421604156494,
          "z": 0.362980455160141
        },
        "scale": {
          "x": 1.0,
          "y": 1.0,
          "z": 1.0
        },
        "matrix_basis": [
          [
            0.602181077003479,
            -0.3894549608230591,
            0.6969238519668579,
            0.0
          ],
          [
            0.7856292724609375,
            0.44433996081352234,
            -0.43052148818969727,
            0.0
          ],
          [
            -0.14200246334075928,
            0.8067756295204163,
            0.5735402703285217,
            0.0
          ],
          [
            0.0,
            0.0,
            0.0,
            1.0
          ]
        ],
        "rotation_mode": "QUATERNION"
      },
      "armature_space": {
        "head": {
          "x": 0.09562090784311295,
          "y": -0.12102654576301575,
          "z": 0.49313750863075256
        },
        "tail": {
          "x": 0.21578308939933777,
          "y": -0.34921160340309143,
          "z": 0.565940797328949
        }
      },
      "world_space": {
        "head": {
          "x": 0.09562090784311295,
          "y": -0.05778254568576813,
          "z": 1.4429914951324463
        },
        "tail": {
          "x": 0.21578308939933777,
          "y": -0.2859675884246826,
          "z": 1.5157947540283203
        },
        "rotation_quaternion": {
          "w": 0.19119392335414886,
          "x": 0.9361438751220703,
          "y": 0.19410787522792816,
          "z": -0.22226476669311523
        },
        "matrix": [
          [
            0.8258410692214966,
            0.4484174847602844,
            -0.34191861748695374,
            0.09562090784311295
          ],
          [
            0.27843475341796875,
            -0.8515338897705078,
            -0.4442574083805084,
            -0.05778254568576813
          ],
          [
            -0.49037113785743713,
            0.27168509364128113,
            -0.828092634677887,
            1.4429914951324463
          ],
          [
            0.0,
            0.0,
            0.0,
            1.0
          ]
        ]
      },
      "bone_length_armature_space": 0.26796956562663254,
      "parent": "spine_01",
      "has_children": true,
      "is_end_bone": false
    },
    "lowerarm_l": {
      "name": "lowerarm_l",
      "local": {
        "location": {
          "x": 0.0,
          "y": 0.0,
          "z": 0.0
        },
        "rotation_quaternion": {
          "w": 0.9348689913749695,
          "x": 0.12291134893894196,
          "y": 0.04347836598753929,
          "z": -0.33018532395362854
        },
        "scale": {
          "x": 1.0,
          "y": 1.0,
          "z": 1.0
        },
        "matrix_basis": [
          [
            0.7781745791435242,
            0.6280480027198792,
            0.0001261051802430302,
            0.0
          ],
          [
            -0.6066720485687256,
            0.7517409324645996,
            -0.2585238516330719,
            0.0
          ],
          [
            -0.16246019303798676,
            0.2011001855134964,
            0.9660048484802246,
            0.0
          ],
          [
            0.0,
            0.0,
            0.0,
            1.0
          ]
        ],
        "rotation_mode": "QUATERNION"
      },
      "armature_space": {
        "head": {
          "x": 0.2157830148935318,
          "y": -0.349211722612381,
          "z": 0.5659408569335938
        },
        "tail": {
          "x": 0.3911645710468292,
          "y": -0.525266170501709,
          "z": 0.4668669104576111
        }
      },
      "world_space": {
        "head": {
          "x": 0.2157830148935318,
          "y": -0.28596770763397217,
          "z": 1.5157948732376099
        },
        "tail": {
          "x": 0.3911645710468292,
          "y": -0.46202218532562256,
          "z": 1.4167208671569824
        },
        "rotation_quaternion": {
          "w": 0.07293129712343216,
          "x": -0.859333872795105,
          "y": -0.40698543190956116,
          "z": 0.30098047852516174
        },
        "matrix": [
          [
            0.48754623532295227,
            0.6555719971656799,
            -0.5766489505767822,
            0.2157830148935318
          ],
          [
            0.7433747053146362,
            -0.6580873727798462,
            -0.1196468323469162,
            -0.28596770763397217
          ],
          [
            -0.45792484283447266,
            -0.37033599615097046,
            -0.808189332485199,
            1.5157948732376099
          ],
          [
            0.0,
            0.0,
            0.0,
            1.0
          ]
        ]
      },
      "bone_length_armature_space": 0.2675247748296145,
      "parent": "upperarm_l",
      "has_children": true,
      "is_end_bone": false
    },
    "metacarpal_thumb_l": {
      "name": "metacarpal_thumb_l",
      "local": {
        "location": {
          "x": 0.0,
          "y": 0.0,
          "z": 0.0
        },
        "rotation_quaternion": {
          "w": 0.9983086585998535,
          "x": -0.05734730511903763,
          "y": -0.006187449209392071,
          "z": -0.007280757650732994
        },
        "scale": {
          "x": 1.0,
          "y": 1.0,
          "z": 1.0
        },
        "matrix_basis": [
          [
            0.999817430973053,
            0.015246554277837276,
            -0.011518904939293861,
            0.0
          ],
          [
            -0.013827219605445862,
            0.9933165311813354,
            0.11459071934223175,
            0.0
          ],
          [
            0.01318903174251318,
            -0.11441052705049515,
            0.9933459758758545,
            0.0
          ],
          [
            0.0,
            0.0,
            0.0,
            1.0
          ]
        ],
        "rotation_mode": "QUATERNION"
      },
      "armature_space": {
        "head": {
          "x": 0.3911645710468292,
          "y": -0.525266170501709,
          "z": 0.4668669104576111
        },
        "tail": {
          "x": 0.40276291966438293,
          "y": -0.5526187419891357,
          "z": 0.4272320568561554
        }
      },
      "world_space": {
        "head": {
          "x": 0.3911645710468292,
          "y": -0.46202218532562256,
          "z": 1.4167208671569824
        },
        "tail": {
          "x": 0.40276291966438293,
          "y": -0.4893747568130493,
          "z": 1.3770860433578491
        },
        "rotation_quaternion": {
          "w": 0.47316157817840576,
          "x": -0.8476672768592834,
          "y": -0.0041946908459067345,
          "z": -0.239918053150177
        },
        "matrix": [
          [
            0.8848440051078796,
            0.23415106534957886,
            0.40277084708213806,
            0.3911645710468292
          ],
          [
            -0.21992740035057068,
            -0.5522019267082214,
            0.8041797876358032,
            -0.46202218532562256
          ],
          [
            0.4107131361961365,
            -0.8001598119735718,
            -0.4371184706687927,
            1.4167208671569824
          ],
          [
            0.0,
            0.0,
            0.0,
            1.0
          ]
        ]
      },
      "bone_length_armature_space": 0.04953389202669361,
      "parent": "lowerarm_l",
      "has_children": true,
      "is_end_bone": false
    },
    "thumb_01_l": {
      "name": "thumb_01_l",
      "local": {
        "location": {
          "x": 0.0,
          "y": 0.0,
          "z": 0.0
        },
        "rotation_quaternion": {
          "w": 0.9991505146026611,
          "x": 0.03959504887461662,
          "y": 0.00474701588973403,
          "z": -0.010398834012448788
        },
        "scale": {
          "x": 1.0,
          "y": 1.0,
          "z": 1.0
        },
        "matrix_basis": [
          [
            0.9997386336326599,
            0.021155918017029762,
            0.008662481792271137,
            0.0
          ],
          [
            -0.020404083654284477,
            0.9966481924057007,
            -0.07922155410051346,
            0.0
          ],
          [
            -0.010309451259672642,
            0.07902409881353378,
            0.9968193769454956,
            0.0
          ],
          [
            0.0,
            0.0,
            0.0,
            1.0
          ]
        ],
        "rotation_mode": "QUATERNION"
      },
      "armature_space": {
        "head": {
          "x": 0.40276291966438293,
          "y": -0.5526187419891357,
          "z": 0.4272320568561554
        },
        "tail": {
          "x": 0.41694265604019165,
          "y": -0.5450606942176819,
          "z": 0.3972245752811432
        }
      },
      "world_space": {
        "head": {
          "x": 0.40276291966438293,
          "y": -0.4893747568130493,
          "z": 1.3770860433578491
        },
        "tail": {
          "x": 0.41694265604019165,
          "y": -0.48181670904159546,
          "z": 1.347078561782837
        },
        "rotation_quaternion": {
          "w": 0.6080418229103088,
          "x": -0.2711802124977112,
          "y": 0.49123096466064453,
          "z": -0.5616393685340881
        },
        "matrix": [
          [
            -0.11349466443061829,
            0.41657811403274536,
            0.9019876718521118,
            0.40276291966438293
          ],
          [
            -0.949424684047699,
            0.22204293310642242,
            -0.22201284766197205,
            -0.4893747568130493
          ],
          [
            -0.29276832938194275,
            -0.8815723657608032,
            0.37031131982803345,
            1.3770860433578491
          ],
          [
            0.0,
            0.0,
            0.0,
            1.0
          ]
        ]
      },
      "bone_length_armature_space": 0.034038771190693255,
      "parent": "metacarpal_thumb_l",
      "has_children": true,
      "is_end_bone": false
    },
    "thumb_02_l": {
      "name": "thumb_02_l",
      "local": {
        "location": {
          "x": 0.0,
          "y": 0.0,
          "z": 0.0
        },
        "rotation_quaternion": {
          "w": 0.98704594373703,
          "x": 0.15985935926437378,
          "y": -0.009824705310165882,
          "z": -0.009426186792552471
        },
        "scale": {
          "x": 1.0,
          "y": 1.0,
          "z": 1.0
        },
        "matrix_basis": [
          [
            0.9996292591094971,
            0.015467016957700253,
            -0.02240859903395176,
            0.0
          ],
          [
            -0.021749300882220268,
            0.9487122893333435,
            -0.3153918385505676,
            0.0
          ],
          [
            0.016381142660975456,
            0.3157622814178467,
            0.9486969113349915,
            0.0
          ],
          [
            0.0,
            0.0,
            0.0,
            1.0
          ]
        ],
        "rotation_mode": "QUATERNION"
      },
      "armature_space": {
        "head": {
          "x": 0.41694262623786926,
          "y": -0.5450606942176819,
          "z": 0.3972245752811432
        },
        "tail": {
          "x": 0.44204655289649963,
          "y": -0.5760781168937683,
          "z": 0.39265376329421997
        }
      },
      "world_space": {
        "head": {
          "x": 0.41694262623786926,
          "y": -0.48181670904159546,
          "z": 1.347078561782837
        },
        "tail": {
          "x": 0.44204655289649963,
          "y": -0.5128341317176819,
          "z": 1.3425078392028809
        },
        "rotation_quaternion": {
          "w": 0.31792134046554565,
          "x": 0.15158018469810486,
          "y": 0.11311540007591248,
          "z": -0.9290609955787659
        },
        "matrix": [
          [
            -0.751899003982544,
            0.6250290274620056,
            -0.20973002910614014,
            0.41694262623786926
          ],
          [
            -0.5564448833465576,
            -0.7722616195678711,
            -0.30656343698501587,
            -0.48181670904159546
          ],
          [
            -0.3535804748535156,
            -0.11380276083946228,
            0.9284629225730896,
            1.347078561782837
          ],
          [
            0.0,
            0.0,
            0.0,
            1.0
          ]
        ]
      },
      "bone_length_armature_space": 0.04016441138706143,
      "parent": "thumb_01_l",
      "has_children": true,
      "is_end_bone": false
    },
    "thumb_03_l": {
      "name": "thumb_03_l",
      "local": {
        "location": {
          "x": 0.0,
          "y": 0.0,
          "z": 0.0
        },
        "rotation_quaternion": {
          "w": 0.9962955117225647,
          "x": 0.08568574488162994,
          "y": -0.004820201545953751,
          "z": 0.005490431096404791
        },
        "scale": {
          "x": 1.0,
          "y": 1.0,
          "z": 1.0
        },
        "matrix_basis": [
          [
            0.9998932480812073,
            -0.011766228824853897,
            -0.008663786575198174,
            0.0
          ],
          [
            0.010114138945937157,
            0.9852555990219116,
            -0.17078956961631775,
            0.0
          ],
          [
            0.010545593686401844,
            0.17068371176719666,
            0.9852694272994995,
            0.0
          ],
          [
            0.0,
            0.0,
            0.0,
            1.0
          ]
        ],
        "rotation_mode": "QUATERNION"
      },
      "armature_space": {
        "head": {
          "x": 0.44204646348953247,
          "y": -0.5760781168937683,
          "z": 0.3926536738872528
        },
        "tail": {
          "x": 0.45882001519203186,
          "y": -0.5994343161582947,
          "z": 0.40265506505966187
        }
      },
      "world_space": {
        "head": {
          "x": 0.44204646348953247,
          "y": -0.5128341317176819,
          "z": 1.3425077199935913
        },
        "tail": {
          "x": 0.45882001519203186,
          "y": -0.5361903309822083,
          "z": 1.3525090217590332
        },
        "rotation_quaternion": {
          "w": 0.3393925428390503,
          "x": 0.3958413004875183,
          "y": -0.035079143941402435,
          "z": -0.8525795936584473
        },
        "matrix": [
          [
            -0.45624426007270813,
            0.5509483814239502,
            -0.6987826228141785,
            0.44204646348953247
          ],
          [
            -0.6064903140068054,
            -0.7671635150909424,
            -0.2088770866394043,
            -0.5128341317176819
          ],
          [
            -0.6511660218238831,
            0.3285076916217804,
            0.6841631531715393,
            1.3425077199935913
          ],
          [
            0.0,
            0.0,
            0.0,
            1.0
          ]
        ]
      },
      "bone_length_armature_space": 0.0304448998008216,
      "parent": "thumb_02_l",
      "has_children": false,
      "is_end_bone": true
    },
    "metacarpal_index_l": {
      "name": "metacarpal_index_l",
      "local": {
        "location": {
          "x": 0.0,
          "y": 0.0,
          "z": 0.0
        },
        "rotation_quaternion": {
          "w": 0.9984802007675171,
          "x": -0.05300252139568329,
          "y": -0.015060498379170895,
          "z": 0.0011379780480638146
        },
        "scale": {
          "x": 1.0,
          "y": 1.0,
          "z": 1.0
        },
        "matrix_basis": [
          [
            0.9995437860488892,
            -0.0006760083488188684,
            -0.030195850878953934,
            0.0
          ],
          [
            0.0038689859211444855,
            0.9943788647651672,
            0.10580965876579285,
            0.0
          ],
          [
            0.029954588040709496,
            -0.10587821155786514,
            0.9939278364181519,
            0.0
          ],
          [
            0.0,
            0.0,
            0.0,
            1.0
          ]
        ],
        "rotation_mode": "QUATERNION"
      },
      "armature_space": {
        "head": {
          "x": 0.3911645710468292,
          "y": -0.525266170501709,
          "z": 0.4668669104576111
        },
        "tail": {
          "x": 0.4468620717525482,
          "y": -0.6065337657928467,
          "z": 0.4034425914287567
        }
      },
      "world_space": {
        "head": {
          "x": 0.3911645710468292,
          "y": -0.46202218532562256,
          "z": 1.4167208671569824
        },
        "tail": {
          "x": 0.4468620717525482,
          "y": -0.5432897806167603,
          "z": 1.3532966375350952
        },
        "rotation_quaternion": {
          "w": 0.3103467524051666,
          "x": -0.9182478785514832,
          "y": -0.23852987587451935,
          "z": -0.06007808819413185
        },
        "matrix": [
          [
            0.8789882063865662,
            0.47534921765327454,
            -0.03772197663784027,
            0.3911645710468292
          ],
          [
            0.4007701277732849,
            -0.6935769319534302,
            0.5986105799674988,
            -0.46202218532562256
          ],
          [
            0.2583882510662079,
            -0.541293740272522,
            -0.8001564741134644,
            1.4167208671569824
          ],
          [
            0.0,
            0.0,
            0.0,
            1.0
          ]
        ]
      },
      "bone_length_armature_space": 0.11717200077398336,
      "parent": "lowerarm_l",
      "has_children": true,
      "is_end_bone": false
    },
    "index_01_l": {
      "name": "index_01_l",
      "local": {
        "location": {
          "x": 0.0,
          "y": 0.0,
          "z": 0.0
        },
        "rotation_quaternion": {
          "w": 0.9982924461364746,
          "x": -0.057982176542282104,
          "y": 0.0009886259213089943,
          "z": 0.007026425562798977
        },
        "scale": {
          "x": 1.0,
          "y": 1.0,
          "z": 1.0
        },
        "matrix_basis": [
          [
            0.9998993277549744,
            -0.014143500477075577,
            0.0011590606300160289,
            0.0
          ],
          [
            0.01391420979052782,
            0.9931774139404297,
            0.11578023433685303,
            0.0
          ],
          [
            -0.002788690384477377,
            -0.1157524436712265,
            0.9932741522789001,
            0.0
          ],
          [
            0.0,
            0.0,
            0.0,
            1.0
          ]
        ],
        "rotation_mode": "QUATERNION"
      },
      "armature_space": {
        "head": {
          "x": 0.4468620717525482,
          "y": -0.6065337657928467,
          "z": 0.4034425914287567
        },
        "tail": {
          "x": 0.46758484840393066,
          "y": -0.6251444220542908,
          "z": 0.3973369300365448
        }
      },
      "world_space": {
        "head": {
          "x": 0.4468620717525482,
          "y": -0.5432897806167603,
          "z": 1.3532966375350952
        },
        "tail": {
          "x": 0.46758484840393066,
          "y": -0.5619004368782043,
          "z": 1.3471909761428833
        },
        "rotation_quaternion": {
          "w": 0.18885384500026703,
          "x": -0.8937188982963562,
          "y": -0.37147727608680725,
          "z": -0.16614912450313568
        },
        "matrix": [
          [
            0.6687982678413391,
            0.7267485857009888,
            0.15667009353637695,
            0.4468620717525482
          ],
          [
            0.6012375950813293,
            -0.6526772975921631,
            0.46100544929504395,
            -0.5432897806167603
          ],
          [
            0.43729376792907715,
            -0.21412570774555206,
            -0.8734632730484009,
            1.3532966375350952
          ],
          [
            0.0,
            0.0,
            0.0,
            1.0
          ]
        ]
      },
      "bone_length_armature_space": 0.028514366847302363,
      "parent": "metacarpal_index_l",
      "has_children": true,
      "is_end_bone": false
    },
    "index_02_l": {
      "name": "index_02_l",
      "local": {
        "location": {
          "x": 0.0,
          "y": 0.0,
          "z": 0.0
        },
        "rotation_quaternion": {
          "w": 0.9878561496734619,
          "x": 0.15496480464935303,
          "y": 0.00915716215968132,
          "z": 0.006509146187454462
        },
        "scale": {
          "x": 1.0,
          "y": 1.0,
          "z": 1.0
        },
        "matrix_basis": [
          [
            0.9997475743293762,
            -0.010022124275565147,
            0.02010929584503174,
            0.0
          ],
          [
            0.015698276460170746,
            0.9518870711326599,
            -0.30604666471481323,
            0.0
          ],
          [
            -0.016074540093541145,
            0.3062850832939148,
            0.9518041014671326,
            0.0
          ],
          [
            0.0,
            0.0,
            0.0,
            1.0
          ]
        ],
        "rotation_mode": "QUATERNION"
      },
      "armature_space": {
        "head": {
          "x": 0.467585027217865,
          "y": -0.6251447200775146,
          "z": 0.397336483001709
        },
        "tail": {
          "x": 0.486614465713501,
          "y": -0.6380460858345032,
          "z": 0.38595545291900635
        }
      },
      "world_space": {
        "head": {
          "x": 0.467585027217865,
          "y": -0.5619007349014282,
          "z": 1.347190499305725
        },
        "tail": {
          "x": 0.486614465713501,
          "y": -0.5748021006584167,
          "z": 1.3358094692230225
        },
        "rotation_quaternion": {
          "w": 0.2996276319026947,
          "x": -0.862022340297699,
          "y": -0.39845508337020874,
          "z": -0.09151193499565125
        },
        "matrix": [
          [
            0.6657178997993469,
            0.7417935132980347,
            -0.08100743591785431,
            0.467585027217865
          ],
          [
            0.6321167945861816,
            -0.5029130578041077,
            0.5894972085952759,
            -0.5619007349014282
          ],
          [
            0.3965490162372589,
            -0.44364839792251587,
            -0.8037031292915344,
            1.347190499305725
          ],
          [
            0.0,
            0.0,
            0.0,
            1.0
          ]
        ]
      },
      "bone_length_armature_space": 0.02565331582595732,
      "parent": "index_01_l",
      "has_children": true,
      "is_end_bone": false
    },
    "index_03_l": {
      "name": "index_03_l",
      "local": {
        "location": {
          "x": 0.0,
          "y": 0.0,
          "z": 0.0
        },
        "rotation_quaternion": {
          "w": 0.9738454818725586,
          "x": 0.22720517218112946,
          "y": -0.001679087057709694,
          "z": 0.0003636654873844236
        },
        "scale": {
          "x": 1.0,
          "y": 1.0,
          "z": 1.0
        },
        "matrix_basis": [
          [
            0.9999940991401672,
            -0.0014713024720549583,
            -0.0031050893012434244,
            0.0
          ],
          [
            -5.46865448995959e-05,
            0.8967553377151489,
            -0.4425266683101654,
            0.0
          ],
          [
            0.003435596125200391,
            0.442524254322052,
            0.8967499732971191,
            0.0
          ],
          [
            0.0,
            0.0,
            0.0,
            1.0
          ]
        ],
        "rotation_mode": "QUATERNION"
      },
      "armature_space": {
        "head": {
          "x": 0.4866144359111786,
          "y": -0.638046145439148,
          "z": 0.3859555721282959
        },
        "tail": {
          "x": 0.5058972239494324,
          "y": -0.639549195766449,
          "z": 0.3640546202659607
        }
      },
      "world_space": {
        "head": {
          "x": 0.4866144359111786,
          "y": -0.5748021602630615,
          "z": 1.335809588432312
        },
        "tail": {
          "x": 0.5058972239494324,
          "y": -0.5763052105903625,
          "z": 1.313908576965332
        },
        "rotation_quaternion": {
          "w": 0.5261525511741638,
          "x": -0.7249123454093933,
          "y": -0.44434475898742676,
          "z": -0.014944246970117092
        },
        "matrix": [
          [
            0.6046668291091919,
            0.6599481105804443,
            -0.44592219591140747,
            0.4866144359111786
          ],
          [
            0.6284989714622498,
            -0.05144160985946655,
            0.7761074900627136,
            -0.5748021602630615
          ],
          [
            0.4892558753490448,
            -0.7495530843734741,
            -0.44588398933410645,
            1.335809588432312
          ],
          [
            0.0,
            0.0,
            0.0,
            1.0
          ]
        ]
      },
      "bone_length_armature_space": 0.029218774324467112,
      "parent": "index_02_l",
      "has_children": false,
      "is_end_bone": true
    },
    "metacarpal_pinky_l": {
      "name": "metacarpal_pinky_l",
      "local": {
        "location": {
          "x": 0.0,
          "y": 0.0,
          "z": 0.0
        },
        "rotation_quaternion": {
          "w": 0.9997454881668091,
          "x": -0.016312016174197197,
          "y": -0.014021734707057476,
          "z": 0.006815003231167793
        },
        "scale": {
          "x": 1.0,
          "y": 1.0,
          "z": 1.0
        },
        "matrix_basis": [
          [
            0.9995138645172119,
            -0.013169092126190662,
            -0.028258664533495903,
            0.0
          ],
          [
            0.0140839833766222,
            0.9993749260902405,
            0.03242461383342743,
            0.0
          ],
          [
            0.027813998982310295,
            -0.032806847244501114,
            0.9990746378898621,
            0.0
          ],
          [
            0.0,
            0.0,
            0.0,
            1.0
          ]
        ],
        "rotation_mode": "QUATERNION"
      },
      "armature_space": {
        "head": {
          "x": 0.3911645710468292,
          "y": -0.525266170501709,
          "z": 0.4668669104576111
        },
        "tail": {
          "x": 0.4768550992012024,
          "y": -0.5834371447563171,
          "z": 0.4560739994049072
        }
      },
      "world_space": {
        "head": {
          "x": 0.3911645710468292,
          "y": -0.46202218532562256,
          "z": 1.4167208671569824
        },
        "tail": {
          "x": 0.4768550992012024,
          "y": -0.5201931595802307,
          "z": 1.4059280157089233
        },
        "rotation_quaternion": {
          "w": 0.33796653151512146,
          "x": 0.5289818048477173,
          "y": 0.3262847363948822,
          "z": -0.7067497968673706
        },
        "matrix": [
          [
            -0.2119138538837433,
            0.8229127526283264,
            -0.5271689891815186,
            0.3911645710468292
          ],
          [
            -0.13251930475234985,
            -0.5586340427398682,
            -0.8187593817710876,
            -0.46202218532562256
          ],
          [
            -0.9682687520980835,
            -0.10364756733179092,
            0.22743475437164307,
            1.4167208671569824
          ],
          [
            0.0,
            0.0,
            0.0,
            1.0
          ]
        ]
      },
      "bone_length_armature_space": 0.10413076334132493,
      "parent": "lowerarm_l",
      "has_children": true,
      "is_end_bone": false
    },
    "pinky_01_l": {
      "name": "pinky_01_l",
      "local": {
        "location": {
          "x": 0.0,
          "y": 0.0,
          "z": 0.0
        },
        "rotation_quaternion": {
          "w": 0.9978210926055908,
          "x": 0.06473717093467712,
          "y": 0.0024839751422405243,
          "z": -0.01248959545046091
        },
        "scale": {
          "x": 1.0,
          "y": 1.0,
          "z": 1.0
        },
        "matrix_basis": [
          [
            0.9996756911277771,
            0.025246374309062958,
            0.0033400433603674173,
            0.0
          ],
          [
            -0.02460315264761448,
            0.9913062453269958,
            -0.1292542815208435,
            0.0
          ],
          [
            -0.006574207916855812,
            0.12913018465042114,
            0.9916058778762817,
            0.0
          ],
          [
            0.0,
            0.0,
            0.0,
            1.0
          ]
        ],
        "rotation_mode": "QUATERNION"
      },
      "armature_space": {
        "head": {
          "x": 0.4768550992012024,
          "y": -0.5834371447563171,
          "z": 0.4560739994049072
