{
  "metadata": {
    "armature_name": "KIM_caucasian_male",
    "export_time": "2026-01-13T20:55:23.972853",
    "blender_version": "4.4.1",
    "bone_count": 56,
    "end_bone_count": 13,
    "spaces_included": [
      "LOCAL_CHANNELS",
      "ARMATURE_SPACE",
      "WORLD_SPACE"
    ],
    "note": "LOCAL matches Transform panel; replay pose via local.matrix_basis for best fidelity."
  },
  "bones": {
    "Root": {
      "name": "Root",
      "local": {
        "location": {
          "x": 0.0,
          "y": 0.0,
          "z": 0.0
        },
        "rotation_quaternion": {
          "w": 0.9997717142105103,
          "x": -0.009578891098499298,
          "y": 0.01832474395632744,
          "z": -0.005388498306274414
        },
        "scale": {
          "x": 1.0,
          "y": 1.0,
          "z": 1.0
        },
        "matrix_basis": [
          [
            0.9992703199386597,
            0.010423474945127964,
            0.03674435243010521,
            0.0
          ],
          [
            -0.011125598102807999,
            0.9997584223747253,
            0.01895592361688614,
            0.0
          ],
          [
            -0.03653788939118385,
            -0.019350893795490265,
            0.9991449117660522,
            0.0
          ],
          [
            0.0,
            0.0,
            0.0,
            1.0
          ]
        ],
        "rotation_mode": "QUATERNION"
      },
      "armature_space": {
        "head": {
          "x": 0.0,
          "y": 0.07072800397872925,
          "z": -0.009595036506652832
        },
        "tail": {
          "x": 0.0007439845940098166,
          "y": 0.00020276010036468506,
          "z": 0.0013663414865732193
        }
      },
      "world_space": {
        "head": {
          "x": 0.0,
          "y": 0.13397200405597687,
          "z": 0.9402589797973633
        },
        "tail": {
          "x": 0.0007439845940098166,
          "y": 0.0634467601776123,
          "z": 0.9512203335762024
        },
        "rotation_quaternion": {
          "w": 0.07690941542387009,
          "x": 0.9968551993370056,
          "y": 0.006610757205635309,
          "z": 0.017920106649398804
        },
        "matrix": [
          [
            0.9992703199386597,
            0.010423474945127964,
            0.03674435243010521,
            0.0
          ],
          [
            0.015936389565467834,
            -0.9880824685096741,
            -0.15309861302375793,
            0.13397200405597687
          ],
          [
            0.03471088781952858,
            0.15357260406017303,
            -0.9875346422195435,
            0.9402589797973633
          ],
          [
            0.0,
            0.0,
            0.0,
            1.0
          ]
        ]
      },
      "bone_length_armature_space": 0.0713758746988089,
      "parent": null,
      "has_children": true,
      "is_end_bone": false
    },
    "spine_01": {
      "name": "spine_01",
      "local": {
        "location": {
          "x": 0.0,
          "y": 0.0,
          "z": 0.0
        },
        "rotation_quaternion": {
          "w": 0.9978764057159424,
          "x": 0.057166196405887604,
          "y": -0.004466509912163019,
          "z": -0.030899981036782265
        },
        "scale": {
          "x": 1.0,
          "y": 1.0,
          "z": 1.0
        },
        "matrix_basis": [
          [
            0.9980505108833313,
            0.06115805730223656,
            -0.012446918524801731,
            0.0
          ],
          [
            -0.06217939034104347,
            0.9915544390678406,
            -0.11381356418132782,
            0.0
          ],
          [
            0.00538118090480566,
            0.11436562985181808,
            0.9934241771697998,
            0.0
          ],
          [
            0.0,
            0.0,
            0.0,
            1.0
          ]
        ],
        "rotation_mode": "QUATERNION"
      },
      "armature_space": {
        "head": {
          "x": 0.0007439845940098166,
          "y": 0.00020276010036468506,
          "z": 0.0013663414865732193
        },
        "tail": {
          "x": 0.014060067012906075,
          "y": -0.02326989360153675,
          "z": 0.48862424492836
        }
      },
      "world_space": {
        "head": {
          "x": 0.0007439845940098166,
          "y": 0.0634467601776123,
          "z": 0.9512203335762024
        },
        "tail": {
          "x": 0.014060067012906075,
          "y": 0.03997410833835602,
          "z": 1.4384782314300537
        },
        "rotation_quaternion": {
          "w": 0.689792811870575,
          "x": 0.7238736748695374,
          "y": 0.011654381640255451,
          "z": -0.007548917084932327
        },
        "matrix": [
          [
            0.9996143579483032,
            0.027286985889077187,
            0.005149489268660545,
            0.0007439845940098166
          ],
          [
            0.006458405405282974,
            -0.0480995774269104,
            -0.9988217949867249,
            0.0634467601776123
          ],
          [
            -0.027007335796952248,
            0.9984768033027649,
            -0.04825851321220398,
            0.9512203335762024
          ],
          [
            0.0,
            0.0,
            0.0,
            1.0
          ]
        ]
      },
      "bone_length_armature_space": 0.48800465617590083,
      "parent": "Root",
      "has_children": true,
      "is_end_bone": false
    },
    "neck_01": {
      "name": "neck_01",
      "local": {
        "location": {
          "x": 0.0,
          "y": 0.0,
          "z": 0.0
        },
        "rotation_quaternion": {
          "w": 0.9895046949386597,
          "x": 0.05558009445667267,
          "y": -0.07045961171388626,
          "z": 0.11325575411319733
        },
        "scale": {
          "x": 1.0,
          "y": 1.0,
          "z": 1.0
        },
        "matrix_basis": [
          [
            0.9644171595573425,
            -0.2319665104150772,
            -0.12685070931911469,
            0.0
          ],
          [
            0.21630190312862396,
            0.9681679606437683,
            -0.12595343589782715,
            0.0
          ],
          [
            0.15202976763248444,
            0.0940336138010025,
            0.9838926196098328,
            0.0
          ],
          [
            0.0,
            0.0,
            0.0,
            1.0
          ]
        ],
        "rotation_mode": "QUATERNION"
      },
      "armature_space": {
        "head": {
          "x": 0.0162365660071373,
          "y": -0.06143125146627426,
          "z": 0.5600575804710388
        },
        "tail": {
          "x": -0.004906760528683662,
          "y": -0.112358458340168,
          "z": 0.6464873552322388
        }
      },
      "world_space": {
        "head": {
          "x": 0.0162365660071373,
          "y": 0.0018127486109733582,
          "z": 1.5099115371704102
        },
        "tail": {
          "x": -0.004906760528683662,
          "y": -0.04911445826292038,
          "z": 1.5963413715362549
        },
        "rotation_quaternion": {
          "w": 0.48591822385787964,
          "x": 0.8650339841842651,
          "y": -0.12453746795654297,
          "z": -0.009492394514381886
        },
        "matrix": [
          [
            0.9688004851341248,
            -0.2062334269285202,
            -0.13745328783988953,
            0.0162365660071373
          ],
          [
            -0.22468408942222595,
            -0.49674737453460693,
            -0.8383075594902039,
            0.0018127486109733582
          ],
          [
            0.1046079695224762,
            0.8430415987968445,
            -0.5275908708572388,
            1.5099115371704102
          ],
          [
            0.0,
            0.0,
            0.0,
            1.0
          ]
        ]
      },
      "bone_length_armature_space": 0.10252183389112664,
      "parent": "spine_01",
      "has_children": true,
      "is_end_bone": false
    },
    "head": {
      "name": "head",
      "local": {
        "location": {
          "x": 0.0,
          "y": 0.0,
          "z": 0.0
        },
        "rotation_quaternion": {
          "w": 0.971962034702301,
          "x": 0.07220412790775299,
          "y": 0.149799644947052,
          "z": 0.16624237596988678
        },
        "scale": {
          "x": 1.0,
          "y": 1.0,
          "z": 1.0
        },
        "matrix_basis": [
          [
            0.8998470902442932,
            -0.30153024196624756,
            0.3152059018611908,
            0.0
          ],
          [
            0.3447948694229126,
            0.9343000650405884,
            -0.09055324643850327,
            0.0
          ],
          [
            -0.26719236373901367,
            0.1901654452085495,
            0.9446932673454285,
            0.0
          ],
          [
            0.0,
            0.0,
            0.0,
            1.0
          ]
        ],
        "rotation_mode": "QUATERNION"
      },
      "armature_space": {
        "head": {
          "x": -0.004906767979264259,
          "y": -0.11235855519771576,
          "z": 0.6464872360229492
        },
        "tail": {
          "x": -0.07699459046125412,
          "y": -0.15321800112724304,
          "z": 0.7775866985321045
        }
      },
      "world_space": {
        "head": {
          "x": -0.004906767979264259,
          "y": -0.04911455512046814,
          "z": 1.5963412523269653
        },
        "tail": {
          "x": -0.07699459046125412,
          "y": -0.08997400104999542,
          "z": 1.7274407148361206
        },
        "rotation_quaternion": {
          "w": 0.5875158309936523,
          "x": 0.7701796293258667,
          "y": -0.1519780158996582,
          "z": 0.19634471833705902
        },
        "matrix": [
          [
            0.8767030835151672,
            -0.46481218934059143,
            0.12386053800582886,
            -0.004906767979264259
          ],
          [
            -0.003391772508621216,
            -0.2634560465812683,
            -0.9646657109260559,
            -0.04911455512046814
          ],
          [
            0.4810234606266022,
            0.8453108668327332,
            -0.2325517237186432,
            1.5963412523269653
          ],
          [
            0.0,
            0.0,
            0.0,
            1.0
          ]
        ]
      },
      "bone_length_armature_space": 0.15509099521067313,
      "parent": "neck_01",
      "has_children": false,
      "is_end_bone": true
    },
    "upperarm_l": {
      "name": "upperarm_l",
      "local": {
        "location": {
          "x": 0.0,
          "y": 0.0,
          "z": 0.0
        },
        "rotation_quaternion": {
          "w": 0.8013390898704529,
          "x": 0.5206930637359619,
          "y": -0.263301283121109,
          "z": -0.13193494081497192
        },
        "scale": {
          "x": 1.0,
          "y": 1.0,
          "z": 1.0
        },
        "matrix_basis": [
          [
            0.8265312314033508,
            -0.06274905055761337,
            -0.559382438659668,
            0.0
          ],
          [
            -0.4856475591659546,
            0.4229438006877899,
            -0.7650261521339417,
            0.0
          ],
          [
            0.28459200263023376,
            0.9039806723594666,
            0.31910234689712524,
            0.0
          ],
          [
            0.0,
            0.0,
            0.0,
            1.0
          ]
        ],
        "rotation_mode": "QUATERNION"
      },
      "armature_space": {
        "head": {
          "x": 0.16436125338077545,
          "y": -0.06041519343852997,
          "z": 0.48874717950820923
        },
        "tail": {
          "x": 0.28872358798980713,
          "y": -0.2976900637149811,
          "z": 0.4822447597980499
        }
      },
      "world_space": {
        "head": {
          "x": 0.16436125338077545,
          "y": 0.0028288066387176514,
          "z": 1.4386012554168701
        },
        "tail": {
          "x": 0.28872358798980713,
          "y": -0.23444606363773346,
          "z": 1.4320987462997437
        },
        "rotation_quaternion": {
          "w": 0.20629474520683289,
          "x": 0.4477795362472534,
          "y": 0.12130498886108398,
          "z": -0.8615225553512573
        },
        "matrix": [
          [
            -0.513871967792511,
            0.4640914499759674,
            -0.7214949131011963,
            0.16436125338077545
          ],
          [
            -0.24682015180587769,
            -0.8854550123214722,
            -0.39376330375671387,
            0.0028288066387176514
          ],
          [
            -0.8215992450714111,
            -0.024265483021736145,
            0.5695611834526062,
            1.4386012554168701
          ],
          [
            0.0,
            0.0,
            0.0,
            1.0
          ]
        ]
      },
      "bone_length_armature_space": 0.26796946548937767,
      "parent": "spine_01",
      "has_children": true,
      "is_end_bone": false
    },
    "lowerarm_l": {
      "name": "lowerarm_l",
      "local": {
        "location": {
          "x": 0.0,
          "y": 0.0,
          "z": 0.0
        },
        "rotation_quaternion": {
          "w": 0.8549773693084717,
          "x": 0.504424512386322,
          "y": 0.06168273463845253,
          "z": -0.10375499725341797
        },
        "scale": {
          "x": 1.0,
          "y": 1.0,
          "z": 1.0
        },
        "matrix_basis": [
          [
            0.9708603024482727,
            0.23964491486549377,
            0.0008015565690584481,
            0.0
          ],
          [
            -0.11518777906894684,
            0.46958163380622864,
            -0.875342845916748,
            0.0
          ],
          [
            -0.21014781296253204,
            0.8497433066368103,
            0.4835022985935211,
            0.0
          ],
          [
            0.0,
            0.0,
            0.0,
            1.0
          ]
        ],
        "rotation_mode": "QUATERNION"
      },
      "armature_space": {
        "head": {
          "x": 0.2887236475944519,
          "y": -0.29769015312194824,
          "z": 0.48224490880966187
        },
        "tail": {
          "x": 0.14460910856723785,
          "y": -0.48903897404670715,
          "z": 0.6013506650924683
        }
      },
      "world_space": {
        "head": {
          "x": 0.2887236475944519,
          "y": -0.23444615304470062,
          "z": 1.4320988655090332
        },
        "tail": {
          "x": 0.14460910856723785,
          "y": -0.42579495906829834,
          "z": 1.5512046813964844
        },
        "rotation_quaternion": {
          "w": 0.11426929384469986,
          "x": -0.5016550421714783,
          "y": 0.3596031069755554,
          "z": 0.7784409523010254
        },
        "matrix": [
          [
            -0.4705702066421509,
            -0.5386966466903687,
            -0.6988347172737122,
            0.2887236475944519
          ],
          [
            -0.18288899958133698,
            -0.7152572274208069,
            0.6745064854621887,
            -0.23444615304470062
          ],
          [
            -0.8632068634033203,
            0.4452143907546997,
            0.23805935680866241,
            1.4320988655090332
          ],
          [
            0.0,
            0.0,
            0.0,
            1.0
          ]
        ]
      },
      "bone_length_armature_space": 0.26752486012040466,
      "parent": "upperarm_l",
      "has_children": true,
      "is_end_bone": false
    },
    "metacarpal_thumb_l": {
      "name": "metacarpal_thumb_l",
      "local": {
        "location": {
          "x": 0.0,
          "y": 0.0,
          "z": 0.0
        },
        "rotation_quaternion": {
          "w": 0.998357892036438,
          "x": -0.05359141156077385,
          "y": -0.018612030893564224,
          "z": -0.007942454889416695
        },
        "scale": {
          "x": 1.0,
          "y": 1.0,
          "z": 1.0
        },
        "matrix_basis": [
          [
            0.9991810321807861,
            0.017853714525699615,
            -0.036311641335487366,
            0.0
          ],
          [
            -0.013863935135304928,
            0.9941297769546509,
            0.1073024645447731,
            0.0
          ],
          [
            0.03801422938704491,
            -0.10671116411685944,
            0.9935631155967712,
            0.0
          ],
          [
            0.0,
            0.0,
            0.0,
            1.0
          ]
        ],
        "rotation_mode": "QUATERNION"
      },
      "armature_space": {
        "head": {
          "x": 0.14460910856723785,
          "y": -0.48903897404670715,
          "z": 0.6013506650924683
        },
        "tail": {
          "x": 0.10114510357379913,
          "y": -0.4993484616279602,
          "z": 0.6227559447288513
        }
      },
      "world_space": {
        "head": {
          "x": 0.14460910856723785,
          "y": -0.42579495906829834,
          "z": 1.5512046813964844
        },
        "tail": {
          "x": 0.10114510357379913,
          "y": -0.4361044764518738,
          "z": 1.5726099014282227
        },
        "rotation_quaternion": {
          "w": 0.16320084035396576,
          "x": 0.7624489665031433,
          "y": -0.607700526714325,
          "z": -0.15078870952129364
        },
        "matrix": [
          [
            0.2159244269132614,
            -0.8774638772010803,
            -0.4282917380332947,
            0.14460910856723785
          ],
          [
            -0.9758992791175842,
            -0.20813073217868805,
            -0.06559407711029053,
            -0.42579495906829834
          ],
          [
            -0.031585268676280975,
            0.43213585019111633,
            -0.9012629985809326,
            1.5512046813964844
          ],
          [
            0.0,
            0.0,
            0.0,
            1.0
          ]
        ]
      },
      "bone_length_armature_space": 0.04953373874833799,
      "parent": "lowerarm_l",
      "has_children": true,
      "is_end_bone": false
    },
    "thumb_01_l": {
      "name": "thumb_01_l",
      "local": {
        "location": {
          "x": 0.0,
          "y": 0.0,
          "z": 0.0
        },
        "rotation_quaternion": {
          "w": 0.999801754951477,
          "x": 0.018951676785945892,
          "y": -0.004222455434501171,
          "z": -0.0044171628542244434
        },
        "scale": {
          "x": 1.0,
          "y": 1.0,
          "z": 1.0
        },
        "matrix_basis": [
          [
            0.9999253153800964,
            0.008672528900206089,
            -0.008610662072896957,
            0.0
          ],
          [
            -0.008992619812488556,
            0.9992426633834839,
            -0.03785853832960129,
            0.0
          ],
          [
            0.008275811560451984,
            0.037933140993118286,
            0.9992460012435913,
            0.0
          ],
          [
            0.0,
            0.0,
            0.0,
            1.0
          ]
        ],
        "rotation_mode": "QUATERNION"
      },
      "armature_space": {
        "head": {
          "x": 0.10114510357379913,
          "y": -0.4993484616279602,
          "z": 0.6227559447288513
        },
        "tail": {
          "x": 0.06977918744087219,
          "y": -0.5029698014259338,
          "z": 0.6100401282310486
        }
      },
      "world_space": {
        "head": {
          "x": 0.10114510357379913,
          "y": -0.4361044764518738,
          "z": 1.5726099014282227
        },
        "tail": {
          "x": 0.06977918744087219,
          "y": -0.4397258162498474,
          "z": 1.55989408493042
        },
        "rotation_quaternion": {
          "w": 0.3406277298927307,
          "x": 0.45067307353019714,
          "y": -0.5751329660415649,
          "z": 0.5916829109191895
        },
        "matrix": [
          [
            -0.3617323637008667,
            -0.9214814901351929,
            0.14149875938892365,
            0.10114510357379913
          ],
          [
            -0.11530911177396774,
            -0.106389120221138,
            -0.9876161813735962,
            -0.4361044764518738
          ],
          [
            0.9251298308372498,
            -0.37357139587402344,
            -0.06777206808328629,
            1.5726099014282227
          ],
          [
            0.0,
            0.0,
            0.0,
            1.0
          ]
        ]
      },
      "bone_length_armature_space": 0.034038606598943554,
      "parent": "metacarpal_thumb_l",
      "has_children": true,
      "is_end_bone": false
    },
    "thumb_02_l": {
      "name": "thumb_02_l",
      "local": {
        "location": {
          "x": 0.0,
          "y": 0.0,
          "z": 0.0
        },
        "rotation_quaternion": {
          "w": 0.9938488602638245,
          "x": 0.11047109961509705,
          "y": -0.0032894928008317947,
          "z": -0.007062538061290979
        },
        "scale": {
          "x": 1.0,
          "y": 1.0,
          "z": 1.0
        },
        "matrix_basis": [
          [
            0.9998785853385925,
            0.01331140287220478,
            -0.00809893012046814,
            0.0
          ],
          [
            -0.014764978550374508,
            0.975492537021637,
            -0.219536691904068,
            0.0
          ],
          [
            0.004978104494512081,
            0.21962961554527283,
            0.9755706191062927,
            0.0
          ],
          [
            0.0,
            0.0,
            0.0,
            1.0
          ]
        ],
        "rotation_mode": "QUATERNION"
      },
      "armature_space": {
        "head": {
          "x": 0.06977920234203339,
          "y": -0.5029697418212891,
          "z": 0.6100400686264038
        },
        "tail": {
          "x": 0.053062357008457184,
          "y": -0.5339551568031311,
          "z": 0.6293697357177734
        }
      },
      "world_space": {
        "head": {
          "x": 0.06977920234203339,
          "y": -0.43972575664520264,
          "z": 1.55989408493042
        },
        "tail": {
          "x": 0.053062357008457184,
          "y": -0.4707111716270447,
          "z": 1.5792237520217896
        },
        "rotation_quaternion": {
          "w": 0.32521548867225647,
          "x": 0.5169265270233154,
          "y": 0.09220841526985168,
          "z": 0.7864600419998169
        },
        "matrix": [
          [
            -0.25404325127601624,
            -0.4162105321884155,
            0.8730584979057312,
            0.06977920234203339
          ],
          [
            0.6068687438964844,
            -0.7714642286300659,
            -0.1911904215812683,
            -0.43972575664520264
          ],
          [
            0.7531142830848694,
            0.4812638461589813,
            0.44857317209243774,
            1.55989408493042
          ],
          [
            0.0,
            0.0,
            0.0,
            1.0
          ]
        ]
      },
      "bone_length_armature_space": 0.04016447307006834,
      "parent": "thumb_01_l",
      "has_children": true,
      "is_end_bone": false
    },
    "thumb_03_l": {
      "name": "thumb_03_l",
      "local": {
        "location": {
          "x": 0.0,
          "y": 0.0,
          "z": 0.0
        },
        "rotation_quaternion": {
          "w": 0.9989516735076904,
          "x": 0.04558120295405388,
          "y": 0.003537604119628668,
          "z": 0.0023234549444168806
        },
        "scale": {
          "x": 1.0,
          "y": 1.0,
          "z": 1.0
        },
        "matrix_basis": [
          [
            0.99996417760849,
            -0.004319542087614536,
            0.007279602810740471,
            0.0
          ],
          [
            0.004964535124599934,
            0.9958339333534241,
            -0.0910504013299942,
            0.0
          ],
          [
            -0.006855979561805725,
            0.09108327329158783,
            0.9958196878433228,
            0.0
          ],
          [
            0.0,
            0.0,
            0.0,
            1.0
          ]
        ],
        "rotation_mode": "QUATERNION"
      },
      "armature_space": {
        "head": {
          "x": 0.053062304854393005,
          "y": -0.5339550971984863,
          "z": 0.6293697357177734
        },
        "tail": {
          "x": 0.05170735344290733,
          "y": -0.5601605772972107,
          "z": 0.6448076963424683
        }
      },
      "world_space": {
        "head": {
          "x": 0.053062304854393005,
          "y": -0.4707111120223999,
          "z": 1.5792237520217896
        },
        "tail": {
          "x": 0.05170735344290733,
          "y": -0.49691659212112427,
          "z": 1.5946617126464844
        },
        "rotation_quaternion": {
          "w": 0.1319287121295929,
          "x": 0.40738722681999207,
          "y": 0.22851528227329254,
          "z": 0.8743061423301697
        },
        "matrix": [
          [
            -0.6332613229751587,
            -0.04450507462024689,
            0.7726576924324036,
            0.053062304854393005
          ],
          [
            0.41688084602355957,
            -0.8607516288757324,
            0.2920917570590973,
            -0.4707111120223999
          ],
          [
            0.6520713567733765,
            0.5070792436599731,
            0.5636377930641174,
            1.5792237520217896
          ],
          [
            0.0,
            0.0,
            0.0,
            1.0
          ]
        ]
      },
      "bone_length_armature_space": 0.03044492886769087,
      "parent": "thumb_02_l",
      "has_children": false,
      "is_end_bone": true
    },
    "metacarpal_index_l": {
      "name": "metacarpal_index_l",
      "local": {
        "location": {
          "x": 0.0,
          "y": 0.0,
          "z": 0.0
        },
        "rotation_quaternion": {
          "w": 0.9997535347938538,
          "x": -0.01944916509091854,
          "y": -0.008168314583599567,
          "z": -0.006931599695235491
        },
        "scale": {
          "x": 1.0,
          "y": 1.0,
          "z": 1.0
        },
        "matrix_basis": [
          [
            0.99977046251297,
            0.014177516102790833,
            -0.01606297492980957,
            0.0
          ],
          [
            -0.013542048633098602,
            0.999147355556488,
            0.039001982659101486,
            0.0
          ],
          [
            0.016602231189608574,
            -0.038775503635406494,
            0.9991100430488586,
            0.0
          ],
          [
            0.0,
            0.0,
            0.0,
            1.0
          ]
        ],
        "rotation_mode": "QUATERNION"
      },
      "armature_space": {
        "head": {
          "x": 0.14460910856723785,
          "y": -0.48903897404670715,
          "z": 0.6013506650924683
        },
        "tail": {
          "x": 0.06006982922554016,
          "y": -0.5486708879470825,
          "z": 0.6563634276390076
        }
      },
      "world_space": {
        "head": {
          "x": 0.14460910856723785,
          "y": -0.42579495906829834,
          "z": 1.5512046813964844
        },
        "tail": {
          "x": 0.06006982922554016,
          "y": -0.4854269027709961,
          "z": 1.606217384338379
        },
        "rotation_quaternion": {
          "w": 0.0334337018430233,
          "x": 0.7583330869674683,
          "y": -0.4943859577178955,
          "z": -0.4235514998435974
        },
        "matrix": [
          [
            0.1523720771074295,
            -0.7214989066123962,
            -0.6754423975944519,
            0.14460910856723785
          ],
          [
            -0.7781404256820679,
            -0.5089276432991028,
            0.36809006333351135,
            -0.42579495906829834
          ],
          [
            -0.6093327403068542,
            0.46950533986091614,
            -0.6389778256416321,
            1.5512046813964844
          ],
          [
            0.0,
            0.0,
            0.0,
            1.0
          ]
        ]
      },
      "bone_length_armature_space": 0.11717192029704139,
      "parent": "lowerarm_l",
      "has_children": true,
      "is_end_bone": false
    },
    "index_01_l": {
      "name": "index_01_l",
      "local": {
        "location": {
          "x": 0.0,
          "y": 0.0,
          "z": 0.0
        },
        "rotation_quaternion": {
          "w": 0.9999572038650513,
          "x": -0.007142387330532074,
          "y": 0.0057403529062867165,
          "z": 0.0012972289696335793
        },
        "scale": {
          "x": 1.0,
          "y": 1.0,
          "z": 1.0
        },
        "matrix_basis": [
          [
            0.999930739402771,
            -0.0026763465721160173,
            0.011461683548986912,
            0.0
          ],
          [
            0.002512347185984254,
            0.9998946189880371,
            0.014299056492745876,
            0.0
          ],
          [
            -0.011498745530843735,
            -0.01426927000284195,
            0.9998320937156677,
            0.0
          ],
          [
            0.0,
            0.0,
            0.0,
            1.0
          ]
        ],
        "rotation_mode": "QUATERNION"
      },
      "armature_space": {
        "head": {
          "x": 0.06006982922554016,
          "y": -0.5486708879470825,
          "z": 0.6563634276390076
        },
        "tail": {
          "x": 0.045281630009412766,
          "y": -0.5712503790855408,
          "z": 0.665558397769928
        }
      },
      "world_space": {
        "head": {
          "x": 0.06006982922554016,
          "y": -0.4854269027709961,
          "z": 1.606217384338379
        },
        "tail": {
          "x": 0.045281630009412766,
          "y": -0.5080063939094543,
          "z": 1.6154124736785889
        },
        "rotation_quaternion": {
          "w": 0.024076761677861214,
          "x": 0.8388843536376953,
          "y": -0.3216962516307831,
          "z": -0.4384119212627411
        },
        "matrix": [
          [
            0.4086126983165741,
            -0.5186226963996887,
            -0.7510435581207275,
            0.06006982922554016
          ],
          [
            -0.5608434677124023,
            -0.7918628454208374,
            0.24167722463607788,
            -0.4854269027709961
          ],
          [
            -0.7200684547424316,
            0.32246723771095276,
            -0.6144353747367859,
            1.606217384338379
          ],
          [
            0.0,
            0.0,
            0.0,
            1.0
          ]
        ]
      },
      "bone_length_armature_space": 0.028514412330984933,
      "parent": "metacarpal_index_l",
      "has_children": true,
      "is_end_bone": false
    },
    "index_02_l": {
      "name": "index_02_l",
      "local": {
        "location": {
          "x": 0.0,
          "y": 0.0,
          "z": 0.0
        },
        "rotation_quaternion": {
          "w": 0.9872455596923828,
          "x": 0.15912742912769318,
          "y": 0.002759781666100025,
          "z": -0.004149501211941242
        },
        "scale": {
          "x": 1.0,
          "y": 1.0,
          "z": 1.0
        },
        "matrix_basis": [
          [
            0.9999503493309021,
            0.009071467444300652,
            0.004128565546125174,
            0.0
          ],
          [
            -0.0073148394003510475,
            0.9493224620819092,
            -0.3142186105251312,
            0.0
          ],
          [
            -0.006769763305783272,
            0.31417280435562134,
            0.9493417143821716,
            0.0
          ],
          [
            0.0,
            0.0,
            0.0,
            1.0
          ]
        ],
        "rotation_mode": "QUATERNION"
      },
      "armature_space": {
        "head": {
          "x": 0.045281097292900085,
          "y": -0.5712504386901855,
          "z": 0.6655585169792175
        },
        "tail": {
          "x": 0.027290446683764458,
          "y": -0.5892608165740967,
          "z": 0.6687292456626892
        }
      },
      "world_space": {
        "head": {
          "x": 0.045281097292900085,
          "y": -0.5080064535140991,
          "z": 1.6154124736785889
        },
        "tail": {
          "x": 0.027290446683764458,
          "y": -0.5260168313980103,
          "z": 1.6185832023620605
        },
        "rotation_quaternion": {
          "w": 0.11131824553012848,
          "x": -0.8237236738204956,
          "y": 0.36955803632736206,
          "z": 0.41534867882728577
        },
        "matrix": [
          [
            0.381824254989624,
            -0.7013005614280701,
            -0.6019867658615112,
            0.045281097292900085
          ],
          [
            -0.5163561105728149,
            -0.7020690441131592,
            0.4903829097747803,
            -0.5080064535140991
          ],
          [
            -0.7665479779243469,
            0.12359994649887085,
            -0.6301918029785156,
            1.6154124736785889
          ],
          [
            0.0,
            0.0,
            0.0,
            1.0
          ]
        ]
      },
      "bone_length_armature_space": 0.025653279716745865,
      "parent": "index_01_l",
      "has_children": true,
      "is_end_bone": false
    },
    "index_03_l": {
      "name": "index_03_l",
      "local": {
        "location": {
          "x": 0.0,
          "y": 0.0,
          "z": 0.0
        },
        "rotation_quaternion": {
          "w": 0.9649293422698975,
          "x": 0.26242467761039734,
          "y": 0.0010686633177101612,
          "z": 0.006592086516320705
        },
        "scale": {
          "x": 1.0,
          "y": 1.0,
          "z": 1.0
        },
        "matrix_basis": [
          [
            0.999910831451416,
            -0.012160908430814743,
            0.005522221326828003,
            0.0
          ],
          [
            0.013282682746648788,
            0.8621796369552612,
            -0.5064284801483154,
            0.0
          ],
          [
            0.0013974831672385335,
            0.5064566135406494,
            0.8622642755508423,
            0.0
          ],
          [
            0.0,
            0.0,
            0.0,
            1.0
          ]
        ],
        "rotation_mode": "QUATERNION"
      },
      "armature_space": {
        "head": {
          "x": 0.027290530502796173,
          "y": -0.5892608165740967,
          "z": 0.6687294244766235
        },
        "tail": {
          "x": 0.0016402844339609146,
          "y": -0.5990481972694397,
          "z": 0.6587291955947876
        }
      },
      "world_space": {
        "head": {
          "x": 0.027290530502796173,
          "y": -0.5260168313980103,
          "z": 1.6185834407806396
        },
        "tail": {
          "x": 0.0016402844339609146,
          "y": -0.5358042120933533,
          "z": 1.6085832118988037
        },
        "rotation_quaternion": {
          "w": 0.3679530620574951,
          "x": -0.7754502892494202,
          "y": 0.44398704171180725,
          "z": 0.25722160935401917
        },
        "matrix": [
          [
            0.4734244644641876,
            -0.8778713941574097,
            -0.07219043374061584,
            0.027290530502796173
          ],
          [
            -0.49929067492485046,
            -0.3349708914756775,
            0.799064040184021,
            -0.5260168313980103
          ],
          [
            -0.7256627678871155,
            -0.3422548472881317,
            -0.5968998670578003,
            1.6185834407806396
          ],
          [
            0.0,
            0.0,
            0.0,
            1.0
          ]
        ]
      },
      "bone_length_armature_space": 0.02921870116020809,
      "parent": "index_02_l",
      "has_children": false,
      "is_end_bone": true
    },
    "metacarpal_pinky_l": {
      "name": "metacarpal_pinky_l",
      "local": {
        "location": {
          "x": 0.0,
          "y": 0.0,
          "z": 0.0
        },
        "rotation_quaternion": {
          "w": 0.9987601041793823,
          "x": -0.04872385412454605,
          "y": -0.0007527529960498214,
          "z": -0.010188327170908451
        },
        "scale": {
          "x": 1.0,
          "y": 1.0,
          "z": 1.0
        },
        "matrix_basis": [
          [
            0.9997912645339966,
            0.020424744114279747,
            -0.0005108101759105921,
            0.0
          ],
          [
            -0.02027803473174572,
            0.9950443506240845,
            0.09734222292900085,
            0.0
          ],
          [
            0.0024964683689177036,
            -0.09731154143810272,
            0.9952508211135864,
            0.0
          ],
          [
            0.0,
            0.0,
            0.0,
            1.0
          ]
        ],
        "rotation_mode": "QUATERNION"
      },
      "armature_space": {
        "head": {
          "x": 0.14460910856723785,
          "y": -0.48903897404670715,
          "z": 0.6013506650924683
        },
        "tail": {
          "x": 0.1088702529668808,
          "y": -0.5831004977226257,
          "z": 0.628153383731842
        }
      },
      "world_space": {
        "head": {
          "x": 0.14460910856723785,
          "y": -0.42579495906829834,
          "z": 1.5512046813964844
        },
        "tail": {
          "x": 0.1088702529668808,
          "y": -0.5198565125465393,
          "z": 1.578007459640503
        },
        "rotation_quaternion": {
          "w": 0.18612593412399292,
          "x": 0.07990730553865433,
          "y": 0.11707309633493423,
          "z": 0.972247838973999
        },
        "matrix": [
          [
            -0.9179440140724182,
            -0.34321129322052,
            0.19896015524864197,
            0.14460910856723785
          ],
          [
            0.38063111901283264,
            -0.9033021330833435,
            0.19790267944335938,
            -0.42579495906829834
          ],
          [
            0.11180001497268677,
            0.25739505887031555,
            0.9598243236541748,
            1.5512046813964844
          ],
          [
            0.0,
            0.0,
            0.0,
            1.0
          ]
        ]
      },
      "bone_length_armature_space": 0.10413079094126547,
      "parent": "lowerarm_l",
      "has_children": true,
      "is_end_bone": false
    },
    "pinky_01_l": {
      "name": "pinky_01_l",
      "local": {
        "location": {
          "x": 0.0,
          "y": 0.0,
          "z": 0.0
        },
        "rotation_quaternion": {
          "w": 0.9984983205795288,
          "x": 0.05472775548696518,
          "y": -0.0017647866625338793,
          "z": 0.0017198631539940834
        },
        "scale": {
          "x": 1.0,
          "y": 1.0,
          "z": 1.0
        },
        "matrix_basis": [
          [
            0.9999878406524658,
            -0.003627726575359702,
            -0.003336024470627308,
            0.0
          ],
          [
            0.0032413953449577093,
            0.9940038323402405,
            -0.10929721593856812,
            0.0
          ],
          [
            0.003712521633133292,
            0.10928507149219513,
            0.9940035343170166,
            0.0
          ],
          [
            0.0,
            0.0,
            0.0,
            1.0
          ]
        ],
        "rotation_mode": "QUATERNION"
      },
      "armature_space": {
        "head": {
          "x": 0.1088702529668808,
          "y": -0.5831004977226257,
