{
  "metadata": {
    "armature_name": "KIM_caucasian_male",
    "export_time": "2026-01-13T20:25:56.805970",
    "blender_version": "4.4.1",
    "bone_count": 56,
    "end_bone_count": 13,
    "spaces_included": [
      "LOCAL_CHANNELS",
      "ARMATURE_SPACE",
      "WORLD_SPACE"
    ],
    "note": "LOCAL matches Transform panel; replay pose via local.matrix_basis for best fidelity."
  },
  "bones": {
    "Root": {
      "name": "Root",
      "local": {
        "location": {
          "x": 0.0,
          "y": 0.0,
          "z": 0.0
        },
        "rotation_quaternion": {
          "w": 0.9998358488082886,
          "x": -0.013906861655414104,
          "y": -0.011617987416684628,
          "z": 2.637409488670528e-05
        },
        "scale": {
          "x": 1.0,
          "y": 1.0,
          "z": 1.0
        },
        "matrix_basis": [
          [
            0.9997300505638123,
            0.0002703999634832144,
            -0.023232894018292427,
            0.0
          ],
          [
            0.00037587902625091374,
            0.9996132254600525,
            0.027808545157313347,
            0.0
          ],
          [
            0.023231426253914833,
            -0.02780977077782154,
            0.99934321641922,
            0.0
          ],
          [
            0.0,
            0.0,
            0.0,
            1.0
          ]
        ],
        "rotation_mode": "QUATERNION"
      },
      "armature_space": {
        "head": {
          "x": 0.0,
          "y": 0.07072800397872925,
          "z": -0.009595036506652832
        },
        "tail": {
          "x": 1.930003236338962e-05,
          "y": 0.0002941936254501343,
          "z": 0.001963231712579727
        }
      },
      "world_space": {
        "head": {
          "x": 0.0,
          "y": 0.13397200405597687,
          "z": 0.9402589797973633
        },
        "tail": {
          "x": 1.930003236338962e-05,
          "y": 0.06353819370269775,
          "z": 0.9518172740936279
        },
        "rotation_quaternion": {
          "w": 0.08123186230659485,
          "x": 0.9966275691986084,
          "y": -0.0008089935290627182,
          "z": -0.011589818634092808
        },
        "matrix": [
          [
            0.9997300505638123,
            0.0002703999634832144,
            -0.023232894018292427,
            0.0
          ],
          [
            -0.003495460841804743,
            -0.9868014454841614,
            -0.16189754009246826,
            0.13397200405597687
          ],
          [
            -0.02297019213438034,
            0.1619352400302887,
            -0.9865410923957825,
            0.9402589797973633
          ],
          [
            0.0,
            0.0,
            0.0,
            1.0
          ]
        ]
      },
      "bone_length_armature_space": 0.07137587500141349,
      "parent": null,
      "has_children": true,
      "is_end_bone": false
    },
    "spine_01": {
      "name": "spine_01",
      "local": {
        "location": {
          "x": 0.0,
          "y": 0.0,
          "z": 0.0
        },
        "rotation_quaternion": {
          "w": 0.9984999895095825,
          "x": 0.01636752113699913,
          "y": 0.05222237482666969,
          "z": 0.0016893325373530388
        },
        "scale": {
          "x": 1.0,
          "y": 1.0,
          "z": 1.0
        },
        "matrix_basis": [
          [
            0.9945399165153503,
            -0.0016640954418107867,
            0.10434338450431824,
            0.0
          ],
          [
            0.005083098541945219,
            0.9994584918022156,
            -0.03250949829816818,
            0.0
          ],
          [
            -0.1042327806353569,
            0.032862380146980286,
            0.9940098524093628,
            0.0
          ],
          [
            0.0,
            0.0,
            0.0,
            1.0
          ]
        ],
        "rotation_mode": "QUATERNION"
      },
      "armature_space": {
        "head": {
          "x": 1.930003236338962e-05,
          "y": 0.0002941936254501343,
          "z": 0.001963231712579727
        },
        "tail": {
          "x": 0.010478195734322071,
          "y": 0.02062266319990158,
          "z": 0.48943209648132324
        }
      },
      "world_space": {
        "head": {
          "x": 1.930003236338962e-05,
          "y": 0.06353819370269775,
          "z": 0.9518172740936279
        },
        "tail": {
          "x": 0.010478195734322071,
          "y": 0.0838666632771492,
          "z": 1.4392861127853394
        },
        "rotation_quaternion": {
          "w": 0.7203296422958374,
          "x": 0.6916735768318176,
          "y": 0.04419612139463425,
          "z": 0.02756132185459137
        },
        "matrix": [
          [
            0.9945741891860962,
            0.02143210917711258,
            0.10179828852415085,
            1.930003236338962e-05
          ],
          [
            0.10084490478038788,
            0.04165659472346306,
            -0.9940297603607178,
            0.06353819370269775
          ],
          [
            -0.02554480917751789,
            0.9989091157913208,
            0.0392686165869236,
            0.9518172740936279
          ],
          [
            0.0,
            0.0,
            0.0,
            1.0
          ]
        ]
      },
      "bone_length_armature_space": 0.4880046435474636,
      "parent": "Root",
      "has_children": true,
      "is_end_bone": false
    },
    "neck_01": {
      "name": "neck_01",
      "local": {
        "location": {
          "x": 0.0,
          "y": 0.0,
          "z": 0.0
        },
        "rotation_quaternion": {
          "w": 0.9972242116928101,
          "x": 0.061751533299684525,
          "y": -0.03911237418651581,
          "z": 0.014173036441206932
        },
        "scale": {
          "x": 1.0,
          "y": 1.0,
          "z": 1.0
        },
        "matrix_basis": [
          [
            0.9965386986732483,
            -0.03309788927435875,
            -0.07625719904899597,
            0.0
          ],
          [
            0.02343689277768135,
            0.9919717311859131,
            -0.12426893413066864,
            0.0
          ],
          [
            0.07975802570581436,
            0.12205156683921814,
            0.9893139600753784,
            0.0
          ],
          [
            0.0,
            0.0,
            0.0,
            1.0
          ]
        ],
        "rotation_mode": "QUATERNION"
      },
      "armature_space": {
        "head": {
          "x": 0.01557783130556345,
          "y": -0.010800695046782494,
          "z": 0.5639325976371765
        },
        "tail": {
          "x": 0.019206412136554718,
          "y": -0.05732903629541397,
          "z": 0.6552160978317261
        }
      },
      "world_space": {
        "head": {
          "x": 0.01557783130556345,
          "y": 0.05244330316781998,
          "z": 1.5137865543365479
        },
        "tail": {
          "x": 0.019206412136554718,
          "y": 0.005914963781833649,
          "z": 1.6050701141357422
        },
        "rotation_quaternion": {
          "w": 0.5223501324653625,
          "x": 0.8525474071502686,
          "y": 0.015161185525357723,
          "z": -0.009133836254477501
        },
        "matrix": [
          [
            0.9993734359741211,
            0.03539341688156128,
            0.00026500970125198364,
            0.01557783130556345
          ],
          [
            0.016309283673763275,
            -0.45384055376052856,
            -0.8909338712692261,
            0.05244330316781998
          ],
          [
            -0.03141312301158905,
            0.8903855085372925,
            -0.45413738489151,
            1.5137865543365479
          ],
          [
            0.0,
            0.0,
            0.0,
            1.0
          ]
        ]
      },
      "bone_length_armature_space": 0.10252185190415625,
      "parent": "spine_01",
      "has_children": true,
      "is_end_bone": false
    },
    "head": {
      "name": "head",
      "local": {
        "location": {
          "x": 0.0,
          "y": 0.0,
          "z": 0.0
        },
        "rotation_quaternion": {
          "w": 0.9737846851348877,
          "x": 0.08439449220895767,
          "y": -0.12200718373060226,
          "z": -0.17243891954421997
        },
        "scale": {
          "x": 1.0,
          "y": 1.0,
          "z": 1.0
        },
        "matrix_basis": [
          [
            0.9107581377029419,
            0.31524330377578735,
            -0.26672324538230896,
            0.0
          ],
          [
            -0.3564302325248718,
            0.9262847900390625,
            -0.12228655070066452,
            0.0
          ],
          [
            0.20851166546344757,
            0.2064417004585266,
            0.9559836387634277,
            0.0
          ],
          [
            0.0,
            0.0,
            0.0,
            1.0
          ]
        ],
        "rotation_mode": "QUATERNION"
      },
      "armature_space": {
        "head": {
          "x": 0.01920640841126442,
          "y": -0.05732914060354233,
          "z": 0.6552159786224365
        },
        "tail": {
          "x": 0.07302720099687576,
          "y": -0.10305336862802505,
          "z": 0.79329514503479
        }
      },
      "world_space": {
        "head": {
          "x": 0.01920640841126442,
          "y": 0.005914859473705292,
          "z": 1.6050699949264526
        },
        "tail": {
          "x": 0.07302720099687576,
          "y": -0.039809368550777435,
          "z": 1.7431491613388062
        },
        "rotation_quaternion": {
          "w": 0.5907010436058044,
          "x": 0.7755546569824219,
          "y": 0.060504235327243805,
          "z": -0.21430493891239166
        },
        "matrix": [
          [
            0.9008257389068604,
            0.3470289409160614,
            -0.2609288990497589,
            0.01920640841126442
          ],
          [
            -0.1593298316001892,
            -0.29482343792915344,
            -0.9421749114990234,
            0.005914859473705292
          ],
          [
            -0.4038928151130676,
            0.8903149962425232,
            -0.21029482781887054,
            1.6050699949264526
          ],
          [
            0.0,
            0.0,
            0.0,
            1.0
          ]
        ]
      },
      "bone_length_armature_space": 0.1550910691473092,
      "parent": "neck_01",
      "has_children": false,
      "is_end_bone": true
    },
    "upperarm_l": {
      "name": "upperarm_l",
      "local": {
        "location": {
          "x": 0.0,
          "y": 0.0,
          "z": 0.0
        },
        "rotation_quaternion": {
          "w": 0.7946493029594421,
          "x": 0.5532777309417725,
          "y": 0.062058016657829285,
          "z": 0.24200206995010376
        },
        "scale": {
          "x": 1.0,
          "y": 1.0,
          "z": 1.0
        },
        "matrix_basis": [
          [
            0.8751676082611084,
            -0.3159429132938385,
            0.36641743779182434,
            0.0
          ],
          [
            0.45328420400619507,
            0.27063751220703125,
            -0.849287211894989,
            0.0
          ],
          [
            0.16915999352931976,
            0.909359872341156,
            0.38006511330604553,
            0.0
          ],
          [
            0.0,
            0.0,
            0.0,
            1.0
          ]
        ],
        "rotation_mode": "QUATERNION"
      },
      "armature_space": {
        "head": {
          "x": 0.16364821791648865,
          "y": -0.001643691211938858,
          "z": 0.4930916130542755
        },
        "tail": {
          "x": 0.27333369851112366,
          "y": -0.2311486154794693,
          "z": 0.5773784518241882
        }
      },
      "world_space": {
        "head": {
          "x": 0.16364821791648865,
          "y": 0.06160030886530876,
          "z": 1.4429455995559692
        },
        "tail": {
          "x": 0.27333369851112366,
          "y": -0.16790461540222168,
          "z": 1.5272324085235596
        },
        "rotation_quaternion": {
          "w": 0.252718985080719,
          "x": 0.8072904348373413,
          "y": 0.08890233188867569,
          "z": -0.5258437991142273
        },
        "matrix": [
          [
            0.431169718503952,
            0.4093208909034729,
            -0.8040827512741089,
            0.16364821791648865
          ],
          [
            -0.1222412958741188,
            -0.856459379196167,
            -0.5015321969985962,
            0.06160030886530876
          ],
          [
            -0.8939580917358398,
            0.31453898549079895,
            -0.3192460238933563,
            1.4429455995559692
          ],
          [
            0.0,
            0.0,
            0.0,
            1.0
          ]
        ]
      },
      "bone_length_armature_space": 0.267969567364372,
      "parent": "spine_01",
      "has_children": true,
      "is_end_bone": false
    },
    "lowerarm_l": {
      "name": "lowerarm_l",
      "local": {
        "location": {
          "x": 0.0,
          "y": 0.0,
          "z": 0.0
        },
        "rotation_quaternion": {
          "w": 0.9194479584693909,
          "x": 0.24648517370224,
          "y": -0.12490156292915344,
          "z": 0.27975016832351685
        },
        "scale": {
          "x": 1.0,
          "y": 1.0,
          "z": 1.0
        },
        "matrix_basis": [
          [
            0.8122788667678833,
            -0.5760042071342468,
            -0.09177243709564209,
            0.0
          ],
          [
            0.45285868644714355,
            0.7219697833061218,
            -0.5231430530548096,
            0.0
          ],
          [
            0.3675895035266876,
            0.38337811827659607,
            0.8472893238067627,
            0.0
          ],
          [
            0.0,
            0.0,
            0.0,
            1.0
          ]
        ],
        "rotation_mode": "QUATERNION"
      },
      "armature_space": {
        "head": {
          "x": 0.2733336389064789,
          "y": -0.23114870488643646,
          "z": 0.5773785710334778
        },
        "tail": {
          "x": 0.18427449464797974,
          "y": -0.40560439229011536,
          "z": 0.7595966458320618
        }
      },
      "world_space": {
        "head": {
          "x": 0.2733336389064789,
          "y": -0.16790470480918884,
          "z": 1.5272326469421387
        },
        "tail": {
          "x": 0.18427449464797974,
          "y": -0.34236037731170654,
          "z": 1.7094507217407227
        },
        "rotation_quaternion": {
          "w": 0.1773988902568817,
          "x": 0.708518922328949,
          "y": -0.3774564564228058,
          "z": -0.5692603588104248
        },
        "matrix": [
          [
            0.06693857908248901,
            -0.33290088176727295,
            -0.9405829310417175,
            0.2733336389064789
          ],
          [
            -0.7368430495262146,
            -0.6521111130714417,
            0.1783629059791565,
            -0.16790470480918884
          ],
          [
            -0.6727470755577087,
            0.6811266541481018,
            -0.28894883394241333,
            1.5272326469421387
          ],
          [
            0.0,
            0.0,
            0.0,
            1.0
          ]
        ]
      },
      "bone_length_armature_space": 0.2675252239114289,
      "parent": "upperarm_l",
      "has_children": true,
      "is_end_bone": false
    },
    "metacarpal_thumb_l": {
      "name": "metacarpal_thumb_l",
      "local": {
        "location": {
          "x": 0.0,
          "y": 0.0,
          "z": 0.0
        },
        "rotation_quaternion": {
          "w": 0.9987603425979614,
          "x": 0.04918058589100838,
          "y": 0.007190510164946318,
          "z": 0.002745825331658125
        },
        "scale": {
          "x": 1.0,
          "y": 1.0,
          "z": 1.0
        },
        "matrix_basis": [
          [
            0.9998815059661865,
            -0.004777575843036175,
            0.01463327556848526,
            0.0
          ],
          [
            0.006192110013216734,
            0.9951474666595459,
            -0.0981997475028038,
            0.0
          ],
          [
            -0.014093110337853432,
            0.0982787236571312,
            0.9950591325759888,
            0.0
          ],
          [
            0.0,
            0.0,
            0.0,
            1.0
          ]
        ],
        "rotation_mode": "QUATERNION"
      },
      "armature_space": {
        "head": {
          "x": 0.18427449464797974,
          "y": -0.40560439229011536,
          "z": 0.7595966458320618
        },
        "tail": {
          "x": 0.14541272819042206,
          "y": -0.43522214889526367,
          "z": 0.7677289843559265
        }
      },
      "world_space": {
        "head": {
          "x": 0.18427449464797974,
          "y": -0.34236037731170654,
          "z": 1.7094507217407227
        },
        "tail": {
          "x": 0.14541272819042206,
          "y": -0.37197816371917725,
          "z": 1.7175829410552979
        },
        "rotation_quaternion": {
          "w": 0.21145378053188324,
          "x": 0.857836127281189,
          "y": -0.3953740894794464,
          "z": 0.2511650621891022
        },
        "matrix": [
          [
            0.5611906051635742,
            -0.7845525145530701,
            0.2637089490890503,
            0.18427449464797974
          ],
          [
            -0.5721128582954407,
            -0.5979320406913757,
            -0.5613945722579956,
            -0.34236037731170654
          ],
          [
            0.5981271266937256,
            0.16417858004570007,
            -0.7844124436378479,
            1.7094507217407227
          ],
          [
            0.0,
            0.0,
            0.0,
            1.0
          ]
        ]
      },
      "bone_length_armature_space": 0.04953365847347567,
      "parent": "lowerarm_l",
      "has_children": true,
      "is_end_bone": false
    },
    "thumb_01_l": {
      "name": "thumb_01_l",
      "local": {
        "location": {
          "x": 0.0,
          "y": 0.0,
          "z": 0.0
        },
        "rotation_quaternion": {
          "w": 0.9971187114715576,
          "x": -0.0744674876332283,
          "y": 0.00726797990500927,
          "z": -0.012495197355747223
        },
        "scale": {
          "x": 1.0,
          "y": 1.0,
          "z": 1.0
        },
        "matrix_basis": [
          [
            0.9995821118354797,
            0.023835932835936546,
            0.01635504886507988,
            0.0
          ],
          [
            -0.026000846177339554,
            0.9885969161987305,
            0.14832422137260437,
            0.0
          ],
          [
            -0.012633105739951134,
            -0.148687481880188,
            0.9888035655021667,
            0.0
          ],
          [
            0.0,
            0.0,
            0.0,
            1.0
          ]
        ],
        "rotation_mode": "QUATERNION"
      },
      "armature_space": {
        "head": {
          "x": 0.14541272819042206,
          "y": -0.43522214889526367,
          "z": 0.7677289843559265
        },
        "tail": {
          "x": 0.12905347347259521,
          "y": -0.45685940980911255,
          "z": 0.7471660375595093
        }
      },
      "world_space": {
        "head": {
          "x": 0.14541272819042206,
          "y": -0.37197816371917725,
          "z": 1.7175829410552979
        },
        "tail": {
          "x": 0.12905347347259521,
          "y": -0.3936154246330261,
          "z": 1.6970200538635254
        },
        "rotation_quaternion": {
          "w": 0.12952613830566406,
          "x": 0.32170507311820984,
          "y": -0.40668028593063354,
          "z": 0.8451864123344421
        },
        "matrix": [
          [
            -0.7594582438468933,
            -0.48060938715934753,
            0.43844929337501526,
            0.14541272819042206
          ],
          [
            -0.04271302744746208,
            -0.6356692314147949,
            -0.7707789540290833,
            -0.37197816371917725
          ],
          [
            0.6491566300392151,
            -0.6041067838668823,
            0.4622384309768677,
            1.7175829410552979
          ],
          [
            0.0,
            0.0,
            0.0,
            1.0
          ]
        ]
      },
      "bone_length_armature_space": 0.034038669603476825,
      "parent": "metacarpal_thumb_l",
      "has_children": true,
      "is_end_bone": false
    },
    "thumb_02_l": {
      "name": "thumb_02_l",
      "local": {
        "location": {
          "x": 0.0,
          "y": 0.0,
          "z": 0.0
        },
        "rotation_quaternion": {
          "w": 0.9974532127380371,
          "x": 0.07123357057571411,
          "y": -0.0015450685750693083,
          "z": 0.003256161231547594
        },
        "scale": {
          "x": 1.0,
          "y": 1.0,
          "z": 1.0
        },
        "matrix_basis": [
          [
            0.9999740123748779,
            -0.006715858355164528,
            -0.0026183712761849165,
            0.0
          ],
          [
            0.006275615654885769,
            0.9898303747177124,
            -0.14211437106132507,
            0.0
          ],
          [
            0.0035461632069200277,
            0.14209423959255219,
            0.9898467659950256,
            0.0
          ],
          [
            0.0,
            0.0,
            0.0,
            1.0
          ]
        ],
        "rotation_mode": "QUATERNION"
      },
      "armature_space": {
        "head": {
          "x": 0.1290534883737564,
          "y": -0.45685938000679016,
          "z": 0.7471660375595093
        },
        "tail": {
          "x": 0.11361615359783173,
          "y": -0.4876684546470642,
          "z": 0.7677978873252869
        }
      },
      "world_space": {
        "head": {
          "x": 0.1290534883737564,
          "y": -0.39361536502838135,
          "z": 1.6970200538635254
        },
        "tail": {
          "x": 0.11361615359783173,
          "y": -0.4244244694709778,
          "z": 1.7176518440246582
        },
        "rotation_quaternion": {
          "w": 0.2540324330329895,
          "x": 0.18419881165027618,
          "y": 0.2278822511434555,
          "z": 0.9217418432235718
        },
        "matrix": [
          [
            -0.8030763268470764,
            -0.3843536674976349,
            0.4553466737270355,
            0.1290534883737564
          ],
          [
            0.5522563457489014,
            -0.7670741677284241,
            0.32651185989379883,
            -0.39361536502838135
          ],
          [
            0.22379061579704285,
            0.5136848092079163,
            0.8282869458198547,
            1.6970200538635254
          ],
          [
            0.0,
            0.0,
            0.0,
            1.0
          ]
        ]
      },
      "bone_length_armature_space": 0.040164457128507344,
      "parent": "thumb_01_l",
      "has_children": true,
      "is_end_bone": false
    },
    "thumb_03_l": {
      "name": "thumb_03_l",
      "local": {
        "location": {
          "x": 0.0,
          "y": 0.0,
          "z": 0.0
        },
        "rotation_quaternion": {
          "w": 0.9975408315658569,
          "x": 0.07007356733083725,
          "y": -0.0001483764499425888,
          "z": 0.0014219542499631643
        },
        "scale": {
          "x": 1.0,
          "y": 1.0,
          "z": 1.0
        },
        "matrix_basis": [
          [
            0.9999958872795105,
            -0.002857709303498268,
            -9.674031753093004e-05,
            0.0
          ],
          [
            0.002816120395436883,
            0.9901753664016724,
            -0.13980291783809662,
            0.0
          ],
          [
            0.00049530592514202,
            0.13980206847190857,
            0.9901793599128723,
            0.0
          ],
          [
            0.0,
            0.0,
            0.0,
            1.0
          ]
        ],
        "rotation_mode": "QUATERNION"
      },
      "armature_space": {
        "head": {
          "x": 0.11361609399318695,
          "y": -0.4876684248447418,
          "z": 0.7677978277206421
        },
        "tail": {
          "x": 0.11106278002262115,
          "y": -0.506862998008728,
          "z": 0.791291356086731
        }
      },
      "world_space": {
        "head": {
          "x": 0.11361609399318695,
          "y": -0.424424409866333,
          "z": 1.7176518440246582
        },
        "tail": {
          "x": 0.11106278002262115,
          "y": -0.4436190128326416,
          "z": 1.741145372390747
        },
        "rotation_quaternion": {
          "w": 0.078519307076931,
          "x": 0.06805400550365448,
          "y": 0.42261022329330444,
          "z": 0.9003356099128723
        },
        "matrix": [
          [
            -0.9784066677093506,
            -0.08386682718992233,
            0.1889091432094574,
            0.11361609399318695
          ],
          [
            0.19890832901000977,
            -0.6304702162742615,
            0.7502949833869934,
            -0.424424409866333
          ],
          [
            0.056177202612161636,
            0.7716739177703857,
            0.6335433125495911,
            1.7176518440246582
          ],
          [
            0.0,
            0.0,
            0.0,
            1.0
          ]
        ]
      },
      "bone_length_armature_space": 0.03044498215438967,
      "parent": "thumb_02_l",
      "has_children": false,
      "is_end_bone": true
    },
    "metacarpal_index_l": {
      "name": "metacarpal_index_l",
      "local": {
        "location": {
          "x": 0.0,
          "y": 0.0,
          "z": 0.0
        },
        "rotation_quaternion": {
          "w": 0.9996660947799683,
          "x": 0.0187019445002079,
          "y": -0.014605396427214146,
          "z": 0.010231787338852882
        },
        "scale": {
          "x": 1.0,
          "y": 1.0,
          "z": 1.0
        },
        "matrix_basis": [
          [
            0.9993639588356018,
            -0.021003039553761482,
            -0.02881832979619503,
            0.0
          ],
          [
            0.01991044357419014,
            0.9990910887718201,
            -0.03769027814269066,
            0.0
          ],
          [
            0.029583748430013657,
            0.03709252178668976,
            0.9988738298416138,
            0.0
          ],
          [
            0.0,
            0.0,
            0.0,
            1.0
          ]
        ],
        "rotation_mode": "QUATERNION"
      },
      "armature_space": {
        "head": {
          "x": 0.18427449464797974,
          "y": -0.40560439229011536,
          "z": 0.7595966458320618
        },
        "tail": {
          "x": 0.11061153560876846,
          "y": -0.47598662972450256,
          "z": 0.8174703121185303
        }
      },
      "world_space": {
        "head": {
          "x": 0.18427449464797974,
          "y": -0.34236037731170654,
          "z": 1.7094507217407227
        },
        "tail": {
          "x": 0.11061153560876846,
          "y": -0.41274261474609375,
          "z": 1.7673243284225464
        },
        "rotation_quaternion": {
          "w": 0.2278139442205429,
          "x": 0.8869587182998657,
          "y": -0.3843991160392761,
          "z": -0.1168002262711525
        },
        "matrix": [
          [
            0.6771894693374634,
            -0.6286751627922058,
            -0.3823375105857849,
            0.18427449464797974
          ],
          [
            -0.7351102828979492,
            -0.6006758809089661,
            -0.31432682275772095,
            -0.34236037731170654
          ],
          [
            -0.03205246478319168,
            0.49392175674438477,
            -0.8689231276512146,
            1.7094507217407227
          ],
          [
            0.0,
            0.0,
            0.0,
            1.0
          ]
        ]
      },
      "bone_length_armature_space": 0.11717188949720947,
      "parent": "lowerarm_l",
      "has_children": true,
      "is_end_bone": false
    },
    "index_01_l": {
      "name": "index_01_l",
      "local": {
        "location": {
          "x": 0.0,
          "y": 0.0,
          "z": 0.0
        },
        "rotation_quaternion": {
          "w": 0.9953538179397583,
          "x": -0.09567027539014816,
          "y": 0.007582113146781921,
          "z": 0.007782578468322754
        },
        "scale": {
          "x": 1.0,
          "y": 1.0,
          "z": 1.0
        },
        "matrix_basis": [
          [
            0.9997639060020447,
            -0.01694360375404358,
            0.013604647479951382,
            0.0
          ],
          [
            0.014042072929441929,
            0.9815732836723328,
            0.19056956470012665,
            0.0
          ],
          [
            -0.016582893207669258,
            -0.1903335303068161,
            0.9815794229507446,
            0.0
          ],
          [
            0.0,
            0.0,
            0.0,
            1.0
          ]
        ],
        "rotation_mode": "QUATERNION"
      },
      "armature_space": {
        "head": {
          "x": 0.11061153560876846,
          "y": -0.47598662972450256,
          "z": 0.8174703121185303
        },
        "tail": {
          "x": 0.10405010730028152,
          "y": -0.4949801564216614,
          "z": 0.8377006649971008
        }
      },
      "world_space": {
        "head": {
          "x": 0.11061153560876846,
          "y": -0.41274261474609375,
          "z": 1.7673243284225464
        },
        "tail": {
          "x": 0.10405010730028152,
          "y": -0.43173617124557495,
          "z": 1.7875547409057617
        },
        "rotation_quaternion": {
          "w": 0.35731396079063416,
          "x": 0.8958126306533813,
          "y": -0.1981782466173172,
          "z": -0.1748487502336502
        },
        "matrix": [
          [
            0.860306441783905,
            -0.23010963201522827,
            -0.4548872411251068,
            0.11061153560876846
          ],
          [
            -0.48001328110694885,
            -0.6661041378974915,
            -0.5708701014518738,
            -0.41274261474609375
          ],
          [
            -0.17164121568202972,
            0.7094792127609253,
            -0.6835144758224487,
            1.7673243284225464
          ],
          [
            0.0,
            0.0,
            0.0,
            1.0
          ]
        ]
      },
      "bone_length_armature_space": 0.028514444992434534,
      "parent": "metacarpal_index_l",
      "has_children": true,
      "is_end_bone": false
    },
    "index_02_l": {
      "name": "index_02_l",
      "local": {
        "location": {
          "x": 0.0,
          "y": 0.0,
          "z": 0.0
        },
        "rotation_quaternion": {
          "w": 0.9999001622200012,
          "x": 0.013072943314909935,
          "y": 0.005227645859122276,
          "z": 0.001267238869331777
        },
        "scale": {
          "x": 1.0,
          "y": 1.0,
          "z": 1.0
        },
        "matrix_basis": [
          [
            0.9999421238899231,
            -0.0023975432850420475,
            0.010487381368875504,
            0.0
          ],
          [
            0.002670906251296401,
            0.99965500831604,
            -0.02613002620637417,
            0.0
          ],
          [
            -0.010421114973723888,
            0.026156526058912277,
            0.9996035695075989,
            0.0
          ],
          [
            0.0,
            0.0,
            0.0,
            1.0
          ]
        ],
        "rotation_mode": "QUATERNION"
      },
      "armature_space": {
        "head": {
          "x": 0.1040496677160263,
          "y": -0.49498048424720764,
          "z": 0.8377007246017456
        },
        "tail": {
          "x": 0.0988454669713974,
          "y": -0.512267529964447,
          "z": 0.8559262156486511
        }
      },
      "world_space": {
        "head": {
          "x": 0.1040496677160263,
          "y": -0.43173646926879883,
          "z": 1.7875547409057617
        },
        "tail": {
          "x": 0.0988454669713974,
          "y": -0.4490235447883606,
          "z": 1.8057801723480225
        },
        "rotation_quaternion": {
          "w": 0.3535144329071045,
          "x": 0.8915183544158936,
          "y": -0.19516810774803162,
          "z": -0.2052610069513321
        },
        "matrix": [
          [
            0.839554488658905,
            -0.20286686718463898,
            -0.5039774179458618,
            0.1040496677160263
          ],
          [
            -0.49311771988868713,
            -0.673873782157898,
            -0.550208330154419,
            -0.43173646926879883
          ],
          [
            -0.22800014913082123,
            0.7104541063308716,
            -0.6657961010932922,
            1.7875547409057617
          ],
          [
            0.0,
            0.0,
            0.0,
            1.0
          ]
        ]
      },
      "bone_length_armature_space": 0.025653346457590223,
      "parent": "index_01_l",
      "has_children": true,
      "is_end_bone": false
    },
    "index_03_l": {
      "name": "index_03_l",
      "local": {
        "location": {
          "x": 0.0,
          "y": 0.0,
          "z": 0.0
        },
        "rotation_quaternion": {
          "w": 0.9973698258399963,
          "x": 0.07199253141880035,
          "y": 0.004261217080056667,
          "z": -0.007239388767629862
        },
        "scale": {
          "x": 1.0,
          "y": 1.0,
          "z": 1.0
        },
        "matrix_basis": [
          [
            0.9998588562011719,
            0.015054247342050076,
            0.007457654923200607,
            0.0
          ],
          [
            -0.013827144168317318,
            0.9895293116569519,
            -0.1436680555343628,
            0.0
          ],
          [
            -0.009542382322251797,
            0.14354465901851654,
            0.9895978569984436,
            0.0
          ],
          [
            0.0,
            0.0,
            0.0,
            1.0
          ]
        ],
        "rotation_mode": "QUATERNION"
      },
      "armature_space": {
        "head": {
          "x": 0.09884552657604218,
          "y": -0.5122674107551575,
          "z": 0.8559263348579407
        },
        "tail": {
          "x": 0.09255456924438477,
          "y": -0.5366257429122925,
          "z": 0.8707866072654724
        }
      },
      "world_space": {
        "head": {
          "x": 0.09884552657604218,
          "y": -0.44902342557907104,
          "z": 1.8057804107666016
        },
        "tail": {
          "x": 0.09255456924438477,
          "y": -0.47338175773620605,
          "z": 1.8206405639648438
        },
        "rotation_quaternion": {
          "w": 0.24199669063091278,
          "x": 0.9429415464401245,
          "y": -0.15687280893325806,
          "z": -0.1664029359817505
        },
        "matrix": [
          [
            0.8954018950462341,
            -0.21530604362487793,
            -0.3897419273853302,
            0.09884552657604218
          ],
          [
            -0.37638187408447266,
            -0.8336570262908936,
            -0.4041692614555359,
            -0.44902342557907104
          ],
          [
            -0.23789295554161072,
            0.5085881352424622,
            -0.8275012969970703,
            1.8057804107666016
          ],
          [
            0.0,
            0.0,
            0.0,
            1.0
          ]
        ]
      },
      "bone_length_armature_space": 0.029218695557321733,
      "parent": "index_02_l",
      "has_children": false,
      "is_end_bone": true
    },
    "metacarpal_pinky_l": {
      "name": "metacarpal_pinky_l",
      "local": {
        "location": {
          "x": 0.0,
          "y": 0.0,
          "z": 0.0
        },
        "rotation_quaternion": {
          "w": 0.9998471736907959,
          "x": 0.009404326789081097,
          "y": -0.013549597933888435,
          "z": -0.005805836990475655
        },
        "scale": {
          "x": 1.0,
          "y": 1.0,
          "z": 1.0
        },
        "matrix_basis": [
          [
            0.9995654225349426,
            0.011355049908161163,
            -0.027204254642128944,
            0.0
          ],
          [
            -0.011864748783409595,
            0.9997556805610657,
            -0.01864844560623169,
            0.0
          ],
          [
            0.026985853910446167,
            0.01896311342716217,
            0.9994559288024902,
            0.0
          ],
          [
            0.0,
            0.0,
            0.0,
            1.0
          ]
        ],
        "rotation_mode": "QUATERNION"
      },
      "armature_space": {
        "head": {
          "x": 0.18427449464797974,
          "y": -0.40560439229011536,
          "z": 0.7595966458320618
        },
        "tail": {
          "x": 0.17925824224948883,
          "y": -0.4752182364463806,
          "z": 0.8368756175041199
        }
      },
      "world_space": {
        "head": {
          "x": 0.18427449464797974,
          "y": -0.34236037731170654,
          "z": 1.7094507217407227
        },
        "tail": {
          "x": 0.17925824224948883,
          "y": -0.4119742512702942,
          "z": 1.7867295742034912
        },
        "rotation_quaternion": {
          "w": 0.0412675179541111,
          "x": 0.1512516438961029,
          "y": -0.40501266717910767,
          "z": -0.9007689952850342
        },
        "matrix": [
          [
            -0.9508399963378906,
            -0.048172589391469955,
            -0.30591297149658203,
            0.18427449464797974
          ],
          [
            -0.19686251878738403,
            -0.6685231924057007,
            0.7171623110771179,
            -0.34236037731170654
          ],
          [
            -0.2390592396259308,
            0.7421337962150574,
            0.6261802911758423,
            1.7094507217407227
          ],
          [
            0.0,
            0.0,
            0.0,
            1.0
          ]
        ]
      },
      "bone_length_armature_space": 0.10413111638418988,
      "parent": "lowerarm_l",
      "has_children": true,
      "is_end_bone": false
    },
    "pinky_01_l": {
      "name": "pinky_01_l",
      "local": {
        "location": {
          "x": 0.0,
          "y": 0.0,
          "z": 0.0
        },
        "rotation_quaternion": {
          "w": 0.9928364753723145,
          "x": -0.11931270360946655,
          "y": -0.0005395420594140887,
          "z": 0.006321882829070091
        },
        "scale": {
          "x": 1.0,
          "y": 1.0,
          "z": 1.0
        },
        "matrix_basis": [
          [
            0.9999194741249084,
            -0.012424442917108536,
            -0.0025799160357564688,
            0.0
          ],
          [
            0.012681940570473671,
            0.9714490175247192,
            0.2369091808795929,
            0.0
          ],
          [
            -0.00043720778194256127,
            -0.23692283034324646,
            0.9715283513069153,
            0.0
          ],
          [
            0.0,
            0.0,
            0.0,
            1.0
          ]
        ],
        "rotation_mode": "QUATERNION"
      },
      "armature_space": {
        "head": {
          "x": 0.17925824224948883,
          "y": -0.4752182364463806,
