{
  "metadata": {
    "armature_name": "KIM_caucasian_male",
    "export_time": "2026-01-13T21:04:24.600056",
    "blender_version": "4.4.1",
    "bone_count": 56,
    "end_bone_count": 13,
    "spaces_included": [
      "LOCAL_CHANNELS",
      "ARMATURE_SPACE",
      "WORLD_SPACE"
    ],
    "note": "LOCAL matches Transform panel; replay pose via local.matrix_basis for best fidelity."
  },
  "bones": {
    "Root": {
      "name": "Root",
      "local": {
        "location": {
          "x": 0.0,
          "y": 0.0,
          "z": 0.0
        },
        "rotation_quaternion": {
          "w": 0.9997826814651489,
          "x": -0.010990913957357407,
          "y": 0.015091459266841412,
          "z": 0.009276870638132095
        },
        "scale": {
          "x": 1.0,
          "y": 1.0,
          "z": 1.0
        },
        "matrix_basis": [
          [
            0.9993723630905151,
            -0.01888144761323929,
            0.029972435906529427,
            0.0
          ],
          [
            0.018217971548438072,
            0.999586284160614,
            0.02225705422461033,
            0.0
          ],
          [
            -0.030380282551050186,
            -0.021697048097848892,
            0.9993029236793518,
            0.0
          ],
          [
            0.0,
            0.0,
            0.0,
            1.0
          ]
        ],
        "rotation_mode": "QUATERNION"
      },
      "armature_space": {
        "head": {
          "x": 0.0,
          "y": 0.07072800397872925,
          "z": -0.009595036506652832
        },
        "tail": {
          "x": -0.0013476797612383962,
          "y": 0.0002374500036239624,
          "z": 0.0015306305140256882
        }
      },
      "world_space": {
        "head": {
          "x": 0.0,
          "y": 0.13397200405597687,
          "z": 0.9402589797973633
        },
        "tail": {
          "x": -0.0013476797612383962,
          "y": 0.06348145008087158,
          "z": 0.9513846635818481
        },
        "rotation_quaternion": {
          "w": 0.07831896096467972,
          "x": 0.996770977973938,
          "y": -0.008239115588366985,
          "z": 0.01568213850259781
        },
        "matrix": [
          [
            0.9993723630905151,
            -0.01888144761323929,
            0.029972435906529427,
            0.0
          ],
          [
            -0.01396859809756279,
            -0.9875964522361755,
            -0.15639100968837738,
            0.13397200405597687
          ],
          [
            0.0325537770986557,
            0.1558743417263031,
            -0.9872474074363708,
            0.9402589797973633
          ],
          [
            0.0,
            0.0,
            0.0,
            1.0
          ]
        ]
      },
      "bone_length_armature_space": 0.07137587199544464,
      "parent": null,
      "has_children": true,
      "is_end_bone": false
    },
    "spine_01": {
      "name": "spine_01",
      "local": {
        "location": {
          "x": 0.0,
          "y": 0.0,
          "z": 0.0
        },
        "rotation_quaternion": {
          "w": 0.9949389696121216,
          "x": 0.07445168495178223,
          "y": -0.0009745507268235087,
          "z": 0.06747159361839294
        },
        "scale": {
          "x": 1.0,
          "y": 1.0,
          "z": 1.0
        },
        "matrix_basis": [
          [
            0.9908932447433472,
            -0.13440534472465515,
            0.008107510395348072,
            0.0
          ],
          [
            0.13411511480808258,
            0.979809045791626,
            -0.1482812762260437,
            0.0
          ],
          [
            0.01198598463088274,
            0.1480182558298111,
            0.9889119863510132,
            0.0
          ],
          [
            0.0,
            0.0,
            0.0,
            1.0
          ]
        ],
        "rotation_mode": "QUATERNION"
      },
      "armature_space": {
        "head": {
          "x": -0.0013476797612383962,
          "y": 0.0002374500036239624,
          "z": 0.0015306305140256882
        },
        "tail": {
          "x": -0.08313450962305069,
          "y": -0.0379529669880867,
          "z": 0.48111456632614136
        }
      },
      "world_space": {
        "head": {
          "x": -0.0013476797612383962,
          "y": 0.06348145008087158,
          "z": 0.9513846635818481
        },
        "tail": {
          "x": -0.08313450962305069,
          "y": 0.02529103308916092,
          "z": 1.4309685230255127
        },
        "rotation_quaternion": {
          "w": 0.6759557723999023,
          "x": 0.7321264743804932,
          "y": -0.06288211792707443,
          "z": 0.05586174502968788
        },
        "matrix": [
          [
            0.9858505725860596,
            -0.1675955355167389,
            -0.0032164612784981728,
            -0.0013476797612383962
          ],
          [
            -0.01655624993145466,
            -0.07825885713100433,
            -0.9967955946922302,
            0.06348145008087158
          ],
          [
            0.16680793464183807,
            0.9827515482902527,
            -0.07992777228355408,
            0.9513846635818481
          ],
          [
            0.0,
            0.0,
            0.0,
            1.0
          ]
        ]
      },
      "bone_length_armature_space": 0.4880044643786793,
      "parent": "Root",
      "has_children": true,
      "is_end_bone": false
    },
    "neck_01": {
      "name": "neck_01",
      "local": {
        "location": {
          "x": 0.0,
          "y": 0.0,
          "z": 0.0
        },
        "rotation_quaternion": {
          "w": 0.997685432434082,
          "x": 0.010841140523552895,
          "y": 0.006064447574317455,
          "z": 0.06685392558574677
        },
        "scale": {
          "x": 1.0,
          "y": 1.0,
          "z": 1.0
        },
        "matrix_basis": [
          [
            0.9909875392913818,
            -0.133266881108284,
            0.013550367206335068,
            0.0
          ],
          [
            0.1335298717021942,
            0.9908260703086853,
            -0.020821232348680496,
            0.0
          ],
          [
            -0.01065127644687891,
            0.022442961111664772,
            0.999691367149353,
            0.0
          ],
          [
            0.0,
            0.0,
            0.0,
            1.0
          ]
        ],
        "rotation_mode": "QUATERNION"
      },
      "armature_space": {
        "head": {
          "x": -0.09551714360713959,
          "y": -0.07825227081775665,
          "z": 0.5502982139587402
        },
        "tail": {
          "x": -0.12472449243068695,
          "y": -0.1258784830570221,
          "z": 0.6362597942352295
        }
      },
      "world_space": {
        "head": {
          "x": -0.09551714360713959,
          "y": -0.015008270740509033,
          "z": 1.5001522302627563
        },
        "tail": {
          "x": -0.12472449243068695,
          "y": -0.06263448297977448,
          "z": 1.5861138105392456
        },
        "rotation_quaternion": {
          "w": 0.5068405866622925,
          "x": 0.8490588665008545,
          "y": -0.10410516709089279,
          "z": 0.10664837062358856
        },
        "matrix": [
          [
            0.955576479434967,
            -0.28489047288894653,
            0.07557079941034317,
            -0.09551714360713959
          ],
          [
            -0.06867650896310806,
            -0.4645492136478424,
            -0.882880449295044,
            -0.015008270740509033
          ],
          [
            0.2866324782371521,
            0.8384751677513123,
            -0.4634816646575928,
            1.5001522302627563
          ],
          [
            0.0,
            0.0,
            0.0,
            1.0
          ]
        ]
      },
      "bone_length_armature_space": 0.10252179556740869,
      "parent": "spine_01",
      "has_children": true,
      "is_end_bone": false
    },
    "head": {
      "name": "head",
      "local": {
        "location": {
          "x": 0.0,
          "y": 0.0,
          "z": 0.0
        },
        "rotation_quaternion": {
          "w": 0.9681594967842102,
          "x": -0.12752805650234222,
          "y": -0.06824466586112976,
          "z": -0.20431941747665405
        },
        "scale": {
          "x": 1.0,
          "y": 1.0,
          "z": 1.0
        },
        "matrix_basis": [
          [
            0.9071924686431885,
            0.41303378343582153,
            -0.08003052324056625,
            0.0
          ],
          [
            -0.3782213628292084,
            0.8839803338050842,
            0.2748224139213562,
            0.0
          ],
          [
            0.18425635993480682,
            -0.21904757618904114,
            0.9581584930419922,
            0.0
          ],
          [
            0.0,
            0.0,
            0.0,
            1.0
          ]
        ],
        "rotation_mode": "QUATERNION"
      },
      "armature_space": {
        "head": {
          "x": -0.12472446262836456,
          "y": -0.12587857246398926,
          "z": 0.6362596750259399
        },
        "tail": {
          "x": -0.10257221758365631,
          "y": -0.11242993175983429,
          "z": 0.789170503616333
        }
      },
      "world_space": {
        "head": {
          "x": -0.12472446262836456,
          "y": -0.06263457238674164,
          "z": 1.586113691329956
        },
        "tail": {
          "x": -0.10257221758365631,
          "y": -0.04918593168258667,
          "z": 1.7390245199203491
        },
        "rotation_quaternion": {
          "w": 0.7367627024650574,
          "x": 0.6653923392295837,
          "y": -0.02319333702325821,
          "z": -0.11788050085306168
        },
        "matrix": [
          [
            0.9711323380470276,
            0.1428345888853073,
            -0.19105049967765808,
            -0.12472446262836456
          ],
          [
            -0.20456627011299133,
            0.086714968085289,
            -0.9750043153762817,
            -0.06263457238674164
          ],
          [
            -0.12269853800535202,
            0.9859476089477539,
            0.1134307011961937,
            1.586113691329956
          ],
          [
            0.0,
            0.0,
            0.0,
            1.0
          ]
        ]
      },
      "bone_length_armature_space": 0.15509129288048107,
      "parent": "neck_01",
      "has_children": false,
      "is_end_bone": true
    },
    "upperarm_l": {
      "name": "upperarm_l",
      "local": {
        "location": {
          "x": 0.0,
          "y": 0.0,
          "z": 0.0
        },
        "rotation_quaternion": {
          "w": 0.9001007080078125,
          "x": 0.09624670445919037,
          "y": 0.41713979840278625,
          "z": 0.08093072474002838
        },
        "scale": {
          "x": 1.0,
          "y": 1.0,
          "z": 1.0
        },
        "matrix_basis": [
          [
            0.6388891935348511,
            -0.06539494544267654,
            0.7665143013000488,
            0.0
          ],
          [
            0.2259882688522339,
            0.9683735966682434,
            -0.10574460029602051,
            0.0
          ],
          [
            -0.7353570461273193,
            0.24078230559825897,
            0.6334618926048279,
            0.0
          ],
          [
            0.0,
            0.0,
            0.0,
            1.0
          ]
        ],
        "rotation_mode": "QUATERNION"
      },
      "armature_space": {
        "head": {
          "x": 0.0636139065027237,
          "y": -0.07865501940250397,
          "z": 0.5090159773826599
        },
        "tail": {
          "x": 0.32014018297195435,
          "y": -0.13833439350128174,
          "z": 0.5584153532981873
        }
      },
      "world_space": {
        "head": {
          "x": 0.0636139065027237,
          "y": -0.015411019325256348,
          "z": 1.4588699340820312
        },
        "tail": {
          "x": 0.32014018297195435,
          "y": -0.07509039342403412,
          "z": 1.5082693099975586
        },
        "rotation_quaternion": {
          "w": 0.2412223368883133,
          "x": 0.7651892900466919,
          "y": 0.5748531222343445,
          "z": -0.16075147688388824
        },
        "matrix": [
          [
            0.28740501403808594,
            0.9572967290878296,
            0.03132639825344086,
            0.0636139065027237
          ],
          [
            0.8021897673606873,
            -0.22270961105823517,
            -0.5539785623550415,
            -0.015411019325256348
          ],
          [
            -0.5233480930328369,
            0.1843469738960266,
            -0.8319476842880249,
            1.4588699340820312
          ],
          [
            0.0,
            0.0,
            0.0,
            1.0
          ]
        ]
      },
      "bone_length_armature_space": 0.26796952565862203,
      "parent": "spine_01",
      "has_children": true,
      "is_end_bone": false
    },
    "lowerarm_l": {
      "name": "lowerarm_l",
      "local": {
        "location": {
          "x": 0.0,
          "y": 0.0,
          "z": 0.0
        },
        "rotation_quaternion": {
          "w": 0.9055109024047852,
          "x": 0.3213913142681122,
          "y": 0.1276336908340454,
          "z": -0.2459009438753128
        },
        "scale": {
          "x": 1.0,
          "y": 1.0,
          "z": 1.0
        },
        "matrix_basis": [
          [
            0.8464847207069397,
            0.5273727178573608,
            0.07308654487133026,
            0.0
          ],
          [
            -0.36329126358032227,
            0.6724807024002075,
            -0.6448171734809875,
            0.0
          ],
          [
            -0.38920825719833374,
            0.5192762017250061,
            0.7608345150947571,
            0.0
          ],
          [
            0.0,
            0.0,
            0.0,
            1.0
          ]
        ],
        "rotation_mode": "QUATERNION"
      },
      "armature_space": {
        "head": {
          "x": 0.3201402425765991,
          "y": -0.13833454251289368,
          "z": 0.5584153532981873
        },
        "tail": {
          "x": 0.5180484056472778,
          "y": -0.18789440393447876,
          "z": 0.38536638021469116
        }
      },
      "world_space": {
        "head": {
          "x": 0.3201402425765991,
          "y": -0.07509054243564606,
          "z": 1.5082693099975586
        },
        "tail": {
          "x": 0.5180484056472778,
          "y": -0.12465040385723114,
          "z": 1.3352203369140625
        },
        "rotation_quaternion": {
          "w": 0.16052046418190002,
          "x": -0.6883416771888733,
          "y": -0.6177423596382141,
          "z": 0.34469300508499146
        },
        "matrix": [
          [
            -0.0008408986032009125,
            0.7397759556770325,
            -0.6728525757789612,
            0.3201402425765991
          ],
          [
            0.961095929145813,
            -0.18525353074073792,
            -0.2048805058002472,
            -0.07509054243564606
          ],
          [
            -0.27621498703956604,
            -0.6468528509140015,
            -0.7108449935913086,
            1.5082693099975586
          ],
          [
            0.0,
            0.0,
            0.0,
            1.0
          ]
        ]
      },
      "bone_length_armature_space": 0.267525269167694,
      "parent": "upperarm_l",
      "has_children": true,
      "is_end_bone": false
    },
    "metacarpal_thumb_l": {
      "name": "metacarpal_thumb_l",
      "local": {
        "location": {
          "x": 0.0,
          "y": 0.0,
          "z": 0.0
        },
        "rotation_quaternion": {
          "w": 0.9996629953384399,
          "x": -0.011732695624232292,
          "y": -0.022417115047574043,
          "z": 0.005818529985845089
        },
        "scale": {
          "x": 1.0,
          "y": 1.0,
          "z": 1.0
        },
        "matrix_basis": [
          [
            0.9989272356033325,
            -0.011107112281024456,
            -0.04495565593242645,
            0.0
          ],
          [
            0.012159164994955063,
            0.9996569752693176,
            0.023196613416075706,
            0.0
          ],
          [
            0.044682588428258896,
            -0.023718353360891342,
            0.9987196326255798,
            0.0
          ],
          [
            0.0,
            0.0,
            0.0,
            1.0
          ]
        ],
        "rotation_mode": "QUATERNION"
      },
      "armature_space": {
        "head": {
          "x": 0.5180484056472778,
          "y": -0.18789440393447876,
          "z": 0.38536638021469116
        },
        "tail": {
          "x": 0.5269032716751099,
          "y": -0.19363446533679962,
          "z": 0.3369694948196411
        }
      },
      "world_space": {
        "head": {
          "x": 0.5180484056472778,
          "y": -0.12465040385723114,
          "z": 1.3352203369140625
        },
        "tail": {
          "x": 0.5269032716751099,
          "y": -0.130390465259552,
          "z": 1.2868235111236572
        },
        "rotation_quaternion": {
          "w": 0.6547597646713257,
          "x": -0.746939480304718,
          "y": -0.11553744971752167,
          "z": -0.004708465188741684
        },
        "matrix": [
          [
            0.9732576012611389,
            0.17876477539539337,
            -0.14426571130752563,
            0.5180484056472778
          ],
          [
            0.1664343625307083,
            -0.11588194966316223,
            0.9792196750640869,
            -0.12465040385723114
          ],
          [
            0.15833348035812378,
            -0.9770505428314209,
            -0.14253567159175873,
            1.3352203369140625
          ],
          [
            0.0,
            0.0,
            0.0,
            1.0
          ]
        ]
      },
      "bone_length_armature_space": 0.049533983648292056,
      "parent": "lowerarm_l",
      "has_children": true,
      "is_end_bone": false
    },
    "thumb_01_l": {
      "name": "thumb_01_l",
      "local": {
        "location": {
          "x": 0.0,
          "y": 0.0,
          "z": 0.0
        },
        "rotation_quaternion": {
          "w": 0.999788761138916,
          "x": -0.000738760456442833,
          "y": 0.013237488456070423,
          "z": 0.01570730470120907
        },
        "scale": {
          "x": 1.0,
          "y": 1.0,
          "z": 1.0
        },
        "matrix_basis": [
          [
            0.99915611743927,
            -0.0314275324344635,
            0.026446176692843437,
            0.0
          ],
          [
            0.03138841316103935,
            0.9995054602622986,
            0.0018930593505501747,
            0.0
          ],
          [
            -0.026492591947317123,
            -0.001061358256265521,
            0.9996484518051147,
            0.0
          ],
          [
            0.0,
            0.0,
            0.0,
            1.0
          ]
        ],
        "rotation_mode": "QUATERNION"
      },
      "armature_space": {
        "head": {
          "x": 0.5269032716751099,
          "y": -0.19363446533679962,
          "z": 0.3369694948196411
        },
        "tail": {
          "x": 0.5229949951171875,
          "y": -0.17144373059272766,
          "z": 0.31145617365837097
        }
      },
      "world_space": {
        "head": {
          "x": 0.5269032716751099,
          "y": -0.130390465259552,
          "z": 1.2868235111236572
        },
        "tail": {
          "x": 0.5229949951171875,
          "y": -0.10819973051548004,
          "z": 1.2613102197647095
        },
        "rotation_quaternion": {
          "w": 0.6879134178161621,
          "x": -0.35341209173202515,
          "y": 0.5939186215400696,
          "z": -0.22166581451892853
        },
        "matrix": [
          [
            0.19625139236450195,
            -0.11481928080320358,
            0.9738078713417053,
            0.5269032716751099
          ],
          [
            -0.7247697710990906,
            0.6519287824630737,
            0.2229301929473877,
            -0.130390465259552
          ],
          [
            -0.660455048084259,
            -0.7495415210723877,
            0.04472487047314644,
            1.2868235111236572
          ],
          [
            0.0,
            0.0,
            0.0,
            1.0
          ]
        ]
      },
      "bone_length_armature_space": 0.03403869744513758,
      "parent": "metacarpal_thumb_l",
      "has_children": true,
      "is_end_bone": false
    },
    "thumb_02_l": {
      "name": "thumb_02_l",
      "local": {
        "location": {
          "x": 0.0,
          "y": 0.0,
          "z": 0.0
        },
        "rotation_quaternion": {
          "w": 0.9901737570762634,
          "x": 0.1395798623561859,
          "y": 0.008308288641273975,
          "z": -0.002101486548781395
        },
        "scale": {
          "x": 1.0,
          "y": 1.0,
          "z": 1.0
        },
        "matrix_basis": [
          [
            0.9998531341552734,
            0.006481013260781765,
            0.01586664840579033,
            0.0
          ],
          [
            -0.0018423340516164899,
            0.9610260725021362,
            -0.27645155787467957,
            0.0
          ],
          [
            -0.01703994907438755,
            0.2763817012310028,
            0.9608968496322632,
            0.0
          ],
          [
            0.0,
            0.0,
            0.0,
            1.0
          ]
        ],
        "rotation_mode": "QUATERNION"
      },
      "armature_space": {
        "head": {
          "x": 0.5229949355125427,
          "y": -0.17144373059272766,
          "z": 0.31145620346069336
        },
        "tail": {
          "x": 0.5543327927589417,
          "y": -0.1792076826095581,
          "z": 0.2875637710094452
        }
      },
      "world_space": {
        "head": {
          "x": 0.5229949355125427,
          "y": -0.10819973051548004,
          "z": 1.2613102197647095
        },
        "tail": {
          "x": 0.5543327927589417,
          "y": -0.11596368253231049,
          "z": 1.2374178171157837
        },
        "rotation_quaternion": {
          "w": 0.4898201823234558,
          "x": 0.02980293706059456,
          "y": 0.4042567312717438,
          "z": -0.7718579173088074
        },
        "matrix": [
          [
            -0.5183744430541992,
            0.7802390456199646,
            0.3500211834907532,
            0.5229949355125427
          ],
          [
            -0.7320492267608643,
            -0.19330427050590515,
            -0.6532516479492188,
            -0.10819973051548004
          ],
          [
            -0.44203537702560425,
            -0.5948657989501953,
            0.6713814735412598,
            1.2613102197647095
          ],
          [
            0.0,
            0.0,
            0.0,
            1.0
          ]
        ]
      },
      "bone_length_armature_space": 0.040164518720867085,
      "parent": "thumb_01_l",
      "has_children": true,
      "is_end_bone": false
    },
    "thumb_03_l": {
      "name": "thumb_03_l",
      "local": {
        "location": {
          "x": 0.0,
          "y": 0.0,
          "z": 0.0
        },
        "rotation_quaternion": {
          "w": 0.9981311559677124,
          "x": 0.06096206232905388,
          "y": 0.0031117908656597137,
          "z": 0.002868114970624447
        },
        "scale": {
          "x": 1.0,
          "y": 1.0,
          "z": 1.0
        },
        "matrix_basis": [
          [
            0.99996417760849,
            -0.005346107296645641,
            0.006561643444001675,
            0.0
          ],
          [
            0.006104912143200636,
            0.992550790309906,
            -0.1216784194111824,
            0.0
          ],
          [
            -0.0058622583746910095,
            0.12171411514282227,
            0.992547869682312,
            0.0
          ],
          [
            0.0,
            0.0,
            0.0,
            1.0
          ]
        ],
        "rotation_mode": "QUATERNION"
      },
      "armature_space": {
        "head": {
          "x": 0.5543327331542969,
          "y": -0.1792076677083969,
          "z": 0.2875637412071228
        },
        "tail": {
          "x": 0.5820344686508179,
          "y": -0.1895446926355362,
          "z": 0.28030750155448914
        }
      },
      "world_space": {
        "head": {
          "x": 0.5543327331542969,
          "y": -0.11596366763114929,
          "z": 1.2374176979064941
        },
        "tail": {
          "x": 0.5820344686508179,
          "y": -0.12630069255828857,
          "z": 1.2301615476608276
        },
        "rotation_quaternion": {
          "w": 0.461281955242157,
          "x": 0.30568134784698486,
          "y": 0.3427128493785858,
          "z": -0.7591612339019775
        },
        "matrix": [
          [
            -0.3875551223754883,
            0.9098970293998718,
            -0.1479468196630478,
            0.5543327331542969
          ],
          [
            -0.49085450172424316,
            -0.33953237533569336,
            -0.8023590445518494,
            -0.11596366763114929
          ],
          [
            -0.7803024053573608,
            -0.23833976686000824,
            0.5782179832458496,
            1.2374176979064941
          ],
          [
            0.0,
            0.0,
            0.0,
            1.0
          ]
        ]
      },
      "bone_length_armature_space": 0.030444921907178967,
      "parent": "thumb_02_l",
      "has_children": false,
      "is_end_bone": true
    },
    "metacarpal_index_l": {
      "name": "metacarpal_index_l",
      "local": {
        "location": {
          "x": 0.0,
          "y": 0.0,
          "z": 0.0
        },
        "rotation_quaternion": {
          "w": 0.999701738357544,
          "x": -0.02387060783803463,
          "y": 0.0021606397349387407,
          "z": -0.0047085038386285305
        },
        "scale": {
          "x": 1.0,
          "y": 1.0,
          "z": 1.0
        },
        "matrix_basis": [
          [
            0.9999462962150574,
            0.00931104738265276,
            0.004544780123978853,
            0.0
          ],
          [
            -0.009517350234091282,
            0.9988160729408264,
            0.04770663008093834,
            0.0
          ],
          [
            -0.004095200914889574,
            -0.04774732142686844,
            0.9988510608673096,
            0.0
          ],
          [
            0.0,
            0.0,
            0.0,
            1.0
          ]
        ],
        "rotation_mode": "QUATERNION"
      },
      "armature_space": {
        "head": {
          "x": 0.5180484056472778,
          "y": -0.18789440393447876,
          "z": 0.38536638021469116
        },
        "tail": {
          "x": 0.5800513029098511,
          "y": -0.2133643925189972,
          "z": 0.2892608940601349
        }
      },
      "world_space": {
        "head": {
          "x": 0.5180484056472778,
          "y": -0.12465040385723114,
          "z": 1.3352203369140625
        },
        "tail": {
          "x": 0.5800513029098511,
          "y": -0.15012039244174957,
          "z": 1.2391148805618286
        },
        "rotation_quaternion": {
          "w": 0.4897388517856598,
          "x": -0.7763998508453369,
          "y": -0.3891902565956116,
          "z": 0.07674688845872879
        },
        "matrix": [
          [
            0.6852800250053406,
            0.5291628241539001,
            -0.5003776550292969,
            0.5180484056472778
          ],
          [
            0.6795085668563843,
            -0.21737313270568848,
            0.700726330280304,
            -0.12465040385723114
          ],
          [
            0.2620321214199066,
            -0.8202105164527893,
            -0.5085349082946777,
            1.3352203369140625
          ],
          [
            0.0,
            0.0,
            0.0,
            1.0
          ]
        ]
      },
      "bone_length_armature_space": 0.11717228144930518,
      "parent": "lowerarm_l",
      "has_children": true,
      "is_end_bone": false
    },
    "index_01_l": {
      "name": "index_01_l",
      "local": {
        "location": {
          "x": 0.0,
          "y": 0.0,
          "z": 0.0
        },
        "rotation_quaternion": {
          "w": 0.9967381954193115,
          "x": -0.07915860414505005,
          "y": -0.014942705631256104,
          "z": -0.004862086847424507
        },
        "scale": {
          "x": 1.0,
          "y": 1.0,
          "z": 1.0
        },
        "matrix_basis": [
          [
            0.9995061755180359,
            0.012058142572641373,
            -0.029018178582191467,
            0.0
          ],
          [
            -0.0073267677798867226,
            0.9874205589294434,
            0.15794610977172852,
            0.0
          ],
          [
            0.030557682737708092,
            -0.1576555073261261,
            0.987021267414093,
            0.0
          ],
          [
            0.0,
            0.0,
            0.0,
            1.0
          ]
        ],
        "rotation_mode": "QUATERNION"
      },
      "armature_space": {
        "head": {
          "x": 0.5800513029098511,
          "y": -0.2133643925189972,
          "z": 0.2892608940601349
        },
        "tail": {
          "x": 0.6043398380279541,
          "y": -0.2180306315422058,
          "z": 0.2750706076622009
        }
      },
      "world_space": {
        "head": {
          "x": 0.5800513029098511,
          "y": -0.15012039244174957,
          "z": 1.2391148805618286
        },
        "tail": {
          "x": 0.6043398380279541,
          "y": -0.1547866314649582,
          "z": 1.2249245643615723
        },
        "rotation_quaternion": {
          "w": 0.38389942049980164,
          "x": -0.7584231495857239,
          "y": -0.5203824043273926,
          "z": -0.08135034143924713
        },
        "matrix": [
          [
            0.44516703486442566,
            0.8518006205558777,
            -0.27615538239479065,
            0.5800513029098511
          ],
          [
            0.7268816828727722,
            -0.1636454463005066,
            0.6669809222221375,
            -0.15012039244174957
          ],
          [
            0.5229475498199463,
            -0.4976538419723511,
            -0.6920119524002075,
            1.2391148805618286
          ],
          [
            0.0,
            0.0,
            0.0,
            1.0
          ]
        ]
      },
      "bone_length_armature_space": 0.028514399253636226,
      "parent": "metacarpal_index_l",
      "has_children": true,
      "is_end_bone": false
    },
    "index_02_l": {
      "name": "index_02_l",
      "local": {
        "location": {
          "x": 0.0,
          "y": 0.0,
          "z": 0.0
        },
        "rotation_quaternion": {
          "w": 0.9823556542396545,
          "x": 0.1867321878671646,
          "y": 0.008822822943329811,
          "z": -0.005543529521673918
        },
        "scale": {
          "x": 1.0,
          "y": 1.0,
          "z": 1.0
        },
        "matrix_basis": [
          [
            0.9997828602790833,
            0.014186445623636246,
            0.015263989567756653,
            0.0
          ],
          [
            -0.007596425246447325,
            0.9302006959915161,
            -0.3669726550579071,
            0.0
          ],
          [
            -0.019404610618948936,
            0.3667770326137543,
            0.930106520652771,
            0.0
          ],
          [
            0.0,
            0.0,
            0.0,
            1.0
          ]
        ],
        "rotation_mode": "QUATERNION"
      },
      "armature_space": {
        "head": {
          "x": 0.6043400168418884,
          "y": -0.2180306613445282,
          "z": 0.27507007122039795
        },
        "tail": {
          "x": 0.6227782964706421,
          "y": -0.2159021943807602,
          "z": 0.257361501455307
        }
      },
      "world_space": {
        "head": {
          "x": 0.6043400168418884,
          "y": -0.15478666126728058,
          "z": 1.224924087524414
        },
        "tail": {
          "x": 0.6227782964706421,
          "y": -0.15265819430351257,
          "z": 1.2072155475616455
        },
        "rotation_quaternion": {
          "w": 0.4918591380119324,
          "x": -0.6767662167549133,
          "y": -0.5473198890686035,
          "z": 0.02242986112833023
        },
        "matrix": [
          [
            0.39987248182296753,
            0.7187501192092896,
            -0.5687706470489502,
            0.6043400168418884
          ],
          [
            0.7628825902938843,
            0.08297069370746613,
            0.641191303730011,
            -0.15478666126728058
          ],
          [
            0.5080519318580627,
            -0.690304696559906,
            -0.5151472687721252,
            1.224924087524414
          ],
          [
            0.0,
            0.0,
            0.0,
            1.0
          ]
        ]
      },
      "bone_length_armature_space": 0.025653342708407953,
      "parent": "index_01_l",
      "has_children": true,
      "is_end_bone": false
    },
    "index_03_l": {
      "name": "index_03_l",
      "local": {
        "location": {
          "x": 0.0,
          "y": 0.0,
          "z": 0.0
        },
        "rotation_quaternion": {
          "w": 0.9773772954940796,
          "x": 0.21142172813415527,
          "y": 0.0008085601730272174,
          "z": 0.00583580182865262
        },
        "scale": {
          "x": 1.0,
          "y": 1.0,
          "z": 1.0
        },
        "matrix_basis": [
          [
            0.9999305605888367,
            -0.011065665632486343,
            0.004048167262226343,
            0.0
          ],
          [
            0.011749454773962498,
            0.910533607006073,
            -0.41326814889907837,
            0.0
          ],
          [
            0.0008870938909240067,
            0.41328704357147217,
            0.9106004238128662,
            0.0
          ],
          [
            0.0,
            0.0,
            0.0,
            1.0
          ]
        ],
        "rotation_mode": "QUATERNION"
      },
      "armature_space": {
        "head": {
          "x": 0.6227783560752869,
          "y": -0.21590229868888855,
          "z": 0.2573615610599518
        },
        "tail": {
          "x": 0.6339403390884399,
          "y": -0.20238186419010162,
          "z": 0.23398751020431519
        }
      },
      "world_space": {
        "head": {
          "x": 0.6227783560752869,
          "y": -0.15265829861164093,
          "z": 1.2072155475616455
        },
        "tail": {
          "x": 0.6339403390884399,
          "y": -0.139137864112854,
          "z": 1.1838414669036865
        },
        "rotation_quaternion": {
          "w": 0.6632102131843567,
          "x": -0.503715455532074,
          "y": -0.5399259924888611,
          "z": 0.12207777053117752
        },
        "matrix": [
          [
            0.3871538043022156,
            0.3820152282714844,
            -0.8391520977020264,
            0.6227783560752869
          ],
          [
            0.7058652639389038,
            0.4627327024936676,
            0.5363141894340515,
            -0.15265829861164093
          ],
          [
            0.5931881070137024,
            -0.7999695539474487,
            -0.09050270915031433,
            1.2072155475616455
          ],
          [
            0.0,
            0.0,
            0.0,
            1.0
          ]
        ]
      },
      "bone_length_armature_space": 0.02921879964632391,
      "parent": "index_02_l",
      "has_children": false,
      "is_end_bone": true
    },
    "metacarpal_pinky_l": {
      "name": "metacarpal_pinky_l",
      "local": {
        "location": {
          "x": 0.0,
          "y": 0.0,
          "z": 0.0
        },
        "rotation_quaternion": {
          "w": 0.9998788833618164,
          "x": 0.004425510764122009,
          "y": -0.010140362195670605,
          "z": -0.010952850803732872
        },
        "scale": {
          "x": 1.0,
          "y": 1.0,
          "z": 1.0
        },
        "matrix_basis": [
          [
            0.9995543956756592,
            0.021813295781612396,
            -0.020375212654471397,
            0.0
          ],
          [
            -0.021992800757288933,
            0.9997208714485168,
            -0.008627817966043949,
            0.0
          ],
          [
            0.0201813243329525,
            0.009072081185877323,
            0.9997552037239075,
            0.0
          ],
          [
            0.0,
            0.0,
            0.0,
            1.0
          ]
        ],
        "rotation_mode": "QUATERNION"
      },
      "armature_space": {
        "head": {
          "x": 0.5180484056472778,
          "y": -0.18789440393447876,
          "z": 0.38536638021469116
        },
        "tail": {
          "x": 0.6116783618927002,
          "y": -0.20016080141067505,
          "z": 0.34147772192955017
        }
      },
      "world_space": {
        "head": {
          "x": 0.5180484056472778,
          "y": -0.12465040385723114,
          "z": 1.3352203369140625
        },
        "tail": {
          "x": 0.6116783618927002,
          "y": -0.13691680133342743,
          "z": 1.2913317680358887
        },
        "rotation_quaternion": {
          "w": 0.3567894697189331,
          "x": 0.40049028396606445,
          "y": 0.5601814389228821,
          "z": -0.6312729120254517
        },
        "matrix": [
          [
            -0.42461785674095154,
            0.8991572260856628,
            -0.10590431094169617,
            0.5180484056472778
          ],
          [
            -0.0017714910209178925,
            -0.11779797077178955,
            -0.993036150932312,
            -0.12465040385723114
          ],
          [
            -0.9053772687911987,
            -0.4214763343334198,
            0.05161130428314209,
            1.3352203369140625
          ],
          [
            0.0,
            0.0,
            0.0,
            1.0
          ]
        ]
      },
      "bone_length_armature_space": 0.10413091321939505,
      "parent": "lowerarm_l",
      "has_children": true,
      "is_end_bone": false
    },
    "pinky_01_l": {
      "name": "pinky_01_l",
      "local": {
        "location": {
          "x": 0.0,
          "y": 0.0,
          "z": 0.0
        },
        "rotation_quaternion": {
          "w": 0.9983763098716736,
          "x": 0.055307939648628235,
          "y": 0.013119018636643887,
          "z": -0.0037224965635687113
        },
        "scale": {
          "x": 1.0,
          "y": 1.0,
          "z": 1.0
        },
        "matrix_basis": [
          [
            0.9996280670166016,
            0.008884076960384846,
            0.025783667340874672,
            0.0
          ],
          [
            -0.005981733091175556,
            0.9938543438911438,
            -0.1105339452624321,
            0.0
          ],
          [
            -0.026607202365994453,
            0.11033860594034195,
            0.9935378432273865,
            0.0
          ],
          [
            0.0,
            0.0,
            0.0,
            1.0
          ]
        ],
        "rotation_mode": "QUATERNION"
      },
      "armature_space": {
        "head": {
          "x": 0.6116783618927002,
          "y": -0.20016080141067505,
          "z": 0.34147772192955017
        },
