{
  "metadata": {
    "armature_name": "KIM_caucasian_male",
    "export_time": "2026-01-13T21:04:46.679145",
    "blender_version": "4.4.1",
    "bone_count": 56,
    "end_bone_count": 13,
    "spaces_included": [
      "LOCAL_CHANNELS",
      "ARMATURE_SPACE",
      "WORLD_SPACE"
    ],
    "note": "LOCAL matches Transform panel; replay pose via local.matrix_basis for best fidelity."
  },
  "bones": {
    "Root": {
      "name": "Root",
      "local": {
        "location": {
          "x": 0.0,
          "y": 0.0,
          "z": 0.0
        },
        "rotation_quaternion": {
          "w": 0.9998239278793335,
          "x": -0.0075263530015945435,
          "y": 0.015416882932186127,
          "z": 0.0076078083366155624
        },
        "scale": {
          "x": 1.0,
          "y": 1.0,
          "z": 1.0
        },
        "matrix_basis": [
          [
            0.9994089007377625,
            -0.015445003286004066,
            0.030713818967342377,
            0.0
          ],
          [
            0.01498087216168642,
            0.9997709393501282,
            0.01528463326394558,
            0.0
          ],
          [
            -0.030942855402827263,
            -0.014815478585660458,
            0.9994113445281982,
            0.0
          ],
          [
            0.0,
            0.0,
            0.0,
            1.0
          ]
        ],
        "rotation_mode": "QUATERNION"
      },
      "armature_space": {
        "head": {
          "x": 0.0,
          "y": 0.07072800397872925,
          "z": -0.009595036506652832
        },
        "tail": {
          "x": -0.001102400477975607,
          "y": 0.00015835464000701904,
          "z": 0.0010456787422299385
        }
      },
      "world_space": {
        "head": {
          "x": 0.0,
          "y": 0.13397200405597687,
          "z": 0.9402589797973633
        },
        "tail": {
          "x": -0.001102400477975607,
          "y": 0.06340235471725464,
          "z": 0.9508997201919556
        },
        "rotation_quaternion": {
          "w": 0.07486505061388016,
          "x": 0.9970455765724182,
          "y": -0.0065519236959517,
          "z": 0.015894385054707527
        },
        "matrix": [
          [
            0.9994089007377625,
            -0.015445003286004066,
            0.030713818967342377,
            0.0
          ],
          [
            -0.010685254819691181,
            -0.9887045621871948,
            -0.14949645102024078,
            0.13397200405597687
          ],
          [
            0.0326760858297348,
            0.14908000826835632,
            -0.9882922172546387,
            0.9402589797973633
          ],
          [
            0.0,
            0.0,
            0.0,
            1.0
          ]
        ]
      },
      "bone_length_armature_space": 0.07137587650782104,
      "parent": null,
      "has_children": true,
      "is_end_bone": false
    },
    "spine_01": {
      "name": "spine_01",
      "local": {
        "location": {
          "x": 0.0,
          "y": 0.0,
          "z": 0.0
        },
        "rotation_quaternion": {
          "w": 0.9976903200149536,
          "x": 0.027478087693452835,
          "y": -0.0350792333483696,
          "z": 0.05126967653632164
        },
        "scale": {
          "x": 1.0,
          "y": 1.0,
          "z": 1.0
        },
        "matrix_basis": [
          [
            0.9922817349433899,
            -0.10423033684492111,
            -0.06717883795499802,
            0.0
          ],
          [
            0.10037469863891602,
            0.9932327270507812,
            -0.05842624604701996,
            0.0
          ],
          [
            0.07281401008367538,
            0.051232241094112396,
            0.9960287809371948,
            0.0
          ],
          [
            0.0,
            0.0,
            0.0,
            1.0
          ]
        ],
        "rotation_mode": "QUATERNION"
      },
      "armature_space": {
        "head": {
          "x": -0.001102400477975607,
          "y": 0.00015835464000701904,
          "z": 0.0010456787422299385
        },
        "tail": {
          "x": -0.067741759121418,
          "y": 0.005772919859737158,
          "z": 0.48444628715515137
        }
      },
      "world_space": {
        "head": {
          "x": -0.001102400477975607,
          "y": 0.06340235471725464,
          "z": 0.9508997201919556
        },
        "tail": {
          "x": -0.067741759121418,
          "y": 0.06901691854000092,
          "z": 1.4343003034591675
        },
        "rotation_quaternion": {
          "w": 0.7070905566215515,
          "x": 0.7027127742767334,
          "y": -0.0759955421090126,
          "z": 0.021036680787801743
        },
        "matrix": [
          [
            0.9875643849372864,
            -0.1365557163953781,
            -0.07790510356426239,
            -0.001102400477975607
          ],
          [
            -0.0770554468035698,
            0.011505227535963058,
            -0.9969605207443237,
            0.06340235471725464
          ],
          [
            0.13703784346580505,
            0.9905725121498108,
            0.0008389055728912354,
            0.9508997201919556
          ],
          [
            0.0,
            0.0,
            0.0,
            1.0
          ]
        ]
      },
      "bone_length_armature_space": 0.4880045878824414,
      "parent": "Root",
      "has_children": true,
      "is_end_bone": false
    },
    "neck_01": {
      "name": "neck_01",
      "local": {
        "location": {
          "x": 0.0,
          "y": 0.0,
          "z": 0.0
        },
        "rotation_quaternion": {
          "w": 0.9893262386322021,
          "x": -0.10557039082050323,
          "y": -0.08769972622394562,
          "z": 0.048961929976940155
        },
        "scale": {
          "x": 1.0,
          "y": 1.0,
          "z": 1.0
        },
        "matrix_basis": [
          [
            0.9798229932785034,
            -0.07836165279150009,
            -0.18386514484882355,
            0.0
          ],
          [
            0.11539563536643982,
            0.9729152321815491,
            0.2002992182970047,
            0.0
          ],
          [
            0.16318942606449127,
            -0.2174750119447708,
            0.9623273015022278,
            0.0
          ],
          [
            0.0,
            0.0,
            0.0,
            1.0
          ]
        ],
        "rotation_mode": "QUATERNION"
      },
      "armature_space": {
        "head": {
          "x": -0.08044194430112839,
          "y": -0.027959715574979782,
          "z": 0.5570036172866821
        },
        "tail": {
          "x": -0.1034385934472084,
          "y": -0.04338804632425308,
          "z": 0.6557146906852722
        }
      },
      "world_space": {
        "head": {
          "x": -0.08044194430112839,
          "y": 0.03528428450226784,
          "z": 1.5068576335906982
        },
        "tail": {
          "x": -0.1034385934472084,
          "y": 0.019855953752994537,
          "z": 1.6055686473846436
        },
        "rotation_quaternion": {
          "w": 0.6309608817100525,
          "x": 0.7582257986068726,
          "y": -0.16322888433933258,
          "z": -0.018398946151137352
        },
        "matrix": [
          [
            0.9460353255271912,
            -0.22431084513664246,
            -0.23388437926769257,
            -0.08044194430112839
          ],
          [
            -0.2707479000091553,
            -0.1504889577627182,
            -0.950814962387085,
            0.03528428450226784
          ],
          [
            0.17808204889297485,
            0.9628345370292664,
            -0.20310184359550476,
            1.5068576335906982
          ],
          [
            0.0,
            0.0,
            0.0,
            1.0
          ]
        ]
      },
      "bone_length_armature_space": 0.10252197370160586,
      "parent": "spine_01",
      "has_children": true,
      "is_end_bone": false
    },
    "head": {
      "name": "head",
      "local": {
        "location": {
          "x": 0.0,
          "y": 0.0,
          "z": 0.0
        },
        "rotation_quaternion": {
          "w": 0.9896575212478638,
          "x": -0.10053922981023788,
          "y": -0.006937313359230757,
          "z": -0.10208795964717865
        },
        "scale": {
          "x": 1.0,
          "y": 1.0,
          "z": 1.0
        },
        "matrix_basis": [
          [
            0.9790598154067993,
            0.20345917344093323,
            0.006796561181545258,
            0.0
          ],
          [
            -0.2006692886352539,
            0.9589398503303528,
            0.20041523873806,
            0.0
          ],
          [
            0.03425882011651993,
            -0.19758237898349762,
            0.9796874523162842,
            0.0
          ],
          [
            0.0,
            0.0,
            0.0,
            1.0
          ]
        ],
        "rotation_mode": "QUATERNION"
      },
      "armature_space": {
        "head": {
          "x": -0.1034386157989502,
          "y": -0.04338818043470383,
          "z": 0.6557145714759827
        },
        "tail": {
          "x": -0.08298184722661972,
          "y": 0.007067285478115082,
          "z": 0.8009352684020996
        }
      },
      "world_space": {
        "head": {
          "x": -0.1034386157989502,
          "y": 0.019855819642543793,
          "z": 1.6055686473846436
        },
        "tail": {
          "x": -0.08298184722661972,
          "y": 0.0703112855553627,
          "z": 1.7507892847061157
        },
        "rotation_quaternion": {
          "w": 0.808724045753479,
          "x": 0.5621244311332703,
          "y": -0.0928991436958313,
          "z": -0.14612151682376862
        },
        "matrix": [
          [
            0.9400363564491272,
            0.13190239667892456,
            -0.314536988735199,
            -0.1034386157989502
          ],
          [
            -0.34078627824783325,
            0.3253297805786133,
            -0.8820576071739197,
            0.019855819642543793
          ],
          [
            -0.014017724432051182,
            0.9363628029823303,
            0.3507738709449768,
            1.6055686473846436
          ],
          [
            0.0,
            0.0,
            0.0,
            1.0
          ]
        ]
      },
      "bone_length_armature_space": 0.15509121270438256,
      "parent": "neck_01",
      "has_children": false,
      "is_end_bone": true
    },
    "upperarm_l": {
      "name": "upperarm_l",
      "local": {
        "location": {
          "x": 0.0,
          "y": 0.0,
          "z": 0.0
        },
        "rotation_quaternion": {
          "w": 0.9815837144851685,
          "x": 0.011313441209495068,
          "y": 0.1808961033821106,
          "z": 0.06035001948475838
        },
        "scale": {
          "x": 1.0,
          "y": 1.0,
          "z": 1.0
        },
        "matrix_basis": [
          [
            0.927268922328949,
            -0.11438407748937607,
            0.35649487376213074,
            0.0
          ],
          [
            0.12257030606269836,
            0.992459774017334,
            -0.00037601255462504923,
            0.0
          ],
          [
            -0.3537638187408447,
            0.04404434561729431,
            0.9342972040176392,
            0.0
          ],
          [
            0.0,
            0.0,
            0.0,
            1.0
          ]
        ],
        "rotation_mode": "QUATERNION"
      },
      "armature_space": {
        "head": {
          "x": 0.076621875166893,
          "y": -0.043470706790685654,
          "z": 0.5109878182411194
        },
        "tail": {
          "x": 0.3366297483444214,
          "y": -0.065855473279953,
          "z": 0.5718359351158142
        }
      },
      "world_space": {
        "head": {
          "x": 0.076621875166893,
          "y": 0.019773293286561966,
          "z": 1.4608418941497803
        },
        "tail": {
          "x": 0.3366297483444214,
          "y": -0.0026114732027053833,
          "z": 1.5216898918151855
        },
        "rotation_quaternion": {
          "w": 0.44356098771095276,
          "x": 0.6512895226478577,
          "y": 0.5113564729690552,
          "z": -0.3429144024848938
        },
        "matrix": [
          [
            0.24184738099575043,
            0.9702893495559692,
            0.006964061409235001,
            0.076621875166893
          ],
          [
            0.3618764579296112,
            -0.08353476971387863,
            -0.9284760355949402,
            0.019773293286561966
          ],
          [
            -0.900314450263977,
            0.22707104682922363,
            -0.3713308572769165,
            1.4608418941497803
          ],
          [
            0.0,
            0.0,
            0.0,
            1.0
          ]
        ]
      },
      "bone_length_armature_space": 0.2679695103447904,
      "parent": "spine_01",
      "has_children": true,
      "is_end_bone": false
    },
    "lowerarm_l": {
      "name": "lowerarm_l",
      "local": {
        "location": {
          "x": 0.0,
          "y": 0.0,
          "z": 0.0
        },
        "rotation_quaternion": {
          "w": 0.9184818267822266,
          "x": 0.3914206326007843,
          "y": -0.0554148331284523,
          "z": 0.010503067634999752
        },
        "scale": {
          "x": 1.0,
          "y": 1.0,
          "z": 1.0
        },
        "matrix_basis": [
          [
            0.99363774061203,
            -0.06267476826906204,
            -0.09357280284166336,
            0.0
          ],
          [
            -0.024087265133857727,
            0.6933591365814209,
            -0.7201895117759705,
            0.0
          ],
          [
            0.11001726984977722,
            0.7178614139556885,
            0.6874381899833679,
            0.0
          ],
          [
            0.0,
            0.0,
            0.0,
            1.0
          ]
        ],
        "rotation_mode": "QUATERNION"
      },
      "armature_space": {
        "head": {
          "x": 0.33662980794906616,
          "y": -0.06585557013750076,
          "z": 0.5718360543251038
        },
        "tail": {
          "x": 0.4788135886192322,
          "y": -0.29227665066719055,
          "z": 0.5811429619789124
        }
      },
      "world_space": {
        "head": {
          "x": 0.33662980794906616,
          "y": -0.0026115700602531433,
          "z": 1.5216901302337646
        },
        "tail": {
          "x": 0.4788135886192322,
          "y": -0.22903265058994293,
          "z": 1.5309970378875732
        },
        "rotation_quaternion": {
          "w": 0.17979344725608826,
          "x": 0.7703915238380432,
          "y": 0.21094053983688354,
          "z": -0.5741737484931946
        },
        "matrix": [
          [
            0.2516568899154663,
            0.53147953748703,
            -0.8088251948356628,
            0.33662980794906616
          ],
          [
            0.11854825913906097,
            -0.8463565111160278,
            -0.5192564725875854,
            -0.0026115700602531433
          ],
          [
            -0.9605351090431213,
            0.034789085388183594,
            -0.2759997248649597,
            1.5216901302337646
          ],
          [
            0.0,
            0.0,
            0.0,
            1.0
          ]
        ]
      },
      "bone_length_armature_space": 0.26752449447946586,
      "parent": "upperarm_l",
      "has_children": true,
      "is_end_bone": false
    },
    "metacarpal_thumb_l": {
      "name": "metacarpal_thumb_l",
      "local": {
        "location": {
          "x": 0.0,
          "y": 0.0,
          "z": 0.0
        },
        "rotation_quaternion": {
          "w": 0.9982749223709106,
          "x": -0.05685442313551903,
          "y": 0.008723770268261433,
          "z": -0.011777939274907112
        },
        "scale": {
          "x": 1.0,
          "y": 1.0,
          "z": 1.0
        },
        "matrix_basis": [
          [
            0.999570369720459,
            0.022523272782564163,
            0.018756698817014694,
            0.0
          ],
          [
            -0.02450721338391304,
            0.9932577013969421,
            0.11330719292163849,
            0.0
          ],
          [
            -0.01607818715274334,
            -0.1137181892991066,
            0.9933829307556152,
            0.0
          ],
          [
            0.0,
            0.0,
            0.0,
            1.0
          ]
        ],
        "rotation_mode": "QUATERNION"
      },
      "armature_space": {
        "head": {
          "x": 0.4788135886192322,
          "y": -0.29227665066719055,
          "z": 0.5811429619789124
        },
        "tail": {
          "x": 0.47831085324287415,
          "y": -0.34082895517349243,
          "z": 0.5713446140289307
        }
      },
      "world_space": {
        "head": {
          "x": 0.4788135886192322,
          "y": -0.22903265058994293,
          "z": 1.5309970378875732
        },
        "tail": {
          "x": 0.47831085324287415,
          "y": -0.277584969997406,
          "z": 1.5211986303329468
        },
        "rotation_quaternion": {
          "w": 0.09835164994001389,
          "x": -0.9897873401641846,
          "y": 0.015267758630216122,
          "z": -0.10205378383398056
        },
        "matrix": [
          [
            0.9787037968635559,
            -0.010149430483579636,
            0.2050262838602066,
            0.4788135886192322
          ],
          [
            -0.05029791593551636,
            -0.9801877737045288,
            0.19157768785953522,
            -0.22903265058994293
          ],
          [
            0.19902116060256958,
            -0.19781240820884705,
            -0.9598304033279419,
            1.5309970378875732
          ],
          [
            0.0,
            0.0,
            0.0,
            1.0
          ]
        ]
      },
      "bone_length_armature_space": 0.049533691355694,
      "parent": "lowerarm_l",
      "has_children": true,
      "is_end_bone": false
    },
    "thumb_01_l": {
      "name": "thumb_01_l",
      "local": {
        "location": {
          "x": 0.0,
          "y": 0.0,
          "z": 0.0
        },
        "rotation_quaternion": {
          "w": 0.9970842599868774,
          "x": -0.07129345089197159,
          "y": 0.021488184109330177,
          "z": -0.016690971329808235
        },
        "scale": {
          "x": 1.0,
          "y": 1.0,
          "z": 1.0
        },
        "matrix_basis": [
          [
            0.9985193610191345,
            0.030220676213502884,
            0.04523097351193428,
            0.0
          ],
          [
            -0.03634854406118393,
            0.9892773032188416,
            0.1414538323879242,
            0.0
          ],
          [
            -0.0404711477458477,
            -0.14288847148418427,
            0.9889110326766968,
            0.0
          ],
          [
            0.0,
            0.0,
            0.0,
            1.0
          ]
        ],
        "rotation_mode": "QUATERNION"
      },
      "armature_space": {
        "head": {
          "x": 0.47831085324287415,
          "y": -0.34082895517349243,
          "z": 0.5713446140289307
        },
        "tail": {
          "x": 0.4742531180381775,
          "y": -0.35795411467552185,
          "z": 0.5422086715698242
        }
      },
      "world_space": {
        "head": {
          "x": 0.47831085324287415,
          "y": -0.277584969997406,
          "z": 1.5211986303329468
        },
        "tail": {
          "x": 0.4742531180381775,
          "y": -0.29471009969711304,
          "z": 1.4920626878738403
        },
        "rotation_quaternion": {
          "w": 0.2754822373390198,
          "x": -0.5742124319076538,
          "y": 0.41539645195007324,
          "z": -0.6494885683059692
        },
        "matrix": [
          [
            -0.18877798318862915,
            -0.11920961737632751,
            0.9747574329376221,
            0.47831085324287415
          ],
          [
            -0.8348969221115112,
            -0.5031101107597351,
            -0.22322042286396027,
            -0.277584969997406
          ],
          [
            0.5170230865478516,
            -0.8559674024581909,
            -0.004551887512207031,
            1.5211986303329468
          ],
          [
            0.0,
            0.0,
            0.0,
            1.0
          ]
        ]
      },
      "bone_length_armature_space": 0.03403879336776752,
      "parent": "metacarpal_thumb_l",
      "has_children": true,
      "is_end_bone": false
    },
    "thumb_02_l": {
      "name": "thumb_02_l",
      "local": {
        "location": {
          "x": 0.0,
          "y": 0.0,
          "z": 0.0
        },
        "rotation_quaternion": {
          "w": 0.9959487915039062,
          "x": 0.08928980678319931,
          "y": -0.005828330758959055,
          "z": -0.00891057401895523
        },
        "scale": {
          "x": 1.0,
          "y": 1.0,
          "z": 1.0
        },
        "matrix_basis": [
          [
            0.9997732639312744,
            0.01670813001692295,
            -0.013200684450566769,
            0.0
          ],
          [
            -0.01878977194428444,
            0.9838958382606506,
            -0.177752286195755,
            0.0
          ],
          [
            0.010018191300332546,
            0.17796002328395844,
            0.9839867353439331,
            0.0
          ],
          [
            0.0,
            0.0,
            0.0,
            1.0
          ]
        ],
        "rotation_mode": "QUATERNION"
      },
      "armature_space": {
        "head": {
          "x": 0.4742530882358551,
          "y": -0.35795408487319946,
          "z": 0.5422086715698242
        },
        "tail": {
          "x": 0.4931999444961548,
          "y": -0.3932556211948395,
          "z": 0.545036792755127
        }
      },
      "world_space": {
        "head": {
          "x": 0.4742530882358551,
          "y": -0.29471009969711304,
          "z": 1.4920626878738403
        },
        "tail": {
          "x": 0.4931999444961548,
          "y": -0.33001160621643066,
          "z": 1.494890809059143
        },
        "rotation_quaternion": {
          "w": 0.22779589891433716,
          "x": -0.22980831563472748,
          "y": -0.09298381954431534,
          "z": -0.9416216611862183
        },
        "matrix": [
          [
            -0.7905943393707275,
            0.47173240780830383,
            0.39042192697525024,
            0.4742530882358551
          ],
          [
            -0.3862581253051758,
            -0.8789257407188416,
            0.2798108458518982,
            -0.29471009969711304
          ],
          [
            0.4751506745815277,
            0.07041291892528534,
            0.8770904541015625,
            1.4920626878738403
          ],
          [
            0.0,
            0.0,
            0.0,
            1.0
          ]
        ]
      },
      "bone_length_armature_space": 0.040164412723074694,
      "parent": "thumb_01_l",
      "has_children": true,
      "is_end_bone": false
    },
    "thumb_03_l": {
      "name": "thumb_03_l",
      "local": {
        "location": {
          "x": 0.0,
          "y": 0.0,
          "z": 0.0
        },
        "rotation_quaternion": {
          "w": 0.9974745512008667,
          "x": 0.07086043804883957,
          "y": -0.00451006880030036,
          "z": -0.001721277367323637
        },
        "scale": {
          "x": 1.0,
          "y": 1.0,
          "z": 1.0
        },
        "matrix_basis": [
          [
            0.9999533891677856,
            0.002794689731672406,
            -0.009241298772394657,
            0.0
          ],
          [
            -0.004073031712323427,
            0.9899516701698303,
            -0.14134743809700012,
            0.0
          ],
          [
            0.008753417059779167,
            0.1413784921169281,
            0.9899169206619263,
            0.0
          ],
          [
            0.0,
            0.0,
            0.0,
            1.0
          ]
        ],
        "rotation_mode": "QUATERNION"
      },
      "armature_space": {
        "head": {
          "x": 0.4931998550891876,
          "y": -0.3932556211948395,
          "z": 0.5450367331504822
        },
        "tail": {
          "x": 0.5134681463241577,
          "y": -0.4131251275539398,
          "z": 0.5560500025749207
        }
      },
      "world_space": {
        "head": {
          "x": 0.4931998550891876,
          "y": -0.33001160621643066,
          "z": 1.4948906898498535
        },
        "tail": {
          "x": 0.5134681463241577,
          "y": -0.349881112575531,
          "z": 1.505903959274292
        },
        "rotation_quaternion": {
          "w": 0.3643351197242737,
          "x": -0.008373179472982883,
          "y": -0.20233778655529022,
          "z": -0.908982515335083
        },
        "matrix": [
          [
            -0.7343794703483582,
            0.665736973285675,
            -0.13221624493598938,
            0.4931998550891876
          ],
          [
            -0.6589605212211609,
            -0.65263831615448,
            0.37394437193870544,
            -0.33001160621643066
          ],
          [
            0.16265973448753357,
            0.3617442548274994,
            0.917985200881958,
            1.4948906898498535
          ],
          [
            0.0,
            0.0,
            0.0,
            1.0
          ]
        ]
      },
      "bone_length_armature_space": 0.030444917485908777,
      "parent": "thumb_02_l",
      "has_children": false,
      "is_end_bone": true
    },
    "metacarpal_index_l": {
      "name": "metacarpal_index_l",
      "local": {
        "location": {
          "x": 0.0,
          "y": 0.0,
          "z": 0.0
        },
        "rotation_quaternion": {
          "w": 0.9999923706054688,
          "x": -0.0018275573384016752,
          "y": 0.0017399209318682551,
          "z": -0.0029838643968105316
        },
        "scale": {
          "x": 1.0,
          "y": 1.0,
          "z": 1.0
        },
        "matrix_basis": [
          [
            0.9999761581420898,
            0.005961323622614145,
            0.0034907215740531683,
            0.0
          ],
          [
            -0.005974042695015669,
            0.9999755024909973,
            0.003644703421741724,
            0.0
          ],
          [
            -0.0034689088352024555,
            -0.0036654700525105,
            0.9999872446060181,
            0.0
          ],
          [
            0.0,
            0.0,
            0.0,
            1.0
          ]
        ],
        "rotation_mode": "QUATERNION"
      },
      "armature_space": {
        "head": {
          "x": 0.4788135886192322,
          "y": -0.29227665066719055,
          "z": 0.5811429619789124
        },
        "tail": {
          "x": 0.5113807320594788,
          "y": -0.4042416214942932,
          "z": 0.569634199142456
        }
      },
      "world_space": {
        "head": {
          "x": 0.4788135886192322,
          "y": -0.22903265058994293,
          "z": 1.5309970378875732
        },
        "tail": {
          "x": 0.5113807320594788,
          "y": -0.3409976363182068,
          "z": 1.5194882154464722
        },
        "rotation_quaternion": {
          "w": 0.02399623952805996,
          "x": -0.9732050895690918,
          "y": -0.1471148580312729,
          "z": 0.17508076131343842
        },
        "matrix": [
          [
            0.8954078555107117,
            0.27794349193573,
            -0.34783935546875,
            0.4788135886192322
          ],
          [
            0.2947484254837036,
            -0.955562949180603,
            -0.0048082610592246056,
            -0.22903265058994293
          ],
          [
            -0.3337209224700928,
            -0.0982213020324707,
            -0.9375483393669128,
            1.5309970378875732
          ],
          [
            0.0,
            0.0,
            0.0,
            1.0
          ]
        ]
      },
      "bone_length_armature_space": 0.11717177759936488,
      "parent": "lowerarm_l",
      "has_children": true,
      "is_end_bone": false
    },
    "index_01_l": {
      "name": "index_01_l",
      "local": {
        "location": {
          "x": 0.0,
          "y": 0.0,
          "z": 0.0
        },
        "rotation_quaternion": {
          "w": 0.9953147172927856,
          "x": -0.09488804638385773,
          "y": -0.01520596630871296,
          "z": 0.010668213479220867
        },
        "scale": {
          "x": 1.0,
          "y": 1.0,
          "z": 1.0
        },
        "matrix_basis": [
          [
            0.9993099570274353,
            -0.01835073158144951,
            -0.03229401633143425,
            0.0
          ],
          [
            0.024122187867760658,
            0.9817649126052856,
            0.18856249749660492,
            0.0
          ],
          [
            0.028244871646165848,
            -0.1892113834619522,
            0.9815300703048706,
            0.0
          ],
          [
            0.0,
            0.0,
            0.0,
            1.0
          ]
        ],
        "rotation_mode": "QUATERNION"
      },
      "armature_space": {
        "head": {
          "x": 0.5113807320594788,
          "y": -0.4042416214942932,
          "z": 0.569634199142456
        },
        "tail": {
          "x": 0.5295485854148865,
          "y": -0.42600709199905396,
          "z": 0.5726775527000427
        }
      },
      "world_space": {
        "head": {
          "x": 0.5113807320594788,
          "y": -0.3409976363182068,
          "z": 1.5194882154464722
        },
        "tail": {
          "x": 0.5295485854148865,
          "y": -0.36276310682296753,
          "z": 1.522531509399414
        },
        "rotation_quaternion": {
          "w": 0.10117138177156448,
          "x": 0.9307316541671753,
          "y": 0.3287949860095978,
          "z": -0.1240844801068306
        },
        "matrix": [
          [
            0.7529937624931335,
            0.6371475458145142,
            -0.1644488424062729,
            0.5113807320594788
          ],
          [
            0.5869322419166565,
            -0.76331627368927,
            -0.2699243128299713,
            -0.3409976363182068
          ],
          [
            -0.29750967025756836,
            0.10673096030950546,
            -0.9487414956092834,
            1.5194882154464722
          ],
          [
            0.0,
            0.0,
            0.0,
            1.0
          ]
        ]
      },
      "bone_length_armature_space": 0.02851435807589661,
      "parent": "metacarpal_index_l",
      "has_children": true,
      "is_end_bone": false
    },
    "index_02_l": {
      "name": "index_02_l",
      "local": {
        "location": {
          "x": 0.0,
          "y": 0.0,
          "z": 0.0
        },
        "rotation_quaternion": {
          "w": 0.9994651675224304,
          "x": 0.03046928532421589,
          "y": -0.009792953729629517,
          "z": -0.006723041646182537
        },
        "scale": {
          "x": 1.0,
          "y": 1.0,
          "z": 1.0
        },
        "matrix_basis": [
          [
            0.9997177720069885,
            0.01284212339669466,
            -0.019985124468803406,
            0.0
          ],
          [
            -0.014035660773515701,
            0.9980528354644775,
            -0.0607743002474308,
            0.0
          ],
          [
            0.01916573941707611,
            0.06103765591979027,
            0.9979514479637146,
            0.0
          ],
          [
            0.0,
            0.0,
            0.0,
            1.0
          ]
        ],
        "rotation_mode": "QUATERNION"
      },
      "armature_space": {
        "head": {
          "x": 0.5295485854148865,
          "y": -0.42600762844085693,
          "z": 0.5726773738861084
        },
        "tail": {
          "x": 0.5465300679206848,
          "y": -0.44515424966812134,
          "z": 0.5744452476501465
        }
      },
      "world_space": {
        "head": {
          "x": 0.5295485854148865,
          "y": -0.3627636432647705,
          "z": 1.5225313901901245
        },
        "tail": {
          "x": 0.5465300679206848,
          "y": -0.3819102644920349,
          "z": 1.5242992639541626
        },
        "rotation_quaternion": {
          "w": 0.100802943110466,
          "x": 0.9187952876091003,
          "y": 0.3415515720844269,
          "z": -0.17028404772281647
        },
        "matrix": [
          [
            0.7086917161941528,
            0.6619625091552734,
            -0.244052916765213,
            0.5295485854148865
          ],
          [
            0.5933015942573547,
            -0.7463623285293579,
            -0.30155712366104126,
            -0.3627636432647705
          ],
          [
            -0.38177353143692017,
            0.06891373544931412,
            -0.9216907620429993,
            1.5225313901901245
          ],
          [
            0.0,
            0.0,
            0.0,
            1.0
          ]
        ]
      },
      "bone_length_armature_space": 0.025653249545927362,
      "parent": "index_01_l",
      "has_children": true,
      "is_end_bone": false
    },
    "index_03_l": {
      "name": "index_03_l",
      "local": {
        "location": {
          "x": 0.0,
          "y": 0.0,
          "z": 0.0
        },
        "rotation_quaternion": {
          "w": 0.999629020690918,
          "x": 0.026692889630794525,
          "y": 0.0003529131936375052,
          "z": 0.0054199108853936195
        },
        "scale": {
          "x": 1.0,
          "y": 1.0,
          "z": 1.0
        },
        "matrix_basis": [
          [
            0.9999409914016724,
            -0.010816959664225578,
            0.0009949107188731432,
            0.0
          ],
          [
            0.01085464097559452,
            0.9985162019729614,
            -0.053362149745225906,
            0.0
          ],
          [
            -0.00041621836135163903,
            0.05336980149149895,
            0.9985747337341309,
            0.0
          ],
          [
            0.0,
            0.0,
            0.0,
            1.0
          ]
        ],
        "rotation_mode": "QUATERNION"
      },
      "armature_space": {
        "head": {
          "x": 0.5465301275253296,
          "y": -0.44515424966812134,
          "z": 0.574445366859436
        },
        "tail": {
          "x": 0.5663252472877502,
          "y": -0.46646755933761597,
          "z": 0.5716834664344788
        }
      },
      "world_space": {
        "head": {
          "x": 0.5465301275253296,
          "y": -0.3819102644920349,
          "z": 1.5242993831634521
        },
        "tail": {
          "x": 0.5663252472877502,
          "y": -0.40322357416152954,
          "z": 1.5215375423431396
        },
        "rotation_quaternion": {
          "w": 0.015254314057528973,
          "x": 0.9148606657981873,
          "y": 0.36748701333999634,
          "z": -0.16658565402030945
        },
        "matrix": [
          [
            0.6744049191474915,
            0.6774814128875732,
            -0.2935934364795685,
            0.5465301275253296
          ],
          [
            0.6673163771629333,
            -0.7294410467147827,
            -0.15034854412078857,
            -0.3819102644920349
          ],
          [
            -0.31601905822753906,
            -0.09452534466981888,
            -0.9440395832061768,
            1.5242993831634521
          ],
          [
            0.0,
            0.0,
            0.0,
            1.0
          ]
        ]
      },
      "bone_length_armature_space": 0.029218692724751003,
      "parent": "index_02_l",
      "has_children": false,
      "is_end_bone": true
    },
    "metacarpal_pinky_l": {
      "name": "metacarpal_pinky_l",
      "local": {
        "location": {
          "x": 0.0,
          "y": 0.0,
          "z": 0.0
        },
        "rotation_quaternion": {
          "w": 0.9999352097511292,
          "x": -0.00799422524869442,
          "y": 0.005114033352583647,
          "z": 0.006285113748162985
        },
        "scale": {
          "x": 1.0,
          "y": 1.0,
          "z": 1.0
        },
        "matrix_basis": [
          [
            0.9998686909675598,
            -0.012651178985834122,
            0.010126914829015732,
            0.0
          ],
          [
            0.01248764805495739,
            0.9997931718826294,
            0.016051698476076126,
            0.0
          ],
          [
            -0.010327893309295177,
            -0.01592312939465046,
            0.9998198747634888,
            0.0
          ],
          [
            0.0,
            0.0,
            0.0,
            1.0
          ]
        ],
        "rotation_mode": "QUATERNION"
      },
      "armature_space": {
        "head": {
          "x": 0.4788135886192322,
          "y": -0.29227665066719055,
          "z": 0.5811429619789124
        },
        "tail": {
          "x": 0.5585956573486328,
          "y": -0.3583042025566101,
          "z": 0.5920240879058838
        }
      },
      "world_space": {
        "head": {
          "x": 0.4788135886192322,
          "y": -0.22903265058994293,
          "z": 1.5309970378875732
        },
        "tail": {
          "x": 0.5585956573486328,
          "y": -0.2950602173805237,
          "z": 1.5418781042099
        },
        "rotation_quaternion": {
          "w": 0.42244505882263184,
          "x": 0.26107025146484375,
          "y": 0.06706885248422623,
          "z": -0.8653810620307922
        },
        "matrix": [
          [
            -0.5067647695541382,
            0.766171932220459,
            -0.39518359303474426,
            0.4788135886192322
          ],
          [
            -0.6961329579353333,
            -0.6340831518173218,
            -0.33665668964385986,
            -0.22903265058994293
          ],
          [
            -0.5085201859474182,
            0.10449466109275818,
            0.8546940684318542,
            1.5309970378875732
          ],
          [
            0.0,
            0.0,
            0.0,
            1.0
          ]
        ]
      },
      "bone_length_armature_space": 0.10413075869475194,
      "parent": "lowerarm_l",
      "has_children": true,
      "is_end_bone": false
    },
    "pinky_01_l": {
      "name": "pinky_01_l",
      "local": {
        "location": {
          "x": 0.0,
          "y": 0.0,
          "z": 0.0
        },
        "rotation_quaternion": {
          "w": 0.990190327167511,
          "x": -0.13838344812393188,
          "y": 0.005162340588867664,
          "z": -0.018615998327732086
        },
        "scale": {
          "x": 1.0,
          "y": 1.0,
          "z": 1.0
        },
        "matrix_basis": [
          [
            0.9992535710334778,
            0.03543799743056297,
            0.015375691466033459,
            0.0
          ],
          [
            -0.038295529782772064,
            0.9610069394111633,
            0.2738597095012665,
            0.0
          ],
          [
            -0.0050711072981357574,
            -0.274244099855423,
            0.9616467356681824,
            0.0
          ],
          [
            0.0,
            0.0,
            0.0,
            1.0
          ]
        ],
        "rotation_mode": "QUATERNION"
      },
      "armature_space": {
        "head": {
          "x": 0.5585956573486328,
          "y": -0.3583042025566101,
          "z": 0.5920240879058838
        },
        "tail": {
