{
  "metadata": {
    "armature_name": "KIM_caucasian_male",
    "export_time": "2026-01-13T21:12:36.479982",
    "blender_version": "4.4.1",
    "bone_count": 56,
    "end_bone_count": 13,
    "spaces_included": [
      "LOCAL_CHANNELS",
      "ARMATURE_SPACE",
      "WORLD_SPACE"
    ],
    "note": "LOCAL matches Transform panel; replay pose via local.matrix_basis for best fidelity."
  },
  "bones": {
    "Root": {
      "name": "Root",
      "local": {
        "location": {
          "x": 0.0,
          "y": 0.0,
          "z": 0.0
        },
        "rotation_quaternion": {
          "w": 0.9998705983161926,
          "x": -0.014298371970653534,
          "y": 0.00037900463212281466,
          "z": -0.007374497130513191
        },
        "scale": {
          "x": 1.0,
          "y": 1.0,
          "z": 1.0
        },
        "matrix_basis": [
          [
            0.999890923500061,
            0.01473624724894762,
            0.0009687977726571262,
            0.0
          ],
          [
            -0.014757923781871796,
            0.9994823336601257,
            0.028587453067302704,
            0.0
          ],
          [
            -0.000547024596016854,
            -0.028598632663488388,
            0.9995908141136169,
            0.0
          ],
          [
            0.0,
            0.0,
            0.0,
            1.0
          ]
        ],
        "rotation_mode": "QUATERNION"
      },
      "armature_space": {
        "head": {
          "x": 0.0,
          "y": 0.07072800397872925,
          "z": -0.009595036506652832
        },
        "tail": {
          "x": 0.001051812432706356,
          "y": 0.0003110170364379883,
          "z": 0.002017771825194359
        }
      },
      "world_space": {
        "head": {
          "x": 0.0,
          "y": 0.13397200405597687,
          "z": 0.9402589797973633
        },
        "tail": {
          "x": 0.001051812432706356,
          "y": 0.06355501711368561,
          "z": 0.9518718123435974
        },
        "rotation_quaternion": {
          "w": 0.0816248208284378,
          "x": 0.9966357946395874,
          "y": 0.007383277174085379,
          "z": -0.00011866141721839085
        },
        "matrix": [
          [
            0.999890923500061,
            0.01473624724894762,
            0.0009687977726571262,
            0.0
          ],
          [
            0.014697505161166191,
            -0.9865657091140747,
            -0.16270266473293304,
            0.13397200405597687
          ],
          [
            -0.001441839849576354,
            0.162699356675148,
            -0.9866816997528076,
            0.9402589797973633
          ],
          [
            0.0,
            0.0,
            0.0,
            1.0
          ]
        ]
      },
      "bone_length_armature_space": 0.07137587453276045,
      "parent": null,
      "has_children": true,
      "is_end_bone": false
    },
    "spine_01": {
      "name": "spine_01",
      "local": {
        "location": {
          "x": 0.0,
          "y": 0.0,
          "z": 0.0
        },
        "rotation_quaternion": {
          "w": 0.9980167150497437,
          "x": -0.003848095191642642,
          "y": -0.006359418388456106,
          "z": 0.06250889599323273
        },
        "scale": {
          "x": 1.0,
          "y": 1.0,
          "z": 1.0
        },
        "matrix_basis": [
          [
            0.9921044111251831,
            -0.12472090125083923,
            -0.013174692168831825,
            0.0
          ],
          [
            0.12481878697872162,
            0.9921556711196899,
            0.006885886192321777,
            0.0
          ],
          [
            0.012212531641125679,
            -0.00847596675157547,
            0.9998894929885864,
            0.0
          ],
          [
            0.0,
            0.0,
            0.0,
            1.0
          ]
        ],
        "rotation_mode": "QUATERNION"
      },
      "armature_space": {
        "head": {
          "x": 0.001051812432706356,
          "y": 0.0003110170364379883,
          "z": 0.002017771825194359
        },
        "tail": {
          "x": -0.05970616638660431,
          "y": 0.03999144583940506,
          "z": 0.48459672927856445
        }
      },
      "world_space": {
        "head": {
          "x": 0.001051812432706356,
          "y": 0.06355501711368561,
          "z": 0.9518718123435974
        },
        "tail": {
          "x": -0.05970616638660431,
          "y": 0.10323544591665268,
          "z": 1.4344507455825806
        },
        "rotation_quaternion": {
          "w": 0.7341113090515137,
          "x": 0.6761579513549805,
          "y": -0.04167027398943901,
          "z": 0.04641828313469887
        },
        "matrix": [
          [
            0.9922178387641907,
            -0.12450374662876129,
            0.0015917373821139336,
            0.001051812432706356
          ],
          [
            0.011801864951848984,
            0.0813121497631073,
            -0.9966188073158264,
            0.06355501711368561
          ],
          [
            0.12395422905683517,
            0.9888888001441956,
            0.08214838802814484,
            0.9518718123435974
          ],
          [
            0.0,
            0.0,
            0.0,
            1.0
          ]
        ]
      },
      "bone_length_armature_space": 0.4880046348253432,
      "parent": "Root",
      "has_children": true,
      "is_end_bone": false
    },
    "neck_01": {
      "name": "neck_01",
      "local": {
        "location": {
          "x": 0.0,
          "y": 0.0,
          "z": 0.0
        },
        "rotation_quaternion": {
          "w": 0.9937759041786194,
          "x": 0.05780290439724922,
          "y": 0.05140792578458786,
          "z": 0.08015932142734528
        },
        "scale": {
          "x": 1.0,
          "y": 1.0,
          "z": 1.0
        },
        "matrix_basis": [
          [
            0.9818634390830994,
            -0.15337775647640228,
            0.11144279688596725,
            0.0
          ],
          [
            0.16526386141777039,
            0.9804666042327881,
            -0.10664461553096771,
            0.0
          ],
          [
            -0.09290903061628342,
            0.12312791496515274,
            0.9880321025848389,
            0.0
          ],
          [
            0.0,
            0.0,
            0.0,
            1.0
          ]
        ],
        "rotation_mode": "QUATERNION"
      },
      "armature_space": {
        "head": {
          "x": -0.06876693665981293,
          "y": 0.011381816118955612,
          "z": 0.5598505735397339
        },
        "tail": {
          "x": -0.09529244899749756,
          "y": -0.03130262345075607,
          "z": 0.6492103338241577
        }
      },
      "world_space": {
        "head": {
          "x": -0.06876693665981293,
          "y": 0.07462581992149353,
          "z": 1.50970458984375
        },
        "tail": {
          "x": -0.09529244899749756,
          "y": 0.03194137662649155,
          "z": 1.5990643501281738
        },
        "rotation_quaternion": {
          "w": 0.5364733338356018,
          "x": 0.8292746543884277,
          "y": -0.06342591345310211,
          "z": 0.14309796690940857
        },
        "matrix": [
          [
            0.951000452041626,
            -0.2587316334247589,
            0.16928115487098694,
            -0.06876693665981293
          ],
          [
            0.04834030196070671,
            -0.41634687781333923,
            -0.9079200029373169,
            0.07462581992149353
          ],
          [
            0.3053894639015198,
            0.8716210722923279,
            -0.38344240188598633,
            1.50970458984375
          ],
          [
            0.0,
            0.0,
            0.0,
            1.0
          ]
        ]
      },
      "bone_length_armature_space": 0.10252185802086763,
      "parent": "spine_01",
      "has_children": true,
      "is_end_bone": false
    },
    "head": {
      "name": "head",
      "local": {
        "location": {
          "x": 0.0,
          "y": 0.0,
          "z": 0.0
        },
        "rotation_quaternion": {
          "w": 0.9938675165176392,
          "x": 0.05249903351068497,
          "y": -0.08865775167942047,
          "z": 0.04013840854167938
        },
        "scale": {
          "x": 1.0,
          "y": 1.0,
          "z": 1.0
        },
        "matrix_basis": [
          [
            0.9810574054718018,
            -0.089093416929245,
            -0.17201367020606995,
            0.0
          ],
          [
            0.07047563046216965,
            0.9912655353546143,
            -0.11147133260965347,
            0.0
          ],
          [
            0.18044257164001465,
            0.0972370058298111,
            0.9787673354148865,
            0.0
          ],
          [
            0.0,
            0.0,
            0.0,
            1.0
          ]
        ],
        "rotation_mode": "QUATERNION"
      },
      "armature_space": {
        "head": {
          "x": -0.09529240429401398,
          "y": -0.03130273148417473,
          "z": 0.6492102146148682
        },
        "tail": {
          "x": -0.15409265458583832,
          "y": -0.05619164556264877,
          "z": 0.7905478477478027
        }
      },
      "world_space": {
        "head": {
          "x": -0.09529240429401398,
          "y": 0.03194126859307289,
          "z": 1.5990642309188843
        },
        "tail": {
          "x": -0.15409265458583832,
          "y": 0.0070523545145988464,
          "z": 1.7404018640518188
        },
        "rotation_quaternion": {
          "w": 0.6247367262840271,
          "x": 0.7556860446929932,
          "y": -0.17165018618106842,
          "z": 0.09580690413713455
        },
        "matrix": [
          [
            0.9227142930030823,
            -0.37913578748703003,
            -0.06967449188232422,
            -0.09529240429401398
          ],
          [
            -0.13972118496894836,
            -0.16048023104667664,
            -0.9771000146865845,
            0.03194126859307289
          ],
          [
            0.35927456617355347,
            0.9113253355026245,
            -0.2010529786348343,
            1.5990642309188843
          ],
          [
            0.0,
            0.0,
            0.0,
            1.0
          ]
        ]
      },
      "bone_length_armature_space": 0.15509111718733806,
      "parent": "neck_01",
      "has_children": false,
      "is_end_bone": true
    },
    "upperarm_l": {
      "name": "upperarm_l",
      "local": {
        "location": {
          "x": 0.0,
          "y": 0.0,
          "z": 0.0
        },
        "rotation_quaternion": {
          "w": 0.8782728910446167,
          "x": 0.13458622992038727,
          "y": 0.44060760736465454,
          "z": 0.12801732122898102
        },
        "scale": {
          "x": 1.0,
          "y": 1.0,
          "z": 1.0
        },
        "matrix_basis": [
          [
            0.5789530277252197,
            -0.10626885294914246,
            0.8084061741828918,
            0.0
          ],
          [
            0.34346771240234375,
            0.9309962391853333,
            -0.12359606474637985,
            0.0
          ],
          [
            -0.7394887208938599,
            0.3492176830768585,
            0.5755029916763306,
            0.0
          ],
          [
            0.0,
            0.0,
            0.0,
            1.0
          ]
        ],
        "rotation_mode": "QUATERNION"
      },
      "armature_space": {
        "head": {
          "x": 0.08843842893838882,
          "y": 0.004508946090936661,
          "z": 0.512244701385498
        },
        "tail": {
          "x": 0.3375175893306732,
          "y": -0.07492892444133759,
          "z": 0.5710397958755493
        }
      },
      "world_space": {
        "head": {
          "x": 0.08843842893838882,
          "y": 0.06775294244289398,
          "z": 1.4620987176895142
        },
        "tail": {
          "x": 0.3375175893306732,
          "y": -0.011684924364089966,
          "z": 1.5208938121795654
        },
        "rotation_quaternion": {
          "w": 0.2705557346343994,
          "x": 0.7816857099533081,
          "y": 0.5278037190437317,
          "z": -0.19284787774085999
        },
        "matrix": [
          [
            0.3684651255607605,
            0.9295058846473694,
            -0.015890058130025864,
            0.08843842893838882
          ],
          [
            0.720801830291748,
            -0.29644379019737244,
            -0.6265510320663452,
            0.06775294244289398
          ],
          [
            -0.5870966911315918,
            0.21940982341766357,
            -0.7792245745658875,
            1.4620987176895142
          ],
          [
            0.0,
            0.0,
            0.0,
            1.0
          ]
        ]
      },
      "bone_length_armature_space": 0.26796953347845065,
      "parent": "spine_01",
      "has_children": true,
      "is_end_bone": false
    },
    "lowerarm_l": {
      "name": "lowerarm_l",
      "local": {
        "location": {
          "x": 0.0,
          "y": 0.0,
          "z": 0.0
        },
        "rotation_quaternion": {
          "w": 0.9294338226318359,
          "x": 0.14500576257705688,
          "y": 0.12418179959058762,
          "z": -0.31576117873191833
        },
        "scale": {
          "x": 1.0,
          "y": 1.0,
          "z": 1.0
        },
        "matrix_basis": [
          [
            0.7697474956512451,
            0.6229723691940308,
            0.13926315307617188,
            0.0
          ],
          [
            -0.5509440898895264,
            0.7585363984107971,
            -0.3479700982570648,
            0.0
          ],
          [
            -0.3224119246006012,
            0.19112293422222137,
            0.9271044135093689,
            0.0
          ],
          [
            0.0,
            0.0,
            0.0,
            1.0
          ]
        ],
        "rotation_mode": "QUATERNION"
      },
      "armature_space": {
        "head": {
          "x": 0.3375176191329956,
          "y": -0.07492907345294952,
          "z": 0.5710398554801941
        },
        "tail": {
          "x": 0.5781076550483704,
          "y": -0.09323113411664963,
          "z": 0.4554932117462158
        }
      },
      "world_space": {
        "head": {
          "x": 0.3375176191329956,
          "y": -0.011685073375701904,
          "z": 1.5208938121795654
        },
        "tail": {
          "x": 0.5781076550483704,
          "y": -0.029987134039402008,
          "z": 1.405347228050232
        },
        "rotation_quaternion": {
          "w": 0.012663490138947964,
          "x": -0.6646087169647217,
          "y": -0.6823739409446716,
          "z": 0.30413949489593506
        },
        "matrix": [
          [
            -0.1162678450345993,
            0.8993196487426758,
            -0.4215519428253174,
            0.3375176191329956
          ],
          [
            0.9147273302078247,
            -0.0684126615524292,
            -0.39823877811431885,
            -0.011685073375701904
          ],
          [
            -0.386985182762146,
            -0.43191051483154297,
            -0.8146839737892151,
            1.5208938121795654
          ],
          [
            0.0,
            0.0,
            0.0,
            1.0
          ]
        ]
      },
      "bone_length_armature_space": 0.26752487121690854,
      "parent": "upperarm_l",
      "has_children": true,
      "is_end_bone": false
    },
    "metacarpal_thumb_l": {
      "name": "metacarpal_thumb_l",
      "local": {
        "location": {
          "x": 0.0,
          "y": 0.0,
          "z": 0.0
        },
        "rotation_quaternion": {
          "w": 0.9999666810035706,
          "x": 0.0052564446814358234,
          "y": -0.005789878778159618,
          "z": 0.0023648461792618036
        },
        "scale": {
          "x": 1.0,
          "y": 1.0,
          "z": 1.0
        },
        "matrix_basis": [
          [
            0.9999217987060547,
            -0.004790402948856354,
            -0.011554510332643986,
            0.0
          ],
          [
            0.004668666515499353,
            0.9999335408210754,
            -0.010539923794567585,
            0.0
          ],
          [
            0.011604232713580132,
            0.010485154576599598,
            0.9998776912689209,
            0.0
          ],
          [
            0.0,
            0.0,
            0.0,
            1.0
          ]
        ],
        "rotation_mode": "QUATERNION"
      },
      "armature_space": {
        "head": {
          "x": 0.5781076550483704,
          "y": -0.09323113411664963,
          "z": 0.4554932117462158
        },
        "tail": {
          "x": 0.599542498588562,
          "y": -0.09883162379264832,
          "z": 0.4111897647380829
        }
      },
      "world_space": {
        "head": {
          "x": 0.5781076550483704,
          "y": -0.029987134039402008,
          "z": 1.405347228050232
        },
        "tail": {
          "x": 0.599542498588562,
          "y": -0.035587623715400696,
          "z": 1.3610438108444214
        },
        "rotation_quaternion": {
          "w": 0.6112625002861023,
          "x": -0.7453343272209167,
          "y": -0.26424646377563477,
          "z": -0.03176076337695122
        },
        "matrix": [
          [
            0.8583294749259949,
            0.4327324330806732,
            -0.27570515871047974,
            0.5781076550483704
          ],
          [
            0.35507819056510925,
            -0.113064244389534,
            0.927974283695221,
            -0.029987134039402008
          ],
          [
            0.37039509415626526,
            -0.8944106101989746,
            -0.25070106983184814,
            1.405347228050232
          ],
          [
            0.0,
            0.0,
            0.0,
            1.0
          ]
        ]
      },
      "bone_length_armature_space": 0.04953396190883393,
      "parent": "lowerarm_l",
      "has_children": true,
      "is_end_bone": false
    },
    "thumb_01_l": {
      "name": "thumb_01_l",
      "local": {
        "location": {
          "x": 0.0,
          "y": 0.0,
          "z": 0.0
        },
        "rotation_quaternion": {
          "w": 0.9826189279556274,
          "x": 0.18500415980815887,
          "y": -0.015181017108261585,
          "z": -0.0017734323628246784
        },
        "scale": {
          "x": 1.0,
          "y": 1.0,
          "z": 1.0
        },
        "matrix_basis": [
          [
            0.9995327591896057,
            -0.002131886314600706,
            -0.030490493401885033,
            0.0
          ],
          [
            -0.009102319367229939,
            0.9315406084060669,
            -0.36352333426475525,
            0.0
          ],
          [
            0.02917812392115593,
            0.363631010055542,
            0.931086003780365,
            0.0
          ],
          [
            0.0,
            0.0,
            0.0,
            1.0
          ]
        ],
        "rotation_mode": "QUATERNION"
      },
      "armature_space": {
        "head": {
          "x": 0.599542498588562,
          "y": -0.09883162379264832,
          "z": 0.4111897647380829
        },
        "tail": {
          "x": 0.6094826459884644,
          "y": -0.07544443011283875,
          "z": 0.3885432481765747
        }
      },
      "world_space": {
        "head": {
          "x": 0.599542498588562,
          "y": -0.035587623715400696,
          "z": 1.3610438108444214
        },
        "tail": {
          "x": 0.6094826459884644,
          "y": -0.012200430035591125,
          "z": 1.3383972644805908
        },
        "rotation_quaternion": {
          "w": 0.8338596224784851,
          "x": -0.26220056414604187,
          "y": 0.3849905729293823,
          "z": -0.296161025762558
        },
        "matrix": [
          [
            0.528141438961029,
            0.292025625705719,
            0.7973630428314209,
            0.599542498588562
          ],
          [
            -0.6958033442497253,
            0.6870790719985962,
            0.20923760533332825,
            -0.035587623715400696
          ],
          [
            -0.4867524206638336,
            -0.6653187274932861,
            0.5660715103149414,
            1.3610438108444214
          ],
          [
            0.0,
            0.0,
            0.0,
            1.0
          ]
        ]
      },
      "bone_length_armature_space": 0.034038684780123896,
      "parent": "metacarpal_thumb_l",
      "has_children": true,
      "is_end_bone": false
    },
    "thumb_02_l": {
      "name": "thumb_02_l",
      "local": {
        "location": {
          "x": 0.0,
          "y": 0.0,
          "z": 0.0
        },
        "rotation_quaternion": {
          "w": 0.9177982807159424,
          "x": 0.39689505100250244,
          "y": 0.010891756042838097,
          "z": 0.001450250274501741
        },
        "scale": {
          "x": 1.0,
          "y": 1.0,
          "z": 1.0
        },
        "matrix_basis": [
          [
            0.9997585415840149,
            0.005983693525195122,
            0.021144064143300056,
            0.0
          ],
          [
            0.01130784209817648,
            0.6849444508552551,
            -0.7285075783729553,
            0.0
          ],
          [
            -0.01884167641401291,
            0.7285707592964172,
            0.6847113966941833,
            0.0
          ],
          [
            0.0,
            0.0,
            0.0,
            1.0
          ]
        ],
        "rotation_mode": "QUATERNION"
      },
      "armature_space": {
        "head": {
          "x": 0.6094825267791748,
          "y": -0.07544442266225815,
          "z": 0.3885432481765747
        },
        "tail": {
          "x": 0.6423218250274658,
          "y": -0.09536783397197723,
          "z": 0.40028291940689087
        }
      },
      "world_space": {
        "head": {
          "x": 0.6094825267791748,
          "y": -0.012200422585010529,
          "z": 1.3383972644805908
        },
        "tail": {
          "x": 0.6423218250274658,
          "y": -0.032123833894729614,
          "z": 1.3501369953155518
        },
        "rotation_quaternion": {
          "w": 0.49693265557289124,
          "x": 0.40332645177841187,
          "y": 0.07094793766736984,
          "z": -0.7650831937789917
        },
        "matrix": [
          [
            -0.1807706505060196,
            0.8176215887069702,
            -0.5466417670249939,
            0.6094825267791748
          ],
          [
            -0.7031596302986145,
            -0.4960465133190155,
            -0.5094161033630371,
            -0.012200422585010529
          ],
          [
            -0.6876746416091919,
            0.29229068756103516,
            0.664592981338501,
            1.3383972644805908
          ],
          [
            0.0,
            0.0,
            0.0,
            1.0
          ]
        ]
      },
      "bone_length_armature_space": 0.040164433216154,
      "parent": "thumb_01_l",
      "has_children": true,
      "is_end_bone": false
    },
    "thumb_03_l": {
      "name": "thumb_03_l",
      "local": {
        "location": {
          "x": 0.0,
          "y": 0.0,
          "z": 0.0
        },
        "rotation_quaternion": {
          "w": 0.9845572710037231,
          "x": 0.17468327283859253,
          "y": 0.010620741173624992,
          "z": -0.004466156475245953
        },
        "scale": {
          "x": 1.0,
          "y": 1.0,
          "z": 1.0
        },
        "matrix_basis": [
          [
            0.9997345209121704,
            0.012504905462265015,
            0.01935313083231449,
            0.0
          ],
          [
            -0.0050838422030210495,
            0.9389316439628601,
            -0.34406623244285583,
            0.0
          ],
          [
            -0.022473782300949097,
            0.34387651085853577,
            0.93874591588974,
            0.0
          ],
          [
            0.0,
            0.0,
            0.0,
            1.0
          ]
        ],
        "rotation_mode": "QUATERNION"
      },
      "armature_space": {
        "head": {
          "x": 0.6423218250274658,
          "y": -0.09536781907081604,
          "z": 0.4002828598022461
        },
        "tail": {
          "x": 0.6536555290222168,
          "y": -0.11641160398721695,
          "z": 0.4191402494907379
        }
      },
      "world_space": {
        "head": {
          "x": 0.6423218250274658,
          "y": -0.03212381899356842,
          "z": 1.3501368761062622
        },
        "tail": {
          "x": 0.6536555290222168,
          "y": -0.05316760390996933,
          "z": 1.3689942359924316
        },
        "rotation_quaternion": {
          "w": 0.3859056830406189,
          "x": 0.6849033236503601,
          "y": -0.073967844247818,
          "z": -0.6136066913604736
        },
        "matrix": [
          [
            0.23603087663650513,
            0.37227022647857666,
            -0.8976105451583862,
            0.6423218250274658
          ],
          [
            -0.5749108195304871,
            -0.6912092566490173,
            -0.437844455242157,
            -0.03212381899356842
          ],
          [
            -0.7834387421607971,
            0.6193944811820984,
            0.0508752167224884,
            1.3501368761062622
          ],
          [
            0.0,
            0.0,
            0.0,
            1.0
          ]
        ]
      },
      "bone_length_armature_space": 0.03044494807630559,
      "parent": "thumb_02_l",
      "has_children": false,
      "is_end_bone": true
    },
    "metacarpal_index_l": {
      "name": "metacarpal_index_l",
      "local": {
        "location": {
          "x": 0.0,
          "y": 0.0,
          "z": 0.0
        },
        "rotation_quaternion": {
          "w": 0.9996978640556335,
          "x": 0.019102275371551514,
          "y": 0.015282679349184036,
          "z": -0.002389113884419203
        },
        "scale": {
          "x": 1.0,
          "y": 1.0,
          "z": 1.0
        },
        "matrix_basis": [
          [
            0.9995214343070984,
            0.005360651761293411,
            0.03046484850347042,
            0.0
          ],
          [
            -0.004192916210740805,
            0.999258816242218,
            -0.03826603293418884,
            0.0
          ],
          [
            -0.03064739890396595,
            0.03811998292803764,
            0.9988030791282654,
            0.0
          ],
          [
            0.0,
            0.0,
            0.0,
            1.0
          ]
        ],
        "rotation_mode": "QUATERNION"
      },
      "armature_space": {
        "head": {
          "x": 0.5781076550483704,
          "y": -0.09323113411664963,
          "z": 0.4554932117462158
        },
        "tail": {
          "x": 0.66046142578125,
          "y": -0.10673782229423523,
          "z": 0.3732451796531677
        }
      },
      "world_space": {
        "head": {
          "x": 0.5781076550483704,
          "y": -0.029987134039402008,
          "z": 1.405347228050232
        },
        "tail": {
          "x": 0.66046142578125,
          "y": -0.04349382221698761,
          "z": 1.323099136352539
        },
        "rotation_quaternion": {
          "w": 0.42721840739250183,
          "x": -0.7439128160476685,
          "y": -0.5097524523735046,
          "z": 0.06504383683204651
        },
        "matrix": [
          [
            0.47184115648269653,
            0.7028467655181885,
            -0.5323273539543152,
            0.5781076550483704
          ],
          [
            0.8140007853507996,
            -0.11527258902788162,
            0.5693113803863525,
            -0.029987134039402008
          ],
          [
            0.33877888321876526,
            -0.7019444108009338,
            -0.6265118718147278,
            1.405347228050232
          ],
          [
            0.0,
            0.0,
            0.0,
            1.0
          ]
        ]
      },
      "bone_length_armature_space": 0.11717215036407816,
      "parent": "lowerarm_l",
      "has_children": true,
      "is_end_bone": false
    },
    "index_01_l": {
      "name": "index_01_l",
      "local": {
        "location": {
          "x": 0.0,
          "y": 0.0,
          "z": 0.0
        },
        "rotation_quaternion": {
          "w": 0.977060854434967,
          "x": 0.21254576742649078,
          "y": 0.01135227084159851,
          "z": 0.006897248327732086
        },
        "scale": {
          "x": 1.0,
          "y": 1.0,
          "z": 1.0
        },
        "matrix_basis": [
          [
            0.9996470808982849,
            -0.008652308024466038,
            0.02511567994952202,
            0.0
          ],
          [
            0.01830381713807583,
            0.9095534682273865,
            -0.4151836931705475,
            0.0
          ],
          [
            -0.019251756370067596,
            0.4154968857765198,
            0.9093908667564392,
            0.0
          ],
          [
            0.0,
            0.0,
            0.0,
            1.0
          ]
        ],
        "rotation_mode": "QUATERNION"
      },
      "armature_space": {
        "head": {
          "x": 0.66046142578125,
          "y": -0.10673782229423523,
          "z": 0.3732451796531677
        },
        "tail": {
          "x": 0.6784749031066895,
          "y": -0.0973546952009201,
          "z": 0.3532315194606781
        }
      },
      "world_space": {
        "head": {
          "x": 0.66046142578125,
          "y": -0.04349382221698761,
          "z": 1.323099136352539
        },
        "tail": {
          "x": 0.6784749031066895,
          "y": -0.034110695123672485,
          "z": 1.3030855655670166
        },
        "rotation_quaternion": {
          "w": 0.5323895812034607,
          "x": -0.5745803713798523,
          "y": -0.6173300743103027,
          "z": 0.07295472174882889
        },
        "matrix": [
          [
            0.22716447710990906,
            0.6317335367202759,
            -0.7411540150642395,
            0.66046142578125
          ],
          [
            0.7870923280715942,
            0.32906660437583923,
            0.5217292308807373,
            -0.04349382221698761
          ],
          [
            0.573487401008606,
            -0.7018795013427734,
            -0.4224826693534851,
            1.323099136352539
          ],
          [
            0.0,
            0.0,
            0.0,
            1.0
          ]
        ]
      },
      "bone_length_armature_space": 0.0285144703815824,
      "parent": "metacarpal_index_l",
      "has_children": true,
      "is_end_bone": false
    },
    "index_02_l": {
      "name": "index_02_l",
      "local": {
        "location": {
          "x": 0.0,
          "y": 0.0,
          "z": 0.0
        },
        "rotation_quaternion": {
          "w": 0.9218162298202515,
          "x": 0.38750511407852173,
          "y": -0.007248069159686565,
          "z": 0.006503349635750055
        },
        "scale": {
          "x": 1.0,
          "y": 1.0,
          "z": 1.0
        },
        "matrix_basis": [
          [
            0.9998103380203247,
            -0.01760711334645748,
            -0.008322613313794136,
            0.0
          ],
          [
            0.006372458767145872,
            0.6995949745178223,
            -0.7145112752914429,
            0.0
          ],
          [
            0.018402937799692154,
            0.7143227458000183,
            0.6995745301246643,
            0.0
          ],
          [
            0.0,
            0.0,
            0.0,
            1.0
          ]
        ],
        "rotation_mode": "QUATERNION"
      },
      "armature_space": {
        "head": {
          "x": 0.6784748435020447,
          "y": -0.09735459089279175,
          "z": 0.3532310128211975
        },
        "tail": {
          "x": 0.6769236922264099,
          "y": -0.08288675546646118,
          "z": 0.3321034908294678
        }
      },
      "world_space": {
        "head": {
          "x": 0.6784748435020447,
          "y": -0.03411059081554413,
          "z": 1.3030850887298584
        },
        "tail": {
          "x": 0.6769236922264099,
          "y": -0.019642755389213562,
          "z": 1.2819575071334839
        },
        "rotation_quaternion": {
          "w": 0.6798253059387207,
          "x": -0.336125910282135,
          "y": -0.5655314922332764,
          "z": 0.3240850269794464
        },
        "matrix": [
          [
            0.150287464261055,
            -0.06046596169471741,
            -0.986791729927063,
            0.6784748435020447
          ],
          [
            0.8208224177360535,
            0.5639764666557312,
            0.09045276045799255,
            -0.03411059081554413
          ],
          [
            0.551062285900116,
            -0.8235797882080078,
            0.13439136743545532,
            1.3030850887298584
          ],
          [
            0.0,
            0.0,
            0.0,
            1.0
          ]
        ]
      },
      "bone_length_armature_space": 0.0256533920903239,
      "parent": "index_01_l",
      "has_children": true,
      "is_end_bone": false
    },
    "index_03_l": {
      "name": "index_03_l",
      "local": {
        "location": {
          "x": 0.0,
          "y": 0.0,
          "z": 0.0
        },
        "rotation_quaternion": {
          "w": 0.9628773331642151,
          "x": 0.26991283893585205,
          "y": -0.003135981038212776,
          "z": 0.002144934842363
        },
        "scale": {
          "x": 1.0,
          "y": 1.0,
          "z": 1.0
        },
        "matrix_basis": [
          [
            0.9999711513519287,
            -0.005823501385748386,
            -0.004881239030510187,
            0.0
          ],
          [
            0.0024377352092415094,
            0.854284942150116,
            -0.5197993516921997,
            0.0
          ],
          [
            0.0071970210410654545,
            0.519772469997406,
            0.8542744517326355,
            0.0
          ],
          [
            0.0,
            0.0,
            0.0,
            1.0
          ]
        ],
        "rotation_mode": "QUATERNION"
      },
      "armature_space": {
        "head": {
          "x": 0.6769238114356995,
          "y": -0.08288679271936417,
          "z": 0.3321034610271454
        },
        "tail": {
          "x": 0.6589131355285645,
          "y": -0.06560099124908447,
          "z": 0.3169195055961609
        }
      },
      "world_space": {
        "head": {
          "x": 0.6769238114356995,
          "y": -0.019642792642116547,
          "z": 1.2819575071334839
        },
        "tail": {
          "x": 0.6589131355285645,
          "y": -0.002356991171836853,
          "z": 1.2667734622955322
        },
        "rotation_quaternion": {
          "w": 0.7769140601158142,
          "x": -0.0838734582066536,
          "y": -0.43841272592544556,
          "z": 0.4440317451953888
        },
        "matrix": [
          [
            0.2212589830160141,
            -0.6164089441299438,
            -0.7557015419006348,
            0.6769238114356995
          ],
          [
            0.7634920477867126,
            0.5916008353233337,
            -0.2590155601501465,
            -0.019642792642116547
          ],
          [
            0.6067377328872681,
            -0.5196657180786133,
            0.6015241146087646,
            1.2819575071334839
          ],
          [
            0.0,
            0.0,
            0.0,
            1.0
          ]
        ]
      },
      "bone_length_armature_space": 0.029218759056637504,
      "parent": "index_02_l",
      "has_children": false,
      "is_end_bone": true
    },
    "metacarpal_pinky_l": {
      "name": "metacarpal_pinky_l",
      "local": {
        "location": {
          "x": 0.0,
          "y": 0.0,
          "z": 0.0
        },
        "rotation_quaternion": {
          "w": 0.9997048377990723,
          "x": -0.010097869671881199,
          "y": 0.01589859090745449,
          "z": 0.015345221385359764
        },
        "scale": {
          "x": 1.0,
          "y": 1.0,
          "z": 1.0
        },
        "matrix_basis": [
          [
            0.9990234971046448,
            -0.03100246749818325,
            0.03147788718342781,
            0.0
          ],
          [
            0.030360300093889236,
            0.9993250966072083,
            0.020677713677287102,
            0.0
          ],
          [
            -0.0320977047085762,
            -0.019701844081282616,
            0.9992905259132385,
            0.0
          ],
          [
            0.0,
            0.0,
            0.0,
            1.0
          ]
        ],
        "rotation_mode": "QUATERNION"
      },
      "armature_space": {
        "head": {
          "x": 0.5781076550483704,
          "y": -0.09323113411664963,
          "z": 0.4554932117462158
        },
        "tail": {
          "x": 0.6808630228042603,
          "y": -0.08444160968065262,
          "z": 0.4410954415798187
        }
      },
      "world_space": {
        "head": {
          "x": 0.5781076550483704,
          "y": -0.029987134039402008,
          "z": 1.405347228050232
        },
        "tail": {
          "x": 0.6808630228042603,
          "y": -0.021197609603405,
          "z": 1.3909494876861572
        },
        "rotation_quaternion": {
          "w": 0.512212872505188,
          "x": 0.41607266664505005,
          "y": 0.5290014743804932,
          "z": -0.5335531830787659
        },
        "matrix": [
          [
            -0.12904296815395355,
            0.9867918491363525,
            0.09792844206094742,
            0.5781076550483704
          ],
          [
            -0.10638105124235153,
            0.08440853655338287,
            -0.9907364845275879,
            -0.029987134039402008
          ],
          [
            -0.9859234094619751,
            -0.13826623558998108,
            0.09408321976661682,
            1.405347228050232
          ],
          [
            0.0,
            0.0,
            0.0,
            1.0
          ]
        ]
      },
      "bone_length_armature_space": 0.10413076997928597,
      "parent": "lowerarm_l",
      "has_children": true,
      "is_end_bone": false
    },
    "pinky_01_l": {
      "name": "pinky_01_l",
      "local": {
        "location": {
          "x": 0.0,
          "y": 0.0,
          "z": 0.0
        },
        "rotation_quaternion": {
          "w": 0.9322245121002197,
          "x": 0.36066824197769165,
          "y": 0.029570182785391808,
          "z": -0.0012674391036853194
        },
        "scale": {
          "x": 1.0,
          "y": 1.0,
          "z": 1.0
        },
        "matrix_basis": [
          [
            0.9982479810714722,
            0.023693127557635307,
            0.05421784892678261,
            0.0
          ],
          [
            0.018966976553201675,
            0.739833652973175,
            -0.6725224852561951,
            0.0
          ],
          [
            -0.05604634806513786,
            0.672372579574585,
            0.738088071346283,
            0.0
          ],
          [
            0.0,
            0.0,
            0.0,
            1.0
          ]
        ],
        "rotation_mode": "QUATERNION"
      },
      "armature_space": {
        "head": {
          "x": 0.6808630228042603,
          "y": -0.08444160968065262,
          "z": 0.4410954415798187
        },
        "tail": {
          "x": 0.6930361390113831,
