{
  "metadata": {
    "armature_name": "KIM_caucasian_male",
    "export_time": "2026-01-13T20:25:00.615860",
    "blender_version": "4.4.1",
    "bone_count": 56,
    "end_bone_count": 13,
    "spaces_included": [
      "LOCAL_CHANNELS",
      "ARMATURE_SPACE",
      "WORLD_SPACE"
    ],
    "note": "LOCAL matches Transform panel; replay pose via local.matrix_basis for best fidelity."
  },
  "bones": {
    "Root": {
      "name": "Root",
      "local": {
        "location": {
          "x": 0.0,
          "y": 0.0,
          "z": 0.0
        },
        "rotation_quaternion": {
          "w": 0.9997290372848511,
          "x": -0.008199634961783886,
          "y": 0.010109403170645237,
          "z": 0.019302621483802795
        },
        "scale": {
          "x": 1.0,
          "y": 1.0,
          "z": 1.0
        },
        "matrix_basis": [
          [
            0.9990504384040833,
            -0.03876056894659996,
            0.01989677920937538,
            0.0
          ],
          [
            0.03842899575829506,
            0.9991203546524048,
            0.01678510196506977,
            0.0
          ],
          [
            -0.02052987739443779,
            -0.016004551202058792,
            0.9996611475944519,
            0.0
          ],
          [
            0.0,
            0.0,
            0.0,
            1.0
          ]
        ],
        "rotation_mode": "QUATERNION"
      },
      "armature_space": {
        "head": {
          "x": 0.0,
          "y": 0.07072800397872925,
          "z": -0.009595036506652832
        },
        "tail": {
          "x": -0.0027665693778544664,
          "y": 0.0002157837152481079,
          "z": 0.0011235373094677925
        }
      },
      "world_space": {
        "head": {
          "x": 0.0,
          "y": 0.13397200405597687,
          "z": 0.9402589797973633
        },
        "tail": {
          "x": -0.0027665693778544664,
          "y": 0.06345978379249573,
          "z": 0.9509775638580322
        },
        "rotation_quaternion": {
          "w": 0.07553041726350784,
          "x": 0.996905505657196,
          "y": -0.01857772469520569,
          "z": 0.011386816389858723
        },
        "matrix": [
          [
            0.9990504384040833,
            -0.03876056894659996,
            0.01989677920937538,
            0.0
          ],
          [
            -0.035320356488227844,
            -0.9879000186920166,
            -0.15101689100265503,
            0.13397200405597687
          ],
          [
            0.025509674102067947,
            0.15017083287239075,
            -0.988338053226471,
            0.9402589797973633
          ],
          [
            0.0,
            0.0,
            0.0,
            1.0
          ]
        ]
      },
      "bone_length_armature_space": 0.07137587029593676,
      "parent": null,
      "has_children": true,
      "is_end_bone": false
    },
    "spine_01": {
      "name": "spine_01",
      "local": {
        "location": {
          "x": 0.0,
          "y": 0.0,
          "z": 0.0
        },
        "rotation_quaternion": {
          "w": 0.9985311031341553,
          "x": -0.016940364614129066,
          "y": 0.00893514696508646,
          "z": 0.050684988498687744
        },
        "scale": {
          "x": 1.0,
          "y": 1.0,
          "z": 1.0
        },
        "matrix_basis": [
          [
            0.9947023987770081,
            -0.10152380168437958,
            0.01612680032849312,
            0.0
          ],
          [
            0.10091834515333176,
            0.9942880868911743,
            0.034736718982458115,
            0.0
          ],
          [
            -0.019561288878321648,
            -0.032925207167863846,
            0.9992663860321045,
            0.0
          ],
          [
            0.0,
            0.0,
            0.0,
            1.0
          ]
        ],
        "rotation_mode": "QUATERNION"
      },
      "armature_space": {
        "head": {
          "x": -0.0027665693778544664,
          "y": 0.0002157837152481079,
          "z": 0.0011235373094677925
        },
        "tail": {
          "x": -0.06294222921133041,
          "y": 0.04881488159298897,
          "z": 0.48295918107032776
        }
      },
      "world_space": {
        "head": {
          "x": -0.0027665693778544664,
          "y": 0.06345978379249573,
          "z": 0.9509775638580322
        },
        "tail": {
          "x": -0.06294222921133041,
          "y": 0.11205887794494629,
          "z": 1.4328131675720215
        },
        "rotation_quaternion": {
          "w": 0.7398294806480408,
          "x": 0.6698654890060425,
          "y": -0.04945918172597885,
          "z": 0.03855515271425247
        },
        "matrix": [
          [
            0.9921346306800842,
            -0.12331046164035797,
            -0.021528389304876328,
            -0.0027665693778544664
          ],
          [
            -0.009212659671902657,
            0.0995880663394928,
            -0.9949862360954285,
            0.06345978379249573
          ],
          [
            0.12483704090118408,
            0.9873656034469604,
            0.09766850620508194,
            0.9509775638580322
          ],
          [
            0.0,
            0.0,
            0.0,
            1.0
          ]
        ]
      },
      "bone_length_armature_space": 0.48800466953490845,
      "parent": "Root",
      "has_children": true,
      "is_end_bone": false
    },
    "neck_01": {
      "name": "neck_01",
      "local": {
        "location": {
          "x": 0.0,
          "y": 0.0,
          "z": 0.0
        },
        "rotation_quaternion": {
          "w": 0.9938945770263672,
          "x": 0.0651639774441719,
          "y": -0.06551205366849899,
          "z": -0.0602957159280777
        },
        "scale": {
          "x": 1.0,
          "y": 1.0,
          "z": 1.0
        },
        "matrix_basis": [
          [
            0.9841452240943909,
            0.11131712049245834,
            -0.1380823701620102,
            0.0
          ],
          [
            -0.12839321792125702,
            0.9842361807823181,
            -0.12163205444812775,
            0.0
          ],
          [
            0.12236592918634415,
            0.13743244111537933,
            0.9829236268997192,
            0.0
          ],
          [
            0.0,
            0.0,
            0.0,
            1.0
          ]
        ],
        "rotation_mode": "QUATERNION"
      },
      "armature_space": {
        "head": {
          "x": -0.07271744310855865,
          "y": 0.02160000428557396,
          "z": 0.5586397051811218
        },
        "tail": {
          "x": -0.07337429374456406,
          "y": -0.020871318876743317,
          "z": 0.6519483327865601
        }
      },
      "world_space": {
        "head": {
          "x": -0.07271744310855865,
          "y": 0.08484400808811188,
          "z": 1.5084936618804932
        },
        "tail": {
          "x": -0.07337429374456406,
          "y": 0.0423726812005043,
          "z": 1.6018023490905762
        },
        "rotation_quaternion": {
          "w": 0.5403896570205688,
          "x": 0.8399960994720459,
          "y": -0.029067086055874825,
          "z": -0.039254579693078995
        },
        "matrix": [
          [
            0.9952284693717957,
            -0.006406981963664293,
            -0.09736242145299911,
            -0.07271744310855865
          ],
          [
            -0.0912579894065857,
            -0.4142681360244751,
            -0.905568540096283,
            0.08484400808811188
          ],
          [
            -0.03453248366713524,
            0.9101384878158569,
            -0.4128797650337219,
            1.5084936618804932
          ],
          [
            0.0,
            0.0,
            0.0,
            1.0
          ]
        ]
      },
      "bone_length_armature_space": 0.10252192226322585,
      "parent": "spine_01",
      "has_children": true,
      "is_end_bone": false
    },
    "head": {
      "name": "head",
      "local": {
        "location": {
          "x": 0.0,
          "y": 0.0,
          "z": 0.0
        },
        "rotation_quaternion": {
          "w": 0.9936161041259766,
          "x": 0.06851000338792801,
          "y": -0.0003987266100011766,
          "z": -0.08962836116552353
        },
        "scale": {
          "x": 1.0,
          "y": 1.0,
          "z": 1.0
        },
        "matrix_basis": [
          [
            0.9839332103729248,
            0.1780577301979065,
            -0.013073241338133812,
            0.0
          ],
          [
            -0.17816700041294098,
            0.9745462536811829,
            -0.13607381284236908,
            0.0
          ],
          [
            -0.011488515883684158,
            0.13621675968170166,
            0.9906124472618103,
            0.0
          ],
          [
            0.0,
            0.0,
            0.0,
            1.0
          ]
        ],
        "rotation_mode": "QUATERNION"
      },
      "armature_space": {
        "head": {
          "x": -0.07337430864572525,
          "y": -0.02087143063545227,
          "z": 0.6519482135772705
        },
        "tail": {
          "x": -0.04360645264387131,
          "y": -0.053362101316452026,
          "z": 0.8006476163864136
        }
      },
      "world_space": {
        "head": {
          "x": -0.07337430864572525,
          "y": 0.04237256944179535,
          "z": 1.6018022298812866
        },
        "tail": {
          "x": -0.04360645264387131,
          "y": 0.009881898760795593,
          "z": 1.7505016326904297
        },
        "rotation_quaternion": {
          "w": 0.6274628043174744,
          "x": 0.770573079586029,
          "y": 0.039276428520679474,
          "z": -0.10471390187740326
        },
        "matrix": [
          [
            0.9749849438667297,
            0.19193896651268005,
            -0.11208923161029816,
            -0.07337430864572525
          ],
          [
            -0.07087631523609161,
            -0.20949530601501465,
            -0.9752378463745117,
            0.04237256944179535
          ],
          [
            -0.21066978573799133,
            0.9587929844856262,
            -0.19065304100513458,
            1.6018022298812866
          ],
          [
            0.0,
            0.0,
            0.0,
            1.0
          ]
        ]
      },
      "bone_length_armature_space": 0.1550912042598525,
      "parent": "neck_01",
      "has_children": false,
      "is_end_bone": true
    },
    "upperarm_l": {
      "name": "upperarm_l",
      "local": {
        "location": {
          "x": 0.0,
          "y": 0.0,
          "z": 0.0
        },
        "rotation_quaternion": {
          "w": 0.9343977570533752,
          "x": -0.1706392616033554,
          "y": -0.024819692596793175,
          "z": -0.3117164075374603
        },
        "scale": {
          "x": 1.0,
          "y": 1.0,
          "z": 1.0
        },
        "matrix_basis": [
          [
            0.8044337034225464,
            0.5910046696662903,
            0.05999918654561043,
            0.0
          ],
          [
            -0.574063777923584,
            0.7474302649497986,
            0.33436331152915955,
            0.0
          ],
          [
            0.15276505053043365,
            -0.30341649055480957,
            0.9405324459075928,
            0.0
          ],
          [
            0.0,
            0.0,
            0.0,
            1.0
          ]
        ],
        "rotation_mode": "QUATERNION"
      },
      "armature_space": {
        "head": {
          "x": 0.084321528673172,
          "y": 0.01035187765955925,
          "z": 0.5113181471824646
        },
        "tail": {
          "x": 0.2979363799095154,
          "y": 0.0849560797214508,
          "z": 0.3677534759044647
        }
      },
      "world_space": {
        "head": {
          "x": 0.084321528673172,
          "y": 0.07359588146209717,
          "z": 1.461172103881836
        },
        "tail": {
          "x": 0.2979363799095154,
          "y": 0.14820007979869843,
          "z": 1.3176075220108032
        },
        "rotation_quaternion": {
          "w": 0.45789024233818054,
          "x": 0.21678589284420013,
          "y": 0.655393123626709,
          "z": -0.5601788759231567
        },
        "matrix": [
          [
            -0.48667967319488525,
            0.7971612811088562,
            0.357319176197052,
            0.084321528673172
          ],
          [
            -0.2288447618484497,
            0.27840566635131836,
            -0.932802677154541,
            0.07359588146209717
          ],
          [
            -0.8430797457695007,
            -0.5357502102851868,
            0.04693124443292618,
            1.461172103881836
          ],
          [
            0.0,
            0.0,
            0.0,
            1.0
          ]
        ]
      },
      "bone_length_armature_space": 0.2679699713884884,
      "parent": "spine_01",
      "has_children": true,
      "is_end_bone": false
    },
    "lowerarm_l": {
      "name": "lowerarm_l",
      "local": {
        "location": {
          "x": 0.0,
          "y": 0.0,
          "z": 0.0
        },
        "rotation_quaternion": {
          "w": 0.947382926940918,
          "x": 0.28350135684013367,
          "y": 0.005101156886667013,
          "z": -0.14854827523231506
        },
        "scale": {
          "x": 1.0,
          "y": 1.0,
          "z": 1.0
        },
        "matrix_basis": [
          [
            0.955814778804779,
            0.28435656428337097,
            -0.07456177473068237,
            0.0
          ],
          [
            -0.27857184410095215,
            0.7951207756996155,
            -0.5386842489242554,
            0.0
          ],
          [
            -0.09389277547597885,
            0.5356531739234924,
            0.8392019271850586,
            0.0
          ],
          [
            0.0,
            0.0,
            0.0,
            1.0
          ]
        ],
        "rotation_mode": "QUATERNION"
      },
      "armature_space": {
        "head": {
          "x": 0.2979365289211273,
          "y": 0.084956094622612,
          "z": 0.3677535057067871
        },
        "tail": {
          "x": 0.4983060657978058,
          "y": -0.0339679941534996,
          "z": 0.2363048791885376
        }
      },
      "world_space": {
        "head": {
          "x": 0.2979365289211273,
          "y": 0.14820009469985962,
          "z": 1.3176075220108032
        },
        "tail": {
          "x": 0.4983060657978058,
          "y": 0.029276005923748016,
          "z": 1.1861588954925537
        },
        "rotation_quaternion": {
          "w": 0.32432207465171814,
          "x": 0.27321407198905945,
          "y": 0.41538846492767334,
          "z": -0.8047494292259216
        },
        "matrix": [
          [
            -0.6403383612632751,
            0.748976469039917,
            -0.17029708623886108,
            0.2979365289211273
          ],
          [
            -0.29501840472221375,
            -0.44453534483909607,
            -0.8457854390144348,
            0.14820009469985962
          ],
          [
            -0.7091814875602722,
            -0.49135178327560425,
            0.5056175589561462,
            1.3176075220108032
          ],
          [
            0.0,
            0.0,
            0.0,
            1.0
          ]
        ]
      },
      "bone_length_armature_space": 0.2675250150362602,
      "parent": "upperarm_l",
      "has_children": true,
      "is_end_bone": false
    },
    "metacarpal_thumb_l": {
      "name": "metacarpal_thumb_l",
      "local": {
        "location": {
          "x": 0.0,
          "y": 0.0,
          "z": 0.0
        },
        "rotation_quaternion": {
          "w": 0.999509334564209,
          "x": -0.028317522257566452,
          "y": 0.011631511151790619,
          "z": 0.00663420045748353
        },
        "scale": {
          "x": 1.0,
          "y": 1.0,
          "z": 1.0
        },
        "matrix_basis": [
          [
            0.9996414184570312,
            -0.013920641504228115,
            0.02287587895989418,
            0.0
          ],
          [
            0.012603139504790306,
            0.9983081817626953,
            0.05676158890128136,
            0.0
          ],
          [
            -0.02362733706831932,
            -0.0564529225230217,
            0.9981256723403931,
            0.0
          ],
          [
            0.0,
            0.0,
            0.0,
            1.0
          ]
        ],
        "rotation_mode": "QUATERNION"
      },
      "armature_space": {
        "head": {
          "x": 0.4983060657978058,
          "y": -0.0339679941534996,
          "z": 0.2363048791885376
        },
        "tail": {
          "x": 0.5185220837593079,
          "y": -0.07836909592151642,
          "z": 0.22773508727550507
        }
      },
      "world_space": {
        "head": {
          "x": 0.4983060657978058,
          "y": 0.029276005923748016,
          "z": 1.1861588954925537
        },
        "tail": {
          "x": 0.5185220837593079,
          "y": -0.015125095844268799,
          "z": 1.1775890588760376
        },
        "rotation_quaternion": {
          "w": 0.00856988038867712,
          "x": 0.8815800547599792,
          "y": 0.22745384275913239,
          "z": -0.41353118419647217
        },
        "matrix": [
          [
            0.5545130968093872,
            0.4081265926361084,
            -0.7252227067947388,
            0.4983060657978058
          ],
          [
            0.3939498960971832,
            -0.8963822722434998,
            -0.20323018729686737,
            0.029276005923748016
          ],
          [
            -0.7330251932144165,
            -0.1730094850063324,
            -0.6578418016433716,
            1.1861588954925537
          ],
          [
            0.0,
            0.0,
            0.0,
            1.0
          ]
        ]
      },
      "bone_length_armature_space": 0.049533691376637164,
      "parent": "lowerarm_l",
      "has_children": true,
      "is_end_bone": false
    },
    "thumb_01_l": {
      "name": "thumb_01_l",
      "local": {
        "location": {
          "x": 0.0,
          "y": 0.0,
          "z": 0.0
        },
        "rotation_quaternion": {
          "w": 0.9677802324295044,
          "x": 0.2515988051891327,
          "y": -0.00040341634303331375,
          "z": -0.00996410846710205
        },
        "scale": {
          "x": 1.0,
          "y": 1.0,
          "z": 1.0
        },
        "matrix_basis": [
          [
            0.9998010993003845,
            0.019083136692643166,
            -0.005794752389192581,
            0.0
          ],
          [
            -0.01948913186788559,
            0.8731974959373474,
            -0.48697665333747864,
            0.0
          ],
          [
            -0.00423307903110981,
            0.486992746591568,
            0.8733957409858704,
            0.0
          ],
          [
            0.0,
            0.0,
            0.0,
            1.0
          ]
        ],
        "rotation_mode": "QUATERNION"
      },
      "armature_space": {
        "head": {
          "x": 0.5185220837593079,
          "y": -0.07836909592151642,
          "z": 0.22773508727550507
        },
        "tail": {
          "x": 0.5177007913589478,
          "y": -0.09725522249937057,
          "z": 0.1994282454252243
        }
      },
      "world_space": {
        "head": {
          "x": 0.5185220837593079,
          "y": -0.015125095844268799,
          "z": 1.1775890588760376
        },
        "tail": {
          "x": 0.5177007913589478,
          "y": -0.034011222422122955,
          "z": 1.1492822170257568
        },
        "rotation_quaternion": {
          "w": 0.442679226398468,
          "x": -0.8358192443847656,
          "y": 0.16313548386096954,
          "z": -0.28076374530792236
        },
        "matrix": [
          [
            0.7891173958778381,
            -0.024127811193466187,
            0.613768458366394,
            0.5185220837593079
          ],
          [
            -0.5212797522544861,
            -0.5548447370529175,
            0.6483942270278931,
            -0.015125095844268799
          ],
          [
            0.32490357756614685,
            -0.8316104412078857,
            -0.45041751861572266,
            1.1775890588760376
          ],
          [
            0.0,
            0.0,
            0.0,
            1.0
          ]
        ]
      },
      "bone_length_armature_space": 0.03403876595286032,
      "parent": "metacarpal_thumb_l",
      "has_children": true,
      "is_end_bone": false
    },
    "thumb_02_l": {
      "name": "thumb_02_l",
      "local": {
        "location": {
          "x": 0.0,
          "y": 0.0,
          "z": 0.0
        },
        "rotation_quaternion": {
          "w": 0.893622636795044,
          "x": 0.44872623682022095,
          "y": -0.008674146607518196,
          "z": 0.002863304689526558
        },
        "scale": {
          "x": 1.0,
          "y": 1.0,
          "z": 1.0
        },
        "matrix_basis": [
          [
            0.9998331069946289,
            -0.012902062386274338,
            -0.012933148071169853,
            0.0
          ],
          [
            -0.002667206572368741,
            0.5972731113433838,
            -0.802033543586731,
            0.0
          ],
          [
            0.01807250827550888,
            0.8019341826438904,
            0.5971390604972839,
            0.0
          ],
          [
            0.0,
            0.0,
            0.0,
            1.0
          ]
        ],
        "rotation_mode": "QUATERNION"
      },
      "armature_space": {
        "head": {
          "x": 0.5177007913589478,
          "y": -0.09725522249937057,
          "z": 0.1994282603263855
        },
        "tail": {
          "x": 0.5540152788162231,
          "y": -0.08223507553339005,
          "z": 0.20772479474544525
        }
      },
      "world_space": {
        "head": {
          "x": 0.5177007913589478,
          "y": -0.034011222422122955,
          "z": 1.1492822170257568
        },
        "tail": {
          "x": 0.5540152788162231,
          "y": -0.018991075456142426,
          "z": 1.1575788259506226
        },
        "rotation_quaternion": {
          "w": 0.7551724314689636,
          "x": -0.11126574128866196,
          "y": -0.3416123390197754,
          "z": -0.5483024716377258
        },
        "matrix": [
          [
            0.16532927751541138,
            0.904146671295166,
            -0.3939356505870819,
            0.5177007913589478
          ],
          [
            -0.7521059513092041,
            0.37396660447120667,
            0.5426656603813171,
            -0.034011222422122955
          ],
          [
            0.6379716992378235,
            0.20656445622444153,
            0.7418472766876221,
            1.1492822170257568
          ],
          [
            0.0,
            0.0,
            0.0,
            1.0
          ]
        ]
      },
      "bone_length_armature_space": 0.040164404050309806,
      "parent": "thumb_01_l",
      "has_children": true,
      "is_end_bone": false
    },
    "thumb_03_l": {
      "name": "thumb_03_l",
      "local": {
        "location": {
          "x": 0.0,
          "y": 0.0,
          "z": 0.0
        },
        "rotation_quaternion": {
          "w": 0.991535484790802,
          "x": 0.12970879673957825,
          "y": -0.004130430053919554,
          "z": -0.004001567140221596
        },
        "scale": {
          "x": 1.0,
          "y": 1.0,
          "z": 1.0
        },
        "matrix_basis": [
          [
            0.9999338388442993,
            0.006863885559141636,
            -0.00922901276499033,
            0.0
          ],
          [
            -0.009006897918879986,
            0.96631920337677,
            -0.25718870759010315,
            0.0
          ],
          [
            0.00715285912156105,
            0.25725480914115906,
            0.9663171172142029,
            0.0
          ],
          [
            0.0,
            0.0,
            0.0,
            1.0
          ]
        ],
        "rotation_mode": "QUATERNION"
      },
      "armature_space": {
        "head": {
          "x": 0.5540152788162231,
          "y": -0.0822351723909378,
          "z": 0.20772477984428406
        },
        "tail": {
          "x": 0.5718036890029907,
          "y": -0.06306880712509155,
          "z": 0.2233170121908188
        }
      },
      "world_space": {
        "head": {
          "x": 0.5540152788162231,
          "y": -0.018991172313690186,
          "z": 1.1575788259506226
        },
        "tail": {
          "x": 0.5718036890029907,
          "y": 0.0001751929521560669,
          "z": 1.173171043395996
        },
        "rotation_quaternion": {
          "w": 0.850733757019043,
          "x": 0.1591971516609192,
          "y": -0.3017013967037201,
          "z": -0.3998558223247528
        },
        "matrix": [
          [
            0.4981820583343506,
            0.5842828750610352,
            -0.6406468749046326,
            0.5540152788162231
          ],
          [
            -0.7764018774032593,
            0.6295431852340698,
            -0.02959267795085907,
            -0.018991172313690186
          ],
          [
            0.38602614402770996,
            0.51214599609375,
            0.7672708630561829,
            1.1575788259506226
          ],
          [
            0.0,
            0.0,
            0.0,
            1.0
          ]
        ]
      },
      "bone_length_armature_space": 0.030444947120356152,
      "parent": "thumb_02_l",
      "has_children": false,
      "is_end_bone": true
    },
    "metacarpal_index_l": {
      "name": "metacarpal_index_l",
      "local": {
        "location": {
          "x": 0.0,
          "y": 0.0,
          "z": 0.0
        },
        "rotation_quaternion": {
          "w": 0.9997580647468567,
          "x": 0.00107248080894351,
          "y": -0.014108782634139061,
          "z": 0.01684233918786049
        },
        "scale": {
          "x": 1.0,
          "y": 1.0,
          "z": 1.0
        },
        "matrix_basis": [
          [
            0.999034583568573,
            -0.03370679169893265,
            -0.028174612671136856,
            0.0
          ],
          [
            0.03364626690745354,
            0.9994303584098816,
            -0.002619692590087652,
            0.0
          ],
          [
            0.028246864676475525,
            0.0016691929195076227,
            0.9995995759963989,
            0.0
          ],
          [
            0.0,
            0.0,
            0.0,
            1.0
          ]
        ],
        "rotation_mode": "QUATERNION"
      },
      "armature_space": {
        "head": {
          "x": 0.4983060657978058,
          "y": -0.0339679941534996,
          "z": 0.2363048791885376
        },
        "tail": {
          "x": 0.5719918012619019,
          "y": -0.11710267513990402,
          "z": 0.19904524087905884
        }
      },
      "world_space": {
        "head": {
          "x": 0.4983060657978058,
          "y": 0.029276005923748016,
          "z": 1.1861588954925537
        },
        "tail": {
          "x": 0.5719918012619019,
          "y": -0.0538586750626564,
          "z": 1.1488993167877197
        },
        "rotation_quaternion": {
          "w": 0.10944569110870361,
          "x": 0.6704904437065125,
          "y": 0.36505499482154846,
          "z": -0.6365525722503662
        },
        "matrix": [
          [
            -0.07692965865135193,
            0.6288697123527527,
            -0.7736954689025879,
            0.4983060657978058
          ],
          [
            0.35019564628601074,
            -0.709511399269104,
            -0.6115204095840454,
            0.029276005923748016
          ],
          [
            -0.9335184693336487,
            -0.31799161434173584,
            -0.16564662754535675,
            1.1861588954925537
          ],
          [
            0.0,
            0.0,
            0.0,
            1.0
          ]
        ]
      },
      "bone_length_armature_space": 0.11717185472319595,
      "parent": "lowerarm_l",
      "has_children": true,
      "is_end_bone": false
    },
    "index_01_l": {
      "name": "index_01_l",
      "local": {
        "location": {
          "x": 0.0,
          "y": 0.0,
          "z": 0.0
        },
        "rotation_quaternion": {
          "w": 0.9417613744735718,
          "x": 0.33600330352783203,
          "y": -0.0005905468133278191,
          "z": -0.013676101341843605
        },
        "scale": {
          "x": 1.0,
          "y": 1.0,
          "z": 1.0
        },
        "matrix_basis": [
          [
            0.9996252059936523,
            0.025362396612763405,
            -0.010302739217877388,
            0.0
          ],
          [
            -0.026156099513173103,
            0.773829460144043,
            -0.6328536868095398,
            0.0
          ],
          [
            -0.00807812251150608,
            0.6328859925270081,
            0.7742028832435608,
            0.0
          ],
          [
            0.0,
            0.0,
            0.0,
            1.0
          ]
        ],
        "rotation_mode": "QUATERNION"
      },
      "armature_space": {
        "head": {
          "x": 0.5719918012619019,
          "y": -0.11710267513990402,
          "z": 0.19904524087905884
        },
        "tail": {
          "x": 0.5738326907157898,
          "y": -0.13891109824180603,
          "z": 0.18076743185520172
        }
      },
      "world_space": {
        "head": {
          "x": 0.5719918012619019,
          "y": -0.0538586750626564,
          "z": 1.1488993167877197
        },
        "tail": {
          "x": 0.5738326907157898,
          "y": -0.07566709816455841,
          "z": 1.1306214332580566
        },
        "rotation_quaternion": {
          "w": 0.17833870649337769,
          "x": -0.566484272480011,
          "y": -0.29289013147354126,
          "z": 0.7493371963500977
        },
        "matrix": [
          [
            -0.2945828437805176,
            0.06456100940704346,
            -0.9534425735473633,
            0.5719918012619019
          ],
          [
            0.5991067886352539,
            -0.7648223638534546,
            -0.23689332604408264,
            -0.0538586750626564
          ],
          [
            -0.7445129156112671,
            -0.6410036087036133,
            0.1866256445646286,
            1.1488993167877197
          ],
          [
            0.0,
            0.0,
            0.0,
            1.0
          ]
        ]
      },
      "bone_length_armature_space": 0.028514461103860918,
      "parent": "metacarpal_index_l",
      "has_children": true,
      "is_end_bone": false
    },
    "index_02_l": {
      "name": "index_02_l",
      "local": {
        "location": {
          "x": 0.0,
          "y": 0.0,
          "z": 0.0
        },
        "rotation_quaternion": {
          "w": 0.900855541229248,
          "x": 0.43396949768066406,
          "y": 0.011053896509110928,
          "z": 0.002756956499069929
        },
        "scale": {
          "x": 1.0,
          "y": 1.0,
          "z": 1.0
        },
        "matrix_basis": [
          [
            0.9997404217720032,
            0.004626868758350611,
            0.022308798506855965,
            0.0
          ],
          [
            0.014561346732079983,
            0.623325765132904,
            -0.7818266749382019,
            0.0
          ],
          [
            -0.017523057758808136,
            0.7819486260414124,
            0.6230965852737427,
            0.0
          ],
          [
            0.0,
            0.0,
            0.0,
            1.0
          ]
        ],
        "rotation_mode": "QUATERNION"
      },
      "armature_space": {
        "head": {
          "x": 0.5738325119018555,
          "y": -0.13891160488128662,
          "z": 0.18076741695404053
        },
        "tail": {
          "x": 0.556559681892395,
          "y": -0.15670627355575562,
          "z": 0.17420314252376556
        }
      },
      "world_space": {
        "head": {
          "x": 0.5738325119018555,
          "y": -0.075667604804039,
          "z": 1.1306214332580566
        },
        "tail": {
          "x": 0.556559681892395,
          "y": -0.093462273478508,
          "z": 1.1240571737289429
        },
        "rotation_quaternion": {
          "w": 0.3888445496559143,
          "x": -0.4223290979862213,
          "y": 0.044372402131557465,
          "z": 0.8175995945930481
        },
        "matrix": [
          [
            -0.34087488055229187,
            -0.6733195781707764,
            -0.6560831069946289,
            0.5738325119018555
          ],
          [
            0.5983590483665466,
            -0.6936607956886292,
            0.40100088715553284,
            -0.075667604804039
          ],
          [
            -0.7251054048538208,
            -0.25588440895080566,
            0.6393430233001709,
            1.1306214332580566
          ],
          [
            0.0,
            0.0,
            0.0,
            1.0
          ]
        ]
      },
      "bone_length_armature_space": 0.02565327654367085,
      "parent": "index_01_l",
      "has_children": true,
      "is_end_bone": false
    },
    "index_03_l": {
      "name": "index_03_l",
      "local": {
        "location": {
          "x": 0.0,
          "y": 0.0,
          "z": 0.0
        },
        "rotation_quaternion": {
          "w": 0.9290319085121155,
          "x": 0.369997501373291,
          "y": -0.0009711958700791001,
          "z": 0.0008500708499923348
        },
        "scale": {
          "x": 1.0,
          "y": 1.0,
          "z": 1.0
        },
        "matrix_basis": [
          [
            0.9999966621398926,
            -0.0022981660440564156,
            -0.0011754956794902682,
            0.0
          ],
          [
            0.0008608057978563011,
            0.7262022495269775,
            -0.687480628490448,
            0.0
          ],
          [
            0.002433591987937689,
            0.6874772906303406,
            0.7262018322944641,
            0.0
          ],
          [
            0.0,
            0.0,
            0.0,
            1.0
          ]
        ],
        "rotation_mode": "QUATERNION"
      },
      "armature_space": {
        "head": {
          "x": 0.5565598011016846,
          "y": -0.1567063331604004,
          "z": 0.1742030829191208
        },
        "tail": {
          "x": 0.5282468795776367,
          "y": -0.15932613611221313,
          "z": 0.1809297353029251
        }
      },
      "world_space": {
        "head": {
          "x": 0.5565598011016846,
          "y": -0.09346233308315277,
          "z": 1.1240570545196533
        },
        "tail": {
          "x": 0.5282468795776367,
          "y": -0.09608213603496552,
          "z": 1.1307837963104248
        },
        "rotation_quaternion": {
          "w": 0.5702533721923828,
          "x": -0.23954731225967407,
          "y": 0.3605259358882904,
          "z": 0.6981757879257202
        },
        "matrix": [
          [
            -0.2348552644252777,
            -0.9690001010894775,
            0.07669246196746826,
            0.5565598011016846
          ],
          [
            0.6235491633415222,
            -0.0896618664264679,
            0.7766258716583252,
            -0.09346233308315277
          ],
          [
            -0.7456788420677185,
            0.23021763563156128,
            0.625281572341919,
            1.1240570545196533
          ],
          [
            0.0,
            0.0,
            0.0,
            1.0
          ]
        ]
      },
      "bone_length_armature_space": 0.02921870546353535,
      "parent": "index_02_l",
      "has_children": false,
      "is_end_bone": true
    },
    "metacarpal_pinky_l": {
      "name": "metacarpal_pinky_l",
      "local": {
        "location": {
          "x": 0.0,
          "y": 0.0,
          "z": 0.0
        },
        "rotation_quaternion": {
          "w": 0.9999127388000488,
          "x": 0.012373752892017365,
          "y": -0.0021822554990649223,
          "z": -0.004086930770426989
        },
        "scale": {
          "x": 1.0,
          "y": 1.0,
          "z": 1.0
        },
        "matrix_basis": [
          [
            0.9999570846557617,
            0.00811914261430502,
            -0.004465271718800068,
            0.0
          ],
          [
            -0.008227153681218624,
            0.9996603727340698,
            -0.024727508425712585,
            0.0
          ],
          [
            0.004262988921254873,
            0.024763183668255806,
            0.9996842741966248,
            0.0
          ],
          [
            0.0,
            0.0,
            0.0,
            1.0
          ]
        ],
        "rotation_mode": "QUATERNION"
      },
      "armature_space": {
        "head": {
          "x": 0.4983060657978058,
          "y": -0.0339679941534996,
          "z": 0.2363048791885376
        },
        "tail": {
          "x": 0.5791686177253723,
          "y": -0.05223597213625908,
          "z": 0.17329058051109314
        }
      },
      "world_space": {
        "head": {
          "x": 0.4983060657978058,
          "y": 0.029276005923748016,
          "z": 1.1861588954925537
        },
        "tail": {
          "x": 0.5791686177253723,
          "y": 0.01100802794098854,
          "z": 1.1231446266174316
        },
        "rotation_quaternion": {
          "w": 0.6112907528877258,
          "x": -0.26357704401016235,
          "y": 0.1964862197637558,
          "z": -0.7198917269706726
        },
        "matrix": [
          [
            -0.11369917541742325,
            0.7765481472015381,
            0.6197141408920288,
            0.4983060657978058
          ],
          [
            -0.9837049245834351,
            -0.17543306946754456,
            0.039349839091300964,
            0.029276005923748016
          ],
          [
            0.13927555084228516,
            -0.6051459312438965,
            0.7838461399078369,
            1.1861588954925537
          ],
          [
            0.0,
            0.0,
            0.0,
            1.0
          ]
        ]
      },
      "bone_length_armature_space": 0.10413103913078187,
      "parent": "lowerarm_l",
      "has_children": true,
      "is_end_bone": false
    },
    "pinky_01_l": {
      "name": "pinky_01_l",
      "local": {
        "location": {
          "x": 0.0,
          "y": 0.0,
          "z": 0.0
        },
        "rotation_quaternion": {
          "w": 0.9314651489257812,
          "x": 0.36333614587783813,
          "y": -0.0187889002263546,
          "z": -0.0025441425386816263
        },
        "scale": {
          "x": 1.0,
          "y": 1.0,
          "z": 1.0
        },
        "matrix_basis": [
          [
            0.9992809891700745,
            -0.008913813158869743,
            -0.03685116767883301,
            0.0
          ],
          [
            -0.018392933532595634,
            0.7359607219696045,
            -0.6767743229866028,
            0.0
          ],
          [
            0.033153653144836426,
            0.6769655346870422,
            0.7352676391601562,
            0.0
          ],
          [
            0.0,
            0.0,
            0.0,
            1.0
          ]
        ],
        "rotation_mode": "QUATERNION"
      },
      "armature_space": {
        "head": {
          "x": 0.5791686177253723,
          "y": -0.05223597213625908,
          "z": 0.17329058051109314
        },
