{
  "metadata": {
    "armature_name": "KIM_caucasian_male",
    "export_time": "2026-01-13T21:04:27.707474",
    "blender_version": "4.4.1",
    "bone_count": 56,
    "end_bone_count": 13,
    "spaces_included": [
      "LOCAL_CHANNELS",
      "ARMATURE_SPACE",
      "WORLD_SPACE"
    ],
    "note": "LOCAL matches Transform panel; replay pose via local.matrix_basis for best fidelity."
  },
  "bones": {
    "Root": {
      "name": "Root",
      "local": {
        "location": {
          "x": 0.0,
          "y": 0.0,
          "z": 0.0
        },
        "rotation_quaternion": {
          "w": 0.9998887181282043,
          "x": -0.0003340460534673184,
          "y": 0.013403021730482578,
          "z": -0.006557121407240629
        },
        "scale": {
          "x": 1.0,
          "y": 1.0,
          "z": 1.0
        },
        "matrix_basis": [
          [
            0.9995547533035278,
            0.013103828765451908,
            0.02680744044482708,
            0.0
          ],
          [
            -0.013121738098561764,
            0.9999138116836548,
            0.000492247287184,
            0.0
          ],
          [
            -0.026798680424690247,
            -0.0008437882643193007,
            0.9996405243873596,
            0.0
          ],
          [
            0.0,
            0.0,
            0.0,
            1.0
          ]
        ],
        "rotation_mode": "QUATERNION"
      },
      "armature_space": {
        "head": {
          "x": 0.0,
          "y": 0.07072800397872925,
          "z": -0.009595036506652832
        },
        "tail": {
          "x": 0.0009352971683256328,
          "y": 1.4193356037139893e-05,
          "z": 5.885213613510132e-05
        }
      },
      "world_space": {
        "head": {
          "x": 0.0,
          "y": 0.13397200405597687,
          "z": 0.9402589797973633
        },
        "tail": {
          "x": 0.0009352971683256328,
          "y": 0.06325819343328476,
          "z": 0.9499128460884094
        },
        "rotation_quaternion": {
          "w": 0.06769343465566635,
          "x": 0.9975945949554443,
          "y": 0.007445158902555704,
          "z": 0.012930834665894508
        },
        "matrix": [
          [
            0.9995547533035278,
            0.013103828765451908,
            0.02680744044482708,
            0.0
          ],
          [
            0.01660517230629921,
            -0.9907243251800537,
            -0.13486914336681366,
            0.13397200405597687
          ],
          [
            0.024791670963168144,
            0.13525423407554626,
            -0.9905078411102295,
            0.9402589797973633
          ],
          [
            0.0,
            0.0,
            0.0,
            1.0
          ]
        ]
      },
      "bone_length_armature_space": 0.07137587509103363,
      "parent": null,
      "has_children": true,
      "is_end_bone": false
    },
    "spine_01": {
      "name": "spine_01",
      "local": {
        "location": {
          "x": 0.0,
          "y": 0.0,
          "z": 0.0
        },
        "rotation_quaternion": {
          "w": 0.9949468374252319,
          "x": 0.05826961249113083,
          "y": 0.029982788488268852,
          "z": 0.07607018947601318
        },
        "scale": {
          "x": 1.0,
          "y": 1.0,
          "z": 1.0
        },
        "matrix_basis": [
          [
            0.9866287112236023,
            -0.14787742495536804,
            0.0685277208685875,
            0.0
          ],
          [
            0.15486575663089752,
            0.9816359281539917,
            -0.11138874292373657,
            0.0
          ],
          [
            -0.05079739913344383,
            0.12051192671060562,
            0.9914113879203796,
            0.0
          ],
          [
            0.0,
            0.0,
            0.0,
            1.0
          ]
        ],
        "rotation_mode": "QUATERNION"
      },
      "armature_space": {
        "head": {
          "x": 0.0009352971683256328,
          "y": 1.4193356037139893e-05,
          "z": 5.885213613510132e-05
        },
        "tail": {
          "x": -0.0825304388999939,
          "y": -0.03731295466423035,
          "z": 0.4794215261936188
        }
      },
      "world_space": {
        "head": {
          "x": 0.0009352971683256328,
          "y": 0.06325819343328476,
          "z": 0.9499128460884094
        },
        "tail": {
          "x": -0.0825304388999939,
          "y": 0.025931045413017273,
          "z": 1.4292755126953125
        },
        "rotation_quaternion": {
          "w": 0.6787153482437134,
          "x": 0.7280593514442444,
          "y": -0.03317353501915932,
          "z": 0.09041441231966019
        },
        "matrix": [
          [
            0.9814496636390686,
            -0.17103590071201324,
            0.08662217110395432,
            0.0009352971683256328
          ],
          [
            0.07442556321620941,
            -0.07648986577987671,
            -0.9942888617515564,
            0.06325819343328476
          ],
          [
            0.176686093211174,
            0.9822980761528015,
            -0.06234285980463028,
            0.9499128460884094
          ],
          [
            0.0,
            0.0,
            0.0,
            1.0
          ]
        ]
      },
      "bone_length_armature_space": 0.48800452461351135,
      "parent": "Root",
      "has_children": true,
      "is_end_bone": false
    },
    "neck_01": {
      "name": "neck_01",
      "local": {
        "location": {
          "x": 0.0,
          "y": 0.0,
          "z": 0.0
        },
        "rotation_quaternion": {
          "w": 0.9929143190383911,
          "x": 0.06295276433229446,
          "y": 0.08725067228078842,
          "z": 0.05045236274600029
        },
        "scale": {
          "x": 1.0,
          "y": 1.0,
          "z": 1.0
        },
        "matrix_basis": [
          [
            0.9796837568283081,
            -0.08920440822839737,
            0.17961712181568146,
            0.0
          ],
          [
            0.11117509007453918,
            0.9869830012321472,
            -0.11620939522981644,
            0.0
          ],
          [
            -0.16691264510154724,
            0.1338174045085907,
            0.9768485426902771,
            0.0
          ],
          [
            0.0,
            0.0,
            0.0,
            1.0
          ]
        ],
        "rotation_mode": "QUATERNION"
      },
      "armature_space": {
        "head": {
          "x": -0.09204932302236557,
          "y": -0.07739579677581787,
          "z": 0.5491818189620972
        },
        "tail": {
          "x": -0.11173930764198303,
          "y": -0.13566437363624573,
          "z": 0.6312049031257629
        }
      },
      "world_space": {
        "head": {
          "x": -0.09204932302236557,
          "y": -0.014151796698570251,
          "z": 1.4990358352661133
        },
        "tail": {
          "x": -0.11173930764198303,
          "y": -0.07242037355899811,
          "z": 1.5810589790344238
        },
        "rotation_quaternion": {
          "w": 0.4645237624645233,
          "x": 0.8638074398040771,
          "y": -0.006319995038211346,
          "z": 0.19497279822826385
        },
        "matrix": [
          [
            0.9238917827606201,
            -0.19205746054649353,
            0.330965518951416,
            -0.09204932302236557
          ],
          [
            0.1702197790145874,
            -0.5683555603027344,
            -0.8049830198287964,
            -0.014151796698570251
          ],
          [
            0.34271156787872314,
            0.8000588417053223,
            -0.49241116642951965,
            1.4990358352661133
          ],
          [
            0.0,
            0.0,
            0.0,
            1.0
          ]
        ]
      },
      "bone_length_armature_space": 0.10252174787565078,
      "parent": "spine_01",
      "has_children": true,
      "is_end_bone": false
    },
    "head": {
      "name": "head",
      "local": {
        "location": {
          "x": 0.0,
          "y": 0.0,
          "z": 0.0
        },
        "rotation_quaternion": {
          "w": 0.9839082956314087,
          "x": -0.02273382619023323,
          "y": 0.06828608363866806,
          "z": -0.16353806853294373
        },
        "scale": {
          "x": 1.0,
          "y": 1.0,
          "z": 1.0
        },
        "matrix_basis": [
          [
            0.9371846318244934,
            0.3187081217765808,
            0.14181017875671387,
            0.0
          ],
          [
            -0.324917733669281,
            0.9454769492149353,
            0.022401252761483192,
            0.0
          ],
          [
            -0.12693879008293152,
            -0.06707075238227844,
            0.9896403551101685,
            0.0
          ],
          [
            0.0,
            0.0,
            0.0,
            1.0
          ]
        ],
        "rotation_mode": "QUATERNION"
      },
      "armature_space": {
        "head": {
          "x": -0.11173924803733826,
          "y": -0.1356644481420517,
          "z": 0.6312047839164734
        },
        "tail": {
          "x": -0.11239223182201385,
          "y": -0.15250006318092346,
          "z": 0.7853782176971436
        }
      },
      "world_space": {
        "head": {
          "x": -0.11173924803733826,
          "y": -0.07242044806480408,
          "z": 1.5810587406158447
        },
        "tail": {
          "x": -0.11239223182201385,
          "y": -0.08925606310367584,
          "z": 1.7352322340011597
        },
        "rotation_quaternion": {
          "w": 0.656732976436615,
          "x": 0.7317778468132019,
          "y": 0.12010370939970016,
          "z": 0.1370336264371872
        },
        "matrix": [
          [
            0.9335939884185791,
            -0.00421036034822464,
            0.35830822587013245,
            -0.11173924803733826
          ],
          [
            0.35576727986335754,
            -0.1085536852478981,
            -0.928248941898346,
            -0.07242044806480408
          ],
          [
            0.0428045317530632,
            0.9940886497497559,
            -0.09984872490167618,
            1.5810587406158447
          ],
          [
            0.0,
            0.0,
            0.0,
            1.0
          ]
        ]
      },
      "bone_length_armature_space": 0.1550913018011104,
      "parent": "neck_01",
      "has_children": false,
      "is_end_bone": true
    },
    "upperarm_l": {
      "name": "upperarm_l",
      "local": {
        "location": {
          "x": 0.0,
          "y": 0.0,
          "z": 0.0
        },
        "rotation_quaternion": {
          "w": 0.8157910704612732,
          "x": 0.3151434063911438,
          "y": 0.3825604319572449,
          "z": 0.29802215099334717
        },
        "scale": {
          "x": 1.0,
          "y": 1.0,
          "z": 1.0
        },
        "matrix_basis": [
          [
            0.5296606421470642,
            -0.24512481689453125,
            0.8120182156562805,
            0.0
          ],
          [
            0.7273704409599304,
            0.6237348914146423,
            -0.2861593961715698,
            0.0
          ],
          [
            -0.4363393485546112,
            0.7422053217887878,
            0.5086643099784851,
            0.0
          ],
          [
            0.0,
            0.0,
            0.0,
            1.0
          ]
        ],
        "rotation_mode": "QUATERNION"
      },
      "armature_space": {
        "head": {
          "x": 0.06693931668996811,
          "y": -0.06426216661930084,
          "z": 0.5094678401947021
        },
        "tail": {
          "x": 0.24684640765190125,
          "y": -0.24811655282974243,
          "z": 0.5845590829849243
        }
      },
      "world_space": {
        "head": {
          "x": 0.06693931668996811,
          "y": -0.0010181665420532227,
          "z": 1.4593218564987183
        },
        "tail": {
          "x": 0.24684640765190125,
          "y": -0.1848725527524948,
          "z": 1.5344130992889404
        },
        "rotation_quaternion": {
          "w": 0.20237204432487488,
          "x": 0.9090998768806458,
          "y": 0.34057939052581787,
          "z": -0.12879779934883118
        },
        "matrix": [
          [
            0.7348336577415466,
            0.6713716983795166,
            -0.0963316485285759,
            0.06693931668996811
          ],
          [
            0.5671115517616272,
            -0.6861020922660828,
            -0.455685019493103,
            -0.0010181665420532227
          ],
          [
            -0.3720293939113617,
            0.28022319078445435,
            -0.8849199414253235,
            1.4593218564987183
          ],
          [
            0.0,
            0.0,
            0.0,
            1.0
          ]
        ]
      },
      "bone_length_armature_space": 0.26796956649550224,
      "parent": "spine_01",
      "has_children": true,
      "is_end_bone": false
    },
    "lowerarm_l": {
      "name": "lowerarm_l",
      "local": {
        "location": {
          "x": 0.0,
          "y": 0.0,
          "z": 0.0
        },
        "rotation_quaternion": {
          "w": 0.8690078258514404,
          "x": 0.48380178213119507,
          "y": 0.08556481450796127,
          "z": -0.05865045636892319
        },
        "scale": {
          "x": 1.0,
          "y": 1.0,
          "z": 1.0
        },
        "matrix_basis": [
          [
            0.9784775972366333,
            0.1847282350063324,
            0.09196259826421738,
            0.0
          ],
          [
            -0.019142592325806618,
            0.5249919295310974,
            -0.8508918881416321,
            0.0
          ],
          [
            -0.20546337962150574,
            0.830818235874176,
            0.5172290205955505,
            0.0
          ],
          [
            0.0,
            0.0,
            0.0,
            1.0
          ]
        ],
        "rotation_mode": "QUATERNION"
      },
      "armature_space": {
        "head": {
          "x": 0.24684637784957886,
          "y": -0.24811670184135437,
          "z": 0.5845590829849243
        },
        "tail": {
          "x": 0.30649513006210327,
          "y": -0.431784451007843,
          "z": 0.39941567182540894
        }
      },
      "world_space": {
        "head": {
          "x": 0.24684637784957886,
          "y": -0.18487270176410675,
          "z": 1.5344130992889404
        },
        "tail": {
          "x": 0.30649513006210327,
          "y": -0.3685404658317566,
          "z": 1.3492696285247803
        },
        "rotation_quaternion": {
          "w": 0.3294123709201813,
          "x": -0.8834779262542725,
          "y": -0.21957890689373016,
          "z": 0.2504783868789673
        },
        "matrix": [
          [
            0.7780911326408386,
            0.22296558320522308,
            -0.5872483253479004,
            0.24684637784957886
          ],
          [
            0.5530080795288086,
            -0.6865456104278564,
            0.4720565676689148,
            -0.18487270176410675
          ],
          [
            -0.29792195558547974,
            -0.6920615434646606,
            -0.6575009226799011,
            1.5344130992889404
          ],
          [
            0.0,
            0.0,
            0.0,
            1.0
          ]
        ]
      },
      "bone_length_armature_space": 0.26752550937389585,
      "parent": "upperarm_l",
      "has_children": true,
      "is_end_bone": false
    },
    "metacarpal_thumb_l": {
      "name": "metacarpal_thumb_l",
      "local": {
        "location": {
          "x": 0.0,
          "y": 0.0,
          "z": 0.0
        },
        "rotation_quaternion": {
          "w": 0.9991259574890137,
          "x": -0.04155603423714638,
          "y": -0.0023040862288326025,
          "z": -0.003893038956448436
        },
        "scale": {
          "x": 1.0,
          "y": 1.0,
          "z": 1.0
        },
        "matrix_basis": [
          [
            0.9999590516090393,
            0.007970769889652729,
            -0.004280586261302233,
            0.0
          ],
          [
            -0.007587775122374296,
            0.9965158700942993,
            0.08305736631155014,
            0.0
          ],
          [
            0.004927703179419041,
            -0.08302148431539536,
            0.99653559923172,
            0.0
          ],
          [
            0.0,
            0.0,
            0.0,
            1.0
          ]
        ],
        "rotation_mode": "QUATERNION"
      },
      "armature_space": {
        "head": {
          "x": 0.30649513006210327,
          "y": -0.431784451007843,
          "z": 0.39941567182540894
        },
        "tail": {
          "x": 0.3022996485233307,
          "y": -0.44276320934295654,
          "z": 0.35129621624946594
        }
      },
      "world_space": {
        "head": {
          "x": 0.30649513006210327,
          "y": -0.3685404658317566,
          "z": 1.3492696285247803
        },
        "tail": {
          "x": 0.3022996485233307,
          "y": -0.3795192241668701,
          "z": 1.3011502027511597
        },
        "rotation_quaternion": {
          "w": 0.5548418760299683,
          "x": -0.7235127091407776,
          "y": 0.2851831614971161,
          "z": -0.2955511212348938
        },
        "matrix": [
          [
            0.6626400351524353,
            -0.08469939231872559,
            0.7441331744194031,
            0.30649513006210327
          ],
          [
            -0.7406356334686279,
            -0.22164244949817657,
            0.634297788143158,
            -0.3685404658317566
          ],
          [
            0.11120694130659103,
            -0.9714494943618774,
            -0.20960144698619843,
            1.3492696285247803
          ],
          [
            0.0,
            0.0,
            0.0,
            1.0
          ]
        ]
      },
      "bone_length_armature_space": 0.049533999365326785,
      "parent": "lowerarm_l",
      "has_children": true,
      "is_end_bone": false
    },
    "thumb_01_l": {
      "name": "thumb_01_l",
      "local": {
        "location": {
          "x": 0.0,
          "y": 0.0,
          "z": 0.0
        },
        "rotation_quaternion": {
          "w": 0.9838411808013916,
          "x": 0.1785142570734024,
          "y": -0.0011289705289527774,
          "z": -0.013713439926505089
        },
        "scale": {
          "x": 1.0,
          "y": 1.0,
          "z": 1.0
        },
        "matrix_basis": [
          [
            0.9996213316917419,
            0.02658061869442463,
            -0.007117544300854206,
            0.0
          ],
          [
            -0.02738676778972149,
            0.9358891844749451,
            -0.35122838616371155,
            0.0
          ],
          [
            -0.002674633637070656,
            0.3512903153896332,
            0.9362627863883972,
            0.0
          ],
          [
            0.0,
            0.0,
            0.0,
            1.0
          ]
        ],
        "rotation_mode": "QUATERNION"
      },
      "armature_space": {
        "head": {
          "x": 0.3022996485233307,
          "y": -0.44276320934295654,
          "z": 0.35129621624946594
        },
        "tail": {
          "x": 0.32358935475349426,
          "y": -0.43846479058265686,
          "z": 0.325087308883667
        }
      },
      "world_space": {
        "head": {
          "x": 0.3022996485233307,
          "y": -0.3795192241668701,
          "z": 1.3011502027511597
        },
        "tail": {
          "x": 0.32358935475349426,
          "y": -0.37522077560424805,
          "z": 1.274941325187683
        },
        "rotation_quaternion": {
          "w": 0.4612332880496979,
          "x": 0.013409406878054142,
          "y": 0.5919492840766907,
          "z": -0.6608178615570068
        },
        "matrix": [
          [
            -0.5741655826568604,
            0.6254579424858093,
            0.5283335447311401,
            0.3022996485233307
          ],
          [
            -0.5937101244926453,
            0.12628084421157837,
            -0.7947086095809937,
            -0.3795192241668701
          ],
          [
            -0.5637794137001038,
            -0.7699764966964722,
            0.2988358736038208,
            1.3011502027511597
          ],
          [
            0.0,
            0.0,
            0.0,
            1.0
          ]
        ]
      },
      "bone_length_armature_space": 0.0340387249127038,
      "parent": "metacarpal_thumb_l",
      "has_children": true,
      "is_end_bone": false
    },
    "thumb_02_l": {
      "name": "thumb_02_l",
      "local": {
        "location": {
          "x": 0.0,
          "y": 0.0,
          "z": 0.0
        },
        "rotation_quaternion": {
          "w": 0.9301581382751465,
          "x": 0.3670395314693451,
          "y": -0.0014897773507982492,
          "z": -0.009254948236048222
        },
        "scale": {
          "x": 1.0,
          "y": 1.0,
          "z": 1.0
        },
        "matrix_basis": [
          [
            0.9998242259025574,
            0.016123516485095024,
            -0.009565320797264576,
            0.0
          ],
          [
            -0.01831074431538582,
            0.7303926348686218,
            -0.6827820539474487,
            0.0
          ],
          [
            -0.004022406879812479,
            0.682837188243866,
            0.7305595278739929,
            0.0
          ],
          [
            0.0,
            0.0,
            0.0,
            1.0
          ]
        ],
        "rotation_mode": "QUATERNION"
      },
      "armature_space": {
        "head": {
          "x": 0.3235893249511719,
          "y": -0.4384647309780121,
          "z": 0.3250873386859894
        },
        "tail": {
          "x": 0.3176589906215668,
          "y": -0.4781772196292877,
          "z": 0.32605063915252686
        }
      },
      "world_space": {
        "head": {
          "x": 0.3235893249511719,
          "y": -0.37522071599960327,
          "z": 1.274941325187683
        },
        "tail": {
          "x": 0.3176589906215668,
          "y": -0.4149332046508789,
          "z": 1.275904655456543
        },
        "rotation_quaternion": {
          "w": 0.0679144412279129,
          "x": -0.2729659378528595,
          "y": 0.03183259442448616,
          "z": 0.9590954780578613
        },
        "matrix": [
          [
            -0.8417544364929199,
            -0.1476515829563141,
            -0.5192769765853882,
            0.3235893249511719
          ],
          [
            0.11289430409669876,
            -0.9887486696243286,
            0.09813821315765381,
            -0.37522071599960327
          ],
          [
            -0.5279281139373779,
            0.023984253406524658,
            0.8489584922790527,
            1.274941325187683
          ],
          [
            0.0,
            0.0,
            0.0,
            1.0
          ]
        ]
      },
      "bone_length_armature_space": 0.040164394102385766,
      "parent": "thumb_01_l",
      "has_children": true,
      "is_end_bone": false
    },
    "thumb_03_l": {
      "name": "thumb_03_l",
      "local": {
        "location": {
          "x": 0.0,
          "y": 0.0,
          "z": 0.0
        },
        "rotation_quaternion": {
          "w": 0.982890248298645,
          "x": 0.18389469385147095,
          "y": -0.007295645773410797,
          "z": -0.007505164481699467
        },
        "scale": {
          "x": 1.0,
          "y": 1.0,
          "z": 1.0
        },
        "matrix_basis": [
          [
            0.9997808933258057,
            0.0120702451094985,
            -0.017101958394050598,
            0.0
          ],
          [
            -0.017436766996979713,
            0.932252824306488,
            -0.36138710379600525,
            0.0
          ],
          [
            0.011581318452954292,
            0.3616061210632324,
            0.9322590231895447,
            0.0
          ],
          [
            0.0,
            0.0,
            0.0,
            1.0
          ]
        ],
        "rotation_mode": "QUATERNION"
      },
      "armature_space": {
        "head": {
          "x": 0.3176589906215668,
          "y": -0.47817718982696533,
          "z": 0.3260505497455597
        },
        "tail": {
          "x": 0.3048878014087677,
          "y": -0.501096248626709,
          "z": 0.34149420261383057
        }
      },
      "world_space": {
        "head": {
          "x": 0.3176589906215668,
          "y": -0.4149332046508789,
          "z": 1.2759045362472534
        },
        "tail": {
          "x": 0.3048878014087677,
          "y": -0.43785226345062256,
          "z": 1.2913482189178467
        },
        "rotation_quaternion": {
          "w": 0.07837545871734619,
          "x": -0.4207524359226227,
          "y": 0.3427165746688843,
          "z": 0.8362834453582764
        },
        "matrix": [
          [
            -0.6336499452590942,
            -0.41948553919792175,
            -0.6500152349472046,
            0.3176589906215668
          ],
          [
            -0.15730896592140198,
            -0.7528058290481567,
            0.639169454574585,
            -0.4149332046508789
          ],
          [
            -0.757462739944458,
            0.5072658061981201,
            0.41102996468544006,
            1.2759045362472534
          ],
          [
            0.0,
            0.0,
            0.0,
            1.0
          ]
        ]
      },
      "bone_length_armature_space": 0.030444917007933586,
      "parent": "thumb_02_l",
      "has_children": false,
      "is_end_bone": true
    },
    "metacarpal_index_l": {
      "name": "metacarpal_index_l",
      "local": {
        "location": {
          "x": 0.0,
          "y": 0.0,
          "z": 0.0
        },
        "rotation_quaternion": {
          "w": 0.999032735824585,
          "x": -0.04037497565150261,
          "y": 0.007736551109701395,
          "z": -0.01561022736132145
        },
        "scale": {
          "x": 1.0,
          "y": 1.0,
          "z": 1.0
        },
        "matrix_basis": [
          [
            0.9993929266929626,
            0.030565530061721802,
            0.016718661412596703,
            0.0
          ],
          [
            -0.03181498125195503,
            0.9962523579597473,
            0.08043030649423599,
            0.0
          ],
          [
            -0.014197610318660736,
            -0.08091337978839874,
            0.9966199994087219,
            0.0
          ],
          [
            0.0,
            0.0,
            0.0,
            1.0
          ]
        ],
        "rotation_mode": "QUATERNION"
      },
      "armature_space": {
        "head": {
          "x": 0.30649513006210327,
          "y": -0.431784451007843,
          "z": 0.39941567182540894
        },
        "tail": {
          "x": 0.3158746361732483,
          "y": -0.4967275857925415,
          "z": 0.3023395538330078
        }
      },
      "world_space": {
        "head": {
          "x": 0.30649513006210327,
          "y": -0.3685404658317566,
          "z": 1.3492696285247803
        },
        "tail": {
          "x": 0.3158746361732483,
          "y": -0.4334836006164551,
          "z": 1.252193570137024
        },
        "rotation_quaternion": {
          "w": 0.4709641635417938,
          "x": -0.8695024251937866,
          "y": 0.03263486921787262,
          "z": -0.14523568749427795
        },
        "matrix": [
          [
            0.9556832909584045,
            0.08004914224147797,
            0.28330478072166443,
            0.30649513006210327
          ],
          [
            -0.193553164601326,
            -0.5542560815811157,
            0.8095291256904602,
            -0.3685404658317566
          ],
          [
            0.22182683646678925,
            -0.8284943699836731,
            -0.514202356338501,
            1.3492696285247803
          ],
          [
            0.0,
            0.0,
            0.0,
            1.0
          ]
        ]
      },
      "bone_length_armature_space": 0.11717234584308397,
      "parent": "lowerarm_l",
      "has_children": true,
      "is_end_bone": false
    },
    "index_01_l": {
      "name": "index_01_l",
      "local": {
        "location": {
          "x": 0.0,
          "y": 0.0,
          "z": 0.0
        },
        "rotation_quaternion": {
          "w": 0.9630774855613708,
          "x": 0.26886796951293945,
          "y": -0.013827254995703697,
          "z": 0.0007681773859076202
        },
        "scale": {
          "x": 1.0,
          "y": 1.0,
          "z": 1.0
        },
        "matrix_basis": [
          [
            0.9996164441108704,
            -0.008915040642023087,
            -0.026220358908176422,
            0.0
          ],
          [
            -0.005955783184617758,
            0.855418860912323,
            -0.5179026126861572,
            0.0
          ],
          [
            0.027046512812376022,
            0.5178601145744324,
            0.8550376296043396,
            0.0
          ],
          [
            0.0,
            0.0,
            0.0,
            1.0
          ]
        ],
        "rotation_mode": "QUATERNION"
      },
      "armature_space": {
        "head": {
          "x": 0.3158746361732483,
          "y": -0.4967275857925415,
          "z": 0.3023395538330078
        },
        "tail": {
          "x": 0.32965177297592163,
          "y": -0.5028523206710815,
          "z": 0.2781371474266052
        }
      },
      "world_space": {
        "head": {
          "x": 0.3158746361732483,
          "y": -0.4334836006164551,
          "z": 1.252193570137024
        },
        "tail": {
          "x": 0.32965177297592163,
          "y": -0.4396083354949951,
          "z": 1.2279911041259766
        },
        "rotation_quaternion": {
          "w": 0.6034639477729797,
          "x": -0.7560784816741943,
          "y": -0.16862444579601288,
          "z": -0.18905694782733917
        },
        "matrix": [
          [
            0.8716467618942261,
            0.4831646978855133,
            0.08236438035964966,
            0.3158746361732483
          ],
          [
            0.026811454445123672,
            -0.21479535102844238,
            0.9762910008430481,
            -0.4334836006164551
          ],
          [
            0.48940426111221313,
            -0.8487788438796997,
            -0.20018041133880615,
            1.252193570137024
          ],
          [
            0.0,
            0.0,
            0.0,
            1.0
          ]
        ]
      },
      "bone_length_armature_space": 0.028514529069978388,
      "parent": "metacarpal_index_l",
      "has_children": true,
      "is_end_bone": false
    },
    "index_02_l": {
      "name": "index_02_l",
      "local": {
        "location": {
          "x": 0.0,
          "y": 0.0,
          "z": 0.0
        },
        "rotation_quaternion": {
          "w": 0.9260494709014893,
          "x": 0.37721487879753113,
          "y": 0.0114728519693017,
          "z": -0.003142949193716049
        },
        "scale": {
          "x": 1.0,
          "y": 1.0,
          "z": 1.0
        },
        "matrix_basis": [
          [
            0.9997169971466064,
            0.014476513490080833,
            0.018877722322940826,
            0.0
          ],
          [
            0.002834408078342676,
            0.7153981328010559,
            -0.6987113952636719,
            0.0
          ],
          [
            -0.023619990795850754,
            0.6985671520233154,
            0.7151545882225037,
            0.0
          ],
          [
            0.0,
            0.0,
            0.0,
            1.0
          ]
        ],
        "rotation_mode": "QUATERNION"
      },
      "armature_space": {
        "head": {
          "x": 0.32965177297592163,
          "y": -0.5028521418571472,
          "z": 0.278136670589447
        },
        "tail": {
          "x": 0.34004923701286316,
          "y": -0.490082323551178,
          "z": 0.2584663927555084
        }
      },
      "world_space": {
        "head": {
          "x": 0.32965177297592163,
          "y": -0.4396081566810608,
          "z": 1.2279906272888184
        },
        "tail": {
          "x": 0.34004923701286316,
          "y": -0.42683833837509155,
          "z": 1.2083203792572021
        },
        "rotation_quaternion": {
          "w": 0.8303018808364868,
          "x": -0.4910637140274048,
          "y": -0.24390900135040283,
          "z": -0.09981778264045715
        },
        "matrix": [
          [
            0.8610900640487671,
            0.40530771017074585,
            -0.307000994682312,
            0.32965177297592163
          ],
          [
            0.0737905278801918,
            0.4977858364582062,
            0.8641552925109863,
            -0.4396081566810608
          ],
          [
            0.5030730962753296,
            -0.7667742371559143,
            0.39873427152633667,
            1.2279906272888184
          ],
          [
            0.0,
            0.0,
            0.0,
            1.0
          ]
        ]
      },
      "bone_length_armature_space": 0.02565336886403928,
      "parent": "index_01_l",
      "has_children": true,
      "is_end_bone": false
    },
    "index_03_l": {
      "name": "index_03_l",
      "local": {
        "location": {
          "x": 0.0,
          "y": 0.0,
          "z": 0.0
        },
        "rotation_quaternion": {
          "w": 0.9727298617362976,
          "x": 0.23187598586082458,
          "y": 0.005495864897966385,
          "z": -8.887320291250944e-05
        },
        "scale": {
          "x": 1.0,
          "y": 1.0,
          "z": 1.0
        },
        "matrix_basis": [
          [
            0.9999395608901978,
            0.002721617463976145,
            0.010650768876075745,
            0.0
          ],
          [
            0.002375819021835923,
            0.8924670219421387,
            -0.45110636949539185,
            0.0
          ],
          [
            -0.010733199305832386,
            0.45110440254211426,
            0.8924066424369812,
            0.0
          ],
          [
            0.0,
            0.0,
            0.0,
            1.0
          ]
        ],
        "rotation_mode": "QUATERNION"
      },
      "armature_space": {
        "head": {
          "x": 0.34004923701286316,
          "y": -0.49008244276046753,
          "z": 0.25846633315086365
        },
        "tail": {
          "x": 0.3481714427471161,
          "y": -0.46428972482681274,
          "z": 0.2473984658718109
        }
      },
      "world_space": {
        "head": {
          "x": 0.34004923701286316,
          "y": -0.4268384575843811,
          "z": 1.2083203792572021
        },
        "tail": {
          "x": 0.3481714427471161,
          "y": -0.4010457396507263,
          "z": 1.1972525119781494
        },
        "rotation_quaternion": {
          "w": 0.934320330619812,
          "x": -0.22659677267074585,
          "y": -0.26157131791114807,
          "z": -0.08532244712114334
        },
        "matrix": [
          [
            0.848601222038269,
            0.27797967195510864,
            -0.45011481642723083,
            0.34004923701286316
          ],
          [
            -0.04089459776878357,
            0.8827478289604187,
            0.46806398034095764,
            -0.4268384575843811
          ],
          [
            0.5274537205696106,
            -0.37879428267478943,
            0.760474681854248,
            1.2083203792572021
          ],
          [
            0.0,
            0.0,
            0.0,
            1.0
          ]
        ]
      },
      "bone_length_armature_space": 0.02921869667789909,
      "parent": "index_02_l",
      "has_children": false,
      "is_end_bone": true
    },
    "metacarpal_pinky_l": {
      "name": "metacarpal_pinky_l",
      "local": {
        "location": {
          "x": 0.0,
          "y": 0.0,
          "z": 0.0
        },
        "rotation_quaternion": {
          "w": 0.9970166087150574,
          "x": -0.07522861659526825,
          "y": -0.015489140525460243,
          "z": -0.007670536637306213
        },
        "scale": {
          "x": 1.0,
          "y": 1.0,
          "z": 1.0
        },
        "matrix_basis": [
          [
            0.9994025230407715,
            0.017625758424401283,
            -0.02973177284002304,
            0.0
          ],
          [
            -0.012964851222932339,
            0.9885636568069458,
            0.15024597942829132,
            0.0
          ],
          [
            0.03203994780778885,
            -0.14977073669433594,
            0.9882014989852905,
            0.0
          ],
          [
            0.0,
            0.0,
            0.0,
            1.0
          ]
        ],
        "rotation_mode": "QUATERNION"
      },
      "armature_space": {
        "head": {
          "x": 0.30649513006210327,
          "y": -0.431784451007843,
          "z": 0.39941567182540894
        },
        "tail": {
          "x": 0.3603777289390564,
          "y": -0.5055092573165894,
          "z": 0.34937000274658203
        }
      },
      "world_space": {
        "head": {
          "x": 0.30649513006210327,
          "y": -0.3685404658317566,
          "z": 1.3492696285247803
        },
        "tail": {
          "x": 0.3603777289390564,
          "y": -0.44226527214050293,
          "z": 1.2992240190505981
        },
        "rotation_quaternion": {
          "w": 0.049398403614759445,
          "x": 0.590132474899292,
          "y": 0.37889236211776733,
          "z": -0.7111567854881287
        },
        "matrix": [
          [
            -0.2986081540584564,
            0.5174513459205627,
            -0.8019211292266846,
            0.30649513006210327
          ],
          [
            0.3769320249557495,
            -0.708002507686615,
            -0.5972058773040771,
            -0.3685404658317566
          ],
          [
            -0.876792848110199,
            -0.48060423135757446,
            0.016370896250009537,
            1.3492696285247803
          ],
          [
            0.0,
            0.0,
            0.0,
            1.0
          ]
        ]
      },
      "bone_length_armature_space": 0.1041309304081949,
      "parent": "lowerarm_l",
      "has_children": true,
      "is_end_bone": false
    },
    "pinky_01_l": {
      "name": "pinky_01_l",
      "local": {
        "location": {
          "x": 0.0,
          "y": 0.0,
          "z": 0.0
        },
        "rotation_quaternion": {
          "w": 0.94022536277771,
          "x": 0.3402126133441925,
          "y": 0.012757726013660431,
          "z": -0.008306873962283134
        },
        "scale": {
          "x": 1.0,
          "y": 1.0,
          "z": 1.0
        },
        "matrix_basis": [
          [
            0.9995364546775818,
            0.024301346391439438,
            0.018338069319725037,
            0.0
          ],
          [
            -0.00693998858332634,
            0.7683727741241455,
            -0.6399649977684021,
            0.0
          ],
          [
            -0.029642481356859207,
            0.6395410895347595,
            0.7681852579116821,
            0.0
          ],
          [
            0.0,
            0.0,
            0.0,
            1.0
          ]
        ],
        "rotation_mode": "QUATERNION"
      },
      "armature_space": {
        "head": {
          "x": 0.3603777289390564,
          "y": -0.5055092573165894,
          "z": 0.34937000274658203
        },
        "tail": {
