{
  "metadata": {
    "armature_name": "KIM_caucasian_male",
    "export_time": "2026-01-13T21:04:21.465834",
    "blender_version": "4.4.1",
    "bone_count": 56,
    "end_bone_count": 13,
    "spaces_included": [
      "LOCAL_CHANNELS",
      "ARMATURE_SPACE",
      "WORLD_SPACE"
    ],
    "note": "LOCAL matches Transform panel; replay pose via local.matrix_basis for best fidelity."
  },
  "bones": {
    "Root": {
      "name": "Root",
      "local": {
        "location": {
          "x": 0.0,
          "y": 0.0,
          "z": 0.0
        },
        "rotation_quaternion": {
          "w": 0.9998164176940918,
          "x": 0.012730855494737625,
          "y": 0.014314105734229088,
          "z": -0.0004926301189698279
        },
        "scale": {
          "x": 1.0,
          "y": 1.0,
          "z": 1.0
        },
        "matrix_basis": [
          [
            0.999589741230011,
            0.0013495410094037652,
            0.028610412031412125,
            0.0
          ],
          [
            -0.0006206177640706301,
            0.9996753931045532,
            -0.025471139699220657,
            0.0
          ],
          [
            -0.028635498136281967,
            0.025442933663725853,
            0.9992660880088806,
            0.0
          ],
          [
            0.0,
            0.0,
            0.0,
            1.0
          ]
        ],
        "rotation_mode": "QUATERNION"
      },
      "armature_space": {
        "head": {
          "x": 0.0,
          "y": 0.07072800397872925,
          "z": -0.009595036506652832
        },
        "tail": {
          "x": 9.632466390030459e-05,
          "y": -0.00022116303443908691,
          "z": -0.0018026549369096756
        }
      },
      "world_space": {
        "head": {
          "x": 0.0,
          "y": 0.13397200405597687,
          "z": 0.9402589797973633
        },
        "tail": {
          "x": 9.632466390030459e-05,
          "y": 0.06302283704280853,
          "z": 0.9480513334274292
        },
        "rotation_quaternion": {
          "w": 0.0546533577144146,
          "x": 0.9984026551246643,
          "y": 0.0014558221446350217,
          "z": 0.014248399995267391
        },
        "matrix": [
          [
            0.999589741230011,
            0.0013495410094037652,
            0.028610412031412125,
            0.0
          ],
          [
            0.004464445635676384,
            -0.9940217733383179,
            -0.10909108817577362,
            0.13397200405597687
          ],
          [
            0.028292350471019745,
            0.10917389392852783,
            -0.9936270117759705,
            0.9402589797973633
          ],
          [
            0.0,
            0.0,
            0.0,
            1.0
          ]
        ]
      },
      "bone_length_armature_space": 0.07137586824922529,
      "parent": null,
      "has_children": true,
      "is_end_bone": false
    },
    "spine_01": {
      "name": "spine_01",
      "local": {
        "location": {
          "x": 0.0,
          "y": 0.0,
          "z": 0.0
        },
        "rotation_quaternion": {
          "w": 0.9997377395629883,
          "x": -0.012496944516897202,
          "y": -0.005981357768177986,
          "z": 0.018238278105854988
        },
        "scale": {
          "x": 1.0,
          "y": 1.0,
          "z": 1.0
        },
        "matrix_basis": [
          [
            0.9992631673812866,
            -0.03631749376654625,
            -0.01241542398929596,
            0.0
          ],
          [
            0.0366164855659008,
            0.999022364616394,
            0.02476915530860424,
            0.0
          ],
          [
            0.0115037327632308,
            -0.025205513462424278,
            0.9996160864830017,
            0.0
          ],
          [
            0.0,
            0.0,
            0.0,
            1.0
          ]
        ],
        "rotation_mode": "QUATERNION"
      },
      "armature_space": {
        "head": {
          "x": 9.632466390030459e-05,
          "y": -0.00022116303443908691,
          "z": -0.0018026549369096756
        },
        "tail": {
          "x": -0.03150319308042526,
          "y": 0.02234491892158985,
          "z": 0.4846547544002533
        }
      },
      "world_space": {
        "head": {
          "x": 9.632466390030459e-05,
          "y": 0.06302283704280853,
          "z": 0.9480513334274292
        },
        "tail": {
          "x": -0.03150319308042526,
          "y": 0.08558891713619232,
          "z": 1.4345088005065918
        },
        "rotation_quaternion": {
          "w": 0.7228134274482727,
          "x": 0.6902680993080139,
          "y": -0.025720473378896713,
          "z": 0.020229913294315338
        },
        "matrix": [
          [
            0.9978584051132202,
            -0.06475294381380081,
            -0.009253645315766335,
            9.632466390030459e-05
          ],
          [
            -0.006262681446969509,
            0.04624185338616371,
            -0.9989107847213745,
            0.06302283704280853
          ],
          [
            0.06511076539754868,
            0.9968364238739014,
            0.04573671519756317,
            0.9480513334274292
          ],
          [
            0.0,
            0.0,
            0.0,
            1.0
          ]
        ]
      },
      "bone_length_armature_space": 0.4880046808065709,
      "parent": "Root",
      "has_children": true,
      "is_end_bone": false
    },
    "neck_01": {
      "name": "neck_01",
      "local": {
        "location": {
          "x": 0.0,
          "y": 0.0,
          "z": 0.0
        },
        "rotation_quaternion": {
          "w": 0.9868627786636353,
          "x": -0.1271187663078308,
          "y": 0.09116468578577042,
          "z": -0.040396131575107574
        },
        "scale": {
          "x": 1.0,
          "y": 1.0,
          "z": 1.0
        },
        "matrix_basis": [
          [
            0.9801142811775208,
            0.056553393602371216,
            0.19020427763462067,
            0.0
          ],
          [
            -0.10290836542844772,
            0.9644179344177246,
            0.24353215098381042,
            0.0
          ],
          [
            -0.16966386139392853,
            -0.25826296210289,
            0.9510596394538879,
            0.0
          ],
          [
            0.0,
            0.0,
            0.0,
            1.0
          ]
        ],
        "rotation_mode": "QUATERNION"
      },
      "armature_space": {
        "head": {
          "x": -0.03656522184610367,
          "y": -0.008911991491913795,
          "z": 0.5592277646064758
        },
        "tail": {
          "x": -0.037428118288517,
          "y": -0.017319191247224808,
          "z": 0.6614008545875549
        }
      },
      "world_space": {
        "head": {
          "x": -0.03656522184610367,
          "y": 0.05433201044797897,
          "z": 1.5090818405151367
        },
        "tail": {
          "x": -0.037428118288517,
          "y": 0.04592480883002281,
          "z": 1.6112549304962158
        },
        "rotation_quaternion": {
          "w": 0.6747530102729797,
          "x": 0.7319691181182861,
          "y": 0.060876186937093735,
          "z": 0.07227514684200287
        },
        "matrix": [
          [
            0.9821408987045288,
            -0.008416736498475075,
            0.1879590004682541,
            -0.03656522184610367
          ],
          [
            0.18665465712547302,
            -0.08200439810752869,
            -0.9789973497390747,
            0.05433201044797897
          ],
          [
            0.0236537866294384,
            0.9966033101081848,
            -0.07897037267684937,
            1.5090818405151367
          ],
          [
            0.0,
            0.0,
            0.0,
            1.0
          ]
        ]
      },
      "bone_length_armature_space": 0.10252202507342596,
      "parent": "spine_01",
      "has_children": true,
      "is_end_bone": false
    },
    "head": {
      "name": "head",
      "local": {
        "location": {
          "x": 0.0,
          "y": 0.0,
          "z": 0.0
        },
        "rotation_quaternion": {
          "w": 0.990695059299469,
          "x": -0.1230778619647026,
          "y": 0.058049410581588745,
          "z": -0.002324066823348403
        },
        "scale": {
          "x": 1.0,
          "y": 1.0,
          "z": 1.0
        },
        "matrix_basis": [
          [
            0.9932497143745422,
            -0.009684311226010323,
            0.11559060961008072,
            0.0
          ],
          [
            -0.018894078209996223,
            0.9696928858757019,
            0.2435954362154007,
            0.0
          ],
          [
            -0.11444644629955292,
            -0.2441350817680359,
            0.9629642367362976,
            0.0
          ],
          [
            0.0,
            0.0,
            0.0,
            1.0
          ]
        ],
        "rotation_mode": "QUATERNION"
      },
      "armature_space": {
        "head": {
          "x": -0.03742808476090431,
          "y": -0.017319338396191597,
          "z": 0.6614007949829102
        },
        "tail": {
          "x": -0.0568038746714592,
          "y": 0.05981675535440445,
          "z": 0.7945467829704285
        }
      },
      "world_space": {
        "head": {
          "x": -0.03742808476090431,
          "y": 0.04592466354370117,
          "z": 1.6112548112869263
        },
        "tail": {
          "x": -0.0568038746714592,
          "y": 0.12306075543165207,
          "z": 1.7444007396697998
        },
        "rotation_quaternion": {
          "w": 0.861331582069397,
          "x": 0.48696258664131165,
          "y": 0.08239662647247314,
          "z": 0.1191064789891243
        },
        "matrix": [
          [
            0.9580488204956055,
            -0.12493238598108292,
            0.2579427659511566,
            -0.03742808476090431
          ],
          [
            0.285428911447525,
            0.49736273288726807,
            -0.8192443251609802,
            0.04592466354370117
          ],
          [
            -0.025940854102373123,
            0.8585066199302673,
            0.5121597051620483,
            1.6112548112869263
          ],
          [
            0.0,
            0.0,
            0.0,
            1.0
          ]
        ]
      },
      "bone_length_armature_space": 0.15509110808600562,
      "parent": "neck_01",
      "has_children": false,
      "is_end_bone": true
    },
    "upperarm_l": {
      "name": "upperarm_l",
      "local": {
        "location": {
          "x": 0.0,
          "y": 0.0,
          "z": 0.0
        },
        "rotation_quaternion": {
          "w": 0.9480507969856262,
          "x": -0.09553983062505722,
          "y": 0.267432302236557,
          "z": 0.14335957169532776
        },
        "scale": {
          "x": 1.0,
          "y": 1.0,
          "z": 1.0
        },
        "matrix_basis": [
          [
            0.8158559799194336,
            -0.3229251801967621,
            0.4796857237815857,
            0.0
          ],
          [
            0.22072343528270721,
            0.9406403303146362,
            0.2578311860561371,
            0.0
          ],
          [
            -0.5344719290733337,
            -0.10447526723146439,
            0.8387042284011841,
            0.0
          ],
          [
            0.0,
            0.0,
            0.0,
            1.0
          ]
        ],
        "rotation_mode": "QUATERNION"
      },
      "armature_space": {
        "head": {
          "x": 0.11743593215942383,
          "y": -0.01614486053586006,
          "z": 0.5021451115608215
        },
        "tail": {
          "x": 0.3646460473537445,
          "y": 0.02177376300096512,
          "z": 0.5983588695526123
        }
      },
      "world_space": {
        "head": {
          "x": 0.11743593215942383,
          "y": 0.04709913954138756,
          "z": 1.4519991874694824
        },
        "tail": {
          "x": 0.3646460473537445,
          "y": 0.08501776307821274,
          "z": 1.5482128858566284
        },
        "rotation_quaternion": {
          "w": 0.48244398832321167,
          "x": 0.6216000914573669,
          "y": 0.5813761949539185,
          "z": -0.2070336639881134
        },
        "matrix": [
          [
            0.23827524483203888,
            0.922531008720398,
            0.30358099937438965,
            0.11743593215942383
          ],
          [
            0.5230045318603516,
            0.14150354266166687,
            -0.8405019044876099,
            0.04709913954138756
          ],
          [
            -0.8183520436286926,
            0.3590475618839264,
            -0.4487750232219696,
            1.4519991874694824
          ],
          [
            0.0,
            0.0,
            0.0,
            1.0
          ]
        ]
      },
      "bone_length_armature_space": 0.2679696796657601,
      "parent": "spine_01",
      "has_children": true,
      "is_end_bone": false
    },
    "lowerarm_l": {
      "name": "lowerarm_l",
      "local": {
        "location": {
          "x": 0.0,
          "y": 0.0,
          "z": 0.0
        },
        "rotation_quaternion": {
          "w": 0.9501975178718567,
          "x": 0.2113264799118042,
          "y": -0.0991346538066864,
          "z": 0.20649001002311707
        },
        "scale": {
          "x": 1.0,
          "y": 1.0,
          "z": 1.0
        },
        "matrix_basis": [
          [
            0.8950684070587158,
            -0.4343121349811554,
            -0.10112138837575912,
            0.0
          ],
          [
            0.3505130410194397,
            0.825406014919281,
            -0.44254443049430847,
            0.0
          ],
          [
            0.2756686210632324,
            0.36066317558288574,
            0.8910268545150757,
            0.0
          ],
          [
            0.0,
            0.0,
            0.0,
            1.0
          ]
        ],
        "rotation_mode": "QUATERNION"
      },
      "armature_space": {
        "head": {
          "x": 0.3646461069583893,
          "y": 0.021773668006062508,
          "z": 0.5983589887619019
        },
        "tail": {
          "x": 0.5468369126319885,
          "y": -0.11207234859466553,
          "z": 0.7414021492004395
        }
      },
      "world_space": {
        "head": {
          "x": 0.3646461069583893,
          "y": 0.08501766622066498,
          "z": 1.548213005065918
        },
        "tail": {
          "x": 0.5468369126319885,
          "y": -0.04882834851741791,
          "z": 1.6912561655044556
        },
        "rotation_quaternion": {
          "w": 0.43455034494400024,
          "x": 0.8016279935836792,
          "y": 0.24700091779232025,
          "z": -0.32794687151908875
        },
        "matrix": [
          [
            0.6628829836845398,
            0.6810247302055359,
            -0.3111129701137543,
            0.3646461069583893
          ],
          [
            0.11098846793174744,
            -0.5003131628036499,
            -0.8587018251419067,
            0.08501766622066498
          ],
          [
            -0.740456223487854,
            0.5346919298171997,
            -0.40723851323127747,
            1.548213005065918
          ],
          [
            0.0,
            0.0,
            0.0,
            1.0
          ]
        ]
      },
      "bone_length_armature_space": 0.26752493670802985,
      "parent": "upperarm_l",
      "has_children": true,
      "is_end_bone": false
    },
    "metacarpal_thumb_l": {
      "name": "metacarpal_thumb_l",
      "local": {
        "location": {
          "x": 0.0,
          "y": 0.0,
          "z": 0.0
        },
        "rotation_quaternion": {
          "w": 0.9973896741867065,
          "x": -0.06980136781930923,
          "y": -0.013206024654209614,
          "z": 0.012933574616909027
        },
        "scale": {
          "x": 1.0,
          "y": 1.0,
          "z": 1.0
        },
        "matrix_basis": [
          [
            0.9993166327476501,
            -0.02395603060722351,
            -0.028148667886853218,
            0.0
          ],
          [
            0.027643224224448204,
            0.989920973777771,
            0.13889671862125397,
            0.0
          ],
          [
            0.024537542834877968,
            -0.1395799219608307,
            0.9899067282676697,
            0.0
          ],
          [
            0.0,
            0.0,
            0.0,
            1.0
          ]
        ],
        "rotation_mode": "QUATERNION"
      },
      "armature_space": {
        "head": {
          "x": 0.5468369126319885,
          "y": -0.11207234859466553,
          "z": 0.7414021492004395
        },
        "tail": {
          "x": 0.5655646920204163,
          "y": -0.15736621618270874,
          "z": 0.7485659122467041
        }
      },
      "world_space": {
        "head": {
          "x": 0.5468369126319885,
          "y": -0.04882834851741791,
          "z": 1.6912561655044556
        },
        "tail": {
          "x": 0.5655646920204163,
          "y": -0.09412221610546112,
          "z": 1.6984199285507202
        },
        "rotation_quaternion": {
          "w": 0.008855472318828106,
          "x": 0.9279192686080933,
          "y": 0.20668482780456543,
          "z": 0.3101109266281128
        },
        "matrix": [
          [
            0.7222249507904053,
            0.378081738948822,
            0.5791761875152588,
            0.5468369126319885
          ],
          [
            0.38906651735305786,
            -0.9144058227539062,
            0.11175656318664551,
            -0.04882834851741791
          ],
          [
            0.5718594193458557,
            0.1446247100830078,
            -0.8075113296508789,
            1.6912561655044556
          ],
          [
            0.0,
            0.0,
            0.0,
            1.0
          ]
        ]
      },
      "bone_length_armature_space": 0.049533661007313656,
      "parent": "lowerarm_l",
      "has_children": true,
      "is_end_bone": false
    },
    "thumb_01_l": {
      "name": "thumb_01_l",
      "local": {
        "location": {
          "x": 0.0,
          "y": 0.0,
          "z": 0.0
        },
        "rotation_quaternion": {
          "w": 0.9997811317443848,
          "x": 0.010091174393892288,
          "y": -0.011659273877739906,
          "z": -0.014140449464321136
        },
        "scale": {
          "x": 1.0,
          "y": 1.0,
          "z": 1.0
        },
        "matrix_basis": [
          [
            0.9993281960487366,
            0.028039397671818733,
            -0.02359883114695549,
            0.0
          ],
          [
            -0.028510021045804024,
            0.9993964433670044,
            -0.01984819583594799,
            0.0
          ],
          [
            0.02302805706858635,
            0.02050766535103321,
            0.9995244741439819,
            0.0
          ],
          [
            0.0,
            0.0,
            0.0,
            1.0
          ]
        ],
        "rotation_mode": "QUATERNION"
      },
      "armature_space": {
        "head": {
          "x": 0.5655646920204163,
          "y": -0.15736621618270874,
          "z": 0.7485659122467041
        },
        "tail": {
          "x": 0.5861435532569885,
          "y": -0.1771852821111679,
          "z": 0.7300633192062378
        }
      },
      "world_space": {
        "head": {
          "x": 0.5655646920204163,
          "y": -0.09412221610546112,
          "z": 1.6984199285507202
        },
        "tail": {
          "x": 0.5861435532569885,
          "y": -0.11394128203392029,
          "z": 1.679917335510254
        },
        "rotation_quaternion": {
          "w": 0.45225584506988525,
          "x": -0.4931694567203522,
          "y": 0.06585730612277985,
          "z": -0.7402103543281555
        },
        "matrix": [
          [
            -0.10449551045894623,
            0.6045738458633423,
            0.7896651029586792,
            0.5655646920204163
          ],
          [
            -0.7344866394996643,
            -0.5822532176971436,
            0.34858399629592896,
            -0.09412221610546112
          ],
          [
            0.6705337762832642,
            -0.5435775518417358,
            0.5048980712890625,
            1.6984199285507202
          ],
          [
            0.0,
            0.0,
            0.0,
            1.0
          ]
        ]
      },
      "bone_length_armature_space": 0.03403866661089773,
      "parent": "metacarpal_thumb_l",
      "has_children": true,
      "is_end_bone": false
    },
    "thumb_02_l": {
      "name": "thumb_02_l",
      "local": {
        "location": {
          "x": 0.0,
          "y": 0.0,
          "z": 0.0
        },
        "rotation_quaternion": {
          "w": 0.9903439283370972,
          "x": 0.13815857470035553,
          "y": 0.010684468783438206,
          "z": 0.004134240094572306
        },
        "scale": {
          "x": 1.0,
          "y": 1.0,
          "z": 1.0
        },
        "matrix_basis": [
          [
            0.9997375011444092,
            -0.005236337427049875,
            0.0223049595952034,
            0.0
          ],
          [
            0.011140940710902214,
            0.9617902040481567,
            -0.27356067299842834,
            0.0
          ],
          [
            -0.02002023532986641,
            0.2737373411655426,
            0.9615960717201233,
            0.0
          ],
          [
            0.0,
            0.0,
            0.0,
            1.0
          ]
        ],
        "rotation_mode": "QUATERNION"
      },
      "armature_space": {
        "head": {
          "x": 0.586143434047699,
          "y": -0.1771852672100067,
          "z": 0.7300633192062378
        },
        "tail": {
          "x": 0.6111048460006714,
          "y": -0.19287753105163574,
          "z": 0.7573372721672058
        }
      },
      "world_space": {
        "head": {
          "x": 0.586143434047699,
          "y": -0.1139412671327591,
          "z": 1.679917335510254
        },
        "tail": {
          "x": 0.6111048460006714,
          "y": -0.12963353097438812,
          "z": 1.7071912288665771
        },
        "rotation_quaternion": {
          "w": 0.40575990080833435,
          "x": 0.0705544501543045,
          "y": -0.3741765022277832,
          "z": -0.8308869004249573
        },
        "matrix": [
          [
            -0.6607607007026672,
            0.6214815974235535,
            -0.4208986759185791,
            0.586143434047699
          ],
          [
            -0.7270821928977966,
            -0.39070069789886475,
            0.56453937292099,
            -0.1139412671327591
          ],
          [
            0.18640607595443726,
            0.6790576577186584,
            0.7100334763526917,
            1.679917335510254
          ],
          [
            0.0,
            0.0,
            0.0,
            1.0
          ]
        ]
      },
      "bone_length_armature_space": 0.040164508576249626,
      "parent": "thumb_01_l",
      "has_children": true,
      "is_end_bone": false
    },
    "thumb_03_l": {
      "name": "thumb_03_l",
      "local": {
        "location": {
          "x": 0.0,
          "y": 0.0,
          "z": 0.0
        },
        "rotation_quaternion": {
          "w": 0.9986178278923035,
          "x": 0.052041202783584595,
          "y": -0.005643949843943119,
          "z": 0.004735033493489027
        },
        "scale": {
          "x": 1.0,
          "y": 1.0,
          "z": 1.0
        },
        "matrix_basis": [
          [
            0.999891459941864,
            -0.01004441361874342,
            -0.01077946461737156,
            0.0
          ],
          [
            0.008869541808962822,
            0.9945386052131653,
            -0.10399199277162552,
            0.0
          ],
          [
            0.011765131726861,
            0.10388509929180145,
            0.9945197105407715,
            0.0
          ],
          [
            0.0,
            0.0,
            0.0,
            1.0
          ]
        ],
        "rotation_mode": "QUATERNION"
      },
      "armature_space": {
        "head": {
          "x": 0.6111047863960266,
          "y": -0.19287757575511932,
          "z": 0.757337212562561
        },
        "tail": {
          "x": 0.6264459490776062,
          "y": -0.194682314991951,
          "z": 0.7835725545883179
        }
      },
      "world_space": {
        "head": {
          "x": 0.6111047863960266,
          "y": -0.1296335756778717,
          "z": 1.7071912288665771
        },
        "tail": {
          "x": 0.6264459490776062,
          "y": -0.13143831491470337,
          "z": 1.733426570892334
        },
        "rotation_quaternion": {
          "w": 0.5308756232261658,
          "x": 0.2537153661251068,
          "y": -0.43420130014419556,
          "z": -0.6821062564849854
        },
        "matrix": [
          [
            -0.3075965344905853,
            0.5039001703262329,
            -0.8071362376213074,
            0.6111047863960266
          ],
          [
            -0.9445551633834839,
            -0.059279054403305054,
            0.3229579031467438,
            -0.1296335756778717
          ],
          [
            0.11489218473434448,
            0.8617313504219055,
            0.4941994249820709,
            1.7071912288665771
          ],
          [
            0.0,
            0.0,
            0.0,
            1.0
          ]
        ]
      },
      "bone_length_armature_space": 0.030445057793708902,
      "parent": "thumb_02_l",
      "has_children": false,
      "is_end_bone": true
    },
    "metacarpal_index_l": {
      "name": "metacarpal_index_l",
      "local": {
        "location": {
          "x": 0.0,
          "y": 0.0,
          "z": 0.0
        },
        "rotation_quaternion": {
          "w": 0.9996389150619507,
          "x": -0.025161482393741608,
          "y": 0.007748453877866268,
          "z": 0.005377374589443207
        },
        "scale": {
          "x": 1.0,
          "y": 1.0,
          "z": 1.0
        },
        "matrix_basis": [
          [
            0.9998220801353455,
            -0.011140790767967701,
            0.015220706351101398,
            0.0
          ],
          [
            0.010360940359532833,
            0.9986759424209595,
            0.05038812756538391,
            0.0
          ],
          [
            -0.01576191745698452,
            -0.050221461802721024,
            0.998613715171814,
            0.0
          ],
          [
            0.0,
            0.0,
            0.0,
            1.0
          ]
        ],
        "rotation_mode": "QUATERNION"
      },
      "armature_space": {
        "head": {
          "x": 0.5468369126319885,
          "y": -0.11207234859466553,
          "z": 0.7414021492004395
        },
        "tail": {
          "x": 0.6131188869476318,
          "y": -0.19698938727378845,
          "z": 0.787500262260437
        }
      },
      "world_space": {
        "head": {
          "x": 0.5468369126319885,
          "y": -0.04882834851741791,
          "z": 1.6912561655044556
        },
        "tail": {
          "x": 0.6131188869476318,
          "y": -0.13374538719654083,
          "z": 1.7373542785644531
        },
        "rotation_quaternion": {
          "w": 0.18609461188316345,
          "x": 0.9254963397979736,
          "y": 0.320947527885437,
          "z": 0.07627628743648529
        },
        "matrix": [
          [
            0.7823488712310791,
            0.5656822323799133,
            0.2606407105922699,
            0.5468369126319885
          ],
          [
            0.622461199760437,
            -0.7247229814529419,
            -0.2954983711242676,
            -0.04882834851741791
          ],
          [
            0.021734634414315224,
            0.3934233784675598,
            -0.9191081523895264,
            1.6912561655044556
          ],
          [
            0.0,
            0.0,
            0.0,
            1.0
          ]
        ]
      },
      "bone_length_armature_space": 0.11717183683941357,
      "parent": "lowerarm_l",
      "has_children": true,
      "is_end_bone": false
    },
    "index_01_l": {
      "name": "index_01_l",
      "local": {
        "location": {
          "x": 0.0,
          "y": 0.0,
          "z": 0.0
        },
        "rotation_quaternion": {
          "w": 0.9982700347900391,
          "x": -0.0563073605298996,
          "y": -0.013544313609600067,
          "z": -0.010148884728550911
        },
        "scale": {
          "x": 1.0,
          "y": 1.0,
          "z": 1.0
        },
        "matrix_basis": [
          [
            0.999427080154419,
            0.021787943318486214,
            -0.025898851454257965,
            0.0
          ],
          [
            -0.018737366423010826,
            0.9934529662132263,
            0.11269482225179672,
            0.0
          ],
          [
            0.0281846784055233,
            -0.11214498430490494,
            0.9932920932769775,
            0.0
          ],
          [
            0.0,
            0.0,
            0.0,
            1.0
          ]
        ],
        "rotation_mode": "QUATERNION"
      },
      "armature_space": {
        "head": {
          "x": 0.6131188869476318,
          "y": -0.19698938727378845,
          "z": 0.787500262260437
        },
        "tail": {
          "x": 0.6338000893592834,
          "y": -0.20726443827152252,
          "z": 0.8042269945144653
        }
      },
      "world_space": {
        "head": {
          "x": 0.6131188869476318,
          "y": -0.13374538719654083,
          "z": 1.7373542785644531
        },
        "tail": {
          "x": 0.6338000893592834,
          "y": -0.1440204381942749,
          "z": 1.7540810108184814
        },
        "rotation_quaternion": {
          "w": 0.3047025203704834,
          "x": 0.8196442127227783,
          "y": 0.4764271378517151,
          "z": 0.09141691029071808
        },
        "matrix": [
          [
            0.5293191075325012,
            0.7252914905548096,
            0.4401971399784088,
            0.6131188869476318
          ],
          [
            0.8367124795913696,
            -0.3603464961051941,
            -0.4123871922492981,
            -0.13374538719654083
          ],
          [
            -0.1404777467250824,
            0.5866063237190247,
            -0.7976047396659851,
            1.7373542785644531
          ],
          [
            0.0,
            0.0,
            0.0,
            1.0
          ]
        ]
      },
      "bone_length_armature_space": 0.028514423813530074,
      "parent": "metacarpal_index_l",
      "has_children": true,
      "is_end_bone": false
    },
    "index_02_l": {
      "name": "index_02_l",
      "local": {
        "location": {
          "x": 0.0,
          "y": 0.0,
          "z": 0.0
        },
        "rotation_quaternion": {
          "w": 0.9824857115745544,
          "x": 0.18611787259578705,
          "y": -0.009048178791999817,
          "z": 0.00048659014282748103
        },
        "scale": {
          "x": 1.0,
          "y": 1.0,
          "z": 1.0
        },
        "matrix_basis": [
          [
            0.9998357892036438,
            -0.004324191249907017,
            -0.017598286271095276,
            0.0
          ],
          [
            -0.002411919878795743,
            0.930719792842865,
            -0.3657251000404358,
            0.0
          ],
          [
            0.01796053908765316,
            0.36570748686790466,
            0.9305565357208252,
            0.0
          ],
          [
            0.0,
            0.0,
            0.0,
            1.0
          ]
        ],
        "rotation_mode": "QUATERNION"
      },
      "armature_space": {
        "head": {
          "x": 0.6338003873825073,
          "y": -0.20726491510868073,
          "z": 0.8042269945144653
        },
        "tail": {
          "x": 0.655113697052002,
          "y": -0.21947915852069855,
          "z": 0.811619222164154
        }
      },
      "world_space": {
        "head": {
          "x": 0.6338003873825073,
          "y": -0.1440209150314331,
          "z": 1.7540810108184814
        },
        "tail": {
          "x": 0.655113697052002,
          "y": -0.15623515844345093,
          "z": 1.7614731788635254
        },
        "rotation_quaternion": {
          "w": 0.18374256789684296,
          "x": 0.8586286902427673,
          "y": 0.4776760935783386,
          "z": -0.02865605615079403
        },
        "matrix": [
          [
            0.5420085787773132,
            0.8308233022689819,
            0.12633022665977478,
            0.6338003873825073
          ],
          [
            0.8097624778747559,
            -0.47612810134887695,
            -0.34290993213653564,
            -0.1440209150314331
          ],
          [
            -0.22474908828735352,
            0.2881588041782379,
            -0.930841863155365,
            1.7540810108184814
          ],
          [
            0.0,
            0.0,
            0.0,
            1.0
          ]
        ]
      },
      "bone_length_armature_space": 0.025653263567739903,
      "parent": "index_01_l",
      "has_children": true,
      "is_end_bone": false
    },
    "index_03_l": {
      "name": "index_03_l",
      "local": {
        "location": {
          "x": 0.0,
          "y": 0.0,
          "z": 0.0
        },
        "rotation_quaternion": {
          "w": 0.977277398109436,
          "x": 0.21171145141124725,
          "y": -0.010173955000936985,
          "z": 0.0019547108095139265
        },
        "scale": {
          "x": 1.0,
          "y": 1.0,
          "z": 1.0
        },
        "matrix_basis": [
          [
            0.9997853636741638,
            -0.008128475397825241,
            -0.019057882949709892,
            0.0
          ],
          [
            -0.00048729617265053093,
            0.9103488922119141,
            -0.4138413965702057,
            0.0
          ],
          [
            0.02071322128176689,
            0.41376185417175293,
            0.9101495146751404,
            0.0
          ],
          [
            0.0,
            0.0,
            0.0,
            1.0
          ]
        ],
        "rotation_mode": "QUATERNION"
      },
      "armature_space": {
        "head": {
          "x": 0.655113697052002,
          "y": -0.21947912871837616,
          "z": 0.8116193413734436
        },
        "tail": {
          "x": 0.6795399188995361,
          "y": -0.2340158373117447,
          "z": 0.8048534989356995
        }
      },
      "world_space": {
        "head": {
          "x": 0.655113697052002,
          "y": -0.15623512864112854,
          "z": 1.7614734172821045
        },
        "tail": {
          "x": 0.6795399188995361,
          "y": -0.17077183723449707,
          "z": 1.7547075748443604
        },
        "rotation_quaternion": {
          "w": 0.05065378546714783,
          "x": -0.8529821038246155,
          "y": -0.49867531657218933,
          "z": 0.14552947878837585
        },
        "matrix": [
          [
            0.46028783917427063,
            0.8359792232513428,
            -0.29878750443458557,
            0.655113697052002
          ],
          [
            0.8654654622077942,
            -0.49751439690589905,
            -0.05873216688632965,
            -0.15623512864112854
          ],
          [
            -0.19775056838989258,
            -0.23155897855758667,
            -0.9525173902511597,
            1.7614734172821045
          ],
          [
            0.0,
            0.0,
            0.0,
            1.0
          ]
        ]
      },
      "bone_length_armature_space": 0.029218707447890385,
      "parent": "index_02_l",
      "has_children": false,
      "is_end_bone": true
    },
    "metacarpal_pinky_l": {
      "name": "metacarpal_pinky_l",
      "local": {
        "location": {
          "x": 0.0,
          "y": 0.0,
          "z": 0.0
        },
        "rotation_quaternion": {
          "w": 0.9975366592407227,
          "x": -0.0656796544790268,
          "y": 0.023173538967967033,
          "z": -0.008349459618330002
        },
        "scale": {
          "x": 1.0,
          "y": 1.0,
          "z": 1.0
        },
        "matrix_basis": [
          [
            0.9987865686416626,
            0.013613724149763584,
            0.04732969030737877,
            0.0
          ],
          [
            -0.019701844081282616,
            0.9912329316139221,
            0.13064874708652496,
            0.0
          ],
          [
            -0.04513613134622574,
            -0.13142269849777222,
            0.990298330783844,
            0.0
          ],
          [
            0.0,
            0.0,
            0.0,
            1.0
          ]
        ],
        "rotation_mode": "QUATERNION"
      },
      "armature_space": {
        "head": {
          "x": 0.5468369126319885,
          "y": -0.11207234859466553,
          "z": 0.7414021492004395
        },
        "tail": {
          "x": 0.6330706477165222,
          "y": -0.13053648173809052,
          "z": 0.7967742085456848
        }
      },
      "world_space": {
        "head": {
          "x": 0.5468369126319885,
          "y": -0.04882834851741791,
          "z": 1.6912561655044556
        },
        "tail": {
          "x": 0.6330706477165222,
          "y": -0.0672924816608429,
          "z": 1.7466282844543457
        },
        "rotation_quaternion": {
          "w": 0.6403506398200989,
          "x": 0.3777293860912323,
          "y": -0.03593430295586586,
          "z": -0.6678175926208496
        },
        "matrix": [
          [
            0.10545917600393295,
            0.8281295299530029,
            -0.5505266785621643,
            0.5468369126319885
          ],
          [
            -0.8824214339256287,
            -0.17731675505638123,
            -0.4357657730579376,
            -0.04882834851741791
          ],
          [
            -0.45849213004112244,
            0.5317553281784058,
            0.7120640873908997,
            1.6912561655044556
          ],
          [
            0.0,
            0.0,
            0.0,
            1.0
          ]
        ]
      },
      "bone_length_armature_space": 0.10413090846801898,
      "parent": "lowerarm_l",
      "has_children": true,
      "is_end_bone": false
    },
    "pinky_01_l": {
      "name": "pinky_01_l",
      "local": {
        "location": {
          "x": 0.0,
          "y": 0.0,
          "z": 0.0
        },
        "rotation_quaternion": {
          "w": 0.9955787658691406,
          "x": 0.09268738329410553,
          "y": -0.008470816537737846,
          "z": 0.012658467516303062
        },
        "scale": {
          "x": 1.0,
          "y": 1.0,
          "z": 1.0
        },
        "matrix_basis": [
          [
            0.9995360374450684,
            -0.02677527815103531,
            -0.014520169235765934,
            0.0
          ],
          [
            0.02363472804427147,
            0.9824976325035095,
            -0.1847696304321289,
            0.0
          ],
          [
            0.019213290885090828,
            0.1843407303094864,
            0.9826745986938477,
            0.0
          ],
          [
            0.0,
            0.0,
            0.0,
            1.0
          ]
        ],
        "rotation_mode": "QUATERNION"
      },
      "armature_space": {
        "head": {
          "x": 0.6330706477165222,
          "y": -0.13053648173809052,
          "z": 0.7967742085456848
        },
        "tail": {
          "x": 0.6541064381599426,
