{
  "metadata": {
    "armature_name": "KIM_caucasian_male",
    "export_time": "2026-01-13T20:26:52.032154",
    "blender_version": "4.4.1",
    "bone_count": 56,
    "end_bone_count": 13,
    "spaces_included": [
      "LOCAL_CHANNELS",
      "ARMATURE_SPACE",
      "WORLD_SPACE"
    ],
    "note": "LOCAL matches Transform panel; replay pose via local.matrix_basis for best fidelity."
  },
  "bones": {
    "Root": {
      "name": "Root",
      "local": {
        "location": {
          "x": 0.0,
          "y": 0.0,
          "z": 0.0
        },
        "rotation_quaternion": {
          "w": 0.9998347163200378,
          "x": 0.006727599073201418,
          "y": 0.013518436811864376,
          "z": -0.010134047828614712
        },
        "scale": {
          "x": 1.0,
          "y": 1.0,
          "z": 1.0
        },
        "matrix_basis": [
          [
            0.9994291067123413,
            0.020446639508008957,
            0.026896048337221146,
            0.0
          ],
          [
            -0.020082851871848106,
            0.9997040629386902,
            -0.013726967386901379,
            0.0
          ],
          [
            -0.0271687600761652,
            0.01317898090928793,
            0.9995439648628235,
            0.0
          ],
          [
            0.0,
            0.0,
            0.0,
            1.0
          ]
        ],
        "rotation_mode": "QUATERNION"
      },
      "armature_space": {
        "head": {
          "x": 0.0,
          "y": 0.07072800397872925,
          "z": -0.009595036506652832
        },
        "tail": {
          "x": 0.0014593966770917177,
          "y": -0.00010551512241363525,
          "z": -0.0009349696338176727
        }
      },
      "world_space": {
        "head": {
          "x": 0.0,
          "y": 0.13397200405597687,
          "z": 0.9402589797973633
        },
        "tail": {
          "x": 0.0014593966770917177,
          "y": 0.06313848495483398,
          "z": 0.9489190578460693
        },
        "rotation_quaternion": {
          "w": 0.06064421683549881,
          "x": 0.9980165362358093,
          "y": 0.011021736077964306,
          "z": 0.012805022299289703
        },
        "matrix": [
          [
            0.9994291067123413,
            0.020446639508008957,
            0.026896048337221146,
            0.0
          ],
          [
            0.023552849888801575,
            -0.9924015402793884,
            -0.12076602131128311,
            0.13397200405597687
          ],
          [
            0.024222614243626595,
            0.12133045494556427,
            -0.9923235774040222,
            0.9402589797973633
          ],
          [
            0.0,
            0.0,
            0.0,
            1.0
          ]
        ]
      },
      "bone_length_armature_space": 0.07137586295157747,
      "parent": null,
      "has_children": true,
      "is_end_bone": false
    },
    "spine_01": {
      "name": "spine_01",
      "local": {
        "location": {
          "x": 0.0,
          "y": 0.0,
          "z": 0.0
        },
        "rotation_quaternion": {
          "w": 0.9940621256828308,
          "x": 0.10153574496507645,
          "y": 0.03659272566437721,
          "z": -0.013855716213583946
        },
        "scale": {
          "x": 1.0,
          "y": 1.0,
          "z": 1.0
        },
        "matrix_basis": [
          [
            0.9969379901885986,
            0.03497782349586487,
            0.06993718445301056,
            0.0
          ],
          [
            -0.020115945488214493,
            0.9789970517158508,
            -0.20287971198558807,
            0.0
          ],
          [
            -0.07556458562612534,
            0.20085163414478302,
            0.9767029285430908,
            0.0
          ],
          [
            0.0,
            0.0,
            0.0,
            1.0
          ]
        ],
        "rotation_mode": "QUATERNION"
      },
      "armature_space": {
        "head": {
          "x": 0.0014593966770917177,
          "y": -0.00010551512241363525,
          "z": -0.0009349696338176727
        },
        "tail": {
          "x": 0.008806603029370308,
          "y": -0.08187420666217804,
          "z": 0.4801141917705536
        }
      },
      "world_space": {
        "head": {
          "x": 0.0014593966770917177,
          "y": 0.06313848495483398,
          "z": 0.9489190578460693
        },
        "tail": {
          "x": 0.008806603029370308,
          "y": -0.01863020658493042,
          "z": 1.429968237876892
        },
        "rotation_quaternion": {
          "w": 0.6440823078155518,
          "x": 0.7633707523345947,
          "y": 0.03712974488735199,
          "z": 0.03231875225901604
        },
        "matrix": [
          [
            0.9951537251472473,
            0.015055712312459946,
            0.09717161953449249,
            0.0014593966770917177
          ],
          [
            0.09831941872835159,
            -0.16755837202072144,
            -0.9809471964836121,
            0.06313848495483398
          ],
          [
            0.0015131619293242693,
            0.9857539534568787,
            -0.16822868585586548,
            0.9489190578460693
          ],
          [
            0.0,
            0.0,
            0.0,
            1.0
          ]
        ]
      },
      "bone_length_armature_space": 0.48800449122716383,
      "parent": "Root",
      "has_children": true,
      "is_end_bone": false
    },
    "neck_01": {
      "name": "neck_01",
      "local": {
        "location": {
          "x": 0.0,
          "y": 0.0,
          "z": 0.0
        },
        "rotation_quaternion": {
          "w": 0.9893128275871277,
          "x": -0.10056480020284653,
          "y": 0.08839184790849686,
          "z": 0.05773884803056717
        },
        "scale": {
          "x": 1.0,
          "y": 1.0,
          "z": 1.0
        },
        "matrix_basis": [
          [
            0.9777061939239502,
            -0.13202178478240967,
            0.1632813811302185,
            0.0
          ],
          [
            0.0964653491973877,
            0.9731059074401855,
            0.2091873735189438,
            0.0
          ],
          [
            -0.18650737404823303,
            -0.18877281248569489,
            0.9641472101211548,
            0.0
          ],
          [
            0.0,
            0.0,
            0.0,
            1.0
          ]
        ],
        "rotation_mode": "QUATERNION"
      },
      "armature_space": {
        "head": {
          "x": 0.013278912752866745,
          "y": -0.12816224992275238,
          "z": 0.5464552640914917
        },
        "tail": {
          "x": 0.0032844319939613342,
          "y": -0.16578197479248047,
          "z": 0.6413004398345947
        }
      },
      "world_space": {
        "head": {
          "x": 0.013278912752866745,
          "y": -0.06491824984550476,
          "z": 1.4963092803955078
        },
        "tail": {
          "x": 0.0032844319939613342,
          "y": -0.10253797471523285,
          "z": 1.5911544561386108
        },
        "rotation_quaternion": {
          "w": 0.5617097020149231,
          "x": 0.8159672021865845,
          "y": 0.031771767884492874,
          "z": 0.1329302042722702
        },
        "matrix": [
          [
            0.9626404047012329,
            -0.09748683869838715,
            0.25262564420700073,
            0.013278912752866745
          ],
          [
            0.2011852264404297,
            -0.3669453263282776,
            -0.908226728439331,
            -0.06491824984550476
          ],
          [
            0.18124140799045563,
            0.925126314163208,
            -0.33362674713134766,
            1.4963092803955078
          ],
          [
            0.0,
            0.0,
            0.0,
            1.0
          ]
        ]
      },
      "bone_length_armature_space": 0.10252190429317859,
      "parent": "spine_01",
      "has_children": true,
      "is_end_bone": false
    },
    "head": {
      "name": "head",
      "local": {
        "location": {
          "x": 0.0,
          "y": 0.0,
          "z": 0.0
        },
        "rotation_quaternion": {
          "w": 0.9834338426589966,
          "x": 0.056361984461545944,
          "y": 0.009385540150105953,
          "z": 0.17202652990818024
        },
        "scale": {
          "x": 1.0,
          "y": 1.0,
          "z": 1.0
        },
        "matrix_basis": [
          [
            0.9406375885009766,
            -0.33729544281959534,
            0.03785162791609764,
            0.0
          ],
          [
            0.3394114077091217,
            0.9344604015350342,
            -0.10762744396924973,
            0.0
          ],
          [
            0.000931397604290396,
            0.11408568918704987,
            0.9934704899787903,
            0.0
          ],
          [
            0.0,
            0.0,
            0.0,
            1.0
          ]
        ],
        "rotation_mode": "QUATERNION"
      },
      "armature_space": {
        "head": {
          "x": 0.0032844776287674904,
          "y": -0.16578207910060883,
          "z": 0.6413003206253052
        },
        "tail": {
          "x": -0.07010111212730408,
          "y": -0.19551119208335876,
          "z": 0.7746568322181702
        }
      },
      "world_space": {
        "head": {
          "x": 0.0032844776287674904,
          "y": -0.1025380790233612,
          "z": 1.5911543369293213
        },
        "tail": {
          "x": -0.07010111212730408,
          "y": -0.13226719200611115,
          "z": 1.724510908126831
        },
        "rotation_quaternion": {
          "w": 0.6277243494987488,
          "x": 0.7266380786895752,
          "y": -0.10058723390102386,
          "z": 0.2604638934135437
        },
        "matrix": [
          [
            0.844082236289978,
            -0.47317999601364136,
            0.25224196910858154,
            0.0032844776287674904
          ],
          [
            0.18081557750701904,
            -0.19168919324874878,
            -0.9646560549736023,
            -0.1025380790233612
          ],
          [
            0.504811704158783,
            0.8598640561103821,
            -0.07624465972185135,
            1.5911543369293213
          ],
          [
            0.0,
            0.0,
            0.0,
            1.0
          ]
        ]
      },
      "bone_length_armature_space": 0.15509101566522826,
      "parent": "neck_01",
      "has_children": false,
      "is_end_bone": true
    },
    "upperarm_l": {
      "name": "upperarm_l",
      "local": {
        "location": {
          "x": 0.0,
          "y": 0.0,
          "z": 0.0
        },
        "rotation_quaternion": {
          "w": 0.8899886608123779,
          "x": 0.1542651206254959,
          "y": 0.39949771761894226,
          "z": 0.15660172700881958
        },
        "scale": {
          "x": 1.0,
          "y": 1.0,
          "z": 1.0
        },
        "matrix_basis": [
          [
            0.6317549347877502,
            -0.15549039840698242,
            0.7594132423400879,
            0.0
          ],
          [
            0.4020046591758728,
            0.9033563137054443,
            -0.14946435391902924,
            0.0
          ],
          [
            -0.6627805233001709,
            0.399712473154068,
            0.6332076787948608,
            0.0
          ],
          [
            0.0,
            0.0,
            0.0,
            1.0
          ]
        ],
        "rotation_mode": "QUATERNION"
      },
      "armature_space": {
        "head": {
          "x": 0.16185002028942108,
          "y": -0.10528148710727692,
          "z": 0.4798954725265503
        },
        "tail": {
          "x": 0.417649507522583,
          "y": -0.18328918516635895,
          "z": 0.49689581990242004
        }
      },
      "world_space": {
        "head": {
          "x": 0.16185002028942108,
          "y": -0.0420374870300293,
          "z": 1.4297494888305664
        },
        "tail": {
          "x": 0.417649507522583,
          "y": -0.12004518508911133,
          "z": 1.4467498064041138
        },
        "rotation_quaternion": {
          "w": 0.1781848669052124,
          "x": 0.7808927893638611,
          "y": 0.5680633783340454,
          "z": -0.18910467624664307
        },
        "matrix": [
          [
            0.2830861508846283,
            0.9545846581459045,
            -0.09289836883544922,
            0.16185002028942108
          ],
          [
            0.8198021650314331,
            -0.2911067008972168,
            -0.4931342899799347,
            -0.0420374870300293
          ],
          [
            -0.4977845549583435,
            0.06344138085842133,
            -0.864985466003418,
            1.4297494888305664
          ],
          [
            0.0,
            0.0,
            0.0,
            1.0
          ]
        ]
      },
      "bone_length_armature_space": 0.2679693658951293,
      "parent": "spine_01",
      "has_children": true,
      "is_end_bone": false
    },
    "lowerarm_l": {
      "name": "lowerarm_l",
      "local": {
        "location": {
          "x": 0.0,
          "y": 0.0,
          "z": 0.0
        },
        "rotation_quaternion": {
          "w": 0.8754266500473022,
          "x": 0.4309528172016144,
          "y": 0.18583719432353973,
          "z": -0.11563989520072937
        },
        "scale": {
          "x": 1.0,
          "y": 1.0,
          "z": 1.0
        },
        "matrix_basis": [
          [
            0.9041839241981506,
            0.3626426160335541,
            0.22570298612117767,
            0.0
          ],
          [
            -0.04229436814785004,
            0.6018141508102417,
            -0.7975155711174011,
            0.0
          ],
          [
            -0.42504432797431946,
            0.711554765701294,
            0.5594884157180786,
            0.0
          ],
          [
            0.0,
            0.0,
            0.0,
            1.0
          ]
        ],
        "rotation_mode": "QUATERNION"
      },
      "armature_space": {
        "head": {
          "x": 0.4176495671272278,
          "y": -0.1832893192768097,
          "z": 0.49689584970474243
        },
        "tail": {
          "x": 0.5484729409217834,
          "y": -0.28474193811416626,
          "z": 0.2867468297481537
        }
      },
      "world_space": {
        "head": {
          "x": 0.4176495671272278,
          "y": -0.12004531919956207,
          "z": 1.4467499256134033
        },
        "tail": {
          "x": 0.5484729409217834,
          "y": -0.22149793803691864,
          "z": 1.2366008758544922
        },
        "rotation_quaternion": {
          "w": 0.3147182762622833,
          "x": -0.7603867053985596,
          "y": -0.4597156345844269,
          "z": 0.333805650472641
        },
        "matrix": [
          [
            0.35446876287460327,
            0.48901456594467163,
            -0.7970044612884521,
            0.4176495671272278
          ],
          [
            0.9092334508895874,
            -0.3792274594306946,
            0.17170169949531555,
            -0.12004531919956207
          ],
          [
            -0.2182820439338684,
            -0.7855319380760193,
            -0.5790567994117737,
            1.4467499256134033
          ],
          [
            0.0,
            0.0,
            0.0,
            1.0
          ]
        ]
      },
      "bone_length_armature_space": 0.267525700842453,
      "parent": "upperarm_l",
      "has_children": true,
      "is_end_bone": false
    },
    "metacarpal_thumb_l": {
      "name": "metacarpal_thumb_l",
      "local": {
        "location": {
          "x": 0.0,
          "y": 0.0,
          "z": 0.0
        },
        "rotation_quaternion": {
          "w": 0.99909907579422,
          "x": -0.041921306401491165,
          "y": -0.0018320479430258274,
          "z": 0.006352826952934265
        },
        "scale": {
          "x": 1.0,
          "y": 1.0,
          "z": 1.0
        },
        "matrix_basis": [
          [
            0.9999125599861145,
            -0.012540603056550026,
            -0.004193432629108429,
            0.0
          ],
          [
            0.012847810983657837,
            0.9964044690132141,
            0.08374380320310593,
            0.0
          ],
          [
            0.003128157230094075,
            -0.0837903544306755,
            0.9964784979820251,
            0.0
          ],
          [
            0.0,
            0.0,
            0.0,
            1.0
          ]
        ],
        "rotation_mode": "QUATERNION"
      },
      "armature_space": {
        "head": {
          "x": 0.5484729409217834,
          "y": -0.28474193811416626,
          "z": 0.2867468297481537
        },
        "tail": {
          "x": 0.5457285046577454,
          "y": -0.29009637236595154,
          "z": 0.2375795990228653
        }
      },
      "world_space": {
        "head": {
          "x": 0.5484729409217834,
          "y": -0.22149793803691864,
          "z": 1.2366008758544922
        },
        "tail": {
          "x": 0.5457285046577454,
          "y": -0.22685237228870392,
          "z": 1.1874336004257202
        },
        "rotation_quaternion": {
          "w": 0.6571733951568604,
          "x": -0.7387353181838989,
          "y": 0.11863704025745392,
          "z": -0.09120634943246841
        },
        "matrix": [
          [
            0.9552130103111267,
            -0.05540594086050987,
            0.29068511724472046,
            0.5484729409217834
          ],
          [
            -0.29515981674194336,
            -0.10809703171253204,
            0.9493135213851929,
            -0.22149793803691864
          ],
          [
            -0.0211756844073534,
            -0.9926022887229919,
            -0.11960926651954651,
            1.2366008758544922
          ],
          [
            0.0,
            0.0,
            0.0,
            1.0
          ]
        ]
      },
      "bone_length_armature_space": 0.04953401298002048,
      "parent": "lowerarm_l",
      "has_children": true,
      "is_end_bone": false
    },
    "thumb_01_l": {
      "name": "thumb_01_l",
      "local": {
        "location": {
          "x": 0.0,
          "y": 0.0,
          "z": 0.0
        },
        "rotation_quaternion": {
          "w": 0.957560658454895,
          "x": 0.28805020451545715,
          "y": -0.008179979398846626,
          "z": 0.006147810723632574
        },
        "scale": {
          "x": 1.0,
          "y": 1.0,
          "z": 1.0
        },
        "matrix_basis": [
          [
            0.999790608882904,
            -0.016486292704939842,
            -0.01212389674037695,
            0.0
          ],
          [
            0.007061313837766647,
            0.8339785933494568,
            -0.5517516732215881,
            0.0
          ],
          [
            0.019207408651709557,
            0.5515505075454712,
            0.8339203596115112,
            0.0
          ],
          [
            0.0,
            0.0,
            0.0,
            1.0
          ]
        ],
        "rotation_mode": "QUATERNION"
      },
      "armature_space": {
        "head": {
          "x": 0.5457285046577454,
          "y": -0.29009637236595154,
          "z": 0.2375795990228653
        },
        "tail": {
          "x": 0.5658514499664307,
          "y": -0.27483874559402466,
          "z": 0.2147563099861145
        }
      },
      "world_space": {
        "head": {
          "x": 0.5457285046577454,
          "y": -0.22685237228870392,
          "z": 1.1874336004257202
        },
        "tail": {
          "x": 0.5658514499664307,
          "y": -0.21159474551677704,
          "z": 1.1646103858947754
        },
        "rotation_quaternion": {
          "w": 0.6225468516349792,
          "x": -0.051412299275398254,
          "y": 0.5801377892494202,
          "z": -0.5227164626121521
        },
        "matrix": [
          [
            -0.21958601474761963,
            0.591181218624115,
            0.7760710716247559,
            0.5457285046577454
          ],
          [
            -0.7104837894439697,
            0.4482453167438507,
            -0.5424845218658447,
            -0.22685237228870392
          ],
          [
            -0.6685820817947388,
            -0.6705122590065002,
            0.3215981721878052,
            1.1874336004257202
          ],
          [
            0.0,
            0.0,
            0.0,
            1.0
          ]
        ]
      },
      "bone_length_armature_space": 0.03403866340456269,
      "parent": "metacarpal_thumb_l",
      "has_children": true,
      "is_end_bone": false
    },
    "thumb_02_l": {
      "name": "thumb_02_l",
      "local": {
        "location": {
          "x": 0.0,
          "y": 0.0,
          "z": 0.0
        },
        "rotation_quaternion": {
          "w": 0.8946630954742432,
          "x": 0.44670936465263367,
          "y": 0.005107320379465818,
          "z": -0.001621900242753327
        },
        "scale": {
          "x": 1.0,
          "y": 1.0,
          "z": 1.0
        },
        "matrix_basis": [
          [
            0.9999425411224365,
            0.007465084083378315,
            0.007689625956118107,
            0.0
          ],
          [
            0.001660867128521204,
            0.6008962392807007,
            -0.7993253469467163,
            0.0
          ],
          [
            -0.010587697848677635,
            0.7992922067642212,
            0.6008493304252625,
            0.0
          ],
          [
            0.0,
            0.0,
            0.0,
            1.0
          ]
        ],
        "rotation_mode": "QUATERNION"
      },
      "armature_space": {
        "head": {
          "x": 0.5658513903617859,
          "y": -0.2748386859893799,
          "z": 0.2147563397884369
        },
        "tail": {
          "x": 0.5726239681243896,
          "y": -0.3142716586589813,
          "z": 0.21827083826065063
        }
      },
      "world_space": {
        "head": {
          "x": 0.5658513903617859,
          "y": -0.21159468591213226,
          "z": 1.1646103858947754
        },
        "tail": {
          "x": 0.5726239681243896,
          "y": -0.2510276436805725,
          "z": 1.1681249141693115
        },
        "rotation_quaternion": {
          "w": 0.09469373524188995,
          "x": 0.3460249602794647,
          "y": -0.011769259348511696,
          "z": -0.9333603382110596
        },
        "matrix": [
          [
            -0.7425995469093323,
            0.16862207651138306,
            -0.6481605768203735,
            0.5658513903617859
          ],
          [
            -0.18491193652153015,
            -0.9817893505096436,
            -0.043563008308410645,
            -0.21159468591213226
          ],
          [
            -0.6437075734138489,
            0.08750268816947937,
            0.7602618336677551,
            1.1646103858947754
          ],
          [
            0.0,
            0.0,
            0.0,
            1.0
          ]
        ]
      },
      "bone_length_armature_space": 0.04016439772122824,
      "parent": "thumb_01_l",
      "has_children": true,
      "is_end_bone": false
    },
    "thumb_03_l": {
      "name": "thumb_03_l",
      "local": {
        "location": {
          "x": 0.0,
          "y": 0.0,
          "z": 0.0
        },
        "rotation_quaternion": {
          "w": 0.9886581897735596,
          "x": 0.1500294804573059,
          "y": 0.004190882667899132,
          "z": -0.00534707959741354
        },
        "scale": {
          "x": 1.0,
          "y": 1.0,
          "z": 1.0
        },
        "matrix_basis": [
          [
            0.9999076724052429,
            0.01183038018643856,
            0.006682261824607849,
            0.0
          ],
          [
            -0.009315356612205505,
            0.9549251198768616,
            -0.2967005670070648,
            0.0
          ],
          [
            -0.009891140274703503,
            0.29661092162132263,
            0.9549471735954285,
            0.0
          ],
          [
            0.0,
            0.0,
            0.0,
            1.0
          ]
        ],
        "rotation_mode": "QUATERNION"
      },
      "armature_space": {
        "head": {
          "x": 0.5726240277290344,
          "y": -0.31427162885665894,
          "z": 0.21827074885368347
        },
        "tail": {
          "x": 0.5673431754112244,
          "y": -0.3402807116508484,
          "z": 0.23318830132484436
        }
      },
      "world_space": {
        "head": {
          "x": 0.5726240277290344,
          "y": -0.2510276436805725,
          "z": 1.168124794960022
        },
        "tail": {
          "x": 0.5673431754112244,
          "y": -0.27703672647476196,
          "z": 1.183042287826538
        },
        "rotation_quaternion": {
          "w": 0.06816600263118744,
          "x": 0.5401529669761658,
          "y": -0.2611576318740845,
          "z": -0.7971104383468628
        },
        "matrix": [
          [
            -0.4071771204471588,
            -0.17345666885375977,
            -0.8967269659042358,
            0.5726240277290344
          ],
          [
            -0.3908017873764038,
            -0.8543009161949158,
            0.34270161390304565,
            -0.2510276436805725
          ],
          [
            -0.825524628162384,
            0.4899855852127075,
            0.2800668179988861,
            1.168124794960022
          ],
          [
            0.0,
            0.0,
            0.0,
            1.0
          ]
        ]
      },
      "bone_length_armature_space": 0.03044492002515187,
      "parent": "thumb_02_l",
      "has_children": false,
      "is_end_bone": true
    },
    "metacarpal_index_l": {
      "name": "metacarpal_index_l",
      "local": {
        "location": {
          "x": 0.0,
          "y": 0.0,
          "z": 0.0
        },
        "rotation_quaternion": {
          "w": 0.9998485445976257,
          "x": -0.0038655069656670094,
          "y": -0.016964489594101906,
          "z": 0.00040037138387560844
        },
        "scale": {
          "x": 1.0,
          "y": 1.0,
          "z": 1.0
        },
        "matrix_basis": [
          [
            0.9994240999221802,
            -0.0006694687763229012,
            -0.033926934003829956,
            0.0
          ],
          [
            0.0009317742078565061,
            0.9999697804450989,
            0.007716258987784386,
            0.0
          ],
          [
            0.03392074629664421,
            -0.007743427064269781,
            0.9993945360183716,
            0.0
          ],
          [
            0.0,
            0.0,
            0.0,
            1.0
          ]
        ],
        "rotation_mode": "QUATERNION"
      },
      "armature_space": {
        "head": {
          "x": 0.5484729409217834,
          "y": -0.28474193811416626,
          "z": 0.2867468297481537
        },
        "tail": {
          "x": 0.5767183899879456,
          "y": -0.31633055210113525,
          "z": 0.17750515043735504
        }
      },
      "world_space": {
        "head": {
          "x": 0.5484729409217834,
          "y": -0.22149793803691864,
          "z": 1.2366008758544922
        },
        "tail": {
          "x": 0.5767183899879456,
          "y": -0.25308656692504883,
          "z": 1.12735915184021
        },
        "rotation_quaternion": {
          "w": 0.5756740570068359,
          "x": -0.7954867482185364,
          "y": -0.1838565319776535,
          "z": 0.044687528163194656
        },
        "matrix": [
          [
            0.9283989667892456,
            0.2410600185394287,
            -0.2827807068824768,
            0.5484729409217834
          ],
          [
            0.34396323561668396,
            -0.2695925831794739,
            0.8994495868682861,
            -0.22149793803691864
          ],
          [
            0.14058718085289001,
            -0.9323210716247559,
            -0.3332068920135498,
            1.2366008758544922
          ],
          [
            0.0,
            0.0,
            0.0,
            1.0
          ]
        ]
      },
      "bone_length_armature_space": 0.11717248313770537,
      "parent": "lowerarm_l",
      "has_children": true,
      "is_end_bone": false
    },
    "index_01_l": {
      "name": "index_01_l",
      "local": {
        "location": {
          "x": 0.0,
          "y": 0.0,
          "z": 0.0
        },
        "rotation_quaternion": {
          "w": 0.935661256313324,
          "x": 0.3526481091976166,
          "y": -0.007209716364741325,
          "z": 0.011193531565368176
        },
        "scale": {
          "x": 1.0,
          "y": 1.0,
          "z": 1.0
        },
        "matrix_basis": [
          [
            0.999645471572876,
            -0.026031693443655968,
            -0.005596949253231287,
            0.0
          ],
          [
            0.015861721709370613,
            0.7510280609130859,
            -0.6600797772407532,
            0.0
          ],
          [
            0.021386459469795227,
            0.6597569584846497,
            0.7511746883392334,
            0.0
          ],
          [
            0.0,
            0.0,
            0.0,
            1.0
          ]
        ],
        "rotation_mode": "QUATERNION"
      },
      "armature_space": {
        "head": {
          "x": 0.5767183899879456,
          "y": -0.31633055210113525,
          "z": 0.17750515043735504
        },
        "tail": {
          "x": 0.5848361253738403,
          "y": -0.30550992488861084,
          "z": 0.15240347385406494
        }
      },
      "world_space": {
        "head": {
          "x": 0.5767183899879456,
          "y": -0.25308656692504883,
          "z": 1.12735915184021
        },
        "tail": {
          "x": 0.5848361253738403,
          "y": -0.24226592481136322,
          "z": 1.102257490158081
        },
        "rotation_quaternion": {
          "w": 0.7672381401062012,
          "x": -0.555225670337677,
          "y": -0.3179388642311096,
          "z": 0.044553544372320175
        },
        "matrix": [
          [
            0.7938606142997742,
            0.2846886217594147,
            -0.5373427867889404,
            0.5767183899879456
          ],
          [
            0.4214206635951996,
            0.37947970628738403,
            0.8236505389213562,
            -0.25308656692504883
          ],
          [
            0.43839821219444275,
            -0.880316972732544,
            0.18128231167793274,
            1.12735915184021
          ],
          [
            0.0,
            0.0,
            0.0,
            1.0
          ]
        ]
      },
      "bone_length_armature_space": 0.028514518225392575,
      "parent": "metacarpal_index_l",
      "has_children": true,
      "is_end_bone": false
    },
    "index_02_l": {
      "name": "index_02_l",
      "local": {
        "location": {
          "x": 0.0,
          "y": 0.0,
          "z": 0.0
        },
        "rotation_quaternion": {
          "w": 0.8995223641395569,
          "x": 0.43670934438705444,
          "y": -0.011448938399553299,
          "z": -0.003664037212729454
        },
        "scale": {
          "x": 1.0,
          "y": 1.0,
          "z": 1.0
        },
        "matrix_basis": [
          [
            0.9997109770774841,
            -0.003407950047403574,
            -0.02379739098250866,
            0.0
          ],
          [
            -0.01659148372709751,
            0.6185430288314819,
            -0.7855757474899292,
            0.0
          ],
          [
            0.017396913841366768,
            0.7857435345649719,
            0.6183077692985535,
            0.0
          ],
          [
            0.0,
            0.0,
            0.0,
            1.0
          ]
        ],
        "rotation_mode": "QUATERNION"
      },
      "armature_space": {
        "head": {
          "x": 0.5848358273506165,
          "y": -0.30550962686538696,
          "z": 0.1524030864238739
        },
        "tail": {
          "x": 0.5783398151397705,
          "y": -0.2834944427013397,
          "z": 0.14094775915145874
        }
      },
      "world_space": {
        "head": {
          "x": 0.5848358273506165,
          "y": -0.24226562678813934,
          "z": 1.1022571325302124
        },
        "tail": {
          "x": 0.5783398151397705,
          "y": -0.2202504426240921,
          "z": 1.09080171585083
        },
        "rotation_quaternion": {
          "w": 0.9136077761650085,
          "x": -0.1776779741048813,
          "y": -0.3072656989097595,
          "z": 0.1983412355184555
        },
        "matrix": [
          [
            0.7324968576431274,
            -0.2532241940498352,
            -0.6319221258163452,
            0.5848358273506165
          ],
          [
            0.4716013967990875,
            0.8581827282905579,
            0.202768474817276,
            -0.24226562678813934
          ],
          [
            0.4909627139568329,
            -0.4465448558330536,
            0.7480424046516418,
            1.1022571325302124
          ],
          [
            0.0,
            0.0,
            0.0,
            1.0
          ]
        ]
      },
      "bone_length_armature_space": 0.025653285052474467,
      "parent": "index_01_l",
      "has_children": true,
      "is_end_bone": false
    },
    "index_03_l": {
      "name": "index_03_l",
      "local": {
        "location": {
          "x": 0.0,
          "y": 0.0,
          "z": 0.0
        },
        "rotation_quaternion": {
          "w": 0.9360442161560059,
          "x": 0.35184893012046814,
          "y": -0.004056695848703384,
          "z": 0.002699085744097829
        },
        "scale": {
          "x": 1.0,
          "y": 1.0,
          "z": 1.0
        },
        "matrix_basis": [
          [
            0.999952495098114,
            -0.007907615043222904,
            -0.005695152562111616,
            0.0
          ],
          [
            0.002198239089921117,
            0.7523900866508484,
            -0.658714234828949,
            0.0
          ],
          [
            0.009493834339082241,
            0.6586704254150391,
            0.7523717284202576,
            0.0
          ],
          [
            0.0,
            0.0,
            0.0,
            1.0
          ]
        ],
        "rotation_mode": "QUATERNION"
      },
      "armature_space": {
        "head": {
          "x": 0.5783398747444153,
          "y": -0.2834944725036621,
          "z": 0.1409476399421692
        },
        "tail": {
          "x": 0.5621969103813171,
          "y": -0.26060712337493896,
          "z": 0.14927265048027039
        }
      },
      "world_space": {
        "head": {
          "x": 0.5783398747444153,
          "y": -0.2202504724264145,
          "z": 1.09080171585083
        },
        "tail": {
          "x": 0.5621969103813171,
          "y": -0.19736312329769135,
          "z": 1.0991266965866089
        },
        "rotation_quaternion": {
          "w": 0.9227603077888489,
          "x": 0.20952190458774567,
          "y": -0.20042388141155243,
          "z": 0.25385886430740356
        },
        "matrix": [
          [
            0.7907717823982239,
            -0.552488386631012,
            -0.2635074555873871,
            0.5783398747444153
          ],
          [
            0.38451626896858215,
            0.7833125591278076,
            -0.4884355664253235,
            -0.2202504724264145
          ],
          [
            0.47626736760139465,
            0.28492090106010437,
            0.831867516040802,
            1.09080171585083
          ],
          [
            0.0,
            0.0,
            0.0,
            1.0
          ]
        ]
      },
      "bone_length_armature_space": 0.02921869020345155,
      "parent": "index_02_l",
      "has_children": false,
      "is_end_bone": true
    },
    "metacarpal_pinky_l": {
      "name": "metacarpal_pinky_l",
      "local": {
        "location": {
          "x": 0.0,
          "y": 0.0,
          "z": 0.0
        },
        "rotation_quaternion": {
          "w": 0.9995440244674683,
          "x": 0.028848767280578613,
          "y": -0.00879552774131298,
          "z": -0.0014565479941666126
        },
        "scale": {
          "x": 1.0,
          "y": 1.0,
          "z": 1.0
        },
        "matrix_basis": [
          [
            0.999841034412384,
            0.0024042874574661255,
            -0.017667073756456375,
            0.0
          ],
          [
            -0.0034192479215562344,
            0.9983312487602234,
            -0.05764560401439667,
            0.0
          ],
          [
            0.01749899424612522,
            0.05769684910774231,
            0.9981807470321655,
            0.0
          ],
          [
            0.0,
            0.0,
            0.0,
            1.0
          ]
        ],
        "rotation_mode": "QUATERNION"
      },
      "armature_space": {
        "head": {
          "x": 0.5484729409217834,
          "y": -0.28474193811416626,
          "z": 0.2867468297481537
        },
        "tail": {
          "x": 0.6191274523735046,
          "y": -0.3323434889316559,
          "z": 0.22686943411827087
        }
      },
      "world_space": {
        "head": {
          "x": 0.5484729409217834,
          "y": -0.22149793803691864,
          "z": 1.2366008758544922
        },
        "tail": {
          "x": 0.6191274523735046,
          "y": -0.26909947395324707,
          "z": 1.1767234802246094
        },
        "rotation_quaternion": {
          "w": 0.14159244298934937,
          "x": 0.47668999433517456,
          "y": 0.5013846755027771,
          "z": -0.7080478072166443
        },
        "matrix": [
          [
            -0.5054376125335693,
            0.6785171031951904,
            -0.5330542922019958,
            0.5484729409217834
          ],
          [
            0.27749916911125183,
            -0.45713239908218384,
            -0.8449997305870056,
            -0.22149793803691864
          ],
          [
            -0.8170288801193237,
            -0.5750212073326111,
            0.0427633598446846,
            1.2366008758544922
          ],
          [
            0.0,
            0.0,
            0.0,
            1.0
          ]
        ]
      },
      "bone_length_armature_space": 0.10413102319971582,
      "parent": "lowerarm_l",
      "has_children": true,
      "is_end_bone": false
    },
    "pinky_01_l": {
      "name": "pinky_01_l",
      "local": {
        "location": {
          "x": 0.0,
          "y": 0.0,
          "z": 0.0
        },
        "rotation_quaternion": {
          "w": 0.94446861743927,
          "x": 0.327923983335495,
          "y": -0.008769187144935131,
          "z": -0.019186388701200485
        },
        "scale": {
          "x": 1.0,
          "y": 1.0,
          "z": 1.0
        },
        "matrix_basis": [
          [
            0.9991099834442139,
            0.030490631237626076,
            -0.0291477981954813,
            0.0
          ],
          [
            -0.04199313744902611,
            0.7841954827308655,
            -0.6190913319587708,
            0.0
          ],
          [
            0.003981090150773525,
            0.6197643280029297,
            0.7847779393196106,
            0.0
          ],
          [
            0.0,
            0.0,
            0.0,
            1.0
          ]
        ],
        "rotation_mode": "QUATERNION"
      },
      "armature_space": {
        "head": {
          "x": 0.6191274523735046,
          "y": -0.3323434889316559,
          "z": 0.22686943411827087
        },
        "tail": {
