{
  "metadata": {
    "armature_name": "KIM_caucasian_male",
    "export_time": "2026-01-13T20:54:47.616302",
    "blender_version": "4.4.1",
    "bone_count": 56,
    "end_bone_count": 13,
    "spaces_included": [
      "LOCAL_CHANNELS",
      "ARMATURE_SPACE",
      "WORLD_SPACE"
    ],
    "note": "LOCAL matches Transform panel; replay pose via local.matrix_basis for best fidelity."
  },
  "bones": {
    "Root": {
      "name": "Root",
      "local": {
        "location": {
          "x": 0.0,
          "y": 0.0,
          "z": 0.0
        },
        "rotation_quaternion": {
          "w": 0.9998146295547485,
          "x": 0.01810253970324993,
          "y": 0.0009140128968283534,
          "z": -0.006505867466330528
        },
        "scale": {
          "x": 1.0,
          "y": 1.0,
          "z": 1.0
        },
        "matrix_basis": [
          [
            0.9999136924743652,
            0.01304241456091404,
            0.0015921414596959949,
            0.0
          ],
          [
            -0.012976231053471565,
            0.9992599487304688,
            -0.03621026128530502,
            0.0
          ],
          [
            -0.002063232474029064,
            0.036186475306749344,
            0.9993429183959961,
            0.0
          ],
          [
            0.0,
            0.0,
            0.0,
            1.0
          ]
        ],
        "rotation_mode": "QUATERNION"
      },
      "armature_space": {
        "head": {
          "x": 0.0,
          "y": 0.07072800397872925,
          "z": -0.009595036506652832
        },
        "tail": {
          "x": 0.0009309136657975614,
          "y": -0.0002948641777038574,
          "z": -0.002566516399383545
        }
      },
      "world_space": {
        "head": {
          "x": 0.0,
          "y": 0.13397200405597687,
          "z": 0.9402589797973633
        },
        "tail": {
          "x": 0.0009309136657975614,
          "y": 0.06294913589954376,
          "z": 0.9472874999046326
        },
        "rotation_quaternion": {
          "w": 0.049293745309114456,
          "x": 0.9987627267837524,
          "y": 0.006552663166075945,
          "z": 0.00047365075442939997
        },
        "matrix": [
          [
            0.9999136924743652,
            0.01304241456091404,
            0.0015921414596959949,
            0.0
          ],
          [
            0.01313580758869648,
            -0.9950543642044067,
            -0.09845977276563644,
            0.13397200405597687
          ],
          [
            0.00030012859497219324,
            0.09847193956375122,
            -0.9951468110084534,
            0.9402589797973633
          ],
          [
            0.0,
            0.0,
            0.0,
            1.0
          ]
        ]
      },
      "bone_length_armature_space": 0.07137586883096729,
      "parent": null,
      "has_children": true,
      "is_end_bone": false
    },
    "spine_01": {
      "name": "spine_01",
      "local": {
        "location": {
          "x": 0.0,
          "y": 0.0,
          "z": 0.0
        },
        "rotation_quaternion": {
          "w": 0.997915506362915,
          "x": 0.015919124707579613,
          "y": -0.04353365674614906,
          "z": 0.04490037262439728
        },
        "scale": {
          "x": 1.0,
          "y": 1.0,
          "z": 1.0
        },
        "matrix_basis": [
          [
            0.9921775460243225,
            -0.09099958837032318,
            -0.08545627444982529,
            0.0
          ],
          [
            0.0882275179028511,
            0.9954610466957092,
            -0.035681236535310745,
            0.0
          ],
          [
            0.08831537514925003,
            0.02786252833902836,
            0.9957028031349182,
            0.0
          ],
          [
            0.0,
            0.0,
            0.0,
            1.0
          ]
        ],
        "rotation_mode": "QUATERNION"
      },
      "armature_space": {
        "head": {
          "x": 0.0009309136657975614,
          "y": -0.0002948641777038574,
          "z": -0.002566516399383545
        },
        "tail": {
          "x": -0.04350769519805908,
          "y": -0.009350982494652271,
          "z": 0.4833261966705322
        }
      },
      "world_space": {
        "head": {
          "x": 0.0009309136657975614,
          "y": 0.06294913589954376,
          "z": 0.9472874999046326
        },
        "tail": {
          "x": -0.04350769519805908,
          "y": 0.05389301851391792,
          "z": 1.4331802129745483
        },
        "rotation_quaternion": {
          "w": 0.6981141567230225,
          "x": 0.7136127948760986,
          "y": -0.057945068925619125,
          "z": 0.005988826975226402
        },
        "matrix": [
          [
            0.9932129383087158,
            -0.09106249362230301,
            -0.07235776633024216,
            0.0009309136657975614
          ],
          [
            -0.07433950901031494,
            -0.01855757273733616,
            -0.9970603585243225,
            0.06294913589954376
          ],
          [
            0.08945257216691971,
            0.9956792593002319,
            -0.02520224265754223,
            0.9472874999046326
          ],
          [
            0.0,
            0.0,
            0.0,
            1.0
          ]
        ]
      },
      "bone_length_armature_space": 0.48800464766997,
      "parent": "Root",
      "has_children": true,
      "is_end_bone": false
    },
    "neck_01": {
      "name": "neck_01",
      "local": {
        "location": {
          "x": 0.0,
          "y": 0.0,
          "z": 0.0
        },
        "rotation_quaternion": {
          "w": 0.9799487590789795,
          "x": -0.10645010322332382,
          "y": -0.1267055720090866,
          "z": -0.11097178608179092
        },
        "scale": {
          "x": 1.0,
          "y": 1.0,
          "z": 1.0
        },
        "matrix_basis": [
          [
            0.9432619214057922,
            0.24446897208690643,
            -0.22470402717590332,
            0.0
          ],
          [
            -0.19051767885684967,
            0.9527072906494141,
            0.23675277829170227,
            0.0
          ],
          [
            0.27195584774017334,
            -0.1805098056793213,
            0.9452281594276428,
            0.0
          ],
          [
            0.0,
            0.0,
            0.0,
            1.0
          ]
        ],
        "rotation_mode": "QUATERNION"
      },
      "armature_space": {
        "head": {
          "x": -0.05268455296754837,
          "y": -0.04528823494911194,
          "z": 0.5553542375564575
        },
        "tail": {
          "x": -0.03807473182678223,
          "y": -0.06892957538366318,
          "z": 0.6540375351905823
        }
      },
      "world_space": {
        "head": {
          "x": -0.05268455296754837,
          "y": 0.01795576512813568,
          "z": 1.5052082538604736
        },
        "tail": {
          "x": -0.03807473182678223,
          "y": -0.005685575306415558,
          "z": 1.6038916110992432
        },
        "rotation_quaternion": {
          "w": 0.6193444728851318,
          "x": 0.7686513662338257,
          "y": -0.03335738927125931,
          "z": -0.15644417703151703
        },
        "matrix": [
          [
            0.9488253593444824,
            0.14250518381595612,
            -0.28182053565979004,
            -0.05268455296754837
          ],
          [
            -0.24506521224975586,
            -0.23059920966625214,
            -0.941683292388916,
            0.01795576512813568
          ],
          [
            -0.19918394088745117,
            0.9625637531280518,
            -0.18387754261493683,
            1.5052082538604736
          ],
          [
            0.0,
            0.0,
            0.0,
            1.0
          ]
        ]
      },
      "bone_length_armature_space": 0.10252196341099333,
      "parent": "spine_01",
      "has_children": true,
      "is_end_bone": false
    },
    "head": {
      "name": "head",
      "local": {
        "location": {
          "x": 0.0,
          "y": 0.0,
          "z": 0.0
        },
        "rotation_quaternion": {
          "w": 0.9846757054328918,
          "x": -0.1315859854221344,
          "y": 0.04306183382868767,
          "z": 0.10604067146778107
        },
        "scale": {
          "x": 1.0,
          "y": 1.0,
          "z": 1.0
        },
        "matrix_basis": [
          [
            0.9738020896911621,
            -0.22016401588916779,
            0.05689695104956627,
            0.0
          ],
          [
            0.19749867916107178,
            0.9428809881210327,
            0.26827165484428406,
            0.0
          ],
          [
            -0.11271081864833832,
            -0.25000643730163574,
            0.9616616368293762,
            0.0
          ],
          [
            0.0,
            0.0,
            0.0,
            1.0
          ]
        ],
        "rotation_mode": "QUATERNION"
      },
      "armature_space": {
        "head": {
          "x": -0.038074783980846405,
          "y": -0.06892970204353333,
          "z": 0.6540374755859375
        },
        "tail": {
          "x": -0.02791440859436989,
          "y": -0.004856906831264496,
          "z": 0.7949087619781494
        }
      },
      "world_space": {
        "head": {
          "x": -0.038074783980846405,
          "y": -0.005685701966285706,
          "z": 1.6038914918899536
        },
        "tail": {
          "x": -0.02791440859436989,
          "y": 0.058387093245983124,
          "z": 1.7447627782821655
        },
        "rotation_quaternion": {
          "w": 0.8403404951095581,
          "x": 0.5392214059829712,
          "y": -0.019844964146614075,
          "z": -0.05171370506286621
        },
        "matrix": [
          [
            0.9938637614250183,
            0.06551268696784973,
            -0.08912357687950134,
            -0.038074783980846405
          ],
          [
            -0.10831620544195175,
            0.4131324291229248,
            -0.9042066335678101,
            -0.005685701966285706
          ],
          [
            -0.022417377680540085,
            0.9083184599876404,
            0.41769540309906006,
            1.6038914918899536
          ],
          [
            0.0,
            0.0,
            0.0,
            1.0
          ]
        ]
      },
      "bone_length_armature_space": 0.15509118725350587,
      "parent": "neck_01",
      "has_children": false,
      "is_end_bone": true
    },
    "upperarm_l": {
      "name": "upperarm_l",
      "local": {
        "location": {
          "x": 0.0,
          "y": 0.0,
          "z": 0.0
        },
        "rotation_quaternion": {
          "w": 0.884825587272644,
          "x": 0.2185196876525879,
          "y": 0.3560502529144287,
          "z": 0.20630356669425964
        },
        "scale": {
          "x": 1.0,
          "y": 1.0,
          "z": 1.0
        },
        "matrix_basis": [
          [
            0.6613340973854065,
            -0.20947736501693726,
            0.7202475070953369,
            0.0
          ],
          [
            0.520693302154541,
            0.8193759918212891,
            -0.2397947460412979,
            0.0
          ],
          [
            -0.5399219393730164,
            0.5336124897003174,
            0.6509547233581543,
            0.0
          ],
          [
            0.0,
            0.0,
            0.0,
            1.0
          ]
        ],
        "rotation_mode": "QUATERNION"
      },
      "armature_space": {
        "head": {
          "x": 0.10218673944473267,
          "y": -0.05837170034646988,
          "z": 0.5017744302749634
        },
        "tail": {
          "x": 0.3126438558101654,
          "y": -0.21125945448875427,
          "z": 0.5661235451698303
        }
      },
      "world_space": {
        "head": {
          "x": 0.10218673944473267,
          "y": 0.0048722997307777405,
          "z": 1.4516284465789795
        },
        "tail": {
          "x": 0.3126438558101654,
          "y": -0.14801545441150665,
          "z": 1.5159776210784912
        },
        "rotation_quaternion": {
          "w": 0.248801589012146,
          "x": 0.8540388941764832,
          "y": 0.3909301161766052,
          "z": -0.23640860617160797
        },
        "matrix": [
          [
            0.5825689435005188,
            0.7853773236274719,
            -0.20927481353282928,
            0.10218673944473267
          ],
          [
            0.5501019358634949,
            -0.5705417990684509,
            -0.6098116040229797,
            0.0048722997307777405
          ],
          [
            -0.598335862159729,
            0.24013596773147583,
            -0.7644233107566833,
            1.4516284465789795
          ],
          [
            0.0,
            0.0,
            0.0,
            1.0
          ]
        ]
      },
      "bone_length_armature_space": 0.26796953695393,
      "parent": "spine_01",
      "has_children": true,
      "is_end_bone": false
    },
    "lowerarm_l": {
      "name": "lowerarm_l",
      "local": {
        "location": {
          "x": 0.0,
          "y": 0.0,
          "z": 0.0
        },
        "rotation_quaternion": {
          "w": 0.9550821781158447,
          "x": 0.10254751145839691,
          "y": 0.04413531348109245,
          "z": 0.2745070159435272
        },
        "scale": {
          "x": 1.0,
          "y": 1.0,
          "z": 1.0
        },
        "matrix_basis": [
          [
            0.8453959226608276,
            -0.5153015851974487,
            0.14060573279857635,
            0.0
          ],
          [
            0.5334054231643677,
            0.8282598257064819,
            -0.171651691198349,
            0.0
          ],
          [
            -0.028005680069327354,
            0.22011350095272064,
            0.9750721454620361,
            0.0
          ],
          [
            0.0,
            0.0,
            0.0,
            1.0
          ]
        ],
        "rotation_mode": "QUATERNION"
      },
      "armature_space": {
        "head": {
          "x": 0.3126438558101654,
          "y": -0.2112596035003662,
          "z": 0.5661235451698303
        },
        "tail": {
          "x": 0.36693689227104187,
          "y": -0.45489203929901123,
          "z": 0.6623780727386475
        }
      },
      "world_space": {
        "head": {
          "x": 0.3126438558101654,
          "y": -0.1480156034231186,
          "z": 1.5159776210784912
        },
        "tail": {
          "x": 0.36693689227104187,
          "y": -0.3916480541229248,
          "z": 1.6122320890426636
        },
        "rotation_quaternion": {
          "w": 0.2032930552959442,
          "x": 0.9500601291656494,
          "y": 0.05766989663243294,
          "z": -0.22963450849056244
        },
        "matrix": [
          [
            0.8878843784332275,
            0.2029460072517395,
            -0.4128851294517517,
            0.3126438558101654
          ],
          [
            0.016213608905673027,
            -0.9106921553611755,
            -0.41276755928993225,
            -0.1480156034231186
          ],
          [
            -0.45978397130966187,
            0.3597971796989441,
            -0.8118859529495239,
            1.5159776210784912
          ],
          [
            0.0,
            0.0,
            0.0,
            1.0
          ]
        ]
      },
      "bone_length_armature_space": 0.2675246373199159,
      "parent": "upperarm_l",
      "has_children": true,
      "is_end_bone": false
    },
    "metacarpal_thumb_l": {
      "name": "metacarpal_thumb_l",
      "local": {
        "location": {
          "x": 0.0,
          "y": 0.0,
          "z": 0.0
        },
        "rotation_quaternion": {
          "w": 0.9990100264549255,
          "x": 0.039532508701086044,
          "y": -0.017810404300689697,
          "z": 0.009951621294021606
        },
        "scale": {
          "x": 1.0,
          "y": 1.0,
          "z": 1.0
        },
        "matrix_basis": [
          [
            0.9991675019264221,
            -0.021291719749569893,
            -0.034798718988895416,
            0.0
          ],
          [
            0.018475359305739403,
            0.9966762661933899,
            -0.07934123277664185,
            0.0
          ],
          [
            0.03637237101793289,
            0.07863225787878036,
            0.996239960193634,
            0.0
          ],
          [
            0.0,
            0.0,
            0.0,
            1.0
          ]
        ],
        "rotation_mode": "QUATERNION"
      },
      "armature_space": {
        "head": {
          "x": 0.36693689227104187,
          "y": -0.45489203929901123,
          "z": 0.6623780727386475
        },
        "tail": {
          "x": 0.37362951040267944,
          "y": -0.5011341571807861,
          "z": 0.6459323167800903
        }
      },
      "world_space": {
        "head": {
          "x": 0.36693689227104187,
          "y": -0.3916480541229248,
          "z": 1.6122320890426636
        },
        "tail": {
          "x": 0.37362951040267944,
          "y": -0.4378901720046997,
          "z": 1.5957863330841064
        },
        "rotation_quaternion": {
          "w": 0.18099375069141388,
          "x": -0.8603728413581848,
          "y": 0.021604450419545174,
          "z": -0.47595489025115967
        },
        "matrix": [
          [
            0.5460006594657898,
            0.1351127326488495,
            0.8268177509307861,
            0.36693689227104187
          ],
          [
            -0.20946507155895233,
            -0.9335494041442871,
            0.29087740182876587,
            -0.3916480541229248
          ],
          [
            0.8111821413040161,
            -0.3320119082927704,
            -0.48142045736312866,
            1.6122320890426636
          ],
          [
            0.0,
            0.0,
            0.0,
            1.0
          ]
        ]
      },
      "bone_length_armature_space": 0.04953369982275768,
      "parent": "lowerarm_l",
      "has_children": true,
      "is_end_bone": false
    },
    "thumb_01_l": {
      "name": "thumb_01_l",
      "local": {
        "location": {
          "x": 0.0,
          "y": 0.0,
          "z": 0.0
        },
        "rotation_quaternion": {
          "w": 0.9993043541908264,
          "x": -0.03173515573143959,
          "y": -0.01784243993461132,
          "z": 0.008092429488897324
        },
        "scale": {
          "x": 1.0,
          "y": 1.0,
          "z": 1.0
        },
        "matrix_basis": [
          [
            0.999232292175293,
            -0.015041135251522064,
            -0.036173686385154724,
            0.0
          ],
          [
            0.017306065186858177,
            0.9978547692298889,
            0.06313738226890564,
            0.0
          ],
          [
            0.035146426409482956,
            -0.06371493637561798,
            0.9973490834236145,
            0.0
          ],
          [
            0.0,
            0.0,
            0.0,
            1.0
          ]
        ],
        "rotation_mode": "QUATERNION"
      },
      "armature_space": {
        "head": {
          "x": 0.37362951040267944,
          "y": -0.5011341571807861,
          "z": 0.6459323167800903
        },
        "tail": {
          "x": 0.39410701394081116,
          "y": -0.5128602385520935,
          "z": 0.6214005947113037
        }
      },
      "world_space": {
        "head": {
          "x": 0.37362951040267944,
          "y": -0.4378901720046997,
          "z": 1.5957863330841064
        },
        "tail": {
          "x": 0.39410701394081116,
          "y": -0.4496162533760071,
          "z": 1.5712546110153198
        },
        "rotation_quaternion": {
          "w": 0.4810255169868469,
          "x": -0.24396394193172455,
          "y": 0.3104308545589447,
          "z": -0.7827699780464172
        },
        "matrix": [
          [
            -0.4181899428367615,
            0.601597249507904,
            0.6805863976478577,
            0.37362951040267944
          ],
          [
            -0.9045331478118896,
            -0.344493567943573,
            -0.2512838542461395,
            -0.4378901720046997
          ],
          [
            0.08328583836555481,
            -0.7207028269767761,
            0.6882333159446716,
            1.5957863330841064
          ],
          [
            0.0,
            0.0,
            0.0,
            1.0
          ]
        ]
      },
      "bone_length_armature_space": 0.03403872133230246,
      "parent": "metacarpal_thumb_l",
      "has_children": true,
      "is_end_bone": false
    },
    "thumb_02_l": {
      "name": "thumb_02_l",
      "local": {
        "location": {
          "x": 0.0,
          "y": 0.0,
          "z": 0.0
        },
        "rotation_quaternion": {
          "w": 0.9960933923721313,
          "x": 0.08778616786003113,
          "y": -0.008660785853862762,
          "z": -0.004083146341145039
        },
        "scale": {
          "x": 1.0,
          "y": 1.0,
          "z": 1.0
        },
        "matrix_basis": [
          [
            0.9998166561126709,
            0.006613795645534992,
            -0.017970791086554527,
            0.0
          ],
          [
            -0.009654984809458256,
            0.9845538139343262,
            -0.17481571435928345,
            0.0
          ],
          [
            0.0165370162576437,
            0.17495717108249664,
            0.9844371676445007,
            0.0
          ],
          [
            0.0,
            0.0,
            0.0,
            1.0
          ]
        ],
        "rotation_mode": "QUATERNION"
      },
      "armature_space": {
        "head": {
          "x": 0.39410701394081116,
          "y": -0.5128601789474487,
          "z": 0.6214005947113037
        },
        "tail": {
          "x": 0.40884828567504883,
          "y": -0.5485649108886719,
          "z": 0.6324026584625244
        }
      },
      "world_space": {
        "head": {
          "x": 0.39410701394081116,
          "y": -0.4496161937713623,
          "z": 1.5712546110153198
        },
        "tail": {
          "x": 0.40884828567504883,
          "y": -0.48532092571258545,
          "z": 1.5822566747665405
        },
        "rotation_quaternion": {
          "w": 0.21281689405441284,
          "x": 0.1907539814710617,
          "y": -0.10112595558166504,
          "z": -0.9529404640197754
        },
        "matrix": [
          [
            -0.8366436958312988,
            0.3670235872268677,
            -0.4065968692302704,
            0.39410701394081116
          ],
          [
            -0.4441841244697571,
            -0.888964831829071,
            0.11154237389564514,
            -0.4496161937713623
          ],
          [
            -0.3205144703388214,
            0.27392640709877014,
            0.906779408454895,
            1.5712546110153198
          ],
          [
            0.0,
            0.0,
            0.0,
            1.0
          ]
        ]
      },
      "bone_length_armature_space": 0.040164391731810245,
      "parent": "thumb_01_l",
      "has_children": true,
      "is_end_bone": false
    },
    "thumb_03_l": {
      "name": "thumb_03_l",
      "local": {
        "location": {
          "x": 0.0,
          "y": 0.0,
          "z": 0.0
        },
        "rotation_quaternion": {
          "w": 0.9984628558158875,
          "x": 0.05530089884996414,
          "y": -0.002053156029433012,
          "z": 0.003088906407356262
        },
        "scale": {
          "x": 1.0,
          "y": 1.0,
          "z": 1.0
        },
        "matrix_basis": [
          [
            0.9999724626541138,
            -0.006395399570465088,
            -0.0037583615630865097,
            0.0
          ],
          [
            0.005941234063357115,
            0.9938645362854004,
            -0.11044447124004364,
            0.0
          ],
          [
            0.0044416384771466255,
            0.11041910201311111,
            0.9938752055168152,
            0.0
          ],
          [
            0.0,
            0.0,
            0.0,
            1.0
          ]
        ],
        "rotation_mode": "QUATERNION"
      },
      "armature_space": {
        "head": {
          "x": 0.40884825587272644,
          "y": -0.5485649108886719,
          "z": 0.6324025988578796
        },
        "tail": {
          "x": 0.41768425703048706,
          "y": -0.5705514550209045,
          "z": 0.6515184044837952
        }
      },
      "world_space": {
        "head": {
          "x": 0.40884825587272644,
          "y": -0.48532092571258545,
          "z": 1.582256555557251
        },
        "tail": {
          "x": 0.41768425703048706,
          "y": -0.5073074698448181,
          "z": 1.601372480392456
        },
        "rotation_quaternion": {
          "w": 0.2842690646648407,
          "x": 0.39063382148742676,
          "y": -0.24104703962802887,
          "z": -0.8417199850082397
        },
        "matrix": [
          [
            -0.5331923961639404,
            0.290229469537735,
            -0.7946527004241943,
            0.40884825587272644
          ],
          [
            -0.6668727397918701,
            -0.7221745252609253,
            0.18369680643081665,
            -0.48532092571258545
          ],
          [
            -0.5205680131912231,
            0.6278818249702454,
            0.5786083340644836,
            1.582256555557251
          ],
          [
            0.0,
            0.0,
            0.0,
            1.0
          ]
        ]
      },
      "bone_length_armature_space": 0.030444984282868345,
      "parent": "thumb_02_l",
      "has_children": false,
      "is_end_bone": true
    },
    "metacarpal_index_l": {
      "name": "metacarpal_index_l",
      "local": {
        "location": {
          "x": 0.0,
          "y": 0.0,
          "z": 0.0
        },
        "rotation_quaternion": {
          "w": 0.9997049570083618,
          "x": -0.023833397775888443,
          "y": 0.0012493400136008859,
          "z": 0.004528808873146772
        },
        "scale": {
          "x": 1.0,
          "y": 1.0,
          "z": 1.0
        },
        "matrix_basis": [
          [
            0.9999558329582214,
            -0.00911449734121561,
            0.0022820690646767616,
            0.0
          ],
          [
            0.00899539329111576,
            0.9988229274749756,
            0.04766404628753662,
            0.0
          ],
          [
            -0.0027138167060911655,
            -0.047641415148973465,
            0.9988608360290527,
            0.0
          ],
          [
            0.0,
            0.0,
            0.0,
            1.0
          ]
        ],
        "rotation_mode": "QUATERNION"
      },
      "armature_space": {
        "head": {
          "x": 0.36693689227104187,
          "y": -0.45489203929901123,
          "z": 0.6623780727386475
        },
        "tail": {
          "x": 0.37656551599502563,
          "y": -0.5709594488143921,
          "z": 0.6752181053161621
        }
      },
      "world_space": {
        "head": {
          "x": 0.36693689227104187,
          "y": -0.3916480541229248,
          "z": 1.6122320890426636
        },
        "tail": {
          "x": 0.37656551599502563,
          "y": -0.5077154636383057,
          "z": 1.6250721216201782
        },
        "rotation_quaternion": {
          "w": 0.043763257563114166,
          "x": 0.9699622392654419,
          "y": 0.052889250218868256,
          "z": 0.2333684265613556
        },
        "matrix": [
          [
            0.8854837417602539,
            0.08217520266771317,
            0.4573463499546051,
            0.36693689227104187
          ],
          [
            0.12302727997303009,
            -0.9905750155448914,
            -0.06021229177713394,
            -0.3916480541229248
          ],
          [
            0.4480911195278168,
            0.10958287119865417,
            -0.8872541785240173,
            1.6122320890426636
          ],
          [
            0.0,
            0.0,
            0.0,
            1.0
          ]
        ]
      },
      "bone_length_armature_space": 0.11717175543091128,
      "parent": "lowerarm_l",
      "has_children": true,
      "is_end_bone": false
    },
    "index_01_l": {
      "name": "index_01_l",
      "local": {
        "location": {
          "x": 0.0,
          "y": 0.0,
          "z": 0.0
        },
        "rotation_quaternion": {
          "w": 0.9963206052780151,
          "x": -0.08335715532302856,
          "y": -0.0188487246632576,
          "z": -0.0064514316618442535
        },
        "scale": {
          "x": 1.0,
          "y": 1.0,
          "z": 1.0
        },
        "matrix_basis": [
          [
            0.9992061853408813,
            0.015997741371393204,
            -0.036483198404312134,
            0.0
          ],
          [
            -0.009713036008179188,
            0.9860199093818665,
            0.16634410619735718,
            0.0
          ],
          [
            0.038634292781353,
            -0.1658577024936676,
            0.9853926301002502,
            0.0
          ],
          [
            0.0,
            0.0,
            0.0,
            1.0
          ]
        ],
        "rotation_mode": "QUATERNION"
      },
      "armature_space": {
        "head": {
          "x": 0.37656551599502563,
          "y": -0.5709594488143921,
          "z": 0.6752181053161621
        },
        "tail": {
          "x": 0.3835029900074005,
          "y": -0.5944035053253174,
          "z": 0.6898918151855469
        }
      },
      "world_space": {
        "head": {
          "x": 0.37656551599502563,
          "y": -0.5077154636383057,
          "z": 1.6250721216201782
        },
        "tail": {
          "x": 0.3835029900074005,
          "y": -0.531159520149231,
          "z": 1.639745831489563
        },
        "rotation_quaternion": {
          "w": 0.2290046662092209,
          "x": 0.9240277409553528,
          "y": 0.19095726311206818,
          "z": 0.2393011599779129
        },
        "matrix": [
          [
            0.8125403523445129,
            0.24329790472984314,
            0.5297018885612488,
            0.37656551599502563
          ],
          [
            0.4625020921230316,
            -0.8221843838691711,
            -0.3318203091621399,
            -0.5077154636383057
          ],
          [
            0.35478436946868896,
            0.5146085023880005,
            -0.7805896401405334,
            1.6250721216201782
          ],
          [
            0.0,
            0.0,
            0.0,
            1.0
          ]
        ]
      },
      "bone_length_armature_space": 0.028514384262521793,
      "parent": "metacarpal_index_l",
      "has_children": true,
      "is_end_bone": false
    },
    "index_02_l": {
      "name": "index_02_l",
      "local": {
        "location": {
          "x": 0.0,
          "y": 0.0,
          "z": 0.0
        },
        "rotation_quaternion": {
          "w": 0.9971170425415039,
          "x": 0.0750342309474945,
          "y": -0.008295419625937939,
          "z": 0.007658134214580059
        },
        "scale": {
          "x": 1.0,
          "y": 1.0,
          "z": 1.0
        },
        "matrix_basis": [
          [
            0.9997450709342957,
            -0.016516992822289467,
            -0.015393763780593872,
            0.0
          ],
          [
            0.014027231372892857,
            0.9886224269866943,
            -0.14976286888122559,
            0.0
          ],
          [
            0.01769225299358368,
            0.1495087593793869,
            0.9886021018028259,
            0.0
          ],
          [
            0.0,
            0.0,
            0.0,
            1.0
          ]
        ],
        "rotation_mode": "QUATERNION"
      },
      "armature_space": {
        "head": {
          "x": 0.3835030794143677,
          "y": -0.5944040417671204,
          "z": 0.6898916959762573
        },
        "tail": {
          "x": 0.3913460075855255,
          "y": -0.6162731647491455,
          "z": 0.7007691860198975
        }
      },
      "world_space": {
        "head": {
          "x": 0.3835030794143677,
          "y": -0.5311600565910339,
          "z": 1.6397457122802734
        },
        "tail": {
          "x": 0.3913460075855255,
          "y": -0.5530291795730591,
          "z": 1.6506232023239136
        },
        "rotation_quaternion": {
          "w": 0.18500778079032898,
          "x": 0.9438663125038147,
          "y": 0.19881434738636017,
          "z": 0.18804626166820526
        },
        "matrix": [
          [
            0.850222647190094,
            0.3057284951210022,
            0.4285455346107483,
            0.3835030794143677
          ],
          [
            0.4448886811733246,
            -0.8524898886680603,
            -0.2744723856449127,
            -0.5311600565910339
          ],
          [
            0.2814190983772278,
            0.42401987314224243,
            -0.8608278036117554,
            1.6397457122802734
          ],
          [
            0.0,
            0.0,
            0.0,
            1.0
          ]
        ]
      },
      "bone_length_armature_space": 0.02565326179507123,
      "parent": "index_01_l",
      "has_children": true,
      "is_end_bone": false
    },
    "index_03_l": {
      "name": "index_03_l",
      "local": {
        "location": {
          "x": 0.0,
          "y": 0.0,
          "z": 0.0
        },
        "rotation_quaternion": {
          "w": 0.9993169903755188,
          "x": 0.03608143702149391,
          "y": -0.007434309460222721,
          "z": -0.0029147143941372633
        },
        "scale": {
          "x": 1.0,
          "y": 1.0,
          "z": 1.0
        },
        "matrix_basis": [
          [
            0.9998724460601807,
            0.005288966000080109,
            -0.015068797394633293,
            0.0
          ],
          [
            -0.006361928302794695,
            0.9973792433738708,
            -0.07207024842500687,
            0.0
          ],
          [
            0.014648129232227802,
            0.07215692102909088,
            0.9972857236862183,
            0.0
          ],
          [
            0.0,
            0.0,
            0.0,
            1.0
          ]
        ],
        "rotation_mode": "QUATERNION"
      },
      "armature_space": {
        "head": {
          "x": 0.39134591817855835,
          "y": -0.6162731647491455,
          "z": 0.700769305229187
        },
        "tail": {
          "x": 0.40461036562919617,
          "y": -0.640704870223999,
          "z": 0.7097625732421875
        }
      },
      "world_space": {
        "head": {
          "x": 0.39134591817855835,
          "y": -0.5530291795730591,
          "z": 1.6506233215332031
        },
        "tail": {
          "x": 0.40461036562919617,
          "y": -0.5774608850479126,
          "z": 1.6596165895462036
        },
        "rotation_quaternion": {
          "w": 0.11121100932359695,
          "x": 0.9396837949752808,
          "y": 0.2637211084365845,
          "z": 0.1872902512550354
        },
        "matrix": [
          [
            0.790746808052063,
            0.45397165417671204,
            0.41064453125,
            0.39134591817855835
          ],
          [
            0.537286639213562,
            -0.8361664414405823,
            -0.11022119969129562,
            -0.5530291795730591
          ],
          [
            0.2933325171470642,
            0.3077922761440277,
            -0.9051154255867004,
            1.6506233215332031
          ],
          [
            0.0,
            0.0,
            0.0,
            1.0
          ]
        ]
      },
      "bone_length_armature_space": 0.029218703650379457,
      "parent": "index_02_l",
      "has_children": false,
      "is_end_bone": true
    },
    "metacarpal_pinky_l": {
      "name": "metacarpal_pinky_l",
      "local": {
        "location": {
          "x": 0.0,
          "y": 0.0,
          "z": 0.0
        },
        "rotation_quaternion": {
          "w": 0.9996715188026428,
          "x": -0.018589936196804047,
          "y": -0.008958839811384678,
          "z": -0.015199626795947552
        },
        "scale": {
          "x": 1.0,
          "y": 1.0,
          "z": 1.0
        },
        "matrix_basis": [
          [
            0.999377429485321,
            0.03072235733270645,
            -0.01734667457640171,
            0.0
          ],
          [
            -0.0300561785697937,
            0.9988467693328857,
            0.03744000196456909,
            0.0
          ],
          [
            0.01847691461443901,
            -0.03689531609416008,
            0.9991483092308044,
            0.0
          ],
          [
            0.0,
            0.0,
            0.0,
            1.0
          ]
        ],
        "rotation_mode": "QUATERNION"
      },
      "armature_space": {
        "head": {
          "x": 0.36693689227104187,
          "y": -0.45489203929901123,
          "z": 0.6623780727386475
        },
        "tail": {
          "x": 0.4039425551891327,
          "y": -0.5333734750747681,
          "z": 0.7199497818946838
        }
      },
      "world_space": {
        "head": {
          "x": 0.36693689227104187,
          "y": -0.3916480541229248,
          "z": 1.6122320890426636
        },
        "tail": {
          "x": 0.4039425551891327,
          "y": -0.47012948989868164,
          "z": 1.6698038578033447
        },
        "rotation_quaternion": {
          "w": 0.33171501755714417,
          "x": 0.5792759656906128,
          "y": -0.11455952376127243,
          "z": -0.7357178330421448
        },
        "matrix": [
          [
            -0.10880887508392334,
            0.3553769290447235,
            -0.928368330001831,
            0.36693689227104187
          ],
          [
            -0.6208213567733765,
            -0.7536813020706177,
            -0.21574431657791138,
            -0.3916480541229248
          ],
          [
            -0.7763704657554626,
            0.5528791546821594,
            0.3026346266269684,
            1.6122320890426636
          ],
          [
            0.0,
            0.0,
            0.0,
            1.0
          ]
        ]
      },
      "bone_length_armature_space": 0.1041309583574569,
      "parent": "lowerarm_l",
      "has_children": true,
      "is_end_bone": false
    },
    "pinky_01_l": {
      "name": "pinky_01_l",
      "local": {
        "location": {
          "x": 0.0,
          "y": 0.0,
          "z": 0.0
        },
        "rotation_quaternion": {
          "w": 0.9600096940994263,
          "x": 0.27933555841445923,
          "y": 0.006756260525435209,
          "z": 0.017535444349050522
        },
        "scale": {
          "x": 1.0,
          "y": 1.0,
          "z": 1.0
        },
        "matrix_basis": [
          [
            0.9992937445640564,
            -0.029893865808844566,
            0.022768696770071983,
            0.0
          ],
          [
            0.037442922592163086,
            0.8433282971382141,
            -0.5360927581787109,
            0.0
          ],
          [
            -0.0031756048556417227,
            0.5365666151046753,
            0.8438519835472107,
            0.0
          ],
          [
            0.0,
            0.0,
            0.0,
            1.0
          ]
        ],
        "rotation_mode": "QUATERNION"
      },
      "armature_space": {
        "head": {
          "x": 0.4039425551891327,
          "y": -0.5333734750747681,
          "z": 0.7199497818946838
        },
        "tail": {
