{
  "metadata": {
    "armature_name": "KIM_caucasian_male",
    "export_time": "2026-01-13T21:01:10.676232",
    "blender_version": "4.4.1",
    "bone_count": 56,
    "end_bone_count": 13,
    "spaces_included": [
      "LOCAL_CHANNELS",
      "ARMATURE_SPACE",
      "WORLD_SPACE"
    ],
    "note": "LOCAL matches Transform panel; replay pose via local.matrix_basis for best fidelity."
  },
  "bones": {
    "Root": {
      "name": "Root",
      "local": {
        "location": {
          "x": 0.0,
          "y": 0.0,
          "z": 0.0
        },
        "rotation_quaternion": {
          "w": 0.9995124340057373,
          "x": -0.00029478329815901816,
          "y": 0.015087936073541641,
          "z": -0.02733546309173107
        },
        "scale": {
          "x": 1.0,
          "y": 1.0,
          "z": 1.0
        },
        "matrix_basis": [
          [
            0.9980502724647522,
            0.05463537573814392,
            0.030177274718880653,
            0.0
          ],
          [
            -0.05465316399931908,
            0.9985053539276123,
            -0.00023559229157399386,
            0.0
          ],
          [
            -0.03014504350721836,
            -0.0014141505816951394,
            0.9995445609092712,
            0.0
          ],
          [
            0.0,
            0.0,
            0.0,
            1.0
          ]
        ],
        "rotation_mode": "QUATERNION"
      },
      "armature_space": {
        "head": {
          "x": 0.0,
          "y": 0.07072800397872925,
          "z": -0.009595036506652832
        },
        "tail": {
          "x": 0.0038996473886072636,
          "y": 0.00011928379535675049,
          "z": 8.567888289690018e-05
        }
      },
      "world_space": {
        "head": {
          "x": 0.0,
          "y": 0.13397200405597687,
          "z": 0.9402589797973633
        },
        "tail": {
          "x": 0.0038996473886072636,
          "y": 0.06336328387260437,
          "z": 0.9499396681785583
        },
        "rotation_quaternion": {
          "w": 0.06762892007827759,
          "x": 0.9972218871116638,
          "y": 0.028289804235100746,
          "z": 0.013212126679718494
        },
        "matrix": [
          [
            0.9980502724647522,
            0.05463537573814392,
            0.030177274718880653,
            0.0
          ],
          [
            0.05820947512984276,
            -0.9892520308494568,
            -0.13413500785827637,
            0.13397200405597687
          ],
          [
            0.022524625062942505,
            0.13563008606433868,
            -0.9905105233192444,
            0.9402589797973633
          ],
          [
            0.0,
            0.0,
            0.0,
            1.0
          ]
        ]
      },
      "bone_length_armature_space": 0.0713758705316698,
      "parent": null,
      "has_children": true,
      "is_end_bone": false
    },
    "spine_01": {
      "name": "spine_01",
      "local": {
        "location": {
          "x": 0.0,
          "y": 0.0,
          "z": 0.0
        },
        "rotation_quaternion": {
          "w": 0.996117115020752,
          "x": -0.05768224596977234,
          "y": 0.011815674602985382,
          "z": -0.06545179337263107
        },
        "scale": {
          "x": 1.0,
          "y": 1.0,
          "z": 1.0
        },
        "matrix_basis": [
          [
            0.9911528825759888,
            0.1290321946144104,
            0.031090404838323593,
            0.0
          ],
          [
            -0.1317584067583084,
            0.9847776293754578,
            0.11336982995271683,
            0.0
          ],
          [
            -0.015988778322935104,
            -0.11646325886249542,
            0.9930663108825684,
            0.0
          ],
          [
            0.0,
            0.0,
            0.0,
            1.0
          ]
        ],
        "rotation_mode": "QUATERNION"
      },
      "armature_space": {
        "head": {
          "x": 0.0038996473886072636,
          "y": 0.00011928379535675049,
          "z": 8.567888289690018e-05
        },
        "tail": {
          "x": 0.05136433616280556,
          "y": 0.08285126835107803,
          "z": 0.4786784052848816
        }
      },
      "world_space": {
        "head": {
          "x": 0.0038996473886072636,
          "y": 0.06336328387260437,
          "z": 0.9499396681785583
        },
        "tail": {
          "x": 0.05136433616280556,
          "y": 0.14609527587890625,
          "z": 1.428532361984253
        },
        "rotation_quaternion": {
          "w": 0.7620229125022888,
          "x": 0.6443126201629639,
          "y": 0.06393016874790192,
          "z": -0.009764420799911022
        },
        "matrix": [
          [
            0.9916352033615112,
            0.09726345539093018,
            0.08484920114278793,
            0.0038996473886072636
          ],
          [
            0.06749993562698364,
            0.16953232884407043,
            -0.9832104444503784,
            0.06336328387260437
          ],
          [
            -0.11001582443714142,
            0.9807203412055969,
            0.1615491807460785,
            0.9499396681785583
          ],
          [
            0.0,
            0.0,
            0.0,
            1.0
          ]
        ]
      },
      "bone_length_armature_space": 0.4880045815085835,
      "parent": "Root",
      "has_children": true,
      "is_end_bone": false
    },
    "neck_01": {
      "name": "neck_01",
      "local": {
        "location": {
          "x": 0.0,
          "y": 0.0,
          "z": 0.0
        },
        "rotation_quaternion": {
          "w": 0.9940656423568726,
          "x": -0.017606636509299278,
          "y": -0.10423107445240021,
          "z": -0.025679541751742363
        },
        "scale": {
          "x": 1.0,
          "y": 1.0,
          "z": 1.0
        },
        "matrix_basis": [
          [
            0.9769529104232788,
            0.054724618792533875,
            -0.20632079243659973,
            0.0
          ],
          [
            -0.04738398268818855,
            0.9980611205101013,
            0.04035751894116402,
            0.0
          ],
          [
            0.20812931656837463,
            -0.029651092365384102,
            0.9776517748832703,
            0.0
          ],
          [
            0.0,
            0.0,
            0.0,
            1.0
          ]
        ],
        "rotation_mode": "QUATERNION"
      },
      "armature_space": {
        "head": {
          "x": 0.06142842024564743,
          "y": 0.06116599589586258,
          "z": 0.5560877919197083
        },
        "tail": {
          "x": 0.07937571406364441,
          "y": 0.04232270270586014,
          "z": 0.65525221824646
        }
      },
      "world_space": {
        "head": {
          "x": 0.06142842024564743,
          "y": 0.1244099959731102,
          "z": 1.5059418678283691
        },
        "tail": {
          "x": 0.07937571406364441,
          "y": 0.10556670278310776,
          "z": 1.605106234550476
        },
        "rotation_quaternion": {
          "w": 0.638641357421875,
          "x": 0.7601378560066223,
          "y": 0.015421469695866108,
          "z": -0.1187005415558815
        },
        "matrix": [
          [
            0.9713449478149414,
            0.17505906522274017,
            -0.160758838057518,
            0.06142842024564743
          ],
          [
            -0.12816819548606873,
            -0.18379873037338257,
            -0.974572479724884,
            0.1244099959731102
          ],
          [
            -0.20015648007392883,
            0.9672565460205078,
            -0.1560969203710556,
            1.5059418678283691
          ],
          [
            0.0,
            0.0,
            0.0,
            1.0
          ]
        ]
      },
      "bone_length_armature_space": 0.10252199116015992,
      "parent": "spine_01",
      "has_children": true,
      "is_end_bone": false
    },
    "head": {
      "name": "head",
      "local": {
        "location": {
          "x": 0.0,
          "y": 0.0,
          "z": 0.0
        },
        "rotation_quaternion": {
          "w": 0.9774599075317383,
          "x": 0.06857018917798996,
          "y": -0.138016939163208,
          "z": -0.14429736137390137
        },
        "scale": {
          "x": 1.0,
          "y": 1.0,
          "z": 1.0
        },
        "matrix_basis": [
          [
            0.9202591776847839,
            0.2631620764732361,
            -0.28960105776786804,
            0.0
          ],
          [
            -0.3010174632072449,
            0.9489527940750122,
            -0.09421826153993607,
            0.0
          ],
          [
            0.2500230669975281,
            0.1738801747560501,
            0.9524989128112793,
            0.0
          ],
          [
            0.0,
            0.0,
            0.0,
            1.0
          ]
        ],
        "rotation_mode": "QUATERNION"
      },
      "armature_space": {
        "head": {
          "x": 0.07937566936016083,
          "y": 0.042322564870119095,
          "z": 0.6552521586418152
        },
        "tail": {
          "x": 0.1490849256515503,
          "y": 0.03733237460255623,
          "z": 0.7937041521072388
        }
      },
      "world_space": {
        "head": {
          "x": 0.07937566936016083,
          "y": 0.10556656122207642,
          "z": 1.6051061153411865
        },
        "tail": {
          "x": 0.1490849256515503,
          "y": 0.10057637095451355,
          "z": 1.7435581684112549
        },
        "rotation_quaternion": {
          "w": 0.6955363750457764,
          "x": 0.6470730304718018,
          "y": 0.01187640056014061,
          "z": -0.31206536293029785
        },
        "matrix": [
          [
            0.8049471974372864,
            0.44947555661201477,
            -0.3873394727706909,
            0.07937566936016083
          ],
          [
            -0.4187387228012085,
            -0.032176047563552856,
            -0.9075369238853455,
            0.10556656122207642
          ],
          [
            -0.42038190364837646,
            0.8927192687988281,
            0.16231302917003632,
            1.6051061153411865
          ],
          [
            0.0,
            0.0,
            0.0,
            1.0
          ]
        ]
      },
      "bone_length_armature_space": 0.15509105959442568,
      "parent": "neck_01",
      "has_children": false,
      "is_end_bone": true
    },
    "upperarm_l": {
      "name": "upperarm_l",
      "local": {
        "location": {
          "x": 0.0,
          "y": 0.0,
          "z": 0.0
        },
        "rotation_quaternion": {
          "w": 0.9245849251747131,
          "x": -0.06204572319984436,
          "y": 0.3744080066680908,
          "z": -0.0333419106900692
        },
        "scale": {
          "x": 1.0,
          "y": 1.0,
          "z": 1.0
        },
        "matrix_basis": [
          [
            0.7174139022827148,
            0.01519402489066124,
            0.696481466293335,
            0.0
          ],
          [
            -0.10811568796634674,
            0.9900773167610168,
            0.08976612240076065,
            0.0
          ],
          [
            -0.6882065534591675,
            -0.1397000402212143,
            0.7119379639625549,
            0.0
          ],
          [
            0.0,
            0.0,
            0.0,
            1.0
          ]
        ],
        "rotation_mode": "QUATERNION"
      },
      "armature_space": {
        "head": {
          "x": 0.20390744507312775,
          "y": 0.05676151067018509,
          "z": 0.4741886556148529
        },
        "tail": {
          "x": 0.460274338722229,
          "y": 0.1201053038239479,
          "z": 0.42867815494537354
        }
      },
      "world_space": {
        "head": {
          "x": 0.20390744507312775,
          "y": 0.12000551074743271,
          "z": 1.4240427017211914
        },
        "tail": {
          "x": 0.460274338722229,
          "y": 0.18334931135177612,
          "z": 1.3785321712493896
        },
        "rotation_quaternion": {
          "w": 0.29915058612823486,
          "x": 0.5215442180633545,
          "y": 0.7271191477775574,
          "z": -0.33135825395584106
        },
        "matrix": [
          [
            -0.2770000100135803,
            0.9567021131515503,
            0.08939819037914276,
            0.20390744507312775
          ],
          [
            0.5601983070373535,
            0.23638439178466797,
            -0.7939148545265198,
            0.12000551074743271
          ],
          [
            -0.780677080154419,
            -0.1698346734046936,
            -0.6014261245727539,
            1.4240427017211914
          ],
          [
            0.0,
            0.0,
            0.0,
            1.0
          ]
        ]
      },
      "bone_length_armature_space": 0.2679694661410302,
      "parent": "spine_01",
      "has_children": true,
      "is_end_bone": false
    },
    "lowerarm_l": {
      "name": "lowerarm_l",
      "local": {
        "location": {
          "x": 0.0,
          "y": 0.0,
          "z": 0.0
        },
        "rotation_quaternion": {
          "w": 0.9544131755828857,
          "x": 0.2912759780883789,
          "y": -0.026122277602553368,
          "z": -0.05976254492998123
        },
        "scale": {
          "x": 1.0,
          "y": 1.0,
          "z": 1.0
        },
        "matrix_basis": [
          [
            0.9914921522140503,
            0.09885873645544052,
            -0.08467768132686615,
            0.0
          ],
          [
            -0.12929390370845795,
            0.823173463344574,
            -0.5528730154037476,
            0.0
          ],
          [
            0.015048104338347912,
            0.5591175556182861,
            0.8289518356323242,
            0.0
          ],
          [
            0.0,
            0.0,
            0.0,
            1.0
          ]
        ],
        "rotation_mode": "QUATERNION"
      },
      "armature_space": {
        "head": {
          "x": 0.46027445793151855,
          "y": 0.12010520696640015,
          "z": 0.4286782145500183
        },
        "tail": {
          "x": 0.6710836887359619,
          "y": 0.022142373025417328,
          "z": 0.2962683439254761
        }
      },
      "world_space": {
        "head": {
          "x": 0.46027445793151855,
          "y": 0.18334920704364777,
          "z": 1.3785321712493896
        },
        "tail": {
          "x": 0.6710836887359619,
          "y": 0.08538637310266495,
          "z": 1.2461223602294922
        },
        "rotation_quaternion": {
          "w": 0.15009260177612305,
          "x": 0.5573481917381287,
          "y": 0.5425669550895691,
          "z": -0.6102920174598694
        },
        "matrix": [
          [
            -0.33367255330085754,
            0.7879997491836548,
            -0.517415463924408,
            0.46027445793151855
          ],
          [
            0.42159557342529297,
            -0.36618268489837646,
            -0.8295589685440063,
            0.18334920704364777
          ],
          [
            -0.8431662321090698,
            -0.49494481086730957,
            -0.21003426611423492,
            1.3785321712493896
          ],
          [
            0.0,
            0.0,
            0.0,
            1.0
          ]
        ]
      },
      "bone_length_armature_space": 0.2675249924081071,
      "parent": "upperarm_l",
      "has_children": true,
      "is_end_bone": false
    },
    "metacarpal_thumb_l": {
      "name": "metacarpal_thumb_l",
      "local": {
        "location": {
          "x": 0.0,
          "y": 0.0,
          "z": 0.0
        },
        "rotation_quaternion": {
          "w": 0.999749481678009,
          "x": -0.02149292826652527,
          "y": -0.001474006799980998,
          "z": 0.00607990100979805
        },
        "scale": {
          "x": 1.0,
          "y": 1.0,
          "z": 1.0
        },
        "matrix_basis": [
          [
            0.9999217391014099,
            -0.012093394063413143,
            -0.0032086248975247145,
            0.0
          ],
          [
            0.012220117263495922,
            0.9990021586418152,
            0.04295716434717178,
            0.0
          ],
          [
            0.0026859252247959375,
            -0.04299301281571388,
            0.9990717768669128,
            0.0
          ],
          [
            0.0,
            0.0,
            0.0,
            1.0
          ]
        ],
        "rotation_mode": "QUATERNION"
      },
      "armature_space": {
        "head": {
          "x": 0.6710836887359619,
          "y": 0.022142373025417328,
          "z": 0.2962683439254761
        },
        "tail": {
          "x": 0.6841868758201599,
          "y": -0.013876903802156448,
          "z": 0.2648913264274597
        }
      },
      "world_space": {
        "head": {
          "x": 0.6710836887359619,
          "y": 0.08538637310266495,
          "z": 1.2461223602294922
        },
        "tail": {
          "x": 0.6841868758201599,
          "y": 0.04936709627509117,
          "z": 1.214745283126831
        },
        "rotation_quaternion": {
          "w": 0.308543860912323,
          "x": -0.9131977558135986,
          "y": -0.20301996171474457,
          "z": 0.1722022444009781
        },
        "matrix": [
          [
            0.8582581877708435,
            0.2645311653614044,
            -0.439790815114975,
            0.6710836887359619
          ],
          [
            0.4770590662956238,
            -0.727167546749115,
            0.49360138177871704,
            0.08538637310266495
          ],
          [
            -0.18922951817512512,
            -0.6334484219551086,
            -0.750299334526062,
            1.2461223602294922
          ],
          [
            0.0,
            0.0,
            0.0,
            1.0
          ]
        ]
      },
      "bone_length_armature_space": 0.0495338179948494,
      "parent": "lowerarm_l",
      "has_children": true,
      "is_end_bone": false
    },
    "thumb_01_l": {
      "name": "thumb_01_l",
      "local": {
        "location": {
          "x": 0.0,
          "y": 0.0,
          "z": 0.0
        },
        "rotation_quaternion": {
          "w": 0.9994098544120789,
          "x": 0.027873294427990913,
          "y": 0.008205460384488106,
          "z": -0.018322695046663284
        },
        "scale": {
          "x": 1.0,
          "y": 1.0,
          "z": 1.0
        },
        "matrix_basis": [
          [
            0.9991939067840576,
            0.03708118945360184,
            0.015379807911813259,
            0.0
          ],
          [
            -0.03616633638739586,
            0.9977747201919556,
            -0.05601438134908676,
            0.0
          ],
          [
            -0.017422663047909737,
            0.05541299656033516,
            0.9983115196228027,
            0.0
          ],
          [
            0.0,
            0.0,
            0.0,
            1.0
          ]
        ],
        "rotation_mode": "QUATERNION"
      },
      "armature_space": {
        "head": {
          "x": 0.6841868758201599,
          "y": -0.013876903802156448,
          "z": 0.2648913264274597
        },
        "tail": {
          "x": 0.6777061820030212,
          "y": -0.019955668598413467,
          "z": 0.23203270137310028
        }
      },
      "world_space": {
        "head": {
          "x": 0.6841868758201599,
          "y": 0.04936709627509117,
          "z": 1.214745283126831
        },
        "tail": {
          "x": 0.6777061820030212,
          "y": 0.04328833147883415,
          "z": 1.1818866729736328
        },
        "rotation_quaternion": {
          "w": 0.5123375654220581,
          "x": -0.6913350820541382,
          "y": 0.3849908709526062,
          "z": -0.333688884973526
        },
        "matrix": [
          [
            0.4808668792247772,
            -0.19039314985275269,
            0.8558723330497742,
            0.6841868758201599
          ],
          [
            -0.8742384314537048,
            -0.17858456075191498,
            0.45145881175994873,
            0.04936709627509117
          ],
          [
            0.06689081341028214,
            -0.9653348326683044,
            -0.25232577323913574,
            1.214745283126831
          ],
          [
            0.0,
            0.0,
            0.0,
            1.0
          ]
        ]
      },
      "bone_length_armature_space": 0.034038801650767454,
      "parent": "metacarpal_thumb_l",
      "has_children": true,
      "is_end_bone": false
    },
    "thumb_02_l": {
      "name": "thumb_02_l",
      "local": {
        "location": {
          "x": 0.0,
          "y": 0.0,
          "z": 0.0
        },
        "rotation_quaternion": {
          "w": 0.9928926825523376,
          "x": 0.11890342831611633,
          "y": 0.005087094381451607,
          "z": 0.0005193229299038649
        },
        "scale": {
          "x": 1.0,
          "y": 1.0,
          "z": 1.0
        },
        "matrix_basis": [
          [
            0.999947726726532,
            0.0001784820487955585,
            0.01022537611424923,
            0.0
          ],
          [
            0.002241009846329689,
            0.9717234373092651,
            -0.23611140251159668,
            0.0
          ],
          [
            -0.009978379122912884,
            0.23612196743488312,
            0.9716721773147583,
            0.0
          ],
          [
            0.0,
            0.0,
            0.0,
            1.0
          ]
        ],
        "rotation_mode": "QUATERNION"
      },
      "armature_space": {
        "head": {
          "x": 0.6777060627937317,
          "y": -0.019955655559897423,
          "z": 0.23203271627426147
        },
        "tail": {
          "x": 0.7122267484664917,
          "y": -0.033279966562986374,
          "z": 0.2164132297039032
        }
      },
      "world_space": {
        "head": {
          "x": 0.6777060627937317,
          "y": 0.04328834265470505,
          "z": 1.1818866729736328
        },
        "tail": {
          "x": 0.7122267484664917,
          "y": 0.029964033514261246,
          "z": 1.1662672758102417
        },
        "rotation_quaternion": {
          "w": 0.5741229057312012,
          "x": -0.24772843718528748,
          "y": 0.06716016680002213,
          "z": -0.7774980068206787
        },
        "matrix": [
          [
            -0.21802586317062378,
            0.8594844937324524,
            0.46233227849006653,
            0.6777060627937317
          ],
          [
            -0.926033616065979,
            -0.3317442834377289,
            0.1800217628479004,
            0.04328834265470505
          ],
          [
            0.30810344219207764,
            -0.3888886868953705,
            0.8682463765144348,
            1.1818866729736328
          ],
          [
            0.0,
            0.0,
            0.0,
            1.0
          ]
        ]
      },
      "bone_length_armature_space": 0.04016445423004103,
      "parent": "thumb_01_l",
      "has_children": true,
      "is_end_bone": false
    },
    "thumb_03_l": {
      "name": "thumb_03_l",
      "local": {
        "location": {
          "x": 0.0,
          "y": 0.0,
          "z": 0.0
        },
        "rotation_quaternion": {
          "w": 0.9983595013618469,
          "x": 0.057242169976234436,
          "y": 0.0009660586947575212,
          "z": 0.0008710563997738063
        },
        "scale": {
          "x": 1.0,
          "y": 1.0,
          "z": 1.0
        },
        "matrix_basis": [
          [
            0.9999966025352478,
            -0.0016286562895402312,
            0.002028670161962509,
            0.0
          ],
          [
            0.0018498534336686134,
            0.9934451580047607,
            -0.11429484188556671,
            0.0
          ],
          [
            -0.0018292254535481334,
            0.11429820954799652,
            0.9934448003768921,
            0.0
          ],
          [
            0.0,
            0.0,
            0.0,
            1.0
          ]
        ],
        "rotation_mode": "QUATERNION"
      },
      "armature_space": {
        "head": {
          "x": 0.7122266888618469,
          "y": -0.033280014991760254,
          "z": 0.216413214802742
        },
        "tail": {
          "x": 0.7423380017280579,
          "y": -0.03722598776221275,
          "z": 0.21426154673099518
        }
      },
      "world_space": {
        "head": {
          "x": 0.7122266888618469,
          "y": 0.029963985085487366,
          "z": 1.1662672758102417
        },
        "tail": {
          "x": 0.7423380017280579,
          "y": 0.026018012315034866,
          "z": 1.16411554813385
        },
        "rotation_quaternion": {
          "w": 0.6566697955131531,
          "x": 0.018364015966653824,
          "y": 0.06308364123106003,
          "z": -0.7513110041618347
        },
        "matrix": [
          [
            -0.136895090341568,
            0.9890431761741638,
            0.055257104337215424,
            0.7122266888618469
          ],
          [
            -0.9844095706939697,
            -0.12961038947105408,
            -0.11890837550163269,
            0.029963985085487366
          ],
          [
            -0.11044509708881378,
            -0.0706741213798523,
            0.9913733601570129,
            1.1662672758102417
          ],
          [
            0.0,
            0.0,
            0.0,
            1.0
          ]
        ]
      },
      "bone_length_armature_space": 0.03044489388587461,
      "parent": "thumb_02_l",
      "has_children": false,
      "is_end_bone": true
    },
    "metacarpal_index_l": {
      "name": "metacarpal_index_l",
      "local": {
        "location": {
          "x": 0.0,
          "y": 0.0,
          "z": 0.0
        },
        "rotation_quaternion": {
          "w": 0.9986697435379028,
          "x": -0.05153299868106842,
          "y": -0.0007635930087417364,
          "z": 0.0015827707247808576
        },
        "scale": {
          "x": 1.0,
          "y": 1.0,
          "z": 1.0
        },
        "matrix_basis": [
          [
            0.9999938011169434,
            -0.003082629991695285,
            -0.001688284333795309,
            0.0
          ],
          [
            0.0032400309573858976,
            0.9946836829185486,
            0.10292647778987885,
            0.0
          ],
          [
            0.001362024573609233,
            -0.10293131321668625,
            0.994687557220459,
            0.0
          ],
          [
            0.0,
            0.0,
            0.0,
            1.0
          ]
        ],
        "rotation_mode": "QUATERNION"
      },
      "armature_space": {
        "head": {
          "x": 0.6710836887359619,
          "y": 0.022142373025417328,
          "z": 0.2962683439254761
        },
        "tail": {
          "x": 0.746642529964447,
          "y": -0.04539439082145691,
          "z": 0.23745578527450562
        }
      },
      "world_space": {
        "head": {
          "x": 0.6710836887359619,
          "y": 0.08538637310266495,
          "z": 1.2461223602294922
        },
        "tail": {
          "x": 0.746642529964447,
          "y": 0.01784960925579071,
          "z": 1.187309741973877
        },
        "rotation_quaternion": {
          "w": 0.12490582466125488,
          "x": -0.8222949504852295,
          "y": -0.4429478049278259,
          "z": 0.3347041606903076
        },
        "matrix": [
          [
            0.3835392892360687,
            0.6448556780815125,
            -0.6611039638519287,
            0.6710836887359619
          ],
          [
            0.8120808005332947,
            -0.5763912796974182,
            -0.09109647572040558,
            0.08538637310266495
          ],
          [
            -0.43980085849761963,
            -0.5019346475601196,
            -0.7447488903999329,
            1.2461223602294922
          ],
          [
            0.0,
            0.0,
            0.0,
            1.0
          ]
        ]
      },
      "bone_length_armature_space": 0.11717196798708775,
      "parent": "lowerarm_l",
      "has_children": true,
      "is_end_bone": false
    },
    "index_01_l": {
      "name": "index_01_l",
      "local": {
        "location": {
          "x": 0.0,
          "y": 0.0,
          "z": 0.0
        },
        "rotation_quaternion": {
          "w": 0.9986892938613892,
          "x": -0.04842057824134827,
          "y": -0.0115278922021389,
          "z": 0.011928102001547813
        },
        "scale": {
          "x": 1.0,
          "y": 1.0,
          "z": 1.0
        },
        "matrix_basis": [
          [
            0.9994496703147888,
            -0.022708561271429062,
            -0.024180695414543152,
            0.0
          ],
          [
            0.02494131028652191,
            0.9950263500213623,
            0.09643921256065369,
            0.0
          ],
          [
            0.021870434284210205,
            -0.0969892367720604,
            0.9950451254844666,
            0.0
          ],
          [
            0.0,
            0.0,
            0.0,
            1.0
          ]
        ],
        "rotation_mode": "QUATERNION"
      },
      "armature_space": {
        "head": {
          "x": 0.746642529964447,
          "y": -0.04539439082145691,
          "z": 0.23745578527450562
        },
        "tail": {
          "x": 0.7713335752487183,
          "y": -0.052631355822086334,
          "z": 0.22516551613807678
        }
      },
      "world_space": {
        "head": {
          "x": 0.746642529964447,
          "y": 0.01784960925579071,
          "z": 1.187309741973877
        },
        "tail": {
          "x": 0.7713335752487183,
          "y": 0.010612644255161285,
          "z": 1.1750195026397705
        },
        "rotation_quaternion": {
          "w": 0.08975297212600708,
          "x": -0.7529642581939697,
          "y": -0.6041885614395142,
          "z": 0.24483785033226013
        },
        "matrix": [
          [
            0.1500195860862732,
            0.8659152984619141,
            -0.47716301679611206,
            0.746642529964447
          ],
          [
            0.9538146257400513,
            -0.2538006603717804,
            -0.16069765388965607,
            0.01784960925579071
          ],
          [
            -0.26025575399398804,
            -0.4310202896595001,
            -0.8640037775039673,
            1.187309741973877
          ],
          [
            0.0,
            0.0,
            0.0,
            1.0
          ]
        ]
      },
      "bone_length_armature_space": 0.028514419029136828,
      "parent": "metacarpal_index_l",
      "has_children": true,
      "is_end_bone": false
    },
    "index_02_l": {
      "name": "index_02_l",
      "local": {
        "location": {
          "x": 0.0,
          "y": 0.0,
          "z": 0.0
        },
        "rotation_quaternion": {
          "w": 0.9811156988143921,
          "x": 0.19311928749084473,
          "y": -0.0018655577441677451,
          "z": -0.010654971934854984
        },
        "scale": {
          "x": 1.0,
          "y": 1.0,
          "z": 1.0
        },
        "matrix_basis": [
          [
            0.9997659921646118,
            0.02018697001039982,
            -0.007776017300784588,
            0.0
          ],
          [
            -0.02162807062268257,
            0.9251828193664551,
            -0.37890496850013733,
            0.0
          ],
          [
            -0.00045470520853996277,
            0.3789844810962677,
            0.9254029393196106,
            0.0
          ],
          [
            0.0,
            0.0,
            0.0,
            1.0
          ]
        ],
        "rotation_mode": "QUATERNION"
      },
      "armature_space": {
        "head": {
          "x": 0.7713336944580078,
          "y": -0.05263173207640648,
          "z": 0.22516514360904694
        },
        "tail": {
          "x": 0.7880001664161682,
          "y": -0.0595717690885067,
          "z": 0.20693989098072052
        }
      },
      "world_space": {
        "head": {
          "x": 0.7713336944580078,
          "y": 0.01061226800084114,
          "z": 1.1750191450119019
        },
        "tail": {
          "x": 0.7880001664161682,
          "y": 0.003672230988740921,
          "z": 1.1567939519882202
        },
        "rotation_quaternion": {
          "w": 0.20293493568897247,
          "x": -0.7042427659034729,
          "y": -0.5688151717185974,
          "z": 0.37324094772338867
        },
        "matrix": [
          [
            0.07427813112735748,
            0.6496816873550415,
            -0.7565686702728271,
            0.7713336944580078
          ],
          [
            0.9526554942131042,
            -0.2705322504043579,
            -0.13878233730793,
            0.01061226800084114
          ],
          [
            -0.2948417067527771,
            -0.710445761680603,
            -0.6390221118927002,
            1.1750191450119019
          ],
          [
            0.0,
            0.0,
            0.0,
            1.0
          ]
        ]
      },
      "bone_length_armature_space": 0.025653367091377884,
      "parent": "index_01_l",
      "has_children": true,
      "is_end_bone": false
    },
    "index_03_l": {
      "name": "index_03_l",
      "local": {
        "location": {
          "x": 0.0,
          "y": 0.0,
          "z": 0.0
        },
        "rotation_quaternion": {
          "w": 0.9779642820358276,
          "x": 0.20865273475646973,
          "y": -0.006419394165277481,
          "z": 0.0029605349991470575
        },
        "scale": {
          "x": 1.0,
          "y": 1.0,
          "z": 1.0
        },
        "matrix_basis": [
          [
            0.9999000430107117,
            -0.008469442836940289,
            -0.011320428922772408,
            0.0
          ],
          [
            0.0031117466278374195,
            0.912910521030426,
            -0.4081478416919708,
            0.0
          ],
          [
            0.013791323639452457,
            0.4080718457698822,
            0.9128456711769104,
            0.0
          ],
          [
            0.0,
            0.0,
            0.0,
            1.0
          ]
        ],
        "rotation_mode": "QUATERNION"
      },
      "armature_space": {
        "head": {
          "x": 0.7880002856254578,
          "y": -0.059571772813797,
          "z": 0.20693999528884888
        },
        "tail": {
          "x": 0.7939435243606567,
          "y": -0.06557020545005798,
          "z": 0.17896787822246552
        }
      },
      "world_space": {
        "head": {
          "x": 0.7880002856254578,
          "y": 0.0036722272634506226,
          "z": 1.1567940711975098
        },
        "tail": {
          "x": 0.7939435243606567,
          "y": -0.0023262053728103638,
          "z": 1.128821849822998
        },
        "rotation_quaternion": {
          "w": 0.40268030762672424,
          "x": -0.6092118620872498,
          "y": -0.4849753975868225,
          "z": 0.4811532199382782
        },
        "matrix": [
          [
            0.06658017635345459,
            0.20340445637702942,
            -0.9768282175064087,
            0.7880002856254578
          ],
          [
            0.9784078001976013,
            -0.20529446005821228,
            0.02393946424126625,
            0.0036722272634506226
          ],
          [
            -0.19566847383975983,
            -0.9573369026184082,
            -0.21268266439437866,
            1.1567940711975098
          ],
          [
            0.0,
            0.0,
            0.0,
            1.0
          ]
        ]
      },
      "bone_length_armature_space": 0.029218873853089484,
      "parent": "index_02_l",
      "has_children": false,
      "is_end_bone": true
    },
    "metacarpal_pinky_l": {
      "name": "metacarpal_pinky_l",
      "local": {
        "location": {
          "x": 0.0,
          "y": 0.0,
          "z": 0.0
        },
        "rotation_quaternion": {
          "w": 0.9996685981750488,
          "x": -0.024529527872800827,
          "y": 0.004850267432630062,
          "z": -0.00611713994294405
        },
        "scale": {
          "x": 1.0,
          "y": 1.0,
          "z": 1.0
        },
        "matrix_basis": [
          [
            0.9998781085014343,
            0.011992275714874268,
            0.009997420944273472,
            0.0
          ],
          [
            -0.012468175031244755,
            0.9987217783927917,
            0.048983458429574966,
            0.0
          ],
          [
            -0.009397218935191631,
            -0.049102138727903366,
            0.9987495541572571,
            0.0
          ],
          [
            0.0,
            0.0,
            0.0,
            1.0
          ]
        ],
        "rotation_mode": "QUATERNION"
      },
      "armature_space": {
        "head": {
          "x": 0.6710836887359619,
          "y": 0.022142373025417328,
          "z": 0.2962683439254761
        },
        "tail": {
          "x": 0.763580858707428,
          "y": 0.014666097238659859,
          "z": 0.2490282654762268
        }
      },
      "world_space": {
        "head": {
          "x": 0.6710836887359619,
          "y": 0.08538637310266495,
          "z": 1.2461223602294922
        },
        "tail": {
          "x": 0.763580858707428,
          "y": 0.07791009545326233,
          "z": 1.1988823413848877
        },
        "rotation_quaternion": {
          "w": 0.5631678700447083,
          "x": 0.09159620851278305,
          "y": 0.38333097100257874,
          "z": -0.726298451423645
        },
        "matrix": [
          [
            -0.3489023447036743,
            0.8882790207862854,
            0.2987094223499298,
            0.6710836887359619
          ],
          [
            -0.7478349208831787,
            -0.07179699838161469,
            -0.6599915027618408,
            0.08538637310266495
          ],
          [
            -0.5648146271705627,
            -0.45366108417510986,
            0.689340353012085,
            1.2461223602294922
          ],
          [
            0.0,
            0.0,
            0.0,
            1.0
          ]
        ]
      },
      "bone_length_armature_space": 0.10413090682599926,
      "parent": "lowerarm_l",
      "has_children": true,
      "is_end_bone": false
    },
    "pinky_01_l": {
      "name": "pinky_01_l",
      "local": {
        "location": {
          "x": 0.0,
          "y": 0.0,
          "z": 0.0
        },
        "rotation_quaternion": {
          "w": 0.9979028701782227,
          "x": 0.06341461837291718,
          "y": -0.01248679868876934,
          "z": -0.0035482498351484537
        },
        "scale": {
          "x": 1.0,
          "y": 1.0,
          "z": 1.0
        },
        "matrix_basis": [
          [
            0.9996629953384399,
            0.005497926380485296,
            -0.0253712460398674,
            0.0
          ],
          [
            -0.008665308356285095,
            0.9919319748878479,
            -0.12647464871406555,
            0.0
          ],
          [
            0.024471202865242958,
            0.12665186822414398,
            0.991645336151123,
            0.0
          ],
          [
            0.0,
            0.0,
            0.0,
            1.0
          ]
        ],
        "rotation_mode": "QUATERNION"
      },
      "armature_space": {
        "head": {
          "x": 0.763580858707428,
          "y": 0.014666097238659859,
          "z": 0.2490282654762268
        },
        "tail": {
