{
  "metadata": {
    "armature_name": "KIM_caucasian_male",
    "export_time": "2026-01-13T21:02:57.198390",
    "blender_version": "4.4.1",
    "bone_count": 56,
    "end_bone_count": 13,
    "spaces_included": [
      "LOCAL_CHANNELS",
      "ARMATURE_SPACE",
      "WORLD_SPACE"
    ],
    "note": "LOCAL matches Transform panel; replay pose via local.matrix_basis for best fidelity."
  },
  "bones": {
    "Root": {
      "name": "Root",
      "local": {
        "location": {
          "x": 0.0,
          "y": 0.0,
          "z": 0.0
        },
        "rotation_quaternion": {
          "w": 0.9998561143875122,
          "x": -0.016920506954193115,
          "y": 0.00043214691686443985,
          "z": -0.001139904954470694
        },
        "scale": {
          "x": 1.0,
          "y": 1.0,
          "z": 1.0
        },
        "matrix_basis": [
          [
            0.9999970197677612,
            0.0022648575250059366,
            0.0009027449996210635,
            0.0
          ],
          [
            -0.002294106176123023,
            0.9994248151779175,
            0.03383515775203705,
            0.0
          ],
          [
            -0.0008255939465016127,
            -0.033837128430604935,
            0.9994270205497742,
            0.0
          ],
          [
            0.0,
            0.0,
            0.0,
            1.0
          ]
        ],
        "rotation_mode": "QUATERNION"
      },
      "armature_space": {
        "head": {
          "x": 0.0,
          "y": 0.07072800397872925,
          "z": -0.009595036506652832
        },
        "tail": {
          "x": 0.00016165617853403091,
          "y": 0.00036535412073135376,
          "z": 0.0023877304047346115
        }
      },
      "world_space": {
        "head": {
          "x": 0.0,
          "y": 0.13397200405597687,
          "z": 0.9402589797973633
        },
        "tail": {
          "x": 0.00016165617853403091,
          "y": 0.06360935419797897,
          "z": 0.9522417187690735
        },
        "rotation_quaternion": {
          "w": 0.08424002677202225,
          "x": 0.9964447617530823,
          "y": 0.00116642820648849,
          "z": 0.00035437208134680986
        },
        "matrix": [
          [
            0.9999970197677612,
            0.0022648575250059366,
            0.0009027449996210635,
            0.0
          ],
          [
            0.002384267281740904,
            -0.9858044981956482,
            -0.16788071393966675,
            0.13397200405597687
          ],
          [
            0.0005097099929116666,
            0.16788260638713837,
            -0.9858139753341675,
            0.9402589797973633
          ],
          [
            0.0,
            0.0,
            0.0,
            1.0
          ]
        ]
      },
      "bone_length_armature_space": 0.07137587308797473,
      "parent": null,
      "has_children": true,
      "is_end_bone": false
    },
    "spine_01": {
      "name": "spine_01",
      "local": {
        "location": {
          "x": 0.0,
          "y": 0.0,
          "z": 0.0
        },
        "rotation_quaternion": {
          "w": 0.9959568381309509,
          "x": 0.03211009502410889,
          "y": 0.04510384798049927,
          "z": 0.07074369490146637
        },
        "scale": {
          "x": 1.0,
          "y": 1.0,
          "z": 1.0
        },
        "matrix_basis": [
          [
            0.9859219193458557,
            -0.13801875710487366,
            0.09438614547252655,
            0.0
          ],
          [
            0.1438119113445282,
            0.987928569316864,
            -0.057578910142183304,
            0.0
          ],
          [
            -0.08529979735612869,
            0.07034216076135635,
            0.9938691854476929,
            0.0
          ],
          [
            0.0,
            0.0,
            0.0,
            1.0
          ]
        ],
        "rotation_mode": "QUATERNION"
      },
      "armature_space": {
        "head": {
          "x": 0.00016165617853403091,
          "y": 0.00036535412073135376,
          "z": 0.0023877304047346115
        },
        "tail": {
          "x": -0.06744877249002457,
          "y": 0.004803800955414772,
          "z": 0.4856657385826111
        }
      },
      "world_space": {
        "head": {
          "x": 0.00016165617853403091,
          "y": 0.06360935419797897,
          "z": 0.9522417187690735
        },
        "tail": {
          "x": -0.06744877249002457,
          "y": 0.06804779917001724,
          "z": 1.4355196952819824
        },
        "rotation_quaternion": {
          "w": 0.7101737856864929,
          "x": 0.6989011764526367,
          "y": -0.01416333019733429,
          "z": 0.08360498398542404
        },
        "matrix": [
          [
            0.9856191277503967,
            -0.13854561746120453,
            0.09674733877182007,
            0.00016165617853403091
          ],
          [
            0.09895162284374237,
            0.009095154702663422,
            -0.9950507879257202,
            0.06360935419797897
          ],
          [
            0.1369810402393341,
            0.9903212785720825,
            0.022672932595014572,
            0.9522417187690735
          ],
          [
            0.0,
            0.0,
            0.0,
            1.0
          ]
        ]
      },
      "bone_length_armature_space": 0.48800460704315235,
      "parent": "Root",
      "has_children": true,
      "is_end_bone": false
    },
    "neck_01": {
      "name": "neck_01",
      "local": {
        "location": {
          "x": 0.0,
          "y": 0.0,
          "z": 0.0
        },
        "rotation_quaternion": {
          "w": 0.9845662117004395,
          "x": 0.00029026149422861636,
          "y": -0.11298095434904099,
          "z": -0.13365916907787323
        },
        "scale": {
          "x": 1.0,
          "y": 1.0,
          "z": 1.0
        },
        "matrix_basis": [
          [
            0.9387410879135132,
            0.26312702894210815,
            -0.22255204617977142,
            0.0
          ],
          [
            -0.2632581889629364,
            0.964270293712616,
            0.02963031828403473,
            0.0
          ],
          [
            0.2223968654870987,
            0.03077344410121441,
            0.9744704365730286,
            0.0
          ],
          [
            0.0,
            0.0,
            0.0,
            1.0
          ]
        ],
        "rotation_mode": "QUATERNION"
      },
      "armature_space": {
        "head": {
          "x": -0.0742376297712326,
          "y": -0.029039068147540092,
          "z": 0.5589618682861328
        },
        "tail": {
          "x": -0.05623585358262062,
          "y": -0.0658673495054245,
          "z": 0.6529318690299988
        }
      },
      "world_space": {
        "head": {
          "x": -0.0742376297712326,
          "y": 0.03420493006706238,
          "z": 1.508815884590149
        },
        "tail": {
          "x": -0.05623585358262062,
          "y": -0.00262334942817688,
          "z": 1.6027858257293701
        },
        "rotation_quaternion": {
          "w": 0.5639540553092957,
          "x": 0.819961428642273,
          "y": 0.048404112458229065,
          "z": -0.08530072122812271
        },
        "matrix": [
          [
            0.9807617664337158,
            0.17559053003787994,
            -0.08529025316238403,
            -0.0742376297712326
          ],
          [
            -0.01683153212070465,
            -0.3592255413532257,
            -0.9330992102622986,
            0.03420493006706238
          ],
          [
            -0.19448310136795044,
            0.9165894985198975,
            -0.34936243295669556,
            1.508815884590149
          ],
          [
            0.0,
            0.0,
            0.0,
            1.0
          ]
        ]
      },
      "bone_length_armature_space": 0.10252193523600064,
      "parent": "spine_01",
      "has_children": true,
      "is_end_bone": false
    },
    "head": {
      "name": "head",
      "local": {
        "location": {
          "x": 0.0,
          "y": 0.0,
          "z": 0.0
        },
        "rotation_quaternion": {
          "w": 0.984139621257782,
          "x": -0.06127604842185974,
          "y": 0.11938706040382385,
          "z": -0.11602265387773514
        },
        "scale": {
          "x": 1.0,
          "y": 1.0,
          "z": 1.0
        },
        "matrix_basis": [
          [
            0.9445709586143494,
            0.21373385190963745,
            0.24920588731765747,
            0.0
          ],
          [
            -0.24299611151218414,
            0.9655680060386658,
            0.09290516376495361,
            0.0
          ],
          [
            -0.2207682579755783,
            -0.148311585187912,
            0.963983952999115,
            0.0
          ],
          [
            0.0,
            0.0,
            0.0,
            1.0
          ]
        ],
        "rotation_mode": "QUATERNION"
      },
      "armature_space": {
        "head": {
          "x": -0.05623587965965271,
          "y": -0.06586746871471405,
          "z": 0.6529316902160645
        },
        "tail": {
          "x": 0.005754873156547546,
          "y": -0.04316950589418411,
          "z": 0.7932713031768799
        }
      },
      "world_space": {
        "head": {
          "x": -0.05623587965965271,
          "y": -0.0026234686374664307,
          "z": 1.6027857065200806
        },
        "tail": {
          "x": 0.005754873156547546,
          "y": 0.020074494183063507,
          "z": 1.743125319480896
        },
        "rotation_quaternion": {
          "w": 0.7208836078643799,
          "x": 0.6496879458427429,
          "y": 0.2313069999217987,
          "z": -0.06877193599939346
        },
        "matrix": [
          [
            0.8835356831550598,
            0.39970770478248596,
            0.24412855505943298,
            -0.05623587965965271
          ],
          [
            0.20139916241168976,
            0.14635330438613892,
            -0.968514084815979,
            -0.0026234686374664307
          ],
          [
            -0.4228542149066925,
            0.9048904180526733,
            0.048807062208652496,
            1.6027857065200806
          ],
          [
            0.0,
            0.0,
            0.0,
            1.0
          ]
        ]
      },
      "bone_length_armature_space": 0.1550911295726556,
      "parent": "neck_01",
      "has_children": false,
      "is_end_bone": true
    },
    "upperarm_l": {
      "name": "upperarm_l",
      "local": {
        "location": {
          "x": 0.0,
          "y": 0.0,
          "z": 0.0
        },
        "rotation_quaternion": {
          "w": 0.7990199327468872,
          "x": -0.08174727857112885,
          "y": 0.5953446626663208,
          "z": 0.021196633577346802
        },
        "scale": {
          "x": 1.0,
          "y": 1.0,
          "z": 1.0
        },
        "matrix_basis": [
          [
            0.2902308702468872,
            -0.13120867311954498,
            0.9479189515113831,
            0.0
          ],
          [
            -0.06346254795789719,
            0.9857361912727356,
            0.15587401390075684,
            0.0
          ],
          [
            -0.9548500180244446,
            -0.1053968071937561,
            0.277764230966568,
            0.0
          ],
          [
            0.0,
            0.0,
            0.0,
            1.0
          ]
        ],
        "rotation_mode": "QUATERNION"
      },
      "armature_space": {
        "head": {
          "x": 0.08322511613368988,
          "y": -0.01798093318939209,
          "z": 0.513024091720581
        },
        "tail": {
          "x": 0.3352177143096924,
          "y": 0.04590209573507309,
          "z": 0.5780346989631653
        }
      },
      "world_space": {
        "head": {
          "x": 0.08322511613368988,
          "y": 0.04526306688785553,
          "z": 1.4628781080245972
        },
        "tail": {
          "x": 0.3352177143096924,
          "y": 0.10914609581232071,
          "z": 1.5278887748718262
        },
        "rotation_quaternion": {
          "w": 0.19626326858997345,
          "x": 0.6170910000801086,
          "y": 0.7620232701301575,
          "z": 0.0002488780883140862
        },
        "matrix": [
          [
            -0.1613580733537674,
            0.9403781294822693,
            0.29942047595977783,
            0.08322511613368988
          ],
          [
            0.9405727386474609,
            0.23839670419692993,
            -0.24184736609458923,
            0.04526306688785553
          ],
          [
            -0.2988100051879883,
            0.2426045835018158,
            -0.9229678511619568,
            1.4628781080245972
          ],
          [
            0.0,
            0.0,
            0.0,
            1.0
          ]
        ]
      },
      "bone_length_armature_space": 0.2679695569379351,
      "parent": "spine_01",
      "has_children": true,
      "is_end_bone": false
    },
    "lowerarm_l": {
      "name": "lowerarm_l",
      "local": {
        "location": {
          "x": 0.0,
          "y": 0.0,
          "z": 0.0
        },
        "rotation_quaternion": {
          "w": 0.9809868335723877,
          "x": 0.15246066451072693,
          "y": -0.006657657213509083,
          "z": 0.11990170180797577
        },
        "scale": {
          "x": 1.0,
          "y": 1.0,
          "z": 1.0
        },
        "matrix_basis": [
          [
            0.971158504486084,
            -0.23727405071258545,
            0.02349843829870224,
            0.0
          ],
          [
            0.23321391642093658,
            0.9247586727142334,
            -0.30072033405303955,
            0.0
          ],
          [
            0.049622733145952225,
            0.2975272834300995,
            0.9534228444099426,
            0.0
          ],
          [
            0.0,
            0.0,
            0.0,
            1.0
          ]
        ],
        "rotation_mode": "QUATERNION"
      },
      "armature_space": {
        "head": {
          "x": 0.33521783351898193,
          "y": 0.04590199142694473,
          "z": 0.5780346989631653
        },
        "tail": {
          "x": 0.5971304178237915,
          "y": -0.008195124566555023,
          "z": 0.571354329586029
        }
      },
      "world_space": {
        "head": {
          "x": 0.33521783351898193,
          "y": 0.10914599150419235,
          "z": 1.5278887748718262
        },
        "tail": {
          "x": 0.5971304178237915,
          "y": 0.055048875510692596,
          "z": 1.5212082862854004
        },
        "rotation_quaternion": {
          "w": 0.12343890219926834,
          "x": 0.7562479972839355,
          "y": 0.6193991899490356,
          "z": -0.17086976766586304
        },
        "matrix": [
          [
            0.17429567873477936,
            0.9790229797363281,
            -0.10552197694778442,
            0.33521783351898193
          ],
          [
            0.8946546912193298,
            -0.20221370458602905,
            -0.39837512373924255,
            0.10914599150419235
          ],
          [
            -0.41135844588279724,
            -0.0249711275100708,
            -0.9111393094062805,
            1.5278887748718262
          ],
          [
            0.0,
            0.0,
            0.0,
            1.0
          ]
        ]
      },
      "bone_length_armature_space": 0.26752444495308486,
      "parent": "upperarm_l",
      "has_children": true,
      "is_end_bone": false
    },
    "metacarpal_thumb_l": {
      "name": "metacarpal_thumb_l",
      "local": {
        "location": {
          "x": 0.0,
          "y": 0.0,
          "z": 0.0
        },
        "rotation_quaternion": {
          "w": 0.9998658895492554,
          "x": 0.0012212441070005298,
          "y": 0.009707522578537464,
          "z": -0.013139355927705765
        },
        "scale": {
          "x": 1.0,
          "y": 1.0,
          "z": 1.0
        },
        "matrix_basis": [
          [
            0.9994662404060364,
            0.026298897340893745,
            0.019380347803235054,
            0.0
          ],
          [
            -0.026251476258039474,
            0.9996517300605774,
            -0.0026972617488354445,
            0.0
          ],
          [
            -0.019444534555077553,
            0.0021870594937354326,
            0.9998085498809814,
            0.0
          ],
          [
            0.0,
            0.0,
            0.0,
            1.0
          ]
        ],
        "rotation_mode": "QUATERNION"
      },
      "armature_space": {
        "head": {
          "x": 0.5971304178237915,
          "y": -0.008195124566555023,
          "z": 0.571354329586029
        },
        "tail": {
          "x": 0.6347082853317261,
          "y": -0.019154969602823257,
          "z": 0.5410000085830688
        }
      },
      "world_space": {
        "head": {
          "x": 0.5971304178237915,
          "y": 0.055048875510692596,
          "z": 1.5212082862854004
        },
        "tail": {
          "x": 0.6347082853317261,
          "y": 0.04408903047442436,
          "z": 1.490854024887085
        },
        "rotation_quaternion": {
          "w": 0.5230386257171631,
          "x": -0.7430921196937561,
          "y": -0.34029489755630493,
          "z": -0.24175211787223816
        },
        "matrix": [
          [
            0.6515101194381714,
            0.7586326003074646,
            0.0033118831925094128,
            0.5971304178237915
          ],
          [
            0.2528526484966278,
            -0.22126048803329468,
            0.9418648481369019,
            0.055048875510692596
          ],
          [
            0.7152675986289978,
            -0.6128014922142029,
            -0.3359771966934204,
            1.5212082862854004
          ],
          [
            0.0,
            0.0,
            0.0,
            1.0
          ]
        ]
      },
      "bone_length_armature_space": 0.049533817407294636,
      "parent": "lowerarm_l",
      "has_children": true,
      "is_end_bone": false
    },
    "thumb_01_l": {
      "name": "thumb_01_l",
      "local": {
        "location": {
          "x": 0.0,
          "y": 0.0,
          "z": 0.0
        },
        "rotation_quaternion": {
          "w": 0.999396026134491,
          "x": 0.032354626804590225,
          "y": 0.009075294248759747,
          "z": 0.008855186402797699
        },
        "scale": {
          "x": 1.0,
          "y": 1.0,
          "z": 1.0
        },
        "matrix_basis": [
          [
            0.9996784329414368,
            -0.01711242087185383,
            0.018712637946009636,
            0.0
          ],
          [
            0.01828693225979805,
            0.9977495074272156,
            -0.06450944393873215,
            0.0
          ],
          [
            -0.017566613852977753,
            0.06483089923858643,
            0.9977416396141052,
            0.0
          ],
          [
            0.0,
            0.0,
            0.0,
            1.0
          ]
        ],
        "rotation_mode": "QUATERNION"
      },
      "armature_space": {
        "head": {
          "x": 0.6347082853317261,
          "y": -0.019154969602823257,
          "z": 0.5410000085830688
        },
        "tail": {
          "x": 0.6503618955612183,
          "y": -0.00028460100293159485,
          "z": 0.5173884630203247
        }
      },
      "world_space": {
        "head": {
          "x": 0.6347082853317261,
          "y": 0.04408903047442436,
          "z": 1.490854024887085
        },
        "tail": {
          "x": 0.6503618955612183,
          "y": 0.06295940279960632,
          "z": 1.4672424793243408
        },
        "rotation_quaternion": {
          "w": 0.833986222743988,
          "x": -0.2876344323158264,
          "y": 0.2857590615749359,
          "z": -0.3742664158344269
        },
        "matrix": [
          [
            0.5565319657325745,
            0.4598787724971771,
            0.6919419765472412,
            0.6347082853317261
          ],
          [
            -0.7886548042297363,
            0.5543818473815918,
            0.2658652067184448,
            0.04408903047442436
          ],
          [
            -0.26133671402931213,
            -0.6936702132225037,
            0.6712219715118408,
            1.490854024887085
          ],
          [
            0.0,
            0.0,
            0.0,
            1.0
          ]
        ]
      },
      "bone_length_armature_space": 0.0340386747336118,
      "parent": "metacarpal_thumb_l",
      "has_children": true,
      "is_end_bone": false
    },
    "thumb_02_l": {
      "name": "thumb_02_l",
      "local": {
        "location": {
          "x": 0.0,
          "y": 0.0,
          "z": 0.0
        },
        "rotation_quaternion": {
          "w": 0.9947410225868225,
          "x": 0.10235748440027237,
          "y": -0.00014808984997216612,
          "z": 0.0036506513133645058
        },
        "scale": {
          "x": 1.0,
          "y": 1.0,
          "z": 1.0
        },
        "matrix_basis": [
          [
            0.9999732971191406,
            -0.007293221540749073,
            0.0004527208802755922,
            0.0
          ],
          [
            0.007232589181512594,
            0.9790192246437073,
            -0.2036394625902176,
            0.0
          ],
          [
            0.0010419650934636593,
            0.20363730192184448,
            0.9790458679199219,
            0.0
          ],
          [
            0.0,
            0.0,
            0.0,
            1.0
          ]
        ],
        "rotation_mode": "QUATERNION"
      },
      "armature_space": {
        "head": {
          "x": 0.6503618359565735,
          "y": -0.0002845935523509979,
          "z": 0.5173884034156799
        },
        "tail": {
          "x": 0.6897841095924377,
          "y": -0.0074160173535346985,
          "z": 0.5202534198760986
        }
      },
      "world_space": {
        "head": {
          "x": 0.6503618359565735,
          "y": 0.06295940279960632,
          "z": 1.4672424793243408
        },
        "tail": {
          "x": 0.6897841095924377,
          "y": 0.05582798272371292,
          "z": 1.4701074361801147
        },
        "rotation_quaternion": {
          "w": 0.6188262104988098,
          "x": 0.25434941053390503,
          "y": 0.1681516021490097,
          "z": -0.7239376306533813
        },
        "matrix": [
          [
            -0.10472026467323303,
            0.9815221428871155,
            -0.16014984250068665,
            0.6503618359565735
          ],
          [
            -0.8104445934295654,
            -0.17755582928657532,
            -0.558259129524231,
            0.06295940279960632
          ],
          [
            -0.5763841867446899,
            0.07133209705352783,
            0.8140683770179749,
            1.4672424793243408
          ],
          [
            0.0,
            0.0,
            0.0,
            1.0
          ]
        ]
      },
      "bone_length_armature_space": 0.04016442704558702,
      "parent": "thumb_01_l",
      "has_children": true,
      "is_end_bone": false
    },
    "thumb_03_l": {
      "name": "thumb_03_l",
      "local": {
        "location": {
          "x": 0.0,
          "y": 0.0,
          "z": 0.0
        },
        "rotation_quaternion": {
          "w": 0.997843861579895,
          "x": 0.06517354398965836,
          "y": -0.0003847281914204359,
          "z": -0.007738240994513035
        },
        "scale": {
          "x": 1.0,
          "y": 1.0,
          "z": 1.0
        },
        "matrix_basis": [
          [
            0.9998799562454224,
            0.015392964705824852,
            -0.0017764545045793056,
            0.0
          ],
          [
            -0.015493260696530342,
            0.9913850426673889,
            -0.1300600916147232,
            0.0
          ],
          [
            -0.000240859852056019,
            0.1300719976425171,
            0.9915045499801636,
            0.0
          ],
          [
            0.0,
            0.0,
            0.0,
            1.0
          ]
        ],
        "rotation_mode": "QUATERNION"
      },
      "armature_space": {
        "head": {
          "x": 0.689784049987793,
          "y": -0.00741601875051856,
          "z": 0.5202533006668091
        },
        "tail": {
          "x": 0.7157194018363953,
          "y": -0.01649944670498371,
          "z": 0.5333582758903503
        }
      },
      "world_space": {
        "head": {
          "x": 0.689784049987793,
          "y": 0.05582798272371292,
          "z": 1.4701073169708252
        },
        "tail": {
          "x": 0.7157194018363953,
          "y": 0.04674455523490906,
          "z": 1.4832122325897217
        },
        "rotation_quaternion": {
          "w": 0.5782670974731445,
          "x": 0.5103709697723389,
          "y": 0.12816710770130157,
          "z": -0.62345951795578
        },
        "matrix": [
          [
            0.18974466621875763,
            0.8518796563148499,
            -0.48815780878067017,
            0.689784049987793
          ],
          [
            -0.5902262330055237,
            -0.29835647344589233,
            -0.7500776052474976,
            0.05582798272371292
          ],
          [
            -0.7846270203590393,
            0.4304497539997101,
            0.4461927115917206,
            1.4701073169708252
          ],
          [
            0.0,
            0.0,
            0.0,
            1.0
          ]
        ]
      },
      "bone_length_armature_space": 0.030444893228658208,
      "parent": "thumb_02_l",
      "has_children": false,
      "is_end_bone": true
    },
    "metacarpal_index_l": {
      "name": "metacarpal_index_l",
      "local": {
        "location": {
          "x": 0.0,
          "y": 0.0,
          "z": 0.0
        },
        "rotation_quaternion": {
          "w": 0.9998745918273926,
          "x": -0.0105470921844244,
          "y": 0.007643801160156727,
          "z": -0.009009473025798798
        },
        "scale": {
          "x": 1.0,
          "y": 1.0,
          "z": 1.0
        },
        "matrix_basis": [
          [
            0.9997208118438721,
            0.0178554467856884,
            0.015475732274353504,
            0.0
          ],
          [
            -0.018177926540374756,
            0.9996151924133301,
            0.02095380611717701,
            0.0
          ],
          [
            -0.015095637179911137,
            -0.021229272708296776,
            0.9996606707572937,
            0.0
          ],
          [
            0.0,
            0.0,
            0.0,
            1.0
          ]
        ],
        "rotation_mode": "QUATERNION"
      },
      "armature_space": {
        "head": {
          "x": 0.5971304178237915,
          "y": -0.008195124566555023,
          "z": 0.571354329586029
        },
        "tail": {
          "x": 0.7045941352844238,
          "y": -0.03938671946525574,
          "z": 0.5365999341011047
        }
      },
      "world_space": {
        "head": {
          "x": 0.5971304178237915,
          "y": 0.055048875510692596,
          "z": 1.5212082862854004
        },
        "tail": {
          "x": 0.7045941352844238,
          "y": 0.023857280611991882,
          "z": 1.4864540100097656
        },
        "rotation_quaternion": {
          "w": 0.2718225121498108,
          "x": -0.7864323258399963,
          "y": -0.5413037538528442,
          "z": -0.12094201147556305
        },
        "matrix": [
          [
            0.38472557067871094,
            0.9171470999717712,
            -0.10405395925045013,
            0.5971304178237915
          ],
          [
            0.7856494188308716,
            -0.2662040889263153,
            0.5584716200828552,
            0.055048875510692596
          ],
          [
            0.4845051169395447,
            -0.29661065340042114,
            -0.8229770064353943,
            1.5212082862854004
          ],
          [
            0.0,
            0.0,
            0.0,
            1.0
          ]
        ]
      },
      "bone_length_armature_space": 0.11717181324275205,
      "parent": "lowerarm_l",
      "has_children": true,
      "is_end_bone": false
    },
    "index_01_l": {
      "name": "index_01_l",
      "local": {
        "location": {
          "x": 0.0,
          "y": 0.0,
          "z": 0.0
        },
        "rotation_quaternion": {
          "w": 0.999408483505249,
          "x": -0.03160648047924042,
          "y": -0.011972783133387566,
          "z": 0.006359042599797249
        },
        "scale": {
          "x": 1.0,
          "y": 1.0,
          "z": 1.0
        },
        "matrix_basis": [
          [
            0.9996324181556702,
            -0.011953727342188358,
            -0.024333376437425613,
            0.0
          ],
          [
            0.013467397540807724,
            0.9979211688041687,
            0.06302329897880554,
            0.0
          ],
          [
            0.023529428988695145,
            -0.0633278414607048,
            0.9977153539657593,
            0.0
          ],
          [
            0.0,
            0.0,
            0.0,
            1.0
          ]
        ],
        "rotation_mode": "QUATERNION"
      },
      "armature_space": {
        "head": {
          "x": 0.7045941352844238,
          "y": -0.03938671946525574,
          "z": 0.5365999341011047
        },
        "tail": {
          "x": 0.7329436540603638,
          "y": -0.04215376451611519,
          "z": 0.5379108786582947
        }
      },
      "world_space": {
        "head": {
          "x": 0.7045941352844238,
          "y": 0.023857280611991882,
          "z": 1.4864540100097656
        },
        "tail": {
          "x": 0.7329436540603638,
          "y": 0.02109023556113243,
          "z": 1.487764835357666
        },
        "rotation_quaternion": {
          "w": 0.17542409896850586,
          "x": -0.7052404284477234,
          "y": -0.6486178040504456,
          "z": -0.2261800318956375
        },
        "matrix": [
          [
            0.05627423897385597,
            0.9942178726196289,
            0.09145311266183853,
            0.7045941352844238
          ],
          [
            0.8355082273483276,
            -0.09704036265611649,
            0.540841281414032,
            0.023857280611991882
          ],
          [
            0.5465932488441467,
            0.04597458988428116,
            -0.8361437320709229,
            1.4864540100097656
          ],
          [
            0.0,
            0.0,
            0.0,
            1.0
          ]
        ]
      },
      "bone_length_armature_space": 0.02851438845485153,
      "parent": "metacarpal_index_l",
      "has_children": true,
      "is_end_bone": false
    },
    "index_02_l": {
      "name": "index_02_l",
      "local": {
        "location": {
          "x": 0.0,
          "y": 0.0,
          "z": 0.0
        },
        "rotation_quaternion": {
          "w": 0.986033022403717,
          "x": 0.16638323664665222,
          "y": 0.0029164135921746492,
          "z": 0.006867913529276848
        },
        "scale": {
          "x": 1.0,
          "y": 1.0,
          "z": 1.0
        },
        "matrix_basis": [
          [
            0.9998886585235596,
            -0.01257349457591772,
            0.008036771789193153,
            0.0
          ],
          [
            0.01451446395367384,
            0.9445388913154602,
            -0.32807865738868713,
            0.0
          ],
          [
            -0.003465948859229684,
            0.32815879583358765,
            0.9446161985397339,
            0.0
          ],
          [
            0.0,
            0.0,
            0.0,
            1.0
          ]
        ],
        "rotation_mode": "QUATERNION"
      },
      "armature_space": {
        "head": {
          "x": 0.7329440116882324,
          "y": -0.04215382784605026,
          "z": 0.537910521030426
        },
        "tail": {
          "x": 0.7580060362815857,
          "y": -0.04055287688970566,
          "z": 0.5326740145683289
        }
      },
      "world_space": {
        "head": {
          "x": 0.7329440116882324,
          "y": 0.021090172231197357,
          "z": 1.487764596939087
        },
        "tail": {
          "x": 0.7580060362815857,
          "y": 0.02269112318754196,
          "z": 1.4825279712677002
        },
        "rotation_quaternion": {
          "w": 0.25699466466903687,
          "x": -0.6765434741973877,
          "y": -0.6820253729820251,
          "z": -0.10528064519166946
        },
        "matrix": [
          [
            0.0475158654153347,
            0.9769532680511475,
            -0.208096444606781,
            0.7329440116882324
          ],
          [
            0.8687260150909424,
            0.06240721791982651,
            0.4913454055786133,
            0.021090172231197357
          ],
          [
            0.493012398481369,
            -0.20412707328796387,
            -0.8457452654838562,
            1.487764596939087
          ],
          [
            0.0,
            0.0,
            0.0,
            1.0
          ]
        ]
      },
      "bone_length_armature_space": 0.025653247697919258,
      "parent": "index_01_l",
      "has_children": true,
      "is_end_bone": false
    },
    "index_03_l": {
      "name": "index_03_l",
      "local": {
        "location": {
          "x": 0.0,
          "y": 0.0,
          "z": 0.0
        },
        "rotation_quaternion": {
          "w": 0.9771347641944885,
          "x": 0.21251696348190308,
          "y": 0.005340143106877804,
          "z": -0.003976148087531328
        },
        "scale": {
          "x": 1.0,
          "y": 1.0,
          "z": 1.0
        },
        "matrix_basis": [
          [
            0.999911367893219,
            0.010040206834673882,
            0.008746081031858921,
            0.0
          ],
          [
            -0.0055007231421768665,
            0.909641444683075,
            -0.41535788774490356,
            0.0
          ],
          [
            -0.012126076966524124,
            0.41527295112609863,
            0.9096160531044006,
            0.0
          ],
          [
            0.0,
            0.0,
            0.0,
            1.0
          ]
        ],
        "rotation_mode": "QUATERNION"
      },
      "armature_space": {
        "head": {
          "x": 0.7580060362815857,
          "y": -0.04055297374725342,
          "z": 0.5326740741729736
        },
        "tail": {
          "x": 0.7797982096672058,
          "y": -0.028864262625575066,
          "z": 0.5171110033988953
        }
      },
      "world_space": {
        "head": {
          "x": 0.7580060362815857,
          "y": 0.0226910263299942,
          "z": 1.4825280904769897
        },
        "tail": {
          "x": 0.7797982096672058,
          "y": 0.034379735589027405,
          "z": 1.4669649600982666
        },
        "rotation_quaternion": {
          "w": 0.43699344992637634,
          "x": -0.546336829662323,
          "y": -0.7134839296340942,
          "z": 0.03864675387740135
        },
        "matrix": [
          [
            -0.021103788167238235,
            0.7458304762840271,
            -0.6658011078834534,
            0.7580060362815857
          ],
          [
            0.8133817911148071,
            0.4000423550605774,
            0.4223458766937256,
            0.0226910263299942
          ],
          [
            0.5813519954681396,
            -0.5326411128044128,
            -0.6150913834571838,
            1.4825280904769897
          ],
          [
            0.0,
            0.0,
            0.0,
            1.0
          ]
        ]
      },
      "bone_length_armature_space": 0.029218726186420685,
      "parent": "index_02_l",
      "has_children": false,
      "is_end_bone": true
    },
    "metacarpal_pinky_l": {
      "name": "metacarpal_pinky_l",
      "local": {
        "location": {
          "x": 0.0,
          "y": 0.0,
          "z": 0.0
        },
        "rotation_quaternion": {
          "w": 0.9994902014732361,
          "x": -0.03060353547334671,
          "y": -0.005872054491192102,
          "z": -0.006966547109186649
        },
        "scale": {
          "x": 1.0,
          "y": 1.0,
          "z": 1.0
        },
        "matrix_basis": [
          [
            0.9998340010643005,
            0.014285402372479439,
            -0.011311720125377178,
            0.0
          ],
          [
            -0.013566579669713974,
            0.9980297684669495,
            0.061257682740688324,
            0.0
          ],
          [
            0.0121645238250494,
            -0.06109405308961868,
            0.9980579018592834,
            0.0
          ],
          [
            0.0,
            0.0,
            0.0,
            1.0
          ]
        ],
        "rotation_mode": "QUATERNION"
      },
      "armature_space": {
        "head": {
          "x": 0.5971304178237915,
          "y": -0.008195124566555023,
          "z": 0.571354329586029
        },
        "tail": {
          "x": 0.6985462307929993,
          "y": -0.009185317903757095,
          "z": 0.5949566960334778
        }
      },
      "world_space": {
        "head": {
          "x": 0.5971304178237915,
          "y": 0.055048875510692596,
          "z": 1.5212082862854004
        },
        "tail": {
          "x": 0.6985462307929993,
          "y": 0.054058682173490524,
          "z": 1.5448107719421387
        },
        "rotation_quaternion": {
          "w": 0.5914642810821533,
          "x": 0.5103052854537964,
          "y": 0.38133370876312256,
          "z": -0.4943109154701233
        },
        "matrix": [
          [
            0.22048218548297882,
            0.9739275574684143,
            -0.0534084215760231,
            0.5971304178237915
          ],
          [
            -0.19554327428340912,
            -0.009509135037660599,
            -0.9806491136550903,
            0.055048875510692596
          ],
          [
            -0.9555960893630981,
            0.2266608029603958,
            0.1883487105369568,
            1.5212082862854004
          ],
          [
            0.0,
            0.0,
            0.0,
            1.0
          ]
        ]
      },
      "bone_length_armature_space": 0.10413077936086408,
      "parent": "lowerarm_l",
      "has_children": true,
      "is_end_bone": false
    },
    "pinky_01_l": {
      "name": "pinky_01_l",
      "local": {
        "location": {
          "x": 0.0,
          "y": 0.0,
          "z": 0.0
        },
        "rotation_quaternion": {
          "w": 0.9994096755981445,
          "x": 0.030564285814762115,
          "y": -0.01081143319606781,
          "z": -0.01136881485581398
        },
        "scale": {
          "x": 1.0,
          "y": 1.0,
          "z": 1.0
        },
        "matrix_basis": [
          [
            0.9995077252388,
            0.022063320502638817,
            -0.022305062040686607,
            0.0
          ],
          [
            -0.023385094478726387,
            0.9978731274604797,
            -0.060846660286188126,
            0.0
          ],
          [
            0.020915143191814423,
            0.061338312923908234,
            0.9978978633880615,
            0.0
          ],
          [
            0.0,
            0.0,
            0.0,
            1.0
          ]
        ],
        "rotation_mode": "QUATERNION"
      },
      "armature_space": {
        "head": {
          "x": 0.6985462307929993,
          "y": -0.009185317903757095,
          "z": 0.5949566960334778
        },
