{
  "metadata": {
    "armature_name": "KIM_caucasian_male",
    "export_time": "2026-01-13T21:07:53.282576",
    "blender_version": "4.4.1",
    "bone_count": 56,
    "end_bone_count": 13,
    "spaces_included": [
      "LOCAL_CHANNELS",
      "ARMATURE_SPACE",
      "WORLD_SPACE"
    ],
    "note": "LOCAL matches Transform panel; replay pose via local.matrix_basis for best fidelity."
  },
  "bones": {
    "Root": {
      "name": "Root",
      "local": {
        "location": {
          "x": 0.0,
          "y": 0.0,
          "z": 0.0
        },
        "rotation_quaternion": {
          "w": 0.9998451471328735,
          "x": -0.013346350751817226,
          "y": -0.008711985312402248,
          "z": 0.0074669369496405125
        },
        "scale": {
          "x": 1.0,
          "y": 1.0,
          "z": 1.0
        },
        "matrix_basis": [
          [
            0.9997366666793823,
            -0.014699014835059643,
            -0.01762058585882187,
            0.0
          ],
          [
            0.015164108015596867,
            0.9995322227478027,
            0.026558464393019676,
            0.0
          ],
          [
            0.017221959307789803,
            -0.026818672195076942,
            0.9994919300079346,
            0.0
          ],
          [
            0.0,
            0.0,
            0.0,
            1.0
          ]
        ],
        "rotation_mode": "QUATERNION"
      },
      "armature_space": {
        "head": {
          "x": 0.0,
          "y": 0.07072800397872925,
          "z": -0.009595036506652832
        },
        "tail": {
          "x": -0.0010491549037396908,
          "y": 0.0002904161810874939,
          "z": 0.00189235620200634
        }
      },
      "world_space": {
        "head": {
          "x": 0.0,
          "y": 0.13397200405597687,
          "z": 0.9402589797973633
        },
        "tail": {
          "x": -0.0010491549037396908,
          "y": 0.06353441625833511,
          "z": 0.9517463445663452
        },
        "rotation_quaternion": {
          "w": 0.08067325502634048,
          "x": 0.9966745376586914,
          "y": -0.008036882616579533,
          "z": -0.00818916317075491
        },
        "matrix": [
          [
            0.9997366666793823,
            -0.014699014835059643,
            -0.01762058585882187,
            0.0
          ],
          [
            -0.017341608181595802,
            -0.9868543744087219,
            -0.16067878901958466,
            0.13397200405597687
          ],
          [
            -0.015027252957224846,
            0.16094224154949188,
            -0.9868564605712891,
            0.9402589797973633
          ],
          [
            0.0,
            0.0,
            0.0,
            1.0
          ]
        ]
      },
      "bone_length_armature_space": 0.07137586956962409,
      "parent": null,
      "has_children": true,
      "is_end_bone": false
    },
    "spine_01": {
      "name": "spine_01",
      "local": {
        "location": {
          "x": 0.0,
          "y": 0.0,
          "z": 0.0
        },
        "rotation_quaternion": {
          "w": 0.9943102598190308,
          "x": 0.088828444480896,
          "y": 0.040361158549785614,
          "z": -0.04275199770927429
        },
        "scale": {
          "x": 1.0,
          "y": 1.0,
          "z": 1.0
        },
        "matrix_basis": [
          [
            0.9930865168571472,
            0.09218794107437134,
            0.07266784459352493,
            0.0
          ],
          [
            -0.07784706354141235,
            0.9805635213851929,
            -0.18009710311889648,
            0.0
          ],
          [
            -0.08785821497440338,
            0.1731950342655182,
            0.9809609651565552,
            0.0
          ],
          [
            0.0,
            0.0,
            0.0,
            1.0
          ]
        ],
        "rotation_mode": "QUATERNION"
      },
      "armature_space": {
        "head": {
          "x": -0.0010491549037396908,
          "y": 0.0002904161810874939,
          "z": 0.00189235620200634
        },
        "tail": {
          "x": 0.050338584929704666,
          "y": -0.049721237272024155,
          "z": 0.48459985852241516
        }
      },
      "world_space": {
        "head": {
          "x": -0.0010491549037396908,
          "y": 0.06353441625833511,
          "z": 0.9517463445663452
        },
        "tail": {
          "x": 0.050338584929704666,
          "y": 0.013522762805223465,
          "z": 1.4344538450241089
        },
        "rotation_quaternion": {
          "w": 0.667443573474884,
          "x": 0.7423005104064941,
          "y": 0.05725014954805374,
          "z": -0.01521384622901678
        },
        "matrix": [
          [
            0.9929819107055664,
            0.10530247539281845,
            0.05383666604757309,
            -0.0010491549037396908
          ],
          [
            0.06468548625707626,
            -0.1024826392531395,
            -0.99262934923172,
            0.06353441625833511
          ],
          [
            -0.09900964051485062,
            0.9891522526741028,
            -0.10857660323381424,
            0.9517463445663452
          ],
          [
            0.0,
            0.0,
            0.0,
            1.0
          ]
        ]
      },
      "bone_length_armature_space": 0.4880045104195615,
      "parent": "Root",
      "has_children": true,
      "is_end_bone": false
    },
    "neck_01": {
      "name": "neck_01",
      "local": {
        "location": {
          "x": 0.0,
          "y": 0.0,
          "z": 0.0
        },
        "rotation_quaternion": {
          "w": 0.9839175939559937,
          "x": -0.12533807754516602,
          "y": 0.08034807443618774,
          "z": 0.09869560599327087
        },
        "scale": {
          "x": 1.0,
          "y": 1.0,
          "z": 1.0
        },
        "matrix_basis": [
          [
            0.9676067233085632,
            -0.21435803174972534,
            0.13337112963199615,
            0.0
          ],
          [
            0.17407533526420593,
            0.949099063873291,
            0.2625046968460083,
            0.0
          ],
          [
            -0.18285240232944489,
            -0.23078466951847076,
            0.955669105052948,
            0.0
          ],
          [
            0.0,
            0.0,
            0.0,
            1.0
          ]
        ],
        "rotation_mode": "QUATERNION"
      },
      "armature_space": {
        "head": {
          "x": 0.05991574749350548,
          "y": -0.09164968132972717,
          "z": 0.5532585978507996
        },
        "tail": {
          "x": 0.049370694905519485,
          "y": -0.11814817041158676,
          "z": 0.6517338752746582
        }
      },
      "world_space": {
        "head": {
          "x": 0.05991574749350548,
          "y": -0.028405681252479553,
          "z": 1.503112554550171
        },
        "tail": {
          "x": 0.049370694905519485,
          "y": -0.05490417033433914,
          "z": 1.6015878915786743
        },
        "rotation_quaternion": {
          "w": 0.6087926030158997,
          "x": 0.7869612574577332,
          "y": 0.011722986586391926,
          "z": 0.099630206823349
        },
        "matrix": [
          [
            0.97987300157547,
            -0.10285715758800507,
            0.1710832715034485,
            0.05991574749350548
          ],
          [
            0.13975869119167328,
            -0.25846803188323975,
            -0.9558566212654114,
            -0.028405681252479553
          ],
          [
            0.14253732562065125,
            0.9605347514152527,
            -0.23889321088790894,
            1.503112554550171
          ],
          [
            0.0,
            0.0,
            0.0,
            1.0
          ]
        ]
      },
      "bone_length_armature_space": 0.10252194158779437,
      "parent": "spine_01",
      "has_children": true,
      "is_end_bone": false
    },
    "head": {
      "name": "head",
      "local": {
        "location": {
          "x": 0.0,
          "y": 0.0,
          "z": 0.0
        },
        "rotation_quaternion": {
          "w": 0.9891588687896729,
          "x": -0.12465903908014297,
          "y": -0.0764070600271225,
          "z": -0.013674646615982056
        },
        "scale": {
          "x": 1.0,
          "y": 1.0,
          "z": 1.0
        },
        "matrix_basis": [
          [
            0.9879499077796936,
            0.046102456748485565,
            -0.14774811267852783,
            0.0
          ],
          [
            -0.008003134280443192,
            0.9685462713241577,
            0.24870486557483673,
            0.0
          ],
          [
            0.15456677973270416,
            -0.2445255070924759,
            0.9572441577911377,
            0.0
          ],
          [
            0.0,
            0.0,
            0.0,
            1.0
          ]
        ],
        "rotation_mode": "QUATERNION"
      },
      "armature_space": {
        "head": {
          "x": 0.04937072843313217,
          "y": -0.11814829707145691,
          "z": 0.6517337560653687
        },
        "tail": {
          "x": 0.028063161298632622,
          "y": -0.06412044167518616,
          "z": 0.7955400943756104
        }
      },
      "world_space": {
        "head": {
          "x": 0.04937072843313217,
          "y": -0.05490429699420929,
          "z": 1.6015877723693848
        },
        "tail": {
          "x": 0.028063161298632622,
          "y": -0.0008764415979385376,
          "z": 1.7453941106796265
        },
        "rotation_quaternion": {
          "w": 0.8182528614997864,
          "x": 0.5696361064910889,
          "y": -0.06814704835414886,
          "z": 0.03651079535484314
        },
        "matrix": [
          [
            0.9880461096763611,
            -0.137388214468956,
            -0.06992658227682114,
            0.04937072843313217
          ],
          [
            -0.01788710057735443,
            0.3483640253543854,
            -0.9371886849403381,
            -0.05490429699420929
          ],
          [
            0.1531195491552353,
            0.9272431135177612,
            0.34174370765686035,
            1.6015877723693848
          ],
          [
            0.0,
            0.0,
            0.0,
            1.0
          ]
        ]
      },
      "bone_length_armature_space": 0.15509121589453825,
      "parent": "neck_01",
      "has_children": false,
      "is_end_bone": true
    },
    "upperarm_l": {
      "name": "upperarm_l",
      "local": {
        "location": {
          "x": 0.0,
          "y": 0.0,
          "z": 0.0
        },
        "rotation_quaternion": {
          "w": 0.9529644250869751,
          "x": 0.23874086141586304,
          "y": -0.12969937920570374,
          "z": -0.13431255519390106
        },
        "scale": {
          "x": 1.0,
          "y": 1.0,
          "z": 1.0
        },
        "matrix_basis": [
          [
            0.9302763938903809,
            0.19406108558177948,
            -0.31132957339286804,
            0.0
          ],
          [
            -0.3179192543029785,
            0.8499258756637573,
            -0.42018258571624756,
            0.0
          ],
          [
            0.1830659955739975,
            0.4898636043071747,
            0.8523617386817932,
            0.0
          ],
          [
            0.0,
            0.0,
            0.0,
            1.0
          ]
        ],
        "rotation_mode": "QUATERNION"
      },
      "armature_space": {
        "head": {
          "x": 0.2019575983285904,
          "y": -0.07822485268115997,
          "z": 0.47158220410346985
        },
        "tail": {
          "x": 0.43190714716911316,
          "y": -0.17716293036937714,
          "z": 0.3759671449661255
        }
      },
      "world_space": {
        "head": {
          "x": 0.2019575983285904,
          "y": -0.014980852603912354,
          "z": 1.4214361906051636
        },
        "tail": {
          "x": 0.43190714716911316,
          "y": -0.11391893029212952,
          "z": 1.3258211612701416
        },
        "rotation_quaternion": {
          "w": 0.3359734117984772,
          "x": 0.4221535325050354,
          "y": 0.4500170350074768,
          "z": -0.7116129398345947
        },
        "matrix": [
          [
            -0.41781672835350037,
            0.8581185936927795,
            -0.2984324097633362,
            0.2019575983285904
          ],
          [
            -0.09821560978889465,
            -0.3692140579223633,
            -0.9241399765014648,
            -0.014980852603912354
          ],
          [
            -0.9032134413719177,
            -0.3568132817745209,
            0.23854529857635498,
            1.4214361906051636
          ],
          [
            0.0,
            0.0,
            0.0,
            1.0
          ]
        ]
      },
      "bone_length_armature_space": 0.26796973592504514,
      "parent": "spine_01",
      "has_children": true,
      "is_end_bone": false
    },
    "lowerarm_l": {
      "name": "lowerarm_l",
      "local": {
        "location": {
          "x": 0.0,
          "y": 0.0,
          "z": 0.0
        },
        "rotation_quaternion": {
          "w": 0.9451245069503784,
          "x": 0.3157213628292084,
          "y": 0.061441611498594284,
          "z": 0.05731191113591194
        },
        "scale": {
          "x": 1.0,
          "y": 1.0,
          "z": 1.0
        },
        "matrix_basis": [
          [
            0.9858805537223816,
            -0.06953692436218262,
            0.15232913196086884,
            0.0
          ],
          [
            0.14713063836097717,
            0.7940707206726074,
            -0.5897493362426758,
            0.0
          ],
          [
            -0.07995075732469559,
            0.6038346886634827,
            0.7930899262428284,
            0.0
          ],
          [
            0.0,
            0.0,
            0.0,
            1.0
          ]
        ],
        "rotation_mode": "QUATERNION"
      },
      "armature_space": {
        "head": {
          "x": 0.4319072365760803,
          "y": -0.1771630048751831,
          "z": 0.37596723437309265
        },
        "tail": {
          "x": 0.5636961460113525,
          "y": -0.4085576832294464,
          "z": 0.40160948038101196
        }
      },
      "world_space": {
        "head": {
          "x": 0.4319072365760803,
          "y": -0.11391900479793549,
          "z": 1.3258212804794312
        },
        "tail": {
          "x": 0.5636961460113525,
          "y": -0.3453136682510376,
          "z": 1.3514635562896729
        },
        "rotation_quaternion": {
          "w": 0.23599544167518616,
          "x": 0.5642669200897217,
          "y": 0.10877519845962524,
          "z": -0.7836307287216187
        },
        "matrix": [
          [
            -0.251817911863327,
            0.4926236569881439,
            -0.8330124020576477,
            0.4319072365760803
          ],
          [
            -0.2471107542514801,
            -0.8649476766586304,
            -0.43680861592292786,
            -0.11391900479793549
          ],
          [
            -0.9357011914253235,
            0.09585006535053253,
            0.3395439684391022,
            1.3258212804794312
          ],
          [
            0.0,
            0.0,
            0.0,
            1.0
          ]
        ]
      },
      "bone_length_armature_space": 0.2675244630393261,
      "parent": "upperarm_l",
      "has_children": true,
      "is_end_bone": false
    },
    "metacarpal_thumb_l": {
      "name": "metacarpal_thumb_l",
      "local": {
        "location": {
          "x": 0.0,
          "y": 0.0,
          "z": 0.0
        },
        "rotation_quaternion": {
          "w": 0.9998131990432739,
          "x": -0.0028271230403333902,
          "y": 0.019119953736662865,
          "z": 0.0002518319815862924
        },
        "scale": {
          "x": 1.0,
          "y": 1.0,
          "z": 1.0
        },
        "matrix_basis": [
          [
            0.9992687106132507,
            -0.0006116788135841489,
            0.03823133930563927,
            0.0
          ],
          [
            0.0003954609564971179,
            0.9999839067459106,
            0.005662819836288691,
            0.0
          ],
          [
            -0.03823418915271759,
            -0.005643559619784355,
            0.9992528557777405,
            0.0
          ],
          [
            0.0,
            0.0,
            0.0,
            1.0
          ]
        ],
        "rotation_mode": "QUATERNION"
      },
      "armature_space": {
        "head": {
          "x": 0.5636961460113525,
          "y": -0.4085576832294464,
          "z": 0.40160948038101196
        },
        "tail": {
          "x": 0.5564426183700562,
          "y": -0.4572533965110779,
          "z": 0.4070589542388916
        }
      },
      "world_space": {
        "head": {
          "x": 0.5636961460113525,
          "y": -0.3453136682510376,
          "z": 1.3514635562896729
        },
        "tail": {
          "x": 0.5564426183700562,
          "y": -0.39400941133499146,
          "z": 1.3569129705429077
        },
        "rotation_quaternion": {
          "w": 0.045306164771318436,
          "x": 0.9874598383903503,
          "y": -0.08003541082143784,
          "z": -0.12831515073776245
        },
        "matrix": [
          [
            0.9542590975761414,
            -0.1464366912841797,
            -0.26066428422927856,
            0.5636961460113525
          ],
          [
            -0.16969037055969238,
            -0.9830831289291382,
            -0.06893676519393921,
            -0.3453136682510376
          ],
          [
            -0.24616175889968872,
            0.11001573503017426,
            -0.9629718661308289,
            1.3514635562896729
          ],
          [
            0.0,
            0.0,
            0.0,
            1.0
          ]
        ]
      },
      "bone_length_armature_space": 0.0495336548930522,
      "parent": "lowerarm_l",
      "has_children": true,
      "is_end_bone": false
    },
    "thumb_01_l": {
      "name": "thumb_01_l",
      "local": {
        "location": {
          "x": 0.0,
          "y": 0.0,
          "z": 0.0
        },
        "rotation_quaternion": {
          "w": 0.9999039769172668,
          "x": 0.0013544503599405289,
          "y": -0.013793730176985264,
          "z": 4.875040031038225e-05
        },
        "scale": {
          "x": 1.0,
          "y": 1.0,
          "z": 1.0
        },
        "matrix_basis": [
          [
            0.9996194839477539,
            -0.00013485728413797915,
            -0.027584679424762726,
            0.0
          ],
          [
            6.012559242662974e-05,
            0.9999963045120239,
            -0.002709985477849841,
            0.0
          ],
          [
            0.027584943920373917,
            0.0027072958182543516,
            0.9996157884597778,
            0.0
          ],
          [
            0.0,
            0.0,
            0.0,
            1.0
          ]
        ],
        "rotation_mode": "QUATERNION"
      },
      "armature_space": {
        "head": {
          "x": 0.5564426183700562,
          "y": -0.4572533965110779,
          "z": 0.4070589542388916
        },
        "tail": {
          "x": 0.5427263379096985,
          "y": -0.48040398955345154,
          "z": 0.3862132132053375
        }
      },
      "world_space": {
        "head": {
          "x": 0.5564426183700562,
          "y": -0.39400941133499146,
          "z": 1.3569129705429077
        },
        "tail": {
          "x": 0.5427263379096985,
          "y": -0.4171599745750427,
          "z": 1.3360671997070312
        },
        "rotation_quaternion": {
          "w": 0.12985838949680328,
          "x": -0.7251232266426086,
          "y": 0.3782486319541931,
          "z": -0.5605899095535278
        },
        "matrix": [
          [
            0.08533307909965515,
            -0.4029622972011566,
            0.9112297296524048,
            0.5564426183700562
          ],
          [
            -0.6941484212875366,
            -0.680128276348114,
            -0.2357606291770935,
            -0.39400941133499146
          ],
          [
            0.7147602438926697,
            -0.6124154925346375,
            -0.3377557694911957,
            1.3569129705429077
          ],
          [
            0.0,
            0.0,
            0.0,
            1.0
          ]
        ]
      },
      "bone_length_armature_space": 0.034038672596055655,
      "parent": "metacarpal_thumb_l",
      "has_children": true,
      "is_end_bone": false
    },
    "thumb_02_l": {
      "name": "thumb_02_l",
      "local": {
        "location": {
          "x": 0.0,
          "y": 0.0,
          "z": 0.0
        },
        "rotation_quaternion": {
          "w": 0.9943987131118774,
          "x": 0.1056082472205162,
          "y": 0.002679611323401332,
          "z": 0.003330803709104657
        },
        "scale": {
          "x": 1.0,
          "y": 1.0,
          "z": 1.0
        },
        "matrix_basis": [
          [
            0.9999634623527527,
            -0.006058315746486187,
            0.006032724864780903,
            0.0
          ],
          [
            0.007190271746367216,
            0.9776716232299805,
            -0.21001556515693665,
            0.0
          ],
          [
            -0.0046256836503744125,
            0.2100512534379959,
            0.977679431438446,
            0.0
          ],
          [
            0.0,
            0.0,
            0.0,
            1.0
          ]
        ],
        "rotation_mode": "QUATERNION"
      },
      "armature_space": {
        "head": {
          "x": 0.5427262783050537,
          "y": -0.48040395975112915,
          "z": 0.3862132132053375
        },
        "tail": {
          "x": 0.5651307106018066,
          "y": -0.5136315822601318,
          "z": 0.3888861835002899
        }
      },
      "world_space": {
        "head": {
          "x": 0.5427262783050537,
          "y": -0.4171599745750427,
          "z": 1.3360671997070312
        },
        "tail": {
          "x": 0.5651307106018066,
          "y": -0.4503875970840454,
          "z": 1.3387402296066284
        },
        "rotation_quaternion": {
          "w": 0.24583211541175842,
          "x": -0.42527177929878235,
          "y": -0.16099974513053894,
          "z": -0.8560313582420349
        },
        "matrix": [
          [
            -0.517420768737793,
            0.5578180551528931,
            0.6489335298538208,
            0.5427262783050537
          ],
          [
            -0.283942848443985,
            -0.8272903561592102,
            0.4847334921360016,
            -0.4171599745750427
          ],
          [
            0.807255208492279,
            0.06655088067054749,
            0.5864501595497131,
            1.3360671997070312
          ],
          [
            0.0,
            0.0,
            0.0,
            1.0
          ]
        ]
      },
      "bone_length_armature_space": 0.04016439025993045,
      "parent": "thumb_01_l",
      "has_children": true,
      "is_end_bone": false
    },
    "thumb_03_l": {
      "name": "thumb_03_l",
      "local": {
        "location": {
          "x": 0.0,
          "y": 0.0,
          "z": 0.0
        },
        "rotation_quaternion": {
          "w": 0.9979795813560486,
          "x": 0.06289714574813843,
          "y": 0.007453699130564928,
          "z": -0.0050165425054728985
        },
        "scale": {
          "x": 1.0,
          "y": 1.0,
          "z": 1.0
        },
        "matrix_basis": [
          [
            0.9998385310173035,
            0.01095044706016779,
            0.014246226288378239,
            0.0
          ],
          [
            -0.009075181558728218,
            0.9920375943183899,
            -0.12561491131782532,
            0.0
          ],
          [
            -0.01550833135843277,
            0.12546534836292267,
            0.991976797580719,
            0.0
          ],
          [
            0.0,
            0.0,
            0.0,
            1.0
          ]
        ],
        "rotation_mode": "QUATERNION"
      },
      "armature_space": {
        "head": {
          "x": 0.5651305913925171,
          "y": -0.5136315822601318,
          "z": 0.3888862133026123
        },
        "tail": {
          "x": 0.5898250937461853,
          "y": -0.530352771282196,
          "z": 0.395007848739624
        }
      },
      "world_space": {
        "head": {
          "x": 0.5651305913925171,
          "y": -0.4503875970840454,
          "z": 1.3387402296066284
        },
        "tail": {
          "x": 0.5898250937461853,
          "y": -0.4671087861061096,
          "z": 1.3448618650436401
        },
        "rotation_quaternion": {
          "w": 0.4209154546260834,
          "x": -0.20735995471477509,
          "y": -0.2195793092250824,
          "z": -0.8553462028503418
        },
        "matrix": [
          [
            -0.5596638917922974,
            0.8111211657524109,
            0.16987895965576172,
            0.5651305913925171
          ],
          [
            -0.6289932131767273,
            -0.5492289662361145,
            0.5501951575279236,
            -0.4503875970840454
          ],
          [
            0.5395807027816772,
            0.201072558760643,
            0.8175795674324036,
            1.3387402296066284
          ],
          [
            0.0,
            0.0,
            0.0,
            1.0
          ]
        ]
      },
      "bone_length_armature_space": 0.030444885103072417,
      "parent": "thumb_02_l",
      "has_children": false,
      "is_end_bone": true
    },
    "metacarpal_index_l": {
      "name": "metacarpal_index_l",
      "local": {
        "location": {
          "x": 0.0,
          "y": 0.0,
          "z": 0.0
        },
        "rotation_quaternion": {
          "w": 0.9996260404586792,
          "x": -0.025911858305335045,
          "y": -0.00872201006859541,
          "z": -0.0005458322120830417
        },
        "scale": {
          "x": 1.0,
          "y": 1.0,
          "z": 1.0
        },
        "matrix_basis": [
          [
            0.9998472332954407,
            0.0015432632062584162,
            -0.01740920916199684,
            0.0
          ],
          [
            -0.0006392492214217782,
            0.9986565709114075,
            0.05181385949254036,
            0.0
          ],
          [
            0.017465783283114433,
            -0.05179481580853462,
            0.9985049962997437,
            0.0
          ],
          [
            0.0,
            0.0,
            0.0,
            1.0
          ]
        ],
        "rotation_mode": "QUATERNION"
      },
      "armature_space": {
        "head": {
          "x": 0.5636961460113525,
          "y": -0.4085576832294464,
          "z": 0.40160948038101196
        },
        "tail": {
          "x": 0.5920328497886658,
          "y": -0.5203466415405273,
          "z": 0.4223331809043884
        }
      },
      "world_space": {
        "head": {
          "x": 0.5636961460113525,
          "y": -0.3453136682510376,
          "z": 1.3514635562896729
        },
        "tail": {
          "x": 0.5920328497886658,
          "y": -0.4571026563644409,
          "z": 1.3721871376037598
        },
        "rotation_quaternion": {
          "w": 0.13477261364459991,
          "x": 0.883822500705719,
          "y": 0.06932418793439865,
          "z": -0.44259271025657654
        },
        "matrix": [
          [
            0.5986116528511047,
            0.2418392449617386,
            -0.7636607885360718,
            0.5636961460113525
          ],
          [
            0.003241858910769224,
            -0.9540608525276184,
            -0.2995951175689697,
            -0.3453136682510376
          ],
          [
            -0.801038384437561,
            0.17686592042446136,
            -0.5719003081321716,
            1.3514635562896729
          ],
          [
            0.0,
            0.0,
            0.0,
            1.0
          ]
        ]
      },
      "bone_length_armature_space": 0.11717171947702386,
      "parent": "lowerarm_l",
      "has_children": true,
      "is_end_bone": false
    },
    "index_01_l": {
      "name": "index_01_l",
      "local": {
        "location": {
          "x": 0.0,
          "y": 0.0,
          "z": 0.0
        },
        "rotation_quaternion": {
          "w": 0.9992958903312683,
          "x": -0.029909681528806686,
          "y": -0.021986262872815132,
          "z": -0.005465987138450146
        },
        "scale": {
          "x": 1.0,
          "y": 1.0,
          "z": 1.0
        },
        "matrix_basis": [
          [
            0.9989734292030334,
            0.012239481322467327,
            -0.04361459240317345,
            0.0
          ],
          [
            -0.009609072469174862,
            0.9981510639190674,
            0.06001759693026543,
            0.0
          ],
          [
            0.04426853731274605,
            -0.0595368891954422,
            0.9972440600395203,
            0.0
          ],
          [
            0.0,
            0.0,
            0.0,
            1.0
          ]
        ],
        "rotation_mode": "QUATERNION"
      },
      "armature_space": {
        "head": {
          "x": 0.5920328497886658,
          "y": -0.5203466415405273,
          "z": 0.4223331809043884
        },
        "tail": {
          "x": 0.6085324287414551,
          "y": -0.5436007976531982,
          "z": 0.4220566749572754
        }
      },
      "world_space": {
        "head": {
          "x": 0.5920328497886658,
          "y": -0.4571026563644409,
          "z": 1.3721871376037598
        },
        "tail": {
          "x": 0.6085324287414551,
          "y": -0.4803568124771118,
          "z": 1.3719106912612915
        },
        "rotation_quaternion": {
          "w": 0.1390485167503357,
          "x": 0.8396139740943909,
          "y": 0.2700046896934509,
          "z": -0.45034584403038025
        },
        "matrix": [
          [
            0.4485718309879303,
            0.5786402821540833,
            -0.681145191192627,
            0.5920328497886658
          ],
          [
            0.32815974950790405,
            -0.8155249953269958,
            -0.47668641805648804,
            -0.4571026563644409
          ],
          [
            -0.8313265442848206,
            -0.00969703495502472,
            -0.5557124018669128,
            1.3721871376037598
          ],
          [
            0.0,
            0.0,
            0.0,
            1.0
          ]
        ]
      },
      "bone_length_armature_space": 0.028514353510777544,
      "parent": "metacarpal_index_l",
      "has_children": true,
      "is_end_bone": false
    },
    "index_02_l": {
      "name": "index_02_l",
      "local": {
        "location": {
          "x": 0.0,
          "y": 0.0,
          "z": 0.0
        },
        "rotation_quaternion": {
          "w": 0.9872000813484192,
          "x": 0.15912887454032898,
          "y": -0.007608766667544842,
          "z": -0.007496602367609739
        },
        "scale": {
          "x": 1.0,
          "y": 1.0,
          "z": 1.0
        },
        "matrix_basis": [
          [
            0.9997718334197998,
            0.012379744090139866,
            -0.017408601939678192,
            0.0
          ],
          [
            -0.017222842201590538,
            0.9492436051368713,
            -0.3140699863433838,
            0.0
          ],
          [
            0.012636898085474968,
            0.314298152923584,
            0.9492402076721191,
            0.0
          ],
          [
            0.0,
            0.0,
            0.0,
            1.0
          ]
        ],
        "rotation_mode": "QUATERNION"
      },
      "armature_space": {
        "head": {
          "x": 0.6085323095321655,
          "y": -0.543601393699646,
          "z": 0.4220567047595978
        },
        "tail": {
          "x": 0.6181022524833679,
          "y": -0.5669323205947876,
          "z": 0.41734787821769714
        }
      },
      "world_space": {
        "head": {
          "x": 0.6085323095321655,
          "y": -0.48035740852355957,
          "z": 1.3719106912612915
        },
        "tail": {
          "x": 0.6181022524833679,
          "y": -0.5036883354187012,
          "z": 1.3672019243240356
        },
        "rotation_quaternion": {
          "w": 0.022461852058768272,
          "x": 0.826278567314148,
          "y": 0.21156232059001923,
          "z": -0.5215368270874023
        },
        "matrix": [
          [
            0.36648088693618774,
            0.37304964661598206,
            -0.8523647785186768,
            0.6085323095321655
          ],
          [
            0.3261895477771759,
            -0.9094730019569397,
            -0.25779643654823303,
            -0.48035740852355957
          ],
          [
            -0.8713796138763428,
            -0.18355709314346313,
            -0.4549929201602936,
            1.3719106912612915
          ],
          [
            0.0,
            0.0,
            0.0,
            1.0
          ]
        ]
      },
      "bone_length_armature_space": 0.025653245415606908,
      "parent": "index_01_l",
      "has_children": true,
      "is_end_bone": false
    },
    "index_03_l": {
      "name": "index_03_l",
      "local": {
        "location": {
          "x": 0.0,
          "y": 0.0,
          "z": 0.0
        },
        "rotation_quaternion": {
          "w": 0.9711230993270874,
          "x": 0.2384040802717209,
          "y": -0.00784534402191639,
          "z": 0.0046861423179507256
        },
        "scale": {
          "x": 1.0,
          "y": 1.0,
          "z": 1.0
        },
        "matrix_basis": [
          [
            0.9998329877853394,
            -0.012842366471886635,
            -0.013003198429942131,
            0.0
          ],
          [
            0.005360918119549751,
            0.8862830400466919,
            -0.4631129503250122,
            0.0
          ],
          [
            0.017471980303525925,
            0.46296587586402893,
            0.8862038850784302,
            0.0
          ],
          [
            0.0,
            0.0,
            0.0,
            1.0
          ]
        ],
        "rotation_mode": "QUATERNION"
      },
      "armature_space": {
        "head": {
          "x": 0.6181023716926575,
          "y": -0.5669322609901428,
          "z": 0.4173479378223419
        },
        "tail": {
          "x": 0.6148579716682434,
          "y": -0.5922816395759583,
          "z": 0.4031839370727539
        }
      },
      "world_space": {
        "head": {
          "x": 0.6181023716926575,
          "y": -0.5036882758140564,
          "z": 1.3672019243240356
        },
        "tail": {
          "x": 0.6148579716682434,
          "y": -0.5290376543998718,
          "z": 1.35303795337677
        },
        "rotation_quaternion": {
          "w": 0.23928146064281464,
          "x": -0.7965366244316101,
          "y": -0.09464673697948456,
          "z": 0.5470975041389465
        },
        "matrix": [
          [
            0.38345345854759216,
            -0.1110391914844513,
            -0.9168607592582703,
            0.6181023716926575
          ],
          [
            0.41259944438934326,
            -0.8675733804702759,
            0.2776290476322174,
            -0.5036882758140564
          ],
          [
            -0.8262773752212524,
            -0.48475831747055054,
            -0.2868611216545105,
            1.3672019243240356
          ],
          [
            0.0,
            0.0,
            0.0,
            1.0
          ]
        ]
      },
      "bone_length_armature_space": 0.029218761609058095,
      "parent": "index_02_l",
      "has_children": false,
      "is_end_bone": true
    },
    "metacarpal_pinky_l": {
      "name": "metacarpal_pinky_l",
      "local": {
        "location": {
          "x": 0.0,
          "y": 0.0,
          "z": 0.0
        },
        "rotation_quaternion": {
          "w": 0.9999169111251831,
          "x": 0.007047240622341633,
          "y": 0.007162450812757015,
          "z": 0.008078353479504585
        },
        "scale": {
          "x": 1.0,
          "y": 1.0,
          "z": 1.0
        },
        "matrix_basis": [
          [
            0.9997668862342834,
            -0.016054414212703705,
            0.014437571167945862,
            0.0
          ],
          [
            0.016256315633654594,
            0.9997701644897461,
            -0.013977588154375553,
            0.0
          ],
          [
            -0.014209851622581482,
            0.01420903205871582,
            0.999798059463501,
            0.0
          ],
          [
            0.0,
            0.0,
            0.0,
            1.0
          ]
        ],
        "rotation_mode": "QUATERNION"
      },
      "armature_space": {
        "head": {
          "x": 0.5636961460113525,
          "y": -0.4085576832294464,
          "z": 0.40160948038101196
        },
        "tail": {
          "x": 0.6400159001350403,
          "y": -0.47939783334732056,
          "z": 0.4011879861354828
        }
      },
      "world_space": {
        "head": {
          "x": 0.5636961460113525,
          "y": -0.3453136682510376,
          "z": 1.3514635562896729
        },
        "tail": {
          "x": 0.6400159001350403,
          "y": -0.41615384817123413,
          "z": 1.3510420322418213
        },
        "rotation_quaternion": {
          "w": 0.39960211515426636,
          "x": -0.0347912535071373,
          "y": -0.0129690608009696,
          "z": -0.9159365296363831
        },
        "matrix": [
          [
            -0.6782156229019165,
            0.7329224944114685,
            0.05336819961667061,
            0.5636961460113525
          ],
          [
            -0.731117844581604,
            -0.6802999973297119,
            0.051563508808612823,
            -0.3453136682510376
          ],
          [
            0.07409846782684326,
            -0.004047814756631851,
            0.9972497820854187,
            1.3514635562896729
          ],
          [
            0.0,
            0.0,
            0.0,
            1.0
          ]
        ]
      },
      "bone_length_armature_space": 0.10413073144580699,
      "parent": "lowerarm_l",
      "has_children": true,
      "is_end_bone": false
    },
    "pinky_01_l": {
      "name": "pinky_01_l",
      "local": {
        "location": {
          "x": 0.0,
          "y": 0.0,
          "z": 0.0
        },
        "rotation_quaternion": {
          "w": 0.9990482926368713,
          "x": 0.042932361364364624,
          "y": 0.00497076753526926,
          "z": -0.005884868558496237
        },
        "scale": {
          "x": 1.0,
          "y": 1.0,
          "z": 1.0
        },
        "matrix_basis": [
          [
            0.9998813271522522,
            0.012185349129140377,
            0.009426770731806755,
            0.0
          ],
          [
            -0.011331722140312195,
            0.9962443709373474,
            -0.08584150671958923,
            0.0
          ],
          [
            -0.010437375865876675,
            0.08572450280189514,
            0.9962642192840576,
            0.0
          ],
          [
            0.0,
            0.0,
            0.0,
            1.0
          ]
        ],
        "rotation_mode": "QUATERNION"
      },
      "armature_space": {
        "head": {
          "x": 0.6400159001350403,
          "y": -0.47939783334732056,
          "z": 0.4011879861354828
        },
