{
  "metadata": {
    "armature_name": "KIM_caucasian_male",
    "export_time": "2026-01-13T21:02:50.086288",
    "blender_version": "4.4.1",
    "bone_count": 56,
    "end_bone_count": 13,
    "spaces_included": [
      "LOCAL_CHANNELS",
      "ARMATURE_SPACE",
      "WORLD_SPACE"
    ],
    "note": "LOCAL matches Transform panel; replay pose via local.matrix_basis for best fidelity."
  },
  "bones": {
    "Root": {
      "name": "Root",
      "local": {
        "location": {
          "x": 0.0,
          "y": 0.0,
          "z": 0.0
        },
        "rotation_quaternion": {
          "w": 0.9998595118522644,
          "x": -0.015989910811185837,
          "y": -0.004692865535616875,
          "z": -0.0018587191589176655
        },
        "scale": {
          "x": 1.0,
          "y": 1.0,
          "z": 1.0
        },
        "matrix_basis": [
          [
            0.999949038028717,
            0.003866993123665452,
            -0.009324970655143261,
            0.0
          ],
          [
            -0.0035668390337377787,
            0.999481737613678,
            0.031992774456739426,
            0.0
          ],
          [
            0.009443853981792927,
            -0.03195788338780403,
            0.9994446039199829,
            0.0
          ],
          [
            0.0,
            0.0,
            0.0,
            1.0
          ]
        ],
        "rotation_mode": "QUATERNION"
      },
      "armature_space": {
        "head": {
          "x": 0.0,
          "y": 0.07072800397872925,
          "z": -0.009595036506652832
        },
        "tail": {
          "x": 0.0002760099887382239,
          "y": 0.0003432929515838623,
          "z": 0.0022553615272045135
        }
      },
      "world_space": {
        "head": {
          "x": 0.0,
          "y": 0.13397200405597687,
          "z": 0.9402589797973633
        },
        "tail": {
          "x": 0.0002760099887382239,
          "y": 0.06358729302883148,
          "z": 0.9521093964576721
        },
        "rotation_quaternion": {
          "w": 0.0833117738366127,
          "x": 0.9965107440948486,
          "y": 0.0015383480349555612,
          "z": -0.004807422868907452
        },
        "matrix": [
          [
            0.999949038028717,
            0.003866993123665452,
            -0.009324970655143261,
            0.0
          ],
          [
            0.0022649290040135384,
            -0.9861135482788086,
            -0.16605742275714874,
            0.13397200405597687
          ],
          [
            -0.009837688878178596,
            0.16602806746959686,
            -0.9860790967941284,
            0.9402589797973633
          ],
          [
            0.0,
            0.0,
            0.0,
            1.0
          ]
        ]
      },
      "bone_length_armature_space": 0.07137587526200978,
      "parent": null,
      "has_children": true,
      "is_end_bone": false
    },
    "spine_01": {
      "name": "spine_01",
      "local": {
        "location": {
          "x": 0.0,
          "y": 0.0,
          "z": 0.0
        },
        "rotation_quaternion": {
          "w": 0.9947690963745117,
          "x": 0.07611188292503357,
          "y": -0.031854160130023956,
          "z": 0.060223642736673355
        },
        "scale": {
          "x": 1.0,
          "y": 1.0,
          "z": 1.0
        },
        "matrix_basis": [
          [
            0.9907168745994568,
            -0.12466619908809662,
            -0.05420759692788124,
            0.0
          ],
          [
            0.11496827751398087,
            0.9811601638793945,
            -0.1552642434835434,
            0.0
          ],
          [
            0.07254254072904587,
            0.1475907564163208,
            0.9863845705986023,
            0.0
          ],
          [
            0.0,
            0.0,
            0.0,
            1.0
          ]
        ],
        "rotation_mode": "QUATERNION"
      },
      "armature_space": {
        "head": {
          "x": 0.0002760099887382239,
          "y": 0.0003432929515838623,
          "z": 0.0022553615272045135
        },
        "tail": {
          "x": -0.05572935566306114,
          "y": -0.033929575234651566,
          "z": 0.48582252860069275
        }
      },
      "world_space": {
        "head": {
          "x": 0.0002760099887382239,
          "y": 0.06358729302883148,
          "z": 0.9521093964576721
        },
        "tail": {
          "x": -0.05572935566306114,
          "y": 0.029314424842596054,
          "z": 1.4356765747070312
        },
        "rotation_quaternion": {
          "w": 0.6791701912879944,
          "x": 0.7312486171722412,
          "y": -0.06010046228766441,
          "z": 0.019779998809099197
        },
        "matrix": [
          [
            0.9919933676719666,
            -0.11476480215787888,
            -0.05270945280790329,
            0.0002760099887382239
          ],
          [
            -0.06102951988577843,
            -0.0702311098575592,
            -0.9956621527671814,
            0.06358729302883148
          ],
          [
            0.11056584864854813,
            0.9909138679504395,
            -0.07667426019906998,
            0.9521093964576721
          ],
          [
            0.0,
            0.0,
            0.0,
            1.0
          ]
        ]
      },
      "bone_length_armature_space": 0.4880045570568237,
      "parent": "Root",
      "has_children": true,
      "is_end_bone": false
    },
    "neck_01": {
      "name": "neck_01",
      "local": {
        "location": {
          "x": 0.0,
          "y": 0.0,
          "z": 0.0
        },
        "rotation_quaternion": {
          "w": 0.9966355562210083,
          "x": 0.00935336109250784,
          "y": -0.08126592636108398,
          "z": 0.005106722470372915
        },
        "scale": {
          "x": 1.0,
          "y": 1.0,
          "z": 1.0
        },
        "matrix_basis": [
          [
            0.9867395162582397,
            -0.011699301190674305,
            -0.16188949346542358,
            0.0
          ],
          [
            0.008658863604068756,
            0.999772846698761,
            -0.019473789259791374,
            0.0
          ],
          [
            0.1620805561542511,
            0.017813779413700104,
            0.9866167306900024,
            0.0
          ],
          [
            0.0,
            0.0,
            0.0,
            1.0
          ]
        ],
        "rotation_mode": "QUATERNION"
      },
      "armature_space": {
        "head": {
          "x": -0.06596024334430695,
          "y": -0.07360178977251053,
          "z": 0.5557166337966919
        },
        "tail": {
          "x": -0.08009634166955948,
          "y": -0.12058889120817184,
          "z": 0.6457339525222778
        }
      },
      "world_space": {
        "head": {
          "x": -0.06596024334430695,
          "y": -0.010357789695262909,
          "z": 1.505570650100708
        },
        "tail": {
          "x": -0.08009634166955948,
          "y": -0.057344891130924225,
          "z": 1.595587968826294
        },
        "rotation_quaternion": {
          "w": 0.5103123784065247,
          "x": 0.8531653881072998,
          "y": -0.10209532827138901,
          "z": -0.03559008613228798
        },
        "matrix": [
          [
            0.9766197204589844,
            -0.1378844529390335,
            -0.16492995619773865,
            -0.06596024334430695
          ],
          [
            -0.2105330526828766,
            -0.45831534266471863,
            -0.8634947538375854,
            -0.010357789695262909
          ],
          [
            0.04347270727157593,
            0.878034770488739,
            -0.47663313150405884,
            1.505570650100708
          ],
          [
            0.0,
            0.0,
            0.0,
            1.0
          ]
        ]
      },
      "bone_length_armature_space": 0.10252187242773969,
      "parent": "spine_01",
      "has_children": true,
      "is_end_bone": false
    },
    "head": {
      "name": "head",
      "local": {
        "location": {
          "x": 0.0,
          "y": 0.0,
          "z": 0.0
        },
        "rotation_quaternion": {
          "w": 0.993862509727478,
          "x": 0.059523068368434906,
          "y": 0.0848112404346466,
          "z": -0.03874934837222099
        },
        "scale": {
          "x": 1.0,
          "y": 1.0,
          "z": 1.0
        },
        "matrix_basis": [
          [
            0.9826110601425171,
            0.08711949735879898,
            0.16396845877170563,
            0.0
          ],
          [
            -0.06692659854888916,
            0.9899109601974487,
            -0.12488825619220734,
            0.0
          ],
          [
            -0.17319437861442566,
            0.11174273490905762,
            0.9785281419754028,
            0.0
          ],
          [
            0.0,
            0.0,
            0.0,
            1.0
          ]
        ],
        "rotation_mode": "QUATERNION"
      },
      "armature_space": {
        "head": {
          "x": -0.08009635657072067,
          "y": -0.1205889880657196,
          "z": 0.6457338333129883
        },
        "tail": {
          "x": -0.08116772025823593,
          "y": -0.15794740617275238,
          "z": 0.7962545156478882
        }
      },
      "world_space": {
        "head": {
          "x": -0.08009635657072067,
          "y": -0.057344987988471985,
          "z": 1.5955878496170044
        },
        "tail": {
          "x": -0.08116772025823593,
          "y": -0.09470340609550476,
          "z": 1.7461085319519043
        },
        "rotation_quaternion": {
          "w": 0.6159459948539734,
          "x": 0.7876035571098328,
          "y": -0.013015198521316051,
          "z": -0.011034744791686535
        },
        "matrix": [
          [
            0.999417781829834,
            -0.006908012554049492,
            -0.03341534733772278,
            -0.08009635657072067
          ],
          [
            -0.03409530222415924,
            -0.24088186025619507,
            -0.9699556231498718,
            -0.057344987988471985
          ],
          [
            -0.0013486966490745544,
            0.9705365300178528,
            -0.2409796416759491,
            1.5955878496170044
          ],
          [
            0.0,
            0.0,
            0.0,
            1.0
          ]
        ]
      },
      "bone_length_armature_space": 0.15509118388045806,
      "parent": "neck_01",
      "has_children": false,
      "is_end_bone": true
    },
    "upperarm_l": {
      "name": "upperarm_l",
      "local": {
        "location": {
          "x": 0.0,
          "y": 0.0,
          "z": 0.0
        },
        "rotation_quaternion": {
          "w": 0.9276009798049927,
          "x": -0.1537422388792038,
          "y": -0.03254294395446777,
          "z": -0.33891117572784424
        },
        "scale": {
          "x": 1.0,
          "y": 1.0,
          "z": 1.0
        },
        "matrix_basis": [
          [
            0.768160343170166,
            0.6387551426887512,
            0.043836191296577454,
            0.0
          ],
          [
            -0.6187422275543213,
            0.7230050563812256,
            0.3072812259197235,
            0.0
          ],
          [
            0.16458365321159363,
            -0.26316457986831665,
            0.9506085515022278,
            0.0
          ],
          [
            0.0,
            0.0,
            0.0,
            1.0
          ]
        ],
        "rotation_mode": "QUATERNION"
      },
      "armature_space": {
        "head": {
          "x": 0.09038376808166504,
          "y": -0.08121143281459808,
          "z": 0.5054599046707153
        },
        "tail": {
          "x": 0.30004656314849854,
          "y": 0.0013410300016403198,
          "z": 0.3604271411895752
        }
      },
      "world_space": {
        "head": {
          "x": 0.09038376808166504,
          "y": -0.017967432737350464,
          "z": 1.4553139209747314
        },
        "tail": {
          "x": 0.30004656314849854,
          "y": 0.06458503007888794,
          "z": 1.3102811574935913
        },
        "rotation_quaternion": {
          "w": 0.40449070930480957,
          "x": 0.25151899456977844,
          "y": 0.7002999782562256,
          "z": -0.5317005515098572
        },
        "matrix": [
          [
            -0.5462514758110046,
            0.782413125038147,
            0.29906386137008667,
            0.09038376808166504
          ],
          [
            -0.07785622775554657,
            0.308066725730896,
            -0.9481738209724426,
            -0.017967432737350464
          ],
          [
            -0.8340010046958923,
            -0.5412287712097168,
            -0.10736773908138275,
            1.4553139209747314
          ],
          [
            0.0,
            0.0,
            0.0,
            1.0
          ]
        ]
      },
      "bone_length_armature_space": 0.2679699635686726,
      "parent": "spine_01",
      "has_children": true,
      "is_end_bone": false
    },
    "lowerarm_l": {
      "name": "lowerarm_l",
      "local": {
        "location": {
          "x": 0.0,
          "y": 0.0,
          "z": 0.0
        },
        "rotation_quaternion": {
          "w": 0.9804847240447998,
          "x": 0.15765511989593506,
          "y": -0.06355521082878113,
          "z": 0.09876887500286102
        },
        "scale": {
          "x": 1.0,
          "y": 1.0,
          "z": 1.0
        },
        "matrix_basis": [
          [
            0.9724109172821045,
            -0.2137223482131958,
            -0.09348698705434799,
            0.0
          ],
          [
            0.17364314198493958,
            0.9307791590690613,
            -0.3217114210128784,
            0.0
          ],
          [
            0.15577267110347748,
            0.2966023087501526,
            0.9422112107276917,
            0.0
          ],
          [
            0.0,
            0.0,
            0.0,
            1.0
          ]
        ],
        "rotation_mode": "QUATERNION"
      },
      "armature_space": {
        "head": {
          "x": 0.3000467121601105,
          "y": 0.001341022551059723,
          "z": 0.36042720079421997
        },
        "tail": {
          "x": 0.5588300824165344,
          "y": -0.013445968739688396,
          "z": 0.2942311763763428
        }
      },
      "world_space": {
        "head": {
          "x": 0.3000467121601105,
          "y": 0.06458502262830734,
          "z": 1.3102812767028809
        },
        "tail": {
          "x": 0.5588300824165344,
          "y": 0.04979803040623665,
          "z": 1.2440851926803589
        },
        "rotation_quaternion": {
          "w": 0.5005545020103455,
          "x": 0.35112881660461426,
          "y": 0.47096526622772217,
          "z": -0.6358817219734192
        },
        "matrix": [
          [
            -0.25230664014816284,
            0.9673259854316711,
            0.024935543537139893,
            0.3000467121601105
          ],
          [
            -0.3058498501777649,
            -0.05527341365814209,
            -0.9504741430282593,
            0.06458502262830734
          ],
          [
            -0.9180465936660767,
            -0.24743911623954773,
            0.3098036050796509,
            1.3102812767028809
          ],
          [
            0.0,
            0.0,
            0.0,
            1.0
          ]
        ]
      },
      "bone_length_armature_space": 0.26752458708643045,
      "parent": "upperarm_l",
      "has_children": true,
      "is_end_bone": false
    },
    "metacarpal_thumb_l": {
      "name": "metacarpal_thumb_l",
      "local": {
        "location": {
          "x": 0.0,
          "y": 0.0,
          "z": 0.0
        },
        "rotation_quaternion": {
          "w": 0.999152421951294,
          "x": -0.03620895743370056,
          "y": -0.010998103767633438,
          "z": -0.016201045364141464
        },
        "scale": {
          "x": 1.0,
          "y": 1.0,
          "z": 1.0
        },
        "matrix_basis": [
          [
            0.9992331266403198,
            0.03317108750343323,
            -0.02080431766808033,
            0.0
          ],
          [
            -0.03157816827297211,
            0.9968528747558594,
            0.07271289825439453,
            0.0
          ],
          [
            0.023150809109210968,
            -0.0720001757144928,
            0.9971358776092529,
            0.0
          ],
          [
            0.0,
            0.0,
            0.0,
            1.0
          ]
        ],
        "rotation_mode": "QUATERNION"
      },
      "armature_space": {
        "head": {
          "x": 0.5588300824165344,
          "y": -0.013445968739688396,
          "z": 0.2942311763763428
        },
        "tail": {
          "x": 0.5973268747329712,
          "y": -0.04391908645629883,
          "z": 0.28767603635787964
        }
      },
      "world_space": {
        "head": {
          "x": 0.5588300824165344,
          "y": 0.04979803040623665,
          "z": 1.2440851926803589
        },
        "tail": {
          "x": 0.5973268747329712,
          "y": 0.01932491362094879,
          "z": 1.237529993057251
        },
        "rotation_quaternion": {
          "w": 0.04910750687122345,
          "x": 0.8634561896324158,
          "y": 0.4358762502670288,
          "z": -0.24908597767353058
        },
        "matrix": [
          [
            0.4959355592727661,
            0.7771846652030945,
            -0.38733920454978943,
            0.5588300824165344
          ],
          [
            0.7282560467720032,
            -0.6152001023292542,
            -0.30194738507270813,
            0.04979803040623665
          ],
          [
            -0.47296255826950073,
            -0.1323370486497879,
            -0.8710953593254089,
            1.2440851926803589
          ],
          [
            0.0,
            0.0,
            0.0,
            1.0
          ]
        ]
      },
      "bone_length_armature_space": 0.04953366262309434,
      "parent": "lowerarm_l",
      "has_children": true,
      "is_end_bone": false
    },
    "thumb_01_l": {
      "name": "thumb_01_l",
      "local": {
        "location": {
          "x": 0.0,
          "y": 0.0,
          "z": 0.0
        },
        "rotation_quaternion": {
          "w": 0.9610070586204529,
          "x": 0.27562248706817627,
          "y": 0.022311678156256676,
          "z": 3.948039375245571e-05
        },
        "scale": {
          "x": 1.0,
          "y": 1.0,
          "z": 1.0
        },
        "matrix_basis": [
          [
            0.9990043640136719,
            0.012223318219184875,
            0.04290512204170227,
            0.0
          ],
          [
            0.01237508188933134,
            0.8480644822120667,
            -0.5297485589981079,
            0.0
          ],
          [
            -0.04286159574985504,
            0.5297520756721497,
            0.8470688462257385,
            0.0
          ],
          [
            0.0,
            0.0,
            0.0,
            1.0
          ]
        ],
        "rotation_mode": "QUATERNION"
      },
      "armature_space": {
        "head": {
          "x": 0.5973268747329712,
          "y": -0.04391908645629883,
          "z": 0.28767603635787964
        },
        "tail": {
          "x": 0.61189866065979,
          "y": -0.05312695354223251,
          "z": 0.25832444429397583
        }
      },
      "world_space": {
        "head": {
          "x": 0.5973268747329712,
          "y": 0.01932491362094879,
          "z": 1.237529993057251
        },
        "tail": {
          "x": 0.61189866065979,
          "y": 0.010117046535015106,
          "z": 1.2081785202026367
        },
        "rotation_quaternion": {
          "w": 0.6023199558258057,
          "x": -0.7379247546195984,
          "y": -0.044216129928827286,
          "z": -0.30120205879211426
        },
        "matrix": [
          [
            0.8146452903747559,
            0.4280959367752075,
            0.391262948513031,
            0.5973268747329712
          ],
          [
            -0.297581285238266,
            -0.2705126404762268,
            0.9155701398849487,
            0.01932491362094879
          ],
          [
            0.49779656529426575,
            -0.8623035550117493,
            -0.09297838807106018,
            1.237529993057251
          ],
          [
            0.0,
            0.0,
            0.0,
            1.0
          ]
        ]
      },
      "bone_length_armature_space": 0.03403876750341927,
      "parent": "metacarpal_thumb_l",
      "has_children": true,
      "is_end_bone": false
    },
    "thumb_02_l": {
      "name": "thumb_02_l",
      "local": {
        "location": {
          "x": 0.0,
          "y": 0.0,
          "z": 0.0
        },
        "rotation_quaternion": {
          "w": 0.8958816528320312,
          "x": 0.44419559836387634,
          "y": 0.0061532435938715935,
          "z": 0.0069722081534564495
        },
        "scale": {
          "x": 1.0,
          "y": 1.0,
          "z": 1.0
        },
        "matrix_basis": [
          [
            0.9998270273208618,
            -0.007026059087365866,
            0.01721920445561409,
            0.0
          ],
          [
            0.01795903407037258,
            0.6052833199501038,
            -0.7958076000213623,
            0.0
          ],
          [
            -0.004831107798963785,
            0.7959792017936707,
            0.6053048372268677,
            0.0
          ],
          [
            0.0,
            0.0,
            0.0,
            1.0
          ]
        ],
        "rotation_mode": "QUATERNION"
      },
      "armature_space": {
        "head": {
          "x": 0.6118986010551453,
          "y": -0.0531269796192646,
          "z": 0.25832444429397583
        },
        "tail": {
          "x": 0.6356054544448853,
          "y": -0.03011222369968891,
          "z": 0.2811606526374817
        }
      },
      "world_space": {
        "head": {
          "x": 0.6118986010551453,
          "y": 0.010117020457983017,
          "z": 1.2081785202026367
        },
        "tail": {
          "x": 0.6356054544448853,
          "y": 0.03313177824020386,
          "z": 1.2310147285461426
        },
        "rotation_quaternion": {
          "w": 0.7942311763763428,
          "x": 0.1390106976032257,
          "y": -0.39459359645843506,
          "z": -0.4406459629535675
        },
        "matrix": [
          [
            0.30025264620780945,
            0.59024578332901,
            -0.7493051290512085,
            0.6118986010551453
          ],
          [
            -0.8096552491188049,
            0.5730137825012207,
            0.1269412785768509,
            0.010117020457983017
          ],
          [
            0.5042914152145386,
            0.5685687065124512,
            0.6499489545822144,
            1.2081785202026367
          ],
          [
            0.0,
            0.0,
            0.0,
            1.0
          ]
        ]
      },
      "bone_length_armature_space": 0.04016449009854695,
      "parent": "thumb_01_l",
      "has_children": true,
      "is_end_bone": false
    },
    "thumb_03_l": {
      "name": "thumb_03_l",
      "local": {
        "location": {
          "x": 0.0,
          "y": 0.0,
          "z": 0.0
        },
        "rotation_quaternion": {
          "w": 0.9911205768585205,
          "x": 0.13284358382225037,
          "y": -0.005540621932595968,
          "z": -0.0014517452800646424
        },
        "scale": {
          "x": 1.0,
          "y": 1.0,
          "z": 1.0
        },
        "matrix_basis": [
          [
            0.9999343752861023,
            0.0014056371292099357,
            -0.01136855874210596,
            0.0
          ],
          [
            -0.004349781200289726,
            0.9647009372711182,
            -0.2633119225502014,
            0.0
          ],
          [
            0.010597138665616512,
            0.2633441090583801,
            0.9646437764167786,
            0.0
          ],
          [
            0.0,
            0.0,
            0.0,
            1.0
          ]
        ],
        "rotation_mode": "QUATERNION"
      },
      "armature_space": {
        "head": {
          "x": 0.63560551404953,
          "y": -0.03011230006814003,
          "z": 0.2811606526374817
        },
        "tail": {
          "x": 0.639310359954834,
          "y": -0.011794758960604668,
          "z": 0.30519482493400574
        }
      },
      "world_space": {
        "head": {
          "x": 0.63560551404953,
          "y": 0.03313170000910759,
          "z": 1.2310147285461426
        },
        "tail": {
          "x": 0.639310359954834,
          "y": 0.0514492392539978,
          "z": 1.2550488710403442
        },
        "rotation_quaternion": {
          "w": 0.8278522491455078,
          "x": 0.3822121322154999,
          "y": -0.339840292930603,
          "z": -0.23039767146110535
        },
        "matrix": [
          [
            0.6628510355949402,
            0.12168951332569122,
            -0.7387964725494385,
            0.63560551404953
          ],
          [
            -0.6412526965141296,
            0.6016623377799988,
            -0.47623300552368164,
            0.03313170000910759
          ],
          [
            0.3865554630756378,
            0.7894325256347656,
            0.4768490791320801,
            1.2310147285461426
          ],
          [
            0.0,
            0.0,
            0.0,
            1.0
          ]
        ]
      },
      "bone_length_armature_space": 0.030445025866590262,
      "parent": "thumb_02_l",
      "has_children": false,
      "is_end_bone": true
    },
    "metacarpal_index_l": {
      "name": "metacarpal_index_l",
      "local": {
        "location": {
          "x": 0.0,
          "y": 0.0,
          "z": 0.0
        },
        "rotation_quaternion": {
          "w": 0.9995414018630981,
          "x": -0.024121472612023354,
          "y": -0.009740687906742096,
          "z": 0.015502129681408405
        },
        "scale": {
          "x": 1.0,
          "y": 1.0,
          "z": 1.0
        },
        "matrix_basis": [
          [
            0.9993296265602112,
            -0.0305201206356287,
            -0.020220309495925903,
            0.0
          ],
          [
            0.03145996108651161,
            0.9983556866645813,
            0.04791881889104843,
            0.0
          ],
          [
            0.018724573776125908,
            -0.04852282255887985,
            0.9986465573310852,
            0.0
          ],
          [
            0.0,
            0.0,
            0.0,
            1.0
          ]
        ],
        "rotation_mode": "QUATERNION"
      },
      "armature_space": {
        "head": {
          "x": 0.5588300824165344,
          "y": -0.013445968739688396,
          "z": 0.2942311763763428
        },
        "tail": {
          "x": 0.6679566502571106,
          "y": -0.053021784871816635,
          "z": 0.27828219532966614
        }
      },
      "world_space": {
        "head": {
          "x": 0.5588300824165344,
          "y": 0.04979803040623665,
          "z": 1.2440851926803589
        },
        "tail": {
          "x": 0.6679566502571106,
          "y": 0.010222215205430984,
          "z": 1.2281361818313599
        },
        "rotation_quaternion": {
          "w": 0.2326141595840454,
          "x": 0.6923741102218628,
          "y": 0.5263171792030334,
          "z": -0.4353148937225342
        },
        "matrix": [
          [
            0.0669807717204094,
            0.9313386082649231,
            -0.35794129967689514,
            0.5588300824165344
          ],
          [
            0.5262954831123352,
            -0.3377590775489807,
            -0.7803412079811096,
            0.04979803040623665
          ],
          [
            -0.847665011882782,
            -0.1361161768436432,
            -0.512786865234375,
            1.2440851926803589
          ],
          [
            0.0,
            0.0,
            0.0,
            1.0
          ]
        ]
      },
      "bone_length_armature_space": 0.11717176567683574,
      "parent": "lowerarm_l",
      "has_children": true,
      "is_end_bone": false
    },
    "index_01_l": {
      "name": "index_01_l",
      "local": {
        "location": {
          "x": 0.0,
          "y": 0.0,
          "z": 0.0
        },
        "rotation_quaternion": {
          "w": 0.9538438320159912,
          "x": 0.29949817061424255,
          "y": -0.014839166775345802,
          "z": -0.016208773478865623
        },
        "scale": {
          "x": 1.0,
          "y": 1.0,
          "z": 1.0
        },
        "matrix_basis": [
          [
            0.9990341663360596,
            0.02203267067670822,
            -0.03801749274134636,
            0.0
          ],
          [
            -0.03980988264083862,
            0.8200762271881104,
            -0.5708678960800171,
            0.0
          ],
          [
            0.0185994990170002,
            0.5718300342559814,
            0.8201612830162048,
            0.0
          ],
          [
            0.0,
            0.0,
            0.0,
            1.0
          ]
        ],
        "rotation_mode": "QUATERNION"
      },
      "armature_space": {
        "head": {
          "x": 0.6679566502571106,
          "y": -0.053021784871816635,
          "z": 0.27828219532966614
        },
        "tail": {
          "x": 0.6858069896697998,
          "y": -0.06610517203807831,
          "z": 0.2603026330471039
        }
      },
      "world_space": {
        "head": {
          "x": 0.6679566502571106,
          "y": 0.010222215205430984,
          "z": 1.2281361818313599
        },
        "tail": {
          "x": 0.6858069896697998,
          "y": -0.0028611719608306885,
          "z": 1.2101566791534424
        },
        "rotation_quaternion": {
          "w": 0.008446188643574715,
          "x": 0.5918103456497192,
          "y": 0.5201053619384766,
          "z": -0.6157756447792053
        },
        "matrix": [
          [
            -0.299380362033844,
            0.6260119676589966,
            -0.7200557589530945,
            0.6679566502571106
          ],
          [
            0.605205237865448,
            -0.45883485674858093,
            -0.6505366563796997,
            0.010222215205430984
          ],
          [
            -0.7376348972320557,
            -0.6305439472198486,
            -0.24150189757347107,
            1.2281361818313599
          ],
          [
            0.0,
            0.0,
            0.0,
            1.0
          ]
        ]
      },
      "bone_length_armature_space": 0.028514457623219466,
      "parent": "metacarpal_index_l",
      "has_children": true,
      "is_end_bone": false
    },
    "index_02_l": {
      "name": "index_02_l",
      "local": {
        "location": {
          "x": 0.0,
          "y": 0.0,
          "z": 0.0
        },
        "rotation_quaternion": {
          "w": 0.9007490277290344,
          "x": 0.4341789186000824,
          "y": 0.011058571748435497,
          "z": 0.004192563239485025
        },
        "scale": {
          "x": 1.0,
          "y": 1.0,
          "z": 1.0
        },
        "matrix_basis": [
          [
            0.9997202754020691,
            0.00204990291967988,
            0.023562639951705933,
            0.0
          ],
          [
            0.017155691981315613,
            0.6229421496391296,
            -0.7820797562599182,
            0.0
          ],
          [
            -0.01628134958446026,
            0.7822651863098145,
            0.6227327585220337,
            0.0
          ],
          [
            0.0,
            0.0,
            0.0,
            1.0
          ]
        ],
        "rotation_mode": "QUATERNION"
      },
      "armature_space": {
        "head": {
          "x": 0.6858070492744446,
          "y": -0.06610569357872009,
          "z": 0.26030248403549194
        },
        "tail": {
          "x": 0.6824687719345093,
          "y": -0.08688253164291382,
          "z": 0.24563032388687134
        }
      },
      "world_space": {
        "head": {
          "x": 0.6858070492744446,
          "y": -0.002861693501472473,
          "z": 1.2101564407348633
        },
        "tail": {
          "x": 0.6824687719345093,
          "y": -0.0236385315656662,
          "z": 1.1954843997955322
        },
        "rotation_quaternion": {
          "w": 0.2237800657749176,
          "x": -0.5281364321708679,
          "y": -0.2120557576417923,
          "z": 0.7912185788154602
        },
        "matrix": [
          [
            -0.3419891595840454,
            -0.13013169169425964,
            -0.9306497573852539,
            0.6858070492744446
          ],
          [
            0.5781067609786987,
            -0.8099101781845093,
            -0.09919017553329468,
            -0.002861693501472473
          ],
          [
            -0.7408394813537598,
            -0.5719414949417114,
            0.3522126078605652,
            1.2101564407348633
          ],
          [
            0.0,
            0.0,
            0.0,
            1.0
          ]
        ]
      },
      "bone_length_armature_space": 0.025653330982238588,
      "parent": "index_01_l",
      "has_children": true,
      "is_end_bone": false
    },
    "index_03_l": {
      "name": "index_03_l",
      "local": {
        "location": {
          "x": 0.0,
          "y": 0.0,
          "z": 0.0
        },
        "rotation_quaternion": {
          "w": 0.9213598966598511,
          "x": 0.3887019753456116,
          "y": -0.0002475440560374409,
          "z": 0.002589629264548421
        },
        "scale": {
          "x": 1.0,
          "y": 1.0,
          "z": 1.0
        },
        "matrix_basis": [
          [
            0.999986469745636,
            -0.004964402876794338,
            0.0015570337418466806,
            0.0
          ],
          [
            0.004579519387334585,
            0.6978081464767456,
            -0.7162700891494751,
            0.0
          ],
          [
            0.0024693424347788095,
            0.7162675261497498,
            0.6978214383125305,
            0.0
          ],
          [
            0.0,
            0.0,
            0.0,
            1.0
          ]
        ],
        "rotation_mode": "QUATERNION"
      },
      "armature_space": {
        "head": {
          "x": 0.6824688911437988,
          "y": -0.08688252419233322,
          "z": 0.24563027918338776
        },
        "tail": {
          "x": 0.6580015420913696,
          "y": -0.10211794078350067,
          "z": 0.24083837866783142
        }
      },
      "world_space": {
        "head": {
          "x": 0.6824688911437988,
          "y": -0.023638524115085602,
          "z": 1.1954842805862427
        },
        "tail": {
          "x": 0.6580015420913696,
          "y": -0.03887394070625305,
          "z": 1.19069242477417
        },
        "rotation_quaternion": {
          "w": 0.4728865921497345,
          "x": -0.38104498386383057,
          "y": 0.1251554936170578,
          "z": 0.7845503091812134
        },
        "matrix": [
          [
            -0.2623647451400757,
            -0.8373876214027405,
            -0.4795272648334503,
            0.6824688911437988
          ],
          [
            0.6466267704963684,
            -0.5214270949363708,
            0.5567659139633179,
            -0.023638524115085602
          ],
          [
            -0.716271698474884,
            -0.1640011966228485,
            0.6782863140106201,
            1.1954842805862427
          ],
          [
            0.0,
            0.0,
            0.0,
            1.0
          ]
        ]
      },
      "bone_length_armature_space": 0.029218682608424716,
      "parent": "index_02_l",
      "has_children": false,
      "is_end_bone": true
    },
    "metacarpal_pinky_l": {
      "name": "metacarpal_pinky_l",
      "local": {
        "location": {
          "x": 0.0,
          "y": 0.0,
          "z": 0.0
        },
        "rotation_quaternion": {
          "w": 0.9983432292938232,
          "x": -0.05213119089603424,
          "y": 0.01820327155292034,
          "z": 0.01618081144988537
        },
        "scale": {
          "x": 1.0,
          "y": 1.0,
          "z": 1.0
        },
        "matrix_basis": [
          [
            0.9988136291503906,
            -0.03420592471957207,
            0.03465917706489563,
            0.0
          ],
          [
            0.03041009046137333,
            0.9940410256385803,
            0.10467872768640518,
            0.0
          ],
          [
            -0.03803327679634094,
            -0.10350055247545242,
            0.9939019680023193,
            0.0
          ],
          [
            0.0,
            0.0,
            0.0,
            1.0
          ]
        ],
        "rotation_mode": "QUATERNION"
      },
      "armature_space": {
        "head": {
          "x": 0.5588300824165344,
          "y": -0.013445968739688396,
          "z": 0.2942311763763428
        },
        "tail": {
          "x": 0.6488726139068604,
          "y": 0.013750321231782436,
          "z": 0.24955521523952484
        }
      },
      "world_space": {
        "head": {
          "x": 0.5588300824165344,
          "y": 0.04979803040623665,
          "z": 1.2440851926803589
        },
        "tail": {
          "x": 0.6488726139068604,
          "y": 0.07699432224035263,
          "z": 1.1994092464447021
        },
        "rotation_quaternion": {
          "w": 0.7766233682632446,
          "x": -0.15061381459236145,
          "y": 0.16566111147403717,
          "z": -0.5888361930847168
        },
        "matrix": [
          [
            0.251655638217926,
            0.8647065162658691,
            0.43468621373176575,
            0.5588300824165344
          ],
          [
            -0.9645099639892578,
            0.26117441058158875,
            0.0388442799448967,
            0.04979803040623665
          ],
          [
            -0.07994131743907928,
            -0.42903709411621094,
            0.8997502326965332,
            1.2440851926803589
          ],
          [
            0.0,
            0.0,
            0.0,
            1.0
          ]
        ]
      },
      "bone_length_armature_space": 0.10413086528638536,
      "parent": "lowerarm_l",
      "has_children": true,
      "is_end_bone": false
    },
    "pinky_01_l": {
      "name": "pinky_01_l",
      "local": {
        "location": {
          "x": 0.0,
          "y": 0.0,
          "z": 0.0
        },
        "rotation_quaternion": {
          "w": 0.9512264728546143,
          "x": 0.3074955642223358,
          "y": 0.015036428347229958,
          "z": 0.01971178874373436
        },
        "scale": {
          "x": 1.0,
          "y": 1.0,
          "z": 1.0
        },
        "matrix_basis": [
          [
            0.9987707138061523,
            -0.028253480792045593,
            0.040728673338890076,
            0.0
          ],
          [
            0.04674801975488663,
            0.8101158738136292,
            -0.5844030380249023,
            0.0
          ],
          [
            -0.016483522951602936,
            0.5855886340141296,
            0.8104407787322998,
            0.0
          ],
          [
            0.0,
            0.0,
            0.0,
            1.0
          ]
        ],
        "rotation_mode": "QUATERNION"
      },
      "armature_space": {
        "head": {
          "x": 0.6488726139068604,
          "y": 0.013750321231782436,
          "z": 0.24955521523952484
        },
        "tail": {
