{
  "metadata": {
    "armature_name": "KIM_caucasian_male",
    "export_time": "2026-01-13T20:55:27.547116",
    "blender_version": "4.4.1",
    "bone_count": 56,
    "end_bone_count": 13,
    "spaces_included": [
      "LOCAL_CHANNELS",
      "ARMATURE_SPACE",
      "WORLD_SPACE"
    ],
    "note": "LOCAL matches Transform panel; replay pose via local.matrix_basis for best fidelity."
  },
  "bones": {
    "Root": {
      "name": "Root",
      "local": {
        "location": {
          "x": 0.0,
          "y": 0.0,
          "z": 0.0
        },
        "rotation_quaternion": {
          "w": 0.9999253749847412,
          "x": 0.0030485105235129595,
          "y": -0.011811546981334686,
          "z": -0.0007158112712204456
        },
        "scale": {
          "x": 1.0,
          "y": 1.0,
          "z": 1.0
        },
        "matrix_basis": [
          [
            0.9997199773788452,
            0.0013595004566013813,
            -0.023625696077942848,
            0.0
          ],
          [
            -0.0015035310061648488,
            0.9999803900718689,
            -0.006079656537622213,
            0.0
          ],
          [
            0.023616965860128403,
            0.006113475654274225,
            0.9997023940086365,
            0.0
          ],
          [
            0.0,
            0.0,
            0.0,
            1.0
          ]
        ],
        "rotation_mode": "QUATERNION"
      },
      "armature_space": {
        "head": {
          "x": 0.0,
          "y": 0.07072800397872925,
          "z": -0.009595036506652832
        },
        "tail": {
          "x": 9.70355249592103e-05,
          "y": -5.727261304855347e-05,
          "z": -0.00043258536607027054
        }
      },
      "world_space": {
        "head": {
          "x": 0.0,
          "y": 0.13397200405597687,
          "z": 0.9402589797973633
        },
        "tail": {
          "x": 9.70355249592103e-05,
          "y": 0.06318672746419907,
          "z": 0.9494214057922363
        },
        "rotation_quaternion": {
          "w": 0.06432104855775833,
          "x": 0.9978591203689575,
          "y": -8.153384987963364e-05,
          "z": -0.011832937598228455
        },
        "matrix": [
          [
            0.9997199773788452,
            0.0013595004566013813,
            -0.023625696077942848,
            0.0
          ],
          [
            -0.0016849376261234283,
            -0.9917255640029907,
            -0.12836521863937378,
            0.13397200405597687
          ],
          [
            -0.02360488474369049,
            0.1283690333366394,
            -0.9914525747299194,
            0.9402589797973633
          ],
          [
            0.0,
            0.0,
            0.0,
            1.0
          ]
        ]
      },
      "bone_length_armature_space": 0.07137587423257538,
      "parent": null,
      "has_children": true,
      "is_end_bone": false
    },
    "spine_01": {
      "name": "spine_01",
      "local": {
        "location": {
          "x": 0.0,
          "y": 0.0,
          "z": 0.0
        },
        "rotation_quaternion": {
          "w": 0.9919451475143433,
          "x": 0.11008897423744202,
          "y": -0.05529945716261864,
          "z": 0.02944948337972164
        },
        "scale": {
          "x": 1.0,
          "y": 1.0,
          "z": 1.0
        },
        "matrix_basis": [
          [
            0.9921494126319885,
            -0.07060026377439499,
            -0.10322392731904984,
            0.0
          ],
          [
            0.046248823404312134,
            0.9740262627601624,
            -0.2216615229845047,
            0.0
          ],
          [
            0.11619218438863754,
            0.21514736115932465,
            0.9696447849273682,
            0.0
          ],
          [
            0.0,
            0.0,
            0.0,
            1.0
          ]
        ],
        "rotation_mode": "QUATERNION"
      },
      "armature_space": {
        "head": {
          "x": 9.70355249592103e-05,
          "y": -5.727261304855347e-05,
          "z": -0.00043258536607027054
        },
        "tail": {
          "x": -0.02317913807928562,
          "y": -0.08559371531009674,
          "z": 0.479452908039093
        }
      },
      "world_space": {
        "head": {
          "x": 9.70355249592103e-05,
          "y": 0.06318672746419907,
          "z": 0.9494214057922363
        },
        "tail": {
          "x": -0.02317913807928562,
          "y": -0.02234971523284912,
          "z": 1.429306983947754
        },
        "rotation_quaternion": {
          "w": 0.6399301886558533,
          "x": 0.7661136388778687,
          "y": -0.05338161438703537,
          "z": -0.026640314608812332
        },
        "matrix": [
          [
            0.9928814172744751,
            -0.04769695922732353,
            -0.10914024710655212,
            9.70355249592103e-05
          ],
          [
            -0.11588887870311737,
            -0.1752791553735733,
            -0.9776743650436401,
            0.06318672746419907
          ],
          [
            0.027502166107296944,
            0.9833694100379944,
            -0.1795610934495926,
            0.9494214057922363
          ],
          [
            0.0,
            0.0,
            0.0,
            1.0
          ]
        ]
      },
      "bone_length_armature_space": 0.48800445549255,
      "parent": "Root",
      "has_children": true,
      "is_end_bone": false
    },
    "neck_01": {
      "name": "neck_01",
      "local": {
        "location": {
          "x": 0.0,
          "y": 0.0,
          "z": 0.0
        },
        "rotation_quaternion": {
          "w": 0.9966471195220947,
          "x": -0.015738241374492645,
          "y": -0.052564702928066254,
          "z": -0.06069464609026909
        },
        "scale": {
          "x": 1.0,
          "y": 1.0,
          "z": 1.0
        },
        "matrix_basis": [
          [
            0.987106204032898,
            0.1226368397474289,
            -0.10286646336317062,
            0.0
          ],
          [
            -0.11932773888111115,
            0.9921369552612305,
            0.03775173798203468,
            0.0
          ],
          [
            0.10668737441301346,
            -0.024990154430270195,
            0.9939785003662109,
            0.0
          ],
          [
            0.0,
            0.0,
            0.0,
            1.0
          ]
        ],
        "rotation_mode": "QUATERNION"
      },
      "armature_space": {
        "head": {
          "x": -0.03045646846294403,
          "y": -0.13233356177806854,
          "z": 0.5452263951301575
        },
        "tail": {
          "x": -0.026463385671377182,
          "y": -0.18593397736549377,
          "z": 0.6325291395187378
        }
      },
      "world_space": {
        "head": {
          "x": -0.03045646846294403,
          "y": -0.06908956170082092,
          "z": 1.4950804710388184
        },
        "tail": {
          "x": -0.026463385671377182,
          "y": -0.12268997728824615,
          "z": 1.582383155822754
        },
        "rotation_quaternion": {
          "w": 0.4875606298446655,
          "x": 0.8676677942276001,
          "y": -0.029555941000580788,
          "z": -0.09254062175750732
        },
        "matrix": [
          [
            0.9811254739761353,
            0.03894880414009094,
            -0.1894093155860901,
            -0.03045646846294403
          ],
          [
            -0.14152759313583374,
            -0.5228220224380493,
            -0.8406113386154175,
            -0.06908956170082092
          ],
          [
            -0.13176919519901276,
            0.8515571355819702,
            -0.5074458718299866,
            1.4950804710388184
          ],
          [
            0.0,
            0.0,
            0.0,
            1.0
          ]
        ]
      },
      "bone_length_armature_space": 0.10252179614403881,
      "parent": "spine_01",
      "has_children": true,
      "is_end_bone": false
    },
    "head": {
      "name": "head",
      "local": {
        "location": {
          "x": 0.0,
          "y": 0.0,
          "z": 0.0
        },
        "rotation_quaternion": {
          "w": 0.9873353838920593,
          "x": -0.009411896578967571,
          "y": -0.09506869316101074,
          "z": -0.1266581267118454
        },
        "scale": {
          "x": 1.0,
          "y": 1.0,
          "z": 1.0
        },
        "matrix_basis": [
          [
            0.9498393535614014,
            0.2518976628780365,
            -0.18534518778324127,
            0.0
          ],
          [
            -0.24831855297088623,
            0.9677382707595825,
            0.04266784340143204,
            0.0
          ],
          [
            0.19011355936527252,
            0.005497048143297434,
            0.9817467331886292,
            0.0
          ],
          [
            0.0,
            0.0,
            0.0,
            1.0
          ]
        ],
        "rotation_mode": "QUATERNION"
      },
      "armature_space": {
        "head": {
          "x": -0.02646341733634472,
          "y": -0.18593406677246094,
          "z": 0.6325290203094482
        },
        "tail": {
          "x": 0.027342507615685463,
          "y": -0.21995103359222412,
          "z": 0.7739539742469788
        }
      },
      "world_space": {
        "head": {
          "x": -0.02646341733634472,
          "y": -0.12269006669521332,
          "z": 1.5823830366134644
        },
        "tail": {
          "x": 0.027342507615685463,
          "y": -0.1567070335149765,
          "z": 1.7238080501556396
        },
        "rotation_quaternion": {
          "w": 0.6243133544921875,
          "x": 0.7398120164871216,
          "y": 0.02376304194331169,
          "z": -0.24969260394573212
        },
        "matrix": [
          [
            0.8741786479949951,
            0.3469330668449402,
            -0.3397783041000366,
            -0.02646341733634472
          ],
          [
            -0.2766106128692627,
            -0.21933668851852417,
            -0.9356166124343872,
            -0.12269006669521332
          ],
          [
            -0.3991250991821289,
            0.9118883013725281,
            -0.0957755297422409,
            1.5823830366134644
          ],
          [
            0.0,
            0.0,
            0.0,
            1.0
          ]
        ]
      },
      "bone_length_armature_space": 0.15509110179951793,
      "parent": "neck_01",
      "has_children": false,
      "is_end_bone": true
    },
    "upperarm_l": {
      "name": "upperarm_l",
      "local": {
        "location": {
          "x": 0.0,
          "y": 0.0,
          "z": 0.0
        },
        "rotation_quaternion": {
          "w": 0.8958569765090942,
          "x": 0.32454532384872437,
          "y": 0.2555255889892578,
          "z": 0.16376040875911713
        },
        "scale": {
          "x": 1.0,
          "y": 1.0,
          "z": 1.0
        },
        "matrix_basis": [
          [
            0.815778374671936,
            -0.12755253911018372,
            0.5641241073608398,
            0.0
          ],
          [
            0.45927107334136963,
            0.7357057332992554,
            -0.4978024363517761,
            0.0
          ],
          [
            -0.3515334129333496,
            0.66518235206604,
            0.6587539911270142,
            0.0
          ],
          [
            0.0,
            0.0,
            0.0,
            1.0
          ]
        ],
        "rotation_mode": "QUATERNION"
      },
      "armature_space": {
        "head": {
          "x": 0.1213332936167717,
          "y": -0.14105470478534698,
          "z": 0.4826890826225281
        },
        "tail": {
          "x": 0.30459463596343994,
          "y": -0.33656150102615356,
          "z": 0.48257869482040405
        }
      },
      "world_space": {
        "head": {
          "x": 0.1213332936167717,
          "y": -0.07781070470809937,
          "z": 1.4325430393218994
        },
        "tail": {
          "x": 0.30459463596343994,
          "y": -0.27331751585006714,
          "z": 1.4324326515197754
        },
        "rotation_quaternion": {
          "w": 0.14404341578483582,
          "x": 0.855399489402771,
          "y": 0.3383163511753082,
          "z": -0.3648085296154022
        },
        "matrix": [
          [
            0.5049129724502563,
            0.6838890314102173,
            -0.526648759841919,
            0.1213332936167717
          ],
          [
            0.47369489073753357,
            -0.7295861840248108,
            -0.4932722747325897,
            -0.07781070470809937
          ],
          [
            -0.7215835452079773,
            -0.0004118978977203369,
            -0.6923373937606812,
            1.4325430393218994
          ],
          [
            0.0,
            0.0,
            0.0,
            1.0
          ]
        ]
      },
      "bone_length_armature_space": 0.2679694736724746,
      "parent": "spine_01",
      "has_children": true,
      "is_end_bone": false
    },
    "lowerarm_l": {
      "name": "lowerarm_l",
      "local": {
        "location": {
          "x": 0.0,
          "y": 0.0,
          "z": 0.0
        },
        "rotation_quaternion": {
          "w": 0.8652040362358093,
          "x": 0.46800392866134644,
          "y": 0.13726818561553955,
          "z": -0.11641186475753784
        },
        "scale": {
          "x": 1.0,
          "y": 1.0,
          "z": 1.0
        },
        "matrix_basis": [
          [
            0.9352114200592041,
            0.3299241364002228,
            0.12856756150722504,
            0.0
          ],
          [
            -0.07295592874288559,
            0.5348411798477173,
            -0.8417970538139343,
            0.0
          ],
          [
            -0.3464924097061157,
            0.77787846326828,
            0.5242595076560974,
            0.0
          ],
          [
            0.0,
            0.0,
            0.0,
            1.0
          ]
        ],
        "rotation_mode": "QUATERNION"
      },
      "armature_space": {
        "head": {
          "x": 0.30459460616111755,
          "y": -0.3365616500377655,
          "z": 0.48257875442504883
        },
        "tail": {
          "x": 0.28857550024986267,
          "y": -0.5168373584747314,
          "z": 0.28556597232818604
        }
      },
      "world_space": {
        "head": {
          "x": 0.30459460616111755,
          "y": -0.2733176350593567,
          "z": 1.432432770729065
        },
        "tail": {
          "x": 0.28857550024986267,
          "y": -0.453593373298645,
          "z": 1.2354199886322021
        },
        "rotation_quaternion": {
          "w": 0.37470680475234985,
          "x": -0.8184608817100525,
          "y": -0.1505398154258728,
          "z": 0.40872272849082947
        },
        "matrix": [
          [
            0.6205677390098572,
            -0.05987906455993652,
            -0.7818633317947388,
            0.30459460616111755
          ],
          [
            0.5527240037918091,
            -0.6738660931587219,
            0.49030691385269165,
            -0.2733176350593567
          ],
          [
            -0.5562335252761841,
            -0.73642897605896,
            -0.38508522510528564,
            1.432432770729065
          ],
          [
            0.0,
            0.0,
            0.0,
            1.0
          ]
        ]
      },
      "bone_length_armature_space": 0.26752566564923697,
      "parent": "upperarm_l",
      "has_children": true,
      "is_end_bone": false
    },
    "metacarpal_thumb_l": {
      "name": "metacarpal_thumb_l",
      "local": {
        "location": {
          "x": 0.0,
          "y": 0.0,
          "z": 0.0
        },
        "rotation_quaternion": {
          "w": 0.9994370341300964,
          "x": -0.03207055851817131,
          "y": 0.002661774167791009,
          "z": -0.009491509757936
        },
        "scale": {
          "x": 1.0,
          "y": 1.0,
          "z": 1.0
        },
        "matrix_basis": [
          [
            0.9998056292533875,
            0.018801603466272354,
            0.0059293475933372974,
            0.0
          ],
          [
            -0.019143061712384224,
            0.9977627992630005,
            0.06405448168516159,
            0.0
          ],
          [
            -0.0047117555513978004,
            -0.06415553390979767,
            0.9979287981987,
            0.0
          ],
          [
            0.0,
            0.0,
            0.0,
            1.0
          ]
        ],
        "rotation_mode": "QUATERNION"
      },
      "armature_space": {
        "head": {
          "x": 0.28857550024986267,
          "y": -0.5168373584747314,
          "z": 0.28556597232818604
        },
        "tail": {
          "x": 0.2676139175891876,
          "y": -0.5265951156616211,
          "z": 0.24175946414470673
        }
      },
      "world_space": {
        "head": {
          "x": 0.28857550024986267,
          "y": -0.453593373298645,
          "z": 1.2354199886322021
        },
        "tail": {
          "x": 0.2676139175891876,
          "y": -0.46335113048553467,
          "z": 1.1916134357452393
        },
        "rotation_quaternion": {
          "w": 0.500298023223877,
          "x": -0.7559126019477844,
          "y": 0.3888513743877411,
          "z": -0.1645990014076233
        },
        "matrix": [
          [
            0.6434019207954407,
            -0.4231783151626587,
            0.6379295587539673,
            0.28857550024986267
          ],
          [
            -0.7525738477706909,
            -0.19699254631996155,
            0.6283523440361023,
            -0.453593373298645
          ],
          [
            -0.14023935794830322,
            -0.8843783736228943,
            -0.4452207684516907,
            1.2354199886322021
          ],
          [
            0.0,
            0.0,
            0.0,
            1.0
          ]
        ]
      },
      "bone_length_armature_space": 0.04953394762394831,
      "parent": "lowerarm_l",
      "has_children": true,
      "is_end_bone": false
    },
    "thumb_01_l": {
      "name": "thumb_01_l",
      "local": {
        "location": {
          "x": 0.0,
          "y": 0.0,
          "z": 0.0
        },
        "rotation_quaternion": {
          "w": 0.9997652769088745,
          "x": -0.017238957807421684,
          "y": -0.006402988918125629,
          "z": 0.01145151350647211
        },
        "scale": {
          "x": 1.0,
          "y": 1.0,
          "z": 1.0
        },
        "matrix_basis": [
          [
            0.9996557235717773,
            -0.02267688885331154,
            -0.013197796419262886,
            0.0
          ],
          [
            0.023118412122130394,
            0.9991433620452881,
            0.03432317450642586,
            0.0
          ],
          [
            0.012408147566020489,
            -0.03461647033691406,
            0.9993236660957336,
            0.0
          ],
          [
            0.0,
            0.0,
            0.0,
            1.0
          ]
        ],
        "rotation_mode": "QUATERNION"
      },
      "armature_space": {
        "head": {
          "x": 0.2676139175891876,
          "y": -0.5265951156616211,
          "z": 0.24175946414470673
        },
        "tail": {
          "x": 0.27134469151496887,
          "y": -0.5108086466789246,
          "z": 0.21183447539806366
        }
      },
      "world_space": {
        "head": {
          "x": 0.2676139175891876,
          "y": -0.46335113048553467,
          "z": 1.1916134357452393
        },
        "tail": {
          "x": 0.27134469151496887,
          "y": -0.44756466150283813,
          "z": 1.1616884469985962
        },
        "rotation_quaternion": {
          "w": 0.3368648588657379,
          "x": -0.14343661069869995,
          "y": 0.7863922715187073,
          "z": -0.4975290298461914
        },
        "matrix": [
          [
            -0.7318968176841736,
            0.10960432887077332,
            0.6725428700447083,
            0.2676139175891876
          ],
          [
            -0.560794472694397,
            0.4637819528579712,
            -0.6858689188957214,
            -0.46335113048553467
          ],
          [
            -0.3870905339717865,
            -0.8791491389274597,
            -0.2779776155948639,
            1.1916134357452393
          ],
          [
            0.0,
            0.0,
            0.0,
            1.0
          ]
        ]
      },
      "bone_length_armature_space": 0.03403874612791001,
      "parent": "metacarpal_thumb_l",
      "has_children": true,
      "is_end_bone": false
    },
    "thumb_02_l": {
      "name": "thumb_02_l",
      "local": {
        "location": {
          "x": 0.0,
          "y": 0.0,
          "z": 0.0
        },
        "rotation_quaternion": {
          "w": 0.996513307094574,
          "x": 0.08334182947874069,
          "y": -0.003918137401342392,
          "z": 1.7180325812660158e-05
        },
        "scale": {
          "x": 1.0,
          "y": 1.0,
          "z": 1.0
        },
        "matrix_basis": [
          [
            0.9999693036079407,
            -0.0006873303209431469,
            -0.00780608830973506,
            0.0
          ],
          [
            -0.0006188486586324871,
            0.9861083030700684,
            -0.16610261797904968,
            0.0
          ],
          [
            0.007811815943568945,
            0.1661023497581482,
            0.9860775470733643,
            0.0
          ],
          [
            0.0,
            0.0,
            0.0,
            1.0
          ]
        ],
        "rotation_mode": "QUATERNION"
      },
      "armature_space": {
        "head": {
          "x": 0.27134469151496887,
          "y": -0.5108085870742798,
          "z": 0.21183452010154724
        },
        "tail": {
          "x": 0.271170973777771,
          "y": -0.5378026962280273,
          "z": 0.18209432065486908
        }
      },
      "world_space": {
        "head": {
          "x": 0.27134469151496887,
          "y": -0.44756460189819336,
          "z": 1.1616885662078857
        },
        "tail": {
          "x": 0.271170973777771,
          "y": -0.4745587110519409,
          "z": 1.1319483518600464
        },
        "rotation_quaternion": {
          "w": 0.002784053096547723,
          "x": -0.000946303887758404,
          "y": -0.4049036502838135,
          "z": 0.914354681968689
        },
        "matrix": [
          [
            -0.9999827742576599,
            -0.004324864596128464,
            -0.003985065966844559,
            0.27134469151496887
          ],
          [
            0.0058576022274792194,
            -0.6720909476280212,
            -0.740445613861084,
            -0.44756460189819336
          ],
          [
            0.000524026108905673,
            -0.7404617667198181,
            0.6721084117889404,
            1.1616885662078857
          ],
          [
            0.0,
            0.0,
            0.0,
            1.0
          ]
        ]
      },
      "bone_length_armature_space": 0.04016455564112137,
      "parent": "thumb_01_l",
      "has_children": true,
      "is_end_bone": false
    },
    "thumb_03_l": {
      "name": "thumb_03_l",
      "local": {
        "location": {
          "x": 0.0,
          "y": 0.0,
          "z": 0.0
        },
        "rotation_quaternion": {
          "w": 0.9989129304885864,
          "x": 0.04600469395518303,
          "y": 0.006899888161569834,
          "z": -0.002990974811837077
        },
        "scale": {
          "x": 1.0,
          "y": 1.0,
          "z": 1.0
        },
        "matrix_basis": [
          [
            0.9998868703842163,
            0.006610301323235035,
            0.013509577140212059,
            0.0
          ],
          [
            -0.005340592470020056,
            0.9957492351531982,
            -0.09195064008235931,
            0.0
          ],
          [
            -0.014059972949326038,
            0.091868095099926,
            0.9956719279289246,
            0.0
          ],
          [
            0.0,
            0.0,
            0.0,
            1.0
          ]
        ],
        "rotation_mode": "QUATERNION"
      },
      "armature_space": {
        "head": {
          "x": 0.2711709439754486,
          "y": -0.5378026366233826,
          "z": 0.18209430575370789
        },
        "tail": {
          "x": 0.27462682127952576,
          "y": -0.5647290945053101,
          "z": 0.16831324994564056
        }
      },
      "world_space": {
        "head": {
          "x": 0.2711709439754486,
          "y": -0.47455865144729614,
          "z": 1.1319483518600464
        },
        "tail": {
          "x": 0.27462682127952576,
          "y": -0.5014851093292236,
          "z": 1.1181672811508179
        },
        "rotation_quaternion": {
          "w": 0.004176348447799683,
          "x": 0.2197139859199524,
          "y": 0.24034635722637177,
          "z": -0.9454851150512695
        },
        "matrix": [
          [
            -0.9034167528152466,
            0.11351211369037628,
            -0.4134647846221924,
            0.2711709439754486
          ],
          [
            0.0977173000574112,
            -0.884432852268219,
            -0.45632243156433105,
            -0.47455865144729614
          ],
          [
            -0.4174825847148895,
            -0.4526558816432953,
            0.7879242897033691,
            1.1319483518600464
          ],
          [
            0.0,
            0.0,
            0.0,
            1.0
          ]
        ]
      },
      "bone_length_armature_space": 0.030444946104659844,
      "parent": "thumb_02_l",
      "has_children": false,
      "is_end_bone": true
    },
    "metacarpal_index_l": {
      "name": "metacarpal_index_l",
      "local": {
        "location": {
          "x": 0.0,
          "y": 0.0,
          "z": 0.0
        },
        "rotation_quaternion": {
          "w": 0.998289942741394,
          "x": -0.05596533790230751,
          "y": -0.010837147943675518,
          "z": 0.012947811745107174
        },
        "scale": {
          "x": 1.0,
          "y": 1.0,
          "z": 1.0
        },
        "matrix_basis": [
          [
            0.9994298219680786,
            -0.024638330563902855,
            -0.023086488246917725,
            0.0
          ],
          [
            0.027064349502325058,
            0.9934004545211792,
            0.11145863682031631,
            0.0
          ],
          [
            0.020187973976135254,
            -0.11201990395784378,
            0.9935008883476257,
            0.0
          ],
          [
            0.0,
            0.0,
            0.0,
            1.0
          ]
        ],
        "rotation_mode": "QUATERNION"
      },
      "armature_space": {
        "head": {
          "x": 0.28857550024986267,
          "y": -0.5168373584747314,
          "z": 0.28556597232818604
        },
        "tail": {
          "x": 0.2538670599460602,
          "y": -0.5814681053161621,
          "z": 0.19420111179351807
        }
      },
      "world_space": {
        "head": {
          "x": 0.28857550024986267,
          "y": -0.453593373298645,
          "z": 1.2354199886322021
        },
        "tail": {
          "x": 0.2538670599460602,
          "y": -0.5182241201400757,
          "z": 1.1440551280975342
        },
        "rotation_quaternion": {
          "w": 0.45168304443359375,
          "x": -0.8792963624000549,
          "y": 0.14208322763442993,
          "z": 0.05131001025438309
        },
        "matrix": [
          [
            0.954359233379364,
            -0.2962186336517334,
            0.038120899349451065,
            0.28857550024986267
          ],
          [
            -0.2035159021615982,
            -0.5515897870063782,
            0.8089067339897156,
            -0.453593373298645
          ],
          [
            -0.218587726354599,
            -0.7797516584396362,
            -0.5867033004760742,
            1.2354199886322021
          ],
          [
            0.0,
            0.0,
            0.0,
            1.0
          ]
        ]
      },
      "bone_length_armature_space": 0.11717229535886117,
      "parent": "lowerarm_l",
      "has_children": true,
      "is_end_bone": false
    },
    "index_01_l": {
      "name": "index_01_l",
      "local": {
        "location": {
          "x": 0.0,
          "y": 0.0,
          "z": 0.0
        },
        "rotation_quaternion": {
          "w": 0.9902259111404419,
          "x": -0.1393265575170517,
          "y": -0.006261817645281553,
          "z": -0.00130182143766433
        },
        "scale": {
          "x": 1.0,
          "y": 1.0,
          "z": 1.0
        },
        "matrix_basis": [
          [
            0.9999181628227234,
            0.004323069471865892,
            -0.012038471177220345,
            0.0
          ],
          [
            -0.0008333196747116745,
            0.9611728191375732,
            0.27594584226608276,
            0.0
          ],
          [
            0.012763984501361847,
            -0.2759132385253906,
            0.961097776889801,
            0.0
          ],
          [
            0.0,
            0.0,
            0.0,
            1.0
          ]
        ],
        "rotation_mode": "QUATERNION"
      },
      "armature_space": {
        "head": {
          "x": 0.2538670599460602,
          "y": -0.5814681053161621,
          "z": 0.19420111179351807
        },
        "tail": {
          "x": 0.2548659145832062,
          "y": -0.606082022190094,
          "z": 0.17984038591384888
        }
      },
      "world_space": {
        "head": {
          "x": 0.2538670599460602,
          "y": -0.5182241201400757,
          "z": 1.1440551280975342
        },
        "tail": {
          "x": 0.2548659145832062,
          "y": -0.5428380370140076,
          "z": 1.1296944618225098
        },
        "rotation_quaternion": {
          "w": 0.26134130358695984,
          "x": -0.9647005200386047,
          "y": -0.009768899530172348,
          "z": -0.030959051102399826
        },
        "matrix": [
          [
            0.9978923797607422,
            0.03502979129552841,
            0.05462625250220299,
            0.2538670599460602
          ],
          [
            0.002666520420461893,
            -0.863210916519165,
            0.5048365592956543,
            -0.5182241201400757
          ],
          [
            0.06483882665634155,
            -0.503631055355072,
            -0.8614903688430786,
            1.1440551280975342
          ],
          [
            0.0,
            0.0,
            0.0,
            1.0
          ]
        ]
      },
      "bone_length_armature_space": 0.028514435716698285,
      "parent": "metacarpal_index_l",
      "has_children": true,
      "is_end_bone": false
    },
    "index_02_l": {
      "name": "index_02_l",
      "local": {
        "location": {
          "x": 0.0,
          "y": 0.0,
          "z": 0.0
        },
        "rotation_quaternion": {
          "w": 0.9991198778152466,
          "x": 0.03893620893359184,
          "y": 0.01163962110877037,
          "z": -0.010396511293947697
        },
        "scale": {
          "x": 1.0,
          "y": 1.0,
          "z": 1.0
        },
        "matrix_basis": [
          [
            0.9995128512382507,
            0.021681128069758415,
            0.022449152544140816,
            0.0
          ],
          [
            -0.019868316128849983,
            0.9967517852783203,
            -0.07804590463638306,
            0.0
          ],
          [
            -0.024068355560302734,
            0.07756185531616211,
            0.9966970086097717,
            0.0
          ],
          [
            0.0,
            0.0,
            0.0,
            1.0
          ]
        ],
        "rotation_mode": "QUATERNION"
      },
      "armature_space": {
        "head": {
          "x": 0.25486570596694946,
          "y": -0.6060822010040283,
          "z": 0.17983990907669067
        },
        "tail": {
          "x": 0.2570428252220154,
          "y": -0.6276021599769592,
          "z": 0.16604700684547424
        }
      },
      "world_space": {
        "head": {
          "x": 0.25486570596694946,
          "y": -0.5428382158279419,
          "z": 1.1296939849853516
        },
        "tail": {
          "x": 0.2570428252220154,
          "y": -0.5643581748008728,
          "z": 1.115900993347168
        },
        "rotation_quaternion": {
          "w": 0.2810611128807068,
          "x": -0.958740234375,
          "y": -0.03956734761595726,
          "z": -0.016007328405976295
        },
        "matrix": [
          [
            0.9963565468788147,
            0.08486767113208771,
            0.008451821282505989,
            0.25486570596694946
          ],
          [
            0.06687179952859879,
            -0.8388784527778625,
            0.540195643901825,
            -0.5428382158279419
          ],
          [
            0.052935704588890076,
            -0.5376666188240051,
            -0.8415025472640991,
            1.1296939849853516
          ],
          [
            0.0,
            0.0,
            0.0,
            1.0
          ]
        ]
      },
      "bone_length_armature_space": 0.025653316650246533,
      "parent": "index_01_l",
      "has_children": true,
      "is_end_bone": false
    },
    "index_03_l": {
      "name": "index_03_l",
      "local": {
        "location": {
          "x": 0.0,
          "y": 0.0,
          "z": 0.0
        },
        "rotation_quaternion": {
          "w": 0.9986023902893066,
          "x": 0.05282488837838173,
          "y": 0.0005913526983931661,
          "z": -0.0015635838499292731
        },
        "scale": {
          "x": 1.0,
          "y": 1.0,
          "z": 1.0
        },
        "matrix_basis": [
          [
            0.9999943971633911,
            0.0031852733809500933,
            0.0010158601216971874,
            0.0
          ],
          [
            -0.003060320857912302,
            0.9944141507148743,
            -0.10550396889448166,
            0.0
          ],
          [
            -0.0013462447095662355,
            0.10550027340650558,
            0.9944183826446533,
            0.0
          ],
          [
            0.0,
            0.0,
            0.0,
            1.0
          ]
        ],
        "rotation_mode": "QUATERNION"
      },
      "armature_space": {
        "head": {
          "x": 0.2570428252220154,
          "y": -0.627602219581604,
          "z": 0.1660471260547638
        },
        "tail": {
          "x": 0.2624359428882599,
          "y": -0.6483015418052673,
          "z": 0.1461426019668579
        }
      },
      "world_space": {
        "head": {
          "x": 0.2570428252220154,
          "y": -0.5643582344055176,
          "z": 1.1159011125564575
        },
        "tail": {
          "x": 0.2624359428882599,
          "y": -0.5850575566291809,
          "z": 1.095996618270874
        },
        "rotation_quaternion": {
          "w": 0.3740561604499817,
          "x": -0.922426700592041,
          "y": -0.07660447061061859,
          "z": -0.057817406952381134
        },
        "matrix": [
          [
            0.98157799243927,
            0.18457797169685364,
            0.04935526102781296,
            0.2570428252220154
          ],
          [
            0.09807074815034866,
            -0.7084277868270874,
            0.6989365220069885,
            -0.5643582344055176
          ],
          [
            0.16397422552108765,
            -0.6812256574630737,
            -0.7134831547737122,
            1.1159011125564575
          ],
          [
            0.0,
            0.0,
            0.0,
            1.0
          ]
        ]
      },
      "bone_length_armature_space": 0.029218790526100203,
      "parent": "index_02_l",
      "has_children": false,
      "is_end_bone": true
    },
    "metacarpal_pinky_l": {
      "name": "metacarpal_pinky_l",
      "local": {
        "location": {
          "x": 0.0,
          "y": 0.0,
          "z": 0.0
        },
        "rotation_quaternion": {
          "w": 0.9993006587028503,
          "x": -0.03647778928279877,
          "y": -0.007846463471651077,
          "z": -0.00246677128598094
        },
        "scale": {
          "x": 1.0,
          "y": 1.0,
          "z": 1.0
        },
        "matrix_basis": [
          [
            0.9998646974563599,
            0.005502535495907068,
            -0.01550198718905449,
            0.0
          ],
          [
            -0.004357649013400078,
            0.9973265528678894,
            0.07294327020645142,
            0.0
          ],
          [
            0.015861917287111282,
            -0.07286584377288818,
            0.9972156286239624,
            0.0
          ],
          [
            0.0,
            0.0,
            0.0,
            1.0
          ]
        ],
        "rotation_mode": "QUATERNION"
      },
      "armature_space": {
        "head": {
          "x": 0.28857550024986267,
          "y": -0.5168373584747314,
          "z": 0.28556597232818604
        },
        "tail": {
          "x": 0.31341010332107544,
          "y": -0.5949046611785889,
          "z": 0.22128520905971527
        }
      },
      "world_space": {
        "head": {
          "x": 0.28857550024986267,
          "y": -0.453593373298645,
          "z": 1.2354199886322021
        },
        "tail": {
          "x": 0.31341010332107544,
          "y": -0.5316606760025024,
          "z": 1.1711392402648926
        },
        "rotation_quaternion": {
          "w": 0.04888153076171875,
          "x": -0.4544071555137634,
          "y": -0.35036957263946533,
          "z": 0.8175365328788757
        },
        "matrix": [
          [
            -0.5822505950927734,
            0.23849435150623322,
            -0.7772418260574341,
            0.28857550024986267
          ],
          [
            0.39834481477737427,
            -0.7497048377990723,
            -0.528454601764679,
            -0.453593373298645
          ],
          [
            -0.7087399959564209,
            -0.6173081398010254,
            0.34151479601860046,
            1.2354199886322021
          ],
          [
            0.0,
            0.0,
            0.0,
            1.0
          ]
        ]
      },
      "bone_length_armature_space": 0.10413106037219949,
      "parent": "lowerarm_l",
      "has_children": true,
      "is_end_bone": false
    },
    "pinky_01_l": {
      "name": "pinky_01_l",
      "local": {
        "location": {
          "x": 0.0,
          "y": 0.0,
          "z": 0.0
        },
        "rotation_quaternion": {
          "w": 0.9943011403083801,
          "x": -0.1043107807636261,
          "y": 0.021220412105321884,
          "z": -0.005841894540935755
        },
        "scale": {
          "x": 1.0,
          "y": 1.0,
          "z": 1.0
        },
        "matrix_basis": [
          [
            0.999031126499176,
            0.007190169300884008,
            0.04341770336031914,
            0.0
          ],
          [
            -0.016044240444898605,
            0.9781702756881714,
            0.20718471705913544,
            0.0
          ],
          [
            -0.04098021611571312,
            -0.2076805979013443,
            0.9773378968238831,
            0.0
          ],
          [
            0.0,
            0.0,
            0.0,
            1.0
          ]
        ],
        "rotation_mode": "QUATERNION"
      },
      "armature_space": {
        "head": {
          "x": 0.31341010332107544,
          "y": -0.5949046611785889,
