{
  "metadata": {
    "armature_name": "KIM_caucasian_male",
    "export_time": "2026-01-13T21:01:02.919058",
    "blender_version": "4.4.1",
    "bone_count": 56,
    "end_bone_count": 13,
    "spaces_included": [
      "LOCAL_CHANNELS",
      "ARMATURE_SPACE",
      "WORLD_SPACE"
    ],
    "note": "LOCAL matches Transform panel; replay pose via local.matrix_basis for best fidelity."
  },
  "bones": {
    "Root": {
      "name": "Root",
      "local": {
        "location": {
          "x": 0.0,
          "y": 0.0,
          "z": 0.0
        },
        "rotation_quaternion": {
          "w": 0.9996411204338074,
          "x": -0.009322111494839191,
          "y": 0.012933016754686832,
          "z": -0.02153155952692032
        },
        "scale": {
          "x": 1.0,
          "y": 1.0,
          "z": 1.0
        },
        "matrix_basis": [
          [
            0.9987382292747498,
            0.04280653968453407,
            0.026258189231157303,
            0.0
          ],
          [
            -0.04328878968954086,
            0.998898983001709,
            0.01808059588074684,
            0.0
          ],
          [
            -0.025455310940742493,
            -0.01919446885585785,
            0.9994916915893555,
            0.0
          ],
          [
            0.0,
            0.0,
            0.0,
            1.0
          ]
        ],
        "rotation_mode": "QUATERNION"
      },
      "armature_space": {
        "head": {
          "x": 0.0,
          "y": 0.07072800397872925,
          "z": -0.009595036506652832
        },
        "tail": {
          "x": 0.003055353881791234,
          "y": 0.00026204437017440796,
          "z": 0.001347031444311142
        }
      },
      "world_space": {
        "head": {
          "x": 0.0,
          "y": 0.13397200405597687,
          "z": 0.9402589797973633
        },
        "tail": {
          "x": 0.003055353881791234,
          "y": 0.06350604444742203,
          "z": 0.9512010216712952
        },
        "rotation_quaternion": {
          "w": 0.0766444131731987,
          "x": 0.9967420697212219,
          "y": 0.022353915497660637,
          "z": 0.011453100480139256
        },
        "matrix": [
          [
            0.9987382292747498,
            0.04280653968453407,
            0.026258189231157303,
            0.0
          ],
          [
            0.04631781578063965,
            -0.987251877784729,
            -0.1522778421640396,
            0.13397200405597687
          ],
          [
            0.01940513774752617,
            0.15330205857753754,
            -0.9879959225654602,
            0.9402589797973633
          ],
          [
            0.0,
            0.0,
            0.0,
            1.0
          ]
        ]
      },
      "bone_length_armature_space": 0.07137587536738284,
      "parent": null,
      "has_children": true,
      "is_end_bone": false
    },
    "spine_01": {
      "name": "spine_01",
      "local": {
        "location": {
          "x": 0.0,
          "y": 0.0,
          "z": 0.0
        },
        "rotation_quaternion": {
          "w": 0.9993182420730591,
          "x": -0.023801323026418686,
          "y": 0.019338231533765793,
          "z": 0.020556742325425148
        },
        "scale": {
          "x": 1.0,
          "y": 1.0,
          "z": 1.0
        },
        "matrix_basis": [
          [
            0.9984068870544434,
            -0.042006004601716995,
            0.037671539932489395,
            0.0
          ],
          [
            0.04016490280628204,
            0.9980218410491943,
            0.04836525395512581,
            0.0
          ],
          [
            -0.03962865099310875,
            -0.046775128692388535,
            0.998119056224823,
            0.0
          ],
          [
            0.0,
            0.0,
            0.0,
            1.0
          ]
        ],
        "rotation_mode": "QUATERNION"
      },
      "armature_space": {
        "head": {
          "x": 0.003055353881791234,
          "y": 0.00026204437017440796,
          "z": 0.001347031444311142
        },
        "tail": {
          "x": -0.029348911717534065,
          "y": 0.05364573374390602,
          "z": 0.4853394627571106
        }
      },
      "world_space": {
        "head": {
          "x": 0.003055353881791234,
          "y": 0.06350604444742203,
          "z": 0.9512010216712952
        },
        "tail": {
          "x": -0.029348911717534065,
          "y": 0.11688973009586334,
          "z": 1.4351935386657715
        },
        "rotation_quaternion": {
          "w": 0.7447335124015808,
          "x": 0.6652859449386597,
          "y": 0.00824777316302061,
          "z": 0.05194896087050438
        },
        "matrix": [
          [
            0.9944664835929871,
            -0.06640201807022095,
            0.08140701055526733,
            0.003055353881791234
          ],
          [
            0.08835096657276154,
            0.10939253121614456,
            -0.9900644421577454,
            0.06350604444742203
          ],
          [
            0.05683743953704834,
            0.9917852878570557,
            0.11465378105640411,
            0.9512010216712952
          ],
          [
            0.0,
            0.0,
            0.0,
            1.0
          ]
        ]
      },
      "bone_length_armature_space": 0.4880046338711283,
      "parent": "Root",
      "has_children": true,
      "is_end_bone": false
    },
    "neck_01": {
      "name": "neck_01",
      "local": {
        "location": {
          "x": 0.0,
          "y": 0.0,
          "z": 0.0
        },
        "rotation_quaternion": {
          "w": 0.9892783164978027,
          "x": -0.07711826264858246,
          "y": -0.07159306854009628,
          "z": -0.10126999765634537
        },
        "scale": {
          "x": 1.0,
          "y": 1.0,
          "z": 1.0
        },
        "matrix_basis": [
          [
            0.9692376255989075,
            0.21141068637371063,
            -0.12603141367435455,
            0.0
          ],
          [
            -0.18932615220546722,
            0.96759432554245,
            0.16708330810070038,
            0.0
          ],
          [
            0.15727047622203827,
            -0.1380823850631714,
            0.9778544306755066,
            0.0
          ],
          [
            0.0,
            0.0,
            0.0,
            1.0
          ]
        ],
        "rotation_mode": "QUATERNION"
      },
      "armature_space": {
        "head": {
          "x": -0.031387533992528915,
          "y": 0.027319416403770447,
          "z": 0.5619327425956726
        },
        "tail": {
          "x": -0.014253469184041023,
          "y": 0.015480251982808113,
          "z": 0.6623170971870422
        }
      },
      "world_space": {
        "head": {
          "x": -0.031387533992528915,
          "y": 0.09056341648101807,
          "z": 1.511786699295044
        },
        "tail": {
          "x": -0.014253469184041023,
          "y": 0.07872425019741058,
          "z": 1.6121711730957031
        },
        "rotation_quaternion": {
          "w": 0.6630446910858154,
          "x": 0.7436726689338684,
          "y": 0.051299259066581726,
          "z": -0.06849239766597748
        },
        "matrix": [
          [
            0.9853543639183044,
            0.1671268194913864,
            -0.03384336829185486,
            -0.031387533992528915
          ],
          [
            -0.01452629268169403,
            -0.11548000574111938,
            -0.99320387840271,
            0.09056341648101807
          ],
          [
            -0.16990035772323608,
            0.9791558384895325,
            -0.11136269569396973,
            1.511786699295044
          ],
          [
            0.0,
            0.0,
            0.0,
            1.0
          ]
        ]
      },
      "bone_length_armature_space": 0.1025219990377992,
      "parent": "spine_01",
      "has_children": true,
      "is_end_bone": false
    },
    "head": {
      "name": "head",
      "local": {
        "location": {
          "x": 0.0,
          "y": 0.0,
          "z": 0.0
        },
        "rotation_quaternion": {
          "w": 0.989087700843811,
          "x": -0.13352254033088684,
          "y": -0.06074565649032593,
          "z": 0.013687098398804665
        },
        "scale": {
          "x": 1.0,
          "y": 1.0,
          "z": 1.0
        },
        "matrix_basis": [
          [
            0.9922452569007874,
            -0.010853652842342854,
            -0.12382063269615173,
            0.0
          ],
          [
            0.043297309428453445,
            0.963968813419342,
            0.2624681293964386,
            0.0
          ],
          [
            0.11651048809289932,
            -0.2657938599586487,
            0.9569634199142456,
            0.0
          ],
          [
            0.0,
            0.0,
            0.0,
            1.0
          ]
        ],
        "rotation_mode": "QUATERNION"
      },
      "armature_space": {
        "head": {
          "x": -0.014253485947847366,
          "y": 0.015480105765163898,
          "z": 0.6623170375823975
        },
        "tail": {
          "x": 0.0080525241792202,
          "y": 0.09298340231180191,
          "z": 0.7947894334793091
        }
      },
      "world_space": {
        "head": {
          "x": -0.014253485947847366,
          "y": 0.07872410863637924,
          "z": 1.6121710538864136
        },
        "tail": {
          "x": 0.0080525241792202,
          "y": 0.15622740983963013,
          "z": 1.7446434497833252
        },
        "rotation_quaternion": {
          "w": 0.8658565878868103,
          "x": 0.49434366822242737,
          "y": 0.012546677142381668,
          "z": -0.07589083164930344
        },
        "matrix": [
          [
            0.9881662726402283,
            0.14382603764533997,
            -0.053305648267269135,
            -0.014253485947847366
          ],
          [
            -0.11901705712080002,
            0.4997304081916809,
            -0.8579655885696411,
            0.07872410863637924
          ],
          [
            -0.09676005691289902,
            0.8541632890701294,
            0.5109370946884155,
            1.6121710538864136
          ],
          [
            0.0,
            0.0,
            0.0,
            1.0
          ]
        ]
      },
      "bone_length_armature_space": 0.15509111549843105,
      "parent": "neck_01",
      "has_children": false,
      "is_end_bone": true
    },
    "upperarm_l": {
      "name": "upperarm_l",
      "local": {
        "location": {
          "x": 0.0,
          "y": 0.0,
          "z": 0.0
        },
        "rotation_quaternion": {
          "w": 0.7770154476165771,
          "x": 0.2271924614906311,
          "y": 0.48369988799095154,
          "z": 0.33266377449035645
        },
        "scale": {
          "x": 1.0,
          "y": 1.0,
          "z": 1.0
        },
        "matrix_basis": [
          [
            0.3107384741306305,
            -0.2971838414669037,
            0.9028419852256775,
            0.0
          ],
          [
            0.7367557287216187,
            0.675436794757843,
            -0.031245242804288864,
            0.0
          ],
          [
            -0.6005271673202515,
            0.6748829483985901,
            0.42883601784706116,
            0.0
          ],
          [
            0.0,
            0.0,
            0.0,
            1.0
          ]
        ],
        "rotation_mode": "QUATERNION"
      },
      "armature_space": {
        "head": {
          "x": 0.12250480055809021,
          "y": 0.03006259724497795,
          "z": 0.5041683316230774
        },
        "tail": {
          "x": 0.32063376903533936,
          "y": -0.11913596093654633,
          "z": 0.6056200265884399
        }
      },
      "world_space": {
        "head": {
          "x": 0.12250480055809021,
          "y": 0.09330660104751587,
          "z": 1.4540224075317383
        },
        "tail": {
          "x": 0.32063376903533936,
          "y": -0.055891960859298706,
          "z": 1.555474042892456
        },
        "rotation_quaternion": {
          "w": 0.25196194648742676,
          "x": 0.8785690069198608,
          "y": 0.39765262603759766,
          "z": -0.08064894378185272
        },
        "matrix": [
          [
            0.6707361340522766,
            0.7393715381622314,
            0.05867665261030197,
            0.12250480055809021
          ],
          [
            0.658090353012085,
            -0.5567745566368103,
            -0.5068725347518921,
            0.09330660104751587
          ],
          [
            -0.3420991897583008,
            0.3785943388938904,
            -0.8600284457206726,
            1.4540224075317383
          ],
          [
            0.0,
            0.0,
            0.0,
            1.0
          ]
        ]
      },
      "bone_length_armature_space": 0.26796966989097964,
      "parent": "spine_01",
      "has_children": true,
      "is_end_bone": false
    },
    "lowerarm_l": {
      "name": "lowerarm_l",
      "local": {
        "location": {
          "x": 0.0,
          "y": 0.0,
          "z": 0.0
        },
        "rotation_quaternion": {
          "w": 0.9984128475189209,
          "x": 0.02475174516439438,
          "y": 0.02001829631626606,
          "z": 0.04645950719714165
        },
        "scale": {
          "x": 1.0,
          "y": 1.0,
          "z": 1.0
        },
        "matrix_basis": [
          [
            0.9948815703392029,
            -0.09178056567907333,
            0.04227295517921448,
            0.0
          ],
          [
            0.09376251697540283,
            0.9944577217102051,
            -0.04756484180688858,
            0.0
          ],
          [
            -0.037673141807317734,
            0.05128500238060951,
            0.9979732632637024,
            0.0
          ],
          [
            0.0,
            0.0,
            0.0,
            1.0
          ]
        ],
        "rotation_mode": "QUATERNION"
      },
      "armature_space": {
        "head": {
          "x": 0.32063376903533936,
          "y": -0.11913610994815826,
          "z": 0.6056200265884399
        },
        "tail": {
          "x": 0.48546138405799866,
          "y": -0.31445854902267456,
          "z": 0.6846795678138733
        }
      },
      "world_space": {
        "head": {
          "x": 0.32063376903533936,
          "y": -0.055892109870910645,
          "z": 1.555474042892456
        },
        "tail": {
          "x": 0.48546138405799866,
          "y": -0.25121456384658813,
          "z": 1.6345336437225342
        },
        "rotation_quaternion": {
          "w": 0.20622451603412628,
          "x": 0.9198018908500671,
          "y": 0.3039999306201935,
          "z": -0.1379127949476242
        },
        "matrix": [
          [
            0.7771281599998474,
            0.6161215901374817,
            -0.12831956148147583,
            0.32063376903533936
          ],
          [
            0.5023580193519592,
            -0.7301104664802551,
            -0.46322304010391235,
            -0.055892109870910645
          ],
          [
            -0.37909138202667236,
            0.29552263021469116,
            -0.8769096732139587,
            1.555474042892456
          ],
          [
            0.0,
            0.0,
            0.0,
            1.0
          ]
        ]
      },
      "bone_length_armature_space": 0.2675245955448036,
      "parent": "upperarm_l",
      "has_children": true,
      "is_end_bone": false
    },
    "metacarpal_thumb_l": {
      "name": "metacarpal_thumb_l",
      "local": {
        "location": {
          "x": 0.0,
          "y": 0.0,
          "z": 0.0
        },
        "rotation_quaternion": {
          "w": 0.9987419843673706,
          "x": -0.04980858787894249,
          "y": -0.005553767550736666,
          "z": -0.0016487790271639824
        },
        "scale": {
          "x": 1.0,
          "y": 1.0,
          "z": 1.0
        },
        "matrix_basis": [
          [
            0.9999328851699829,
            0.0038466602563858032,
            -0.010929315350949764,
            0.0
          ],
          [
            -0.0027401589322835207,
            0.995032787322998,
            0.09951017051935196,
            0.0
          ],
          [
            0.011257808655500412,
            -0.09947354346513748,
            0.9949765205383301,
            0.0
          ],
          [
            0.0,
            0.0,
            0.0,
            1.0
          ]
        ],
        "rotation_mode": "QUATERNION"
      },
      "armature_space": {
        "head": {
          "x": 0.48546138405799866,
          "y": -0.31445854902267456,
          "z": 0.6846795678138733
        },
        "tail": {
          "x": 0.5095425248146057,
          "y": -0.35495027899742126,
          "z": 0.6693789958953857
        }
      },
      "world_space": {
        "head": {
          "x": 0.48546138405799866,
          "y": -0.25121456384658813,
          "z": 1.6345336437225342
        },
        "tail": {
          "x": 0.5095425248146057,
          "y": -0.29170626401901245,
          "z": 1.6192330121994019
        },
        "rotation_quaternion": {
          "w": 0.2660036087036133,
          "x": -0.8315640687942505,
          "y": -0.14322395622730255,
          "z": -0.4660796821117401
        },
        "matrix": [
          [
            0.5245139002799988,
            0.48615673184394836,
            0.6989539861679077,
            0.48546138405799866
          ],
          [
            -0.009756674990057945,
            -0.8174586296081543,
            0.575904905796051,
            -0.25121456384658813
          ],
          [
            0.8513521552085876,
            -0.30889251828193665,
            -0.42402762174606323,
            1.6345336437225342
          ],
          [
            0.0,
            0.0,
            0.0,
            1.0
          ]
        ]
      },
      "bone_length_armature_space": 0.049533716494660915,
      "parent": "lowerarm_l",
      "has_children": true,
      "is_end_bone": false
    },
    "thumb_01_l": {
      "name": "thumb_01_l",
      "local": {
        "location": {
          "x": 0.0,
          "y": 0.0,
          "z": 0.0
        },
        "rotation_quaternion": {
          "w": 0.9675825834274292,
          "x": 0.25242266058921814,
          "y": -0.002296317834407091,
          "z": -0.00784397218376398
        },
        "scale": {
          "x": 1.0,
          "y": 1.0,
          "z": 1.0
        },
        "matrix_basis": [
          [
            0.9998664259910583,
            0.014020096510648727,
            -0.008403747342526913,
            0.0
          ],
          [
            -0.016338666900992393,
            0.8724425435066223,
            -0.488443523645401,
            0.0
          ],
          [
            0.00048376162885688245,
            0.48851555585861206,
            0.8725550770759583,
            0.0
          ],
          [
            0.0,
            0.0,
            0.0,
            1.0
          ]
        ],
        "rotation_mode": "QUATERNION"
      },
      "armature_space": {
        "head": {
          "x": 0.5095425248146057,
          "y": -0.35495027899742126,
          "z": 0.6693789958953857
        },
        "tail": {
          "x": 0.5428773164749146,
          "y": -0.3591938018798828,
          "z": 0.663955807685852
        }
      },
      "world_space": {
        "head": {
          "x": 0.5095425248146057,
          "y": -0.29170626401901245,
          "z": 1.6192330121994019
        },
        "tail": {
          "x": 0.5428773164749146,
          "y": -0.2959498167037964,
          "z": 1.6138098239898682
        },
        "rotation_quaternion": {
          "w": 0.6603295207023621,
          "x": -0.0750061646103859,
          "y": 0.04038521274924278,
          "z": -0.7461287379264832
        },
        "matrix": [
          [
            -0.11667799949645996,
            0.9793233871459961,
            0.16526374220848083,
            0.5095425248146057
          ],
          [
            -0.9914399981498718,
            -0.1246676966547966,
            0.038793910294771194,
            -0.29170626401901245
          ],
          [
            0.058594413101673126,
            -0.15932393074035645,
            0.9854934215545654,
            1.6192330121994019
          ],
          [
            0.0,
            0.0,
            0.0,
            1.0
          ]
        ]
      },
      "bone_length_armature_space": 0.03403860750740669,
      "parent": "metacarpal_thumb_l",
      "has_children": true,
      "is_end_bone": false
    },
    "thumb_02_l": {
      "name": "thumb_02_l",
      "local": {
        "location": {
          "x": 0.0,
          "y": 0.0,
          "z": 0.0
        },
        "rotation_quaternion": {
          "w": 0.9081636667251587,
          "x": 0.41861236095428467,
          "y": -0.0004016523016616702,
          "z": -0.0014922561822459102
        },
        "scale": {
          "x": 1.0,
          "y": 1.0,
          "z": 1.0
        },
        "matrix_basis": [
          [
            0.999995231628418,
            0.002374152420088649,
            -0.0019788858480751514,
            0.0
          ],
          [
            -0.0030466988682746887,
            0.6495229005813599,
            -0.7603358626365662,
            0.0
          ],
          [
            -0.0005198217113502324,
            0.7603382468223572,
            0.6495270729064941,
            0.0
          ],
          [
            0.0,
            0.0,
            0.0,
            1.0
          ]
        ],
        "rotation_mode": "QUATERNION"
      },
      "armature_space": {
        "head": {
          "x": 0.5428773164749146,
          "y": -0.35919374227523804,
          "z": 0.6639557480812073
        },
        "tail": {
          "x": 0.5312656760215759,
          "y": -0.3810073733329773,
          "z": 0.6956185102462769
        }
      },
      "world_space": {
        "head": {
          "x": 0.5428773164749146,
          "y": -0.2959497570991516,
          "z": 1.6138098239898682
        },
        "tail": {
          "x": 0.5312656760215759,
          "y": -0.31776338815689087,
          "z": 1.645472526550293
        },
        "rotation_quaternion": {
          "w": 0.1656579077243805,
          "x": 0.569512128829956,
          "y": -0.44833269715309143,
          "z": -0.6687385439872742
        },
        "matrix": [
          [
            -0.296425998210907,
            -0.289102166891098,
            -0.9102481603622437,
            0.5428773164749146
          ],
          [
            -0.7322263717651367,
            -0.5431085824966431,
            0.4109475910663605,
            -0.2959497570991516
          ],
          [
            -0.6131744980812073,
            0.7883282899856567,
            -0.05069667100906372,
            1.6138098239898682
          ],
          [
            0.0,
            0.0,
            0.0,
            1.0
          ]
        ]
      },
      "bone_length_armature_space": 0.04016460060232848,
      "parent": "thumb_01_l",
      "has_children": true,
      "is_end_bone": false
    },
    "thumb_03_l": {
      "name": "thumb_03_l",
      "local": {
        "location": {
          "x": 0.0,
          "y": 0.0,
          "z": 0.0
        },
        "rotation_quaternion": {
          "w": 0.9868210554122925,
          "x": 0.16165946424007416,
          "y": -0.00520224217325449,
          "z": 0.004834829363971949
        },
        "scale": {
          "x": 1.0,
          "y": 1.0,
          "z": 1.0
        },
        "matrix_basis": [
          [
            0.99989914894104,
            -0.011224206537008286,
            -0.0087041724473238,
            0.0
          ],
          [
            0.00786023959517479,
            0.9476856589317322,
            -0.3191082179546356,
            0.0
          ],
          [
            0.011830556206405163,
            0.31900763511657715,
            0.9476783275604248,
            0.0
          ],
          [
            0.0,
            0.0,
            0.0,
            1.0
          ]
        ],
        "rotation_mode": "QUATERNION"
      },
      "armature_space": {
        "head": {
          "x": 0.5312657356262207,
          "y": -0.38100743293762207,
          "z": 0.6956183910369873
        },
        "tail": {
          "x": 0.5090810656547546,
          "y": -0.38707712292671204,
          "z": 0.7155657410621643
        }
      },
      "world_space": {
        "head": {
          "x": 0.5312657356262207,
          "y": -0.31776344776153564,
          "z": 1.6454724073410034
        },
        "tail": {
          "x": 0.5090810656547546,
          "y": -0.3238331079483032,
          "z": 1.6654198169708252
        },
        "rotation_quaternion": {
          "w": 0.1382012814283371,
          "x": 0.6750367283821106,
          "y": -0.6174269914627075,
          "z": -0.3794861137866974
        },
        "matrix": [
          [
            -0.050454359501600266,
            -0.7286828756332397,
            -0.6829903721809387,
            0.5312657356262207
          ],
          [
            -0.9384626746177673,
            -0.19936653971672058,
            0.2820304036140442,
            -0.31776344776153564
          ],
          [
            -0.34167951345443726,
            0.6551949977874756,
            -0.6737872362136841,
            1.6454724073410034
          ],
          [
            0.0,
            0.0,
            0.0,
            1.0
          ]
        ]
      },
      "bone_length_armature_space": 0.030444991034252345,
      "parent": "thumb_02_l",
      "has_children": false,
      "is_end_bone": true
    },
    "metacarpal_index_l": {
      "name": "metacarpal_index_l",
      "local": {
        "location": {
          "x": 0.0,
          "y": 0.0,
          "z": 0.0
        },
        "rotation_quaternion": {
          "w": 0.9995187520980835,
          "x": -0.021222999319434166,
          "y": -0.010444816201925278,
          "z": 0.02006850391626358
        },
        "scale": {
          "x": 1.0,
          "y": 1.0,
          "z": 1.0
        },
        "matrix_basis": [
          [
            0.9989763498306274,
            -0.03967435285449028,
            -0.021731406450271606,
            0.0
          ],
          [
            0.04056103155016899,
            0.9982936978340149,
            0.042006347328424454,
            0.0
          ],
          [
            0.020027751103043556,
            -0.04284479469060898,
            0.9988809823989868,
            0.0
          ],
          [
            0.0,
            0.0,
            0.0,
            1.0
          ]
        ],
        "rotation_mode": "QUATERNION"
      },
      "armature_space": {
        "head": {
          "x": 0.48546138405799866,
          "y": -0.31445854902267456,
          "z": 0.6846795678138733
        },
        "tail": {
          "x": 0.5486644506454468,
          "y": -0.4131160378456116,
          "z": 0.6858155131340027
        }
      },
      "world_space": {
        "head": {
          "x": 0.48546138405799866,
          "y": -0.25121456384658813,
          "z": 1.6345336437225342
        },
        "tail": {
          "x": 0.5486644506454468,
          "y": -0.34987205266952515,
          "z": 1.635669469833374
        },
        "rotation_quaternion": {
          "w": 0.06999823451042175,
          "x": -0.9250043630599976,
          "y": -0.27222222089767456,
          "z": -0.25566089153289795
        },
        "matrix": [
          [
            0.721065104007721,
            0.539405345916748,
            0.43486422300338745,
            0.48546138405799866
          ],
          [
            0.46782246232032776,
            -0.8419904708862305,
            0.2686908543109894,
            -0.25121456384658813
          ],
          [
            0.5110887885093689,
            0.009694835171103477,
            -0.8594817519187927,
            1.6345336437225342
          ],
          [
            0.0,
            0.0,
            0.0,
            1.0
          ]
        ]
      },
      "bone_length_armature_space": 0.11717174553718963,
      "parent": "lowerarm_l",
      "has_children": true,
      "is_end_bone": false
    },
    "index_01_l": {
      "name": "index_01_l",
      "local": {
        "location": {
          "x": 0.0,
          "y": 0.0,
          "z": 0.0
        },
        "rotation_quaternion": {
          "w": 0.9409780502319336,
          "x": 0.3382859230041504,
          "y": -0.008728491142392159,
          "z": -0.006843825802206993
        },
        "scale": {
          "x": 1.0,
          "y": 1.0,
          "z": 1.0
        },
        "matrix_basis": [
          [
            0.9997539520263672,
            0.006974328309297562,
            -0.021056976169347763,
            0.0
          ],
          [
            -0.018785230815410614,
            0.7710316181182861,
            -0.6365197896957397,
            0.0
          ],
          [
            0.011796297505497932,
            0.6367587447166443,
            0.7709729075431824,
            0.0
          ],
          [
            0.0,
            0.0,
            0.0,
            1.0
          ]
        ],
        "rotation_mode": "QUATERNION"
      },
      "armature_space": {
        "head": {
          "x": 0.5486644506454468,
          "y": -0.4131160378456116,
          "z": 0.6858155131340027
        },
        "tail": {
          "x": 0.5737118721008301,
          "y": -0.4239644408226013,
          "z": 0.6775687336921692
        }
      },
      "world_space": {
        "head": {
          "x": 0.5486644506454468,
          "y": -0.34987205266952515,
          "z": 1.635669469833374
        },
        "tail": {
          "x": 0.5737118721008301,
          "y": -0.3607204556465149,
          "z": 1.62742280960083
        },
        "rotation_quaternion": {
          "w": 0.25580111145973206,
          "x": -0.8202564716339111,
          "y": -0.49430564045906067,
          "z": -0.13193581998348236
        },
        "matrix": [
          [
            0.4765091836452484,
            0.8784136772155762,
            -0.03644740581512451,
            0.5486644506454468
          ],
          [
            0.7434177994728088,
            -0.38045424222946167,
            0.5500774383544922,
            -0.34987205266952515
          ],
          [
            0.4693329930305481,
            -0.289215087890625,
            -0.8343235850334167,
            1.635669469833374
          ],
          [
            0.0,
            0.0,
            0.0,
            1.0
          ]
        ]
      },
      "bone_length_armature_space": 0.02851439230031179,
      "parent": "metacarpal_index_l",
      "has_children": true,
      "is_end_bone": false
    },
    "index_02_l": {
      "name": "index_02_l",
      "local": {
        "location": {
          "x": 0.0,
          "y": 0.0,
          "z": 0.0
        },
        "rotation_quaternion": {
          "w": 0.8912855386734009,
          "x": 0.45328351855278015,
          "y": -0.011745277792215347,
          "z": -0.0025109113194048405
        },
        "scale": {
          "x": 1.0,
          "y": 1.0,
          "z": 1.0
        },
        "matrix_basis": [
          [
            0.9997115135192871,
            -0.00617200369015336,
            -0.0232131015509367,
            0.0
          ],
          [
            -0.015123759396374226,
            0.5890554785728455,
            -0.8079510927200317,
            0.0
          ],
          [
            0.01866048388183117,
            0.8080690503120422,
            0.5887922048568726,
            0.0
          ],
          [
            0.0,
            0.0,
            0.0,
            1.0
          ]
        ],
        "rotation_mode": "QUATERNION"
      },
      "armature_space": {
        "head": {
          "x": 0.5737121105194092,
          "y": -0.42396458983421326,
          "z": 0.677568256855011
        },
        "tail": {
          "x": 0.5864145755767822,
          "y": -0.4196867048740387,
          "z": 0.6556949019432068
        }
      },
      "world_space": {
        "head": {
          "x": 0.5737121105194092,
          "y": -0.36072057485580444,
          "z": 1.6274223327636719
        },
        "tail": {
          "x": 0.5864145755767822,
          "y": -0.3564426898956299,
          "z": 1.6055488586425781
        },
        "rotation_quaternion": {
          "w": 0.5644878149032593,
          "x": -0.630876898765564,
          "y": -0.5145211219787598,
          "z": 0.13644063472747803
        },
        "matrix": [
          [
            0.43330061435699463,
            0.4951603412628174,
            -0.7530384063720703,
            0.5737121105194092
          ],
          [
            0.803239643573761,
            0.16675809025764465,
            0.5718379020690918,
            -0.36072057485580444
          ],
          [
            0.40873032808303833,
            -0.8526538610458374,
            -0.325477659702301,
            1.6274223327636719
          ],
          [
            0.0,
            0.0,
            0.0,
            1.0
          ]
        ]
      },
      "bone_length_armature_space": 0.02565339325584765,
      "parent": "index_01_l",
      "has_children": true,
      "is_end_bone": false
    },
    "index_03_l": {
      "name": "index_03_l",
      "local": {
        "location": {
          "x": 0.0,
          "y": 0.0,
          "z": 0.0
        },
        "rotation_quaternion": {
          "w": 0.9327467083930969,
          "x": 0.3605167865753174,
          "y": -0.002811017446219921,
          "z": -0.001864174148067832
        },
        "scale": {
          "x": 1.0,
          "y": 1.0,
          "z": 1.0
        },
        "matrix_basis": [
          [
            0.9999772310256958,
            0.0014507666928693652,
            -0.006588066462427378,
            0.0
          ],
          [
            -0.0055044423788785934,
            0.740048348903656,
            -0.6725311875343323,
            0.0
          ],
          [
            0.003899802453815937,
            0.6725521683692932,
            0.7400394678115845,
            0.0
          ],
          [
            0.0,
            0.0,
            0.0,
            1.0
          ]
        ],
        "rotation_mode": "QUATERNION"
      },
      "armature_space": {
        "head": {
          "x": 0.5864146947860718,
          "y": -0.41968682408332825,
          "z": 0.6556949615478516
        },
        "tail": {
          "x": 0.5814259052276611,
          "y": -0.40150216221809387,
          "z": 0.6333752870559692
        }
      },
      "world_space": {
        "head": {
          "x": 0.5864146947860718,
          "y": -0.35644280910491943,
          "z": 1.6055489778518677
        },
        "tail": {
          "x": 0.5814259052276611,
          "y": -0.33825814723968506,
          "z": 1.5832293033599854
        },
        "rotation_quaternion": {
          "w": 0.7846342325210571,
          "x": -0.3229037821292877,
          "y": -0.44218915700912476,
          "z": 0.2907765805721283
        },
        "matrix": [
          [
            0.4398358166217804,
            -0.17073947191238403,
            -0.8816986680030823,
            0.5864146947860718
          ],
          [
            0.741876482963562,
            0.6223641633987427,
            0.2495652735233307,
            -0.35644280910491943
          ],
          [
            0.5061312317848206,
            -0.7638840079307556,
            0.4004087746143341,
            1.6055489778518677
          ],
          [
            0.0,
            0.0,
            0.0,
            1.0
          ]
        ]
      },
      "bone_length_armature_space": 0.029218792113579622,
      "parent": "index_02_l",
      "has_children": false,
      "is_end_bone": true
    },
    "metacarpal_pinky_l": {
      "name": "metacarpal_pinky_l",
      "local": {
        "location": {
          "x": 0.0,
          "y": 0.0,
          "z": 0.0
        },
        "rotation_quaternion": {
          "w": 0.9998167157173157,
          "x": -0.013347361236810684,
          "y": -0.006789637729525566,
          "z": -0.011927545070648193
        },
        "scale": {
          "x": 1.0,
          "y": 1.0,
          "z": 1.0
        },
        "matrix_basis": [
          [
            0.9996232986450195,
            0.02403196506202221,
            -0.01325838454067707,
            0.0
          ],
          [
            -0.023669470101594925,
            0.9993591904640198,
            0.026851797476410866,
            0.0
          ],
          [
            0.013895189389586449,
            -0.02652786299586296,
            0.9995514750480652,
            0.0
          ],
          [
            0.0,
            0.0,
            0.0,
            1.0
          ]
        ],
        "rotation_mode": "QUATERNION"
      },
      "armature_space": {
        "head": {
          "x": 0.48546138405799866,
          "y": -0.31445854902267456,
          "z": 0.6846795678138733
        },
        "tail": {
          "x": 0.5537219047546387,
          "y": -0.37135225534439087,
          "z": 0.7389646172523499
        }
      },
      "world_space": {
        "head": {
          "x": 0.48546138405799866,
          "y": -0.25121456384658813,
          "z": 1.6345336437225342
        },
        "tail": {
          "x": 0.5537219047546387,
          "y": -0.30810827016830444,
          "z": 1.6888186931610107
        },
        "rotation_quaternion": {
          "w": 0.472214013338089,
          "x": 0.6320831775665283,
          "y": 0.06187444552779198,
          "z": -0.6112744212150574
        },
        "matrix": [
          [
            0.24503125250339508,
            0.6555266976356506,
            -0.7143139839172363,
            0.48546138405799866
          ],
          [
            -0.49908551573753357,
            -0.5463679432868958,
            -0.6726041436195374,
            -0.25121456384658813
          ],
          [
            -0.8311945199966431,
            0.5213159322738647,
            0.19328735768795013,
            1.6345336437225342
          ],
          [
            0.0,
            0.0,
            0.0,
            1.0
          ]
        ]
      },
      "bone_length_armature_space": 0.10413097065512979,
      "parent": "lowerarm_l",
      "has_children": true,
      "is_end_bone": false
    },
    "pinky_01_l": {
      "name": "pinky_01_l",
      "local": {
        "location": {
          "x": 0.0,
          "y": 0.0,
          "z": 0.0
        },
        "rotation_quaternion": {
          "w": 0.9566460251808167,
          "x": 0.29101091623306274,
          "y": 0.00367181608453393,
          "z": 0.011296735145151615
        },
        "scale": {
          "x": 1.0,
          "y": 1.0,
          "z": 1.0
        },
        "matrix_basis": [
          [
            0.9997178316116333,
            -0.01947687566280365,
            0.013600203208625317,
            0.0
          ],
          [
            0.0237510297447443,
            0.8303700685501099,
            -0.556705892086029,
            0.0
          ],
          [
            -0.0004503100353758782,
            0.5568718314170837,
            0.8305983543395996,
            0.0
          ],
          [
            0.0,
            0.0,
            0.0,
            1.0
          ]
        ],
        "rotation_mode": "QUATERNION"
      },
      "armature_space": {
        "head": {
          "x": 0.5537219047546387,
          "y": -0.37135225534439087,
          "z": 0.7389646172523499
        },
        "tail": {
