{
  "metadata": {
    "armature_name": "KIM_caucasian_male",
    "export_time": "2026-01-13T21:00:49.910027",
    "blender_version": "4.4.1",
    "bone_count": 56,
    "end_bone_count": 13,
    "spaces_included": [
      "LOCAL_CHANNELS",
      "ARMATURE_SPACE",
      "WORLD_SPACE"
    ],
    "note": "LOCAL matches Transform panel; replay pose via local.matrix_basis for best fidelity."
  },
  "bones": {
    "Root": {
      "name": "Root",
      "local": {
        "location": {
          "x": 0.0,
          "y": 0.0,
          "z": 0.0
        },
        "rotation_quaternion": {
          "w": 0.9995822310447693,
          "x": 0.008421508595347404,
          "y": -0.018999794498085976,
          "z": 0.020090360194444656
        },
        "scale": {
          "x": 1.0,
          "y": 1.0,
          "z": 1.0
        },
        "matrix_basis": [
          [
            0.9984707832336426,
            -0.04048394784331322,
            -0.037645332515239716,
            0.0
          ],
          [
            0.03984392061829567,
            0.9990509152412415,
            -0.017599405720829964,
            0.0
          ],
          [
            0.038322094827890396,
            0.016072554513812065,
            0.9991361498832703,
            0.0
          ],
          [
            0.0,
            0.0,
            0.0,
            1.0
          ]
        ],
        "rotation_mode": "QUATERNION"
      },
      "armature_space": {
        "head": {
          "x": 0.0,
          "y": 0.07072800397872925,
          "z": -0.009595036506652832
        },
        "tail": {
          "x": -0.002889577066525817,
          "y": -8.708983659744263e-05,
          "z": -0.0011458946391940117
        }
      },
      "world_space": {
        "head": {
          "x": 0.0,
          "y": 0.13397200405597687,
          "z": 0.9402589797973633
        },
        "tail": {
          "x": -0.002889577066525817,
          "y": 0.06315691024065018,
          "z": 0.9487081170082092
        },
        "rotation_quaternion": {
          "w": 0.058937132358551025,
          "x": 0.9978786706924438,
          "y": -0.021324699744582176,
          "z": -0.017603188753128052
        },
        "matrix": [
          [
            0.9984707832336426,
            -0.04048394784331322,
            -0.037645332515239716,
            0.0
          ],
          [
            -0.0446338951587677,
            -0.9921433329582214,
            -0.11687390506267548,
            0.13397200405597687
          ],
          [
            -0.032618314027786255,
            0.11837533116340637,
            -0.9924400448799133,
            0.9402589797973633
          ],
          [
            0.0,
            0.0,
            0.0,
            1.0
          ]
        ]
      },
      "bone_length_armature_space": 0.07137587340506454,
      "parent": null,
      "has_children": true,
      "is_end_bone": false
    },
    "spine_01": {
      "name": "spine_01",
      "local": {
        "location": {
          "x": 0.0,
          "y": 0.0,
          "z": 0.0
        },
        "rotation_quaternion": {
          "w": 0.994366466999054,
          "x": 0.0904066190123558,
          "y": -0.030858224257826805,
          "z": 0.045932069420814514
        },
        "scale": {
          "x": 1.0,
          "y": 1.0,
          "z": 1.0
        },
        "matrix_basis": [
          [
            0.993876039981842,
            -0.09692619740962982,
            -0.05306364223361015,
            0.0
          ],
          [
            0.08576704561710358,
            0.9794337749481201,
            -0.18262939155101776,
            0.0
          ],
          [
            0.06967389583587646,
            0.17695985734462738,
            0.9817488193511963,
            0.0
          ],
          [
            0.0,
            0.0,
            0.0,
            1.0
          ]
        ],
        "rotation_mode": "QUATERNION"
      },
      "armature_space": {
        "head": {
          "x": -0.002889577066525817,
          "y": -8.708983659744263e-05,
          "z": -0.0011458946391940117
        },
        "tail": {
          "x": -0.03766462951898575,
          "y": -0.07028041034936905,
          "z": 0.4805302917957306
        }
      },
      "world_space": {
        "head": {
          "x": -0.002889577066525817,
          "y": 0.06315691024065018,
          "z": 0.9487081170082092
        },
        "tail": {
          "x": -0.03766462951898575,
          "y": -0.0070364102721214294,
          "z": 1.4303842782974243
        },
        "rotation_quaternion": {
          "w": 0.6514840722084045,
          "x": 0.7560965418815613,
          "y": -0.06040751188993454,
          "z": -0.015416881069540977
        },
        "matrix": [
          [
            0.9922264814376831,
            -0.07126017659902573,
            -0.10202275216579437,
            -0.002889577066525817
          ],
          [
            -0.1114358901977539,
            -0.14383840560913086,
            -0.9833070039749146,
            0.06315691024065018
          ],
          [
            0.055396124720573425,
            0.9870389103889465,
            -0.15066315233707428,
            0.9487081170082092
          ],
          [
            0.0,
            0.0,
            0.0,
            1.0
          ]
        ]
      },
      "bone_length_armature_space": 0.4880044729666162,
      "parent": "Root",
      "has_children": true,
      "is_end_bone": false
    },
    "neck_01": {
      "name": "neck_01",
      "local": {
        "location": {
          "x": 0.0,
          "y": 0.0,
          "z": 0.0
        },
        "rotation_quaternion": {
          "w": 0.9901431798934937,
          "x": -0.11669474095106125,
          "y": -0.0681304782629013,
          "z": -0.03683851286768913
        },
        "scale": {
          "x": 1.0,
          "y": 1.0,
          "z": 1.0
        },
        "matrix_basis": [
          [
            0.9880023002624512,
            0.08885174244642258,
            -0.12632013857364655,
            0.0
          ],
          [
            -0.057049866765737534,
            0.9700505137443542,
            0.236108660697937,
            0.0
          ],
          [
            0.14351557195186615,
            -0.2260693460702896,
            0.9634811282157898,
            0.0
          ],
          [
            0.0,
            0.0,
            0.0,
            1.0
          ]
        ],
        "rotation_mode": "QUATERNION"
      },
      "armature_space": {
        "head": {
          "x": -0.0464203879237175,
          "y": -0.11491355299949646,
          "z": 0.5475746989250183
        },
        "tail": {
          "x": -0.04619327187538147,
          "y": -0.14651501178741455,
          "z": 0.6451044082641602
        }
      },
      "world_space": {
        "head": {
          "x": -0.0464203879237175,
          "y": -0.05166955292224884,
          "z": 1.4974286556243896
        },
        "tail": {
          "x": -0.04619327187538147,
          "y": -0.08327101171016693,
          "z": 1.5949584245681763
        },
        "rotation_quaternion": {
          "w": 0.5847120881080627,
          "x": 0.803894579410553,
          "y": -0.06316845864057541,
          "z": -0.0887419581413269
        },
        "matrix": [
          [
            0.9762693643569946,
            0.0022153090685606003,
            -0.21654890477657318,
            -0.0464203879237175
          ],
          [
            -0.20533844828605652,
            -0.3082427978515625,
            -0.9288825392723083,
            -0.05166955292224884
          ],
          [
            -0.06880804896354675,
            0.951311469078064,
            -0.3004760444164276,
            1.4974286556243896
          ],
          [
            0.0,
            0.0,
            0.0,
            1.0
          ]
        ]
      },
      "bone_length_armature_space": 0.1025219403931945,
      "parent": "spine_01",
      "has_children": true,
      "is_end_bone": false
    },
    "head": {
      "name": "head",
      "local": {
        "location": {
          "x": 0.0,
          "y": 0.0,
          "z": 0.0
        },
        "rotation_quaternion": {
          "w": 0.9891107082366943,
          "x": -0.05031408742070198,
          "y": -0.13781055808067322,
          "z": 0.01169615052640438
        },
        "scale": {
          "x": 1.0,
          "y": 1.0,
          "z": 1.0
        },
        "matrix_basis": [
          [
            0.9617428779602051,
            -0.009269950911402702,
            -0.27379676699638367,
            0.0
          ],
          [
            0.03700520098209381,
            0.9946633577346802,
            0.09630870074033737,
            0.0
          ],
          [
            0.27144283056259155,
            -0.10275611281394958,
            0.9569534659385681,
            0.0
          ],
          [
            0.0,
            0.0,
            0.0,
            1.0
          ]
        ],
        "rotation_mode": "QUATERNION"
      },
      "armature_space": {
        "head": {
          "x": -0.046193305402994156,
          "y": -0.1465151309967041,
          "z": 0.6451042890548706
        },
        "tail": {
          "x": -0.03204452991485596,
          "y": -0.1231623962521553,
          "z": 0.7977731227874756
        }
      },
      "world_space": {
        "head": {
          "x": -0.046193305402994156,
          "y": -0.08327113091945648,
          "z": 1.5949583053588867
        },
        "tail": {
          "x": -0.03204452991485596,
          "y": -0.059918396174907684,
          "z": 1.7476271390914917
        },
        "rotation_quaternion": {
          "w": 0.7436767816543579,
          "x": 0.6244339942932129,
          "y": -0.14910496771335602,
          "z": -0.18653368949890137
        },
        "matrix": [
          [
            0.8859456777572632,
            0.09122931957244873,
            -0.4547281861305237,
            -0.046193305402994156
          ],
          [
            -0.46365436911582947,
            0.1505751758813858,
            -0.8731276988983154,
            -0.08327113091945648
          ],
          [
            -0.011184561997652054,
            0.9843872785568237,
            0.17570069432258606,
            1.5949583053588867
          ],
          [
            0.0,
            0.0,
            0.0,
            1.0
          ]
        ]
      },
      "bone_length_armature_space": 0.15509129696200166,
      "parent": "neck_01",
      "has_children": false,
      "is_end_bone": true
    },
    "upperarm_l": {
      "name": "upperarm_l",
      "local": {
        "location": {
          "x": 0.0,
          "y": 0.0,
          "z": 0.0
        },
        "rotation_quaternion": {
          "w": 0.8932608366012573,
          "x": -0.21579165756702423,
          "y": 0.28405919671058655,
          "z": -0.2735496759414673
        },
        "scale": {
          "x": 1.0,
          "y": 1.0,
          "z": 1.0
        },
        "matrix_basis": [
          [
            0.688961923122406,
            0.3661072254180908,
            0.6255373954772949,
            0.0
          ],
          [
            -0.611297607421875,
            0.757209062576294,
            0.2301078736782074,
            0.0
          ],
          [
            -0.38941842317581177,
            -0.5409250855445862,
            0.7454886436462402,
            0.0
          ],
          [
            0.0,
            0.0,
            0.0,
            1.0
          ]
        ],
        "rotation_mode": "QUATERNION"
      },
      "armature_space": {
        "head": {
          "x": 0.10687746107578278,
          "y": -0.12509778141975403,
          "z": 0.4890669882297516
        },
        "tail": {
          "x": 0.3230983316898346,
          "y": 0.01991438865661621,
          "z": 0.42560309171676636
        }
      },
      "world_space": {
        "head": {
          "x": 0.10687746107578278,
          "y": -0.06185378134250641,
          "z": 1.4389209747314453
        },
        "tail": {
          "x": 0.3230983316898346,
          "y": 0.08315838873386383,
          "z": 1.3754570484161377
        },
        "rotation_quaternion": {
          "w": 0.2528119683265686,
          "x": 0.40127137303352356,
          "y": 0.8406323194503784,
          "z": -0.26154303550720215
        },
        "matrix": [
          [
            -0.550134539604187,
            0.8068863153457642,
            0.21514296531677246,
            0.10687746107578278
          ],
          [
            0.5424014925956726,
            0.5411519408226013,
            -0.6426160931587219,
            -0.06185378134250641
          ],
          [
            -0.6349469423294067,
            -0.23683258891105652,
            -0.7353683114051819,
            1.4389209747314453
          ],
          [
            0.0,
            0.0,
            0.0,
            1.0
          ]
        ]
      },
      "bone_length_armature_space": 0.26796951610105346,
      "parent": "spine_01",
      "has_children": true,
      "is_end_bone": false
    },
    "lowerarm_l": {
      "name": "lowerarm_l",
      "local": {
        "location": {
          "x": 0.0,
          "y": 0.0,
          "z": 0.0
        },
        "rotation_quaternion": {
          "w": 0.9567965865135193,
          "x": 0.060277827084064484,
          "y": 0.1155804693698883,
          "z": -0.25990030169487
        },
        "scale": {
          "x": 1.0,
          "y": 1.0,
          "z": 1.0
        },
        "matrix_basis": [
          [
            0.8381859660148621,
            0.5112773180007935,
            0.18984155356884003,
            0.0
          ],
          [
            -0.4834095537662506,
            0.8576368093490601,
            -0.17542603611946106,
            0.0
          ],
          [
            -0.25250643491744995,
            0.05526844039559364,
            0.9660154581069946,
            0.0
          ],
          [
            0.0,
            0.0,
            0.0,
            1.0
          ]
        ],
        "rotation_mode": "QUATERNION"
      },
      "armature_space": {
        "head": {
          "x": 0.32309848070144653,
          "y": 0.019914358854293823,
          "z": 0.42560312151908875
        },
        "tail": {
          "x": 0.4597885012626648,
          "y": 0.17028851807117462,
          "z": 0.25161129236221313
        }
      },
      "world_space": {
        "head": {
          "x": 0.32309848070144653,
          "y": 0.08315835893154144,
          "z": 1.3754571676254272
        },
        "tail": {
          "x": 0.4597885012626648,
          "y": 0.23353251814842224,
          "z": 1.201465368270874
        },
        "rotation_quaternion": {
          "w": 0.07916290313005447,
          "x": 0.2549496591091156,
          "y": 0.8802165389060974,
          "z": -0.3923683762550354
        },
        "matrix": [
          [
            -0.857467532157898,
            0.5109440088272095,
            -0.060708701610565186,
            0.32309848070144653
          ],
          [
            0.38670098781585693,
            0.5620949268341064,
            -0.7311031818389893,
            0.08315835893154144
          ],
          [
            -0.33943063020706177,
            -0.6503772735595703,
            -0.6795661449432373,
            1.3754571676254272
          ],
          [
            0.0,
            0.0,
            0.0,
            1.0
          ]
        ]
      },
      "bone_length_armature_space": 0.2675251490645122,
      "parent": "upperarm_l",
      "has_children": true,
      "is_end_bone": false
    },
    "metacarpal_thumb_l": {
      "name": "metacarpal_thumb_l",
      "local": {
        "location": {
          "x": 0.0,
          "y": 0.0,
          "z": 0.0
        },
        "rotation_quaternion": {
          "w": 0.9991592168807983,
          "x": 0.03670250624418259,
          "y": -0.01595778577029705,
          "z": 0.008905039168894291
        },
        "scale": {
          "x": 1.0,
          "y": 1.0,
          "z": 1.0
        },
        "matrix_basis": [
          [
            0.999332070350647,
            -0.01896648481488228,
            -0.031235063448548317,
            0.0
          ],
          [
            0.0166237223893404,
            0.997147262096405,
            -0.07362750172615051,
            0.0
          ],
          [
            0.03254241123795509,
            0.07305908203125,
            0.9967965483665466,
            0.0
          ],
          [
            0.0,
            0.0,
            0.0,
            1.0
          ]
        ],
        "rotation_mode": "QUATERNION"
      },
      "armature_space": {
        "head": {
          "x": 0.4597885012626648,
          "y": 0.17028851807117462,
          "z": 0.25161129236221313
        },
        "tail": {
          "x": 0.4665346145629883,
          "y": 0.174657940864563,
          "z": 0.20273375511169434
        }
      },
      "world_space": {
        "head": {
          "x": 0.4597885012626648,
          "y": 0.23353251814842224,
          "z": 1.201465368270874
        },
        "tail": {
          "x": 0.4665346145629883,
          "y": 0.2379019409418106,
          "z": 1.1525877714157104
        },
        "rotation_quaternion": {
          "w": 0.557407557964325,
          "x": -0.5658991932868958,
          "y": -0.4831174314022064,
          "z": 0.3683106005191803
        },
        "matrix": [
          [
            0.2618880569934845,
            0.13619250059127808,
            -0.9554402828216553,
            0.4597885012626648
          ],
          [
            0.9573901891708374,
            0.08821114897727966,
            0.2749966084957123,
            0.23353251814842224
          ],
          [
            0.1217348650097847,
            -0.9867540001869202,
            -0.10728836059570312,
            1.201465368270874
          ],
          [
            0.0,
            0.0,
            0.0,
            1.0
          ]
        ]
      },
      "bone_length_armature_space": 0.049533982638435683,
      "parent": "lowerarm_l",
      "has_children": true,
      "is_end_bone": false
    },
    "thumb_01_l": {
      "name": "thumb_01_l",
      "local": {
        "location": {
          "x": 0.0,
          "y": 0.0,
          "z": 0.0
        },
        "rotation_quaternion": {
          "w": 0.9955476522445679,
          "x": -0.09153375774621964,
          "y": 0.01702319271862507,
          "z": 0.014720994047820568
        },
        "scale": {
          "x": 1.0,
          "y": 1.0,
          "z": 1.0
        },
        "matrix_basis": [
          [
            0.9989870190620422,
            -0.03242729604244232,
            0.03119986318051815,
            0.0
          ],
          [
            0.026194509118795395,
            0.9828097224235535,
            0.18275363743305206,
            0.0
          ],
          [
            -0.03658973425626755,
            -0.18175123631954193,
            0.9826635718345642,
            0.0
          ],
          [
            0.0,
            0.0,
            0.0,
            1.0
          ]
        ],
        "rotation_mode": "QUATERNION"
      },
      "armature_space": {
        "head": {
          "x": 0.4665346145629883,
          "y": 0.174657940864563,
          "z": 0.20273375511169434
        },
        "tail": {
          "x": 0.4428134262561798,
          "y": 0.1736082285642624,
          "z": 0.1783444732427597
        }
      },
      "world_space": {
        "head": {
          "x": 0.4665346145629883,
          "y": 0.2379019409418106,
          "z": 1.1525877714157104
        },
        "tail": {
          "x": 0.4428134262561798,
          "y": 0.23685222864151,
          "z": 1.128198504447937
        },
        "rotation_quaternion": {
          "w": 0.6229503750801086,
          "x": -0.6839449405670166,
          "y": 0.3106672763824463,
          "z": 0.21826152503490448
        },
        "matrix": [
          [
            0.71169513463974,
            -0.6968909502029419,
            0.08850438892841339,
            0.4665346145629883
          ],
          [
            -0.15303003787994385,
            -0.030838802456855774,
            0.9877404570579529,
            0.2379019409418106
          ],
          [
            -0.6856225728988647,
            -0.716518759727478,
            -0.12859289348125458,
            1.1525877714157104
          ],
          [
            0.0,
            0.0,
            0.0,
            1.0
          ]
        ]
      },
      "bone_length_armature_space": 0.0340387097277248,
      "parent": "metacarpal_thumb_l",
      "has_children": true,
      "is_end_bone": false
    },
    "thumb_02_l": {
      "name": "thumb_02_l",
      "local": {
        "location": {
          "x": 0.0,
          "y": 0.0,
          "z": 0.0
        },
        "rotation_quaternion": {
          "w": 0.9966539144515991,
          "x": 0.0807400494813919,
          "y": 0.01028877031058073,
          "z": -0.007504134438931942
        },
        "scale": {
          "x": 1.0,
          "y": 1.0,
          "z": 1.0
        },
        "matrix_basis": [
          [
            0.9996756315231323,
            0.016619481146335602,
            0.01929691806435585,
            0.0
          ],
          [
            -0.01329661812633276,
            0.9868494868278503,
            -0.16109418869018555,
            0.0
          ],
          [
            -0.02172045409679413,
            0.16078536212444305,
            0.9867503643035889,
            0.0
          ],
          [
            0.0,
            0.0,
            0.0,
            1.0
          ]
        ],
        "rotation_mode": "QUATERNION"
      },
      "armature_space": {
        "head": {
          "x": 0.4428134262561798,
          "y": 0.17360819876194,
          "z": 0.1783445179462433
        },
        "tail": {
          "x": 0.45494067668914795,
          "y": 0.1948159635066986,
          "z": 0.14646422863006592
        }
      },
      "world_space": {
        "head": {
          "x": 0.4428134262561798,
          "y": 0.23685219883918762,
          "z": 1.128198504447937
        },
        "tail": {
          "x": 0.45494067668914795,
          "y": 0.2580599784851074,
          "z": 1.096318244934082
        },
        "rotation_quaternion": {
          "w": 0.7971410155296326,
          "x": -0.34322381019592285,
          "y": 0.35857832431793213,
          "z": -0.3437809646129608
        },
        "matrix": [
          [
            0.5064722299575806,
            0.3019399642944336,
            0.8076621890068054,
            0.4428134262561798
          ],
          [
            -0.7942296862602234,
            0.5280239582061768,
            0.30065006017684937,
            0.23685219883918762
          ],
          [
            -0.3356896638870239,
            -0.793744683265686,
            0.5072428584098816,
            1.128198504447937
          ],
          [
            0.0,
            0.0,
            0.0,
            1.0
          ]
        ]
      },
      "bone_length_armature_space": 0.0401645649150749,
      "parent": "thumb_01_l",
      "has_children": true,
      "is_end_bone": false
    },
    "thumb_03_l": {
      "name": "thumb_03_l",
      "local": {
        "location": {
          "x": 0.0,
          "y": 0.0,
          "z": 0.0
        },
        "rotation_quaternion": {
          "w": 0.9953369498252869,
          "x": 0.09619449079036713,
          "y": -0.0056712934747338295,
          "z": 0.0043340688571333885
        },
        "scale": {
          "x": 1.0,
          "y": 1.0,
          "z": 1.0
        },
        "matrix_basis": [
          [
            0.9998980760574341,
            -0.009718812070786953,
            -0.010455869138240814,
            0.0
          ],
          [
            0.007536623161286116,
            0.9814556837081909,
            -0.19154101610183716,
            0.0
          ],
          [
            0.012123523280024529,
            0.19144269824028015,
            0.9814289212226868,
            0.0
          ],
          [
            0.0,
            0.0,
            0.0,
            1.0
          ]
        ],
        "rotation_mode": "QUATERNION"
      },
      "armature_space": {
        "head": {
          "x": 0.4549406170845032,
          "y": 0.19481588900089264,
          "z": 0.14646422863006592
        },
        "tail": {
          "x": 0.4725687801837921,
          "y": 0.2154533714056015,
          "z": 0.13267163932323456
        }
      },
      "world_space": {
        "head": {
          "x": 0.4549406170845032,
          "y": 0.25805988907814026,
          "z": 1.096318244934082
        },
        "tail": {
          "x": 0.4725687801837921,
          "y": 0.2786973714828491,
          "z": 1.082525610923767
        },
        "rotation_quaternion": {
          "w": 0.7972708344459534,
          "x": -0.05967307090759277,
          "y": 0.45087870955467224,
          "z": -0.3968712389469147
        },
        "matrix": [
          [
            0.2784023880958557,
            0.5790191292762756,
            0.7663087844848633,
            0.4549406170845032
          ],
          [
            -0.6866391897201538,
            0.677863597869873,
            -0.26273220777511597,
            0.25805988907814026
          ],
          [
            -0.6715847849845886,
            -0.45303449034690857,
            0.5862996578216553,
            1.096318244934082
          ],
          [
            0.0,
            0.0,
            0.0,
            1.0
          ]
        ]
      },
      "bone_length_armature_space": 0.030444922982622972,
      "parent": "thumb_02_l",
      "has_children": false,
      "is_end_bone": true
    },
    "metacarpal_index_l": {
      "name": "metacarpal_index_l",
      "local": {
        "location": {
          "x": 0.0,
          "y": 0.0,
          "z": 0.0
        },
        "rotation_quaternion": {
          "w": 0.9986975193023682,
          "x": -0.04970698803663254,
          "y": -0.0009516557911410928,
          "z": -0.01147801335901022
        },
        "scale": {
          "x": 1.0,
          "y": 1.0,
          "z": 1.0
        },
        "matrix_basis": [
          [
            0.9997346997261047,
            0.023020735010504723,
            -0.0007597575895488262,
            0.0
          ],
          [
            -0.022831518203020096,
            0.9947949647903442,
            0.09930633753538132,
            0.0
          ],
          [
            0.0030419074464589357,
            -0.09926264733076096,
            0.9950566291809082,
            0.0
          ],
          [
            0.0,
            0.0,
            0.0,
            1.0
          ]
        ],
        "rotation_mode": "QUATERNION"
      },
      "armature_space": {
        "head": {
          "x": 0.4597885012626648,
          "y": 0.17028851807117462,
          "z": 0.25161129236221313
        },
        "tail": {
          "x": 0.5180564522743225,
          "y": 0.21375691890716553,
          "z": 0.1597164273262024
        }
      },
      "world_space": {
        "head": {
          "x": 0.4597885012626648,
          "y": 0.23353251814842224,
          "z": 1.201465368270874
        },
        "tail": {
          "x": 0.5180564522743225,
          "y": 0.27700090408325195,
          "z": 1.1095705032348633
        },
        "rotation_quaternion": {
          "w": 0.32908403873443604,
          "x": -0.46382489800453186,
          "y": -0.7597331404685974,
          "z": 0.3152395188808441
        },
        "matrix": [
          [
            -0.35313913226127625,
            0.4972868859767914,
            -0.792463481426239,
            0.4597885012626648
          ],
          [
            0.9122474193572998,
            0.37098023295402527,
            -0.1737196445465088,
            0.23353251814842224
          ],
          [
            0.20760218799114227,
            -0.7842749953269958,
            -0.5846604704856873,
            1.201465368270874
          ],
          [
            0.0,
            0.0,
            0.0,
            1.0
          ]
        ]
      },
      "bone_length_armature_space": 0.11717218905006993,
      "parent": "lowerarm_l",
      "has_children": true,
      "is_end_bone": false
    },
    "index_01_l": {
      "name": "index_01_l",
      "local": {
        "location": {
          "x": 0.0,
          "y": 0.0,
          "z": 0.0
        },
        "rotation_quaternion": {
          "w": 0.9939336180686951,
          "x": -0.10966973006725311,
          "y": 0.001299296971410513,
          "z": 0.008183218538761139
        },
        "scale": {
          "x": 1.0,
          "y": 1.0,
          "z": 1.0
        },
        "matrix_basis": [
          [
            0.9998626708984375,
            -0.016552139073610306,
            0.0007879271288402379,
            0.0
          ],
          [
            0.015982164070010185,
            0.9758111834526062,
            0.21803012490272522,
            0.0
          ],
          [
            -0.004377732519060373,
            -0.21798759698867798,
            0.9759417176246643,
            0.0
          ],
          [
            0.0,
            0.0,
            0.0,
            1.0
          ]
        ],
        "rotation_mode": "QUATERNION"
      },
      "armature_space": {
        "head": {
          "x": 0.5180564522743225,
          "y": 0.21375691890716553,
          "z": 0.1597164273262024
        },
        "tail": {
          "x": 0.5353373289108276,
          "y": 0.23285551369190216,
          "z": 0.1474817991256714
        }
      },
      "world_space": {
        "head": {
          "x": 0.5180564522743225,
          "y": 0.27700090408325195,
          "z": 1.1095705032348633
        },
        "tail": {
          "x": 0.5353373289108276,
          "y": 0.2960995137691498,
          "z": 1.0973358154296875
        },
        "rotation_quaternion": {
          "w": 0.320773184299469,
          "x": -0.3929491937160492,
          "y": -0.8555694818496704,
          "z": 0.10342355072498322
        },
        "matrix": [
          [
            -0.4853903353214264,
            0.6060408353805542,
            -0.6301671266555786,
            0.5180564522743225
          ],
          [
            0.7387422919273376,
            0.6697884202003479,
            0.07512446492910385,
            0.27700090408325195
          ],
          [
            0.4676111042499542,
            -0.4290686249732971,
            -0.7728219032287598,
            1.1095705032348633
          ],
          [
            0.0,
            0.0,
            0.0,
            1.0
          ]
        ]
      },
      "bone_length_armature_space": 0.028514402507025978,
      "parent": "metacarpal_index_l",
      "has_children": true,
      "is_end_bone": false
    },
    "index_02_l": {
      "name": "index_02_l",
      "local": {
        "location": {
          "x": 0.0,
          "y": 0.0,
          "z": 0.0
        },
        "rotation_quaternion": {
          "w": 0.9999395608901978,
          "x": 0.009538882412016392,
          "y": 0.0053144642151892185,
          "z": 0.0012474155519157648
        },
        "scale": {
          "x": 1.0,
          "y": 1.0,
          "z": 1.0
        },
        "matrix_basis": [
          [
            0.9999403953552246,
            -0.002393292263150215,
            0.010652083903551102,
            0.0
          ],
          [
            0.0025960684288293123,
            0.9998149275779724,
            -0.019063353538513184,
            0.0
          ],
          [
            -0.010604487732052803,
            0.019089870154857635,
            0.9997615218162537,
            0.0
          ],
          [
            0.0,
            0.0,
            0.0,
            1.0
          ]
        ],
        "rotation_mode": "QUATERNION"
      },
      "armature_space": {
        "head": {
          "x": 0.535337507724762,
          "y": 0.23285561800003052,
          "z": 0.1474812924861908
        },
        "tail": {
          "x": 0.5507880449295044,
          "y": 0.25051960349082947,
          "z": 0.1371200531721115
        }
      },
      "world_space": {
        "head": {
          "x": 0.535337507724762,
          "y": 0.29609960317611694,
          "z": 1.0973353385925293
        },
        "tail": {
          "x": 0.5507880449295044,
          "y": 0.3137636184692383,
          "z": 1.086974024772644
        },
        "rotation_quaternion": {
          "w": 0.29522427916526794,
          "x": -0.380976140499115,
          "y": -0.8701300621032715,
          "z": 0.10282813757658005
        },
        "matrix": [
          [
            -0.5353990793228149,
            0.602283775806427,
            -0.5921164751052856,
            0.535337507724762
          ],
          [
            0.7237127423286438,
            0.6885666847229004,
            0.04600033536553383,
            0.29609960317611694
          ],
          [
            0.4354206919670105,
            -0.403895765542984,
            -0.8045437932014465,
            1.0973353385925293
          ],
          [
            0.0,
            0.0,
            0.0,
            1.0
          ]
        ]
      },
      "bone_length_armature_space": 0.02565327966356584,
      "parent": "index_01_l",
      "has_children": true,
      "is_end_bone": false
    },
    "index_03_l": {
      "name": "index_03_l",
      "local": {
        "location": {
          "x": 0.0,
          "y": 0.0,
          "z": 0.0
        },
        "rotation_quaternion": {
          "w": 0.9997377395629883,
          "x": 0.022505421191453934,
          "y": -0.0035365414805710316,
          "z": 0.0023448034189641476
        },
        "scale": {
          "x": 1.0,
          "y": 1.0,
          "z": 1.0
        },
        "matrix_basis": [
          [
            0.9999639987945557,
            -0.004847559612244368,
            -0.006965686567127705,
            0.0
          ],
          [
            0.004529194440692663,
            0.9989759922027588,
            -0.045015621930360794,
            0.0
          ],
          [
            0.007176769431680441,
            0.04498245194554329,
            0.9989619851112366,
            0.0
          ],
          [
            0.0,
            0.0,
            0.0,
            1.0
          ]
        ],
        "rotation_mode": "QUATERNION"
      },
      "armature_space": {
        "head": {
          "x": 0.5507881045341492,
          "y": 0.2505195736885071,
          "z": 0.13712015748023987
        },
        "tail": {
          "x": 0.5644684433937073,
          "y": 0.2724370062351227,
          "z": 0.1234743669629097
        }
      },
      "world_space": {
        "head": {
          "x": 0.5507881045341492,
          "y": 0.3137635588645935,
          "z": 1.0869741439819336
        },
        "tail": {
          "x": 0.5644684433937073,
          "y": 0.3356810212135315,
          "z": 1.0733283758163452
        },
        "rotation_quaternion": {
          "w": 0.35141465067863464,
          "x": -0.3257026672363281,
          "y": -0.8669293522834778,
          "z": 0.1373281627893448
        },
        "matrix": [
          [
            -0.5408504605293274,
            0.46820545196533203,
            -0.6987590193748474,
            0.5507881045341492
          ],
          [
            0.661241352558136,
            0.7501170635223389,
            -0.009192975237965584,
            0.3137635588645935
          ],
          [
            0.5198511481285095,
            -0.4670228362083435,
            -0.7153027653694153,
            1.0869741439819336
          ],
          [
            0.0,
            0.0,
            0.0,
            1.0
          ]
        ]
      },
      "bone_length_armature_space": 0.029218711992451993,
      "parent": "index_02_l",
      "has_children": false,
      "is_end_bone": true
    },
    "metacarpal_pinky_l": {
      "name": "metacarpal_pinky_l",
      "local": {
        "location": {
          "x": 0.0,
          "y": 0.0,
          "z": 0.0
        },
        "rotation_quaternion": {
          "w": 0.9982854723930359,
          "x": -0.055266983807086945,
          "y": -0.01791568100452423,
          "z": 0.007129451259970665
        },
        "scale": {
          "x": 1.0,
          "y": 1.0,
          "z": 1.0
        },
        "matrix_basis": [
          [
            0.9992563724517822,
            -0.01225416362285614,
            -0.03655797615647316,
            0.0
          ],
          [
            0.016214746981859207,
            0.9937894344329834,
            0.11008899658918381,
            0.0
          ],
          [
            0.03498188033699989,
            -0.11059991270303726,
            0.9932491779327393,
            0.0
          ],
          [
            0.0,
            0.0,
            0.0,
            1.0
          ]
        ],
        "rotation_mode": "QUATERNION"
      },
      "armature_space": {
        "head": {
          "x": 0.4597885012626648,
          "y": 0.17028851807117462,
          "z": 0.25161129236221313
        },
        "tail": {
          "x": 0.5019313097000122,
          "y": 0.2552841007709503,
          "z": 0.20868149399757385
        }
      },
      "world_space": {
        "head": {
          "x": 0.4597885012626648,
          "y": 0.23353251814842224,
          "z": 1.201465368270874
        },
        "tail": {
          "x": 0.5019313097000122,
          "y": 0.31852811574935913,
          "z": 1.1585354804992676
        },
        "rotation_quaternion": {
          "w": 0.6711916327476501,
          "x": -0.0016148273134604096,
          "y": 0.6764776110649109,
          "z": -0.3031127154827118
        },
        "matrix": [
          [
            -0.09899856150150299,
            0.40471068024635315,
            0.9090700745582581,
            0.4597885012626648
          ],
          [
            -0.4090788662433624,
            0.8162388801574707,
            -0.407932311296463,
            0.23353251814842224
          ],
          [
            -0.907119631767273,
            -0.41226810216903687,
            0.08475220203399658,
            1.201465368270874
          ],
          [
            0.0,
            0.0,
            0.0,
            1.0
          ]
        ]
      },
      "bone_length_armature_space": 0.10413084600137816,
      "parent": "lowerarm_l",
      "has_children": true,
      "is_end_bone": false
    },
    "pinky_01_l": {
      "name": "pinky_01_l",
      "local": {
        "location": {
          "x": 0.0,
          "y": 0.0,
          "z": 0.0
        },
        "rotation_quaternion": {
          "w": 0.9891903400421143,
          "x": -0.14532925188541412,
          "y": 0.01139139011502266,
          "z": -0.0158812515437603
        },
        "scale": {
          "x": 1.0,
          "y": 1.0,
          "z": 1.0
        },
        "matrix_basis": [
          [
            0.9992360472679138,
            0.028108157217502594,
            0.02715252712368965,
            0.0
          ],
          [
            -0.03473016619682312,
            0.9572544097900391,
            0.28715476393699646,
            0.0
          ],
          [
            -0.017920484766364098,
            -0.2878783941268921,
            0.9574992656707764,
            0.0
          ],
          [
            0.0,
            0.0,
            0.0,
            1.0
          ]
        ],
        "rotation_mode": "QUATERNION"
      },
      "armature_space": {
        "head": {
          "x": 0.5019313097000122,
          "y": 0.2552841007709503,
          "z": 0.20868149399757385
        },
        "tail": {
          "x": 0.5158153176307678,
