{
  "metadata": {
    "armature_name": "KIM_caucasian_male",
    "export_time": "2026-01-13T21:13:15.623088",
    "blender_version": "4.4.1",
    "bone_count": 56,
    "end_bone_count": 13,
    "spaces_included": [
      "LOCAL_CHANNELS",
      "ARMATURE_SPACE",
      "WORLD_SPACE"
    ],
    "note": "LOCAL matches Transform panel; replay pose via local.matrix_basis for best fidelity."
  },
  "bones": {
    "Root": {
      "name": "Root",
      "local": {
        "location": {
          "x": 0.0,
          "y": 0.0,
          "z": 0.0
        },
        "rotation_quaternion": {
          "w": 0.9994373321533203,
          "x": -0.004857304971665144,
          "y": -0.016937898471951485,
          "z": 0.028540704399347305
        },
        "scale": {
          "x": 1.0,
          "y": 1.0,
          "z": 1.0
        },
        "matrix_basis": [
          [
            0.9977970719337463,
            -0.05688474699854851,
            -0.034133996814489365,
            0.0
          ],
          [
            0.057213835418224335,
            0.9983236789703369,
            0.008742304518818855,
            0.0
          ],
          [
            0.033579472452402115,
            -0.01067598257213831,
            0.99937903881073,
            0.0
          ],
          [
            0.0,
            0.0,
            0.0,
            1.0
          ]
        ],
        "rotation_mode": "QUATERNION"
      },
      "armature_space": {
        "head": {
          "x": 0.0,
          "y": 0.07072800397872925,
          "z": -0.009595036506652832
        },
        "tail": {
          "x": -0.004060198087245226,
          "y": 0.0002209991216659546,
          "z": 0.0007390109822154045
        }
      },
      "world_space": {
        "head": {
          "x": 0.0,
          "y": 0.13397200405597687,
          "z": 0.9402589797973633
        },
        "tail": {
          "x": -0.004060198087245226,
          "y": 0.06346499919891357,
          "z": 0.9505930542945862
        },
        "rotation_quaternion": {
          "w": 0.0721760243177414,
          "x": 0.9968395829200745,
          "y": -0.029616938903927803,
          "z": -0.01497669331729412
        },
        "matrix": [
          [
            0.9977970719337463,
            -0.05688474699854851,
            -0.034133996814489365,
            0.0
          ],
          [
            -0.06120859459042549,
            -0.9878268837928772,
            -0.14300917088985443,
            0.13397200405597687
          ],
          [
            -0.025583676993846893,
            0.14478349685668945,
            -0.9891396164894104,
            0.9402589797973633
          ],
          [
            0.0,
            0.0,
            0.0,
            1.0
          ]
        ]
      },
      "bone_length_armature_space": 0.07137587548843494,
      "parent": null,
      "has_children": true,
      "is_end_bone": false
    },
    "spine_01": {
      "name": "spine_01",
      "local": {
        "location": {
          "x": 0.0,
          "y": 0.0,
          "z": 0.0
        },
        "rotation_quaternion": {
          "w": 0.994909405708313,
          "x": 0.055089689791202545,
          "y": 0.03338710218667984,
          "z": 0.07749639451503754
        },
        "scale": {
          "x": 1.0,
          "y": 1.0,
          "z": 1.0
        },
        "matrix_basis": [
          [
            0.9857591986656189,
            -0.15052521228790283,
            0.07497278600931168,
            0.0
          ],
          [
            0.15788234770298004,
            0.9819188714027405,
            -0.1044437438249588,
            0.0
          ],
          [
            -0.057895779609680176,
            0.11479326337575912,
            0.9917008280754089,
            0.0
          ],
          [
            0.0,
            0.0,
            0.0,
            1.0
          ]
        ],
        "rotation_mode": "QUATERNION"
      },
      "armature_space": {
        "head": {
          "x": -0.004060198087245226,
          "y": 0.0002209991216659546,
          "z": 0.0007390109822154045
        },
        "tail": {
          "x": -0.06680237501859665,
          "y": -0.024488842114806175,
          "z": 0.48406219482421875
        }
      },
      "world_space": {
        "head": {
          "x": -0.004060198087245226,
          "y": 0.06346499919891357,
          "z": 0.9505930542945862
        },
        "tail": {
          "x": -0.06680237501859665,
          "y": 0.038755156099796295,
          "z": 1.4339162111282349
        },
        "rotation_quaternion": {
          "w": 0.6876705288887024,
          "x": 0.7231317162513733,
          "y": -0.04232862964272499,
          "z": 0.04897063225507736
        },
        "matrix": [
          [
            0.9916203022003174,
            -0.12856970727443695,
            0.012607250362634659,
            -0.004060198087245226
          ],
          [
            0.006132129579782486,
            -0.05063479393720627,
            -0.9986984729766846,
            0.06346499919891357
          ],
          [
            0.1290416270494461,
            0.9904138445854187,
            -0.04942334070801735,
            0.9505930542945862
          ],
          [
            0.0,
            0.0,
            0.0,
            1.0
          ]
        ]
      },
      "bone_length_armature_space": 0.48800456814957344,
      "parent": "Root",
      "has_children": true,
      "is_end_bone": false
    },
    "neck_01": {
      "name": "neck_01",
      "local": {
        "location": {
          "x": 0.0,
          "y": 0.0,
          "z": 0.0
        },
        "rotation_quaternion": {
          "w": 0.9970990419387817,
          "x": 0.03888413682579994,
          "y": -0.01059931330382824,
          "z": -0.0645705834031105
        },
        "scale": {
          "x": 1.0,
          "y": 1.0,
          "z": 1.0
        },
        "matrix_basis": [
          [
            0.9914366006851196,
            0.1279422491788864,
            -0.02615867368876934,
            0.0
          ],
          [
            -0.12959082424640656,
            0.9886373281478882,
            -0.07617386430501938,
            0.0
          ],
          [
            0.016115587204694748,
            0.07891147583723068,
            0.9967513680458069,
            0.0
          ],
          [
            0.0,
            0.0,
            0.0,
            1.0
          ]
        ],
        "rotation_mode": "QUATERNION"
      },
      "armature_space": {
        "head": {
          "x": -0.07577881962060928,
          "y": -0.06283154338598251,
          "z": 0.554864764213562
        },
        "tail": {
          "x": -0.07386396825313568,
          "y": -0.11329275369644165,
          "z": 0.6440876722335815
        }
      },
      "world_space": {
        "head": {
          "x": -0.07577881962060928,
          "y": 0.0004124566912651062,
          "z": 1.5047187805175781
        },
        "tail": {
          "x": -0.07386396825313568,
          "y": -0.05004875361919403,
          "z": 1.5939416885375977
        },
        "rotation_quaternion": {
          "w": 0.5035446286201477,
          "x": 0.8636713027954102,
          "y": 0.0184829942882061,
          "z": 0.013155636377632618
        },
        "matrix": [
          [
            0.998970627784729,
            0.018677596002817154,
            0.04133836552500725,
            -0.07577881962060928
          ],
          [
            0.045175421983003616,
            -0.4922020435333252,
            -0.8693081736564636,
            0.0004124566912651062
          ],
          [
            0.004110308829694986,
            0.8702861666679382,
            -0.49254339933395386,
            1.5047187805175781
          ],
          [
            0.0,
            0.0,
            0.0,
            1.0
          ]
        ]
      },
      "bone_length_armature_space": 0.10252184060997376,
      "parent": "spine_01",
      "has_children": true,
      "is_end_bone": false
    },
    "head": {
      "name": "head",
      "local": {
        "location": {
          "x": 0.0,
          "y": 0.0,
          "z": 0.0
        },
        "rotation_quaternion": {
          "w": 0.9974961280822754,
          "x": -0.05507328361272812,
          "y": 0.03339657559990883,
          "z": 0.029211334884166718
        },
        "scale": {
          "x": 1.0,
          "y": 1.0,
          "z": 1.0
        },
        "matrix_basis": [
          [
            0.9960627555847168,
            -0.06195490434765816,
            0.06340838223695755,
            0.0
          ],
          [
            0.054597869515419006,
            0.9922272562980652,
            0.11182188987731934,
            0.0
          ],
          [
            -0.06984344124794006,
            -0.10791965574026108,
            0.9917032122612,
            0.0
          ],
          [
            0.0,
            0.0,
            0.0,
            1.0
          ]
        ],
        "rotation_mode": "QUATERNION"
      },
      "armature_space": {
        "head": {
          "x": -0.07386396080255508,
          "y": -0.11329285800457001,
          "z": 0.644087553024292
        },
        "tail": {
          "x": -0.08388836681842804,
          "y": -0.11941657960414886,
          "z": 0.7987333536148071
        }
      },
      "world_space": {
        "head": {
          "x": -0.07386396080255508,
          "y": -0.05004885792732239,
          "z": 1.593941569328308
        },
        "tail": {
          "x": -0.08388836681842804,
          "y": -0.056172579526901245,
          "z": 1.7485873699188232
        },
        "rotation_quaternion": {
          "w": 0.6928767561912537,
          "x": 0.7183874249458313,
          "y": 0.013380782678723335,
          "z": 0.06051662564277649
        },
        "matrix": [
          [
            0.9923174381256104,
            -0.06463596224784851,
            0.10549074411392212,
            -0.07386396080255508
          ],
          [
            0.10308586061000824,
            -0.039484903216362,
            -0.9938885569572449,
            -0.05004885792732239
          ],
          [
            0.06840680539608002,
            0.9971344470977783,
            -0.032519757747650146,
            1.593941569328308
          ],
          [
            0.0,
            0.0,
            0.0,
            1.0
          ]
        ]
      },
      "bone_length_armature_space": 0.15509130550035471,
      "parent": "neck_01",
      "has_children": false,
      "is_end_bone": true
    },
    "upperarm_l": {
      "name": "upperarm_l",
      "local": {
        "location": {
          "x": 0.0,
          "y": 0.0,
          "z": 0.0
        },
        "rotation_quaternion": {
          "w": 0.8492023944854736,
          "x": 0.07486799359321594,
          "y": 0.5215823650360107,
          "z": -0.03467051684856415
        },
        "scale": {
          "x": 1.0,
          "y": 1.0,
          "z": 1.0
        },
        "matrix_basis": [
          [
            0.45349958539009094,
            0.1369842290878296,
            0.8806665539741516,
            0.0
          ],
          [
            0.01921507902443409,
            0.9863854646682739,
            -0.16332322359085083,
            0.0
          ],
          [
            -0.8910493850708008,
            0.09098909795284271,
            0.4446932375431061,
            0.0
          ],
          [
            0.0,
            0.0,
            0.0,
            1.0
          ]
        ],
        "rotation_mode": "QUATERNION"
      },
      "armature_space": {
        "head": {
          "x": 0.08164530992507935,
          "y": -0.06169365346431732,
          "z": 0.5074998736381531
        },
        "tail": {
          "x": 0.3492935597896576,
          "y": -0.07100560516119003,
          "z": 0.49826332926750183
        }
      },
      "world_space": {
        "head": {
          "x": 0.08164530992507935,
          "y": 0.0015503466129302979,
          "z": 1.4573538303375244
        },
        "tail": {
          "x": 0.3492935597896576,
          "y": -0.007761605083942413,
          "z": 1.4481173753738403
        },
        "rotation_quaternion": {
          "w": 0.12472640722990036,
          "x": 0.7027256488800049,
          "y": 0.6834235787391663,
          "z": -0.15346777439117432
        },
        "matrix": [
          [
            0.018759414553642273,
            0.9988014101982117,
            -0.045207444578409195,
            0.08164530992507935
          ],
          [
            0.922235369682312,
            -0.03475004807114601,
            -0.3850646913051605,
            0.0015503466129302979
          ],
          [
            -0.3861759603023529,
            -0.034468650817871094,
            -0.9217885732650757,
            1.4573538303375244
          ],
          [
            0.0,
            0.0,
            0.0,
            1.0
          ]
        ]
      },
      "bone_length_armature_space": 0.26796942960775727,
      "parent": "spine_01",
      "has_children": true,
      "is_end_bone": false
    },
    "lowerarm_l": {
      "name": "lowerarm_l",
      "local": {
        "location": {
          "x": 0.0,
          "y": 0.0,
          "z": 0.0
        },
        "rotation_quaternion": {
          "w": 0.9133033752441406,
          "x": 0.2495943009853363,
          "y": 0.0984276756644249,
          "z": -0.30641770362854004
        },
        "scale": {
          "x": 1.0,
          "y": 1.0,
          "z": 1.0
        },
        "matrix_basis": [
          [
            0.7928403615951538,
            0.6088386178016663,
            0.026828432455658913,
            0.0
          ],
          [
            -0.5105706453323364,
            0.6876217722892761,
            -0.516230583190918,
            0.0
          ],
          [
            -0.3327488899230957,
            0.3955906629562378,
            0.8560293316841125,
            0.0
          ],
          [
            0.0,
            0.0,
            0.0,
            1.0
          ]
        ],
        "rotation_mode": "QUATERNION"
      },
      "armature_space": {
        "head": {
          "x": 0.34929364919662476,
          "y": -0.07100573927164078,
          "z": 0.49826329946517944
        },
        "tail": {
          "x": 0.5227614641189575,
          "y": -0.011379975825548172,
          "z": 0.30352360010147095
        }
      },
      "world_space": {
        "head": {
          "x": 0.34929364919662476,
          "y": -0.007761739194393158,
          "z": 1.4481172561645508
        },
        "tail": {
          "x": 0.5227614641189575,
          "y": 0.05186402425169945,
          "z": 1.2533776760101318
        },
        "rotation_quaternion": {
          "w": 0.19242505729198456,
          "x": -0.5164099931716919,
          "y": -0.7579004168510437,
          "z": 0.3491137623786926
        },
        "matrix": [
          [
            -0.39258450269699097,
            0.6484184265136719,
            -0.6522504687309265,
            0.34929364919662476
          ],
          [
            0.9171321988105774,
            0.22287964820861816,
            -0.3304445147514343,
            -0.007761739194393158
          ],
          [
            -0.06889253854751587,
            -0.727932333946228,
            -0.6821895837783813,
            1.4481172561645508
          ],
          [
            0.0,
            0.0,
            0.0,
            1.0
          ]
        ]
      },
      "bone_length_armature_space": 0.2675254501926777,
      "parent": "upperarm_l",
      "has_children": true,
      "is_end_bone": false
    },
    "metacarpal_thumb_l": {
      "name": "metacarpal_thumb_l",
      "local": {
        "location": {
          "x": 0.0,
          "y": 0.0,
          "z": 0.0
        },
        "rotation_quaternion": {
          "w": 0.9997969269752502,
          "x": 0.013591236434876919,
          "y": -0.004675813019275665,
          "z": -0.014131042174994946
        },
        "scale": {
          "x": 1.0,
          "y": 1.0,
          "z": 1.0
        },
        "matrix_basis": [
          [
            0.9995568990707397,
            0.028129244223237038,
            -0.009733843617141247,
            0.0
          ],
          [
            -0.028383444994688034,
            0.9992311596870422,
            -0.027044804766774178,
            0.0
          ],
          [
            0.008965610526502132,
            0.027309101074934006,
            0.999586820602417,
            0.0
          ],
          [
            0.0,
            0.0,
            0.0,
            1.0
          ]
        ],
        "rotation_mode": "QUATERNION"
      },
      "armature_space": {
        "head": {
          "x": 0.5227614641189575,
          "y": -0.011379975825548172,
          "z": 0.30352360010147095
        },
        "tail": {
          "x": 0.5261107683181763,
          "y": -0.0021957382559776306,
          "z": 0.25496387481689453
        }
      },
      "world_space": {
        "head": {
          "x": 0.5227614641189575,
          "y": 0.05186402425169945,
          "z": 1.2533776760101318
        },
        "tail": {
          "x": 0.5261107683181763,
          "y": 0.06104826182126999,
          "z": 1.2048178911209106
        },
        "rotation_quaternion": {
          "w": 0.7397646903991699,
          "x": -0.6239427924156189,
          "y": -0.21320262551307678,
          "z": 0.13412067294120789
        },
        "matrix": [
          [
            0.8731128573417664,
            0.06761676073074341,
            -0.4828060269355774,
            0.5227614641189575
          ],
          [
            0.46448737382888794,
            0.18541404604911804,
            0.8659523129463196,
            0.05186402425169945
          ],
          [
            0.14807333052158356,
            -0.9803380370140076,
            0.13048206269741058,
            1.2533776760101318
          ],
          [
            0.0,
            0.0,
            0.0,
            1.0
          ]
        ]
      },
      "bone_length_armature_space": 0.04953397707504474,
      "parent": "lowerarm_l",
      "has_children": true,
      "is_end_bone": false
    },
    "thumb_01_l": {
      "name": "thumb_01_l",
      "local": {
        "location": {
          "x": 0.0,
          "y": 0.0,
          "z": 0.0
        },
        "rotation_quaternion": {
          "w": 0.9987330436706543,
          "x": -0.0481884703040123,
          "y": 0.00406657624989748,
          "z": -0.013916566967964172
        },
        "scale": {
          "x": 1.0,
          "y": 1.0,
          "z": 1.0
        },
        "matrix_basis": [
          [
            0.9995796084403992,
            0.02740594558417797,
            0.009464084170758724,
            0.0
          ],
          [
            -0.028189795091748238,
            0.9949684143066406,
            0.09614165127277374,
            0.0
          ],
          [
            -0.006781612057238817,
            -0.09636802226305008,
            0.9953226447105408,
            0.0
          ],
          [
            0.0,
            0.0,
            0.0,
            1.0
          ]
        ],
        "rotation_mode": "QUATERNION"
      },
      "armature_space": {
        "head": {
          "x": 0.5261107683181763,
          "y": -0.0021957382559776306,
          "z": 0.25496387481689453
        },
        "tail": {
          "x": 0.5095418691635132,
          "y": 0.019564125686883926,
          "z": 0.23470035195350647
        }
      },
      "world_space": {
        "head": {
          "x": 0.5261107683181763,
          "y": 0.06104826182126999,
          "z": 1.2048178911209106
        },
        "tail": {
          "x": 0.5095418691635132,
          "y": 0.08280812203884125,
          "z": 1.1845543384552002
        },
        "rotation_quaternion": {
          "w": 0.7118926048278809,
          "x": -0.42461398243904114,
          "y": 0.5593241453170776,
          "z": 0.008270657621324062
        },
        "matrix": [
          [
            0.3741775155067444,
            -0.48676741123199463,
            0.789334237575531,
            0.5261107683181763
          ],
          [
            -0.46321725845336914,
            0.6392706632614136,
            0.6138105392456055,
            0.06104826182126999
          ],
          [
            -0.8033869862556458,
            -0.5953107476234436,
            0.013722211122512817,
            1.2048178911209106
          ],
          [
            0.0,
            0.0,
            0.0,
            1.0
          ]
        ]
      },
      "bone_length_armature_space": 0.034038661480761526,
      "parent": "metacarpal_thumb_l",
      "has_children": true,
      "is_end_bone": false
    },
    "thumb_02_l": {
      "name": "thumb_02_l",
      "local": {
        "location": {
          "x": 0.0,
          "y": 0.0,
          "z": 0.0
        },
        "rotation_quaternion": {
          "w": 0.9928958415985107,
          "x": 0.118681401014328,
          "y": -0.008431782945990562,
          "z": -0.0012082966277375817
        },
        "scale": {
          "x": 1.0,
          "y": 1.0,
          "z": 1.0
        },
        "matrix_basis": [
          [
            0.9998548626899719,
            0.0003980337642133236,
            -0.017030568793416023,
            0.0
          ],
          [
            -0.004400817211717367,
            0.9718265533447266,
            -0.23565615713596344,
            0.0
          ],
          [
            0.016456959769129753,
            0.2356969118118286,
            0.9716872572898865,
            0.0
          ],
          [
            0.0,
            0.0,
            0.0,
            1.0
          ]
        ],
        "rotation_mode": "QUATERNION"
      },
      "armature_space": {
        "head": {
          "x": 0.5095418095588684,
          "y": 0.019564105197787285,
          "z": 0.23470038175582886
        },
        "tail": {
          "x": 0.5360917448997498,
          "y": 0.03078489378094673,
          "z": 0.20672926306724548
        }
      },
      "world_space": {
        "head": {
          "x": 0.5095418095588684,
          "y": 0.08280810713768005,
          "z": 1.1845543384552002
        },
        "tail": {
          "x": 0.5360917448997498,
          "y": 0.09402889013290405,
          "z": 1.156583309173584
        },
        "rotation_quaternion": {
          "w": 0.6255084872245789,
          "x": -0.08296103775501251,
          "y": 0.4984242022037506,
          "z": -0.5944998860359192
        },
        "matrix": [
          [
            -0.20371587574481964,
            0.6610320210456848,
            0.7221747040748596,
            0.5095418095588684
          ],
          [
            -0.8264288902282715,
            0.279371440410614,
            -0.48884299397468567,
            0.08280810713768005
          ],
          [
            -0.5249000787734985,
            -0.6964156031608582,
            0.4893863797187805,
            1.1845543384552002
          ],
          [
            0.0,
            0.0,
            0.0,
            1.0
          ]
        ]
      },
      "bone_length_armature_space": 0.04016451998894408,
      "parent": "thumb_01_l",
      "has_children": true,
      "is_end_bone": false
    },
    "thumb_03_l": {
      "name": "thumb_03_l",
      "local": {
        "location": {
          "x": 0.0,
          "y": 0.0,
          "z": 0.0
        },
        "rotation_quaternion": {
          "w": 0.9986317157745361,
          "x": 0.0515441857278347,
          "y": 0.0025510939303785563,
          "z": 0.008460883051156998
        },
        "scale": {
          "x": 1.0,
          "y": 1.0,
          "z": 1.0
        },
        "matrix_basis": [
          [
            0.9998438358306885,
            -0.016635624691843987,
            0.005967425182461739,
            0.0
          ],
          [
            0.017161600291728973,
            0.994543194770813,
            -0.10290414839982986,
            0.0
          ],
          [
            -0.004222988151013851,
            0.10299048572778702,
            0.9946733713150024,
            0.0
          ],
          [
            0.0,
            0.0,
            0.0,
            1.0
          ]
        ],
        "rotation_mode": "QUATERNION"
      },
      "armature_space": {
        "head": {
          "x": 0.536091685295105,
          "y": 0.030784865841269493,
          "z": 0.2067292332649231
        },
        "tail": {
          "x": 0.5635321140289307,
          "y": 0.03654839098453522,
          "z": 0.1948675960302353
        }
      },
      "world_space": {
        "head": {
          "x": 0.536091685295105,
          "y": 0.09402886778116226,
          "z": 1.156583309173584
        },
        "tail": {
          "x": 0.5635321140289307,
          "y": 0.09979239106178284,
          "z": 1.1447216272354126
        },
        "rotation_quaternion": {
          "w": 0.5813060402870178,
          "x": 0.19356456398963928,
          "y": 0.5066927671432495,
          "z": -0.606529951095581
        },
        "matrix": [
          [
            -0.2492297887802124,
            0.901314377784729,
            0.3542834222316742,
            0.536091685295105
          ],
          [
            -0.5090062022209167,
            0.18931007385253906,
            -0.8396874666213989,
            0.09402886778116226
          ],
          [
            -0.8238977193832397,
            -0.3896101713180542,
            0.411594957113266,
            1.156583309173584
          ],
          [
            0.0,
            0.0,
            0.0,
            1.0
          ]
        ]
      },
      "bone_length_armature_space": 0.030444930809464293,
      "parent": "thumb_02_l",
      "has_children": false,
      "is_end_bone": true
    },
    "metacarpal_index_l": {
      "name": "metacarpal_index_l",
      "local": {
        "location": {
          "x": 0.0,
          "y": 0.0,
          "z": 0.0
        },
        "rotation_quaternion": {
          "w": 0.999809980392456,
          "x": -0.01613464020192623,
          "y": -0.008398066274821758,
          "z": -0.007015243172645569
        },
        "scale": {
          "x": 1.0,
          "y": 1.0,
          "z": 1.0
        },
        "matrix_basis": [
          [
            0.9997605085372925,
            0.014298819936811924,
            -0.01656656339764595,
            0.0
          ],
          [
            -0.013756820932030678,
            0.9993809461593628,
            0.032380975782871246,
            0.0
          ],
          [
            0.01701931841671467,
            -0.03214532136917114,
            0.9993382692337036,
            0.0
          ],
          [
            0.0,
            0.0,
            0.0,
            1.0
          ]
        ],
        "rotation_mode": "QUATERNION"
      },
      "armature_space": {
        "head": {
          "x": 0.5227614641189575,
          "y": -0.011379975825548172,
          "z": 0.30352360010147095
        },
        "tail": {
          "x": 0.5731151103973389,
          "y": 0.006528453901410103,
          "z": 0.19924913346767426
        }
      },
      "world_space": {
        "head": {
          "x": 0.5227614641189575,
          "y": 0.05186402425169945,
          "z": 1.2533776760101318
        },
        "tail": {
          "x": 0.5731151103973389,
          "y": 0.06977245211601257,
          "z": 1.1491031646728516
        },
        "rotation_quaternion": {
          "w": 0.5597156286239624,
          "x": -0.6232864856719971,
          "y": -0.5129693150520325,
          "z": 0.18733669817447662
        },
        "matrix": [
          [
            0.40353143215179443,
            0.4297424852848053,
            -0.8077645301818848,
            0.5227614641189575
          ],
          [
            0.8491660952568054,
            0.15283916890621185,
            0.5055270195007324,
            0.05186402425169945
          ],
          [
            0.3407076299190521,
            -0.8899285197257996,
            -0.30324891209602356,
            1.2533776760101318
          ],
          [
            0.0,
            0.0,
            0.0,
            1.0
          ]
        ]
      },
      "bone_length_armature_space": 0.11717237521458368,
      "parent": "lowerarm_l",
      "has_children": true,
      "is_end_bone": false
    },
    "index_01_l": {
      "name": "index_01_l",
      "local": {
        "location": {
          "x": 0.0,
          "y": 0.0,
          "z": 0.0
        },
        "rotation_quaternion": {
          "w": 0.9929211735725403,
          "x": -0.11790790408849716,
          "y": 0.013987751677632332,
          "z": -0.00309806689620018
        },
        "scale": {
          "x": 1.0,
          "y": 1.0,
          "z": 1.0
        },
        "matrix_basis": [
          [
            0.9995895028114319,
            0.0028537395410239697,
            0.02850804291665554,
            0.0
          ],
          [
            -0.009450805373489857,
            0.9721762537956238,
            0.23405984044075012,
            0.0
          ],
          [
            -0.027046896517276764,
            -0.23423318564891815,
            0.971804141998291,
            0.0
          ],
          [
            0.0,
            0.0,
            0.0,
            1.0
          ]
        ],
        "rotation_mode": "QUATERNION"
      },
      "armature_space": {
        "head": {
          "x": 0.5731151103973389,
          "y": 0.006528453901410103,
          "z": 0.19924913346767426
        },
        "tail": {
          "x": 0.5958839058876038,
          "y": 0.012970201671123505,
          "z": 0.18333815038204193
        }
      },
      "world_space": {
        "head": {
          "x": 0.5731151103973389,
          "y": 0.06977245211601257,
          "z": 1.1491031646728516
        },
        "tail": {
          "x": 0.5958839058876038,
          "y": 0.07621420174837112,
          "z": 1.1331921815872192
        },
        "rotation_quaternion": {
          "w": 0.4897758662700653,
          "x": -0.6207767128944397,
          "y": -0.6107984185218811,
          "z": -0.04100213572382927
        },
        "matrix": [
          [
            0.25048473477363586,
            0.7985018491744995,
            -0.5474048256874084,
            0.5731151103973389
          ],
          [
            0.7181779146194458,
            0.22591233253479004,
            0.6581675410270691,
            0.06977245211601257
          ],
          [
            0.649218738079071,
            -0.557998776435852,
            -0.5168817639350891,
            1.1491031646728516
          ],
          [
            0.0,
            0.0,
            0.0,
            1.0
          ]
        ]
      },
      "bone_length_armature_space": 0.028514444163140376,
      "parent": "metacarpal_index_l",
      "has_children": true,
      "is_end_bone": false
    },
    "index_02_l": {
      "name": "index_02_l",
      "local": {
        "location": {
          "x": 0.0,
          "y": 0.0,
          "z": 0.0
        },
        "rotation_quaternion": {
          "w": 0.996790885925293,
          "x": 0.07899799942970276,
          "y": -0.012015758082270622,
          "z": -0.004787185695022345
        },
        "scale": {
          "x": 1.0,
          "y": 1.0,
          "z": 1.0
        },
        "matrix_basis": [
          [
            0.999665379524231,
            0.007645204663276672,
            -0.024710752069950104,
            0.0
          ],
          [
            -0.011442087590694427,
            0.9874727725982666,
            -0.15737393498420715,
            0.0
          ],
          [
            0.023198040202260017,
            0.15760400891304016,
            0.9872298836708069,
            0.0
          ],
          [
            0.0,
            0.0,
            0.0,
            1.0
          ]
        ],
        "rotation_mode": "QUATERNION"
      },
      "armature_space": {
        "head": {
          "x": 0.5958839654922485,
          "y": 0.012970326468348503,
          "z": 0.18333761394023895
        },
        "tail": {
          "x": 0.6146488189697266,
          "y": 0.0213228277862072,
          "z": 0.1679685115814209
        }
      },
      "world_space": {
        "head": {
          "x": 0.5958839654922485,
          "y": 0.07621432840824127,
          "z": 1.1331915855407715
        },
        "tail": {
          "x": 0.6146488189697266,
          "y": 0.08456683158874512,
          "z": 1.117822527885437
        },
        "rotation_quaternion": {
          "w": 0.49752581119537354,
          "x": -0.5804508328437805,
          "y": -0.6444113850593567,
          "z": 0.01670299656689167
        },
        "matrix": [
          [
            0.16891227662563324,
            0.731480062007904,
            -0.6606097221374512,
            0.5958839654922485
          ],
          [
            0.7647184133529663,
            0.3255920708179474,
            0.5560539364814758,
            0.07621432840824127
          ],
          [
            0.6218366622924805,
            -0.5991086959838867,
            -0.5043829083442688,
            1.1331915855407715
          ],
          [
            0.0,
            0.0,
            0.0,
            1.0
          ]
        ]
      },
      "bone_length_armature_space": 0.025653329581834028,
      "parent": "index_01_l",
      "has_children": true,
      "is_end_bone": false
    },
    "index_03_l": {
      "name": "index_03_l",
      "local": {
        "location": {
          "x": 0.0,
          "y": 0.0,
          "z": 0.0
        },
        "rotation_quaternion": {
          "w": 0.9988188147544861,
          "x": 0.047677140682935715,
          "y": 0.002921324223279953,
          "z": -0.008917983621358871
        },
        "scale": {
          "x": 1.0,
          "y": 1.0,
          "z": 1.0
        },
        "matrix_basis": [
          [
            0.9998238682746887,
            0.01809346117079258,
            0.004985379055142403,
            0.0
          ],
          [
            -0.017536338418722153,
            0.9952946901321411,
            -0.09529375284910202,
            0.0
          ],
          [
            -0.006686115171760321,
            0.09518954902887344,
            0.9954367280006409,
            0.0
          ],
          [
            0.0,
            0.0,
            0.0,
            1.0
          ]
        ],
        "rotation_mode": "QUATERNION"
      },
      "armature_space": {
        "head": {
          "x": 0.6146489381790161,
          "y": 0.021322723478078842,
          "z": 0.16796858608722687
        },
        "tail": {
          "x": 0.6326016187667847,
          "y": 0.03611569479107857,
          "z": 0.1502879559993744
        }
      },
      "world_space": {
        "head": {
          "x": 0.6146489381790161,
          "y": 0.08456672728061676,
          "z": 1.1178226470947266
        },
        "tail": {
          "x": 0.6326016187667847,
          "y": 0.09935969114303589,
          "z": 1.100142002105713
        },
        "rotation_quaternion": {
          "w": 0.5729255080223083,
          "x": -0.4960474669933319,
          "y": -0.6518436670303345,
          "z": 0.028161557391285896
        },
        "matrix": [
          [
            0.14861488342285156,
            0.6144244074821472,
            -0.7748520374298096,
            0.6146489381790161
          ],
          [
            0.6789602637290955,
            0.5062846541404724,
            0.5316852927207947,
            0.08456672728061676
          ],
          [
            0.7189817428588867,
            -0.6051139831542969,
            -0.3419303894042969,
            1.1178226470947266
          ],
          [
            0.0,
            0.0,
            0.0,
            1.0
          ]
        ]
      },
      "bone_length_armature_space": 0.029218751088103487,
      "parent": "index_02_l",
      "has_children": false,
      "is_end_bone": true
    },
    "metacarpal_pinky_l": {
      "name": "metacarpal_pinky_l",
      "local": {
        "location": {
          "x": 0.0,
          "y": 0.0,
          "z": 0.0
        },
        "rotation_quaternion": {
          "w": 0.999611496925354,
          "x": -0.021534448489546776,
          "y": -0.017570769414305687,
          "z": 0.0021144805941730738
        },
        "scale": {
          "x": 1.0,
          "y": 1.0,
          "z": 1.0
        },
        "matrix_basis": [
          [
            0.9993736147880554,
            -0.003470564493909478,
            -0.03521895408630371,
            0.0
          ],
          [
            0.00498407194390893,
            0.9990636110305786,
            0.04297785833477974,
            0.0
          ],
          [
            0.03503681719303131,
            -0.04312647134065628,
            0.9984550476074219,
            0.0
          ],
          [
            0.0,
            0.0,
            0.0,
            1.0
          ]
        ],
        "rotation_mode": "QUATERNION"
      },
      "armature_space": {
        "head": {
          "x": 0.5227614641189575,
          "y": -0.011379975825548172,
          "z": 0.30352360010147095
        },
        "tail": {
          "x": 0.6064016819000244,
          "y": 0.02591545507311821,
          "z": 0.25395941734313965
        }
      },
      "world_space": {
        "head": {
          "x": 0.5227614641189575,
          "y": 0.05186402425169945,
          "z": 1.2533776760101318
        },
        "tail": {
          "x": 0.6064016819000244,
          "y": 0.08915945887565613,
          "z": 1.2038134336471558
        },
        "rotation_quaternion": {
          "w": 0.41714760661125183,
          "x": 0.27410829067230225,
          "y": 0.7106807827949524,
          "z": -0.4957674443721771
        },
        "matrix": [
          [
            -0.5017051696777344,
            0.803223192691803,
            0.3211294710636139,
            0.5227614641189575
          ],
          [
            -0.024007510393857956,
            0.358159601688385,
            -0.9333518743515015,
            0.05186402425169945
          ],
          [
            -0.864711582660675,
            -0.47598016262054443,
            -0.16040924191474915,
            1.2533776760101318
          ],
          [
            0.0,
            0.0,
            0.0,
            1.0
          ]
        ]
      },
      "bone_length_armature_space": 0.1041308946331286,
      "parent": "lowerarm_l",
      "has_children": true,
      "is_end_bone": false
    },
    "pinky_01_l": {
      "name": "pinky_01_l",
      "local": {
        "location": {
          "x": 0.0,
          "y": 0.0,
          "z": 0.0
        },
        "rotation_quaternion": {
          "w": 0.9602340459823608,
          "x": 0.2791490852832794,
          "y": 0.0009423481533303857,
          "z": -0.005056757479906082
        },
        "scale": {
          "x": 1.0,
          "y": 1.0,
          "z": 1.0
        },
        "matrix_basis": [
          [
            0.9999470710754395,
            0.010237452574074268,
            -0.0010134289041161537,
            0.0
          ],
          [
            -0.009185230359435081,
            0.8441004157066345,
            -0.5361064672470093,
            0.0
          ],
          [
            -0.004632927943021059,
            0.5360873937606812,
            0.8441498279571533,
            0.0
          ],
          [
            0.0,
            0.0,
            0.0,
            1.0
          ]
        ],
        "rotation_mode": "QUATERNION"
      },
      "armature_space": {
        "head": {
          "x": 0.6064016819000244,
          "y": 0.02591545507311821,
          "z": 0.25395941734313965
        },
