{
  "metadata": {
    "armature_name": "KIM_caucasian_male",
    "export_time": "2026-01-13T21:13:02.564195",
    "blender_version": "4.4.1",
    "bone_count": 56,
    "end_bone_count": 13,
    "spaces_included": [
      "LOCAL_CHANNELS",
      "ARMATURE_SPACE",
      "WORLD_SPACE"
    ],
    "note": "LOCAL matches Transform panel; replay pose via local.matrix_basis for best fidelity."
  },
  "bones": {
    "Root": {
      "name": "Root",
      "local": {
        "location": {
          "x": 0.0,
          "y": 0.0,
          "z": 0.0
        },
        "rotation_quaternion": {
          "w": 0.9996486902236938,
          "x": 0.012165253050625324,
          "y": 0.005253622308373451,
          "z": 0.02295854315161705
        },
        "scale": {
          "x": 1.0,
          "y": 1.0,
          "z": 1.0
        },
        "matrix_basis": [
          [
            0.9988906383514404,
            -0.045773133635520935,
            0.011062146164476871,
            0.0
          ],
          [
            0.046028777956962585,
            0.9986498355865479,
            -0.024080727249383926,
            0.0
          ],
          [
            -0.009944960474967957,
            0.02456318959593773,
            0.9996488094329834,
            0.0
          ],
          [
            0.0,
            0.0,
            0.0,
            1.0
          ]
        ],
        "rotation_mode": "QUATERNION"
      },
      "armature_space": {
        "head": {
          "x": 0.0,
          "y": 0.07072800397872925,
          "z": -0.009595036506652832
        },
        "tail": {
          "x": -0.0032670972868800163,
          "y": -0.00014019012451171875,
          "z": -0.001750272698700428
        }
      },
      "world_space": {
        "head": {
          "x": 0.0,
          "y": 0.13397200405597687,
          "z": 0.9402589797973633
        },
        "tail": {
          "x": -0.0032670972868800163,
          "y": 0.0631038099527359,
          "z": 0.9481037259101868
        },
        "rotation_quaternion": {
          "w": 0.05520636960864067,
          "x": 0.9981971383094788,
          "y": -0.02255246415734291,
          "z": 0.006788354367017746
        },
        "matrix": [
          [
            0.9988906383514404,
            -0.045773133635520935,
            0.011062146164476871,
            0.0
          ],
          [
            -0.04427408427000046,
            -0.9928873181343079,
            -0.11052033305168152,
            0.13397200405597687
          ],
          [
            0.016042396426200867,
            0.10990779101848602,
            -0.9938193559646606,
            0.9402589797973633
          ],
          [
            0.0,
            0.0,
            0.0,
            1.0
          ]
        ]
      },
      "bone_length_armature_space": 0.07137587208623372,
      "parent": null,
      "has_children": true,
      "is_end_bone": false
    },
    "spine_01": {
      "name": "spine_01",
      "local": {
        "location": {
          "x": 0.0,
          "y": 0.0,
          "z": 0.0
        },
        "rotation_quaternion": {
          "w": 0.9956645965576172,
          "x": 0.0854683369398117,
          "y": 0.018613116815686226,
          "z": 0.0316346138715744
        },
        "scale": {
          "x": 1.0,
          "y": 1.0,
          "z": 1.0
        },
        "matrix_basis": [
          [
            0.9973056316375732,
            -0.05981326475739479,
            0.04247235879302025,
            0.0
          ],
          [
            0.06617659330368042,
            0.9833888411521912,
            -0.16901795566082,
            0.0
          ],
          [
            -0.031657326966524124,
            0.17137323319911957,
            0.9846974015235901,
            0.0
          ],
          [
            0.0,
            0.0,
            0.0,
            1.0
          ]
        ],
        "rotation_mode": "QUATERNION"
      },
      "armature_space": {
        "head": {
          "x": -0.0032670972868800163,
          "y": -0.00014019012451171875,
          "z": -0.001750272698700428
        },
        "tail": {
          "x": -0.043375901877880096,
          "y": -0.07145760208368301,
          "z": 0.4793458878993988
        }
      },
      "world_space": {
        "head": {
          "x": -0.0032670972868800163,
          "y": 0.0631038099527359,
          "z": 0.9481037259101868
        },
        "tail": {
          "x": -0.043375901877880096,
          "y": -0.008213602006435394,
          "z": 1.4291999340057373
        },
        "rotation_quaternion": {
          "w": 0.6526713967323303,
          "x": 0.7565237879753113,
          "y": -0.03080560453236103,
          "z": 0.027256876230239868
        },
        "matrix": [
          [
            0.9966161847114563,
            -0.08218996226787567,
            0.0010285452008247375,
            -0.0032670972868800163
          ],
          [
            -0.011031277477741241,
            -0.1461418718099594,
            -0.9892022609710693,
            0.0631038099527359
          ],
          [
            0.0814533531665802,
            0.9858502745628357,
            -0.14655590057373047,
            0.9481037259101868
          ],
          [
            0.0,
            0.0,
            0.0,
            1.0
          ]
        ]
      },
      "bone_length_armature_space": 0.4880045056484858,
      "parent": "Root",
      "has_children": true,
      "is_end_bone": false
    },
    "neck_01": {
      "name": "neck_01",
      "local": {
        "location": {
          "x": 0.0,
          "y": 0.0,
          "z": 0.0
        },
        "rotation_quaternion": {
          "w": 0.9847111701965332,
          "x": -0.13623985648155212,
          "y": 0.08270057290792465,
          "z": 0.07030798494815826
        },
        "scale": {
          "x": 1.0,
          "y": 1.0,
          "z": 1.0
        },
        "matrix_basis": [
          [
            0.9764348268508911,
            -0.1610003411769867,
            0.14371486008167267,
            0.0
          ],
          [
            0.11593189090490341,
            0.9529909491539001,
            0.2799428403377533,
            0.0
          ],
          [
            -0.1820298582315445,
            -0.256684809923172,
            0.9491986632347107,
            0.0
          ],
          [
            0.0,
            0.0,
            0.0,
            1.0
          ]
        ],
        "rotation_mode": "QUATERNION"
      },
      "armature_space": {
        "head": {
          "x": -0.049358054995536804,
          "y": -0.11646385490894318,
          "z": 0.5464456677436829
        },
        "tail": {
          "x": -0.07399997115135193,
          "y": -0.14356286823749542,
          "z": 0.6422014236450195
        }
      },
      "world_space": {
        "head": {
          "x": -0.049358054995536804,
          "y": -0.05321985483169556,
          "z": 1.4962997436523438
        },
        "tail": {
          "x": -0.07399997115135193,
          "y": -0.0803188681602478,
          "z": 1.5920554399490356
        },
        "rotation_quaternion": {
          "w": 0.6044666767120361,
          "x": 0.7836180329322815,
          "y": -0.04957031458616257,
          "z": 0.13455696403980255
        },
        "matrix": [
          [
            0.9588747024536133,
            -0.2403588593006134,
            0.1509539783000946,
            -0.049358054995536804
          ],
          [
            0.08498068898916245,
            -0.2643255293369293,
            -0.9606824517250061,
            -0.05321985483169556
          ],
          [
            0.27081143856048584,
            0.9340082406997681,
            -0.23303180932998657,
            1.4962997436523438
          ],
          [
            0.0,
            0.0,
            0.0,
            1.0
          ]
        ]
      },
      "bone_length_armature_space": 0.1025219272873867,
      "parent": "spine_01",
      "has_children": true,
      "is_end_bone": false
    },
    "head": {
      "name": "head",
      "local": {
        "location": {
          "x": 0.0,
          "y": 0.0,
          "z": 0.0
        },
        "rotation_quaternion": {
          "w": 0.9845771789550781,
          "x": -0.1436842978000641,
          "y": -0.09919873625040054,
          "z": -0.011058270931243896
        },
        "scale": {
          "x": 1.0,
          "y": 1.0,
          "z": 1.0
        },
        "matrix_basis": [
          [
            0.9800746440887451,
            0.05028204247355461,
            -0.19215981662273407,
            0.0
          ],
          [
            0.006731159053742886,
            0.9584650993347168,
            0.28513050079345703,
            0.0
          ],
          [
            0.19851543009281158,
            -0.2807426154613495,
            0.9390288591384888,
            0.0
          ],
          [
            0.0,
            0.0,
            0.0,
            1.0
          ]
        ],
        "rotation_mode": "QUATERNION"
      },
      "armature_space": {
        "head": {
          "x": -0.07399992644786835,
          "y": -0.14356298744678497,
          "z": 0.64220130443573
        },
        "tail": {
          "x": -0.1102558970451355,
          "y": -0.08477050811052322,
          "z": 0.7810617089271545
        }
      },
      "world_space": {
        "head": {
          "x": -0.07399992644786835,
          "y": -0.08031898736953735,
          "z": 1.592055320739746
        },
        "tail": {
          "x": -0.1102558970451355,
          "y": -0.021526508033275604,
          "z": 1.7309157848358154
        },
        "rotation_quaternion": {
          "w": 0.8153812289237976,
          "x": 0.5560106635093689,
          "y": -0.15714919567108154,
          "z": 0.03619175776839256
        },
        "matrix": [
          [
            0.9479889869689941,
            -0.2337733954191208,
            -0.21602585911750793,
            -0.07399992644786835
          ],
          [
            -0.11573171615600586,
            0.3790856897830963,
            -0.9180962443351746,
            -0.08031898736953735
          ],
          [
            0.2965206205844879,
            0.8953526020050049,
            0.3323153555393219,
            1.592055320739746
          ],
          [
            0.0,
            0.0,
            0.0,
            1.0
          ]
        ]
      },
      "bone_length_armature_space": 0.1550911457110982,
      "parent": "neck_01",
      "has_children": false,
      "is_end_bone": true
    },
    "upperarm_l": {
      "name": "upperarm_l",
      "local": {
        "location": {
          "x": 0.0,
          "y": 0.0,
          "z": 0.0
        },
        "rotation_quaternion": {
          "w": 0.9220383167266846,
          "x": 0.32106152176856995,
          "y": 0.19199754297733307,
          "z": -0.09950869530439377
        },
        "scale": {
          "x": 1.0,
          "y": 1.0,
          "z": 1.0
        },
        "matrix_basis": [
          [
            0.9064699411392212,
            0.3067876994609833,
            0.2901613712310791,
            0.0
          ],
          [
            -0.06021561473608017,
            0.7740350365638733,
            -0.6302729249000549,
            0.0
          ],
          [
            -0.4179550111293793,
            0.5538511872291565,
            0.7201128602027893,
            0.0
          ],
          [
            0.0,
            0.0,
            0.0,
            1.0
          ]
        ],
        "rotation_mode": "QUATERNION"
      },
      "armature_space": {
        "head": {
          "x": 0.10566145926713943,
          "y": -0.11145137250423431,
          "z": 0.491939514875412
        },
        "tail": {
          "x": 0.32357627153396606,
          "y": -0.23724952340126038,
          "z": 0.3997672498226166
        }
      },
      "world_space": {
        "head": {
          "x": 0.10566145926713943,
          "y": -0.048207372426986694,
          "z": 1.4417935609817505
        },
        "tail": {
          "x": 0.32357627153396606,
          "y": -0.17400552332401276,
          "z": 1.349621295928955
        },
        "rotation_quaternion": {
          "w": 0.12190698087215424,
          "x": 0.6879810094833374,
          "y": 0.5004122853279114,
          "z": -0.5112811326980591
        },
        "matrix": [
          [
            -0.023643605411052704,
            0.813207745552063,
            -0.5814931392669678,
            0.10566145926713943
          ],
          [
            0.5638903975486755,
            -0.46944960951805115,
            -0.6794447302818298,
            -0.048207372426986694
          ],
          [
            -0.8255164623260498,
            -0.343965619802475,
            -0.4474641978740692,
            1.4417935609817505
          ],
          [
            0.0,
            0.0,
            0.0,
            1.0
          ]
        ]
      },
      "bone_length_armature_space": 0.2679697168099226,
      "parent": "spine_01",
      "has_children": true,
      "is_end_bone": false
    },
    "lowerarm_l": {
      "name": "lowerarm_l",
      "local": {
        "location": {
          "x": 0.0,
          "y": 0.0,
          "z": 0.0
        },
        "rotation_quaternion": {
          "w": 0.9435678124427795,
          "x": 0.1053915023803711,
          "y": -0.008041726425290108,
          "z": -0.31385937333106995
        },
        "scale": {
          "x": 1.0,
          "y": 1.0,
          "z": 1.0
        },
        "matrix_basis": [
          [
            0.8028552532196045,
            0.5906001329421997,
            -0.08133205026388168,
            0.0
          ],
          [
            -0.5939902663230896,
            0.7807698249816895,
            -0.1938401162624359,
            0.0
          ],
          [
            -0.05098039284348488,
            0.20393599569797516,
            0.9776559472084045,
            0.0
          ],
          [
            0.0,
            0.0,
            0.0,
            1.0
          ]
        ],
        "rotation_mode": "QUATERNION"
      },
      "armature_space": {
        "head": {
          "x": 0.32357633113861084,
          "y": -0.23724967241287231,
          "z": 0.39976727962493896
        },
        "tail": {
          "x": 0.43169617652893066,
          "y": -0.32802730798721313,
          "z": 0.17252378165721893
        }
      },
      "world_space": {
        "head": {
          "x": 0.32357633113861084,
          "y": -0.1740056723356247,
          "z": 1.349621295928955
        },
        "tail": {
          "x": 0.43169617652893066,
          "y": -0.2647833228111267,
          "z": 1.1223777532577515
        },
        "rotation_quaternion": {
          "w": 0.12668363749980927,
          "x": -0.5058159828186035,
          "y": -0.5606154799461365,
          "z": 0.6432820558547974
        },
        "matrix": [
          [
            -0.4561992287635803,
            0.40414929389953613,
            -0.7928086519241333,
            0.32357633113861084
          ],
          [
            0.7301252484321594,
            -0.3393246531486511,
            -0.593107283115387,
            -0.1740056723356247
          ],
          [
            -0.5087262988090515,
            -0.8494306802749634,
            -0.140281543135643,
            1.349621295928955
          ],
          [
            0.0,
            0.0,
            0.0,
            1.0
          ]
        ]
      },
      "bone_length_armature_space": 0.2675258662015511,
      "parent": "upperarm_l",
      "has_children": true,
      "is_end_bone": false
    },
    "metacarpal_thumb_l": {
      "name": "metacarpal_thumb_l",
      "local": {
        "location": {
          "x": 0.0,
          "y": 0.0,
          "z": 0.0
        },
        "rotation_quaternion": {
          "w": 0.9988209009170532,
          "x": -0.04720782861113548,
          "y": 0.0027215220034122467,
          "z": 0.010993666015565395
        },
        "scale": {
          "x": 1.0,
          "y": 1.0,
          "z": 1.0
        },
        "matrix_basis": [
          [
            0.9997434616088867,
            -0.022218361496925354,
            0.004398651886731386,
            0.0
          ],
          [
            0.021704452112317085,
            0.9953011274337769,
            0.09436417371034622,
            0.0
          ],
          [
            -0.006474600173532963,
            -0.09424449503421783,
            0.9955280423164368,
            0.0
          ],
          [
            0.0,
            0.0,
            0.0,
            1.0
          ]
        ],
        "rotation_mode": "QUATERNION"
      },
      "armature_space": {
        "head": {
          "x": 0.43169617652893066,
          "y": -0.32802730798721313,
          "z": 0.17252378165721893
        },
        "tail": {
          "x": 0.4216325581073761,
          "y": -0.355985164642334,
          "z": 0.13289186358451843
        }
      },
      "world_space": {
        "head": {
          "x": 0.43169617652893066,
          "y": -0.2647833228111267,
          "z": 1.1223777532577515
        },
        "tail": {
          "x": 0.4216325581073761,
          "y": -0.29274117946624756,
          "z": 1.082745909690857
        },
        "rotation_quaternion": {
          "w": 0.4654958248138428,
          "x": -0.8395525217056274,
          "y": -0.0332188718020916,
          "z": 0.2781396806240082
        },
        "matrix": [
          [
            0.8430702090263367,
            -0.2031673938035965,
            -0.49795129895210266,
            0.43169617652893066
          ],
          [
            0.3147227466106415,
            -0.5644212365150452,
            0.7631372809410095,
            -0.2647833228111267
          ],
          [
            -0.436101496219635,
            -0.8001007437705994,
            -0.4119076728820801,
            1.1223777532577515
          ],
          [
            0.0,
            0.0,
            0.0,
            1.0
          ]
        ]
      },
      "bone_length_armature_space": 0.049533898269453196,
      "parent": "lowerarm_l",
      "has_children": true,
      "is_end_bone": false
    },
    "thumb_01_l": {
      "name": "thumb_01_l",
      "local": {
        "location": {
          "x": 0.0,
          "y": 0.0,
          "z": 0.0
        },
        "rotation_quaternion": {
          "w": 0.9953091740608215,
          "x": -0.0941130518913269,
          "y": 0.018358293920755386,
          "z": 0.012864801101386547
        },
        "scale": {
          "x": 1.0,
          "y": 1.0,
          "z": 1.0
        },
        "matrix_basis": [
          [
            0.9989949464797974,
            -0.029064418748021126,
            0.03412286564707756,
            0.0
          ],
          [
            0.022153399884700775,
            0.9819544553756714,
            0.18781551718711853,
            0.0
          ],
          [
            -0.038965847343206406,
            -0.18687081336975098,
            0.981611430644989,
            0.0
          ],
          [
            0.0,
            0.0,
            0.0,
            1.0
          ]
        ],
        "rotation_mode": "QUATERNION"
      },
      "armature_space": {
        "head": {
          "x": 0.4216325581073761,
          "y": -0.355985164642334,
          "z": 0.13289186358451843
        },
        "tail": {
          "x": 0.39628827571868896,
          "y": -0.351995050907135,
          "z": 0.11052274703979492
        }
      },
      "world_space": {
        "head": {
          "x": 0.4216325581073761,
          "y": -0.29274117946624756,
          "z": 1.082745909690857
        },
        "tail": {
          "x": 0.39628827571868896,
          "y": -0.2887510657310486,
          "z": 1.060376763343811
        },
        "rotation_quaternion": {
          "w": 0.3761601150035858,
          "x": -0.6516873240470886,
          "y": 0.6458441019058228,
          "z": -0.12920044362545013
        },
        "matrix": [
          [
            0.13238166272640228,
            -0.7445756196975708,
            0.6542799472808838,
            0.4216325581073761
          ],
          [
            -0.9389780759811401,
            0.11722362041473389,
            0.3233867287635803,
            -0.29274117946624756
          ],
          [
            -0.31748566031455994,
            -0.65716952085495,
            -0.6836262941360474,
            1.082745909690857
          ],
          [
            0.0,
            0.0,
            0.0,
            1.0
          ]
        ]
      },
      "bone_length_armature_space": 0.03403866989739083,
      "parent": "metacarpal_thumb_l",
      "has_children": true,
      "is_end_bone": false
    },
    "thumb_02_l": {
      "name": "thumb_02_l",
      "local": {
        "location": {
          "x": 0.0,
          "y": 0.0,
          "z": 0.0
        },
        "rotation_quaternion": {
          "w": 0.9984756708145142,
          "x": 0.054341450333595276,
          "y": -0.009573600254952908,
          "z": -0.0013068431289866567
        },
        "scale": {
          "x": 1.0,
          "y": 1.0,
          "z": 1.0
        },
        "matrix_basis": [
          [
            0.9998132586479187,
            0.001569215441122651,
            -0.019260045140981674,
            0.0
          ],
          [
            -0.0036501886788755655,
            0.9940906167030334,
            -0.10849221050739288,
            0.0
          ],
          [
            0.018975982442498207,
            0.10854225605726242,
            0.9939107298851013,
            0.0
          ],
          [
            0.0,
            0.0,
            0.0,
            1.0
          ]
        ],
        "rotation_mode": "QUATERNION"
      },
      "armature_space": {
        "head": {
          "x": 0.3962882459163666,
          "y": -0.351995050907135,
          "z": 0.1105227991938591
        },
        "tail": {
          "x": 0.4049508571624756,
          "y": -0.36659958958625793,
          "z": 0.07412411272525787
        }
      },
      "world_space": {
        "head": {
          "x": 0.3962882459163666,
          "y": -0.2887510657310486,
          "z": 1.060376763343811
        },
        "tail": {
          "x": 0.4049508571624756,
          "y": -0.3033555746078491,
          "z": 1.0239781141281128
        },
        "rotation_quaternion": {
          "w": 0.4096192419528961,
          "x": -0.4518811106681824,
          "y": 0.3878173530101776,
          "z": -0.6910957098007202
        },
        "matrix": [
          [
            -0.25603076815605164,
            0.21567896008491516,
            0.9423007965087891,
            0.3962882459163666
          ],
          [
            -0.9166672229766846,
            -0.36361929774284363,
            -0.16583862900733948,
            -0.2887510657310486
          ],
          [
            0.30687227845191956,
            -0.9062423706054688,
            0.29080554842948914,
            1.060376763343811
          ],
          [
            0.0,
            0.0,
            0.0,
            1.0
          ]
        ]
      },
      "bone_length_armature_space": 0.040164632666483596,
      "parent": "thumb_01_l",
      "has_children": true,
      "is_end_bone": false
    },
    "thumb_03_l": {
      "name": "thumb_03_l",
      "local": {
        "location": {
          "x": 0.0,
          "y": 0.0,
          "z": 0.0
        },
        "rotation_quaternion": {
          "w": 0.9970918893814087,
          "x": 0.07570267468690872,
          "y": -0.005908358376473188,
          "z": -0.0064931302331388
        },
        "scale": {
          "x": 1.0,
          "y": 1.0,
          "z": 1.0
        },
        "matrix_basis": [
          [
            0.9998458623886108,
            0.012053937651216984,
            -0.012765446677803993,
            0.0
          ],
          [
            -0.013843052089214325,
            0.9884538650512695,
            -0.1508883237838745,
            0.0
          ],
          [
            0.010799258016049862,
            0.15104177594184875,
            0.9884684085845947,
            0.0
          ],
          [
            0.0,
            0.0,
            0.0,
            1.0
          ]
        ],
        "rotation_mode": "QUATERNION"
      },
      "armature_space": {
        "head": {
          "x": 0.4049507677555084,
          "y": -0.3665996491909027,
          "z": 0.07412415742874146
        },
        "tail": {
          "x": 0.4231111407279968,
          "y": -0.376205176115036,
          "z": 0.05165567249059677
        }
      },
      "world_space": {
        "head": {
          "x": 0.4049507677555084,
          "y": -0.3033556342124939,
          "z": 1.0239782333374023
        },
        "tail": {
          "x": 0.4231111407279968,
          "y": -0.3129611611366272,
          "z": 1.001509666442871
        },
        "rotation_quaternion": {
          "w": 0.46500498056411743,
          "x": -0.19199994206428528,
          "y": 0.3549892008304596,
          "z": -0.7879652380943298
        },
        "matrix": [
          [
            -0.4938109815120697,
            0.5964998006820679,
            0.6327232718467712,
            0.4049507677555084
          ],
          [
            -0.8691324591636658,
            -0.3155055046081543,
            -0.3808744251728058,
            -0.3033556342124939
          ],
          [
            -0.027564682066440582,
            -0.7380052804946899,
            0.6742417812347412,
            1.0239782333374023
          ],
          [
            0.0,
            0.0,
            0.0,
            1.0
          ]
        ]
      },
      "bone_length_armature_space": 0.030445001489932576,
      "parent": "thumb_02_l",
      "has_children": false,
      "is_end_bone": true
    },
    "metacarpal_index_l": {
      "name": "metacarpal_index_l",
      "local": {
        "location": {
          "x": 0.0,
          "y": 0.0,
          "z": 0.0
        },
        "rotation_quaternion": {
          "w": 0.9995529651641846,
          "x": -0.028600603342056274,
          "y": 0.008673086762428284,
          "z": -0.0008602932211942971
        },
        "scale": {
          "x": 1.0,
          "y": 1.0,
          "z": 1.0
        },
        "matrix_basis": [
          [
            0.9998480677604675,
            0.0012237062910571694,
            0.01738762855529785,
            0.0
          ],
          [
            -0.0022159283980727196,
            0.9983625411987305,
            0.05716071277856827,
            0.0
          ],
          [
            -0.017289210110902786,
            -0.057190559804439545,
            0.9982135891914368,
            0.0
          ],
          [
            0.0,
            0.0,
            0.0,
            1.0
          ]
        ],
        "rotation_mode": "QUATERNION"
      },
      "armature_space": {
        "head": {
          "x": 0.43169617652893066,
          "y": -0.32802730798721313,
          "z": 0.17252378165721893
        },
        "tail": {
          "x": 0.45168155431747437,
          "y": -0.38481250405311584,
          "z": 0.07199820131063461
        }
      },
      "world_space": {
        "head": {
          "x": 0.43169617652893066,
          "y": -0.2647833228111267,
          "z": 1.1223777532577515
        },
        "tail": {
          "x": 0.45168155431747437,
          "y": -0.32156848907470703,
          "z": 1.0218522548675537
        },
        "rotation_quaternion": {
          "w": 0.39137476682662964,
          "x": -0.7585083246231079,
          "y": -0.3232797384262085,
          "z": 0.40863314270973206
        },
        "matrix": [
          [
            0.45701825618743896,
            0.17056472599506378,
            -0.8729501366615295,
            0.43169617652893066
          ],
          [
            0.8102785348892212,
            -0.4846321642398834,
            0.3295157551765442,
            -0.2647833228111267
          ],
          [
            -0.36685770750045776,
            -0.8579337000846863,
            -0.3596930205821991,
            1.1223777532577515
          ],
          [
            0.0,
            0.0,
            0.0,
            1.0
          ]
        ]
      },
      "bone_length_armature_space": 0.11717237608393027,
      "parent": "lowerarm_l",
      "has_children": true,
      "is_end_bone": false
    },
    "index_01_l": {
      "name": "index_01_l",
      "local": {
        "location": {
          "x": 0.0,
          "y": 0.0,
          "z": 0.0
        },
        "rotation_quaternion": {
          "w": 0.9912416934967041,
          "x": -0.13032428920269012,
          "y": 0.015515036880970001,
          "z": 0.014657211489975452
        },
        "scale": {
          "x": 1.0,
          "y": 1.0,
          "z": 1.0
        },
        "matrix_basis": [
          [
            0.9990888833999634,
            -0.033101651817560196,
            0.026937920600175858,
            0.0
          ],
          [
            0.02501370571553707,
            0.9656015038490295,
            0.2588205635547638,
            0.0
          ],
          [
            -0.03457868471741676,
            -0.25791093707084656,
            0.9655497074127197,
            0.0
          ],
          [
            0.0,
            0.0,
            0.0,
            1.0
          ]
        ],
        "rotation_mode": "QUATERNION"
      },
      "armature_space": {
        "head": {
          "x": 0.45168155431747437,
          "y": -0.38481250405311584,
          "z": 0.07199820131063461
        },
        "tail": {
          "x": 0.46923959255218506,
          "y": -0.39392590522766113,
          "z": 0.05146198719739914
        }
      },
      "world_space": {
        "head": {
          "x": 0.45168155431747437,
          "y": -0.32156848907470703,
          "z": 1.0218522548675537
        },
        "tail": {
          "x": 0.46923959255218506,
          "y": -0.3306819200515747,
          "z": 1.001315951347351
        },
        "rotation_quaternion": {
          "w": 0.3182497024536133,
          "x": -0.7792274355888367,
          "y": -0.48878711462020874,
          "z": 0.22936631739139557
        },
        "matrix": [
          [
            0.41695427894592285,
            0.6157614588737488,
            -0.6685707569122314,
            0.45168155431747437
          ],
          [
            0.9077453017234802,
            -0.31960782408714294,
            0.27175280451774597,
            -0.32156848907470703
          ],
          [
            -0.04634502902626991,
            -0.7202057242393494,
            -0.6922209858894348,
            1.0218522548675537
          ],
          [
            0.0,
            0.0,
            0.0,
            1.0
          ]
        ]
      },
      "bone_length_armature_space": 0.028514468085077495,
      "parent": "metacarpal_index_l",
      "has_children": true,
      "is_end_bone": false
    },
    "index_02_l": {
      "name": "index_02_l",
      "local": {
        "location": {
          "x": 0.0,
          "y": 0.0,
          "z": 0.0
        },
        "rotation_quaternion": {
          "w": 0.9996587038040161,
          "x": 0.02330685779452324,
          "y": -0.008955937810242176,
          "z": -0.007694745436310768
        },
        "scale": {
          "x": 1.0,
          "y": 1.0,
          "z": 1.0
        },
        "matrix_basis": [
          [
            0.9997211694717407,
            0.014966769143939018,
            -0.018264442682266235,
            0.0
          ],
          [
            -0.01580170728266239,
            0.9987951517105103,
            -0.04645998030900955,
            0.0
          ],
          [
            0.017547082155942917,
            0.04673563316464424,
            0.9987531900405884,
            0.0
          ],
          [
            0.0,
            0.0,
            0.0,
            1.0
          ]
        ],
        "rotation_mode": "QUATERNION"
      },
      "armature_space": {
        "head": {
          "x": 0.4692395329475403,
          "y": -0.3939261734485626,
          "z": 0.051461510360240936
        },
        "tail": {
          "x": 0.4852551519870758,
          "y": -0.4010254144668579,
          "z": 0.03272129222750664
        }
      },
      "world_space": {
        "head": {
          "x": 0.4692395329475403,
          "y": -0.3306821584701538,
          "z": 1.0013154745101929
        },
        "tail": {
          "x": 0.4852551519870758,
          "y": -0.3377814292907715,
          "z": 0.9825752973556519
        },
        "rotation_quaternion": {
          "w": 0.3066559135913849,
          "x": -0.7562535405158997,
          "y": -0.517293393611908,
          "z": 0.2577795088291168
        },
        "matrix": [
          [
            0.33191215991973877,
            0.6243110299110413,
            -0.7071561813354492,
            0.4692395329475403
          ],
          [
            0.9405100345611572,
            -0.2767386734485626,
            0.19712136685848236,
            -0.3306821584701538
          ],
          [
            -0.0726320818066597,
            -0.730519711971283,
            -0.679028332233429,
            1.0013154745101929
          ],
          [
            0.0,
            0.0,
            0.0,
            1.0
          ]
        ]
      },
      "bone_length_armature_space": 0.025653363546054724,
      "parent": "index_01_l",
      "has_children": true,
      "is_end_bone": false
    },
    "index_03_l": {
      "name": "index_03_l",
      "local": {
        "location": {
          "x": 0.0,
          "y": 0.0,
          "z": 0.0
        },
        "rotation_quaternion": {
          "w": 0.9989956021308899,
          "x": 0.044412337243556976,
          "y": -0.005606922321021557,
          "z": 0.0019937092438340187
        },
        "scale": {
          "x": 1.0,
          "y": 1.0,
          "z": 1.0
        },
        "matrix_basis": [
          [
            0.9999291896820068,
            -0.004481446463614702,
            -0.011025491170585155,
            0.0
          ],
          [
            0.0034853804390877485,
            0.9960471391677856,
            -0.08875781297683716,
            0.0
          ],
          [
            0.011379672214388847,
            0.08871310204267502,
            0.9959921836853027,
            0.0
          ],
          [
            0.0,
            0.0,
            0.0,
            1.0
          ]
        ],
        "rotation_mode": "QUATERNION"
      },
      "armature_space": {
        "head": {
          "x": 0.4852552115917206,
          "y": -0.4010254740715027,
          "z": 0.03272140026092529
        },
        "tail": {
          "x": 0.5003842711448669,
          "y": -0.4054108262062073,
          "z": 0.008112035691738129
        }
      },
      "world_space": {
        "head": {
          "x": 0.4852552115917206,
          "y": -0.33778148889541626,
          "z": 0.9825754165649414
        },
        "tail": {
          "x": 0.5003842711448669,
          "y": -0.34216684103012085,
          "z": 0.9579660296440125
        },
        "rotation_quaternion": {
          "w": 0.39862969517707825,
          "x": -0.7092700600624084,
          "y": -0.5158007740974426,
          "z": 0.2682909667491913
        },
        "matrix": [
          [
            0.323936402797699,
            0.5177865624427795,
            -0.7918093800544739,
            0.4852552115917206
          ],
          [
            0.9455826282501221,
            -0.15008695423603058,
            0.28870007395744324,
            -0.33778148889541626
          ],
          [
            0.030645810067653656,
            -0.8422475457191467,
            -0.538232147693634,
            0.9825754165649414
          ],
          [
            0.0,
            0.0,
            0.0,
            1.0
          ]
        ]
      },
      "bone_length_armature_space": 0.02921883992468398,
      "parent": "index_02_l",
      "has_children": false,
      "is_end_bone": true
    },
    "metacarpal_pinky_l": {
      "name": "metacarpal_pinky_l",
      "local": {
        "location": {
          "x": 0.0,
          "y": 0.0,
          "z": 0.0
        },
        "rotation_quaternion": {
          "w": 0.9995406866073608,
          "x": -0.019875790923833847,
          "y": -0.01091158390045166,
          "z": 0.020110132172703743
        },
        "scale": {
          "x": 1.0,
          "y": 1.0,
          "z": 1.0
        },
        "matrix_basis": [
          [
            0.9989530444145203,
            -0.039768036454916,
            -0.0226125530898571,
            0.0
          ],
          [
            0.040635544806718826,
            0.9984010457992554,
            0.03929445520043373,
            0.0
          ],
          [
            0.021013734862208366,
            -0.040172189474105835,
            0.9989717602729797,
            0.0
          ],
          [
            0.0,
            0.0,
            0.0,
            1.0
          ]
        ],
        "rotation_mode": "QUATERNION"
      },
      "armature_space": {
        "head": {
          "x": 0.43169617652893066,
          "y": -0.32802730798721313,
          "z": 0.17252378165721893
        },
        "tail": {
          "x": 0.49839937686920166,
          "y": -0.33695945143699646,
          "z": 0.09306181222200394
        }
      },
      "world_space": {
        "head": {
          "x": 0.43169617652893066,
          "y": -0.2647833228111267,
          "z": 1.1223777532577515
        },
        "tail": {
          "x": 0.49839937686920166,
          "y": -0.27371543645858765,
          "z": 1.0429158210754395
        },
        "rotation_quaternion": {
          "w": 0.37922927737236023,
          "x": 0.07564780116081238,
          "y": 0.5597286224365234,
          "z": -0.7329164743423462
        },
        "matrix": [
          [
            -0.7009239196777344,
            0.6405713558197021,
            0.3136461079120636,
            0.43169617652893066
          ],
          [
            -0.471205472946167,
            -0.08577802032232285,
            -0.877842903137207,
            -0.2647833228111267
          ],
          [
            -0.5354210734367371,
            -0.7630979418754578,
            0.36196625232696533,
            1.1223777532577515
          ],
          [
            0.0,
            0.0,
            0.0,
            1.0
          ]
        ]
      },
      "bone_length_armature_space": 0.10413118886870906,
      "parent": "lowerarm_l",
      "has_children": true,
      "is_end_bone": false
    },
    "pinky_01_l": {
      "name": "pinky_01_l",
      "local": {
        "location": {
          "x": 0.0,
          "y": 0.0,
          "z": 0.0
        },
        "rotation_quaternion": {
          "w": 0.9930459260940552,
          "x": -0.11573798209428787,
          "y": -0.006578777451068163,
          "z": 0.020524099469184875
        },
        "scale": {
          "x": 1.0,
          "y": 1.0,
          "z": 1.0
        },
        "matrix_basis": [
          [
            0.999070942401886,
            -0.03923991695046425,
            -0.01781689189374447,
            0.0
          ],
          [
            0.042285576462745667,
            0.972366988658905,
            0.22959621250629425,
            0.0
          ],
          [
            0.008315220475196838,
            -0.23013630509376526,
            0.9731228947639465,
            0.0
          ],
          [
            0.0,
            0.0,
            0.0,
            1.0
          ]
        ],
        "rotation_mode": "QUATERNION"
      },
      "armature_space": {
        "head": {
          "x": 0.49839937686920166,
          "y": -0.33695945143699646,
          "z": 0.09306181222200394
