{
  "metadata": {
    "armature_name": "KIM_caucasian_male",
    "export_time": "2026-01-13T20:55:50.479344",
    "blender_version": "4.4.1",
    "bone_count": 56,
    "end_bone_count": 13,
    "spaces_included": [
      "LOCAL_CHANNELS",
      "ARMATURE_SPACE",
      "WORLD_SPACE"
    ],
    "note": "LOCAL matches Transform panel; replay pose via local.matrix_basis for best fidelity."
  },
  "bones": {
    "Root": {
      "name": "Root",
      "local": {
        "location": {
          "x": 0.0,
          "y": 0.0,
          "z": 0.0
        },
        "rotation_quaternion": {
          "w": 0.9996628165245056,
          "x": -0.013627616688609123,
          "y": 0.01057008933275938,
          "z": 0.01941709965467453
        },
        "scale": {
          "x": 1.0,
          "y": 1.0,
          "z": 1.0
        },
        "matrix_basis": [
          [
            0.9990224838256836,
            -0.03910919651389122,
            0.020603833720088005,
            0.0
          ],
          [
            0.03853301331400871,
            0.9988745450973511,
            0.027656523510813713,
            0.0
          ],
          [
            -0.021662268787622452,
            -0.02683556266129017,
            0.9994051456451416,
            0.0
          ],
          [
            0.0,
            0.0,
            0.0,
            1.0
          ]
        ],
        "rotation_mode": "QUATERNION"
      },
      "armature_space": {
        "head": {
          "x": 0.0,
          "y": 0.07072800397872925,
          "z": -0.009595036506652832
        },
        "tail": {
          "x": -0.00279145292006433,
          "y": 0.0003370940685272217,
          "z": 0.0018872404471039772
        }
      },
      "world_space": {
        "head": {
          "x": 0.0,
          "y": 0.13397200405597687,
          "z": 0.9402589797973633
        },
        "tail": {
          "x": -0.00279145292006433,
          "y": 0.06358109414577484,
          "z": 0.9517412781715393
        },
        "rotation_quaternion": {
          "w": 0.0809415951371193,
          "x": 0.9964736700057983,
          "y": -0.018660904839634895,
          "z": 0.011854168958961964
        },
        "matrix": [
          [
            0.9990224838256836,
            -0.03910919651389122,
            0.020603833720088005,
            0.0
          ],
          [
            -0.03527120500802994,
            -0.9862003922462463,
            -0.16175521910190582,
            0.13397200405597687
          ],
          [
            0.026645777747035027,
            0.16087056696414948,
            -0.9866229295730591,
            0.9402589797973633
          ],
          [
            0.0,
            0.0,
            0.0,
            1.0
          ]
        ]
      },
      "bone_length_armature_space": 0.07137587122612664,
      "parent": null,
      "has_children": true,
      "is_end_bone": false
    },
    "spine_01": {
      "name": "spine_01",
      "local": {
        "location": {
          "x": 0.0,
          "y": 0.0,
          "z": 0.0
        },
        "rotation_quaternion": {
          "w": 0.9981157779693604,
          "x": 0.007765176240354776,
          "y": -0.03746408224105835,
          "z": -0.04796943813562393
        },
        "scale": {
          "x": 1.0,
          "y": 1.0,
          "z": 1.0
        },
        "matrix_basis": [
          [
            0.9925907254219055,
            0.09517627209424973,
            -0.075531966984272,
            0.0
          ],
          [
            -0.09633993357419968,
            0.9952772855758667,
            -0.011906827799975872,
            0.0
          ],
          [
            0.07404199987649918,
            0.019095351919531822,
            0.9970722794532776,
            0.0
          ],
          [
            0.0,
            0.0,
            0.0,
            1.0
          ]
        ],
        "rotation_mode": "QUATERNION"
      },
      "armature_space": {
        "head": {
          "x": -0.00279145292006433,
          "y": 0.0003370940685272217,
          "z": 0.0018872404471039772
        },
        "tail": {
          "x": 0.03162374347448349,
          "y": 0.0255347341299057,
          "z": 0.4880243241786957
        }
      },
      "world_space": {
        "head": {
          "x": -0.00279145292006433,
          "y": 0.06358109414577484,
          "z": 0.9517412781715393
        },
        "tail": {
          "x": 0.03162374347448349,
          "y": 0.08877873420715332,
          "z": 1.4378783702850342
        },
        "rotation_quaternion": {
          "w": 0.7249430418014526,
          "x": 0.6855998039245605,
          "y": -0.0165703184902668,
          "z": -0.06431125849485397
        },
        "matrix": [
          [
            0.9911789298057556,
            0.07052277028560638,
            -0.11220912635326385,
            -0.00279145292006433
          ],
          [
            -0.11596572399139404,
            0.05163437873125076,
            -0.9919102787971497,
            0.06358109414577484
          ],
          [
            -0.06415897607803345,
            0.9961800575256348,
            0.05935662239789963,
            0.9517412781715393
          ],
          [
            0.0,
            0.0,
            0.0,
            1.0
          ]
        ]
      },
      "bone_length_armature_space": 0.48800471229565817,
      "parent": "Root",
      "has_children": true,
      "is_end_bone": false
    },
    "neck_01": {
      "name": "neck_01",
      "local": {
        "location": {
          "x": 0.0,
          "y": 0.0,
          "z": 0.0
        },
        "rotation_quaternion": {
          "w": 0.9925856590270996,
          "x": -0.05918117240071297,
          "y": -0.027850951999425888,
          "z": 0.10244806855916977
        },
        "scale": {
          "x": 1.0,
          "y": 1.0,
          "z": 1.0
        },
        "matrix_basis": [
          [
            0.9774574637413025,
            -0.20008046925067902,
            -0.06741490215063095,
            0.0
          ],
          [
            0.20667347311973572,
            0.9720039367675781,
            0.11177821457386017,
            0.0
          ],
          [
            0.04316291585564613,
            -0.12319131940603256,
            0.9914438128471375,
            0.0
          ],
          [
            0.0,
            0.0,
            0.0,
            1.0
          ]
        ],
        "rotation_mode": "QUATERNION"
      },
      "armature_space": {
        "head": {
          "x": 0.032895851880311966,
          "y": -0.005084561184048653,
          "z": 0.5630216598510742
        },
        "tail": {
          "x": 0.016492918133735657,
          "y": -0.023630432784557343,
          "z": 0.6625091433525085
        }
      },
      "world_space": {
        "head": {
          "x": 0.032895851880311966,
          "y": 0.058159440755844116,
          "z": 1.5128756761550903
        },
        "tail": {
          "x": 0.016492918133735657,
          "y": 0.03961356729269028,
          "z": 1.6123631000518799
        },
        "rotation_quaternion": {
          "w": 0.6276742219924927,
          "x": 0.7679917812347412,
          "y": -0.12480384111404419,
          "z": -0.025253191590309143
        },
        "matrix": [
          [
            0.9675723910331726,
            -0.15999531745910645,
            -0.19546166062355042,
            0.032895851880311966
          ],
          [
            -0.22339904308319092,
            -0.18089768290519714,
            -0.9577940106391907,
            0.058159440755844116
          ],
          [
            0.1178845688700676,
            0.9704074859619141,
            -0.21077686548233032,
            1.5128756761550903
          ],
          [
            0.0,
            0.0,
            0.0,
            1.0
          ]
        ]
      },
      "bone_length_armature_space": 0.10252202096744048,
      "parent": "spine_01",
      "has_children": true,
      "is_end_bone": false
    },
    "head": {
      "name": "head",
      "local": {
        "location": {
          "x": 0.0,
          "y": 0.0,
          "z": 0.0
        },
        "rotation_quaternion": {
          "w": 0.9845624566078186,
          "x": 0.008153563365340233,
          "y": -0.16062584519386292,
          "z": -0.06906302273273468
        },
        "scale": {
          "x": 1.0,
          "y": 1.0,
          "z": 1.0
        },
        "matrix_basis": [
          [
            0.9388592839241028,
            0.1333743780851364,
            -0.31741857528686523,
            0.0
          ],
          [
            -0.13861306011676788,
            0.9903276562690735,
            0.006131228059530258,
            0.0
          ],
          [
            0.3151661455631256,
            0.038241997361183167,
            0.9482657313346863,
            0.0
          ],
          [
            0.0,
            0.0,
            0.0,
            1.0
          ]
        ],
        "rotation_mode": "QUATERNION"
      },
      "armature_space": {
        "head": {
          "x": 0.016492899507284164,
          "y": -0.023630568757653236,
          "z": 0.662509024143219
        },
        "tail": {
          "x": 0.022897034883499146,
          "y": -0.006693251430988312,
          "z": 0.8165396451950073
        }
      },
      "world_space": {
        "head": {
          "x": 0.016492899507284164,
          "y": 0.03961343318223953,
          "z": 1.6123631000518799
        },
        "tail": {
          "x": 0.022897034883499146,
          "y": 0.05655074864625931,
          "z": 1.7663936614990234
        },
        "rotation_quaternion": {
          "w": 0.7185903787612915,
          "x": 0.6361305117607117,
          "y": -0.19553117454051971,
          "z": -0.20182545483112335
        },
        "matrix": [
          [
            0.842068076133728,
            0.04129296541213989,
            -0.537788450717926,
            0.016492899507284164
          ],
          [
            -0.5388265252113342,
            0.10920944809913635,
            -0.8353081941604614,
            0.03961343318223953
          ],
          [
            0.024238836020231247,
            0.9931680560112,
            0.11421148478984833,
            1.6123631000518799
          ],
          [
            0.0,
            0.0,
            0.0,
            1.0
          ]
        ]
      },
      "bone_length_armature_space": 0.15509131856591055,
      "parent": "neck_01",
      "has_children": false,
      "is_end_bone": true
    },
    "upperarm_l": {
      "name": "upperarm_l",
      "local": {
        "location": {
          "x": 0.0,
          "y": 0.0,
          "z": 0.0
        },
        "rotation_quaternion": {
          "w": 0.9280194044113159,
          "x": 0.24684393405914307,
          "y": 0.12857772409915924,
          "z": -0.24762062728405
        },
        "scale": {
          "x": 1.0,
          "y": 1.0,
          "z": 1.0
        },
        "matrix_basis": [
          [
            0.8443036079406738,
            0.523070752620697,
            0.11639794707298279,
            0.0
          ],
          [
            -0.3961162269115448,
            0.7555041909217834,
            -0.5218288898468018,
            0.0
          ],
          [
            -0.36089253425598145,
            0.39447492361068726,
            0.8450716733932495,
            0.0
          ],
          [
            0.0,
            0.0,
            0.0,
            1.0
          ]
        ],
        "rotation_mode": "QUATERNION"
      },
      "armature_space": {
        "head": {
          "x": 0.1764751672744751,
          "y": -0.029112981632351875,
          "z": 0.48663604259490967
        },
        "tail": {
          "x": 0.3568452000617981,
          "y": -0.15382011234760284,
          "z": 0.3326139450073242
        }
      },
      "world_space": {
        "head": {
          "x": 0.1764751672744751,
          "y": 0.034131020307540894,
          "z": 1.4364900588989258
        },
        "tail": {
          "x": 0.3568452000617981,
          "y": -0.09057611227035522,
          "z": 1.2824679613113403
        },
        "rotation_quaternion": {
          "w": 0.11121018975973129,
          "x": 0.5161399245262146,
          "y": 0.5049171447753906,
          "z": -0.6828548312187195
        },
        "matrix": [
          [
            -0.44246500730514526,
            0.6730992794036865,
            -0.5925894379615784,
            0.1764751672744751
          ],
          [
            0.3693339228630066,
            -0.46537816524505615,
            -0.804373025894165,
            0.034131020307540894
          ],
          [
            -0.8172063231468201,
            -0.5747748017311096,
            -0.042685892432928085,
            1.4364900588989258
          ],
          [
            0.0,
            0.0,
            0.0,
            1.0
          ]
        ]
      },
      "bone_length_armature_space": 0.26797019121210663,
      "parent": "spine_01",
      "has_children": true,
      "is_end_bone": false
    },
    "lowerarm_l": {
      "name": "lowerarm_l",
      "local": {
        "location": {
          "x": 0.0,
          "y": 0.0,
          "z": 0.0
        },
        "rotation_quaternion": {
          "w": 0.9148666858673096,
          "x": 0.2159094512462616,
          "y": 0.12686432898044586,
          "z": -0.31671375036239624
        },
        "scale": {
          "x": 1.0,
          "y": 1.0,
          "z": 1.0
        },
        "matrix_basis": [
          [
            0.7671957015991211,
            0.6342841386795044,
            0.09536491334438324,
            0.0
          ],
          [
            -0.5247192978858948,
            0.706151008605957,
            -0.4754160940647125,
            0.0
          ],
          [
            -0.3688908815383911,
            0.31469738483428955,
            0.8745771050453186,
            0.0
          ],
          [
            0.0,
            0.0,
            0.0,
            1.0
          ]
        ],
        "rotation_mode": "QUATERNION"
      },
      "armature_space": {
        "head": {
          "x": 0.35684528946876526,
          "y": -0.1538202315568924,
          "z": 0.332614004611969
        },
        "tail": {
          "x": 0.3423469364643097,
          "y": -0.29134440422058105,
          "z": 0.10360078513622284
        }
      },
      "world_space": {
        "head": {
          "x": 0.35684528946876526,
          "y": -0.09057623147964478,
          "z": 1.2824680805206299
        },
        "tail": {
          "x": 0.3423469364643097,
          "y": -0.22810040414333344,
          "z": 1.0534547567367554
        },
        "rotation_quaternion": {
          "w": 0.27118852734565735,
          "x": -0.4318274259567261,
          "y": -0.4116140604019165,
          "z": 0.7553514838218689
        },
        "matrix": [
          [
            -0.47996437549591064,
            -0.05419452488422394,
            -0.8756124973297119,
            0.35684528946876526
          ],
          [
            0.7651776075363159,
            -0.5140620470046997,
            -0.387612909078598,
            -0.09057623147964478
          ],
          [
            -0.4291149377822876,
            -0.8560458421707153,
            0.28820154070854187,
            1.2824680805206299
          ],
          [
            0.0,
            0.0,
            0.0,
            1.0
          ]
        ]
      },
      "bone_length_armature_space": 0.26752598967686364,
      "parent": "upperarm_l",
      "has_children": true,
      "is_end_bone": false
    },
    "metacarpal_thumb_l": {
      "name": "metacarpal_thumb_l",
      "local": {
        "location": {
          "x": 0.0,
          "y": 0.0,
          "z": 0.0
        },
        "rotation_quaternion": {
          "w": 0.9992190599441528,
          "x": -0.03668411821126938,
          "y": -0.013651050627231598,
          "z": 0.005416006315499544
        },
        "scale": {
          "x": 1.0,
          "y": 1.0,
          "z": 1.0
        },
        "matrix_basis": [
          [
            0.9995686411857605,
            -0.009821999818086624,
            -0.027678143233060837,
            0.0
          ],
          [
            0.011825107038021088,
            0.9972499012947083,
            0.07316306978464127,
            0.0
          ],
          [
            0.02688341774046421,
            -0.07345880568027496,
            0.9969358444213867,
            0.0
          ],
          [
            0.0,
            0.0,
            0.0,
            1.0
          ]
        ],
        "rotation_mode": "QUATERNION"
      },
      "armature_space": {
        "head": {
          "x": 0.3423469364643097,
          "y": -0.29134440422058105,
          "z": 0.10360078513622284
        },
        "tail": {
          "x": 0.3116770386695862,
          "y": -0.3189048767089844,
          "z": 0.07615312933921814
        }
      },
      "world_space": {
        "head": {
          "x": 0.3423469364643097,
          "y": -0.22810040414333344,
          "z": 1.0534547567367554
        },
        "tail": {
          "x": 0.3116770386695862,
          "y": -0.25566089153289795,
          "z": 1.0260071754455566
        },
        "rotation_quaternion": {
          "w": 0.43893465399742126,
          "x": -0.7865437269210815,
          "y": 0.17069768905639648,
          "z": 0.3994341194629669
        },
        "matrix": [
          [
            0.6226301789283752,
            -0.6191728711128235,
            -0.4784941077232361,
            0.3423469364643097
          ],
          [
            0.08212648332118988,
            -0.5563986897468567,
            0.8268470168113708,
            -0.22810040414333344
          ],
          [
            -0.778200089931488,
            -0.554121196269989,
            -0.2955814301967621,
            1.0534547567367554
          ],
          [
            0.0,
            0.0,
            0.0,
            1.0
          ]
        ]
      },
      "bone_length_armature_space": 0.04953378685443742,
      "parent": "lowerarm_l",
      "has_children": true,
      "is_end_bone": false
    },
    "thumb_01_l": {
      "name": "thumb_01_l",
      "local": {
        "location": {
          "x": 0.0,
          "y": 0.0,
          "z": 0.0
        },
        "rotation_quaternion": {
          "w": 0.9992164373397827,
          "x": 0.03882309049367905,
          "y": 0.0032167285680770874,
          "z": -0.006996456068009138
        },
        "scale": {
          "x": 1.0,
          "y": 1.0,
          "z": 1.0
        },
        "matrix_basis": [
          [
            0.999881386756897,
            0.01423171442002058,
            0.005885167978703976,
            0.0
          ],
          [
            -0.013732180930674076,
            0.9968876242637634,
            -0.07763034850358963,
            0.0
          ],
          [
            -0.006971664261072874,
            0.0775403305888176,
            0.9969648122787476,
            0.0
          ],
          [
            0.0,
            0.0,
            0.0,
            1.0
          ]
        ],
        "rotation_mode": "QUATERNION"
      },
      "armature_space": {
        "head": {
          "x": 0.3116770386695862,
          "y": -0.3189048767089844,
          "z": 0.07615312933921814
        },
        "tail": {
          "x": 0.2845262885093689,
          "y": -0.3110902011394501,
          "z": 0.05716899037361145
        }
      },
      "world_space": {
        "head": {
          "x": 0.3116770386695862,
          "y": -0.25566089153289795,
          "z": 1.0260071754455566
        },
        "tail": {
          "x": 0.2845262885093689,
          "y": -0.24784620106220245,
          "z": 1.0070229768753052
        },
        "rotation_quaternion": {
          "w": 0.2673012614250183,
          "x": -0.5994206666946411,
          "y": 0.7371172904968262,
          "z": -0.16094441711902618
        },
        "matrix": [
          [
            -0.13848792016506195,
            -0.7976463437080383,
            0.5870105624198914,
            0.3116770386695862
          ],
          [
            -0.9697279930114746,
            0.22958257794380188,
            0.08318416774272919,
            -0.25566089153289795
          ],
          [
            -0.20112115144729614,
            -0.5577242970466614,
            -0.8052999377250671,
            1.0260071754455566
          ],
          [
            0.0,
            0.0,
            0.0,
            1.0
          ]
        ]
      },
      "bone_length_armature_space": 0.03403865346492216,
      "parent": "metacarpal_thumb_l",
      "has_children": true,
      "is_end_bone": false
    },
    "thumb_02_l": {
      "name": "thumb_02_l",
      "local": {
        "location": {
          "x": 0.0,
          "y": 0.0,
          "z": 0.0
        },
        "rotation_quaternion": {
          "w": 0.993712306022644,
          "x": 0.11171000450849533,
          "y": -0.007429855410009623,
          "z": 0.0012387266615405679
        },
        "scale": {
          "x": 1.0,
          "y": 1.0,
          "z": 1.0
        },
        "matrix_basis": [
          [
            0.9998865127563477,
            -0.004121854435652494,
            -0.014489521272480488,
            0.0
          ],
          [
            0.0008018974913284183,
            0.9750387072563171,
            -0.22203361988067627,
            0.0
          ],
          [
            0.015043034218251705,
            0.22199679911136627,
            0.9749313592910767,
            0.0
          ],
          [
            0.0,
            0.0,
            0.0,
            1.0
          ]
        ],
        "rotation_mode": "QUATERNION"
      },
      "armature_space": {
        "head": {
          "x": 0.2845262885093689,
          "y": -0.3110901713371277,
          "z": 0.05716904252767563
        },
        "tail": {
          "x": 0.2877482771873474,
          "y": -0.33236774802207947,
          "z": 0.02325620874762535
        }
      },
      "world_space": {
        "head": {
          "x": 0.2845262885093689,
          "y": -0.24784617125988007,
          "z": 1.0070230960845947
        },
        "tail": {
          "x": 0.2877482771873474,
          "y": -0.26912373304367065,
          "z": 0.9731101989746094
        },
        "rotation_quaternion": {
          "w": 0.29270967841148376,
          "x": -0.4596339464187622,
          "y": 0.38657501339912415,
          "z": -0.7440547943115234
        },
        "matrix": [
          [
            -0.4061160683631897,
            0.08022000640630722,
            0.9102936387062073,
            0.2845262885093689
          ],
          [
            -0.7909499406814575,
            -0.5297622084617615,
            -0.30618688464164734,
            -0.24784617125988007
          ],
          [
            0.4576793313026428,
            -0.8443504571914673,
            0.27859658002853394,
            1.0070230960845947
          ],
          [
            0.0,
            0.0,
            0.0,
            1.0
          ]
        ]
      },
      "bone_length_armature_space": 0.04016462150290707,
      "parent": "thumb_01_l",
      "has_children": true,
      "is_end_bone": false
    },
    "thumb_03_l": {
      "name": "thumb_03_l",
      "local": {
        "location": {
          "x": 0.0,
          "y": 0.0,
          "z": 0.0
        },
        "rotation_quaternion": {
          "w": 0.9980261325836182,
          "x": 0.062441617250442505,
          "y": -0.005186322145164013,
          "z": 0.0042431247420609
        },
        "scale": {
          "x": 1.0,
          "y": 1.0,
          "z": 1.0
        },
        "matrix_basis": [
          [
            0.9999101758003235,
            -0.009117183275520802,
            -0.009822274558246136,
            0.0
          ],
          [
            0.00782181415706873,
            0.9921661019325256,
            -0.12468074262142181,
            0.0
          ],
          [
            0.010882065631449223,
            0.12459272146224976,
            0.9921482801437378,
            0.0
          ],
          [
            0.0,
            0.0,
            0.0,
            1.0
          ]
        ],
        "rotation_mode": "QUATERNION"
      },
      "armature_space": {
        "head": {
          "x": 0.28774818778038025,
          "y": -0.33236774802207947,
          "z": 0.023256253451108932
        },
        "tail": {
          "x": 0.3021107614040375,
          "y": -0.3478231132030487,
          "z": 0.0013075359165668488
        }
      },
      "world_space": {
        "head": {
          "x": 0.28774818778038025,
          "y": -0.26912373304367065,
          "z": 0.9731102585792542
        },
        "tail": {
          "x": 0.3021107614040375,
          "y": -0.2845790982246399,
          "z": 0.9511615633964539
        },
        "rotation_quaternion": {
          "w": 0.3648296892642975,
          "x": -0.21200616657733917,
          "y": 0.33626434206962585,
          "z": -0.8419495224952698
        },
        "matrix": [
          [
            -0.6439041495323181,
            0.47175678610801697,
            0.6023563146591187,
            0.28774818778038025
          ],
          [
            -0.7569175958633423,
            -0.5076509714126587,
            -0.41154155135154724,
            -0.26912373304367065
          ],
          [
            0.11163930594921112,
            -0.7209328413009644,
            0.6839638948440552,
            0.9731102585792542
          ],
          [
            0.0,
            0.0,
            0.0,
            1.0
          ]
        ]
      },
      "bone_length_armature_space": 0.030444999936517454,
      "parent": "thumb_02_l",
      "has_children": false,
      "is_end_bone": true
    },
    "metacarpal_index_l": {
      "name": "metacarpal_index_l",
      "local": {
        "location": {
          "x": 0.0,
          "y": 0.0,
          "z": 0.0
        },
        "rotation_quaternion": {
          "w": 0.9998072385787964,
          "x": 0.017763808369636536,
          "y": 0.005200748331844807,
          "z": -0.0065480610355734825
        },
        "scale": {
          "x": 1.0,
          "y": 1.0,
          "z": 1.0
        },
        "matrix_basis": [
          [
            0.9998601675033569,
            0.013278367929160595,
            0.010166854597628117,
            0.0
          ],
          [
            -0.012908827513456345,
            0.9992831349372864,
            -0.03558887913823128,
            0.0
          ],
          [
            -0.010632128454744816,
            0.03545266017317772,
            0.9993147850036621,
            0.0
          ],
          [
            0.0,
            0.0,
            0.0,
            1.0
          ]
        ],
        "rotation_mode": "QUATERNION"
      },
      "armature_space": {
        "head": {
          "x": 0.3423469364643097,
          "y": -0.29134440422058105,
          "z": 0.10360078513622284
        },
        "tail": {
          "x": 0.2992543578147888,
          "y": -0.35475337505340576,
          "z": 0.014991134405136108
        }
      },
      "world_space": {
        "head": {
          "x": 0.3423469364643097,
          "y": -0.22810040414333344,
          "z": 1.0534547567367554
        },
        "tail": {
          "x": 0.2992543578147888,
          "y": -0.29150938987731934,
          "z": 0.9648451805114746
        },
        "rotation_quaternion": {
          "w": 0.4689682722091675,
          "x": -0.6948654055595398,
          "y": -0.0973980650305748,
          "z": 0.5364183783531189
        },
        "matrix": [
          [
            0.405537873506546,
            -0.3677729368209839,
            -0.8368287086486816,
            0.3423469364643097
          ],
          [
            0.6384835243225098,
            -0.5411626696586609,
            0.5472496151924133,
            -0.22810040414333344
          ],
          [
            -0.6541278958320618,
            -0.7562374472618103,
            0.01535563450306654,
            1.0534547567367554
          ],
          [
            0.0,
            0.0,
            0.0,
            1.0
          ]
        ]
      },
      "bone_length_armature_space": 0.11717225909465817,
      "parent": "lowerarm_l",
      "has_children": true,
      "is_end_bone": false
    },
    "index_01_l": {
      "name": "index_01_l",
      "local": {
        "location": {
          "x": 0.0,
          "y": 0.0,
          "z": 0.0
        },
        "rotation_quaternion": {
          "w": 0.9986941814422607,
          "x": -0.050701115280389786,
          "y": 0.006139105185866356,
          "z": -0.0012701170053333044
        },
        "scale": {
          "x": 1.0,
          "y": 1.0,
          "z": 1.0
        },
        "matrix_basis": [
          [
            0.9999213814735413,
            0.0019143979297950864,
            0.01239097025245428,
            0.0
          ],
          [
            -0.0031594359315931797,
            0.9948555827140808,
            0.10125422477722168,
            0.0
          ],
          [
            -0.012133384123444557,
            -0.1012854129076004,
            0.9947834014892578,
            0.0
          ],
          [
            0.0,
            0.0,
            0.0,
            1.0
          ]
        ],
        "rotation_mode": "QUATERNION"
      },
      "armature_space": {
        "head": {
          "x": 0.2992543578147888,
          "y": -0.35475337505340576,
          "z": 0.014991134405136108
        },
        "tail": {
          "x": 0.29916131496429443,
          "y": -0.36629611253738403,
          "z": -0.01108253002166748
        }
      },
      "world_space": {
        "head": {
          "x": 0.2992543578147888,
          "y": -0.29150938987731934,
          "z": 0.9648451805114746
        },
        "tail": {
          "x": 0.29916131496429443,
          "y": -0.3030521273612976,
          "z": 0.9387714862823486
        },
        "rotation_quaternion": {
          "w": 0.47744321823120117,
          "x": -0.7320466041564941,
          "y": -0.26390573382377625,
          "z": 0.4080559015274048
        },
        "matrix": [
          [
            0.5276891589164734,
            -0.00326324999332428,
            -0.8494313359260559,
            0.2992543578147888
          ],
          [
            0.7760292887687683,
            -0.4048043489456177,
            0.48364493250846863,
            -0.29150938987731934
          ],
          [
            -0.34543338418006897,
            -0.9144043922424316,
            -0.21107947826385498,
            0.9648451805114746
          ],
          [
            0.0,
            0.0,
            0.0,
            1.0
          ]
        ]
      },
      "bone_length_armature_space": 0.028514547417116867,
      "parent": "metacarpal_index_l",
      "has_children": true,
      "is_end_bone": false
    },
    "index_02_l": {
      "name": "index_02_l",
      "local": {
        "location": {
          "x": 0.0,
          "y": 0.0,
          "z": 0.0
        },
        "rotation_quaternion": {
          "w": 0.9744634032249451,
          "x": 0.22449389100074768,
          "y": 0.004865214228630066,
          "z": -0.0001532776514068246
        },
        "scale": {
          "x": 1.0,
          "y": 1.0,
          "z": 1.0
        },
        "matrix_basis": [
          [
            0.9999526143074036,
            0.002483148593455553,
            0.009413126856088638,
            0.0
          ],
          [
            0.001885694800876081,
            0.8992049098014832,
            -0.43752366304397583,
            0.0
          ],
          [
            -0.009550766088068485,
            0.43752068281173706,
            0.8991576433181763,
            0.0
          ],
          [
            0.0,
            0.0,
            0.0,
            1.0
          ]
        ],
        "rotation_mode": "QUATERNION"
      },
      "armature_space": {
        "head": {
          "x": 0.2991609275341034,
          "y": -0.36629629135131836,
          "z": -0.011082865297794342
        },
        "tail": {
          "x": 0.29027849435806274,
          "y": -0.37071847915649414,
          "z": -0.03473968431353569
        }
      },
      "world_space": {
        "head": {
          "x": 0.2991609275341034,
          "y": -0.30305230617523193,
          "z": 0.93877112865448
        },
        "tail": {
          "x": 0.29027849435806274,
          "y": -0.3074744939804077,
          "z": 0.9151143431663513
        },
        "rotation_quaternion": {
          "w": 0.6134702563285828,
          "x": -0.6025777459144592,
          "y": -0.19355565309524536,
          "z": 0.4723247289657593
        },
        "matrix": [
          [
            0.478888601064682,
            -0.34624937176704407,
            -0.8067077398300171,
            0.2991609275341034
          ],
          [
            0.8127804398536682,
            -0.172382652759552,
            0.5564824342727661,
            -0.30305230617523193
          ],
          [
            -0.33174559473991394,
            -0.9221756458282471,
            0.19887438416481018,
            0.93877112865448
          ],
          [
            0.0,
            0.0,
            0.0,
            1.0
          ]
        ]
      },
      "bone_length_armature_space": 0.025653429134453856,
      "parent": "index_01_l",
      "has_children": true,
      "is_end_bone": false
    },
    "index_03_l": {
      "name": "index_03_l",
      "local": {
        "location": {
          "x": 0.0,
          "y": 0.0,
          "z": 0.0
        },
        "rotation_quaternion": {
          "w": 0.9749889373779297,
          "x": 0.22221025824546814,
          "y": 0.0043568420223891735,
          "z": -0.000534524442628026
        },
        "scale": {
          "x": 1.0,
          "y": 1.0,
          "z": 1.0
        },
        "matrix_basis": [
          [
            0.9999614357948303,
            0.0029785807710140944,
            0.008258191868662834,
            0.0
          ],
          [
            0.0008939591352827847,
            0.9012446403503418,
            -0.43330973386764526,
            0.0
          ],
          [
            -0.008733299560844898,
            0.4333004355430603,
            0.9012072086334229,
            0.0
          ],
          [
            0.0,
            0.0,
            0.0,
            1.0
          ]
        ],
        "rotation_mode": "QUATERNION"
      },
      "armature_space": {
        "head": {
          "x": 0.2902786135673523,
          "y": -0.3707185685634613,
          "z": -0.03473969176411629
        },
        "tail": {
          "x": 0.2712323069572449,
          "y": -0.36402711272239685,
          "z": -0.055863142013549805
        }
      },
      "world_space": {
        "head": {
          "x": 0.2902786135673523,
          "y": -0.3074745535850525,
          "z": 0.9151143431663513
        },
        "tail": {
          "x": 0.2712323069572449,
          "y": -0.30078309774398804,
          "z": 0.8939908742904663
        },
        "rotation_quaternion": {
          "w": 0.7804871201515198,
          "x": -0.42031946778297424,
          "y": -0.07312269508838654,
          "z": 0.4569731652736664
        },
        "matrix": [
          [
            0.5716553926467896,
            -0.6518537998199463,
            -0.49829399585723877,
            0.2902786135673523
          ],
          [
            0.7747948169708252,
            0.22901283204555511,
            0.5892762541770935,
            -0.3074745535850525
          ],
          [
            -0.27000728249549866,
            -0.7229433655738831,
            0.635974109172821,
            0.9151143431663513
          ],
          [
            0.0,
            0.0,
            0.0,
            1.0
          ]
        ]
      },
      "bone_length_armature_space": 0.02921878682198123,
      "parent": "index_02_l",
      "has_children": false,
      "is_end_bone": true
    },
    "metacarpal_pinky_l": {
      "name": "metacarpal_pinky_l",
      "local": {
        "location": {
          "x": 0.0,
          "y": 0.0,
          "z": 0.0
        },
        "rotation_quaternion": {
          "w": 0.9971860647201538,
          "x": -0.07408222556114197,
          "y": -0.0010984225664287806,
          "z": 0.011435306631028652
        },
        "scale": {
          "x": 1.0,
          "y": 1.0,
          "z": 1.0
        },
        "matrix_basis": [
          [
            0.9997360706329346,
            -0.02264351025223732,
            -0.0038849692791700363,
            0.0
          ],
          [
            0.02296900376677513,
            0.9887621402740479,
            0.14772240817546844,
            0.0
          ],
          [
            0.0004963574465364218,
            -0.1477726548910141,
            0.9890212416648865,
            0.0
          ],
          [
            0.0,
            0.0,
            0.0,
            1.0
          ]
        ],
        "rotation_mode": "QUATERNION"
      },
      "armature_space": {
        "head": {
          "x": 0.3423469364643097,
          "y": -0.29134440422058105,
          "z": 0.10360078513622284
        },
        "tail": {
          "x": 0.3627646863460541,
          "y": -0.31498274207115173,
          "z": 0.004264451563358307
        }
      },
      "world_space": {
        "head": {
          "x": 0.3423469364643097,
          "y": -0.22810040414333344,
          "z": 1.0534547567367554
        },
        "tail": {
          "x": 0.3627646863460541,
          "y": -0.2517387270927429,
          "z": 0.9541184902191162
        },
        "rotation_quaternion": {
          "w": 0.1615128219127655,
          "x": -0.04703987389802933,
          "y": 0.6003420948982239,
          "z": -0.7818506360054016
        },
        "matrix": [
          [
            -0.9434014558792114,
            0.19607789814472198,
            0.267483115196228,
            0.3423469364643097
          ],
          [
            -0.30903899669647217,
            -0.22700642049312592,
            -0.9235602617263794,
            -0.22810040414333344
          ],
          [
            -0.12037045508623123,
            -0.9539576172828674,
            0.27475494146347046,
            1.0534547567367554
          ],
          [
            0.0,
            0.0,
            0.0,
            1.0
          ]
        ]
      },
      "bone_length_armature_space": 0.10413146884940729,
      "parent": "lowerarm_l",
      "has_children": true,
      "is_end_bone": false
    },
    "pinky_01_l": {
      "name": "pinky_01_l",
      "local": {
        "location": {
          "x": 0.0,
          "y": 0.0,
          "z": 0.0
        },
        "rotation_quaternion": {
          "w": 0.9991159439086914,
          "x": 0.0361982099711895,
          "y": 0.009251207113265991,
          "z": -0.019275756552815437
        },
        "scale": {
          "x": 1.0,
          "y": 1.0,
          "z": 1.0
        },
        "matrix_basis": [
          [
            0.9990857243537903,
            0.03918718546628952,
            0.017090560868382454,
            0.0
          ],
          [
            -0.03784767538309097,
            0.9966362714767456,
            -0.07268906384706497,
            0.0
          ],
          [
            -0.01988155208528042,
            0.07197576761245728,
            0.9972082376480103,
            0.0
          ],
          [
            0.0,
            0.0,
            0.0,
            1.0
          ]
        ],
        "rotation_mode": "QUATERNION"
      },
      "armature_space": {
        "head": {
          "x": 0.3627646863460541,
          "y": -0.31498274207115173,
