{
  "metadata": {
    "armature_name": "KIM_caucasian_male",
    "export_time": "2026-01-13T20:24:46.239731",
    "blender_version": "4.4.1",
    "bone_count": 56,
    "end_bone_count": 13,
    "spaces_included": [
      "LOCAL_CHANNELS",
      "ARMATURE_SPACE",
      "WORLD_SPACE"
    ],
    "note": "LOCAL matches Transform panel; replay pose via local.matrix_basis for best fidelity."
  },
  "bones": {
    "Root": {
      "name": "Root",
      "local": {
        "location": {
          "x": 0.0,
          "y": 0.0,
          "z": 0.0
        },
        "rotation_quaternion": {
          "w": 0.9997957944869995,
          "x": -0.01679210551083088,
          "y": 0.010591384023427963,
          "z": 0.003766049398109317
        },
        "scale": {
          "x": 1.0,
          "y": 1.0,
          "z": 1.0
        },
        "matrix_basis": [
          [
            0.9997472763061523,
            -0.00788626354187727,
            0.021051961928606033,
            0.0
          ],
          [
            0.007174857426434755,
            0.9994077086448669,
            0.03365712985396385,
            0.0
          ],
          [
            -0.021304922178387642,
            -0.03349757939577103,
            0.9992116689682007,
            0.0
          ],
          [
            0.0,
            0.0,
            0.0,
            1.0
          ]
        ],
        "rotation_mode": "QUATERNION"
      },
      "armature_space": {
        "head": {
          "x": 0.0,
          "y": 0.07072800397872925,
          "z": -0.009595036506652832
        },
        "tail": {
          "x": -0.0005628889193758368,
          "y": 0.0003633052110671997,
          "z": 0.0023635514080524445
        }
      },
      "world_space": {
        "head": {
          "x": 0.0,
          "y": 0.13397200405597687,
          "z": 0.9402589797973633
        },
        "tail": {
          "x": -0.0005628889193758368,
          "y": 0.06360730528831482,
          "z": 0.9522175788879395
        },
        "rotation_quaternion": {
          "w": 0.08410786092281342,
          "x": 0.9963932633399963,
          "y": -0.003043974284082651,
          "z": 0.010821034200489521
        },
        "matrix": [
          [
            0.9997472763061523,
            -0.00788626354187727,
            0.021051961928606033,
            0.0
          ],
          [
            -0.0042457180097699165,
            -0.9858331680297852,
            -0.16767534613609314,
            0.13397200405597687
          ],
          [
            0.022076204419136047,
            0.16754384338855743,
            -0.9856244921684265,
            0.9402589797973633
          ],
          [
            0.0,
            0.0,
            0.0,
            1.0
          ]
        ]
      },
      "bone_length_armature_space": 0.07137587365095163,
      "parent": null,
      "has_children": true,
      "is_end_bone": false
    },
    "spine_01": {
      "name": "spine_01",
      "local": {
        "location": {
          "x": 0.0,
          "y": 0.0,
          "z": 0.0
        },
        "rotation_quaternion": {
          "w": 0.9980003833770752,
          "x": -0.005687579978257418,
          "y": 0.034141890704631805,
          "z": 0.05289028584957123
        },
        "scale": {
          "x": 1.0,
          "y": 1.0,
          "z": 1.0
        },
        "matrix_basis": [
          [
            0.9920738935470581,
            -0.10595741868019104,
            0.06754560768604279,
            0.0
          ],
          [
            0.10518068075180054,
            0.9943405389785767,
            0.014963963069021702,
            0.0
          ],
          [
            -0.06874887645244598,
            -0.007740865461528301,
            0.9976039528846741,
            0.0
          ],
          [
            0.0,
            0.0,
            0.0,
            1.0
          ]
        ],
        "rotation_mode": "QUATERNION"
      },
      "armature_space": {
        "head": {
          "x": -0.0005628889193758368,
          "y": 0.0003633052110671997,
          "z": 0.0023635514080524445
        },
        "tail": {
          "x": -0.06274676322937012,
          "y": 0.043314166367053986,
          "z": 0.48448067903518677
        }
      },
      "world_space": {
        "head": {
          "x": -0.0005628889193758368,
          "y": 0.06360730528831482,
          "z": 0.9522175788879395
        },
        "tail": {
          "x": -0.06274676322937012,
          "y": 0.1065581664443016,
          "z": 1.4343347549438477
        },
        "rotation_quaternion": {
          "w": 0.7372875213623047,
          "x": 0.6718525290489197,
          "y": -0.0203415397554636,
          "z": 0.06787895411252975
        },
        "matrix": [
          [
            0.989957332611084,
            -0.1274256557226181,
            0.06121496856212616,
            -0.0005628889193758368
          ],
          [
            0.0727604553103447,
            0.08801383525133133,
            -0.9934583902359009,
            0.06360730528831482
          ],
          [
            0.12120523303747177,
            0.9879423975944519,
            0.09640125930309296,
            0.9522175788879395
          ],
          [
            0.0,
            0.0,
            0.0,
            1.0
          ]
        ]
      },
      "bone_length_armature_space": 0.48800463220125223,
      "parent": "Root",
      "has_children": true,
      "is_end_bone": false
    },
    "neck_01": {
      "name": "neck_01",
      "local": {
        "location": {
          "x": 0.0,
          "y": 0.0,
          "z": 0.0
        },
        "rotation_quaternion": {
          "w": 0.9854101538658142,
          "x": -0.12109333276748657,
          "y": -0.0734887346625328,
          "z": 0.09435442090034485
        },
        "scale": {
          "x": 1.0,
          "y": 1.0,
          "z": 1.0
        },
        "matrix_basis": [
          [
            0.9713932871818542,
            -0.16815762221813202,
            -0.16768448054790497,
            0.0
          ],
          [
            0.20375360548496246,
            0.9528672695159912,
            0.2247852236032486,
            0.0
          ],
          [
            0.12198171019554138,
            -0.25252118706703186,
            0.9598716497421265,
            0.0
          ],
          [
            0.0,
            0.0,
            0.0,
            1.0
          ]
        ],
        "rotation_mode": "QUATERNION"
      },
      "armature_space": {
        "head": {
          "x": -0.06995371729135513,
          "y": 0.01530482992529869,
          "z": 0.5601595044136047
        },
        "tail": {
          "x": -0.09894101321697235,
          "y": 0.009823089465498924,
          "z": 0.6583452820777893
        }
      },
      "world_space": {
        "head": {
          "x": -0.06995371729135513,
          "y": 0.07854883372783661,
          "z": 1.5100135803222656
        },
        "tail": {
          "x": -0.09894101321697235,
          "y": 0.0730670914053917,
          "z": 1.6081993579864502
        },
        "rotation_quaternion": {
          "w": 0.6745777726173401,
          "x": 0.7228510975837708,
          "y": -0.13494464755058289,
          "z": 0.06496961414813995
        },
        "matrix": [
          [
            0.9551376104354858,
            -0.28274405002593994,
            -0.08813633024692535,
            -0.06995371729135513
          ],
          [
            -0.10743741691112518,
            -0.05346927046775818,
            -0.9927731156349182,
            0.07854883372783661
          ],
          [
            0.2759898900985718,
            0.9577105641365051,
            -0.08144928514957428,
            1.5100135803222656
          ],
          [
            0.0,
            0.0,
            0.0,
            1.0
          ]
        ]
      },
      "bone_length_armature_space": 0.10252199601271482,
      "parent": "spine_01",
      "has_children": true,
      "is_end_bone": false
    },
    "head": {
      "name": "head",
      "local": {
        "location": {
          "x": 0.0,
          "y": 0.0,
          "z": 0.0
        },
        "rotation_quaternion": {
          "w": 0.9930933713912964,
          "x": -0.004777239635586739,
          "y": 0.11578917503356934,
          "z": -0.018321355804800987
        },
        "scale": {
          "x": 1.0,
          "y": 1.0,
          "z": 1.0
        },
        "matrix_basis": [
          [
            0.9725143909454346,
            0.03528332710266113,
            0.23015397787094116,
            0.0
          ],
          [
            -0.037495940923690796,
            0.9992830157279968,
            0.005245660897344351,
            0.0
          ],
          [
            -0.2298038750886917,
            -0.013731319457292557,
            0.9731400609016418,
            0.0
          ],
          [
            0.0,
            0.0,
            0.0,
            1.0
          ]
        ],
        "rotation_mode": "QUATERNION"
      },
      "armature_space": {
        "head": {
          "x": -0.09894101321697235,
          "y": 0.009822938591241837,
          "z": 0.6583452224731445
        },
        "tail": {
          "x": -0.12933088839054108,
          "y": 0.05913662910461426,
          "z": 0.8022128343582153
        }
      },
      "world_space": {
        "head": {
          "x": -0.09894101321697235,
          "y": 0.07306693494319916,
          "z": 1.6081992387771606
        },
        "tail": {
          "x": -0.12933088839054108,
          "y": 0.12238062918186188,
          "z": 1.7520668506622314
        },
        "rotation_quaternion": {
          "w": 0.8106771111488342,
          "x": 0.5768667459487915,
          "y": -0.04226437583565712,
          "z": 0.09078068286180496
        },
        "matrix": [
          [
            0.979945182800293,
            -0.19594965875148773,
            0.03621220588684082,
            -0.09894101321697235
          ],
          [
            0.09842691570520401,
            0.3179677724838257,
            -0.9429786801338196,
            0.07306693494319916
          ],
          [
            0.173263281583786,
            0.9276384115219116,
            0.3308790326118469,
            1.6081992387771606
          ],
          [
            0.0,
            0.0,
            0.0,
            1.0
          ]
        ]
      },
      "bone_length_armature_space": 0.15509118136579095,
      "parent": "neck_01",
      "has_children": false,
      "is_end_bone": true
    },
    "upperarm_l": {
      "name": "upperarm_l",
      "local": {
        "location": {
          "x": 0.0,
          "y": 0.0,
          "z": 0.0
        },
        "rotation_quaternion": {
          "w": 0.9056382179260254,
          "x": 0.06406291574239731,
          "y": 0.4141709506511688,
          "z": 0.06463612616062164
        },
        "scale": {
          "x": 1.0,
          "y": 1.0,
          "z": 1.0
        },
        "matrix_basis": [
          [
            0.6485691666603088,
            -0.06400789320468903,
            0.7584596276283264,
            0.0
          ],
          [
            0.17013989388942719,
            0.9834362268447876,
            -0.06249483674764633,
            0.0
          ],
          [
            -0.7418965101242065,
            0.1695764660835266,
            0.6487167477607727,
            0.0
          ],
          [
            0.0,
            0.0,
            0.0,
            1.0
          ]
        ],
        "rotation_mode": "QUATERNION"
      },
      "armature_space": {
        "head": {
          "x": 0.08729910850524902,
          "y": 0.017135418951511383,
          "z": 0.5122503638267517
        },
        "tail": {
          "x": 0.350913405418396,
          "y": 0.0020931651815772057,
          "z": 0.5579547882080078
        }
      },
      "world_space": {
        "head": {
          "x": 0.08729910850524902,
          "y": 0.080379419028759,
          "z": 1.462104320526123
        },
        "tail": {
          "x": 0.350913405418396,
          "y": 0.0653371661901474,
          "z": 1.507808804512024
        },
        "rotation_quaternion": {
          "w": 0.3138393759727478,
          "x": 0.6936280727386475,
          "y": 0.6110944151878357,
          "z": -0.21667635440826416
        },
        "matrix": [
          [
            0.15922878682613373,
            0.9837476015090942,
            0.0829882025718689,
            0.08729910850524902
          ],
          [
            0.7117419242858887,
            -0.056134216487407684,
            -0.7001948356628418,
            0.080379419028759
          ],
          [
            -0.6841604113578796,
            0.1705584079027176,
            -0.7091179490089417,
            1.462104320526123
          ],
          [
            0.0,
            0.0,
            0.0,
            1.0
          ]
        ]
      },
      "bone_length_armature_space": 0.2679695137931178,
      "parent": "spine_01",
      "has_children": true,
      "is_end_bone": false
    },
    "lowerarm_l": {
      "name": "lowerarm_l",
      "local": {
        "location": {
          "x": 0.0,
          "y": 0.0,
          "z": 0.0
        },
        "rotation_quaternion": {
          "w": 0.8877395391464233,
          "x": 0.45270949602127075,
          "y": 0.08069418370723724,
          "z": -0.02147710882127285
        },
        "scale": {
          "x": 1.0,
          "y": 1.0,
          "z": 1.0
        },
        "matrix_basis": [
          [
            0.9860543608665466,
            0.1111942008137703,
            0.12382505089044571,
            0.0
          ],
          [
            0.03492989018559456,
            0.5891857147216797,
            -0.8072423934936523,
            0.0
          ],
          [
            -0.16271661221981049,
            0.8003100752830505,
            0.5770851373672485,
            0.0
          ],
          [
            0.0,
            0.0,
            0.0,
            1.0
          ]
        ],
        "rotation_mode": "QUATERNION"
      },
      "armature_space": {
        "head": {
          "x": 0.35091346502304077,
          "y": 0.002093038521707058,
          "z": 0.5579548478126526
        },
        "tail": {
          "x": 0.49750709533691406,
          "y": -0.17618006467819214,
          "z": 0.4226821959018707
        }
      },
      "world_space": {
        "head": {
          "x": 0.35091346502304077,
          "y": 0.06533703953027725,
          "z": 1.5078089237213135
        },
        "tail": {
          "x": 0.49750709533691406,
          "y": -0.11293606460094452,
          "z": 1.3725361824035645
        },
        "rotation_quaternion": {
          "w": 0.08918815106153488,
          "x": -0.7898118495941162,
          "y": -0.39856594800949097,
          "z": 0.457589328289032
        },
        "matrix": [
          [
            0.2635131776332855,
            0.5479633808135986,
            -0.7939124703407288,
            0.35091346502304077
          ],
          [
            0.7112075090408325,
            -0.6663805246353149,
            -0.22387796640396118,
            0.06533703953027725
          ],
          [
            -0.6517283320426941,
            -0.5056458711624146,
            -0.5653197765350342,
            1.5078089237213135
          ],
          [
            0.0,
            0.0,
            0.0,
            1.0
          ]
        ]
      },
      "bone_length_armature_space": 0.2675251038082268,
      "parent": "upperarm_l",
      "has_children": true,
      "is_end_bone": false
    },
    "metacarpal_thumb_l": {
      "name": "metacarpal_thumb_l",
      "local": {
        "location": {
          "x": 0.0,
          "y": 0.0,
          "z": 0.0
        },
        "rotation_quaternion": {
          "w": 0.9997960329055786,
          "x": -0.01825846917927265,
          "y": -0.0005407902062870562,
          "z": 0.008624901995062828
        },
        "scale": {
          "x": 1.0,
          "y": 1.0,
          "z": 1.0
        },
        "matrix_basis": [
          [
            0.9998506307601929,
            -0.017226537689566612,
            -0.0013963148230686784,
            0.0
          ],
          [
            0.017266033217310905,
            0.9991844892501831,
            0.03650016337633133,
            0.0
          ],
          [
            0.0007664047880098224,
            -0.03651881963014603,
            0.9993326663970947,
            0.0
          ],
          [
            0.0,
            0.0,
            0.0,
            1.0
          ]
        ],
        "rotation_mode": "QUATERNION"
      },
      "armature_space": {
        "head": {
          "x": 0.49750709533691406,
          "y": -0.17618006467819214,
          "z": 0.4226821959018707
        },
        "tail": {
          "x": 0.49696218967437744,
          "y": -0.20363610982894897,
          "z": 0.38145744800567627
        }
      },
      "world_space": {
        "head": {
          "x": 0.49750709533691406,
          "y": -0.11293606460094452,
          "z": 1.3725361824035645
        },
        "tail": {
          "x": 0.49696218967437744,
          "y": -0.14039210975170135,
          "z": 1.3313114643096924
        },
        "rotation_quaternion": {
          "w": 0.4692828059196472,
          "x": -0.8775325417518616,
          "y": 0.05127083137631416,
          "z": -0.08415260165929794
        },
        "matrix": [
          [
            0.9805793762207031,
            -0.01100100576877594,
            0.19581416249275208,
            0.49750709533691406
          ],
          [
            -0.1689663529396057,
            -0.5542904734611511,
            0.8149924278259277,
            -0.11293606460094452
          ],
          [
            0.09957272559404373,
            -0.8322569727897644,
            -0.5453873872756958,
            1.3725361824035645
          ],
          [
            0.0,
            0.0,
            0.0,
            1.0
          ]
        ]
      },
      "bone_length_armature_space": 0.049533940255433645,
      "parent": "lowerarm_l",
      "has_children": true,
      "is_end_bone": false
    },
    "thumb_01_l": {
      "name": "thumb_01_l",
      "local": {
        "location": {
          "x": 0.0,
          "y": 0.0,
          "z": 0.0
        },
        "rotation_quaternion": {
          "w": 0.9995686411857605,
          "x": -0.017214497551321983,
          "y": 0.017528504133224487,
          "z": -0.01609194278717041
        },
        "scale": {
          "x": 1.0,
          "y": 1.0,
          "z": 1.0
        },
        "matrix_basis": [
          [
            0.9988676309585571,
            0.03156651556491852,
            0.03559591621160507,
            0.0
          ],
          [
            -0.032773490995168686,
            0.9988894462585449,
            0.03385000675916672,
            0.0
          ],
          [
            -0.03448785841464996,
            -0.03497827798128128,
            0.998792827129364,
            0.0
          ],
          [
            0.0,
            0.0,
            0.0,
            1.0
          ]
        ],
        "rotation_mode": "QUATERNION"
      },
      "armature_space": {
        "head": {
          "x": 0.49696218967437744,
          "y": -0.20363610982894897,
          "z": 0.38145744800567627
        },
        "tail": {
          "x": 0.49628347158432007,
          "y": -0.1956959217786789,
          "z": 0.3483646512031555
        }
      },
      "world_space": {
        "head": {
          "x": 0.49696218967437744,
          "y": -0.14039210975170135,
          "z": 1.3313114643096924
        },
        "tail": {
          "x": 0.49628347158432007,
          "y": -0.13245192170143127,
          "z": 1.2982187271118164
        },
        "rotation_quaternion": {
          "w": 0.49893248081207275,
          "x": -0.40311989188194275,
          "y": 0.6063841581344604,
          "z": -0.4699563682079315
        },
        "matrix": [
          [
            -0.17712262272834778,
            -0.019939851015806198,
            0.9839869141578674,
            0.49696218967437744
          ],
          [
            -0.957844078540802,
            0.2332703024148941,
            -0.16768985986709595,
            -0.14039210975170135
          ],
          [
            -0.22619371116161346,
            -0.9722140431404114,
            -0.0604173019528389,
            1.3313114643096924
          ],
          [
            0.0,
            0.0,
            0.0,
            1.0
          ]
        ]
      },
      "bone_length_armature_space": 0.034038808692568284,
      "parent": "metacarpal_thumb_l",
      "has_children": true,
      "is_end_bone": false
    },
    "thumb_02_l": {
      "name": "thumb_02_l",
      "local": {
        "location": {
          "x": 0.0,
          "y": 0.0,
          "z": 0.0
        },
        "rotation_quaternion": {
          "w": 0.9979872107505798,
          "x": 0.0633125975728035,
          "y": -0.0025174159090965986,
          "z": -0.002632001182064414
        },
        "scale": {
          "x": 1.0,
          "y": 1.0,
          "z": 1.0
        },
        "matrix_basis": [
          [
            0.999973475933075,
            0.004934638738632202,
            -0.005357975605875254,
            0.0
          ],
          [
            -0.005572175141423941,
            0.9919691681861877,
            -0.1263570785522461,
            0.0
          ],
          [
            0.0046914201229810715,
            0.12638357281684875,
            0.9919703602790833,
            0.0
          ],
          [
            0.0,
            0.0,
            0.0,
            1.0
          ]
        ],
        "rotation_mode": "QUATERNION"
      },
      "armature_space": {
        "head": {
          "x": 0.4962834119796753,
          "y": -0.1956958770751953,
          "z": 0.3483646810054779
        },
        "tail": {
          "x": 0.5168299078941345,
          "y": -0.2220669686794281,
          "z": 0.32610273361206055
        }
      },
      "world_space": {
        "head": {
          "x": 0.4962834119796753,
          "y": -0.1324518769979477,
          "z": 1.2982187271118164
        },
        "tail": {
          "x": 0.5168299078941345,
          "y": -0.15882296860218048,
          "z": 1.2759567499160767
        },
        "rotation_quaternion": {
          "w": 0.30793333053588867,
          "x": -0.08394555747509003,
          "y": 0.27728644013404846,
          "z": -0.9062243103981018
        },
        "matrix": [
          [
            -0.7962599396705627,
            0.5115598440170288,
            0.3229195773601532,
            0.4962834119796753
          ],
          [
            -0.6046680808067322,
            -0.6565786600112915,
            -0.4508671462535858,
            -0.1324518769979477
          ],
          [
            -0.018624182790517807,
            -0.5542709231376648,
            0.8321362733840942,
            1.2982187271118164
          ],
          [
            0.0,
            0.0,
            0.0,
            1.0
          ]
        ]
      },
      "bone_length_armature_space": 0.04016450205470848,
      "parent": "thumb_01_l",
      "has_children": true,
      "is_end_bone": false
    },
    "thumb_03_l": {
      "name": "thumb_03_l",
      "local": {
        "location": {
          "x": 0.0,
          "y": 0.0,
          "z": 0.0
        },
        "rotation_quaternion": {
          "w": 0.9982672333717346,
          "x": 0.05861029773950577,
          "y": 0.004334638360887766,
          "z": 0.0029481358360499144
        },
        "scale": {
          "x": 1.0,
          "y": 1.0,
          "z": 1.0
        },
        "matrix_basis": [
          [
            0.9999450445175171,
            -0.005377945955842733,
            0.008999837562441826,
            0.0
          ],
          [
            0.006394163705408573,
            0.9931122660636902,
            -0.11699192225933075,
            0.0
          ],
          [
            -0.008308672346174717,
            0.11704304069280624,
            0.9930920600891113,
            0.0
          ],
          [
            0.0,
            0.0,
            0.0,
            1.0
          ]
        ],
        "rotation_mode": "QUATERNION"
      },
      "armature_space": {
        "head": {
          "x": 0.516829788684845,
          "y": -0.2220669388771057,
          "z": 0.32610267400741577
        },
        "tail": {
          "x": 0.5377390384674072,
          "y": -0.24339359998703003,
          "z": 0.320197731256485
        }
      },
      "world_space": {
        "head": {
          "x": 0.516829788684845,
          "y": -0.1588229387998581,
          "z": 1.275956630706787
        },
        "tail": {
          "x": 0.5377390384674072,
          "y": -0.1801495999097824,
          "z": 1.2700517177581787
        },
        "rotation_quaternion": {
          "w": 0.3450694680213928,
          "x": 0.17817212641239166,
          "y": 0.17514754831790924,
          "z": -0.9047127962112427
        },
        "matrix": [
          [
            -0.6983636021614075,
            0.6867908239364624,
            -0.2015119194984436,
            0.516829788684845
          ],
          [
            -0.5619653463363647,
            -0.70050048828125,
            -0.43987980484962463,
            -0.1588229387998581
          ],
          [
            -0.4432681202888489,
            -0.19395525753498077,
            0.8751621246337891,
            1.275956630706787
          ],
          [
            0.0,
            0.0,
            0.0,
            1.0
          ]
        ]
      },
      "bone_length_armature_space": 0.03044489376638072,
      "parent": "thumb_02_l",
      "has_children": false,
      "is_end_bone": true
    },
    "metacarpal_index_l": {
      "name": "metacarpal_index_l",
      "local": {
        "location": {
          "x": 0.0,
          "y": 0.0,
          "z": 0.0
        },
        "rotation_quaternion": {
          "w": 0.9994474649429321,
          "x": -0.03262418881058693,
          "y": -0.005705355200916529,
          "z": 0.0028149625286459923
        },
        "scale": {
          "x": 1.0,
          "y": 1.0,
          "z": 1.0
        },
        "matrix_basis": [
          [
            0.999919056892395,
            -0.005254548974335194,
            -0.011588077060878277,
            0.0
          ],
          [
            0.005999079439789057,
            0.9978554844856262,
            0.065180204808712,
            0.0
          ],
          [
            0.011220733635127544,
            -0.06524444371461868,
            0.9978062510490417,
            0.0
          ],
          [
            0.0,
            0.0,
            0.0,
            1.0
          ]
        ],
        "rotation_mode": "QUATERNION"
      },
      "armature_space": {
        "head": {
          "x": 0.49750709533691406,
          "y": -0.17618006467819214,
          "z": 0.4226821959018707
        },
        "tail": {
          "x": 0.5336965322494507,
          "y": -0.2589172124862671,
          "z": 0.34802162647247314
        }
      },
      "world_space": {
        "head": {
          "x": 0.49750709533691406,
          "y": -0.11293606460094452,
          "z": 1.3725361824035645
        },
        "tail": {
          "x": 0.5336965322494507,
          "y": -0.19567321240901947,
          "z": 1.2978756427764893
        },
        "rotation_quaternion": {
          "w": 0.3233775794506073,
          "x": -0.9174597859382629,
          "y": -0.20583462715148926,
          "z": 0.10642720013856888
        },
        "matrix": [
          [
            0.8926104307174683,
            0.30885791778564453,
            -0.3284105658531189,
            0.49750709533691406
          ],
          [
            0.44652289152145386,
            -0.7061185836791992,
            0.5495582818984985,
            -0.11293606460094452
          ],
          [
            -0.06216130778193474,
            -0.6371893882751465,
            -0.7682055830955505,
            1.3725361824035645
          ],
          [
            0.0,
            0.0,
            0.0,
            1.0
          ]
        ]
      },
      "bone_length_armature_space": 0.11717214583104779,
      "parent": "lowerarm_l",
      "has_children": true,
      "is_end_bone": false
    },
    "index_01_l": {
      "name": "index_01_l",
      "local": {
        "location": {
          "x": 0.0,
          "y": 0.0,
          "z": 0.0
        },
        "rotation_quaternion": {
          "w": 0.9922692179679871,
          "x": -0.1239166334271431,
          "y": -0.00039460003608837724,
          "z": -0.00681450217962265
        },
        "scale": {
          "x": 1.0,
          "y": 1.0,
          "z": 1.0
        },
        "matrix_basis": [
          [
            0.9999068379402161,
            0.013621436432003975,
            0.0009057613788172603,
            0.0
          ],
          [
            -0.013425846584141254,
            0.9691964387893677,
            0.24592269957065582,
            0.0
          ],
          [
            0.0024719592183828354,
            -0.24591194093227386,
            0.9692890048027039,
            0.0
          ],
          [
            0.0,
            0.0,
            0.0,
            1.0
          ]
        ],
        "rotation_mode": "QUATERNION"
      },
      "armature_space": {
        "head": {
          "x": 0.5336965322494507,
          "y": -0.2589172124862671,
          "z": 0.34802162647247314
        },
        "tail": {
          "x": 0.5532770752906799,
          "y": -0.277971476316452,
          "z": 0.3398602604866028
        }
      },
      "world_space": {
        "head": {
          "x": 0.5336965322494507,
          "y": -0.19567321240901947,
          "z": 1.2978756427764893
        },
        "tail": {
          "x": 0.5532770752906799,
          "y": -0.2147274762392044,
          "z": 1.2897143363952637
        },
        "rotation_quaternion": {
          "w": 0.1683012694120407,
          "x": -0.9128589630126953,
          "y": -0.37088754773139954,
          "z": -0.028383828699588776
        },
        "matrix": [
          [
            0.7232733368873596,
            0.6866903305053711,
            -0.07302199304103851,
            0.5336965322494507
          ],
          [
            0.6675826907157898,
            -0.6682341694831848,
            0.3283243775367737,
            -0.19567321240901947
          ],
          [
            0.1766633838415146,
            -0.28621917963027954,
            -0.9417445659637451,
            1.2978756427764893
          ],
          [
            0.0,
            0.0,
            0.0,
            1.0
          ]
        ]
      },
      "bone_length_armature_space": 0.02851439115205621,
      "parent": "metacarpal_index_l",
      "has_children": true,
      "is_end_bone": false
    },
    "index_02_l": {
      "name": "index_02_l",
      "local": {
        "location": {
          "x": 0.0,
          "y": 0.0,
          "z": 0.0
        },
        "rotation_quaternion": {
          "w": 0.9986236095428467,
          "x": 0.05110533908009529,
          "y": 0.011608239263296127,
          "z": 0.002127894200384617
        },
        "scale": {
          "x": 1.0,
          "y": 1.0,
          "z": 1.0
        },
        "matrix_basis": [
          [
            0.9997214674949646,
            -0.003063444746658206,
            0.02340201660990715,
            0.0
          ],
          [
            0.00543641671538353,
            0.994767427444458,
            -0.10202059149742126,
            0.0
          ],
          [
            -0.022967029362916946,
            0.10211940109729767,
            0.9945070147514343,
            0.0
          ],
          [
            0.0,
            0.0,
            0.0,
            1.0
          ]
        ],
        "rotation_mode": "QUATERNION"
      },
      "armature_space": {
        "head": {
          "x": 0.5532771348953247,
          "y": -0.2779718041419983,
          "z": 0.33985981345176697
        },
        "tail": {
          "x": 0.5711175203323364,
          "y": -0.29414102435112,
          "z": 0.3310072124004364
        }
      },
      "world_space": {
        "head": {
          "x": 0.5532771348953247,
          "y": -0.21472780406475067,
          "z": 1.2897138595581055
        },
        "tail": {
          "x": 0.5711175203323364,
          "y": -0.23089702427387238,
          "z": 1.280861258506775
        },
        "rotation_quaternion": {
          "w": 0.19024178385734558,
          "x": -0.9028540849685669,
          "y": -0.38556280732154846,
          "z": 0.0020266794599592686
        },
        "matrix": [
          [
            0.7026742100715637,
            0.695442795753479,
            -0.15036113560199738,
            0.5532771348953247
          ],
          [
            0.69698566198349,
            -0.6302987933158875,
            0.34195733070373535,
            -0.21472780406475067
          ],
          [
            0.14304113388061523,
            -0.3450871407985687,
            -0.9276143312454224,
            1.2897138595581055
          ],
          [
            0.0,
            0.0,
            0.0,
            1.0
          ]
        ]
      },
      "bone_length_armature_space": 0.02565329583028833,
      "parent": "index_01_l",
      "has_children": true,
      "is_end_bone": false
    },
    "index_03_l": {
      "name": "index_03_l",
      "local": {
        "location": {
          "x": 0.0,
          "y": 0.0,
          "z": 0.0
        },
        "rotation_quaternion": {
          "w": 0.9987505674362183,
          "x": 0.049646299332380295,
          "y": -0.005697251297533512,
          "z": -0.0002656227443367243
        },
        "scale": {
          "x": 1.0,
          "y": 1.0,
          "z": 1.0
        },
        "matrix_basis": [
          [
            0.99993497133255,
            -3.511315298965201e-05,
            -0.011406640522181988,
            0.0
          ],
          [
            -0.0010962765663862228,
            0.9950703382492065,
            -0.09916551411151886,
            0.0
          ],
          [
            0.011353891342878342,
            0.09917156398296356,
            0.9950055480003357,
            0.0
          ],
          [
            0.0,
            0.0,
            0.0,
            1.0
          ]
        ],
        "rotation_mode": "QUATERNION"
      },
      "armature_space": {
        "head": {
          "x": 0.5711174607276917,
          "y": -0.29414108395576477,
          "z": 0.33100733160972595
        },
        "tail": {
          "x": 0.5921568274497986,
          "y": -0.30831432342529297,
          "z": 0.31650909781455994
        }
      },
      "world_space": {
        "head": {
          "x": 0.5711174607276917,
          "y": -0.23089708387851715,
          "z": 1.2808613777160645
        },
        "tail": {
          "x": 0.5921568274497986,
          "y": -0.24507032334804535,
          "z": 1.2663631439208984
        },
        "rotation_quaternion": {
          "w": 0.28558868169784546,
          "x": -0.8616929650306702,
          "y": -0.4194062650203705,
          "z": 0.004785389639437199
        },
        "matrix": [
          [
            0.6481503248214722,
            0.7200656533241272,
            -0.24780425429344177,
            0.5711174607276917
          ],
          [
            0.7255334854125977,
            -0.48507463932037354,
            0.48816412687301636,
            -0.23089708387851715
          ],
          [
            0.23130913078784943,
            -0.49619781970977783,
            -0.8368381261825562,
            1.2808613777160645
          ],
          [
            0.0,
            0.0,
            0.0,
            1.0
          ]
        ]
      },
      "bone_length_armature_space": 0.029218734403978357,
      "parent": "index_02_l",
      "has_children": false,
      "is_end_bone": true
    },
    "metacarpal_pinky_l": {
      "name": "metacarpal_pinky_l",
      "local": {
        "location": {
          "x": 0.0,
          "y": 0.0,
          "z": 0.0
        },
        "rotation_quaternion": {
          "w": 0.9986323118209839,
          "x": -0.05034593492746353,
          "y": 0.003615311812609434,
          "z": -0.013633224181830883
        },
        "scale": {
          "x": 1.0,
          "y": 1.0,
          "z": 1.0
        },
        "matrix_basis": [
          [
            0.9996021389961243,
            0.026865124702453613,
            0.008593489415943623,
            0.0
          ],
          [
            -0.027593187987804413,
            0.9945588707923889,
            0.10045557469129562,
            0.0
          ],
          [
            -0.005847979336977005,
            -0.10065273195505142,
            0.9949044585227966,
            0.0
          ],
          [
            0.0,
            0.0,
            0.0,
            1.0
          ]
        ],
        "rotation_mode": "QUATERNION"
      },
      "armature_space": {
        "head": {
          "x": 0.49750709533691406,
          "y": -0.17618006467819214,
          "z": 0.4226821959018707
        },
        "tail": {
          "x": 0.5795744061470032,
          "y": -0.22670237720012665,
          "z": 0.38323989510536194
        }
      },
      "world_space": {
        "head": {
          "x": 0.49750709533691406,
          "y": -0.11293606460094452,
          "z": 1.3725361824035645
        },
        "tail": {
          "x": 0.5795744061470032,
          "y": -0.16345837712287903,
          "z": 1.3330938816070557
        },
        "rotation_quaternion": {
          "w": 0.31505435705184937,
          "x": 0.37699663639068604,
          "y": 0.3976811468601227,
          "z": -0.7748960852622986
        },
        "matrix": [
          [
            -0.5172286629676819,
            0.7881179451942444,
            -0.3336835503578186,
            0.49750709533691406
          ],
          [
            -0.18842212855815887,
            -0.4851814806461334,
            -0.8538715243339539,
            -0.11293606460094452
          ],
          [
            -0.8348544239997864,
            -0.37877655029296875,
            0.39945030212402344,
            1.3725361824035645
          ],
          [
            0.0,
            0.0,
            0.0,
            1.0
          ]
        ]
      },
      "bone_length_armature_space": 0.10413089183820104,
      "parent": "lowerarm_l",
      "has_children": true,
      "is_end_bone": false
    },
    "pinky_01_l": {
      "name": "pinky_01_l",
      "local": {
        "location": {
          "x": 0.0,
          "y": 0.0,
          "z": 0.0
        },
        "rotation_quaternion": {
          "w": 0.953307032585144,
          "x": 0.3015630543231964,
          "y": -0.016071120277047157,
          "z": -0.0026972515042871237
        },
        "scale": {
          "x": 1.0,
          "y": 1.0,
          "z": 1.0
        },
        "matrix_basis": [
          [
            0.9994688630104065,
            -0.0045502944849431515,
            -0.032268207520246506,
            0.0
          ],
          [
            -0.014835529960691929,
            0.8181049227714539,
            -0.5748776793479919,
            0.0
          ],
          [
            0.029014641419053078,
            0.5750510692596436,
            0.8176028728485107,
            0.0
          ],
          [
            0.0,
            0.0,
            0.0,
            1.0
          ]
        ],
        "rotation_mode": "QUATERNION"
      },
      "armature_space": {
        "head": {
          "x": 0.5795744061470032,
          "y": -0.22670237720012665,
