{
  "metadata": {
    "armature_name": "KIM_caucasian_male",
    "export_time": "2026-01-13T21:13:19.753664",
    "blender_version": "4.4.1",
    "bone_count": 56,
    "end_bone_count": 13,
    "spaces_included": [
      "LOCAL_CHANNELS",
      "ARMATURE_SPACE",
      "WORLD_SPACE"
    ],
    "note": "LOCAL matches Transform panel; replay pose via local.matrix_basis for best fidelity."
  },
  "bones": {
    "Root": {
      "name": "Root",
      "local": {
        "location": {
          "x": 0.0,
          "y": 0.0,
          "z": 0.0
        },
        "rotation_quaternion": {
          "w": 0.9997192025184631,
          "x": -0.01192155759781599,
          "y": 0.00015208570403046906,
          "z": 0.020483873784542084
        },
        "scale": {
          "x": 1.0,
          "y": 1.0,
          "z": 1.0
        },
        "matrix_basis": [
          [
            0.9991607666015625,
            -0.04095986858010292,
            -0.00018431336502544582,
            0.0
          ],
          [
            0.040952619165182114,
            0.9988765716552734,
            0.023842651396989822,
            0.0
          ],
          [
            -0.0007924853707663715,
            -0.023830190300941467,
            0.9997156858444214,
            0.0
          ],
          [
            0.0,
            0.0,
            0.0,
            1.0
          ]
        ],
        "rotation_mode": "QUATERNION"
      },
      "armature_space": {
        "head": {
          "x": 0.0,
          "y": 0.07072800397872925,
          "z": -0.009595036506652832
        },
        "tail": {
          "x": -0.002923546126112342,
          "y": 0.000308111310005188,
          "z": 0.0016746940091252327
        }
      },
      "world_space": {
        "head": {
          "x": 0.0,
          "y": 0.13397200405597687,
          "z": 0.9402589797973633
        },
        "tail": {
          "x": -0.002923546126112342,
          "y": 0.06355211138725281,
          "z": 0.9515287280082703
        },
        "rotation_quaternion": {
          "w": 0.07924320548772812,
          "x": 0.9966448545455933,
          "y": -0.020427094772458076,
          "z": 0.0015316975768655539
        },
        "matrix": [
          [
            0.9991607666015625,
            -0.04095986858010292,
            -0.00018431336502544582,
            0.0
          ],
          [
            -0.04047436639666557,
            -0.9866064190864563,
            -0.15801770985126495,
            0.13397200405597687
          ],
          [
            0.00629054568707943,
            0.15789271891117096,
            -0.9874432682991028,
            0.9402589797973633
          ],
          [
            0.0,
            0.0,
            0.0,
            1.0
          ]
        ]
      },
      "bone_length_armature_space": 0.07137587206074907,
      "parent": null,
      "has_children": true,
      "is_end_bone": false
    },
    "spine_01": {
      "name": "spine_01",
      "local": {
        "location": {
          "x": 0.0,
          "y": 0.0,
          "z": 0.0
        },
        "rotation_quaternion": {
          "w": 0.9967576265335083,
          "x": -0.014866115525364876,
          "y": 0.028985274955630302,
          "z": -0.07357501238584518
        },
        "scale": {
          "x": 1.0,
          "y": 1.0,
          "z": 1.0
        },
        "matrix_basis": [
          [
            0.9874931573867798,
            0.14581111073493958,
            0.05997013673186302,
            0.0
          ],
          [
            -0.14753471314907074,
            0.9887314438819885,
            0.0253706444054842,
            0.0
          ],
          [
            -0.0555950403213501,
            -0.03390101343393326,
            0.9978777170181274,
            0.0
          ],
          [
            0.0,
            0.0,
            0.0,
            1.0
          ]
        ],
        "rotation_mode": "QUATERNION"
      },
      "armature_space": {
        "head": {
          "x": -0.002923546126112342,
          "y": 0.000308111310005188,
          "z": 0.0016746940091252327
        },
        "tail": {
          "x": 0.06719804555177689,
          "y": 0.04798857122659683,
          "z": 0.48225563764572144
        }
      },
      "world_space": {
        "head": {
          "x": -0.002923546126112342,
          "y": 0.06355211138725281,
          "z": 0.9515287280082703
        },
        "tail": {
          "x": 0.06719804555177689,
          "y": 0.11123257130384445,
          "z": 1.4321095943450928
        },
        "rotation_quaternion": {
          "w": 0.7387649416923523,
          "x": 0.6700339913368225,
          "y": 0.05548851564526558,
          "z": -0.04692496731877327
        },
        "matrix": [
          [
            0.9894381761550903,
            0.14369143545627594,
            0.01910238340497017,
            -0.002923546126112342
          ],
          [
            0.00502435490489006,
            0.09770561754703522,
            -0.9952027201652527,
            0.06355211138725281
          ],
          [
            -0.14486952126026154,
            0.984794557094574,
            0.09595146775245667,
            0.9515287280082703
          ],
          [
            0.0,
            0.0,
            0.0,
            1.0
          ]
        ]
      },
      "bone_length_armature_space": 0.48800463494462004,
      "parent": "Root",
      "has_children": true,
      "is_end_bone": false
    },
    "neck_01": {
      "name": "neck_01",
      "local": {
        "location": {
          "x": 0.0,
          "y": 0.0,
          "z": 0.0
        },
        "rotation_quaternion": {
          "w": 0.984422504901886,
          "x": -0.08767897635698318,
          "y": 0.06009747087955475,
          "z": -0.14004704356193542
        },
        "scale": {
          "x": 1.0,
          "y": 1.0,
          "z": 1.0
        },
        "matrix_basis": [
          [
            0.9535502195358276,
            0.2651923596858978,
            0.14288096129894257,
            0.0
          ],
          [
            -0.28626948595046997,
            0.9453984498977661,
            0.15579336881637573,
            0.0
          ],
          [
            -0.09376424551010132,
            -0.18945926427841187,
            0.9774013757705688,
            0.0
          ],
          [
            0.0,
            0.0,
            0.0,
            1.0
          ]
        ],
        "rotation_mode": "QUATERNION"
      },
      "armature_space": {
        "head": {
          "x": 0.07838139683008194,
          "y": 0.02062835916876793,
          "z": 0.5576884150505066
        },
        "tail": {
          "x": 0.11961722373962402,
          "y": 0.011437151581048965,
          "z": 0.6511008143424988
        }
      },
      "world_space": {
        "head": {
          "x": 0.07838139683008194,
          "y": 0.08387236297130585,
          "z": 1.507542371749878
        },
        "tail": {
          "x": 0.11961722373962402,
          "y": 0.07468114793300629,
          "z": 1.6009547710418701
        },
        "rotation_quaternion": {
          "w": 0.6452564001083374,
          "x": 0.7328712344169617,
          "y": 0.1970236748456955,
          "z": -0.08789587765932083
        },
        "matrix": [
          [
            0.9069115519523621,
            0.40221697092056274,
            0.12543097138404846,
            0.07838139683008194
          ],
          [
            0.17535753548145294,
            -0.08965165913105011,
            -0.9804145097732544,
            0.08387236297130585
          ],
          [
            -0.38309675455093384,
            0.9111506938934326,
            -0.15183988213539124,
            1.507542371749878
          ],
          [
            0.0,
            0.0,
            0.0,
            1.0
          ]
        ]
      },
      "bone_length_armature_space": 0.10252193754251797,
      "parent": "spine_01",
      "has_children": true,
      "is_end_bone": false
    },
    "head": {
      "name": "head",
      "local": {
        "location": {
          "x": 0.0,
          "y": 0.0,
          "z": 0.0
        },
        "rotation_quaternion": {
          "w": 0.990744948387146,
          "x": -0.1237867921590805,
          "y": -0.036459509283304214,
          "z": 0.04209564998745918
        },
        "scale": {
          "x": 1.0,
          "y": 1.0,
          "z": 1.0
        },
        "matrix_basis": [
          [
            0.9937973022460938,
            -0.07438569515943527,
            -0.08266592025756836,
            0.0
          ],
          [
            0.09243851900100708,
            0.9658095836639404,
            0.2422126978635788,
            0.0
          ],
          [
            0.061822377145290375,
            -0.24835185706615448,
            0.9666950702667236,
            0.0
          ],
          [
            0.0,
            0.0,
            0.0,
            1.0
          ]
        ],
        "rotation_mode": "QUATERNION"
      },
      "armature_space": {
        "head": {
          "x": 0.11961720883846283,
          "y": 0.01143700536340475,
          "z": 0.651100754737854
        },
        "tail": {
          "x": 0.14843879640102386,
          "y": 0.08647290617227554,
          "z": 0.7837362289428711
        }
      },
      "world_space": {
        "head": {
          "x": 0.11961720883846283,
          "y": 0.07468100637197495,
          "z": 1.6009547710418701
        },
        "tail": {
          "x": 0.14843879640102386,
          "y": 0.14971691370010376,
          "z": 1.7335902452468872
        },
        "rotation_quaternion": {
          "w": 0.846452534198761,
          "x": 0.5078297257423401,
          "y": 0.1594625562429428,
          "z": -0.0141047528013587
        },
        "matrix": [
          [
            0.9487457871437073,
            0.1858375519514084,
            0.255628377199173,
            0.11961720883846283
          ],
          [
            0.13808058202266693,
            0.48382097482681274,
            -0.8642056584358215,
            0.07468100637197495
          ],
          [
            -0.28428202867507935,
            0.8552151918411255,
            0.43336474895477295,
            1.6009547710418701
          ],
          [
            0.0,
            0.0,
            0.0,
            1.0
          ]
        ]
      },
      "bone_length_armature_space": 0.15509106783371443,
      "parent": "neck_01",
      "has_children": false,
      "is_end_bone": true
    },
    "upperarm_l": {
      "name": "upperarm_l",
      "local": {
        "location": {
          "x": 0.0,
          "y": 0.0,
          "z": 0.0
        },
        "rotation_quaternion": {
          "w": 0.8617088794708252,
          "x": 0.4672221541404724,
          "y": 0.1539372056722641,
          "z": 0.12435758113861084
        },
        "scale": {
          "x": 1.0,
          "y": 1.0,
          "z": 1.0
        },
        "matrix_basis": [
          [
            0.9216770529747009,
            -0.07047431915998459,
            0.3815033435821533,
            0.0
          ],
          [
            0.35816580057144165,
            0.5324773192405701,
            -0.7669324278831482,
            0.0
          ],
          [
            -0.1490928828716278,
            0.8435055017471313,
            0.5160135626792908,
            0.0
          ],
          [
            0.0,
            0.0,
            0.0,
            1.0
          ]
        ],
        "rotation_mode": "QUATERNION"
      },
      "armature_space": {
        "head": {
          "x": 0.2172008752822876,
          "y": 0.01164160668849945,
          "z": 0.47007817029953003
        },
        "tail": {
          "x": 0.37297239899635315,
          "y": -0.20620819926261902,
          "z": 0.4792611598968506
        }
      },
      "world_space": {
        "head": {
          "x": 0.2172008752822876,
          "y": 0.07488560676574707,
          "z": 1.4199321269989014
        },
        "tail": {
          "x": 0.37297239899635315,
          "y": -0.1429641991853714,
          "z": 1.4291151762008667
        },
        "rotation_quaternion": {
          "w": 0.20451952517032623,
          "x": 0.7440829873085022,
          "y": 0.2273523509502411,
          "z": -0.5939892530441284
        },
        "matrix": [
          [
            0.19097517430782318,
            0.5813033580780029,
            -0.7909582853317261,
            0.2172008752822876
          ],
          [
            0.0953732430934906,
            -0.8129651546478271,
            -0.5744493007659912,
            0.07488560676574707
          ],
          [
            -0.9769574403762817,
            0.034268852323293686,
            -0.21069887280464172,
            1.4199321269989014
          ],
          [
            0.0,
            0.0,
            0.0,
            1.0
          ]
        ]
      },
      "bone_length_armature_space": 0.2679694609278098,
      "parent": "spine_01",
      "has_children": true,
      "is_end_bone": false
    },
    "lowerarm_l": {
      "name": "lowerarm_l",
      "local": {
        "location": {
          "x": 0.0,
          "y": 0.0,
          "z": 0.0
        },
        "rotation_quaternion": {
          "w": 0.9892292022705078,
          "x": 0.011688986793160439,
          "y": 0.08834701776504517,
          "z": -0.11611979454755783
        },
        "scale": {
          "x": 1.0,
          "y": 1.0,
          "z": 1.0
        },
        "matrix_basis": [
          [
            0.9574220180511475,
            0.2318035513162613,
            0.1720762550830841,
            0.0
          ],
          [
            -0.22767281532287598,
            0.9727591276168823,
            -0.043643850833177567,
            0.0
          ],
          [
            -0.17750553786754608,
            0.0026084990240633488,
            0.9841163158416748,
            0.0
          ],
          [
            0.0,
            0.0,
            0.0,
            1.0
          ]
        ],
        "rotation_mode": "QUATERNION"
      },
      "armature_space": {
        "head": {
          "x": 0.37297236919403076,
          "y": -0.20620831847190857,
          "z": 0.4792613089084625
        },
        "tail": {
          "x": 0.5015243887901306,
          "y": -0.43719029426574707,
          "z": 0.4381381869316101
        }
      },
      "world_space": {
        "head": {
          "x": 0.37297236919403076,
          "y": -0.14296431839466095,
          "z": 1.4291152954101562
        },
        "tail": {
          "x": 0.5015243887901306,
          "y": -0.37394630908966064,
          "z": 1.3879921436309814
        },
        "rotation_quaternion": {
          "w": 0.09383468329906464,
          "x": 0.7524514198303223,
          "y": 0.2439102828502655,
          "z": -0.6045823693275452
        },
        "matrix": [
          [
            0.14997535943984985,
            0.48052433133125305,
            -0.8640623688697815,
            0.37297236919403076
          ],
          [
            0.2535996437072754,
            -0.8634049296379089,
            -0.4361414909362793,
            -0.14296431839466095
          ],
          [
            -0.9556187391281128,
            -0.1537172496318817,
            -0.25135236978530884,
            1.4291152954101562
          ],
          [
            0.0,
            0.0,
            0.0,
            1.0
          ]
        ]
      },
      "bone_length_armature_space": 0.2675245898877566,
      "parent": "upperarm_l",
      "has_children": true,
      "is_end_bone": false
    },
    "metacarpal_thumb_l": {
      "name": "metacarpal_thumb_l",
      "local": {
        "location": {
          "x": 0.0,
          "y": 0.0,
          "z": 0.0
        },
        "rotation_quaternion": {
          "w": 0.9991689920425415,
          "x": -0.035514116287231445,
          "y": -0.019953902810811996,
          "z": -0.0014376480830833316
        },
        "scale": {
          "x": 1.0,
          "y": 1.0,
          "z": 1.0
        },
        "matrix_basis": [
          [
            0.9991995692253113,
            0.004290197044610977,
            -0.039772529155015945,
            0.0
          ],
          [
            -0.0014556163223460317,
            0.9974733591079712,
            0.07102657854557037,
            0.0
          ],
          [
            0.039976757019758224,
            -0.07091183215379715,
            0.9966811537742615,
            0.0
          ],
          [
            0.0,
            0.0,
            0.0,
            1.0
          ]
        ],
        "rotation_mode": "QUATERNION"
      },
      "armature_space": {
        "head": {
          "x": 0.5015243887901306,
          "y": -0.43719029426574707,
          "z": 0.4381381869316101
        },
        "tail": {
          "x": 0.4963363707065582,
          "y": -0.48274487257003784,
          "z": 0.41939103603363037
        }
      },
      "world_space": {
        "head": {
          "x": 0.5015243887901306,
          "y": -0.37394630908966064,
          "z": 1.3879921436309814
        },
        "tail": {
          "x": 0.4963363707065582,
          "y": -0.4195008873939514,
          "z": 1.3692450523376465
        },
        "rotation_quaternion": {
          "w": 0.1922042816877365,
          "x": -0.9795660972595215,
          "y": 0.056772757321596146,
          "z": -0.016878318041563034
        },
        "matrix": [
          [
            0.9929839968681335,
            -0.10473719239234924,
            0.05489092320203781,
            0.5015243887901306
          ],
          [
            -0.1177135482430458,
            -0.9196688532829285,
            0.3746366500854492,
            -0.37394630908966064
          ],
          [
            0.011243082582950592,
            -0.3784729242324829,
            -0.9255516529083252,
            1.3879921436309814
          ],
          [
            0.0,
            0.0,
            0.0,
            1.0
          ]
        ]
      },
      "bone_length_armature_space": 0.04953373327672524,
      "parent": "lowerarm_l",
      "has_children": true,
      "is_end_bone": false
    },
    "thumb_01_l": {
      "name": "thumb_01_l",
      "local": {
        "location": {
          "x": 0.0,
          "y": 0.0,
          "z": 0.0
        },
        "rotation_quaternion": {
          "w": 0.9653569459915161,
          "x": 0.26005858182907104,
          "y": 0.01906883530318737,
          "z": 0.009593850933015347
        },
        "scale": {
          "x": 1.0,
          "y": 1.0,
          "z": 1.0
        },
        "matrix_basis": [
          [
            0.999088704586029,
            -0.008604953065514565,
            0.04180639237165451,
            0.0
          ],
          [
            0.028441010043025017,
            0.8645550012588501,
            -0.5017328262329102,
            0.0
          ],
          [
            -0.03182653710246086,
            0.5024645924568176,
            0.864011824131012,
            0.0
          ],
          [
            0.0,
            0.0,
            0.0,
            1.0
          ]
        ],
        "rotation_mode": "QUATERNION"
      },
      "armature_space": {
        "head": {
          "x": 0.4963363707065582,
          "y": -0.48274487257003784,
          "z": 0.41939103603363037
        },
        "tail": {
          "x": 0.508787214756012,
          "y": -0.49449604749679565,
          "z": 0.3899712562561035
        }
      },
      "world_space": {
        "head": {
          "x": 0.4963363707065582,
          "y": -0.4195008873939514,
          "z": 1.3692450523376465
        },
        "tail": {
          "x": 0.508787214756012,
          "y": -0.43125206232070923,
          "z": 1.3398252725601196
        },
        "rotation_quaternion": {
          "w": 0.4735649526119232,
          "x": -0.4457167685031891,
          "y": 0.321123331785202,
          "z": -0.6884422898292542
        },
        "matrix": [
          [
            -0.15414442121982574,
            0.36578574776649475,
            0.9178456664085388,
            0.4963363707065582
          ],
          [
            -0.9383044838905334,
            -0.34523138403892517,
            -0.019996576011180878,
            -0.4195008873939514
          ],
          [
            0.3095560371875763,
            -0.8643073439598083,
            0.3964366614818573,
            1.3692450523376465
          ],
          [
            0.0,
            0.0,
            0.0,
            1.0
          ]
        ]
      },
      "bone_length_armature_space": 0.0340387587394621,
      "parent": "metacarpal_thumb_l",
      "has_children": true,
      "is_end_bone": false
    },
    "thumb_02_l": {
      "name": "thumb_02_l",
      "local": {
        "location": {
          "x": 0.0,
          "y": 0.0,
          "z": 0.0
        },
        "rotation_quaternion": {
          "w": 0.8881075382232666,
          "x": 0.45959410071372986,
          "y": -0.003437550039961934,
          "z": 0.005162292160093784
        },
        "scale": {
          "x": 1.0,
          "y": 1.0,
          "z": 1.0
        },
        "matrix_basis": [
          [
            0.999923050403595,
            -0.012329096905887127,
            -0.001360710128210485,
            0.0
          ],
          [
            0.006009585689753294,
            0.5774932503700256,
            -0.8163734674453735,
            0.0
          ],
          [
            0.010850946418941021,
            0.816302478313446,
            0.577522873878479,
            0.0
          ],
          [
            0.0,
            0.0,
            0.0,
            1.0
          ]
        ],
        "rotation_mode": "QUATERNION"
      },
      "armature_space": {
        "head": {
          "x": 0.5087871551513672,
          "y": -0.49449601769447327,
          "z": 0.38997122645378113
        },
        "tail": {
          "x": 0.5247282385826111,
          "y": -0.510951578617096,
          "z": 0.42296046018600464
        }
      },
      "world_space": {
        "head": {
          "x": 0.5087871551513672,
          "y": -0.43125200271606445,
          "z": 1.3398252725601196
        },
        "tail": {
          "x": 0.5247282385826111,
          "y": -0.4477075934410095,
          "z": 1.372814416885376
        },
        "rotation_quaternion": {
          "w": 0.31221646070480347,
          "x": 0.13549067080020905,
          "y": -0.44459882378578186,
          "z": -0.8285500407218933
        },
        "matrix": [
          [
            -0.7683255076408386,
            0.39689648151397705,
            -0.5021448731422424,
            0.5087871551513672
          ],
          [
            -0.6378529071807861,
            -0.4097047448158264,
            0.6521393060684204,
            -0.43125200271606445
          ],
          [
            0.05310048535466194,
            0.8213552236557007,
            0.567952573299408,
            1.3398252725601196
          ],
          [
            0.0,
            0.0,
            0.0,
            1.0
          ]
        ]
      },
      "bone_length_armature_space": 0.04016457596544615,
      "parent": "thumb_01_l",
      "has_children": true,
      "is_end_bone": false
    },
    "thumb_03_l": {
      "name": "thumb_03_l",
      "local": {
        "location": {
          "x": 0.0,
          "y": 0.0,
          "z": 0.0
        },
        "rotation_quaternion": {
          "w": 0.9887250661849976,
          "x": 0.1497013419866562,
          "y": -0.00010317121632397175,
          "z": 0.00351596693508327
        },
        "scale": {
          "x": 1.0,
          "y": 1.0,
          "z": 1.0
        },
        "matrix_basis": [
          [
            0.9999752640724182,
            -0.006983539089560509,
            0.0008486739825457335,
            0.0
          ],
          [
            0.006921759340912104,
            0.955154299736023,
            -0.29602766036987305,
            0.0
          ],
          [
            0.0012567058438435197,
            0.29602620005607605,
            0.95517897605896,
            0.0
          ],
          [
            0.0,
            0.0,
            0.0,
            1.0
          ]
        ],
        "rotation_mode": "QUATERNION"
      },
      "armature_space": {
        "head": {
          "x": 0.5247282385826111,
          "y": -0.5109516382217407,
          "z": 0.42296040058135986
        },
        "tail": {
          "x": 0.5279785990715027,
          "y": -0.5101532340049744,
          "z": 0.4532209634780884
        }
      },
      "world_space": {
        "head": {
          "x": 0.5247282385826111,
          "y": -0.4477076530456543,
          "z": 1.372814416885376
        },
        "tail": {
          "x": 0.5279785990715027,
          "y": -0.44690924882888794,
          "z": 1.4030749797821045
        },
        "rotation_quaternion": {
          "w": 0.41295522451400757,
          "x": 0.3390718102455139,
          "y": -0.5853036046028137,
          "z": -0.6098508238792419
        },
        "matrix": [
          [
            -0.4289960563182831,
            0.10676240921020508,
            -0.8969752788543701,
            0.5247282385826111
          ],
          [
            -0.9006022214889526,
            0.02622542530298233,
            0.4338523745536804,
            -0.4477076530456543
          ],
          [
            0.06984246522188187,
            0.9939457178115845,
            0.08490073680877686,
            1.372814416885376
          ],
          [
            0.0,
            0.0,
            0.0,
            1.0
          ]
        ]
      },
      "bone_length_armature_space": 0.030445097606405524,
      "parent": "thumb_02_l",
      "has_children": false,
      "is_end_bone": true
    },
    "metacarpal_index_l": {
      "name": "metacarpal_index_l",
      "local": {
        "location": {
          "x": 0.0,
          "y": 0.0,
          "z": 0.0
        },
        "rotation_quaternion": {
          "w": 0.9998037815093994,
          "x": 0.005325955804437399,
          "y": -0.017649929970502853,
          "z": -0.007256530225276947
        },
        "scale": {
          "x": 1.0,
          "y": 1.0,
          "z": 1.0
        },
        "matrix_basis": [
          [
            0.9992716312408447,
            0.014322207309305668,
            -0.03537023067474365,
            0.0
          ],
          [
            -0.014698218554258347,
            0.9998379349708557,
            -0.010393667034804821,
            0.0
          ],
          [
            0.03521563857793808,
            0.0109059764072299,
            0.9993202090263367,
            0.0
          ],
          [
            0.0,
            0.0,
            0.0,
            1.0
          ]
        ],
        "rotation_mode": "QUATERNION"
      },
      "armature_space": {
        "head": {
          "x": 0.5015243887901306,
          "y": -0.43719029426574707,
          "z": 0.4381381869316101
        },
        "tail": {
          "x": 0.5259352922439575,
          "y": -0.5467703342437744,
          "z": 0.40458884835243225
        }
      },
      "world_space": {
        "head": {
          "x": 0.5015243887901306,
          "y": -0.37394630908966064,
          "z": 1.3879921436309814
        },
        "tail": {
          "x": 0.5259352922439575,
          "y": -0.483526349067688,
          "z": 1.354442834854126
        },
        "rotation_quaternion": {
          "w": 0.11562541127204895,
          "x": -0.9544985294342041,
          "y": -0.1379360854625702,
          "z": 0.2377755045890808
        },
        "matrix": [
          [
            0.8488727807998657,
            0.20833419263362885,
            -0.4858105182647705,
            0.5015243887901306
          ],
          [
            0.3183054029941559,
            -0.9352090358734131,
            0.15513189136981964,
            -0.37394630908966064
          ],
          [
            -0.42201775312423706,
            -0.286326140165329,
            -0.8601933121681213,
            1.3879921436309814
          ],
          [
            0.0,
            0.0,
            0.0,
            1.0
          ]
        ]
      },
      "bone_length_armature_space": 0.11717181994917213,
      "parent": "lowerarm_l",
      "has_children": true,
      "is_end_bone": false
    },
    "index_01_l": {
      "name": "index_01_l",
      "local": {
        "location": {
          "x": 0.0,
          "y": 0.0,
          "z": 0.0
        },
        "rotation_quaternion": {
          "w": 0.947077751159668,
          "x": 0.32067543268203735,
          "y": 0.0035018660128116608,
          "z": 0.014098534360527992
        },
        "scale": {
          "x": 1.0,
          "y": 1.0,
          "z": 1.0
        },
        "matrix_basis": [
          [
            0.9995779395103455,
            -0.02445889078080654,
            0.01567518524825573,
            0.0
          ],
          [
            0.02895074151456356,
            0.7939369678497314,
            -0.60731041431427,
            0.0
          ],
          [
            0.0024090283550322056,
            0.6075078845024109,
            0.7943100333213806,
            0.0
          ],
          [
            0.0,
            0.0,
            0.0,
            1.0
          ]
        ],
        "rotation_mode": "QUATERNION"
      },
      "armature_space": {
        "head": {
          "x": 0.5259352922439575,
          "y": -0.5467703342437744,
          "z": 0.40458884835243225
        },
        "tail": {
          "x": 0.5308104157447815,
          "y": -0.5638607740402222,
          "z": 0.3822902739048004
        }
      },
      "world_space": {
        "head": {
          "x": 0.5259352922439575,
          "y": -0.483526349067688,
          "z": 1.354442834854126
        },
        "tail": {
          "x": 0.5308104157447815,
          "y": -0.5006167888641357,
          "z": 1.3321442604064941
        },
        "rotation_quaternion": {
          "w": 0.3859058618545532,
          "x": -0.8499965071678162,
          "y": -0.22670575976371765,
          "z": 0.27782586216926575
        },
        "matrix": [
          [
            0.7428344488143921,
            0.17096978425979614,
            -0.6472761034965515,
            0.5259352922439575
          ],
          [
            0.5998277068138123,
            -0.599362850189209,
            0.5300670862197876,
            -0.483526349067688
          ],
          [
            -0.2973293364048004,
            -0.7820121049880981,
            -0.5477831959724426,
            1.354442834854126
          ],
          [
            0.0,
            0.0,
            0.0,
            1.0
          ]
        ]
      },
      "bone_length_armature_space": 0.028514494399185145,
      "parent": "metacarpal_index_l",
      "has_children": true,
      "is_end_bone": false
    },
    "index_02_l": {
      "name": "index_02_l",
      "local": {
        "location": {
          "x": 0.0,
          "y": 0.0,
          "z": 0.0
        },
        "rotation_quaternion": {
          "w": 0.8860816955566406,
          "x": 0.46340087056159973,
          "y": 0.002108714310452342,
          "z": 0.010697020217776299
        },
        "scale": {
          "x": 1.0,
          "y": 1.0,
          "z": 1.0
        },
        "matrix_basis": [
          [
            0.999762237071991,
            -0.01700250804424286,
            0.013651003129780293,
            0.0
          ],
          [
            0.02091122791171074,
            0.5702903866767883,
            -0.8211769461631775,
            0.0
          ],
          [
            0.006177030503749847,
            0.8212671875953674,
            0.5705103874206543,
            0.0
          ],
          [
            0.0,
            0.0,
            0.0,
            1.0
          ]
        ],
        "rotation_mode": "QUATERNION"
      },
      "armature_space": {
        "head": {
          "x": 0.5308101177215576,
          "y": -0.5638609528541565,
          "z": 0.382289856672287
        },
        "tail": {
          "x": 0.5191888213157654,
          "y": -0.5630431771278381,
          "z": 0.3594343662261963
        }
      },
      "world_space": {
        "head": {
          "x": 0.5308101177215576,
          "y": -0.5006169676780701,
          "z": 1.3321439027786255
        },
        "tail": {
          "x": 0.5191888213157654,
          "y": -0.4997991919517517,
          "z": 1.3092883825302124
        },
        "rotation_quaternion": {
          "w": 0.7137318849563599,
          "x": -0.5807763934135437,
          "y": -0.08078433573246002,
          "z": 0.3830920457839966
        },
        "matrix": [
          [
            0.6934269666671753,
            -0.45301491022109985,
            -0.5603004097938538,
            0.5308101177215576
          ],
          [
            0.640687108039856,
            0.0318773090839386,
            0.7671401500701904,
            -0.5006169676780701
          ],
          [
            -0.32966676354408264,
            -0.8909391164779663,
            0.31234806776046753,
            1.3321439027786255
          ],
          [
            0.0,
            0.0,
            0.0,
            1.0
          ]
        ]
      },
      "bone_length_armature_space": 0.025653395706549495,
      "parent": "index_01_l",
      "has_children": true,
      "is_end_bone": false
    },
    "index_03_l": {
      "name": "index_03_l",
      "local": {
        "location": {
          "x": 0.0,
          "y": 0.0,
          "z": 0.0
        },
        "rotation_quaternion": {
          "w": 0.9288287162780762,
          "x": 0.37046149373054504,
          "y": -0.004810974933207035,
          "z": 0.003527669934555888
        },
        "scale": {
          "x": 1.0,
          "y": 1.0,
          "z": 1.0
        },
        "matrix_basis": [
          [
            0.9999288320541382,
            -0.010117764584720135,
            -0.0063234115950763226,
            0.0
          ],
          [
            0.0029886404518038034,
            0.7254917025566101,
            -0.6882244944572449,
            0.0
          ],
          [
            0.011550875380635262,
            0.6881566047668457,
            0.725470244884491,
            0.0
          ],
          [
            0.0,
            0.0,
            0.0,
            1.0
          ]
        ],
        "rotation_mode": "QUATERNION"
      },
      "armature_space": {
        "head": {
          "x": 0.5191888809204102,
          "y": -0.5630433559417725,
          "z": 0.3594343364238739
        },
        "tail": {
          "x": 0.5003275871276855,
          "y": -0.5437541604042053,
          "z": 0.3482133448123932
        }
      },
      "world_space": {
        "head": {
          "x": 0.5191888809204102,
          "y": -0.49979937076568604,
          "z": 1.3092883825302124
        },
        "tail": {
          "x": 0.5003275871276855,
          "y": -0.4805101752281189,
          "z": 1.298067331314087
        },
        "rotation_quaternion": {
          "w": 0.9088829159736633,
          "x": -0.23488295078277588,
          "y": 0.0633663535118103,
          "z": 0.33874285221099854
        },
        "matrix": [
          [
            0.762475848197937,
            -0.6455226540565491,
            -0.04394567012786865,
            0.5191888809204102
          ],
          [
            0.5859882235527039,
            0.6601662039756775,
            0.4698919653892517,
            -0.49979937076568604
          ],
          [
            -0.27431583404541016,
            -0.38403522968292236,
            0.8816359043121338,
            1.3092883825302124
          ],
          [
            0.0,
            0.0,
            0.0,
            1.0
          ]
        ]
      },
      "bone_length_armature_space": 0.029218694561252936,
      "parent": "index_02_l",
      "has_children": false,
      "is_end_bone": true
    },
    "metacarpal_pinky_l": {
      "name": "metacarpal_pinky_l",
      "local": {
        "location": {
          "x": 0.0,
          "y": 0.0,
          "z": 0.0
        },
        "rotation_quaternion": {
          "w": 0.9997775554656982,
          "x": -0.014299696311354637,
          "y": 0.00012131175026297569,
          "z": 0.015502293594181538
        },
        "scale": {
          "x": 1.0,
          "y": 1.0,
          "z": 1.0
        },
        "matrix_basis": [
          [
            0.9995193481445312,
            -0.03100115992128849,
            -0.00020078665693290532,
            0.0
          ],
          [
            0.030994221568107605,
            0.9991104006767273,
            0.028596792370080948,
            0.0
          ],
          [
            -0.0006859257118776441,
            -0.028589269146323204,
            0.9995909929275513,
            0.0
          ],
          [
            0.0,
            0.0,
            0.0,
            1.0
          ]
        ],
        "rotation_mode": "QUATERNION"
      },
      "armature_space": {
        "head": {
          "x": 0.5015243887901306,
          "y": -0.43719029426574707,
          "z": 0.4381381869316101
        },
        "tail": {
          "x": 0.5794786214828491,
          "y": -0.5056890249252319,
          "z": 0.42951956391334534
        }
      },
      "world_space": {
        "head": {
          "x": 0.5015243887901306,
          "y": -0.37394630908966064,
          "z": 1.3879921436309814
        },
        "tail": {
          "x": 0.5794786214828491,
          "y": -0.4424450397491455,
          "z": 1.379373550415039
        },
        "rotation_quaternion": {
          "w": 0.3849605321884155,
          "x": 0.23793989419937134,
          "y": 0.15132004022598267,
          "z": -0.878801703453064
        },
        "matrix": [
          [
            -0.590380072593689,
            0.748618483543396,
            -0.3016982972621918,
            0.5015243887901306
          ],
          [
            -0.6045984029769897,
            -0.6578146815299988,
            -0.4491558074951172,
            -0.37394630908966064
          ],
          [
            -0.5347120761871338,
            -0.08276744186878204,
            0.8409795761108398,
            1.3879921436309814
          ],
          [
            0.0,
            0.0,
            0.0,
            1.0
          ]
        ]
      },
      "bone_length_armature_space": 0.10413078063495941,
      "parent": "lowerarm_l",
      "has_children": true,
      "is_end_bone": false
    },
    "pinky_01_l": {
      "name": "pinky_01_l",
      "local": {
        "location": {
          "x": 0.0,
          "y": 0.0,
          "z": 0.0
        },
        "rotation_quaternion": {
          "w": 0.9362872242927551,
          "x": 0.3505181074142456,
          "y": 0.009768880903720856,
          "z": 0.02019784413278103
        },
        "scale": {
          "x": 1.0,
          "y": 1.0,
          "z": 1.0
        },
        "matrix_basis": [
          [
            0.9989932179450989,
            -0.030973628163337708,
            0.032452378422021866,
            0.0
          ],
          [
            0.04467030614614487,
            0.7534582018852234,
            -0.6559766530990601,
            0.0
          ],
          [
            -0.004133536480367184,
            0.656765878200531,
            0.7540832757949829,
            0.0
          ],
          [
            0.0,
            0.0,
            0.0,
            1.0
          ]
        ],
        "rotation_mode": "QUATERNION"
      },
      "armature_space": {
        "head": {
          "x": 0.5794786214828491,
          "y": -0.5056890249252319,
          "z": 0.42951956391334534
        },
        "tail": {
          "x": 0.5886676907539368,
