{
  "metadata": {
    "armature_name": "KIM_caucasian_male",
    "export_time": "2026-01-13T21:12:38.763387",
    "blender_version": "4.4.1",
    "bone_count": 56,
    "end_bone_count": 13,
    "spaces_included": [
      "LOCAL_CHANNELS",
      "ARMATURE_SPACE",
      "WORLD_SPACE"
    ],
    "note": "LOCAL matches Transform panel; replay pose via local.matrix_basis for best fidelity."
  },
  "bones": {
    "Root": {
      "name": "Root",
      "local": {
        "location": {
          "x": 0.0,
          "y": 0.0,
          "z": 0.0
        },
        "rotation_quaternion": {
          "w": 0.9996179342269897,
          "x": 0.00012700891238637269,
          "y": 0.014915595762431622,
          "z": 0.023273520171642303
        },
        "scale": {
          "x": 1.0,
          "y": 1.0,
          "z": 1.0
        },
        "matrix_basis": [
          [
            0.998471736907959,
            -0.046525467187166214,
            0.029825706034898758,
            0.0
          ],
          [
            0.046533044427633286,
            0.9989166259765625,
            0.000440356059698388,
            0.0
          ],
          [
            -0.02981388196349144,
            0.0009481976157985628,
            0.9995549917221069,
            0.0
          ],
          [
            0.0,
            0.0,
            0.0,
            1.0
          ]
        ],
        "rotation_mode": "QUATERNION"
      },
      "armature_space": {
        "head": {
          "x": 0.0,
          "y": 0.07072800397872925,
          "z": -0.009595036506652832
        },
        "tail": {
          "x": -0.0033207957167178392,
          "y": 6.752461194992065e-05,
          "z": -7.745996117591858e-05
        }
      },
      "world_space": {
        "head": {
          "x": 0.0,
          "y": 0.13397200405597687,
          "z": 0.9402589797973633
        },
        "tail": {
          "x": -0.0033207957167178392,
          "y": 0.06331152468919754,
          "z": 0.9497765302658081
        },
        "rotation_quaternion": {
          "w": 0.067215196788311,
          "x": 0.997355580329895,
          "y": -0.022215818986296654,
          "z": 0.01644960232079029
        },
        "matrix": [
          [
            0.998471736907959,
            -0.046525467187166214,
            0.029825706034898758,
            0.0
          ],
          [
            -0.04210279881954193,
            -0.9899771213531494,
            -0.13480623066425323,
            0.13397200405597687
          ],
          [
            0.035798899829387665,
            0.13334445655345917,
            -0.9904300570487976,
            0.9402589797973633
          ],
          [
            0.0,
            0.0,
            0.0,
            1.0
          ]
        ]
      },
      "bone_length_armature_space": 0.07137587236019374,
      "parent": null,
      "has_children": true,
      "is_end_bone": false
    },
    "spine_01": {
      "name": "spine_01",
      "local": {
        "location": {
          "x": 0.0,
          "y": 0.0,
          "z": 0.0
        },
        "rotation_quaternion": {
          "w": 0.9982785582542419,
          "x": -0.033655498176813126,
          "y": -0.0044799307361245155,
          "z": 0.04782624915242195
        },
        "scale": {
          "x": 1.0,
          "y": 1.0,
          "z": 1.0
        },
        "matrix_basis": [
          [
            0.9953851699829102,
            -0.09518629312515259,
            -0.012163669802248478,
            0.0
          ],
          [
            0.09578938782215118,
            0.9931598901748657,
            0.06676660478115082,
            0.0
          ],
          [
            0.005725204944610596,
            -0.06762363761663437,
            0.9976944923400879,
            0.0
          ],
          [
            0.0,
            0.0,
            0.0,
            1.0
          ]
        ],
        "rotation_mode": "QUATERNION"
      },
      "armature_space": {
        "head": {
          "x": -0.0033207957167178392,
          "y": 6.752461194992065e-05,
          "z": -7.745996117591858e-05
        },
        "tail": {
          "x": -0.06464102119207382,
          "y": 0.05783195421099663,
          "z": 0.48060083389282227
        }
      },
      "world_space": {
        "head": {
          "x": -0.0033207957167178392,
          "y": 0.06331152468919754,
          "z": 0.9497765302658081
        },
        "tail": {
          "x": -0.06464102119207382,
          "y": 0.12107595801353455,
          "z": 1.4304548501968384
        },
        "rotation_quaternion": {
          "w": 0.7450768947601318,
          "x": 0.6633613705635071,
          "y": -0.0635996088385582,
          "z": 0.027699723839759827
        },
        "matrix": [
          [
            0.9903756380081177,
            -0.1256558895111084,
            -0.058022551238536835,
            -0.0033207957167178392
          ],
          [
            -0.04310132935643196,
            0.1183694377541542,
            -0.992033839225769,
            0.06331152468919754
          ],
          [
            0.13152386248111725,
            0.9849939942359924,
            0.11181415617465973,
            0.9497765302658081
          ],
          [
            0.0,
            0.0,
            0.0,
            1.0
          ]
        ]
      },
      "bone_length_armature_space": 0.48800463446751263,
      "parent": "Root",
      "has_children": true,
      "is_end_bone": false
    },
    "neck_01": {
      "name": "neck_01",
      "local": {
        "location": {
          "x": 0.0,
          "y": 0.0,
          "z": 0.0
        },
        "rotation_quaternion": {
          "w": 0.9943548440933228,
          "x": 0.003269665874540806,
          "y": 0.051337793469429016,
          "z": -0.0928022637963295
        },
        "scale": {
          "x": 1.0,
          "y": 1.0,
          "z": 1.0
        },
        "matrix_basis": [
          [
            0.977504312992096,
            0.184892475605011,
            0.1014891043305397,
            0.0
          ],
          [
            -0.1842210441827774,
            0.982754111289978,
            -0.016030943021178246,
            0.0
          ],
          [
            -0.10270283371210098,
            -0.0030261108186095953,
            0.994707465171814,
            0.0
          ],
          [
            0.0,
            0.0,
            0.0,
            1.0
          ]
        ],
        "rotation_mode": "QUATERNION"
      },
      "armature_space": {
        "head": {
          "x": -0.07585360109806061,
          "y": 0.03209461644291878,
          "z": 0.5565983653068542
        },
        "tail": {
          "x": -0.07101041078567505,
          "y": 0.0046050529927015305,
          "z": 0.6552473306655884
        }
      },
      "world_space": {
        "head": {
          "x": -0.07585360109806061,
          "y": 0.0953386127948761,
          "z": 1.5064523220062256
        },
        "tail": {
          "x": -0.07101041078567505,
          "y": 0.0678490549325943,
          "z": 1.6051013469696045
        },
        "rotation_quaternion": {
          "w": 0.6030467748641968,
          "x": 0.7959318161010742,
          "y": 0.047611478716135025,
          "z": 0.023671675473451614
        },
        "matrix": [
          [
            0.9943455457687378,
            0.04724077880382538,
            0.09510616958141327,
            -0.07585360109806061
          ],
          [
            0.10434146225452423,
            -0.26813504099845886,
            -0.957714319229126,
            0.0953386127948761
          ],
          [
            -0.019741924479603767,
            0.9622288942337036,
            -0.27155083417892456,
            1.5064523220062256
          ],
          [
            0.0,
            0.0,
            0.0,
            1.0
          ]
        ]
      },
      "bone_length_armature_space": 0.10252195524060109,
      "parent": "spine_01",
      "has_children": true,
      "is_end_bone": false
    },
    "head": {
      "name": "head",
      "local": {
        "location": {
          "x": 0.0,
          "y": 0.0,
          "z": 0.0
        },
        "rotation_quaternion": {
          "w": 0.9911949634552002,
          "x": -0.11824748665094376,
          "y": -0.05697760730981827,
          "z": 0.017430379986763
        },
        "scale": {
          "x": 1.0,
          "y": 1.0,
          "z": 1.0
        },
        "matrix_basis": [
          [
            0.992899477481842,
            -0.021078892052173615,
            -0.11707403510808945,
            0.0
          ],
          [
            0.04802872613072395,
            0.9714274406433105,
            0.23242634534835815,
            0.0
          ],
          [
            0.10882963985204697,
            -0.23639890551567078,
            0.965542197227478,
            0.0
          ],
          [
            0.0,
            0.0,
            0.0,
            1.0
          ]
        ],
        "rotation_mode": "QUATERNION"
      },
      "armature_space": {
        "head": {
          "x": -0.07101040333509445,
          "y": 0.0046049244701862335,
          "z": 0.6552472114562988
        },
        "tail": {
          "x": -0.07666771113872528,
          "y": 0.05506216362118721,
          "z": 0.8017919063568115
        }
      },
      "world_space": {
        "head": {
          "x": -0.07101040333509445,
          "y": 0.06784892082214355,
          "z": 1.605101227760315
        },
        "tail": {
          "x": -0.07666771113872528,
          "y": 0.11830615997314453,
          "z": 1.7516459226608276
        },
        "rotation_quaternion": {
          "w": 0.8138732314109802,
          "x": 0.5807067155838013,
          "y": -0.01675676554441452,
          "z": 0.010453697293996811
        },
        "matrix": [
          [
            0.9992198348045349,
            -0.03647751361131668,
            -0.015134498476982117,
            -0.07101040333509445
          ],
          [
            -0.002445332705974579,
            0.32534122467041016,
            -0.9455936551094055,
            0.06784892082214355
          ],
          [
            0.03941703960299492,
            0.9448999166488647,
            0.3249996602535248,
            1.605101227760315
          ],
          [
            0.0,
            0.0,
            0.0,
            1.0
          ]
        ]
      },
      "bone_length_armature_space": 0.15509121476860097,
      "parent": "neck_01",
      "has_children": false,
      "is_end_bone": true
    },
    "upperarm_l": {
      "name": "upperarm_l",
      "local": {
        "location": {
          "x": 0.0,
          "y": 0.0,
          "z": 0.0
        },
        "rotation_quaternion": {
          "w": 0.8980510830879211,
          "x": 0.4033276438713074,
          "y": 0.17543572187423706,
          "z": 0.0073217288590967655
        },
        "scale": {
          "x": 1.0,
          "y": 1.0,
          "z": 1.0
        },
        "matrix_basis": [
          [
            0.9383373856544495,
            0.12836557626724243,
            0.3210065960884094,
            0.0
          ],
          [
            0.1546667218208313,
            0.6745464205741882,
            -0.7218486666679382,
            0.0
          ],
          [
            -0.3091943562030792,
            0.7269866466522217,
            0.6130982637405396,
            0.0
          ],
          [
            0.0,
            0.0,
            0.0,
            1.0
          ]
        ],
        "rotation_mode": "QUATERNION"
      },
      "armature_space": {
        "head": {
          "x": 0.08096275478601456,
          "y": 0.014510344713926315,
          "z": 0.5104842782020569
        },
        "tail": {
          "x": 0.2610609233379364,
          "y": -0.1838916838169098,
          "z": 0.5134710073471069
        }
      },
      "world_space": {
        "head": {
          "x": 0.08096275478601456,
          "y": 0.07775434851646423,
          "z": 1.4603383541107178
        },
        "tail": {
          "x": 0.2610609233379364,
          "y": -0.12064768373966217,
          "z": 1.463325023651123
        },
        "rotation_quaternion": {
          "w": 0.21161474287509918,
          "x": 0.7639586925506592,
          "y": 0.29158809781074524,
          "z": -0.5353156328201294
        },
        "matrix": [
          [
            0.2568265497684479,
            0.6720847487449646,
            -0.6945086717605591,
            0.08096275478601456
          ],
          [
            0.21896128356456757,
            -0.7403905391693115,
            -0.6355142593383789,
            0.07775434851646423
          ],
          [
            -0.9413332343101501,
            0.01114586740732193,
            -0.3373153507709503,
            1.4603383541107178
          ],
          [
            0.0,
            0.0,
            0.0,
            1.0
          ]
        ]
      },
      "bone_length_armature_space": 0.267969475905636,
      "parent": "spine_01",
      "has_children": true,
      "is_end_bone": false
    },
    "lowerarm_l": {
      "name": "lowerarm_l",
      "local": {
        "location": {
          "x": 0.0,
          "y": 0.0,
          "z": 0.0
        },
        "rotation_quaternion": {
          "w": 0.966359555721283,
          "x": 0.08849186450242996,
          "y": -0.011206097900867462,
          "z": 0.24123194813728333
        },
        "scale": {
          "x": 1.0,
          "y": 1.0,
          "z": 1.0
        },
        "matrix_basis": [
          [
            0.8833631277084351,
            -0.4682168960571289,
            0.02103589102625847,
            0.0
          ],
          [
            0.4642502963542938,
            0.8679526448249817,
            -0.17643645405769348,
            0.0
          ],
          [
            0.0643523707985878,
            0.16562338173389435,
            0.9840872287750244,
            0.0
          ],
          [
            0.0,
            0.0,
            0.0,
            1.0
          ]
        ],
        "rotation_mode": "QUATERNION"
      },
      "armature_space": {
        "head": {
          "x": 0.261060893535614,
          "y": -0.18389180302619934,
          "z": 0.5134711265563965
        },
        "tail": {
          "x": 0.3334948420524597,
          "y": -0.4104269742965698,
          "z": 0.6359646320343018
        }
      },
      "world_space": {
        "head": {
          "x": 0.261060893535614,
          "y": -0.12064780294895172,
          "z": 1.4633251428604126
        },
        "tail": {
          "x": 0.3334948420524597,
          "y": -0.3471829891204834,
          "z": 1.5858186483383179
        },
        "rotation_quaternion": {
          "w": 0.27581942081451416,
          "x": 0.7834790945053101,
          "y": -0.02307615615427494,
          "z": -0.556373655796051
        },
        "matrix": [
          [
            0.37983232736587524,
            0.2707563042640686,
            -0.8845441341400146,
            0.261060893535614
          ],
          [
            -0.34307661652565,
            -0.8467829823493958,
            -0.4065186381340027,
            -0.12064780294895172
          ],
          [
            -0.8590906262397766,
            0.4578777253627777,
            -0.2287473976612091,
            1.4633251428604126
          ],
          [
            0.0,
            0.0,
            0.0,
            1.0
          ]
        ]
      },
      "bone_length_armature_space": 0.26752480180935717,
      "parent": "upperarm_l",
      "has_children": true,
      "is_end_bone": false
    },
    "metacarpal_thumb_l": {
      "name": "metacarpal_thumb_l",
      "local": {
        "location": {
          "x": 0.0,
          "y": 0.0,
          "z": 0.0
        },
        "rotation_quaternion": {
          "w": 0.9992176294326782,
          "x": -0.03536365181207657,
          "y": -0.00853784941136837,
          "z": 0.015513500198721886
        },
        "scale": {
          "x": 1.0,
          "y": 1.0,
          "z": 1.0
        },
        "matrix_basis": [
          [
            0.9993728995323181,
            -0.030398866161704063,
            -0.018159566447138786,
            0.0
          ],
          [
            0.031606584787368774,
            0.997017502784729,
            0.07040706276893616,
            0.0
          ],
          [
            0.015965111553668976,
            -0.07093687355518341,
            0.9973530173301697,
            0.0
          ],
          [
            0.0,
            0.0,
            0.0,
            1.0
          ]
        ],
        "rotation_mode": "QUATERNION"
      },
      "armature_space": {
        "head": {
          "x": 0.3334948420524597,
          "y": -0.4104269742965698,
          "z": 0.6359646320343018
        },
        "tail": {
          "x": 0.3191229999065399,
          "y": -0.45744022727012634,
          "z": 0.6420301198959351
        }
      },
      "world_space": {
        "head": {
          "x": 0.3334948420524597,
          "y": -0.3471829891204834,
          "z": 1.5858186483383179
        },
        "tail": {
          "x": 0.3191229999065399,
          "y": -0.39419621229171753,
          "z": 1.5918841361999512
        },
        "rotation_quaternion": {
          "w": 0.08834598958492279,
          "x": 0.9698658585548401,
          "y": -0.13280248641967773,
          "z": 0.18417052924633026
        },
        "matrix": [
          [
            0.8968893885612488,
            -0.2901429235935211,
            0.33377599716186523,
            0.3334948420524597
          ],
          [
            -0.2250596433877945,
            -0.9491169452667236,
            -0.2202848196029663,
            -0.3471829891204834
          ],
          [
            0.38070911169052124,
            0.1224515289068222,
            -0.9165589213371277,
            1.5858186483383179
          ],
          [
            0.0,
            0.0,
            0.0,
            1.0
          ]
        ]
      },
      "bone_length_armature_space": 0.049533684693184254,
      "parent": "lowerarm_l",
      "has_children": true,
      "is_end_bone": false
    },
    "thumb_01_l": {
      "name": "thumb_01_l",
      "local": {
        "location": {
          "x": 0.0,
          "y": 0.0,
          "z": 0.0
        },
        "rotation_quaternion": {
          "w": 0.9957103729248047,
          "x": -0.09019611030817032,
          "y": 0.01980571448802948,
          "z": 0.005784368142485619
        },
        "scale": {
          "x": 1.0,
          "y": 1.0,
          "z": 1.0
        },
        "matrix_basis": [
          [
            0.9991485476493835,
            -0.015091907232999802,
            0.03839805722236633,
            0.0
          ],
          [
            0.007946314290165901,
            0.9836624264717102,
            0.17984753847122192,
            0.0
          ],
          [
            -0.0404849648475647,
            -0.17938928306102753,
            0.9829447865486145,
            0.0
          ],
          [
            0.0,
            0.0,
            0.0,
            1.0
          ]
        ],
        "rotation_mode": "QUATERNION"
      },
      "armature_space": {
        "head": {
          "x": 0.3191229999065399,
          "y": -0.45744022727012634,
          "z": 0.6420301198959351
        },
        "tail": {
          "x": 0.3121199607849121,
          "y": -0.48071935772895813,
          "z": 0.6182042360305786
        }
      },
      "world_space": {
        "head": {
          "x": 0.3191229999065399,
          "y": -0.39419621229171753,
          "z": 1.5918841361999512
        },
        "tail": {
          "x": 0.3121199607849121,
          "y": -0.4174753427505493,
          "z": 1.5680582523345947
        },
        "rotation_quaternion": {
          "w": 0.11281919479370117,
          "x": -0.49794650077819824,
          "y": 0.38120895624160767,
          "z": -0.7707145810127258
        },
        "matrix": [
          [
            -0.4786435067653656,
            -0.20573854446411133,
            0.8535643219947815,
            0.3191229999065399
          ],
          [
            -0.5535452365875244,
            -0.6839045882225037,
            -0.47524988651275635,
            -0.39419621229171753
          ],
          [
            0.6815378069877625,
            -0.6999673247337341,
            0.21346206963062286,
            1.5918841361999512
          ],
          [
            0.0,
            0.0,
            0.0,
            1.0
          ]
        ]
      },
      "bone_length_armature_space": 0.03403870139961346,
      "parent": "metacarpal_thumb_l",
      "has_children": true,
      "is_end_bone": false
    },
    "thumb_02_l": {
      "name": "thumb_02_l",
      "local": {
        "location": {
          "x": 0.0,
          "y": 0.0,
          "z": 0.0
        },
        "rotation_quaternion": {
          "w": 0.9966297745704651,
          "x": 0.08183498680591583,
          "y": -0.004432982765138149,
          "z": 0.003542256075888872
        },
        "scale": {
          "x": 1.0,
          "y": 1.0,
          "z": 1.0
        },
        "matrix_basis": [
          [
            0.9999356269836426,
            -0.007786181755363941,
            -0.00825632456690073,
            0.0
          ],
          [
            0.006335089448839426,
            0.9865809679031372,
            -0.16314977407455444,
            0.0
          ],
          [
            0.009415846318006516,
            0.16308696568012238,
            0.9865667819976807,
            0.0
          ],
          [
            0.0,
            0.0,
            0.0,
            1.0
          ]
        ],
        "rotation_mode": "QUATERNION"
      },
      "armature_space": {
        "head": {
          "x": 0.3121199309825897,
          "y": -0.48071929812431335,
          "z": 0.6182042360305786
        },
        "tail": {
          "x": 0.3194752633571625,
          "y": -0.5175648927688599,
          "z": 0.6323986649513245
        }
      },
      "world_space": {
        "head": {
          "x": 0.3121199309825897,
          "y": -0.41747528314590454,
          "z": 1.5680582523345947
        },
        "tail": {
          "x": 0.3194752633571625,
          "y": -0.45432090759277344,
          "z": 1.5822527408599854
        },
        "rotation_quaternion": {
          "w": 0.05172735080122948,
          "x": -0.21441234648227692,
          "y": -0.19656917452812195,
          "z": -0.9553597569465637
        },
        "matrix": [
          [
            -0.9027033448219299,
            0.18313026428222656,
            0.3893457055091858,
            0.3121199309825897
          ],
          [
            -0.014542767778038979,
            -0.9173694849014282,
            0.39777088165283203,
            -0.41747528314590454
          ],
          [
            0.43002066016197205,
            0.3534085154533386,
            0.8307819962501526,
            1.5680582523345947
          ],
          [
            0.0,
            0.0,
            0.0,
            1.0
          ]
        ]
      },
      "bone_length_armature_space": 0.0401644197201604,
      "parent": "thumb_01_l",
      "has_children": true,
      "is_end_bone": false
    },
    "thumb_03_l": {
      "name": "thumb_03_l",
      "local": {
        "location": {
          "x": 0.0,
          "y": 0.0,
          "z": 0.0
        },
        "rotation_quaternion": {
          "w": 0.996410608291626,
          "x": 0.08459734171628952,
          "y": 0.00014629961515311152,
          "z": -0.0030566896311938763
        },
        "scale": {
          "x": 1.0,
          "y": 1.0,
          "z": 1.0
        },
        "matrix_basis": [
          [
            0.9999812841415405,
            0.006116189062595367,
            -0.0002256266598124057,
            0.0
          ],
          [
            -0.0060666827484965324,
            0.985667884349823,
            -0.16858826577663422,
            0.0
          ],
          [
            -0.0008087246096692979,
            0.16858647763729095,
            0.9856865406036377,
            0.0
          ],
          [
            0.0,
            0.0,
            0.0,
            1.0
          ]
        ],
        "rotation_mode": "QUATERNION"
      },
      "armature_space": {
        "head": {
          "x": 0.3194751739501953,
          "y": -0.5175648927688599,
          "z": 0.6323986053466797
        },
        "tail": {
          "x": 0.3318832218647003,
          "y": -0.5377447605133057,
          "z": 0.6515220999717712
        }
      },
      "world_space": {
        "head": {
          "x": 0.3194751739501953,
          "y": -0.45432090759277344,
          "z": 1.5822526216506958
        },
        "tail": {
          "x": 0.3318832218647003,
          "y": -0.47450077533721924,
          "z": 1.6013760566711426
        },
        "rotation_quaternion": {
          "w": 0.21368108689785004,
          "x": -0.025719091296195984,
          "y": -0.35060450434684753,
          "z": -0.9114578366279602
        },
        "matrix": [
          [
            -0.9073576331138611,
            0.40755733847618103,
            -0.10295234620571136,
            0.3194751739501953
          ],
          [
            -0.3714889883995056,
            -0.6628330945968628,
            0.6501139402389526,
            -0.45432090759277344
          ],
          [
            0.19671940803527832,
            0.6281353831291199,
            0.7528356313705444,
            1.5822526216506958
          ],
          [
            0.0,
            0.0,
            0.0,
            1.0
          ]
        ]
      },
      "bone_length_armature_space": 0.030444946403394058,
      "parent": "thumb_02_l",
      "has_children": false,
      "is_end_bone": true
    },
    "metacarpal_index_l": {
      "name": "metacarpal_index_l",
      "local": {
        "location": {
          "x": 0.0,
          "y": 0.0,
          "z": 0.0
        },
        "rotation_quaternion": {
          "w": 0.9988384246826172,
          "x": -0.046491120010614395,
          "y": -0.008834210224449635,
          "z": 0.009075524285435677
        },
        "scale": {
          "x": 1.0,
          "y": 1.0,
          "z": 1.0
        },
        "matrix_basis": [
          [
            0.9996792078018188,
            -0.017308540642261505,
            -0.01849175989627838,
            0.0
          ],
          [
            0.01895138993859291,
            0.9955124258995056,
            0.09271388500928879,
            0.0
          ],
          [
            0.016804033890366554,
            -0.09303458780050278,
            0.995521068572998,
            0.0
          ],
          [
            0.0,
            0.0,
            0.0,
            1.0
          ]
        ],
        "rotation_mode": "QUATERNION"
      },
      "armature_space": {
        "head": {
          "x": 0.3334948420524597,
          "y": -0.4104269742965698,
          "z": 0.6359646320343018
        },
        "tail": {
          "x": 0.33484482765197754,
          "y": -0.5172758102416992,
          "z": 0.6840348243713379
        }
      },
      "world_space": {
        "head": {
          "x": 0.3334948420524597,
          "y": -0.3471829891204834,
          "z": 1.5858186483383179
        },
        "tail": {
          "x": 0.33484482765197754,
          "y": -0.4540318250656128,
          "z": 1.633888840675354
        },
        "rotation_quaternion": {
          "w": 0.2088550478219986,
          "x": 0.9698513150215149,
          "y": -0.02073049172759056,
          "z": -0.12384792417287827
        },
        "matrix": [
          [
            0.9684639573097229,
            0.011521456763148308,
            -0.24888743460178375,
            0.3334948420524597
          ],
          [
            -0.09194345772266388,
            -0.9118996858596802,
            -0.3999822735786438,
            -0.3471829891204834
          ],
          [
            -0.23157042264938354,
            0.4102539122104645,
            -0.8820890784263611,
            1.5858186483383179
          ],
          [
            0.0,
            0.0,
            0.0,
            1.0
          ]
        ]
      },
      "bone_length_armature_space": 0.11717183724789192,
      "parent": "lowerarm_l",
      "has_children": true,
      "is_end_bone": false
    },
    "index_01_l": {
      "name": "index_01_l",
      "local": {
        "location": {
          "x": 0.0,
          "y": 0.0,
          "z": 0.0
        },
        "rotation_quaternion": {
          "w": 0.9945145845413208,
          "x": -0.10299217700958252,
          "y": 0.011052027344703674,
          "z": 0.014536182396113873
        },
        "scale": {
          "x": 1.0,
          "y": 1.0,
          "z": 1.0
        },
        "matrix_basis": [
          [
            0.9993330836296082,
            -0.031189436092972755,
            0.018988579511642456,
            0.0
          ],
          [
            0.02663634531199932,
            0.9783626198768616,
            0.2051757574081421,
            0.0
          ],
          [
            -0.024977030232548714,
            -0.20453312993049622,
            0.9785409569740295,
            0.0
          ],
          [
            0.0,
            0.0,
            0.0,
            1.0
          ]
        ],
        "rotation_mode": "QUATERNION"
      },
      "armature_space": {
        "head": {
          "x": 0.33484482765197754,
          "y": -0.5172758102416992,
          "z": 0.6840348243713379
        },
        "tail": {
          "x": 0.34566912055015564,
          "y": -0.5375418066978455,
          "z": 0.7009226083755493
        }
      },
      "world_space": {
        "head": {
          "x": 0.33484482765197754,
          "y": -0.4540318250656128,
          "z": 1.633888840675354
        },
        "tail": {
          "x": 0.34566912055015564,
          "y": -0.47429782152175903,
          "z": 1.6507766246795654
        },
        "rotation_quaternion": {
          "w": 0.3426389992237091,
          "x": 0.9180808663368225,
          "y": 0.16502611339092255,
          "z": -0.11176974326372147
        },
        "matrix": [
          [
            0.9205479621887207,
            0.3796081840991974,
            -0.0921376645565033,
            0.33484482765197754
          ],
          [
            0.22642211616039276,
            -0.7107294201850891,
            -0.6660308837890625,
            -0.4540318250656128
          ],
          [
            -0.3183176815509796,
            0.592254638671875,
            -0.740217924118042,
            1.633888840675354
          ],
          [
            0.0,
            0.0,
            0.0,
            1.0
          ]
        ]
      },
      "bone_length_armature_space": 0.028514438102913122,
      "parent": "metacarpal_index_l",
      "has_children": true,
      "is_end_bone": false
    },
    "index_02_l": {
      "name": "index_02_l",
      "local": {
        "location": {
          "x": 0.0,
          "y": 0.0,
          "z": 0.0
        },
        "rotation_quaternion": {
          "w": 0.9984999895095825,
          "x": 0.05389958992600441,
          "y": -0.008491921238601208,
          "z": -0.0045217471197247505
        },
        "scale": {
          "x": 1.0,
          "y": 1.0,
          "z": 1.0
        },
        "matrix_basis": [
          [
            0.9998148679733276,
            0.008114506490528584,
            -0.01744580641388893,
            0.0
          ],
          [
            -0.00994535069912672,
            0.9941487908363342,
            -0.10756068676710129,
            0.0
          ],
          [
            0.016470925882458687,
            0.10771427303552628,
            0.9940454363822937,
            0.0
          ],
          [
            0.0,
            0.0,
            0.0,
            1.0
          ]
        ],
        "rotation_mode": "QUATERNION"
      },
      "armature_space": {
        "head": {
          "x": 0.3456690013408661,
          "y": -0.5375424027442932,
          "z": 0.7009226679801941
        },
        "tail": {
          "x": 0.3559580445289612,
          "y": -0.5567874908447266,
          "z": 0.7144079804420471
        }
      },
      "world_space": {
        "head": {
          "x": 0.3456690013408661,
          "y": -0.4742984175682068,
          "z": 1.6507766246795654
        },
        "tail": {
          "x": 0.3559580445289612,
          "y": -0.49354350566864014,
          "z": 1.664262056350708
        },
        "rotation_quaternion": {
          "w": 0.3138761520385742,
          "x": 0.9213054776191711,
          "y": 0.16242365539073944,
          "z": -0.16216222941875458
        },
        "matrix": [
          [
            0.8946441411972046,
            0.40108150243759155,
            -0.1968393176794052,
            0.3456690013408661
          ],
          [
            0.19748656451702118,
            -0.7502003312110901,
            -0.6310300827026367,
            -0.4742984175682068
          ],
          [
            -0.40076589584350586,
            0.525676965713501,
            -0.7503763437271118,
            1.6507766246795654
          ],
          [
            0.0,
            0.0,
            0.0,
            1.0
          ]
        ]
      },
      "bone_length_armature_space": 0.025653293986715228,
      "parent": "index_01_l",
      "has_children": true,
      "is_end_bone": false
    },
    "index_03_l": {
      "name": "index_03_l",
      "local": {
        "location": {
          "x": 0.0,
          "y": 0.0,
          "z": 0.0
        },
        "rotation_quaternion": {
          "w": 0.9997471570968628,
          "x": 0.02092582732439041,
          "y": 0.007226747460663319,
          "z": -0.003942614886909723
        },
        "scale": {
          "x": 1.0,
          "y": 1.0,
          "z": 1.0
        },
        "matrix_basis": [
          [
            0.9998644590377808,
            0.008185687474906445,
            0.014284835197031498,
            0.0
          ],
          [
            -0.007580784615129232,
            0.9990931153297424,
            -0.041898056864738464,
            0.0
          ],
          [
            -0.014614845626056194,
            0.04178408905863762,
            0.9990197420120239,
            0.0
          ],
          [
            0.0,
            0.0,
            0.0,
            1.0
          ]
        ],
        "rotation_mode": "QUATERNION"
      },
      "armature_space": {
        "head": {
          "x": 0.3559580445289612,
          "y": -0.556787371635437,
          "z": 0.7144080996513367
        },
        "tail": {
          "x": 0.3694327175617218,
          "y": -0.5801998972892761,
          "z": 0.7255445718765259
        }
      },
      "world_space": {
        "head": {
          "x": 0.3559580445289612,
          "y": -0.4935433864593506,
          "z": 1.664262056350708
        },
        "tail": {
          "x": 0.3694327175617218,
          "y": -0.5169559121131897,
          "z": 1.675398588180542
        },
        "rotation_quaternion": {
          "w": 0.23638395965099335,
          "x": 0.9373086094856262,
          "y": 0.20851776003837585,
          "z": -0.14864569902420044
        },
        "matrix": [
          [
            0.8688497543334961,
            0.4611660838127136,
            -0.18007265031337738,
            0.3559580445289612
          ],
          [
            0.32061654329299927,
            -0.8012856841087341,
            -0.505120575428009,
            -0.4935433864593506
          ],
          [
            -0.3772363066673279,
            0.3811413049697876,
            -0.8440605401992798,
            1.664262056350708
          ],
          [
            0.0,
            0.0,
            0.0,
            1.0
          ]
        ]
      },
      "bone_length_armature_space": 0.029218730170691362,
      "parent": "index_02_l",
      "has_children": false,
      "is_end_bone": true
    },
    "metacarpal_pinky_l": {
      "name": "metacarpal_pinky_l",
      "local": {
        "location": {
          "x": 0.0,
          "y": 0.0,
          "z": 0.0
        },
        "rotation_quaternion": {
          "w": 0.9992566108703613,
          "x": -0.03368329629302025,
          "y": -0.015602389350533485,
          "z": -0.010403353720903397
        },
        "scale": {
          "x": 1.0,
          "y": 1.0,
          "z": 1.0
        },
        "matrix_basis": [
          [
            0.9992966651916504,
            0.021842319518327713,
            -0.03048074245452881,
            0.0
          ],
          [
            -0.019740160554647446,
            0.9975144267082214,
            0.06764114648103714,
            0.0
          ],
          [
            0.03188242018222809,
            -0.0669918805360794,
            0.9972440004348755,
            0.0
          ],
          [
            0.0,
            0.0,
            0.0,
            1.0
          ]
        ],
        "rotation_mode": "QUATERNION"
      },
      "armature_space": {
        "head": {
          "x": 0.3334948420524597,
          "y": -0.4104269742965698,
          "z": 0.6359646320343018
        },
        "tail": {
          "x": 0.3909244239330292,
          "y": -0.48428863286972046,
          "z": 0.6816760897636414
        }
      },
      "world_space": {
        "head": {
          "x": 0.3334948420524597,
          "y": -0.3471829891204834,
          "z": 1.5858186483383179
        },
        "tail": {
          "x": 0.3909244239330292,
          "y": -0.42104464769363403,
          "z": 1.6315300464630127
        },
        "rotation_quaternion": {
          "w": 0.34683290123939514,
          "x": 0.22349335253238678,
          "y": -0.15826737880706787,
          "z": -0.8970558643341064
        },
        "matrix": [
          [
            -0.659514844417572,
            0.5515140891075134,
            -0.5107566118240356,
            0.3334948420524597
          ],
          [
            -0.6930009722709656,
            -0.7093164920806885,
            0.12891872227191925,
            -0.3471829891204834
          ],
          [
            -0.2911902666091919,
            0.4389810860157013,
            0.8500106334686279,
            1.5858186483383179
          ],
          [
            0.0,
            0.0,
            0.0,
            1.0
          ]
        ]
      },
      "bone_length_armature_space": 0.10413087450964842,
      "parent": "lowerarm_l",
      "has_children": true,
      "is_end_bone": false
    },
    "pinky_01_l": {
      "name": "pinky_01_l",
      "local": {
        "location": {
          "x": 0.0,
          "y": 0.0,
          "z": 0.0
        },
        "rotation_quaternion": {
          "w": 0.9907369613647461,
          "x": -0.1353536695241928,
          "y": 0.0060351393185555935,
          "z": 0.009119159542024136
        },
        "scale": {
          "x": 1.0,
          "y": 1.0,
          "z": 1.0
        },
        "matrix_basis": [
          [
            0.9997608065605164,
            -0.019703133031725883,
            0.009489847347140312,
            0.0
          ],
          [
            0.016435619443655014,
            0.9631924629211426,
            0.2683098316192627,
            0.0
          ],
          [
            -0.014427094720304012,
            -0.2680896818637848,
            0.9632859230041504,
            0.0
          ],
          [
            0.0,
            0.0,
            0.0,
            1.0
          ]
        ],
        "rotation_mode": "QUATERNION"
      },
      "armature_space": {
        "head": {
          "x": 0.3909244239330292,
          "y": -0.48428863286972046,
          "z": 0.6816760897636414
        },
        "tail": {
