{
  "metadata": {
    "armature_name": "KIM_caucasian_male",
    "export_time": "2026-01-13T21:04:20.796292",
    "blender_version": "4.4.1",
    "bone_count": 56,
    "end_bone_count": 13,
    "spaces_included": [
      "LOCAL_CHANNELS",
      "ARMATURE_SPACE",
      "WORLD_SPACE"
    ],
    "note": "LOCAL matches Transform panel; replay pose via local.matrix_basis for best fidelity."
  },
  "bones": {
    "Root": {
      "name": "Root",
      "local": {
        "location": {
          "x": 0.0,
          "y": 0.0,
          "z": 0.0
        },
        "rotation_quaternion": {
          "w": 0.9998040795326233,
          "x": 0.01806746795773506,
          "y": 0.00648051593452692,
          "z": -0.0048345280811190605
        },
        "scale": {
          "x": 1.0,
          "y": 1.0,
          "z": 1.0
        },
        "matrix_basis": [
          [
            0.9998692870140076,
            0.009901334531605244,
            0.012783797457814217,
            0.0
          ],
          [
            -0.009432989172637463,
            0.9993003606796265,
            -0.036190517246723175,
            0.0
          ],
          [
            -0.013133187778294086,
            0.03606519475579262,
            0.9992631673812866,
            0.0
          ],
          [
            0.0,
            0.0,
            0.0,
            1.0
          ]
        ],
        "rotation_mode": "QUATERNION"
      },
      "armature_space": {
        "head": {
          "x": 0.0,
          "y": 0.07072800397872925,
          "z": -0.009595036506652832
        },
        "tail": {
          "x": 0.0007067163824103773,
          "y": -0.00029656291007995605,
          "z": -0.0025575514882802963
        }
      },
      "world_space": {
        "head": {
          "x": 0.0,
          "y": 0.13397200405597687,
          "z": 0.9402589797973633
        },
        "tail": {
          "x": 0.0007067163824103773,
          "y": 0.06294743716716766,
          "z": 0.9472964406013489
        },
        "rotation_quaternion": {
          "w": 0.0493280328810215,
          "x": 0.9987499117851257,
          "y": 0.005260123871266842,
          "z": 0.006140102632343769
        },
        "matrix": [
          [
            0.9998692870140076,
            0.009901334531605244,
            0.012783797457814217,
            0.0
          ],
          [
            0.011112857609987259,
            -0.9950781464576721,
            -0.09846862405538559,
            0.13397200405597687
          ],
          [
            0.0117459986358881,
            0.09859754145145416,
            -0.9950650930404663,
            0.9402589797973633
          ],
          [
            0.0,
            0.0,
            0.0,
            1.0
          ]
        ]
      },
      "bone_length_armature_space": 0.07137586995149571,
      "parent": null,
      "has_children": true,
      "is_end_bone": false
    },
    "spine_01": {
      "name": "spine_01",
      "local": {
        "location": {
          "x": 0.0,
          "y": 0.0,
          "z": 0.0
        },
        "rotation_quaternion": {
          "w": 0.9983872175216675,
          "x": -0.040217794477939606,
          "y": -0.0355340875685215,
          "z": 0.01851317286491394
        },
        "scale": {
          "x": 1.0,
          "y": 1.0,
          "z": 1.0
        },
        "matrix_basis": [
          [
            0.9967891573905945,
            -0.03410842642188072,
            -0.0724426731467247,
            0.0
          ],
          [
            0.03982483595609665,
            0.9960795640945435,
            0.07899016886949539,
            0.0
          ],
          [
            0.06946443766355515,
            -0.08162156492471695,
            0.9942396879196167,
            0.0
          ],
          [
            0.0,
            0.0,
            0.0,
            1.0
          ]
        ],
        "rotation_mode": "QUATERNION"
      },
      "armature_space": {
        "head": {
          "x": 0.0007067163824103773,
          "y": -0.00029656291007995605,
          "z": -0.0025575514882802963
        },
        "tail": {
          "x": -0.02214028313755989,
          "y": 0.04447389766573906,
          "z": 0.48285171389579773
        }
      },
      "world_space": {
        "head": {
          "x": 0.0007067163824103773,
          "y": 0.06294743716716766,
          "z": 0.9472964406013489
        },
        "tail": {
          "x": -0.02214028313755989,
          "y": 0.10771790146827698,
          "z": 1.4327057600021362
        },
        "rotation_quaternion": {
          "w": 0.7378076314926147,
          "x": 0.673880398273468,
          "y": -0.038870684802532196,
          "z": -0.0037752885837107897
        },
        "matrix": [
          [
            0.9969496726989746,
            -0.04681750386953354,
            -0.062446050345897675,
            0.0007067163824103773
          ],
          [
            -0.057958923280239105,
            0.09174251556396484,
            -0.9940946102142334,
            0.06294743716716766
          ],
          [
            0.05227029696106911,
            0.9946886301040649,
            0.08874887228012085,
            0.9472964406013489
          ],
          [
            0.0,
            0.0,
            0.0,
            1.0
          ]
        ]
      },
      "bone_length_armature_space": 0.48800464353255396,
      "parent": "Root",
      "has_children": true,
      "is_end_bone": false
    },
    "neck_01": {
      "name": "neck_01",
      "local": {
        "location": {
          "x": 0.0,
          "y": 0.0,
          "z": 0.0
        },
        "rotation_quaternion": {
          "w": 0.9822194576263428,
          "x": -0.14527980983257294,
          "y": 0.023368574678897858,
          "z": 0.11658722162246704
        },
        "scale": {
          "x": 1.0,
          "y": 1.0,
          "z": 1.0
        },
        "matrix_basis": [
          [
            0.9717226624488831,
            -0.23581844568252563,
            0.01203059870749712,
            0.0
          ],
          [
            0.22223851084709167,
            0.9306023716926575,
            0.2908422648906708,
            0.0
          ],
          [
            -0.079781673848629,
            -0.27994436025619507,
            0.9566953778266907,
            0.0
          ],
          [
            0.0,
            0.0,
            0.0,
            1.0
          ]
        ],
        "rotation_mode": "QUATERNION"
      },
      "armature_space": {
        "head": {
          "x": -0.02773384377360344,
          "y": 0.016715504229068756,
          "z": 0.5587591528892517
        },
        "tail": {
          "x": -0.05703270807862282,
          "y": 0.0176116693764925,
          "z": 0.6570013761520386
        }
      },
      "world_space": {
        "head": {
          "x": -0.02773384377360344,
          "y": 0.07995950430631638,
          "z": 1.508613109588623
        },
        "tail": {
          "x": -0.05703270807862282,
          "y": 0.08085566759109497,
          "z": 1.6068553924560547
        },
        "rotation_quaternion": {
          "w": 0.7001489400863647,
          "x": 0.6988218426704407,
          "y": -0.11900421977043152,
          "z": 0.08530864119529724
        },
        "matrix": [
          [
            0.9571207761764526,
            -0.2857830822467804,
            -0.04741211235523224,
            -0.02773384377360344
          ],
          [
            -0.04686983674764633,
            0.008741259574890137,
            -0.9988628625869751,
            0.07995950430631638
          ],
          [
            0.28587448596954346,
            0.9582611322402954,
            -0.005029171705245972,
            1.508613109588623
          ],
          [
            0.0,
            0.0,
            0.0,
            1.0
          ]
        ]
      },
      "bone_length_armature_space": 0.10252200176542056,
      "parent": "spine_01",
      "has_children": true,
      "is_end_bone": false
    },
    "head": {
      "name": "head",
      "local": {
        "location": {
          "x": 0.0,
          "y": 0.0,
          "z": 0.0
        },
        "rotation_quaternion": {
          "w": 0.988391637802124,
          "x": -0.0644005835056305,
          "y": -0.044492416083812714,
          "z": -0.1302112489938736
        },
        "scale": {
          "x": 1.0,
          "y": 1.0,
          "z": 1.0
        },
        "matrix_basis": [
          [
            0.9621309041976929,
            0.2631300985813141,
            -0.07118050009012222,
            0.0
          ],
          [
            -0.2516687512397766,
            0.9577952027320862,
            0.13889282941818237,
            0.0
          ],
          [
            0.10472322255373001,
            -0.11571916937828064,
            0.987746000289917,
            0.0
          ],
          [
            0.0,
            0.0,
            0.0,
            1.0
          ]
        ],
        "rotation_mode": "QUATERNION"
      },
      "armature_space": {
        "head": {
          "x": -0.057032693177461624,
          "y": 0.017611512914299965,
          "z": 0.6570013165473938
        },
        "tail": {
          "x": -0.05242341756820679,
          "y": 0.0871020033955574,
          "z": 0.7955765724182129
        }
      },
      "world_space": {
        "head": {
          "x": -0.057032693177461624,
          "y": 0.08085551112890244,
          "z": 1.6068553924560547
        },
        "tail": {
          "x": -0.05242341756820679,
          "y": 0.15034601092338562,
          "z": 1.745430588722229
        },
        "rotation_quaternion": {
          "w": 0.8449915647506714,
          "x": 0.5193350911140442,
          "y": -0.10010851174592972,
          "z": -0.0791129395365715
        },
        "matrix": [
          [
            0.9674388766288757,
            0.029719972983002663,
            -0.2513538599014282,
            -0.057032693177461624
          ],
          [
            -0.23767922818660736,
            0.4480649530887604,
            -0.8618274331092834,
            0.08085551112890244
          ],
          [
            0.08700970560312271,
            0.8935136795043945,
            0.44054147601127625,
            1.6068553924560547
          ],
          [
            0.0,
            0.0,
            0.0,
            1.0
          ]
        ]
      },
      "bone_length_armature_space": 0.15509118653806642,
      "parent": "neck_01",
      "has_children": false,
      "is_end_bone": true
    },
    "upperarm_l": {
      "name": "upperarm_l",
      "local": {
        "location": {
          "x": 0.0,
          "y": 0.0,
          "z": 0.0
        },
        "rotation_quaternion": {
          "w": 0.970105767250061,
          "x": -0.08972705900669098,
          "y": -0.18131384253501892,
          "z": 0.13404984772205353
        },
        "scale": {
          "x": 1.0,
          "y": 1.0,
          "z": 1.0
        },
        "matrix_basis": [
          [
            0.8983118534088135,
            -0.2275475412607193,
            -0.37584301829338074,
            0.0
          ],
          [
            0.29262256622314453,
            0.9479593634605408,
            0.1254792958498001,
            0.0
          ],
          [
            0.3277314007282257,
            -0.22269965708255768,
            0.9181486964225769,
            0.0
          ],
          [
            0.0,
            0.0,
            0.0,
            1.0
          ]
        ],
        "rotation_mode": "QUATERNION"
      },
      "armature_space": {
        "head": {
          "x": 0.12475595623254776,
          "y": -0.0013144388794898987,
          "z": 0.5000319480895996
        },
        "tail": {
          "x": 0.3784349262714386,
          "y": 0.05694347620010376,
          "z": 0.5637553334236145
        }
      },
      "world_space": {
        "head": {
          "x": 0.12475595623254776,
          "y": 0.06192956119775772,
          "z": 1.4498859643936157
        },
        "tail": {
          "x": 0.3784349262714386,
          "y": 0.12018747627735138,
          "z": 1.5136094093322754
        },
        "rotation_quaternion": {
          "w": 0.7007442712783813,
          "x": 0.40361306071281433,
          "y": 0.3430170714855194,
          "z": -0.4779053032398224
        },
        "matrix": [
          [
            0.30789095163345337,
            0.9466713666915894,
            0.09495551884174347,
            0.12475595623254776
          ],
          [
            -0.39288830757141113,
            0.21740508079528809,
            -0.8935177326202393,
            0.06192956119775772
          ],
          [
            -0.8665179014205933,
            0.2378009408712387,
            0.4388754069805145,
            1.4498859643936157
          ],
          [
            0.0,
            0.0,
            0.0,
            1.0
          ]
        ]
      },
      "bone_length_armature_space": 0.2679695521591514,
      "parent": "spine_01",
      "has_children": true,
      "is_end_bone": false
    },
    "lowerarm_l": {
      "name": "lowerarm_l",
      "local": {
        "location": {
          "x": 0.0,
          "y": 0.0,
          "z": 0.0
        },
        "rotation_quaternion": {
          "w": 0.9550286531448364,
          "x": 0.02038639411330223,
          "y": 0.09787005931138992,
          "z": -0.2791525423526764
        },
        "scale": {
          "x": 1.0,
          "y": 1.0,
          "z": 1.0
        },
        "matrix_basis": [
          [
            0.8249906301498413,
            0.5371878147125244,
            0.17555560171604156,
            0.0
          ],
          [
            -0.5292069315910339,
            0.8433164954185486,
            -0.09358052909374237,
            0.0
          ],
          [
            -0.19831925630569458,
            -0.015702171251177788,
            0.9800117015838623,
            0.0
          ],
          [
            0.0,
            0.0,
            0.0,
            1.0
          ]
        ],
        "rotation_mode": "QUATERNION"
      },
      "armature_space": {
        "head": {
          "x": 0.37843501567840576,
          "y": 0.05694349855184555,
          "z": 0.563755452632904
        },
        "tail": {
          "x": 0.6408981680870056,
          "y": 0.0195431150496006,
          "z": 0.5279269814491272
        }
      },
      "world_space": {
        "head": {
          "x": 0.37843501567840576,
          "y": 0.12018749862909317,
          "z": 1.5136094093322754
        },
        "tail": {
          "x": 0.6408981680870056,
          "y": 0.08278711140155792,
          "z": 1.477781057357788
        },
        "rotation_quaternion": {
          "w": 0.5067681670188904,
          "x": 0.3958742022514343,
          "y": 0.4162747263908386,
          "z": -0.6427947282791138
        },
        "matrix": [
          [
            -0.1729382574558258,
            0.9810808300971985,
            -0.08702106773853302,
            0.37843501567840576
          ],
          [
            -0.32191234827041626,
            -0.1398017257452011,
            -0.9363910555839539,
            0.12018749862909317
          ],
          [
            -0.9308477640151978,
            -0.13392585515975952,
            0.3400006890296936,
            1.5136094093322754
          ],
          [
            0.0,
            0.0,
            0.0,
            1.0
          ]
        ]
      },
      "bone_length_armature_space": 0.26752452961844125,
      "parent": "upperarm_l",
      "has_children": true,
      "is_end_bone": false
    },
    "metacarpal_thumb_l": {
      "name": "metacarpal_thumb_l",
      "local": {
        "location": {
          "x": 0.0,
          "y": 0.0,
          "z": 0.0
        },
        "rotation_quaternion": {
          "w": 0.9991917014122009,
          "x": -0.03821856901049614,
          "y": -0.010571354068815708,
          "z": -0.006593647412955761
        },
        "scale": {
          "x": 1.0,
          "y": 1.0,
          "z": 1.0
        },
        "matrix_basis": [
          [
            0.999689519405365,
            0.013984679244458675,
            -0.020621618255972862,
            0.0
          ],
          [
            -0.012368591502308846,
            0.996991753578186,
            0.07651475816965103,
            0.0
          ],
          [
            0.021629618480801582,
            -0.07623594999313354,
            0.9968551993370056,
            0.0
          ],
          [
            0.0,
            0.0,
            0.0,
            1.0
          ]
        ],
        "rotation_mode": "QUATERNION"
      },
      "armature_space": {
        "head": {
          "x": 0.6408981680870056,
          "y": 0.0195431150496006,
          "z": 0.5279269814491272
        },
        "tail": {
          "x": 0.676752507686615,
          "y": -0.014628447592258453,
          "z": 0.5273308753967285
        }
      },
      "world_space": {
        "head": {
          "x": 0.6408981680870056,
          "y": 0.08278711140155792,
          "z": 1.477781057357788
        },
        "tail": {
          "x": 0.676752507686615,
          "y": 0.048615552484989166,
          "z": 1.4771848917007446
        },
        "rotation_quaternion": {
          "w": 0.08270695805549622,
          "x": 0.895365834236145,
          "y": 0.38500213623046875,
          "z": -0.2079736441373825
        },
        "matrix": [
          [
            0.6170403957366943,
            0.7238375544548035,
            -0.3087395131587982,
            0.6408981680870056
          ],
          [
            0.6550337672233582,
            -0.6898653507232666,
            -0.3082478642463684,
            0.08278711140155792
          ],
          [
            -0.4361126720905304,
            -0.012034140527248383,
            -0.8998194932937622,
            1.477781057357788
          ],
          [
            0.0,
            0.0,
            0.0,
            1.0
          ]
        ]
      },
      "bone_length_armature_space": 0.04953367271368939,
      "parent": "lowerarm_l",
      "has_children": true,
      "is_end_bone": false
    },
    "thumb_01_l": {
      "name": "thumb_01_l",
      "local": {
        "location": {
          "x": 0.0,
          "y": 0.0,
          "z": 0.0
        },
        "rotation_quaternion": {
          "w": 0.9971790313720703,
          "x": -0.07335215061903,
          "y": -0.009016787633299828,
          "z": -0.013124118559062481
        },
        "scale": {
          "x": 1.0,
          "y": 1.0,
          "z": 1.0
        },
        "matrix_basis": [
          [
            0.999492883682251,
            0.02749699354171753,
            -0.016057338565587997,
            0.0
          ],
          [
            -0.024851389229297638,
            0.9888944625854492,
            0.14652712643146515,
            0.0
          ],
          [
            0.01990806683897972,
            -0.14605377614498138,
            0.9890763163566589,
            0.0
          ],
          [
            0.0,
            0.0,
            0.0,
            1.0
          ]
        ],
        "rotation_mode": "QUATERNION"
      },
      "armature_space": {
        "head": {
          "x": 0.676752507686615,
          "y": -0.014628447592258453,
          "z": 0.5273308753967285
        },
        "tail": {
          "x": 0.6801024079322815,
          "y": -0.043422624468803406,
          "z": 0.5094897747039795
        }
      },
      "world_space": {
        "head": {
          "x": 0.676752507686615,
          "y": 0.048615552484989166,
          "z": 1.4771848917007446
        },
        "tail": {
          "x": 0.6801024079322815,
          "y": 0.019821375608444214,
          "z": 1.4593437910079956
        },
        "rotation_quaternion": {
          "w": 0.2727688252925873,
          "x": -0.8951483964920044,
          "y": 0.051319390535354614,
          "z": -0.34881630539894104
        },
        "matrix": [
          [
            0.7513872981071472,
            0.09841460734605789,
            0.6524810194969177,
            0.676752507686615
          ],
          [
            -0.2821688950061798,
            -0.8459277749061584,
            0.45253416895866394,
            0.048615552484989166
          ],
          [
            0.5964916348457336,
            -0.5241428017616272,
            -0.607853889465332,
            1.4771848917007446
          ],
          [
            0.0,
            0.0,
            0.0,
            1.0
          ]
        ]
      },
      "bone_length_armature_space": 0.03403867395874771,
      "parent": "metacarpal_thumb_l",
      "has_children": true,
      "is_end_bone": false
    },
    "thumb_02_l": {
      "name": "thumb_02_l",
      "local": {
        "location": {
          "x": 0.0,
          "y": 0.0,
          "z": 0.0
        },
        "rotation_quaternion": {
          "w": 0.9953985214233398,
          "x": 0.09564638882875443,
          "y": 0.005795633886009455,
          "z": 5.398994107963517e-05
        },
        "scale": {
          "x": 1.0,
          "y": 1.0,
          "z": 1.0
        },
        "matrix_basis": [
          [
            0.9999328255653381,
            0.0010011799167841673,
            0.011548258364200592,
            0.0
          ],
          [
            0.0012161459308117628,
            0.981703519821167,
            -0.19041192531585693,
            0.0
          ],
          [
            -0.011527602560818195,
            0.19041317701339722,
            0.9816363453865051,
            0.0
          ],
          [
            0.0,
            0.0,
            0.0,
            1.0
          ]
        ],
        "rotation_mode": "QUATERNION"
      },
      "armature_space": {
        "head": {
          "x": 0.6801022887229919,
          "y": -0.043422624468803406,
          "z": 0.5094897747039795
        },
        "tail": {
          "x": 0.7191874384880066,
          "y": -0.04956934601068497,
          "z": 0.5025796890258789
        }
      },
      "world_space": {
        "head": {
          "x": 0.6801022887229919,
          "y": 0.019821375608444214,
          "z": 1.4593437910079956
        },
        "tail": {
          "x": 0.7191874384880066,
          "y": 0.013674654066562653,
          "z": 1.452433705329895
        },
        "rotation_quaternion": {
          "w": 0.5806663632392883,
          "x": -0.45549267530441284,
          "y": -0.29377713799476624,
          "z": -0.6074931621551514
        },
        "matrix": [
          [
            0.08929594606161118,
            0.9731289148330688,
            0.2122407853603363,
            0.6801022887229919
          ],
          [
            -0.4378739893436432,
            -0.15303905308246613,
            0.8859151601791382,
            0.019821375608444214
          ],
          [
            0.8945968747138977,
            -0.17204484343528748,
            0.41244572401046753,
            1.4593437910079956
          ],
          [
            0.0,
            0.0,
            0.0,
            1.0
          ]
        ]
      },
      "bone_length_armature_space": 0.04016441650467133,
      "parent": "thumb_01_l",
      "has_children": true,
      "is_end_bone": false
    },
    "thumb_03_l": {
      "name": "thumb_03_l",
      "local": {
        "location": {
          "x": 0.0,
          "y": 0.0,
          "z": 0.0
        },
        "rotation_quaternion": {
          "w": 0.9972130060195923,
          "x": 0.07443273067474365,
          "y": -0.005111417733132839,
          "z": -0.00013336725533008575
        },
        "scale": {
          "x": 1.0,
          "y": 1.0,
          "z": 1.0
        },
        "matrix_basis": [
          [
            0.999947726726532,
            -0.0004949224530719221,
            -0.010214198380708694,
            0.0
          ],
          [
            -0.0010269046761095524,
            0.9889194965362549,
            -0.14844921231269836,
            0.0
          ],
          [
            0.010174490511417389,
            0.14845193922519684,
            0.9888672828674316,
            0.0
          ],
          [
            0.0,
            0.0,
            0.0,
            1.0
          ]
        ],
        "rotation_mode": "QUATERNION"
      },
      "armature_space": {
        "head": {
          "x": 0.7191873788833618,
          "y": -0.049569420516490936,
          "z": 0.5025797486305237
        },
        "tail": {
          "x": 0.7484649419784546,
          "y": -0.0416065976023674,
          "z": 0.5000681281089783
        }
      },
      "world_space": {
        "head": {
          "x": 0.7191873788833618,
          "y": 0.013674579560756683,
          "z": 1.4524338245391846
        },
        "tail": {
          "x": 0.7484649419784546,
          "y": 0.02163740247488022,
          "z": 1.4499220848083496
        },
        "rotation_quaternion": {
          "w": 0.7547410726547241,
          "x": -0.2378416210412979,
          "y": -0.247267946600914,
          "z": -0.5591564178466797
        },
        "matrix": [
          [
            0.25240427255630493,
            0.961658239364624,
            -0.10726279020309448,
            0.7191873788833618
          ],
          [
            -0.726415753364563,
            0.26154884696006775,
            0.6355413198471069,
            0.013674579560756683
          ],
          [
            0.6392319202423096,
            -0.08249647170305252,
            0.7645857334136963,
            1.4524338245391846
          ],
          [
            0.0,
            0.0,
            0.0,
            1.0
          ]
        ]
      },
      "bone_length_armature_space": 0.030444875849760217,
      "parent": "thumb_02_l",
      "has_children": false,
      "is_end_bone": true
    },
    "metacarpal_index_l": {
      "name": "metacarpal_index_l",
      "local": {
        "location": {
          "x": 0.0,
          "y": 0.0,
          "z": 0.0
        },
        "rotation_quaternion": {
          "w": 0.9997550845146179,
          "x": -0.016941571608185768,
          "y": 0.01328753586858511,
          "z": -0.005136760883033276
        },
        "scale": {
          "x": 1.0,
          "y": 1.0,
          "z": 1.0
        },
        "matrix_basis": [
          [
            0.9995940923690796,
            0.009820782579481602,
            0.026742612943053246,
            0.0
          ],
          [
            -0.010721229016780853,
            0.999373197555542,
            0.033738333731889725,
            0.0
          ],
          [
            -0.026394514366984367,
            -0.0340113528072834,
            0.9990728497505188,
            0.0
          ],
          [
            0.0,
            0.0,
            0.0,
            1.0
          ]
        ],
        "rotation_mode": "QUATERNION"
      },
      "armature_space": {
        "head": {
          "x": 0.6408981680870056,
          "y": 0.0195431150496006,
          "z": 0.5279269814491272
        },
        "tail": {
          "x": 0.7478240728378296,
          "y": -0.02784784883260727,
          "z": 0.5208447575569153
        }
      },
      "world_space": {
        "head": {
          "x": 0.6408981680870056,
          "y": 0.08278711140155792,
          "z": 1.477781057357788
        },
        "tail": {
          "x": 0.7478240728378296,
          "y": 0.03539615124464035,
          "z": 1.4706988334655762
        },
        "rotation_quaternion": {
          "w": 0.23169317841529846,
          "x": 0.7335307598114014,
          "y": 0.49405303597450256,
          "z": -0.4051697552204132
        },
        "matrix": [
          [
            0.18349677324295044,
            0.9125574231147766,
            -0.36546921730041504,
            0.6408981680870056
          ],
          [
            0.5370559692382812,
            -0.40445730090141296,
            -0.7402604818344116,
            0.08278711140155792
          ],
          [
            -0.8233521580696106,
            -0.06044287979602814,
            -0.5643155574798584,
            1.477781057357788
          ],
          [
            0.0,
            0.0,
            0.0,
            1.0
          ]
        ]
      },
      "bone_length_armature_space": 0.1171717121651568,
      "parent": "lowerarm_l",
      "has_children": true,
      "is_end_bone": false
    },
    "index_01_l": {
      "name": "index_01_l",
      "local": {
        "location": {
          "x": 0.0,
          "y": 0.0,
          "z": 0.0
        },
        "rotation_quaternion": {
          "w": 0.994864821434021,
          "x": -0.10008694976568222,
          "y": 0.0013111862353980541,
          "z": -0.015002066269516945
        },
        "scale": {
          "x": 1.0,
          "y": 1.0,
          "z": 1.0
        },
        "matrix_basis": [
          [
            0.9995464086532593,
            0.02958759106695652,
            0.005611928179860115,
            0.0
          ],
          [
            -0.03011252172291279,
            0.9795150756835938,
            0.1991066336631775,
            0.0
          ],
          [
            0.00039411598118022084,
            -0.199185311794281,
            0.9799617528915405,
            0.0
          ],
          [
            0.0,
            0.0,
            0.0,
            1.0
          ]
        ],
        "rotation_mode": "QUATERNION"
      },
      "armature_space": {
        "head": {
          "x": 0.7478240728378296,
          "y": -0.02784784883260727,
          "z": 0.5208447575569153
        },
        "tail": {
          "x": 0.7758874297142029,
          "y": -0.025611400604248047,
          "z": 0.5163154602050781
        }
      },
      "world_space": {
        "head": {
          "x": 0.7478240728378296,
          "y": 0.03539615124464035,
          "z": 1.4706988334655762
        },
        "tail": {
          "x": 0.7758874297142029,
          "y": 0.03763259947299957,
          "z": 1.4661694765090942
        },
        "rotation_quaternion": {
          "w": 0.24999943375587463,
          "x": 0.5932827591896057,
          "y": 0.6904476881027222,
          "z": -0.32984545826911926
        },
        "matrix": [
          [
            -0.1710304468870163,
            0.984183669090271,
            -0.04616285860538483,
            0.7478240728378296
          ],
          [
            0.6543397903442383,
            0.0784323588013649,
            -0.7521224617958069,
            0.03539615124464035
          ],
          [
            -0.7366105914115906,
            -0.15884321928024292,
            -0.6574100852012634,
            1.4706988334655762
          ],
          [
            0.0,
            0.0,
            0.0,
            1.0
          ]
        ]
      },
      "bone_length_armature_space": 0.028514351058770062,
      "parent": "metacarpal_index_l",
      "has_children": true,
      "is_end_bone": false
    },
    "index_02_l": {
      "name": "index_02_l",
      "local": {
        "location": {
          "x": 0.0,
          "y": 0.0,
          "z": 0.0
        },
        "rotation_quaternion": {
          "w": 0.9995378255844116,
          "x": 0.029009103775024414,
          "y": -0.009058771654963493,
          "z": -0.0007512050215154886
        },
        "scale": {
          "x": 1.0,
          "y": 1.0,
          "z": 1.0
        },
        "matrix_basis": [
          [
            0.9998347759246826,
            0.0009761419496499002,
            -0.0181527528911829,
            0.0
          ],
          [
            -0.0020272894762456417,
            0.9983158111572266,
            -0.05797778442502022,
            0.0
          ],
          [
            0.01806558668613434,
            0.05800500139594078,
            0.9981527924537659,
            0.0
          ],
          [
            0.0,
            0.0,
            0.0,
            1.0
          ]
        ],
        "rotation_mode": "QUATERNION"
      },
      "armature_space": {
        "head": {
          "x": 0.7758878469467163,
          "y": -0.025611763820052147,
          "z": 0.5163154006004333
        },
        "tail": {
          "x": 0.8009666800498962,
          "y": -0.023578351363539696,
          "z": 0.5113146305084229
        }
      },
      "world_space": {
        "head": {
          "x": 0.7758878469467163,
          "y": 0.037632234394550323,
          "z": 1.4661693572998047
        },
        "tail": {
          "x": 0.8009666800498962,
          "y": 0.039665646851062775,
          "z": 1.461168646812439
        },
        "rotation_quaternion": {
          "w": 0.26747390627861023,
          "x": 0.5714167356491089,
          "y": 0.6841722726821899,
          "z": -0.3658536970615387
        },
        "matrix": [
          [
            -0.20387983322143555,
            0.9776076674461365,
            -0.05211587995290756,
            0.7758878469467163
          ],
          [
            0.5861833095550537,
            0.07926521450281143,
            -0.8062918186187744,
            0.037632234394550323
          ],
          [
            -0.7841112017631531,
            -0.19493752717971802,
            -0.5892227292060852,
            1.4661693572998047
          ],
          [
            0.0,
            0.0,
            0.0,
            1.0
          ]
        ]
      },
      "bone_length_armature_space": 0.025653271323163904,
      "parent": "index_01_l",
      "has_children": true,
      "is_end_bone": false
    },
    "index_03_l": {
      "name": "index_03_l",
      "local": {
        "location": {
          "x": 0.0,
          "y": 0.0,
          "z": 0.0
        },
        "rotation_quaternion": {
          "w": 0.9990302324295044,
          "x": 0.04369812831282616,
          "y": 0.004155825357884169,
          "z": 0.003438279964029789
        },
        "scale": {
          "x": 1.0,
          "y": 1.0,
          "z": 1.0
        },
        "matrix_basis": [
          [
            0.9999418258666992,
            -0.006506687495857477,
            0.008604083210229874,
            0.0
          ],
          [
            0.00723309488967061,
            0.9961572885513306,
            -0.0872829258441925,
            0.0
          ],
          [
            -0.008003097958862782,
            0.08734007924795151,
            0.9961463809013367,
            0.0
          ],
          [
            0.0,
            0.0,
            0.0,
            1.0
          ]
        ],
        "rotation_mode": "QUATERNION"
      },
      "armature_space": {
        "head": {
          "x": 0.8009666800498962,
          "y": -0.023578254505991936,
          "z": 0.5113146901130676
        },
        "tail": {
          "x": 0.8281720876693726,
          "y": -0.023891540244221687,
          "z": 0.5006610155105591
        }
      },
      "world_space": {
        "head": {
          "x": 0.8009666800498962,
          "y": 0.039665743708610535,
          "z": 1.4611687660217285
        },
        "tail": {
          "x": 0.8281720876693726,
          "y": 0.03935246169567108,
          "z": 1.4505150318145752
        },
        "rotation_quaternion": {
          "w": 0.17374880611896515,
          "x": 0.577386200428009,
          "y": 0.6815069317817688,
          "z": -0.41471067070961
        },
        "matrix": [
          [
            -0.2728711664676666,
            0.9310960173606873,
            -0.24207696318626404,
            0.8009666800498962
          ],
          [
            0.642876148223877,
            -0.0107220858335495,
            -0.7658951878547668,
            0.039665743708610535
          ],
          [
            -0.7157222628593445,
            -0.36461904644966125,
            -0.5956584811210632,
            1.4611687660217285
          ],
          [
            0.0,
            0.0,
            0.0,
            1.0
          ]
        ]
      },
      "bone_length_armature_space": 0.029218712285363168,
      "parent": "index_02_l",
      "has_children": false,
      "is_end_bone": true
    },
    "metacarpal_pinky_l": {
      "name": "metacarpal_pinky_l",
      "local": {
        "location": {
          "x": 0.0,
          "y": 0.0,
          "z": 0.0
        },
        "rotation_quaternion": {
          "w": 0.9982436895370483,
          "x": -0.056421685963869095,
          "y": 0.016820069402456284,
          "z": -0.006578883621841669
        },
        "scale": {
          "x": 1.0,
          "y": 1.0,
          "z": 1.0
        },
        "matrix_basis": [
          [
            0.9993476271629333,
            0.011236624792218208,
            0.03432343900203705,
            0.0
          ],
          [
            -0.0150326918810606,
            0.9935466051101685,
            0.1124238669872284,
            0.0
          ],
          [
            -0.032838672399520874,
            -0.11286649852991104,
            0.9930673837661743,
            0.0
          ],
          [
            0.0,
            0.0,
            0.0,
            1.0
          ]
        ],
        "rotation_mode": "QUATERNION"
      },
      "armature_space": {
        "head": {
          "x": 0.6408981680870056,
          "y": 0.0195431150496006,
          "z": 0.5279269814491272
        },
        "tail": {
          "x": 0.7377352714538574,
          "y": 0.03314558044075966,
          "z": 0.49213898181915283
        }
      },
      "world_space": {
        "head": {
          "x": 0.6408981680870056,
          "y": 0.08278711140155792,
          "z": 1.477781057357788
        },
        "tail": {
          "x": 0.7377352714538574,
          "y": 0.09638957679271698,
          "z": 1.441992998123169
        },
        "rotation_quaternion": {
          "w": 0.7427963614463806,
          "x": -0.12998232245445251,
          "y": 0.11648213118314743,
          "z": -0.6463667750358582
        },
        "matrix": [
          [
            0.1372828483581543,
            0.9299566745758057,
            0.34107738733291626,
            0.6408981680870056
          ],
          [
            -0.9905194640159607,
            0.13062870502471924,
            0.04251880943775177,
            0.08278711140155792
          ],
          [
            -0.0050146691501140594,
            -0.3436831831932068,
            0.9390798211097717,
            1.477781057357788
          ],
          [
            0.0,
            0.0,
            0.0,
            1.0
          ]
        ]
      },
      "bone_length_armature_space": 0.10413084341606894,
      "parent": "lowerarm_l",
      "has_children": true,
      "is_end_bone": false
    },
    "pinky_01_l": {
      "name": "pinky_01_l",
      "local": {
        "location": {
          "x": 0.0,
          "y": 0.0,
          "z": 0.0
        },
        "rotation_quaternion": {
          "w": 0.9925240874290466,
          "x": -0.12020810693502426,
          "y": -0.016670776531100273,
          "z": 0.01296260952949524
        },
        "scale": {
          "x": 1.0,
          "y": 1.0,
          "z": 1.0
        },
        "matrix_basis": [
          [
            0.9991081357002258,
            -0.02172347903251648,
            -0.03620871528983116,
            0.0
          ],
          [
            0.02973932959139347,
            0.9707639813423157,
            0.23818668723106384,
            0.0
          ],
          [
            0.029975872486829758,
            -0.23905107378959656,
            0.9705442190170288,
            0.0
          ],
          [
            0.0,
            0.0,
            0.0,
            1.0
          ]
        ],
        "rotation_mode": "QUATERNION"
      },
      "armature_space": {
        "head": {
          "x": 0.7377352714538574,
          "y": 0.03314558044075966,
          "z": 0.49213898181915283
        },
        "tail": {
