{
  "metadata": {
    "armature_name": "KIM_caucasian_male",
    "export_time": "2026-01-13T21:00:49.742224",
    "blender_version": "4.4.1",
    "bone_count": 56,
    "end_bone_count": 13,
    "spaces_included": [
      "LOCAL_CHANNELS",
      "ARMATURE_SPACE",
      "WORLD_SPACE"
    ],
    "note": "LOCAL matches Transform panel; replay pose via local.matrix_basis for best fidelity."
  },
  "bones": {
    "Root": {
      "name": "Root",
      "local": {
        "location": {
          "x": 0.0,
          "y": 0.0,
          "z": 0.0
        },
        "rotation_quaternion": {
          "w": 0.9998287558555603,
          "x": 0.002156390342861414,
          "y": 0.011496178805828094,
          "z": -0.014347502961754799
        },
        "scale": {
          "x": 1.0,
          "y": 1.0,
          "z": 1.0
        },
        "matrix_basis": [
          [
            0.9993239641189575,
            0.028739672154188156,
            0.022926542907953262,
            0.0
          ],
          [
            -0.028640512377023697,
            0.9995790123939514,
            -0.004641924984753132,
            0.0
          ],
          [
            -0.023050297051668167,
            0.003982159309089184,
            0.9997263550758362,
            0.0
          ],
          [
            0.0,
            0.0,
            0.0,
            1.0
          ]
        ],
        "rotation_mode": "QUATERNION"
      },
      "armature_space": {
        "head": {
          "x": 0.0,
          "y": 0.07072800397872925,
          "z": -0.009595036506652832
        },
        "tail": {
          "x": 0.002051318995654583,
          "y": -8.434057235717773e-06,
          "z": -0.0002856915816664696
        }
      },
      "world_space": {
        "head": {
          "x": 0.0,
          "y": 0.13397200405597687,
          "z": 0.9402589797973633
        },
        "tail": {
          "x": 0.002051318995654583,
          "y": 0.0632355660200119,
          "z": 0.9495683312416077
        },
        "rotation_quaternion": {
          "w": 0.06520462781190872,
          "x": 0.9977025389671326,
          "y": 0.015089383348822594,
          "z": 0.010503502562642097
        },
        "matrix": [
          [
            0.9993239641189575,
            0.028739672154188156,
            0.022926542907953262,
            0.0
          ],
          [
            0.03147919103503227,
            -0.9910413026809692,
            -0.12979310750961304,
            0.13397200405597687
          ],
          [
            0.018991099670529366,
            0.1304270625114441,
            -0.9912830591201782,
            0.9402589797973633
          ],
          [
            0.0,
            0.0,
            0.0,
            1.0
          ]
        ]
      },
      "bone_length_armature_space": 0.07137587477167907,
      "parent": null,
      "has_children": true,
      "is_end_bone": false
    },
    "spine_01": {
      "name": "spine_01",
      "local": {
        "location": {
          "x": 0.0,
          "y": 0.0,
          "z": 0.0
        },
        "rotation_quaternion": {
          "w": 0.996204137802124,
          "x": 0.008728657849133015,
          "y": -0.05263734608888626,
          "z": 0.06877915561199188
        },
        "scale": {
          "x": 1.0,
          "y": 1.0,
          "z": 1.0
        },
        "matrix_basis": [
          [
            0.9849974513053894,
            -0.13795506954193115,
            -0.10367438197135925,
            0.0
          ],
          [
            0.13611724972724915,
            0.9903864860534668,
            -0.02463175542652607,
            0.0
          ],
          [
            0.10607578605413437,
            0.010150345973670483,
            0.9943062663078308,
            0.0
          ],
          [
            0.0,
            0.0,
            0.0,
            1.0
          ]
        ],
        "rotation_mode": "QUATERNION"
      },
      "armature_space": {
        "head": {
          "x": 0.002051318995654583,
          "y": -8.434057235717773e-06,
          "z": -0.0002856915816664696
        },
        "tail": {
          "x": -0.07488937675952911,
          "y": 0.013277532532811165,
          "z": 0.481432169675827
        }
      },
      "world_space": {
        "head": {
          "x": 0.002051318995654583,
          "y": 0.0632355660200119,
          "z": 0.9495683312416077
        },
        "tail": {
          "x": -0.07488937675952911,
          "y": 0.07652153074741364,
          "z": 1.4312862157821655
        },
        "rotation_quaternion": {
          "w": 0.7120296955108643,
          "x": 0.6967228651046753,
          "y": -0.0814012661576271,
          "z": 0.031063836067914963
        },
        "matrix": [
          [
            0.9848178029060364,
            -0.157664954662323,
            -0.07263344526290894,
            0.002051318995654583
          ],
          [
            -0.06919039040803909,
            0.027225272729992867,
            -0.9972320199012756,
            0.0632355660200119
          ],
          [
            0.1592070609331131,
            0.9871242642402649,
            0.01590225286781788,
            0.9495683312416077
          ],
          [
            0.0,
            0.0,
            0.0,
            1.0
          ]
        ]
      },
      "bone_length_armature_space": 0.48800458517634737,
      "parent": "Root",
      "has_children": true,
      "is_end_bone": false
    },
    "neck_01": {
      "name": "neck_01",
      "local": {
        "location": {
          "x": 0.0,
          "y": 0.0,
          "z": 0.0
        },
        "rotation_quaternion": {
          "w": 0.9894835948944092,
          "x": 0.02666296996176243,
          "y": -0.10862946510314941,
          "z": -0.09171212464570999
        },
        "scale": {
          "x": 1.0,
          "y": 1.0,
          "z": 1.0
        },
        "matrix_basis": [
          [
            0.9595770239830017,
            0.1757025122642517,
            -0.21986478567123413,
            0.0
          ],
          [
            -0.1872880607843399,
            0.9817559719085693,
            -0.03283986449241638,
            0.0
          ],
          [
            0.2100835144519806,
            0.07269041985273361,
            0.974977433681488,
            0.0
          ],
          [
            0.0,
            0.0,
            0.0,
            1.0
          ]
        ],
        "rotation_mode": "QUATERNION"
      },
      "armature_space": {
        "head": {
          "x": -0.08895231783390045,
          "y": -0.019313521683216095,
          "z": 0.5542593598365784
        },
        "tail": {
          "x": -0.08873660862445831,
          "y": -0.06313658505678177,
          "z": 0.6469428539276123
        }
      },
      "world_space": {
        "head": {
          "x": -0.08895231783390045,
          "y": 0.043930478394031525,
          "z": 1.5041134357452393
        },
        "tail": {
          "x": -0.08873660862445831,
          "y": 0.00010741502046585083,
          "z": 1.5967968702316284
        },
        "rotation_quaternion": {
          "w": 0.5318671464920044,
          "x": 0.8395891189575195,
          "y": -0.05822933465242386,
          "z": -0.09389708936214447
        },
        "matrix": [
          [
            0.975585401058197,
            0.002104023937135935,
            -0.2196103185415268,
            -0.08895231783390045
          ],
          [
            -0.19765892624855042,
            -0.42745310068130493,
            -0.8821650743484497,
            0.043930478394031525
          ],
          [
            -0.09573005139827728,
            0.9040411114692688,
            -0.41660481691360474,
            1.5041134357452393
          ],
          [
            0.0,
            0.0,
            0.0,
            1.0
          ]
        ]
      },
      "bone_length_armature_space": 0.10252188623484909,
      "parent": "spine_01",
      "has_children": true,
      "is_end_bone": false
    },
    "head": {
      "name": "head",
      "local": {
        "location": {
          "x": 0.0,
          "y": 0.0,
          "z": 0.0
        },
        "rotation_quaternion": {
          "w": 0.9832754135131836,
          "x": -0.10555855929851532,
          "y": 0.09568127244710922,
          "z": 0.11345449835062027
        },
        "scale": {
          "x": 1.0,
          "y": 1.0,
          "z": 1.0
        },
        "matrix_basis": [
          [
            0.9559463262557983,
            -0.2433139979839325,
            0.16420990228652954,
            0.0
          ],
          [
            0.20291408896446228,
            0.9519709348678589,
            0.2292972207069397,
            0.0
          ],
          [
            -0.21211427450180054,
            -0.1858753263950348,
            0.9594049453735352,
            0.0
          ],
          [
            0.0,
            0.0,
            0.0,
            1.0
          ]
        ],
        "rotation_mode": "QUATERNION"
      },
      "armature_space": {
        "head": {
          "x": -0.0887366458773613,
          "y": -0.06313669681549072,
          "z": 0.6469427347183228
        },
        "tail": {
          "x": -0.10764406621456146,
          "y": -0.03915701061487198,
          "z": 0.7989979982376099
        }
      },
      "world_space": {
        "head": {
          "x": -0.0887366458773613,
          "y": 0.00010730326175689697,
          "z": 1.5967967510223389
        },
        "tail": {
          "x": -0.10764406621456146,
          "y": 0.02408698946237564,
          "z": 1.748852014541626
        },
        "rotation_quaternion": {
          "w": 0.7583352327346802,
          "x": 0.6489208340644836,
          "y": -0.04728873074054718,
          "z": 0.0399157889187336
        },
        "matrix": [
          [
            0.9923410415649414,
            -0.1219124048948288,
            -0.01991628110408783,
            -0.0887366458773613
          ],
          [
            -0.0008333474397659302,
            0.15461765229701996,
            -0.9879742860794067,
            0.00010730326175689697
          ],
          [
            0.12352658063173294,
            0.9804309606552124,
            0.15333202481269836,
            1.5967967510223389
          ],
          [
            0.0,
            0.0,
            0.0,
            1.0
          ]
        ]
      },
      "bone_length_armature_space": 0.15509132679932128,
      "parent": "neck_01",
      "has_children": false,
      "is_end_bone": true
    },
    "upperarm_l": {
      "name": "upperarm_l",
      "local": {
        "location": {
          "x": 0.0,
          "y": 0.0,
          "z": 0.0
        },
        "rotation_quaternion": {
          "w": 0.8727945685386658,
          "x": 0.1327928602695465,
          "y": 0.44706228375434875,
          "z": 0.1439828723669052
        },
        "scale": {
          "x": 1.0,
          "y": 1.0,
          "z": 1.0
        },
        "matrix_basis": [
          [
            0.5588085055351257,
            -0.1326015740633011,
            0.818626880645752,
            0.0
          ],
          [
            0.3700682818889618,
            0.9232699871063232,
            -0.10306315124034882,
            0.0
          ],
          [
            -0.7421472668647766,
            0.36054039001464844,
            0.5650027394294739,
            0.0
          ],
          [
            0.0,
            0.0,
            0.0,
            1.0
          ]
        ],
        "rotation_mode": "QUATERNION"
      },
      "armature_space": {
        "head": {
          "x": 0.06913502514362335,
          "y": -0.034702129662036896,
          "z": 0.5118487477302551
        },
        "tail": {
          "x": 0.3062804639339447,
          "y": -0.13879728317260742,
          "z": 0.5806522369384766
        }
      },
      "world_space": {
        "head": {
          "x": 0.06913502514362335,
          "y": 0.028541870415210724,
          "z": 1.461702823638916
        },
        "tail": {
          "x": 0.3062804639339447,
          "y": -0.0755532830953598,
          "z": 1.5305062532424927
        },
        "rotation_quaternion": {
          "w": 0.2503586709499359,
          "x": 0.8186048269271851,
          "y": 0.4930419325828552,
          "z": -0.15529446303844452
        },
        "matrix": [
          [
            0.4655860364437103,
            0.8849719762802124,
            -0.0073731206357479095,
            0.06913502514362335
          ],
          [
            0.7294551134109497,
            -0.3884590268135071,
            -0.5630232691764832,
            0.028541870415210724
          ],
          [
            -0.5011267066001892,
            0.25675880908966064,
            -0.8264145851135254,
            1.461702823638916
          ],
          [
            0.0,
            0.0,
            0.0,
            1.0
          ]
        ]
      },
      "bone_length_armature_space": 0.267969549986977,
      "parent": "spine_01",
      "has_children": true,
      "is_end_bone": false
    },
    "lowerarm_l": {
      "name": "lowerarm_l",
      "local": {
        "location": {
          "x": 0.0,
          "y": 0.0,
          "z": 0.0
        },
        "rotation_quaternion": {
          "w": 0.9016375541687012,
          "x": 0.31322184205055237,
          "y": 0.22750334441661835,
          "z": -0.1928320825099945
        },
        "scale": {
          "x": 1.0,
          "y": 1.0,
          "z": 1.0
        },
        "matrix_basis": [
          [
            0.8221160173416138,
            0.49024733901023865,
            0.2894526720046997,
            0.0
          ],
          [
            -0.20521126687526703,
            0.7294157147407532,
            -0.652565062046051,
            0.0
          ],
          [
            -0.5310495495796204,
            0.47708526253700256,
            0.7002686262130737,
            0.0
          ],
          [
            0.0,
            0.0,
            0.0,
            1.0
          ]
        ],
        "rotation_mode": "QUATERNION"
      },
      "armature_space": {
        "head": {
          "x": 0.3062804937362671,
          "y": -0.13879743218421936,
          "z": 0.5806522965431213
        },
        "tail": {
          "x": 0.5141541361808777,
          "y": -0.2327049970626831,
          "z": 0.4408682882785797
        }
      },
      "world_space": {
        "head": {
          "x": 0.3062804937362671,
          "y": -0.07555343210697174,
          "z": 1.5305063724517822
        },
        "tail": {
          "x": 0.5141541361808777,
          "y": -0.16946099698543549,
          "z": 1.3907222747802734
        },
        "rotation_quaternion": {
          "w": 0.19022351503372192,
          "x": -0.7960362434387207,
          "y": -0.5369383096694946,
          "z": 0.20454470813274384
        },
        "matrix": [
          [
            0.33971571922302246,
            0.7770266532897949,
            -0.529927134513855,
            0.3062804937362671
          ],
          [
            0.9326637387275696,
            -0.35102421045303345,
            0.08319127559661865,
            -0.07555343210697174
          ],
          [
            -0.12137529253959656,
            -0.5225092172622681,
            -0.843958854675293,
            1.5305063724517822
          ],
          [
            0.0,
            0.0,
            0.0,
            1.0
          ]
        ]
      },
      "bone_length_armature_space": 0.2675250498487996,
      "parent": "upperarm_l",
      "has_children": true,
      "is_end_bone": false
    },
    "metacarpal_thumb_l": {
      "name": "metacarpal_thumb_l",
      "local": {
        "location": {
          "x": 0.0,
          "y": 0.0,
          "z": 0.0
        },
        "rotation_quaternion": {
          "w": 0.9987728595733643,
          "x": -0.043372202664613724,
          "y": 0.01665911078453064,
          "z": -0.01715119183063507
        },
        "scale": {
          "x": 1.0,
          "y": 1.0,
          "z": 1.0
        },
        "matrix_basis": [
          [
            0.9988566040992737,
            0.03281520679593086,
            0.034765105694532394,
            0.0
          ],
          [
            -0.03570537269115448,
            0.9956493973731995,
            0.08606651425361633,
            0.0
          ],
          [
            -0.031789567321538925,
            -0.08720940351486206,
            0.9956826567649841,
            0.0
          ],
          [
            0.0,
            0.0,
            0.0,
            1.0
          ]
        ],
        "rotation_mode": "QUATERNION"
      },
      "armature_space": {
        "head": {
          "x": 0.5141541361808777,
          "y": -0.2327049970626831,
          "z": 0.4408682882785797
        },
        "tail": {
          "x": 0.5325891375541687,
          "y": -0.24009916186332703,
          "z": 0.3954910933971405
        }
      },
      "world_space": {
        "head": {
          "x": 0.5141541361808777,
          "y": -0.16946099698543549,
          "z": 1.3907222747802734
        },
        "tail": {
          "x": 0.5325891375541687,
          "y": -0.1768551617860794,
          "z": 1.345345139503479
        },
        "rotation_quaternion": {
          "w": 0.6505098342895508,
          "x": -0.7210030555725098,
          "y": -0.0469026044011116,
          "z": -0.23407645523548126
        },
        "matrix": [
          [
            0.8860173225402832,
            0.37217167019844055,
            0.27651673555374146,
            0.5141541361808777
          ],
          [
            -0.23690184950828552,
            -0.14927555620670319,
            0.9599972367286682,
            -0.16946099698543549
          ],
          [
            0.3985635042190552,
            -0.9160879850387573,
            -0.044091902673244476,
            1.3907222747802734
          ],
          [
            0.0,
            0.0,
            0.0,
            1.0
          ]
        ]
      },
      "bone_length_armature_space": 0.04953395463786439,
      "parent": "lowerarm_l",
      "has_children": true,
      "is_end_bone": false
    },
    "thumb_01_l": {
      "name": "thumb_01_l",
      "local": {
        "location": {
          "x": 0.0,
          "y": 0.0,
          "z": 0.0
        },
        "rotation_quaternion": {
          "w": 0.9997979402542114,
          "x": 0.008586756885051727,
          "y": -0.017148271203041077,
          "z": 0.006026972085237503
        },
        "scale": {
          "x": 1.0,
          "y": 1.0,
          "z": 1.0
        },
        "matrix_basis": [
          [
            0.99933922290802,
            -0.012346005067229271,
            -0.03418610990047455,
            0.0
          ],
          [
            0.011757012456655502,
            0.9997798800468445,
            -0.017376748844981194,
            0.0
          ],
          [
            0.03439311683177948,
            0.01696333847939968,
            0.9992644190788269,
            0.0
          ],
          [
            0.0,
            0.0,
            0.0,
            1.0
          ]
        ],
        "rotation_mode": "QUATERNION"
      },
      "armature_space": {
        "head": {
          "x": 0.5325891375541687,
          "y": -0.24009916186332703,
          "z": 0.3954910933971405
        },
        "tail": {
          "x": 0.5447778105735779,
          "y": -0.2180371731519699,
          "z": 0.3726145327091217
        }
      },
      "world_space": {
        "head": {
          "x": 0.5325891375541687,
          "y": -0.1768551617860794,
          "z": 1.345345139503479
        },
        "tail": {
          "x": 0.5447778105735779,
          "y": -0.1547931730747223,
          "z": 1.3224685192108154
        },
        "rotation_quaternion": {
          "w": 0.7286582589149475,
          "x": -0.17949926853179932,
          "y": 0.541415810585022,
          "z": -0.379085898399353
        },
        "matrix": [
          [
            0.1263253092765808,
            0.35808369517326355,
            0.9251043796539307,
            0.5325891375541687
          ],
          [
            -0.7468165159225464,
            0.6481466293334961,
            -0.14890092611312866,
            -0.1768551617860794
          ],
          [
            -0.6529273986816406,
            -0.6720772981643677,
            0.34930238127708435,
            1.345345139503479
          ],
          [
            0.0,
            0.0,
            0.0,
            1.0
          ]
        ]
      },
      "bone_length_armature_space": 0.03403868606265714,
      "parent": "metacarpal_thumb_l",
      "has_children": true,
      "is_end_bone": false
    },
    "thumb_02_l": {
      "name": "thumb_02_l",
      "local": {
        "location": {
          "x": 0.0,
          "y": 0.0,
          "z": 0.0
        },
        "rotation_quaternion": {
          "w": 0.9971441626548767,
          "x": 0.07550007104873657,
          "y": 0.00018367156735621393,
          "z": -0.0018369188765063882
        },
        "scale": {
          "x": 1.0,
          "y": 1.0,
          "z": 1.0
        },
        "matrix_basis": [
          [
            0.9999932050704956,
            0.0036910802591592073,
            8.891904872143641e-05,
            0.0
          ],
          [
            -0.0036356113851070404,
            0.9885927438735962,
            -0.1505695879459381,
            0.0
          ],
          [
            -0.0006436690455302596,
            0.15056823194026947,
            0.988599419593811,
            0.0
          ],
          [
            0.0,
            0.0,
            0.0,
            1.0
          ]
        ],
        "rotation_mode": "QUATERNION"
      },
      "armature_space": {
        "head": {
          "x": 0.5447777509689331,
          "y": -0.21803715825080872,
          "z": 0.3726145327091217
        },
        "tail": {
          "x": 0.5776110291481018,
          "y": -0.2327830195426941,
          "z": 0.3547898828983307
        }
      },
      "world_space": {
        "head": {
          "x": 0.5447777509689331,
          "y": -0.1547931581735611,
          "z": 1.3224685192108154
        },
        "tail": {
          "x": 0.5776110291481018,
          "y": -0.16953901946544647,
          "z": 1.3046438694000244
        },
        "rotation_quaternion": {
          "w": 0.41270947456359863,
          "x": 0.20432360470294952,
          "y": 0.38223254680633545,
          "z": -0.8011374473571777
        },
        "matrix": [
          [
            -0.5758450627326965,
            0.8174725770950317,
            -0.011878758668899536,
            0.5447777509689331
          ],
          [
            -0.5050779581069946,
            -0.36713775992393494,
            -0.7810931205749512,
            -0.1547931581735611
          ],
          [
            -0.6428883671760559,
            -0.44379228353500366,
            0.6243053674697876,
            1.3224685192108154
          ],
          [
            0.0,
            0.0,
            0.0,
            1.0
          ]
        ]
      },
      "bone_length_armature_space": 0.040164445896949216,
      "parent": "thumb_01_l",
      "has_children": true,
      "is_end_bone": false
    },
    "thumb_03_l": {
      "name": "thumb_03_l",
      "local": {
        "location": {
          "x": 0.0,
          "y": 0.0,
          "z": 0.0
        },
        "rotation_quaternion": {
          "w": 0.9984360337257385,
          "x": 0.055723417550325394,
          "y": 0.003217667108401656,
          "z": -0.0031924869399517775
        },
        "scale": {
          "x": 1.0,
          "y": 1.0,
          "z": 1.0
        },
        "matrix_basis": [
          [
            0.9999589323997498,
            0.006733587011694908,
            0.006069477181881666,
            0.0
          ],
          [
            -0.00601638900116086,
            0.9937694072723389,
            -0.11129307746887207,
            0.0
          ],
          [
            -0.006781062111258507,
            0.11125199496746063,
            0.993769109249115,
            0.0
          ],
          [
            0.0,
            0.0,
            0.0,
            1.0
          ]
        ],
        "rotation_mode": "QUATERNION"
      },
      "armature_space": {
        "head": {
          "x": 0.577610969543457,
          "y": -0.2327829897403717,
          "z": 0.3547898232936859
        },
        "tail": {
          "x": 0.6024091839790344,
          "y": -0.25012850761413574,
          "z": 0.35146233439445496
        }
      },
      "world_space": {
        "head": {
          "x": 0.577610969543457,
          "y": -0.16953898966312408,
          "z": 1.3046438694000244
        },
        "tail": {
          "x": 0.6024091839790344,
          "y": -0.18688450753688812,
          "z": 1.3013163805007935
        },
        "rotation_quaternion": {
          "w": 0.36119118332862854,
          "x": 0.4591147303581238,
          "y": 0.2909870147705078,
          "z": -0.7576815485954285
        },
        "matrix": [
          [
            -0.3175090253353119,
            0.8145290017127991,
            -0.4855208992958069,
            0.577610969543457
          ],
          [
            -0.28014424443244934,
            -0.5697345733642578,
            -0.7726073861122131,
            -0.16953898966312408
          ],
          [
            -0.9059357047080994,
            -0.10929515957832336,
            0.4090835452079773,
            1.3046438694000244
          ],
          [
            0.0,
            0.0,
            0.0,
            1.0
          ]
        ]
      },
      "bone_length_armature_space": 0.030444877948372834,
      "parent": "thumb_02_l",
      "has_children": false,
      "is_end_bone": true
    },
    "metacarpal_index_l": {
      "name": "metacarpal_index_l",
      "local": {
        "location": {
          "x": 0.0,
          "y": 0.0,
          "z": 0.0
        },
        "rotation_quaternion": {
          "w": 0.9997715950012207,
          "x": -0.016174953430891037,
          "y": 0.01237892173230648,
          "z": 0.0064737265929579735
        },
        "scale": {
          "x": 1.0,
          "y": 1.0,
          "z": 1.0
        },
        "matrix_basis": [
          [
            0.9996097087860107,
            -0.013344952836632729,
            0.024542763829231262,
            0.0
          ],
          [
            0.012544038705527782,
            0.9993929266929626,
            0.03250279277563095,
            0.0
          ],
          [
            -0.02496161311864853,
            -0.0321822427213192,
            0.9991702437400818,
            0.0
          ],
          [
            0.0,
            0.0,
            0.0,
            1.0
          ]
        ],
        "rotation_mode": "QUATERNION"
      },
      "armature_space": {
        "head": {
          "x": 0.5141541361808777,
          "y": -0.2327049970626831,
          "z": 0.4408682882785797
        },
        "tail": {
          "x": 0.5832186937332153,
          "y": -0.2672443389892578,
          "z": 0.3527408242225647
        }
      },
      "world_space": {
        "head": {
          "x": 0.5141541361808777,
          "y": -0.16946099698543549,
          "z": 1.3907222747802734
        },
        "tail": {
          "x": 0.5832186937332153,
          "y": -0.2040003389120102,
          "z": 1.3025949001312256
        },
        "rotation_quaternion": {
          "w": 0.5107713937759399,
          "x": -0.797866702079773,
          "y": -0.30286112427711487,
          "z": -0.10390585660934448
        },
        "matrix": [
          [
            0.7949566841125488,
            0.5894302725791931,
            -0.14358168840408325,
            0.5141541361808777
          ],
          [
            0.37714412808418274,
            -0.29477548599243164,
            0.8779920935630798,
            -0.16946099698543549
          ],
          [
            0.4751944839954376,
            -0.7521222829818726,
            -0.4566362500190735,
            1.3907222747802734
          ],
          [
            0.0,
            0.0,
            0.0,
            1.0
          ]
        ]
      },
      "bone_length_armature_space": 0.11717221885628282,
      "parent": "lowerarm_l",
      "has_children": true,
      "is_end_bone": false
    },
    "index_01_l": {
      "name": "index_01_l",
      "local": {
        "location": {
          "x": 0.0,
          "y": 0.0,
          "z": 0.0
        },
        "rotation_quaternion": {
          "w": 0.9940798282623291,
          "x": -0.10575617849826813,
          "y": -0.024837177246809006,
          "z": -0.0020356960594654083
        },
        "scale": {
          "x": 1.0,
          "y": 1.0,
          "z": 1.0
        },
        "matrix_basis": [
          [
            0.9987579584121704,
            0.009300658479332924,
            -0.048949699848890305,
            0.0
          ],
          [
            0.0012060811277478933,
            0.9776229858398438,
            0.2103612869977951,
            0.0
          ],
          [
            0.049810849130153656,
            -0.2101590484380722,
            0.9763975143432617,
            0.0
          ],
          [
            0.0,
            0.0,
            0.0,
            1.0
          ]
        ],
        "rotation_mode": "QUATERNION"
      },
      "armature_space": {
        "head": {
          "x": 0.5832186937332153,
          "y": -0.2672443389892578,
          "z": 0.3527408242225647
        },
        "tail": {
          "x": 0.6069479584693909,
          "y": -0.2795324921607971,
          "z": 0.34279128909111023
        }
      },
      "world_space": {
        "head": {
          "x": 0.5832186937332153,
          "y": -0.2040003389120102,
          "z": 1.3025949001312256
        },
        "tail": {
          "x": 0.6069479584693909,
          "y": -0.2162884920835495,
          "z": 1.2926453351974487
        },
        "rotation_quaternion": {
          "w": 0.3427357077598572,
          "x": -0.8078827857971191,
          "y": -0.4087284207344055,
          "z": -0.2505970895290375
        },
        "matrix": [
          [
            0.5402839183807373,
            0.8321868777275085,
            0.12473280727863312,
            0.5832186937332153
          ],
          [
            0.4886341392993927,
            -0.43094581365585327,
            0.758632242679596,
            -0.2040003389120102
          ],
          [
            0.6850820779800415,
            -0.3489309549331665,
            -0.6394717693328857,
            1.3025949001312256
          ],
          [
            0.0,
            0.0,
            0.0,
            1.0
          ]
        ]
      },
      "bone_length_armature_space": 0.02851438120050596,
      "parent": "metacarpal_index_l",
      "has_children": true,
      "is_end_bone": false
    },
    "index_02_l": {
      "name": "index_02_l",
      "local": {
        "location": {
          "x": 0.0,
          "y": 0.0,
          "z": 0.0
        },
        "rotation_quaternion": {
          "w": 0.9992834329605103,
          "x": 0.03662031143903732,
          "y": -0.008938033133745193,
          "z": 0.003415892366319895
        },
        "scale": {
          "x": 1.0,
          "y": 1.0,
          "z": 1.0
        },
        "matrix_basis": [
          [
            0.99981689453125,
            -0.0074815163388848305,
            -0.01761307567358017,
            0.0
          ],
          [
            0.006172262132167816,
            0.997294545173645,
            -0.0732492059469223,
            0.0
          ],
          [
            0.01811343804001808,
            0.07312707602977753,
            0.9971581101417542,
            0.0
          ],
          [
            0.0,
            0.0,
            0.0,
            1.0
          ]
        ],
        "rotation_mode": "QUATERNION"
      },
      "armature_space": {
        "head": {
          "x": 0.6069482564926147,
          "y": -0.2795325219631195,
          "z": 0.34279078245162964
        },
        "tail": {
          "x": 0.6286595463752747,
          "y": -0.28960317373275757,
          "z": 0.3335553705692291
        }
      },
      "world_space": {
        "head": {
          "x": 0.6069482564926147,
          "y": -0.2162885218858719,
          "z": 1.292644739151001
        },
        "tail": {
          "x": 0.6286595463752747,
          "y": -0.22635917365550995,
          "z": 1.2834093570709229
        },
        "rotation_quaternion": {
          "w": 0.33758771419525146,
          "x": -0.8070058226585388,
          "y": -0.43560293316841125,
          "z": -0.21219399571418762
        },
        "matrix": [
          [
            0.5304470062255859,
            0.8463367819786072,
            0.048373326659202576,
            0.6069482564926147
          ],
          [
            0.5598020553588867,
            -0.3925682306289673,
            0.7297344207763672,
            -0.2162885218858719
          ],
          [
            0.6365959644317627,
            -0.3600088655948639,
            -0.6820217967033386,
            1.292644739151001
          ],
          [
            0.0,
            0.0,
            0.0,
            1.0
          ]
        ]
      },
      "bone_length_armature_space": 0.025653283776154105,
      "parent": "index_01_l",
      "has_children": true,
      "is_end_bone": false
    },
    "index_03_l": {
      "name": "index_03_l",
      "local": {
        "location": {
          "x": 0.0,
          "y": 0.0,
          "z": 0.0
        },
        "rotation_quaternion": {
          "w": 0.9995455145835876,
          "x": 0.02920421212911606,
          "y": -0.007490676827728748,
          "z": -6.399113772204146e-05
        },
        "scale": {
          "x": 1.0,
          "y": 1.0,
          "z": 1.0
        },
        "matrix_basis": [
          [
            0.9998877644538879,
            -0.0003095945285167545,
            -0.014978282153606415,
            0.0
          ],
          [
            -0.0005654427222907543,
            0.9982942342758179,
            -0.05838092043995857,
            0.0
          ],
          [
            0.014970807358622551,
            0.05838283896446228,
            0.9981819987297058,
            0.0
          ],
          [
            0.0,
            0.0,
            0.0,
            1.0
          ]
        ],
        "rotation_mode": "QUATERNION"
      },
      "armature_space": {
        "head": {
          "x": 0.6286595463752747,
          "y": -0.2896032929420471,
          "z": 0.3335554599761963
        },
        "tail": {
          "x": 0.6546786427497864,
          "y": -0.2962473928928375,
          "z": 0.32204046845436096
        }
      },
      "world_space": {
        "head": {
          "x": 0.6286595463752747,
          "y": -0.2263592928647995,
          "z": 1.2834094762802124
        },
        "tail": {
          "x": 0.6546786427497864,
          "y": -0.2330033928155899,
          "z": 1.2718944549560547
        },
        "rotation_quaternion": {
          "w": 0.39839068055152893,
          "x": -0.7530676126480103,
          "y": -0.47706177830696106,
          "z": -0.2158384770154953
        },
        "matrix": [
          [
            0.45165061950683594,
            0.8904958963394165,
            -0.05503397807478905,
            0.6286595463752747
          ],
          [
            0.5465458631515503,
            -0.22739264369010925,
            0.8059656023979187,
            -0.2263592928647995
          ],
          [
            0.7052003145217896,
            -0.3940964937210083,
            -0.5894021987915039,
            1.2834094762802124
          ],
          [
            0.0,
            0.0,
            0.0,
            1.0
          ]
        ]
      },
      "bone_length_armature_space": 0.029218701035699516,
      "parent": "index_02_l",
      "has_children": false,
      "is_end_bone": true
    },
    "metacarpal_pinky_l": {
      "name": "metacarpal_pinky_l",
      "local": {
        "location": {
          "x": 0.0,
          "y": 0.0,
          "z": 0.0
        },
        "rotation_quaternion": {
          "w": 0.9999459385871887,
          "x": -0.003753878641873598,
          "y": -0.006018440704792738,
          "z": 0.007610224653035402
        },
        "scale": {
          "x": 1.0,
          "y": 1.0,
          "z": 1.0
        },
        "matrix_basis": [
          [
            0.9998117089271545,
            -0.015174441039562225,
            -0.012093366123735905,
            0.0
          ],
          [
            0.015264810994267464,
            0.9998559951782227,
            0.007415748201310635,
            0.0
          ],
          [
            0.011979094706475735,
            -0.00759895471855998,
            0.9998993873596191,
            0.0
          ],
          [
            0.0,
            0.0,
            0.0,
            1.0
          ]
        ],
        "rotation_mode": "QUATERNION"
      },
      "armature_space": {
        "head": {
          "x": 0.5141541361808777,
          "y": -0.2327049970626831,
          "z": 0.4408682882785797
        },
        "tail": {
          "x": 0.6087566614151001,
          "y": -0.26927483081817627,
          "z": 0.41728368401527405
        }
      },
      "world_space": {
        "head": {
          "x": 0.5141541361808777,
          "y": -0.16946099698543549,
          "z": 1.3907222747802734
        },
        "tail": {
          "x": 0.6087566614151001,
          "y": -0.20603083074092865,
          "z": 1.3671376705169678
        },
        "rotation_quaternion": {
          "w": 0.2982514500617981,
          "x": 0.5753343105316162,
          "y": 0.4852309226989746,
          "z": -0.5870158076286316
        },
        "matrix": [
          [
            -0.16007457673549652,
            0.9084974527359009,
            -0.386016309261322,
            0.5141541361808777
          ],
          [
            0.2081822156906128,
            -0.35119152069091797,
            -0.9128664135932922,
            -0.16946099698543549
          ],
          [
            -0.964909017086029,
            -0.2264903485774994,
            -0.132918119430542,
            1.3907222747802734
          ],
          [
            0.0,
            0.0,
            0.0,
            1.0
          ]
        ]
      },
      "bone_length_armature_space": 0.10413080128250712,
      "parent": "lowerarm_l",
      "has_children": true,
      "is_end_bone": false
    },
    "pinky_01_l": {
      "name": "pinky_01_l",
      "local": {
        "location": {
          "x": 0.0,
          "y": 0.0,
          "z": 0.0
        },
        "rotation_quaternion": {
          "w": 0.9576926231384277,
          "x": 0.2872718572616577,
          "y": -0.017155194655060768,
          "z": -0.002327447757124901
        },
        "scale": {
          "x": 1.0,
          "y": 1.0,
          "z": 1.0
        },
        "matrix_basis": [
          [
            0.9994005560874939,
            -0.005398449953645468,
            -0.034196026623249054,
            0.0
          ],
          [
            -0.01431436836719513,
            0.8349389433860779,
            -0.5501564145088196,
            0.0
          ],
          [
            0.03152158483862877,
            0.5503161549568176,
            0.8343611359596252,
            0.0
          ],
          [
            0.0,
            0.0,
            0.0,
            1.0
          ]
        ],
        "rotation_mode": "QUATERNION"
      },
      "armature_space": {
        "head": {
          "x": 0.6087566614151001,
          "y": -0.26927483081817627,
          "z": 0.41728368401527405
        },
        "tail": {
