{
  "metadata": {
    "armature_name": "KIM_caucasian_male",
    "export_time": "2026-01-13T21:07:40.224658",
    "blender_version": "4.4.1",
    "bone_count": 56,
    "end_bone_count": 13,
    "spaces_included": [
      "LOCAL_CHANNELS",
      "ARMATURE_SPACE",
      "WORLD_SPACE"
    ],
    "note": "LOCAL matches Transform panel; replay pose via local.matrix_basis for best fidelity."
  },
  "bones": {
    "Root": {
      "name": "Root",
      "local": {
        "location": {
          "x": 0.0,
          "y": 0.0,
          "z": 0.0
        },
        "rotation_quaternion": {
          "w": 0.9998598098754883,
          "x": 0.0011540584964677691,
          "y": 0.014883571304380894,
          "z": -0.007597156800329685
        },
        "scale": {
          "x": 1.0,
          "y": 1.0,
          "z": 1.0
        },
        "matrix_basis": [
          [
            0.9994415044784546,
            0.015226536430418491,
            0.02974543534219265,
            0.0
          ],
          [
            -0.015157830901443958,
            0.9998819231987,
            -0.002533938968554139,
            0.0
          ],
          [
            -0.02978050522506237,
            0.0020816477481275797,
            0.9995542764663696,
            0.0
          ],
          [
            0.0,
            0.0,
            0.0,
            1.0
          ]
        ],
        "rotation_mode": "QUATERNION"
      },
      "armature_space": {
        "head": {
          "x": 0.0,
          "y": 0.07072800397872925,
          "z": -0.009595036506652832
        },
        "tail": {
          "x": 0.0010868072276934981,
          "y": -1.1622905731201172e-05,
          "z": -0.00014836527407169342
        }
      },
      "world_space": {
        "head": {
          "x": 0.0,
          "y": 0.13397200405597687,
          "z": 0.9402589797973633
        },
        "tail": {
          "x": 0.0010868072276934981,
          "y": 0.06323237717151642,
          "z": 0.9497056603431702
        },
        "rotation_quaternion": {
          "w": 0.06620676815509796,
          "x": 0.9976660013198853,
          "y": 0.008582573384046555,
          "z": 0.014337957836687565
        },
        "matrix": [
          [
            0.9994415044784546,
            0.015226536430418491,
            0.02974543534219265,
            0.0
          ],
          [
            0.019023630768060684,
            -0.9910860061645508,
            -0.13185884058475494,
            0.13397200405597687
          ],
          [
            0.027472738176584244,
            0.13235105574131012,
            -0.9908291697502136,
            0.9402589797973633
          ],
          [
            0.0,
            0.0,
            0.0,
            1.0
          ]
        ]
      },
      "bone_length_armature_space": 0.0713758759097281,
      "parent": null,
      "has_children": true,
      "is_end_bone": false
    },
    "spine_01": {
      "name": "spine_01",
      "local": {
        "location": {
          "x": 0.0,
          "y": 0.0,
          "z": 0.0
        },
        "rotation_quaternion": {
          "w": 0.9966626763343811,
          "x": 0.03849732503294945,
          "y": -0.05868668481707573,
          "z": 0.04168287292122841
        },
        "scale": {
          "x": 1.0,
          "y": 1.0,
          "z": 1.0
        },
        "matrix_basis": [
          [
            0.9896368384361267,
            -0.08760608732700348,
            -0.11377229541540146,
            0.0
          ],
          [
            0.0785689651966095,
            0.9935609698295593,
            -0.0816301554441452,
            0.0
          ],
          [
            0.12019101530313492,
            0.07184523344039917,
            0.9901476502418518,
            0.0
          ],
          [
            0.0,
            0.0,
            0.0,
            1.0
          ]
        ],
        "rotation_mode": "QUATERNION"
      },
      "armature_space": {
        "head": {
          "x": 0.0010868072276934981,
          "y": -1.1622905731201172e-05,
          "z": -0.00014836527407169342
        },
        "tail": {
          "x": -0.054734647274017334,
          "y": -0.014432152733206749,
          "z": 0.48443856835365295
        }
      },
      "world_space": {
        "head": {
          "x": 0.0010868072276934981,
          "y": 0.06323237717151642,
          "z": 0.9497056603431702
        },
        "tail": {
          "x": -0.054734647274017334,
          "y": 0.04881184548139572,
          "z": 1.4342925548553467
        },
        "rotation_quaternion": {
          "w": 0.6926472783088684,
          "x": 0.7174533605575562,
          "y": -0.07392217963933945,
          "z": 0.00600340124219656
        },
        "matrix": [
          [
            0.9889988303184509,
            -0.11438794434070587,
            -0.09379041939973831,
            0.0010868072276934981
          ],
          [
            -0.09775567799806595,
            -0.02955019101500511,
            -0.9947717189788818,
            0.06323237717151642
          ],
          [
            0.11101904511451721,
            0.9930034875869751,
            -0.04040835425257683,
            0.9497056603431702
          ],
          [
            0.0,
            0.0,
            0.0,
            1.0
          ]
        ]
      },
      "bone_length_armature_space": 0.48800459026052406,
      "parent": "Root",
      "has_children": true,
      "is_end_bone": false
    },
    "neck_01": {
      "name": "neck_01",
      "local": {
        "location": {
          "x": 0.0,
          "y": 0.0,
          "z": 0.0
        },
        "rotation_quaternion": {
          "w": 0.9905416965484619,
          "x": -0.05367457866668701,
          "y": 0.0659976527094841,
          "z": -0.107660211622715
        },
        "scale": {
          "x": 1.0,
          "y": 1.0,
          "z": 1.0
        },
        "matrix_basis": [
          [
            0.9681071639060974,
            0.2061990648508072,
            0.14230409264564514,
            0.0
          ],
          [
            -0.2203686535358429,
            0.9710566401481628,
            0.09212317317724228,
            0.0
          ],
          [
            -0.11918962001800537,
            -0.12054445594549179,
            0.9855266809463501,
            0.0
          ],
          [
            0.0,
            0.0,
            0.0,
            1.0
          ]
        ],
        "rotation_mode": "QUATERNION"
      },
      "armature_space": {
        "head": {
          "x": -0.0663626492023468,
          "y": -0.0510948970913887,
          "z": 0.555743396282196
        },
        "tail": {
          "x": -0.058981798589229584,
          "y": -0.08230793476104736,
          "z": 0.6531190872192383
        }
      },
      "world_space": {
        "head": {
          "x": -0.0663626492023468,
          "y": 0.012149102985858917,
          "z": 1.5055973529815674
        },
        "tail": {
          "x": -0.058981798589229584,
          "y": -0.019063934683799744,
          "z": 1.6029731035232544
        },
        "rotation_quaternion": {
          "w": 0.5872728228569031,
          "x": 0.807508647441864,
          "y": 0.05369723588228226,
          "z": 0.012539948336780071
        },
        "matrix": [
          [
            0.9939186573028564,
            0.07199329882860184,
            0.08332238346338272,
            -0.0663626492023468
          ],
          [
            0.10145100951194763,
            -0.3044540584087372,
            -0.9471091628074646,
            0.012149102985858917
          ],
          [
            -0.04281783476471901,
            0.9498087167739868,
            -0.3099093735218048,
            1.5055973529815674
          ],
          [
            0.0,
            0.0,
            0.0,
            1.0
          ]
        ]
      },
      "bone_length_armature_space": 0.1025219772500927,
      "parent": "spine_01",
      "has_children": true,
      "is_end_bone": false
    },
    "head": {
      "name": "head",
      "local": {
        "location": {
          "x": 0.0,
          "y": 0.0,
          "z": 0.0
        },
        "rotation_quaternion": {
          "w": 0.975928544998169,
          "x": -0.028139425441622734,
          "y": -0.17398665845394135,
          "z": -0.12845365703105927
        },
        "scale": {
          "x": 1.0,
          "y": 1.0,
          "z": 1.0
        },
        "matrix_basis": [
          [
            0.9064565896987915,
            0.2605149447917938,
            -0.332367867231369,
            0.0
          ],
          [
            -0.2409314066171646,
            0.9654156565666199,
            0.09962258487939835,
            0.0
          ],
          [
            0.34682631492614746,
            -0.010225691832602024,
            0.9378736019134521,
            0.0
          ],
          [
            0.0,
            0.0,
            0.0,
            1.0
          ]
        ],
        "rotation_mode": "QUATERNION"
      },
      "armature_space": {
        "head": {
          "x": -0.05898179113864899,
          "y": -0.08230806142091751,
          "z": 0.653118908405304
        },
        "tail": {
          "x": -0.013523925095796585,
          "y": -0.06800121814012527,
          "z": 0.8007068037986755
        }
      },
      "world_space": {
        "head": {
          "x": -0.05898179113864899,
          "y": -0.01906406134366989,
          "z": 1.6029729843139648
        },
        "tail": {
          "x": -0.013523925095796585,
          "y": -0.004757218062877655,
          "z": 1.7505607604980469
        },
        "rotation_quaternion": {
          "w": 0.7389448881149292,
          "x": 0.6462711691856384,
          "y": 0.009191899560391903,
          "z": -0.19028814136981964
        },
        "matrix": [
          [
            0.9274113178253174,
            0.29310595989227295,
            -0.23237255215644836,
            -0.05898179113864899
          ],
          [
            -0.26934587955474854,
            0.09224854409694672,
            -0.9586153030395508,
            -0.01906406134366989
          ],
          [
            -0.2595418691635132,
            0.9516260027885437,
            0.164499431848526,
            1.6029729843139648
          ],
          [
            0.0,
            0.0,
            0.0,
            1.0
          ]
        ]
      },
      "bone_length_armature_space": 0.1550912348009007,
      "parent": "neck_01",
      "has_children": false,
      "is_end_bone": true
    },
    "upperarm_l": {
      "name": "upperarm_l",
      "local": {
        "location": {
          "x": 0.0,
          "y": 0.0,
          "z": 0.0
        },
        "rotation_quaternion": {
          "w": 0.8476741313934326,
          "x": 0.06037607789039612,
          "y": 0.5007975101470947,
          "z": 0.1643325537443161
        },
        "scale": {
          "x": 1.0,
          "y": 1.0,
          "z": 1.0
        },
        "matrix_basis": [
          [
            0.4443933367729187,
            -0.2181285321712494,
            0.8688697218894958,
            0.0
          ],
          [
            0.3390733003616333,
            0.9386990666389465,
            0.06223618984222412,
            0.0
          ],
          [
            -0.8291826844215393,
            0.26695314049720764,
            0.49111315608024597,
            0.0
          ],
          [
            0.0,
            0.0,
            0.0,
            1.0
          ]
        ],
        "rotation_mode": "QUATERNION"
      },
      "armature_space": {
        "head": {
          "x": 0.08937583118677139,
          "y": -0.06694470345973969,
          "z": 0.5055298805236816
        },
        "tail": {
          "x": 0.3301955759525299,
          "y": -0.15610258281230927,
          "z": 0.5821093320846558
        }
      },
      "world_space": {
        "head": {
          "x": 0.08937583118677139,
          "y": -0.0037007033824920654,
          "z": 1.4553838968276978
        },
        "tail": {
          "x": 0.3301955759525299,
          "y": -0.09285858273506165,
          "z": 1.5319633483886719
        },
        "rotation_quaternion": {
          "w": 0.22470441460609436,
          "x": 0.8128793239593506,
          "y": 0.5321175456047058,
          "z": -0.07474016398191452
        },
        "matrix": [
          [
            0.42252910137176514,
            0.8986836075782776,
            0.11763052642345428,
            0.08937583118677139
          ],
          [
            0.8315064907073975,
            -0.33271661400794983,
            -0.44485607743263245,
            -0.0037007033824920654
          ],
          [
            -0.3606489896774292,
            0.2857767641544342,
            -0.8878501653671265,
            1.4553838968276978
          ],
          [
            0.0,
            0.0,
            0.0,
            1.0
          ]
        ]
      },
      "bone_length_armature_space": 0.2679695760530691,
      "parent": "spine_01",
      "has_children": true,
      "is_end_bone": false
    },
    "lowerarm_l": {
      "name": "lowerarm_l",
      "local": {
        "location": {
          "x": 0.0,
          "y": 0.0,
          "z": 0.0
        },
        "rotation_quaternion": {
          "w": 0.9826204776763916,
          "x": 0.01145449560135603,
          "y": -0.02778228558599949,
          "z": -0.18317736685276031
        },
        "scale": {
          "x": 1.0,
          "y": 1.0,
          "z": 1.0
        },
        "matrix_basis": [
          [
            0.9313483834266663,
            0.35935118794441223,
            -0.058795295655727386,
            0.0
          ],
          [
            -0.36062413454055786,
            0.9326297044754028,
            -0.012332672253251076,
            0.0
          ],
          [
            0.050402477383613586,
            0.032689016312360764,
            0.9981938600540161,
            0.0
          ],
          [
            0.0,
            0.0,
            0.0,
            1.0
          ]
        ],
        "rotation_mode": "QUATERNION"
      },
      "armature_space": {
        "head": {
          "x": 0.3301956057548523,
          "y": -0.1561027318239212,
          "z": 0.5821093320846558
        },
        "tail": {
          "x": 0.5942140221595764,
          "y": -0.19925764203071594,
          "z": 0.5809850692749023
        }
      },
      "world_space": {
        "head": {
          "x": 0.3301956057548523,
          "y": -0.09285873174667358,
          "z": 1.5319633483886719
        },
        "tail": {
          "x": 0.5942140221595764,
          "y": -0.13601364195346832,
          "z": 1.5308390855789185
        },
        "rotation_quaternion": {
          "w": 0.18592433631420135,
          "x": 0.7289870977401733,
          "y": 0.6203024983406067,
          "z": -0.2218892127275467
        },
        "matrix": [
          [
            0.13197948038578033,
            0.986894428730011,
            -0.092847540974617,
            0.3301956057548523
          ],
          [
            0.8218756318092346,
            -0.16131199896335602,
            -0.5463507175445557,
            -0.09285873174667358
          ],
          [
            -0.5541710257530212,
            -0.004202362149953842,
            -0.8324006795883179,
            1.5319633483886719
          ],
          [
            0.0,
            0.0,
            0.0,
            1.0
          ]
        ]
      },
      "bone_length_armature_space": 0.2675244568149565,
      "parent": "upperarm_l",
      "has_children": true,
      "is_end_bone": false
    },
    "metacarpal_thumb_l": {
      "name": "metacarpal_thumb_l",
      "local": {
        "location": {
          "x": 0.0,
          "y": 0.0,
          "z": 0.0
        },
        "rotation_quaternion": {
          "w": 0.9995794892311096,
          "x": -0.02528013102710247,
          "y": -0.011553156189620495,
          "z": -0.00827087089419365
        },
        "scale": {
          "x": 1.0,
          "y": 1.0,
          "z": 1.0
        },
        "matrix_basis": [
          [
            0.9995962381362915,
            0.017118915915489197,
            -0.022678418084979057,
            0.0
          ],
          [
            -0.015950655564665794,
            0.9985849857330322,
            0.050730109214782715,
            0.0
          ],
          [
            0.023514773696660995,
            -0.050347890704870224,
            0.9984548687934875,
            0.0
          ],
          [
            0.0,
            0.0,
            0.0,
            1.0
          ]
        ],
        "rotation_mode": "QUATERNION"
      },
      "armature_space": {
        "head": {
          "x": 0.5942140221595764,
          "y": -0.19925764203071594,
          "z": 0.5809850692749023
        },
        "tail": {
          "x": 0.6318626999855042,
          "y": -0.21583320200443268,
          "z": 0.55339115858078
        }
      },
      "world_space": {
        "head": {
          "x": 0.5942140221595764,
          "y": -0.13601364195346832,
          "z": 1.5308390855789185
        },
        "tail": {
          "x": 0.6318626999855042,
          "y": -0.15258920192718506,
          "z": 1.5032451152801514
        },
        "rotation_quaternion": {
          "w": 0.43923047184944153,
          "x": -0.7947904467582703,
          "y": -0.3738452196121216,
          "z": -0.1887446939945221
        },
        "matrix": [
          [
            0.6492296457290649,
            0.7600622773170471,
            -0.02838531695306301,
            0.5942140221595764
          ],
          [
            0.42845505475997925,
            -0.3346322476863861,
            0.839313805103302,
            -0.13601364195346832
          ],
          [
            0.6284370422363281,
            -0.5570735335350037,
            -0.5429088473320007,
            1.5308390855789185
          ],
          [
            0.0,
            0.0,
            0.0,
            1.0
          ]
        ]
      },
      "bone_length_armature_space": 0.04953378626688229,
      "parent": "lowerarm_l",
      "has_children": true,
      "is_end_bone": false
    },
    "thumb_01_l": {
      "name": "thumb_01_l",
      "local": {
        "location": {
          "x": 0.0,
          "y": 0.0,
          "z": 0.0
        },
        "rotation_quaternion": {
          "w": 0.9986728429794312,
          "x": 0.047580789774656296,
          "y": 0.01829490065574646,
          "z": -0.007347641512751579
        },
        "scale": {
          "x": 1.0,
          "y": 1.0,
          "z": 1.0
        },
        "matrix_basis": [
          [
            0.9992226362228394,
            0.016416750848293304,
            0.03584202751517296,
            0.0
          ],
          [
            -0.012934808619320393,
            0.9953641891479492,
            -0.09530413150787354,
            0.0
          ],
          [
            -0.03724045306444168,
            0.09476643800735474,
            0.994802713394165,
            0.0
          ],
          [
            0.0,
            0.0,
            0.0,
            1.0
          ]
        ],
        "rotation_mode": "QUATERNION"
      },
      "armature_space": {
        "head": {
          "x": 0.6318626999855042,
          "y": -0.21583320200443268,
          "z": 0.55339115858078
        },
        "tail": {
          "x": 0.6480882167816162,
          "y": -0.2029275894165039,
          "z": 0.5263946056365967
        }
      },
      "world_space": {
        "head": {
          "x": 0.6318626999855042,
          "y": -0.15258920192718506,
          "z": 1.5032451152801514
        },
        "tail": {
          "x": 0.6480882167816162,
          "y": -0.1396835893392563,
          "z": 1.4762486219406128
        },
        "rotation_quaternion": {
          "w": 0.7962917685508728,
          "x": -0.37650495767593384,
          "y": 0.23557008802890778,
          "z": -0.4106948971748352
        },
        "matrix": [
          [
            0.5516713261604309,
            0.4766799807548523,
            0.6844229102134705,
            0.6318626999855042
          ],
          [
            -0.8314533233642578,
            0.3791468143463135,
            0.40611961483955383,
            -0.15258920192718506
          ],
          [
            -0.06590879708528519,
            -0.7931156754493713,
            0.6055063009262085,
            1.5032451152801514
          ],
          [
            0.0,
            0.0,
            0.0,
            1.0
          ]
        ]
      },
      "bone_length_armature_space": 0.03403874420411352,
      "parent": "metacarpal_thumb_l",
      "has_children": true,
      "is_end_bone": false
    },
    "thumb_02_l": {
      "name": "thumb_02_l",
      "local": {
        "location": {
          "x": 0.0,
          "y": 0.0,
          "z": 0.0
        },
        "rotation_quaternion": {
          "w": 0.9921083450317383,
          "x": 0.12527692317962646,
          "y": 0.003044871846213937,
          "z": 0.004182066768407822
        },
        "scale": {
          "x": 1.0,
          "y": 1.0,
          "z": 1.0
        },
        "matrix_basis": [
          [
            0.9999464750289917,
            -0.007535222452133894,
            0.00708951847627759,
            0.0
          ],
          [
            0.00906103104352951,
            0.9685764312744141,
            -0.24855110049247742,
            0.0
          ],
          [
            -0.004993852693587542,
            0.248602032661438,
            0.9685928225517273,
            0.0
          ],
          [
            0.0,
            0.0,
            0.0,
            1.0
          ]
        ],
        "rotation_mode": "QUATERNION"
      },
      "armature_space": {
        "head": {
          "x": 0.6480880975723267,
          "y": -0.2029275745153427,
          "z": 0.5263946652412415
        },
        "tail": {
          "x": 0.6870071291923523,
          "y": -0.2101590931415558,
          "z": 0.5331911444664001
        }
      },
      "world_space": {
        "head": {
          "x": 0.6480880975723267,
          "y": -0.1396835744380951,
          "z": 1.4762487411499023
        },
        "tail": {
          "x": 0.6870071291923523,
          "y": -0.14691509306430817,
          "z": 1.4830451011657715
        },
        "rotation_quaternion": {
          "w": 0.6371879577636719,
          "x": 0.20593087375164032,
          "y": 0.06298287212848663,
          "z": -0.7400116324424744
        },
        "matrix": [
          [
            -0.10316752642393112,
            0.968993604183197,
            -0.22451628744602203,
            0.6480880975723267
          ],
          [
            -0.9171127080917358,
            -0.1800478994846344,
            -0.355650395154953,
            -0.1396835744380951
          ],
          [
            -0.3850502371788025,
            0.16921624541282654,
            0.9072576761245728,
            1.4762487411499023
          ],
          [
            0.0,
            0.0,
            0.0,
            1.0
          ]
        ]
      },
      "bone_length_armature_space": 0.04016438765583529,
      "parent": "thumb_01_l",
      "has_children": true,
      "is_end_bone": false
    },
    "thumb_03_l": {
      "name": "thumb_03_l",
      "local": {
        "location": {
          "x": 0.0,
          "y": 0.0,
          "z": 0.0
        },
        "rotation_quaternion": {
          "w": 0.9988577365875244,
          "x": 0.04722500219941139,
          "y": 0.005697679705917835,
          "z": -0.004536774940788746
        },
        "scale": {
          "x": 1.0,
          "y": 1.0,
          "z": 1.0
        },
        "matrix_basis": [
          [
            0.9998939037322998,
            0.009601331315934658,
            0.010953844524919987,
            0.0
          ],
          [
            -0.008525040000677109,
            0.9954984188079834,
            -0.09439381211996078,
            0.0
          ],
          [
            -0.011810841038823128,
            0.09429042041301727,
            0.9954746961593628,
            0.0
          ],
          [
            0.0,
            0.0,
            0.0,
            1.0
          ]
        ],
        "rotation_mode": "QUATERNION"
      },
      "armature_space": {
        "head": {
          "x": 0.6870070695877075,
          "y": -0.21015910804271698,
          "z": 0.5331910252571106
        },
        "tail": {
          "x": 0.712378203868866,
          "y": -0.21583855152130127,
          "z": 0.5490322113037109
        }
      },
      "world_space": {
        "head": {
          "x": 0.6870070695877075,
          "y": -0.14691510796546936,
          "z": 1.4830451011657715
        },
        "tail": {
          "x": 0.712378203868866,
          "y": -0.15259455144405365,
          "z": 1.498886227607727
        },
        "rotation_quaternion": {
          "w": 0.6361044645309448,
          "x": 0.4538058340549469,
          "y": 0.04580581933259964,
          "z": -0.6223611831665039
        },
        "matrix": [
          [
            0.22113357484340668,
            0.8333462476730347,
            -0.5065903067588806,
            0.6870070695877075
          ],
          [
            -0.7502017617225647,
            -0.1865483820438385,
            -0.6343478560447693,
            -0.14691510796546936
          ],
          [
            -0.6231400966644287,
            0.5203241109848022,
            0.5839293599128723,
            1.4830451011657715
          ],
          [
            0.0,
            0.0,
            0.0,
            1.0
          ]
        ]
      },
      "bone_length_armature_space": 0.030444929614526817,
      "parent": "thumb_02_l",
      "has_children": false,
      "is_end_bone": true
    },
    "metacarpal_index_l": {
      "name": "metacarpal_index_l",
      "local": {
        "location": {
          "x": 0.0,
          "y": 0.0,
          "z": 0.0
        },
        "rotation_quaternion": {
          "w": 0.9990843534469604,
          "x": -0.04194333031773567,
          "y": 0.00838550180196762,
          "z": 0.0009947355138137937
        },
        "scale": {
          "x": 1.0,
          "y": 1.0,
          "z": 1.0
        },
        "matrix_basis": [
          [
            0.9998573660850525,
            -0.002691081026569009,
            0.016672201454639435,
            0.0
          ],
          [
            0.0012842175783589482,
            0.9964795112609863,
            0.08382653445005417,
            0.0
          ],
          [
            -0.01683909259736538,
            -0.08379317075014114,
            0.9963408708572388,
            0.0
          ],
          [
            0.0,
            0.0,
            0.0,
            1.0
          ]
        ],
        "rotation_mode": "QUATERNION"
      },
      "armature_space": {
        "head": {
          "x": 0.5942140221595764,
          "y": -0.19925764203071594,
          "z": 0.5809850692749023
        },
        "tail": {
          "x": 0.7027027606964111,
          "y": -0.23602652549743652,
          "z": 0.5563381910324097
        }
      },
      "world_space": {
        "head": {
          "x": 0.5942140221595764,
          "y": -0.13601364195346832,
          "z": 1.5308390855789185
        },
        "tail": {
          "x": 0.7027027606964111,
          "y": -0.1727825254201889,
          "z": 1.5061922073364258
        },
        "rotation_quaternion": {
          "w": 0.18718907237052917,
          "x": -0.8062914609909058,
          "y": -0.5550299286842346,
          "z": -0.08243944495916367
        },
        "matrix": [
          [
            0.37029072642326355,
            0.9258950352668762,
            -0.07485243678092957,
            0.5942140221595764
          ],
          [
            0.8641690015792847,
            -0.3138033151626587,
            0.3933696448802948,
            -0.13601364195346832
          ],
          [
            0.34073320031166077,
            -0.21034815907478333,
            -0.916334331035614,
            1.5308390855789185
          ],
          [
            0.0,
            0.0,
            0.0,
            1.0
          ]
        ]
      },
      "bone_length_armature_space": 0.11717177747517188,
      "parent": "lowerarm_l",
      "has_children": true,
      "is_end_bone": false
    },
    "index_01_l": {
      "name": "index_01_l",
      "local": {
        "location": {
          "x": 0.0,
          "y": 0.0,
          "z": 0.0
        },
        "rotation_quaternion": {
          "w": 0.9977072477340698,
          "x": -0.06696733832359314,
          "y": 0.006077472120523453,
          "z": -0.0076641542837023735
        },
        "scale": {
          "x": 1.0,
          "y": 1.0,
          "z": 1.0
        },
        "matrix_basis": [
          [
            0.999808669090271,
            0.014479179866611958,
            0.013153571635484695,
            0.0
          ],
          [
            -0.01610714942216873,
            0.9909132719039917,
            0.13353444635868073,
            0.0
          ],
          [
            -0.011100579984486103,
            -0.1337207555770874,
            0.9909569025039673,
            0.0
          ],
          [
            0.0,
            0.0,
            0.0,
            1.0
          ]
        ],
        "rotation_mode": "QUATERNION"
      },
      "armature_space": {
        "head": {
          "x": 0.7027027606964111,
          "y": -0.23602652549743652,
          "z": 0.5563381910324097
        },
        "tail": {
          "x": 0.730686366558075,
          "y": -0.2384965419769287,
          "z": 0.5612255334854126
        }
      },
      "world_space": {
        "head": {
          "x": 0.7027027606964111,
          "y": -0.1727825254201889,
          "z": 1.5061922073364258
        },
        "tail": {
          "x": 0.730686366558075,
          "y": -0.1752525418996811,
          "z": 1.5110795497894287
        },
        "rotation_quaternion": {
          "w": 0.0819457396864891,
          "x": -0.7053706049919128,
          "y": -0.6707996726036072,
          "z": -0.21392779052257538
        },
        "matrix": [
          [
            0.008524863980710506,
            0.9813860058784485,
            0.19185563921928406,
            0.7027027606964111
          ],
          [
            0.9112637042999268,
            -0.08662368357181549,
            0.4026103615760803,
            -0.1727825254201889
          ],
          [
            0.41173917055130005,
            0.17139990627765656,
            -0.895045816898346,
            1.5061922073364258
          ],
          [
            0.0,
            0.0,
            0.0,
            1.0
          ]
        ]
      },
      "bone_length_armature_space": 0.028514370260175875,
      "parent": "metacarpal_index_l",
      "has_children": true,
      "is_end_bone": false
    },
    "index_02_l": {
      "name": "index_02_l",
      "local": {
        "location": {
          "x": 0.0,
          "y": 0.0,
          "z": 0.0
        },
        "rotation_quaternion": {
          "w": 0.9777699708938599,
          "x": 0.20961260795593262,
          "y": 0.004564318340271711,
          "z": -0.0027555443812161684
        },
        "scale": {
          "x": 1.0,
          "y": 1.0,
          "z": 1.0
        },
        "matrix_basis": [
          [
            0.9999431371688843,
            0.0073020546697080135,
            0.00777051318436861,
            0.0
          ],
          [
            -0.003475099802017212,
            0.912109911441803,
            -0.4099309742450714,
            0.0
          ],
          [
            -0.010080900974571705,
            0.409880667924881,
            0.9120834469795227,
            0.0
          ],
          [
            0.0,
            0.0,
            0.0,
            1.0
          ]
        ],
        "rotation_mode": "QUATERNION"
      },
      "armature_space": {
        "head": {
          "x": 0.7306867837905884,
          "y": -0.23849666118621826,
          "z": 0.5612252354621887
        },
        "tail": {
          "x": 0.755857527256012,
          "y": -0.23644131422042847,
          "z": 0.5567196607589722
        }
      },
      "world_space": {
        "head": {
          "x": 0.7306867837905884,
          "y": -0.17525266110897064,
          "z": 1.5110793113708496
        },
        "tail": {
          "x": 0.755857527256012,
          "y": -0.17319731414318085,
          "z": 1.5065736770629883
        },
        "rotation_quaternion": {
          "w": 0.19314047694206238,
          "x": -0.6755152344703674,
          "y": -0.7090539336204529,
          "z": -0.06015390157699585
        },
        "matrix": [
          [
            -0.012751124799251556,
            0.9811901450157166,
            -0.192621648311615,
            0.7306867837905884
          ],
          [
            0.9347169995307922,
            0.08012009412050247,
            0.34624427556991577,
            -0.17525266110897064
          ],
          [
            0.3551676571369171,
            -0.1756329983472824,
            -0.9181628823280334,
            1.5110793113708496
          ],
          [
            0.0,
            0.0,
            0.0,
            1.0
          ]
        ]
      },
      "bone_length_armature_space": 0.02565328446749431,
      "parent": "index_01_l",
      "has_children": true,
      "is_end_bone": false
    },
    "index_03_l": {
      "name": "index_03_l",
      "local": {
        "location": {
          "x": 0.0,
          "y": 0.0,
          "z": 0.0
        },
        "rotation_quaternion": {
          "w": 0.9738149046897888,
          "x": 0.2272593080997467,
          "y": 0.00292056892067194,
          "z": -0.005413157865405083
        },
        "scale": {
          "x": 1.0,
          "y": 1.0,
          "z": 1.0
        },
        "matrix_basis": [
          [
            0.99992436170578,
            0.011870280839502811,
            0.0032278059516102076,
            0.0
          ],
          [
            -0.00921537447720766,
            0.8966478109359741,
            -0.44264861941337585,
            0.0
          ],
          [
            -0.008148567751049995,
            0.44258537888526917,
            0.8966893553733826,
            0.0
          ],
          [
            0.0,
            0.0,
            0.0,
            1.0
          ]
        ],
        "rotation_mode": "QUATERNION"
      },
      "armature_space": {
        "head": {
          "x": 0.755857527256012,
          "y": -0.23644138872623444,
          "z": 0.5567197799682617
        },
        "tail": {
          "x": 0.7771726846694946,
          "y": -0.22586703300476074,
          "z": 0.5397615432739258
        }
      },
      "world_space": {
        "head": {
          "x": 0.755857527256012,
          "y": -0.17319738864898682,
          "z": 1.5065737962722778
        },
        "tail": {
          "x": 0.7771726846694946,
          "y": -0.16262303292751312,
          "z": 1.489615559577942
        },
        "rotation_quaternion": {
          "w": 0.38506150245666504,
          "x": -0.5550401210784912,
          "y": -0.729849636554718,
          "z": 0.10477402061223984
        },
        "matrix": [
          [
            -0.08731421828269958,
            0.7295048236846924,
            -0.678379476070404,
            0.755857527256012
          ],
          [
            0.8908807635307312,
            0.3619038760662079,
            0.27451276779174805,
            -0.17319738864898682
          ],
          [
            0.4457705318927765,
            -0.580390214920044,
            -0.6815056204795837,
            1.5065737962722778
          ],
          [
            0.0,
            0.0,
            0.0,
            1.0
          ]
        ]
      },
      "bone_length_armature_space": 0.029218739259806805,
      "parent": "index_02_l",
      "has_children": false,
      "is_end_bone": true
    },
    "metacarpal_pinky_l": {
      "name": "metacarpal_pinky_l",
      "local": {
        "location": {
          "x": 0.0,
          "y": 0.0,
          "z": 0.0
        },
        "rotation_quaternion": {
          "w": 0.9986818432807922,
          "x": -0.050173670053482056,
          "y": 0.0012115372810512781,
          "z": 0.010764782316982746
        },
        "scale": {
          "x": 1.0,
          "y": 1.0,
          "z": 1.0
        },
        "matrix_basis": [
          [
            0.9997652769088745,
            -0.021622760221362114,
            0.0013396632857620716,
            0.0
          ],
          [
            0.021379610523581505,
            0.994733452796936,
            0.10024114698171616,
            0.0
          ],
          [
            -0.0035000978969037533,
            -0.10018898546695709,
            0.9949622750282288,
            0.0
          ],
          [
            0.0,
            0.0,
            0.0,
            1.0
          ]
        ],
        "rotation_mode": "QUATERNION"
      },
      "armature_space": {
        "head": {
          "x": 0.5942140221595764,
          "y": -0.19925764203071594,
          "z": 0.5809850692749023
        },
        "tail": {
          "x": 0.6947510838508606,
          "y": -0.1869446486234665,
          "z": 0.6051492691040039
        }
      },
      "world_space": {
        "head": {
          "x": 0.5942140221595764,
          "y": -0.13601364195346832,
          "z": 1.5308390855789185
        },
        "tail": {
          "x": 0.6947510838508606,
          "y": -0.12370064854621887,
          "z": 1.55500328540802
        },
        "rotation_quaternion": {
          "w": 0.6558119654655457,
          "x": 0.446234792470932,
          "y": 0.35921257734298706,
          "z": -0.49168238043785095
        },
        "matrix": [
          [
            0.2584287226200104,
            0.965488851070404,
            0.032339438796043396,
            0.5942140221595764
          ],
          [
            -0.32431793212890625,
            0.11824546009302139,
            -0.938528835773468,
            -0.13601364195346832
          ],
          [
            -0.9099695682525635,
            0.2320561707019806,
            0.3436848223209381,
            1.5308390855789185
          ],
          [
            0.0,
            0.0,
            0.0,
            1.0
          ]
        ]
      },
      "bone_length_armature_space": 0.10413077885319114,
      "parent": "lowerarm_l",
      "has_children": true,
      "is_end_bone": false
    },
    "pinky_01_l": {
      "name": "pinky_01_l",
      "local": {
        "location": {
          "x": 0.0,
          "y": 0.0,
          "z": 0.0
        },
        "rotation_quaternion": {
          "w": 0.9993613958358765,
          "x": 0.03272952139377594,
          "y": 0.008048992604017258,
          "z": -0.011865789070725441
        },
        "scale": {
          "x": 1.0,
          "y": 1.0,
          "z": 1.0
        },
        "matrix_basis": [
          [
            0.9995888471603394,
            0.024243302643299103,
            0.015310981310904026,
            0.0
          ],
          [
            -0.023189542815089226,
            0.9975759387016296,
            -0.06560825556516647,
            0.0
          ],
          [
            -0.01686442829668522,
            0.0652262270450592,
            0.9977279901504517,
            0.0
          ],
          [
            0.0,
            0.0,
            0.0,
            1.0
          ]
        ],
        "rotation_mode": "QUATERNION"
      },
      "armature_space": {
        "head": {
          "x": 0.6947510838508606,
          "y": -0.1869446486234665,
          "z": 0.6051492691040039
        },
        "tail": {
