{
  "metadata": {
    "armature_name": "KIM_caucasian_male",
    "export_time": "2026-01-13T21:00:10.828541",
    "blender_version": "4.4.1",
    "bone_count": 56,
    "end_bone_count": 13,
    "spaces_included": [
      "LOCAL_CHANNELS",
      "ARMATURE_SPACE",
      "WORLD_SPACE"
    ],
    "note": "LOCAL matches Transform panel; replay pose via local.matrix_basis for best fidelity."
  },
  "bones": {
    "Root": {
      "name": "Root",
      "local": {
        "location": {
          "x": 0.0,
          "y": 0.0,
          "z": 0.0
        },
        "rotation_quaternion": {
          "w": 0.9995611906051636,
          "x": 0.0028072851710021496,
          "y": 0.0024278885684907436,
          "z": -0.029389608651399612
        },
        "scale": {
          "x": 1.0,
          "y": 1.0,
          "z": 1.0
        },
        "matrix_basis": [
          [
            0.9982607364654541,
            0.05876705422997475,
            0.004688636399805546,
            0.0
          ],
          [
            -0.0587397925555706,
            0.9982567429542542,
            -0.0057548158802092075,
            0.0
          ],
          [
            -0.005018656607717276,
            0.0054693971760571,
            0.9999724626541138,
            0.0
          ],
          [
            0.0,
            0.0,
            0.0,
            1.0
          ]
        ],
        "rotation_mode": "QUATERNION"
      },
      "armature_space": {
        "head": {
          "x": 0.0,
          "y": 0.07072800397872925,
          "z": -0.009595036506652832
        },
        "tail": {
          "x": 0.00419454975053668,
          "y": 7.082521915435791e-05,
          "z": -0.0004035700112581253
        }
      },
      "world_space": {
        "head": {
          "x": 0.0,
          "y": 0.13397200405597687,
          "z": 0.9402589797973633
        },
        "tail": {
          "x": 0.00419454975053668,
          "y": 0.06331482529640198,
          "z": 0.9494504332542419
        },
        "rotation_quaternion": {
          "w": 0.06453718990087509,
          "x": 0.9974794983863831,
          "y": 0.029486406594514847,
          "z": 0.00044245770550332963
        },
        "matrix": [
          [
            0.9982607364654541,
            0.05876705422997475,
            0.004688636399805546,
            0.0
          ],
          [
            0.058881279081106186,
            -0.9899309277534485,
            -0.1287234127521515,
            0.13397200405597687
          ],
          [
            -0.002923233900219202,
            0.12877555191516876,
            -0.9916765093803406,
            0.9402589797973633
          ],
          [
            0.0,
            0.0,
            0.0,
            1.0
          ]
        ]
      },
      "bone_length_armature_space": 0.07137586698930273,
      "parent": null,
      "has_children": true,
      "is_end_bone": false
    },
    "spine_01": {
      "name": "spine_01",
      "local": {
        "location": {
          "x": 0.0,
          "y": 0.0,
          "z": 0.0
        },
        "rotation_quaternion": {
          "w": 0.9956708550453186,
          "x": 0.09003268927335739,
          "y": -0.023032838478684425,
          "z": -0.001806979300454259
        },
        "scale": {
          "x": 1.0,
          "y": 1.0,
          "z": 1.0
        },
        "matrix_basis": [
          [
            0.998932421207428,
            -0.0005491035408340394,
            -0.04619162529706955,
            0.0
          ],
          [
            -0.007745730224996805,
            0.9837816953659058,
            -0.1792026162147522,
            0.0
          ],
          [
            0.04554087668657303,
            0.17936909198760986,
            0.9827272295951843,
            0.0
          ],
          [
            0.0,
            0.0,
            0.0,
            1.0
          ]
        ],
        "rotation_mode": "QUATERNION"
      },
      "armature_space": {
        "head": {
          "x": 0.00419454975053668,
          "y": 7.082521915435791e-05,
          "z": -0.0004035700112581253
        },
        "tail": {
          "x": 0.00932689756155014,
          "y": -0.06749982386827469,
          "z": 0.48287299275398254
        }
      },
      "world_space": {
        "head": {
          "x": 0.00419454975053668,
          "y": 0.06331482529640198,
          "z": 0.9494504332542419
        },
        "tail": {
          "x": 0.00932689756155014,
          "y": -0.004255823791027069,
          "z": 1.4327269792556763
        },
        "rotation_quaternion": {
          "w": 0.6562824249267578,
          "x": 0.7544742226600647,
          "y": 0.007817869074642658,
          "z": 0.000974956143181771
        },
        "matrix": [
          [
            0.9998758435249329,
            0.010517079383134842,
            0.011732678860425949,
            0.00419454975053668
          ],
          [
            0.013076510280370712,
            -0.138464093208313,
            -0.9902811646461487,
            0.06331482529640198
          ],
          [
            -0.00879035796970129,
            0.9903183579444885,
            -0.13858632743358612,
            0.9494504332542419
          ],
          [
            0.0,
            0.0,
            0.0,
            1.0
          ]
        ]
      },
      "bone_length_armature_space": 0.48800449723014633,
      "parent": "Root",
      "has_children": true,
      "is_end_bone": false
    },
    "neck_01": {
      "name": "neck_01",
      "local": {
        "location": {
          "x": 0.0,
          "y": 0.0,
          "z": 0.0
        },
        "rotation_quaternion": {
          "w": 0.9997100234031677,
          "x": -0.007528912276029587,
          "y": 0.01596239022910595,
          "z": -0.016386765986680984
        },
        "scale": {
          "x": 1.0,
          "y": 1.0,
          "z": 1.0
        },
        "matrix_basis": [
          [
            0.9989533424377441,
            0.03252366930246353,
            0.032162271440029144,
            0.0
          ],
          [
            -0.033004388213157654,
            0.9993495941162109,
            0.01453031413257122,
            0.0
          ],
          [
            -0.0316687747836113,
            -0.015576601959764957,
            0.9993770122528076,
            0.0
          ],
          [
            0.0,
            0.0,
            0.0,
            1.0
          ]
        ],
        "rotation_mode": "QUATERNION"
      },
      "armature_space": {
        "head": {
          "x": 0.01050383597612381,
          "y": -0.1119813323020935,
          "z": 0.550576388835907
        },
        "tail": {
          "x": 0.015283064916729927,
          "y": -0.16223090887069702,
          "z": 0.6398112773895264
        }
      },
      "world_space": {
        "head": {
          "x": 0.01050383597612381,
          "y": -0.048737332224845886,
          "z": 1.5004303455352783
        },
        "tail": {
          "x": 0.015283064916729927,
          "y": -0.0989869087934494,
          "z": 1.5896652936935425
        },
        "rotation_quaternion": {
          "w": 0.5040391087532043,
          "x": 0.8631625771522522,
          "y": 0.029590090736746788,
          "z": 0.0044294605031609535
        },
        "matrix": [
          [
            0.9982095956802368,
            0.04661691561341286,
            0.03747597709298134,
            0.01050383597612381
          ],
          [
            0.05554752051830292,
            -0.4901377260684967,
            -0.8698734045028687,
            -0.048737332224845886
          ],
          [
            -0.022182516753673553,
            0.8704031109809875,
            -0.4918539524078369,
            1.5004303455352783
          ],
          [
            0.0,
            0.0,
            0.0,
            1.0
          ]
        ]
      },
      "bone_length_armature_space": 0.10252183528390964,
      "parent": "spine_01",
      "has_children": true,
      "is_end_bone": false
    },
    "head": {
      "name": "head",
      "local": {
        "location": {
          "x": 0.0,
          "y": 0.0,
          "z": 0.0
        },
        "rotation_quaternion": {
          "w": 0.9651243686676025,
          "x": -0.13748253881931305,
          "y": -0.03809491917490959,
          "z": 0.21950486302375793
        },
        "scale": {
          "x": 1.0,
          "y": 1.0,
          "z": 1.0
        },
        "matrix_basis": [
          [
            0.9007327556610107,
            -0.4132242202758789,
            -0.133888840675354,
            0.0
          ],
          [
            0.4341737627983093,
            0.8658323287963867,
            0.24865145981311798,
            0.0
          ],
          [
            0.013176498003304005,
            -0.28209954500198364,
            0.9592946767807007,
            0.0
          ],
          [
            0.0,
            0.0,
            0.0,
            1.0
          ]
        ],
        "rotation_mode": "QUATERNION"
      },
      "armature_space": {
        "head": {
          "x": 0.015283066779375076,
          "y": -0.16223099827766418,
          "z": 0.6398111581802368
        },
        "tail": {
          "x": -0.046901728957891464,
          "y": -0.1414952129125595,
          "z": 0.7803683876991272
        }
      },
      "world_space": {
        "head": {
          "x": 0.015283066779375076,
          "y": -0.09898699820041656,
          "z": 1.589665174484253
        },
        "tail": {
          "x": -0.046901728957891464,
          "y": -0.07825121283531189,
          "z": 1.730222463607788
        },
        "rotation_quaternion": {
          "w": 0.7343812584877014,
          "x": 0.6457554697990417,
          "y": -0.16593483090400696,
          "z": 0.1270812749862671
        },
        "matrix": [
          [
            0.912632167339325,
            -0.4009588658809662,
            -0.0795900896191597,
            0.015283066779375076
          ],
          [
            -0.027651913464069366,
            0.13370147347450256,
            -0.9906359910964966,
            -0.09898699820041656
          ],
          [
            0.4078483581542969,
            0.9062934517860413,
            0.11093275249004364,
            1.589665174484253
          ],
          [
            0.0,
            0.0,
            0.0,
            1.0
          ]
        ]
      },
      "bone_length_armature_space": 0.15509112028366756,
      "parent": "neck_01",
      "has_children": false,
      "is_end_bone": true
    },
    "upperarm_l": {
      "name": "upperarm_l",
      "local": {
        "location": {
          "x": 0.0,
          "y": 0.0,
          "z": 0.0
        },
        "rotation_quaternion": {
          "w": 0.8493897914886475,
          "x": 0.5117461681365967,
          "y": -0.022952914237976074,
          "z": 0.12698812782764435
        },
        "scale": {
          "x": 1.0,
          "y": 1.0,
          "z": 1.0
        },
        "matrix_basis": [
          [
            0.9666943550109863,
            -0.23921696841716766,
            0.0909794345498085,
            0.0
          ],
          [
            0.19223271310329437,
            0.44397974014282227,
            -0.8751734495162964,
            0.0
          ],
          [
            0.16896331310272217,
            0.8635144233703613,
            0.4751780331134796,
            0.0
          ],
          [
            0.0,
            0.0,
            0.0,
            1.0
          ]
        ],
        "rotation_mode": "QUATERNION"
      },
      "armature_space": {
        "head": {
          "x": 0.15981580317020416,
          "y": -0.1038721352815628,
          "z": 0.48225876688957214
        },
        "tail": {
          "x": 0.2923130989074707,
          "y": -0.33570900559425354,
          "z": 0.5047030448913574
        }
      },
      "world_space": {
        "head": {
          "x": 0.15981580317020416,
          "y": -0.040628135204315186,
          "z": 1.4321128129959106
        },
        "tail": {
          "x": 0.2923130989074707,
          "y": -0.2724649906158447,
          "z": 1.4545570611953735
        },
        "rotation_quaternion": {
          "w": 0.19826523959636688,
          "x": 0.7379633784294128,
          "y": 0.16766054928302765,
          "z": -0.6228891611099243
        },
        "matrix": [
          [
            0.16779792308807373,
            0.4944493770599365,
            -0.8528562188148499,
            0.15981580317020416
          ],
          [
            0.00045999884605407715,
            -0.865161657333374,
            -0.5014930963516235,
            -0.040628135204315186
          ],
          [
            -0.985828161239624,
            0.08375689387321472,
            -0.1454012393951416,
            1.4321128129959106
          ],
          [
            0.0,
            0.0,
            0.0,
            1.0
          ]
        ]
      },
      "bone_length_armature_space": 0.26796942791074524,
      "parent": "spine_01",
      "has_children": true,
      "is_end_bone": false
    },
    "lowerarm_l": {
      "name": "lowerarm_l",
      "local": {
        "location": {
          "x": 0.0,
          "y": 0.0,
          "z": 0.0
        },
        "rotation_quaternion": {
          "w": 0.9724511504173279,
          "x": 0.04664554446935654,
          "y": -0.00217127101495862,
          "z": -0.22838185727596283
        },
        "scale": {
          "x": 1.0,
          "y": 1.0,
          "z": 1.0
        },
        "matrix_basis": [
          [
            0.8956740498542786,
            0.44397783279418945,
            -0.02552890218794346,
            0.0
          ],
          [
            -0.4443829655647278,
            0.8913318514823914,
            -0.08972927182912827,
            0.0
          ],
          [
            -0.01708308234810829,
            0.09171278774738312,
            0.9956389665603638,
            0.0
          ],
          [
            0.0,
            0.0,
            0.0,
            1.0
          ]
        ],
        "rotation_mode": "QUATERNION"
      },
      "armature_space": {
        "head": {
          "x": 0.2923130989074707,
          "y": -0.3357091248035431,
          "z": 0.504703164100647
        },
        "tail": {
          "x": 0.36844587326049805,
          "y": -0.5774540901184082,
          "z": 0.41907232999801636
        }
      },
      "world_space": {
        "head": {
          "x": 0.2923130989074707,
          "y": -0.2724651098251343,
          "z": 1.454557180404663
        },
        "tail": {
          "x": 0.36844587326049805,
          "y": -0.5142101049423218,
          "z": 1.3689262866973877
        },
        "rotation_quaternion": {
          "w": 0.007992736995220184,
          "x": -0.6743589639663696,
          "y": -0.21935653686523438,
          "z": 0.705024003982544
        },
        "matrix": [
          [
            -0.09035219252109528,
            0.2845824360847473,
            -0.9543843269348145,
            0.2923130989074707
          ],
          [
            0.30711987614631653,
            -0.9036369323730469,
            -0.2985258400440216,
            -0.2724651098251343
          ],
          [
            -0.947378396987915,
            -0.3200860023498535,
            -0.005755666643381119,
            1.454557180404663
          ],
          [
            0.0,
            0.0,
            0.0,
            1.0
          ]
        ]
      },
      "bone_length_armature_space": 0.267524706074774,
      "parent": "upperarm_l",
      "has_children": true,
      "is_end_bone": false
    },
    "metacarpal_thumb_l": {
      "name": "metacarpal_thumb_l",
      "local": {
        "location": {
          "x": 0.0,
          "y": 0.0,
          "z": 0.0
        },
        "rotation_quaternion": {
          "w": 0.9995909333229065,
          "x": -0.025873344391584396,
          "y": 0.0062133679166436195,
          "z": -0.010484912432730198
        },
        "scale": {
          "x": 1.0,
          "y": 1.0,
          "z": 1.0
        },
        "matrix_basis": [
          [
            0.9997029304504395,
            0.020639725029468536,
            0.012964212335646152,
            0.0
          ],
          [
            -0.02128276787698269,
            0.9984412789344788,
            0.05159522593021393,
            0.0
          ],
          [
            -0.011879093013703823,
            -0.05185581371188164,
            0.9985839128494263,
            0.0
          ],
          [
            0.0,
            0.0,
            0.0,
            1.0
          ]
        ],
        "rotation_mode": "QUATERNION"
      },
      "armature_space": {
        "head": {
          "x": 0.36844587326049805,
          "y": -0.5774540901184082,
          "z": 0.41907232999801636
        },
        "tail": {
          "x": 0.35215768218040466,
          "y": -0.6201052665710449,
          "z": 0.3998587429523468
        }
      },
      "world_space": {
        "head": {
          "x": 0.36844587326049805,
          "y": -0.5142101049423218,
          "z": 1.3689262866973877
        },
        "tail": {
          "x": 0.35215768218040466,
          "y": -0.5568612813949585,
          "z": 1.3497127294540405
        },
        "rotation_quaternion": {
          "w": 0.215326189994812,
          "x": -0.9608654975891113,
          "y": 0.15201112627983093,
          "z": 0.08523383736610413
        },
        "matrix": [
          [
            0.9392556548118591,
            -0.3288308382034302,
            -0.09833188354969025,
            0.36844587326049805
          ],
          [
            -0.25541865825653076,
            -0.8610544204711914,
            0.4397115409374237,
            -0.5142101049423218
          ],
          [
            -0.22926174104213715,
            -0.3878892660140991,
            -0.8927456736564636,
            1.3689262866973877
          ],
          [
            0.0,
            0.0,
            0.0,
            1.0
          ]
        ]
      },
      "bone_length_armature_space": 0.04953372486733267,
      "parent": "lowerarm_l",
      "has_children": true,
      "is_end_bone": false
    },
    "thumb_01_l": {
      "name": "thumb_01_l",
      "local": {
        "location": {
          "x": 0.0,
          "y": 0.0,
          "z": 0.0
        },
        "rotation_quaternion": {
          "w": 0.9630414247512817,
          "x": 0.26930496096611023,
          "y": -0.002976407529786229,
          "z": 0.004158578347414732
        },
        "scale": {
          "x": 1.0,
          "y": 1.0,
          "z": 1.0
        },
        "matrix_basis": [
          [
            0.9999476671218872,
            -0.009612889029085636,
            -0.0034929560497403145,
            0.0
          ],
          [
            0.006406643893569708,
            0.8549150824546814,
            -0.5187284350395203,
            0.0
          ],
          [
            0.00797265861183405,
            0.5186789035797119,
            0.8549319505691528,
            0.0
          ],
          [
            0.0,
            0.0,
            0.0,
            1.0
          ]
        ],
        "rotation_mode": "QUATERNION"
      },
      "armature_space": {
        "head": {
          "x": 0.35215768218040466,
          "y": -0.6201052665710449,
          "z": 0.3998587429523468
        },
        "tail": {
          "x": 0.35629406571388245,
          "y": -0.63102126121521,
          "z": 0.36788418889045715
        }
      },
      "world_space": {
        "head": {
          "x": 0.35215768218040466,
          "y": -0.5568612813949585,
          "z": 1.3497127294540405
        },
        "tail": {
          "x": 0.35629406571388245,
          "y": -0.5677772760391235,
          "z": 1.3177381753921509
        },
        "rotation_quaternion": {
          "w": 0.4097146689891815,
          "x": -0.4924168586730957,
          "y": 0.41447165608406067,
          "z": -0.6464309096336365
        },
        "matrix": [
          [
            -0.17931950092315674,
            0.12152025103569031,
            0.9762569665908813,
            0.35215768218040466
          ],
          [
            -0.9378899335861206,
            -0.3206941485404968,
            -0.1323535144329071,
            -0.5568612813949585
          ],
          [
            0.29699745774269104,
            -0.9393619894981384,
            0.17148035764694214,
            1.3497127294540405
          ],
          [
            0.0,
            0.0,
            0.0,
            1.0
          ]
        ]
      },
      "bone_length_armature_space": 0.03403881271257713,
      "parent": "metacarpal_thumb_l",
      "has_children": true,
      "is_end_bone": false
    },
    "thumb_02_l": {
      "name": "thumb_02_l",
      "local": {
        "location": {
          "x": 0.0,
          "y": 0.0,
          "z": 0.0
        },
        "rotation_quaternion": {
          "w": 0.8924658298492432,
          "x": 0.4510185122489929,
          "y": -0.0005179950967431068,
          "z": 0.00931589212268591
        },
        "scale": {
          "x": 1.0,
          "y": 1.0,
          "z": 1.0
        },
        "matrix_basis": [
          [
            0.9998258948326111,
            -0.017095481976866722,
            0.007478693965822458,
            0.0
          ],
          [
            0.016160979866981506,
            0.592991054058075,
            -0.8050468564033508,
            0.0
          ],
          [
            0.009327865205705166,
            0.8050275444984436,
            0.5931640863418579,
            0.0
          ],
          [
            0.0,
            0.0,
            0.0,
            1.0
          ]
        ],
        "rotation_mode": "QUATERNION"
      },
      "armature_space": {
        "head": {
          "x": 0.35629400610923767,
          "y": -0.6310212016105652,
          "z": 0.36788418889045715
        },
        "tail": {
          "x": 0.3778130114078522,
          "y": -0.6514281034469604,
          "z": 0.39497068524360657
        }
      },
      "world_space": {
        "head": {
          "x": 0.35629400610923767,
          "y": -0.5677772164344788,
          "z": 1.3177381753921509
        },
        "tail": {
          "x": 0.3778130114078522,
          "y": -0.588184118270874,
          "z": 1.3448246717453003
        },
        "rotation_quaternion": {
          "w": 0.31935325264930725,
          "x": 0.024550072848796844,
          "y": -0.3794349133968353,
          "z": -0.8680092692375183
        },
        "matrix": [
          [
            -0.7948210835456848,
            0.5357731580734253,
            -0.28496837615966797,
            0.35629400610923767
          ],
          [
            -0.5730345249176025,
            -0.5080843567848206,
            0.6430252194404602,
            -0.5677772164344788
          ],
          [
            0.19972854852676392,
            0.6743908524513245,
            0.7108582258224487,
            1.3177381753921509
          ],
          [
            0.0,
            0.0,
            0.0,
            1.0
          ]
        ]
      },
      "bone_length_armature_space": 0.040164505677787024,
      "parent": "thumb_01_l",
      "has_children": true,
      "is_end_bone": false
    },
    "thumb_03_l": {
      "name": "thumb_03_l",
      "local": {
        "location": {
          "x": 0.0,
          "y": 0.0,
          "z": 0.0
        },
        "rotation_quaternion": {
          "w": 0.9868259429931641,
          "x": 0.16167576611042023,
          "y": -0.0007838333840481937,
          "z": -0.005924411583691835
        },
        "scale": {
          "x": 1.0,
          "y": 1.0,
          "z": 1.0
        },
        "matrix_basis": [
          [
            0.9999285936355591,
            0.011439272202551365,
            -0.0034626817796379328,
            0.0
          ],
          [
            -0.011946179904043674,
            0.9476516842842102,
            -0.3190823793411255,
            0.0
          ],
          [
            -0.0003686533309519291,
            0.3191009759902954,
            0.9477206468582153,
            0.0
          ],
          [
            0.0,
            0.0,
            0.0,
            1.0
          ]
        ],
        "rotation_mode": "QUATERNION"
      },
      "armature_space": {
        "head": {
          "x": 0.3778129816055298,
          "y": -0.6514281630516052,
          "z": 0.3949706256389618
        },
        "tail": {
          "x": 0.38730454444885254,
          "y": -0.6535207629203796,
          "z": 0.4238225519657135
        }
      },
      "world_space": {
        "head": {
          "x": 0.3778129816055298,
          "y": -0.5881841778755188,
          "z": 1.3448246717453003
        },
        "tail": {
          "x": 0.38730454444885254,
          "y": -0.5902767777442932,
          "z": 1.3736765384674072
        },
        "rotation_quaternion": {
          "w": 0.4285936653614044,
          "x": 0.2583870589733124,
          "y": -0.5309798121452332,
          "z": -0.6838157773017883
        },
        "matrix": [
          [
            -0.49908575415611267,
            0.3117617964744568,
            -0.8085285425186157,
            0.3778129816055298
          ],
          [
            -0.8605555891990662,
            -0.06873434782028198,
            0.5046974420547485,
            -0.5881841778755188
          ],
          [
            0.10177161544561386,
            0.947677493095398,
            0.3025954067707062,
            1.3448246717453003
          ],
          [
            0.0,
            0.0,
            0.0,
            1.0
          ]
        ]
      },
      "bone_length_armature_space": 0.03044507146821427,
      "parent": "thumb_02_l",
      "has_children": false,
      "is_end_bone": true
    },
    "metacarpal_index_l": {
      "name": "metacarpal_index_l",
      "local": {
        "location": {
          "x": 0.0,
          "y": 0.0,
          "z": 0.0
        },
        "rotation_quaternion": {
          "w": 0.999415397644043,
          "x": -0.032014183700084686,
          "y": -0.004869371186941862,
          "z": -0.01096221711486578
        },
        "scale": {
          "x": 1.0,
          "y": 1.0,
          "z": 1.0
        },
        "matrix_basis": [
          [
            0.9997122287750244,
            0.022223394364118576,
            -0.009031156077980995,
            0.0
          ],
          [
            -0.021599838510155678,
            0.9977098703384399,
            0.06409769505262375,
            0.0
          ],
          [
            0.010434942319989204,
            -0.0638841763138771,
            0.9979027509689331,
            0.0
          ],
          [
            0.0,
            0.0,
            0.0,
            1.0
          ]
        ],
        "rotation_mode": "QUATERNION"
      },
      "armature_space": {
        "head": {
          "x": 0.36844587326049805,
          "y": -0.5774540901184082,
          "z": 0.41907232999801636
        },
        "tail": {
          "x": 0.3723717927932739,
          "y": -0.6883098483085632,
          "z": 0.38132545351982117
        }
      },
      "world_space": {
        "head": {
          "x": 0.36844587326049805,
          "y": -0.5142101049423218,
          "z": 1.3689262866973877
        },
        "tail": {
          "x": 0.3723717927932739,
          "y": -0.6250658631324768,
          "z": 1.3311794996261597
        },
        "rotation_quaternion": {
          "w": 0.14691628515720367,
          "x": -0.9235625863075256,
          "y": -0.07326289266347885,
          "z": 0.3465259373188019
        },
        "matrix": [
          [
            0.7491047382354736,
            0.03350578248500824,
            -0.6616036891937256,
            0.36844587326049805
          ],
          [
            0.23714640736579895,
            -0.9460965991020203,
            0.220596581697464,
            -0.5142101049423218
          ],
          [
            -0.618553876876831,
            -0.3221500813961029,
            -0.7166759371757507,
            1.3689262866973877
          ],
          [
            0.0,
            0.0,
            0.0,
            1.0
          ]
        ]
      },
      "bone_length_armature_space": 0.11717183253147077,
      "parent": "lowerarm_l",
      "has_children": true,
      "is_end_bone": false
    },
    "index_01_l": {
      "name": "index_01_l",
      "local": {
        "location": {
          "x": 0.0,
          "y": 0.0,
          "z": 0.0
        },
        "rotation_quaternion": {
          "w": 0.9351515769958496,
          "x": 0.3533385396003723,
          "y": 0.02319667860865593,
          "z": -0.010265358723700047
        },
        "scale": {
          "x": 1.0,
          "y": 1.0,
          "z": 1.0
        },
        "matrix_basis": [
          [
            0.9987130761146545,
            0.03559189289808273,
            0.03613052889704704,
            0.0
          ],
          [
            -0.002806771779432893,
            0.7500929832458496,
            -0.6613264083862305,
            0.0
          ],
          [
            -0.050639115273952484,
            0.6603739261627197,
            0.7492275834083557,
            0.0
          ],
          [
            0.0,
            0.0,
            0.0,
            1.0
          ]
        ],
        "rotation_mode": "QUATERNION"
      },
      "armature_space": {
        "head": {
          "x": 0.3723717927932739,
          "y": -0.6883098483085632,
          "z": 0.38132545351982117
        },
        "tail": {
          "x": 0.36966466903686523,
          "y": -0.7032338380813599,
          "z": 0.35717958211898804
        }
      },
      "world_space": {
        "head": {
          "x": 0.3723717927932739,
          "y": -0.6250658631324768,
          "z": 1.3311794996261597
        },
        "tail": {
          "x": 0.36966466903686523,
          "y": -0.6399898529052734,
          "z": 1.3070335388183594
        },
        "rotation_quaternion": {
          "w": 0.4675946533679962,
          "x": -0.8028322458267212,
          "y": -0.14022423326969147,
          "z": 0.3422759473323822
        },
        "matrix": [
          [
            0.7263695597648621,
            -0.09493881464004517,
            -0.680715799331665,
            0.3723717927932739
          ],
          [
            0.5452452898025513,
            -0.523385763168335,
            0.6548090577125549,
            -0.6250658631324768
          ],
          [
            -0.4184461534023285,
            -0.8467968702316284,
            -0.3284081518650055,
            1.3311794996261597
          ],
          [
            0.0,
            0.0,
            0.0,
            1.0
          ]
        ]
      },
      "bone_length_armature_space": 0.028514507125635767,
      "parent": "metacarpal_index_l",
      "has_children": true,
      "is_end_bone": false
    },
    "index_02_l": {
      "name": "index_02_l",
      "local": {
        "location": {
          "x": 0.0,
          "y": 0.0,
          "z": 0.0
        },
        "rotation_quaternion": {
          "w": 0.8944847583770752,
          "x": 0.4469119608402252,
          "y": 0.012796428985893726,
          "z": -0.0017109763575717807
        },
        "scale": {
          "x": 1.0,
          "y": 1.0,
          "z": 1.0
        },
        "matrix_basis": [
          [
            0.9996666312217712,
            0.014498638920485973,
            0.021363109350204468,
            0.0
          ],
          [
            0.00837686937302351,
            0.6005335450172424,
            -0.7995556592941284,
            0.0
          ],
          [
            -0.024421732872724533,
            0.7994681000709534,
            0.6002119183540344,
            0.0
          ],
          [
            0.0,
            0.0,
            0.0,
            1.0
          ]
        ],
        "rotation_mode": "QUATERNION"
      },
      "armature_space": {
        "head": {
          "x": 0.3696642518043518,
          "y": -0.7032340168952942,
          "z": 0.3571792542934418
        },
        "tail": {
          "x": 0.35420799255371094,
          "y": -0.6988770961761475,
          "z": 0.33717381954193115
        }
      },
      "world_space": {
        "head": {
          "x": 0.3696642518043518,
          "y": -0.6399900317192078,
          "z": 1.3070333003997803
        },
        "tail": {
          "x": 0.35420799255371094,
          "y": -0.635633111000061,
          "z": 1.2870278358459473
        },
        "rotation_quaternion": {
          "w": 0.7647413611412048,
          "x": -0.5147135257720947,
          "y": 0.009563598781824112,
          "z": 0.38749101758003235
        },
        "matrix": [
          [
            0.699517011642456,
            -0.6025061011314392,
            -0.3842686414718628,
            0.3696642518043518
          ],
          [
            0.5828179717063904,
            0.1698399782180786,
            0.7946556806564331,
            -0.6399900317192078
          ],
          [
            -0.4135230481624603,
            -0.779839038848877,
            0.46996140480041504,
            1.3070333003997803
          ],
          [
            0.0,
            0.0,
            0.0,
            1.0
          ]
        ]
      },
      "bone_length_armature_space": 0.025653384534360692,
      "parent": "index_01_l",
      "has_children": true,
      "is_end_bone": false
    },
    "index_03_l": {
      "name": "index_03_l",
      "local": {
        "location": {
          "x": 0.0,
          "y": 0.0,
          "z": 0.0
        },
        "rotation_quaternion": {
          "w": 0.9335838556289673,
          "x": 0.35827696323394775,
          "y": 0.003542062360793352,
          "z": 0.006800631061196327
        },
        "scale": {
          "x": 1.0,
          "y": 1.0,
          "z": 1.0
        },
        "matrix_basis": [
          [
            0.9998824000358582,
            -0.010159839875996113,
            0.011486642993986607,
            0.0
          ],
          [
            0.01523599773645401,
            0.7431827187538147,
            -0.6689149737358093,
            0.0
          ],
          [
            -0.0017406055703759193,
            0.6690113544464111,
            0.7432501316070557,
            0.0
          ],
          [
            0.0,
            0.0,
            0.0,
            1.0
          ]
        ],
        "rotation_mode": "QUATERNION"
      },
      "armature_space": {
        "head": {
          "x": 0.3542080521583557,
          "y": -0.698877215385437,
          "z": 0.33717378973960876
        },
        "tail": {
          "x": 0.3362102210521698,
          "y": -0.6768205165863037,
          "z": 0.33059269189834595
        }
      },
      "world_space": {
        "head": {
          "x": 0.3542080521583557,
          "y": -0.6356332302093506,
          "z": 1.2870278358459473
        },
        "tail": {
          "x": 0.3362102210521698,
          "y": -0.6135765314102173,
          "z": 1.2804467678070068
        },
        "rotation_quaternion": {
          "w": 0.9236840605735779,
          "x": -0.17321208119392395,
          "y": 0.1557246893644333,
          "z": 0.3042287826538086
        },
        "matrix": [
          [
            0.7663893699645996,
            -0.6159695982933044,
            0.18228788673877716,
            0.3542080521583557
          ],
          [
            0.5080759525299072,
            0.7548842430114746,
            0.41473904252052307,
            -0.6356332302093506
          ],
          [
            -0.39307522773742676,
            -0.22523635625839233,
            0.8915011882781982,
            1.2870278358459473
          ],
          [
            0.0,
            0.0,
            0.0,
            1.0
          ]
        ]
      },
      "bone_length_armature_space": 0.029218671340389468,
      "parent": "index_02_l",
      "has_children": false,
      "is_end_bone": true
    },
    "metacarpal_pinky_l": {
      "name": "metacarpal_pinky_l",
      "local": {
        "location": {
          "x": 0.0,
          "y": 0.0,
          "z": 0.0
        },
        "rotation_quaternion": {
          "w": 0.9987986087799072,
          "x": -0.046404723078012466,
          "y": -0.015046827495098114,
          "z": -0.004666837863624096
        },
        "scale": {
          "x": 1.0,
          "y": 1.0,
          "z": 1.0
        },
        "matrix_basis": [
          [
            0.9995036125183105,
            0.01071895007044077,
            -0.029624374583363533,
            0.0
          ],
          [
            -0.0079259742051363,
            0.9956496357917786,
            0.09283838421106339,
            0.0
          ],
          [
            0.030490627512335777,
            -0.09255750477313995,
            0.9952403903007507,
            0.0
          ],
          [
            0.0,
            0.0,
            0.0,
            1.0
          ]
        ],
        "rotation_mode": "QUATERNION"
      },
      "armature_space": {
        "head": {
          "x": 0.36844587326049805,
          "y": -0.5774540901184082,
          "z": 0.41907232999801636
        },
        "tail": {
          "x": 0.42690563201904297,
          "y": -0.653318464756012,
          "z": 0.3782030940055847
        }
      },
      "world_space": {
        "head": {
          "x": 0.36844587326049805,
          "y": -0.5142101049423218,
          "z": 1.3689262866973877
        },
        "tail": {
          "x": 0.42690563201904297,
          "y": -0.5900744795799255,
          "z": 1.328057050704956
        },
        "rotation_quaternion": {
          "w": 0.2769385278224945,
          "x": 0.10207533091306686,
          "y": 0.24296149611473083,
          "z": -0.9240429401397705
        },
        "matrix": [
          [
            -0.8257714509963989,
            0.5614070892333984,
            -0.054072149097919464,
            0.36844587326049805
          ],
          [
            -0.4622063934803009,
            -0.7285493016242981,
            -0.5055503249168396,
            -0.5142101049423218
          ],
          [
            -0.32321634888648987,
            -0.39247995615005493,
            0.8611066341400146,
            1.3689262866973877
          ],
          [
            0.0,
            0.0,
            0.0,
            1.0
          ]
        ]
      },
      "bone_length_armature_space": 0.10413088568936012,
      "parent": "lowerarm_l",
      "has_children": true,
      "is_end_bone": false
    },
    "pinky_01_l": {
      "name": "pinky_01_l",
      "local": {
        "location": {
          "x": 0.0,
          "y": 0.0,
          "z": 0.0
        },
        "rotation_quaternion": {
          "w": 0.9475053548812866,
          "x": 0.3195748031139374,
          "y": 0.00978937093168497,
          "z": -0.003141706343740225
        },
        "scale": {
          "x": 1.0,
          "y": 1.0,
          "z": 1.0
        },
        "matrix_basis": [
          [
            0.9997885823249817,
            0.012210439890623093,
            0.016542943194508553,
            0.0
          ],
          [
            0.00030330539448186755,
            0.7957241535186768,
            -0.6056591868400574,
            0.0
          ],
          [
            -0.020558983087539673,
            0.605536162853241,
            0.7955522537231445,
            0.0
          ],
          [
            0.0,
            0.0,
            0.0,
            1.0
          ]
        ],
        "rotation_mode": "QUATERNION"
      },
      "armature_space": {
        "head": {
          "x": 0.42690563201904297,
          "y": -0.653318464756012,
          "z": 0.3782030940055847
        },
        "tail": {
