{
  "metadata": {
    "armature_name": "KIM_caucasian_male",
    "export_time": "2026-01-13T20:54:49.312434",
    "blender_version": "4.4.1",
    "bone_count": 56,
    "end_bone_count": 13,
    "spaces_included": [
      "LOCAL_CHANNELS",
      "ARMATURE_SPACE",
      "WORLD_SPACE"
    ],
    "note": "LOCAL matches Transform panel; replay pose via local.matrix_basis for best fidelity."
  },
  "bones": {
    "Root": {
      "name": "Root",
      "local": {
        "location": {
          "x": 0.0,
          "y": 0.0,
          "z": 0.0
        },
        "rotation_quaternion": {
          "w": 0.9999088048934937,
          "x": -0.002862054156139493,
          "y": 0.007749148178845644,
          "z": 0.010691775009036064
        },
        "scale": {
          "x": 1.0,
          "y": 1.0,
          "z": 1.0
        },
        "matrix_basis": [
          [
            0.9996512532234192,
            -0.02142595686018467,
            0.01543568167835474,
            0.0
          ],
          [
            0.021337242797017097,
            0.9997549653053284,
            0.005889290478080511,
            0.0
          ],
          [
            -0.015558083541691303,
            -0.005557882133871317,
            0.9998635053634644,
            0.0
          ],
          [
            0.0,
            0.0,
            0.0,
            1.0
          ]
        ],
        "rotation_mode": "QUATERNION"
      },
      "armature_space": {
        "head": {
          "x": 0.0,
          "y": 0.07072800397872925,
          "z": -0.009595036506652832
        },
        "tail": {
          "x": -0.0015292962780222297,
          "y": 7.066130638122559e-05,
          "z": 0.000390748493373394
        }
      },
      "world_space": {
        "head": {
          "x": 0.0,
          "y": 0.13397200405597687,
          "z": 0.9402589797973633
        },
        "tail": {
          "x": -0.0015292962780222297,
          "y": 0.06331466138362885,
          "z": 0.9502447843551636
        },
        "rotation_quaternion": {
          "w": 0.07021705061197281,
          "x": 0.9974443316459656,
          "y": -0.010145442560315132,
          "z": 0.008451825939118862
        },
        "matrix": [
          [
            0.9996512532234192,
            -0.02142595686018467,
            0.01543568167835474,
            0.0
          ],
          [
            -0.01905209943652153,
            -0.98993319272995,
            -0.14024718105793,
            0.13397200405597687
          ],
          [
            0.01828533411026001,
            0.1399042159318924,
            -0.9900032877922058,
            0.9402589797973633
          ],
          [
            0.0,
            0.0,
            0.0,
            1.0
          ]
        ]
      },
      "bone_length_armature_space": 0.07137586810903479,
      "parent": null,
      "has_children": true,
      "is_end_bone": false
    },
    "spine_01": {
      "name": "spine_01",
      "local": {
        "location": {
          "x": 0.0,
          "y": 0.0,
          "z": 0.0
        },
        "rotation_quaternion": {
          "w": 0.9929747581481934,
          "x": 0.09265193343162537,
          "y": -0.05834490805864334,
          "z": 0.044863875955343246
        },
        "scale": {
          "x": 1.0,
          "y": 1.0,
          "z": 1.0
        },
        "matrix_basis": [
          [
            0.9891662001609802,
            -0.09990893304347992,
            -0.10755658894777298,
            0.0
          ],
          [
            0.07828585803508759,
            0.9788057208061218,
            -0.18923722207546234,
            0.0
          ],
          [
            0.12418349087238312,
            0.1787669062614441,
            0.9760229587554932,
            0.0
          ],
          [
            0.0,
            0.0,
            0.0,
            1.0
          ]
        ],
        "rotation_mode": "QUATERNION"
      },
      "armature_space": {
        "head": {
          "x": -0.0015292962780222297,
          "y": 7.066130638122559e-05,
          "z": 0.000390748493373394
        },
        "tail": {
          "x": -0.06025613471865654,
          "y": -0.06096774339675903,
          "z": 0.48098814487457275
        }
      },
      "world_space": {
        "head": {
          "x": -0.0015292962780222297,
          "y": 0.06331466138362885,
          "z": 0.9502447843551636
        },
        "tail": {
          "x": -0.06025613471865654,
          "y": 0.0022762566804885864,
          "z": 1.4308421611785889
        },
        "rotation_quaternion": {
          "w": 0.6557466983795166,
          "x": 0.749993622303009,
          "y": -0.08635271340608597,
          "z": -0.007004613988101482
        },
        "matrix": [
          [
            0.9849881529808044,
            -0.12034158408641815,
            -0.12375856935977936,
            -0.0015292962780222297
          ],
          [
            -0.13871516287326813,
            -0.12507838010787964,
            -0.9824019074440002,
            0.06331466138362885
          ],
          [
            0.10274487733840942,
            0.9848282933235168,
            -0.13989585638046265,
            0.9502447843551636
          ],
          [
            0.0,
            0.0,
            0.0,
            1.0
          ]
        ]
      },
      "bone_length_armature_space": 0.4880045061255934,
      "parent": "Root",
      "has_children": true,
      "is_end_bone": false
    },
    "neck_01": {
      "name": "neck_01",
      "local": {
        "location": {
          "x": 0.0,
          "y": 0.0,
          "z": 0.0
        },
        "rotation_quaternion": {
          "w": 0.9970738291740417,
          "x": 0.06397932767868042,
          "y": -0.037907350808382034,
          "z": 0.017705528065562248
        },
        "scale": {
          "x": 1.0,
          "y": 1.0,
          "z": 1.0
        },
        "matrix_basis": [
          [
            0.9964991211891174,
            -0.04015801101922989,
            -0.07332728058099747,
            0.0
          ],
          [
            0.030456863343715668,
            0.9911863207817078,
            -0.12892656028270721,
            0.0
          ],
          [
            0.07785843312740326,
            0.12624189257621765,
            0.9889393448829651,
            0.0
          ],
          [
            0.0,
            0.0,
            0.0,
            1.0
          ]
        ],
        "rotation_mode": "QUATERNION"
      },
      "armature_space": {
        "head": {
          "x": -0.07335936278104782,
          "y": -0.10419592261314392,
          "z": 0.5482441186904907
        },
        "tail": {
          "x": -0.09441596269607544,
          "y": -0.16444455087184906,
          "z": 0.6284776926040649
        }
      },
      "world_space": {
        "head": {
          "x": -0.07335936278104782,
          "y": -0.0409519225358963,
          "z": 1.4980981349945068
        },
        "tail": {
          "x": -0.09441596269607544,
          "y": -0.10120055079460144,
          "z": 1.578331708908081
        },
        "rotation_quaternion": {
          "w": 0.43795672059059143,
          "x": 0.8909256458282471,
          "y": -0.119829922914505,
          "z": -0.00928384531289339
        },
        "matrix": [
          [
            0.97110915184021,
            -0.2053874433040619,
            -0.12150371074676514,
            -0.07335936278104782
          ],
          [
            -0.2216515839099884,
            -0.5876691341400146,
            -0.7781489491462708,
            -0.0409519225358963
          ],
          [
            0.08841846883296967,
            0.7826038599014282,
            -0.6162202954292297,
            1.4980981349945068
          ],
          [
            0.0,
            0.0,
            0.0,
            1.0
          ]
        ]
      },
      "bone_length_armature_space": 0.10252172502334227,
      "parent": "spine_01",
      "has_children": true,
      "is_end_bone": false
    },
    "head": {
      "name": "head",
      "local": {
        "location": {
          "x": 0.0,
          "y": 0.0,
          "z": 0.0
        },
        "rotation_quaternion": {
          "w": 0.9870856404304504,
          "x": -0.036218658089637756,
          "y": -0.134395033121109,
          "z": -0.07929788529872894
        },
        "scale": {
          "x": 1.0,
          "y": 1.0,
          "z": 1.0
        },
        "matrix_basis": [
          [
            0.9512996673583984,
            0.16628281772136688,
            -0.25957468152046204,
            0.0
          ],
          [
            -0.14681239426136017,
            0.9848001003265381,
            0.0928163155913353,
            0.0
          ],
          [
            0.2710629403591156,
            -0.05018734931945801,
            0.9612523913383484,
            0.0
          ],
          [
            0.0,
            0.0,
            0.0,
            1.0
          ]
        ],
        "rotation_mode": "QUATERNION"
      },
      "armature_space": {
        "head": {
          "x": -0.09441596269607544,
          "y": -0.16444462537765503,
          "z": 0.6284775137901306
        },
        "tail": {
          "x": -0.09053966403007507,
          "y": -0.20364347100257874,
          "z": 0.7784832119941711
        }
      },
      "world_space": {
        "head": {
          "x": -0.09441596269607544,
          "y": -0.10120062530040741,
          "z": 1.578331470489502
        },
        "tail": {
          "x": -0.09053966403007507,
          "y": -0.14039947092533112,
          "z": 1.728337287902832
        },
        "rotation_quaternion": {
          "w": 0.5969704389572144,
          "x": 0.7682990431785583,
          "y": -0.13134647905826569,
          "z": -0.18997664749622345
        },
        "matrix": [
          [
            0.8933143019676208,
            0.02499385178089142,
            -0.44873714447021484,
            -0.09441596269607544
          ],
          [
            -0.4286472797393799,
            -0.2527487277984619,
            -0.8673983812332153,
            -0.10120062530040741
          ],
          [
            -0.13509869575500488,
            0.9672157168388367,
            -0.21507279574871063,
            1.578331470489502
          ],
          [
            0.0,
            0.0,
            0.0,
            1.0
          ]
        ]
      },
      "bone_length_armature_space": 0.15509121240530546,
      "parent": "neck_01",
      "has_children": false,
      "is_end_bone": true
    },
    "upperarm_l": {
      "name": "upperarm_l",
      "local": {
        "location": {
          "x": 0.0,
          "y": 0.0,
          "z": 0.0
        },
        "rotation_quaternion": {
          "w": 0.7854107618331909,
          "x": 0.4376688003540039,
          "y": 0.20625466108322144,
          "z": 0.38605061173439026
        },
        "scale": {
          "x": 1.0,
          "y": 1.0,
          "z": 1.0
        },
        "matrix_basis": [
          [
            0.6168478727340698,
            -0.42587414383888245,
            0.6619138717651367,
            0.0
          ],
          [
            0.7869590520858765,
            0.31882190704345703,
            -0.5282500982284546,
            0.0
          ],
          [
            0.013935355469584465,
            0.8467490673065186,
            0.5318100452423096,
            0.0
          ],
          [
            0.0,
            0.0,
            0.0,
            1.0
          ]
        ],
        "rotation_mode": "QUATERNION"
      },
      "armature_space": {
        "head": {
          "x": 0.08208207041025162,
          "y": -0.11972996592521667,
          "z": 0.4970215857028961
        },
        "tail": {
          "x": 0.13654907047748566,
          "y": -0.3685459494590759,
          "z": 0.5802780389785767
        }
      },
      "world_space": {
        "head": {
          "x": 0.08208207041025162,
          "y": -0.056485965847969055,
          "z": 1.4468755722045898
        },
        "tail": {
          "x": 0.13654907047748566,
          "y": -0.3053019642829895,
          "z": 1.5301320552825928
        },
        "rotation_quaternion": {
          "w": 0.1809328943490982,
          "x": 0.9422709345817566,
          "y": 0.05478503927588463,
          "z": -0.27638280391693115
        },
        "matrix": [
          [
            0.8412224650382996,
            0.20325827598571777,
            -0.501029908657074,
            0.08208207041025162
          ],
          [
            0.0032312367111444473,
            -0.92852383852005,
            -0.3712591528892517,
            -0.056485965847969055
          ],
          [
            -0.5406834483146667,
            0.3106939196586609,
            -0.7817575931549072,
            1.4468755722045898
          ],
          [
            0.0,
            0.0,
            0.0,
            1.0
          ]
        ]
      },
      "bone_length_armature_space": 0.2679695569379351,
      "parent": "spine_01",
      "has_children": true,
      "is_end_bone": false
    },
    "lowerarm_l": {
      "name": "lowerarm_l",
      "local": {
        "location": {
          "x": 0.0,
          "y": 0.0,
          "z": 0.0
        },
        "rotation_quaternion": {
          "w": 0.9707992076873779,
          "x": 0.19836509227752686,
          "y": 0.11049028486013412,
          "z": -0.07740841805934906
        },
        "scale": {
          "x": 1.0,
          "y": 1.0,
          "z": 1.0
        },
        "matrix_basis": [
          [
            0.963599681854248,
            0.19413089752197266,
            0.18381750583648682,
            0.0
          ],
          [
            -0.10646123439073563,
            0.9093184471130371,
            -0.40225109457969666,
            0.0
          ],
          [
            -0.2452380210161209,
            0.3680395781993866,
            0.8968863487243652,
            0.0
          ],
          [
            0.0,
            0.0,
            0.0,
            1.0
          ]
        ],
        "rotation_mode": "QUATERNION"
      },
      "armature_space": {
        "head": {
          "x": 0.1365489661693573,
          "y": -0.3685460686683655,
          "z": 0.5802780985832214
        },
        "tail": {
          "x": 0.13465119898319244,
          "y": -0.6326413154602051,
          "z": 0.53762286901474
        }
      },
      "world_space": {
        "head": {
          "x": 0.1365489661693573,
          "y": -0.30530208349227905,
          "z": 1.5301320552825928
        },
        "tail": {
          "x": 0.13465119898319244,
          "y": -0.5693973302841187,
          "z": 1.4874768257141113
        },
        "rotation_quaternion": {
          "w": 0.07854858040809631,
          "x": -0.9684783816337585,
          "y": -0.015468837693333626,
          "z": 0.2358827292919159
        },
        "matrix": [
          [
            0.8882402181625366,
            -0.007093831896781921,
            -0.45932459831237793,
            0.1365489661693573
          ],
          [
            0.06701885163784027,
            -0.9871817231178284,
            0.1448468416929245,
            -0.30530208349227905
          ],
          [
            -0.4544675350189209,
            -0.15944430232048035,
            -0.8763852119445801,
            1.5301320552825928
          ],
          [
            0.0,
            0.0,
            0.0,
            1.0
          ]
        ]
      },
      "bone_length_armature_space": 0.26752452348798905,
      "parent": "upperarm_l",
      "has_children": true,
      "is_end_bone": false
    },
    "metacarpal_thumb_l": {
      "name": "metacarpal_thumb_l",
      "local": {
        "location": {
          "x": 0.0,
          "y": 0.0,
          "z": 0.0
        },
        "rotation_quaternion": {
          "w": 0.9999097585678101,
          "x": 0.010521243326365948,
          "y": 0.006480158772319555,
          "z": 0.005285021383315325
        },
        "scale": {
          "x": 1.0,
          "y": 1.0,
          "z": 1.0
        },
        "matrix_basis": [
          [
            0.9998601675033569,
            -0.010432730428874493,
            0.013070357963442802,
            0.0
          ],
          [
            0.010705447755753994,
            0.9997227191925049,
            -0.02097209170460701,
            0.0
          ],
          [
            -0.012847937643527985,
            0.0211090836673975,
            0.9996946454048157,
            0.0
          ],
          [
            0.0,
            0.0,
            0.0,
            1.0
          ]
        ],
        "rotation_mode": "QUATERNION"
      },
      "armature_space": {
        "head": {
          "x": 0.13465119898319244,
          "y": -0.6326413154602051,
          "z": 0.53762286901474
        },
        "tail": {
          "x": 0.129741370677948,
          "y": -0.6657294034957886,
          "z": 0.5010896325111389
        }
      },
      "world_space": {
        "head": {
          "x": 0.13465119898319244,
          "y": -0.5693973302841187,
          "z": 1.4874768257141113
        },
        "tail": {
          "x": 0.129741370677948,
          "y": -0.6024854183197021,
          "z": 1.4509437084197998
        },
        "rotation_quaternion": {
          "w": 0.31640350818634033,
          "x": -0.7795082926750183,
          "y": 0.25669601559638977,
          "z": -0.4757761061191559
        },
        "matrix": [
          [
            0.4154890477657318,
            -0.09912106394767761,
            0.9041813015937805,
            0.13465119898319244
          ],
          [
            -0.7012677788734436,
            -0.6679922938346863,
            0.24901746213436127,
            -0.5693973302841187
          ],
          [
            0.5793069005012512,
            -0.737542986869812,
            -0.34705621004104614,
            1.4874768257141113
          ],
          [
            0.0,
            0.0,
            0.0,
            1.0
          ]
        ]
      },
      "bone_length_armature_space": 0.04953388088152969,
      "parent": "lowerarm_l",
      "has_children": true,
      "is_end_bone": false
    },
    "thumb_01_l": {
      "name": "thumb_01_l",
      "local": {
        "location": {
          "x": 0.0,
          "y": 0.0,
          "z": 0.0
        },
        "rotation_quaternion": {
          "w": 0.9644633531570435,
          "x": 0.26396533846855164,
          "y": -0.004292710218578577,
          "z": -0.010699466802179813
        },
        "scale": {
          "x": 1.0,
          "y": 1.0,
          "z": 1.0
        },
        "matrix_basis": [
          [
            0.9997341632843018,
            0.01837223395705223,
            -0.013928900472819805,
            0.0
          ],
          [
            -0.022904740646481514,
            0.8604156374931335,
            -0.5090779066085815,
            0.0
          ],
          [
            0.0026317466981709003,
            0.5092616677284241,
            0.8606077432632446,
            0.0
          ],
          [
            0.0,
            0.0,
            0.0,
            1.0
          ]
        ],
        "rotation_mode": "QUATERNION"
      },
      "armature_space": {
        "head": {
          "x": 0.129741370677948,
          "y": -0.6657294034957886,
          "z": 0.5010896325111389
        },
        "tail": {
          "x": 0.1539391428232193,
          "y": -0.6838210225105286,
          "z": 0.48541194200515747
        }
      },
      "world_space": {
        "head": {
          "x": 0.129741370677948,
          "y": -0.6024854183197021,
          "z": 1.4509437084197998
        },
        "tail": {
          "x": 0.1539391428232193,
          "y": -0.6205770373344421,
          "z": 1.4352660179138184
        },
        "rotation_quaternion": {
          "w": 0.391974538564682,
          "x": 0.04544709995388985,
          "y": 0.2839081287384033,
          "z": -0.8738917112350464
        },
        "matrix": [
          [
            -0.6885803937911987,
            0.7108924388885498,
            0.14313948154449463,
            0.129741370677948
          ],
          [
            -0.6592820882797241,
            -0.5315037965774536,
            -0.5318371653556824,
            -0.6024854183197021
          ],
          [
            -0.30200234055519104,
            -0.4605857729911804,
            0.8346673846244812,
            1.4509437084197998
          ],
          [
            0.0,
            0.0,
            0.0,
            1.0
          ]
        ]
      },
      "bone_length_armature_space": 0.034038637112604,
      "parent": "metacarpal_thumb_l",
      "has_children": true,
      "is_end_bone": false
    },
    "thumb_02_l": {
      "name": "thumb_02_l",
      "local": {
        "location": {
          "x": 0.0,
          "y": 0.0,
          "z": 0.0
        },
        "rotation_quaternion": {
          "w": 0.8985964059829712,
          "x": 0.4386793375015259,
          "y": 0.00019182823598384857,
          "z": -0.009219976142048836
        },
        "scale": {
          "x": 1.0,
          "y": 1.0,
          "z": 1.0
        },
        "matrix_basis": [
          [
            0.999829888343811,
            0.016738377511501312,
            -0.007744473870843649,
            0.0
          ],
          [
            -0.01640177331864834,
            0.6149508357048035,
            -0.7883948683738708,
            0.0
          ],
          [
            -0.008433978073298931,
            0.7883878350257874,
            0.6151208281517029,
            0.0
          ],
          [
            0.0,
            0.0,
            0.0,
            1.0
          ]
        ],
        "rotation_mode": "QUATERNION"
      },
      "armature_space": {
        "head": {
          "x": 0.1539391577243805,
          "y": -0.6838210225105286,
          "z": 0.4854119122028351
        },
        "tail": {
          "x": 0.12994757294654846,
          "y": -0.7066283226013184,
          "z": 0.5081587433815002
        }
      },
      "world_space": {
        "head": {
          "x": 0.1539391577243805,
          "y": -0.6205770373344421,
          "z": 1.4352658987045288
        },
        "tail": {
          "x": 0.12994757294654846,
          "y": -0.6433843374252319,
          "z": 1.4580128192901611
        },
        "rotation_quaternion": {
          "w": 0.1709257960319519,
          "x": -0.37350261211395264,
          "y": 0.4322736859321594,
          "z": 0.8027575016021729
        },
        "matrix": [
          [
            -0.6625609993934631,
            -0.5973343849182129,
            -0.45188993215560913,
            0.1539391577243805
          ],
          [
            -0.04848511144518852,
            -0.5678482055664062,
            0.8217040300369263,
            -0.6205770373344421
          ],
          [
            -0.7474423050880432,
            0.566342830657959,
            0.34727543592453003,
            1.4352658987045288
          ],
          [
            0.0,
            0.0,
            0.0,
            1.0
          ]
        ]
      },
      "bone_length_armature_space": 0.040164503866247786,
      "parent": "thumb_01_l",
      "has_children": true,
      "is_end_bone": false
    },
    "thumb_03_l": {
      "name": "thumb_03_l",
      "local": {
        "location": {
          "x": 0.0,
          "y": 0.0,
          "z": 0.0
        },
        "rotation_quaternion": {
          "w": 0.9850870966911316,
          "x": 0.17191141843795776,
          "y": 0.006794631481170654,
          "z": -0.0019465968944132328
        },
        "scale": {
          "x": 1.0,
          "y": 1.0,
          "z": 1.0
        },
        "matrix_basis": [
          [
            0.9999001026153564,
            0.00617128424346447,
            0.012717323377728462,
            0.0
          ],
          [
            -0.0014989854535087943,
            0.9408853650093079,
            -0.33872190117836,
            0.0
          ],
          [
            -0.014055891893804073,
            0.3386690020561218,
            0.9408006072044373,
            0.0
          ],
          [
            0.0,
            0.0,
            0.0,
            1.0
          ]
        ],
        "rotation_mode": "QUATERNION"
      },
      "armature_space": {
        "head": {
          "x": 0.12994760274887085,
          "y": -0.7066283226013184,
          "z": 0.5081586241722107
        },
        "tail": {
          "x": 0.10748991370201111,
          "y": -0.7069827914237976,
          "z": 0.5287115573883057
        }
      },
      "world_space": {
        "head": {
          "x": 0.12994760274887085,
          "y": -0.6433843374252319,
          "z": 1.458012580871582
        },
        "tail": {
          "x": 0.10748991370201111,
          "y": -0.6437388062477112,
          "z": 1.4785655736923218
        },
        "rotation_quaternion": {
          "w": 0.1180548444390297,
          "x": -0.4365737736225128,
          "y": 0.6929949522018433,
          "z": 0.5614485740661621
        },
        "matrix": [
          [
            -0.5909308791160583,
            -0.7376506924629211,
            -0.32660698890686035,
            0.12994760274887085
          ],
          [
            -0.4725266993045807,
            -0.011642545461654663,
            0.8812394738197327,
            -0.6433843374252319
          ],
          [
            -0.6538544297218323,
            0.6750871539115906,
            -0.34168148040771484,
            1.458012580871582
          ],
          [
            0.0,
            0.0,
            0.0,
            1.0
          ]
        ]
      },
      "bone_length_armature_space": 0.030444974956303123,
      "parent": "thumb_02_l",
      "has_children": false,
      "is_end_bone": true
    },
    "metacarpal_index_l": {
      "name": "metacarpal_index_l",
      "local": {
        "location": {
          "x": 0.0,
          "y": 0.0,
          "z": 0.0
        },
        "rotation_quaternion": {
          "w": 0.999929666519165,
          "x": -0.00520280422642827,
          "y": -0.003490051720291376,
          "z": -0.010082380846142769
        },
        "scale": {
          "x": 1.0,
          "y": 1.0,
          "z": 1.0
        },
        "matrix_basis": [
          [
            0.999772310256958,
            0.02019966021180153,
            -0.006874699145555496,
            0.0
          ],
          [
            -0.020127028226852417,
            0.9997425675392151,
            0.010475252754986286,
            0.0
          ],
          [
            0.007084525655955076,
            -0.0103345001116395,
            0.9999215006828308,
            0.0
          ],
          [
            0.0,
            0.0,
            0.0,
            1.0
          ]
        ],
        "rotation_mode": "QUATERNION"
      },
      "armature_space": {
        "head": {
          "x": 0.13465119898319244,
          "y": -0.6326413154602051,
          "z": 0.53762286901474
        },
        "tail": {
          "x": 0.12419971078634262,
          "y": -0.7381471991539001,
          "z": 0.48773765563964844
        }
      },
      "world_space": {
        "head": {
          "x": 0.13465119898319244,
          "y": -0.5693973302841187,
          "z": 1.4874768257141113
        },
        "tail": {
          "x": 0.12419971078634262,
          "y": -0.6749032139778137,
          "z": 1.4375916719436646
        },
        "rotation_quaternion": {
          "w": 0.20197394490242004,
          "x": -0.948601245880127,
          "y": 0.09480319172143936,
          "z": -0.2244429886341095
        },
        "matrix": [
          [
            0.8812754154205322,
            -0.0891980230808258,
            0.4641093313694,
            0.13465119898319244
          ],
          [
            -0.27052411437034607,
            -0.9004380702972412,
            0.3406287431716919,
            -0.5693973302841187
          ],
          [
            0.38752076029777527,
            -0.4257444143295288,
            -0.817669689655304,
            1.4874768257141113
          ],
          [
            0.0,
            0.0,
            0.0,
            1.0
          ]
        ]
      },
      "bone_length_armature_space": 0.11717192302928416,
      "parent": "lowerarm_l",
      "has_children": true,
      "is_end_bone": false
    },
    "index_01_l": {
      "name": "index_01_l",
      "local": {
        "location": {
          "x": 0.0,
          "y": 0.0,
          "z": 0.0
        },
        "rotation_quaternion": {
          "w": 0.9464500546455383,
          "x": 0.3223423957824707,
          "y": 0.015321750193834305,
          "z": 0.009641073644161224
        },
        "scale": {
          "x": 1.0,
          "y": 1.0,
          "z": 1.0
        },
        "matrix_basis": [
          [
            0.9993445873260498,
            -0.008371889591217041,
            0.035217996686697006,
            0.0
          ],
          [
            0.028127288445830345,
            0.7920048832893372,
            -0.6098664999008179,
            0.0
          ],
          [
            -0.02278708852827549,
            0.6104574203491211,
            0.7917212247848511,
            0.0
          ],
          [
            0.0,
            0.0,
            0.0,
            1.0
          ]
        ],
        "rotation_mode": "QUATERNION"
      },
      "armature_space": {
        "head": {
          "x": 0.12419971078634262,
          "y": -0.7381471991539001,
          "z": 0.48773765563964844
        },
        "tail": {
          "x": 0.13625632226467133,
          "y": -0.7564747333526611,
          "z": 0.4695218503475189
        }
      },
      "world_space": {
        "head": {
          "x": 0.12419971078634262,
          "y": -0.6749032139778137,
          "z": 1.4375916719436646
        },
        "tail": {
          "x": 0.13625632226467133,
          "y": -0.6932307481765747,
          "z": 1.4193758964538574
        },
        "rotation_quaternion": {
          "w": 0.402733713388443,
          "x": -0.8718664646148682,
          "y": -0.12818968296051025,
          "z": -0.24743051826953888
        },
        "matrix": [
          [
            0.8446916341781616,
            0.42282581329345703,
            0.3281990587711334,
            0.12419971078634262
          ],
          [
            0.02423291653394699,
            -0.64274662733078,
            0.7656954526901245,
            -0.6749032139778137
          ],
          [
            0.5347083806991577,
            -0.6388285160064697,
            -0.55317223072052,
            1.4375916719436646
          ],
          [
            0.0,
            0.0,
            0.0,
            1.0
          ]
        ]
      },
      "bone_length_armature_space": 0.02851448671227863,
      "parent": "metacarpal_index_l",
      "has_children": true,
      "is_end_bone": false
    },
    "index_02_l": {
      "name": "index_02_l",
      "local": {
        "location": {
          "x": 0.0,
          "y": 0.0,
          "z": 0.0
        },
        "rotation_quaternion": {
          "w": 0.8954560160636902,
          "x": 0.4450976848602295,
          "y": -0.006611587014049292,
          "z": -0.0017671522218734026
        },
        "scale": {
          "x": 1.0,
          "y": 1.0,
          "z": 1.0
        },
        "matrix_basis": [
          [
            0.9999063014984131,
            -0.002720789983868599,
            -0.01341388188302517,
            0.0
          ],
          [
            -0.009050418622791767,
            0.603769838809967,
            -0.797107458114624,
            0.0
          ],
          [
            0.010267660021781921,
            0.7971541881561279,
            0.603688657283783,
            0.0
          ],
          [
            0.0,
            0.0,
            0.0,
            1.0
          ]
        ],
        "rotation_mode": "QUATERNION"
      },
      "armature_space": {
        "head": {
          "x": 0.1362563818693161,
          "y": -0.7564747333526611,
          "z": 0.46952131390571594
        },
        "tail": {
          "x": 0.14885827898979187,
          "y": -0.7517214417457581,
          "z": 0.44768795371055603
        }
      },
      "world_space": {
        "head": {
          "x": 0.1362563818693161,
          "y": -0.6932307481765747,
          "z": 1.4193753004074097
        },
        "tail": {
          "x": 0.14885827898979187,
          "y": -0.6884774565696716,
          "z": 1.3975419998168945
        },
        "rotation_quaternion": {
          "w": 0.7316763997077942,
          "x": -0.6245779395103455,
          "y": -0.2393633872270584,
          "z": -0.13136759400367737
        },
        "matrix": [
          [
            0.8508960008621216,
            0.4912393093109131,
            -0.1861725002527237,
            0.1362563818693161
          ],
          [
            0.10676241666078568,
            0.1852906346321106,
            0.9768670797348022,
            -0.6932307481765747
          ],
          [
            0.5143750905990601,
            -0.8510944843292236,
            0.10521882772445679,
            1.4193753004074097
          ],
          [
            0.0,
            0.0,
            0.0,
            1.0
          ]
        ]
      },
      "bone_length_armature_space": 0.025653405699915366,
      "parent": "index_01_l",
      "has_children": true,
      "is_end_bone": false
    },
    "index_03_l": {
      "name": "index_03_l",
      "local": {
        "location": {
          "x": 0.0,
          "y": 0.0,
          "z": 0.0
        },
        "rotation_quaternion": {
          "w": 0.9259423613548279,
          "x": 0.37756067514419556,
          "y": 0.008794602006673813,
          "z": 0.0011733490973711014
        },
        "scale": {
          "x": 1.0,
          "y": 1.0,
          "z": 1.0
        },
        "matrix_basis": [
          [
            0.9998425841331482,
            0.004468084312975407,
            0.017172610387206078,
            0.0
          ],
          [
            0.008813899010419846,
            0.714893102645874,
            -0.6991782188415527,
            0.0
          ],
          [
            -0.015400568023324013,
            0.6992194652557373,
            0.7147411704063416,
            0.0
          ],
          [
            0.0,
            0.0,
            0.0,
            1.0
          ]
        ],
        "rotation_mode": "QUATERNION"
      },
      "armature_space": {
        "head": {
          "x": 0.14885827898979187,
          "y": -0.7517215609550476,
          "z": 0.44768792390823364
        },
        "tail": {
          "x": 0.15685585141181946,
          "y": -0.7262679934501648,
          "z": 0.4357762336730957
        }
      },
      "world_space": {
        "head": {
          "x": 0.14885827898979187,
          "y": -0.6884775757789612,
          "z": 1.3975419998168945
        },
        "tail": {
          "x": 0.15685585141181946,
          "y": -0.6630240082740784,
          "z": 1.3856302499771118
        },
        "rotation_quaternion": {
          "w": 0.9239011406898499,
          "x": -0.24317646026611328,
          "y": -0.28631556034088135,
          "z": -0.07276961952447891
        },
        "matrix": [
          [
            0.8254563212394714,
            0.2737143039703369,
            -0.4936625063419342,
            0.14885827898979187
          ],
          [
            0.004786352626979351,
            0.8711395263671875,
            0.49101221561431885,
            -0.6884775757789612
          ],
          [
            0.5644498467445374,
            -0.4076741337776184,
            0.7177832126617432,
            1.3975419998168945
          ],
          [
            0.0,
            0.0,
            0.0,
            1.0
          ]
        ]
      },
      "bone_length_armature_space": 0.02921872045903064,
      "parent": "index_02_l",
      "has_children": false,
      "is_end_bone": true
    },
    "metacarpal_pinky_l": {
      "name": "metacarpal_pinky_l",
      "local": {
        "location": {
          "x": 0.0,
          "y": 0.0,
          "z": 0.0
        },
        "rotation_quaternion": {
          "w": 0.9985390305519104,
          "x": -0.05214483290910721,
          "y": 0.010679692029953003,
          "z": -0.009308502078056335
        },
        "scale": {
          "x": 1.0,
          "y": 1.0,
          "z": 1.0
        },
        "matrix_basis": [
          [
            0.9995985627174377,
            0.017476024106144905,
            0.022298960015177727,
            0.0
          ],
          [
            -0.019703587517142296,
            0.9943885207176208,
            0.10393847525119781,
            0.0
          ],
          [
            -0.020357398316264153,
            -0.10433612763881683,
            0.9943337440490723,
            0.0
          ],
          [
            0.0,
            0.0,
            0.0,
            1.0
          ]
        ],
        "rotation_mode": "QUATERNION"
      },
      "armature_space": {
        "head": {
          "x": 0.13465119898319244,
          "y": -0.6326413154602051,
          "z": 0.53762286901474
        },
        "tail": {
          "x": 0.15911921858787537,
          "y": -0.733569324016571,
          "z": 0.5452431440353394
        }
      },
      "world_space": {
        "head": {
          "x": 0.13465119898319244,
          "y": -0.5693973302841187,
          "z": 1.4874768257141113
        },
        "tail": {
          "x": 0.15911921858787537,
          "y": -0.6703253388404846,
          "z": 1.4950971603393555
        },
        "rotation_quaternion": {
          "w": 0.11460339277982712,
          "x": 0.634617805480957,
          "y": 0.04737665876746178,
          "z": -0.7628117799758911
        },
        "matrix": [
          [
            -0.16825279593467712,
            0.2349739968776703,
            -0.9573287963867188,
            0.13465119898319244
          ],
          [
            -0.11471003293991089,
            -0.9692429304122925,
            -0.21773776412010193,
            -0.5693973302841187
          ],
          [
            -0.9790539741516113,
            0.07317981123924255,
            0.19003276526927948,
            1.4874768257141113
          ],
          [
            0.0,
            0.0,
            0.0,
            1.0
          ]
        ]
      },
      "bone_length_armature_space": 0.10413076042411559,
      "parent": "lowerarm_l",
      "has_children": true,
      "is_end_bone": false
    },
    "pinky_01_l": {
      "name": "pinky_01_l",
      "local": {
        "location": {
          "x": 0.0,
          "y": 0.0,
          "z": 0.0
        },
        "rotation_quaternion": {
          "w": 0.9568084478378296,
          "x": 0.290690541267395,
          "y": 0.004081414081156254,
          "z": -0.00036246865056455135
        },
        "scale": {
          "x": 1.0,
          "y": 1.0,
          "z": 1.0
        },
        "matrix_basis": [
          [
            0.9999664425849915,
            0.003066483186557889,
            0.00759953074157238,
            0.0
          ],
          [
            0.0016792308306321502,
            0.8309977650642395,
            -0.5562732815742493,
            0.0
          ],
          [
            -0.008020995184779167,
            0.5562673807144165,
            0.8309646844863892,
            0.0
          ],
          [
            0.0,
            0.0,
            0.0,
            1.0
          ]
        ],
        "rotation_mode": "QUATERNION"
      },
      "armature_space": {
        "head": {
          "x": 0.15911921858787537,
          "y": -0.733569324016571,
          "z": 0.5452431440353394
        },
        "tail": {
