{
  "metadata": {
    "armature_name": "KIM_caucasian_male",
    "export_time": "2026-01-13T19:11:19.219099",
    "blender_version": "4.4.1",
    "bone_count": 56,
    "end_bone_count": 13,
    "spaces_included": [
      "LOCAL_CHANNELS",
      "ARMATURE_SPACE",
      "WORLD_SPACE"
    ],
    "note": "LOCAL matches Transform panel; replay pose via local.matrix_basis for best fidelity."
  },
  "bones": {
    "Root": {
      "name": "Root",
      "local": {
        "location": {
          "x": 0.0,
          "y": 0.0,
          "z": 0.0
        },
        "rotation_quaternion": {
          "w": 0.9995619058609009,
          "x": -0.00042291823774576187,
          "y": -0.014391310513019562,
          "z": -0.025862250477075577
        },
        "scale": {
          "x": 1.0,
          "y": 1.0,
          "z": 1.0
        },
        "matrix_basis": [
          [
            0.9982480406761169,
            0.05171401426196098,
            -0.02874813601374626,
            0.0
          ],
          [
            -0.051689669489860535,
            0.9986619353294373,
            0.0015898492420092225,
            0.0
          ],
          [
            0.028791887685656548,
            -0.00010108256537932903,
            0.9995854496955872,
            0.0
          ],
          [
            0.0,
            0.0,
            0.0,
            1.0
          ]
        ],
        "rotation_mode": "QUATERNION"
      },
      "armature_space": {
        "head": {
          "x": 0.0,
          "y": 0.07072800397872925,
          "z": -0.009595036506652832
        },
        "tail": {
          "x": 0.0036911326460540295,
          "y": 9.560585021972656e-05,
          "z": -5.689449608325958e-06
        }
      },
      "world_space": {
        "head": {
          "x": 0.0,
          "y": 0.13397200405597687,
          "z": 0.9402589797973633
        },
        "tail": {
          "x": 0.0036911326460540295,
          "y": 0.06333960592746735,
          "z": 0.9498483538627625
        },
        "rotation_quaternion": {
          "w": 0.06776009500026703,
          "x": 0.9972625970840454,
          "y": 0.024833988398313522,
          "z": -0.01610090211033821
        },
        "matrix": [
          [
            0.9982480406761169,
            0.05171401426196098,
            -0.02874813601374626,
            0.0
          ],
          [
            0.04735000804066658,
            -0.9895836710929871,
            -0.13594938814640045,
            0.13397200405597687
          ],
          [
            -0.03547937795519829,
            0.13434998691082,
            -0.9903056621551514,
            0.9402589797973633
          ],
          [
            0.0,
            0.0,
            0.0,
            1.0
          ]
        ]
      },
      "bone_length_armature_space": 0.07137587695380246,
      "parent": null,
      "has_children": true,
      "is_end_bone": false
    },
    "spine_01": {
      "name": "spine_01",
      "local": {
        "location": {
          "x": 0.0,
          "y": 0.0,
          "z": 0.0
        },
        "rotation_quaternion": {
          "w": 0.9952181577682495,
          "x": 0.08443416655063629,
          "y": 0.04904666170477867,
          "z": 0.002455666894093156
        },
        "scale": {
          "x": 1.0,
          "y": 1.0,
          "z": 1.0
        },
        "matrix_basis": [
          [
            0.9951767921447754,
            0.003394579514861107,
            0.0980389416217804,
            0.0
          ],
          [
            0.013170276768505573,
            0.9857296943664551,
            -0.16781994700431824,
            0.0
          ],
          [
            -0.09720957279205322,
            0.16830171644687653,
            0.9809305667877197,
            0.0
          ],
          [
            0.0,
            0.0,
            0.0,
            1.0
          ]
        ],
        "rotation_mode": "QUATERNION"
      },
      "armature_space": {
        "head": {
          "x": 0.0036911326460540295,
          "y": 9.560585021972656e-05,
          "z": -5.689449608325958e-06
        },
        "tail": {
          "x": 0.02533162757754326,
          "y": -0.058501388877630234,
          "z": 0.4839845597743988
        }
      },
      "world_space": {
        "head": {
          "x": 0.0036911326460540295,
          "y": 0.06333960592746735,
          "z": 0.9498483538627625
        },
        "tail": {
          "x": 0.02533162757754326,
          "y": 0.004742611199617386,
          "z": 1.4338386058807373
        },
        "rotation_quaternion": {
          "w": 0.6602737307548523,
          "x": 0.7473907470703125,
          "y": 0.0632501021027565,
          "z": 0.03801453858613968
        },
        "matrix": [
          [
            0.9891086220741272,
            0.04434516280889511,
            0.1403484046459198,
            0.0036911326460540295
          ],
          [
            0.14474530518054962,
            -0.12007550895214081,
            -0.9821561574935913,
            0.06333960592746735
          ],
          [
            -0.026701517403125763,
            0.9917808175086975,
            -0.12518826127052307,
            0.9498483538627625
          ],
          [
            0.0,
            0.0,
            0.0,
            1.0
          ]
        ]
      },
      "bone_length_armature_space": 0.4880045959112658,
      "parent": "Root",
      "has_children": true,
      "is_end_bone": false
    },
    "neck_01": {
      "name": "neck_01",
      "local": {
        "location": {
          "x": 0.0,
          "y": 0.0,
          "z": 0.0
        },
        "rotation_quaternion": {
          "w": 0.9846844673156738,
          "x": -0.13698671758174896,
          "y": 0.09839744120836258,
          "z": 0.044149722903966904
        },
        "scale": {
          "x": 1.0,
          "y": 1.0,
          "z": 1.0
        },
        "matrix_basis": [
          [
            0.9767374992370605,
            -0.11390537768602371,
            0.18168501555919647,
            0.0
          ],
          [
            0.05998880788683891,
            0.9585708975791931,
            0.2784658372402191,
            0.0
          ],
          [
            -0.20587670803070068,
            -0.26108893752098083,
            0.943105161190033,
            0.0
          ],
          [
            0.0,
            0.0,
            0.0,
            1.0
          ]
        ],
        "rotation_mode": "QUATERNION"
      },
      "armature_space": {
        "head": {
          "x": 0.03344585746526718,
          "y": -0.10135474801063538,
          "z": 0.5522596836090088
        },
        "tail": {
          "x": 0.028186118230223656,
          "y": -0.1275070160627365,
          "z": 0.6512503623962402
        }
      },
      "world_space": {
        "head": {
          "x": 0.03344585746526718,
          "y": -0.038110747933387756,
          "z": 1.502113699913025
        },
        "tail": {
          "x": 0.028186118230223656,
          "y": -0.06426301598548889,
          "z": 1.6011043787002563
        },
        "rotation_quaternion": {
          "w": 0.60552978515625,
          "x": 0.7796511650085449,
          "y": 0.07607962936162949,
          "z": 0.14031943678855896
        },
        "matrix": [
          [
            0.9490448832511902,
            -0.05130385234951973,
            0.3109368681907654,
            0.03344585746526718
          ],
          [
            0.28856590390205383,
            -0.25509095191955566,
            -0.9228534698486328,
            -0.038110747933387756
          ],
          [
            0.12666428089141846,
            0.9655616283416748,
            -0.22729071974754333,
            1.502113699913025
          ],
          [
            0.0,
            0.0,
            0.0,
            1.0
          ]
        ]
      },
      "bone_length_armature_space": 0.10252199985395098,
      "parent": "spine_01",
      "has_children": true,
      "is_end_bone": false
    },
    "head": {
      "name": "head",
      "local": {
        "location": {
          "x": 0.0,
          "y": 0.0,
          "z": 0.0
        },
        "rotation_quaternion": {
          "w": 0.9851574301719666,
          "x": 0.026425441727042198,
          "y": 0.16795536875724792,
          "z": 0.02361612394452095
        },
        "scale": {
          "x": 1.0,
          "y": 1.0,
          "z": 1.0
        },
        "matrix_basis": [
          [
            0.9424665570259094,
            -0.037654608488082886,
            0.33217307925224304,
            0.0
          ],
          [
            0.05540778860449791,
            0.9974879622459412,
            -0.04413352906703949,
            0.0
          ],
          [
            -0.3296768367290497,
            0.05999935045838356,
            0.9421854019165039,
            0.0
          ],
          [
            0.0,
            0.0,
            0.0,
            1.0
          ]
        ],
        "rotation_mode": "QUATERNION"
      },
      "armature_space": {
        "head": {
          "x": 0.028186170384287834,
          "y": -0.12750713527202606,
          "z": 0.6512502431869507
        },
        "tail": {
          "x": 0.0002567395567893982,
          "y": -0.12326079607009888,
          "z": 0.8037468791007996
        }
      },
      "world_space": {
        "head": {
          "x": 0.028186170384287834,
          "y": -0.06426313519477844,
          "z": 1.6011042594909668
        },
        "tail": {
          "x": 0.0002567395567893982,
          "y": -0.06001679599285126,
          "z": 1.753600835800171
        },
        "rotation_quaternion": {
          "w": 0.6987432241439819,
          "x": 0.6407809853553772,
          "y": 0.15952350199222565,
          "z": 0.2751542329788208
        },
        "matrix": [
          [
            0.7976840734481812,
            -0.18008506298065186,
            0.5755603313446045,
            0.028186170384287834
          ],
          [
            0.5889648199081421,
            0.027379803359508514,
            -0.8076949715614319,
            -0.06426313519477844
          ],
          [
            0.12969651818275452,
            0.9832770228385925,
            0.12790429592132568,
            1.6011042594909668
          ],
          [
            0.0,
            0.0,
            0.0,
            1.0
          ]
        ]
      },
      "bone_length_armature_space": 0.1550912888986527,
      "parent": "neck_01",
      "has_children": false,
      "is_end_bone": true
    },
    "upperarm_l": {
      "name": "upperarm_l",
      "local": {
        "location": {
          "x": 0.0,
          "y": 0.0,
          "z": 0.0
        },
        "rotation_quaternion": {
          "w": 0.8838815093040466,
          "x": 0.03255181014537811,
          "y": 0.447192907333374,
          "z": 0.13308821618556976
        },
        "scale": {
          "x": 1.0,
          "y": 1.0,
          "z": 1.0
        },
        "matrix_basis": [
          [
            0.5646120309829712,
            -0.20615455508232117,
            0.7991955876350403,
            0.0
          ],
          [
            0.2643823027610779,
            0.9624558091163635,
            0.061488326638936996,
            0.0
          ],
          [
            -0.7818665504455566,
            0.17657609283924103,
            0.5979177951812744,
            0.0
          ],
          [
            0.0,
            0.0,
            0.0,
            1.0
          ]
        ],
        "rotation_mode": "QUATERNION"
      },
      "armature_space": {
        "head": {
          "x": 0.1792794018983841,
          "y": -0.07470516860485077,
          "z": 0.48119980096817017
        },
        "tail": {
          "x": 0.44472670555114746,
          "y": -0.08057937026023865,
          "z": 0.5174056887626648
        }
      },
      "world_space": {
        "head": {
          "x": 0.1792794018983841,
          "y": -0.01146116852760315,
          "z": 1.431053876876831
        },
        "tail": {
          "x": 0.44472670555114746,
          "y": -0.017335370182991028,
          "z": 1.4672596454620361
        },
        "rotation_quaternion": {
          "w": 0.2104920595884323,
          "x": 0.7044892907142639,
          "y": 0.6668820977210999,
          "z": -0.12106306105852127
        },
        "matrix": [
          [
            0.08122341334819794,
            0.9905879497528076,
            0.11017390340566635,
            0.1792794018983841
          ],
          [
            0.8886572122573853,
            -0.021921157836914062,
            -0.45804810523986816,
            -0.01146116852760315
          ],
          [
            -0.45132407546043396,
            0.1351119577884674,
            -0.8820803165435791,
            1.431053876876831
          ],
          [
            0.0,
            0.0,
            0.0,
            1.0
          ]
        ]
      },
      "bone_length_armature_space": 0.26796949750180676,
      "parent": "spine_01",
      "has_children": true,
      "is_end_bone": false
    },
    "lowerarm_l": {
      "name": "lowerarm_l",
      "local": {
        "location": {
          "x": 0.0,
          "y": 0.0,
          "z": 0.0
        },
        "rotation_quaternion": {
          "w": 0.829802393913269,
          "x": 0.43272969126701355,
          "y": 0.2921730875968933,
          "z": -0.19699746370315552
        },
        "scale": {
          "x": 1.0,
          "y": 1.0,
          "z": 1.0
        },
        "matrix_basis": [
          [
            0.751653790473938,
            0.5798018574714661,
            0.31439855694770813,
            0.0
          ],
          [
            -0.07407399266958237,
            0.5478740334510803,
            -0.8332749605178833,
            0.0
          ],
          [
            -0.6553851366043091,
            0.6030455827713013,
            0.454759806394577,
            0.0
          ],
          [
            0.0,
            0.0,
            0.0,
            1.0
          ]
        ],
        "rotation_mode": "QUATERNION"
      },
      "armature_space": {
        "head": {
          "x": 0.44472676515579224,
          "y": -0.0805794969201088,
          "z": 0.5174056887626648
        },
        "tail": {
          "x": 0.6086178421974182,
          "y": -0.06671314686536789,
          "z": 0.3064141273498535
        }
      },
      "world_space": {
        "head": {
          "x": 0.44472676515579224,
          "y": -0.017335496842861176,
          "z": 1.4672596454620361
        },
        "tail": {
          "x": 0.6086178421974182,
          "y": -0.0034691467881202698,
          "z": 1.2562681436538696
        },
        "rotation_quaternion": {
          "w": 0.3546387255191803,
          "x": -0.6343434453010559,
          "y": -0.6325715184211731,
          "z": 0.26775601506233215
        },
        "matrix": [
          [
            0.056315790861845016,
            0.6126208901405334,
            -0.7883679866790771,
            0.44472676515579224
          ],
          [
            0.9924488067626953,
            0.05183207988739014,
            0.11117148399353027,
            -0.017335496842861176
          ],
          [
            0.10897061228752136,
            -0.7886812686920166,
            -0.6050800681114197,
            1.4672596454620361
          ],
          [
            0.0,
            0.0,
            0.0,
            1.0
          ]
        ]
      },
      "bone_length_armature_space": 0.2675256998361555,
      "parent": "upperarm_l",
      "has_children": true,
      "is_end_bone": false
    },
    "metacarpal_thumb_l": {
      "name": "metacarpal_thumb_l",
      "local": {
        "location": {
          "x": 0.0,
          "y": 0.0,
          "z": 0.0
        },
        "rotation_quaternion": {
          "w": 0.999805748462677,
          "x": -0.011842682957649231,
          "y": 0.004312800709158182,
          "z": 0.015154113061726093
        },
        "scale": {
          "x": 1.0,
          "y": 1.0,
          "z": 1.0
        },
        "matrix_basis": [
          [
            0.999503493309021,
            -0.03040448948740959,
            0.0082649951800704,
            0.0
          ],
          [
            0.030200188979506493,
            0.9992601871490479,
            0.023811478167772293,
            0.0
          ],
          [
            -0.008982856757938862,
            -0.02355005219578743,
            0.9996823072433472,
            0.0
          ],
          [
            0.0,
            0.0,
            0.0,
            1.0
          ]
        ],
        "rotation_mode": "QUATERNION"
      },
      "armature_space": {
        "head": {
          "x": 0.6086178421974182,
          "y": -0.06671314686536789,
          "z": 0.3064141273498535
        },
        "tail": {
          "x": 0.6085946559906006,
          "y": -0.053625378757715225,
          "z": 0.25864043831825256
        }
      },
      "world_space": {
        "head": {
          "x": 0.6086178421974182,
          "y": -0.0034691467881202698,
          "z": 1.2562681436538696
        },
        "tail": {
          "x": 0.6085946559906006,
          "y": 0.009618621319532394,
          "z": 1.2084944248199463
        },
        "rotation_quaternion": {
          "w": 0.7950445413589478,
          "x": -0.606531023979187,
          "y": -0.0037766280584037304,
          "z": 0.0031756432726979256
        },
        "matrix": [
          [
            0.9999512434005737,
            -0.00046829774510115385,
            -0.009857510216534138,
            0.6086178421974182
          ],
          [
            0.009630815126001835,
            0.26421961188316345,
            0.9644145369529724,
            -0.0034691467881202698
          ],
          [
            0.002152848057448864,
            -0.9644690752029419,
            0.2642142176628113,
            1.2562681436538696
          ],
          [
            0.0,
            0.0,
            0.0,
            1.0
          ]
        ]
      },
      "bone_length_armature_space": 0.04953398455805931,
      "parent": "lowerarm_l",
      "has_children": true,
      "is_end_bone": false
    },
    "thumb_01_l": {
      "name": "thumb_01_l",
      "local": {
        "location": {
          "x": 0.0,
          "y": 0.0,
          "z": 0.0
        },
        "rotation_quaternion": {
          "w": 0.9993242621421814,
          "x": -0.03170002996921539,
          "y": -0.008715267293155193,
          "z": 0.016441617161035538
        },
        "scale": {
          "x": 1.0,
          "y": 1.0,
          "z": 1.0
        },
        "matrix_basis": [
          [
            0.9993074536323547,
            -0.032308466732501984,
            -0.018461154773831367,
            0.0
          ],
          [
            0.033413562923669815,
            0.9974495768547058,
            0.0630706325173378,
            0.0
          ],
          [
            0.016376357525587082,
            -0.06364380568265915,
            0.9978383183479309,
            0.0
          ],
          [
            0.0,
            0.0,
            0.0,
            1.0
          ]
        ],
        "rotation_mode": "QUATERNION"
      },
      "armature_space": {
        "head": {
          "x": 0.6085946559906006,
          "y": -0.053625378757715225,
          "z": 0.25864043831825256
        },
        "tail": {
          "x": 0.6020755171775818,
          "y": -0.02323215641081333,
          "z": 0.2447703331708908
        }
      },
      "world_space": {
        "head": {
          "x": 0.6085946559906006,
          "y": 0.009618621319532394,
          "z": 1.2084944248199463
        },
        "tail": {
          "x": 0.6020755171775818,
          "y": 0.04001184552907944,
          "z": 1.1946243047714233
        },
        "rotation_quaternion": {
          "w": 0.6783202290534973,
          "x": -0.21657875180244446,
          "y": 0.6973769068717957,
          "z": -0.08149121701717377
        },
        "matrix": [
          [
            0.014049269258975983,
            -0.1915220469236374,
            0.9813877940177917,
            0.6085946559906006
          ],
          [
            -0.4126289486885071,
            0.8929051756858826,
            0.1801612675189972,
            0.009618621319532394
          ],
          [
            -0.9107978343963623,
            -0.4074820578098297,
            -0.06648331880569458,
            1.2084944248199463
          ],
          [
            0.0,
            0.0,
            0.0,
            1.0
          ]
        ]
      },
      "bone_length_armature_space": 0.034038609484649915,
      "parent": "metacarpal_thumb_l",
      "has_children": true,
      "is_end_bone": false
    },
    "thumb_02_l": {
      "name": "thumb_02_l",
      "local": {
        "location": {
          "x": 0.0,
          "y": 0.0,
          "z": 0.0
        },
        "rotation_quaternion": {
          "w": 0.9967718124389648,
          "x": 0.0800878256559372,
          "y": -0.003935244400054216,
          "z": 0.004058526828885078
        },
        "scale": {
          "x": 1.0,
          "y": 1.0,
          "z": 1.0
        },
        "matrix_basis": [
          [
            0.9999361038208008,
            -0.008721180260181427,
            -0.007195004262030125,
            0.0
          ],
          [
            0.007460520137101412,
            0.9871389269828796,
            -0.1596905142068863,
            0.0
          ],
          [
            0.008495158515870571,
            0.15962663292884827,
            0.9871408939361572,
            0.0
          ],
          [
            0.0,
            0.0,
            0.0,
            1.0
          ]
        ],
        "rotation_mode": "QUATERNION"
      },
      "armature_space": {
        "head": {
          "x": 0.602075457572937,
          "y": -0.02323216199874878,
          "z": 0.2447703629732132
        },
        "tail": {
          "x": 0.6260894536972046,
          "y": -0.016939572989940643,
          "z": 0.21319624781608582
        }
      },
      "world_space": {
        "head": {
          "x": 0.602075457572937,
          "y": 0.04001183807849884,
          "z": 1.194624423980713
        },
        "tail": {
          "x": 0.6260894536972046,
          "y": 0.046304427087306976,
          "z": 1.1630502939224243
        },
        "rotation_quaternion": {
          "w": 0.42959147691726685,
          "x": 0.032405804842710495,
          "y": 0.6275240778923035,
          "z": -0.6485480070114136
        },
        "matrix": [
          [
            -0.6287998557090759,
            0.5978925824165344,
            0.4971271753311157,
            0.602075457572937
          ],
          [
            -0.5165541172027588,
            0.15667079389095306,
            -0.8417995572090149,
            0.04001183807849884
          ],
          [
            -0.581195592880249,
            -0.7861218452453613,
            0.2103297859430313,
            1.194624423980713
          ],
          [
            0.0,
            0.0,
            0.0,
            1.0
          ]
        ]
      },
      "bone_length_armature_space": 0.04016457904505727,
      "parent": "thumb_01_l",
      "has_children": true,
      "is_end_bone": false
    },
    "thumb_03_l": {
      "name": "thumb_03_l",
      "local": {
        "location": {
          "x": 0.0,
          "y": 0.0,
          "z": 0.0
        },
        "rotation_quaternion": {
          "w": 0.9974664449691772,
          "x": 0.07108885794878006,
          "y": 0.002122748177498579,
          "z": 0.0015822171699255705
        },
        "scale": {
          "x": 1.0,
          "y": 1.0,
          "z": 1.0
        },
        "matrix_basis": [
          [
            0.9999859929084778,
            -0.002854609629139304,
            0.004459696356207132,
            0.0
          ],
          [
            0.003458224469795823,
            0.9898877143859863,
            -0.14181078970432281,
            0.0
          ],
          [
            -0.004009784199297428,
            0.14182421565055847,
            0.9898837208747864,
            0.0
          ],
          [
            0.0,
            0.0,
            0.0,
            1.0
          ]
        ],
        "rotation_mode": "QUATERNION"
      },
      "armature_space": {
        "head": {
          "x": 0.626089334487915,
          "y": -0.01693955436348915,
          "z": 0.21319623291492462
        },
        "tail": {
          "x": 0.6507434844970703,
          "y": -0.02107478864490986,
          "z": 0.19581899046897888
        }
      },
      "world_space": {
        "head": {
          "x": 0.626089334487915,
          "y": 0.04630444571375847,
          "z": 1.1630502939224243
        },
        "tail": {
          "x": 0.6507434844970703,
          "y": 0.04216921329498291,
          "z": 1.1456730365753174
        },
        "rotation_quaternion": {
          "w": 0.344312459230423,
          "x": 0.29729539155960083,
          "y": 0.5599430203437805,
          "z": -0.69247967004776
        },
        "matrix": [
          [
            -0.5861286520957947,
            0.8097959756851196,
            -0.02615060657262802,
            0.626089334487915
          ],
          [
            -0.14392521977424622,
            -0.13582691550254822,
            -0.9802229404449463,
            0.04630444571375847
          ],
          [
            -0.7973381280899048,
            -0.5707770586013794,
            0.1961624026298523,
            1.1630502939224243
          ],
          [
            0.0,
            0.0,
            0.0,
            1.0
          ]
        ]
      },
      "bone_length_armature_space": 0.03044496390921374,
      "parent": "thumb_02_l",
      "has_children": false,
      "is_end_bone": true
    },
    "metacarpal_index_l": {
      "name": "metacarpal_index_l",
      "local": {
        "location": {
          "x": 0.0,
          "y": 0.0,
          "z": 0.0
        },
        "rotation_quaternion": {
          "w": 0.9968292713165283,
          "x": -0.07918106764554977,
          "y": 0.007857892662286758,
          "z": 0.00037845276528969407
        },
        "scale": {
          "x": 1.0,
          "y": 1.0,
          "z": 1.0
        },
        "matrix_basis": [
          [
            0.9998762011528015,
            -0.0019988983403891325,
            0.01560602243989706,
            0.0
          ],
          [
            -0.0004898870829492807,
            0.9874604344367981,
            0.1578659564256668,
            0.0
          ],
          [
            -0.015725888311862946,
            -0.15785406529903412,
            0.9873372316360474,
            0.0
          ],
          [
            0.0,
            0.0,
            0.0,
            1.0
          ]
        ],
        "rotation_mode": "QUATERNION"
      },
      "armature_space": {
        "head": {
          "x": 0.6086178421974182,
          "y": -0.06671314686536789,
          "z": 0.3064141273498535
        },
        "tail": {
          "x": 0.6578934192657471,
          "y": -0.06718745827674866,
          "z": 0.200107604265213
        }
      },
      "world_space": {
        "head": {
          "x": 0.6086178421974182,
          "y": -0.0034691467881202698,
          "z": 1.2562681436538696
        },
        "tail": {
          "x": 0.6578934192657471,
          "y": -0.003943458199501038,
          "z": 1.1499615907669067
        },
        "rotation_quaternion": {
          "w": 0.6280798316001892,
          "x": -0.7079890370368958,
          "y": -0.3217012882232666,
          "z": 0.027847329154610634
        },
        "matrix": [
          [
            0.79146409034729,
            0.4205414652824402,
            -0.4435417950153351,
            0.6086178421974182
          ],
          [
            0.4905053973197937,
            -0.004047989845275879,
            0.8714289665222168,
            -0.0034691467881202698
          ],
          [
            0.3646796643733978,
            -0.9072710275650024,
            -0.20948225259780884,
            1.2562681436538696
          ],
          [
            0.0,
            0.0,
            0.0,
            1.0
          ]
        ]
      },
      "bone_length_armature_space": 0.11717245605827174,
      "parent": "lowerarm_l",
      "has_children": true,
      "is_end_bone": false
    },
    "index_01_l": {
      "name": "index_01_l",
      "local": {
        "location": {
          "x": 0.0,
          "y": 0.0,
          "z": 0.0
        },
        "rotation_quaternion": {
          "w": 0.9910435080528259,
          "x": -0.1334850937128067,
          "y": 0.00040648813592270017,
          "z": 0.0038019416388124228
        },
        "scale": {
          "x": 1.0,
          "y": 1.0,
          "z": 1.0
        },
        "matrix_basis": [
          [
            0.9999707341194153,
            -0.007644299417734146,
            -0.00020931020844727755,
            0.0
          ],
          [
            0.007427258882671595,
            0.9643345475196838,
            0.26458215713500977,
            0.0
          ],
          [
            -0.0018206998938694596,
            -0.2645759880542755,
            0.964363157749176,
            0.0
          ],
          [
            0.0,
            0.0,
            0.0,
            1.0
          ]
        ],
        "rotation_mode": "QUATERNION"
      },
      "armature_space": {
        "head": {
          "x": 0.6578934192657471,
          "y": -0.06718745827674866,
          "z": 0.200107604265213
        },
        "tail": {
          "x": 0.6802175641059875,
          "y": -0.07265917956829071,
          "z": 0.18323257565498352
        }
      },
      "world_space": {
        "head": {
          "x": 0.6578934192657471,
          "y": -0.003943458199501038,
          "z": 1.1499615907669067
        },
        "tail": {
          "x": 0.6802175641059875,
          "y": -0.00941517949104309,
          "z": 1.1330865621566772
        },
        "rotation_quaternion": {
          "w": 0.4860534071922302,
          "x": -0.7528205513954163,
          "y": -0.4096403121948242,
          "z": -0.17090381681919098
        },
        "matrix": [
          [
            0.6059722304344177,
            0.78290855884552,
            -0.14089642465114594,
            0.6578934192657471
          ],
          [
            0.45063769817352295,
            -0.19189347326755524,
            0.8718388676643372,
            -0.003943458199501038
          ],
          [
            0.6555381417274475,
            -0.5918079018592834,
            -0.4690926671028137,
            1.1499615907669067
          ],
          [
            0.0,
            0.0,
            0.0,
            1.0
          ]
        ]
      },
      "bone_length_armature_space": 0.02851444815013129,
      "parent": "metacarpal_index_l",
      "has_children": true,
      "is_end_bone": false
    },
    "index_02_l": {
      "name": "index_02_l",
      "local": {
        "location": {
          "x": 0.0,
          "y": 0.0,
          "z": 0.0
        },
        "rotation_quaternion": {
          "w": 0.9998925924301147,
          "x": 0.011542774736881256,
          "y": 0.0019131775479763746,
          "z": -0.008840237744152546
        },
        "scale": {
          "x": 1.0,
          "y": 1.0,
          "z": 1.0
        },
        "matrix_basis": [
          [
            0.9998363852500916,
            0.01772274263203144,
            0.003621862269937992,
            0.0
          ],
          [
            -0.01763441041111946,
            0.9995772242546082,
            -0.02311689592897892,
            0.0
          ],
          [
            -0.004030026029795408,
            0.02304924465715885,
            0.9997262358665466,
            0.0
          ],
          [
            0.0,
            0.0,
            0.0,
            1.0
          ]
        ],
        "rotation_mode": "QUATERNION"
      },
      "armature_space": {
        "head": {
          "x": 0.6802176833152771,
          "y": -0.07265908271074295,
          "z": 0.18323203921318054
        },
        "tail": {
          "x": 0.7010506391525269,
          "y": -0.0772620290517807,
          "z": 0.1689879596233368
        }
      },
      "world_space": {
        "head": {
          "x": 0.6802176833152771,
          "y": -0.00941508263349533,
          "z": 1.133086085319519
        },
        "tail": {
          "x": 0.7010506391525269,
          "y": -0.014018028974533081,
          "z": 1.1188420057296753
        },
        "rotation_quaternion": {
          "w": 0.46444272994995117,
          "x": -0.7508270740509033,
          "y": -0.44110995531082153,
          "z": -0.16116388142108917
        },
        "matrix": [
          [
            0.5588950514793396,
            0.8120977282524109,
            -0.167730450630188,
            0.6802176833152771
          ],
          [
            0.512694776058197,
            -0.17942924797534943,
            0.8396128416061401,
            -0.00941508263349533
          ],
          [
            0.651757001876831,
            -0.5552542209625244,
            -0.5166432857513428,
            1.133086085319519
          ],
          [
            0.0,
            0.0,
            0.0,
            1.0
          ]
        ]
      },
      "bone_length_armature_space": 0.025653322491176852,
      "parent": "index_01_l",
      "has_children": true,
      "is_end_bone": false
    },
    "index_03_l": {
      "name": "index_03_l",
      "local": {
        "location": {
          "x": 0.0,
          "y": 0.0,
          "z": 0.0
        },
        "rotation_quaternion": {
          "w": 0.9998149871826172,
          "x": 0.018858447670936584,
          "y": -0.0037098932079970837,
          "z": 0.00082268042024225
        },
        "scale": {
          "x": 1.0,
          "y": 1.0,
          "z": 1.0
        },
        "matrix_basis": [
          [
            0.9999710917472839,
            -0.0017849820433184505,
            -0.00738738477230072,
            0.0
          ],
          [
            0.0015051307855173945,
            0.9992873668670654,
            -0.03771601989865303,
            0.0
          ],
          [
            0.007449442520737648,
            0.03770381212234497,
            0.999261200428009,
            0.0
          ],
          [
            0.0,
            0.0,
            0.0,
            1.0
          ]
        ],
        "rotation_mode": "QUATERNION"
      },
      "armature_space": {
        "head": {
          "x": 0.7010506391525269,
          "y": -0.07726216316223145,
          "z": 0.16898801922798157
        },
        "tail": {
          "x": 0.7253686189651489,
          "y": -0.07799091935157776,
          "z": 0.15280656516551971
        }
      },
      "world_space": {
        "head": {
          "x": 0.7010506391525269,
          "y": -0.014018163084983826,
          "z": 1.1188420057296753
        },
        "tail": {
          "x": 0.7253686189651489,
          "y": -0.01474691927433014,
          "z": 1.1026605367660522
        },
        "rotation_quaternion": {
          "w": 0.5177788734436035,
          "x": -0.6939237713813782,
          "y": -0.46843793988227844,
          "z": -0.17590011656284332
        },
        "matrix": [
          [
            0.49924832582473755,
            0.8322755098342896,
            -0.24097400903701782,
            0.7010506391525269
          ],
          [
            0.4679689407348633,
            -0.02494140714406967,
            0.8833931684494019,
            -0.014018163084983826
          ],
          [
            0.729221761226654,
            -0.5538050532341003,
            -0.40193310379981995,
            1.1188420057296753
          ],
          [
            0.0,
            0.0,
            0.0,
            1.0
          ]
        ]
      },
      "bone_length_armature_space": 0.02921873886682713,
      "parent": "index_02_l",
      "has_children": false,
      "is_end_bone": true
    },
    "metacarpal_pinky_l": {
      "name": "metacarpal_pinky_l",
      "local": {
        "location": {
          "x": 0.0,
          "y": 0.0,
          "z": 0.0
        },
        "rotation_quaternion": {
          "w": 0.9992417097091675,
          "x": -0.03262108564376831,
          "y": 0.011912732385098934,
          "z": -0.017604349181056023
        },
        "scale": {
          "x": 1.0,
          "y": 1.0,
          "z": 1.0
        },
        "matrix_basis": [
          [
            0.9990963339805603,
            0.03440478816628456,
            0.02495594322681427,
            0.0
          ],
          [
            -0.035959213972091675,
            0.9972519278526306,
            0.06477326899766922,
            0.0
          ],
          [
            -0.022658852860331535,
            -0.06561212986707687,
            0.9975879192352295,
            0.0
          ],
          [
            0.0,
            0.0,
            0.0,
            1.0
          ]
        ],
        "rotation_mode": "QUATERNION"
      },
      "armature_space": {
        "head": {
          "x": 0.6086178421974182,
          "y": -0.06671314686536789,
          "z": 0.3064141273498535
        },
        "tail": {
          "x": 0.6936008334159851,
          "y": -0.05685923621058464,
          "z": 0.24705037474632263
        }
      },
      "world_space": {
        "head": {
          "x": 0.6086178421974182,
          "y": -0.0034691467881202698,
          "z": 1.2562681436538696
        },
        "tail": {
          "x": 0.6936008334159851,
          "y": 0.006384763866662979,
          "z": 1.1969044208526611
        },
        "rotation_quaternion": {
          "w": 0.19870752096176147,
          "x": 0.42781862616539,
          "y": 0.7126226425170898,
          "z": -0.519283652305603
        },
        "matrix": [
          [
            -0.5549716353416443,
            0.816118061542511,
            -0.1611136794090271,
            0.6086178421974182
          ],
          [
            0.40337809920310974,
            0.094630166888237,
            -0.9101272225379944,
            -0.0034691467881202698
          ],
          [
            -0.7275298237800598,
            -0.5700885653495789,
            -0.381725013256073,
            1.2562681436538696
          ],
          [
            0.0,
            0.0,
            0.0,
            1.0
          ]
        ]
      },
      "bone_length_armature_space": 0.10413099346870663,
      "parent": "lowerarm_l",
      "has_children": true,
      "is_end_bone": false
    },
    "pinky_01_l": {
      "name": "pinky_01_l",
      "local": {
        "location": {
          "x": 0.0,
          "y": 0.0,
          "z": 0.0
        },
        "rotation_quaternion": {
          "w": 0.9538533687591553,
          "x": 0.2999730706214905,
          "y": 0.012411817908287048,
          "z": -0.0050975545309484005
        },
        "scale": {
          "x": 1.0,
          "y": 1.0,
          "z": 1.0
        },
        "matrix_basis": [
          [
            0.9996399283409119,
            0.017171060666441917,
            0.020619850605726242,
            0.0
          ],
          [
            -0.0022782168816775084,
            0.8199803233146667,
            -0.572387158870697,
            0.0
          ],
          [
            -0.026736367493867874,
            0.5721341371536255,
            0.8197242021560669,
            0.0
          ],
          [
            0.0,
            0.0,
            0.0,
            1.0
          ]
        ],
        "rotation_mode": "QUATERNION"
      },
      "armature_space": {
        "head": {
          "x": 0.6936008334159851,
          "y": -0.05685923621058464,
