{
  "metadata": {
    "armature_name": "KIM_caucasian_male",
    "export_time": "2026-01-13T21:05:25.629076",
    "blender_version": "4.4.1",
    "bone_count": 56,
    "end_bone_count": 13,
    "spaces_included": [
      "LOCAL_CHANNELS",
      "ARMATURE_SPACE",
      "WORLD_SPACE"
    ],
    "note": "LOCAL matches Transform panel; replay pose via local.matrix_basis for best fidelity."
  },
  "bones": {
    "Root": {
      "name": "Root",
      "local": {
        "location": {
          "x": 0.0,
          "y": 0.0,
          "z": 0.0
        },
        "rotation_quaternion": {
          "w": 0.9994398355484009,
          "x": 0.016628718003630638,
          "y": 0.015882955864071846,
          "z": -0.024316854774951935
        },
        "scale": {
          "x": 1.0,
          "y": 1.0,
          "z": 1.0
        },
        "matrix_basis": [
          [
            0.9983128309249878,
            0.049134694039821625,
            0.03093940205872059,
            0.0
          ],
          [
            -0.04807823896408081,
            0.9982643723487854,
            -0.03401125222444534,
            0.0
          ],
          [
            -0.03255683556199074,
            0.03246635943651199,
            0.9989424347877502,
            0.0
          ],
          [
            0.0,
            0.0,
            0.0,
            1.0
          ]
        ],
        "rotation_mode": "QUATERNION"
      },
      "armature_space": {
        "head": {
          "x": 0.0,
          "y": 0.07072800397872925,
          "z": -0.009595036506652832
        },
        "tail": {
          "x": 0.0035070315934717655,
          "y": -0.00018875300884246826,
          "z": -0.0023129512555897236
        }
      },
      "world_space": {
        "head": {
          "x": 0.0,
          "y": 0.13397200405597687,
          "z": 0.9402589797973633
        },
        "tail": {
          "x": 0.0035070315934717655,
          "y": 0.06305524706840515,
          "z": 0.9475410580635071
        },
        "rotation_quaternion": {
          "w": 0.05073897913098335,
          "x": 0.9982895255088806,
          "y": 0.025331612676382065,
          "z": 0.014208702370524406
        },
        "matrix": [
          [
            0.9983128309249878,
            0.049134694039821625,
            0.03093940205872059,
            0.0
          ],
          [
            0.05201844498515129,
            -0.993567705154419,
            -0.1005849838256836,
            0.13397200405597687
          ],
          [
            0.025798406451940536,
            0.10202447324991226,
            -0.9944543242454529,
            0.9402589797973633
          ],
          [
            0.0,
            0.0,
            0.0,
            1.0
          ]
        ]
      },
      "bone_length_armature_space": 0.07137586876685746,
      "parent": null,
      "has_children": true,
      "is_end_bone": false
    },
    "spine_01": {
      "name": "spine_01",
      "local": {
        "location": {
          "x": 0.0,
          "y": 0.0,
          "z": 0.0
        },
        "rotation_quaternion": {
          "w": 0.9974574446678162,
          "x": -0.02974223718047142,
          "y": -0.042117033153772354,
          "z": -0.04919734597206116
        },
        "scale": {
          "x": 1.0,
          "y": 1.0,
          "z": 1.0
        },
        "matrix_basis": [
          [
            0.9916115403175354,
            0.10064982622861862,
            -0.08109341561794281,
            0.0
          ],
          [
            -0.09563920646905899,
            0.9933900237083435,
            0.06347732245922089,
            0.0
          ],
          [
            0.08694637566804886,
            -0.055189140141010284,
            0.9946830868721008,
            0.0
          ],
          [
            0.0,
            0.0,
            0.0,
            1.0
          ]
        ],
        "rotation_mode": "QUATERNION"
      },
      "armature_space": {
        "head": {
          "x": 0.0035070315934717655,
          "y": -0.00018875300884246826,
          "z": -0.0023129512555897236
        },
        "tail": {
          "x": 0.038304757326841354,
          "y": 0.0354611836373806,
          "z": 0.483142226934433
        }
      },
      "world_space": {
        "head": {
          "x": 0.0035070315934717655,
          "y": 0.06305524706840515,
          "z": 0.9475410580635071
        },
        "tail": {
          "x": 0.038304757326841354,
          "y": 0.09870518743991852,
          "z": 1.4329962730407715
        },
        "rotation_quaternion": {
          "w": 0.7323674559593201,
          "x": 0.6797943711280823,
          "y": 0.012814266607165337,
          "z": -0.036787889897823334
        },
        "matrix": [
          [
            0.9969648122787476,
            0.07130663096904755,
            -0.031247355043888092,
            0.0035070315934717655
          ],
          [
            -0.03646286576986313,
            0.07305296510457993,
            -0.9966613054275513,
            0.06305524706840515
          ],
          [
            -0.06878636032342911,
            0.9947826862335205,
            0.07543089240789413,
            0.9475410580635071
          ],
          [
            0.0,
            0.0,
            0.0,
            1.0
          ]
        ]
      },
      "bone_length_armature_space": 0.4880046480650746,
      "parent": "Root",
      "has_children": true,
      "is_end_bone": false
    },
    "neck_01": {
      "name": "neck_01",
      "local": {
        "location": {
          "x": 0.0,
          "y": 0.0,
          "z": 0.0
        },
        "rotation_quaternion": {
          "w": 0.9974590539932251,
          "x": -0.05527591332793236,
          "y": 0.03423468768596649,
          "z": 0.02912141941487789
        },
        "scale": {
          "x": 1.0,
          "y": 1.0,
          "z": 1.0
        },
        "matrix_basis": [
          [
            0.9959598779678345,
            -0.06187955290079117,
            0.06507597118616104,
            0.0
          ],
          [
            0.054310139268636703,
            0.9921930432319641,
            0.11226484924554825,
            0.0
          ],
          [
            -0.07151482254266739,
            -0.10827699303627014,
            0.9915451407432556,
            0.0
          ],
          [
            0.0,
            0.0,
            0.0,
            1.0
          ]
        ],
        "rotation_mode": "QUATERNION"
      },
      "armature_space": {
        "head": {
          "x": 0.042442046105861664,
          "y": 0.006245356053113937,
          "z": 0.5585946440696716
        },
        "tail": {
          "x": 0.042260874062776566,
          "y": -0.014612272381782532,
          "z": 0.6589723825454712
        }
      },
      "world_space": {
        "head": {
          "x": 0.042442046105861664,
          "y": 0.06948935985565186,
          "z": 1.508448600769043
        },
        "tail": {
          "x": 0.042260874062776566,
          "y": 0.04863172769546509,
          "z": 1.6088263988494873
        },
        "rotation_quaternion": {
          "w": 0.6310809254646301,
          "x": 0.7756862640380859,
          "y": 0.0036378263030201197,
          "z": 0.0058714961633086205
        },
        "matrix": [
          [
            0.9999045729637146,
            -0.0017671510577201843,
            0.01370038092136383,
            0.042442046105861664
          ],
          [
            0.013054385781288147,
            -0.20344670116901398,
            -0.978999137878418,
            0.06948935985565186
          ],
          [
            0.004517382010817528,
            0.9790910482406616,
            -0.20340658724308014,
            1.508448600769043
          ],
          [
            0.0,
            0.0,
            0.0,
            1.0
          ]
        ]
      },
      "bone_length_armature_space": 0.10252201568733585,
      "parent": "spine_01",
      "has_children": true,
      "is_end_bone": false
    },
    "head": {
      "name": "head",
      "local": {
        "location": {
          "x": 0.0,
          "y": 0.0,
          "z": 0.0
        },
        "rotation_quaternion": {
          "w": 0.9826650023460388,
          "x": -0.06087607890367508,
          "y": 0.14776620268821716,
          "z": -0.09396111220121384
        },
        "scale": {
          "x": 1.0,
          "y": 1.0,
          "z": 1.0
        },
        "matrix_basis": [
          [
            0.9386729001998901,
            0.16667373478412628,
            0.3018493056297302,
            0.0
          ],
          [
            -0.20265544950962067,
            0.9749308228492737,
            0.09187302738428116,
            0.0
          ],
          [
            -0.2789693772792816,
            -0.14741013944149017,
            0.9489185214042664,
            0.0
          ],
          [
            0.0,
            0.0,
            0.0,
            1.0
          ]
        ],
        "rotation_mode": "QUATERNION"
      },
      "armature_space": {
        "head": {
          "x": 0.042260877788066864,
          "y": -0.014612410217523575,
          "z": 0.6589722633361816
        },
        "tail": {
          "x": 0.06680677831172943,
          "y": 0.03303052484989166,
          "z": 0.8045089840888977
        }
      },
      "world_space": {
        "head": {
          "x": 0.042260877788066864,
          "y": 0.048631589859724045,
          "z": 1.6088262796401978
        },
        "tail": {
          "x": 0.06680677831172943,
          "y": 0.09627452492713928,
          "z": 1.7543630599975586
        },
        "rotation_quaternion": {
          "w": 0.7894508242607117,
          "x": 0.5878198742866516,
          "y": 0.17425398528575897,
          "z": 0.029508620500564575
        },
        "matrix": [
          [
            0.9375299215316772,
            0.158268541097641,
            0.30982041358947754,
            0.042260877788066864
          ],
          [
            0.2514500319957733,
            0.3071949779987335,
            -0.9178259372711182,
            0.048631589859724045
          ],
          [
            -0.24043968319892883,
            0.9384004473686218,
            0.2482086420059204,
            1.6088262796401978
          ],
          [
            0.0,
            0.0,
            0.0,
            1.0
          ]
        ]
      },
      "bone_length_armature_space": 0.15509122302547423,
      "parent": "neck_01",
      "has_children": false,
      "is_end_bone": true
    },
    "upperarm_l": {
      "name": "upperarm_l",
      "local": {
        "location": {
          "x": 0.0,
          "y": 0.0,
          "z": 0.0
        },
        "rotation_quaternion": {
          "w": 0.9790295362472534,
          "x": -0.043044693768024445,
          "y": 0.12207897007465363,
          "z": -0.15730522572994232
        },
        "scale": {
          "x": 1.0,
          "y": 1.0,
          "z": 1.0
        },
        "matrix_basis": [
          [
            0.9207035899162292,
            0.2975032329559326,
            0.2525801360607147,
            0.0
          ],
          [
            -0.3185226321220398,
            0.9468044638633728,
            0.04587673395872116,
            0.0
          ],
          [
            -0.22549551725387573,
            -0.12269137054681778,
            0.9664877653121948,
            0.0
          ],
          [
            0.0,
            0.0,
            0.0,
            1.0
          ]
        ],
        "rotation_mode": "QUATERNION"
      },
      "armature_space": {
        "head": {
          "x": 0.1870947629213333,
          "y": -0.0073122791945934296,
          "z": 0.4816601574420929
        },
        "tail": {
          "x": 0.4320772886276245,
          "y": 0.021924640983343124,
          "z": 0.37708228826522827
        }
      },
      "world_space": {
        "head": {
          "x": 0.1870947629213333,
          "y": 0.05593172088265419,
          "z": 1.4315141439437866
        },
        "tail": {
          "x": 0.4320772886276245,
          "y": 0.08516864478588104,
          "z": 1.3269362449645996
        },
        "rotation_quaternion": {
          "w": 0.3520526587963104,
          "x": 0.4170273542404175,
          "y": 0.6562100648880005,
          "z": -0.5210906267166138
        },
        "matrix": [
          [
            -0.4042932987213135,
            0.9142181277275085,
            0.027422219514846802,
            0.1870947629213333
          ],
          [
            0.18041448295116425,
            0.1091054305434227,
            -0.9775207042694092,
            0.05593172088265419
          ],
          [
            -0.8966652154922485,
            -0.3902604281902313,
            -0.20905113220214844,
            1.4315141439437866
          ],
          [
            0.0,
            0.0,
            0.0,
            1.0
          ]
        ]
      },
      "bone_length_armature_space": 0.26796971127088115,
      "parent": "spine_01",
      "has_children": true,
      "is_end_bone": false
    },
    "lowerarm_l": {
      "name": "lowerarm_l",
      "local": {
        "location": {
          "x": 0.0,
          "y": 0.0,
          "z": 0.0
        },
        "rotation_quaternion": {
          "w": 0.95242840051651,
          "x": 0.2468729466199875,
          "y": -0.09659714251756668,
          "z": 0.15034279227256775
        },
        "scale": {
          "x": 1.0,
          "y": 1.0,
          "z": 1.0
        },
        "matrix_basis": [
          [
            0.9361320734024048,
            -0.334075927734375,
            -0.10977258533239365,
            0.0
          ],
          [
            0.23868705332279205,
            0.8329015970230103,
            -0.4993029832839966,
            0.0
          ],
          [
            0.2582348585128784,
            0.4412122368812561,
            0.8594454526901245,
            0.0
          ],
          [
            0.0,
            0.0,
            0.0,
            1.0
          ]
        ],
        "rotation_mode": "QUATERNION"
      },
      "armature_space": {
        "head": {
          "x": 0.43207740783691406,
          "y": 0.02192457765340805,
          "z": 0.37708234786987305
        },
        "tail": {
          "x": 0.6682091951370239,
          "y": -0.10379616171121597,
          "z": 0.37940657138824463
        }
      },
      "world_space": {
        "head": {
          "x": 0.43207740783691406,
          "y": 0.08516857773065567,
          "z": 1.3269363641738892
        },
        "tail": {
          "x": 0.6682091951370239,
          "y": -0.04055216163396835,
          "z": 1.3292605876922607
        },
        "rotation_quaternion": {
          "w": 0.4086828827857971,
          "x": 0.5280091166496277,
          "y": 0.3130614459514618,
          "z": -0.6754088997840881
        },
        "matrix": [
          [
            -0.1083688884973526,
            0.8826547861099243,
            -0.4573577642440796,
            0.43207740783691406
          ],
          [
            -0.22145836055278778,
            -0.46994107961654663,
            -0.8544657230377197,
            0.08516857773065567
          ],
          [
            -0.9691367149353027,
            0.008687861263751984,
            0.24639925360679626,
            1.3269363641738892
          ],
          [
            0.0,
            0.0,
            0.0,
            1.0
          ]
        ]
      },
      "bone_length_armature_space": 0.2675244395314618,
      "parent": "upperarm_l",
      "has_children": true,
      "is_end_bone": false
    },
    "metacarpal_thumb_l": {
      "name": "metacarpal_thumb_l",
      "local": {
        "location": {
          "x": 0.0,
          "y": 0.0,
          "z": 0.0
        },
        "rotation_quaternion": {
          "w": 0.9995440244674683,
          "x": -0.028778426349163055,
          "y": 0.006874340120702982,
          "z": 0.006037889514118433
        },
        "scale": {
          "x": 1.0,
          "y": 1.0,
          "z": 1.0
        },
        "matrix_basis": [
          [
            0.9998325705528259,
            -0.012465937994420528,
            0.013394889421761036,
            0.0
          ],
          [
            0.011674607172608376,
            0.9982706904411316,
            0.05761362239718437,
            0.0
          ],
          [
            -0.014089932665228844,
            -0.05744759365916252,
            0.9982491135597229,
            0.0
          ],
          [
            0.0,
            0.0,
            0.0,
            1.0
          ]
        ],
        "rotation_mode": "QUATERNION"
      },
      "armature_space": {
        "head": {
          "x": 0.6682091951370239,
          "y": -0.10379616171121597,
          "z": 0.37940657138824463
        },
        "tail": {
          "x": 0.6884923577308655,
          "y": -0.14895588159561157,
          "z": 0.38107308745384216
        }
      },
      "world_space": {
        "head": {
          "x": 0.6682091951370239,
          "y": -0.04055216163396835,
          "z": 1.3292605876922607
        },
        "tail": {
          "x": 0.6884923577308655,
          "y": -0.08571188151836395,
          "z": 1.3309271335601807
        },
        "rotation_quaternion": {
          "w": 0.04249049723148346,
          "x": 0.9704508185386658,
          "y": 0.2057807892560959,
          "z": -0.11863493919372559
        },
        "matrix": [
          [
            0.8871597647666931,
            0.4094819128513336,
            -0.21277111768722534,
            0.6682091951370239
          ],
          [
            0.38931843638420105,
            -0.9116974472999573,
            -0.13129618763923645,
            -0.04055216163396835
          ],
          [
            -0.24774770438671112,
            0.03364439681172371,
            -0.9682474732398987,
            1.3292605876922607
          ],
          [
            0.0,
            0.0,
            0.0,
            1.0
          ]
        ]
      },
      "bone_length_armature_space": 0.049533668893424546,
      "parent": "lowerarm_l",
      "has_children": true,
      "is_end_bone": false
    },
    "thumb_01_l": {
      "name": "thumb_01_l",
      "local": {
        "location": {
          "x": 0.0,
          "y": 0.0,
          "z": 0.0
        },
        "rotation_quaternion": {
          "w": 0.9993170499801636,
          "x": 0.03582305461168289,
          "y": 0.00907210074365139,
          "z": -8.87597070686752e-06
        },
        "scale": {
          "x": 1.0,
          "y": 1.0,
          "z": 1.0
        },
        "matrix_basis": [
          [
            0.9998353719711304,
            0.0006677205674350262,
            0.01813117414712906,
            0.0
          ],
          [
            0.0006322409026324749,
            0.9974334239959717,
            -0.07159733772277832,
            0.0
          ],
          [
            -0.018132446333765984,
            0.07159701734781265,
            0.997268795967102,
            0.0
          ],
          [
            0.0,
            0.0,
            0.0,
            1.0
          ]
        ],
        "rotation_mode": "QUATERNION"
      },
      "armature_space": {
        "head": {
          "x": 0.6884923577308655,
          "y": -0.14895588159561157,
          "z": 0.38107308745384216
        },
        "tail": {
          "x": 0.6908624768257141,
          "y": -0.17357933521270752,
          "z": 0.3576914370059967
        }
      },
      "world_space": {
        "head": {
          "x": 0.6884923577308655,
          "y": -0.08571188151836395,
          "z": 1.3309271335601807
        },
        "tail": {
          "x": 0.6908624768257141,
          "y": -0.1103353351354599,
          "z": 1.3075454235076904
        },
        "rotation_quaternion": {
          "w": 0.3303835391998291,
          "x": -0.7774903178215027,
          "y": 0.1707279235124588,
          "z": -0.507156252861023
        },
        "matrix": [
          [
            0.4272899925708771,
            0.06963115185499191,
            0.9014290571212769,
            0.6884923577308655
          ],
          [
            -0.6005901098251343,
            -0.7233983278274536,
            0.34056735038757324,
            -0.08571188151836395
          ],
          [
            0.675810694694519,
            -0.6869162917137146,
            -0.26728272438049316,
            1.3309271335601807
          ],
          [
            0.0,
            0.0,
            0.0,
            1.0
          ]
        ]
      },
      "bone_length_armature_space": 0.03403870620243068,
      "parent": "metacarpal_thumb_l",
      "has_children": true,
      "is_end_bone": false
    },
    "thumb_02_l": {
      "name": "thumb_02_l",
      "local": {
        "location": {
          "x": 0.0,
          "y": 0.0,
          "z": 0.0
        },
        "rotation_quaternion": {
          "w": 0.9827724695205688,
          "x": 0.18434591591358185,
          "y": 0.005317097995430231,
          "z": 0.012110481970012188
        },
        "scale": {
          "x": 1.0,
          "y": 1.0,
          "z": 1.0
        },
        "matrix_basis": [
          [
            0.9996501207351685,
            -0.021843325346708298,
            0.014916030690073967,
            0.0
          ],
          [
            0.025764066725969315,
            0.931739866733551,
            -0.3622114062309265,
            0.0
          ],
          [
            -0.005985959433019161,
            0.362468957901001,
            0.9319766163825989,
            0.0
          ],
          [
            0.0,
            0.0,
            0.0,
            1.0
          ]
        ],
        "rotation_mode": "QUATERNION"
      },
      "armature_space": {
        "head": {
          "x": 0.6908624172210693,
          "y": -0.17357932031154633,
          "z": 0.3576914072036743
        },
        "tail": {
          "x": 0.7291219234466553,
          "y": -0.18398742377758026,
          "z": 0.3640994131565094
        }
      },
      "world_space": {
        "head": {
          "x": 0.6908624172210693,
          "y": -0.1103353202342987,
          "z": 1.3075454235076904
        },
        "tail": {
          "x": 0.7291219234466553,
          "y": -0.12074342370033264,
          "z": 1.3139533996582031
        },
        "rotation_quaternion": {
          "w": 0.5266624093055725,
          "x": -0.27880948781967163,
          "y": -0.30505210161209106,
          "z": -0.7428560853004456
        },
        "matrix": [
          [
            -0.28978288173675537,
            0.9525718688964844,
            0.09290933609008789,
            0.6908624172210693
          ],
          [
            -0.6123664379119873,
            -0.259137362241745,
            0.7468968629837036,
            -0.1103353202342987
          ],
          [
            0.7355541586875916,
            0.15954430401325226,
            0.6584222316741943,
            1.3075454235076904
          ],
          [
            0.0,
            0.0,
            0.0,
            1.0
          ]
        ]
      },
      "bone_length_armature_space": 0.04016442456603782,
      "parent": "thumb_01_l",
      "has_children": true,
      "is_end_bone": false
    },
    "thumb_03_l": {
      "name": "thumb_03_l",
      "local": {
        "location": {
          "x": 0.0,
          "y": 0.0,
          "z": 0.0
        },
        "rotation_quaternion": {
          "w": 0.9962654709815979,
          "x": 0.08628090471029282,
          "y": -0.002263106871396303,
          "z": -0.002399708377197385
        },
        "scale": {
          "x": 1.0,
          "y": 1.0,
          "z": 1.0
        },
        "matrix_basis": [
          [
            0.999978244304657,
            0.004390967544168234,
            -0.004923408385366201,
            0.0
          ],
          [
            -0.005172018893063068,
            0.9850996732711792,
            -0.171906515955925,
            0.0
          ],
          [
            0.004095212556421757,
            0.17192822694778442,
            0.9851009845733643,
            0.0
          ],
          [
            0.0,
            0.0,
            0.0,
            1.0
          ]
        ],
        "rotation_mode": "QUATERNION"
      },
      "armature_space": {
        "head": {
          "x": 0.7291218638420105,
          "y": -0.18398748338222504,
          "z": 0.3640994131565094
        },
        "tail": {
          "x": 0.7572801113128662,
          "y": -0.1799078732728958,
          "z": 0.37493276596069336
        }
      },
      "world_space": {
        "head": {
          "x": 0.7291218638420105,
          "y": -0.12074348330497742,
          "z": 1.3139533996582031
        },
        "tail": {
          "x": 0.7572801113128662,
          "y": -0.1166638731956482,
          "z": 1.3247867822647095
        },
        "rotation_quaternion": {
          "w": 0.6833023428916931,
          "x": -0.04363201931118965,
          "y": -0.3163844048976898,
          "z": -0.6565783619880676
        },
        "matrix": [
          [
            -0.06239033117890358,
            0.924892783164978,
            -0.37507373094558716,
            0.7291218638420105
          ],
          [
            -0.8696727752685547,
            0.1340000033378601,
            0.47509273886680603,
            -0.12074348330497742
          ],
          [
            0.4896725118160248,
            0.3558353781700134,
            0.7960002422332764,
            1.3139533996582031
          ],
          [
            0.0,
            0.0,
            0.0,
            1.0
          ]
        ]
      },
      "bone_length_armature_space": 0.03044489508081349,
      "parent": "thumb_02_l",
      "has_children": false,
      "is_end_bone": true
    },
    "metacarpal_index_l": {
      "name": "metacarpal_index_l",
      "local": {
        "location": {
          "x": 0.0,
          "y": 0.0,
          "z": 0.0
        },
        "rotation_quaternion": {
          "w": 0.9993127584457397,
          "x": -0.034688178449869156,
          "y": -0.01306035928428173,
          "z": 0.0003911019302904606
        },
        "scale": {
          "x": 1.0,
          "y": 1.0,
          "z": 1.0
        },
        "matrix_basis": [
          [
            0.9996585249900818,
            0.0001244138547917828,
            -0.02612990140914917,
            0.0
          ],
          [
            0.0016877464950084686,
            0.9975931644439697,
            0.06931846588850021,
            0.0
          ],
          [
            0.026075633242726326,
            -0.06933889538049698,
            0.9972522854804993,
            0.0
          ],
          [
            0.0,
            0.0,
            0.0,
            1.0
          ]
        ],
        "rotation_mode": "QUATERNION"
      },
      "armature_space": {
        "head": {
          "x": 0.6682091951370239,
          "y": -0.10379616171121597,
          "z": 0.37940657138824463
        },
        "tail": {
          "x": 0.7536742687225342,
          "y": -0.1834072470664978,
          "z": 0.3887346386909485
        }
      },
      "world_space": {
        "head": {
          "x": 0.6682091951370239,
          "y": -0.04055216163396835,
          "z": 1.3292605876922607
        },
        "tail": {
          "x": 0.7536742687225342,
          "y": -0.12016324698925018,
          "z": 1.3385887145996094
        },
        "rotation_quaternion": {
          "w": 0.20422254502773285,
          "x": 0.8342364430427551,
          "y": 0.34434419870376587,
          "z": -0.37916991114616394
        },
        "matrix": [
          [
            0.47531378269195557,
            0.7293998599052429,
            -0.49198779463768005,
            0.6682091951370239
          ],
          [
            0.41965916752815247,
            -0.6794393062591553,
            -0.6018708348274231,
            -0.04055216163396835
          ],
          [
            -0.7732856273651123,
            0.07961030304431915,
            -0.6290513873100281,
            1.3292605876922607
          ],
          [
            0.0,
            0.0,
            0.0,
            1.0
          ]
        ]
      },
      "bone_length_armature_space": 0.11717173878904422,
      "parent": "lowerarm_l",
      "has_children": true,
      "is_end_bone": false
    },
    "index_01_l": {
      "name": "index_01_l",
      "local": {
        "location": {
          "x": 0.0,
          "y": 0.0,
          "z": 0.0
        },
        "rotation_quaternion": {
          "w": 0.9968520402908325,
          "x": -0.07780652493238449,
          "y": -0.00854461919516325,
          "z": -0.012621939182281494
        },
        "scale": {
          "x": 1.0,
          "y": 1.0,
          "z": 1.0
        },
        "matrix_basis": [
          [
            0.9995353817939758,
            0.026494065299630165,
            -0.015071303583681583,
            0.0
          ],
          [
            -0.02383475750684738,
            0.9875736832618713,
            0.15533888339996338,
            0.0
          ],
          [
            0.018999580293893814,
            -0.1549074798822403,
            0.9877462387084961,
            0.0
          ],
          [
            0.0,
            0.0,
            0.0,
            1.0
          ]
        ],
        "rotation_mode": "QUATERNION"
      },
      "armature_space": {
        "head": {
          "x": 0.7536742687225342,
          "y": -0.1834072470664978,
          "z": 0.3887346386909485
        },
        "tail": {
          "x": 0.7810085415840149,
          "y": -0.19149444997310638,
          "z": 0.38802507519721985
        }
      },
      "world_space": {
        "head": {
          "x": 0.7536742687225342,
          "y": -0.12016324698925018,
          "z": 1.3385887145996094
        },
        "tail": {
          "x": 0.7810085415840149,
          "y": -0.12825044989585876,
          "z": 1.3378790616989136
        },
        "rotation_quaternion": {
          "w": 0.23947252333164215,
          "x": 0.7256377935409546,
          "y": 0.5484910011291504,
          "z": -0.3395003378391266
        },
        "matrix": [
          [
            0.16779299080371857,
            0.9586140513420105,
            -0.2300087958574295,
            0.7536742687225342
          ],
          [
            0.6334093809127808,
            -0.28361842036247253,
            -0.7199675440788269,
            -0.12016324698925018
          ],
          [
            -0.7554107308387756,
            -0.024884626269340515,
            -0.6547896862030029,
            1.3385887145996094
          ],
          [
            0.0,
            0.0,
            0.0,
            1.0
          ]
        ]
      },
      "bone_length_armature_space": 0.02851436178380937,
      "parent": "metacarpal_index_l",
      "has_children": true,
      "is_end_bone": false
    },
    "index_02_l": {
      "name": "index_02_l",
      "local": {
        "location": {
          "x": 0.0,
          "y": 0.0,
          "z": 0.0
        },
        "rotation_quaternion": {
          "w": 0.9805307984352112,
          "x": 0.19634149968624115,
          "y": 0.0015609727706760168,
          "z": -0.0026442143134772778
        },
        "scale": {
          "x": 1.0,
          "y": 1.0,
          "z": 1.0
        },
        "matrix_basis": [
          [
            0.999981164932251,
            0.005798434838652611,
            0.0020228256471455097,
            0.0
          ],
          [
            -0.004572499543428421,
            0.922886073589325,
            -0.3850460350513458,
            0.0
          ],
          [
            -0.004099501762539148,
            0.38502952456474304,
            0.9228951334953308,
            0.0
          ],
          [
            0.0,
            0.0,
            0.0,
            1.0
          ]
        ],
        "rotation_mode": "QUATERNION"
      },
      "armature_space": {
        "head": {
          "x": 0.7810088396072388,
          "y": -0.1914949268102646,
          "z": 0.3880250155925751
        },
        "tail": {
          "x": 0.8019825220108032,
          "y": -0.20465847849845886,
          "z": 0.3813231289386749
        }
      },
      "world_space": {
        "head": {
          "x": 0.7810088396072388,
          "y": -0.12825092673301697,
          "z": 1.3378790616989136
        },
        "tail": {
          "x": 0.8019825220108032,
          "y": -0.14141447842121124,
          "z": 1.3311771154403687
        },
        "rotation_quaternion": {
          "w": 0.12034843862056732,
          "x": 0.7389347553253174,
          "y": 0.47848543524742126,
          "z": -0.4588501751422882
        },
        "matrix": [
          [
            0.12101472914218903,
            0.8175843358039856,
            -0.5629482269287109,
            0.7810088396072388
          ],
          [
            0.596694827079773,
            -0.5131335258483887,
            -0.6169679760932922,
            -0.12825092673301697
          ],
          [
            -0.7932961583137512,
            -0.2612484395503998,
            -0.5499496459960938,
            1.3378790616989136
          ],
          [
            0.0,
            0.0,
            0.0,
            1.0
          ]
        ]
      },
      "bone_length_armature_space": 0.025653259596961908,
      "parent": "index_01_l",
      "has_children": true,
      "is_end_bone": false
    },
    "index_03_l": {
      "name": "index_03_l",
      "local": {
        "location": {
          "x": 0.0,
          "y": 0.0,
          "z": 0.0
        },
        "rotation_quaternion": {
          "w": 0.9799526333808899,
          "x": 0.19916628301143646,
          "y": 0.0030385686550289392,
          "z": 0.004057111218571663
        },
        "scale": {
          "x": 1.0,
          "y": 1.0,
          "z": 1.0
        },
        "matrix_basis": [
          [
            0.9999486207962036,
            -0.0067411926575005054,
            0.0075713861733675,
            0.0
          ],
          [
            0.009161914698779583,
            0.9206326603889465,
            -0.39032238721847534,
            0.0
          ],
          [
            -0.004339226987212896,
            0.390371710062027,
            0.920647144317627,
            0.0
          ],
          [
            0.0,
            0.0,
            0.0,
            1.0
          ]
        ],
        "rotation_mode": "QUATERNION"
      },
      "armature_space": {
        "head": {
          "x": 0.801982581615448,
          "y": -0.2046584039926529,
          "z": 0.3813232481479645
        },
        "tail": {
          "x": 0.815577507019043,
          "y": -0.2244715541601181,
          "z": 0.3646993935108185
        }
      },
      "world_space": {
        "head": {
          "x": 0.801982581615448,
          "y": -0.14141440391540527,
          "z": 1.3311772346496582
        },
        "tail": {
          "x": 0.815577507019043,
          "y": -0.16122755408287048,
          "z": 1.3145533800125122
        },
        "rotation_quaternion": {
          "w": 0.09850084036588669,
          "x": -0.736226499080658,
          "y": -0.3889055550098419,
          "z": 0.544995903968811
        },
        "matrix": [
          [
            0.10346280038356781,
            0.46528294682502747,
            -0.8790942430496216,
            0.801982581615448
          ],
          [
            0.6800105571746826,
            -0.6780988574028015,
            -0.27886873483657837,
            -0.14141440391540527
          ],
          [
            -0.7258703112602234,
            -0.568945586681366,
            -0.3865583539009094,
            1.3311772346496582
          ],
          [
            0.0,
            0.0,
            0.0,
            1.0
          ]
        ]
      },
      "bone_length_armature_space": 0.02921875158613693,
      "parent": "index_02_l",
      "has_children": false,
      "is_end_bone": true
    },
    "metacarpal_pinky_l": {
      "name": "metacarpal_pinky_l",
      "local": {
        "location": {
          "x": 0.0,
          "y": 0.0,
          "z": 0.0
        },
        "rotation_quaternion": {
          "w": 0.9994324445724487,
          "x": -0.03309595584869385,
          "y": -0.0002680276520550251,
          "z": -0.006276875268667936
        },
        "scale": {
          "x": 1.0,
          "y": 1.0,
          "z": 1.0
        },
        "matrix_basis": [
          [
            0.9999210834503174,
            0.012564366683363914,
            -0.000120272692583967,
            0.0
          ],
          [
            -0.01252888422459364,
            0.9977304935455322,
            0.06615770608186722,
            0.0
          ],
          [
            0.0009512294200249016,
            -0.0661509782075882,
            0.9978091716766357,
            0.0
          ],
          [
            0.0,
            0.0,
            0.0,
            1.0
          ]
        ],
        "rotation_mode": "QUATERNION"
      },
      "armature_space": {
        "head": {
          "x": 0.6682091951370239,
          "y": -0.10379616171121597,
          "z": 0.37940657138824463
        },
        "tail": {
          "x": 0.7692551016807556,
          "y": -0.12445402145385742,
          "z": 0.36504727602005005
        }
      },
      "world_space": {
        "head": {
          "x": 0.6682091951370239,
          "y": -0.04055216163396835,
          "z": 1.3292605876922607
        },
        "tail": {
          "x": 0.7692551016807556,
          "y": -0.0612100213766098,
          "z": 1.314901351928711
        },
        "rotation_quaternion": {
          "w": 0.6299588680267334,
          "x": -0.03219082951545715,
          "y": 0.06292789429426193,
          "z": -0.7734052538871765
        },
        "matrix": [
          [
            -0.2042309194803238,
            0.9703751802444458,
            0.1290777325630188,
            0.6682091951370239
          ],
          [
            -0.9784786105155945,
            -0.1983838528394699,
            -0.05677855759859085,
            -0.04055216163396835
          ],
          [
            -0.029490627348423004,
            -0.13789686560630798,
            0.9900145530700684,
            1.3292605876922607
          ],
          [
            0.0,
            0.0,
            0.0,
            1.0
          ]
        ]
      },
      "bone_length_armature_space": 0.1041307455935112,
      "parent": "lowerarm_l",
      "has_children": true,
      "is_end_bone": false
    },
    "pinky_01_l": {
      "name": "pinky_01_l",
      "local": {
        "location": {
          "x": 0.0,
          "y": 0.0,
          "z": 0.0
        },
        "rotation_quaternion": {
          "w": 0.999521017074585,
          "x": 0.006436892785131931,
          "y": 0.025134578347206116,
          "z": 0.01686783879995346
        },
        "scale": {
          "x": 1.0,
          "y": 1.0,
          "z": 1.0
        },
        "matrix_basis": [
          [
            0.9981674551963806,
            -0.03339594230055809,
            0.050462231040000916,
            0.0
          ],
          [
            0.034043096005916595,
            0.9993481040000916,
            -0.012019687332212925,
            0.0
          ],
          [
            -0.05002792552113533,
            0.013715551234781742,
            0.9986536502838135,
            0.0
          ],
          [
            0.0,
            0.0,
            0.0,
            1.0
          ]
        ],
        "rotation_mode": "QUATERNION"
      },
      "armature_space": {
        "head": {
          "x": 0.7692551016807556,
          "y": -0.12445402145385742,
          "z": 0.36504727602005005
        },
