{
  "metadata": {
    "armature_name": "KIM_caucasian_male",
    "export_time": "2026-01-13T21:15:47.525434",
    "blender_version": "4.4.1",
    "bone_count": 56,
    "end_bone_count": 13,
    "spaces_included": [
      "LOCAL_CHANNELS",
      "ARMATURE_SPACE",
      "WORLD_SPACE"
    ],
    "note": "LOCAL matches Transform panel; replay pose via local.matrix_basis for best fidelity."
  },
  "bones": {
    "Root": {
      "name": "Root",
      "local": {
        "location": {
          "x": 0.0,
          "y": 0.0,
          "z": 0.0
        },
        "rotation_quaternion": {
          "w": 0.9998166561126709,
          "x": 0.004946865141391754,
          "y": -0.004944943822920322,
          "z": -0.0178245697170496
        },
        "scale": {
          "x": 1.0,
          "y": 1.0,
          "z": 1.0
        },
        "matrix_basis": [
          [
            0.9993156790733337,
            0.035593681037425995,
            -0.010064425878226757,
            0.0
          ],
          [
            -0.0356915257871151,
            0.999315619468689,
            -0.00971563346683979,
            0.0
          ],
          [
            0.00971172284334898,
            0.010068199597299099,
            0.9999021291732788,
            0.0
          ],
          [
            0.0,
            0.0,
            0.0,
            1.0
          ]
        ],
        "rotation_mode": "QUATERNION"
      },
      "armature_space": {
        "head": {
          "x": 0.0,
          "y": 0.07072800397872925,
          "z": -0.009595036506652832
        },
        "tail": {
          "x": 0.002540529938414693,
          "y": -4.8197805881500244e-05,
          "z": -0.0007186755537986755
        }
      },
      "world_space": {
        "head": {
          "x": 0.0,
          "y": 0.13397200405597687,
          "z": 0.9402589797973633
        },
        "tail": {
          "x": 0.002540529938414693,
          "y": 0.06319580227136612,
          "z": 0.9491353631019592
        },
        "rotation_quaternion": {
          "w": 0.06241967901587486,
          "x": 0.9978786110877991,
          "y": 0.01745094545185566,
          "z": -0.00613451236858964
        },
        "matrix": [
          [
            0.9993156790733337,
            0.035593681037425995,
            -0.010064425878226757,
            0.0
          ],
          [
            0.034062016755342484,
            -0.9915984272956848,
            -0.12478908896446228,
            0.13397200405597687
          ],
          [
            -0.01442163996398449,
            0.12436080724000931,
            -0.9921392798423767,
            0.9402589797973633
          ],
          [
            0.0,
            0.0,
            0.0,
            1.0
          ]
        ]
      },
      "bone_length_armature_space": 0.0713758699550795,
      "parent": null,
      "has_children": true,
      "is_end_bone": false
    },
    "spine_01": {
      "name": "spine_01",
      "local": {
        "location": {
          "x": 0.0,
          "y": 0.0,
          "z": 0.0
        },
        "rotation_quaternion": {
          "w": 0.9977514147758484,
          "x": -0.043545786291360855,
          "y": -0.03950990363955498,
          "z": 0.03216918185353279
        },
        "scale": {
          "x": 1.0,
          "y": 1.0,
          "z": 1.0
        },
        "matrix_basis": [
          [
            0.9948081970214844,
            -0.060752712190151215,
            -0.08164379000663757,
            0.0
          ],
          [
            0.06763467192649841,
            0.9941378235816956,
            0.0843537375330925,
            0.0
          ],
          [
            0.07604046165943146,
            -0.08943774551153183,
            0.9930854439735413,
            0.0
          ],
          [
            0.0,
            0.0,
            0.0,
            1.0
          ]
        ],
        "rotation_mode": "QUATERNION"
      },
      "armature_space": {
        "head": {
          "x": 0.002540529938414693,
          "y": -4.8197805881500244e-05,
          "z": -0.0007186755537986755
        },
        "tail": {
          "x": -0.02221265435218811,
          "y": 0.06051914021372795,
          "z": 0.4828796684741974
        }
      },
      "world_space": {
        "head": {
          "x": 0.002540529938414693,
          "y": 0.06319580227136612,
          "z": 0.9491353631019592
        },
        "tail": {
          "x": -0.02221265435218811,
          "y": 0.12376314401626587,
          "z": 1.4327336549758911
        },
        "rotation_quaternion": {
          "w": 0.7489280700683594,
          "x": 0.6617626547813416,
          "y": -0.034104082733392715,
          "z": 0.003729327581822872
        },
        "matrix": [
          [
            0.9976460337638855,
            -0.0507236123085022,
            -0.04614681750535965,
            0.002540529938414693
          ],
          [
            -0.0395512692630291,
            0.12411308288574219,
            -0.9914795160293579,
            0.06319580227136612
          ],
          [
            0.05601920187473297,
            0.9909777641296387,
            0.12181469053030014,
            0.9491353631019592
          ],
          [
            0.0,
            0.0,
            0.0,
            1.0
          ]
        ]
      },
      "bone_length_armature_space": 0.4880045948675932,
      "parent": "Root",
      "has_children": true,
      "is_end_bone": false
    },
    "neck_01": {
      "name": "neck_01",
      "local": {
        "location": {
          "x": 0.0,
          "y": 0.0,
          "z": 0.0
        },
        "rotation_quaternion": {
          "w": 0.9944491386413574,
          "x": -0.08443928509950638,
          "y": -0.037767861038446426,
          "z": -0.05014659836888313
        },
        "scale": {
          "x": 1.0,
          "y": 1.0,
          "z": 1.0
        },
        "matrix_basis": [
          [
            0.9921178221702576,
            0.10611466318368912,
            -0.06664774566888809,
            0.0
          ],
          [
            -0.09335830062627792,
            0.9807106256484985,
            0.17172901332378387,
            0.0
          ],
          [
            0.08358512073755264,
            -0.1641532927751541,
            0.9828872084617615,
            0.0
          ],
          [
            0.0,
            0.0,
            0.0,
            1.0
          ]
        ],
        "rotation_mode": "QUATERNION"
      },
      "armature_space": {
        "head": {
          "x": -0.02752695232629776,
          "y": 0.035221558064222336,
          "z": 0.5596621036529541
        },
        "tail": {
          "x": -0.022730883210897446,
          "y": 0.024672161787748337,
          "z": 0.6615270972251892
        }
      },
      "world_space": {
        "head": {
          "x": -0.02752695232629776,
          "y": 0.09846556186676025,
          "z": 1.5095161199569702
        },
        "tail": {
          "x": -0.022730883210897446,
          "y": 0.08791616559028625,
          "z": 1.6113810539245605
        },
        "rotation_quaternion": {
          "w": 0.6695237755775452,
          "x": 0.7406519651412964,
          "y": -0.016969827935099602,
          "z": -0.05370882898569107
        },
        "matrix": [
          [
            0.9936549067497253,
            0.04678118973970413,
            -0.10228216648101807,
            -0.02752695232629776
          ],
          [
            -0.0970558375120163,
            -0.10289952158927917,
            -0.9899455308914185,
            0.09846556186676025
          ],
          [
            -0.05683606490492821,
            0.9935978055000305,
            -0.09770779311656952,
            1.5095161199569702
          ],
          [
            0.0,
            0.0,
            0.0,
            1.0
          ]
        ]
      },
      "bone_length_armature_space": 0.10252204017361517,
      "parent": "spine_01",
      "has_children": true,
      "is_end_bone": false
    },
    "head": {
      "name": "head",
      "local": {
        "location": {
          "x": 0.0,
          "y": 0.0,
          "z": 0.0
        },
        "rotation_quaternion": {
          "w": 0.9690358638763428,
          "x": -0.008026490919291973,
          "y": 0.15910537540912628,
          "z": -0.1886545717716217
        },
        "scale": {
          "x": 1.0,
          "y": 1.0,
          "z": 1.0
        },
        "matrix_basis": [
          [
            0.8781898617744446,
            0.3630719780921936,
            0.3113861083984375,
            0.0
          ],
          [
            -0.36818021535873413,
            0.9286900758743286,
            -0.04447599872946739,
            0.0
          ],
          [
            -0.30532917380332947,
            -0.07558783143758774,
            0.949242115020752,
            0.0
          ],
          [
            0.0,
            0.0,
            0.0,
            1.0
          ]
        ],
        "rotation_mode": "QUATERNION"
      },
      "armature_space": {
        "head": {
          "x": -0.022730901837348938,
          "y": 0.024672016501426697,
          "z": 0.6615270376205444
        },
        "tail": {
          "x": 0.04568241536617279,
          "y": 0.06804025173187256,
          "z": 0.793784499168396
        }
      },
      "world_space": {
        "head": {
          "x": -0.022730901837348938,
          "y": 0.08791601657867432,
          "z": 1.6113810539245605
        },
        "tail": {
          "x": 0.04568241536617279,
          "y": 0.13128425180912018,
          "z": 1.743638515472412
        },
        "rotation_quaternion": {
          "w": 0.76519775390625,
          "x": 0.5902630686759949,
          "y": 0.23299770057201385,
          "z": -0.1085076555609703
        },
        "matrix": [
          [
            0.8678769469261169,
            0.441119521856308,
            0.22848092019557953,
            -0.022730901837348938
          ],
          [
            0.10899785161018372,
            0.2796323001384735,
            -0.9539002180099487,
            0.08791601657867432
          ],
          [
            -0.4846777319908142,
            0.8527778387069702,
            0.1946057379245758,
            1.6113810539245605
          ],
          [
            0.0,
            0.0,
            0.0,
            1.0
          ]
        ]
      },
      "bone_length_armature_space": 0.155091009847878,
      "parent": "neck_01",
      "has_children": false,
      "is_end_bone": true
    },
    "upperarm_l": {
      "name": "upperarm_l",
      "local": {
        "location": {
          "x": 0.0,
          "y": 0.0,
          "z": 0.0
        },
        "rotation_quaternion": {
          "w": 0.9517389535903931,
          "x": 0.21657371520996094,
          "y": -0.17556636035442352,
          "z": 0.12831774353981018
        },
        "scale": {
          "x": 1.0,
          "y": 1.0,
          "z": 1.0
        },
        "matrix_basis": [
          [
            0.905422031879425,
            -0.32029610872268677,
            -0.2786061763763428,
            0.0
          ],
          [
            0.16820387542247772,
            0.8732607364654541,
            -0.4572998285293579,
            0.0
          ],
          [
            0.38976719975471497,
            0.3671867251396179,
            0.844544529914856,
            0.0
          ],
          [
            0.0,
            0.0,
            0.0,
            1.0
          ]
        ],
        "rotation_mode": "QUATERNION"
      },
      "armature_space": {
        "head": {
          "x": 0.12538181245326996,
          "y": 0.017785556614398956,
          "z": 0.5018521547317505
        },
        "tail": {
          "x": 0.3561760485172272,
          "y": -0.07238778471946716,
          "z": 0.6038841605186462
        }
      },
      "world_space": {
        "head": {
          "x": 0.12538181245326996,
          "y": 0.08102955669164658,
          "z": 1.4517061710357666
        },
        "tail": {
          "x": 0.3561760485172272,
          "y": -0.009143784642219543,
          "z": 1.5537381172180176
        },
        "rotation_quaternion": {
          "w": 0.5483766198158264,
          "x": 0.5433533787727356,
          "y": 0.17614829540252686,
          "z": -0.6107552647590637
        },
        "matrix": [
          [
            0.19190141558647156,
            0.8612707853317261,
            -0.4705173075199127,
            0.12538181245326996
          ],
          [
            -0.47842609882354736,
            -0.33650606870651245,
            -0.8110933303833008,
            0.08102955669164658
          ],
          [
            -0.8569092750549316,
            0.38075995445251465,
            0.3474801182746887,
            1.4517061710357666
          ],
          [
            0.0,
            0.0,
            0.0,
            1.0
          ]
        ]
      },
      "bone_length_armature_space": 0.2679696612022856,
      "parent": "spine_01",
      "has_children": true,
      "is_end_bone": false
    },
    "lowerarm_l": {
      "name": "lowerarm_l",
      "local": {
        "location": {
          "x": 0.0,
          "y": 0.0,
          "z": 0.0
        },
        "rotation_quaternion": {
          "w": 0.8525122404098511,
          "x": 0.5022167563438416,
          "y": -0.0998598262667656,
          "z": 0.1050204411149025
        },
        "scale": {
          "x": 1.0,
          "y": 1.0,
          "z": 1.0
        },
        "matrix_basis": [
          [
            0.9579974412918091,
            -0.2793649733066559,
            -0.06477739661931992,
            0.0
          ],
          [
            0.07875986397266388,
            0.47349807620048523,
            -0.877266526222229,
            0.0
          ],
          [
            0.2757495045661926,
            0.8353171944618225,
            0.47561269998550415,
            0.0
          ],
          [
            0.0,
            0.0,
            0.0,
            1.0
          ]
        ],
        "rotation_mode": "QUATERNION"
      },
      "armature_space": {
        "head": {
          "x": 0.35617607831954956,
          "y": -0.07238779962062836,
          "z": 0.6038843393325806
        },
        "tail": {
          "x": 0.30994266271591187,
          "y": -0.2309788465499878,
          "z": 0.8143154978752136
        }
      },
      "world_space": {
        "head": {
          "x": 0.35617607831954956,
          "y": -0.009143799543380737,
          "z": 1.5537383556365967
        },
        "tail": {
          "x": 0.30994266271591187,
          "y": -0.16773484647274017,
          "z": 1.764169454574585
        },
        "rotation_quaternion": {
          "w": 0.2703529894351959,
          "x": 0.6755697727203369,
          "y": -0.3612535893917084,
          "z": -0.5831043124198914
        },
        "matrix": [
          [
            0.05897136032581329,
            -0.1728193759918213,
            -0.9831865429878235,
            0.35617607831954956
          ],
          [
            -0.8033925890922546,
            -0.5928094983100891,
            0.0560135543346405,
            -0.009143799543380737
          ],
          [
            -0.5925273895263672,
            0.7865865230560303,
            -0.17380157113075256,
            1.5537383556365967
          ],
          [
            0.0,
            0.0,
            0.0,
            1.0
          ]
        ]
      },
      "bone_length_armature_space": 0.26752555637073616,
      "parent": "upperarm_l",
      "has_children": true,
      "is_end_bone": false
    },
    "metacarpal_thumb_l": {
      "name": "metacarpal_thumb_l",
      "local": {
        "location": {
          "x": 0.0,
          "y": 0.0,
          "z": 0.0
        },
        "rotation_quaternion": {
          "w": 0.9997503161430359,
          "x": 0.02072649635374546,
          "y": -0.00822960864752531,
          "z": -0.001457437057979405
        },
        "scale": {
          "x": 1.0,
          "y": 1.0,
          "z": 1.0
        },
        "matrix_basis": [
          [
            0.9998602867126465,
            0.0025730044580996037,
            -0.016515523195266724,
            0.0
          ],
          [
            -0.003255288116633892,
            0.9991365671157837,
            -0.0414186529815197,
            0.0
          ],
          [
            0.01639469340443611,
            0.04146663099527359,
            0.9990053772926331,
            0.0
          ],
          [
            0.0,
            0.0,
            0.0,
            1.0
          ]
        ],
        "rotation_mode": "QUATERNION"
      },
      "armature_space": {
        "head": {
          "x": 0.30994266271591187,
          "y": -0.2309788465499878,
          "z": 0.8143154978752136
        },
        "tail": {
          "x": 0.27550458908081055,
          "y": -0.26117536425590515,
          "z": 0.8331775069236755
        }
      },
      "world_space": {
        "head": {
          "x": 0.30994266271591187,
          "y": -0.16773484647274017,
          "z": 1.764169454574585
        },
        "tail": {
          "x": 0.27550458908081055,
          "y": -0.19793136417865753,
          "z": 1.7830314636230469
        },
        "rotation_quaternion": {
          "w": 0.29402631521224976,
          "x": 0.8740765452384949,
          "y": -0.3297573924064636,
          "z": 0.20198747515678406
        },
        "matrix": [
          [
            0.7009220719337463,
            -0.6952459812164307,
            0.15918895602226257,
            0.30994266271591187
          ],
          [
            -0.4576879143714905,
            -0.6096162796020508,
            -0.6472170352935791,
            -0.16773484647274017
          ],
          [
            0.5470225811004639,
            0.38079187273979187,
            -0.7455050945281982,
            1.764169454574585
          ],
          [
            0.0,
            0.0,
            0.0,
            1.0
          ]
        ]
      },
      "bone_length_armature_space": 0.04953368491351788,
      "parent": "lowerarm_l",
      "has_children": true,
      "is_end_bone": false
    },
    "thumb_01_l": {
      "name": "thumb_01_l",
      "local": {
        "location": {
          "x": 0.0,
          "y": 0.0,
          "z": 0.0
        },
        "rotation_quaternion": {
          "w": 0.9648687839508057,
          "x": 0.26243218779563904,
          "y": -0.0022828183136880398,
          "z": -0.012346824631094933
        },
        "scale": {
          "x": 1.0,
          "y": 1.0,
          "z": 1.0
        },
        "matrix_basis": [
          [
            0.9996846914291382,
            0.02262796089053154,
            -0.010885648429393768,
            0.0
          ],
          [
            -0.025024300441145897,
            0.8619537949562073,
            -0.50636887550354,
            0.0
          ],
          [
            -0.0020751680713146925,
            0.5064816474914551,
            0.8622482419013977,
            0.0
          ],
          [
            0.0,
            0.0,
            0.0,
            1.0
          ]
        ],
        "rotation_mode": "QUATERNION"
      },
      "armature_space": {
        "head": {
          "x": 0.27550458908081055,
          "y": -0.26117536425590515,
          "z": 0.8331775069236755
        },
        "tail": {
          "x": 0.27376189827919006,
          "y": -0.29514044523239136,
          "z": 0.8317773938179016
        }
      },
      "world_space": {
        "head": {
          "x": 0.27550458908081055,
          "y": -0.19793136417865753,
          "z": 1.7830314636230469
        },
        "tail": {
          "x": 0.27376189827919006,
          "y": -0.23189644515514374,
          "z": 1.7816314697265625
        },
        "rotation_quaternion": {
          "w": 0.014049100689589977,
          "x": 0.43664637207984924,
          "y": -0.02969939075410366,
          "z": 0.8990331292152405
        },
        "matrix": [
          [
            -0.618285059928894,
            -0.05119714140892029,
            0.7842845320701599,
            0.27550458908081055
          ],
          [
            -0.00067471235524863,
            -0.9978412389755249,
            -0.06566992402076721,
            -0.19793136417865753
          ],
          [
            0.785959005355835,
            -0.04113319516181946,
            0.6169201135635376,
            1.7830314636230469
          ],
          [
            0.0,
            0.0,
            0.0,
            1.0
          ]
        ]
      },
      "bone_length_armature_space": 0.03403856636268595,
      "parent": "metacarpal_thumb_l",
      "has_children": true,
      "is_end_bone": false
    },
    "thumb_02_l": {
      "name": "thumb_02_l",
      "local": {
        "location": {
          "x": 0.0,
          "y": 0.0,
          "z": 0.0
        },
        "rotation_quaternion": {
          "w": 0.8979765176773071,
          "x": 0.4399898052215576,
          "y": -0.006538238376379013,
          "z": -0.0021310995798557997
        },
        "scale": {
          "x": 1.0,
          "y": 1.0,
          "z": 1.0
        },
        "matrix_basis": [
          [
            0.9999054074287415,
            -0.0019261616980656981,
            -0.013617693446576595,
            0.0
          ],
          [
            -0.00958087109029293,
            0.612808883190155,
            -0.7901731729507446,
            0.0
          ],
          [
            0.009867045097053051,
            0.7902289032936096,
            0.612732470035553,
            0.0
          ],
          [
            0.0,
            0.0,
            0.0,
            1.0
          ]
        ],
        "rotation_mode": "QUATERNION"
      },
      "armature_space": {
        "head": {
          "x": 0.27376189827919006,
          "y": -0.29514044523239136,
          "z": 0.8317773938179016
        },
        "tail": {
          "x": 0.2817400097846985,
          "y": -0.2815990149974823,
          "z": 0.8687392473220825
        }
      },
      "world_space": {
        "head": {
          "x": 0.27376189827919006,
          "y": -0.23189644515514374,
          "z": 1.7816314697265625
        },
        "tail": {
          "x": 0.2817400097846985,
          "y": -0.21835501492023468,
          "z": 1.8185932636260986
        },
        "rotation_quaternion": {
          "w": 0.018189800903201103,
          "x": -0.10891711711883545,
          "y": -0.8174620270729065,
          "z": -0.5652982592582703
        },
        "matrix": [
          [
            -0.975612223148346,
            0.19863669574260712,
            0.09340329468250275,
            0.27376189827919006
          ],
          [
            0.15750698745250702,
            0.33715036511421204,
            0.9281817674636841,
            -0.23189644515514374
          ],
          [
            0.15288114547729492,
            0.9202638864517212,
            -0.36021628975868225,
            1.7816314697265625
          ],
          [
            0.0,
            0.0,
            0.0,
            1.0
          ]
        ]
      },
      "bone_length_armature_space": 0.040164651325273935,
      "parent": "thumb_01_l",
      "has_children": true,
      "is_end_bone": false
    },
    "thumb_03_l": {
      "name": "thumb_03_l",
      "local": {
        "location": {
          "x": 0.0,
          "y": 0.0,
          "z": 0.0
        },
        "rotation_quaternion": {
          "w": 0.9847784638404846,
          "x": 0.1737610101699829,
          "y": 0.0019531643483787775,
          "z": 0.0038264687173068523
        },
        "scale": {
          "x": 1.0,
          "y": 1.0,
          "z": 1.0
        },
        "matrix_basis": [
          [
            0.999963104724884,
            -0.006857680156826973,
            0.005176650360226631,
            0.0
          ],
          [
            0.008215215988457203,
            0.9395849108695984,
            -0.34221726655960083,
            0.0
          ],
          [
            -0.0025170862209051847,
            0.3422471582889557,
            0.9396066069602966,
            0.0
          ],
          [
            0.0,
            0.0,
            0.0,
            1.0
          ]
        ],
        "rotation_mode": "QUATERNION"
      },
      "armature_space": {
        "head": {
          "x": 0.2817399501800537,
          "y": -0.2815990746021271,
          "z": 0.8687391877174377
        },
        "tail": {
          "x": 0.28909146785736084,
          "y": -0.25728079676628113,
          "z": 0.8855162858963013
        }
      },
      "world_space": {
        "head": {
          "x": 0.2817399501800537,
          "y": -0.21835507452487946,
          "z": 1.8185932636260986
        },
        "tail": {
          "x": 0.28909146785736084,
          "y": -0.1940367966890335,
          "z": 1.8353703022003174
        },
        "rotation_quaternion": {
          "w": 0.25700438022613525,
          "x": -0.043811049312353134,
          "y": -0.9128695130348206,
          "z": -0.31416356563568115
        },
        "matrix": [
          [
            -0.8640590906143188,
            0.2414700835943222,
            -0.44169461727142334,
            0.2817399501800537
          ],
          [
            -0.08149450272321701,
            0.7987643480300903,
            0.5960993766784668,
            -0.21835507452487946
          ],
          [
            0.49675336480140686,
            0.55106520652771,
            -0.6705052852630615,
            1.8185932636260986
          ],
          [
            0.0,
            0.0,
            0.0,
            1.0
          ]
        ]
      },
      "bone_length_armature_space": 0.030444942161367977,
      "parent": "thumb_02_l",
      "has_children": false,
      "is_end_bone": true
    },
    "metacarpal_index_l": {
      "name": "metacarpal_index_l",
      "local": {
        "location": {
          "x": 0.0,
          "y": 0.0,
          "z": 0.0
        },
        "rotation_quaternion": {
          "w": 0.9988590478897095,
          "x": -0.046115145087242126,
          "y": -0.010525264777243137,
          "z": 0.006573354825377464
        },
        "scale": {
          "x": 1.0,
          "y": 1.0,
          "z": 1.0
        },
        "matrix_basis": [
          [
            0.9996920228004456,
            -0.012160961516201496,
            -0.02163277380168438,
            0.0
          ],
          [
            0.014102458022534847,
            0.9956603646278381,
            0.09198668599128723,
            0.0
          ],
          [
            0.020420249551534653,
            -0.09226343035697937,
            0.9955252408981323,
            0.0
          ],
          [
            0.0,
            0.0,
            0.0,
            1.0
          ]
        ],
        "rotation_mode": "QUATERNION"
      },
      "armature_space": {
        "head": {
          "x": 0.30994266271591187,
          "y": -0.2309788465499878,
          "z": 0.8143154978752136
        },
        "tail": {
          "x": 0.2598879933357239,
          "y": -0.29325687885284424,
          "z": 0.900020182132721
        }
      },
      "world_space": {
        "head": {
          "x": 0.30994266271591187,
          "y": -0.16773484647274017,
          "z": 1.764169454574585
        },
        "tail": {
          "x": 0.2598879933357239,
          "y": -0.23001287877559662,
          "z": 1.8498742580413818
        },
        "rotation_quaternion": {
          "w": 0.3663426637649536,
          "x": 0.8603670001029968,
          "y": -0.3162870407104492,
          "z": -0.15976279973983765
        },
        "matrix": [
          [
            0.7488759160041809,
            -0.4271905720233917,
            -0.50664883852005,
            0.30994266271591187
          ],
          [
            -0.6613026857376099,
            -0.5315107107162476,
            -0.5293160676956177,
            -0.16773484647274017
          ],
          [
            -0.04317152500152588,
            0.7314448356628418,
            -0.6805430054664612,
            1.764169454574585
          ],
          [
            0.0,
            0.0,
            0.0,
            1.0
          ]
        ]
      },
      "bone_length_armature_space": 0.11717216371478302,
      "parent": "lowerarm_l",
      "has_children": true,
      "is_end_bone": false
    },
    "index_01_l": {
      "name": "index_01_l",
      "local": {
        "location": {
          "x": 0.0,
          "y": 0.0,
          "z": 0.0
        },
        "rotation_quaternion": {
          "w": 0.9496278762817383,
          "x": 0.3129182755947113,
          "y": 0.010202428326010704,
          "z": 0.013607131317257881
        },
        "scale": {
          "x": 1.0,
          "y": 1.0,
          "z": 1.0
        },
        "matrix_basis": [
          [
            0.9994215369224548,
            -0.01945837028324604,
            0.027892861515283585,
            0.0
          ],
          [
            0.03222847357392311,
            0.8037940263748169,
            -0.5940341949462891,
            0.0
          ],
          [
            -0.01086118072271347,
            0.5945894718170166,
            0.803956151008606,
            0.0
          ],
          [
            0.0,
            0.0,
            0.0,
            1.0
          ]
        ],
        "rotation_mode": "QUATERNION"
      },
      "armature_space": {
        "head": {
          "x": 0.2598879933357239,
          "y": -0.29325687885284424,
          "z": 0.900020182132721
        },
        "tail": {
          "x": 0.24908679723739624,
          "y": -0.31855687499046326,
          "z": 0.9075244665145874
        }
      },
      "world_space": {
        "head": {
          "x": 0.2598879933357239,
          "y": -0.23001287877559662,
          "z": 1.8498742580413818
        },
        "tail": {
          "x": 0.24908679723739624,
          "y": -0.25531286001205444,
          "z": 1.8573784828186035
        },
        "rotation_quaternion": {
          "w": 0.10217147320508957,
          "x": 0.9586410522460938,
          "y": -0.2143014371395111,
          "z": -0.1569821834564209
        },
        "matrix": [
          [
            0.8588628768920898,
            -0.378798246383667,
            -0.34477001428604126,
            0.2598879933357239
          ],
          [
            -0.4429546594619751,
            -0.8872719407081604,
            -0.12860843539237976,
            -0.23001287877559662
          ],
          [
            -0.25719043612480164,
            0.26317551732063293,
            -0.9298419952392578,
            1.8498742580413818
          ],
          [
            0.0,
            0.0,
            0.0,
            1.0
          ]
        ]
      },
      "bone_length_armature_space": 0.02851438100912996,
      "parent": "metacarpal_index_l",
      "has_children": true,
      "is_end_bone": false
    },
    "index_02_l": {
      "name": "index_02_l",
      "local": {
        "location": {
          "x": 0.0,
          "y": 0.0,
          "z": 0.0
        },
        "rotation_quaternion": {
          "w": 0.9078574180603027,
          "x": 0.419181764125824,
          "y": 0.008904656395316124,
          "z": 0.001549410168081522
        },
        "scale": {
          "x": 1.0,
          "y": 1.0,
          "z": 1.0
        },
        "matrix_basis": [
          [
            0.9998366236686707,
            0.004652052186429501,
            0.017467286437749863,
            0.0
          ],
          [
            0.010278626345098019,
            0.6485685110092163,
            -0.7610869407653809,
            0.0
          ],
          [
            -0.014869348146021366,
            0.7611421346664429,
            0.6484147310256958,
            0.0
          ],
          [
            0.0,
            0.0,
            0.0,
            1.0
          ]
        ],
        "rotation_mode": "QUATERNION"
      },
      "armature_space": {
        "head": {
          "x": 0.24908633530139923,
          "y": -0.31855714321136475,
          "z": 0.9075243473052979
        },
        "tail": {
          "x": 0.23546305298805237,
          "y": -0.33608537912368774,
          "z": 0.8946689963340759
        }
      },
      "world_space": {
        "head": {
          "x": 0.24908633530139923,
          "y": -0.2553131580352783,
          "z": 1.857378363609314
        },
        "tail": {
          "x": 0.23546305298805237,
          "y": -0.2728413939476013,
          "z": 1.8445229530334473
        },
        "rotation_quaternion": {
          "w": 0.29820865392684937,
          "x": -0.9136368036270142,
          "y": 0.26350387930870056,
          "z": 0.08309683948755264
        },
        "matrix": [
          [
            0.8473209738731384,
            -0.5310543775558472,
            0.005318999290466309,
            0.24908633530139923
          ],
          [
            -0.43193453550338745,
            -0.6832746267318726,
            0.5887008905410767,
            -0.2553131580352783
          ],
          [
            -0.30900055170059204,
            -0.5011203289031982,
            -0.8083388209342957,
            1.857378363609314
          ],
          [
            0.0,
            0.0,
            0.0,
            1.0
          ]
        ]
      },
      "bone_length_armature_space": 0.02565332206573736,
      "parent": "index_01_l",
      "has_children": true,
      "is_end_bone": false
    },
    "index_03_l": {
      "name": "index_03_l",
      "local": {
        "location": {
          "x": 0.0,
          "y": 0.0,
          "z": 0.0
        },
        "rotation_quaternion": {
          "w": 0.934938907623291,
          "x": 0.35470858216285706,
          "y": 0.004858134314417839,
          "z": 0.006898815743625164
        },
        "scale": {
          "x": 1.0,
          "y": 1.0,
          "z": 1.0
        },
        "matrix_basis": [
          [
            0.9998576045036316,
            -0.009453498758375645,
            0.013978255912661552,
            0.0
          ],
          [
            0.016346385702490807,
            0.7482684850692749,
            -0.6631946563720703,
            0.0
          ],
          [
            -0.004189979285001755,
            0.6633287668228149,
            0.7483164668083191,
            0.0
          ],
          [
            0.0,
            0.0,
            0.0,
            1.0
          ]
        ],
        "rotation_mode": "QUATERNION"
      },
      "armature_space": {
        "head": {
          "x": 0.23546303808689117,
          "y": -0.3360854387283325,
          "z": 0.8946691155433655
        },
        "tail": {
          "x": 0.2275666743516922,
          "y": -0.33849233388900757,
          "z": 0.8666406273841858
        }
      },
      "world_space": {
        "head": {
          "x": 0.23546303808689117,
          "y": -0.2728414535522461,
          "z": 1.8445231914520264
        },
        "tail": {
          "x": 0.2275666743516922,
          "y": -0.27524834871292114,
          "z": 1.8164947032928467
        },
        "rotation_quaternion": {
          "w": 0.6339485049247742,
          "x": -0.7329772114753723,
          "y": 0.23858365416526794,
          "z": -0.062703937292099
        },
        "matrix": [
          [
            0.8782913088798523,
            -0.27025067806243896,
            0.39442217350006104,
            0.23546303808689117
          ],
          [
            -0.4292565584182739,
            -0.08237475156784058,
            0.8994184732437134,
            -0.2728414535522461
          ],
          [
            -0.2105800062417984,
            -0.9592666625976562,
            -0.18835628032684326,
            1.8445231914520264
          ],
          [
            0.0,
            0.0,
            0.0,
            1.0
          ]
        ]
      },
      "bone_length_armature_space": 0.029218861238886444,
      "parent": "index_02_l",
      "has_children": false,
      "is_end_bone": true
    },
    "metacarpal_pinky_l": {
      "name": "metacarpal_pinky_l",
      "local": {
        "location": {
          "x": 0.0,
          "y": 0.0,
          "z": 0.0
        },
        "rotation_quaternion": {
          "w": 0.9989736676216125,
          "x": -0.040211569517850876,
          "y": -0.01878024823963642,
          "z": -0.009055981412529945
        },
        "scale": {
          "x": 1.0,
          "y": 1.0,
          "z": 1.0
        },
        "matrix_basis": [
          [
            0.9991306066513062,
            0.01960374042391777,
            -0.03679363802075386,
            0.0
          ],
          [
            -0.01658300682902336,
            0.9966020584106445,
            0.0806807428598404,
            0.0
          ],
          [
            0.03825025632977486,
            -0.08000045269727707,
            0.9960606694221497,
            0.0
          ],
          [
            0.0,
            0.0,
            0.0,
            1.0
          ]
        ],
        "rotation_mode": "QUATERNION"
      },
      "armature_space": {
        "head": {
          "x": 0.30994266271591187,
          "y": -0.2309788465499878,
          "z": 0.8143154978752136
        },
        "tail": {
          "x": 0.3246397376060486,
          "y": -0.29862862825393677,
          "z": 0.8921023607254028
        }
      },
      "world_space": {
        "head": {
          "x": 0.30994266271591187,
          "y": -0.16773484647274017,
          "z": 1.764169454574585
        },
        "tail": {
          "x": 0.3246397376060486,
          "y": -0.23538462817668915,
          "z": 1.841956377029419
        },
        "rotation_quaternion": {
          "w": 0.12176799774169922,
          "x": 0.09831949323415756,
          "y": -0.4004266560077667,
          "z": -0.9028646349906921
        },
        "matrix": [
          [
            -0.9510116577148438,
            0.1411406546831131,
            -0.27505695819854736,
            0.30994266271591187
          ],
          [
            -0.2986198365688324,
            -0.6496620178222656,
            0.69911789894104,
            -0.16773484647274017
          ],
          [
            -0.08002069592475891,
            0.7470111846923828,
            0.6599887013435364,
            1.764169454574585
          ],
          [
            0.0,
            0.0,
            0.0,
            1.0
          ]
        ]
      },
      "bone_length_armature_space": 0.10413113520623822,
      "parent": "lowerarm_l",
      "has_children": true,
      "is_end_bone": false
    },
    "pinky_01_l": {
      "name": "pinky_01_l",
      "local": {
        "location": {
          "x": 0.0,
          "y": 0.0,
          "z": 0.0
        },
        "rotation_quaternion": {
          "w": 0.9328894019126892,
          "x": 0.35983821749687195,
          "y": -0.012955224141478539,
          "z": -0.008126695640385151
        },
        "scale": {
          "x": 1.0,
          "y": 1.0,
          "z": 1.0
        },
        "matrix_basis": [
          [
            0.9995322227478027,
            0.005839047022163868,
            -0.030020173639059067,
            0.0
          ],
          [
            -0.024486185982823372,
            0.7409008145332336,
            -0.6711679697036743,
            0.0
          ],
          [
            0.018322991207242012,
            0.6715890765190125,
            0.7406972646713257,
            0.0
          ],
          [
            0.0,
            0.0,
            0.0,
            1.0
          ]
        ],
        "rotation_mode": "QUATERNION"
      },
      "armature_space": {
        "head": {
          "x": 0.3246397376060486,
          "y": -0.29862862825393677,
          "z": 0.8921023607254028
        },
