{
  "metadata": {
    "armature_name": "KIM_caucasian_male",
    "export_time": "2026-01-13T19:11:25.845840",
    "blender_version": "4.4.1",
    "bone_count": 56,
    "end_bone_count": 13,
    "spaces_included": [
      "LOCAL_CHANNELS",
      "ARMATURE_SPACE",
      "WORLD_SPACE"
    ],
    "note": "LOCAL matches Transform panel; replay pose via local.matrix_basis for best fidelity."
  },
  "bones": {
    "Root": {
      "name": "Root",
      "local": {
        "location": {
          "x": 0.0,
          "y": 0.0,
          "z": 0.0
        },
        "rotation_quaternion": {
          "w": 0.9996999502182007,
          "x": 0.016954338178038597,
          "y": -0.004064584616571665,
          "z": -0.017205096781253815
        },
        "scale": {
          "x": 1.0,
          "y": 1.0,
          "z": 1.0
        },
        "matrix_basis": [
          [
            0.9993749260902405,
            0.0342620424926281,
            -0.008710131980478764,
            0.0
          ],
          [
            -0.03453769162297249,
            0.9988330602645874,
            -0.03375864028930664,
            0.0
          ],
          [
            0.00754332821816206,
            0.03403836488723755,
            0.999392032623291,
            0.0
          ],
          [
            0.0,
            0.0,
            0.0,
            1.0
          ]
        ],
        "rotation_mode": "QUATERNION"
      },
      "armature_space": {
        "head": {
          "x": 0.0,
          "y": 0.07072800397872925,
          "z": -0.009595036506652832
        },
        "tail": {
          "x": 0.0024454831145703793,
          "y": -0.00024406611919403076,
          "z": -0.0024186791852116585
        }
      },
      "world_space": {
        "head": {
          "x": 0.0,
          "y": 0.13397200405597687,
          "z": 0.9402589797973633
        },
        "tail": {
          "x": 0.0024454831145703793,
          "y": 0.06299993395805359,
          "z": 0.9474353194236755
        },
        "rotation_quaternion": {
          "w": 0.05043162778019905,
          "x": 0.9985711574554443,
          "y": 0.016892187297344208,
          "z": -0.005214420147240162
        },
        "matrix": [
          [
            0.9993749260902405,
            0.0342620424926281,
            -0.008710131980478764,
            0.0
          ],
          [
            0.0332101508975029,
            -0.9943426251411438,
            -0.10089574009180069,
            0.13397200405597687
          ],
          [
            -0.01211780309677124,
            0.10054318606853485,
            -0.9948659539222717,
            0.9402589797973633
          ],
          [
            0.0,
            0.0,
            0.0,
            1.0
          ]
        ]
      },
      "bone_length_armature_space": 0.07137587375547853,
      "parent": null,
      "has_children": true,
      "is_end_bone": false
    },
    "spine_01": {
      "name": "spine_01",
      "local": {
        "location": {
          "x": 0.0,
          "y": 0.0,
          "z": 0.0
        },
        "rotation_quaternion": {
          "w": 0.9927411079406738,
          "x": 0.10466450452804565,
          "y": -0.05644873157143593,
          "z": 0.01800406165421009
        },
        "scale": {
          "x": 1.0,
          "y": 1.0,
          "z": 1.0
        },
        "matrix_basis": [
          [
            0.9929788112640381,
            -0.0475631020963192,
            -0.10830917954444885,
            0.0
          ],
          [
            0.023930387571454048,
            0.9774423837661743,
            -0.20984213054180145,
            0.0
          ],
          [
            0.11584672331809998,
            0.2057769000530243,
            0.9717177748680115,
            0.0
          ],
          [
            0.0,
            0.0,
            0.0,
            1.0
          ]
        ],
        "rotation_mode": "QUATERNION"
      },
      "armature_space": {
        "head": {
          "x": 0.0024454831145703793,
          "y": -0.00024406611919403076,
          "z": -0.0024186791852116585
        },
        "tail": {
          "x": -0.011824347078800201,
          "y": -0.09515354037284851,
          "z": 0.4760548770427704
        }
      },
      "world_space": {
        "head": {
          "x": 0.0024454831145703793,
          "y": 0.06299993395805359,
          "z": 0.9474353194236755
        },
        "tail": {
          "x": -0.011824347078800201,
          "y": -0.03190954029560089,
          "z": 1.4259089231491089
        },
        "rotation_quaternion": {
          "w": 0.6336004137992859,
          "x": 0.7725296020507812,
          "y": -0.036155667155981064,
          "z": -0.021007971838116646
        },
        "matrix": [
          [
            0.9965029358863831,
            -0.02924138307571411,
            -0.07827518880367279,
            0.0024454831145703793
          ],
          [
            -0.08248411118984222,
            -0.19448614120483398,
            -0.9774311780929565,
            0.06299993395805359
          ],
          [
            0.013358024880290031,
            0.9804760813713074,
            -0.19622020423412323,
            0.9474353194236755
          ],
          [
            0.0,
            0.0,
            0.0,
            1.0
          ]
        ]
      },
      "bone_length_armature_space": 0.48800446959704374,
      "parent": "Root",
      "has_children": true,
      "is_end_bone": false
    },
    "neck_01": {
      "name": "neck_01",
      "local": {
        "location": {
          "x": 0.0,
          "y": 0.0,
          "z": 0.0
        },
        "rotation_quaternion": {
          "w": 0.9864028692245483,
          "x": -0.07290056347846985,
          "y": 0.02003057487308979,
          "z": -0.14592359960079193
        },
        "scale": {
          "x": 1.0,
          "y": 1.0,
          "z": 1.0
        },
        "matrix_basis": [
          [
            0.9566101431846619,
            0.2849584221839905,
            0.060792259871959686,
            0.0
          ],
          [
            -0.29079940915107727,
            0.9467836022377014,
            0.13797278702259064,
            0.0
          ],
          [
            -0.018240608274936676,
            -0.1496645212173462,
            0.9885685443878174,
            0.0
          ],
          [
            0.0,
            0.0,
            0.0,
            1.0
          ]
        ],
        "rotation_mode": "QUATERNION"
      },
      "armature_space": {
        "head": {
          "x": -0.016679976135492325,
          "y": -0.14329126477241516,
          "z": 0.5410388112068176
        },
        "tail": {
          "x": 0.007884256541728973,
          "y": -0.18651168048381805,
          "z": 0.6307010650634766
        }
      },
      "world_space": {
        "head": {
          "x": -0.016679976135492325,
          "y": -0.08004726469516754,
          "z": 1.4908928871154785
        },
        "tail": {
          "x": 0.007884256541728973,
          "y": -0.12326768040657043,
          "z": 1.5805550813674927
        },
        "rotation_quaternion": {
          "w": 0.5284827351570129,
          "x": 0.840308427810669,
          "y": 0.09959142655134201,
          "z": -0.06833329796791077
        },
        "matrix": [
          [
            0.9708242416381836,
            0.23960116505622864,
            -0.009576287120580673,
            -0.016679976135492325
          ],
          [
            0.09515014290809631,
            -0.42157483100891113,
            -0.9017878770828247,
            -0.08004726469516754
          ],
          [
            -0.22010797262191772,
            0.8745719194412231,
            -0.4320770800113678,
            1.4908928871154785
          ],
          [
            0.0,
            0.0,
            0.0,
            1.0
          ]
        ]
      },
      "bone_length_armature_space": 0.10252183048457451,
      "parent": "spine_01",
      "has_children": true,
      "is_end_bone": false
    },
    "head": {
      "name": "head",
      "local": {
        "location": {
          "x": 0.0,
          "y": 0.0,
          "z": 0.0
        },
        "rotation_quaternion": {
          "w": 0.9838777780532837,
          "x": -0.1481340527534485,
          "y": 0.010199182666838169,
          "z": -0.09968417882919312
        },
        "scale": {
          "x": 1.0,
          "y": 1.0,
          "z": 1.0
        },
        "matrix_basis": [
          [
            0.9799180626869202,
            0.1931324005126953,
            0.04960273951292038,
            0.0
          ],
          [
            -0.19917578995227814,
            0.936238706111908,
            0.2894582152366638,
            0.0
          ],
          [
            0.00946374423801899,
            -0.29352501034736633,
            0.9559045433998108,
            0.0
          ],
          [
            0.0,
            0.0,
            0.0,
            1.0
          ]
        ],
        "rotation_mode": "QUATERNION"
      },
      "armature_space": {
        "head": {
          "x": 0.007884236052632332,
          "y": -0.1865117847919464,
          "z": 0.630700945854187
        },
        "tail": {
          "x": 0.06642255187034607,
          "y": -0.1482734978199005,
          "z": 0.7691363096237183
        }
      },
      "world_space": {
        "head": {
          "x": 0.007884236052632332,
          "y": -0.12326778471469879,
          "z": 1.5805549621582031
        },
        "tail": {
          "x": 0.06642255187034607,
          "y": -0.0850294977426529,
          "z": 1.7189903259277344
        },
        "rotation_quaternion": {
          "w": 0.7651847004890442,
          "x": 0.6067628264427185,
          "y": 0.19434359669685364,
          "z": -0.09253056347370148
        },
        "matrix": [
          [
            0.9073376655578613,
            0.37744686007499695,
            0.18512758612632751,
            0.007884236052632332
          ],
          [
            0.0942327231168747,
            0.2465551346540451,
            -0.964536726474762,
            -0.12326778471469879
          ],
          [
            -0.4097082018852234,
            0.8926120400428772,
            0.18814128637313843,
            1.5805549621582031
          ],
          [
            0.0,
            0.0,
            0.0,
            1.0
          ]
        ]
      },
      "bone_length_armature_space": 0.15509110555264494,
      "parent": "neck_01",
      "has_children": false,
      "is_end_bone": true
    },
    "upperarm_l": {
      "name": "upperarm_l",
      "local": {
        "location": {
          "x": 0.0,
          "y": 0.0,
          "z": 0.0
        },
        "rotation_quaternion": {
          "w": 0.949705958366394,
          "x": -0.03693022578954697,
          "y": 0.31046316027641296,
          "z": 0.017535964027047157
        },
        "scale": {
          "x": 1.0,
          "y": 1.0,
          "z": 1.0
        },
        "matrix_basis": [
          [
            0.8066102266311646,
            -0.056238967925310135,
            0.5884022116661072,
            0.0
          ],
          [
            0.010377069935202599,
            0.9966573119163513,
            0.08103425055742264,
            0.0
          ],
          [
            -0.5909926295280457,
            -0.05925716832280159,
            0.8044975399971008,
            0.0
          ],
          [
            0.0,
            0.0,
            0.0,
            1.0
          ]
        ],
        "rotation_mode": "QUATERNION"
      },
      "armature_space": {
        "head": {
          "x": 0.1345110833644867,
          "y": -0.1457100659608841,
          "z": 0.4765211343765259
        },
        "tail": {
          "x": 0.4018665552139282,
          "y": -0.14419050514698029,
          "z": 0.49458715319633484
        }
      },
      "world_space": {
        "head": {
          "x": 0.1345110833644867,
          "y": -0.08246606588363647,
          "z": 1.426375150680542
        },
        "tail": {
          "x": 0.4018665552139282,
          "y": -0.08094650506973267,
          "z": 1.4444411993026733
        },
        "rotation_quaternion": {
          "w": 0.2715233564376831,
          "x": 0.6680818200111389,
          "y": 0.655064046382904,
          "z": -0.22546155750751495
        },
        "matrix": [
          [
            0.04011522978544235,
            0.9977088570594788,
            0.05448006093502045,
            0.1345110833644867
          ],
          [
            0.7528365850448608,
            0.005670670419931412,
            -0.6581832766532898,
            -0.08246606588363647
          ],
          [
            -0.6569879055023193,
            0.0674181804060936,
            -0.7508900165557861,
            1.426375150680542
          ],
          [
            0.0,
            0.0,
            0.0,
            1.0
          ]
        ]
      },
      "bone_length_armature_space": 0.26796947232494117,
      "parent": "spine_01",
      "has_children": true,
      "is_end_bone": false
    },
    "lowerarm_l": {
      "name": "lowerarm_l",
      "local": {
        "location": {
          "x": 0.0,
          "y": 0.0,
          "z": 0.0
        },
        "rotation_quaternion": {
          "w": 0.9971542358398438,
          "x": 0.058646008372306824,
          "y": 0.007843262515962124,
          "z": -0.0467192679643631
        },
        "scale": {
          "x": 1.0,
          "y": 1.0,
          "z": 1.0
        },
        "matrix_basis": [
          [
            0.9955115914344788,
            0.09409258514642715,
            0.010162088088691235,
            0.0
          ],
          [
            -0.09225267916917801,
            0.9887558817863464,
            -0.11769109219312668,
            0.0
          ],
          [
            -0.021121682599186897,
            0.11622536927461624,
            0.9929982423782349,
            0.0
          ],
          [
            0.0,
            0.0,
            0.0,
            1.0
          ]
        ],
        "rotation_mode": "QUATERNION"
      },
      "armature_space": {
        "head": {
          "x": 0.4018666446208954,
          "y": -0.14419062435626984,
          "z": 0.4945872128009796
        },
        "tail": {
          "x": 0.6644396781921387,
          "y": -0.18393969535827637,
          "z": 0.4622642695903778
        }
      },
      "world_space": {
        "head": {
          "x": 0.4018666446208954,
          "y": -0.08094662427902222,
          "z": 1.4444411993026733
        },
        "tail": {
          "x": 0.6644396781921387,
          "y": -0.12069569528102875,
          "z": 1.4121183156967163
        },
        "rotation_quaternion": {
          "w": 0.22331556677818298,
          "x": 0.6750259399414062,
          "y": 0.6130563020706177,
          "z": -0.34443023800849915
        },
        "matrix": [
          [
            0.011058188043534756,
            0.9814916253089905,
            -0.1911853402853012,
            0.4018666446208954
          ],
          [
            0.6738238334655762,
            -0.14858104288578033,
            -0.7237992286682129,
            -0.08094662427902222
          ],
          [
            -0.7388138175010681,
            -0.12082239985466003,
            -0.6630008816719055,
            1.4444411993026733
          ],
          [
            0.0,
            0.0,
            0.0,
            1.0
          ]
        ]
      },
      "bone_length_armature_space": 0.26752449806951617,
      "parent": "upperarm_l",
      "has_children": true,
      "is_end_bone": false
    },
    "metacarpal_thumb_l": {
      "name": "metacarpal_thumb_l",
      "local": {
        "location": {
          "x": 0.0,
          "y": 0.0,
          "z": 0.0
        },
        "rotation_quaternion": {
          "w": 0.9985857009887695,
          "x": -0.047258831560611725,
          "y": -0.011979655362665653,
          "z": 0.021205579861998558
        },
        "scale": {
          "x": 1.0,
          "y": 1.0,
          "z": 1.0
        },
        "matrix_basis": [
          [
            0.9988136291503906,
            -0.04121888801455498,
            -0.025929726660251617,
            0.0
          ],
          [
            0.043483465909957886,
            0.9946338534355164,
            0.09387591481208801,
            0.0
          ],
          [
            0.021921122446656227,
            -0.09489205479621887,
            0.995246171951294,
            0.0
          ],
          [
            0.0,
            0.0,
            0.0,
            1.0
          ]
        ],
        "rotation_mode": "QUATERNION"
      },
      "armature_space": {
        "head": {
          "x": 0.6644396781921387,
          "y": -0.18393969535827637,
          "z": 0.4622642695903778
        },
        "tail": {
          "x": 0.6963853240013123,
          "y": -0.2091447412967682,
          "z": 0.4340192973613739
        }
      },
      "world_space": {
        "head": {
          "x": 0.6644396781921387,
          "y": -0.12069569528102875,
          "z": 1.4121183156967163
        },
        "tail": {
          "x": 0.6963853240013123,
          "y": -0.14590074121952057,
          "z": 1.3838733434677124
        },
        "rotation_quaternion": {
          "w": 0.35811907052993774,
          "x": -0.8655382990837097,
          "y": -0.3425304889678955,
          "z": -0.0725751593708992
        },
        "matrix": [
          [
            0.7548108100891113,
            0.6449277400970459,
            -0.11970204859972,
            0.6644396781921387
          ],
          [
            0.5409672260284424,
            -0.5088468194007874,
            0.6696488261222839,
            -0.12069569528102875
          ],
          [
            0.3709683418273926,
            -0.5702175498008728,
            -0.7329723238945007,
            1.4121183156967163
          ],
          [
            0.0,
            0.0,
            0.0,
            1.0
          ]
        ]
      },
      "bone_length_armature_space": 0.04953379801798359,
      "parent": "lowerarm_l",
      "has_children": true,
      "is_end_bone": false
    },
    "thumb_01_l": {
      "name": "thumb_01_l",
      "local": {
        "location": {
          "x": 0.0,
          "y": 0.0,
          "z": 0.0
        },
        "rotation_quaternion": {
          "w": 0.9995792508125305,
          "x": -0.025280823931097984,
          "y": -0.013597480952739716,
          "z": -0.004159770905971527
        },
        "scale": {
          "x": 1.0,
          "y": 1.0,
          "z": 1.0
        },
        "matrix_basis": [
          [
            0.999595582485199,
            0.009003552608191967,
            -0.026973195374011993,
            0.0
          ],
          [
            -0.007628530263900757,
            0.9986871480941772,
            0.050653498619794846,
            0.0
          ],
          [
            0.027393843978643417,
            -0.05042725056409836,
            0.9983519911766052,
            0.0
          ],
          [
            0.0,
            0.0,
            0.0,
            1.0
          ]
        ],
        "rotation_mode": "QUATERNION"
      },
      "armature_space": {
        "head": {
          "x": 0.6963853240013123,
          "y": -0.2091447412967682,
          "z": 0.4340192973613739
        },
        "tail": {
          "x": 0.7035454511642456,
          "y": -0.2071172147989273,
          "z": 0.40080392360687256
        }
      },
      "world_space": {
        "head": {
          "x": 0.6963853240013123,
          "y": -0.14590074121952057,
          "z": 1.3838733434677124
        },
        "tail": {
          "x": 0.7035454511642456,
          "y": -0.1438732147216797,
          "z": 1.3506579399108887
        },
        "rotation_quaternion": {
          "w": 0.678705096244812,
          "x": -0.5728510618209839,
          "y": 0.26295027136802673,
          "z": -0.3769063353538513
        },
        "matrix": [
          [
            0.5775964856147766,
            0.2103540450334549,
            0.7887542247772217,
            0.6963853240013123
          ],
          [
            -0.8128795623779297,
            0.059565722942352295,
            0.5793779492378235,
            -0.14590074121952057
          ],
          [
            0.07489150762557983,
            -0.9758157134056091,
            0.20539960265159607,
            1.3838733434677124
          ],
          [
            0.0,
            0.0,
            0.0,
            1.0
          ]
        ]
      },
      "bone_length_armature_space": 0.034038791156740585,
      "parent": "metacarpal_thumb_l",
      "has_children": true,
      "is_end_bone": false
    },
    "thumb_02_l": {
      "name": "thumb_02_l",
      "local": {
        "location": {
          "x": 0.0,
          "y": 0.0,
          "z": 0.0
        },
        "rotation_quaternion": {
          "w": 0.9957712888717651,
          "x": 0.09167519211769104,
          "y": -0.004446670413017273,
          "z": -0.0039530969224870205
        },
        "scale": {
          "x": 1.0,
          "y": 1.0,
          "z": 1.0
        },
        "matrix_basis": [
          [
            0.9999291896820068,
            0.007057461887598038,
            -0.009580534882843494,
            0.0
          ],
          [
            -0.008688059635460377,
            0.9831600785255432,
            -0.1825398951768875,
            0.0
          ],
          [
            0.008130931295454502,
            0.18261019885540009,
            0.9831517934799194,
            0.0
          ],
          [
            0.0,
            0.0,
            0.0,
            1.0
          ]
        ],
        "rotation_mode": "QUATERNION"
      },
      "armature_space": {
        "head": {
          "x": 0.7035453915596008,
          "y": -0.2071172147989273,
          "z": 0.40080392360687256
        },
        "tail": {
          "x": 0.7429541349411011,
          "y": -0.212936669588089,
          "z": 0.3956792950630188
        }
      },
      "world_space": {
        "head": {
          "x": 0.7035453915596008,
          "y": -0.1438732147216797,
          "z": 1.3506579399108887
        },
        "tail": {
          "x": 0.7429541349411011,
          "y": -0.14969266951084137,
          "z": 1.3455333709716797
        },
        "rotation_quaternion": {
          "w": 0.65260249376297,
          "x": -0.05055989325046539,
          "y": 0.040798842906951904,
          "z": -0.7549101114273071
        },
        "matrix": [
          [
            -0.1431073695421219,
            0.9811865091323853,
            0.12958768010139465,
            0.7035453915596008
          ],
          [
            -0.989437997341156,
            -0.14489080011844635,
            0.004393415525555611,
            -0.1438732147216797
          ],
          [
            0.02308584749698639,
            -0.12759117782115936,
            0.9915651082992554,
            1.3506579399108887
          ],
          [
            0.0,
            0.0,
            0.0,
            1.0
          ]
        ]
      },
      "bone_length_armature_space": 0.04016437413718208,
      "parent": "thumb_01_l",
      "has_children": true,
      "is_end_bone": false
    },
    "thumb_03_l": {
      "name": "thumb_03_l",
      "local": {
        "location": {
          "x": 0.0,
          "y": 0.0,
          "z": 0.0
        },
        "rotation_quaternion": {
          "w": 0.9970515370368958,
          "x": 0.07671844959259033,
          "y": 0.0015953388065099716,
          "z": -3.827421460300684e-05
        },
        "scale": {
          "x": 1.0,
          "y": 1.0,
          "z": 1.0
        },
        "matrix_basis": [
          [
            0.9999949336051941,
            0.000321106577757746,
            0.003175397403538227,
            0.0
          ],
          [
            0.00016846110520418733,
            0.9882285594940186,
            -0.152984619140625,
            0.0
          ],
          [
            -0.00318714277818799,
            0.1529843807220459,
            0.9882234930992126,
            0.0
          ],
          [
            0.0,
            0.0,
            0.0,
            1.0
          ]
        ],
        "rotation_mode": "QUATERNION"
      },
      "armature_space": {
        "head": {
          "x": 0.7429541349411011,
          "y": -0.21293671429157257,
          "z": 0.395679235458374
        },
        "tail": {
          "x": 0.7721323370933533,
          "y": -0.21388287842273712,
          "z": 0.4043181538581848
        }
      },
      "world_space": {
        "head": {
          "x": 0.7429541349411011,
          "y": -0.14969271421432495,
          "z": 1.3455332517623901
        },
        "tail": {
          "x": 0.7721323370933533,
          "y": -0.1506388783454895,
          "z": 1.3541722297668457
        },
        "rotation_quaternion": {
          "w": 0.6955769062042236,
          "x": 0.2286142259836197,
          "y": 0.02518635429441929,
          "z": -0.680642306804657
        },
        "matrix": [
          [
            0.07218196988105774,
            0.958393394947052,
            -0.27617335319519043,
            0.7429541349411011
          ],
          [
            -0.935363233089447,
            -0.03107808157801628,
            -0.35232096910476685,
            -0.14969271421432495
          ],
          [
            -0.34624847769737244,
            0.28375568985939026,
            0.8942084908485413,
            1.3455332517623901
          ],
          [
            0.0,
            0.0,
            0.0,
            1.0
          ]
        ]
      },
      "bone_length_armature_space": 0.030444927642879878,
      "parent": "thumb_02_l",
      "has_children": false,
      "is_end_bone": true
    },
    "metacarpal_index_l": {
      "name": "metacarpal_index_l",
      "local": {
        "location": {
          "x": 0.0,
          "y": 0.0,
          "z": 0.0
        },
        "rotation_quaternion": {
          "w": 0.9998877644538879,
          "x": -0.012594224885106087,
          "y": 0.006779978983104229,
          "z": -0.00446059787645936
        },
        "scale": {
          "x": 1.0,
          "y": 1.0,
          "z": 1.0
        },
        "matrix_basis": [
          [
            0.9998682737350464,
            0.008749417029321194,
            0.013670791871845722,
            0.0
          ],
          [
            -0.009090971201658249,
            0.9996429681777954,
            0.025125136598944664,
            0.0
          ],
          [
            -0.01344608049839735,
            -0.025246107950806618,
            0.9995908141136169,
            0.0
          ],
          [
            0.0,
            0.0,
            0.0,
            1.0
          ]
        ],
        "rotation_mode": "QUATERNION"
      },
      "armature_space": {
        "head": {
          "x": 0.6644396781921387,
          "y": -0.18393969535827637,
          "z": 0.4622642695903778
        },
        "tail": {
          "x": 0.7682909965515137,
          "y": -0.22196926176548004,
          "z": 0.42356157302856445
        }
      },
      "world_space": {
        "head": {
          "x": 0.6644396781921387,
          "y": -0.12069569528102875,
          "z": 1.4121183156967163
        },
        "tail": {
          "x": 0.7682909965515137,
          "y": -0.15872526168823242,
          "z": 1.3734155893325806
        },
        "rotation_quaternion": {
          "w": 0.15993009507656097,
          "x": -0.8113371133804321,
          "y": -0.5586957335472107,
          "z": 0.06335282325744629
        },
        "matrix": [
          [
            0.36769020557403564,
            0.8863170146942139,
            -0.2815066874027252,
            0.6644396781921387
          ],
          [
            0.9268458485603333,
            -0.3245626389980316,
            0.1887226700782776,
            -0.12069569528102875
          ],
          [
            0.07590309530496597,
            -0.3303075134754181,
            -0.9408239722251892,
            1.4121183156967163
          ],
          [
            0.0,
            0.0,
            0.0,
            1.0
          ]
        ]
      },
      "bone_length_armature_space": 0.11717185223933746,
      "parent": "lowerarm_l",
      "has_children": true,
      "is_end_bone": false
    },
    "index_01_l": {
      "name": "index_01_l",
      "local": {
        "location": {
          "x": 0.0,
          "y": 0.0,
          "z": 0.0
        },
        "rotation_quaternion": {
          "w": 0.9948952794075012,
          "x": -0.10008983314037323,
          "y": 0.0021795816719532013,
          "z": 0.012673594988882542
        },
        "scale": {
          "x": 1.0,
          "y": 1.0,
          "z": 1.0
        },
        "matrix_basis": [
          [
            0.9996692538261414,
            -0.025654107332229614,
            0.0017999149858951569,
            0.0
          ],
          [
            0.024781491607427597,
            0.9796428084373474,
            0.19921305775642395,
            0.0
          ],
          [
            -0.006873907055705786,
            -0.19910256564617157,
            0.9799545407295227,
            0.0
          ],
          [
            0.0,
            0.0,
            0.0,
            1.0
          ]
        ],
        "rotation_mode": "QUATERNION"
      },
      "armature_space": {
        "head": {
          "x": 0.7682909965515137,
          "y": -0.22196926176548004,
          "z": 0.42356157302856445
        },
        "tail": {
          "x": 0.7967121601104736,
          "y": -0.22404256463050842,
          "z": 0.424566388130188
        }
      },
      "world_space": {
        "head": {
          "x": 0.7682909965515137,
          "y": -0.15872526168823242,
          "z": 1.3734155893325806
        },
        "tail": {
          "x": 0.7967121601104736,
          "y": -0.1607985645532608,
          "z": 1.374420404434204
        },
        "rotation_quaternion": {
          "w": 0.05525877699255943,
          "x": -0.7273915410041809,
          "y": -0.6786684393882751,
          "z": -0.08518915623426437
        },
        "matrix": [
          [
            0.06430386751890182,
            0.9967303276062012,
            0.048925310373306274,
            0.7682909965515137
          ],
          [
            0.9779008030891418,
            -0.0727108046412468,
            0.19601963460445404,
            -0.15872526168823242
          ],
          [
            0.19893859326839447,
            0.035239338874816895,
            -0.9793853163719177,
            1.3734155893325806
          ],
          [
            0.0,
            0.0,
            0.0,
            1.0
          ]
        ]
      },
      "bone_length_armature_space": 0.02851439621753749,
      "parent": "metacarpal_index_l",
      "has_children": true,
      "is_end_bone": false
    },
    "index_02_l": {
      "name": "index_02_l",
      "local": {
        "location": {
          "x": 0.0,
          "y": 0.0,
          "z": 0.0
        },
        "rotation_quaternion": {
          "w": 0.998397707939148,
          "x": 0.05653011426329613,
          "y": -0.002222354058176279,
          "z": -0.0012765423161908984
        },
        "scale": {
          "x": 1.0,
          "y": 1.0,
          "z": 1.0
        },
        "matrix_basis": [
          [
            0.9999868869781494,
            0.002297733910381794,
            -0.00458191242069006,
            0.0
          ],
          [
            -0.0028002536855638027,
            0.9936054348945618,
            -0.11287339776754379,
            0.0
          ],
          [
            0.0042932601645588875,
            0.11288474500179291,
            0.9935988187789917,
            0.0
          ],
          [
            0.0,
            0.0,
            0.0,
            1.0
          ]
        ],
        "rotation_mode": "QUATERNION"
      },
      "armature_space": {
        "head": {
          "x": 0.7967125177383423,
          "y": -0.22404275834560394,
          "z": 0.4245660603046417
        },
        "tail": {
          "x": 0.8223357200622559,
          "y": -0.22485856711864471,
          "z": 0.42362967133522034
        }
      },
      "world_space": {
        "head": {
          "x": 0.7967125177383423,
          "y": -0.16079875826835632,
          "z": 1.3744200468063354
        },
        "tail": {
          "x": 0.8223357200622559,
          "y": -0.1616145670413971,
          "z": 1.373483657836914
        },
        "rotation_quaternion": {
          "w": 0.05786025896668434,
          "x": -0.7174782156944275,
          "y": -0.6933625340461731,
          "z": -0.03355159983038902
        },
        "matrix": [
          [
            0.03624548763036728,
            0.9988273978233337,
            -0.03209248185157776,
            0.7967125177383423
          ],
          [
            0.9910627603530884,
            -0.03180108964443207,
            0.129552960395813,
            -0.16079875826835632
          ],
          [
            0.12838248908519745,
            -0.03650175780057907,
            -0.9910598397254944,
            1.3744200468063354
          ],
          [
            0.0,
            0.0,
            0.0,
            1.0
          ]
        ]
      },
      "bone_length_armature_space": 0.025653281432909524,
      "parent": "index_01_l",
      "has_children": true,
      "is_end_bone": false
    },
    "index_03_l": {
      "name": "index_03_l",
      "local": {
        "location": {
          "x": 0.0,
          "y": 0.0,
          "z": 0.0
        },
        "rotation_quaternion": {
          "w": 0.9993911981582642,
          "x": 0.034277744591236115,
          "y": 0.0012430489296093583,
          "z": -0.006378906313329935
        },
        "scale": {
          "x": 1.0,
          "y": 1.0,
          "z": 1.0
        },
        "matrix_basis": [
          [
            0.9999155402183533,
            0.012835263274610043,
            0.0020472751930356026,
            0.0
          ],
          [
            -0.012664827518165112,
            0.997568666934967,
            -0.06852961331605911,
            0.0
          ],
          [
            -0.002921893261373043,
            0.06849789619445801,
            0.9976469874382019,
            0.0
          ],
          [
            0.0,
            0.0,
            0.0,
            1.0
          ]
        ],
        "rotation_mode": "QUATERNION"
      },
      "armature_space": {
        "head": {
          "x": 0.8223357200622559,
          "y": -0.2248585969209671,
          "z": 0.4236298203468323
        },
        "tail": {
          "x": 0.8509644269943237,
          "y": -0.22206120193004608,
          "z": 0.4185011386871338
        }
      },
      "world_space": {
        "head": {
          "x": 0.8223357200622559,
          "y": -0.16161459684371948,
          "z": 1.3734838962554932
        },
        "tail": {
          "x": 0.8509644269943237,
          "y": -0.15881720185279846,
          "z": 1.36835515499115
        },
        "rotation_quaternion": {
          "w": 0.1377384215593338,
          "x": -0.6723730564117432,
          "y": -0.7272540330886841,
          "z": -0.006665671709924936
        },
        "matrix": [
          [
            -0.05788499489426613,
            0.9798082709312439,
            -0.1913762092590332,
            0.8223357200622559
          ],
          [
            0.9761359095573425,
            0.09573974460363388,
            0.194919154047966,
            -0.16161459684371948
          ],
          [
            0.20930831134319305,
            -0.175527423620224,
            -0.9619740843772888,
            1.3734838962554932
          ],
          [
            0.0,
            0.0,
            0.0,
            1.0
          ]
        ]
      },
      "bone_length_armature_space": 0.029218686826155024,
      "parent": "index_02_l",
      "has_children": false,
      "is_end_bone": true
    },
    "metacarpal_pinky_l": {
      "name": "metacarpal_pinky_l",
      "local": {
        "location": {
          "x": 0.0,
          "y": 0.0,
          "z": 0.0
        },
        "rotation_quaternion": {
          "w": 0.9992743730545044,
          "x": -0.036667391657829285,
          "y": -0.010247919708490372,
          "z": -0.0011329404078423977
        },
        "scale": {
          "x": 1.0,
          "y": 1.0,
          "z": 1.0
        },
        "matrix_basis": [
          [
            0.9997873902320862,
            0.0030157656874507666,
            -0.020397882908582687,
            0.0
          ],
          [
            -0.0015127076767385006,
            0.9973084330558777,
            0.07330478727817535,
            0.0
          ],
          [
            0.02056405134499073,
            -0.07325834780931473,
            0.9971009492874146,
            0.0
          ],
          [
            0.0,
            0.0,
            0.0,
            1.0
          ]
        ],
        "rotation_mode": "QUATERNION"
      },
      "armature_space": {
        "head": {
          "x": 0.6644396781921387,
          "y": -0.18393969535827637,
          "z": 0.4622642695903778
        },
        "tail": {
          "x": 0.7674289345741272,
          "y": -0.16915331780910492,
          "z": 0.4664818048477173
        }
      },
      "world_space": {
        "head": {
          "x": 0.6644396781921387,
          "y": -0.12069569528102875,
          "z": 1.4121183156967163
        },
        "tail": {
          "x": 0.7674289345741272,
          "y": -0.1059093177318573,
          "z": 1.4163358211517334
        },
        "rotation_quaternion": {
          "w": 0.672422468662262,
          "x": 0.32241591811180115,
          "y": 0.34474408626556396,
          "z": -0.5701295733451843
        },
        "matrix": [
          [
            0.11220656335353851,
            0.9890379905700684,
            0.0959872379899025,
            0.6644396781921387
          ],
          [
            -0.5444347858428955,
            0.14199811220169067,
            -0.8266967535018921,
            -0.12069569528102875
          ],
          [
            -0.8312709331512451,
            0.0405023917555809,
            0.5544027090072632,
            1.4121183156967163
          ],
          [
            0.0,
            0.0,
            0.0,
            1.0
          ]
        ]
      },
      "bone_length_armature_space": 0.10413074348857836,
      "parent": "lowerarm_l",
      "has_children": true,
      "is_end_bone": false
    },
    "pinky_01_l": {
      "name": "pinky_01_l",
      "local": {
        "location": {
          "x": 0.0,
          "y": 0.0,
          "z": 0.0
        },
        "rotation_quaternion": {
          "w": 0.9634395837783813,
          "x": 0.26727768778800964,
          "y": 0.00036237959284335375,
          "z": 0.018618637695908546
        },
        "scale": {
          "x": 1.0,
          "y": 1.0,
          "z": 1.0
        },
        "matrix_basis": [
          [
            0.9993064403533936,
            -0.03568215295672417,
            0.010650954209268093,
            0.0
          ],
          [
            0.03606957569718361,
            0.8564319610595703,
            -0.5149983167648315,
            0.0
          ],
          [
            0.00925443135201931,
            0.5150253176689148,
            0.8571249842643738,
            0.0
          ],
          [
            0.0,
            0.0,
            0.0,
            1.0
          ]
        ],
        "rotation_mode": "QUATERNION"
      },
      "armature_space": {
        "head": {
          "x": 0.7674289345741272,
          "y": -0.16915331780910492,
          "z": 0.4664818048477173
