{
  "metadata": {
    "armature_name": "KIM_caucasian_male",
    "export_time": "2026-01-13T20:56:30.239146",
    "blender_version": "4.4.1",
    "bone_count": 56,
    "end_bone_count": 13,
    "spaces_included": [
      "LOCAL_CHANNELS",
      "ARMATURE_SPACE",
      "WORLD_SPACE"
    ],
    "note": "LOCAL matches Transform panel; replay pose via local.matrix_basis for best fidelity."
  },
  "bones": {
    "Root": {
      "name": "Root",
      "local": {
        "location": {
          "x": 0.0,
          "y": 0.0,
          "z": 0.0
        },
        "rotation_quaternion": {
          "w": 0.9997082948684692,
          "x": 0.007787208538502455,
          "y": 0.01715763658285141,
          "z": 0.015110218897461891
        },
        "scale": {
          "x": 1.0,
          "y": 1.0,
          "z": 1.0
        },
        "matrix_basis": [
          [
            0.9989545941352844,
            -0.02994440123438835,
            0.03454059734940529,
            0.0
          ],
          [
            0.030478842556476593,
            0.9994220733642578,
            -0.015051363036036491,
            0.0
          ],
          [
            -0.03406992927193642,
            0.01608838513493538,
            0.9992899298667908,
            0.0
          ],
          [
            0.0,
            0.0,
            0.0,
            1.0
          ]
        ],
        "rotation_mode": "QUATERNION"
      },
      "armature_space": {
        "head": {
          "x": 0.0,
          "y": 0.07072800397872925,
          "z": -0.009595036506652832
        },
        "tail": {
          "x": -0.0021373077761381865,
          "y": -0.00011349469423294067,
          "z": -0.0011434536427259445
        }
      },
      "world_space": {
        "head": {
          "x": 0.0,
          "y": 0.13397200405597687,
          "z": 0.9402589797973633
        },
        "tail": {
          "x": -0.0021373077761381865,
          "y": 0.06313050538301468,
          "z": 0.948710560798645
        },
        "rotation_quaternion": {
          "w": 0.059578485786914825,
          "x": 0.9979617595672607,
          "y": -0.013920018449425697,
          "z": 0.018136601895093918
        },
        "matrix": [
          [
            0.9989545941352844,
            -0.02994440123438835,
            0.03454059734940529,
            0.0
          ],
          [
            -0.025622181594371796,
            -0.9925132393836975,
            -0.11941949278116226,
            0.13397200405597687
          ],
          [
            0.037858180701732635,
            0.11840952932834625,
            -0.9922499060630798,
            0.9402589797973633
          ],
          [
            0.0,
            0.0,
            0.0,
            1.0
          ]
        ]
      },
      "bone_length_armature_space": 0.07137587253221515,
      "parent": null,
      "has_children": true,
      "is_end_bone": false
    },
    "spine_01": {
      "name": "spine_01",
      "local": {
        "location": {
          "x": 0.0,
          "y": 0.0,
          "z": 0.0
        },
        "rotation_quaternion": {
          "w": 0.9978157877922058,
          "x": -0.05279146134853363,
          "y": -0.026356877759099007,
          "z": 0.029699599370360374
        },
        "scale": {
          "x": 1.0,
          "y": 1.0,
          "z": 1.0
        },
        "matrix_basis": [
          [
            0.9968464970588684,
            -0.056486621499061584,
            -0.055734388530254364,
            0.0
          ],
          [
            0.06205229461193085,
            0.9926620125770569,
            0.10378672927618027,
            0.0
          ],
          [
            0.04946284741163254,
            -0.10691788792610168,
            0.9930367469787598,
            0.0
          ],
          [
            0.0,
            0.0,
            0.0,
            1.0
          ]
        ],
        "rotation_mode": "QUATERNION"
      },
      "armature_space": {
        "head": {
          "x": -0.0021373077761381865,
          "y": -0.00011349469423294067,
          "z": -0.0011434536427259445
        },
        "tail": {
          "x": -0.0462195910513401,
          "y": 0.068055659532547,
          "z": 0.48006150126457214
        }
      },
      "world_space": {
        "head": {
          "x": -0.0021373077761381865,
          "y": 0.06313050538301468,
          "z": 0.948710560798645
        },
        "tail": {
          "x": -0.0462195910513401,
          "y": 0.13129965960979462,
          "z": 1.4299155473709106
        },
        "rotation_quaternion": {
          "w": 0.7523088455200195,
          "x": 0.6558367609977722,
          "y": -0.06226108968257904,
          "z": 0.005759672727435827
        },
        "matrix": [
          [
            0.9921808242797852,
            -0.09033232182264328,
            -0.0861237496137619,
            -0.0021373077761381865
          ],
          [
            -0.0729994922876358,
            0.13969053328037262,
            -0.9875007271766663,
            0.06313050538301468
          ],
          [
            0.1012345403432846,
            0.9860732555389404,
            0.132004052400589,
            0.948710560798645
          ],
          [
            0.0,
            0.0,
            0.0,
            1.0
          ]
        ]
      },
      "bone_length_armature_space": 0.48800459546397756,
      "parent": "Root",
      "has_children": true,
      "is_end_bone": false
    },
    "neck_01": {
      "name": "neck_01",
      "local": {
        "location": {
          "x": 0.0,
          "y": 0.0,
          "z": 0.0
        },
        "rotation_quaternion": {
          "w": 0.9905604124069214,
          "x": -0.1335570514202118,
          "y": -0.030851347371935844,
          "z": 0.0008788740378804505
        },
        "scale": {
          "x": 1.0,
          "y": 1.0,
          "z": 1.0
        },
        "matrix_basis": [
          [
            0.9980948567390442,
            0.006499674171209335,
            -0.06135500594973564,
            0.0
          ],
          [
            0.009981985203921795,
            0.9643234610557556,
            0.264538437128067,
            0.0
          ],
          [
            0.060885485261678696,
            -0.26464688777923584,
            0.9624214172363281,
            0.0
          ],
          [
            0.0,
            0.0,
            0.0,
            1.0
          ]
        ],
        "rotation_mode": "QUATERNION"
      },
      "armature_space": {
        "head": {
          "x": -0.055820394307374954,
          "y": 0.0440366230905056,
          "z": 0.5568382143974304
        },
        "tail": {
          "x": -0.06537766754627228,
          "y": 0.045893263071775436,
          "z": 0.6588969230651855
        }
      },
      "world_space": {
        "head": {
          "x": -0.055820394307374954,
          "y": 0.10728062689304352,
          "z": 1.5066921710968018
        },
        "tail": {
          "x": -0.06537766754627228,
          "y": 0.10913726687431335,
          "z": 1.6087509393692017
        },
        "rotation_quaternion": {
          "w": 0.7087821364402771,
          "x": 0.7005137205123901,
          "y": -0.0817471519112587,
          "z": -0.015031237155199051
        },
        "matrix": [
          [
            0.9861830472946167,
            -0.0932222530245781,
            -0.13694040477275848,
            -0.055820394307374954
          ],
          [
            -0.13583709299564362,
            0.018109798431396484,
            -0.9905657172203064,
            0.10728062689304352
          ],
          [
            0.09482327103614807,
            0.9954875707626343,
            0.005195647478103638,
            1.5066921710968018
          ],
          [
            0.0,
            0.0,
            0.0,
            1.0
          ]
        ]
      },
      "bone_length_armature_space": 0.10252203783937762,
      "parent": "spine_01",
      "has_children": true,
      "is_end_bone": false
    },
    "head": {
      "name": "head",
      "local": {
        "location": {
          "x": 0.0,
          "y": 0.0,
          "z": 0.0
        },
        "rotation_quaternion": {
          "w": 0.9811806678771973,
          "x": 0.033817972987890244,
          "y": -0.13923372328281403,
          "z": 0.12944035232067108
        },
        "scale": {
          "x": 1.0,
          "y": 1.0,
          "z": 1.0
        },
        "matrix_basis": [
          [
            0.9277183413505554,
            -0.26342594623565674,
            -0.2644720673561096,
            0.0
          ],
          [
            0.24459153413772583,
            0.9642030596733093,
            -0.10240800678730011,
            0.0
          ],
          [
            0.2819817066192627,
            0.030318157747387886,
            0.9589406251907349,
            0.0
          ],
          [
            0.0,
            0.0,
            0.0,
            1.0
          ]
        ],
        "rotation_mode": "QUATERNION"
      },
      "armature_space": {
        "head": {
          "x": -0.06537768244743347,
          "y": 0.0458931103348732,
          "z": 0.6588968634605408
        },
        "tail": {
          "x": -0.11210747063159943,
          "y": 0.10332196950912476,
          "z": 0.7951741814613342
        }
      },
      "world_space": {
        "head": {
          "x": -0.06537768244743347,
          "y": 0.10913711041212082,
          "z": 1.608750820159912
        },
        "tail": {
          "x": -0.11210747063159943,
          "y": 0.16656596958637238,
          "z": 1.7450282573699951
        },
        "rotation_quaternion": {
          "w": 0.783924400806427,
          "x": 0.5611149668693542,
          "y": -0.26572269201278687,
          "z": 0.0019807894714176655
        },
        "matrix": [
          [
            0.8587758541107178,
            -0.30130717158317566,
            -0.41438883543014526,
            -0.06537768244743347
          ],
          [
            -0.29509463906288147,
            0.3702932596206665,
            -0.8807963132858276,
            0.10913711041212082
          ],
          [
            0.4188383221626282,
            0.8786969780921936,
            0.2290855050086975,
            1.608750820159912
          ],
          [
            0.0,
            0.0,
            0.0,
            1.0
          ]
        ]
      },
      "bone_length_armature_space": 0.1550911156860874,
      "parent": "neck_01",
      "has_children": false,
      "is_end_bone": true
    },
    "upperarm_l": {
      "name": "upperarm_l",
      "local": {
        "location": {
          "x": 0.0,
          "y": 0.0,
          "z": 0.0
        },
        "rotation_quaternion": {
          "w": 0.7923204898834229,
          "x": 0.6028857827186584,
          "y": -0.08614278584718704,
          "z": 0.03655943274497986
        },
        "scale": {
          "x": 1.0,
          "y": 1.0,
          "z": 1.0
        },
        "matrix_basis": [
          [
            0.9824856519699097,
            -0.16180209815502167,
            -0.09242306649684906,
            0.0
          ],
          [
            -0.04593494534492493,
            0.270384281873703,
            -0.9616561532020569,
            0.0
          ],
          [
            0.18058770895004272,
            0.9490588307380676,
            0.25821632146835327,
            0.0
          ],
          [
            0.0,
            0.0,
            0.0,
            1.0
          ]
        ],
        "rotation_mode": "QUATERNION"
      },
      "armature_space": {
        "head": {
          "x": 0.09880311042070389,
          "y": 0.020549144595861435,
          "z": 0.5061725974082947
        },
        "tail": {
          "x": 0.15641731023788452,
          "y": -0.22967195510864258,
          "z": 0.5828387141227722
        }
      },
      "world_space": {
        "head": {
          "x": 0.09880311042070389,
          "y": 0.08379314839839935,
          "z": 1.456026554107666
        },
        "tail": {
          "x": 0.15641731023788452,
          "y": -0.16642795503139496,
          "z": 1.5326926708221436
        },
        "rotation_quaternion": {
          "w": 0.17993950843811035,
          "x": 0.689086377620697,
          "y": -0.027165483683347702,
          "z": -0.7014583349227905
        },
        "matrix": [
          [
            0.014436574652791023,
            0.2150029093027115,
            -0.9765068888664246,
            0.09880311042070389
          ],
          [
            -0.2898794412612915,
            -0.9337673783302307,
            -0.20987828075885773,
            0.08379314839839935
          ],
          [
            -0.9569612145423889,
            0.28610023856163025,
            0.048844724893569946,
            1.456026554107666
          ],
          [
            0.0,
            0.0,
            0.0,
            1.0
          ]
        ]
      },
      "bone_length_armature_space": 0.2679695756186342,
      "parent": "spine_01",
      "has_children": true,
      "is_end_bone": false
    },
    "lowerarm_l": {
      "name": "lowerarm_l",
      "local": {
        "location": {
          "x": 0.0,
          "y": 0.0,
          "z": 0.0
        },
        "rotation_quaternion": {
          "w": 0.8716565370559692,
          "x": 0.4243101179599762,
          "y": 0.10364276170730591,
          "z": -0.22233769297599792
        },
        "scale": {
          "x": 1.0,
          "y": 1.0,
          "z": 1.0
        },
        "matrix_basis": [
          [
            0.8796482682228088,
            0.4755575656890869,
            -0.007998484186828136,
            0.0
          ],
          [
            -0.2996508479118347,
            0.5410537719726562,
            -0.7857927680015564,
            0.0
          ],
          [
            -0.3693620562553406,
            0.6936179995536804,
            0.618438184261322,
            0.0
          ],
          [
            0.0,
            0.0,
            0.0,
            1.0
          ]
        ],
        "rotation_mode": "QUATERNION"
      },
      "armature_space": {
        "head": {
          "x": 0.15641728043556213,
          "y": -0.22967202961444855,
          "z": 0.5828388333320618
        },
        "tail": {
          "x": -0.027227282524108887,
          "y": -0.4202098548412323,
          "z": 0.5436031818389893
        }
      },
      "world_space": {
        "head": {
          "x": 0.15641728043556213,
          "y": -0.16642802953720093,
          "z": 1.5326929092407227
        },
        "tail": {
          "x": -0.027227282524108887,
          "y": -0.3569658398628235,
          "z": 1.4934571981430054
        },
        "rotation_quaternion": {
          "w": 0.29045915603637695,
          "x": -0.7299935817718506,
          "y": 0.24396921694278717,
          "z": 0.5685261487960815
        },
        "matrix": [
          [
            0.23451437056064606,
            -0.6864588856697083,
            -0.6883150935173035,
            0.15641728043556213
          ],
          [
            -0.02592555247247219,
            -0.7122257351875305,
            0.7014718651771545,
            -0.16642802953720093
          ],
          [
            -0.9717737436294556,
            -0.14666181802749634,
            -0.18482449650764465,
            1.5326929092407227
          ],
          [
            0.0,
            0.0,
            0.0,
            1.0
          ]
        ]
      },
      "bone_length_armature_space": 0.26752462557066625,
      "parent": "upperarm_l",
      "has_children": true,
      "is_end_bone": false
    },
    "metacarpal_thumb_l": {
      "name": "metacarpal_thumb_l",
      "local": {
        "location": {
          "x": 0.0,
          "y": 0.0,
          "z": 0.0
        },
        "rotation_quaternion": {
          "w": 0.9999306797981262,
          "x": -0.011029473505914211,
          "y": -0.0007239519618451595,
          "z": -0.004067143891006708
        },
        "scale": {
          "x": 1.0,
          "y": 1.0,
          "z": 1.0
        },
        "matrix_basis": [
          [
            0.9999658465385437,
            0.008149693720042706,
            -0.0013580865925177932,
            0.0
          ],
          [
            -0.008117754012346268,
            0.9997236132621765,
            0.022063307464122772,
            0.0
          ],
          [
            0.0015375204384326935,
            -0.022051529958844185,
            0.9997556805610657,
            0.0
          ],
          [
            0.0,
            0.0,
            0.0,
            1.0
          ]
        ],
        "rotation_mode": "QUATERNION"
      },
      "armature_space": {
        "head": {
          "x": -0.027227282524108887,
          "y": -0.4202098548412323,
          "z": 0.5436031818389893
        },
        "tail": {
          "x": -0.0723010003566742,
          "y": -0.42828935384750366,
          "z": 0.5247174501419067
        }
      },
      "world_space": {
        "head": {
          "x": -0.027227282524108887,
          "y": -0.3569658398628235,
          "z": 1.4934571981430054
        },
        "tail": {
          "x": -0.0723010003566742,
          "y": -0.36504536867141724,
          "z": 1.4745714664459229
        },
        "rotation_quaternion": {
          "w": 0.14987094700336456,
          "x": -0.7524945139884949,
          "y": 0.6292717456817627,
          "z": -0.12372508645057678
        },
        "matrix": [
          [
            0.17741714417934418,
            -0.9099612832069397,
            0.3748248219490051,
            -0.027227282524108887
          ],
          [
            -0.9841328859329224,
            -0.16311123967170715,
            0.06983835995197296,
            -0.3569658398628235
          ],
          [
            -0.002412960398942232,
            -0.38127046823501587,
            -0.924467921257019,
            1.4934571981430054
          ],
          [
            0.0,
            0.0,
            0.0,
            1.0
          ]
        ]
      },
      "bone_length_armature_space": 0.04953371884488471,
      "parent": "lowerarm_l",
      "has_children": true,
      "is_end_bone": false
    },
    "thumb_01_l": {
      "name": "thumb_01_l",
      "local": {
        "location": {
          "x": 0.0,
          "y": 0.0,
          "z": 0.0
        },
        "rotation_quaternion": {
          "w": 0.9977133274078369,
          "x": -0.06735175848007202,
          "y": -0.002700895769521594,
          "z": -0.0049715228378772736
        },
        "scale": {
          "x": 1.0,
          "y": 1.0,
          "z": 1.0
        },
        "matrix_basis": [
          [
            0.9999359846115112,
            0.010284129530191422,
            -0.004719757940620184,
            0.0
          ],
          [
            -0.009556489065289497,
            0.9908780455589294,
            0.13442234694957733,
            0.0
          ],
          [
            0.006059120874851942,
            -0.1343686431646347,
            0.990912914276123,
            0.0
          ],
          [
            0.0,
            0.0,
            0.0,
            1.0
          ]
        ],
        "rotation_mode": "QUATERNION"
      },
      "armature_space": {
        "head": {
          "x": -0.0723010003566742,
          "y": -0.42828935384750366,
          "z": 0.5247174501419067
        },
        "tail": {
          "x": -0.08484694361686707,
          "y": -0.4217117130756378,
          "z": 0.49376633763313293
        }
      },
      "world_space": {
        "head": {
          "x": -0.0723010003566742,
          "y": -0.36504536867141724,
          "z": 1.4745714664459229
        },
        "tail": {
          "x": -0.08484694361686707,
          "y": -0.358467698097229,
          "z": 1.4436203241348267
        },
        "rotation_quaternion": {
          "w": 0.08102636784315109,
          "x": 0.17552907764911652,
          "y": -0.7681506276130676,
          "z": 0.6103842854499817
        },
        "matrix": [
          [
            -0.9252483248710632,
            -0.368580162525177,
            0.08980145305395126,
            -0.0723010003566742
          ],
          [
            -0.1707531064748764,
            0.19324073195457458,
            -0.9661789536476135,
            -0.36504536867141724
          ],
          [
            0.33876344561576843,
            -0.9092952609062195,
            -0.24173441529273987,
            1.4745714664459229
          ],
          [
            0.0,
            0.0,
            0.0,
            1.0
          ]
        ]
      },
      "bone_length_armature_space": 0.03403876360238983,
      "parent": "metacarpal_thumb_l",
      "has_children": true,
      "is_end_bone": false
    },
    "thumb_02_l": {
      "name": "thumb_02_l",
      "local": {
        "location": {
          "x": 0.0,
          "y": 0.0,
          "z": 0.0
        },
        "rotation_quaternion": {
          "w": 0.9940539598464966,
          "x": 0.10887841880321503,
          "y": -0.0014668775256723166,
          "z": 0.00018214702140539885
        },
        "scale": {
          "x": 1.0,
          "y": 1.0,
          "z": 1.0
        },
        "matrix_basis": [
          [
            0.9999956488609314,
            -0.0006815505330450833,
            -0.002876647049561143,
            0.0
          ],
          [
            4.2705323721747845e-05,
            0.9762909412384033,
            -0.21646258234977722,
            0.0
          ],
          [
            0.002955974545329809,
            0.21646150946617126,
            0.9762866497039795,
            0.0
          ],
          [
            0.0,
            0.0,
            0.0,
            1.0
          ]
        ],
        "rotation_mode": "QUATERNION"
      },
      "armature_space": {
        "head": {
          "x": -0.08484691381454468,
          "y": -0.42171165347099304,
          "z": 0.49376633763313293
        },
        "tail": {
          "x": -0.11175118386745453,
          "y": -0.45043373107910156,
          "z": 0.48574239015579224
        }
      },
      "world_space": {
        "head": {
          "x": -0.08484691381454468,
          "y": -0.35846763849258423,
          "z": 1.4436203241348267
        },
        "tail": {
          "x": -0.11175118386745453,
          "y": -0.38718974590301514,
          "z": 1.4355964660644531
        },
        "rotation_quaternion": {
          "w": 0.32751595973968506,
          "x": 0.21132756769657135,
          "y": -0.18755465745925903,
          "z": 0.9016082286834717
        },
        "matrix": [
          [
            -0.6961480379104614,
            -0.6698535680770874,
            0.2582138180732727,
            -0.08484691381454468
          ],
          [
            0.5113120675086975,
            -0.7151128053665161,
            -0.47662782669067383,
            -0.35846763849258423
          ],
          [
            0.5039268732070923,
            -0.19977755844593048,
            0.8403335809707642,
            1.4436203241348267
          ],
          [
            0.0,
            0.0,
            0.0,
            1.0
          ]
        ]
      },
      "bone_length_armature_space": 0.0401644271474863,
      "parent": "thumb_01_l",
      "has_children": true,
      "is_end_bone": false
    },
    "thumb_03_l": {
      "name": "thumb_03_l",
      "local": {
        "location": {
          "x": 0.0,
          "y": 0.0,
          "z": 0.0
        },
        "rotation_quaternion": {
          "w": 0.9985392093658447,
          "x": 0.05351947993040085,
          "y": -0.006062631495296955,
          "z": -0.004295422695577145
        },
        "scale": {
          "x": 1.0,
          "y": 1.0,
          "z": 1.0
        },
        "matrix_basis": [
          [
            0.999889612197876,
            0.007929358631372452,
            -0.012567328289151192,
            0.0
          ],
          [
            -0.009227233938872814,
            0.9942344427108765,
            -0.10683051496744156,
            0.0
          ],
          [
            0.01164777297526598,
            0.10693468153476715,
            0.9941978454589844,
            0.0
          ],
          [
            0.0,
            0.0,
            0.0,
            1.0
          ]
        ],
        "rotation_mode": "QUATERNION"
      },
      "armature_space": {
        "head": {
          "x": -0.11175120621919632,
          "y": -0.4504336416721344,
          "z": 0.48574236035346985
        },
        "tail": {
          "x": -0.12539732456207275,
          "y": -0.47757935523986816,
          "z": 0.48768776655197144
        }
      },
      "world_space": {
        "head": {
          "x": -0.11175120621919632,
          "y": -0.3871896266937256,
          "z": 1.4355963468551636
        },
        "tail": {
          "x": -0.12539732456207275,
          "y": -0.41433537006378174,
          "z": 1.4375417232513428
        },
        "rotation_quaternion": {
          "w": 0.23228596150875092,
          "x": 0.07480631023645401,
          "y": 0.01502925157546997,
          "z": 0.969650149345398
        },
        "matrix": [
          [
            -0.880894660949707,
            -0.4482237994670868,
            0.1520538181066513,
            -0.11175120621919632
          ],
          [
            0.45272088050842285,
            -0.8916349411010742,
            -0.005606450140476227,
            -0.3871896266937256
          ],
          [
            0.13809102773666382,
            0.06389889121055603,
            0.9883632063865662,
            1.4355963468551636
          ],
          [
            0.0,
            0.0,
            0.0,
            1.0
          ]
        ]
      },
      "bone_length_armature_space": 0.030444883572056467,
      "parent": "thumb_02_l",
      "has_children": false,
      "is_end_bone": true
    },
    "metacarpal_index_l": {
      "name": "metacarpal_index_l",
      "local": {
        "location": {
          "x": 0.0,
          "y": 0.0,
          "z": 0.0
        },
        "rotation_quaternion": {
          "w": 0.9999677538871765,
          "x": -0.006703509949147701,
          "y": -0.0036994852125644684,
          "z": 0.002444450045004487
        },
        "scale": {
          "x": 1.0,
          "y": 1.0,
          "z": 1.0
        },
        "matrix_basis": [
          [
            0.9999606609344482,
            -0.0048391432501375675,
            -0.007431504782289267,
            0.0
          ],
          [
            0.004938341677188873,
            0.9998981952667236,
            0.013388501480221748,
            0.0
          ],
          [
            0.007365959230810404,
            -0.013424674049019814,
            0.9998827576637268,
            0.0
          ],
          [
            0.0,
            0.0,
            0.0,
            1.0
          ]
        ],
        "rotation_mode": "QUATERNION"
      },
      "armature_space": {
        "head": {
          "x": -0.027227282524108887,
          "y": -0.4202098548412323,
          "z": 0.5436031818389893
        },
        "tail": {
          "x": -0.1271710842847824,
          "y": -0.4750410318374634,
          "z": 0.5165104866027832
        }
      },
      "world_space": {
        "head": {
          "x": -0.027227282524108887,
          "y": -0.3569658398628235,
          "z": 1.4934571981430054
        },
        "tail": {
          "x": -0.1271710842847824,
          "y": -0.41179704666137695,
          "z": 1.4663645029067993
        },
        "rotation_quaternion": {
          "w": 0.22122396528720856,
          "x": -0.843100905418396,
          "y": 0.4659203290939331,
          "z": 0.1521812379360199
        },
        "matrix": [
          [
            0.5195179581642151,
            -0.8529685139656067,
            -0.05046098679304123,
            -0.027227282524108887
          ],
          [
            -0.718304455280304,
            -0.4679555594921112,
            0.5148365497589111,
            -0.3569658398628235
          ],
          [
            -0.46275660395622253,
            -0.23122233152389526,
            -0.8558076024055481,
            1.4934571981430054
          ],
          [
            0.0,
            0.0,
            0.0,
            1.0
          ]
        ]
      },
      "bone_length_armature_space": 0.11717182069432988,
      "parent": "lowerarm_l",
      "has_children": true,
      "is_end_bone": false
    },
    "index_01_l": {
      "name": "index_01_l",
      "local": {
        "location": {
          "x": 0.0,
          "y": 0.0,
          "z": 0.0
        },
        "rotation_quaternion": {
          "w": 0.9915711879730225,
          "x": -0.1295454502105713,
          "y": 0.00210346351377666,
          "z": -0.000552301702555269
        },
        "scale": {
          "x": 1.0,
          "y": 1.0,
          "z": 1.0
        },
        "matrix_basis": [
          [
            0.9999905228614807,
            0.0005503046559169888,
            0.0043145641684532166,
            0.0
          ],
          [
            -0.0016402811743319035,
            0.9664353132247925,
            0.2569047510623932,
            0.0
          ],
          [
            -0.0040283710695803165,
            -0.25690940022468567,
            0.9664270877838135,
            0.0
          ],
          [
            0.0,
            0.0,
            0.0,
            1.0
          ]
        ],
        "rotation_mode": "QUATERNION"
      },
      "armature_space": {
        "head": {
          "x": -0.1271710842847824,
          "y": -0.4750410318374634,
          "z": 0.5165104866027832
        },
        "tail": {
          "x": -0.1429872214794159,
          "y": -0.4987601935863495,
          "z": 0.5159441232681274
        }
      },
      "world_space": {
        "head": {
          "x": -0.1271710842847824,
          "y": -0.41179704666137695,
          "z": 1.4663645029067993
        },
        "tail": {
          "x": -0.1429872214794159,
          "y": -0.4355161786079407,
          "z": 1.4657981395721436
        },
        "rotation_quaternion": {
          "w": 0.05939551442861557,
          "x": -0.9431580901145935,
          "y": 0.28382420539855957,
          "z": 0.16238543391227722
        },
        "matrix": [
          [
            0.7861498594284058,
            -0.5546724200248718,
            -0.2725939452648163,
            -0.1271710842847824
          ],
          [
            -0.5160924196243286,
            -0.8318320512771606,
            0.2042165994644165,
            -0.41179704666137695
          ],
          [
            -0.3400285243988037,
            -0.019861996173858643,
            -0.9402128458023071,
            1.4663645029067993
          ],
          [
            0.0,
            0.0,
            0.0,
            1.0
          ]
        ]
      },
      "bone_length_armature_space": 0.028514375196083335,
      "parent": "metacarpal_index_l",
      "has_children": true,
      "is_end_bone": false
    },
    "index_02_l": {
      "name": "index_02_l",
      "local": {
        "location": {
          "x": 0.0,
          "y": 0.0,
          "z": 0.0
        },
        "rotation_quaternion": {
          "w": 0.9996857047080994,
          "x": 0.022226156666874886,
          "y": -0.009218106046319008,
          "z": -0.007042020559310913
        },
        "scale": {
          "x": 1.0,
          "y": 1.0,
          "z": 1.0
        },
        "matrix_basis": [
          [
            0.9997308850288391,
            0.013669848442077637,
            -0.018743451684713364,
            0.0
          ],
          [
            -0.014489380642771721,
            0.9989128112792969,
            -0.04430851340293884,
            0.0
          ],
          [
            0.018117383122444153,
            0.04456816986203194,
            0.9988420605659485,
            0.0
          ],
          [
            0.0,
            0.0,
            0.0,
            1.0
          ]
        ],
        "rotation_mode": "QUATERNION"
      },
      "armature_space": {
        "head": {
          "x": -0.1429876983165741,
          "y": -0.4987603425979614,
          "z": 0.5159438848495483
        },
        "tail": {
          "x": -0.15643611550331116,
          "y": -0.5205764770507812,
          "z": 0.5148091316223145
        }
      },
      "world_space": {
        "head": {
          "x": -0.1429876983165741,
          "y": -0.435516357421875,
          "z": 1.4657979011535645
        },
        "tail": {
          "x": -0.15643611550331116,
          "y": -0.4573324918746948,
          "z": 1.4646631479263306
        },
        "rotation_quaternion": {
          "w": 0.07905144989490509,
          "x": -0.9409335255622864,
          "y": 0.2618006467819214,
          "z": 0.19963869452476501
        },
        "matrix": [
          [
            0.7832099199295044,
            -0.5242379307746887,
            -0.3343014717102051,
            -0.1429876983165741
          ],
          [
            -0.4611108601093292,
            -0.8504225611686707,
            0.25329551100730896,
            -0.435516357421875
          ],
          [
            -0.4170878529548645,
            -0.04423452913761139,
            -0.9077969193458557,
            1.4657979011535645
          ],
          [
            0.0,
            0.0,
            0.0,
            1.0
          ]
        ]
      },
      "bone_length_armature_space": 0.025653290485698633,
      "parent": "index_01_l",
      "has_children": true,
      "is_end_bone": false
    },
    "index_03_l": {
      "name": "index_03_l",
      "local": {
        "location": {
          "x": 0.0,
          "y": 0.0,
          "z": 0.0
        },
        "rotation_quaternion": {
          "w": 0.998694896697998,
          "x": 0.05106982961297035,
          "y": -0.00037632271414622664,
          "z": -0.0006569292745552957
        },
        "scale": {
          "x": 1.0,
          "y": 1.0,
          "z": 1.0
        },
        "matrix_basis": [
          [
            0.9999988675117493,
            0.0012737063225358725,
            -0.0008187617058865726,
            0.0
          ],
          [
            -0.0013505812967196107,
            0.9947828650474548,
            -0.10200586169958115,
            0.0
          ],
          [
            0.0006845646421425045,
            0.10200685262680054,
            0.9947834610939026,
            0.0
          ],
          [
            0.0,
            0.0,
            0.0,
            1.0
          ]
        ],
        "rotation_mode": "QUATERNION"
      },
      "armature_space": {
        "head": {
          "x": -0.15643608570098877,
          "y": -0.5205764770507812,
          "z": 0.514809250831604
        },
        "tail": {
          "x": -0.17099565267562866,
          "y": -0.5447828769683838,
          "z": 0.5073391795158386
        }
      },
      "world_space": {
        "head": {
          "x": -0.15643608570098877,
          "y": -0.4573324918746948,
          "z": 1.4646632671356201
        },
        "tail": {
          "x": -0.17099565267562866,
          "y": -0.48153889179229736,
          "z": 1.45719313621521
        },
        "rotation_quaternion": {
          "w": 0.16999715566635132,
          "x": -0.9460853338241577,
          "y": 0.238480344414711,
          "z": 0.1383865922689438
        },
        "matrix": [
          [
            0.8479529619216919,
            -0.4982963800430298,
            -0.18076831102371216,
            -0.15643608570098877
          ],
          [
            -0.40419527888298035,
            -0.8284563422203064,
            0.38766831159591675,
            -0.4573324918746948
          ],
          [
            -0.34293505549430847,
            -0.25566115975379944,
            -0.9039065837860107,
            1.4646632671356201
          ],
          [
            0.0,
            0.0,
            0.0,
            1.0
          ]
        ]
      },
      "bone_length_armature_space": 0.029218705704770677,
      "parent": "index_02_l",
      "has_children": false,
      "is_end_bone": true
    },
    "metacarpal_pinky_l": {
      "name": "metacarpal_pinky_l",
      "local": {
        "location": {
          "x": 0.0,
          "y": 0.0,
          "z": 0.0
        },
        "rotation_quaternion": {
          "w": 0.9998950362205505,
          "x": -0.007345408666878939,
          "y": 0.006906045135110617,
          "z": 0.010405926033854485
        },
        "scale": {
          "x": 1.0,
          "y": 1.0,
          "z": 1.0
        },
        "matrix_basis": [
          [
            0.9996880292892456,
            -0.020911123603582382,
            0.013657769188284874,
            0.0
          ],
          [
            0.02070821262896061,
            0.9996755123138428,
            0.014833003282546997,
            0.0
          ],
          [
            -0.013963512144982815,
            -0.014545547775924206,
            0.9997966885566711,
            0.0
          ],
          [
            0.0,
            0.0,
            0.0,
            1.0
          ]
        ],
        "rotation_mode": "QUATERNION"
      },
      "armature_space": {
        "head": {
          "x": -0.027227282524108887,
          "y": -0.4202098548412323,
          "z": 0.5436031818389893
        },
        "tail": {
          "x": -0.07104849070310593,
          "y": -0.5141881704330444,
          "z": 0.5340639352798462
        }
      },
      "world_space": {
        "head": {
          "x": -0.027227282524108887,
          "y": -0.3569658398628235,
          "z": 1.4934571981430054
        },
        "tail": {
          "x": -0.07104849070310593,
          "y": -0.450944185256958,
          "z": 1.4839179515838623
        },
        "rotation_quaternion": {
          "w": 0.22049854695796967,
          "x": -0.25618067383766174,
          "y": 0.011352364905178547,
          "z": 0.9410755634307861
        },
        "matrix": [
          [
            -0.7715036869049072,
            -0.4208286702632904,
            -0.47716426849365234,
            -0.027227282524108887
          ],
          [
            0.4091950058937073,
            -0.9025030732154846,
            0.13434292376041412,
            -0.3569658398628235
          ],
          [
            -0.48718032240867615,
            -0.09160851687192917,
            0.8684912919998169,
            1.4934571981430054
          ],
          [
            0.0,
            0.0,
            0.0,
            1.0
          ]
        ]
      },
      "bone_length_armature_space": 0.10413078014584655,
      "parent": "lowerarm_l",
      "has_children": true,
      "is_end_bone": false
    },
    "pinky_01_l": {
      "name": "pinky_01_l",
      "local": {
        "location": {
          "x": 0.0,
          "y": 0.0,
          "z": 0.0
        },
        "rotation_quaternion": {
          "w": 0.9942683577537537,
          "x": -0.10457995533943176,
          "y": 0.018591197207570076,
          "z": -0.01215953379869461
        },
        "scale": {
          "x": 1.0,
          "y": 1.0,
          "z": 1.0
        },
        "matrix_basis": [
          [
            0.9990130066871643,
            0.020291145890951157,
            0.03951256349682808,
            0.0
          ],
          [
            -0.028068212792277336,
            0.9778303503990173,
            0.20750896632671356,
            0.0
          ],
          [
            -0.034425992518663406,
            -0.20841319859027863,
            0.9774348139762878,
            0.0
          ],
          [
            0.0,
            0.0,
            0.0,
            1.0
          ]
        ],
        "rotation_mode": "QUATERNION"
      },
      "armature_space": {
