{
  "metadata": {
    "armature_name": "KIM_caucasian_male",
    "export_time": "2026-01-13T21:01:19.302518",
    "blender_version": "4.4.1",
    "bone_count": 56,
    "end_bone_count": 13,
    "spaces_included": [
      "LOCAL_CHANNELS",
      "ARMATURE_SPACE",
      "WORLD_SPACE"
    ],
    "note": "LOCAL matches Transform panel; replay pose via local.matrix_basis for best fidelity."
  },
  "bones": {
    "Root": {
      "name": "Root",
      "local": {
        "location": {
          "x": 0.0,
          "y": 0.0,
          "z": 0.0
        },
        "rotation_quaternion": {
          "w": 0.9998216032981873,
          "x": -0.015860391780734062,
          "y": -0.00987235177308321,
          "z": 0.00279079913161695
        },
        "scale": {
          "x": 1.0,
          "y": 1.0,
          "z": 1.0
        },
        "matrix_basis": [
          [
            0.9997894763946533,
            -0.005267443601042032,
            -0.019829707220196724,
            0.0
          ],
          [
            0.005893761292099953,
            0.9994813203811646,
            0.03166002035140991,
            0.0
          ],
          [
            0.019652655348181725,
            -0.03177022933959961,
            0.9993019700050354,
            0.0
          ],
          [
            0.0,
            0.0,
            0.0,
            1.0
          ]
        ],
        "rotation_mode": "QUATERNION"
      },
      "armature_space": {
        "head": {
          "x": 0.0,
          "y": 0.07072800397872925,
          "z": -0.009595036506652832
        },
        "tail": {
          "x": -0.0003759683750104159,
          "y": 0.00034151971340179443,
          "z": 0.0022420845925807953
        }
      },
      "world_space": {
        "head": {
          "x": 0.0,
          "y": 0.13397200405597687,
          "z": 0.9402589797973633
        },
        "tail": {
          "x": -0.0003759683750104159,
          "y": 0.06358551979064941,
          "z": 0.9520961046218872
        },
        "rotation_quaternion": {
          "w": 0.0831800028681755,
          "x": 0.996481716632843,
          "y": -0.0034495387226343155,
          "z": -0.009661913849413395
        },
        "matrix": [
          [
            0.9997894763946533,
            -0.005267443601042032,
            -0.019829707220196724,
            0.0
          ],
          [
            -0.00848216563463211,
            -0.9861383438110352,
            -0.1657085120677948,
            0.13397200405597687
          ],
          [
            -0.01868211291730404,
            0.16584205627441406,
            -0.9859824180603027,
            0.9402589797973633
          ],
          [
            0.0,
            0.0,
            0.0,
            1.0
          ]
        ]
      },
      "bone_length_armature_space": 0.07137587714752563,
      "parent": null,
      "has_children": true,
      "is_end_bone": false
    },
    "spine_01": {
      "name": "spine_01",
      "local": {
        "location": {
          "x": 0.0,
          "y": 0.0,
          "z": 0.0
        },
        "rotation_quaternion": {
          "w": 0.9920697212219238,
          "x": 0.10820163786411285,
          "y": -0.03780939802527428,
          "z": -0.05158133804798126
        },
        "scale": {
          "x": 1.0,
          "y": 1.0,
          "z": 1.0
        },
        "matrix_basis": [
          [
            0.9918196201324463,
            0.0941624864935875,
            -0.08618149161338806,
            0.0
          ],
          [
            -0.11052664369344711,
            0.9712635278701782,
            -0.2107866257429123,
            0.0
          ],
          [
            0.06385675072669983,
            0.21858765184879303,
            0.9737257361412048,
            0.0
          ],
          [
            0.0,
            0.0,
            0.0,
            1.0
          ]
        ],
        "rotation_mode": "QUATERNION"
      },
      "armature_space": {
        "head": {
          "x": -0.0003759683750104159,
          "y": 0.00034151971340179443,
          "z": 0.0022420845925807953
        },
        "tail": {
          "x": 0.05396275967359543,
          "y": -0.06926749646663666,
          "z": 0.48219025135040283
        }
      },
      "world_space": {
        "head": {
          "x": -0.0003759683750104159,
          "y": 0.06358551979064941,
          "z": 0.9520961046218872
        },
        "tail": {
          "x": 0.05396275967359543,
          "y": -0.006023496389389038,
          "z": 1.432044267654419
        },
        "rotation_quaternion": {
          "w": 0.6546570658683777,
          "x": 0.7522901296615601,
          "y": 0.010176152922213078,
          "z": -0.07335042208433151
        },
        "matrix": [
          [
            0.9890323877334595,
            0.11134956777095795,
            -0.09703703224658966,
            -0.0003759683750104159
          ],
          [
            -0.08072716742753983,
            -0.1426410675048828,
            -0.9864770770072937,
            0.06358551979064941
          ],
          [
            -0.12368619441986084,
            0.9834978580474854,
            -0.1320895105600357,
            0.9520961046218872
          ],
          [
            0.0,
            0.0,
            0.0,
            1.0
          ]
        ]
      },
      "bone_length_armature_space": 0.4880044605618184,
      "parent": "Root",
      "has_children": true,
      "is_end_bone": false
    },
    "neck_01": {
      "name": "neck_01",
      "local": {
        "location": {
          "x": 0.0,
          "y": 0.0,
          "z": 0.0
        },
        "rotation_quaternion": {
          "w": 0.9828586578369141,
          "x": -0.1195390373468399,
          "y": -0.029440879821777344,
          "z": -0.13723188638687134
        },
        "scale": {
          "x": 1.0,
          "y": 1.0,
          "z": 1.0
        },
        "matrix_basis": [
          [
            0.960601270198822,
            0.2767977714538574,
            -0.02506331168115139,
            0.0
          ],
          [
            -0.2627204358577728,
            0.93375563621521,
            0.2430604100227356,
            0.0
          ],
          [
            0.09068158268928528,
            -0.22689950466156006,
            0.969687283039093,
            0.0
          ],
          [
            0.0,
            0.0,
            0.0,
            1.0
          ]
        ],
        "rotation_mode": "QUATERNION"
      },
      "armature_space": {
        "head": {
          "x": 0.05875031277537346,
          "y": -0.11392292380332947,
          "z": 0.5496195554733276
        },
        "tail": {
          "x": 0.09625363349914551,
          "y": -0.14480037987232208,
          "z": 0.6399013996124268
        }
      },
      "world_space": {
        "head": {
          "x": 0.05875031277537346,
          "y": -0.05067892372608185,
          "z": 1.4994735717773438
        },
        "tail": {
          "x": 0.09625363349914551,
          "y": -0.08155637979507446,
          "z": 1.5897554159164429
        },
        "rotation_quaternion": {
          "w": 0.5810832977294922,
          "x": 0.7889930009841919,
          "y": 0.10840573161840439,
          "z": -0.16757239401340485
        },
        "matrix": [
          [
            0.920335590839386,
            0.36580991744995117,
            -0.13843965530395508,
            0.05875031277537346
          ],
          [
            -0.023682497441768646,
            -0.30118080973625183,
            -0.9532731771469116,
            -0.05067892372608185
          ],
          [
            -0.3904148042201996,
            0.8806154131889343,
            -0.26852697134017944,
            1.4994735717773438
          ],
          [
            0.0,
            0.0,
            0.0,
            1.0
          ]
        ]
      },
      "bone_length_armature_space": 0.1025218398525926,
      "parent": "spine_01",
      "has_children": true,
      "is_end_bone": false
    },
    "head": {
      "name": "head",
      "local": {
        "location": {
          "x": 0.0,
          "y": 0.0,
          "z": 0.0
        },
        "rotation_quaternion": {
          "w": 0.9940696954727173,
          "x": -0.04920155182480812,
          "y": 0.0967385396361351,
          "z": 0.006814613472670317
        },
        "scale": {
          "x": 1.0,
          "y": 1.0,
          "z": 1.0
        },
        "matrix_basis": [
          [
            0.9811904430389404,
            -0.0230677742511034,
            0.1916591227054596,
            0.0
          ],
          [
            0.004029029048979282,
            0.9950655102729797,
            0.09913801401853561,
            0.0
          ],
          [
            -0.19300028681755066,
            -0.09650107473134995,
            0.9764417409896851,
            0.0
          ],
          [
            0.0,
            0.0,
            0.0,
            1.0
          ]
        ],
        "rotation_mode": "QUATERNION"
      },
      "armature_space": {
        "head": {
          "x": 0.09625358879566193,
          "y": -0.14480051398277283,
          "z": 0.6399012804031372
        },
        "tail": {
          "x": 0.15322384238243103,
          "y": -0.11992694437503815,
          "z": 0.7819891571998596
        }
      },
      "world_space": {
        "head": {
          "x": 0.09625358879566193,
          "y": -0.08155651390552521,
          "z": 1.5897552967071533
        },
        "tail": {
          "x": 0.15322384238243103,
          "y": -0.05668294429779053,
          "z": 1.7318432331085205
        },
        "rotation_quaternion": {
          "w": 0.7329802513122559,
          "x": 0.64430171251297,
          "y": 0.20719586312770844,
          "z": -0.06844867020845413
        },
        "matrix": [
          [
            0.904769778251648,
            0.3673362731933594,
            0.2155359983444214,
            0.09625358879566193
          ],
          [
            0.1666480153799057,
            0.16038130223751068,
            -0.9728858470916748,
            -0.08155651390552521
          ],
          [
            -0.3919466435909271,
            0.9161626696586609,
            0.08389181643724442,
            1.5897552967071533
          ],
          [
            0.0,
            0.0,
            0.0,
            1.0
          ]
        ]
      },
      "bone_length_armature_space": 0.15509116410141444,
      "parent": "neck_01",
      "has_children": false,
      "is_end_bone": true
    },
    "upperarm_l": {
      "name": "upperarm_l",
      "local": {
        "location": {
          "x": 0.0,
          "y": 0.0,
          "z": 0.0
        },
        "rotation_quaternion": {
          "w": 0.7835781574249268,
          "x": 0.5452044010162354,
          "y": 0.012404028326272964,
          "z": 0.2976636588573456
        },
        "scale": {
          "x": 1.0,
          "y": 1.0,
          "z": 1.0
        },
        "matrix_basis": [
          [
            0.8224849700927734,
            -0.4529600143432617,
            0.34401413798332214,
            0.0
          ],
          [
            0.4800109565258026,
            0.22829701006412506,
            -0.8470360636711121,
            0.0
          ],
          [
            0.3051360249519348,
            0.8618049621582031,
            0.4051966071128845,
            0.0
          ],
          [
            0.0,
            0.0,
            0.0,
            1.0
          ]
        ],
        "rotation_mode": "QUATERNION"
      },
      "armature_space": {
        "head": {
          "x": 0.19931216537952423,
          "y": -0.11959141492843628,
          "z": 0.46454668045043945
        },
        "tail": {
          "x": 0.2616058588027954,
          "y": -0.36984148621559143,
          "z": 0.5373620986938477
        }
      },
      "world_space": {
        "head": {
          "x": 0.19931216537952423,
          "y": -0.05634741485118866,
          "z": 1.4144006967544556
        },
        "tail": {
          "x": 0.2616058588027954,
          "y": -0.3065974712371826,
          "z": 1.4872161149978638
        },
        "rotation_quaternion": {
          "w": 0.18112093210220337,
          "x": 0.800720751285553,
          "y": 0.016053004190325737,
          "z": -0.5707747340202332
        },
        "matrix": [
          [
            0.3479173481464386,
            0.23246562480926514,
            -0.9082473516464233,
            0.19931216537952423
          ],
          [
            -0.18105071783065796,
            -0.9338755011558533,
            -0.30837929248809814,
            -0.05634741485118866
          ],
          [
            -0.9198839068412781,
            0.27173030376434326,
            -0.2828255593776703,
            1.4144006967544556
          ],
          [
            0.0,
            0.0,
            0.0,
            1.0
          ]
        ]
      },
      "bone_length_armature_space": 0.2679695591101095,
      "parent": "spine_01",
      "has_children": true,
      "is_end_bone": false
    },
    "lowerarm_l": {
      "name": "lowerarm_l",
      "local": {
        "location": {
          "x": 0.0,
          "y": 0.0,
          "z": 0.0
        },
        "rotation_quaternion": {
          "w": 0.9573419690132141,
          "x": 0.2884708046913147,
          "y": -0.004706349223852158,
          "z": -0.016085833311080933
        },
        "scale": {
          "x": 1.0,
          "y": 1.0,
          "z": 1.0
        },
        "matrix_basis": [
          [
            0.9994381666183472,
            0.02808399870991707,
            -0.018291758373379707,
            0.0
          ],
          [
            -0.03351457417011261,
            0.8330516815185547,
            -0.5521789789199829,
            0.0
          ],
          [
            -0.0002694152935873717,
            0.5524818301200867,
            0.8335248827934265,
            0.0
          ],
          [
            0.0,
            0.0,
            0.0,
            1.0
          ]
        ],
        "rotation_mode": "QUATERNION"
      },
      "armature_space": {
        "head": {
          "x": 0.26160576939582825,
          "y": -0.3698415756225586,
          "z": 0.5373622179031372
        },
        "tail": {
          "x": 0.14252051711082458,
          "y": -0.6071553826332092,
          "z": 0.5700767636299133
        }
      },
      "world_space": {
        "head": {
          "x": 0.26160576939582825,
          "y": -0.30659759044647217,
          "z": 1.4872162342071533
        },
        "tail": {
          "x": 0.14252051711082458,
          "y": -0.5439113974571228,
          "z": 1.5199308395385742
        },
        "rotation_quaternion": {
          "w": 0.08718815445899963,
          "x": -0.7769123315811157,
          "y": 0.22104637324810028,
          "z": 0.583047091960907
        },
        "matrix": [
          [
            0.22238898277282715,
            -0.44513779878616333,
            -0.8674074411392212,
            0.26160576939582825
          ],
          [
            -0.24179838597774506,
            -0.8870731592178345,
            0.39323657751083374,
            -0.30659759044647217
          ],
          [
            -0.944504976272583,
            0.12228617072105408,
            -0.3049105405807495,
            1.4872162342071533
          ],
          [
            0.0,
            0.0,
            0.0,
            1.0
          ]
        ]
      },
      "bone_length_armature_space": 0.26752454528411296,
      "parent": "upperarm_l",
      "has_children": true,
      "is_end_bone": false
    },
    "metacarpal_thumb_l": {
      "name": "metacarpal_thumb_l",
      "local": {
        "location": {
          "x": 0.0,
          "y": 0.0,
          "z": 0.0
        },
        "rotation_quaternion": {
          "w": 0.9979991912841797,
          "x": -0.0621468685567379,
          "y": -0.008027929812669754,
          "z": 0.008421201258897781
        },
        "scale": {
          "x": 1.0,
          "y": 1.0,
          "z": 1.0
        },
        "matrix_basis": [
          [
            0.9997292757034302,
            -0.015810882672667503,
            -0.017070436850190163,
            0.0
          ],
          [
            0.017806526273489,
            0.9921336770057678,
            0.1239098384976387,
            0.0
          ],
          [
            0.01497703231871128,
            -0.12418025732040405,
            0.9921466112136841,
            0.0
          ],
          [
            0.0,
            0.0,
            0.0,
            1.0
          ]
        ],
        "rotation_mode": "QUATERNION"
      },
      "armature_space": {
        "head": {
          "x": 0.14252051711082458,
          "y": -0.6071553826332092,
          "z": 0.5700767636299133
        },
        "tail": {
          "x": 0.09971992671489716,
          "y": -0.6310865879058838,
          "z": 0.563077449798584
        }
      },
      "world_space": {
        "head": {
          "x": 0.14252051711082458,
          "y": -0.5439113974571228,
          "z": 1.5199308395385742
        },
        "tail": {
          "x": 0.09971992671489716,
          "y": -0.5678426027297974,
          "z": 1.5129314661026
        },
        "rotation_quaternion": {
          "w": 0.000687498424667865,
          "x": -0.8500402569770813,
          "y": 0.5083643198013306,
          "z": -0.13782954216003418
        },
        "matrix": [
          [
            0.4451373517513275,
            -0.8640707731246948,
            0.23501995205879211,
            0.14252051711082458
          ],
          [
            -0.8644495606422424,
            -0.48313048481941223,
            -0.13896781206130981,
            -0.5439113974571228
          ],
          [
            0.2336241453886032,
            -0.14130452275276184,
            -0.9620118141174316,
            1.5199308395385742
          ],
          [
            0.0,
            0.0,
            0.0,
            1.0
          ]
        ]
      },
      "bone_length_armature_space": 0.0495336608604245,
      "parent": "lowerarm_l",
      "has_children": true,
      "is_end_bone": false
    },
    "thumb_01_l": {
      "name": "thumb_01_l",
      "local": {
        "location": {
          "x": 0.0,
          "y": 0.0,
          "z": 0.0
        },
        "rotation_quaternion": {
          "w": 0.9998829364776611,
          "x": 0.013208677060902119,
          "y": -0.0077298604883253574,
          "z": -0.00034660156234167516
        },
        "scale": {
          "x": 1.0,
          "y": 1.0,
          "z": 1.0
        },
        "matrix_basis": [
          [
            0.9998802542686462,
            0.0004889194970019162,
            -0.015467067249119282,
            0.0
          ],
          [
            -0.0008973244111984968,
            0.9996508359909058,
            -0.026408903300762177,
            0.0
          ],
          [
            0.015448754653334618,
            0.026419619098305702,
            0.9995315670967102,
            0.0
          ],
          [
            0.0,
            0.0,
            0.0,
            1.0
          ]
        ],
        "rotation_mode": "QUATERNION"
      },
      "armature_space": {
        "head": {
          "x": 0.09971992671489716,
          "y": -0.6310865879058838,
          "z": 0.563077449798584
        },
        "tail": {
          "x": 0.08474338799715042,
          "y": -0.6427067518234253,
          "z": 0.5348053574562073
        }
      },
      "world_space": {
        "head": {
          "x": 0.09971992671489716,
          "y": -0.5678426027297974,
          "z": 1.5129314661026
        },
        "tail": {
          "x": 0.08474338799715042,
          "y": -0.5794627666473389,
          "z": 1.4846594333648682
        },
        "rotation_quaternion": {
          "w": 0.05342159792780876,
          "x": 0.31432652473449707,
          "y": -0.5713632702827454,
          "z": 0.7562334537506104
        },
        "matrix": [
          [
            -0.796690821647644,
            -0.4399871528148651,
            0.41436079144477844,
            0.09971992671489716
          ],
          [
            -0.27838844060897827,
            -0.34138187766075134,
            -0.8977519869804382,
            -0.5678426027297974
          ],
          [
            0.5364580750465393,
            -0.8305901288986206,
            0.1494886875152588,
            1.5129314661026
          ],
          [
            0.0,
            0.0,
            0.0,
            1.0
          ]
        ]
      },
      "bone_length_armature_space": 0.03403874463162386,
      "parent": "metacarpal_thumb_l",
      "has_children": true,
      "is_end_bone": false
    },
    "thumb_02_l": {
      "name": "thumb_02_l",
      "local": {
        "location": {
          "x": 0.0,
          "y": 0.0,
          "z": 0.0
        },
        "rotation_quaternion": {
          "w": 0.9930930137634277,
          "x": 0.11689876765012741,
          "y": -0.009935569018125534,
          "z": -0.0014992704382166266
        },
        "scale": {
          "x": 1.0,
          "y": 1.0,
          "z": 1.0
        },
        "matrix_basis": [
          [
            0.999798059463501,
            0.0006549184327013791,
            -0.02008441463112831,
            0.0
          ],
          [
            -0.005300741642713547,
            0.9726648330688477,
            -0.23215290904045105,
            0.0
          ],
          [
            0.01938336342573166,
            0.23221248388290405,
            0.9724719524383545,
            0.0
          ],
          [
            0.0,
            0.0,
            0.0,
            1.0
          ]
        ],
        "rotation_mode": "QUATERNION"
      },
      "armature_space": {
        "head": {
          "x": 0.08474340289831161,
          "y": -0.6427066922187805,
          "z": 0.5348053574562073
        },
        "tail": {
          "x": 0.06957785040140152,
          "y": -0.6786584258079529,
          "z": 0.5443269610404968
        }
      },
      "world_space": {
        "head": {
          "x": 0.08474340289831161,
          "y": -0.5794627070426941,
          "z": 1.4846594333648682
        },
        "tail": {
          "x": 0.06957785040140152,
          "y": -0.6154144406318665,
          "z": 1.4941809177398682
        },
        "rotation_quaternion": {
          "w": 0.21663683652877808,
          "x": 0.22238165140151978,
          "y": 0.07424067705869675,
          "z": 0.9476830959320068
        },
        "matrix": [
          [
            -0.8072296380996704,
            -0.3775869309902191,
            0.4536609947681427,
            0.08474340289831161
          ],
          [
            0.4436259865760803,
            -0.8951137065887451,
            0.04436083137989044,
            -0.5794627070426941
          ],
          [
            0.38933122158050537,
            0.23706601560115814,
            0.8900758028030396,
            1.4846594333648682
          ],
          [
            0.0,
            0.0,
            0.0,
            1.0
          ]
        ]
      },
      "bone_length_armature_space": 0.04016443828847256,
      "parent": "thumb_01_l",
      "has_children": true,
      "is_end_bone": false
    },
    "thumb_03_l": {
      "name": "thumb_03_l",
      "local": {
        "location": {
          "x": 0.0,
          "y": 0.0,
          "z": 0.0
        },
        "rotation_quaternion": {
          "w": 0.9980300664901733,
          "x": 0.06242116540670395,
          "y": 0.006133681163191795,
          "z": 0.0014467732980847359
        },
        "scale": {
          "x": 1.0,
          "y": 1.0,
          "z": 1.0
        },
        "matrix_basis": [
          [
            0.9999205470085144,
            -0.0021221034694463015,
            0.012423815205693245,
            0.0
          ],
          [
            0.0036535896360874176,
            0.9922029972076416,
            -0.12457865476608276,
            0.0
          ],
          [
            -0.012062577530741692,
            0.12461414933204651,
            0.9921319484710693,
            0.0
          ],
          [
            0.0,
            0.0,
            0.0,
            1.0
          ]
        ],
        "rotation_mode": "QUATERNION"
      },
      "armature_space": {
        "head": {
          "x": 0.06957779079675674,
          "y": -0.6786583065986633,
          "z": 0.544326901435852
        },
        "tail": {
          "x": 0.06709854304790497,
          "y": -0.7046748995780945,
          "z": 0.5599437355995178
        }
      },
      "world_space": {
        "head": {
          "x": 0.06957779079675674,
          "y": -0.6154143214225769,
          "z": 1.4941809177398682
        },
        "tail": {
          "x": 0.06709854304790497,
          "y": -0.6414309144020081,
          "z": 1.5097978115081787
        },
        "rotation_quaternion": {
          "w": 0.06197306513786316,
          "x": 0.07160966098308563,
          "y": 0.26246166229248047,
          "z": 0.9602839946746826
        },
        "matrix": [
          [
            -0.9820627570152283,
            -0.08143390715122223,
            0.17006239295005798,
            0.06957779079675674
          ],
          [
            0.15661320090293884,
            -0.8545464277267456,
            0.49520015716552734,
            -0.6154143214225769
          ],
          [
            0.10500101745128632,
            0.5129543542861938,
            0.8519781231880188,
            1.4941809177398682
          ],
          [
            0.0,
            0.0,
            0.0,
            1.0
          ]
        ]
      },
      "bone_length_armature_space": 0.030444955462507632,
      "parent": "thumb_02_l",
      "has_children": false,
      "is_end_bone": true
    },
    "metacarpal_index_l": {
      "name": "metacarpal_index_l",
      "local": {
        "location": {
          "x": 0.0,
          "y": 0.0,
          "z": 0.0
        },
        "rotation_quaternion": {
          "w": 0.998881459236145,
          "x": -0.04577457159757614,
          "y": 0.005413117352873087,
          "z": -0.010550376027822495
        },
        "scale": {
          "x": 1.0,
          "y": 1.0,
          "z": 1.0
        },
        "matrix_basis": [
          [
            0.9997187852859497,
            0.02058158442378044,
            0.01178000308573246,
            0.0
          ],
          [
            -0.021572716534137726,
            0.9955867528915405,
            0.09133251756429672,
            0.0
          ],
          [
            -0.009848247282207012,
            -0.091560959815979,
            0.9957507848739624,
            0.0
          ],
          [
            0.0,
            0.0,
            0.0,
            1.0
          ]
        ],
        "rotation_mode": "QUATERNION"
      },
      "armature_space": {
        "head": {
          "x": 0.14252051711082458,
          "y": -0.6071553826332092,
          "z": 0.5700767636299133
        },
        "tail": {
          "x": 0.06737673282623291,
          "y": -0.6968063712120056,
          "z": 0.5768098831176758
        }
      },
      "world_space": {
        "head": {
          "x": 0.14252051711082458,
          "y": -0.5439113974571228,
          "z": 1.5199308395385742
        },
        "tail": {
          "x": 0.06737673282623291,
          "y": -0.6335623860359192,
          "z": 1.526663899421692
        },
        "rotation_quaternion": {
          "w": 0.021002454683184624,
          "x": -0.9288017153739929,
          "y": 0.34204772114753723,
          "z": 0.14103063941001892
        },
        "matrix": [
          [
            0.7262275218963623,
            -0.6413132548332214,
            -0.24761077761650085,
            0.14252051711082458
          ],
          [
            -0.6294651627540588,
            -0.765124499797821,
            0.135492742061615,
            -0.5439113974571228
          ],
          [
            -0.2763489782810211,
            0.05746343731880188,
            -0.959345281124115,
            1.5199308395385742
          ],
          [
            0.0,
            0.0,
            0.0,
            1.0
          ]
        ]
      },
      "bone_length_armature_space": 0.1171717671982002,
      "parent": "lowerarm_l",
      "has_children": true,
      "is_end_bone": false
    },
    "index_01_l": {
      "name": "index_01_l",
      "local": {
        "location": {
          "x": 0.0,
          "y": 0.0,
          "z": 0.0
        },
        "rotation_quaternion": {
          "w": 0.9952125549316406,
          "x": -0.09583031386137009,
          "y": -0.018012721091508865,
          "z": 0.006642448250204325
        },
        "scale": {
          "x": 1.0,
          "y": 1.0,
          "z": 1.0
        },
        "matrix_basis": [
          [
            0.999262809753418,
            -0.00976896658539772,
            -0.03712606802582741,
            0.0
          ],
          [
            0.016673624515533447,
            0.9815448522567749,
            0.19050376117229462,
            0.0
          ],
          [
            0.03457987681031227,
            -0.19098235666751862,
            0.9809842109680176,
            0.0
          ],
          [
            0.0,
            0.0,
            0.0,
            1.0
          ]
        ],
        "rotation_mode": "QUATERNION"
      },
      "armature_space": {
        "head": {
          "x": 0.06737673282623291,
          "y": -0.6968063712120056,
          "z": 0.5768098831176758
        },
        "tail": {
          "x": 0.05989272892475128,
          "y": -0.7232194542884827,
          "z": 0.5845175981521606
        }
      },
      "world_space": {
        "head": {
          "x": 0.06737673282623291,
          "y": -0.6335623860359192,
          "z": 1.526663899421692
        },
        "tail": {
          "x": 0.05989272892475128,
          "y": -0.6599754691123962,
          "z": 1.5343716144561768
        },
        "rotation_quaternion": {
          "w": 0.11189562827348709,
          "x": 0.9659342169761658,
          "y": -0.15596644580364227,
          "z": -0.17356553673744202
        },
        "matrix": [
          [
            0.8910989165306091,
            -0.26246437430381775,
            -0.3702096939086914,
            0.06737673282623291
          ],
          [
            -0.3401492238044739,
            -0.926307737827301,
            -0.16202686727046967,
            -0.6335623860359192
          ],
          [
            -0.3004043400287628,
            0.2703094482421875,
            -0.9147154092788696,
            1.526663899421692
          ],
          [
            0.0,
            0.0,
            0.0,
            1.0
          ]
        ]
      },
      "bone_length_armature_space": 0.028514384645273748,
      "parent": "metacarpal_index_l",
      "has_children": true,
      "is_end_bone": false
    },
    "index_02_l": {
      "name": "index_02_l",
      "local": {
        "location": {
          "x": 0.0,
          "y": 0.0,
          "z": 0.0
        },
        "rotation_quaternion": {
          "w": 0.9820497035980225,
          "x": 0.18835516273975372,
          "y": 0.009070845320820808,
          "z": 0.004313343204557896
        },
        "scale": {
          "x": 1.0,
          "y": 1.0,
          "z": 1.0
        },
        "matrix_basis": [
          [
            0.9997982382774353,
            -0.005054753739386797,
            0.019440922886133194,
            0.0
          ],
          [
            0.011888915672898293,
            0.9290074706077576,
            -0.36987000703811646,
            0.0
          ],
          [
            -0.016191160306334496,
            0.37002652883529663,
            0.9288800954818726,
            0.0
          ],
          [
            0.0,
            0.0,
            0.0,
            1.0
          ]
        ],
        "rotation_mode": "QUATERNION"
      },
      "armature_space": {
        "head": {
          "x": 0.05989229679107666,
          "y": -0.7232198119163513,
          "z": 0.5845174789428711
        },
        "tail": {
          "x": 0.05035218596458435,
          "y": -0.7469939589500427,
          "z": 0.5831509232521057
        }
      },
      "world_space": {
        "head": {
          "x": 0.05989229679107666,
          "y": -0.6599758267402649,
          "z": 1.5343714952468872
        },
        "tail": {
          "x": 0.05035218596458435,
          "y": -0.6837499737739563,
          "z": 1.5330049991607666
        },
        "rotation_quaternion": {
          "w": 0.0594925694167614,
          "x": -0.9667242765426636,
          "y": 0.18189653754234314,
          "z": 0.16975991427898407
        },
        "matrix": [
          [
            0.8761904835700989,
            -0.3718867301940918,
            -0.30657875537872314,
            0.05989229679107666
          ],
          [
            -0.3314889371395111,
            -0.9267486333847046,
            0.17678314447402954,
            -0.6599758267402649
          ],
          [
            -0.349867582321167,
            -0.05326959490776062,
            -0.935291051864624,
            1.5343714952468872
          ],
          [
            0.0,
            0.0,
            0.0,
            1.0
          ]
        ]
      },
      "bone_length_armature_space": 0.025653289411019395,
      "parent": "index_01_l",
      "has_children": true,
      "is_end_bone": false
    },
    "index_03_l": {
      "name": "index_03_l",
      "local": {
        "location": {
          "x": 0.0,
          "y": 0.0,
          "z": 0.0
        },
        "rotation_quaternion": {
          "w": 0.9760170578956604,
          "x": 0.21767742931842804,
          "y": 0.0006312436307780445,
          "z": -0.0026518437080085278
        },
        "scale": {
          "x": 1.0,
          "y": 1.0,
          "z": 1.0
        },
        "matrix_basis": [
          [
            0.9999851584434509,
            0.005451304372400045,
            7.771606033202261e-05,
            0.0
          ],
          [
            -0.004901674576103687,
            0.9052190184593201,
            -0.4249171018600464,
            0.0
          ],
          [
            -0.002386702224612236,
            0.42491042613983154,
            0.9052322506904602,
            0.0
          ],
          [
            0.0,
            0.0,
            0.0,
            1.0
          ]
        ],
        "rotation_mode": "QUATERNION"
      },
      "armature_space": {
        "head": {
          "x": 0.05035221576690674,
          "y": -0.746993899345398,
          "z": 0.5831510424613953
        },
        "tail": {
          "x": 0.03951556235551834,
          "y": -0.7687458992004395,
          "z": 0.566929042339325
        }
      },
      "world_space": {
        "head": {
          "x": 0.05035221576690674,
          "y": -0.6837499141693115,
          "z": 1.5330049991607666
        },
        "tail": {
          "x": 0.03951556235551834,
          "y": -0.705501914024353,
          "z": 1.5167829990386963
        },
        "rotation_quaternion": {
          "w": 0.31455522775650024,
          "x": -0.9298088550567627,
          "y": 0.1697854995727539,
          "z": 0.08765488862991333
        },
        "matrix": [
          [
            0.9269790053367615,
            -0.37088096141815186,
            -0.05618971586227417,
            0.05035221576690674
          ],
          [
            -0.26059240102767944,
            -0.7444560527801514,
            0.6147170662879944,
            -0.6837499141693115
          ],
          [
            -0.26981979608535767,
            -0.5551918745040894,
            -0.7867486476898193,
            1.5330049991607666
          ],
          [
            0.0,
            0.0,
            0.0,
            1.0
          ]
        ]
      },
      "bone_length_armature_space": 0.02921875830958753,
      "parent": "index_02_l",
      "has_children": false,
      "is_end_bone": true
    },
    "metacarpal_pinky_l": {
      "name": "metacarpal_pinky_l",
      "local": {
        "location": {
          "x": 0.0,
          "y": 0.0,
          "z": 0.0
        },
        "rotation_quaternion": {
          "w": 0.9999681115150452,
          "x": 0.00798586942255497,
          "y": -0.00020168116316199303,
          "z": -0.0001301998272538185
        },
        "scale": {
          "x": 1.0,
          "y": 1.0,
          "z": 1.0
        },
        "matrix_basis": [
          [
            0.9999998807907104,
            0.00025717014796100557,
            -0.0004054289893247187,
            0.0
          ],
          [
            -0.0002636125427670777,
            0.9998724460601807,
            -0.015971176326274872,
            0.0
          ],
          [
            0.00040126993553712964,
            0.015971282497048378,
            0.9998723864555359,
            0.0
          ],
          [
            0.0,
            0.0,
            0.0,
            1.0
          ]
        ],
        "rotation_mode": "QUATERNION"
      },
      "armature_space": {
        "head": {
          "x": 0.14252051711082458,
          "y": -0.6071553826332092,
          "z": 0.5700767636299133
        },
        "tail": {
          "x": 0.12510336935520172,
          "y": -0.7072926759719849,
          "z": 0.5927125811576843
        }
      },
      "world_space": {
        "head": {
          "x": 0.14252051711082458,
          "y": -0.5439113974571228,
          "z": 1.5199308395385742
        },
        "tail": {
          "x": 0.12510336935520172,
          "y": -0.6440486907958984,
          "z": 1.5425665378570557
        },
        "rotation_quaternion": {
          "w": 0.05365133285522461,
          "x": -0.25266510248184204,
          "y": 0.12765836715698242,
          "z": 0.9575934410095215
        },
        "matrix": [
          [
            -0.8665638566017151,
            -0.1672622263431549,
            -0.47020280361175537,
            0.14252051711082458
          ],
          [
            0.038242556154727936,
            -0.9616497755050659,
            0.27160173654556274,
            -0.5439113974571228
          ],
          [
            -0.49760234355926514,
            0.21737897396087646,
            0.839733362197876,
            1.5199308395385742
          ],
          [
            0.0,
            0.0,
            0.0,
            1.0
          ]
        ]
      },
      "bone_length_armature_space": 0.1041307579610825,
      "parent": "lowerarm_l",
      "has_children": true,
      "is_end_bone": false
    },
    "pinky_01_l": {
      "name": "pinky_01_l",
      "local": {
        "location": {
          "x": 0.0,
          "y": 0.0,
          "z": 0.0
        },
        "rotation_quaternion": {
          "w": 0.9990599751472473,
          "x": 0.04327830299735069,
          "y": 0.002406526356935501,
          "z": -0.0006253393949009478
        },
        "scale": {
          "x": 1.0,
          "y": 1.0,
          "z": 1.0
        },
        "matrix_basis": [
          [
            0.9999876618385315,
            0.0014578038826584816,
            0.0047544012777507305,
            0.0
          ],
          [
            -0.0010412023402750492,
            0.9962531924247742,
            -0.08647824823856354,
            0.0
          ],
          [
            -0.00486265541985631,
            0.08647222816944122,
            0.9962424039840698,
            0.0
          ],
          [
            0.0,
            0.0,
            0.0,
            1.0
          ]
        ],
        "rotation_mode": "QUATERNION"
      },
      "armature_space": {
        "head": {
          "x": 0.12510336935520172,
          "y": -0.7072926759719849,
