{
  "metadata": {
    "armature_name": "KIM_caucasian_male",
    "export_time": "2026-01-13T21:02:11.899199",
    "blender_version": "4.4.1",
    "bone_count": 56,
    "end_bone_count": 13,
    "spaces_included": [
      "LOCAL_CHANNELS",
      "ARMATURE_SPACE",
      "WORLD_SPACE"
    ],
    "note": "LOCAL matches Transform panel; replay pose via local.matrix_basis for best fidelity."
  },
  "bones": {
    "Root": {
      "name": "Root",
      "local": {
        "location": {
          "x": 0.0,
          "y": 0.0,
          "z": 0.0
        },
        "rotation_quaternion": {
          "w": 0.9996641874313354,
          "x": -0.0035410409327596426,
          "y": 0.0035170980263501406,
          "z": -0.025430403649806976
        },
        "scale": {
          "x": 1.0,
          "y": 1.0,
          "z": 1.0
        },
        "matrix_basis": [
          [
            0.9986818432807922,
            0.05081881955265999,
            0.007211934309452772,
            0.0
          ],
          [
            -0.05086863413453102,
            0.9986814856529236,
            0.0069008213467895985,
            0.0
          ],
          [
            -0.006851733662188053,
            -0.007258586119860411,
            0.9999501705169678,
            0.0
          ],
          [
            0.0,
            0.0,
            0.0,
            1.0
          ]
        ],
        "rotation_mode": "QUATERNION"
      },
      "armature_space": {
        "head": {
          "x": 0.0,
          "y": 0.07072800397872925,
          "z": -0.009595036506652832
        },
        "tail": {
          "x": 0.0036272373981773853,
          "y": 0.0001629069447517395,
          "z": 0.0005007367581129074
        }
      },
      "world_space": {
        "head": {
          "x": 0.0,
          "y": 0.13397200405597687,
          "z": 0.9402589797973633
        },
        "tail": {
          "x": 0.0036272373981773853,
          "y": 0.06340690702199936,
          "z": 0.9503547549247742
        },
        "rotation_quaternion": {
          "w": 0.07087801396846771,
          "x": 0.9971545934677124,
          "y": 0.025609569624066353,
          "z": 0.0017959148390218616
        },
        "matrix": [
          [
            0.9986818432807922,
            0.05081881955265999,
            0.007211934309452772,
            0.0
          ],
          [
            0.051327984780073166,
            -0.9886408448219299,
            -0.14126117527484894,
            0.13397200405597687
          ],
          [
            -4.8665329813957214e-05,
            0.14144518971443176,
            -0.9899531602859497,
            0.9402589797973633
          ],
          [
            0.0,
            0.0,
            0.0,
            1.0
          ]
        ]
      },
      "bone_length_armature_space": 0.07137586790037917,
      "parent": null,
      "has_children": true,
      "is_end_bone": false
    },
    "spine_01": {
      "name": "spine_01",
      "local": {
        "location": {
          "x": 0.0,
          "y": 0.0,
          "z": 0.0
        },
        "rotation_quaternion": {
          "w": 0.9975872039794922,
          "x": 0.007587464526295662,
          "y": 0.020474759861826897,
          "z": -0.06590210646390915
        },
        "scale": {
          "x": 1.0,
          "y": 1.0,
          "z": 1.0
        },
        "matrix_basis": [
          [
            0.9904754161834717,
            0.13179689645767212,
            0.03985065594315529,
            0.0
          ],
          [
            -0.13117548823356628,
            0.9911986589431763,
            -0.017836974933743477,
            0.0
          ],
          [
            -0.041850775480270386,
            0.012439655140042305,
            0.9990464448928833,
            0.0
          ],
          [
            0.0,
            0.0,
            0.0,
            1.0
          ]
        ],
        "rotation_mode": "QUATERNION"
      },
      "armature_space": {
        "head": {
          "x": 0.0036272373981773853,
          "y": 0.0001629069447517395,
          "z": 0.0005007367581129074
        },
        "tail": {
          "x": 0.06685812026262283,
          "y": 0.023406634107232094,
          "z": 0.483832985162735
        }
      },
      "world_space": {
        "head": {
          "x": 0.0036272373981773853,
          "y": 0.06340690702199936,
          "z": 0.9503547549247742
        },
        "tail": {
          "x": 0.06685812026262283,
          "y": 0.08665063232183456,
          "z": 1.4336869716644287
        },
        "rotation_quaternion": {
          "w": 0.7195411920547485,
          "x": 0.6898919939994812,
          "y": 0.07794567942619324,
          "z": -0.015303501859307289
        },
        "matrix": [
          [
            0.9873806834220886,
            0.12957115471363068,
            0.09105388075113297,
            0.0036272373981773853
          ],
          [
            0.08552427589893341,
            0.047630470246076584,
            -0.9951969981193542,
            0.06340690702199936
          ],
          [
            -0.13328661024570465,
            0.9904324412345886,
            0.03594725951552391,
            0.9503547549247742
          ],
          [
            0.0,
            0.0,
            0.0,
            1.0
          ]
        ]
      },
      "bone_length_armature_space": 0.4880045888441112,
      "parent": "Root",
      "has_children": true,
      "is_end_bone": false
    },
    "neck_01": {
      "name": "neck_01",
      "local": {
        "location": {
          "x": 0.0,
          "y": 0.0,
          "z": 0.0
        },
        "rotation_quaternion": {
          "w": 0.996322751045227,
          "x": 0.07583151012659073,
          "y": -0.030939053744077682,
          "z": -0.025167051702737808
        },
        "scale": {
          "x": 1.0,
          "y": 1.0,
          "z": 1.0
        },
        "matrix_basis": [
          [
            0.9968187808990479,
            0.04545670375227928,
            -0.0654674768447876,
            0.0
          ],
          [
            -0.05484132096171379,
            0.9872323870658875,
            -0.1495480239391327,
            0.0
          ],
          [
            0.057833656668663025,
            0.15266260504722595,
            0.9865847229957581,
            0.0
          ],
          [
            0.0,
            0.0,
            0.0,
            1.0
          ]
        ],
        "rotation_mode": "QUATERNION"
      },
      "armature_space": {
        "head": {
          "x": 0.07950291037559509,
          "y": -0.007619807496666908,
          "z": 0.5575976371765137
        },
        "tail": {
          "x": 0.10025763511657715,
          "y": -0.05572924762964249,
          "z": 0.6457194089889526
        }
      },
      "world_space": {
        "head": {
          "x": 0.07950291037559509,
          "y": 0.05562419444322586,
          "z": 1.5074516534805298
        },
        "tail": {
          "x": 0.10025763511657715,
          "y": 0.007514752447605133,
          "z": 1.5955734252929688
        },
        "rotation_quaternion": {
          "w": 0.5099073648452759,
          "x": 0.8537396192550659,
          "y": 0.07323222607374191,
          "z": -0.0758964940905571
        },
        "matrix": [
          [
            0.9777535796165466,
            0.20244301855564117,
            -0.05490746349096298,
            0.07950291037559509
          ],
          [
            0.047642942517995834,
            -0.4692626893520355,
            -0.8817725777626038,
            0.05562419444322586
          ],
          [
            -0.20427606999874115,
            0.8595457077026367,
            -0.46847230195999146,
            1.5074516534805298
          ],
          [
            0.0,
            0.0,
            0.0,
            1.0
          ]
        ]
      },
      "bone_length_armature_space": 0.10252182125849527,
      "parent": "spine_01",
      "has_children": true,
      "is_end_bone": false
    },
    "head": {
      "name": "head",
      "local": {
        "location": {
          "x": 0.0,
          "y": 0.0,
          "z": 0.0
        },
        "rotation_quaternion": {
          "w": 0.9945277571678162,
          "x": 0.022085409611463547,
          "y": -0.0017699692398309708,
          "z": -0.1020963191986084
        },
        "scale": {
          "x": 1.0,
          "y": 1.0,
          "z": 1.0
        },
        "matrix_basis": [
          [
            0.979146420955658,
            0.20299705862998962,
            -0.008030245080590248,
            0.0
          ],
          [
            -0.20315343141555786,
            0.9781771302223206,
            -0.04356769099831581,
            0.0
          ],
          [
            -0.0009891110239550471,
            0.04429052025079727,
            0.9990181922912598,
            0.0
          ],
          [
            0.0,
            0.0,
            0.0,
            1.0
          ]
        ],
        "rotation_mode": "QUATERNION"
      },
      "armature_space": {
        "head": {
          "x": 0.10025762021541595,
          "y": -0.055729348212480545,
          "z": 0.6457192897796631
        },
        "tail": {
          "x": 0.16272948682308197,
          "y": -0.0791613981127739,
          "z": 0.7857244610786438
        }
      },
      "world_space": {
        "head": {
          "x": 0.10025762021541595,
          "y": 0.007514651864767075,
          "z": 1.5955733060836792
        },
        "tail": {
          "x": 0.16272948682308197,
          "y": -0.015917398035526276,
          "z": 1.7355785369873047
        },
        "rotation_quaternion": {
          "w": 0.6321016550064087,
          "x": 0.7470530867576599,
          "y": 0.15781071782112122,
          "z": -0.13211773335933685
        },
        "matrix": [
          [
            0.915281355381012,
            0.40280988812446594,
            0.0021089445799589157,
            0.10025762021541595
          ],
          [
            0.06876447051763535,
            -0.15108656883239746,
            -0.9861260056495667,
            0.007514651864767075
          ],
          [
            -0.3969053030014038,
            0.9027337431907654,
            -0.1659877449274063,
            1.5955733060836792
          ],
          [
            0.0,
            0.0,
            0.0,
            1.0
          ]
        ]
      },
      "bone_length_armature_space": 0.15509107815481574,
      "parent": "neck_01",
      "has_children": false,
      "is_end_bone": true
    },
    "upperarm_l": {
      "name": "upperarm_l",
      "local": {
        "location": {
          "x": 0.0,
          "y": 0.0,
          "z": 0.0
        },
        "rotation_quaternion": {
          "w": 0.8954410552978516,
          "x": 0.3619690537452698,
          "y": 0.22237244248390198,
          "z": -0.13309478759765625
        },
        "scale": {
          "x": 1.0,
          "y": 1.0,
          "z": 1.0
        },
        "matrix_basis": [
          [
            0.8656725287437439,
            0.399340957403183,
            0.30189043283462524,
            0.0
          ],
          [
            -0.0773731917142868,
            0.7025283575057983,
            -0.7074371576309204,
            0.0
          ],
          [
            -0.4945952296257019,
            0.5890506505966187,
            0.6390578150749207,
            0.0
          ],
          [
            0.0,
            0.0,
            0.0,
            1.0
          ]
        ],
        "rotation_mode": "QUATERNION"
      },
      "armature_space": {
        "head": {
          "x": 0.21919222176074982,
          "y": -0.0011661127209663391,
          "z": 0.47115451097488403
        },
        "tail": {
          "x": 0.4070383310317993,
          "y": -0.1372889280319214,
          "z": 0.33701902627944946
        }
      },
      "world_space": {
        "head": {
          "x": 0.21919222176074982,
          "y": 0.06207788735628128,
          "z": 1.421008586883545
        },
        "tail": {
          "x": 0.4070383310317993,
          "y": -0.07404492795467377,
          "z": 1.2868731021881104
        },
        "rotation_quaternion": {
          "w": 0.09585139155387878,
          "x": 0.5958228707313538,
          "y": 0.4866430461406708,
          "z": -0.6316535472869873
        },
        "matrix": [
          [
            -0.27161678671836853,
            0.7009983062744141,
            -0.65941321849823,
            0.21919222176074982
          ],
          [
            0.4588157832622528,
            -0.5079789161682129,
            -0.7290033102035522,
            0.06207788735628128
          ],
          [
            -0.8460033535957336,
            -0.5005626082420349,
            -0.1836552768945694,
            1.421008586883545
          ],
          [
            0.0,
            0.0,
            0.0,
            1.0
          ]
        ]
      },
      "bone_length_armature_space": 0.267969986159251,
      "parent": "spine_01",
      "has_children": true,
      "is_end_bone": false
    },
    "lowerarm_l": {
      "name": "lowerarm_l",
      "local": {
        "location": {
          "x": 0.0,
          "y": 0.0,
          "z": 0.0
        },
        "rotation_quaternion": {
          "w": 0.8946414589881897,
          "x": 0.3490132689476013,
          "y": -0.15398555994033813,
          "z": 0.23258306086063385
        },
        "scale": {
          "x": 1.0,
          "y": 1.0,
          "z": 1.0
        },
        "matrix_basis": [
          [
            0.8443871140480042,
            -0.523642897605896,
            -0.11317458003759384,
            0.0
          ],
          [
            0.30867087841033936,
            0.6481897234916687,
            -0.696112334728241,
            0.0
          ],
          [
            0.43787288665771484,
            0.552854597568512,
            0.7089563608169556,
            0.0
          ],
          [
            0.0,
            0.0,
            0.0,
            1.0
          ]
        ],
        "rotation_mode": "QUATERNION"
      },
      "armature_space": {
        "head": {
          "x": 0.4070383906364441,
          "y": -0.13728907704353333,
          "z": 0.33701908588409424
        },
        "tail": {
          "x": 0.4599239230155945,
          "y": -0.395659476518631,
          "z": 0.3819326162338257
        }
      },
      "world_space": {
        "head": {
          "x": 0.4070383906364441,
          "y": -0.0740450769662857,
          "z": 1.2868731021881104
        },
        "tail": {
          "x": 0.4599239230155945,
          "y": -0.33241546154022217,
          "z": 1.3317866325378418
        },
        "rotation_quaternion": {
          "w": 0.12972474098205566,
          "x": 0.5397535562515259,
          "y": -0.016742674633860588,
          "z": -0.8315993547439575
        },
        "matrix": [
          [
            -0.383675217628479,
            0.1976848840713501,
            -0.9020609855651855,
            0.4070383906364441
          ],
          [
            -0.23383241891860962,
            -0.9657822251319885,
            -0.11219307780265808,
            -0.0740450769662857
          ],
          [
            -0.8933795690536499,
            0.16788573563098907,
            0.41677460074424744,
            1.2868731021881104
          ],
          [
            0.0,
            0.0,
            0.0,
            1.0
          ]
        ]
      },
      "bone_length_armature_space": 0.26752452156802625,
      "parent": "upperarm_l",
      "has_children": true,
      "is_end_bone": false
    },
    "metacarpal_thumb_l": {
      "name": "metacarpal_thumb_l",
      "local": {
        "location": {
          "x": 0.0,
          "y": 0.0,
          "z": 0.0
        },
        "rotation_quaternion": {
          "w": 0.9987328052520752,
          "x": -0.05017829313874245,
          "y": 0.002662760904058814,
          "z": -0.0028233935590833426
        },
        "scale": {
          "x": 1.0,
          "y": 1.0,
          "z": 1.0
        },
        "matrix_basis": [
          [
            0.9999698996543884,
            0.005372405983507633,
            0.005602119490504265,
            0.0
          ],
          [
            -0.005906857084482908,
            0.9949483275413513,
            0.10021437704563141,
            0.0
          ],
          [
            -0.005035427398979664,
            -0.1002444475889206,
            0.9949501156806946,
            0.0
          ],
          [
            0.0,
            0.0,
            0.0,
            1.0
          ]
        ],
        "rotation_mode": "QUATERNION"
      },
      "armature_space": {
        "head": {
          "x": 0.4599239230155945,
          "y": -0.395659476518631,
          "z": 0.3819326162338257
        },
        "tail": {
          "x": 0.4400486946105957,
          "y": -0.4384443461894989,
          "z": 0.39703282713890076
        }
      },
      "world_space": {
        "head": {
          "x": 0.4599239230155945,
          "y": -0.33241546154022217,
          "z": 1.3317866325378418
        },
        "tail": {
          "x": 0.4400486946105957,
          "y": -0.3752003312110901,
          "z": 1.3468868732452393
        },
        "rotation_quaternion": {
          "w": 0.11514123529195786,
          "x": 0.9474450349807739,
          "y": -0.23423440754413605,
          "z": -0.1849989891052246
        },
        "matrix": [
          [
            0.8218191266059875,
            -0.40124672651290894,
            -0.4044928252696991,
            0.4599239230155945
          ],
          [
            -0.4864506423473358,
            -0.8637533783912659,
            -0.13151344656944275,
            -0.33241546154022217
          ],
          [
            -0.2966151833534241,
            0.30484738945961,
            -0.9050421714782715,
            1.3317866325378418
          ],
          [
            0.0,
            0.0,
            0.0,
            1.0
          ]
        ]
      },
      "bone_length_armature_space": 0.0495336863824087,
      "parent": "lowerarm_l",
      "has_children": true,
      "is_end_bone": false
    },
    "thumb_01_l": {
      "name": "thumb_01_l",
      "local": {
        "location": {
          "x": 0.0,
          "y": 0.0,
          "z": 0.0
        },
        "rotation_quaternion": {
          "w": 0.9536527395248413,
          "x": 0.30045008659362793,
          "y": -0.012752532958984375,
          "z": 0.010666774585843086
        },
        "scale": {
          "x": 1.0,
          "y": 1.0,
          "z": 1.0
        },
        "matrix_basis": [
          [
            0.9994471669197083,
            -0.02800779603421688,
            -0.01791330985724926,
            0.0
          ],
          [
            0.012681798078119755,
            0.8192319273948669,
            -0.5733221769332886,
            0.0
          ],
          [
            0.030732642859220505,
            0.572778046131134,
            0.8191342353820801,
            0.0
          ],
          [
            0.0,
            0.0,
            0.0,
            1.0
          ]
        ],
        "rotation_mode": "QUATERNION"
      },
      "armature_space": {
        "head": {
          "x": 0.4400486946105957,
          "y": -0.4384443461894989,
          "z": 0.39703282713890076
        },
        "tail": {
          "x": 0.43611806631088257,
          "y": -0.46593835949897766,
          "z": 0.37735387682914734
        }
      },
      "world_space": {
        "head": {
          "x": 0.4400486946105957,
          "y": -0.3752003312110901,
          "z": 1.3468868732452393
        },
        "tail": {
          "x": 0.43611806631088257,
          "y": -0.40269434452056885,
          "z": 1.3272079229354858
        },
        "rotation_quaternion": {
          "w": 0.1743497997522354,
          "x": -0.6782336235046387,
          "y": 0.2563917338848114,
          "z": -0.666231632232666
        },
        "matrix": [
          [
            -0.019201764836907387,
            -0.11547571420669556,
            0.9931247234344482,
            0.4400486946105957
          ],
          [
            -0.5801015496253967,
            -0.8077306747436523,
            -0.10513508319854736,
            -0.3752003312110901
          ],
          [
            0.814322829246521,
            -0.5781368017196655,
            -0.05147820711135864,
            1.3468868732452393
          ],
          [
            0.0,
            0.0,
            0.0,
            1.0
          ]
        ]
      },
      "bone_length_armature_space": 0.034038679623270986,
      "parent": "metacarpal_thumb_l",
      "has_children": true,
      "is_end_bone": false
    },
    "thumb_02_l": {
      "name": "thumb_02_l",
      "local": {
        "location": {
          "x": 0.0,
          "y": 0.0,
          "z": 0.0
        },
        "rotation_quaternion": {
          "w": 0.8768253922462463,
          "x": 0.4807450771331787,
          "y": 0.006005324423313141,
          "z": -0.005051447544246912
        },
        "scale": {
          "x": 1.0,
          "y": 1.0,
          "z": 1.0
        },
        "matrix_basis": [
          [
            0.999876856803894,
            0.01463253516703844,
            0.005674324929714203,
            0.0
          ],
          [
            -0.0030844146385788918,
            0.5377172827720642,
            -0.8431196808815002,
            0.0
          ],
          [
            -0.015388159081339836,
            0.8429983258247375,
            0.5376962423324585,
            0.0
          ],
          [
            0.0,
            0.0,
            0.0,
            1.0
          ]
        ],
        "rotation_mode": "QUATERNION"
      },
      "armature_space": {
        "head": {
          "x": 0.4361180067062378,
          "y": -0.4659383296966553,
          "z": 0.37735384702682495
        },
        "tail": {
          "x": 0.4644499123096466,
          "y": -0.46705031394958496,
          "z": 0.40580129623413086
        }
      },
      "world_space": {
        "head": {
          "x": 0.4361180067062378,
          "y": -0.40269434452056885,
          "z": 1.3272078037261963
        },
        "tail": {
          "x": 0.4644499123096466,
          "y": -0.40380632877349854,
          "z": 1.355655312538147
        },
        "rotation_quaternion": {
          "w": 0.3528474271297455,
          "x": -0.17926239967346191,
          "y": -0.6013782024383545,
          "z": -0.6940519213676453
        },
        "matrix": [
          [
            -0.6867263913154602,
            0.705398440361023,
            -0.17555692791938782,
            0.4361180067062378
          ],
          [
            -0.2741827666759491,
            -0.027685493230819702,
            0.9612790942192078,
            -0.40269434452056885
          ],
          [
            0.6732286214828491,
            0.7082751393318176,
            0.21242286264896393,
            1.3272078037261963
          ],
          [
            0.0,
            0.0,
            0.0,
            1.0
          ]
        ]
      },
      "bone_length_armature_space": 0.040164545939225374,
      "parent": "thumb_01_l",
      "has_children": true,
      "is_end_bone": false
    },
    "thumb_03_l": {
      "name": "thumb_03_l",
      "local": {
        "location": {
          "x": 0.0,
          "y": 0.0,
          "z": 0.0
        },
        "rotation_quaternion": {
          "w": 0.9890307188034058,
          "x": 0.14769619703292847,
          "y": -0.001975125866010785,
          "z": -0.0003481659514363855
        },
        "scale": {
          "x": 1.0,
          "y": 1.0,
          "z": 1.0
        },
        "matrix_basis": [
          [
            0.9999919533729553,
            0.00010525648394832388,
            -0.004009766038507223,
            0.0
          ],
          [
            -0.0012721307575702667,
            0.9563714265823364,
            -0.2921507656574249,
            0.0
          ],
          [
            0.0038040748331695795,
            0.292153537273407,
            0.95636385679245,
            0.0
          ],
          [
            0.0,
            0.0,
            0.0,
            1.0
          ]
        ],
        "rotation_mode": "QUATERNION"
      },
      "armature_space": {
        "head": {
          "x": 0.46444985270500183,
          "y": -0.46705037355422974,
          "z": 0.40580129623413086
        },
        "tail": {
          "x": 0.48080962896347046,
          "y": -0.4521338641643524,
          "z": 0.4266999363899231
        }
      },
      "world_space": {
        "head": {
          "x": 0.46444985270500183,
          "y": -0.4038063883781433,
          "z": 1.355655312538147
        },
        "tail": {
          "x": 0.48080962896347046,
          "y": -0.3888898491859436,
          "z": 1.376554012298584
        },
        "rotation_quaternion": {
          "w": 0.5512381792068481,
          "x": 0.014429133385419846,
          "y": -0.6641640067100525,
          "z": -0.5047916173934937
        },
        "matrix": [
          [
            -0.39185771346092224,
            0.5373573303222656,
            -0.746789813041687,
            0.46444985270500183
          ],
          [
            -0.5756871104240417,
            0.48995131254196167,
            0.6546238660812378,
            -0.4038063883781433
          ],
          [
            0.7176617383956909,
            0.6864417195320129,
            0.11736001074314117,
            1.355655312538147
          ],
          [
            0.0,
            0.0,
            0.0,
            1.0
          ]
        ]
      },
      "bone_length_armature_space": 0.030444994439817158,
      "parent": "thumb_02_l",
      "has_children": false,
      "is_end_bone": true
    },
    "metacarpal_index_l": {
      "name": "metacarpal_index_l",
      "local": {
        "location": {
          "x": 0.0,
          "y": 0.0,
          "z": 0.0
        },
        "rotation_quaternion": {
          "w": 0.9993077516555786,
          "x": -0.03315536677837372,
          "y": -0.016543926671147346,
          "z": 0.0033347716089338064
        },
        "scale": {
          "x": 1.0,
          "y": 1.0,
          "z": 1.0
        },
        "matrix_basis": [
          [
            0.9994303584098816,
            -0.005567886400967836,
            -0.03328607976436615,
            0.0
          ],
          [
            0.007761965971440077,
            0.9977791905403137,
            0.06615448743104935,
            0.0
          ],
          [
            0.03284381702542305,
            -0.06637517362833023,
            0.9972540140151978,
            0.0
          ],
          [
            0.0,
            0.0,
            0.0,
            1.0
          ]
        ],
        "rotation_mode": "QUATERNION"
      },
      "armature_space": {
        "head": {
          "x": 0.4599239230155945,
          "y": -0.395659476518631,
          "z": 0.3819326162338257
        },
        "tail": {
          "x": 0.4536845088005066,
          "y": -0.5079332590103149,
          "z": 0.4148702919483185
        }
      },
      "world_space": {
        "head": {
          "x": 0.4599239230155945,
          "y": -0.33241546154022217,
          "z": 1.3317866325378418
        },
        "tail": {
          "x": 0.4536845088005066,
          "y": -0.4446892738342285,
          "z": 1.3647242784500122
        },
        "rotation_quaternion": {
          "w": 0.10971315950155258,
          "x": 0.8577266931533813,
          "y": -0.09414732456207275,
          "z": -0.4933600127696991
        },
        "matrix": [
          [
            0.4954643249511719,
            -0.05325021594762802,
            -0.8669946193695068,
            0.4599239230155945
          ],
          [
            -0.26976191997528076,
            -0.9581986665725708,
            -0.0953100323677063,
            -0.33241546154022217
          ],
          [
            -0.8256836533546448,
            0.2811059355735779,
            -0.4891214072704315,
            1.3317866325378418
          ],
          [
            0.0,
            0.0,
            0.0,
            1.0
          ]
        ]
      },
      "bone_length_armature_space": 0.11717176861089576,
      "parent": "lowerarm_l",
      "has_children": true,
      "is_end_bone": false
    },
    "index_01_l": {
      "name": "index_01_l",
      "local": {
        "location": {
          "x": 0.0,
          "y": 0.0,
          "z": 0.0
        },
        "rotation_quaternion": {
          "w": 0.9571827054023743,
          "x": 0.2890772521495819,
          "y": 0.013508228585124016,
          "z": 0.007304275408387184
        },
        "scale": {
          "x": 1.0,
          "y": 1.0,
          "z": 1.0
        },
        "matrix_basis": [
          [
            0.9995283484458923,
            -0.006173208821564913,
            0.030082685872912407,
            0.0
          ],
          [
            0.02179289609193802,
            0.8327620029449463,
            -0.5532021522521973,
            0.0
          ],
          [
            -0.021636685356497765,
            0.5535968542098999,
            0.8325037360191345,
            0.0
          ],
          [
            0.0,
            0.0,
            0.0,
            1.0
          ]
        ],
        "rotation_mode": "QUATERNION"
      },
      "armature_space": {
        "head": {
          "x": 0.4536845088005066,
          "y": -0.5079332590103149,
          "z": 0.4148702919483185
        },
        "tail": {
          "x": 0.44598543643951416,
          "y": -0.5345612168312073,
          "z": 0.40818101167678833
        }
      },
      "world_space": {
        "head": {
          "x": 0.4536845088005066,
          "y": -0.4446892738342285,
          "z": 1.3647242784500122
        },
        "tail": {
          "x": 0.44598543643951416,
          "y": -0.47131723165512085,
          "z": 1.3580350875854492
        },
        "rotation_quaternion": {
          "w": 0.1717439591884613,
          "x": -0.8532847166061401,
          "y": 0.059854380786418915,
          "z": 0.48869892954826355
        },
        "matrix": [
          [
            0.5151820182800293,
            -0.27000728249549866,
            -0.8134394288063049,
            0.4536845088005066
          ],
          [
            0.06571607291698456,
            -0.9338434338569641,
            0.35159361362457275,
            -0.4446892738342285
          ],
          [
            -0.8545636534690857,
            -0.23459312319755554,
            -0.46335822343826294,
            1.3647242784500122
          ],
          [
            0.0,
            0.0,
            0.0,
            1.0
          ]
        ]
      },
      "bone_length_armature_space": 0.028514387771081194,
      "parent": "metacarpal_index_l",
      "has_children": true,
      "is_end_bone": false
    },
    "index_02_l": {
      "name": "index_02_l",
      "local": {
        "location": {
          "x": 0.0,
          "y": 0.0,
          "z": 0.0
        },
        "rotation_quaternion": {
          "w": 0.9014072418212891,
          "x": 0.43287816643714905,
          "y": 0.008586873300373554,
          "z": -0.0027894938830286264
        },
        "scale": {
          "x": 1.0,
          "y": 1.0,
          "z": 1.0
        },
        "matrix_basis": [
          [
            0.9998369812965393,
            0.012463079765439034,
            0.013065517880022526,
            0.0
          ],
          [
            0.002405199920758605,
            0.6252174377441406,
            -0.7804469466209412,
            0.0
          ],
          [
            -0.017895560711622238,
            0.7803511023521423,
            0.6250855326652527,
            0.0
          ],
          [
            0.0,
            0.0,
            0.0,
            1.0
          ]
        ],
        "rotation_mode": "QUATERNION"
      },
      "armature_space": {
        "head": {
          "x": 0.44598492980003357,
          "y": -0.5345614552497864,
          "z": 0.40818098187446594
        },
        "tail": {
          "x": 0.4254114031791687,
          "y": -0.5433974266052246,
          "z": 0.39566105604171753
        }
      },
      "world_space": {
        "head": {
          "x": 0.44598492980003357,
          "y": -0.47131747007369995,
          "z": 1.3580349683761597
        },
        "tail": {
          "x": 0.4254114031791687,
          "y": -0.4801534414291382,
          "z": 1.3455150127410889
        },
        "rotation_quaternion": {
          "w": 0.5143846273422241,
          "x": -0.6904611587524414,
          "y": 0.25137683749198914,
          "z": 0.4421329200267792
        },
        "matrix": [
          [
            0.4826570451259613,
            -0.8019841313362122,
            -0.35194283723831177,
            0.44598492980003357
          ],
          [
            0.10771854221820831,
            -0.3444383144378662,
            0.9326087832450867,
            -0.47131747007369995
          ],
          [
            -0.8691658973693848,
            -0.48804447054862976,
            -0.07985672354698181,
            1.3580349683761597
          ],
          [
            0.0,
            0.0,
            0.0,
            1.0
          ]
        ]
      },
      "bone_length_armature_space": 0.025653321782111025,
      "parent": "index_01_l",
      "has_children": true,
      "is_end_bone": false
    },
    "index_03_l": {
      "name": "index_03_l",
      "local": {
        "location": {
          "x": 0.0,
          "y": 0.0,
          "z": 0.0
        },
        "rotation_quaternion": {
          "w": 0.933346152305603,
          "x": 0.3589317202568054,
          "y": 0.005727414973080158,
          "z": 0.0005397514905780554
        },
        "scale": {
          "x": 1.0,
          "y": 1.0,
          "z": 1.0
        },
        "matrix_basis": [
          [
            0.9999338388442993,
            0.0031039519235491753,
            0.01107878889888525,
            0.0
          ],
          [
            0.005119051784276962,
            0.7423354387283325,
            -0.6700088977813721,
            0.0
          ],
          [
            -0.010303854010999203,
            0.6700212359428406,
            0.7422704100608826,
            0.0
          ],
          [
            0.0,
            0.0,
            0.0,
            1.0
          ]
        ],
        "rotation_mode": "QUATERNION"
      },
      "armature_space": {
        "head": {
          "x": 0.4254114627838135,
          "y": -0.5433975458145142,
          "z": 0.3956610858440399
        },
        "tail": {
          "x": 0.4037565290927887,
          "y": -0.5298967957496643,
          "z": 0.38142988085746765
        }
      },
      "world_space": {
        "head": {
          "x": 0.4254114627838135,
          "y": -0.48015356063842773,
          "z": 1.3455151319503784
        },
        "tail": {
          "x": 0.4037565290927887,
          "y": -0.4666528105735779,
          "z": 1.3312839269638062
        },
        "rotation_quaternion": {
          "w": 0.7646779417991638,
          "x": -0.4486243724822998,
          "y": 0.38248851895332336,
          "z": 0.2602046728134155
        },
        "matrix": [
          [
            0.5719925761222839,
            -0.7411327958106995,
            0.35149216651916504,
            0.4254114627838135
          ],
          [
            0.0547599196434021,
            0.46205976605415344,
            0.8851566314697266,
            -0.48015356063842773
          ],
          [
            -0.8184346556663513,
            -0.48705819249153137,
            0.3048819601535797,
            1.3455151319503784
          ],
          [
            0.0,
            0.0,
            0.0,
            1.0
          ]
        ]
      },
      "bone_length_armature_space": 0.029218720210013656,
      "parent": "index_02_l",
      "has_children": false,
      "is_end_bone": true
    },
    "metacarpal_pinky_l": {
      "name": "metacarpal_pinky_l",
      "local": {
        "location": {
          "x": 0.0,
          "y": 0.0,
          "z": 0.0
        },
        "rotation_quaternion": {
          "w": 0.9992868304252625,
          "x": -0.03563378378748894,
          "y": 0.0014288290403783321,
          "z": 0.012411903589963913
        },
        "scale": {
          "x": 1.0,
          "y": 1.0,
          "z": 1.0
        },
        "matrix_basis": [
          [
            0.9996877908706665,
            -0.024907933548092842,
            0.0019710538908839226,
            0.0
          ],
          [
            0.02470427379012108,
            0.9971523284912109,
            0.07125221192836761,
            0.0
          ],
          [
            -0.0037401863373816013,
            -0.0711812749505043,
            0.9974563717842102,
            0.0
          ],
          [
            0.0,
            0.0,
            0.0,
            1.0
          ]
        ],
        "rotation_mode": "QUATERNION"
      },
      "armature_space": {
        "head": {
          "x": 0.4599239230155945,
          "y": -0.395659476518631,
          "z": 0.3819326162338257
        },
        "tail": {
          "x": 0.5088125467300415,
          "y": -0.48747509717941284,
          "z": 0.37713566422462463
        }
      },
      "world_space": {
        "head": {
          "x": 0.4599239230155945,
          "y": -0.33241546154022217,
          "z": 1.3317866325378418
        },
        "tail": {
          "x": 0.5088125467300415,
          "y": -0.4242311120033264,
          "z": 1.3269896507263184
        },
        "rotation_quaternion": {
          "w": 0.24317194521427155,
          "x": -0.09761941432952881,
          "y": -0.0007307652267627418,
          "z": -0.9650582075119019
        },
        "matrix": [
          [
            -0.862675666809082,
            0.4694928824901581,
            0.1880614012479782,
            0.4599239230155945
          ],
          [
            -0.4692075550556183,
            -0.881733775138855,
            0.04888779670000076,
            -0.33241546154022217
          ],
          [
            0.1887735277414322,
            -0.04606655240058899,
            0.9809465408325195,
            1.3317866325378418
          ],
          [
            0.0,
            0.0,
            0.0,
            1.0
          ]
        ]
      },
      "bone_length_armature_space": 0.10413076764726549,
      "parent": "lowerarm_l",
      "has_children": true,
      "is_end_bone": false
    },
    "pinky_01_l": {
      "name": "pinky_01_l",
      "local": {
        "location": {
          "x": 0.0,
          "y": 0.0,
          "z": 0.0
        },
        "rotation_quaternion": {
          "w": 0.9481704235076904,
          "x": 0.31771981716156006,
          "y": -0.0036311657167971134,
          "z": -0.0037278062663972378
        },
        "scale": {
          "x": 1.0,
          "y": 1.0,
          "z": 1.0
        },
        "matrix_basis": [
          [
            0.9999458193778992,
            0.004761804826557636,
            -0.00925472378730774,
            0.0
          ],
          [
            -0.009376578032970428,
            0.7980804443359375,
            -0.6024779677391052,
            0.0
          ],
          [
            0.0045171319507062435,
            0.602532148361206,
            0.7980818748474121,
            0.0
          ],
          [
            0.0,
            0.0,
            0.0,
            1.0
          ]
        ],
        "rotation_mode": "QUATERNION"
      },
      "armature_space": {
        "head": {
          "x": 0.5088125467300415,
          "y": -0.48747509717941284,
          "z": 0.37713566422462463
        },
