{
  "metadata": {
    "armature_name": "KIM_caucasian_male",
    "export_time": "2026-01-13T19:11:58.339683",
    "blender_version": "4.4.1",
    "bone_count": 56,
    "end_bone_count": 13,
    "spaces_included": [
      "LOCAL_CHANNELS",
      "ARMATURE_SPACE",
      "WORLD_SPACE"
    ],
    "note": "LOCAL matches Transform panel; replay pose via local.matrix_basis for best fidelity."
  },
  "bones": {
    "Root": {
      "name": "Root",
      "local": {
        "location": {
          "x": 0.0,
          "y": 0.0,
          "z": 0.0
        },
        "rotation_quaternion": {
          "w": 0.9997913837432861,
          "x": -0.001624025055207312,
          "y": 0.01765630580484867,
          "z": -0.010149027220904827
        },
        "scale": {
          "x": 1.0,
          "y": 1.0,
          "z": 1.0
        },
        "matrix_basis": [
          [
            0.9991704821586609,
            0.02023647166788578,
            0.035338208079338074,
            0.0
          ],
          [
            -0.020351167768239975,
            0.9997887015342712,
            0.002888983814045787,
            0.0
          ],
          [
            -0.03527228161692619,
            -0.0036057610996067524,
            0.9993712306022644,
            0.0
          ],
          [
            0.0,
            0.0,
            0.0,
            1.0
          ]
        ],
        "rotation_mode": "QUATERNION"
      },
      "armature_space": {
        "head": {
          "x": 0.0,
          "y": 0.07072800397872925,
          "z": -0.009595036506652832
        },
        "tail": {
          "x": 0.0014443957479670644,
          "y": 4.954636096954346e-05,
          "z": 0.0002530030906200409
        }
      },
      "world_space": {
        "head": {
          "x": 0.0,
          "y": 0.13397200405597687,
          "z": 0.9402589797973633
        },
        "tail": {
          "x": 0.0014443957479670644,
          "y": 0.06329354643821716,
          "z": 0.9501070380210876
        },
        "rotation_quaternion": {
          "w": 0.06897394359111786,
          "x": 0.9974105954170227,
          "y": 0.011315439827740192,
          "z": 0.016932478174567223
        },
        "matrix": [
          [
            0.9991704821586609,
            0.02023647166788578,
            0.035338208079338074,
            0.0
          ],
          [
            0.02490808628499508,
            -0.990229070186615,
            -0.13720794022083282,
            0.13397200405597687
          ],
          [
            0.03221656754612923,
            0.137974351644516,
            -0.9899187684059143,
            0.9402589797973633
          ],
          [
            0.0,
            0.0,
            0.0,
            1.0
          ]
        ]
      },
      "bone_length_armature_space": 0.07137586770287309,
      "parent": null,
      "has_children": true,
      "is_end_bone": false
    },
    "spine_01": {
      "name": "spine_01",
      "local": {
        "location": {
          "x": 0.0,
          "y": 0.0,
          "z": 0.0
        },
        "rotation_quaternion": {
          "w": 0.9973693490028381,
          "x": 0.06263083964586258,
          "y": -0.002978219650685787,
          "z": -0.03637309744954109
        },
        "scale": {
          "x": 1.0,
          "y": 1.0,
          "z": 1.0
        },
        "matrix_basis": [
          [
            0.9973362684249878,
            0.07218176871538162,
            -0.010496925562620163,
            0.0
          ],
          [
            -0.07292788475751877,
            0.9895087480545044,
            -0.12471550703048706,
            0.0
          ],
          [
            0.001384614733979106,
            0.12514881789684296,
            0.9921370148658752,
            0.0
          ],
          [
            0.0,
            0.0,
            0.0,
            1.0
          ]
        ],
        "rotation_mode": "QUATERNION"
      },
      "armature_space": {
        "head": {
          "x": 0.0014443957479670644,
          "y": 4.954636096954346e-05,
          "z": 0.0002530030906200409
        },
        "tail": {
          "x": 0.021922534331679344,
          "y": -0.03611700236797333,
          "z": 0.4864845871925354
        }
      },
      "world_space": {
        "head": {
          "x": 0.0014443957479670644,
          "y": 0.06329354643821716,
          "z": 0.9501070380210876
        },
        "tail": {
          "x": 0.021922534331679344,
          "y": 0.027126997709274292,
          "z": 1.4363386631011963
        },
        "rotation_quaternion": {
          "w": 0.6800730228424072,
          "x": 0.7327959537506104,
          "y": 0.021086176857352257,
          "z": -0.008131135255098343
        },
        "matrix": [
          [
            0.9989784955978394,
            0.04196329414844513,
            0.01676364056766033,
            0.0014443957479670644
          ],
          [
            0.01984446309506893,
            -0.07411159574985504,
            -0.9970526099205017,
            0.06329354643821716
          ],
          [
            -0.04059749096632004,
            0.99637371301651,
            -0.07487006485462189,
            0.9501070380210876
          ],
          [
            0.0,
            0.0,
            0.0,
            1.0
          ]
        ]
      },
      "bone_length_armature_space": 0.4880046529256065,
      "parent": "Root",
      "has_children": true,
      "is_end_bone": false
    },
    "neck_01": {
      "name": "neck_01",
      "local": {
        "location": {
          "x": 0.0,
          "y": 0.0,
          "z": 0.0
        },
        "rotation_quaternion": {
          "w": 0.9822826385498047,
          "x": -0.11884835362434387,
          "y": -0.08119932562112808,
          "z": -0.12001097202301025
        },
        "scale": {
          "x": 1.0,
          "y": 1.0,
          "z": 1.0
        },
        "matrix_basis": [
          [
            0.9580080509185791,
            0.25507020950317383,
            -0.13099516928195953,
            0.0
          ],
          [
            -0.21646857261657715,
            0.9429448843002319,
            0.2529749572277069,
            0.0
          ],
          [
            0.1880475878715515,
            -0.21399572491645813,
            0.9585634469985962,
            0.0
          ],
          [
            0.0,
            0.0,
            0.0,
            1.0
          ]
        ],
        "rotation_mode": "QUATERNION"
      },
      "armature_space": {
        "head": {
          "x": 0.0255763940513134,
          "y": -0.07612156867980957,
          "z": 0.5568410158157349
        },
        "tail": {
          "x": 0.056115709245204926,
          "y": -0.0992707908153534,
          "z": 0.6519315838813782
        }
      },
      "world_space": {
        "head": {
          "x": 0.0255763940513134,
          "y": -0.01287756860256195,
          "z": 1.506695032119751
        },
        "tail": {
          "x": 0.056115709245204926,
          "y": -0.036026790738105774,
          "z": 1.601785659790039
        },
        "rotation_quaternion": {
          "w": 0.6171037554740906,
          "x": 0.7698059678077698,
          "y": 0.0792682096362114,
          "z": -0.14247208833694458
        },
        "matrix": [
          [
            0.9468367099761963,
            0.2978825271129608,
            -0.12151669710874557,
            0.0255763940513134
          ],
          [
            -0.053796157240867615,
            -0.2257990688085556,
            -0.9726875424385071,
            -0.01287756860256195
          ],
          [
            -0.31718719005584717,
            0.9275196194648743,
            -0.19777220487594604,
            1.506695032119751
          ],
          [
            0.0,
            0.0,
            0.0,
            1.0
          ]
        ]
      },
      "bone_length_armature_space": 0.10252196220450766,
      "parent": "spine_01",
      "has_children": true,
      "is_end_bone": false
    },
    "head": {
      "name": "head",
      "local": {
        "location": {
          "x": 0.0,
          "y": 0.0,
          "z": 0.0
        },
        "rotation_quaternion": {
          "w": 0.9819175004959106,
          "x": -0.09699844568967819,
          "y": -0.15611988306045532,
          "z": 0.04534192755818367
        },
        "scale": {
          "x": 1.0,
          "y": 1.0,
          "z": 1.0
        },
        "matrix_basis": [
          [
            0.9471414089202881,
            -0.058757293969392776,
            -0.31538987159729004,
            0.0
          ],
          [
            0.11933083832263947,
            0.9770708084106445,
            0.17633138597011566,
            0.0
          ],
          [
            0.2977975010871887,
            -0.204646497964859,
            0.9324357509613037,
            0.0
          ],
          [
            0.0,
            0.0,
            0.0,
            1.0
          ]
        ],
        "rotation_mode": "QUATERNION"
      },
      "armature_space": {
        "head": {
          "x": 0.05611566826701164,
          "y": -0.09927092492580414,
          "z": 0.6519314646720886
        },
        "tail": {
          "x": 0.0964074432849884,
          "y": -0.04599854350090027,
          "z": 0.7919025421142578
        }
      },
      "world_space": {
        "head": {
          "x": 0.05611566826701164,
          "y": -0.03602692484855652,
          "z": 1.60178542137146
        },
        "tail": {
          "x": 0.0964074432849884,
          "y": 0.01724545657634735,
          "z": 1.741756558418274
        },
        "rotation_quaternion": {
          "w": 0.8189440965652466,
          "x": 0.543789267539978,
          "y": -0.03281809017062187,
          "z": -0.18040773272514343
        },
        "matrix": [
          [
            0.9327517151832581,
            0.2597957253456116,
            -0.24996106326580048,
            0.05611566826701164
          ],
          [
            -0.33118122816085815,
            0.34349286556243896,
            -0.8788241744041443,
            -0.03602692484855652
          ],
          [
            -0.14245615899562836,
            0.902513861656189,
            0.4064350128173828,
            1.60178542137146
          ],
          [
            0.0,
            0.0,
            0.0,
            1.0
          ]
        ]
      },
      "bone_length_armature_space": 0.15509118962266602,
      "parent": "neck_01",
      "has_children": false,
      "is_end_bone": true
    },
    "upperarm_l": {
      "name": "upperarm_l",
      "local": {
        "location": {
          "x": 0.0,
          "y": 0.0,
          "z": 0.0
        },
        "rotation_quaternion": {
          "w": 0.9684949517250061,
          "x": -0.07154019922018051,
          "y": -0.16079378128051758,
          "z": -0.17619557678699493
        },
        "scale": {
          "x": 1.0,
          "y": 1.0,
          "z": 1.0
        },
        "matrix_basis": [
          [
            0.8862009644508362,
            0.36429548263549805,
            -0.28624579310417175,
            0.0
          ],
          [
            -0.3182826042175293,
            0.9276742339134216,
            0.19523495435714722,
            0.0
          ],
          [
            0.336666077375412,
            -0.08191033452749252,
            0.9380547404289246,
            0.0
          ],
          [
            0.0,
            0.0,
            0.0,
            1.0
          ]
        ],
        "rotation_mode": "QUATERNION"
      },
      "armature_space": {
        "head": {
          "x": 0.1726563721895218,
          "y": -0.07134374976158142,
          "z": 0.4835486114025116
        },
        "tail": {
          "x": 0.41279351711273193,
          "y": -0.024988792836666107,
          "z": 0.3740353584289551
        }
      },
      "world_space": {
        "head": {
          "x": 0.1726563721895218,
          "y": -0.008099749684333801,
          "z": 1.43340265750885
        },
        "tail": {
          "x": 0.41279351711273193,
          "y": 0.03825520724058151,
          "z": 1.3238893747329712
        },
        "rotation_quaternion": {
          "w": 0.4985482096672058,
          "x": 0.2704249918460846,
          "y": 0.5813286900520325,
          "z": -0.5834183692932129
        },
        "matrix": [
          [
            -0.3566387891769409,
            0.8961363434791565,
            0.2640993893146515,
            0.1726563721895218
          ],
          [
            -0.26731598377227783,
            0.1729859858751297,
            -0.9479548931121826,
            -0.008099749684333801
          ],
          [
            -0.8951887488365173,
            -0.40867817401885986,
            0.1778583824634552,
            1.43340265750885
          ],
          [
            0.0,
            0.0,
            0.0,
            1.0
          ]
        ]
      },
      "bone_length_armature_space": 0.2679697415726947,
      "parent": "spine_01",
      "has_children": true,
      "is_end_bone": false
    },
    "lowerarm_l": {
      "name": "lowerarm_l",
      "local": {
        "location": {
          "x": 0.0,
          "y": 0.0,
          "z": 0.0
        },
        "rotation_quaternion": {
          "w": 0.9490916728973389,
          "x": 0.11324457079172134,
          "y": -0.09978526085615158,
          "z": 0.27648454904556274
        },
        "scale": {
          "x": 1.0,
          "y": 1.0,
          "z": 1.0
        },
        "matrix_basis": [
          [
            0.8271983861923218,
            -0.5474186539649963,
            -0.12678997218608856,
            0.0
          ],
          [
            0.5022180676460266,
            0.821463942527771,
            -0.27013713121414185,
            0.0
          ],
          [
            0.25203147530555725,
            0.15978078544139862,
            0.9544371366500854,
            0.0
          ],
          [
            0.0,
            0.0,
            0.0,
            1.0
          ]
        ],
        "rotation_mode": "QUATERNION"
      },
      "armature_space": {
        "head": {
          "x": 0.4127936363220215,
          "y": -0.02498878911137581,
          "z": 0.37403541803359985
        },
        "tail": {
          "x": 0.6675389409065247,
          "y": 0.010891016572713852,
          "z": 0.4474309980869293
        }
      },
      "world_space": {
        "head": {
          "x": 0.4127936363220215,
          "y": 0.03825521096587181,
          "z": 1.3238894939422607
        },
        "tail": {
          "x": 0.6675389409065247,
          "y": 0.07413502037525177,
          "z": 1.397284984588623
        },
        "rotation_quaternion": {
          "w": 0.7014026641845703,
          "x": 0.39975666999816895,
          "y": 0.27403292059898376,
          "z": -0.5226230621337891
        },
        "matrix": [
          [
            0.30354103446006775,
            0.9522317051887512,
            -0.03343111276626587,
            0.4127936363220215
          ],
          [
            -0.5140476226806641,
            0.13411784172058105,
            -0.8472118973731995,
            0.03825521096587181
          ],
          [
            -0.8022643327713013,
            0.2743508517742157,
            0.5302056074142456,
            1.3238894939422607
          ],
          [
            0.0,
            0.0,
            0.0,
            1.0
          ]
        ]
      },
      "bone_length_armature_space": 0.26752465255042396,
      "parent": "upperarm_l",
      "has_children": true,
      "is_end_bone": false
    },
    "metacarpal_thumb_l": {
      "name": "metacarpal_thumb_l",
      "local": {
        "location": {
          "x": 0.0,
          "y": 0.0,
          "z": 0.0
        },
        "rotation_quaternion": {
          "w": 0.9996905326843262,
          "x": -0.024184823036193848,
          "y": 0.0056058564223349094,
          "z": -0.0016263199504464865
        },
        "scale": {
          "x": 1.0,
          "y": 1.0,
          "z": 1.0
        },
        "matrix_basis": [
          [
            0.9999318718910217,
            0.002980479970574379,
            0.011286907829344273,
            0.0
          ],
          [
            -0.003522786544635892,
            0.9988248944282532,
            0.048336442559957504,
            0.0
          ],
          [
            -0.011129578575491905,
            -0.04837290942668915,
            0.9987673163414001,
            0.0
          ],
          [
            0.0,
            0.0,
            0.0,
            1.0
          ]
        ],
        "rotation_mode": "QUATERNION"
      },
      "armature_space": {
        "head": {
          "x": 0.6675389409065247,
          "y": 0.010891016572713852,
          "z": 0.4474309980869293
        },
        "tail": {
          "x": 0.7062333822250366,
          "y": -0.011896137148141861,
          "z": 0.46833738684654236
        }
      },
      "world_space": {
        "head": {
          "x": 0.6675389409065247,
          "y": 0.07413502037525177,
          "z": 1.397284984588623
        },
        "tail": {
          "x": 0.7062333822250366,
          "y": 0.05134786292910576,
          "z": 1.4181914329528809
        },
        "rotation_quaternion": {
          "w": 0.27010276913642883,
          "x": 0.8532867431640625,
          "y": 0.443877637386322,
          "z": -0.04380660131573677
        },
        "matrix": [
          [
            0.6021068692207336,
            0.7811741828918457,
            0.1650274395942688,
            0.6675389409065247
          ],
          [
            0.733846127986908,
            -0.4600336253643036,
            -0.49983951449394226,
            0.07413502037525177
          ],
          [
            -0.31454503536224365,
            0.4220639765262604,
            -0.850257396697998,
            1.397284984588623
          ],
          [
            0.0,
            0.0,
            0.0,
            1.0
          ]
        ]
      },
      "bone_length_armature_space": 0.049533738674893524,
      "parent": "lowerarm_l",
      "has_children": true,
      "is_end_bone": false
    },
    "thumb_01_l": {
      "name": "thumb_01_l",
      "local": {
        "location": {
          "x": 0.0,
          "y": 0.0,
          "z": 0.0
        },
        "rotation_quaternion": {
          "w": 0.9996131062507629,
          "x": -0.02064216323196888,
          "y": 0.01839694194495678,
          "z": 0.0030146511271595955
        },
        "scale": {
          "x": 1.0,
          "y": 1.0,
          "z": 1.0
        },
        "matrix_basis": [
          [
            0.9993049502372742,
            -0.006786474958062172,
            0.03665519133210182,
            0.0
          ],
          [
            0.005267464090138674,
            0.9991296529769897,
            0.04137927293777466,
            0.0
          ],
          [
            -0.03690410777926445,
            -0.04115743190050125,
            0.9984709024429321,
            0.0
          ],
          [
            0.0,
            0.0,
            0.0,
            1.0
          ]
        ],
        "rotation_mode": "QUATERNION"
      },
      "armature_space": {
        "head": {
          "x": 0.7062333822250366,
          "y": -0.011896137148141861,
          "z": 0.46833738684654236
        },
        "tail": {
          "x": 0.7243950366973877,
          "y": -0.03874927759170532,
          "z": 0.45795997977256775
        }
      },
      "world_space": {
        "head": {
          "x": 0.7062333822250366,
          "y": 0.05134786292910576,
          "z": 1.4181914329528809
        },
        "tail": {
          "x": 0.7243950366973877,
          "y": 0.024494722485542297,
          "z": 1.4078140258789062
        },
        "rotation_quaternion": {
          "w": 0.28636419773101807,
          "x": -0.8014039993286133,
          "y": -0.15344232320785522,
          "z": -0.502197802066803
        },
        "matrix": [
          [
            0.44850602746009827,
            0.5335609316825867,
            0.7170461416244507,
            0.7062333822250366
          ],
          [
            -0.04168315976858139,
            -0.7889030575752258,
            0.6131029725074768,
            0.05134786292910576
          ],
          [
            0.8928135633468628,
            -0.3048720061779022,
            -0.3315889239311218,
            1.4181914329528809
          ],
          [
            0.0,
            0.0,
            0.0,
            1.0
          ]
        ]
      },
      "bone_length_armature_space": 0.0340386170195487,
      "parent": "metacarpal_thumb_l",
      "has_children": true,
      "is_end_bone": false
    },
    "thumb_02_l": {
      "name": "thumb_02_l",
      "local": {
        "location": {
          "x": 0.0,
          "y": 0.0,
          "z": 0.0
        },
        "rotation_quaternion": {
          "w": 0.998281717300415,
          "x": 0.057564083486795425,
          "y": 0.01060451939702034,
          "z": -0.0027656445745378733
        },
        "scale": {
          "x": 1.0,
          "y": 1.0,
          "z": 1.0
        },
        "matrix_basis": [
          [
            0.9997597932815552,
            0.006742663681507111,
            0.020854191854596138,
            0.0
          ],
          [
            -0.004300905857235193,
            0.9933574795722961,
            -0.11498899757862091,
            0.0
          ],
          [
            -0.021490998566150665,
            0.11487168818712234,
            0.9931478500366211,
            0.0
          ],
          [
            0.0,
            0.0,
            0.0,
            1.0
          ]
        ],
        "rotation_mode": "QUATERNION"
      },
      "armature_space": {
        "head": {
          "x": 0.7243949770927429,
          "y": -0.03874928876757622,
          "z": 0.45795997977256775
        },
        "tail": {
          "x": 0.7630865573883057,
          "y": -0.036285798996686935,
          "z": 0.468451589345932
        }
      },
      "world_space": {
        "head": {
          "x": 0.7243949770927429,
          "y": 0.024494711309671402,
          "z": 1.4078140258789062
        },
        "tail": {
          "x": 0.7630865573883057,
          "y": 0.026958201080560684,
          "z": 1.4183056354522705
        },
        "rotation_quaternion": {
          "w": 0.5484269261360168,
          "x": -0.3002200126647949,
          "y": -0.4794730842113495,
          "z": -0.6157934665679932
        },
        "matrix": [
          [
            -0.21819007396697998,
            0.9633302092552185,
            -0.1561667025089264,
            0.7243949770927429
          ],
          [
            -0.38754209876060486,
            0.06133511662483215,
            0.9198096990585327,
            0.024494711309671402
          ],
          [
            0.8956646919250488,
            0.26121628284454346,
            0.3599516451358795,
            1.4078140258789062
          ],
          [
            0.0,
            0.0,
            0.0,
            1.0
          ]
        ]
      },
      "bone_length_armature_space": 0.04016442533594353,
      "parent": "thumb_01_l",
      "has_children": true,
      "is_end_bone": false
    },
    "thumb_03_l": {
      "name": "thumb_03_l",
      "local": {
        "location": {
          "x": 0.0,
          "y": 0.0,
          "z": 0.0
        },
        "rotation_quaternion": {
          "w": 0.9979984760284424,
          "x": 0.06220318377017975,
          "y": -0.008877827785909176,
          "z": -0.007149912416934967
        },
        "scale": {
          "x": 1.0,
          "y": 1.0,
          "z": 1.0
        },
        "matrix_basis": [
          [
            0.9997401237487793,
            0.013166745193302631,
            -0.018609611317515373,
            0.0
          ],
          [
            -0.015375661663711071,
            0.9921593070030212,
            -0.12403041124343872,
            0.0
          ],
          [
            0.016830623149871826,
            0.12428431957960129,
            0.9921038746833801,
            0.0
          ],
          [
            0.0,
            0.0,
            0.0,
            1.0
          ]
        ],
        "rotation_mode": "QUATERNION"
      },
      "armature_space": {
        "head": {
          "x": 0.7630864977836609,
          "y": -0.0362858846783638,
          "z": 0.468451589345932
        },
        "tail": {
          "x": 0.788975715637207,
          "y": -0.0228502806276083,
          "z": 0.47717657685279846
        }
      },
      "world_space": {
        "head": {
          "x": 0.7630864977836609,
          "y": 0.02695811539888382,
          "z": 1.4183056354522705
        },
        "tail": {
          "x": 0.788975715637207,
          "y": 0.04039371758699417,
          "z": 1.4270305633544922
        },
        "rotation_quaternion": {
          "w": 0.7230961322784424,
          "x": -0.11861293017864227,
          "y": -0.4447334408760071,
          "z": -0.5150487422943115
        },
        "matrix": [
          [
            0.07387206703424454,
            0.8503634929656982,
            -0.5209845304489136,
            0.7630864977836609
          ],
          [
            -0.6393568515777588,
            0.4413090944290161,
            0.629658579826355,
            0.02695811539888382
          ],
          [
            0.7653583884239197,
            0.28658321499824524,
            0.5762906670570374,
            1.4183056354522705
          ],
          [
            0.0,
            0.0,
            0.0,
            1.0
          ]
        ]
      },
      "bone_length_armature_space": 0.030444908882354137,
      "parent": "thumb_02_l",
      "has_children": false,
      "is_end_bone": true
    },
    "metacarpal_index_l": {
      "name": "metacarpal_index_l",
      "local": {
        "location": {
          "x": 0.0,
          "y": 0.0,
          "z": 0.0
        },
        "rotation_quaternion": {
          "w": 0.9989769458770752,
          "x": -0.044544465839862823,
          "y": 0.004854712635278702,
          "z": -0.006110733840614557
        },
        "scale": {
          "x": 1.0,
          "y": 1.0,
          "z": 1.0
        },
        "matrix_basis": [
          [
            0.9998781681060791,
            0.011776463128626347,
            0.010243890807032585,
            0.0
          ],
          [
            -0.012641465291380882,
            0.9959568977355957,
            0.08893845975399017,
            0.0
          ],
          [
            -0.0091550936922431,
            -0.08905711770057678,
            0.9959844350814819,
            0.0
          ],
          [
            0.0,
            0.0,
            0.0,
            1.0
          ]
        ],
        "rotation_mode": "QUATERNION"
      },
      "armature_space": {
        "head": {
          "x": 0.6675389409065247,
          "y": 0.010891016572713852,
          "z": 0.4474309980869293
        },
        "tail": {
          "x": 0.7741676568984985,
          "y": 0.0025785546749830246,
          "z": 0.4952898621559143
        }
      },
      "world_space": {
        "head": {
          "x": 0.6675389409065247,
          "y": 0.07413502037525177,
          "z": 1.397284984588623
        },
        "tail": {
          "x": 0.7741676568984985,
          "y": 0.0658225566148758,
          "z": 1.4451439380645752
        },
        "rotation_quaternion": {
          "w": 0.48374229669570923,
          "x": 0.6829606294631958,
          "y": 0.4801265001296997,
          "z": -0.2627488076686859
        },
        "matrix": [
          [
            0.40088173747062683,
            0.910020649433136,
            0.10562267154455185,
            0.6675389409065247
          ],
          [
            0.40161165595054626,
            -0.07094255089759827,
            -0.9130584597587585,
            0.07413502037525177
          ],
          [
            -0.8234143257141113,
            0.4084506332874298,
            -0.39391809701919556,
            1.397284984588623
          ],
          [
            0.0,
            0.0,
            0.0,
            1.0
          ]
        ]
      },
      "bone_length_armature_space": 0.11717188499521723,
      "parent": "lowerarm_l",
      "has_children": true,
      "is_end_bone": false
    },
    "index_01_l": {
      "name": "index_01_l",
      "local": {
        "location": {
          "x": 0.0,
          "y": 0.0,
          "z": 0.0
        },
        "rotation_quaternion": {
          "w": 0.9932683706283569,
          "x": -0.11481747031211853,
          "y": -0.012829246930778027,
          "z": -0.008385847322642803
        },
        "scale": {
          "x": 1.0,
          "y": 1.0,
          "z": 1.0
        },
        "matrix_basis": [
          [
            0.9995301961898804,
            0.019604837521910667,
            -0.023560086265206337,
            0.0
          ],
          [
            -0.013712750747799873,
            0.9734932780265808,
            0.22830429673194885,
            0.0
          ],
          [
            0.027411453425884247,
            -0.22787395119667053,
            0.9733046889305115,
            0.0
          ],
          [
            0.0,
            0.0,
            0.0,
            1.0
          ]
        ],
        "rotation_mode": "QUATERNION"
      },
      "armature_space": {
        "head": {
          "x": 0.7741676568984985,
          "y": 0.0025785546749830246,
          "z": 0.4952898621559143
        },
        "tail": {
          "x": 0.7995742559432983,
          "y": 0.01397575344890356,
          "z": 0.5014282464981079
        }
      },
      "world_space": {
        "head": {
          "x": 0.7741676568984985,
          "y": 0.0658225566148758,
          "z": 1.4451439380645752
        },
        "tail": {
          "x": 0.7995742559432983,
          "y": 0.07721975445747375,
          "z": 1.451282262802124
        },
        "rotation_quaternion": {
          "w": 0.5312626957893372,
          "x": 0.49307650327682495,
          "y": 0.6462287306785583,
          "z": -0.2387971580028534
        },
        "matrix": [
          [
            0.05073050037026405,
            0.8910096287727356,
            0.4511411190032959,
            0.7741676568984985
          ],
          [
            0.383551687002182,
            0.39970019459724426,
            -0.8325433135032654,
            0.0658225566148758
          ],
          [
            -0.9221314191818237,
            0.2152731716632843,
            -0.32147419452667236,
            1.4451439380645752
          ],
          [
            0.0,
            0.0,
            0.0,
            1.0
          ]
        ]
      },
      "bone_length_armature_space": 0.02851440263460988,
      "parent": "metacarpal_index_l",
      "has_children": true,
      "is_end_bone": false
    },
    "index_02_l": {
      "name": "index_02_l",
      "local": {
        "location": {
          "x": 0.0,
          "y": 0.0,
          "z": 0.0
        },
        "rotation_quaternion": {
          "w": 0.9984579086303711,
          "x": 0.05519716814160347,
          "y": 0.0015102268662303686,
          "z": -0.005740849766880274
        },
        "scale": {
          "x": 1.0,
          "y": 1.0,
          "z": 1.0
        },
        "matrix_basis": [
          [
            0.9999295473098755,
            0.011630713939666748,
            0.002382038626819849,
            0.0
          ],
          [
            -0.011297273449599743,
            0.9938406348228455,
            -0.11024143546819687,
            0.0
          ],
          [
            -0.003649553284049034,
            0.11020676046609879,
            0.9939019680023193,
            0.0
          ],
          [
            0.0,
            0.0,
            0.0,
            1.0
          ]
        ],
        "rotation_mode": "QUATERNION"
      },
      "armature_space": {
        "head": {
          "x": 0.7995746731758118,
          "y": 0.013975552283227444,
          "z": 0.5014284253120422
        },
        "tail": {
          "x": 0.8232802748680115,
          "y": 0.022910743951797485,
          "z": 0.5054655075073242
        }
      },
      "world_space": {
        "head": {
          "x": 0.7995746731758118,
          "y": 0.07721955329179764,
          "z": 1.4512825012207031
        },
        "tail": {
          "x": 0.8232802748680115,
          "y": 0.0861547440290451,
          "z": 1.4553195238113403
        },
        "rotation_quaternion": {
          "w": 0.5281994938850403,
          "x": 0.4924776256084442,
          "y": 0.6286173462867737,
          "z": -0.28863707184791565
        },
        "matrix": [
          [
            0.04305953532457352,
            0.9240767359733582,
            0.3797736167907715,
            0.7995746731758118
          ],
          [
            0.3142433762550354,
            0.34830617904663086,
            -0.8831390142440796,
            0.07721955329179764
          ],
          [
            -0.9483720660209656,
            0.15737032890319824,
            -0.27538976073265076,
            1.4512825012207031
          ],
          [
            0.0,
            0.0,
            0.0,
            1.0
          ]
        ]
      },
      "bone_length_armature_space": 0.025653289094155197,
      "parent": "index_01_l",
      "has_children": true,
      "is_end_bone": false
    },
    "index_03_l": {
      "name": "index_03_l",
      "local": {
        "location": {
          "x": 0.0,
          "y": 0.0,
          "z": 0.0
        },
        "rotation_quaternion": {
          "w": 0.999201774597168,
          "x": 0.03939808905124664,
          "y": -0.002702899044379592,
          "z": -0.006027990020811558
        },
        "scale": {
          "x": 1.0,
          "y": 1.0,
          "z": 1.0
        },
        "matrix_basis": [
          [
            0.9999127388000488,
            0.011833378113806248,
            -0.005876465700566769,
            0.0
          ],
          [
            -0.012259334325790405,
            0.9968228936195374,
            -0.07870069146156311,
            0.0
          ],
          [
            0.004926500376313925,
            0.078765869140625,
            0.9968809485435486,
            0.0
          ],
          [
            0.0,
            0.0,
            0.0,
            1.0
          ]
        ],
        "rotation_mode": "QUATERNION"
      },
      "armature_space": {
        "head": {
          "x": 0.8232802152633667,
          "y": 0.02291085757315159,
          "z": 0.505465567111969
        },
        "tail": {
          "x": 0.8517187833786011,
          "y": 0.029614491388201714,
          "z": 0.5056663751602173
        }
      },
      "world_space": {
        "head": {
          "x": 0.8232802152633667,
          "y": 0.08615485578775406,
          "z": 1.4553196430206299
        },
        "tail": {
          "x": 0.8517187833786011,
          "y": 0.09285849332809448,
          "z": 1.4555203914642334
        },
        "rotation_quaternion": {
          "w": 0.44905737042427063,
          "x": 0.5113143920898438,
          "y": 0.6427001953125,
          "z": -0.35191139578819275
        },
        "matrix": [
          [
            -0.07380896061658859,
            0.9733009338378906,
            0.21734179556369781,
            0.8232802152633667
          ],
          [
            0.34118685126304626,
            0.2294297218322754,
            -0.9115668535232544,
            0.08615485578775406
          ],
          [
            -0.9370996952056885,
            0.006872652098536491,
            -0.34901461005210876,
            1.4553196430206299
          ],
          [
            0.0,
            0.0,
            0.0,
            1.0
          ]
        ]
      },
      "bone_length_armature_space": 0.029218678508454197,
      "parent": "index_02_l",
      "has_children": false,
      "is_end_bone": true
    },
    "metacarpal_pinky_l": {
      "name": "metacarpal_pinky_l",
      "local": {
        "location": {
          "x": 0.0,
          "y": 0.0,
          "z": 0.0
        },
        "rotation_quaternion": {
          "w": 0.9999535083770752,
          "x": 0.005300906952470541,
          "y": 0.005569796077907085,
          "z": -0.0058269500732421875
        },
        "scale": {
          "x": 1.0,
          "y": 1.0,
          "z": 1.0
        },
        "matrix_basis": [
          [
            0.9998700618743896,
            0.011712408624589443,
            0.01107729785144329,
            0.0
          ],
          [
            -0.011594308540225029,
            0.9998759031295776,
            -0.01066623069345951,
            0.0
          ],
          [
            -0.011200850829482079,
            0.010536410845816135,
            0.9998817443847656,
            0.0
          ],
          [
            0.0,
            0.0,
            0.0,
            1.0
          ]
        ],
        "rotation_mode": "QUATERNION"
      },
      "armature_space": {
        "head": {
          "x": 0.6675389409065247,
          "y": 0.010891016572713852,
          "z": 0.4474309980869293
        },
        "tail": {
          "x": 0.7633851766586304,
          "y": 0.04994847625494003,
          "z": 0.4588867127895355
        }
      },
      "world_space": {
        "head": {
          "x": 0.6675389409065247,
          "y": 0.07413502037525177,
          "z": 1.397284984588623
        },
        "tail": {
          "x": 0.7633851766586304,
          "y": 0.11319247633218765,
          "z": 1.408740758895874
        },
        "rotation_quaternion": {
          "w": 0.8106967806816101,
          "x": -0.05167940631508827,
          "y": -0.17410197854042053,
          "z": -0.556586503982544
        },
        "matrix": [
          [
            0.319799542427063,
            0.9204410910606384,
            -0.224758580327034,
            0.6675389409065247
          ],
          [
            -0.8844507336616516,
            0.3750809133052826,
            0.27759984135627747,
            0.07413502037525177
          ],
          [
            0.3398186266422272,
            0.11001277714967728,
            0.9340423345565796,
            1.397284984588623
          ],
          [
            0.0,
            0.0,
            0.0,
            1.0
          ]
        ]
      },
      "bone_length_armature_space": 0.10413077969167032,
      "parent": "lowerarm_l",
      "has_children": true,
      "is_end_bone": false
    },
    "pinky_01_l": {
      "name": "pinky_01_l",
      "local": {
        "location": {
          "x": 0.0,
          "y": 0.0,
          "z": 0.0
        },
        "rotation_quaternion": {
          "w": 0.954102635383606,
          "x": 0.29866108298301697,
          "y": -0.0017338148318231106,
          "z": -0.022065944969654083
        },
        "scale": {
          "x": 1.0,
          "y": 1.0,
          "z": 1.0
        },
        "matrix_basis": [
          [
            0.9990201592445374,
            0.04107070714235306,
            -0.016488952562212944,
            0.0
          ],
          [
            -0.04314199835062027,
            0.8206292986869812,
            -0.5698301196098328,
            0.0
          ],
          [
            -0.009872003458440304,
            0.569983184337616,
            0.8215970993041992,
            0.0
          ],
          [
            0.0,
            0.0,
            0.0,
            1.0
          ]
        ],
        "rotation_mode": "QUATERNION"
      },
      "armature_space": {
        "head": {
          "x": 0.7633851766586304,
          "y": 0.04994847625494003,
          "z": 0.4588867127895355
        },
        "tail": {
          "x": 0.7850698232650757,
