{
  "metadata": {
    "armature_name": "KIM_caucasian_male",
    "export_time": "2026-01-13T21:00:14.446504",
    "blender_version": "4.4.1",
    "bone_count": 56,
    "end_bone_count": 13,
    "spaces_included": [
      "LOCAL_CHANNELS",
      "ARMATURE_SPACE",
      "WORLD_SPACE"
    ],
    "note": "LOCAL matches Transform panel; replay pose via local.matrix_basis for best fidelity."
  },
  "bones": {
    "Root": {
      "name": "Root",
      "local": {
        "location": {
          "x": 0.0,
          "y": 0.0,
          "z": 0.0
        },
        "rotation_quaternion": {
          "w": 0.9999330043792725,
          "x": -0.0058761583641171455,
          "y": -0.009949138388037682,
          "z": -0.0006873763632029295
        },
        "scale": {
          "x": 1.0,
          "y": 1.0,
          "z": 1.0
        },
        "matrix_basis": [
          [
            0.9998010993003845,
            0.0014915860956534743,
            -0.0198888648301363,
            0.0
          ],
          [
            -0.0012577351881191134,
            0.9999300241470337,
            0.011765207163989544,
            0.0
          ],
          [
            0.01990502141416073,
            -0.011737851426005363,
            0.9997329711914062,
            0.0
          ],
          [
            0.0,
            0.0,
            0.0,
            1.0
          ]
        ],
        "rotation_mode": "QUATERNION"
      },
      "armature_space": {
        "head": {
          "x": 0.0,
          "y": 0.07072800397872925,
          "z": -0.009595036506652832
        },
        "tail": {
          "x": 0.0001064632524503395,
          "y": 0.00011757761240005493,
          "z": 0.0008295290172100067
        }
      },
      "world_space": {
        "head": {
          "x": 0.0,
          "y": 0.13397200405597687,
          "z": 0.9402589797973633
        },
        "tail": {
          "x": 0.0001064632524503395,
          "y": 0.06336157768964767,
          "z": 0.9506835341453552
        },
        "rotation_quaternion": {
          "w": 0.0732259526848793,
          "x": 0.9972655177116394,
          "y": 1.5562316548312083e-05,
          "z": -0.00997284334152937
        },
        "matrix": [
          [
            0.9998010993003845,
            0.0014915860956534743,
            -0.0198888648301363,
            0.0
          ],
          [
            -0.0014295070432126522,
            -0.9892759323120117,
            -0.14605221152305603,
            0.13397200405597687
          ],
          [
            -0.01989356428384781,
            0.14605167508125305,
            -0.989084005355835,
            0.9402589797973633
          ],
          [
            0.0,
            0.0,
            0.0,
            1.0
          ]
        ]
      },
      "bone_length_armature_space": 0.07137587156590751,
      "parent": null,
      "has_children": true,
      "is_end_bone": false
    },
    "spine_01": {
      "name": "spine_01",
      "local": {
        "location": {
          "x": 0.0,
          "y": 0.0,
          "z": 0.0
        },
        "rotation_quaternion": {
          "w": 0.9980720281600952,
          "x": 0.002528238343074918,
          "y": 0.05275040864944458,
          "z": 0.03260793909430504
        },
        "scale": {
          "x": 1.0,
          "y": 1.0,
          "z": 1.0
        },
        "matrix_basis": [
          [
            0.9923082590103149,
            -0.06482341140508652,
            0.10546229779720306,
            0.0
          ],
          [
            0.06535687297582626,
            0.9978606700897217,
            -0.0016065636882558465,
            0.0
          ],
          [
            -0.10513253509998322,
            0.008486892096698284,
            0.9944220185279846,
            0.0
          ],
          [
            0.0,
            0.0,
            0.0,
            1.0
          ]
        ],
        "rotation_mode": "QUATERNION"
      },
      "armature_space": {
        "head": {
          "x": 0.0001064632524503395,
          "y": 0.00011757761240005493,
          "z": 0.0008295290172100067
        },
        "tail": {
          "x": -0.0218108631670475,
          "y": 0.024496018886566162,
          "z": 0.48773184418678284
        }
      },
      "world_space": {
        "head": {
          "x": 0.0001064632524503395,
          "y": 0.06336157768964767,
          "z": 0.9506835341453552
        },
        "tail": {
          "x": -0.0218108631670475,
          "y": 0.08774001896381378,
          "z": 1.4375858306884766
        },
        "rotation_quaternion": {
          "w": 0.7241972088813782,
          "x": 0.6872113347053528,
          "y": 0.022715767845511436,
          "z": 0.05256408080458641
        },
        "matrix": [
          [
            0.9934420585632324,
            -0.044912442564964294,
            0.10514695942401886,
            0.0001064632524503395
          ],
          [
            0.10735492408275604,
            0.04995569586753845,
            -0.9929651021957397,
            0.06336157768964767
          ],
          [
            0.039344169199466705,
            0.9977481365203857,
            0.05444914847612381,
            0.9506835341453552
          ],
          [
            0.0,
            0.0,
            0.0,
            1.0
          ]
        ]
      },
      "bone_length_armature_space": 0.48800465790541525,
      "parent": "Root",
      "has_children": true,
      "is_end_bone": false
    },
    "neck_01": {
      "name": "neck_01",
      "local": {
        "location": {
          "x": 0.0,
          "y": 0.0,
          "z": 0.0
        },
        "rotation_quaternion": {
          "w": 0.9866551160812378,
          "x": -0.084845632314682,
          "y": -0.033176131546497345,
          "z": 0.13495269417762756
        },
        "scale": {
          "x": 1.0,
          "y": 1.0,
          "z": 1.0
        },
        "matrix_basis": [
          [
            0.9613742232322693,
            -0.2606738209724426,
            -0.08836708962917328,
            0.0
          ],
          [
            0.2719332277774811,
            0.9491779804229736,
            0.15847234427928925,
            0.0
          ],
          [
            0.042566508054733276,
            -0.1763811707496643,
            0.9834011197090149,
            0.0
          ],
          [
            0.0,
            0.0,
            0.0,
            1.0
          ]
        ],
        "rotation_mode": "QUATERNION"
      },
      "armature_space": {
        "head": {
          "x": -0.02145273983478546,
          "y": -0.00628277100622654,
          "z": 0.5626737475395203
        },
        "tail": {
          "x": -0.05019909515976906,
          "y": -0.024363825097680092,
          "z": 0.6594077944755554
        }
      },
      "world_space": {
        "head": {
          "x": -0.02145273983478546,
          "y": 0.05696123093366623,
          "z": 1.5125277042388916
        },
        "tail": {
          "x": -0.05019909515976906,
          "y": 0.03888017684221268,
          "z": 1.6092617511749268
        },
        "rotation_quaternion": {
          "w": 0.6336559057235718,
          "x": 0.7604531049728394,
          "y": -0.10148028284311295,
          "z": 0.0994638130068779
        },
        "matrix": [
          [
            0.9596174955368042,
            -0.2803938686847687,
            0.02266644686460495,
            -0.02145273983478546
          ],
          [
            -0.028291895985603333,
            -0.17636381089687347,
            -0.9839186668395996,
            0.05696123093366623
          ],
          [
            0.27988409996032715,
            0.9435502886772156,
            -0.17717674374580383,
            1.5125277042388916
          ],
          [
            0.0,
            0.0,
            0.0,
            1.0
          ]
        ]
      },
      "bone_length_armature_space": 0.10252196404972104,
      "parent": "spine_01",
      "has_children": true,
      "is_end_bone": false
    },
    "head": {
      "name": "head",
      "local": {
        "location": {
          "x": 0.0,
          "y": 0.0,
          "z": 0.0
        },
        "rotation_quaternion": {
          "w": 0.9801839590072632,
          "x": -0.110542431473732,
          "y": 0.0908709242939949,
          "z": -0.13697627186775208
        },
        "scale": {
          "x": 1.0,
          "y": 1.0,
          "z": 1.0
        },
        "matrix_basis": [
          [
            0.9459599256515503,
            0.24843370914459229,
            0.20842382311820984,
            0.0
          ],
          [
            -0.28861406445503235,
            0.9380357265472412,
            0.1918095201253891,
            0.0
          ],
          [
            -0.14785706996917725,
            -0.24159815907478333,
            0.9590457081794739,
            0.0
          ],
          [
            0.0,
            0.0,
            0.0,
            1.0
          ]
        ],
        "rotation_mode": "QUATERNION"
      },
      "armature_space": {
        "head": {
          "x": -0.05019906908273697,
          "y": -0.024363964796066284,
          "z": 0.6594077348709106
        },
        "tail": {
          "x": -0.049440037459135056,
          "y": 0.03902170807123184,
          "z": 0.8009526133537292
        }
      },
      "world_space": {
        "head": {
          "x": -0.05019906908273697,
          "y": 0.038880035281181335,
          "z": 1.6092617511749268
        },
        "tail": {
          "x": -0.049440037459135056,
          "y": 0.10226570814847946,
          "z": 1.7508065700531006
        },
        "rotation_quaternion": {
          "w": 0.8387184143066406,
          "x": 0.5434845685958862,
          "y": 0.030037706717848778,
          "z": 0.01654661074280739
        },
        "matrix": [
          [
            0.9976480603218079,
            0.004894133657217026,
            0.06837190687656403,
            -0.05019906908273697
          ],
          [
            0.06040589511394501,
            0.40870195627212524,
            -0.9106670022010803,
            0.038880035281181335
          ],
          [
            -0.03240088000893593,
            0.9126616716384888,
            0.407446950674057,
            1.6092617511749268
          ],
          [
            0.0,
            0.0,
            0.0,
            1.0
          ]
        ]
      },
      "bone_length_armature_space": 0.15509117307537923,
      "parent": "neck_01",
      "has_children": false,
      "is_end_bone": true
    },
    "upperarm_l": {
      "name": "upperarm_l",
      "local": {
        "location": {
          "x": 0.0,
          "y": 0.0,
          "z": 0.0
        },
        "rotation_quaternion": {
          "w": 0.9755560159683228,
          "x": -0.12982788681983948,
          "y": 0.07193832844495773,
          "z": -0.16204947233200073
        },
        "scale": {
          "x": 1.0,
          "y": 1.0,
          "z": 1.0
        },
        "matrix_basis": [
          [
            0.9371296763420105,
            0.2974974811077118,
            0.18243682384490967,
            0.0
          ],
          [
            -0.3348558843135834,
            0.9137693643569946,
            0.22999361157417297,
            0.0
          ],
          [
            -0.09828265756368637,
            -0.2766238749027252,
            0.9559391736984253,
            0.0
          ],
          [
            0.0,
            0.0,
            0.0,
            1.0
          ]
        ],
        "rotation_mode": "QUATERNION"
      },
      "armature_space": {
        "head": {
          "x": 0.13091737031936646,
          "y": 0.003296367824077606,
          "z": 0.5016925930976868
        },
        "tail": {
          "x": 0.3640170693397522,
          "y": 0.10983755439519882,
          "z": 0.42345449328422546
        }
      },
      "world_space": {
        "head": {
          "x": 0.13091737031936646,
          "y": 0.06654036790132523,
          "z": 1.4515466690063477
        },
        "tail": {
          "x": 0.3640170693397522,
          "y": 0.17308154702186584,
          "z": 1.373308539390564
        },
        "rotation_quaternion": {
          "w": 0.47997692227363586,
          "x": 0.3257136046886444,
          "y": 0.6844088435173035,
          "z": -0.4417208433151245
        },
        "matrix": [
          [
            -0.32706552743911743,
            0.8698742389678955,
            0.36925196647644043,
            0.13091737031936646
          ],
          [
            0.021812021732330322,
            0.3975870907306671,
            -0.9173054099082947,
            0.06654036790132523
          ],
          [
            -0.9447565078735352,
            -0.2919664978981018,
            -0.14901256561279297,
            1.4515466690063477
          ],
          [
            0.0,
            0.0,
            0.0,
            1.0
          ]
        ]
      },
      "bone_length_armature_space": 0.26796958039741753,
      "parent": "spine_01",
      "has_children": true,
      "is_end_bone": false
    },
    "lowerarm_l": {
      "name": "lowerarm_l",
      "local": {
        "location": {
          "x": 0.0,
          "y": 0.0,
          "z": 0.0
        },
        "rotation_quaternion": {
          "w": 0.8873700499534607,
          "x": 0.35727638006210327,
          "y": -0.1803542971611023,
          "z": 0.22891148924827576
        },
        "scale": {
          "x": 1.0,
          "y": 1.0,
          "z": 1.0
        },
        "matrix_basis": [
          [
            0.8301436901092529,
            -0.53513103723526,
            -0.15651266276836395,
            0.0
          ],
          [
            0.27738574147224426,
            0.6399062275886536,
            -0.7166430354118347,
            0.0
          ],
          [
            0.483651340007782,
            0.5515024065971375,
            0.6796518564224243,
            0.0
          ],
          [
            0.0,
            0.0,
            0.0,
            1.0
          ]
        ],
        "rotation_mode": "QUATERNION"
      },
      "armature_space": {
        "head": {
          "x": 0.36401721835136414,
          "y": 0.10983754694461823,
          "z": 0.4234545826911926
        },
        "tail": {
          "x": 0.5989229083061218,
          "y": 0.030855663120746613,
          "z": 0.5242050886154175
        }
      },
      "world_space": {
        "head": {
          "x": 0.36401721835136414,
          "y": 0.17308154702186584,
          "z": 1.3733086585998535
        },
        "tail": {
          "x": 0.5989229083061218,
          "y": 0.09409966319799423,
          "z": 1.4740591049194336
        },
        "rotation_quaternion": {
          "w": 0.5607836246490479,
          "x": 0.5422269701957703,
          "y": 0.19468903541564941,
          "z": -0.5946494340896606
        },
        "matrix": [
          [
            0.21697849035263062,
            0.8780717253684998,
            -0.42650943994522095,
            0.36401721835136414
          ],
          [
            -0.4558076858520508,
            -0.295232355594635,
            -0.8396891355514526,
            0.17308154702186584
          ],
          [
            -0.8632328510284424,
            0.37660303711891174,
            0.336174339056015,
            1.3733086585998535
          ],
          [
            0.0,
            0.0,
            0.0,
            1.0
          ]
        ]
      },
      "bone_length_armature_space": 0.2675247391467248,
      "parent": "upperarm_l",
      "has_children": true,
      "is_end_bone": false
    },
    "metacarpal_thumb_l": {
      "name": "metacarpal_thumb_l",
      "local": {
        "location": {
          "x": 0.0,
          "y": 0.0,
          "z": 0.0
        },
        "rotation_quaternion": {
          "w": 0.9974783658981323,
          "x": -0.07068333774805069,
          "y": -0.005576263647526503,
          "z": -0.0031153704039752483
        },
        "scale": {
          "x": 1.0,
          "y": 1.0,
          "z": 1.0
        },
        "matrix_basis": [
          [
            0.9999184012413025,
            0.007003326900303364,
            -0.010683994740247726,
            0.0
          ],
          [
            -0.005426731426268816,
            0.9899883270263672,
            0.14104494452476501,
            0.0
          ],
          [
            0.011564814485609531,
            -0.1409754604101181,
            0.9899455308914185,
            0.0
          ],
          [
            0.0,
            0.0,
            0.0,
            1.0
          ]
        ],
        "rotation_mode": "QUATERNION"
      },
      "armature_space": {
        "head": {
          "x": 0.5989229083061218,
          "y": 0.030855663120746613,
          "z": 0.5242050886154175
        },
        "tail": {
          "x": 0.6223131418228149,
          "y": -0.0062501803040504456,
          "z": 0.5472190976142883
        }
      },
      "world_space": {
        "head": {
          "x": 0.5989229083061218,
          "y": 0.09409966319799423,
          "z": 1.4740591049194336
        },
        "tail": {
          "x": 0.6223131418228149,
          "y": 0.056993819773197174,
          "z": 1.4970731735229492
        },
        "rotation_quaternion": {
          "w": 0.24808244407176971,
          "x": 0.9351739883422852,
          "y": 0.25279101729393005,
          "z": 0.0012065563350915909
        },
        "matrix": [
          [
            0.8721902370452881,
            0.4722086489200592,
            0.12768349051475525,
            0.5989229083061218
          ],
          [
            0.4734063148498535,
            -0.7491034865379333,
            -0.4633907377719879,
            0.09409966319799423
          ],
          [
            -0.12316939979791641,
            0.46461349725723267,
            -0.8769136071205139,
            1.4740591049194336
          ],
          [
            0.0,
            0.0,
            0.0,
            1.0
          ]
        ]
      },
      "bone_length_armature_space": 0.049533738674893524,
      "parent": "lowerarm_l",
      "has_children": true,
      "is_end_bone": false
    },
    "thumb_01_l": {
      "name": "thumb_01_l",
      "local": {
        "location": {
          "x": 0.0,
          "y": 0.0,
          "z": 0.0
        },
        "rotation_quaternion": {
          "w": 0.998807966709137,
          "x": -0.04723186045885086,
          "y": 0.012308834120631218,
          "z": 0.0005421077366918325
        },
        "scale": {
          "x": 1.0,
          "y": 1.0,
          "z": 1.0
        },
        "matrix_basis": [
          [
            0.9996963739395142,
            -0.002245661336928606,
            0.024537114426493645,
            0.0
          ],
          [
            -7.981521775946021e-05,
            0.9955376982688904,
            0.0943644642829895,
            0.0
          ],
          [
            -0.02463953197002411,
            -0.09433776885271072,
            0.9952352643013,
            0.0
          ],
          [
            0.0,
            0.0,
            0.0,
            1.0
          ]
        ],
        "rotation_mode": "QUATERNION"
      },
      "armature_space": {
        "head": {
          "x": 0.6223131418228149,
          "y": -0.0062501803040504456,
          "z": 0.5472190976142883
        },
        "tail": {
          "x": 0.6295430064201355,
          "y": -0.03774850815534592,
          "z": 0.5365321040153503
        }
      },
      "world_space": {
        "head": {
          "x": 0.6223131418228149,
          "y": 0.056993819773197174,
          "z": 1.4970731735229492
        },
        "tail": {
          "x": 0.6295430064201355,
          "y": 0.025495491921901703,
          "z": 1.4863860607147217
        },
        "rotation_quaternion": {
          "w": 0.19249598681926727,
          "x": -0.7639259099960327,
          "y": 0.016127320006489754,
          "z": -0.6157129406929016
        },
        "matrix": [
          [
            0.2412755787372589,
            0.21240267157554626,
            0.9469272494316101,
            0.6223131418228149
          ],
          [
            -0.26168423891067505,
            -0.9253714084625244,
            0.274244099855423,
            0.056993819773197174
          ],
          [
            0.9345154762268066,
            -0.3139673173427582,
            -0.16768798232078552,
            1.4970731735229492
          ],
          [
            0.0,
            0.0,
            0.0,
            1.0
          ]
        ]
      },
      "bone_length_armature_space": 0.03403861728674367,
      "parent": "metacarpal_thumb_l",
      "has_children": true,
      "is_end_bone": false
    },
    "thumb_02_l": {
      "name": "thumb_02_l",
      "local": {
        "location": {
          "x": 0.0,
          "y": 0.0,
          "z": 0.0
        },
        "rotation_quaternion": {
          "w": 0.9975363612174988,
          "x": 0.0698413997888565,
          "y": 0.003113209968432784,
          "z": 0.005808466579765081
        },
        "scale": {
          "x": 1.0,
          "y": 1.0,
          "z": 1.0
        },
        "matrix_basis": [
          [
            0.9999131560325623,
            -0.011153451167047024,
            0.007022423204034567,
            0.0
          ],
          [
            0.01202317513525486,
            0.9901768565177917,
            -0.13930250704288483,
            0.0
          ],
          [
            -0.005399737507104874,
            0.13937483727931976,
            0.9902249574661255,
            0.0
          ],
          [
            0.0,
            0.0,
            0.0,
            1.0
          ]
        ],
        "rotation_mode": "QUATERNION"
      },
      "armature_space": {
        "head": {
          "x": 0.6295429468154907,
          "y": -0.03774849697947502,
          "z": 0.5365320444107056
        },
        "tail": {
          "x": 0.6641852855682373,
          "y": -0.05089697241783142,
          "z": 0.5520306825637817
        }
      },
      "world_space": {
        "head": {
          "x": 0.6295429468154907,
          "y": 0.0254955030977726,
          "z": 1.4863860607147217
        },
        "tail": {
          "x": 0.6641852855682373,
          "y": 0.012347027659416199,
          "z": 1.5018846988677979
        },
        "rotation_quaternion": {
          "w": 0.388076514005661,
          "x": -0.32996436953544617,
          "y": -0.43094441294670105,
          "z": -0.7448537349700928
        },
        "matrix": [
          [
            -0.4810395836830139,
            0.8625136613845825,
            0.15707024931907654,
            0.6295429468154907
          ],
          [
            -0.2937294542789459,
            -0.32736635208129883,
            0.8980840444564819,
            0.0254955030977726
          ],
          [
            0.8260346055030823,
            0.3858800232410431,
            0.4108254313468933,
            1.4863860607147217
          ],
          [
            0.0,
            0.0,
            0.0,
            1.0
          ]
        ]
      },
      "bone_length_armature_space": 0.04016443539000489,
      "parent": "thumb_01_l",
      "has_children": true,
      "is_end_bone": false
    },
    "thumb_03_l": {
      "name": "thumb_03_l",
      "local": {
        "location": {
          "x": 0.0,
          "y": 0.0,
          "z": 0.0
        },
        "rotation_quaternion": {
          "w": 0.9963523745536804,
          "x": 0.08486507087945938,
          "y": -0.007232984062284231,
          "z": -0.005260094068944454
        },
        "scale": {
          "x": 1.0,
          "y": 1.0,
          "z": 1.0
        },
        "matrix_basis": [
          [
            0.9998400211334229,
            0.009254159405827522,
            -0.015305997803807259,
            0.0
          ],
          [
            -0.011709470301866531,
            0.985540509223938,
            -0.169034942984581,
            0.0
          ],
          [
            0.013520405627787113,
            0.16918712854385376,
            0.9854912161827087,
            0.0
          ],
          [
            0.0,
            0.0,
            0.0,
            1.0
          ]
        ],
        "rotation_mode": "QUATERNION"
      },
      "armature_space": {
        "head": {
          "x": 0.6641852259635925,
          "y": -0.0508970282971859,
          "z": 0.5520307421684265
        },
        "tail": {
          "x": 0.6911922693252563,
          "y": -0.04777558520436287,
          "z": 0.5657336115837097
        }
      },
      "world_space": {
        "head": {
          "x": 0.6641852259635925,
          "y": 0.012346971780061722,
          "z": 1.5018846988677979
        },
        "tail": {
          "x": 0.6911922693252563,
          "y": 0.01546841487288475,
          "z": 1.515587568283081
        },
        "rotation_quaternion": {
          "w": 0.5813531875610352,
          "x": -0.13426123559474945,
          "y": -0.4618344306945801,
          "z": -0.6562861800193787
        },
        "matrix": [
          [
            -0.2880023717880249,
            0.8870806097984314,
            -0.3607529401779175,
            0.6641852259635925
          ],
          [
            -0.6390571594238281,
            0.10252764821052551,
            0.7622957825660706,
            0.012346971780061722
          ],
          [
            0.7132090926170349,
            0.4500877261161804,
            0.5373713970184326,
            1.5018846988677979
          ],
          [
            0.0,
            0.0,
            0.0,
            1.0
          ]
        ]
      },
      "bone_length_armature_space": 0.03044490835956862,
      "parent": "thumb_02_l",
      "has_children": false,
      "is_end_bone": true
    },
    "metacarpal_index_l": {
      "name": "metacarpal_index_l",
      "local": {
        "location": {
          "x": 0.0,
          "y": 0.0,
          "z": 0.0
        },
        "rotation_quaternion": {
          "w": 0.9992598295211792,
          "x": -0.0340133011341095,
          "y": -0.012219732627272606,
          "z": -0.013179296627640724
        },
        "scale": {
          "x": 1.0,
          "y": 1.0,
          "z": 1.0
        },
        "matrix_basis": [
          [
            0.9993539452552795,
            0.027170350775122643,
            -0.023524833843111992,
            0.0
          ],
          [
            -0.025507817044854164,
            0.9973388314247131,
            0.0682983472943306,
            0.0
          ],
          [
            0.02531791850924492,
            -0.06765415519475937,
            0.9973875284194946,
            0.0
          ],
          [
            0.0,
            0.0,
            0.0,
            1.0
          ]
        ],
        "rotation_mode": "QUATERNION"
      },
      "armature_space": {
        "head": {
          "x": 0.5989229083061218,
          "y": 0.030855663120746613,
          "z": 0.5242050886154175
        },
        "tail": {
          "x": 0.6866146326065063,
          "y": -0.02751004323363304,
          "z": 0.5755164623260498
        }
      },
      "world_space": {
        "head": {
          "x": 0.5989229083061218,
          "y": 0.09409966319799423,
          "z": 1.4740591049194336
        },
        "tail": {
          "x": 0.6866146326065063,
          "y": 0.03573395684361458,
          "z": 1.525370478630066
        },
        "rotation_quaternion": {
          "w": 0.38001009821891785,
          "x": 0.8182938098907471,
          "y": 0.3263917565345764,
          "z": -0.28187939524650574
        },
        "matrix": [
          [
            0.6280245184898376,
            0.7484033703804016,
            -0.21325455605983734,
            0.5989229083061218
          ],
          [
            0.319936066865921,
            -0.498121052980423,
            -0.8059262037277222,
            0.09409966319799423
          ],
          [
            -0.7093889117240906,
            0.4379160702228546,
            -0.5522778630256653,
            1.4740591049194336
          ],
          [
            0.0,
            0.0,
            0.0,
            1.0
          ]
        ]
      },
      "bone_length_armature_space": 0.11717188651658014,
      "parent": "lowerarm_l",
      "has_children": true,
      "is_end_bone": false
    },
    "index_01_l": {
      "name": "index_01_l",
      "local": {
        "location": {
          "x": 0.0,
          "y": 0.0,
          "z": 0.0
        },
        "rotation_quaternion": {
          "w": 0.9937745928764343,
          "x": -0.1113797053694725,
          "y": 0.0016916769091039896,
          "z": -0.001989218406379223
        },
        "scale": {
          "x": 1.0,
          "y": 1.0,
          "z": 1.0
        },
        "matrix_basis": [
          [
            0.9999863505363464,
            0.0035768323577940464,
            0.0038054082542657852,
            0.0
          ],
          [
            -0.004330506548285484,
            0.9751812219619751,
            0.22136591374874115,
            0.0
          ],
          [
            -0.0029191740322858095,
            -0.2213793694972992,
            0.9751834273338318,
            0.0
          ],
          [
            0.0,
            0.0,
            0.0,
            1.0
          ]
        ],
        "rotation_mode": "QUATERNION"
      },
      "armature_space": {
        "head": {
          "x": 0.6866146326065063,
          "y": -0.02751004323363304,
          "z": 0.5755164623260498
        },
        "tail": {
          "x": 0.7133272886276245,
          "y": -0.02898220717906952,
          "z": 0.5853824019432068
        }
      },
      "world_space": {
        "head": {
          "x": 0.6866146326065063,
          "y": 0.03573395684361458,
          "z": 1.525370478630066
        },
        "tail": {
          "x": 0.7133272886276245,
          "y": 0.0342617928981781,
          "z": 1.5352363586425781
        },
        "rotation_quaternion": {
          "w": 0.4480581283569336,
          "x": 0.6799991726875305,
          "y": 0.5229039788246155,
          "z": -0.2518264651298523
        },
        "matrix": [
          [
            0.32630810141563416,
            0.936814546585083,
            0.12610140442848206,
            0.6866146326065063
          ],
          [
            0.48548436164855957,
            -0.051628828048706055,
            -0.872719943523407,
            0.03573395684361458
          ],
          [
            -0.8110711574554443,
            0.3459981381893158,
            -0.47165969014167786,
            1.525370478630066
          ],
          [
            0.0,
            0.0,
            0.0,
            1.0
          ]
        ]
      },
      "bone_length_armature_space": 0.028514382332813937,
      "parent": "metacarpal_index_l",
      "has_children": true,
      "is_end_bone": false
    },
    "index_02_l": {
      "name": "index_02_l",
      "local": {
        "location": {
          "x": 0.0,
          "y": 0.0,
          "z": 0.0
        },
        "rotation_quaternion": {
          "w": 0.9990758299827576,
          "x": 0.04255853220820427,
          "y": 0.003971977159380913,
          "z": 0.004526078701019287
        },
        "scale": {
          "x": 1.0,
          "y": 1.0,
          "z": 1.0
        },
        "matrix_basis": [
          [
            0.9999274611473083,
            -0.00870570819824934,
            0.008321858942508698,
            0.0
          ],
          [
            0.009381874464452267,
            0.9963365793228149,
            -0.08500244468450546,
            0.0
          ],
          [
            -0.007551365997642279,
            0.08507435768842697,
            0.9963459968566895,
            0.0
          ],
          [
            0.0,
            0.0,
            0.0,
            1.0
          ]
        ],
        "rotation_mode": "QUATERNION"
      },
      "armature_space": {
        "head": {
          "x": 0.7133276462554932,
          "y": -0.02898261696100235,
          "z": 0.5853825211524963
        },
        "tail": {
          "x": 0.7376284599304199,
          "y": -0.031211815774440765,
          "z": 0.5932941436767578
        }
      },
      "world_space": {
        "head": {
          "x": 0.7133276462554932,
          "y": 0.03426138311624527,
          "z": 1.5352365970611572
        },
        "tail": {
          "x": 0.7376284599304199,
          "y": 0.032032184302806854,
          "z": 1.543148159980774
        },
        "rotation_quaternion": {
          "w": 0.4439530074596405,
          "x": 0.6783809065818787,
          "y": 0.5093685388565063,
          "z": -0.28852880001068115
        },
        "matrix": [
          [
            0.31458812952041626,
            0.9472784996032715,
            0.06080841273069382,
            0.7133276462554932
          ],
          [
            0.4349067211151123,
            -0.08689726144075394,
            -0.8962732553482056,
            0.03426138311624527
          ],
          [
            -0.8437414765357971,
            0.3084048628807068,
            -0.43931844830513,
            1.5352365970611572
          ],
          [
            0.0,
            0.0,
            0.0,
            1.0
          ]
        ]
      },
      "bone_length_armature_space": 0.02565331598549717,
      "parent": "index_01_l",
      "has_children": true,
      "is_end_bone": false
    },
    "index_03_l": {
      "name": "index_03_l",
      "local": {
        "location": {
          "x": 0.0,
          "y": 0.0,
          "z": 0.0
        },
        "rotation_quaternion": {
          "w": 0.9997003674507141,
          "x": 0.023864805698394775,
          "y": -0.004614962264895439,
          "z": 0.002898970153182745
        },
        "scale": {
          "x": 1.0,
          "y": 1.0,
          "z": 1.0
        },
        "matrix_basis": [
          [
            0.9999405741691589,
            -0.006016473285853863,
            -0.009088791906833649,
            0.0
          ],
          [
            0.005575932562351227,
            0.9988441467285156,
            -0.04774206876754761,
            0.0
          ],
          [
            0.009365526027977467,
            0.047688551247119904,
            0.9988183379173279,
            0.0
          ],
          [
            0.0,
            0.0,
            0.0,
            1.0
          ]
        ],
        "rotation_mode": "QUATERNION"
      },
      "armature_space": {
        "head": {
          "x": 0.7376284003257751,
          "y": -0.031211698427796364,
          "z": 0.5932942032814026
        },
        "tail": {
          "x": 0.7659910917282104,
          "y": -0.0361565537750721,
          "z": 0.5982781052589417
        }
      },
      "world_space": {
        "head": {
          "x": 0.7376284003257751,
          "y": 0.032032303512096405,
          "z": 1.5431482791900635
        },
        "tail": {
          "x": 0.7659910917282104,
          "y": 0.027087446302175522,
          "z": 1.5481321811676025
        },
        "rotation_quaternion": {
          "w": 0.3678853213787079,
          "x": 0.6938650608062744,
          "y": 0.5291892886161804,
          "z": -0.3212016522884369
        },
        "matrix": [
          [
            0.2335749715566635,
            0.9707029461860657,
            -0.05637703463435173,
            0.7376284003257751
          ],
          [
            0.4980417490005493,
            -0.16923604905605316,
            -0.8504788279533386,
            0.032032303512096405
          ],
          [
            -0.8351083993911743,
            0.1705734133720398,
            -0.5229841470718384,
            1.5431482791900635
          ],
          [
            0.0,
            0.0,
            0.0,
            1.0
          ]
        ]
      },
      "bone_length_armature_space": 0.029218712241469047,
      "parent": "index_02_l",
      "has_children": false,
      "is_end_bone": true
    },
    "metacarpal_pinky_l": {
      "name": "metacarpal_pinky_l",
      "local": {
        "location": {
          "x": 0.0,
          "y": 0.0,
          "z": 0.0
        },
        "rotation_quaternion": {
          "w": 0.9993861317634583,
          "x": 0.032979290932416916,
          "y": 0.010148230008780956,
          "z": -0.006078805774450302
        },
        "scale": {
          "x": 1.0,
          "y": 1.0,
          "z": 1.0
        },
        "matrix_basis": [
          [
            0.9997200965881348,
            0.012819510884582996,
            0.01988305151462555,
            0.0
          ],
          [
            -0.01148078590631485,
            0.9977508187294006,
            -0.06604146957397461,
            0.0
          ],
          [
            -0.020684950053691864,
            0.06579471379518509,
            0.9976187348365784,
            0.0
          ],
          [
            0.0,
            0.0,
            0.0,
            1.0
          ]
        ],
        "rotation_mode": "QUATERNION"
      },
      "armature_space": {
        "head": {
          "x": 0.5989229083061218,
          "y": 0.030855663120746613,
          "z": 0.5242050886154175
        },
        "tail": {
          "x": 0.6976603269577026,
          "y": 0.027936384081840515,
          "z": 0.5571538805961609
        }
      },
      "world_space": {
        "head": {
          "x": 0.5989229083061218,
          "y": 0.09409966319799423,
          "z": 1.4740591049194336
        },
        "tail": {
          "x": 0.6976603269577026,
          "y": 0.09118038415908813,
          "z": 1.5070078372955322
        },
        "rotation_quaternion": {
          "w": 0.6749966740608215,
          "x": 0.04975181445479393,
          "y": -0.17424677312374115,
          "z": -0.7152218222618103
        },
        "matrix": [
          [
            -0.08380746841430664,
            0.94820636510849,
            -0.3063998818397522,
            0.5989229083061218
          ],
          [
            -0.9828835725784302,
            -0.028034742921590805,
            0.18208403885364532,
            0.09409966319799423
          ],
          [
            0.16406376659870148,
            0.31641754508018494,
            0.9343323111534119,
            1.4740591049194336
          ],
          [
            0.0,
            0.0,
            0.0,
            1.0
          ]
        ]
      },
      "bone_length_armature_space": 0.10413079907713262,
      "parent": "lowerarm_l",
      "has_children": true,
      "is_end_bone": false
    },
    "pinky_01_l": {
      "name": "pinky_01_l",
      "local": {
        "location": {
          "x": 0.0,
          "y": 0.0,
          "z": 0.0
        },
        "rotation_quaternion": {
          "w": 0.9504026770591736,
          "x": 0.31008103489875793,
          "y": 0.015369243919849396,
          "z": 0.018666526302695274
        },
        "scale": {
          "x": 1.0,
          "y": 1.0,
          "z": 1.0
        },
        "matrix_basis": [
          [
            0.9988306760787964,
            -0.025950010865926743,
            0.04079021140933037,
            0.0
          ],
          [
            0.04501285403966904,
            0.807002604007721,
            -0.5888299345970154,
            0.0
          ],
          [
            -0.017637670040130615,
            0.5899774432182312,
            0.8072270750999451,
            0.0
          ],
          [
            0.0,
            0.0,
            0.0,
            1.0
          ]
        ],
        "rotation_mode": "QUATERNION"
      },
      "armature_space": {
        "head": {
          "x": 0.6976603269577026,
          "y": 0.027936384081840515,
          "z": 0.5571538805961609
        },
        "tail": {
