{
  "metadata": {
    "armature_name": "KIM_caucasian_male",
    "export_time": "2026-01-13T21:02:30.831916",
    "blender_version": "4.4.1",
    "bone_count": 56,
    "end_bone_count": 13,
    "spaces_included": [
      "LOCAL_CHANNELS",
      "ARMATURE_SPACE",
      "WORLD_SPACE"
    ],
    "note": "LOCAL matches Transform panel; replay pose via local.matrix_basis for best fidelity."
  },
  "bones": {
    "Root": {
      "name": "Root",
      "local": {
        "location": {
          "x": 0.0,
          "y": 0.0,
          "z": 0.0
        },
        "rotation_quaternion": {
          "w": 0.9995591640472412,
          "x": 0.014805549755692482,
          "y": 0.016776084899902344,
          "z": -0.019516168162226677
        },
        "scale": {
          "x": 1.0,
          "y": 1.0,
          "z": 1.0
        },
        "matrix_basis": [
          [
            0.9986753463745117,
            0.03951188921928406,
            0.032959483563899994,
            0.0
          ],
          [
            -0.03851837292313576,
            0.9987998008728027,
            -0.030252855271100998,
            0.0
          ],
          [
            -0.034115273505449295,
            0.02894323691725731,
            0.9989987015724182,
            0.0
          ],
          [
            0.0,
            0.0,
            0.0,
            1.0
          ]
        ],
        "rotation_mode": "QUATERNION"
      },
      "armature_space": {
        "head": {
          "x": 0.0,
          "y": 0.07072800397872925,
          "z": -0.009595036506652832
        },
        "tail": {
          "x": 0.002820195397362113,
          "y": -0.00019282102584838867,
          "z": -0.0020586284808814526
        }
      },
      "world_space": {
        "head": {
          "x": 0.0,
          "y": 0.13397200405597687,
          "z": 0.9402589797973633
        },
        "tail": {
          "x": 0.002820195397362113,
          "y": 0.06305117905139923,
          "z": 0.9477953910827637
        },
        "rotation_quaternion": {
          "w": 0.0525660440325737,
          "x": 0.9982858300209045,
          "y": 0.02060200273990631,
          "z": 0.015423213131725788
        },
        "matrix": [
          [
            0.9986753463745117,
            0.03951188921928406,
            0.032959483563899994,
            0.0
          ],
          [
            0.042754851281642914,
            -0.9936246871948242,
            -0.1043168380856514,
            0.13397200405597687
          ],
          [
            0.028627842664718628,
            0.10558761656284332,
            -0.9940048456192017,
            0.9402589797973633
          ],
          [
            0.0,
            0.0,
            0.0,
            1.0
          ]
        ]
      },
      "bone_length_armature_space": 0.07137586783029637,
      "parent": null,
      "has_children": true,
      "is_end_bone": false
    },
    "spine_01": {
      "name": "spine_01",
      "local": {
        "location": {
          "x": 0.0,
          "y": 0.0,
          "z": 0.0
        },
        "rotation_quaternion": {
          "w": 0.9965708255767822,
          "x": 0.056621450930833817,
          "y": 0.029053933918476105,
          "z": 0.052882350981235504
        },
        "scale": {
          "x": 1.0,
          "y": 1.0,
          "z": 1.0
        },
        "matrix_basis": [
          [
            0.9927186369895935,
            -0.10211186110973358,
            0.06389715522527695,
            0.0
          ],
          [
            0.10869216918945312,
            0.987994909286499,
            -0.10978168994188309,
            0.0
          ],
          [
            -0.05192005634307861,
            0.11592745035886765,
            0.9918997883796692,
            0.0
          ],
          [
            0.0,
            0.0,
            0.0,
            1.0
          ]
        ],
        "rotation_mode": "QUATERNION"
      },
      "armature_space": {
        "head": {
          "x": 0.002820195397362113,
          "y": -0.00019282102584838867,
          "z": -0.0020586284808814526
        },
        "tail": {
          "x": -0.0587075874209404,
          "y": -0.05087917298078537,
          "z": 0.47939085960388184
        }
      },
      "world_space": {
        "head": {
          "x": 0.002820195397362113,
          "y": 0.06305117905139923,
          "z": 0.9477953910827637
        },
        "tail": {
          "x": -0.0587075874209404,
          "y": 0.01236482709646225,
          "z": 1.429244875907898
        },
        "rotation_quaternion": {
          "w": 0.6693012714385986,
          "x": 0.7382717728614807,
          "y": -0.010151222348213196,
          "z": 0.08299138396978378
        },
        "matrix": [
          [
            0.9860188364982605,
            -0.1260811984539032,
            0.10895107686519623,
            0.002820195397362113
          ],
          [
            0.09610293060541153,
            -0.10386521369218826,
            -0.9899375438690186,
            0.06305117905139923
          ],
          [
            0.13612978160381317,
            0.9865743517875671,
            -0.09029783308506012,
            0.9477953910827637
          ],
          [
            0.0,
            0.0,
            0.0,
            1.0
          ]
        ]
      },
      "bone_length_armature_space": 0.48800449419790404,
      "parent": "Root",
      "has_children": true,
      "is_end_bone": false
    },
    "neck_01": {
      "name": "neck_01",
      "local": {
        "location": {
          "x": 0.0,
          "y": 0.0,
          "z": 0.0
        },
        "rotation_quaternion": {
          "w": 0.9858676195144653,
          "x": -0.11099597066640854,
          "y": -0.06408488005399704,
          "z": 0.10788070410490036
        },
        "scale": {
          "x": 1.0,
          "y": 1.0,
          "z": 1.0
        },
        "matrix_basis": [
          [
            0.9685097932815552,
            -0.198485866189003,
            -0.1503070592880249,
            0.0
          ],
          [
            0.22693851590156555,
            0.9520832896232605,
            0.20502762496471405,
            0.0
          ],
          [
            0.10240977257490158,
            -0.23268170654773712,
            0.9671460390090942,
            0.0
          ],
          [
            0.0,
            0.0,
            0.0,
            1.0
          ]
        ],
        "rotation_mode": "QUATERNION"
      },
      "armature_space": {
        "head": {
          "x": -0.06416058540344238,
          "y": -0.09281549602746964,
          "z": 0.5484947562217712
        },
        "tail": {
          "x": -0.09508000314235687,
          "y": -0.11991962790489197,
          "z": 0.642410159111023
        }
      },
      "world_space": {
        "head": {
          "x": -0.06416058540344238,
          "y": -0.029571495950222015,
          "z": 1.4983487129211426
        },
        "tail": {
          "x": -0.09508000314235687,
          "y": -0.05667562782764435,
          "z": 1.592264175415039
        },
        "rotation_quaternion": {
          "w": 0.5926756262779236,
          "x": 0.7907798290252686,
          "y": -0.12863770127296448,
          "z": 0.08279535174369812
        },
        "matrix": [
          [
            0.9531944394111633,
            -0.30159005522727966,
            -0.021536603569984436,
            -0.06416058540344238
          ],
          [
            -0.10530819743871689,
            -0.2643755078315735,
            -0.9586532115936279,
            -0.029571495950222015
          ],
          [
            0.2834283709526062,
            0.9160568714141846,
            -0.2837640643119812,
            1.4983487129211426
          ],
          [
            0.0,
            0.0,
            0.0,
            1.0
          ]
        ]
      },
      "bone_length_armature_space": 0.10252193353272628,
      "parent": "spine_01",
      "has_children": true,
      "is_end_bone": false
    },
    "head": {
      "name": "head",
      "local": {
        "location": {
          "x": 0.0,
          "y": 0.0,
          "z": 0.0
        },
        "rotation_quaternion": {
          "w": 0.9770738482475281,
          "x": -0.15673817694187164,
          "y": -0.08683127164840698,
          "z": 0.11497950553894043
        },
        "scale": {
          "x": 1.0,
          "y": 1.0,
          "z": 1.0
        },
        "matrix_basis": [
          [
            0.9584800601005554,
            -0.1974673867225647,
            -0.20572449266910553,
            0.0
          ],
          [
            0.25190648436546326,
            0.9244257211685181,
            0.2863219082355499,
            0.0
          ],
          [
            0.13363777101039886,
            -0.3262571692466736,
            0.9357869625091553,
            0.0
          ],
          [
            0.0,
            0.0,
            0.0,
            1.0
          ]
        ],
        "rotation_mode": "QUATERNION"
      },
      "armature_space": {
        "head": {
          "x": -0.09507998079061508,
          "y": -0.11991975456476212,
          "z": 0.6424099802970886
        },
        "tail": {
          "x": -0.1568610966205597,
          "y": -0.05220427364110947,
          "z": 0.767513632774353
        }
      },
      "world_space": {
        "head": {
          "x": -0.09507998079061508,
          "y": -0.056675754487514496,
          "z": 1.59226393699646
        },
        "tail": {
          "x": -0.1568610966205597,
          "y": 0.011039726436138153,
          "z": 1.7173676490783691
        },
        "rotation_quaternion": {
          "w": 0.7968577146530151,
          "x": 0.5274696946144104,
          "y": -0.2886642515659332,
          "z": 0.058876972645521164
        },
        "matrix": [
          [
            0.8264137506484985,
            -0.39835602045059204,
            -0.39793574810028076,
            -0.09507998079061508
          ],
          [
            -0.2106880396604538,
            0.43661993741989136,
            -0.8746278285980225,
            -0.056675754487514496
          ],
          [
            0.5221632719039917,
            0.8066507577896118,
            0.27690088748931885,
            1.59226393699646
          ],
          [
            0.0,
            0.0,
            0.0,
            1.0
          ]
        ]
      },
      "bone_length_armature_space": 0.1550909955859861,
      "parent": "neck_01",
      "has_children": false,
      "is_end_bone": true
    },
    "upperarm_l": {
      "name": "upperarm_l",
      "local": {
        "location": {
          "x": 0.0,
          "y": 0.0,
          "z": 0.0
        },
        "rotation_quaternion": {
          "w": 0.7965371012687683,
          "x": 0.476848840713501,
          "y": 0.10410378128290176,
          "z": 0.3568001091480255
        },
        "scale": {
          "x": 1.0,
          "y": 1.0,
          "z": 1.0
        },
        "matrix_basis": [
          [
            0.723712146282196,
            -0.46912550926208496,
            0.5061244964599609,
            0.0
          ],
          [
            0.6676926016807556,
            0.2906177341938019,
            -0.6853671073913574,
            0.0
          ],
          [
            0.17443439364433289,
            0.8339440822601318,
            0.5235551595687866,
            0.0
          ],
          [
            0.0,
            0.0,
            0.0,
            1.0
          ]
        ],
        "rotation_mode": "QUATERNION"
      },
      "armature_space": {
        "head": {
          "x": 0.09256333857774734,
          "y": -0.07457654178142548,
          "z": 0.5023208260536194
        },
        "tail": {
          "x": 0.1900053173303604,
          "y": -0.2992405593395233,
          "z": 0.611127495765686
        }
      },
      "world_space": {
        "head": {
          "x": 0.09256333857774734,
          "y": -0.011332541704177856,
          "z": 1.4521749019622803
        },
        "tail": {
          "x": 0.1900053173303604,
          "y": -0.2359965592622757,
          "z": 1.5609815120697021
        },
        "rotation_quaternion": {
          "w": 0.26449841260910034,
          "x": 0.8988687992095947,
          "y": 0.10413232445716858,
          "z": -0.33351483941078186
        },
        "matrix": [
          [
            0.7558488845825195,
            0.3636309504508972,
            -0.5444859862327576,
            0.09256333857774734
          ],
          [
            0.0107746422290802,
            -0.8383942246437073,
            -0.5449581742286682,
            -0.011332541704177856
          ],
          [
            -0.654662013053894,
            0.40604138374328613,
            -0.6376221776008606,
            1.4521749019622803
          ],
          [
            0.0,
            0.0,
            0.0,
            1.0
          ]
        ]
      },
      "bone_length_armature_space": 0.26796968379288955,
      "parent": "spine_01",
      "has_children": true,
      "is_end_bone": false
    },
    "lowerarm_l": {
      "name": "lowerarm_l",
      "local": {
        "location": {
          "x": 0.0,
          "y": 0.0,
          "z": 0.0
        },
        "rotation_quaternion": {
          "w": 0.972814679145813,
          "x": 0.06238226220011711,
          "y": 0.05981094017624855,
          "z": 0.21485523879528046
        },
        "scale": {
          "x": 1.0,
          "y": 1.0,
          "z": 1.0
        },
        "matrix_basis": [
          [
            0.9005197286605835,
            -0.41056638956069946,
            0.14317622780799866,
            0.0
          ],
          [
            0.42549094557762146,
            0.8998913764953613,
            -0.09567137062549591,
            0.0
          ],
          [
            -0.08956360816955566,
            0.1470741480588913,
            0.9850621819496155,
            0.0
          ],
          [
            0.0,
            0.0,
            0.0,
            1.0
          ]
        ],
        "rotation_mode": "QUATERNION"
      },
      "armature_space": {
        "head": {
          "x": 0.19000522792339325,
          "y": -0.2992406487464905,
          "z": 0.6111275553703308
        },
        "tail": {
          "x": 0.14619649946689606,
          "y": -0.5191581845283508,
          "z": 0.7570270895957947
        }
      },
      "world_space": {
        "head": {
          "x": 0.19000522792339325,
          "y": -0.23599664866924286,
          "z": 1.5609815120697021
        },
        "tail": {
          "x": 0.14619649946689606,
          "y": -0.4559141993522644,
          "z": 1.706881046295166
        },
        "rotation_quaternion": {
          "w": 0.24745038151741028,
          "x": 0.9116277098655701,
          "y": -0.16656892001628876,
          "z": -0.2827686071395874
        },
        "matrix": [
          [
            0.7845933437347412,
            -0.16375595331192017,
            -0.5979942083358765,
            0.19000522792339325
          ],
          [
            -0.4436403214931488,
            -0.8220463395118713,
            -0.35696396231651306,
            -0.23599664866924286
          ],
          [
            -0.4331275224685669,
            0.5453688502311707,
            -0.7176260948181152,
            1.5609815120697021
          ],
          [
            0.0,
            0.0,
            0.0,
            1.0
          ]
        ]
      },
      "bone_length_armature_space": 0.2675249547670405,
      "parent": "upperarm_l",
      "has_children": true,
      "is_end_bone": false
    },
    "metacarpal_thumb_l": {
      "name": "metacarpal_thumb_l",
      "local": {
        "location": {
          "x": 0.0,
          "y": 0.0,
          "z": 0.0
        },
        "rotation_quaternion": {
          "w": 0.9976262450218201,
          "x": -0.06512922793626785,
          "y": 0.01726701855659485,
          "z": -0.014211377128958702
        },
        "scale": {
          "x": 1.0,
          "y": 1.0,
          "z": 1.0
        },
        "matrix_basis": [
          [
            0.9989997744560242,
            0.026106109842658043,
            0.036303214728832245,
            0.0
          ],
          [
            -0.030604461207985878,
            0.991112470626831,
            0.1294584721326828,
            0.0
          ],
          [
            -0.03260090947151184,
            -0.13044002652168274,
            0.9909200668334961,
            0.0
          ],
          [
            0.0,
            0.0,
            0.0,
            1.0
          ]
        ],
        "rotation_mode": "QUATERNION"
      },
      "armature_space": {
        "head": {
          "x": 0.14619649946689606,
          "y": -0.5191581845283508,
          "z": 0.7570270895957947
        },
        "tail": {
          "x": 0.12482492625713348,
          "y": -0.5638371706008911,
          "z": 0.7578203678131104
        }
      },
      "world_space": {
        "head": {
          "x": 0.14619649946689606,
          "y": -0.4559141993522644,
          "z": 1.706881046295166
        },
        "tail": {
          "x": 0.12482492625713348,
          "y": -0.5005931854248047,
          "z": 1.7076743841171265
        },
        "rotation_quaternion": {
          "w": 0.1212955117225647,
          "x": 0.8350264430046082,
          "y": -0.1851787269115448,
          "z": 0.5037133693695068
        },
        "matrix": [
          [
            0.4239629805088043,
            -0.43145546317100525,
            0.7963048219680786,
            0.14619649946689606
          ],
          [
            -0.1870618760585785,
            -0.9019920229911804,
            -0.3891248404979706,
            -0.4559141993522644
          ],
          [
            0.8861566781997681,
            0.016015511006116867,
            -0.4631238579750061,
            1.706881046295166
          ],
          [
            0.0,
            0.0,
            0.0,
            1.0
          ]
        ]
      },
      "bone_length_armature_space": 0.049533676761746824,
      "parent": "lowerarm_l",
      "has_children": true,
      "is_end_bone": false
    },
    "thumb_01_l": {
      "name": "thumb_01_l",
      "local": {
        "location": {
          "x": 0.0,
          "y": 0.0,
          "z": 0.0
        },
        "rotation_quaternion": {
          "w": 0.9980646371841431,
          "x": -0.06156463176012039,
          "y": 0.008717152290046215,
          "z": 0.0008749538101255894
        },
        "scale": {
          "x": 1.0,
          "y": 1.0,
          "z": 1.0
        },
        "matrix_basis": [
          [
            0.9998465180397034,
            -0.0028198575600981712,
            0.01729283109307289,
            0.0
          ],
          [
            0.0006731843459419906,
            0.9924180507659912,
            0.12290621548891068,
            0.0
          ],
          [
            -0.01750829443335533,
            -0.12287571281194687,
            0.9922676086425781,
            0.0
          ],
          [
            0.0,
            0.0,
            0.0,
            1.0
          ]
        ],
        "rotation_mode": "QUATERNION"
      },
      "armature_space": {
        "head": {
          "x": 0.12482492625713348,
          "y": -0.5638371706008911,
          "z": 0.7578203678131104
        },
        "tail": {
          "x": 0.13159199059009552,
          "y": -0.5916566252708435,
          "z": 0.7394106984138489
        }
      },
      "world_space": {
        "head": {
          "x": 0.12482492625713348,
          "y": -0.5005931854248047,
          "z": 1.7076743841171265
        },
        "tail": {
          "x": 0.13159199059009552,
          "y": -0.5284126400947571,
          "z": 1.6892647743225098
        },
        "rotation_quaternion": {
          "w": 0.1632828414440155,
          "x": -0.20658323168754578,
          "y": 0.2543486952781677,
          "z": -0.9305744767189026
        },
        "matrix": [
          [
            -0.861323893070221,
            0.1988058239221573,
            0.46754375100135803,
            0.12482492625713348
          ],
          [
            -0.40898221731185913,
            -0.8172912001609802,
            -0.40591689944267273,
            -0.5005931854248047
          ],
          [
            0.3014225959777832,
            -0.540847659111023,
            0.7852656841278076,
            1.7076743841171265
          ],
          [
            0.0,
            0.0,
            0.0,
            1.0
          ]
        ]
      },
      "bone_length_armature_space": 0.03403867174103316,
      "parent": "metacarpal_thumb_l",
      "has_children": true,
      "is_end_bone": false
    },
    "thumb_02_l": {
      "name": "thumb_02_l",
      "local": {
        "location": {
          "x": 0.0,
          "y": 0.0,
          "z": 0.0
        },
        "rotation_quaternion": {
          "w": 0.9961715340614319,
          "x": 0.08700727671384811,
          "y": -0.002386744599789381,
          "z": -0.00815142598003149
        },
        "scale": {
          "x": 1.0,
          "y": 1.0,
          "z": 1.0
        },
        "matrix_basis": [
          [
            0.9998556971549988,
            0.01582510955631733,
            -0.006173681002110243,
            0.0
          ],
          [
            -0.01665576547384262,
            0.9847265481948853,
            -0.17330943048000336,
            0.0
          ],
          [
            0.003336747409775853,
            0.17338725924491882,
            0.9848480820655823,
            0.0
          ],
          [
            0.0,
            0.0,
            0.0,
            1.0
          ]
        ],
        "rotation_mode": "QUATERNION"
      },
      "armature_space": {
        "head": {
          "x": 0.1315920054912567,
          "y": -0.5916565656661987,
          "z": 0.7394106388092041
        },
        "tail": {
          "x": 0.12300854176282883,
          "y": -0.6243376135826111,
          "z": 0.761123776435852
        }
      },
      "world_space": {
        "head": {
          "x": 0.1315920054912567,
          "y": -0.5284125804901123,
          "z": 1.6892646551132202
        },
        "tail": {
          "x": 0.12300854176282883,
          "y": -0.5610936284065247,
          "z": 1.7109777927398682
        },
        "rotation_quaternion": {
          "w": 0.076906219124794,
          "x": -0.11564997583627701,
          "y": 0.2953720688819885,
          "z": 0.9452332258224487
        },
        "matrix": [
          [
            -0.961421012878418,
            -0.2137082815170288,
            -0.17319999635219574,
            0.1315920054912567
          ],
          [
            0.07706934213638306,
            -0.8136812448501587,
            0.5761796832084656,
            -0.5284125804901123
          ],
          [
            -0.2640657126903534,
            0.5406060218811035,
            0.7987669110298157,
            1.6892646551132202
          ],
          [
            0.0,
            0.0,
            0.0,
            1.0
          ]
        ]
      },
      "bone_length_armature_space": 0.04016449988086119,
      "parent": "thumb_01_l",
      "has_children": true,
      "is_end_bone": false
    },
    "thumb_03_l": {
      "name": "thumb_03_l",
      "local": {
        "location": {
          "x": 0.0,
          "y": 0.0,
          "z": 0.0
        },
        "rotation_quaternion": {
          "w": 0.9990423917770386,
          "x": 0.04369286447763443,
          "y": -0.0012525757774710655,
          "z": 0.0019181437091901898
        },
        "scale": {
          "x": 1.0,
          "y": 1.0,
          "z": 1.0
        },
        "matrix_basis": [
          [
            0.9999895095825195,
            -0.003942070994526148,
            -0.002335134195163846,
            0.0
          ],
          [
            0.0037231564056128263,
            0.9961745142936707,
            -0.08730684965848923,
            0.0
          ],
          [
            0.0026703709736466408,
            0.08729724586009979,
            0.9961787462234497,
            0.0
          ],
          [
            0.0,
            0.0,
            0.0,
            1.0
          ]
        ],
        "rotation_mode": "QUATERNION"
      },
      "armature_space": {
        "head": {
          "x": 0.12300851196050644,
          "y": -0.6243376135826111,
          "z": 0.7611236572265625
        },
        "tail": {
          "x": 0.11894349008798599,
          "y": -0.641491174697876,
          "z": 0.7859455943107605
        }
      },
      "world_space": {
        "head": {
          "x": 0.12300851196050644,
          "y": -0.5610936284065247,
          "z": 1.7109776735305786
        },
        "tail": {
          "x": 0.11894349008798599,
          "y": -0.5782471895217896,
          "z": 1.7357995510101318
        },
        "rotation_quaternion": {
          "w": 0.05694880709052086,
          "x": 0.24817942082881927,
          "y": -0.4637259840965271,
          "z": -0.8486000895500183
        },
        "matrix": [
          [
            -0.8703280091285706,
            -0.13352060317993164,
            -0.4740266501903534,
            0.12300851196050644
          ],
          [
            -0.32682743668556213,
            -0.5634303092956543,
            0.7587688565254211,
            -0.5610936284065247
          ],
          [
            -0.368395060300827,
            0.8153080344200134,
            0.4467349648475647,
            1.7109776735305786
          ],
          [
            0.0,
            0.0,
            0.0,
            1.0
          ]
        ]
      },
      "bone_length_armature_space": 0.030444993095515304,
      "parent": "thumb_02_l",
      "has_children": false,
      "is_end_bone": true
    },
    "metacarpal_index_l": {
      "name": "metacarpal_index_l",
      "local": {
        "location": {
          "x": 0.0,
          "y": 0.0,
          "z": 0.0
        },
        "rotation_quaternion": {
          "w": 0.999521017074585,
          "x": 0.0243782140314579,
          "y": 0.014795569702982903,
          "z": -0.012023834511637688
        },
        "scale": {
          "x": 1.0,
          "y": 1.0,
          "z": 1.0
        },
        "matrix_basis": [
          [
            0.9992730617523193,
            0.02475753054022789,
            0.0289907269179821,
            0.0
          ],
          [
            -0.02331477217376232,
            0.9985222816467285,
            -0.04908887296915054,
            0.0
          ],
          [
            -0.030163204297423363,
            0.048377275466918945,
            0.9983735680580139,
            0.0
          ],
          [
            0.0,
            0.0,
            0.0,
            1.0
          ]
        ],
        "rotation_mode": "QUATERNION"
      },
      "armature_space": {
        "head": {
          "x": 0.14619649946689606,
          "y": -0.5191581845283508,
          "z": 0.7570270895957947
        },
        "tail": {
          "x": 0.11580412834882736,
          "y": -0.6285765171051025,
          "z": 0.7858914136886597
        }
      },
      "world_space": {
        "head": {
          "x": 0.14619649946689606,
          "y": -0.4559141993522644,
          "z": 1.706881046295166
        },
        "tail": {
          "x": 0.11580412834882736,
          "y": -0.5653325319290161,
          "z": 1.7357454299926758
        },
        "rotation_quaternion": {
          "w": 0.1512831300497055,
          "x": 0.9590639472007751,
          "y": -0.10098946839570999,
          "z": 0.21705050766468048
        },
        "matrix": [
          [
            0.8853803277015686,
            -0.2593831419944763,
            0.3857743740081787,
            0.14619649946689606
          ],
          [
            -0.12803852558135986,
            -0.9338290095329285,
            -0.33402058482170105,
            -0.4559141993522644
          ],
          [
            0.4468894898891449,
            0.24634207785129547,
            -0.8600111603736877,
            1.706881046295166
          ],
          [
            0.0,
            0.0,
            0.0,
            1.0
          ]
        ]
      },
      "bone_length_armature_space": 0.11717174096242251,
      "parent": "lowerarm_l",
      "has_children": true,
      "is_end_bone": false
    },
    "index_01_l": {
      "name": "index_01_l",
      "local": {
        "location": {
          "x": 0.0,
          "y": 0.0,
          "z": 0.0
        },
        "rotation_quaternion": {
          "w": 0.9977415204048157,
          "x": -0.06448765099048615,
          "y": -0.003005131846293807,
          "z": -0.01855037547647953
        },
        "scale": {
          "x": 1.0,
          "y": 1.0,
          "z": 1.0
        },
        "matrix_basis": [
          [
            0.9992936849594116,
            0.03740454837679863,
            -0.0036041494458913803,
            0.0
          ],
          [
            -0.03662937134504318,
            0.9909944534301758,
            0.12879550457000732,
            0.0
          ],
          [
            0.008389229886233807,
            -0.1285725235939026,
            0.9916646480560303,
            0.0
          ],
          [
            0.0,
            0.0,
            0.0,
            1.0
          ]
        ],
        "rotation_mode": "QUATERNION"
      },
      "armature_space": {
        "head": {
          "x": 0.11580412834882736,
          "y": -0.6285765171051025,
          "z": 0.7858914136886597
        },
        "tail": {
          "x": 0.11565523594617844,
          "y": -0.6512140035629272,
          "z": 0.8032290935516357
        }
      },
      "world_space": {
        "head": {
          "x": 0.11580412834882736,
          "y": -0.5653325319290161,
          "z": 1.7357454299926758
        },
        "tail": {
          "x": 0.11565523594617844,
          "y": -0.5879700183868408,
          "z": 1.7530831098556519
        },
        "rotation_quaternion": {
          "w": 0.31488990783691406,
          "x": 0.9273860454559326,
          "y": 0.062412966042757034,
          "z": 0.19210459291934967
        },
        "matrix": [
          [
            0.9184008836746216,
            -0.00522170215845108,
            0.395616352558136,
            0.11580412834882736
          ],
          [
            0.23674547672271729,
            -0.7938979864120483,
            -0.5600694417953491,
            -0.5653325319290161
          ],
          [
            0.31700587272644043,
            0.6080321669578552,
            -0.7278860211372375,
            1.7357454299926758
          ],
          [
            0.0,
            0.0,
            0.0,
            1.0
          ]
        ]
      },
      "bone_length_armature_space": 0.028514436045874343,
      "parent": "metacarpal_index_l",
      "has_children": true,
      "is_end_bone": false
    },
    "index_02_l": {
      "name": "index_02_l",
      "local": {
        "location": {
          "x": 0.0,
          "y": 0.0,
          "z": 0.0
        },
        "rotation_quaternion": {
          "w": 0.9995042085647583,
          "x": 0.030917635187506676,
          "y": 0.005516482051461935,
          "z": -0.0022674903739243746
        },
        "scale": {
          "x": 1.0,
          "y": 1.0,
          "z": 1.0
        },
        "matrix_basis": [
          [
            0.9999288320541382,
            0.004873845726251602,
            0.010887282900512218,
            0.0
          ],
          [
            -0.004191619344055653,
            0.998077929019928,
            -0.06182963028550148,
            0.0
          ],
          [
            -0.011167705059051514,
            0.06177959591150284,
            0.9980273246765137,
            0.0
          ],
          [
            0.0,
            0.0,
            0.0,
            1.0
          ]
        ],
        "rotation_mode": "QUATERNION"
      },
      "armature_space": {
        "head": {
          "x": 0.11565513908863068,
          "y": -0.6512145400047302,
          "z": 0.8032289743423462
        },
        "tail": {
          "x": 0.11655111610889435,
          "y": -0.6717630624771118,
          "z": 0.8185602426528931
        }
      },
      "world_space": {
        "head": {
          "x": 0.11565513908863068,
          "y": -0.5879705548286438,
          "z": 1.7530829906463623
        },
        "tail": {
          "x": 0.11655111610889435,
          "y": -0.6085190773010254,
          "z": 1.7684142589569092
        },
        "rotation_quaternion": {
          "w": 0.3072545528411865,
          "x": 0.9353070259094238,
          "y": 0.07134073227643967,
          "z": 0.1603306531906128
        },
        "matrix": [
          [
            0.9384090304374695,
            0.034926366060972214,
            0.34375616908073425,
            0.11565513908863068
          ],
          [
            0.2319757640361786,
            -0.8010101914405823,
            -0.5518786311149597,
            -0.5879705548286438
          ],
          [
            0.2560789883136749,
            0.5976343750953674,
            -0.759783148765564,
            1.7530829906463623
          ],
          [
            0.0,
            0.0,
            0.0,
            1.0
          ]
        ]
      },
      "bone_length_armature_space": 0.025653310512393432,
      "parent": "index_01_l",
      "has_children": true,
      "is_end_bone": false
    },
    "index_03_l": {
      "name": "index_03_l",
      "local": {
        "location": {
          "x": 0.0,
          "y": 0.0,
          "z": 0.0
        },
        "rotation_quaternion": {
          "w": 0.9998603463172913,
          "x": 0.014672655612230301,
          "y": 0.004438024014234543,
          "z": -0.00666196970269084
        },
        "scale": {
          "x": 1.0,
          "y": 1.0,
          "z": 1.0
        },
        "matrix_basis": [
          [
            0.9998718500137329,
            0.013452313840389252,
            0.008679310791194439,
            0.0
          ],
          [
            -0.013191843405365944,
            0.999480664730072,
            -0.02940034493803978,
            0.0
          ],
          [
            -0.009070306085050106,
            0.029282081872224808,
            0.999530017375946,
            0.0
          ],
          [
            0.0,
            0.0,
            0.0,
            1.0
          ]
        ],
        "rotation_mode": "QUATERNION"
      },
      "armature_space": {
        "head": {
          "x": 0.11655104160308838,
          "y": -0.671763002872467,
          "z": 0.8185603618621826
        },
        "tail": {
          "x": 0.12163177132606506,
          "y": -0.6960297226905823,
          "z": 0.8340215086936951
        }
      },
      "world_space": {
        "head": {
          "x": 0.11655104160308838,
          "y": -0.6085190176963806,
          "z": 1.7684143781661987
        },
        "tail": {
          "x": 0.12163177132606506,
          "y": -0.6327857375144958,
          "z": 1.7838754653930664
        },
        "rotation_quaternion": {
          "w": 0.2549722194671631,
          "x": 0.9401866793632507,
          "y": 0.14046026766300201,
          "z": 0.17694401741027832
        },
        "matrix": [
          [
            0.8979232311248779,
            0.1738862246274948,
            0.4043477475643158,
            0.11655104160308838
          ],
          [
            0.35434964299201965,
            -0.8305200934410095,
            -0.4297356903553009,
            -0.6085190176963806
          ],
          [
            0.26109588146209717,
            0.529153048992157,
            -0.8073658347129822,
            1.7684143781661987
          ],
          [
            0.0,
            0.0,
            0.0,
            1.0
          ]
        ]
      },
      "bone_length_armature_space": 0.02921873661400294,
      "parent": "index_02_l",
      "has_children": false,
      "is_end_bone": true
    },
    "metacarpal_pinky_l": {
      "name": "metacarpal_pinky_l",
      "local": {
        "location": {
          "x": 0.0,
          "y": 0.0,
          "z": 0.0
        },
        "rotation_quaternion": {
          "w": 0.9998142719268799,
          "x": -0.00952649675309658,
          "y": -0.01181291975080967,
          "z": 0.01187864039093256
        },
        "scale": {
          "x": 1.0,
          "y": 1.0,
          "z": 1.0
        },
        "matrix_basis": [
          [
            0.9994387030601501,
            -0.02352779731154442,
            -0.023847775533795357,
            0.0
          ],
          [
            0.023977939039468765,
            0.9995362758636475,
            0.018768811598420143,
            0.0
          ],
          [
            0.023395128548145294,
            -0.0193300973623991,
            0.9995393753051758,
            0.0
          ],
          [
            0.0,
            0.0,
            0.0,
            1.0
          ]
        ],
        "rotation_mode": "QUATERNION"
      },
      "armature_space": {
        "head": {
          "x": 0.14619649946689606,
          "y": -0.5191581845283508,
          "z": 0.7570270895957947
        },
        "tail": {
          "x": 0.15209649503231049,
          "y": -0.5884931683540344,
          "z": 0.8344941139221191
        }
      },
      "world_space": {
        "head": {
          "x": 0.14619649946689606,
          "y": -0.4559141993522644,
          "z": 1.706881046295166
        },
        "tail": {
          "x": 0.15209649503231049,
          "y": -0.525249183177948,
          "z": 1.7843481302261353
        },
        "rotation_quaternion": {
          "w": 0.24373915791511536,
          "x": 0.48700571060180664,
          "y": -0.32812899351119995,
          "z": -0.771847128868103
        },
        "matrix": [
          [
            -0.4068339765071869,
            0.05665953829884529,
            -0.9117431640625,
            0.14619649946689606
          ],
          [
            -0.6958606839179993,
            -0.6658451557159424,
            0.2691252529621124,
            -0.4559141993522644
          ],
          [
            -0.5918359756469727,
            0.7439399361610413,
            0.3103180527687073,
            1.706881046295166
          ],
          [
            0.0,
            0.0,
            0.0,
            1.0
          ]
        ]
      },
      "bone_length_armature_space": 0.10413111889088515,
      "parent": "lowerarm_l",
      "has_children": true,
      "is_end_bone": false
    },
    "pinky_01_l": {
      "name": "pinky_01_l",
      "local": {
        "location": {
          "x": 0.0,
          "y": 0.0,
          "z": 0.0
        },
        "rotation_quaternion": {
          "w": 0.9928574562072754,
          "x": -0.11795812845230103,
          "y": 0.01529703103005886,
          "z": -0.009271382354199886
        },
        "scale": {
          "x": 1.0,
          "y": 1.0,
          "z": 1.0
        },
        "matrix_basis": [
          [
            0.9993600845336914,
            0.014801504090428352,
            0.03256281092762947,
            0.0
          ],
          [
            -0.022019140422344208,
            0.9719998240470886,
            0.23394756019115448,
            0.0
          ],
          [
            -0.028188273310661316,
            -0.23451486229896545,
            0.9717037677764893,
            0.0
          ],
          [
            0.0,
            0.0,
            0.0,
            1.0
          ]
        ],
        "rotation_mode": "QUATERNION"
      },
      "armature_space": {
        "head": {
          "x": 0.15209649503231049,
          "y": -0.5884931683540344,
          "z": 0.8344941139221191
        },
        "tail": {
