{
  "metadata": {
    "armature_name": "KIM_caucasian_male",
    "export_time": "2026-01-13T19:11:08.912350",
    "blender_version": "4.4.1",
    "bone_count": 56,
    "end_bone_count": 13,
    "spaces_included": [
      "LOCAL_CHANNELS",
      "ARMATURE_SPACE",
      "WORLD_SPACE"
    ],
    "note": "LOCAL matches Transform panel; replay pose via local.matrix_basis for best fidelity."
  },
  "bones": {
    "Root": {
      "name": "Root",
      "local": {
        "location": {
          "x": 0.0,
          "y": 0.0,
          "z": 0.0
        },
        "rotation_quaternion": {
          "w": 0.9997826814651489,
          "x": 0.009094483219087124,
          "y": -0.003427245421335101,
          "z": 0.018444521352648735
        },
        "scale": {
          "x": 1.0,
          "y": 1.0,
          "z": 1.0
        },
        "matrix_basis": [
          [
            0.9992961287498474,
            -0.03694336488842964,
            -0.006517514586448669,
            0.0
          ],
          [
            0.03681868687272072,
            0.9991541504859924,
            -0.01831144094467163,
            0.0
          ],
          [
            0.00718848779797554,
            0.01805858500301838,
            0.9998111128807068,
            0.0
          ],
          [
            0.0,
            0.0,
            0.0,
            1.0
          ]
        ],
        "rotation_mode": "QUATERNION"
      },
      "armature_space": {
        "head": {
          "x": 0.0,
          "y": 0.07072800397872925,
          "z": -0.009595036506652832
        },
        "tail": {
          "x": -0.0026368647813796997,
          "y": -0.00011344999074935913,
          "z": -0.0012853732332587242
        }
      },
      "world_space": {
        "head": {
          "x": 0.0,
          "y": 0.13397200405597687,
          "z": 0.9402589797973633
        },
        "tail": {
          "x": -0.0026368647813796997,
          "y": 0.06313055008649826,
          "z": 0.9485686421394348
        },
        "rotation_quaternion": {
          "w": 0.05827918276190758,
          "x": 0.9981240630149841,
          "y": -0.018633505329489708,
          "z": -0.002176892012357712
        },
        "matrix": [
          [
            0.9992961287498474,
            -0.03694336488842964,
            -0.006517514586448669,
            0.0
          ],
          [
            -0.03745083883404732,
            -0.9925126433372498,
            -0.11625906825065613,
            0.13397200405597687
          ],
          [
            -0.002173764631152153,
            0.1164211854338646,
            -0.993204653263092,
            0.9402589797973633
          ],
          [
            0.0,
            0.0,
            0.0,
            1.0
          ]
        ]
      },
      "bone_length_armature_space": 0.07137587370450922,
      "parent": null,
      "has_children": true,
      "is_end_bone": false
    },
    "spine_01": {
      "name": "spine_01",
      "local": {
        "location": {
          "x": 0.0,
          "y": 0.0,
          "z": 0.0
        },
        "rotation_quaternion": {
          "w": 0.9938750863075256,
          "x": 0.1009601280093193,
          "y": 0.014418426901102066,
          "z": -0.04256190359592438
        },
        "scale": {
          "x": 1.0,
          "y": 1.0,
          "z": 1.0
        },
        "matrix_basis": [
          [
            0.9959611892700195,
            0.08751380443572998,
            0.020066119730472565,
            0.0
          ],
          [
            -0.08169105648994446,
            0.9759910702705383,
            -0.2019108682870865,
            0.0
          ],
          [
            -0.03725434094667435,
            0.19945615530014038,
            0.9791983366012573,
            0.0
          ],
          [
            0.0,
            0.0,
            0.0,
            1.0
          ]
        ],
        "rotation_mode": "QUATERNION"
      },
      "armature_space": {
        "head": {
          "x": -0.0026368647813796997,
          "y": -0.00011344999074935913,
          "z": -0.0012853732332587242
        },
        "tail": {
          "x": 0.03794647380709648,
          "y": -0.08536666631698608,
          "z": 0.47749772667884827
        }
      },
      "world_space": {
        "head": {
          "x": -0.0026368647813796997,
          "y": 0.06313055008649826,
          "z": 0.9485686421394348
        },
        "tail": {
          "x": 0.03794647380709648,
          "y": -0.022122666239738464,
          "z": 1.427351713180542
        },
        "rotation_quaternion": {
          "w": 0.641837477684021,
          "x": 0.7656621336936951,
          "y": 0.02636517398059368,
          "z": -0.03333296626806259
        },
        "matrix": [
          [
            0.9963876008987427,
            0.08316236734390259,
            -0.017198728397488594,
            -0.0026368647813796997
          ],
          [
            -0.002414550632238388,
            -0.17469877004623413,
            -0.9846190810203552,
            0.06313055008649826
          ],
          [
            -0.08488843590021133,
            0.9811104536056519,
            -0.17386901378631592,
            0.9485686421394348
          ],
          [
            0.0,
            0.0,
            0.0,
            1.0
          ]
        ]
      },
      "bone_length_armature_space": 0.48800449085815095,
      "parent": "Root",
      "has_children": true,
      "is_end_bone": false
    },
    "neck_01": {
      "name": "neck_01",
      "local": {
        "location": {
          "x": 0.0,
          "y": 0.0,
          "z": 0.0
        },
        "rotation_quaternion": {
          "w": 0.998755693435669,
          "x": -0.002640854101628065,
          "y": 0.04019572585821152,
          "z": 0.029400790110230446
        },
        "scale": {
          "x": 1.0,
          "y": 1.0,
          "z": 1.0
        },
        "matrix_basis": [
          [
            0.9950398206710815,
            -0.058940716087818146,
            0.08013613522052765,
            0.0
          ],
          [
            0.058516111224889755,
            0.9982572197914124,
            0.007638708222657442,
            0.0
          ],
          [
            -0.08044670522212982,
            -0.002911563962697983,
            0.9967546463012695,
            0.0
          ],
          [
            0.0,
            0.0,
            0.0,
            1.0
          ]
        ],
        "rotation_mode": "QUATERNION"
      },
      "armature_space": {
        "head": {
          "x": 0.04343903437256813,
          "y": -0.1323048621416092,
          "z": 0.5433033108711243
        },
        "tail": {
          "x": 0.044637661427259445,
          "y": -0.18685007095336914,
          "z": 0.6301025152206421
        }
      },
      "world_space": {
        "head": {
          "x": 0.04343903437256813,
          "y": -0.06906086206436157,
          "z": 1.4931573867797852
        },
        "tail": {
          "x": 0.044637661427259445,
          "y": -0.12360607087612152,
          "z": 1.5799565315246582
        },
        "rotation_quaternion": {
          "w": 0.48354944586753845,
          "x": 0.8751575946807861,
          "y": 0.012686455622315407,
          "z": 0.010871508158743382
        },
        "matrix": [
          [
            0.9994418621063232,
            0.011691481806337833,
            0.031297650188207626,
            0.04343903437256813
          ],
          [
            0.032719168812036514,
            -0.5320376753807068,
            -0.8460885882377625,
            -0.06906086206436157
          ],
          [
            0.006759565323591232,
            0.8466454744338989,
            -0.5321276783943176,
            1.4931573867797852
          ],
          [
            0.0,
            0.0,
            0.0,
            1.0
          ]
        ]
      },
      "bone_length_armature_space": 0.10252179569105149,
      "parent": "spine_01",
      "has_children": true,
      "is_end_bone": false
    },
    "head": {
      "name": "head",
      "local": {
        "location": {
          "x": 0.0,
          "y": 0.0,
          "z": 0.0
        },
        "rotation_quaternion": {
          "w": 0.9932504296302795,
          "x": 0.023634137585759163,
          "y": 0.06768111139535904,
          "z": -0.09118381887674332
        },
        "scale": {
          "x": 1.0,
          "y": 1.0,
          "z": 1.0
        },
        "matrix_basis": [
          [
            0.9742095470428467,
            0.18433590233325958,
            0.13013848662376404,
            0.0
          ],
          [
            -0.1779375672340393,
            0.9822538495063782,
            -0.05929207801818848,
            0.0
          ],
          [
            -0.13875868916511536,
            0.034606389701366425,
            0.989721417427063,
            0.0
          ],
          [
            0.0,
            0.0,
            0.0,
            1.0
          ]
        ],
        "rotation_mode": "QUATERNION"
      },
      "armature_space": {
        "head": {
          "x": 0.044637665152549744,
          "y": -0.1868501752614975,
          "z": 0.6301023960113525
        },
        "tail": {
          "x": 0.07321736216545105,
          "y": -0.2202465534210205,
          "z": 0.7788342237472534
        }
      },
      "world_space": {
        "head": {
          "x": 0.044637665152549744,
          "y": -0.12360617518424988,
          "z": 1.5799564123153687
        },
        "tail": {
          "x": 0.07321736216545105,
          "y": -0.1570025533437729,
          "z": 1.7286882400512695
        },
        "rotation_quaternion": {
          "w": 0.6141913533210754,
          "x": 0.7795078754425049,
          "y": 0.12288659811019897,
          "z": 0.005946430377662182
        },
        "matrix": [
          [
            0.9697269797325134,
            0.18427787721157074,
            0.1602233499288559,
            0.044637665152549744
          ],
          [
            0.19888761639595032,
            -0.21533523499965668,
            -0.9560728073120117,
            -0.12360617518424988
          ],
          [
            -0.14168207347393036,
            0.9590021967887878,
            -0.24546955525875092,
            1.5799564123153687
          ],
          [
            0.0,
            0.0,
            0.0,
            1.0
          ]
        ]
      },
      "bone_length_armature_space": 0.1550911815534472,
      "parent": "neck_01",
      "has_children": false,
      "is_end_bone": true
    },
    "upperarm_l": {
      "name": "upperarm_l",
      "local": {
        "location": {
          "x": 0.0,
          "y": 0.0,
          "z": 0.0
        },
        "rotation_quaternion": {
          "w": 0.9593644142150879,
          "x": 0.21613213419914246,
          "y": 0.17417298257350922,
          "z": 0.05070134624838829
        },
        "scale": {
          "x": 1.0,
          "y": 1.0,
          "z": 1.0
        },
        "matrix_basis": [
          [
            0.9341862797737122,
            -0.021993378177285194,
            0.35610711574554443,
            0.0
          ],
          [
            0.17257088422775269,
            0.9014325737953186,
            -0.3970373570919037,
            0.0
          ],
          [
            -0.31227433681488037,
            0.43236055970191956,
            0.845901370048523,
            0.0
          ],
          [
            0.0,
            0.0,
            0.0,
            1.0
          ]
        ],
        "rotation_mode": "QUATERNION"
      },
      "armature_space": {
        "head": {
          "x": 0.1872531622648239,
          "y": -0.12406601011753082,
          "z": 0.46407729387283325
        },
        "tail": {
          "x": 0.43026530742645264,
          "y": -0.22904659807682037,
          "z": 0.4224620461463928
        }
      },
      "world_space": {
        "head": {
          "x": 0.1872531622648239,
          "y": -0.0608220100402832,
          "z": 1.4139313697814941
        },
        "tail": {
          "x": 0.43026530742645264,
          "y": -0.16580259799957275,
          "z": 1.3723161220550537
        },
        "rotation_quaternion": {
          "w": 0.22219356894493103,
          "x": 0.6958022117614746,
          "y": 0.5047246813774109,
          "z": -0.4601547420024872
        },
        "matrix": [
          [
            0.06701962649822235,
            0.9068651795387268,
            -0.41605767607688904,
            0.1872531622648239
          ],
          [
            0.49788975715637207,
            -0.391763299703598,
            -0.7737103700637817,
            -0.0608220100402832
          ],
          [
            -0.8646525740623474,
            -0.15529853105545044,
            -0.47777873277664185,
            1.4139313697814941
          ],
          [
            0.0,
            0.0,
            0.0,
            1.0
          ]
        ]
      },
      "bone_length_armature_space": 0.2679695065434845,
      "parent": "spine_01",
      "has_children": true,
      "is_end_bone": false
    },
    "lowerarm_l": {
      "name": "lowerarm_l",
      "local": {
        "location": {
          "x": 0.0,
          "y": 0.0,
          "z": 0.0
        },
        "rotation_quaternion": {
          "w": 0.8430323600769043,
          "x": 0.5071195960044861,
          "y": -0.09469541162252426,
          "z": 0.15218079090118408
        },
        "scale": {
          "x": 1.0,
          "y": 1.0,
          "z": 1.0
        },
        "matrix_basis": [
          [
            0.9357475638389587,
            -0.35263046622276306,
            -0.005314870271831751,
            0.0
          ],
          [
            0.16054286062717438,
            0.4393414556980133,
            -0.8838580846786499,
            0.0
          ],
          [
            0.3140103220939636,
            0.8262147903442383,
            0.4677249789237976,
            0.0
          ],
          [
            0.0,
            0.0,
            0.0,
            1.0
          ]
        ],
        "rotation_mode": "QUATERNION"
      },
      "armature_space": {
        "head": {
          "x": 0.4302653670310974,
          "y": -0.22904673218727112,
          "z": 0.4224621057510376
        },
        "tail": {
          "x": 0.40710586309432983,
          "y": -0.4955507516860962,
          "z": 0.4195248484611511
        }
      },
      "world_space": {
        "head": {
          "x": 0.4302653670310974,
          "y": -0.1658027321100235,
          "z": 1.3723161220550537
        },
        "tail": {
          "x": 0.40710586309432983,
          "y": -0.43230676651000977,
          "z": 1.3693788051605225
        },
        "rotation_quaternion": {
          "w": 0.0342458039522171,
          "x": -0.7136329412460327,
          "y": 0.027103416621685028,
          "z": 0.6991571187973022
        },
        "matrix": [
          [
            0.02088959515094757,
            -0.08656969666481018,
            -0.9960266351699829,
            0.4302653670310974
          ],
          [
            0.009202182292938232,
            -0.9961855411529541,
            0.08677631616592407,
            -0.1658027321100235
          ],
          [
            -0.9997465014457703,
            -0.010979413986206055,
            -0.020013362169265747,
            1.3723161220550537
          ],
          [
            0.0,
            0.0,
            0.0,
            1.0
          ]
        ]
      },
      "bone_length_armature_space": 0.2675245514834079,
      "parent": "upperarm_l",
      "has_children": true,
      "is_end_bone": false
    },
    "metacarpal_thumb_l": {
      "name": "metacarpal_thumb_l",
      "local": {
        "location": {
          "x": 0.0,
          "y": 0.0,
          "z": 0.0
        },
        "rotation_quaternion": {
          "w": 0.9999171495437622,
          "x": 0.0008999843848869205,
          "y": -0.004056470934301615,
          "z": -0.012190326116979122
        },
        "scale": {
          "x": 1.0,
          "y": 1.0,
          "z": 1.0
        },
        "matrix_basis": [
          [
            0.9996699094772339,
            0.024371331557631493,
            -0.008134212344884872,
            0.0
          ],
          [
            -0.024385934695601463,
            0.9997011423110962,
            -0.0017009202856570482,
            0.0
          ],
          [
            0.008090327493846416,
            0.001898718997836113,
            0.999965488910675,
            0.0
          ],
          [
            0.0,
            0.0,
            0.0,
            1.0
          ]
        ],
        "rotation_mode": "QUATERNION"
      },
      "armature_space": {
        "head": {
          "x": 0.40710586309432983,
          "y": -0.4955507516860962,
          "z": 0.4195248484611511
        },
        "tail": {
          "x": 0.37583547830581665,
          "y": -0.5325853228569031,
          "z": 0.4093175232410431
        }
      },
      "world_space": {
        "head": {
          "x": 0.40710586309432983,
          "y": -0.43230676651000977,
          "z": 1.3693788051605225
        },
        "tail": {
          "x": 0.37583547830581665,
          "y": -0.46934133768081665,
          "z": 1.3591715097427368
        },
        "rotation_quaternion": {
          "w": 0.10817959159612656,
          "x": -0.9347730278968811,
          "y": 0.3383263945579529,
          "z": -0.0056451535783708096
        },
        "matrix": [
          [
            0.7710065841674805,
            -0.6312952637672424,
            0.08375455439090729,
            0.40710586309432983
          ],
          [
            -0.6337384581565857,
            -0.7476649880409241,
            0.1984262764453888,
            -0.43230676651000977
          ],
          [
            -0.06264625489711761,
            -0.20606859028339386,
            -0.9765374064445496,
            1.3693788051605225
          ],
          [
            0.0,
            0.0,
            0.0,
            1.0
          ]
        ]
      },
      "bone_length_armature_space": 0.049533685060406965,
      "parent": "lowerarm_l",
      "has_children": true,
      "is_end_bone": false
    },
    "thumb_01_l": {
      "name": "thumb_01_l",
      "local": {
        "location": {
          "x": 0.0,
          "y": 0.0,
          "z": 0.0
        },
        "rotation_quaternion": {
          "w": 0.9979413151741028,
          "x": 0.06349872797727585,
          "y": 0.00609209667891264,
          "z": 0.006642878521233797
        },
        "scale": {
          "x": 1.0,
          "y": 1.0,
          "z": 1.0
        },
        "matrix_basis": [
          [
            0.9998375177383423,
            -0.012484724633395672,
            0.013002738356590271,
            0.0
          ],
          [
            0.014032086357474327,
            0.991847574710846,
            -0.12665507197380066,
            0.0
          ],
          [
            -0.011315480805933475,
            0.12681694328784943,
            0.9918615818023682,
            0.0
          ],
          [
            0.0,
            0.0,
            0.0,
            1.0
          ]
        ],
        "rotation_mode": "QUATERNION"
      },
      "armature_space": {
        "head": {
          "x": 0.37583547830581665,
          "y": -0.5325853228569031,
          "z": 0.4093175232410431
        },
        "tail": {
          "x": 0.3640438914299011,
          "y": -0.5443100929260254,
          "z": 0.379616916179657
        }
      },
      "world_space": {
        "head": {
          "x": 0.37583547830581665,
          "y": -0.46934133768081665,
          "z": 1.3591715097427368
        },
        "tail": {
          "x": 0.3640438914299011,
          "y": -0.48106610774993896,
          "z": 1.3294708728790283
        },
        "rotation_quaternion": {
          "w": 0.12429528683423996,
          "x": -0.4607657790184021,
          "y": 0.5588594079017639,
          "z": -0.6781754493713379
        },
        "matrix": [
          [
            -0.5444878935813904,
            -0.34641802310943604,
            0.763889491558075,
            0.37583547830581665
          ],
          [
            -0.6835967898368835,
            -0.3444550335407257,
            -0.6434645056724548,
            -0.46934133768081665
          ],
          [
            0.4860359728336334,
            -0.8725576400756836,
            -0.04925961792469025,
            1.3591715097427368
          ],
          [
            0.0,
            0.0,
            0.0,
            1.0
          ]
        ]
      },
      "bone_length_armature_space": 0.034038768999704413,
      "parent": "metacarpal_thumb_l",
      "has_children": true,
      "is_end_bone": false
    },
    "thumb_02_l": {
      "name": "thumb_02_l",
      "local": {
        "location": {
          "x": 0.0,
          "y": 0.0,
          "z": 0.0
        },
        "rotation_quaternion": {
          "w": 0.9918534755706787,
          "x": 0.1271224468946457,
          "y": 0.007407782599329948,
          "z": 0.0034451934043318033
        },
        "scale": {
          "x": 1.0,
          "y": 1.0,
          "z": 1.0
        },
        "matrix_basis": [
          [
            0.9998664855957031,
            -0.004950863309204578,
            0.015570792369544506,
            0.0
          ],
          [
            0.008717644959688187,
            0.9676560163497925,
            -0.2521226406097412,
            0.0
          ],
          [
            -0.013818946667015553,
            0.25222471356391907,
            0.9675700068473816,
            0.0
          ],
          [
            0.0,
            0.0,
            0.0,
            1.0
          ]
        ],
        "rotation_mode": "QUATERNION"
      },
      "armature_space": {
        "head": {
          "x": 0.3640438914299011,
          "y": -0.5443099737167358,
          "z": 0.3796168863773346
        },
        "tail": {
          "x": 0.3669411242008209,
          "y": -0.5842676162719727,
          "z": 0.38247594237327576
        }
      },
      "world_space": {
        "head": {
          "x": 0.3640438914299011,
          "y": -0.4810659885406494,
          "z": 1.3294708728790283
        },
        "tail": {
          "x": 0.3669411242008209,
          "y": -0.5210236310958862,
          "z": 1.3323299884796143
        },
        "rotation_quaternion": {
          "w": 0.02665807493031025,
          "x": -0.23625396192073822,
          "y": -0.04316917061805725,
          "z": -0.9703659415245056
        },
        "matrix": [
          [
            -0.8869467377662659,
            0.07213415205478668,
            0.456203818321228,
            0.3640438914299011
          ],
          [
            -0.031338222324848175,
            -0.9948515892028809,
            0.096376433968544,
            -0.4810659885406494
          ],
          [
            0.4608103632926941,
            0.07118363678455353,
            0.8846473097801208,
            1.3294708728790283
          ],
          [
            0.0,
            0.0,
            0.0,
            1.0
          ]
        ]
      },
      "bone_length_armature_space": 0.040164429083572546,
      "parent": "thumb_01_l",
      "has_children": true,
      "is_end_bone": false
    },
    "thumb_03_l": {
      "name": "thumb_03_l",
      "local": {
        "location": {
          "x": 0.0,
          "y": 0.0,
          "z": 0.0
        },
        "rotation_quaternion": {
          "w": 0.9987002611160278,
          "x": 0.050874583423137665,
          "y": -0.002547561889514327,
          "z": 0.0017699988093227148
        },
        "scale": {
          "x": 1.0,
          "y": 1.0,
          "z": 1.0
        },
        "matrix_basis": [
          [
            0.9999807476997375,
            -0.0037946088705211878,
            -0.004908405710011721,
            0.0
          ],
          [
            0.0032761842012405396,
            0.994817316532135,
            -0.10162593424320221,
            0.0
          ],
          [
            0.005268597509711981,
            0.10160790383815765,
            0.9948105812072754,
            0.0
          ],
          [
            0.0,
            0.0,
            0.0,
            1.0
          ]
        ],
        "rotation_mode": "QUATERNION"
      },
      "armature_space": {
        "head": {
          "x": 0.36694103479385376,
          "y": -0.5842675566673279,
          "z": 0.382475882768631
        },
        "tail": {
          "x": 0.3773616850376129,
          "y": -0.6110644936561584,
          "z": 0.39248713850975037
        }
      },
      "world_space": {
        "head": {
          "x": 0.36694103479385376,
          "y": -0.5210235714912415,
          "z": 1.3323298692703247
        },
        "tail": {
          "x": 0.3773616850376129,
          "y": -0.547820508480072,
          "z": 1.3423411846160889
        },
        "rotation_quaternion": {
          "w": 0.16857688128948212,
          "x": -0.0442974790930748,
          "y": -0.17746035754680634,
          "z": -0.9685697555541992
        },
        "matrix": [
          [
            -0.939238965511322,
            0.3422791361808777,
            0.025978563353419304,
            0.36694103479385376
          ],
          [
            -0.3108348846435547,
            -0.880179226398468,
            0.35870105028152466,
            -0.5210235714912415
          ],
          [
            0.14564236998558044,
            0.3288324475288391,
            0.9330979585647583,
            1.3323298692703247
          ],
          [
            0.0,
            0.0,
            0.0,
            1.0
          ]
        ]
      },
      "bone_length_armature_space": 0.030444885103072417,
      "parent": "thumb_02_l",
      "has_children": false,
      "is_end_bone": true
    },
    "metacarpal_index_l": {
      "name": "metacarpal_index_l",
      "local": {
        "location": {
          "x": 0.0,
          "y": 0.0,
          "z": 0.0
        },
        "rotation_quaternion": {
          "w": 0.9991962909698486,
          "x": -0.039149682968854904,
          "y": -0.0016475979937240481,
          "z": -0.008448360487818718
        },
        "scale": {
          "x": 1.0,
          "y": 1.0,
          "z": 1.0
        },
        "matrix_basis": [
          [
            0.9998518228530884,
            0.01701214723289013,
            -0.0026310463435947895,
            0.0
          ],
          [
            -0.016754135489463806,
            0.9967918395996094,
            0.0782642737030983,
            0.0
          ],
          [
            0.0039540487341582775,
            -0.07820859551429749,
            0.9969291687011719,
            0.0
          ],
          [
            0.0,
            0.0,
            0.0,
            1.0
          ]
        ],
        "rotation_mode": "QUATERNION"
      },
      "armature_space": {
        "head": {
          "x": 0.40710586309432983,
          "y": -0.4955507516860962,
          "z": 0.4195248484611511
        },
        "tail": {
          "x": 0.36829349398612976,
          "y": -0.606097936630249,
          "z": 0.41805893182754517
        }
      },
      "world_space": {
        "head": {
          "x": 0.40710586309432983,
          "y": -0.43230676651000977,
          "z": 1.3693788051605225
        },
        "tail": {
          "x": 0.36829349398612976,
          "y": -0.5428539514541626,
          "z": 1.367913007736206
        },
        "rotation_quaternion": {
          "w": 0.05631531402468681,
          "x": -0.9406235218048096,
          "y": 0.1584213823080063,
          "z": 0.2948875427246094
        },
        "matrix": [
          [
            0.7758879065513611,
            -0.3312435448169708,
            -0.5369129180908203,
            0.40710586309432983
          ],
          [
            -0.2648167312145233,
            -0.9434626698493958,
            0.19937601685523987,
            -0.43230676651000977
          ],
          [
            -0.5726035833358765,
            -0.012510940432548523,
            -0.819745659828186,
            1.3693788051605225
          ],
          [
            0.0,
            0.0,
            0.0,
            1.0
          ]
        ]
      },
      "bone_length_armature_space": 0.11717179114125299,
      "parent": "lowerarm_l",
      "has_children": true,
      "is_end_bone": false
    },
    "index_01_l": {
      "name": "index_01_l",
      "local": {
        "location": {
          "x": 0.0,
          "y": 0.0,
          "z": 0.0
        },
        "rotation_quaternion": {
          "w": 0.9969482421875,
          "x": -0.0761060118675232,
          "y": 0.007981369271874428,
          "z": -0.015438385307788849
        },
        "scale": {
          "x": 1.0,
          "y": 1.0,
          "z": 1.0
        },
        "matrix_basis": [
          [
            0.9993959069252014,
            0.02956768125295639,
            0.018263932317495346,
            0.0
          ],
          [
            -0.031997401267290115,
            0.9879390597343445,
            0.15150107443332672,
            0.0
          ],
          [
            -0.013564116321504116,
            -0.15199394524097443,
            0.9882883429527283,
            0.0
          ],
          [
            0.0,
            0.0,
            0.0,
            1.0
          ]
        ],
        "rotation_mode": "QUATERNION"
      },
      "armature_space": {
        "head": {
          "x": 0.36829349398612976,
          "y": -0.606097936630249,
          "z": 0.41805893182754517
        },
        "tail": {
          "x": 0.3721591532230377,
          "y": -0.6343458890914917,
          "z": 0.4184820055961609
        }
      },
      "world_space": {
        "head": {
          "x": 0.36829349398612976,
          "y": -0.5428539514541626,
          "z": 1.367913007736206
        },
        "tail": {
          "x": 0.3721591532230377,
          "y": -0.5711019039154053,
          "z": 1.3683359622955322
        },
        "rotation_quaternion": {
          "w": 0.025056790560483932,
          "x": 0.9624848961830139,
          "y": 0.06359048187732697,
          "z": -0.26258572936058044
        },
        "matrix": [
          [
            0.8540099859237671,
            0.1355690062046051,
            -0.5022827386856079,
            0.36829349398612976
          ],
          [
            0.10925070196390152,
            -0.9906569123268127,
            -0.081630177795887,
            -0.5428539514541626
          ],
          [
            -0.5086598992347717,
            0.014837384223937988,
            -0.860848069190979,
            1.367913007736206
          ],
          [
            0.0,
            0.0,
            0.0,
            1.0
          ]
        ]
      },
      "bone_length_armature_space": 0.028514367152557202,
      "parent": "metacarpal_index_l",
      "has_children": true,
      "is_end_bone": false
    },
    "index_02_l": {
      "name": "index_02_l",
      "local": {
        "location": {
          "x": 0.0,
          "y": 0.0,
          "z": 0.0
        },
        "rotation_quaternion": {
          "w": 0.9810922145843506,
          "x": 0.19330164790153503,
          "y": 0.006779701914638281,
          "z": 0.00682841707020998
        },
        "scale": {
          "x": 1.0,
          "y": 1.0,
          "z": 1.0
        },
        "matrix_basis": [
          [
            0.9998148083686829,
            -0.010777558200061321,
            0.01594291441142559,
            0.0
          ],
          [
            0.01601966843008995,
            0.925175666809082,
            -0.37920090556144714,
            0.0
          ],
          [
            -0.010663136839866638,
            0.3793860673904419,
            0.9251770377159119,
            0.0
          ],
          [
            0.0,
            0.0,
            0.0,
            1.0
          ]
        ],
        "rotation_mode": "QUATERNION"
      },
      "armature_space": {
        "head": {
          "x": 0.37215885519981384,
          "y": -0.6343463063240051,
          "z": 0.41848185658454895
        },
        "tail": {
          "x": 0.3708241581916809,
          "y": -0.6589351892471313,
          "z": 0.41129183769226074
        }
      },
      "world_space": {
        "head": {
          "x": 0.37215885519981384,
          "y": -0.5711023211479187,
          "z": 1.3683358430862427
        },
        "tail": {
          "x": 0.3708241581916809,
          "y": -0.5956912040710449,
          "z": 1.3611458539962769
        },
        "rotation_quaternion": {
          "w": 0.1429816633462906,
          "x": -0.9440590739250183,
          "y": -0.01737436093389988,
          "z": 0.2966597080230713
        },
        "matrix": [
          [
            0.8233823776245117,
            -0.05202868580818176,
            -0.5650967955589294,
            0.37215885519981384
          ],
          [
            0.11763858050107956,
            -0.9585091471672058,
            0.2596568763256073,
            -0.5711023211479187
          ],
          [
            -0.5551638603210449,
            -0.2802770137786865,
            -0.7831043004989624,
            1.3683358430862427
          ],
          [
            0.0,
            0.0,
            0.0,
            1.0
          ]
        ]
      },
      "bone_length_armature_space": 0.025653283346282304,
      "parent": "index_01_l",
      "has_children": true,
      "is_end_bone": false
    },
    "index_03_l": {
      "name": "index_03_l",
      "local": {
        "location": {
          "x": 0.0,
          "y": 0.0,
          "z": 0.0
        },
        "rotation_quaternion": {
          "w": 0.9747584462165833,
          "x": 0.22323164343833923,
          "y": -0.0015131167601794004,
          "z": -0.003376529784873128
        },
        "scale": {
          "x": 1.0,
          "y": 1.0,
          "z": 1.0
        },
        "matrix_basis": [
          [
            0.9999726414680481,
            0.005907050799578428,
            -0.004457343369722366,
            0.0
          ],
          [
            -0.0072581530548632145,
            0.9003124833106995,
            -0.43518364429473877,
            0.0
          ],
          [
            0.0014423500979319215,
            0.43520408868789673,
            0.900330662727356,
            0.0
          ],
          [
            0.0,
            0.0,
            0.0,
            1.0
          ]
        ],
        "rotation_mode": "QUATERNION"
      },
      "armature_space": {
        "head": {
          "x": 0.3708242177963257,
          "y": -0.6589352488517761,
          "z": 0.4112919569015503
        },
        "tail": {
          "x": 0.3638994097709656,
          "y": -0.6785049438476562,
          "z": 0.39072954654693604
        }
      },
      "world_space": {
        "head": {
          "x": 0.3708242177963257,
          "y": -0.5956912636756897,
          "z": 1.3611459732055664
        },
        "tail": {
          "x": 0.3638994097709656,
          "y": -0.6152609586715698,
          "z": 1.3405835628509521
        },
        "rotation_quaternion": {
          "w": 0.40607813000679016,
          "x": -0.8759547472000122,
          "y": 0.014761341735720634,
          "z": 0.25997307896614075
        },
        "matrix": [
          [
            0.8643926978111267,
            -0.23699910938739777,
            -0.4434598386287689,
            0.3708242177963257
          ],
          [
            0.1852773278951645,
            -0.669766366481781,
            0.719086766242981,
            -0.5956912636756897
          ],
          [
            -0.46744048595428467,
            -0.7037420272827148,
            -0.5350335240364075,
            1.3611459732055664
          ],
          [
            0.0,
            0.0,
            0.0,
            1.0
          ]
        ]
      },
      "bone_length_armature_space": 0.029218806307509393,
      "parent": "index_02_l",
      "has_children": false,
      "is_end_bone": true
    },
    "metacarpal_pinky_l": {
      "name": "metacarpal_pinky_l",
      "local": {
        "location": {
          "x": 0.0,
          "y": 0.0,
          "z": 0.0
        },
        "rotation_quaternion": {
          "w": 0.9997171759605408,
          "x": -0.005095954053103924,
          "y": -0.023008156567811966,
          "z": -0.003223305568099022
        },
        "scale": {
          "x": 1.0,
          "y": 1.0,
          "z": 1.0
        },
        "matrix_basis": [
          [
            0.9989204406738281,
            0.006679284851998091,
            -0.04597044736146927,
            0.0
          ],
          [
            -0.00621029082685709,
            0.999927282333374,
            0.010337349958717823,
            0.0
          ],
          [
            0.04603615030646324,
            -0.010040701366961002,
            0.9988893270492554,
            0.0
          ],
          [
            0.0,
            0.0,
            0.0,
            1.0
          ]
        ],
        "rotation_mode": "QUATERNION"
      },
      "armature_space": {
        "head": {
          "x": 0.40710586309432983,
          "y": -0.4955507516860962,
          "z": 0.4195248484611511
        },
        "tail": {
          "x": 0.4296683669090271,
          "y": -0.5971837043762207,
          "z": 0.41731128096580505
        }
      },
      "world_space": {
        "head": {
          "x": 0.40710586309432983,
          "y": -0.43230676651000977,
          "z": 1.3693788051605225
        },
        "tail": {
          "x": 0.4296683669090271,
          "y": -0.5339397192001343,
          "z": 1.3671653270721436
        },
        "rotation_quaternion": {
          "w": 0.10686071962118149,
          "x": 0.12182517349720001,
          "y": 0.02397051267325878,
          "z": -0.9864912033081055
        },
        "matrix": [
          [
            -0.9474787712097168,
            0.2166745960712433,
            -0.235235795378685,
            0.40710586309432983
          ],
          [
            -0.20499412715435028,
            -0.9760125875473022,
            -0.07332974672317505,
            -0.43230676651000977
          ],
          [
            -0.24548368155956268,
            -0.021257538348436356,
            0.969174861907959,
            1.3693788051605225
          ],
          [
            0.0,
            0.0,
            0.0,
            1.0
          ]
        ]
      },
      "bone_length_armature_space": 0.10413079857491861,
      "parent": "lowerarm_l",
      "has_children": true,
      "is_end_bone": false
    },
    "pinky_01_l": {
      "name": "pinky_01_l",
      "local": {
        "location": {
          "x": 0.0,
          "y": 0.0,
          "z": 0.0
        },
        "rotation_quaternion": {
          "w": 0.9987410306930542,
          "x": 0.04685584828257561,
          "y": -0.014967886731028557,
          "z": -0.009842246770858765
        },
        "scale": {
          "x": 1.0,
          "y": 1.0,
          "z": 1.0
        },
        "matrix_basis": [
          [
            0.9993581771850586,
            0.01825704611837864,
            -0.030820418149232864,
            0.0
          ],
          [
            -0.021062377840280533,
            0.9954153299331665,
            -0.09329908341169357,
            0.0
          ],
          [
            0.028975751250982285,
            0.09388834983110428,
            0.9951609969139099,
            0.0
          ],
          [
            0.0,
            0.0,
            0.0,
            1.0
          ]
        ],
        "rotation_mode": "QUATERNION"
      },
      "armature_space": {
        "head": {
          "x": 0.4296683669090271,
          "y": -0.5971837043762207,
