{
  "metadata": {
    "armature_name": "KIM_caucasian_male",
    "export_time": "2026-01-13T21:08:21.059058",
    "blender_version": "4.4.1",
    "bone_count": 56,
    "end_bone_count": 13,
    "spaces_included": [
      "LOCAL_CHANNELS",
      "ARMATURE_SPACE",
      "WORLD_SPACE"
    ],
    "note": "LOCAL matches Transform panel; replay pose via local.matrix_basis for best fidelity."
  },
  "bones": {
    "Root": {
      "name": "Root",
      "local": {
        "location": {
          "x": 0.0,
          "y": 0.0,
          "z": 0.0
        },
        "rotation_quaternion": {
          "w": 0.9996290802955627,
          "x": -0.015146549791097641,
          "y": -0.002329433336853981,
          "z": -0.02251381427049637
        },
        "scale": {
          "x": 1.0,
          "y": 1.0,
          "z": 1.0
        },
        "matrix_basis": [
          [
            0.998975396156311,
            0.0450814925134182,
            -0.0039751254953444,
            0.0
          ],
          [
            -0.04494035989046097,
            0.9985274076461792,
            0.030386751517653465,
            0.0
          ],
          [
            0.005339151713997126,
            -0.030176974833011627,
            0.9995303153991699,
            0.0
          ],
          [
            0.0,
            0.0,
            0.0,
            1.0
          ]
        ],
        "rotation_mode": "QUATERNION"
      },
      "armature_space": {
        "head": {
          "x": 0.0,
          "y": 0.07072800397872925,
          "z": -0.009595036506652832
        },
        "tail": {
          "x": 0.0032177306711673737,
          "y": 0.0003937035799026489,
          "z": 0.002120242454111576
        }
      },
      "world_space": {
        "head": {
          "x": 0.0,
          "y": 0.13397200405597687,
          "z": 0.9402589797973633
        },
        "tail": {
          "x": 0.0032177306711673737,
          "y": 0.06363770365715027,
          "z": 0.9519742727279663
        },
        "rotation_quaternion": {
          "w": 0.08245482295751572,
          "x": 0.9963378310203552,
          "y": 0.022305740043520927,
          "z": -0.0038408522959798574
        },
        "matrix": [
          [
            0.998975396156311,
            0.0450814925134182,
            -0.0039751254953444,
            0.0
          ],
          [
            0.043814703822135925,
            -0.9854072332382202,
            -0.16447749733924866,
            0.13397200405597687
          ],
          [
            -0.011332045309245586,
            0.16413500905036926,
            -0.986379861831665,
            0.9402589797973633
          ],
          [
            0.0,
            0.0,
            0.0,
            1.0
          ]
        ]
      },
      "bone_length_armature_space": 0.07137587535464052,
      "parent": null,
      "has_children": true,
      "is_end_bone": false
    },
    "spine_01": {
      "name": "spine_01",
      "local": {
        "location": {
          "x": 0.0,
          "y": 0.0,
          "z": 0.0
        },
        "rotation_quaternion": {
          "w": 0.9973787665367126,
          "x": 0.06441868841648102,
          "y": -0.030524438247084618,
          "z": 0.012414469383656979
        },
        "scale": {
          "x": 1.0,
          "y": 1.0,
          "z": 1.0
        },
        "matrix_basis": [
          [
            0.9978283047676086,
            -0.028696544468402863,
            -0.05928940698504448,
            0.0
          ],
          [
            0.020831167697906494,
            0.9913922548294067,
            -0.12925755977630615,
            0.0
          ],
          [
            0.06248830258846283,
            0.1277417689561844,
            0.9898369908332825,
            0.0
          ],
          [
            0.0,
            0.0,
            0.0,
            1.0
          ]
        ],
        "rotation_mode": "QUATERNION"
      },
      "armature_space": {
        "head": {
          "x": 0.0032177306711673737,
          "y": 0.0003937035799026489,
          "z": 0.002120242454111576
        },
        "tail": {
          "x": -0.004159912467002869,
          "y": -0.024984676390886307,
          "z": 0.4894087314605713
        }
      },
      "world_space": {
        "head": {
          "x": 0.0032177306711673737,
          "y": 0.06363770365715027,
          "z": 0.9519742727279663
        },
        "tail": {
          "x": -0.004159912467002869,
          "y": 0.03825932368636131,
          "z": 1.4392627477645874
        },
        "rotation_quaternion": {
          "w": 0.6883862018585205,
          "x": 0.7252600789070129,
          "y": -0.011041917838156223,
          "z": -0.0006525777862407267
        },
        "matrix": [
          [
            0.999755322933197,
            -0.015118082985281944,
            -0.0161488838493824,
            0.0032177306711673737
          ],
          [
            -0.01691507175564766,
            -0.052004747092723846,
            -0.998503565788269,
            0.06363770365715027
          ],
          [
            0.014255729503929615,
            0.9985394477844238,
            -0.052249059081077576,
            0.9519742727279663
          ],
          [
            0.0,
            0.0,
            0.0,
            1.0
          ]
        ]
      },
      "bone_length_armature_space": 0.48800466701518497,
      "parent": "Root",
      "has_children": true,
      "is_end_bone": false
    },
    "neck_01": {
      "name": "neck_01",
      "local": {
        "location": {
          "x": 0.0,
          "y": 0.0,
          "z": 0.0
        },
        "rotation_quaternion": {
          "w": 0.9900454878807068,
          "x": 0.07259152084589005,
          "y": -0.08461254835128784,
          "z": -0.08591373264789581
        },
        "scale": {
          "x": 1.0,
          "y": 1.0,
          "z": 1.0
        },
        "matrix_basis": [
          [
            0.9709190726280212,
            0.15783269703388214,
            -0.1800137609243393,
            0.0
          ],
          [
            -0.18240131437778473,
            0.9746986031532288,
            -0.1291990578174591,
            0.0
          ],
          [
            0.1550673246383667,
            0.15827657282352448,
            0.9751423597335815,
            0.0
          ],
          [
            0.0,
            0.0,
            0.0,
            1.0
          ]
        ],
        "rotation_mode": "QUATERNION"
      },
      "armature_space": {
        "head": {
          "x": -0.005826885346323252,
          "y": -0.06342092901468277,
          "z": 0.560708224773407
        },
        "tail": {
          "x": 0.008162107318639755,
          "y": -0.1210995465517044,
          "z": 0.6443036794662476
        }
      },
      "world_space": {
        "head": {
          "x": -0.005826885346323252,
          "y": -0.00017692893743515015,
          "z": 1.5105621814727783
        },
        "tail": {
          "x": 0.008162107318639755,
          "y": -0.05785554647445679,
          "z": 1.5941576957702637
        },
        "rotation_quaternion": {
          "w": 0.46737706661224365,
          "x": 0.8762863874435425,
          "y": 0.016062885522842407,
          "z": -0.11585737764835358
        },
        "matrix": [
          [
            0.9726382493972778,
            0.13644957542419434,
            -0.18803295493125916,
            -0.005826885346323252
          ],
          [
            -0.08014629036188126,
            -0.5626010894775391,
            -0.8228345513343811,
            -0.00017692893743515015
          ],
          [
            -0.2180645614862442,
            0.8153955936431885,
            -0.5362759828567505,
            1.5105621814727783
          ],
          [
            0.0,
            0.0,
            0.0,
            1.0
          ]
        ]
      },
      "bone_length_armature_space": 0.10252177718621296,
      "parent": "spine_01",
      "has_children": true,
      "is_end_bone": false
    },
    "head": {
      "name": "head",
      "local": {
        "location": {
          "x": 0.0,
          "y": 0.0,
          "z": 0.0
        },
        "rotation_quaternion": {
          "w": 0.9551624655723572,
          "x": -0.18323637545108795,
          "y": 0.049233950674533844,
          "z": -0.22729982435703278
        },
        "scale": {
          "x": 1.0,
          "y": 1.0,
          "z": 1.0
        },
        "matrix_basis": [
          [
            0.8918216228485107,
            0.4161736071109772,
            0.17735204100608826,
            0.0
          ],
          [
            -0.4522594213485718,
            0.8295184373855591,
            0.3276592791080475,
            0.0
          ],
          [
            -0.010753651149570942,
            -0.3724227547645569,
            0.9280009269714355,
            0.0
          ],
          [
            0.0,
            0.0,
            0.0,
            1.0
          ]
        ],
        "rotation_mode": "QUATERNION"
      },
      "armature_space": {
        "head": {
          "x": 0.008162068203091621,
          "y": -0.12109962850809097,
          "z": 0.644303560256958
        },
        "tail": {
          "x": 0.10340307652950287,
          "y": -0.09963538497686386,
          "z": 0.764809250831604
        }
      },
      "world_space": {
        "head": {
          "x": 0.008162068203091621,
          "y": -0.05785562843084335,
          "z": 1.5941575765609741
        },
        "tail": {
          "x": 0.10340307652950287,
          "y": -0.03639138489961624,
          "z": 1.7146632671356201
        },
        "rotation_quaternion": {
          "w": 0.7076547741889954,
          "x": 0.6241075396537781,
          "y": 0.2615780532360077,
          "z": -0.203203022480011
        },
        "matrix": [
          [
            0.7805712819099426,
            0.6141006946563721,
            0.11657128483057022,
            0.008162068203091621
          ],
          [
            0.038907069712877274,
            0.1383984535932541,
            -0.9896122217178345,
            -0.05785562843084335
          ],
          [
            -0.6238591074943542,
            0.7770039439201355,
            0.08413667976856232,
            1.5941575765609741
          ],
          [
            0.0,
            0.0,
            0.0,
            1.0
          ]
        ]
      },
      "bone_length_armature_space": 0.15509089237488724,
      "parent": "neck_01",
      "has_children": false,
      "is_end_bone": true
    },
    "upperarm_l": {
      "name": "upperarm_l",
      "local": {
        "location": {
          "x": 0.0,
          "y": 0.0,
          "z": 0.0
        },
        "rotation_quaternion": {
          "w": -0.6595172882080078,
          "x": 0.3732507526874542,
          "y": 0.14326736330986023,
          "z": 0.6365495324134827
        },
        "scale": {
          "x": 1.0,
          "y": 1.0,
          "z": 1.0
        },
        "matrix_basis": [
          [
            0.14855830371379852,
            0.946580171585083,
            0.2862105667591095,
            0.0
          ],
          [
            -0.7326815128326416,
            -0.08902285993099213,
            0.6747242212295532,
            0.0
          ],
          [
            0.6641597747802734,
            -0.30993708968162537,
            0.680316686630249,
            0.0
          ],
          [
            0.0,
            0.0,
            0.0,
            1.0
          ]
        ],
        "rotation_mode": "QUATERNION"
      },
      "armature_space": {
        "head": {
          "x": 0.14510098099708557,
          "y": -0.0656474232673645,
          "z": 0.4955703318119049
        },
        "tail": {
          "x": 0.1174856647849083,
          "y": 0.03592664748430252,
          "z": 0.249138742685318
        }
      },
      "world_space": {
        "head": {
          "x": 0.14510098099708557,
          "y": -0.0024034231901168823,
          "z": 1.4454243183135986
        },
        "tail": {
          "x": 0.1174856647849083,
          "y": 0.09917064756155014,
          "z": 1.1989927291870117
        },
        "rotation_quaternion": {
          "w": 0.2826314866542816,
          "x": -0.24681976437568665,
          "y": 0.7807976603507996,
          "z": -0.49955418705940247
        },
        "matrix": [
          [
            -0.7183990478515625,
            -0.1030539721250534,
            0.6879555583000183,
            0.14510098099708557
          ],
          [
            -0.6678122282028198,
            0.37905097007751465,
            -0.6405835151672363,
            -0.0024034231901168823
          ],
          [
            -0.19475749135017395,
            -0.9196257591247559,
            -0.3411335349082947,
            1.4454243183135986
          ],
          [
            0.0,
            0.0,
            0.0,
            1.0
          ]
        ]
      },
      "bone_length_armature_space": 0.26797094126109877,
      "parent": "spine_01",
      "has_children": true,
      "is_end_bone": false
    },
    "lowerarm_l": {
      "name": "lowerarm_l",
      "local": {
        "location": {
          "x": 0.0,
          "y": 0.0,
          "z": 0.0
        },
        "rotation_quaternion": {
          "w": 0.9787260890007019,
          "x": 0.038825713098049164,
          "y": 0.014781325124204159,
          "z": -0.20092114806175232
        },
        "scale": {
          "x": 1.0,
          "y": 1.0,
          "z": 1.0
        },
        "matrix_basis": [
          [
            0.9188244342803955,
            0.3944413363933563,
            0.013331923633813858,
            0.0
          ],
          [
            -0.3921457529067993,
            0.9162465333938599,
            -0.08193923532962799,
            0.0
          ],
          [
            -0.044535551220178604,
            0.07005971670150757,
            0.9965481758117676,
            0.0
          ],
          [
            0.0,
            0.0,
            0.0,
            1.0
          ]
        ],
        "rotation_mode": "QUATERNION"
      },
      "armature_space": {
        "head": {
          "x": 0.11748577654361725,
          "y": 0.035926736891269684,
          "z": 0.24913865327835083
        },
        "tail": {
          "x": 0.07414935529232025,
          "y": 0.03329528495669365,
          "z": -0.014841169118881226
        }
      },
      "world_space": {
        "head": {
          "x": 0.11748577654361725,
          "y": 0.0991707369685173,
          "z": 1.1989927291870117
        },
        "tail": {
          "x": 0.07414935529232025,
          "y": 0.09653928875923157,
          "z": 0.9350128173828125
        },
        "rotation_quaternion": {
          "w": 0.25337615609169006,
          "x": -0.3598899841308594,
          "y": 0.6564167737960815,
          "z": -0.6126964092254639
        },
        "matrix": [
          [
            -0.6125587821006775,
            -0.1619904786348343,
            0.7736479043960571,
            0.11748577654361725
          ],
          [
            -0.7829612493515015,
            -0.009836308658123016,
            -0.6219926476478577,
            0.0991707369685173
          ],
          [
            0.10836668312549591,
            -0.9867501854896545,
            -0.12080845981836319,
            1.1989927291870117
          ],
          [
            0.0,
            0.0,
            0.0,
            1.0
          ]
        ]
      },
      "bone_length_armature_space": 0.2675262927274327,
      "parent": "upperarm_l",
      "has_children": true,
      "is_end_bone": false
    },
    "metacarpal_thumb_l": {
      "name": "metacarpal_thumb_l",
      "local": {
        "location": {
          "x": 0.0,
          "y": 0.0,
          "z": 0.0
        },
        "rotation_quaternion": {
          "w": 0.9994876384735107,
          "x": -0.031090248376131058,
          "y": -0.0065607428550720215,
          "z": 0.003872115630656481
        },
        "scale": {
          "x": 1.0,
          "y": 1.0,
          "z": 1.0
        },
        "matrix_basis": [
          [
            0.9998839497566223,
            -0.00733231334015727,
            -0.01335553266108036,
            0.0
          ],
          [
            0.008148213848471642,
            0.998036801815033,
            0.06209782883524895,
            0.0
          ],
          [
            0.012873992323875427,
            -0.06219944730401039,
            0.9979807138442993,
            0.0
          ],
          [
            0.0,
            0.0,
            0.0,
            1.0
          ]
        ],
        "rotation_mode": "QUATERNION"
      },
      "armature_space": {
        "head": {
          "x": 0.07414935529232025,
          "y": 0.03329528495669365,
          "z": -0.014841169118881226
        },
        "tail": {
          "x": 0.08696005493402481,
          "y": 0.009869994595646858,
          "z": -0.05656348168849945
        }
      },
      "world_space": {
        "head": {
          "x": 0.07414935529232025,
          "y": 0.09653928875923157,
          "z": 0.9350128173828125
        },
        "tail": {
          "x": 0.08696005493402481,
          "y": 0.07311399281024933,
          "z": 0.8932905197143555
        },
        "rotation_quaternion": {
          "w": 0.05370447039604187,
          "x": -0.33633357286453247,
          "y": -0.5105469226837158,
          "z": 0.7895172238349915
        },
        "matrix": [
          [
            -0.7679921984672546,
            0.25862613320350647,
            -0.5859186053276062,
            0.07414935529232025
          ],
          [
            0.4282279908657074,
            -0.47291651368141174,
            -0.770045816898346,
            0.09653928875923157
          ],
          [
            -0.47624754905700684,
            -0.8423020839691162,
            0.25244635343551636,
            0.9350128173828125
          ],
          [
            0.0,
            0.0,
            0.0,
            1.0
          ]
        ]
      },
      "bone_length_armature_space": 0.049533923460816226,
      "parent": "lowerarm_l",
      "has_children": true,
      "is_end_bone": false
    },
    "thumb_01_l": {
      "name": "thumb_01_l",
      "local": {
        "location": {
          "x": 0.0,
          "y": 0.0,
          "z": 0.0
        },
        "rotation_quaternion": {
          "w": 0.9999472498893738,
          "x": 0.008058866485953331,
          "y": 0.006241504568606615,
          "z": -0.001233686227351427
        },
        "scale": {
          "x": 1.0,
          "y": 1.0,
          "z": 1.0
        },
        "matrix_basis": [
          [
            0.999919056892395,
            0.0025678412057459354,
            0.012462466023862362,
            0.0
          ],
          [
            -0.002366643399000168,
            0.9998670816421509,
            -0.016132282093167305,
            0.0
          ],
          [
            -0.012502234429121017,
            0.01610148325562477,
            0.999792218208313,
            0.0
          ],
          [
            0.0,
            0.0,
            0.0,
            1.0
          ]
        ],
        "rotation_mode": "QUATERNION"
      },
      "armature_space": {
        "head": {
          "x": 0.08696005493402481,
          "y": 0.009869994595646858,
          "z": -0.05656348168849945
        },
        "tail": {
          "x": 0.0807688906788826,
          "y": -0.02175985835492611,
          "z": -0.06751102209091187
        }
      },
      "world_space": {
        "head": {
          "x": 0.08696005493402481,
          "y": 0.07311399281024933,
          "z": 0.8932905197143555
        },
        "tail": {
          "x": 0.0807688906788826,
          "y": 0.04148413985967636,
          "z": 0.8823429942131042
        },
        "rotation_quaternion": {
          "w": 0.18795426189899445,
          "x": -0.8734069466590881,
          "y": 0.007459663785994053,
          "z": 0.44919681549072266
        },
        "matrix": [
          [
            0.596333384513855,
            -0.1818866729736328,
            -0.7818592190742493,
            0.08696005493402481
          ],
          [
            0.15582585334777832,
            -0.9292354583740234,
            0.3350217938423157,
            0.07311399281024933
          ],
          [
            -0.7874724864959717,
            -0.32162153720855713,
            -0.525795042514801,
            0.8932905197143555
          ],
          [
            0.0,
            0.0,
            0.0,
            1.0
          ]
        ]
      },
      "bone_length_armature_space": 0.03403860611799247,
      "parent": "metacarpal_thumb_l",
      "has_children": true,
      "is_end_bone": false
    },
    "thumb_02_l": {
      "name": "thumb_02_l",
      "local": {
        "location": {
          "x": 0.0,
          "y": 0.0,
          "z": 0.0
        },
        "rotation_quaternion": {
          "w": 0.991379976272583,
          "x": 0.13050322234630585,
          "y": -0.00988740287721157,
          "z": -0.006078029051423073
        },
        "scale": {
          "x": 1.0,
          "y": 1.0,
          "z": 1.0
        },
        "matrix_basis": [
          [
            0.9997305870056152,
            0.00947059690952301,
            -0.02119075134396553,
            0.0
          ],
          [
            -0.014631948433816433,
            0.9658639430999756,
            -0.25863638520240784,
            0.0
          ],
          [
            0.01801794208586216,
            0.2588767409324646,
            0.965742290019989,
            0.0
          ],
          [
            0.0,
            0.0,
            0.0,
            1.0
          ]
        ],
        "rotation_mode": "QUATERNION"
      },
      "armature_space": {
        "head": {
          "x": 0.08076891303062439,
          "y": -0.021759863942861557,
          "z": -0.06751096248626709
        },
        "tail": {
          "x": 0.07393618673086166,
          "y": -0.01750079169869423,
          "z": -0.10686035454273224
        }
      },
      "world_space": {
        "head": {
          "x": 0.08076891303062439,
          "y": 0.04148413613438606,
          "z": 0.882343053817749
        },
        "tail": {
          "x": 0.07393618673086166,
          "y": 0.04574320837855339,
          "z": 0.8429936766624451
        },
        "rotation_quaternion": {
          "w": 0.740868866443634,
          "x": -0.6661309003829956,
          "y": 0.06429644674062729,
          "z": 0.056999899446964264
        },
        "matrix": [
          [
            0.9852340221405029,
            -0.17011888325214386,
            0.019330598413944244,
            0.08076891303062439
          ],
          [
            -0.0011999625712633133,
            0.10604095458984375,
            0.9943609237670898,
            0.04148413613438606
          ],
          [
            -0.171210378408432,
            -0.9797081351280212,
            0.10427252948284149,
            0.882343053817749
          ],
          [
            0.0,
            0.0,
            0.0,
            1.0
          ]
        ]
      },
      "bone_length_armature_space": 0.04016466731204615,
      "parent": "thumb_01_l",
      "has_children": true,
      "is_end_bone": false
    },
    "thumb_03_l": {
      "name": "thumb_03_l",
      "local": {
        "location": {
          "x": 0.0,
          "y": 0.0,
          "z": 0.0
        },
        "rotation_quaternion": {
          "w": 0.9969335794448853,
          "x": 0.07817968726158142,
          "y": 0.000299929641187191,
          "z": 0.0033789915032684803
        },
        "scale": {
          "x": 1.0,
          "y": 1.0,
          "z": 1.0
        },
        "matrix_basis": [
          [
            0.9999769926071167,
            -0.006690363399684429,
            0.0011263568885624409,
            0.0
          ],
          [
            0.006784156896173954,
            0.9877530336380005,
            -0.15587788820266724,
            0.0
          ],
          [
            -6.968286470510066e-05,
            0.15588194131851196,
            0.9877756834030151,
            0.0
          ],
          [
            0.0,
            0.0,
            0.0,
            1.0
          ]
        ],
        "rotation_mode": "QUATERNION"
      },
      "armature_space": {
        "head": {
          "x": 0.07393625378608704,
          "y": -0.01750086061656475,
          "z": -0.10686032474040985
        },
        "tail": {
          "x": 0.06633547693490982,
          "y": -0.002152686007320881,
          "z": -0.13203096389770508
        }
      },
      "world_space": {
        "head": {
          "x": 0.07393625378608704,
          "y": 0.04574313759803772,
          "z": 0.8429936766624451
        },
        "tail": {
          "x": 0.06633547693490982,
          "y": 0.06109131500124931,
          "z": 0.817823052406311
        },
        "rotation_quaternion": {
          "w": 0.8211455941200256,
          "x": -0.4976405203342438,
          "y": 0.2788991630077362,
          "z": -0.017004160210490227
        },
        "matrix": [
          [
            0.8438529372215271,
            -0.24965699017047882,
            0.4749565124511719,
            0.07393625378608704
          ],
          [
            -0.30550792813301086,
            0.5041298270225525,
            0.8077857494354248,
            0.04574313759803772
          ],
          [
            -0.4411122500896454,
            -0.8267607688903809,
            0.3491424322128296,
            0.8429936766624451
          ],
          [
            0.0,
            0.0,
            0.0,
            1.0
          ]
        ]
      },
      "bone_length_armature_space": 0.03044502132584178,
      "parent": "thumb_02_l",
      "has_children": false,
      "is_end_bone": true
    },
    "metacarpal_index_l": {
      "name": "metacarpal_index_l",
      "local": {
        "location": {
          "x": 0.0,
          "y": 0.0,
          "z": 0.0
        },
        "rotation_quaternion": {
          "w": 0.9985470771789551,
          "x": -0.05275815725326538,
          "y": -0.006663837470114231,
          "z": -0.00872131623327732
        },
        "scale": {
          "x": 1.0,
          "y": 1.0,
          "z": 1.0
        },
        "matrix_basis": [
          [
            0.9997590780258179,
            0.018120434135198593,
            -0.012388070113956928,
            0.0
          ],
          [
            -0.016714146360754967,
            0.9942810535430908,
            0.10547924041748047,
            0.0
          ],
          [
            0.014228551648557186,
            -0.10524677485227585,
            0.9943443536758423,
            0.0
          ],
          [
            0.0,
            0.0,
            0.0,
            1.0
          ]
        ],
        "rotation_mode": "QUATERNION"
      },
      "armature_space": {
        "head": {
          "x": 0.07414935529232025,
          "y": 0.03329528495669365,
          "z": -0.014841169118881226
        },
        "tail": {
          "x": 0.07847646623849869,
          "y": 0.01751519739627838,
          "z": -0.13086561858654022
        }
      },
      "world_space": {
        "head": {
          "x": 0.07414935529232025,
          "y": 0.09653928875923157,
          "z": 0.9350128173828125
        },
        "tail": {
          "x": 0.07847646623849869,
          "y": 0.080759197473526,
          "z": 0.8189883828163147
        },
        "rotation_quaternion": {
          "w": 0.00665886839851737,
          "x": 0.020450452342629433,
          "y": 0.6577373743057251,
          "z": -0.7529402375221252
        },
        "matrix": [
          [
            -0.9990750551223755,
            0.036929622292518616,
            -0.022036094218492508,
            0.07414935529232025
          ],
          [
            0.016874447464942932,
            -0.13467486202716827,
            -0.9907461404800415,
            0.09653928875923157
          ],
          [
            -0.039555784314870834,
            -0.9902085065841675,
            0.13392703235149384,
            0.9350128173828125
          ],
          [
            0.0,
            0.0,
            0.0,
            1.0
          ]
        ]
      },
      "bone_length_armature_space": 0.11717255540981508,
      "parent": "lowerarm_l",
      "has_children": true,
      "is_end_bone": false
    },
    "index_01_l": {
      "name": "index_01_l",
      "local": {
        "location": {
          "x": 0.0,
          "y": 0.0,
          "z": 0.0
        },
        "rotation_quaternion": {
          "w": 0.9985724687576294,
          "x": -0.05337763577699661,
          "y": -0.0016200055833905935,
          "z": 0.0011860370868816972
        },
        "scale": {
          "x": 1.0,
          "y": 1.0,
          "z": 1.0
        },
        "matrix_basis": [
          [
            0.9999919533729553,
            -0.0021957438439130783,
            -0.0033620016183704138,
            0.0
          ],
          [
            0.0025416321586817503,
            0.9942988157272339,
            0.10659903287887573,
            0.0
          ],
          [
            0.003108770353719592,
            -0.10660671442747116,
            0.9942964315414429,
            0.0
          ],
          [
            0.0,
            0.0,
            0.0,
            1.0
          ]
        ],
        "rotation_mode": "QUATERNION"
      },
      "armature_space": {
        "head": {
          "x": 0.07847646623849869,
          "y": 0.01751519739627838,
          "z": -0.13086561858654022
        },
        "tail": {
          "x": 0.07007135450839996,
          "y": 0.020897021517157555,
          "z": -0.1579025685787201
        }
      },
      "world_space": {
        "head": {
          "x": 0.07847646623849869,
          "y": 0.080759197473526,
          "z": 0.8189883828163147
        },
        "tail": {
          "x": 0.07007135450839996,
          "y": 0.08414102345705032,
          "z": 0.7919514179229736
        },
        "rotation_quaternion": {
          "w": 0.1383543312549591,
          "x": 0.07639529556035995,
          "y": -0.7349547743797302,
          "z": 0.6594417691230774
        },
        "matrix": [
          [
            -0.9500439763069153,
            -0.2947675287723541,
            -0.10261008143424988,
            0.07847646623849869
          ],
          [
            0.070177361369133,
            0.11860071122646332,
            -0.9904590845108032,
            0.080759197473526
          ],
          [
            0.3041270077228546,
            -0.9481868743896484,
            -0.09199151396751404,
            0.8189883828163147
          ],
          [
            0.0,
            0.0,
            0.0,
            1.0
          ]
        ]
      },
      "bone_length_armature_space": 0.02851454536874519,
      "parent": "metacarpal_index_l",
      "has_children": true,
      "is_end_bone": false
    },
    "index_02_l": {
      "name": "index_02_l",
      "local": {
        "location": {
          "x": 0.0,
          "y": 0.0,
          "z": 0.0
        },
        "rotation_quaternion": {
          "w": 0.9851956963539124,
          "x": 0.17130669951438904,
          "y": 0.0024669666308909655,
          "z": -0.0061195786111056805
        },
        "scale": {
          "x": 1.0,
          "y": 1.0,
          "z": 1.0
        },
        "matrix_basis": [
          [
            0.9999129176139832,
            0.012903180904686451,
            0.002764240140095353,
            0.0
          ],
          [
            -0.011212749406695366,
            0.9412331581115723,
            -0.3375714421272278,
            0.0
          ],
          [
            -0.006957539357244968,
            0.3375110626220703,
            0.941295862197876,
            0.0
          ],
          [
            0.0,
            0.0,
            0.0,
            1.0
          ]
        ],
        "rotation_mode": "QUATERNION"
      },
      "armature_space": {
        "head": {
          "x": 0.07007143646478653,
          "y": 0.02089673839509487,
          "z": -0.1579030305147171
        },
        "tail": {
          "x": 0.06157531961798668,
          "y": 0.016083229333162308,
          "z": -0.18162526190280914
        }
      },
      "world_space": {
        "head": {
          "x": 0.07007143646478653,
          "y": 0.08414074033498764,
          "z": 0.7919510006904602
        },
        "tail": {
          "x": 0.06157531961798668,
          "y": 0.07932722568511963,
          "z": 0.7682287693023682
        },
        "rotation_quaternion": {
          "w": 0.11110498011112213,
          "x": 0.12937869131565094,
          "y": -0.6275647878646851,
          "z": 0.7596573829650879
        },
        "matrix": [
          [
            -0.9418338537216187,
            -0.33119040727615356,
            0.05711418017745018,
            0.07007143646478653
          ],
          [
            0.006418582051992416,
            -0.1876373142004013,
            -0.98221755027771,
            0.08414074033498764
          ],
          [
            0.3360200822353363,
            -0.9247255921363831,
            0.17884911596775055,
            0.7919510006904602
          ],
          [
            0.0,
            0.0,
            0.0,
            1.0
          ]
        ]
      },
      "bone_length_armature_space": 0.025653423674669194,
      "parent": "index_01_l",
      "has_children": true,
      "is_end_bone": false
    },
    "index_03_l": {
      "name": "index_03_l",
      "local": {
        "location": {
          "x": 0.0,
          "y": 0.0,
          "z": 0.0
        },
        "rotation_quaternion": {
          "w": 0.9766700863838196,
          "x": 0.21464884281158447,
          "y": -0.0003325466823298484,
          "z": 0.006430803798139095
        },
        "scale": {
          "x": 1.0,
          "y": 1.0,
          "z": 1.0
        },
        "matrix_basis": [
          [
            0.9999170899391174,
            -0.012704309076070786,
            0.0021111522801220417,
            0.0
          ],
          [
            0.012418786063790321,
            0.9077690243721008,
            -0.41928648948669434,
            0.0
          ],
          [
            0.0034103060606867075,
            0.41927793622016907,
            0.90785151720047,
            0.0
          ],
          [
            0.0,
            0.0,
            0.0,
            1.0
          ]
        ],
        "rotation_mode": "QUATERNION"
      },
      "armature_space": {
        "head": {
          "x": 0.06157534196972847,
          "y": 0.01608337089419365,
          "z": -0.18162529170513153
        },
        "tail": {
          "x": 0.051370345056056976,
          "y": -0.0028977245092391968,
          "z": -0.20135632157325745
        }
      },
      "world_space": {
        "head": {
          "x": 0.06157534196972847,
          "y": 0.07932737469673157,
          "z": 0.7682287096977234
        },
        "tail": {
          "x": 0.051370345056056976,
          "y": 0.06034627556800842,
          "z": 0.748497724533081
        },
        "rotation_quaternion": {
          "w": 0.12270073592662811,
          "x": 0.16241206228733063,
          "y": -0.4001672863960266,
          "z": 0.8935507535934448
        },
        "matrix": [
          [
            -0.9171339273452759,
            -0.3492627739906311,
            0.19204412400722504,
            0.06157534196972847
          ],
          [
            0.08929602056741714,
            -0.649621844291687,
            -0.7549952864646912,
            0.07932737469673157
          ],
          [
            0.388450562953949,
            -0.6752883195877075,
            0.6269814372062683,
            0.7682287096977234
          ],
          [
            0.0,
            0.0,
            0.0,
            1.0
          ]
        ]
      },
      "bone_length_armature_space": 0.029218786448456602,
      "parent": "index_02_l",
      "has_children": false,
      "is_end_bone": true
    },
    "metacarpal_pinky_l": {
      "name": "metacarpal_pinky_l",
      "local": {
        "location": {
          "x": 0.0,
          "y": 0.0,
          "z": 0.0
        },
        "rotation_quaternion": {
          "w": 0.9994760751724243,
          "x": -0.02704683132469654,
          "y": -0.017678530886769295,
          "z": -0.0019124068785458803
        },
        "scale": {
          "x": 1.0,
          "y": 1.0,
          "z": 1.0
        },
        "matrix_basis": [
          [
            0.9993675947189331,
            0.004779106471687555,
            -0.03523508831858635,
            0.0
          ],
          [
            -0.002866513328626752,
            0.9985296130180359,
            0.054132938385009766,
            0.0
          ],
          [
            0.035441987216472626,
            -0.053997702896595,
            0.9979118704795837,
            0.0
          ],
          [
            0.0,
            0.0,
            0.0,
            1.0
          ]
        ],
        "rotation_mode": "QUATERNION"
      },
      "armature_space": {
        "head": {
          "x": 0.07414935529232025,
          "y": 0.03329528495669365,
          "z": -0.014841169118881226
        },
        "tail": {
          "x": 0.029236353933811188,
          "y": 0.04778989031910896,
          "z": -0.10766390711069107
        }
      },
      "world_space": {
        "head": {
          "x": 0.07414935529232025,
          "y": 0.09653928875923157,
          "z": 0.9350128173828125
        },
        "tail": {
          "x": 0.029236353933811188,
          "y": 0.11103388667106628,
          "z": 0.8421900868415833
        },
        "rotation_quaternion": {
          "w": 0.5938105583190918,
          "x": -0.6410107016563416,
          "y": 0.4658184051513672,
          "z": -0.13967019319534302
        },
        "matrix": [
          [
            0.5270082950592041,
            -0.43131348490715027,
            0.7322779893875122,
            0.07414935529232025
          ],
          [
            -0.7630664110183716,
            0.13919620215892792,
            0.631152868270874,
            0.09653928875923157
          ],
          [
            -0.37415847182273865,
            -0.8914055228233337,
            -0.2557644546031952,
            0.9350128173828125
          ],
          [
            0.0,
            0.0,
            0.0,
            1.0
          ]
        ]
      },
      "bone_length_armature_space": 0.10413132176705299,
      "parent": "lowerarm_l",
      "has_children": true,
      "is_end_bone": false
    },
    "pinky_01_l": {
      "name": "pinky_01_l",
      "local": {
        "location": {
          "x": 0.0,
          "y": 0.0,
          "z": 0.0
        },
        "rotation_quaternion": {
          "w": 0.9994708895683289,
          "x": 0.0287482813000679,
          "y": 0.01384493988007307,
          "z": -0.006303728092461824
        },
        "scale": {
          "x": 1.0,
          "y": 1.0,
          "z": 1.0
        },
        "matrix_basis": [
          [
            0.9995371699333191,
            0.013396821916103363,
            0.027312785387039185,
            0.0
          ],
          [
            -0.011804749257862568,
            0.9982675909996033,
            -0.057640690356492996,
            0.0
          ],
          [
            -0.028037670999765396,
            0.05729158967733383,
            0.9979637265205383,
            0.0
          ],
          [
            0.0,
            0.0,
            0.0,
            1.0
          ]
        ],
        "rotation_mode": "QUATERNION"
      },
      "armature_space": {
        "head": {
