{
  "metadata": {
    "armature_name": "KIM_caucasian_male",
    "export_time": "2026-01-13T21:05:18.280222",
    "blender_version": "4.4.1",
    "bone_count": 56,
    "end_bone_count": 13,
    "spaces_included": [
      "LOCAL_CHANNELS",
      "ARMATURE_SPACE",
      "WORLD_SPACE"
    ],
    "note": "LOCAL matches Transform panel; replay pose via local.matrix_basis for best fidelity."
  },
  "bones": {
    "Root": {
      "name": "Root",
      "local": {
        "location": {
          "x": 0.0,
          "y": 0.0,
          "z": 0.0
        },
        "rotation_quaternion": {
          "w": 0.999898374080658,
          "x": -0.005559319630265236,
          "y": -0.010495456866919994,
          "z": -0.007891966961324215
        },
        "scale": {
          "x": 1.0,
          "y": 1.0,
          "z": 1.0
        },
        "matrix_basis": [
          [
            0.9996551275253296,
            0.01589902490377426,
            -0.02090103179216385,
            0.0
          ],
          [
            -0.015665635466575623,
            0.9998136162757874,
            0.011283168569207191,
            0.0
          ],
          [
            0.02107652835547924,
            -0.01095184963196516,
            0.9997178912162781,
            0.0
          ],
          [
            0.0,
            0.0,
            0.0,
            1.0
          ]
        ],
        "rotation_mode": "QUATERNION"
      },
      "armature_space": {
        "head": {
          "x": 0.0,
          "y": 0.07072800397872925,
          "z": -0.009595036506652832
        },
        "tail": {
          "x": 0.0011348067782819271,
          "y": 0.00011827051639556885,
          "z": 0.0007728198543190956
        }
      },
      "world_space": {
        "head": {
          "x": 0.0,
          "y": 0.13397200405597687,
          "z": 0.9402589797973633
        },
        "tail": {
          "x": 0.0011348067782819271,
          "y": 0.06336227059364319,
          "z": 0.9506268501281738
        },
        "rotation_quaternion": {
          "w": 0.07290749996900558,
          "x": 0.9972522854804993,
          "y": 0.0071669816970825195,
          "z": -0.011003279127180576
        },
        "matrix": [
          [
            0.9996551275253296,
            0.01589902490377426,
            -0.02090103179216385,
            0.0
          ],
          [
            0.012690129689872265,
            -0.9892662167549133,
            -0.14557252824306488,
            0.13397200405597687
          ],
          [
            -0.022991295903921127,
            0.1452571600675583,
            -0.9891338348388672,
            0.9402589797973633
          ],
          [
            0.0,
            0.0,
            0.0,
            1.0
          ]
        ]
      },
      "bone_length_armature_space": 0.07137586836627054,
      "parent": null,
      "has_children": true,
      "is_end_bone": false
    },
    "spine_01": {
      "name": "spine_01",
      "local": {
        "location": {
          "x": 0.0,
          "y": 0.0,
          "z": 0.0
        },
        "rotation_quaternion": {
          "w": 0.9973850846290588,
          "x": -0.049500592052936554,
          "y": -0.05093538761138916,
          "z": -0.013354042544960976
        },
        "scale": {
          "x": 1.0,
          "y": 1.0,
          "z": 1.0
        },
        "matrix_basis": [
          [
            0.9944545030593872,
            0.03168090805411339,
            -0.10028232634067535,
            0.0
          ],
          [
            -0.021595582365989685,
            0.994742751121521,
            0.10010269284248352,
            0.0
          ],
          [
            0.10292645543813705,
            -0.09738191962242126,
            0.9899105429649353,
            0.0
          ],
          [
            0.0,
            0.0,
            0.0,
            1.0
          ]
        ],
        "rotation_mode": "QUATERNION"
      },
      "armature_space": {
        "head": {
          "x": 0.0011348067782819271,
          "y": 0.00011827051639556885,
          "z": 0.0007728198543190956
        },
        "tail": {
          "x": 0.026710253208875656,
          "y": 0.07590043544769287,
          "z": 0.48217859864234924
        }
      },
      "world_space": {
        "head": {
          "x": 0.0011348067782819271,
          "y": 0.06336227059364319,
          "z": 0.9506268501281738
        },
        "tail": {
          "x": 0.026710253208875656,
          "y": 0.1391444355249405,
          "z": 1.432032585144043
        },
        "rotation_quaternion": {
          "w": 0.7598811388015747,
          "x": 0.6481643319129944,
          "y": -0.015030352398753166,
          "z": -0.04730530455708504
        },
        "matrix": [
          [
            0.9950725436210632,
            0.05240856856107712,
            -0.08416608721017838,
            0.0011348067782819271
          ],
          [
            -0.09137742221355438,
            0.15529093146324158,
            -0.9836335778236389,
            0.06336227059364319
          ],
          [
            -0.03848095238208771,
            0.9864847660064697,
            0.15931491553783417,
            0.9506268501281738
          ],
          [
            0.0,
            0.0,
            0.0,
            1.0
          ]
        ]
      },
      "bone_length_armature_space": 0.4880046682825015,
      "parent": "Root",
      "has_children": true,
      "is_end_bone": false
    },
    "neck_01": {
      "name": "neck_01",
      "local": {
        "location": {
          "x": 0.0,
          "y": 0.0,
          "z": 0.0
        },
        "rotation_quaternion": {
          "w": 0.9825506210327148,
          "x": -0.13746492564678192,
          "y": 0.02157277800142765,
          "z": 0.12342007458209991
        },
        "scale": {
          "x": 1.0,
          "y": 1.0,
          "z": 1.0
        },
        "matrix_basis": [
          [
            0.9686042070388794,
            -0.2484639436006546,
            0.008460829965770245,
            0.0
          ],
          [
            0.23660193383693695,
            0.9317417740821838,
            0.2754575312137604,
            0.0
          ],
          [
            -0.07632455229759216,
            -0.26480746269226074,
            0.9612759947776794,
            0.0
          ],
          [
            0.0,
            0.0,
            0.0,
            1.0
          ]
        ],
        "rotation_mode": "QUATERNION"
      },
      "armature_space": {
        "head": {
          "x": 0.027628609910607338,
          "y": 0.053157757967710495,
          "z": 0.5599326491355896
        },
        "tail": {
          "x": 0.00656350702047348,
          "y": 0.05985397472977638,
          "z": 0.6600435376167297
        }
      },
      "world_space": {
        "head": {
          "x": 0.027628609910607338,
          "y": 0.11640176177024841,
          "z": 1.509786605834961
        },
        "tail": {
          "x": 0.00656350702047348,
          "y": 0.1230979710817337,
          "z": 1.6098976135253906
        },
        "rotation_quaternion": {
          "w": 0.7227824926376343,
          "x": 0.68203204870224,
          "y": -0.10120707005262375,
          "z": 0.046637505292892456
        },
        "matrix": [
          [
            0.9751642942428589,
            -0.20547042787075043,
            -0.08268357813358307,
            0.027628609910607338
          ],
          [
            -0.07063394784927368,
            0.0653153508901596,
            -0.9953618049621582,
            0.11640176177024841
          ],
          [
            0.209919273853302,
            0.9764882922172546,
            0.04917936027050018,
            1.509786605834961
          ],
          [
            0.0,
            0.0,
            0.0,
            1.0
          ]
        ]
      },
      "bone_length_armature_space": 0.10252203803565318,
      "parent": "spine_01",
      "has_children": true,
      "is_end_bone": false
    },
    "head": {
      "name": "head",
      "local": {
        "location": {
          "x": 0.0,
          "y": 0.0,
          "z": 0.0
        },
        "rotation_quaternion": {
          "w": 0.9800841212272644,
          "x": -0.004997633397579193,
          "y": -0.01668347790837288,
          "z": -0.19781789183616638
        },
        "scale": {
          "x": 1.0,
          "y": 1.0,
          "z": 1.0
        },
        "matrix_basis": [
          [
            0.921179473400116,
            0.38792309165000916,
            -0.030725181102752686,
            0.0
          ],
          [
            -0.38758960366249084,
            0.9216862320899963,
            0.01639678329229355,
            0.0
          ],
          [
            0.03467966616153717,
            -0.003195621306076646,
            0.9993933439254761,
            0.0
          ],
          [
            0.0,
            0.0,
            0.0,
            1.0
          ]
        ],
        "rotation_mode": "QUATERNION"
      },
      "armature_space": {
        "head": {
          "x": 0.0065635088831186295,
          "y": 0.05985381454229355,
          "z": 0.660043478012085
        },
        "tail": {
          "x": 0.042075224220752716,
          "y": 0.11605069041252136,
          "z": 0.8001652359962463
        }
      },
      "world_space": {
        "head": {
          "x": 0.0065635088831186295,
          "y": 0.12309781461954117,
          "z": 1.609897494316101
        },
        "tail": {
          "x": 0.042075224220752716,
          "y": 0.17929469048976898,
          "z": 1.7500193119049072
        },
        "rotation_quaternion": {
          "w": 0.8251957297325134,
          "x": 0.5447207689285278,
          "y": -0.015053510665893555,
          "z": -0.14867642521858215
        },
        "matrix": [
          [
            0.9553372263908386,
            0.2289745956659317,
            -0.18681955337524414,
            0.0065635088831186295
          ],
          [
            -0.2617754638195038,
            0.36234956979751587,
            -0.8945260643959045,
            0.12309781461954117
          ],
          [
            -0.13713103532791138,
            0.9034853577613831,
            0.4061078429222107,
            1.609897494316101
          ],
          [
            0.0,
            0.0,
            0.0,
            1.0
          ]
        ]
      },
      "bone_length_armature_space": 0.15509119224985343,
      "parent": "neck_01",
      "has_children": false,
      "is_end_bone": true
    },
    "upperarm_l": {
      "name": "upperarm_l",
      "local": {
        "location": {
          "x": 0.0,
          "y": 0.0,
          "z": 0.0
        },
        "rotation_quaternion": {
          "w": 0.7231572866439819,
          "x": 0.4422895312309265,
          "y": 0.3299851417541504,
          "z": 0.41537126898765564
        },
        "scale": {
          "x": 1.0,
          "y": 1.0,
          "z": 1.0
        },
        "matrix_basis": [
          [
            0.43715304136276245,
            -0.30885958671569824,
            0.8446910381317139,
            0.0
          ],
          [
            0.8926554918289185,
            0.26369336247444153,
            -0.36555710434913635,
            0.0
          ],
          [
            -0.10983359068632126,
            0.9138224720954895,
            0.3909795582294464,
            0.0
          ],
          [
            0.0,
            0.0,
            0.0,
            1.0
          ]
        ],
        "rotation_mode": "QUATERNION"
      },
      "armature_space": {
        "head": {
          "x": 0.17309881746768951,
          "y": 0.025877445936203003,
          "z": 0.4883691370487213
        },
        "tail": {
          "x": 0.2380451261997223,
          "y": -0.20978933572769165,
          "z": 0.5981456637382507
        }
      },
      "world_space": {
        "head": {
          "x": 0.17309881746768951,
          "y": 0.08912144601345062,
          "z": 1.438223123550415
        },
        "tail": {
          "x": 0.2380451261997223,
          "y": -0.14654533565044403,
          "z": 1.547999620437622
        },
        "rotation_quaternion": {
          "w": 0.2366667240858078,
          "x": 0.9355334043502808,
          "y": 0.06528297066688538,
          "z": -0.2539769411087036
        },
        "matrix": [
          [
            0.8624679446220398,
            0.24236461520195007,
            -0.44430676102638245,
            0.17309881746768951
          ],
          [
            0.0019331946969032288,
            -0.8794539570808411,
            -0.47598016262054443,
            0.08912144601345062
          ],
          [
            -0.506111741065979,
            0.4096606969833374,
            -0.758975088596344,
            1.438223123550415
          ],
          [
            0.0,
            0.0,
            0.0,
            1.0
          ]
        ]
      },
      "bone_length_armature_space": 0.26796966554663265,
      "parent": "spine_01",
      "has_children": true,
      "is_end_bone": false
    },
    "lowerarm_l": {
      "name": "lowerarm_l",
      "local": {
        "location": {
          "x": 0.0,
          "y": 0.0,
          "z": 0.0
        },
        "rotation_quaternion": {
          "w": 0.8729944229125977,
          "x": 0.3863009214401245,
          "y": 0.16045840084552765,
          "z": -0.2508096992969513
        },
        "scale": {
          "x": 1.0,
          "y": 1.0,
          "z": 1.0
        },
        "matrix_basis": [
          [
            0.8226951956748962,
            0.561881422996521,
            0.08638254553079605,
            0.0
          ],
          [
            -0.31394049525260925,
            0.5757321715354919,
            -0.754966139793396,
            0.0
          ],
          [
            -0.4739346206188202,
            0.5939880609512329,
            0.6500493884086609,
            0.0
          ],
          [
            0.0,
            0.0,
            0.0,
            1.0
          ]
        ],
        "rotation_mode": "QUATERNION"
      },
      "armature_space": {
        "head": {
          "x": 0.23804500699043274,
          "y": -0.20978944003582,
          "z": 0.5981457233428955
        },
        "tail": {
          "x": 0.2852811813354492,
          "y": -0.42663952708244324,
          "z": 0.44876527786254883
        }
      },
      "world_space": {
        "head": {
          "x": 0.23804500699043274,
          "y": -0.1465454399585724,
          "z": 1.5479997396469116
        },
        "tail": {
          "x": 0.2852811813354492,
          "y": -0.3633955121040344,
          "z": 1.398619294166565
        },
        "rotation_quaternion": {
          "w": 0.27128908038139343,
          "x": -0.935153067111969,
          "y": -0.14530052244663239,
          "z": 0.175438791513443
        },
        "matrix": [
          [
            0.896217942237854,
            0.17656761407852173,
            -0.40696120262145996,
            0.23804500699043274
          ],
          [
            0.36694592237472534,
            -0.8105803728103638,
            0.45641010999679565,
            -0.1465454399585724
          ],
          [
            -0.24928897619247437,
            -0.5583804845809937,
            -0.7912523746490479,
            1.5479997396469116
          ],
          [
            0.0,
            0.0,
            0.0,
            1.0
          ]
        ]
      },
      "bone_length_armature_space": 0.2675251995426676,
      "parent": "upperarm_l",
      "has_children": true,
      "is_end_bone": false
    },
    "metacarpal_thumb_l": {
      "name": "metacarpal_thumb_l",
      "local": {
        "location": {
          "x": 0.0,
          "y": 0.0,
          "z": 0.0
        },
        "rotation_quaternion": {
          "w": 0.9999111890792847,
          "x": -0.00861537829041481,
          "y": 0.0074299913831055164,
          "z": -0.006952494382858276
        },
        "scale": {
          "x": 1.0,
          "y": 1.0,
          "z": 1.0
        },
        "matrix_basis": [
          [
            0.9997929334640503,
            0.013775729574263096,
            0.014978460036218166,
            0.0
          ],
          [
            -0.01403177808970213,
            0.9997549057006836,
            0.017125912010669708,
            0.0
          ],
          [
            -0.014738866128027439,
            -0.017332540825009346,
            0.9997411370277405,
            0.0
          ],
          [
            0.0,
            0.0,
            0.0,
            1.0
          ]
        ],
        "rotation_mode": "QUATERNION"
      },
      "armature_space": {
        "head": {
          "x": 0.2852811813354492,
          "y": -0.42663952708244324,
          "z": 0.44876527786254883
        },
        "tail": {
          "x": 0.2880120873451233,
          "y": -0.44264480471611023,
          "z": 0.40196794271469116
        }
      },
      "world_space": {
        "head": {
          "x": 0.2852811813354492,
          "y": -0.3633955121040344,
          "z": 1.398619294166565
        },
        "tail": {
          "x": 0.2880120873451233,
          "y": -0.3794007897377014,
          "z": 1.3518218994140625
        },
        "rotation_quaternion": {
          "w": 0.5117012858390808,
          "x": -0.6916587352752686,
          "y": 0.2767717242240906,
          "z": -0.4279806315898895
        },
        "matrix": [
          [
            0.4804609417915344,
            0.055132243782281876,
            0.8752816319465637,
            0.2852811813354492
          ],
          [
            -0.8208590149879456,
            -0.323119193315506,
            0.4709399342536926,
            -0.3633955121040344
          ],
          [
            0.3087855577468872,
            -0.9447578191757202,
            -0.10999075323343277,
            1.398619294166565
          ],
          [
            0.0,
            0.0,
            0.0,
            1.0
          ]
        ]
      },
      "bone_length_armature_space": 0.04953400210111853,
      "parent": "lowerarm_l",
      "has_children": true,
      "is_end_bone": false
    },
    "thumb_01_l": {
      "name": "thumb_01_l",
      "local": {
        "location": {
          "x": 0.0,
          "y": 0.0,
          "z": 0.0
        },
        "rotation_quaternion": {
          "w": 0.9987685680389404,
          "x": 0.0489618293941021,
          "y": 0.00795746874064207,
          "z": -0.0009573322022333741
        },
        "scale": {
          "x": 1.0,
          "y": 1.0,
          "z": 1.0
        },
        "matrix_basis": [
          [
            0.999871551990509,
            0.0026915310882031918,
            0.01580159366130829,
            0.0
          ],
          [
            -0.001133082201704383,
            0.9952036738395691,
            -0.09781830757856369,
            0.0
          ],
          [
            -0.015989085659384727,
            0.09778783470392227,
            0.9950788617134094,
            0.0
          ],
          [
            0.0,
            0.0,
            0.0,
            1.0
          ]
        ],
        "rotation_mode": "QUATERNION"
      },
      "armature_space": {
        "head": {
          "x": 0.2880120873451233,
          "y": -0.44264480471611023,
          "z": 0.40196794271469116
        },
        "tail": {
          "x": 0.31106385588645935,
          "y": -0.43739280104637146,
          "z": 0.3774798810482025
        }
      },
      "world_space": {
        "head": {
          "x": 0.2880120873451233,
          "y": -0.3794007897377014,
          "z": 1.3518218994140625
        },
        "tail": {
          "x": 0.31106385588645935,
          "y": -0.37414878606796265,
          "z": 1.327333927154541
        },
        "rotation_quaternion": {
          "w": 0.46929723024368286,
          "x": 0.05801427736878395,
          "y": 0.597417414188385,
          "z": -0.6476781368255615
        },
        "matrix": [
          [
            -0.5527865886688232,
            0.6772249341011047,
            0.48558592796325684,
            0.2880120873451233
          ],
          [
            -0.5385928153991699,
            0.1542953997850418,
            -0.8283180594444275,
            -0.3794007897377014
          ],
          [
            -0.6358858942985535,
            -0.7194211483001709,
            0.27945706248283386,
            1.3518218994140625
          ],
          [
            0.0,
            0.0,
            0.0,
            1.0
          ]
        ]
      },
      "bone_length_armature_space": 0.03403869453271924,
      "parent": "metacarpal_thumb_l",
      "has_children": true,
      "is_end_bone": false
    },
    "thumb_02_l": {
      "name": "thumb_02_l",
      "local": {
        "location": {
          "x": 0.0,
          "y": 0.0,
          "z": 0.0
        },
        "rotation_quaternion": {
          "w": 0.9940713047981262,
          "x": 0.10838207602500916,
          "y": 0.001526110339909792,
          "z": -0.00856256764382124
        },
        "scale": {
          "x": 1.0,
          "y": 1.0,
          "z": 1.0
        },
        "matrix_basis": [
          [
            0.9998487234115601,
            0.017354412004351616,
            0.0011780672939494252,
            0.0
          ],
          [
            -0.01669280044734478,
            0.976360023021698,
            -0.21550515294075012,
            0.0
          ],
          [
            -0.00489018252119422,
            0.2154528945684433,
            0.976502001285553,
            0.0
          ],
          [
            0.0,
            0.0,
            0.0,
            1.0
          ]
        ],
        "rotation_mode": "QUATERNION"
      },
      "armature_space": {
        "head": {
          "x": 0.31106382608413696,
          "y": -0.4373927712440491,
          "z": 0.3774799108505249
        },
        "tail": {
          "x": 0.3166797459125519,
          "y": -0.4726334810256958,
          "z": 0.35904788970947266
        }
      },
      "world_space": {
        "head": {
          "x": 0.31106382608413696,
          "y": -0.37414878606796265,
          "z": 1.327333927154541
        },
        "tail": {
          "x": 0.3166797459125519,
          "y": -0.4093894958496094,
          "z": 1.3089019060134888
        },
        "rotation_quaternion": {
          "w": 0.008741019293665886,
          "x": -0.31492945551872253,
          "y": -0.2474229633808136,
          "z": 0.9162558913230896
        },
        "matrix": [
          [
            -0.8014864921569824,
            0.1398230493068695,
            -0.5814372301101685,
            0.31106382608413696
          ],
          [
            0.17185921967029572,
            -0.8774114847183228,
            -0.44789910316467285,
            -0.37414878606796265
          ],
          [
            -0.5727898478507996,
            -0.45891427993774414,
            0.6792078018188477,
            1.327333927154541
          ],
          [
            0.0,
            0.0,
            0.0,
            1.0
          ]
        ]
      },
      "bone_length_armature_space": 0.04016448122200049,
      "parent": "thumb_01_l",
      "has_children": true,
      "is_end_bone": false
    },
    "thumb_03_l": {
      "name": "thumb_03_l",
      "local": {
        "location": {
          "x": 0.0,
          "y": 0.0,
          "z": 0.0
        },
        "rotation_quaternion": {
          "w": 0.9968438148498535,
          "x": 0.07890577614307404,
          "y": 0.0073371706530451775,
          "z": 0.004762051627039909
        },
        "scale": {
          "x": 1.0,
          "y": 1.0,
          "z": 1.0
        },
        "matrix_basis": [
          [
            0.9998469948768616,
            -0.008336152881383896,
            0.015379533171653748,
            0.0
          ],
          [
            0.010651933960616589,
            0.98750239610672,
            -0.15724359452724457,
            0.0
          ],
          [
            -0.013876519165933132,
            0.15738335251808167,
            0.9874401092529297,
            0.0
          ],
          [
            0.0,
            0.0,
            0.0,
            1.0
          ]
        ],
        "rotation_mode": "QUATERNION"
      },
      "armature_space": {
        "head": {
          "x": 0.3166797161102295,
          "y": -0.47263339161872864,
          "z": 0.35904785990715027
        },
        "tail": {
          "x": 0.31582140922546387,
          "y": -0.5029810070991516,
          "z": 0.356772243976593
        }
      },
      "world_space": {
        "head": {
          "x": 0.3166797161102295,
          "y": -0.4093893766403198,
          "z": 1.3089019060134888
        },
        "tail": {
          "x": 0.31582140922546387,
          "y": -0.4397370219230652,
          "z": 1.306626319885254
        },
        "rotation_quaternion": {
          "w": 0.031117558479309082,
          "x": -0.5064366459846497,
          "y": -0.02509208954870701,
          "z": 0.8613501191139221
        },
        "matrix": [
          [
            -0.4851072132587433,
            -0.02819175273180008,
            -0.8740003108978271,
            0.3166797161102295
          ],
          [
            0.07902111113071442,
            -0.9968042969703674,
            -0.011707231402397156,
            -0.4093893766403198
          ],
          [
            -0.8708828687667847,
            -0.07474509626626968,
            0.48578810691833496,
            1.3089019060134888
          ],
          [
            0.0,
            0.0,
            0.0,
            1.0
          ]
        ]
      },
      "bone_length_armature_space": 0.03044491601464136,
      "parent": "thumb_02_l",
      "has_children": false,
      "is_end_bone": true
    },
    "metacarpal_index_l": {
      "name": "metacarpal_index_l",
      "local": {
        "location": {
          "x": 0.0,
          "y": 0.0,
          "z": 0.0
        },
        "rotation_quaternion": {
          "w": 0.9998743534088135,
          "x": 0.013563842512667179,
          "y": 0.006116598844528198,
          "z": 0.005473063327372074
        },
        "scale": {
          "x": 1.0,
          "y": 1.0,
          "z": 1.0
        },
        "matrix_basis": [
          [
            0.9998652935028076,
            -0.010778822004795074,
            0.01238013245165348,
            0.0
          ],
          [
            0.011110680177807808,
            0.9995721578598022,
            -0.02705732360482216,
            0.0
          ],
          [
            -0.012083188630640507,
            0.027191229164600372,
            0.9995571970939636,
            0.0
          ],
          [
            0.0,
            0.0,
            0.0,
            1.0
          ]
        ],
        "rotation_mode": "QUATERNION"
      },
      "armature_space": {
        "head": {
          "x": 0.2852811813354492,
          "y": -0.42663952708244324,
          "z": 0.44876527786254883
        },
        "tail": {
          "x": 0.296077162027359,
          "y": -0.49573349952697754,
          "z": 0.35475024580955505
        }
      },
      "world_space": {
        "head": {
          "x": 0.2852811813354492,
          "y": -0.3633955121040344,
          "z": 1.398619294166565
        },
        "tail": {
          "x": 0.296077162027359,
          "y": -0.4324895143508911,
          "z": 1.3046042919158936
        },
        "rotation_quaternion": {
          "w": 0.4473477005958557,
          "x": -0.8588293790817261,
          "y": 0.07099153101444244,
          "z": -0.23927447199821472
        },
        "matrix": [
          [
            0.8754163384437561,
            0.09213808923959732,
            0.474507212638855,
            0.2852811813354492
          ],
          [
            -0.33601638674736023,
            -0.5896812677383423,
            0.7344174981117249,
            -0.3633955121040344
          ],
          [
            0.3474777340888977,
            -0.8023694753646851,
            -0.4852592647075653,
            1.398619294166565
          ],
          [
            0.0,
            0.0,
            0.0,
            1.0
          ]
        ]
      },
      "bone_length_armature_space": 0.11717233578349888,
      "parent": "lowerarm_l",
      "has_children": true,
      "is_end_bone": false
    },
    "index_01_l": {
      "name": "index_01_l",
      "local": {
        "location": {
          "x": 0.0,
          "y": 0.0,
          "z": 0.0
        },
        "rotation_quaternion": {
          "w": 0.996002197265625,
          "x": -0.08789227902889252,
          "y": 0.015820743516087532,
          "z": -0.0020808358676731586
        },
        "scale": {
          "x": 1.0,
          "y": 1.0,
          "z": 1.0
        },
        "matrix_basis": [
          [
            0.9994907379150391,
            0.0013639917597174644,
            0.03188076987862587,
            0.0
          ],
          [
            -0.006926076486706734,
            0.9845412373542786,
            0.17501597106456757,
            0.0
          ],
          [
            -0.031149212270975113,
            -0.1751476526260376,
            0.9840493202209473,
            0.0
          ],
          [
            0.0,
            0.0,
            0.0,
            1.0
          ]
        ],
        "rotation_mode": "QUATERNION"
      },
      "armature_space": {
        "head": {
          "x": 0.296077162027359,
          "y": -0.49573349952697754,
          "z": 0.35475024580955505
        },
        "tail": {
          "x": 0.30254286527633667,
          "y": -0.5202988982200623,
          "z": 0.3417961299419403
        }
      },
      "world_space": {
        "head": {
          "x": 0.296077162027359,
          "y": -0.4324895143508911,
          "z": 1.3046042919158936
        },
        "tail": {
          "x": 0.30254286527633667,
          "y": -0.45705491304397583,
          "z": 1.2916501760482788
        },
        "rotation_quaternion": {
          "w": 0.2618267834186554,
          "x": -0.9019690752029419,
          "y": -0.026319503784179688,
          "z": -0.3423534035682678
        },
        "matrix": [
          [
            0.7642033696174622,
            0.22675281763076782,
            0.6038017868995667,
            0.296077162027359
          ],
          [
            -0.13179519772529602,
            -0.8615086674690247,
            0.49033957719802856,
            -0.4324895143508911
          ],
          [
            0.631370484828949,
            -0.45430150628089905,
            -0.6284867525100708,
            1.3046042919158936
          ],
          [
            0.0,
            0.0,
            0.0,
            1.0
          ]
        ]
      },
      "bone_length_armature_space": 0.028514438868415582,
      "parent": "metacarpal_index_l",
      "has_children": true,
      "is_end_bone": false
    },
    "index_02_l": {
      "name": "index_02_l",
      "local": {
        "location": {
          "x": 0.0,
          "y": 0.0,
          "z": 0.0
        },
        "rotation_quaternion": {
          "w": 0.9794274568557739,
          "x": 0.2013966590166092,
          "y": 0.012585844844579697,
          "z": 0.001677286927588284
        },
        "scale": {
          "x": 1.0,
          "y": 1.0,
          "z": 1.0
        },
        "matrix_basis": [
          [
            0.9996775388717651,
            0.0017839324427768588,
            0.02532944455742836,
            0.0
          ],
          [
            0.008355055935680866,
            0.918873131275177,
            -0.3944646120071411,
            0.0
          ],
          [
            -0.02397824451327324,
            0.39454904198646545,
            0.9185619354248047,
            0.0
          ],
          [
            0.0,
            0.0,
            0.0,
            1.0
          ]
        ],
        "rotation_mode": "QUATERNION"
      },
      "armature_space": {
        "head": {
          "x": 0.30254295468330383,
          "y": -0.5202990174293518,
          "z": 0.34179559350013733
        },
        "tail": {
          "x": 0.31366342306137085,
          "y": -0.536366879940033,
          "z": 0.3251746892929077
        }
      },
      "world_space": {
        "head": {
          "x": 0.30254295468330383,
          "y": -0.4570550322532654,
          "z": 1.291649580001831
        },
        "tail": {
          "x": 0.31366342306137085,
          "y": -0.47312289476394653,
          "z": 1.2750287055969238
        },
        "rotation_quaternion": {
          "w": 0.4203417897224426,
          "x": -0.8456791043281555,
          "y": -0.10069789737462997,
          "z": -0.3130490481853485
        },
        "matrix": [
          [
            0.7837212681770325,
            0.4334910809993744,
            0.4448221027851105,
            0.30254295468330383
          ],
          [
            -0.0928572565317154,
            -0.6263465285301208,
            0.7739945650100708,
            -0.4570550322532654
          ],
          [
            0.6141365170478821,
            -0.6479061841964722,
            -0.4506305158138275,
            1.291649580001831
          ],
          [
            0.0,
            0.0,
            0.0,
            1.0
          ]
        ]
      },
      "bone_length_armature_space": 0.025653371983923038,
      "parent": "index_01_l",
      "has_children": true,
      "is_end_bone": false
    },
    "index_03_l": {
      "name": "index_03_l",
      "local": {
        "location": {
          "x": 0.0,
          "y": 0.0,
          "z": 0.0
        },
        "rotation_quaternion": {
          "w": 0.9758658409118652,
          "x": 0.21835914254188538,
          "y": -0.0016495338641107082,
          "z": -0.0015254756435751915
        },
        "scale": {
          "x": 1.0,
          "y": 1.0,
          "z": 1.0
        },
        "matrix_basis": [
          [
            0.999989926815033,
            0.0022569375578314066,
            -0.0038856505416333675,
            0.0
          ],
          [
            -0.003697700798511505,
            0.9046339392662048,
            -0.4261734187602997,
            0.0
          ],
          [
            0.0025532443542033434,
            0.4261834919452667,
            0.904633104801178,
            0.0
          ],
          [
            0.0,
            0.0,
            0.0,
            1.0
          ]
        ],
        "rotation_mode": "QUATERNION"
      },
      "armature_space": {
        "head": {
          "x": 0.3136633336544037,
          "y": -0.5363669395446777,
          "z": 0.3251747488975525
        },
        "tail": {
          "x": 0.3336387574672699,
          "y": -0.5409860610961914,
          "z": 0.3043568730354309
        }
      },
      "world_space": {
        "head": {
          "x": 0.3136633336544037,
          "y": -0.4731229543685913,
          "z": 1.2750287055969238
        },
        "tail": {
          "x": 0.3336387574672699,
          "y": -0.477742075920105,
          "z": 1.2542109489440918
        },
        "rotation_quaternion": {
          "w": 0.6127501130104065,
          "x": -0.691746711730957,
          "y": -0.21329383552074432,
          "z": -0.31706395745277405
        },
        "matrix": [
          [
            0.7079529762268066,
            0.6836523413658142,
            0.1772632598876953,
            0.3136633336544037
          ],
          [
            -0.09346796572208405,
            -0.15808817744255066,
            0.9829912185668945,
            -0.4731229543685913
          ],
          [
            0.7000521421432495,
            -0.7124851942062378,
            -0.04801854491233826,
            1.2750287055969238
          ],
          [
            0.0,
            0.0,
            0.0,
            1.0
          ]
        ]
      },
      "bone_length_armature_space": 0.02921879174005506,
      "parent": "index_02_l",
      "has_children": false,
      "is_end_bone": true
    },
    "metacarpal_pinky_l": {
      "name": "metacarpal_pinky_l",
      "local": {
        "location": {
          "x": 0.0,
          "y": 0.0,
          "z": 0.0
        },
        "rotation_quaternion": {
          "w": 0.9998031854629517,
          "x": 0.007212439551949501,
          "y": 0.008448446169495583,
          "z": 0.016438376158475876
        },
        "scale": {
          "x": 1.0,
          "y": 1.0,
          "z": 1.0
        },
        "matrix_basis": [
          [
            0.9993168115615845,
            -0.03274841234087944,
            0.017130687832832336,
            0.0
          ],
          [
            0.032992150634527206,
            0.9993554949760437,
            -0.014144282788038254,
            0.0
          ],
          [
            -0.01665644533932209,
            0.01469979714602232,
            0.9997532367706299,
            0.0
          ],
          [
            0.0,
            0.0,
            0.0,
            1.0
          ]
        ],
        "rotation_mode": "QUATERNION"
      },
      "armature_space": {
        "head": {
          "x": 0.2852811813354492,
          "y": -0.42663952708244324,
          "z": 0.44876527786254883
        },
        "tail": {
          "x": 0.31496790051460266,
          "y": -0.5226575136184692,
          "z": 0.42151689529418945
        }
      },
      "world_space": {
        "head": {
          "x": 0.2852811813354492,
          "y": -0.3633955121040344,
          "z": 1.398619294166565
        },
        "tail": {
          "x": 0.31496790051460266,
          "y": -0.4594135284423828,
          "z": 1.3713709115982056
        },
        "rotation_quaternion": {
          "w": 0.010218403302133083,
          "x": 0.686934232711792,
          "y": 0.19710396230220795,
          "z": -0.6994047164916992
        },
        "matrix": [
          [
            -0.05603384971618652,
            0.285090833902359,
            -0.9568614363670349,
            0.2852811813354492
          ],
          [
            0.25650086998939514,
            -0.9220906496047974,
            -0.28975191712379456,
            -0.3633955121040344
          ],
          [
            -0.9649249315261841,
            -0.26167455315589905,
            -0.021458137780427933,
            1.398619294166565
          ],
          [
            0.0,
            0.0,
            0.0,
            1.0
          ]
        ]
      },
      "bone_length_armature_space": 0.10413082783433912,
      "parent": "lowerarm_l",
      "has_children": true,
      "is_end_bone": false
    },
    "pinky_01_l": {
      "name": "pinky_01_l",
      "local": {
        "location": {
          "x": 0.0,
          "y": 0.0,
          "z": 0.0
        },
        "rotation_quaternion": {
          "w": 0.9988647699356079,
          "x": 0.046765901148319244,
          "y": 0.006718209013342857,
          "z": 0.006092008203268051
        },
        "scale": {
          "x": 1.0,
          "y": 1.0,
          "z": 1.0
        },
        "matrix_basis": [
          [
            0.9998354911804199,
            -0.011541818268597126,
            0.013990961015224457,
            0.0
          ],
          [
            0.0127985505387187,
            0.9955517053604126,
            -0.09334376454353333,
            0.0
          ],
          [
            -0.012851367704570293,
            0.09350747615098953,
            0.9955356121063232,
            0.0
          ],
          [
            0.0,
            0.0,
            0.0,
            1.0
          ]
        ],
        "rotation_mode": "QUATERNION"
      },
      "armature_space": {
        "head": {
          "x": 0.31496790051460266,
          "y": -0.5226575136184692,
          "z": 0.42151689529418945
        },
        "tail": {
