{
  "metadata": {
    "armature_name": "KIM_caucasian_male",
    "export_time": "2026-01-13T20:56:23.316869",
    "blender_version": "4.4.1",
    "bone_count": 56,
    "end_bone_count": 13,
    "spaces_included": [
      "LOCAL_CHANNELS",
      "ARMATURE_SPACE",
      "WORLD_SPACE"
    ],
    "note": "LOCAL matches Transform panel; replay pose via local.matrix_basis for best fidelity."
  },
  "bones": {
    "Root": {
      "name": "Root",
      "local": {
        "location": {
          "x": 0.0,
          "y": 0.0,
          "z": 0.0
        },
        "rotation_quaternion": {
          "w": 0.9996559619903564,
          "x": 0.0181293822824955,
          "y": 0.018906038254499435,
          "z": 0.001414336496964097
        },
        "scale": {
          "x": 1.0,
          "y": 1.0,
          "z": 1.0
        },
        "matrix_basis": [
          [
            0.999281108379364,
            -0.002142190234735608,
            0.03785035014152527,
            0.0
          ],
          [
            0.0035132095217704773,
            0.9993386268615723,
            -0.03619281202554703,
            0.0
          ],
          [
            -0.037747785449028015,
            0.03629976883530617,
            0.998627781867981,
            0.0
          ],
          [
            0.0,
            0.0,
            0.0,
            1.0
          ]
        ],
        "rotation_mode": "QUATERNION"
      },
      "armature_space": {
        "head": {
          "x": 0.0,
          "y": 0.07072800397872925,
          "z": -0.009595036506652832
        },
        "tail": {
          "x": -0.00015290068404283375,
          "y": -0.0003015175461769104,
          "z": -0.002573775127530098
        }
      },
      "world_space": {
        "head": {
          "x": 0.0,
          "y": 0.13397200405597687,
          "z": 0.9402589797973633
        },
        "tail": {
          "x": -0.00015290068404283375,
          "y": 0.06294248253107071,
          "z": 0.94728022813797
        },
        "rotation_quaternion": {
          "w": 0.04925627261400223,
          "x": 0.9986062049865723,
          "y": -0.00013746353215537965,
          "z": 0.01895837113261223
        },
        "matrix": [
          [
            0.999281108379364,
            -0.002142190234735608,
            0.03785035014152527,
            0.0
          ],
          [
            0.0015931024681776762,
            -0.9951475858688354,
            -0.0983809381723404,
            0.13397200405597687
          ],
          [
            0.037877701222896576,
            0.09837023913860321,
            -0.9944358468055725,
            0.9402589797973633
          ],
          [
            0.0,
            0.0,
            0.0,
            1.0
          ]
        ]
      },
      "bone_length_armature_space": 0.07137586618057555,
      "parent": null,
      "has_children": true,
      "is_end_bone": false
    },
    "spine_01": {
      "name": "spine_01",
      "local": {
        "location": {
          "x": 0.0,
          "y": 0.0,
          "z": 0.0
        },
        "rotation_quaternion": {
          "w": 0.9994618892669678,
          "x": -0.018488502129912376,
          "y": -0.02704959735274315,
          "z": 0.001539258286356926
        },
        "scale": {
          "x": 1.0,
          "y": 1.0,
          "z": 1.0
        },
        "matrix_basis": [
          [
            0.9985318779945374,
            -0.002076647011563182,
            -0.05412700027227402,
            0.0
          ],
          [
            0.004077073186635971,
            0.999311625957489,
            0.03687383234500885,
            0.0
          ],
          [
            0.05401316657662392,
            -0.03704037889838219,
            0.9978529810905457,
            0.0
          ],
          [
            0.0,
            0.0,
            0.0,
            1.0
          ]
        ],
        "rotation_mode": "QUATERNION"
      },
      "armature_space": {
        "head": {
          "x": -0.00015290068404283375,
          "y": -0.0003015175461769104,
          "z": -0.002573775127530098
        },
        "tail": {
          "x": -0.019665835425257683,
          "y": 0.022871363908052444,
          "z": 0.48448970913887024
        }
      },
      "world_space": {
        "head": {
          "x": -0.00015290068404283375,
          "y": 0.06294248253107071,
          "z": 0.94728022813797
        },
        "tail": {
          "x": -0.019665835425257683,
          "y": 0.08611536026000977,
          "z": 1.434343695640564
        },
        "rotation_quaternion": {
          "w": 0.722926676273346,
          "x": 0.690100908279419,
          "y": -0.03345976397395134,
          "z": -0.0042852237820625305
        },
        "matrix": [
          [
            0.997724175453186,
            -0.03998542204499245,
            -0.054292116314172745,
            -0.00015290068404283375
          ],
          [
            -0.052376750856637955,
            0.047485291957855225,
            -0.9974978566169739,
            0.06294248253107071
          ],
          [
            0.042463693767786026,
            0.9980784058570862,
            0.04528229311108589,
            0.94728022813797
          ],
          [
            0.0,
            0.0,
            0.0,
            1.0
          ]
        ]
      },
      "bone_length_armature_space": 0.4880047021273073,
      "parent": "Root",
      "has_children": true,
      "is_end_bone": false
    },
    "neck_01": {
      "name": "neck_01",
      "local": {
        "location": {
          "x": 0.0,
          "y": 0.0,
          "z": 0.0
        },
        "rotation_quaternion": {
          "w": 0.9867098331451416,
          "x": -0.14859682321548462,
          "y": -0.005047959741204977,
          "z": -0.06555448472499847
        },
        "scale": {
          "x": 1.0,
          "y": 1.0,
          "z": 1.0
        },
        "matrix_basis": [
          [
            0.99135422706604,
            0.13086673617362976,
            0.009520633146166801,
            0.0
          ],
          [
            -0.12786628305912018,
            0.9472432136535645,
            0.29390573501586914,
            0.0
          ],
          [
            0.029444118961691856,
            -0.29258206486701965,
            0.9557870030403137,
            0.0
          ],
          [
            0.0,
            0.0,
            0.0,
            1.0
          ]
        ],
        "rotation_mode": "QUATERNION"
      },
      "armature_space": {
        "head": {
          "x": -0.02447638288140297,
          "y": -0.008245499804615974,
          "z": 0.5591378808021545
        },
        "tail": {
          "x": -0.015583131462335587,
          "y": -0.013289463706314564,
          "z": 0.6611488461494446
        }
      },
      "world_space": {
        "head": {
          "x": -0.02447638288140297,
          "y": 0.054998502135276794,
          "z": 1.5089919567108154
        },
        "tail": {
          "x": -0.015583131462335587,
          "y": 0.04995453730225563,
          "z": 1.6110029220581055
        },
        "rotation_quaternion": {
          "w": 0.6892900466918945,
          "x": 0.7228688597679138,
          "y": 0.01671692170202732,
          "z": -0.045392416417598724
        },
        "matrix": [
          [
            0.9953201413154602,
            0.08674537390470505,
            -0.042579300701618195,
            -0.02447638288140297
          ],
          [
            -0.03840821236371994,
            -0.04919916391372681,
            -0.9980504512786865,
            0.054998502135276794
          ],
          [
            -0.08867176622152328,
            0.9950218796730042,
            -0.04563853144645691,
            1.5089919567108154
          ],
          [
            0.0,
            0.0,
            0.0,
            1.0
          ]
        ]
      },
      "bone_length_armature_space": 0.10252203952601674,
      "parent": "spine_01",
      "has_children": true,
      "is_end_bone": false
    },
    "head": {
      "name": "head",
      "local": {
        "location": {
          "x": 0.0,
          "y": 0.0,
          "z": 0.0
        },
        "rotation_quaternion": {
          "w": 0.9893995523452759,
          "x": -0.07409204542636871,
          "y": 0.12481696158647537,
          "z": 0.004434975329786539
        },
        "scale": {
          "x": 1.0,
          "y": 1.0,
          "z": 1.0
        },
        "matrix_basis": [
          [
            0.9688020944595337,
            -0.02727181278169155,
            0.24633049964904785,
            0.0
          ],
          [
            -0.009719963185489178,
            0.9889814257621765,
            0.14772039651870728,
            0.0
          ],
          [
            -0.24764488637447357,
            -0.14550615847110748,
            0.9578621983528137,
            0.0
          ],
          [
            0.0,
            0.0,
            0.0,
            1.0
          ]
        ],
        "rotation_mode": "QUATERNION"
      },
      "armature_space": {
        "head": {
          "x": -0.015583145432174206,
          "y": -0.013289615511894226,
          "z": 0.6611487865447998
        },
        "tail": {
          "x": -0.004867132753133774,
          "y": 0.05658935010433197,
          "z": 0.7991899847984314
        }
      },
      "world_space": {
        "head": {
          "x": -0.015583145432174206,
          "y": 0.049954384565353394,
          "z": 1.611002802848816
        },
        "tail": {
          "x": -0.004867132753133774,
          "y": 0.11983335018157959,
          "z": 1.7490439414978027
        },
        "rotation_quaternion": {
          "w": 0.8424385786056519,
          "x": 0.5228630304336548,
          "y": 0.12482734769582748,
          "z": 0.03646542876958847
        },
        "matrix": [
          [
            0.9661769270896912,
            0.06909535080194473,
            0.24845106899738312,
            -0.015583145432174206
          ],
          [
            0.1919744908809662,
            0.4505697786808014,
            -0.871856153011322,
            0.049954384565353394
          ],
          [
            -0.1721867024898529,
            0.8900703191757202,
            0.4220675826072693,
            1.611002802848816
          ],
          [
            0.0,
            0.0,
            0.0,
            1.0
          ]
        ]
      },
      "bone_length_armature_space": 0.15509118298432617,
      "parent": "neck_01",
      "has_children": false,
      "is_end_bone": true
    },
    "upperarm_l": {
      "name": "upperarm_l",
      "local": {
        "location": {
          "x": 0.0,
          "y": 0.0,
          "z": 0.0
        },
        "rotation_quaternion": {
          "w": 0.8837563991546631,
          "x": 0.3937212824821472,
          "y": 0.02655164897441864,
          "z": 0.2515020966529846
        },
        "scale": {
          "x": 1.0,
          "y": 1.0,
          "z": 1.0
        },
        "matrix_basis": [
          [
            0.8720834255218506,
            -0.42362529039382935,
            0.24497383832931519,
            0.0
          ],
          [
            0.4654410779476166,
            0.5634604692459106,
            -0.6825518012046814,
            0.0
          ],
          [
            0.15111307799816132,
            0.7092629671096802,
            0.6885571479797363,
            0.0
          ],
          [
            0.0,
            0.0,
            0.0,
            1.0
          ]
        ],
        "rotation_mode": "QUATERNION"
      },
      "armature_space": {
        "head": {
          "x": 0.1276964396238327,
          "y": -0.022474542260169983,
          "z": 0.4985732436180115
        },
        "tail": {
          "x": 0.2737519443035126,
          "y": -0.21208706498146057,
          "z": 0.6190832853317261
        }
      },
      "world_space": {
        "head": {
          "x": 0.1276964396238327,
          "y": 0.04076945781707764,
          "z": 1.4484272003173828
        },
        "tail": {
          "x": 0.2737519443035126,
          "y": -0.14884306490421295,
          "z": 1.5689373016357422
        },
        "rotation_quaternion": {
          "w": 0.36370882391929626,
          "x": 0.7792938351631165,
          "y": 0.11798853427171707,
          "z": -0.49648332595825195
        },
        "matrix": [
          [
            0.47916683554649353,
            0.5450453758239746,
            -0.6879860162734985,
            0.1276964396238327
          ],
          [
            -0.17725445330142975,
            -0.7075901031494141,
            -0.6840302348136902,
            0.04076945781707764
          ],
          [
            -0.8596457242965698,
            0.44971564412117004,
            -0.24244427680969238,
            1.4484272003173828
          ],
          [
            0.0,
            0.0,
            0.0,
            1.0
          ]
        ]
      },
      "bone_length_armature_space": 0.2679697498269516,
      "parent": "spine_01",
      "has_children": true,
      "is_end_bone": false
    },
    "lowerarm_l": {
      "name": "lowerarm_l",
      "local": {
        "location": {
          "x": 0.0,
          "y": 0.0,
          "z": 0.0
        },
        "rotation_quaternion": {
          "w": 0.8553943634033203,
          "x": 0.48924481868743896,
          "y": 0.07971023768186569,
          "z": -0.1502872109413147
        },
        "scale": {
          "x": 1.0,
          "y": 1.0,
          "z": 1.0
        },
        "matrix_basis": [
          [
            0.9421200752258301,
            0.335105299949646,
            -0.010687102563679218,
            0.0
          ],
          [
            -0.17911402881145477,
            0.47610652446746826,
            -0.8609533905982971,
            0.0
          ],
          [
            -0.2834218442440033,
            0.8130356669425964,
            0.5085715651512146,
            0.0
          ],
          [
            0.0,
            0.0,
            0.0,
            1.0
          ]
        ],
        "rotation_mode": "QUATERNION"
      },
      "armature_space": {
        "head": {
          "x": 0.2737519145011902,
          "y": -0.21208713948726654,
          "z": 0.6190834045410156
        },
        "tail": {
          "x": 0.18826040625572205,
          "y": -0.45962634682655334,
          "z": 0.5644484758377075
        }
      },
      "world_space": {
        "head": {
          "x": 0.2737519145011902,
          "y": -0.14884313941001892,
          "z": 1.5689374208450317
        },
        "tail": {
          "x": 0.18826040625572205,
          "y": -0.39638233184814453,
          "z": 1.5143024921417236
        },
        "rotation_quaternion": {
          "w": 0.16980363428592682,
          "x": -0.8590254783630371,
          "y": 0.09229930490255356,
          "z": 0.47404927015304565
        },
        "matrix": [
          [
            0.5335165858268738,
            -0.31956517696380615,
            -0.7830952405929565,
            0.2737519145011902
          ],
          [
            0.0024151355028152466,
            -0.9252955317497253,
            0.3792392611503601,
            -0.14884313941001892
          ],
          [
            -0.8457921147346497,
            -0.20422407984733582,
            -0.49289172887802124,
            1.5689374208450317
          ],
          [
            0.0,
            0.0,
            0.0,
            1.0
          ]
        ]
      },
      "bone_length_armature_space": 0.26752464254180447,
      "parent": "upperarm_l",
      "has_children": true,
      "is_end_bone": false
    },
    "metacarpal_thumb_l": {
      "name": "metacarpal_thumb_l",
      "local": {
        "location": {
          "x": 0.0,
          "y": 0.0,
          "z": 0.0
        },
        "rotation_quaternion": {
          "w": 0.9986157417297363,
          "x": -0.04948839172720909,
          "y": 0.014695633202791214,
          "z": 0.010087880305945873
        },
        "scale": {
          "x": 1.0,
          "y": 1.0,
          "z": 1.0
        },
        "matrix_basis": [
          [
            0.9993645548820496,
            -0.021602358669042587,
            0.02835211530327797,
            0.0
          ],
          [
            0.018693305552005768,
            0.99489825963974,
            0.09913627058267593,
            0.0
          ],
          [
            -0.030349047854542732,
            -0.09854327887296677,
            0.9946698546409607,
            0.0
          ],
          [
            0.0,
            0.0,
            0.0,
            1.0
          ]
        ],
        "rotation_mode": "QUATERNION"
      },
      "armature_space": {
        "head": {
          "x": 0.18826040625572205,
          "y": -0.45962634682655334,
          "z": 0.5644484758377075
        },
        "tail": {
          "x": 0.15439318120479584,
          "y": -0.4844062328338623,
          "z": 0.5381318926811218
        }
      },
      "world_space": {
        "head": {
          "x": 0.18826040625572205,
          "y": -0.39638233184814453,
          "z": 1.5143024921417236
        },
        "tail": {
          "x": 0.15439318120479584,
          "y": -0.4211622476577759,
          "z": 1.4879858493804932
        },
        "rotation_quaternion": {
          "w": 0.18423886597156525,
          "x": -0.8316226005554199,
          "y": 0.4646764099597931,
          "z": -0.24194158613681793
        },
        "matrix": [
          [
            0.45107871294021606,
            -0.6837213635444641,
            0.5736314058303833,
            0.18826040625572205
          ],
          [
            -0.8620212078094482,
            -0.5002634525299072,
            0.08158323168754578,
            -0.39638233184814453
          ],
          [
            0.23118740320205688,
            -0.531286895275116,
            -0.8150461912155151,
            1.5143024921417236
          ],
          [
            0.0,
            0.0,
            0.0,
            1.0
          ]
        ]
      },
      "bone_length_armature_space": 0.049533768640225115,
      "parent": "lowerarm_l",
      "has_children": true,
      "is_end_bone": false
    },
    "thumb_01_l": {
      "name": "thumb_01_l",
      "local": {
        "location": {
          "x": 0.0,
          "y": 0.0,
          "z": 0.0
        },
        "rotation_quaternion": {
          "w": 0.9979740381240845,
          "x": 0.05831428989768028,
          "y": 0.02383405715227127,
          "z": 0.008897596970200539
        },
        "scale": {
          "x": 1.0,
          "y": 1.0,
          "z": 1.0
        },
        "matrix_basis": [
          [
            0.9987055659294128,
            -0.0149794090539217,
            0.04860925301909447,
            0.0
          ],
          [
            0.020538873970508575,
            0.9930405616760254,
            -0.11596816033124924,
            0.0
          ],
          [
            -0.04653382673859596,
            0.11681642383337021,
            0.9920627474784851,
            0.0
          ],
          [
            0.0,
            0.0,
            0.0,
            1.0
          ]
        ],
        "rotation_mode": "QUATERNION"
      },
      "armature_space": {
        "head": {
          "x": 0.15439318120479584,
          "y": -0.4844062328338623,
          "z": 0.5381318926811218
        },
        "tail": {
          "x": 0.15387415885925293,
          "y": -0.4933212101459503,
          "z": 0.505285382270813
        }
      },
      "world_space": {
        "head": {
          "x": 0.15439318120479584,
          "y": -0.4211622476577759,
          "z": 1.4879858493804932
        },
        "tail": {
          "x": 0.15387415885925293,
          "y": -0.4300771951675415,
          "z": 1.455139398574829
        },
        "rotation_quaternion": {
          "w": 0.11926943063735962,
          "x": -0.16823729872703552,
          "y": 0.5956685543060303,
          "z": -0.7763054370880127
        },
        "matrix": [
          [
            -0.91494220495224,
            -0.01524801179766655,
            0.40329670906066895,
            0.15439318120479584
          ],
          [
            -0.38560599088668823,
            -0.26190829277038574,
            -0.8847101926803589,
            -0.4211622476577759
          ],
          [
            0.11911747604608536,
            -0.9649791717529297,
            0.23375192284584045,
            1.4879858493804932
          ],
          [
            0.0,
            0.0,
            0.0,
            1.0
          ]
        ]
      },
      "bone_length_armature_space": 0.03403879260710079,
      "parent": "metacarpal_thumb_l",
      "has_children": true,
      "is_end_bone": false
    },
    "thumb_02_l": {
      "name": "thumb_02_l",
      "local": {
        "location": {
          "x": 0.0,
          "y": 0.0,
          "z": 0.0
        },
        "rotation_quaternion": {
          "w": 0.9910771250724792,
          "x": 0.1329967975616455,
          "y": 0.008102982304990292,
          "z": 0.003506163600832224
        },
        "scale": {
          "x": 1.0,
          "y": 1.0,
          "z": 1.0
        },
        "matrix_basis": [
          [
            0.9998440742492676,
            -0.0047944155521690845,
            0.01699397712945938,
            0.0
          ],
          [
            0.009105098433792591,
            0.9645991325378418,
            -0.263563334941864,
            0.0
          ],
          [
            -0.015128743834793568,
            0.2636770009994507,
            0.9644923806190491,
            0.0
          ],
          [
            0.0,
            0.0,
            0.0,
            1.0
          ]
        ],
        "rotation_mode": "QUATERNION"
      },
      "armature_space": {
        "head": {
          "x": 0.15387417376041412,
          "y": -0.49332118034362793,
          "z": 0.505285382270813
        },
        "tail": {
          "x": 0.14010834693908691,
          "y": -0.5310516953468323,
          "z": 0.5055814981460571
        }
      },
      "world_space": {
        "head": {
          "x": 0.15387417376041412,
          "y": -0.4300771951675415,
          "z": 1.455139398574829
        },
        "tail": {
          "x": 0.14010834693908691,
          "y": -0.46780771017074585,
          "z": 1.4554355144500732
        },
        "rotation_quaternion": {
          "w": 0.17403998970985413,
          "x": 0.004339355509728193,
          "y": 0.002976533491164446,
          "z": 0.9847245812416077
        },
        "matrix": [
          [
            -0.9393825531005859,
            -0.3427371084690094,
            0.009582050144672394,
            0.15387417376041412
          ],
          [
            0.3427887260913849,
            -0.9394024610519409,
            0.004352092742919922,
            -0.4300771951675415
          ],
          [
            0.007510296069085598,
            0.0073722004890441895,
            0.9999514222145081,
            1.455139398574829
          ],
          [
            0.0,
            0.0,
            0.0,
            1.0
          ]
        ]
      },
      "bone_length_armature_space": 0.04016438007282246,
      "parent": "thumb_01_l",
      "has_children": true,
      "is_end_bone": false
    },
    "thumb_03_l": {
      "name": "thumb_03_l",
      "local": {
        "location": {
          "x": 0.0,
          "y": 0.0,
          "z": 0.0
        },
        "rotation_quaternion": {
          "w": 0.9966908693313599,
          "x": 0.0808936282992363,
          "y": -0.0017379064811393619,
          "z": 0.007790529169142246
        },
        "scale": {
          "x": 1.0,
          "y": 1.0,
          "z": 1.0
        },
        "matrix_basis": [
          [
            0.9998725652694702,
            -0.01581067033112049,
            -0.002203902695327997,
            0.0
          ],
          [
            0.015248327516019344,
            0.9867910742759705,
            -0.16127896308898926,
            0.0
          ],
          [
            0.004724719561636448,
            0.16122479736804962,
            0.9869064092636108,
            0.0
          ],
          [
            0.0,
            0.0,
            0.0,
            1.0
          ]
        ],
        "rotation_mode": "QUATERNION"
      },
      "armature_space": {
        "head": {
          "x": 0.14010830223560333,
          "y": -0.5310516357421875,
          "z": 0.5055814385414124
        },
        "tail": {
          "x": 0.13399875164031982,
          "y": -0.5579439401626587,
          "z": 0.5184798836708069
        }
      },
      "world_space": {
        "head": {
          "x": 0.14010830223560333,
          "y": -0.4678076505661011,
          "z": 1.4554355144500732
        },
        "tail": {
          "x": 0.13399875164031982,
          "y": -0.49469995498657227,
          "z": 1.4683339595794678
        },
        "rotation_quaternion": {
          "w": 0.06858742237091064,
          "x": -0.14927932620048523,
          "y": 0.2316035032272339,
          "z": 0.9588385224342346
        },
        "matrix": [
          [
            -0.9460230469703674,
            -0.20067593455314636,
            -0.2544991672039032,
            0.14010830223560333
          ],
          [
            0.06238136067986488,
            -0.8833110332489014,
            0.4646185040473938,
            -0.4678076505661011
          ],
          [
            -0.3180415630340576,
            0.423665851354599,
            0.8481572270393372,
            1.4554355144500732
          ],
          [
            0.0,
            0.0,
            0.0,
            1.0
          ]
        ]
      },
      "bone_length_armature_space": 0.030444909599317116,
      "parent": "thumb_02_l",
      "has_children": false,
      "is_end_bone": true
    },
    "metacarpal_index_l": {
      "name": "metacarpal_index_l",
      "local": {
        "location": {
          "x": 0.0,
          "y": 0.0,
          "z": 0.0
        },
        "rotation_quaternion": {
          "w": 0.9984126687049866,
          "x": -0.052718810737133026,
          "y": -0.007694068364799023,
          "z": -0.018268439918756485
        },
        "scale": {
          "x": 1.0,
          "y": 1.0,
          "z": 1.0
        },
        "matrix_basis": [
          [
            0.9992141127586365,
            0.03729012981057167,
            -0.013437530025839806,
            0.0
          ],
          [
            -0.03566763922572136,
            0.9937739968299866,
            0.10555137693881989,
            0.0
          ],
          [
            0.017289891839027405,
            -0.10498914122581482,
            0.9943230748176575,
            0.0
          ],
          [
            0.0,
            0.0,
            0.0,
            1.0
          ]
        ],
        "rotation_mode": "QUATERNION"
      },
      "armature_space": {
        "head": {
          "x": 0.18826040625572205,
          "y": -0.45962634682655334,
          "z": 0.5644484758377075
        },
        "tail": {
          "x": 0.13098447024822235,
          "y": -0.5558153390884399,
          "z": 0.5298595428466797
        }
      },
      "world_space": {
        "head": {
          "x": 0.18826040625572205,
          "y": -0.39638233184814453,
          "z": 1.5143024921417236
        },
        "tail": {
          "x": 0.13098447024822235,
          "y": -0.4925713539123535,
          "z": 1.4797135591506958
        },
        "rotation_quaternion": {
          "w": 0.16484366357326508,
          "x": -0.9534118175506592,
          "y": 0.249730184674263,
          "z": 0.03830540552735329
        },
        "matrix": [
          [
            0.8723349571228027,
            -0.4888204336166382,
            0.00929202139377594,
            0.18826040625572205
          ],
          [
            -0.46356290578842163,
            -0.8209229111671448,
            0.3334593176841736,
            -0.39638233184814453
          ],
          [
            -0.15537527203559875,
            -0.2951985001564026,
            -0.9427250623703003,
            1.5143024921417236
          ],
          [
            0.0,
            0.0,
            0.0,
            1.0
          ]
        ]
      },
      "bone_length_armature_space": 0.11717187807146331,
      "parent": "lowerarm_l",
      "has_children": true,
      "is_end_bone": false
    },
    "index_01_l": {
      "name": "index_01_l",
      "local": {
        "location": {
          "x": 0.0,
          "y": 0.0,
          "z": 0.0
        },
        "rotation_quaternion": {
          "w": 0.9951822757720947,
          "x": -0.0973358154296875,
          "y": -0.0018742198590189219,
          "z": 0.01160153467208147
        },
        "scale": {
          "x": 1.0,
          "y": 1.0,
          "z": 1.0
        },
        "matrix_basis": [
          [
            0.9997237920761108,
            -0.022726425901055336,
            -0.005988870281726122,
            0.0
          ],
          [
            0.023456141352653503,
            0.9807822704315186,
            0.19369027018547058,
            0.0
          ],
          [
            0.0014718910679221153,
            -0.19377724826335907,
            0.9810444712638855,
            0.0
          ],
          [
            0.0,
            0.0,
            0.0,
            1.0
          ]
        ],
        "rotation_mode": "QUATERNION"
      },
      "armature_space": {
        "head": {
          "x": 0.13098447024822235,
          "y": -0.5558153390884399,
          "z": 0.5298595428466797
        },
        "tail": {
          "x": 0.12600110471248627,
          "y": -0.5838899612426758,
          "z": 0.5296304821968079
        }
      },
      "world_space": {
        "head": {
          "x": 0.13098447024822235,
          "y": -0.4925713539123535,
          "z": 1.4797135591506958
        },
        "tail": {
          "x": 0.12600110471248627,
          "y": -0.5206459760665894,
          "z": 1.4794845581054688
        },
        "rotation_quaternion": {
          "w": 0.005709663964807987,
          "x": -0.9959545731544495,
          "y": 0.08762906491756439,
          "z": 0.019054707139730453
        },
        "matrix": [
          [
            0.983916163444519,
            -0.17476685345172882,
            -0.03695450350642204,
            0.13098447024822235
          ],
          [
            -0.1743314564228058,
            -0.9845771789550781,
            0.014712169766426086,
            -0.4925713539123535
          ],
          [
            -0.038956254720687866,
            -0.008034199476242065,
            -0.9992157220840454,
            1.4797135591506958
          ],
          [
            0.0,
            0.0,
            0.0,
            1.0
          ]
        ]
      },
      "bone_length_armature_space": 0.028514396511142504,
      "parent": "metacarpal_index_l",
      "has_children": true,
      "is_end_bone": false
    },
    "index_02_l": {
      "name": "index_02_l",
      "local": {
        "location": {
          "x": 0.0,
          "y": 0.0,
          "z": 0.0
        },
        "rotation_quaternion": {
          "w": 0.9830590486526489,
          "x": 0.18321244418621063,
          "y": 0.003830750472843647,
          "z": 0.0036859980318695307
        },
        "scale": {
          "x": 1.0,
          "y": 1.0,
          "z": 1.0
        },
        "matrix_basis": [
          [
            0.9999434947967529,
            -0.005843425169587135,
            0.008882349357008934,
            0.0
          ],
          [
            0.008650789968669415,
            0.9328392148017883,
            -0.3601890504360199,
            0.0
          ],
          [
            -0.006181066390126944,
            0.36024555563926697,
            0.9328370690345764,
            0.0
          ],
          [
            0.0,
            0.0,
            0.0,
            1.0
          ]
        ],
        "rotation_mode": "QUATERNION"
      },
      "armature_space": {
        "head": {
          "x": 0.1260007917881012,
          "y": -0.5838902592658997,
          "z": 0.529630184173584
        },
        "tail": {
          "x": 0.12144900113344193,
          "y": -0.6076385378837585,
          "z": 0.5210632681846619
        }
      },
      "world_space": {
        "head": {
          "x": 0.1260007917881012,
          "y": -0.5206462740898132,
          "z": 1.4794842004776
        },
        "tail": {
          "x": 0.12144900113344193,
          "y": -0.5443945527076721,
          "z": 1.4709172248840332
        },
        "rotation_quaternion": {
          "w": 0.1732921004295349,
          "x": -0.9806299209594727,
          "y": 0.08425914496183395,
          "z": 0.0351455956697464
        },
        "matrix": [
          [
            0.9833303689956665,
            -0.17743511497974396,
            -0.039726436138153076,
            0.1260007917881012
          ],
          [
            -0.1530732363462448,
            -0.9257407188415527,
            0.3457930386066437,
            -0.5206462740898132
          ],
          [
            -0.09813309460878372,
            -0.33395102620124817,
            -0.937475860118866,
            1.4794842004776
          ],
          [
            0.0,
            0.0,
            0.0,
            1.0
          ]
        ]
      },
      "bone_length_armature_space": 0.025653295404848397,
      "parent": "index_01_l",
      "has_children": true,
      "is_end_bone": false
    },
    "index_03_l": {
      "name": "index_03_l",
      "local": {
        "location": {
          "x": 0.0,
          "y": 0.0,
          "z": 0.0
        },
        "rotation_quaternion": {
          "w": 0.973456621170044,
          "x": 0.2288224995136261,
          "y": -0.003936380613595247,
          "z": 0.0026710107922554016
        },
        "scale": {
          "x": 1.0,
          "y": 1.0,
          "z": 1.0
        },
        "matrix_basis": [
          [
            0.9999547600746155,
            -0.007001691032201052,
            -0.006441416684538126,
            0.0
          ],
          [
            0.003398761386051774,
            0.8952662348747253,
            -0.4455185830593109,
            0.0
          ],
          [
            0.008886165916919708,
            0.4454765319824219,
            0.8952495455741882,
            0.0
          ],
          [
            0.0,
            0.0,
            0.0,
            1.0
          ]
        ],
        "rotation_mode": "QUATERNION"
      },
      "armature_space": {
        "head": {
          "x": 0.12144897878170013,
          "y": -0.6076385974884033,
          "z": 0.5210633873939514
        },
        "tail": {
          "x": 0.11944650113582611,
          "y": -0.6257331967353821,
          "z": 0.4982091784477234
        }
      },
      "world_space": {
        "head": {
          "x": 0.12144897878170013,
          "y": -0.5443946123123169,
          "z": 1.4709174633026123
        },
        "tail": {
          "x": 0.11944650113582611,
          "y": -0.5624892115592957,
          "z": 1.4480631351470947
        },
        "rotation_quaternion": {
          "w": 0.4337981641292572,
          "x": -0.8996243476867676,
          "y": 0.04667460545897484,
          "z": -0.017802277579903603
        },
        "matrix": [
          [
            0.9950090646743774,
            -0.06853419542312622,
            0.07252569496631622,
            0.12144897878170013
          ],
          [
            -0.09942453354597092,
            -0.6192818284034729,
            0.77884840965271,
            -0.5443946123123169
          ],
          [
            -0.008464089594781399,
            -0.7821782827377319,
            -0.6230087280273438,
            1.4709174633026123
          ],
          [
            0.0,
            0.0,
            0.0,
            1.0
          ]
        ]
      },
      "bone_length_armature_space": 0.029218817419857494,
      "parent": "index_02_l",
      "has_children": false,
      "is_end_bone": true
    },
    "metacarpal_pinky_l": {
      "name": "metacarpal_pinky_l",
      "local": {
        "location": {
          "x": 0.0,
          "y": 0.0,
          "z": 0.0
        },
        "rotation_quaternion": {
          "w": 0.9981224536895752,
          "x": -0.0591716542840004,
          "y": 0.009899264201521873,
          "z": -0.01234105322510004
        },
        "scale": {
          "x": 1.0,
          "y": 1.0,
          "z": 1.0
        },
        "matrix_basis": [
          [
            0.9994993805885315,
            0.023464253172278404,
            0.021221837028861046,
            0.0
          ],
          [
            -0.025807276368141174,
            0.9926928281784058,
            0.11787677556276321,
            0.0
          ],
          [
            -0.018300874158740044,
            -0.11836545169353485,
            0.9928014278411865,
            0.0
          ],
          [
            0.0,
            0.0,
            0.0,
            1.0
          ]
        ],
        "rotation_mode": "QUATERNION"
      },
      "armature_space": {
        "head": {
          "x": 0.18826040625572205,
          "y": -0.45962634682655334,
          "z": 0.5644484758377075
        },
        "tail": {
          "x": 0.18915823101997375,
          "y": -0.5626389384269714,
          "z": 0.5492556691169739
        }
      },
      "world_space": {
        "head": {
          "x": 0.18826040625572205,
          "y": -0.39638233184814453,
          "z": 1.5143024921417236
        },
        "tail": {
          "x": 0.18915823101997375,
          "y": -0.499394953250885,
          "z": 1.4991097450256348
        },
        "rotation_quaternion": {
          "w": 0.02654081955552101,
          "x": -0.4154532849788666,
          "y": -0.06829865276813507,
          "z": 0.906658411026001
        },
        "matrix": [
          [
            -0.6533884406089783,
            0.008622147142887115,
            -0.7569738626480103,
            0.18826040625572205
          ],
          [
            0.10487638413906097,
            -0.9892619252204895,
            -0.10179328918457031,
            -0.39638233184814453
          ],
          [
            -0.7497280836105347,
            -0.14590126276016235,
            0.6454723477363586,
            1.5143024921417236
          ],
          [
            0.0,
            0.0,
            0.0,
            1.0
          ]
        ]
      },
      "bone_length_armature_space": 0.10413078884752419,
      "parent": "lowerarm_l",
      "has_children": true,
      "is_end_bone": false
    },
    "pinky_01_l": {
      "name": "pinky_01_l",
      "local": {
        "location": {
          "x": 0.0,
          "y": 0.0,
          "z": 0.0
        },
        "rotation_quaternion": {
          "w": 0.997328519821167,
          "x": 0.07149320095777512,
          "y": -0.014662731438875198,
          "z": -0.003114706138148904
        },
        "scale": {
          "x": 1.0,
          "y": 1.0,
          "z": 1.0
        },
        "matrix_basis": [
          [
            0.9995505809783936,
            0.004116199444979429,
            -0.029692480340600014,
            0.0
          ],
          [
            -0.008309341967105865,
            0.9897580146789551,
            -0.14251308143138885,
            0.0
          ],
          [
            0.02880175970494747,
            0.14269575476646423,
            0.9893474578857422,
            0.0
          ],
          [
            0.0,
            0.0,
            0.0,
            1.0
          ]
        ],
        "rotation_mode": "QUATERNION"
      },
      "armature_space": {
        "head": {
          "x": 0.18915823101997375,
          "y": -0.5626389384269714,
