{
  "metadata": {
    "armature_name": "KIM_caucasian_male",
    "export_time": "2026-01-13T19:12:22.637477",
    "blender_version": "4.4.1",
    "bone_count": 56,
    "end_bone_count": 13,
    "spaces_included": [
      "LOCAL_CHANNELS",
      "ARMATURE_SPACE",
      "WORLD_SPACE"
    ],
    "note": "LOCAL matches Transform panel; replay pose via local.matrix_basis for best fidelity."
  },
  "bones": {
    "Root": {
      "name": "Root",
      "local": {
        "location": {
          "x": 0.0,
          "y": 0.0,
          "z": 0.0
        },
        "rotation_quaternion": {
          "w": 0.9997791051864624,
          "x": 0.018454598262906075,
          "y": 0.008954127319157124,
          "z": 0.004587877541780472
        },
        "scale": {
          "x": 1.0,
          "y": 1.0,
          "z": 1.0
        },
        "matrix_basis": [
          [
            0.999797523021698,
            -0.008843238465487957,
            0.018073633313179016,
            0.0
          ],
          [
            0.009504217654466629,
            0.9992767572402954,
            -0.03681888431310654,
            0.0
          ],
          [
            -0.017734963446855545,
            0.03698320314288139,
            0.999158501625061,
            0.0
          ],
          [
            0.0,
            0.0,
            0.0,
            1.0
          ]
        ],
        "rotation_mode": "QUATERNION"
      },
      "armature_space": {
        "head": {
          "x": 0.0,
          "y": 0.07072800397872925,
          "z": -0.009595036506652832
        },
        "tail": {
          "x": -0.0006311938050203025,
          "y": -0.0003037005662918091,
          "z": -0.002622706815600395
        }
      },
      "world_space": {
        "head": {
          "x": 0.0,
          "y": 0.13397200405597687,
          "z": 0.9402589797973633
        },
        "tail": {
          "x": -0.0006311938050203025,
          "y": 0.06294029951095581,
          "z": 0.9472312927246094
        },
        "rotation_quaternion": {
          "w": 0.04894009977579117,
          "x": 0.9987510442733765,
          "y": -0.003974234219640493,
          "z": 0.009242861531674862
        },
        "matrix": [
          [
            0.999797523021698,
            -0.008843238465487957,
            0.018073633313179016,
            0.0
          ],
          [
            -0.007033843547105789,
            -0.9951781034469604,
            -0.09783187508583069,
            0.13397200405597687
          ],
          [
            0.018851760774850845,
            0.09768468886613846,
            -0.9950459003448486,
            0.9402589797973633
          ],
          [
            0.0,
            0.0,
            0.0,
            1.0
          ]
        ]
      },
      "bone_length_armature_space": 0.07137586917859391,
      "parent": null,
      "has_children": true,
      "is_end_bone": false
    },
    "spine_01": {
      "name": "spine_01",
      "local": {
        "location": {
          "x": 0.0,
          "y": 0.0,
          "z": 0.0
        },
        "rotation_quaternion": {
          "w": 0.9971453547477722,
          "x": 0.034569885581731796,
          "y": 0.013697536662220955,
          "z": -0.06571586430072784
        },
        "scale": {
          "x": 1.0,
          "y": 1.0,
          "z": 1.0
        },
        "matrix_basis": [
          [
            0.9909875988960266,
            0.1320035755634308,
            0.022773290053009987,
            0.0
          ],
          [
            -0.1301094889640808,
            0.9889727234840393,
            -0.07074268907308578,
            0.0
          ],
          [
            -0.03186044842004776,
            0.06714211404323578,
            0.997234582901001,
            0.0
          ],
          [
            0.0,
            0.0,
            0.0,
            1.0
          ]
        ],
        "rotation_mode": "QUATERNION"
      },
      "armature_space": {
        "head": {
          "x": -0.0006311938050203025,
          "y": -0.0003037005662918091,
          "z": -0.002622706815600395
        },
        "tail": {
          "x": 0.05447280779480934,
          "y": -0.02873809076845646,
          "z": 0.4814263880252838
        }
      },
      "world_space": {
        "head": {
          "x": -0.0006311938050203025,
          "y": 0.06294029951095581,
          "z": 0.9472312927246094
        },
        "tail": {
          "x": 0.05447280779480934,
          "y": 0.03450591117143631,
          "z": 1.4312803745269775
        },
        "rotation_quaternion": {
          "w": 0.684587836265564,
          "x": 0.7266841530799866,
          "y": 0.04696521535515785,
          "z": -0.03261812776327133
        },
        "matrix": [
          [
            0.9934606552124023,
            0.11291775107383728,
            0.016898255795240402,
            -0.0006311938050203025
          ],
          [
            0.02359853871166706,
            -0.05826704576611519,
            -0.9980220794677734,
            0.06294029951095581
          ],
          [
            -0.1117105782032013,
            0.9919013381004333,
            -0.06055203452706337,
            0.9472312927246094
          ],
          [
            0.0,
            0.0,
            0.0,
            1.0
          ]
        ]
      },
      "bone_length_armature_space": 0.48800459498687004,
      "parent": "Root",
      "has_children": true,
      "is_end_bone": false
    },
    "neck_01": {
      "name": "neck_01",
      "local": {
        "location": {
          "x": 0.0,
          "y": 0.0,
          "z": 0.0
        },
        "rotation_quaternion": {
          "w": 0.9922963380813599,
          "x": 0.07073178142309189,
          "y": -0.07268248498439789,
          "z": -0.07115030288696289
        },
        "scale": {
          "x": 1.0,
          "y": 1.0,
          "z": 1.0
        },
        "matrix_basis": [
          [
            0.9793097972869873,
            0.13092245161533356,
            -0.15431030094623566,
            0.0
          ],
          [
            -0.15148629248142242,
            0.9798693060874939,
            -0.130031019449234,
            0.0
          ],
          [
            0.134179949760437,
            0.15071654319763184,
            0.9794285297393799,
            0.0
          ],
          [
            0.0,
            0.0,
            0.0,
            1.0
          ]
        ],
        "rotation_mode": "QUATERNION"
      },
      "armature_space": {
        "head": {
          "x": 0.06332650780677795,
          "y": -0.06761616468429565,
          "z": 0.5519518852233887
        },
        "tail": {
          "x": 0.08735024183988571,
          "y": -0.12474696338176727,
          "z": 0.6336197853088379
        }
      },
      "world_space": {
        "head": {
          "x": 0.06332650780677795,
          "y": -0.004372164607048035,
          "z": 1.5018059015274048
        },
        "tail": {
          "x": 0.08735024183988571,
          "y": -0.06150296330451965,
          "z": 1.583473801612854
        },
        "rotation_quaternion": {
          "w": 0.4669620990753174,
          "x": 0.8706503510475159,
          "y": 0.05759806931018829,
          "z": -0.1435164362192154
        },
        "matrix": [
          [
            0.9521712064743042,
            0.23432911932468414,
            -0.1961120069026947,
            0.06332650780677795
          ],
          [
            -0.03373706340789795,
            -0.5572576522827148,
            -0.8296540975570679,
            -0.004372164607048035
          ],
          [
            -0.30369919538497925,
            0.796593964099884,
            -0.5227034687995911,
            1.5018059015274048
          ],
          [
            0.0,
            0.0,
            0.0,
            1.0
          ]
        ]
      },
      "bone_length_armature_space": 0.10252177399256858,
      "parent": "spine_01",
      "has_children": true,
      "is_end_bone": false
    },
    "head": {
      "name": "head",
      "local": {
        "location": {
          "x": 0.0,
          "y": 0.0,
          "z": 0.0
        },
        "rotation_quaternion": {
          "w": 0.982864260673523,
          "x": -0.07527577877044678,
          "y": -0.14722897112369537,
          "z": -0.08145587146282196
        },
        "scale": {
          "x": 1.0,
          "y": 1.0,
          "z": 1.0
        },
        "matrix_basis": [
          [
            0.9433771371841431,
            0.18228568136692047,
            -0.27714887261390686,
            0.0
          ],
          [
            -0.13795457780361176,
            0.975396990776062,
            0.1719570755958557,
            0.0
          ],
          [
            0.3016754984855652,
            -0.12398641556501389,
            0.945314347743988,
            0.0
          ],
          [
            0.0,
            0.0,
            0.0,
            1.0
          ]
        ],
        "rotation_mode": "QUATERNION"
      },
      "armature_space": {
        "head": {
          "x": 0.08735019713640213,
          "y": -0.12474705278873444,
          "z": 0.6336196660995483
        },
        "tail": {
          "x": 0.1598922610282898,
          "y": -0.14026592671871185,
          "z": 0.7698182463645935
        }
      },
      "world_space": {
        "head": {
          "x": 0.08735019713640213,
          "y": -0.061503052711486816,
          "z": 1.5834736824035645
        },
        "tail": {
          "x": 0.1598922610282898,
          "y": -0.07702192664146423,
          "z": 1.7196722030639648
        },
        "rotation_quaternion": {
          "w": 0.6679388880729675,
          "x": 0.6839415431022644,
          "y": 0.06185252591967583,
          "z": -0.2868031859397888
        },
        "matrix": [
          [
            0.8278355598449707,
            0.4677410423755646,
            -0.3096882700920105,
            0.08735019713640213
          ],
          [
            -0.29853007197380066,
            -0.10006355494260788,
            -0.9491403102874756,
            -0.061503052711486816
          ],
          [
            -0.4749439060688019,
            0.8781893253326416,
            0.05679817497730255,
            1.5834736824035645
          ],
          [
            0.0,
            0.0,
            0.0,
            1.0
          ]
        ]
      },
      "bone_length_armature_space": 0.15509106942879378,
      "parent": "neck_01",
      "has_children": false,
      "is_end_bone": true
    },
    "upperarm_l": {
      "name": "upperarm_l",
      "local": {
        "location": {
          "x": 0.0,
          "y": 0.0,
          "z": 0.0
        },
        "rotation_quaternion": {
          "w": 0.7675455808639526,
          "x": -0.20402416586875916,
          "y": 0.5888540744781494,
          "z": -0.14999650418758392
        },
        "scale": {
          "x": 1.0,
          "y": 1.0,
          "z": 1.0
        },
        "matrix_basis": [
          [
            0.26150384545326233,
            -0.01002261508256197,
            0.9651505351066589,
            0.0
          ],
          [
            -0.47053924202919006,
            0.8717503547668457,
            0.13654358685016632,
            0.0
          ],
          [
            -0.8427388668060303,
            -0.4898478090763092,
            0.22325003147125244,
            0.0
          ],
          [
            0.0,
            0.0,
            0.0,
            1.0
          ]
        ],
        "rotation_mode": "QUATERNION"
      },
      "armature_space": {
        "head": {
          "x": 0.20481055974960327,
          "y": -0.06334319710731506,
          "z": 0.4683387279510498
        },
        "tail": {
          "x": 0.4294016361236572,
          "y": 0.08192788064479828,
          "z": 0.4521283507347107
        }
      },
      "world_space": {
        "head": {
          "x": 0.20481055974960327,
          "y": -9.919703006744385e-05,
          "z": 1.418192744255066
        },
        "tail": {
          "x": 0.4294016361236572,
          "y": 0.1451718807220459,
          "z": 1.401982307434082
        },
        "rotation_quaternion": {
          "w": 0.03897901251912117,
          "x": 0.47523683309555054,
          "y": 0.8772341012954712,
          "z": -0.0555960014462471
        },
        "matrix": [
          [
            -0.5452612042427063,
            0.8381220698356628,
            0.015544697642326355,
            0.20481055974960327
          ],
          [
            0.8294539451599121,
            0.5421180725097656,
            -0.13459043204784393,
            -9.919703006744385e-05
          ],
          [
            -0.12123031169176102,
            -0.06049336493015289,
            -0.9907866716384888,
            1.418192744255066
          ],
          [
            0.0,
            0.0,
            0.0,
            1.0
          ]
        ]
      },
      "bone_length_armature_space": 0.2679694299743119,
      "parent": "spine_01",
      "has_children": true,
      "is_end_bone": false
    },
    "lowerarm_l": {
      "name": "lowerarm_l",
      "local": {
        "location": {
          "x": 0.0,
          "y": 0.0,
          "z": 0.0
        },
        "rotation_quaternion": {
          "w": 0.9877761006355286,
          "x": 0.072514608502388,
          "y": -0.049172542989254,
          "z": -0.1289265900850296
        },
        "scale": {
          "x": 1.0,
          "y": 1.0,
          "z": 1.0
        },
        "matrix_basis": [
          [
            0.9619199633598328,
            0.2475697547197342,
            -0.11584104597568512,
            0.0
          ],
          [
            -0.26183265447616577,
            0.9562391042709351,
            -0.13057710230350494,
            0.0
          ],
          [
            0.07844480127096176,
            0.15593568980693817,
            0.9846473932266235,
            0.0
          ],
          [
            0.0,
            0.0,
            0.0,
            1.0
          ]
        ],
        "rotation_mode": "QUATERNION"
      },
      "armature_space": {
        "head": {
          "x": 0.42940178513526917,
          "y": 0.0819278135895729,
          "z": 0.4521282911300659
        },
        "tail": {
          "x": 0.6190506219863892,
          "y": 0.2421722412109375,
          "z": 0.352506548166275
        }
      },
      "world_space": {
        "head": {
          "x": 0.42940178513526917,
          "y": 0.14517182111740112,
          "z": 1.401982307434082
        },
        "tail": {
          "x": 0.6190506219863892,
          "y": 0.3054162263870239,
          "z": 1.3023605346679688
        },
        "rotation_quaternion": {
          "w": 0.06037301942706108,
          "x": 0.38144922256469727,
          "y": 0.89210444688797,
          "z": -0.2345236986875534
        },
        "matrix": [
          [
            -0.701702892780304,
            0.7089027762413025,
            -0.07120079547166824,
            0.42940178513526917
          ],
          [
            0.6522679328918457,
            0.598989725112915,
            -0.46449780464172363,
            0.14517182111740112
          ],
          [
            -0.286636620759964,
            -0.37238365411758423,
            -0.8827142715454102,
            1.401982307434082
          ],
          [
            0.0,
            0.0,
            0.0,
            1.0
          ]
        ]
      },
      "bone_length_armature_space": 0.2675246790950217,
      "parent": "upperarm_l",
      "has_children": true,
      "is_end_bone": false
    },
    "metacarpal_thumb_l": {
      "name": "metacarpal_thumb_l",
      "local": {
        "location": {
          "x": 0.0,
          "y": 0.0,
          "z": 0.0
        },
        "rotation_quaternion": {
          "w": 0.9987444281578064,
          "x": -0.047550685703754425,
          "y": 0.013056008145213127,
          "z": 0.00883709080517292
        },
        "scale": {
          "x": 1.0,
          "y": 1.0,
          "z": 1.0
        },
        "matrix_basis": [
          [
            0.9995028972625732,
            -0.018893634900450706,
            0.02523881196975708,
            0.0
          ],
          [
            0.0164103452116251,
            0.9953216910362244,
            0.09521272033452988,
            0.0
          ],
          [
            -0.02691964991390705,
            -0.09475120902061462,
            0.9951369166374207,
            0.0
          ],
          [
            0.0,
            0.0,
            0.0,
            1.0
          ]
        ],
        "rotation_mode": "QUATERNION"
      },
      "armature_space": {
        "head": {
          "x": 0.6190506219863892,
          "y": 0.2421722412109375,
          "z": 0.352506548166275
        },
        "tail": {
          "x": 0.6416581273078918,
          "y": 0.254536509513855,
          "z": 0.3102024495601654
        }
      },
      "world_space": {
        "head": {
          "x": 0.6190506219863892,
          "y": 0.3054162263870239,
          "z": 1.3023605346679688
        },
        "tail": {
          "x": 0.6416581273078918,
          "y": 0.3177804946899414,
          "z": 1.260056495666504
        },
        "rotation_quaternion": {
          "w": 0.6057155132293701,
          "x": -0.5994608998298645,
          "y": -0.5078532695770264,
          "z": 0.12585894763469696
        },
        "matrix": [
          [
            0.4524853825569153,
            0.45640626549720764,
            -0.7661265134811401,
            0.6190506219863892
          ],
          [
            0.7613483667373657,
            0.2496132105588913,
            0.5983662009239197,
            0.3054162263870239
          ],
          [
            0.4643375277519226,
            -0.8540471792221069,
            -0.23453891277313232,
            1.3023605346679688
          ],
          [
            0.0,
            0.0,
            0.0,
            1.0
          ]
        ]
      },
      "bone_length_armature_space": 0.04953394005920002,
      "parent": "lowerarm_l",
      "has_children": true,
      "is_end_bone": false
    },
    "thumb_01_l": {
      "name": "thumb_01_l",
      "local": {
        "location": {
          "x": 0.0,
          "y": 0.0,
          "z": 0.0
        },
        "rotation_quaternion": {
          "w": 0.9997626543045044,
          "x": -0.01715010404586792,
          "y": -4.625041037797928e-05,
          "z": 0.013440171256661415
        },
        "scale": {
          "x": 1.0,
          "y": 1.0,
          "z": 1.0
        },
        "matrix_basis": [
          [
            0.9996387362480164,
            -0.02687237598001957,
            -0.000553479534573853,
            0.0
          ],
          [
            0.02687554806470871,
            0.999050498008728,
            0.034290824085474014,
            0.0
          ],
          [
            -0.0003685218107420951,
            -0.03429330885410309,
            0.9994117617607117,
            0.0
          ],
          [
            0.0,
            0.0,
            0.0,
            1.0
          ]
        ],
        "rotation_mode": "QUATERNION"
      },
      "armature_space": {
        "head": {
          "x": 0.6416581273078918,
          "y": 0.254536509513855,
          "z": 0.3102024495601654
        },
        "tail": {
          "x": 0.6294605135917664,
          "y": 0.27131932973861694,
          "z": 0.2832174599170685
        }
      },
      "world_space": {
        "head": {
          "x": 0.6416581273078918,
          "y": 0.3177804946899414,
          "z": 1.260056495666504
        },
        "tail": {
          "x": 0.6294605135917664,
          "y": 0.33456331491470337,
          "z": 1.2330714464187622
        },
        "rotation_quaternion": {
          "w": 0.8176741003990173,
          "x": -0.5011667609214783,
          "y": 0.279168963432312,
          "z": 0.048018380999565125
        },
        "matrix": [
          [
            0.8395183682441711,
            -0.35834696888923645,
            0.4084065854549408,
            0.6416581273078918
          ],
          [
            -0.2012922167778015,
            0.4930528998374939,
            0.8463927507400513,
            0.3177804946899414
          ],
          [
            -0.504672110080719,
            -0.7927765846252441,
            0.341797798871994,
            1.260056495666504
          ],
          [
            0.0,
            0.0,
            0.0,
            1.0
          ]
        ]
      },
      "bone_length_armature_space": 0.03403872047728118,
      "parent": "metacarpal_thumb_l",
      "has_children": true,
      "is_end_bone": false
    },
    "thumb_02_l": {
      "name": "thumb_02_l",
      "local": {
        "location": {
          "x": 0.0,
          "y": 0.0,
          "z": 0.0
        },
        "rotation_quaternion": {
          "w": 0.9962300062179565,
          "x": 0.08574189990758896,
          "y": 0.010397030040621758,
          "z": 0.00812968984246254
        },
        "scale": {
          "x": 1.0,
          "y": 1.0,
          "z": 1.0
        },
        "matrix_basis": [
          [
            0.9996516108512878,
            -0.014415159821510315,
            0.022109776735305786,
            0.0
          ],
          [
            0.01798100396990776,
            0.98516446352005,
            -0.17066825926303864,
            0.0
          ],
          [
            -0.019321557134389877,
            0.17100635170936584,
            0.9850804805755615,
            0.0
          ],
          [
            0.0,
            0.0,
            0.0,
            1.0
          ]
        ],
        "rotation_mode": "QUATERNION"
      },
      "armature_space": {
        "head": {
          "x": 0.6294604539871216,
          "y": 0.27131929993629456,
          "z": 0.2832174599170685
        },
        "tail": {
          "x": 0.6578682661056519,
          "y": 0.2955833971500397,
          "z": 0.26847192645072937
        }
      },
      "world_space": {
        "head": {
          "x": 0.6294604539871216,
          "y": 0.33456331491470337,
          "z": 1.2330714464187622
        },
        "tail": {
          "x": 0.6578682661056519,
          "y": 0.3588274121284485,
          "z": 1.2183259725570679
        },
        "rotation_quaternion": {
          "w": 0.8254767060279846,
          "x": -0.035772569477558136,
          "y": 0.3473449647426605,
          "z": -0.44346386194229126
        },
        "matrix": [
          [
            0.36538165807724,
            0.7072885036468506,
            0.6051766276359558,
            0.6294604539871216
          ],
          [
            -0.7569894790649414,
            0.6041192412376404,
            -0.24901272356510162,
            0.33456331491470337
          ],
          [
            -0.5417273044586182,
            -0.3671296238899231,
            0.7561492323875427,
            1.2330714464187622
          ],
          [
            0.0,
            0.0,
            0.0,
            1.0
          ]
        ]
      },
      "bone_length_armature_space": 0.040164424158440674,
      "parent": "thumb_01_l",
      "has_children": true,
      "is_end_bone": false
    },
    "thumb_03_l": {
      "name": "thumb_03_l",
      "local": {
        "location": {
          "x": 0.0,
          "y": 0.0,
          "z": 0.0
        },
        "rotation_quaternion": {
          "w": 0.9978677034378052,
          "x": 0.06448938697576523,
          "y": 0.009102879092097282,
          "z": 0.004292547237128019
        },
        "scale": {
          "x": 1.0,
          "y": 1.0,
          "z": 1.0
        },
        "matrix_basis": [
          [
            0.9997974038124084,
            -0.007392710540443659,
            0.018720585852861404,
            0.0
          ],
          [
            0.009740866720676422,
            0.9916453957557678,
            -0.12862560153007507,
            0.0
          ],
          [
            -0.01761328987777233,
            0.12878189980983734,
            0.9915165305137634,
            0.0
          ],
          [
            0.0,
            0.0,
            0.0,
            1.0
          ]
        ],
        "rotation_mode": "QUATERNION"
      },
      "armature_space": {
        "head": {
          "x": 0.6578682065010071,
          "y": 0.2955833375453949,
          "z": 0.2684718370437622
        },
        "tail": {
          "x": 0.6833962798118591,
          "y": 0.312161386013031,
          "z": 0.26908549666404724
        }
      },
      "world_space": {
        "head": {
          "x": 0.6578682065010071,
          "y": 0.3588273525238037,
          "z": 1.2183258533477783
        },
        "tail": {
          "x": 0.6833962798118591,
          "y": 0.37540537118911743,
          "z": 1.2189395427703857
        },
        "rotation_quaternion": {
          "w": 0.771167516708374,
          "x": 0.23882675170898438,
          "y": 0.4213845133781433,
          "z": -0.4131557047367096
        },
        "matrix": [
          [
            0.3034740686416626,
            0.8385009169578552,
            0.4525695741176605,
            0.6578682065010071
          ],
          [
            -0.43594983220100403,
            0.5445270538330078,
            -0.7165462970733643,
            0.3588273525238037
          ],
          [
            -0.8472675085067749,
            0.020156309008598328,
            0.5307974219322205,
            1.2183258533477783
          ],
          [
            0.0,
            0.0,
            0.0,
            1.0
          ]
        ]
      },
      "bone_length_armature_space": 0.030444881697962146,
      "parent": "thumb_02_l",
      "has_children": false,
      "is_end_bone": true
    },
    "metacarpal_index_l": {
      "name": "metacarpal_index_l",
      "local": {
        "location": {
          "x": 0.0,
          "y": 0.0,
          "z": 0.0
        },
        "rotation_quaternion": {
          "w": 0.9997053146362305,
          "x": 0.022016137838363647,
          "y": 0.010218853130936623,
          "z": 0.00042967405170202255
        },
        "scale": {
          "x": 1.0,
          "y": 1.0,
          "z": 1.0
        },
        "matrix_basis": [
          [
            0.9997907876968384,
            -0.00040913550765253603,
            0.02045060321688652,
            0.0
          ],
          [
            0.0013090542051941156,
            0.9990302324295044,
            -0.04401051998138428,
            0.0
          ],
          [
            -0.020412763580679893,
            0.04402808099985123,
            0.9988217353820801,
            0.0
          ],
          [
            0.0,
            0.0,
            0.0,
            1.0
          ]
        ],
        "rotation_mode": "QUATERNION"
      },
      "armature_space": {
        "head": {
          "x": 0.6190506219863892,
          "y": 0.2421722412109375,
          "z": 0.352506548166275
        },
        "tail": {
          "x": 0.6873539090156555,
          "y": 0.29682257771492004,
          "z": 0.27454954385757446
        }
      },
      "world_space": {
        "head": {
          "x": 0.6190506219863892,
          "y": 0.3054162263870239,
          "z": 1.3023605346679688
        },
        "tail": {
          "x": 0.6873539090156555,
          "y": 0.36006659269332886,
          "z": 1.2244036197662354
        },
        "rotation_quaternion": {
          "w": 0.4155508875846863,
          "x": -0.48615455627441406,
          "y": -0.7486818432807922,
          "z": 0.17449015378952026
        },
        "matrix": [
          [
            -0.18194082379341125,
            0.5829330682754517,
            -0.7918877005577087,
            0.6190506219863892
          ],
          [
            0.872969925403595,
            0.46641236543655396,
            0.142770916223526,
            0.3054162263870239
          ],
          [
            0.45257624983787537,
            -0.6653226017951965,
            -0.5937466621398926,
            1.3023605346679688
          ],
          [
            0.0,
            0.0,
            0.0,
            1.0
          ]
        ]
      },
      "bone_length_armature_space": 0.11717206535420545,
      "parent": "lowerarm_l",
      "has_children": true,
      "is_end_bone": false
    },
    "index_01_l": {
      "name": "index_01_l",
      "local": {
        "location": {
          "x": 0.0,
          "y": 0.0,
          "z": 0.0
        },
        "rotation_quaternion": {
          "w": 0.9928261637687683,
          "x": -0.11778037995100021,
          "y": 0.019817497581243515,
          "z": 0.005595853552222252
        },
        "scale": {
          "x": 1.0,
          "y": 1.0,
          "z": 1.0
        },
        "matrix_basis": [
          [
            0.999151885509491,
            -0.01577964425086975,
            0.038032498210668564,
            0.0
          ],
          [
            0.006443195044994354,
            0.9721929430961609,
            0.23409268260002136,
            0.0
          ],
          [
            -0.04066882282495499,
            -0.2336490899324417,
            0.9714701175689697,
            0.0
          ],
          [
            0.0,
            0.0,
            0.0,
            1.0
          ]
        ],
        "rotation_mode": "QUATERNION"
      },
      "armature_space": {
        "head": {
          "x": 0.6873539090156555,
          "y": 0.29682257771492004,
          "z": 0.27454954385757446
        },
        "tail": {
          "x": 0.7085520029067993,
          "y": 0.3146982192993164,
          "z": 0.2679033875465393
        }
      },
      "world_space": {
        "head": {
          "x": 0.6873539090156555,
          "y": 0.36006659269332886,
          "z": 1.2244036197662354
        },
        "tail": {
          "x": 0.7085520029067993,
          "y": 0.37794220447540283,
          "z": 1.2177574634552002
        },
        "rotation_quaternion": {
          "w": 0.389029860496521,
          "x": -0.42755720019340515,
          "y": -0.8136990070343018,
          "z": -0.06119261682033539
        },
        "matrix": [
          [
            -0.33170026540756226,
            0.7434185743331909,
            -0.5807782411575317,
            0.6873539090156555
          ],
          [
            0.6481950879096985,
            0.6268991827964783,
            0.4322513937950134,
            0.36006659269332886
          ],
          [
            0.6854386329650879,
            -0.2330806702375412,
            -0.6898274421691895,
            1.2244036197662354
          ],
          [
            0.0,
            0.0,
            0.0,
            1.0
          ]
        ]
      },
      "bone_length_armature_space": 0.02851436703867846,
      "parent": "metacarpal_index_l",
      "has_children": true,
      "is_end_bone": false
    },
    "index_02_l": {
      "name": "index_02_l",
      "local": {
        "location": {
          "x": 0.0,
          "y": 0.0,
          "z": 0.0
        },
        "rotation_quaternion": {
          "w": 0.9992657899856567,
          "x": 0.03700682520866394,
          "y": 0.00869447086006403,
          "z": 0.004780853167176247
        },
        "scale": {
          "x": 1.0,
          "y": 1.0,
          "z": 1.0
        },
        "matrix_basis": [
          [
            0.9998031258583069,
            -0.008911176584661007,
            0.017730023711919785,
            0.0
          ],
          [
            0.010198195464909077,
            0.9972152709960938,
            -0.07387617230415344,
            0.0
          ],
          [
            -0.017022326588630676,
            0.0740424394607544,
            0.9971098303794861,
            0.0
          ],
          [
            0.0,
            0.0,
            0.0,
            1.0
          ]
        ],
        "rotation_mode": "QUATERNION"
      },
      "armature_space": {
        "head": {
          "x": 0.7085521817207336,
          "y": 0.3146984577178955,
          "z": 0.2679029405117035
        },
        "tail": {
          "x": 0.7268808484077454,
          "y": 0.3314840495586395,
          "z": 0.2615472674369812
        }
      },
      "world_space": {
        "head": {
          "x": 0.7085521817207336,
          "y": 0.37794244289398193,
          "z": 1.217756986618042
        },
        "tail": {
          "x": 0.7268808484077454,
          "y": 0.39472806453704834,
          "z": 1.2114012241363525
        },
        "rotation_quaternion": {
          "w": 0.3765445947647095,
          "x": -0.41393691301345825,
          "y": -0.8278752565383911,
          "z": -0.03864041715860367
        },
        "matrix": [
          [
            -0.3737400472164154,
            0.7144770622253418,
            -0.5914731621742249,
            0.7085521817207336
          ],
          [
            0.6562772989273071,
            0.6543251872062683,
            0.3757118880748749,
            0.37794244289398193
          ],
          [
            0.6554585695266724,
            -0.247752845287323,
            -0.7134473919868469,
            1.217756986618042
          ],
          [
            0.0,
            0.0,
            0.0,
            1.0
          ]
        ]
      },
      "bone_length_armature_space": 0.025653278529058614,
      "parent": "index_01_l",
      "has_children": true,
      "is_end_bone": false
    },
    "index_03_l": {
      "name": "index_03_l",
      "local": {
        "location": {
          "x": 0.0,
          "y": 0.0,
          "z": 0.0
        },
        "rotation_quaternion": {
          "w": 0.998049259185791,
          "x": 0.06226032227277756,
          "y": 0.004558968357741833,
          "z": 0.0007154056220315397
        },
        "scale": {
          "x": 1.0,
          "y": 1.0,
          "z": 1.0
        },
        "matrix_basis": [
          [
            0.9999573826789856,
            -0.0008603344322182238,
            0.009189233183860779,
            0.0
          ],
          [
            0.0019957057666033506,
            0.9922462701797485,
            -0.1242712140083313,
            0.0
          ],
          [
            -0.00901106745004654,
            0.12428425997495651,
            0.9922057390213013,
            0.0
          ],
          [
            0.0,
            0.0,
            0.0,
            1.0
          ]
        ],
        "rotation_mode": "QUATERNION"
      },
      "armature_space": {
        "head": {
          "x": 0.7268809080123901,
          "y": 0.33148396015167236,
          "z": 0.26154735684394836
        },
        "tail": {
          "x": 0.7424762845039368,
          "y": 0.3542642593383789,
          "z": 0.2519778907299042
        }
      },
      "world_space": {
        "head": {
          "x": 0.7268809080123901,
          "y": 0.3947279453277588,
          "z": 1.211401343345642
        },
        "tail": {
          "x": 0.7424762845039368,
          "y": 0.41750824451446533,
          "z": 1.2018319368362427
        },
        "rotation_quaternion": {
          "w": 0.4475609362125397,
          "x": -0.3314061462879181,
          "y": -0.8303697109222412,
          "z": 0.01858331263065338
        },
        "matrix": [
          [
            -0.37971749901771545,
            0.5337464213371277,
            -0.7555983662605286,
            0.7268809080123901
          ],
          [
            0.5670145153999329,
            0.7796483635902405,
            0.26578861474990845,
            0.3947279453277588
          ],
          [
            0.7309705018997192,
            -0.3275121748447418,
            -0.5986922979354858,
            1.211401343345642
          ],
          [
            0.0,
            0.0,
            0.0,
            1.0
          ]
        ]
      },
      "bone_length_armature_space": 0.029218700537665215,
      "parent": "index_02_l",
      "has_children": false,
      "is_end_bone": true
    },
    "metacarpal_pinky_l": {
      "name": "metacarpal_pinky_l",
      "local": {
        "location": {
          "x": 0.0,
          "y": 0.0,
          "z": 0.0
        },
        "rotation_quaternion": {
          "w": 0.9997572898864746,
          "x": -0.009384849108755589,
          "y": -0.01749688945710659,
          "z": -0.009544515050947666
        },
        "scale": {
          "x": 1.0,
          "y": 1.0,
          "z": 1.0
        },
        "matrix_basis": [
          [
            0.9992055296897888,
            0.019412808120250702,
            -0.034806136041879654,
            0.0
          ],
          [
            -0.01875598542392254,
            0.9996416568756104,
            0.019099140539765358,
            0.0
          ],
          [
            0.03516443446278572,
            -0.01843114383518696,
            0.9992115497589111,
            0.0
          ],
          [
            0.0,
            0.0,
            0.0,
            1.0
          ]
        ],
        "rotation_mode": "QUATERNION"
      },
      "armature_space": {
        "head": {
          "x": 0.6190506219863892,
          "y": 0.2421722412109375,
          "z": 0.352506548166275
        },
        "tail": {
          "x": 0.6897422075271606,
          "y": 0.31780052185058594,
          "z": 0.34126943349838257
        }
      },
      "world_space": {
        "head": {
          "x": 0.6190506219863892,
          "y": 0.3054162263870239,
          "z": 1.3023605346679688
        },
        "tail": {
          "x": 0.6897422075271606,
          "y": 0.38104450702667236,
          "z": 1.291123390197754
        },
        "rotation_quaternion": {
          "w": 0.6602723002433777,
          "x": 0.21575483679771423,
          "y": 0.6535913348197937,
          "z": -0.30051419138908386
        },
        "matrix": [
          [
            -0.034980714321136475,
            0.6788734197616577,
            0.7334213852882385,
            0.6190506219863892
          ],
          [
            -0.11481194198131561,
            0.7262818217277527,
            -0.6777411699295044,
            0.3054162263870239
          ],
          [
            -0.992778480052948,
            -0.1079135462641716,
            0.052536480128765106,
            1.3023605346679688
          ],
          [
            0.0,
            0.0,
            0.0,
            1.0
          ]
        ]
      },
      "bone_length_armature_space": 0.10413073623049013,
      "parent": "lowerarm_l",
      "has_children": true,
      "is_end_bone": false
    },
    "pinky_01_l": {
      "name": "pinky_01_l",
      "local": {
        "location": {
          "x": 0.0,
          "y": 0.0,
          "z": 0.0
        },
        "rotation_quaternion": {
          "w": 0.9642234444618225,
          "x": 0.2650251090526581,
          "y": -0.005264368839561939,
          "z": 0.0027073773089796305
        },
        "scale": {
          "x": 1.0,
          "y": 1.0,
          "z": 1.0
        },
        "matrix_basis": [
          [
            0.9999299049377441,
            -0.008011412806808949,
            -0.008717009797692299,
            0.0
          ],
          [
            0.0024306534323841333,
            0.859508752822876,
            -0.5111153721809387,
            0.0
          ],
          [
            0.011587101966142654,
            0.5110583305358887,
            0.8594679832458496,
            0.0
          ],
          [
            0.0,
            0.0,
            0.0,
            1.0
          ]
        ],
        "rotation_mode": "QUATERNION"
      },
      "armature_space": {
        "head": {
          "x": 0.6897422075271606,
          "y": 0.31780052185058594,
          "z": 0.34126943349838257
        },
        "tail": {
          "x": 0.6934571862220764,
          "y": 0.3374386727809906,
          "z": 0.3291517198085785
