{
  "metadata": {
    "armature_name": "KIM_caucasian_male",
    "export_time": "2026-01-13T20:25:52.357764",
    "blender_version": "4.4.1",
    "bone_count": 56,
    "end_bone_count": 13,
    "spaces_included": [
      "LOCAL_CHANNELS",
      "ARMATURE_SPACE",
      "WORLD_SPACE"
    ],
    "note": "LOCAL matches Transform panel; replay pose via local.matrix_basis for best fidelity."
  },
  "bones": {
    "Root": {
      "name": "Root",
      "local": {
        "location": {
          "x": 0.0,
          "y": 0.0,
          "z": 0.0
        },
        "rotation_quaternion": {
          "w": 0.9997392892837524,
          "x": 0.008617953397333622,
          "y": -0.012808063998818398,
          "z": 0.016829704865813255
        },
        "scale": {
          "x": 1.0,
          "y": 1.0,
          "z": 1.0
        },
        "matrix_basis": [
          [
            0.9991054534912109,
            -0.03387139365077019,
            -0.025319375097751617,
            0.0
          ],
          [
            0.03342987596988678,
            0.9992849826812744,
            -0.017662525177001953,
            0.0
          ],
          [
            0.025899525731801987,
            0.016800301149487495,
            0.9995233416557312,
            0.0
          ],
          [
            0.0,
            0.0,
            0.0,
            1.0
          ]
        ],
        "rotation_mode": "QUATERNION"
      },
      "armature_space": {
        "head": {
          "x": 0.0,
          "y": 0.07072800397872925,
          "z": -0.009595036506652832
        },
        "tail": {
          "x": -0.0024176002480089664,
          "y": -0.000110626220703125,
          "z": -0.0011951206251978874
        }
      },
      "world_space": {
        "head": {
          "x": 0.0,
          "y": 0.13397200405597687,
          "z": 0.9402589797973633
        },
        "tail": {
          "x": -0.0024176002480089664,
          "y": 0.0631333738565445,
          "z": 0.9486588835716248
        },
        "rotation_quaternion": {
          "w": 0.05875171720981598,
          "x": 0.9980486035346985,
          "y": -0.01765432581305504,
          "z": -0.011645188555121422
        },
        "matrix": [
          [
            0.9991054534912109,
            -0.03387139365077019,
            -0.025319375097751617,
            0.0
          ],
          [
            -0.03660810366272926,
            -0.9924731254577637,
            -0.11686341464519501,
            0.13397200405597687
          ],
          [
            -0.02117065340280533,
            0.11768565326929092,
            -0.9928322434425354,
            0.9402589797973633
          ],
          [
            0.0,
            0.0,
            0.0,
            1.0
          ]
        ]
      },
      "bone_length_armature_space": 0.07137586912682821,
      "parent": null,
      "has_children": true,
      "is_end_bone": false
    },
    "spine_01": {
      "name": "spine_01",
      "local": {
        "location": {
          "x": 0.0,
          "y": 0.0,
          "z": 0.0
        },
        "rotation_quaternion": {
          "w": 0.9980565309524536,
          "x": 0.03483601287007332,
          "y": 0.009852600283920765,
          "z": -0.050720758736133575
        },
        "scale": {
          "x": 1.0,
          "y": 1.0,
          "z": 1.0
        },
        "matrix_basis": [
          [
            0.9946606755256653,
            0.10193081945180893,
            0.016133086755871773,
            0.0
          ],
          [
            -0.10055791586637497,
            0.9924277067184448,
            -0.07053608447313309,
            0.0
          ],
          [
            -0.02320072241127491,
            0.0685371607542038,
            0.9973787665367126,
            0.0
          ],
          [
            0.0,
            0.0,
            0.0,
            1.0
          ]
        ],
        "rotation_mode": "QUATERNION"
      },
      "armature_space": {
        "head": {
          "x": -0.0024176002480089664,
          "y": -0.000110626220703125,
          "z": -0.0011951206251978874
        },
        "tail": {
          "x": 0.056849028915166855,
          "y": -0.02124618925154209,
          "z": 0.48273587226867676
        }
      },
      "world_space": {
        "head": {
          "x": -0.0024176002480089664,
          "y": 0.0631333738565445,
          "z": 0.9486588835716248
        },
        "tail": {
          "x": 0.056849028915166855,
          "y": 0.04199781268835068,
          "z": 1.4325898885726929
        },
        "rotation_quaternion": {
          "w": 0.6906593441963196,
          "x": 0.7205374240875244,
          "y": 0.03652932494878769,
          "z": -0.049811962991952896
        },
        "matrix": [
          [
            0.9923688173294067,
            0.12144770473241806,
            -0.021323300898075104,
            -0.0024176002480089664
          ],
          [
            -0.016163896769285202,
            -0.04331047087907791,
            -0.9989310503005981,
            0.0631333738565445
          ],
          [
            -0.12224224954843521,
            0.99165940284729,
            -0.04101806879043579,
            0.9486588835716248
          ],
          [
            0.0,
            0.0,
            0.0,
            1.0
          ]
        ]
      },
      "bone_length_armature_space": 0.4880045673146353,
      "parent": "Root",
      "has_children": true,
      "is_end_bone": false
    },
    "neck_01": {
      "name": "neck_01",
      "local": {
        "location": {
          "x": 0.0,
          "y": 0.0,
          "z": 0.0
        },
        "rotation_quaternion": {
          "w": 0.9886031150817871,
          "x": -0.0495329312980175,
          "y": 0.0036317664198577404,
          "z": -0.14211700856685638
        },
        "scale": {
          "x": 1.0,
          "y": 1.0,
          "z": 1.0
        },
        "matrix_basis": [
          [
            0.9595791101455688,
            0.2806348502635956,
            0.021259695291519165,
            0.0
          ],
          [
            -0.2813544273376465,
            0.9546985030174255,
            0.09690454602241516,
            0.0
          ],
          [
            0.006898192688822746,
            -0.09896909445524216,
            0.9950665831565857,
            0.0
          ],
          [
            0.0,
            0.0,
            0.0,
            1.0
          ]
        ],
        "rotation_mode": "QUATERNION"
      },
      "armature_space": {
        "head": {
          "x": 0.06500174105167389,
          "y": -0.05906068533658981,
          "z": 0.553921103477478
        },
        "tail": {
          "x": 0.10443858802318573,
          "y": -0.09142789244651794,
          "z": 0.6428470611572266
        }
      },
      "world_space": {
        "head": {
          "x": 0.06500174105167389,
          "y": 0.004183314740657806,
          "z": 1.5037751197814941
        },
        "tail": {
          "x": 0.10443858802318573,
          "y": -0.028183892369270325,
          "z": 1.5927010774612427
        },
        "rotation_quaternion": {
          "w": 0.5654627084732056,
          "x": 0.8008913397789001,
          "y": 0.1496528834104538,
          "z": -0.12817640602588654
        },
        "matrix": [
          [
            0.9223496317863464,
            0.38466960191726685,
            -0.03606276214122772,
            0.06500174105167389
          ],
          [
            0.09475524723529816,
            -0.3157118558883667,
            -0.9441123604774475,
            0.004183314740657806
          ],
          [
            -0.3745591342449188,
            0.867389976978302,
            -0.3276492953300476,
            1.5037751197814941
          ],
          [
            0.0,
            0.0,
            0.0,
            1.0
          ]
        ]
      },
      "bone_length_armature_space": 0.10252183474276466,
      "parent": "spine_01",
      "has_children": true,
      "is_end_bone": false
    },
    "head": {
      "name": "head",
      "local": {
        "location": {
          "x": 0.0,
          "y": 0.0,
          "z": 0.0
        },
        "rotation_quaternion": {
          "w": 0.9975186586380005,
          "x": 0.03540757670998573,
          "y": 0.050270866602659225,
          "z": -0.03428911045193672
        },
        "scale": {
          "x": 1.0,
          "y": 1.0,
          "z": 1.0
        },
        "matrix_basis": [
          [
            0.9925941824913025,
            0.07196799665689468,
            0.09786406904459,
            0.0
          ],
          [
            -0.06484811753034592,
            0.9951411485671997,
            -0.07408692687749863,
            0.0
          ],
          [
            -0.10272044688463211,
            0.0671919509768486,
            0.9924383163452148,
            0.0
          ],
          [
            0.0,
            0.0,
            0.0,
            1.0
          ]
        ],
        "rotation_mode": "QUATERNION"
      },
      "armature_space": {
        "head": {
          "x": 0.10443854331970215,
          "y": -0.0914280116558075,
          "z": 0.642846941947937
        },
        "tail": {
          "x": 0.17308518290519714,
          "y": -0.09353404492139816,
          "z": 0.781902551651001
        }
      },
      "world_space": {
        "head": {
          "x": 0.10443854331970215,
          "y": -0.028184011578559875,
          "z": 1.5927009582519531
        },
        "tail": {
          "x": 0.17308518290519714,
          "y": -0.030290044844150543,
          "z": 1.731756567955017
        },
        "rotation_quaternion": {
          "w": 0.6655258536338806,
          "x": 0.7055506110191345,
          "y": 0.22424425184726715,
          "z": -0.09480639547109604
        },
        "matrix": [
          [
            0.8814520239830017,
            0.44262391328811646,
            0.16470162570476532,
            0.10443854331970215
          ],
          [
            0.19024164974689484,
            -0.013579405844211578,
            -0.9816437363624573,
            -0.028184011578559875
          ],
          [
            -0.4322650134563446,
            0.8966109156608582,
            -0.09617669135332108,
            1.5927009582519531
          ],
          [
            0.0,
            0.0,
            0.0,
            1.0
          ]
        ]
      },
      "bone_length_armature_space": 0.15509112904340616,
      "parent": "neck_01",
      "has_children": false,
      "is_end_bone": true
    },
    "upperarm_l": {
      "name": "upperarm_l",
      "local": {
        "location": {
          "x": 0.0,
          "y": 0.0,
          "z": 0.0
        },
        "rotation_quaternion": {
          "w": 0.9707754254341125,
          "x": 0.012149765156209469,
          "y": 0.13883423805236816,
          "z": 0.1953778713941574
        },
        "scale": {
          "x": 1.0,
          "y": 1.0,
          "z": 1.0
        },
        "matrix_basis": [
          [
            0.8851050734519958,
            -0.3759624660015106,
            0.27430132031440735,
            0.0
          ],
          [
            0.38270968198776245,
            0.923359751701355,
            0.03066088818013668,
            0.0
          ],
          [
            -0.2648061513900757,
            0.07783966511487961,
            0.9611548781394958,
            0.0
          ],
          [
            0.0,
            0.0,
            0.0,
            1.0
          ]
        ],
        "rotation_mode": "QUATERNION"
      },
      "armature_space": {
        "head": {
          "x": 0.20562684535980225,
          "y": -0.06176019087433815,
          "z": 0.46880680322647095
        },
        "tail": {
          "x": 0.4652273654937744,
          "y": -0.08345530927181244,
          "z": 0.5316125750541687
        }
      },
      "world_space": {
        "head": {
          "x": 0.20562684535980225,
          "y": 0.0014838092029094696,
          "z": 1.4186608791351318
        },
        "tail": {
          "x": 0.4652273654937744,
          "y": -0.02021130919456482,
          "z": 1.48146653175354
        },
        "rotation_quaternion": {
          "w": 0.45393437147140503,
          "x": 0.6464571952819824,
          "y": 0.5034502744674683,
          "z": -0.3501063883304596
        },
        "matrix": [
          [
            0.2479253113269806,
            0.9687691926956177,
            0.004410645924508572,
            0.20562684535980225
          ],
          [
            0.3330686390399933,
            -0.08096117526292801,
            -0.9394205212593079,
            0.0014838092029094696
          ],
          [
            -0.9097304344177246,
            0.23437662422657013,
            -0.34274211525917053,
            1.4186608791351318
          ],
          [
            0.0,
            0.0,
            0.0,
            1.0
          ]
        ]
      },
      "bone_length_armature_space": 0.26796954015788743,
      "parent": "spine_01",
      "has_children": true,
      "is_end_bone": false
    },
    "lowerarm_l": {
      "name": "lowerarm_l",
      "local": {
        "location": {
          "x": 0.0,
          "y": 0.0,
          "z": 0.0
        },
        "rotation_quaternion": {
          "w": 0.9058721661567688,
          "x": 0.41101446747779846,
          "y": 0.10132995247840881,
          "z": -0.013970022089779377
        },
        "scale": {
          "x": 1.0,
          "y": 1.0,
          "z": 1.0
        },
        "matrix_basis": [
          [
            0.9790741801261902,
            0.1086062639951706,
            0.17210020124912262,
            0.0
          ],
          [
            0.05798604339361191,
            0.6617438793182373,
            -0.7474842667579651,
            0.0
          ],
          [
            -0.19506773352622986,
            0.7418219447135925,
            0.6415987014770508,
            0.0
          ],
          [
            0.0,
            0.0,
            0.0,
            1.0
          ]
        ],
        "rotation_mode": "QUATERNION"
      },
      "armature_space": {
        "head": {
          "x": 0.4652274250984192,
          "y": -0.0834554061293602,
          "z": 0.5316126942634583
        },
        "tail": {
          "x": 0.6110187768936157,
          "y": -0.30579403042793274,
          "z": 0.5019509792327881
        }
      },
      "world_space": {
        "head": {
          "x": 0.4652274250984192,
          "y": -0.02021140605211258,
          "z": 1.4814667701721191
        },
        "tail": {
          "x": 0.6110187768936157,
          "y": -0.24255003035068512,
          "z": 1.4518049955368042
        },
        "rotation_quaternion": {
          "w": 0.09491493552923203,
          "x": 0.8239078521728516,
          "y": 0.27466824650764465,
          "z": -0.4865434765815735
        },
        "matrix": [
          [
            0.3756650388240814,
            0.5449644327163696,
            -0.7495928406715393,
            0.4652274250984192
          ],
          [
            0.3602423071861267,
            -0.831096351146698,
            -0.4236801266670227,
            -0.02021140605211258
          ],
          [
            -0.853879988193512,
            -0.11087477207183838,
            -0.5085369348526001,
            1.4814667701721191
          ],
          [
            0.0,
            0.0,
            0.0,
            1.0
          ]
        ]
      },
      "bone_length_armature_space": 0.2675245723726682,
      "parent": "upperarm_l",
      "has_children": true,
      "is_end_bone": false
    },
    "metacarpal_thumb_l": {
      "name": "metacarpal_thumb_l",
      "local": {
        "location": {
          "x": 0.0,
          "y": 0.0,
          "z": 0.0
        },
        "rotation_quaternion": {
          "w": 0.9999750256538391,
          "x": -0.001975746126845479,
          "y": 0.0022637515794485807,
          "z": 0.006408569402992725
        },
        "scale": {
          "x": 1.0,
          "y": 1.0,
          "z": 1.0
        },
        "matrix_basis": [
          [
            0.9999076128005981,
            -0.012825763784348965,
            0.0045020668767392635,
            0.0
          ],
          [
            0.012807873077690601,
            0.9999100565910339,
            0.003980408422648907,
            0.0
          ],
          [
            -0.004552713595330715,
            -0.003922378644347191,
            0.9999819397926331,
            0.0
          ],
          [
            0.0,
            0.0,
            0.0,
            1.0
          ]
        ],
        "rotation_mode": "QUATERNION"
      },
      "armature_space": {
        "head": {
          "x": 0.6110187768936157,
          "y": -0.30579403042793274,
          "z": 0.5019509792327881
        },
        "tail": {
          "x": 0.613190770149231,
          "y": -0.3473423719406128,
          "z": 0.47506949305534363
        }
      },
      "world_space": {
        "head": {
          "x": 0.6110187768936157,
          "y": -0.24255003035068512,
          "z": 1.4518049955368042
        },
        "tail": {
          "x": 0.613190770149231,
          "y": -0.28409838676452637,
          "z": 1.4249235391616821
        },
        "rotation_quaternion": {
          "w": 0.2829240560531616,
          "x": -0.945983350276947,
          "y": 0.023646609857678413,
          "z": -0.1565578430891037
        },
        "matrix": [
          [
            0.9498609900474548,
            0.04384917765855789,
            0.309582382440567,
            0.6110187768936157
          ],
          [
            -0.13332633674144745,
            -0.8387900590896606,
            0.5278783440589905,
            -0.24255003035068512
          ],
          [
            0.2828235328197479,
            -0.5426909327507019,
            -0.7908927798271179,
            1.4518049955368042
          ],
          [
            0.0,
            0.0,
            0.0,
            1.0
          ]
        ]
      },
      "bone_length_armature_space": 0.04953379212407219,
      "parent": "lowerarm_l",
      "has_children": true,
      "is_end_bone": false
    },
    "thumb_01_l": {
      "name": "thumb_01_l",
      "local": {
        "location": {
          "x": 0.0,
          "y": 0.0,
          "z": 0.0
        },
        "rotation_quaternion": {
          "w": 0.9851994514465332,
          "x": 0.1698705554008484,
          "y": -0.01795096881687641,
          "z": -0.014277503825724125
        },
        "scale": {
          "x": 1.0,
          "y": 1.0,
          "z": 1.0
        },
        "matrix_basis": [
          [
            0.9989478588104248,
            0.0220336951315403,
            -0.04022122547030449,
            0.0
          ],
          [
            -0.03423105925321579,
            0.9418802857398987,
            -0.3342001736164093,
            0.0
          ],
          [
            0.030519913882017136,
            0.33522534370422363,
            0.9416435360908508,
            0.0
          ],
          [
            0.0,
            0.0,
            0.0,
            1.0
          ]
        ],
        "rotation_mode": "QUATERNION"
      },
      "armature_space": {
        "head": {
          "x": 0.613190770149231,
          "y": -0.3473423719406128,
          "z": 0.47506949305534363
        },
        "tail": {
          "x": 0.6287674903869629,
          "y": -0.3545457124710083,
          "z": 0.4456736445426941
        }
      },
      "world_space": {
        "head": {
          "x": 0.613190770149231,
          "y": -0.28409838676452637,
          "z": 1.4249235391616821
        },
        "tail": {
          "x": 0.6287674903869629,
          "y": -0.2913017272949219,
          "z": 1.3955276012420654
        },
        "rotation_quaternion": {
          "w": 0.5279332399368286,
          "x": -0.38105595111846924,
          "y": 0.33981579542160034,
          "z": -0.6786811351776123
        },
        "matrix": [
          [
            -0.15216341614723206,
            0.4576197564601898,
            0.8760311007499695,
            0.613190770149231
          ],
          [
            -0.975574791431427,
            -0.2116224467754364,
            -0.058906763792037964,
            -0.28409838676452637
          ],
          [
            0.1584313064813614,
            -0.8636034727096558,
            0.47864675521850586,
            1.4249235391616821
          ],
          [
            0.0,
            0.0,
            0.0,
            1.0
          ]
        ]
      },
      "bone_length_armature_space": 0.03403877519859932,
      "parent": "metacarpal_thumb_l",
      "has_children": true,
      "is_end_bone": false
    },
    "thumb_02_l": {
      "name": "thumb_02_l",
      "local": {
        "location": {
          "x": 0.0,
          "y": 0.0,
          "z": 0.0
        },
        "rotation_quaternion": {
          "w": 0.9343616962432861,
          "x": 0.35632598400115967,
          "y": 2.0829844288527966e-05,
          "z": 6.508117076009512e-05
        },
        "scale": {
          "x": 1.0,
          "y": 1.0,
          "z": 1.0
        },
        "matrix_basis": [
          [
            1.0,
            -0.000106774277810473,
            8.530544437235221e-05,
            0.0
          ],
          [
            0.00013646313163917512,
            0.7460635900497437,
            -0.665874719619751,
            0.0
          ],
          [
            7.455007107637357e-06,
            0.665874719619751,
            0.7460635900497437,
            0.0
          ],
          [
            0.0,
            0.0,
            0.0,
            1.0
          ]
        ],
        "rotation_mode": "QUATERNION"
      },
      "armature_space": {
        "head": {
          "x": 0.6287674307823181,
          "y": -0.3545456528663635,
          "z": 0.4456736445426941
        },
        "tail": {
          "x": 0.646518349647522,
          "y": -0.3800075054168701,
          "z": 0.4711645543575287
        }
      },
      "world_space": {
        "head": {
          "x": 0.6287674307823181,
          "y": -0.2913016676902771,
          "z": 1.3955276012420654
        },
        "tail": {
          "x": 0.646518349647522,
          "y": -0.3167635202407837,
          "z": 1.4210186004638672
        },
        "rotation_quaternion": {
          "w": 0.3070702850818634,
          "x": 0.1727364957332611,
          "y": -0.2978880703449249,
          "z": -0.8872050642967224
        },
        "matrix": [
          [
            -0.7517393231391907,
            0.4419567883014679,
            -0.48945093154907227,
            0.6287674307823181
          ],
          [
            -0.6477816104888916,
            -0.6339408755302429,
            0.4224904179573059,
            -0.2913016676902771
          ],
          [
            -0.12356182932853699,
            0.634663999080658,
            0.7628553509712219,
            1.3955276012420654
          ],
          [
            0.0,
            0.0,
            0.0,
            1.0
          ]
        ]
      },
      "bone_length_armature_space": 0.04016450604009486,
      "parent": "thumb_01_l",
      "has_children": true,
      "is_end_bone": false
    },
    "thumb_03_l": {
      "name": "thumb_03_l",
      "local": {
        "location": {
          "x": 0.0,
          "y": 0.0,
          "z": 0.0
        },
        "rotation_quaternion": {
          "w": 0.9854633212089539,
          "x": 0.16971510648727417,
          "y": 0.0064488803036510944,
          "z": 0.004149463959038258
        },
        "scale": {
          "x": 1.0,
          "y": 1.0,
          "z": 1.0
        },
        "matrix_basis": [
          [
            0.9998824000358582,
            -0.005989344324916601,
            0.014118723571300507,
            0.0
          ],
          [
            0.010367234237492085,
            0.9423591494560242,
            -0.33444249629974365,
            0.0
          ],
          [
            -0.011301816441118717,
            0.33454954624176025,
            0.9423103928565979,
            0.0
          ],
          [
            0.0,
            0.0,
            0.0,
            1.0
          ]
        ],
        "rotation_mode": "QUATERNION"
      },
      "armature_space": {
        "head": {
          "x": 0.646518349647522,
          "y": -0.3800075352191925,
          "z": 0.4711644649505615
        },
        "tail": {
          "x": 0.6499839425086975,
          "y": -0.38825690746307373,
          "z": 0.5002650022506714
        }
      },
      "world_space": {
        "head": {
          "x": 0.646518349647522,
          "y": -0.3167635202407837,
          "z": 1.4210184812545776
        },
        "tail": {
          "x": 0.6499839425086975,
          "y": -0.3250129222869873,
          "z": 1.4501190185546875
        },
        "rotation_quaternion": {
          "w": 0.3684503734111786,
          "x": 0.4083925783634186,
          "y": -0.47829240560531616,
          "z": -0.6846138834953308
        },
        "matrix": [
          [
            -0.3949200510978699,
            0.11383175849914551,
            -0.911636233329773,
            0.646518349647522
          ],
          [
            -0.8951548933982849,
            -0.27096110582351685,
            0.35394659638404846,
            -0.3167635202407837
          ],
          [
            -0.20672960579395294,
            0.9558426737785339,
            0.2089066505432129,
            1.4210184812545776
          ],
          [
            0.0,
            0.0,
            0.0,
            1.0
          ]
        ]
      },
      "bone_length_armature_space": 0.030445093708876735,
      "parent": "thumb_02_l",
      "has_children": false,
      "is_end_bone": true
    },
    "metacarpal_index_l": {
      "name": "metacarpal_index_l",
      "local": {
        "location": {
          "x": 0.0,
          "y": 0.0,
          "z": 0.0
        },
        "rotation_quaternion": {
          "w": 0.998586893081665,
          "x": -0.05156906321644783,
          "y": -0.0074147870764136314,
          "z": 0.010480682365596294
        },
        "scale": {
          "x": 1.0,
          "y": 1.0,
          "z": 1.0
        },
        "matrix_basis": [
          [
            0.9996703267097473,
            -0.020166996866464615,
            -0.015889575704932213,
            0.0
          ],
          [
            0.021696491166949272,
            0.9944615960121155,
            0.1028369590640068,
            0.0
          ],
          [
            0.013727660290896893,
            -0.10314780473709106,
            0.994571328163147,
            0.0
          ],
          [
            0.0,
            0.0,
            0.0,
            1.0
          ]
        ],
        "rotation_mode": "QUATERNION"
      },
      "armature_space": {
        "head": {
          "x": 0.6110187768936157,
          "y": -0.30579403042793274,
          "z": 0.5019509792327881
        },
        "tail": {
          "x": 0.6474635004997253,
          "y": -0.41460689902305603,
          "z": 0.4782703220844269
        }
      },
      "world_space": {
        "head": {
          "x": 0.6110187768936157,
          "y": -0.24255003035068512,
          "z": 1.4518049955368042
        },
        "tail": {
          "x": 0.6474635004997253,
          "y": -0.3513628840446472,
          "z": 1.4281243085861206
        },
        "rotation_quaternion": {
          "w": 0.08808650076389313,
          "x": -0.9779412150382996,
          "y": -0.1670634001493454,
          "z": 0.08922871202230453
        },
        "matrix": [
          [
            0.9282559752464294,
            0.3110366761684418,
            -0.2039530873298645,
            0.6110187768936157
          ],
          [
            0.34247615933418274,
            -0.9286614656448364,
            0.14247244596481323,
            -0.24255003035068512
          ],
          [
            -0.14508995413780212,
            -0.20210221409797668,
            -0.9685648083686829,
            1.4518049955368042
          ],
          [
            0.0,
            0.0,
            0.0,
            1.0
          ]
        ]
      },
      "bone_length_armature_space": 0.11717180355570017,
      "parent": "lowerarm_l",
      "has_children": true,
      "is_end_bone": false
    },
    "index_01_l": {
      "name": "index_01_l",
      "local": {
        "location": {
          "x": 0.0,
          "y": 0.0,
          "z": 0.0
        },
        "rotation_quaternion": {
          "w": 0.9795660972595215,
          "x": 0.2010403573513031,
          "y": -0.005653302185237408,
          "z": -0.0010815287241712213
        },
        "scale": {
          "x": 1.0,
          "y": 1.0,
          "z": 1.0
        },
        "matrix_basis": [
          [
            0.9999337196350098,
            -0.00015422604337800294,
            -0.011510428041219711,
            0.0
          ],
          [
            -0.004391941707581282,
            0.9191632270812988,
            -0.3938524127006531,
            0.0
          ],
          [
            0.010640704073011875,
            0.393876850605011,
            0.9191016554832458,
            0.0
          ],
          [
            0.0,
            0.0,
            0.0,
            1.0
          ]
        ],
        "rotation_mode": "QUATERNION"
      },
      "armature_space": {
        "head": {
          "x": 0.6474635004997253,
          "y": -0.41460689902305603,
          "z": 0.4782703220844269
        },
        "tail": {
          "x": 0.6628578901290894,
          "y": -0.4341032803058624,
          "z": 0.4642711579799652
        }
      },
      "world_space": {
        "head": {
          "x": 0.6474635004997253,
          "y": -0.3513628840446472,
          "z": 1.4281243085861206
        },
        "tail": {
          "x": 0.6628578901290894,
          "y": -0.3708592653274536,
          "z": 1.4141252040863037
        },
        "rotation_quaternion": {
          "w": 0.22766053676605225,
          "x": -0.9099807739257812,
          "y": -0.32603874802589417,
          "z": 0.11749272048473358
        },
        "matrix": [
          [
            0.759787917137146,
            0.5398812294006348,
            -0.3622852563858032,
            0.6474635004997253
          ],
          [
            0.6468755602836609,
            -0.6837391257286072,
            0.3377179503440857,
            -0.3513628840446472
          ],
          [
            -0.06538093090057373,
            -0.49095141887664795,
            -0.8687382936477661,
            1.4281243085861206
          ],
          [
            0.0,
            0.0,
            0.0,
            1.0
          ]
        ]
      },
      "bone_length_armature_space": 0.028514430065136036,
      "parent": "metacarpal_index_l",
      "has_children": true,
      "is_end_bone": false
    },
    "index_02_l": {
      "name": "index_02_l",
      "local": {
        "location": {
          "x": 0.0,
          "y": 0.0,
          "z": 0.0
        },
        "rotation_quaternion": {
          "w": 0.9134446978569031,
          "x": 0.4069308638572693,
          "y": 0.0023903660476207733,
          "z": 0.0045146942138671875
        },
        "scale": {
          "x": 1.0,
          "y": 1.0,
          "z": 1.0
        },
        "matrix_basis": [
          [
            0.9999477863311768,
            -0.00630241958424449,
            0.00804127100855112,
            0.0
          ],
          [
            0.010193274356424809,
            0.6687737703323364,
            -0.7433961033821106,
            0.0
          ],
          [
            -0.0006925975321792066,
            0.743439257144928,
            0.6688030958175659,
            0.0
          ],
          [
            0.0,
            0.0,
            0.0,
            1.0
          ]
        ],
        "rotation_mode": "QUATERNION"
      },
      "armature_space": {
        "head": {
          "x": 0.6628577709197998,
          "y": -0.4341035783290863,
          "z": 0.4642707109451294
        },
        "tail": {
          "x": 0.6651600003242493,
          "y": -0.44064101576805115,
          "z": 0.4395713210105896
        }
      },
      "world_space": {
        "head": {
          "x": 0.6628577709197998,
          "y": -0.3708595633506775,
          "z": 1.4141247272491455
        },
        "tail": {
          "x": 0.6651600003242493,
          "y": -0.37739700078964233,
          "z": 1.389425277709961
        },
        "rotation_quaternion": {
          "w": 0.5531732439994812,
          "x": -0.7458215355873108,
          "y": -0.25803181529045105,
          "z": 0.26677581667900085
        },
        "matrix": [
          [
            0.7245004773139954,
            0.08974519371986389,
            -0.6834068298339844,
            0.6628577709197998
          ],
          [
            0.6800380945205688,
            -0.25483831763267517,
            0.6874635815620422,
            -0.3708595633506775
          ],
          [
            -0.11246189475059509,
            -0.9628171324729919,
            -0.24566179513931274,
            1.4141247272491455
          ],
          [
            0.0,
            0.0,
            0.0,
            1.0
          ]
        ]
      },
      "bone_length_armature_space": 0.025653425340967234,
      "parent": "index_01_l",
      "has_children": true,
      "is_end_bone": false
    },
    "index_03_l": {
      "name": "index_03_l",
      "local": {
        "location": {
          "x": 0.0,
          "y": 0.0,
          "z": 0.0
        },
        "rotation_quaternion": {
          "w": 0.967204213142395,
          "x": 0.25379326939582825,
          "y": 0.004942366387695074,
          "z": 0.00897323526442051
        },
        "scale": {
          "x": 1.0,
          "y": 1.0,
          "z": 1.0
        },
        "matrix_basis": [
          [
            0.9997901320457458,
            -0.0148492231965065,
            0.014115248806774616,
            0.0
          ],
          [
            0.0198665801435709,
            0.8710169196128845,
            -0.49085113406181335,
            0.0
          ],
          [
            -0.005005861632525921,
            0.4910285472869873,
            0.8711290955543518,
            0.0
          ],
          [
            0.0,
            0.0,
            0.0,
            1.0
          ]
        ],
        "rotation_mode": "QUATERNION"
      },
      "armature_space": {
        "head": {
          "x": 0.6651601195335388,
          "y": -0.4406411051750183,
          "z": 0.439571350812912
        },
        "tail": {
          "x": 0.6580727696418762,
          "y": -0.43344756960868835,
          "z": 0.412153035402298
        }
      },
      "world_space": {
        "head": {
          "x": 0.6651601195335388,
          "y": -0.3773971199989319,
          "z": 1.3894253969192505
        },
        "tail": {
          "x": 0.6580727696418762,
          "y": -0.37020355463027954,
          "z": 1.3620070219039917
        },
        "rotation_quaternion": {
          "w": 0.767947793006897,
          "x": -0.5427107214927673,
          "y": -0.18263310194015503,
          "z": 0.28699564933776855
        },
        "matrix": [
          [
            0.7685567140579224,
            -0.24256178736686707,
            -0.5920171737670898,
            0.6651601195335388
          ],
          [
            0.6390301585197449,
            0.24619659781455994,
            0.7287167906761169,
            -0.3773971199989319
          ],
          [
            -0.031005913391709328,
            -0.9383833408355713,
            0.3442232608795166,
            1.3894253969192505
          ],
          [
            0.0,
            0.0,
            0.0,
            1.0
          ]
        ]
      },
      "bone_length_armature_space": 0.029218855737193464,
      "parent": "index_02_l",
      "has_children": false,
      "is_end_bone": true
    },
    "metacarpal_pinky_l": {
      "name": "metacarpal_pinky_l",
      "local": {
        "location": {
          "x": 0.0,
          "y": 0.0,
          "z": 0.0
        },
        "rotation_quaternion": {
          "w": 0.9992250204086304,
          "x": -0.031956449151039124,
          "y": -0.019325505942106247,
          "z": -0.012442398816347122
        },
        "scale": {
          "x": 1.0,
          "y": 1.0,
          "z": 1.0
        },
        "matrix_basis": [
          [
            0.9989434480667114,
            0.026100661605596542,
            -0.037825826555490494,
            0.0
          ],
          [
            -0.02363036386668682,
            0.9976479411125183,
            0.06434427946805954,
            0.0
          ],
          [
            0.03941628709435463,
            -0.06338245421648026,
            0.9972106218338013,
            0.0
          ],
          [
            0.0,
            0.0,
            0.0,
            1.0
          ]
        ],
        "rotation_mode": "QUATERNION"
      },
      "armature_space": {
        "head": {
          "x": 0.6110187768936157,
          "y": -0.30579403042793274,
          "z": 0.5019509792327881
        },
        "tail": {
          "x": 0.6909846663475037,
          "y": -0.37246543169021606,
          "z": 0.5000553727149963
        }
      },
      "world_space": {
        "head": {
          "x": 0.6110187768936157,
          "y": -0.24255003035068512,
          "z": 1.4518049955368042
        },
        "tail": {
          "x": 0.6909846663475037,
          "y": -0.30922144651412964,
          "z": 1.4499094486236572
        },
        "rotation_quaternion": {
          "w": 0.38921886682510376,
          "x": 0.33990025520324707,
          "y": 0.1684492528438568,
          "z": -0.839405357837677
        },
        "matrix": [
          [
            -0.4659525454044342,
            0.7679374814033508,
            -0.43949973583221436,
            0.6110187768936157
          ],
          [
            -0.5389139652252197,
            -0.6402660608291626,
            -0.5473862886428833,
            -0.24255003035068512
          ],
          [
            -0.7017605304718018,
            -0.018204186111688614,
            0.7121901512145996,
            1.4518049955368042
          ],
          [
            0.0,
            0.0,
            0.0,
            1.0
          ]
        ]
      },
      "bone_length_armature_space": 0.10413074729448904,
      "parent": "lowerarm_l",
      "has_children": true,
      "is_end_bone": false
    },
    "pinky_01_l": {
      "name": "pinky_01_l",
      "local": {
        "location": {
          "x": 0.0,
          "y": 0.0,
          "z": 0.0
        },
        "rotation_quaternion": {
          "w": 0.9407169818878174,
          "x": 0.33782079815864563,
          "y": 0.02889407053589821,
          "z": -0.009685222059488297
        },
        "scale": {
          "x": 1.0,
          "y": 1.0,
          "z": 1.0
        },
        "matrix_basis": [
          [
            0.998142659664154,
            0.03774414211511612,
            0.04781854525208473,
            0.0
          ],
          [
            0.0012999301543459296,
            0.77156662940979,
            -0.6361472010612488,
            0.0
          ],
          [
            -0.060906022787094116,
            0.6350278258323669,
            0.7700845003128052,
            0.0
          ],
          [
            0.0,
            0.0,
            0.0,
            1.0
          ]
        ],
        "rotation_mode": "QUATERNION"
      },
      "armature_space": {
        "head": {
          "x": 0.6909846663475037,
          "y": -0.37246543169021606,
          "z": 0.5000553727149963
        },
        "tail": {
          "x": 0.7051753401756287,
