{
  "metadata": {
    "armature_name": "KIM_caucasian_male",
    "export_time": "2026-01-13T21:02:41.296309",
    "blender_version": "4.4.1",
    "bone_count": 56,
    "end_bone_count": 13,
    "spaces_included": [
      "LOCAL_CHANNELS",
      "ARMATURE_SPACE",
      "WORLD_SPACE"
    ],
    "note": "LOCAL matches Transform panel; replay pose via local.matrix_basis for best fidelity."
  },
  "bones": {
    "Root": {
      "name": "Root",
      "local": {
        "location": {
          "x": 0.0,
          "y": 0.0,
          "z": 0.0
        },
        "rotation_quaternion": {
          "w": 0.9999428391456604,
          "x": -0.007813493721187115,
          "y": 0.003757425583899021,
          "z": 0.006270724348723888
        },
        "scale": {
          "x": 1.0,
          "y": 1.0,
          "z": 1.0
        },
        "matrix_basis": [
          [
            0.9998931288719177,
            -0.012599448673427105,
            0.0074164289981126785,
            0.0
          ],
          [
            0.01248201448470354,
            0.9997992515563965,
            0.015673218294978142,
            0.0
          ],
          [
            -0.007612414192408323,
            -0.015578970313072205,
            0.9998496770858765,
            0.0
          ],
          [
            0.0,
            0.0,
            0.0,
            1.0
          ]
        ],
        "rotation_mode": "QUATERNION"
      },
      "armature_space": {
        "head": {
          "x": 0.0,
          "y": 0.07072800397872925,
          "z": -0.009595036506652832
        },
        "tail": {
          "x": -0.0008992966031655669,
          "y": 0.00016368180513381958,
          "z": 0.0010999515652656555
        }
      },
      "world_space": {
        "head": {
          "x": 0.0,
          "y": 0.13397200405597687,
          "z": 0.9402589797973633
        },
        "tail": {
          "x": -0.0008992966031655669,
          "y": 0.06340768188238144,
          "z": 0.9509539604187012
        },
        "rotation_quaternion": {
          "w": 0.07515954226255417,
          "x": 0.9971447587013245,
          "y": -0.0060033490881323814,
          "z": 0.004171335604041815
        },
        "matrix": [
          [
            0.9998931288719177,
            -0.012599448673427105,
            0.0074164289981126785,
            0.0
          ],
          [
            -0.011345382779836655,
            -0.9886299967765808,
            -0.14994044601917267,
            0.13397200405597687
          ],
          [
            0.009221324697136879,
            0.14984038472175598,
            -0.9886742830276489,
            0.9402589797973633
          ],
          [
            0.0,
            0.0,
            0.0,
            1.0
          ]
        ]
      },
      "bone_length_armature_space": 0.07137587196438522,
      "parent": null,
      "has_children": true,
      "is_end_bone": false
    },
    "spine_01": {
      "name": "spine_01",
      "local": {
        "location": {
          "x": 0.0,
          "y": 0.0,
          "z": 0.0
        },
        "rotation_quaternion": {
          "w": 0.9958405494689941,
          "x": 0.04068778082728386,
          "y": 0.055177953094244,
          "z": -0.060013893991708755
        },
        "scale": {
          "x": 1.0,
          "y": 1.0,
          "z": 1.0
        },
        "matrix_basis": [
          [
            0.9867074489593506,
            0.12401867657899857,
            0.10501322150230408,
            0.0
          ],
          [
            -0.11503840237855911,
            0.9894856810569763,
            -0.08765996992588043,
            0.0
          ],
          [
            -0.11478055268526077,
            0.0744141936302185,
            0.9905998110771179,
            0.0
          ],
          [
            0.0,
            0.0,
            0.0,
            1.0
          ]
        ],
        "rotation_mode": "QUATERNION"
      },
      "armature_space": {
        "head": {
          "x": -0.0008992966031655669,
          "y": 0.00016368180513381958,
          "z": 0.0010999515652656555
        },
        "tail": {
          "x": 0.05508094280958176,
          "y": -0.0066375951282680035,
          "z": 0.48583540320396423
        }
      },
      "world_space": {
        "head": {
          "x": -0.0008992966031655669,
          "y": 0.06340768188238144,
          "z": 0.9509539604187012
        },
        "tail": {
          "x": 0.05508094280958176,
          "y": 0.05660640448331833,
          "z": 1.4356894493103027
        },
        "rotation_quaternion": {
          "w": 0.6982463002204895,
          "x": 0.7119864225387573,
          "y": 0.0740499272942543,
          "z": -0.006636746693402529
        },
        "matrix": [
          [
            0.9889450669288635,
            0.11471331864595413,
            0.09396041929721832,
            -0.0008992966031655669
          ],
          [
            0.09617767482995987,
            -0.013937007635831833,
            -0.9952667355537415,
            0.06340768188238144
          ],
          [
            -0.1128615140914917,
            0.993307888507843,
            -0.02481686696410179,
            0.9509539604187012
          ],
          [
            0.0,
            0.0,
            0.0,
            1.0
          ]
        ]
      },
      "bone_length_armature_space": 0.48800462394132954,
      "parent": "Root",
      "has_children": true,
      "is_end_bone": false
    },
    "neck_01": {
      "name": "neck_01",
      "local": {
        "location": {
          "x": 0.0,
          "y": 0.0,
          "z": 0.0
        },
        "rotation_quaternion": {
          "w": 0.9931631088256836,
          "x": -0.09341462701559067,
          "y": 0.054978881031274796,
          "z": 0.04333840310573578
        },
        "scale": {
          "x": 1.0,
          "y": 1.0,
          "z": 1.0
        },
        "matrix_basis": [
          [
            0.9901981949806213,
            -0.0963558703660965,
            0.1011091098189354,
            0.0
          ],
          [
            0.07581254094839096,
            0.9787909984588623,
            0.1903173178434372,
            0.0
          ],
          [
            -0.11730287224054337,
            -0.18078653514385223,
            0.9765020608901978,
            0.0
          ],
          [
            0.0,
            0.0,
            0.0,
            1.0
          ]
        ],
        "rotation_mode": "QUATERNION"
      },
      "armature_space": {
        "head": {
          "x": 0.06673866510391235,
          "y": -0.042174331843853,
          "z": 0.5577032566070557
        },
        "tail": {
          "x": 0.07042741030454636,
          "y": -0.06537511199712753,
          "z": 0.6574974060058594
        }
      },
      "world_space": {
        "head": {
          "x": 0.06673866510391235,
          "y": 0.021069668233394623,
          "z": 1.5075572729110718
        },
        "tail": {
          "x": 0.07042741030454636,
          "y": -0.0021311119198799133,
          "z": 1.6073514223098755
        },
        "rotation_quaternion": {
          "w": 0.6184200048446655,
          "x": 0.7811235785484314,
          "y": 0.06637411564588547,
          "z": 0.054746463894844055
        },
        "matrix": [
          [
            0.9851946234703064,
            0.035980261862277985,
            0.16762176156044006,
            0.06673866510391235
          ],
          [
            0.17140552401542664,
            -0.22630196809768677,
            -0.9588576555252075,
            0.021069668233394623
          ],
          [
            0.00343337282538414,
            0.9733991026878357,
            -0.22912123799324036,
            1.5075572729110718
          ],
          [
            0.0,
            0.0,
            0.0,
            1.0
          ]
        ]
      },
      "bone_length_armature_space": 0.10252197632748614,
      "parent": "spine_01",
      "has_children": true,
      "is_end_bone": false
    },
    "head": {
      "name": "head",
      "local": {
        "location": {
          "x": 0.0,
          "y": 0.0,
          "z": 0.0
        },
        "rotation_quaternion": {
          "w": 0.9955229759216309,
          "x": -0.08563868701457977,
          "y": -0.016038918867707253,
          "z": 0.03664375841617584
        },
        "scale": {
          "x": 1.0,
          "y": 1.0,
          "z": 1.0
        },
        "matrix_basis": [
          [
            0.9968000054359436,
            -0.07021230459213257,
            -0.03821047022938728,
            0.0
          ],
          [
            0.07570651173591614,
            0.9826465249061584,
            0.16933511197566986,
            0.0
          ],
          [
            0.025657977908849716,
            -0.17168600857257843,
            0.9848175644874573,
            0.0
          ],
          [
            0.0,
            0.0,
            0.0,
            1.0
          ]
        ],
        "rotation_mode": "QUATERNION"
      },
      "armature_space": {
        "head": {
          "x": 0.07042744010686874,
          "y": -0.06537524610757828,
          "z": 0.6574972867965698
        },
        "tail": {
          "x": 0.05104867368936539,
          "y": -0.020560573786497116,
          "z": 0.804702639579773
        }
      },
      "world_space": {
        "head": {
          "x": 0.07042744010686874,
          "y": -0.002131246030330658,
          "z": 1.607351303100586
        },
        "tail": {
          "x": 0.05104867368936539,
          "y": 0.042683426290750504,
          "z": 1.754556655883789
        },
        "rotation_quaternion": {
          "w": 0.8027051687240601,
          "x": 0.589928150177002,
          "y": 0.011979104951024055,
          "z": 0.08663522452116013
        },
        "matrix": [
          [
            0.9847016930580139,
            -0.12495157867670059,
            0.12144914269447327,
            0.07042744010686874
          ],
          [
            0.15321944653987885,
            0.28895872831344604,
            -0.9450011849403381,
            -0.002131246030330658
          ],
          [
            0.08298631757497787,
            0.9491594433784485,
            0.3036842942237854,
            1.607351303100586
          ],
          [
            0.0,
            0.0,
            0.0,
            1.0
          ]
        ]
      },
      "bone_length_armature_space": 0.15509128635943073,
      "parent": "neck_01",
      "has_children": false,
      "is_end_bone": true
    },
    "upperarm_l": {
      "name": "upperarm_l",
      "local": {
        "location": {
          "x": 0.0,
          "y": 0.0,
          "z": 0.0
        },
        "rotation_quaternion": {
          "w": 0.9937267303466797,
          "x": 0.028302710503339767,
          "y": -0.05520223081111908,
          "z": -0.09305394440889359
        },
        "scale": {
          "x": 1.0,
          "y": 1.0,
          "z": 1.0
        },
        "matrix_basis": [
          [
            0.9765873551368713,
            0.18181563913822174,
            -0.11497922241687775,
            0.0
          ],
          [
            -0.18806512653827667,
            0.9810798168182373,
            -0.045976750552654266,
            0.0
          ],
          [
            0.10444450378417969,
            0.06652388721704483,
            0.9923033118247986,
            0.0
          ],
          [
            0.0,
            0.0,
            0.0,
            1.0
          ]
        ],
        "rotation_mode": "QUATERNION"
      },
      "armature_space": {
        "head": {
          "x": 0.20767046511173248,
          "y": -0.029985036700963974,
          "z": 0.47393688559532166
        },
        "tail": {
          "x": 0.4612787961959839,
          "y": -0.010321095585823059,
          "z": 0.3896525204181671
        }
      },
      "world_space": {
        "head": {
          "x": 0.20767046511173248,
          "y": 0.033258963376283646,
          "z": 1.4237909317016602
        },
        "tail": {
          "x": 0.4612787961959839,
          "y": 0.05292290449142456,
          "z": 1.3395065069198608
        },
        "rotation_quaternion": {
          "w": 0.45621970295906067,
          "x": 0.3717074990272522,
          "y": 0.5731971263885498,
          "z": -0.5702123641967773
        },
        "matrix": [
          [
            -0.3073939383029938,
            0.9464077353477478,
            0.09910261631011963,
            0.20767046511173248
          ],
          [
            -0.09416346251964569,
            0.07338128238916397,
            -0.992848813533783,
            0.033258963376283646
          ],
          [
            -0.946918785572052,
            -0.31452974677085876,
            0.06655963510274887,
            1.4237909317016602
          ],
          [
            0.0,
            0.0,
            0.0,
            1.0
          ]
        ]
      },
      "bone_length_armature_space": 0.26796962796802826,
      "parent": "spine_01",
      "has_children": true,
      "is_end_bone": false
    },
    "lowerarm_l": {
      "name": "lowerarm_l",
      "local": {
        "location": {
          "x": 0.0,
          "y": 0.0,
          "z": 0.0
        },
        "rotation_quaternion": {
          "w": 0.9258419275283813,
          "x": 0.2967657744884491,
          "y": -0.18347209692001343,
          "z": 0.14520663022994995
        },
        "scale": {
          "x": 1.0,
          "y": 1.0,
          "z": 1.0
        },
        "matrix_basis": [
          [
            0.8905060291290283,
            -0.377773255109787,
            -0.2535476088523865,
            0.0
          ],
          [
            0.15998029708862305,
            0.781690239906311,
            -0.602799117565155,
            0.0
          ],
          [
            0.42591702938079834,
            0.49623367190361023,
            0.7565361261367798,
            0.0
          ],
          [
            0.0,
            0.0,
            0.0,
            1.0
          ]
        ],
        "rotation_mode": "QUATERNION"
      },
      "armature_space": {
        "head": {
          "x": 0.46127891540527344,
          "y": -0.010321129113435745,
          "z": 0.3896526098251343
        },
        "tail": {
          "x": 0.6912786960601807,
          "y": -0.12330707907676697,
          "z": 0.4664881229400635
        }
      },
      "world_space": {
        "head": {
          "x": 0.46127891540527344,
          "y": 0.052922870963811874,
          "z": 1.3395066261291504
        },
        "tail": {
          "x": 0.6912786960601807,
          "y": -0.06006307899951935,
          "z": 1.4163421392440796
        },
        "rotation_quaternion": {
          "w": 0.5216603875160217,
          "x": 0.4516963064670563,
          "y": 0.1292276233434677,
          "z": -0.7121384739875793
        },
        "matrix": [
          [
            -0.04768024757504463,
            0.8597335815429688,
            -0.5085120797157288,
            0.46127891540527344
          ],
          [
            -0.6262458562850952,
            -0.42233872413635254,
            -0.6553218364715576,
            0.052922870963811874
          ],
          [
            -0.778172492980957,
            0.28720933198928833,
            0.5585451126098633,
            1.3395066261291504
          ],
          [
            0.0,
            0.0,
            0.0,
            1.0
          ]
        ]
      },
      "bone_length_armature_space": 0.26752462078393474,
      "parent": "upperarm_l",
      "has_children": true,
      "is_end_bone": false
    },
    "metacarpal_thumb_l": {
      "name": "metacarpal_thumb_l",
      "local": {
        "location": {
          "x": 0.0,
          "y": 0.0,
          "z": 0.0
        },
        "rotation_quaternion": {
          "w": 0.9989477396011353,
          "x": -0.04376383498311043,
          "y": 0.010351854376494884,
          "z": 0.009005550295114517
        },
        "scale": {
          "x": 1.0,
          "y": 1.0,
          "z": 1.0
        },
        "matrix_basis": [
          [
            0.9996234774589539,
            -0.018898222595453262,
            0.019893689081072807,
            0.0
          ],
          [
            0.017086073756217957,
            0.9960072636604309,
            0.0876220166683197,
            0.0
          ],
          [
            -0.02147015742957592,
            -0.08724912256002426,
            0.9959551095962524,
            0.0
          ],
          [
            0.0,
            0.0,
            0.0,
            1.0
          ]
        ],
        "rotation_mode": "QUATERNION"
      },
      "armature_space": {
        "head": {
          "x": 0.6912786960601807,
          "y": -0.12330707907676697,
          "z": 0.4664881229400635
        },
        "tail": {
          "x": 0.7094566226005554,
          "y": -0.16243316233158112,
          "z": 0.4908254146575928
        }
      },
      "world_space": {
        "head": {
          "x": 0.6912786960601807,
          "y": -0.06006307899951935,
          "z": 1.4163421392440796
        },
        "tail": {
          "x": 0.7094566226005554,
          "y": -0.0991891622543335,
          "z": 1.4406794309616089
        },
        "rotation_quaternion": {
          "w": 0.28179123997688293,
          "x": 0.9386678338050842,
          "y": 0.16015364229679108,
          "z": -0.11767437309026718
        },
        "matrix": [
          [
            0.9210070371627808,
            0.3669815957546234,
            -0.13065370917320251,
            0.6912786960601807
          ],
          [
            0.23434337973594666,
            -0.7898887395858765,
            -0.5667091608047485,
            -0.06006307899951935
          ],
          [
            -0.31117570400238037,
            0.4913279712200165,
            -0.8134989738464355,
            1.4163421392440796
          ],
          [
            0.0,
            0.0,
            0.0,
            1.0
          ]
        ]
      },
      "bone_length_armature_space": 0.04953373779355997,
      "parent": "lowerarm_l",
      "has_children": true,
      "is_end_bone": false
    },
    "thumb_01_l": {
      "name": "thumb_01_l",
      "local": {
        "location": {
          "x": 0.0,
          "y": 0.0,
          "z": 0.0
        },
        "rotation_quaternion": {
          "w": 0.9997842311859131,
          "x": 0.017074476927518845,
          "y": -0.004480837378650904,
          "z": -0.010955088771879673
        },
        "scale": {
          "x": 1.0,
          "y": 1.0,
          "z": 1.0
        },
        "matrix_basis": [
          [
            0.9997197985649109,
            0.021752433851361275,
            -0.009333846159279346,
            0.0
          ],
          [
            -0.02205846644937992,
            0.9991769194602966,
            -0.034043408930301666,
            0.0
          ],
          [
            0.008585636503994465,
            0.034239761531353,
            0.9993767738342285,
            0.0
          ],
          [
            0.0,
            0.0,
            0.0,
            1.0
          ]
        ],
        "rotation_mode": "QUATERNION"
      },
      "armature_space": {
        "head": {
          "x": 0.7094566226005554,
          "y": -0.16243316233158112,
          "z": 0.4908254146575928
        },
        "tail": {
          "x": 0.711962103843689,
          "y": -0.19544248282909393,
          "z": 0.48290491104125977
        }
      },
      "world_space": {
        "head": {
          "x": 0.7094566226005554,
          "y": -0.0991891622543335,
          "z": 1.4406794309616089
        },
        "tail": {
          "x": 0.711962103843689,
          "y": -0.1321984827518463,
          "z": 1.4327589273452759
        },
        "rotation_quaternion": {
          "w": 0.11759773641824722,
          "x": -0.817500114440918,
          "y": 0.035917315632104874,
          "z": -0.5626493096351624
        },
        "matrix": [
          [
            0.3642716109752655,
            0.07360649108886719,
            0.928379476070404,
            0.7094566226005554
          ],
          [
            -0.19105714559555054,
            -0.9697619080543518,
            0.15185317397117615,
            -0.0991891622543335
          ],
          [
            0.911490261554718,
            -0.2326919138431549,
            -0.33919593691825867,
            1.4406794309616089
          ],
          [
            0.0,
            0.0,
            0.0,
            1.0
          ]
        ]
      },
      "bone_length_armature_space": 0.03403861180924653,
      "parent": "metacarpal_thumb_l",
      "has_children": true,
      "is_end_bone": false
    },
    "thumb_02_l": {
      "name": "thumb_02_l",
      "local": {
        "location": {
          "x": 0.0,
          "y": 0.0,
          "z": 0.0
        },
        "rotation_quaternion": {
          "w": 0.9929037690162659,
          "x": 0.11863692104816437,
          "y": -0.007556173950433731,
          "z": -0.0032035012263804674
        },
        "scale": {
          "x": 1.0,
          "y": 1.0,
          "z": 1.0
        },
        "matrix_basis": [
          [
            0.9998652935028076,
            0.004568654578179121,
            -0.01576521433889866,
            0.0
          ],
          [
            -0.008154419250786304,
            0.9718300104141235,
            -0.2355416864156723,
            0.0
          ],
          [
            0.01424499973654747,
            0.23563849925994873,
            0.9717363715171814,
            0.0
          ],
          [
            0.0,
            0.0,
            0.0,
            1.0
          ]
        ],
        "rotation_mode": "QUATERNION"
      },
      "armature_space": {
        "head": {
          "x": 0.7119619846343994,
          "y": -0.19544245302677155,
          "z": 0.48290491104125977
        },
        "tail": {
          "x": 0.7481057047843933,
          "y": -0.20706824958324432,
          "z": 0.4960066080093384
        }
      },
      "world_space": {
        "head": {
          "x": 0.7119619846343994,
          "y": -0.13219845294952393,
          "z": 1.4327589273452759
        },
        "tail": {
          "x": 0.7481057047843933,
          "y": -0.1438242495059967,
          "z": 1.4458606243133545
        },
        "rotation_quaternion": {
          "w": 0.37426358461380005,
          "x": -0.4156979024410248,
          "y": -0.4638955593109131,
          "z": -0.6869664192199707
        },
        "matrix": [
          [
            -0.3742437958717346,
            0.8998941779136658,
            0.22390218079090118,
            0.7119619846343994
          ],
          [
            -0.12853358685970306,
            -0.2894553542137146,
            0.9485225081443787,
            -0.13219845294952393
          ],
          [
            0.9183857440948486,
            0.32620149850845337,
            0.22399592399597168,
            1.4327589273452759
          ],
          [
            0.0,
            0.0,
            0.0,
            1.0
          ]
        ]
      },
      "bone_length_armature_space": 0.040164438469626786,
      "parent": "thumb_01_l",
      "has_children": true,
      "is_end_bone": false
    },
    "thumb_03_l": {
      "name": "thumb_03_l",
      "local": {
        "location": {
          "x": 0.0,
          "y": 0.0,
          "z": 0.0
        },
        "rotation_quaternion": {
          "w": 0.9982914924621582,
          "x": 0.058260656893253326,
          "y": 0.003920602146536112,
          "z": 0.0021002681460231543
        },
        "scale": {
          "x": 1.0,
          "y": 1.0,
          "z": 1.0
        },
        "matrix_basis": [
          [
            0.9999604225158691,
            -0.003736526006832719,
            0.008072533644735813,
            0.0
          ],
          [
            0.004650193266570568,
            0.9932025671005249,
            -0.11630576848983765,
            0.0
          ],
          [
            -0.0075830817222595215,
            0.11633870750665665,
            0.9931806325912476,
            0.0
          ],
          [
            0.0,
            0.0,
            0.0,
            1.0
          ]
        ],
        "rotation_mode": "QUATERNION"
      },
      "armature_space": {
        "head": {
          "x": 0.7481056451797485,
          "y": -0.2070683091878891,
          "z": 0.49600663781166077
        },
        "tail": {
          "x": 0.7772011756896973,
          "y": -0.20387613773345947,
          "z": 0.5043824315071106
        }
      },
      "world_space": {
        "head": {
          "x": 0.7481056451797485,
          "y": -0.14382430911064148,
          "z": 1.4458606243133545
        },
        "tail": {
          "x": 0.7772011756896973,
          "y": -0.14063213765621185,
          "z": 1.4542365074157715
        },
        "rotation_quaternion": {
          "w": 0.5897848606109619,
          "x": -0.24437659978866577,
          "y": -0.4523026645183563,
          "z": -0.6227810382843018
        },
        "matrix": [
          [
            -0.18486574292182922,
            0.9556778073310852,
            -0.2291388213634491,
            0.7481056451797485
          ],
          [
            -0.5135504603385925,
            0.10485062748193741,
            0.8516293168067932,
            -0.14382430911064148
          ],
          [
            0.8379138112068176,
            0.2751133143901825,
            0.47140970826148987,
            1.4458606243133545
          ],
          [
            0.0,
            0.0,
            0.0,
            1.0
          ]
        ]
      },
      "bone_length_armature_space": 0.03044492970414713,
      "parent": "thumb_02_l",
      "has_children": false,
      "is_end_bone": true
    },
    "metacarpal_index_l": {
      "name": "metacarpal_index_l",
      "local": {
        "location": {
          "x": 0.0,
          "y": 0.0,
          "z": 0.0
        },
        "rotation_quaternion": {
          "w": 0.9994204044342041,
          "x": -0.026929814368486404,
          "y": 0.014395973645150661,
          "z": -0.015045568346977234
        },
        "scale": {
          "x": 1.0,
          "y": 1.0,
          "z": 1.0
        },
        "matrix_basis": [
          [
            0.9991327524185181,
            0.029298333451151848,
            0.02958560921251774,
            0.0
          ],
          [
            -0.03084905818104744,
            0.9980968236923218,
            0.05339521914720535,
            0.0
          ],
          [
            -0.027964910492300987,
            -0.05426160246133804,
            0.9981350898742676,
            0.0
          ],
          [
            0.0,
            0.0,
            0.0,
            1.0
          ]
        ],
        "rotation_mode": "QUATERNION"
      },
      "armature_space": {
        "head": {
          "x": 0.6912786960601807,
          "y": -0.12330707907676697,
          "z": 0.4664881229400635
        },
        "tail": {
          "x": 0.7735769748687744,
          "y": -0.192268505692482,
          "z": 0.5133981704711914
        }
      },
      "world_space": {
        "head": {
          "x": 0.6912786960601807,
          "y": -0.06006307899951935,
          "z": 1.4163421392440796
        },
        "tail": {
          "x": 0.7735769748687744,
          "y": -0.12902450561523438,
          "z": 1.4632521867752075
        },
        "rotation_quaternion": {
          "w": 0.37813010811805725,
          "x": 0.7955246567726135,
          "y": 0.2504849433898926,
          "z": -0.401765376329422
        },
        "matrix": [
          [
            0.5516837239265442,
            0.7023732662200928,
            -0.4497961103916168,
            0.6912786960601807
          ],
          [
            0.0946958139538765,
            -0.5885500311851501,
            -0.8028961420059204,
            -0.06006307899951935
          ],
          [
            -0.8286659717559814,
            0.40035319328308105,
            -0.3912087678909302,
            1.4163421392440796
          ],
          [
            0.0,
            0.0,
            0.0,
            1.0
          ]
        ]
      },
      "bone_length_armature_space": 0.11717182988460856,
      "parent": "lowerarm_l",
      "has_children": true,
      "is_end_bone": false
    },
    "index_01_l": {
      "name": "index_01_l",
      "local": {
        "location": {
          "x": 0.0,
          "y": 0.0,
          "z": 0.0
        },
        "rotation_quaternion": {
          "w": 0.994033932685852,
          "x": -0.10904785245656967,
          "y": 0.0022569485008716583,
          "z": 0.0004440751508809626
        },
        "scale": {
          "x": 1.0,
          "y": 1.0,
          "z": 1.0
        },
        "matrix_basis": [
          [
            0.99998939037323,
            -0.001375082298181951,
            0.004390115849673748,
            0.0
          ],
          [
            0.0003906207566615194,
            0.976216733455658,
            0.21679653227329254,
            0.0
          ],
          [
            -0.004583817441016436,
            -0.2167925238609314,
            0.9762069582939148,
            0.0
          ],
          [
            0.0,
            0.0,
            0.0,
            1.0
          ]
        ],
        "rotation_mode": "QUATERNION"
      },
      "armature_space": {
        "head": {
          "x": 0.7735769748687744,
          "y": -0.192268505692482,
          "z": 0.5133981704711914
        },
        "tail": {
          "x": 0.8007264137268066,
          "y": -0.1982993185520172,
          "z": 0.5196916460990906
        }
      },
      "world_space": {
        "head": {
          "x": 0.7735769748687744,
          "y": -0.12902450561523438,
          "z": 1.4632521867752075
        },
        "tail": {
          "x": 0.8007264137268066,
          "y": -0.1350553184747696,
          "z": 1.469545602798462
        },
        "rotation_quaternion": {
          "w": 0.42338329553604126,
          "x": 0.6784111261367798,
          "y": 0.4636761248111725,
          "z": -0.38145700097084045
        },
        "matrix": [
          [
            0.27898895740509033,
            0.952131450176239,
            -0.1249426007270813,
            0.7735769748687744
          ],
          [
            0.3061220347881317,
            -0.2115008533000946,
            -0.9282011389732361,
            -0.12902450561523438
          ],
          [
            -0.9102009534835815,
            0.22071152925491333,
            -0.3504781126976013,
            1.4632521867752075
          ],
          [
            0.0,
            0.0,
            0.0,
            1.0
          ]
        ]
      },
      "bone_length_armature_space": 0.028514392683063636,
      "parent": "metacarpal_index_l",
      "has_children": true,
      "is_end_bone": false
    },
    "index_02_l": {
      "name": "index_02_l",
      "local": {
        "location": {
          "x": 0.0,
          "y": 0.0,
          "z": 0.0
        },
        "rotation_quaternion": {
          "w": 0.9996761083602905,
          "x": 0.02504434436559677,
          "y": 0.004335900768637657,
          "z": 0.0013060478959232569
        },
        "scale": {
          "x": 1.0,
          "y": 1.0,
          "z": 1.0
        },
        "matrix_basis": [
          [
            0.9999589920043945,
            -0.0023940701503306627,
            0.008734410628676414,
            0.0
          ],
          [
            0.002828429453074932,
            0.9987421631813049,
            -0.05006114020943642,
            0.0
          ],
          [
            -0.008603574708104134,
            0.050083789974451065,
            0.9987079501152039,
            0.0
          ],
          [
            0.0,
            0.0,
            0.0,
            1.0
          ]
        ],
        "rotation_mode": "QUATERNION"
      },
      "armature_space": {
        "head": {
          "x": 0.8007266521453857,
          "y": -0.19829976558685303,
          "z": 0.5196918249130249
        },
        "tail": {
          "x": 0.8252741694450378,
          "y": -0.20388701558113098,
          "z": 0.5246204137802124
        }
      },
      "world_space": {
        "head": {
          "x": 0.8007266521453857,
          "y": -0.1350557655096054,
          "z": 1.469545841217041
        },
        "tail": {
          "x": 0.8252741694450378,
          "y": -0.14064301550388336,
          "z": 1.4744744300842285
        },
        "rotation_quaternion": {
          "w": 0.4266242980957031,
          "x": 0.6641784310340881,
          "y": 0.457265704870224,
          "z": -0.4095936119556427
        },
        "matrix": [
          [
            0.24628132581710815,
            0.9568973779678345,
            -0.15392398834228516,
            0.8007266521453857
          ],
          [
            0.2579277455806732,
            -0.21779856085777283,
            -0.9412958025932312,
            -0.1350557655096054
          ],
          [
            -0.9342541098594666,
            0.1921234279870987,
            -0.3004531264305115,
            1.469545841217041
          ],
          [
            0.0,
            0.0,
            0.0,
            1.0
          ]
        ]
      },
      "bone_length_armature_space": 0.02565324456472536,
      "parent": "index_01_l",
      "has_children": true,
      "is_end_bone": false
    },
    "index_03_l": {
      "name": "index_03_l",
      "local": {
        "location": {
          "x": 0.0,
          "y": 0.0,
          "z": 0.0
        },
        "rotation_quaternion": {
          "w": 0.9998562335968018,
          "x": 0.015382099896669388,
          "y": 0.007080522365868092,
          "z": -0.0009311072644777596
        },
        "scale": {
          "x": 1.0,
          "y": 1.0,
          "z": 1.0
        },
        "matrix_basis": [
          [
            0.9998980164527893,
            0.002079773461446166,
            0.014130364172160625,
            0.0
          ],
          [
            -0.0016441202023997903,
            0.9995250701904297,
            -0.030772961676120758,
            0.0
          ],
          [
            -0.014187653549015522,
            0.030746592208743095,
            0.999426543712616,
            0.0
          ],
          [
            0.0,
            0.0,
            0.0,
            1.0
          ]
        ],
        "rotation_mode": "QUATERNION"
      },
      "armature_space": {
        "head": {
          "x": 0.8252741694450378,
          "y": -0.20388688147068024,
          "z": 0.5246204733848572
        },
        "tail": {
          "x": 0.8530597686767578,
          "y": -0.21271875500679016,
          "z": 0.5265412926673889
        }
      },
      "world_space": {
        "head": {
          "x": 0.8252741694450378,
          "y": -0.14064288139343262,
          "z": 1.4744744300842285
        },
        "tail": {
          "x": 0.8530597686767578,
          "y": -0.14947475492954254,
          "z": 1.4763953685760498
        },
        "rotation_quaternion": {
          "w": 0.34661170840263367,
          "x": 0.684479296207428,
          "y": 0.4782525300979614,
          "z": -0.42734411358833313
        },
        "matrix": [
          [
            0.1773018091917038,
            0.9509534239768982,
            -0.2534788250923157,
            0.8252741694450378
          ],
          [
            0.3584631383419037,
            -0.302267849445343,
            -0.8832547664642334,
            -0.14064288139343262
          ],
          [
            -0.916558563709259,
            0.06573998928070068,
            -0.3944779932498932,
            1.4744744300842285
          ],
          [
            0.0,
            0.0,
            0.0,
            1.0
          ]
        ]
      },
      "bone_length_armature_space": 0.02921867656197264,
      "parent": "index_02_l",
      "has_children": false,
      "is_end_bone": true
    },
    "metacarpal_pinky_l": {
      "name": "metacarpal_pinky_l",
      "local": {
        "location": {
          "x": 0.0,
          "y": 0.0,
          "z": 0.0
        },
        "rotation_quaternion": {
          "w": 0.9977922439575195,
          "x": -0.06382585316896439,
          "y": -0.017518416047096252,
          "z": 0.0054734088480472565
        },
        "scale": {
          "x": 1.0,
          "y": 1.0,
          "z": 1.0
        },
        "matrix_basis": [
          [
            0.9993262887001038,
            -0.008686394430696964,
            -0.03565816953778267,
            0.0
          ],
          [
            0.013158905319869518,
            0.991792619228363,
            0.1271781176328659,
            0.0
          ],
          [
            0.034260790795087814,
            -0.12756165862083435,
            0.9912387132644653,
            0.0
          ],
          [
            0.0,
            0.0,
            0.0,
            1.0
          ]
        ],
        "rotation_mode": "QUATERNION"
      },
      "armature_space": {
        "head": {
          "x": 0.6912786960601807,
          "y": -0.12330707907676697,
          "z": 0.4664881229400635
        },
        "tail": {
          "x": 0.7921239137649536,
          "y": -0.14916382730007172,
          "z": 0.4642791152000427
        }
      },
      "world_space": {
        "head": {
          "x": 0.6912786960601807,
          "y": -0.06006307899951935,
          "z": 1.4163421392440796
        },
        "tail": {
          "x": 0.7921239137649536,
          "y": -0.0859198272228241,
          "z": 1.414133071899414
        },
        "rotation_quaternion": {
          "w": 0.6004540324211121,
          "x": -0.1763046234846115,
          "y": -0.12369024008512497,
          "z": -0.7701119184494019
        },
        "matrix": [
          [
            -0.21674275398254395,
            0.9684482216835022,
            0.12300621718168259,
            0.6912786960601807
          ],
          [
            -0.8812193870544434,
            -0.2483104020357132,
            0.4022374451160431,
            -0.06006307899951935
          ],
          [
            0.42009204626083374,
            -0.021213732659816742,
            0.9072414040565491,
            1.4163421392440796
          ],
          [
            0.0,
            0.0,
            0.0,
            1.0
          ]
        ]
      },
      "bone_length_armature_space": 0.10413072885667374,
      "parent": "lowerarm_l",
      "has_children": true,
      "is_end_bone": false
    },
    "pinky_01_l": {
      "name": "pinky_01_l",
      "local": {
        "location": {
          "x": 0.0,
          "y": 0.0,
          "z": 0.0
        },
        "rotation_quaternion": {
          "w": 0.9651311635971069,
          "x": 0.26148638129234314,
          "y": 0.011428587138652802,
          "z": 0.004021274857223034
        },
        "scale": {
          "x": 1.0,
          "y": 1.0,
          "z": 1.0
        },
        "matrix_basis": [
          [
            0.9997064471244812,
            -0.0017852755263447762,
            0.02416318841278553,
            0.0
          ],
          [
            0.013738955371081829,
            0.8632174134254456,
            -0.5046454071998596,
            0.0
          ],
          [
            -0.019957153126597404,
            0.5048292279243469,
            0.8629885315895081,
            0.0
          ],
          [
            0.0,
            0.0,
            0.0,
            1.0
          ]
        ],
        "rotation_mode": "QUATERNION"
      },
      "armature_space": {
        "head": {
          "x": 0.7921239137649536,
          "y": -0.14916382730007172,
          "z": 0.4642791152000427
        },
