{
  "metadata": {
    "armature_name": "KIM_caucasian_male",
    "export_time": "2026-01-13T21:00:25.572824",
    "blender_version": "4.4.1",
    "bone_count": 56,
    "end_bone_count": 13,
    "spaces_included": [
      "LOCAL_CHANNELS",
      "ARMATURE_SPACE",
      "WORLD_SPACE"
    ],
    "note": "LOCAL matches Transform panel; replay pose via local.matrix_basis for best fidelity."
  },
  "bones": {
    "Root": {
      "name": "Root",
      "local": {
        "location": {
          "x": 0.0,
          "y": 0.0,
          "z": 0.0
        },
        "rotation_quaternion": {
          "w": 0.9995044469833374,
          "x": 0.016547776758670807,
          "y": -0.013518275693058968,
          "z": 0.02311760187149048
        },
        "scale": {
          "x": 1.0,
          "y": 1.0,
          "z": 1.0
        },
        "matrix_basis": [
          [
            0.998565673828125,
            -0.0466596856713295,
            -0.026258064433932304,
            0.0
          ],
          [
            0.045764897018671036,
            0.9983835220336914,
            -0.03370417281985283,
            0.0
          ],
          [
            0.02778824232518673,
            0.03245413303375244,
            0.999086856842041,
            0.0
          ],
          [
            0.0,
            0.0,
            0.0,
            1.0
          ]
        ],
        "rotation_mode": "QUATERNION"
      },
      "armature_space": {
        "head": {
          "x": 0.0,
          "y": 0.07072800397872925,
          "z": -0.009595036506652832
        },
        "tail": {
          "x": -0.0033303755335509777,
          "y": -0.00019706785678863525,
          "z": -0.002310942392796278
        }
      },
      "world_space": {
        "head": {
          "x": 0.0,
          "y": 0.13397200405597687,
          "z": 0.9402589797973633
        },
        "tail": {
          "x": -0.0033303755335509777,
          "y": 0.06304693222045898,
          "z": 0.9475430846214294
        },
        "rotation_quaternion": {
          "w": 0.050824083387851715,
          "x": 0.9983485341072083,
          "y": -0.023975780233740807,
          "z": -0.011930183507502079
        },
        "matrix": [
          [
            0.998565673828125,
            -0.0466596856713295,
            -0.026258064433932304,
            0.0
          ],
          [
            -0.04908506199717522,
            -0.9936841726303101,
            -0.10090869665145874,
            0.13397200405597687
          ],
          [
            -0.021384047344326973,
            0.10205261409282684,
            -0.994556188583374,
            0.9402589797973633
          ],
          [
            0.0,
            0.0,
            0.0,
            1.0
          ]
        ]
      },
      "bone_length_armature_space": 0.07137587188872764,
      "parent": null,
      "has_children": true,
      "is_end_bone": false
    },
    "spine_01": {
      "name": "spine_01",
      "local": {
        "location": {
          "x": 0.0,
          "y": 0.0,
          "z": 0.0
        },
        "rotation_quaternion": {
          "w": 0.9985181093215942,
          "x": 0.04325570538640022,
          "y": -0.027244463562965393,
          "z": 0.018665418028831482
        },
        "scale": {
          "x": 1.0,
          "y": 1.0,
          "z": 1.0
        },
        "matrix_basis": [
          [
            0.9978187084197998,
            -0.03963247314095497,
            -0.052793409675359726,
            0.0
          ],
          [
            0.03491855785250664,
            0.9955610632896423,
            -0.08740027248859406,
            0.0
          ],
          [
            0.05602295324206352,
            0.0853661522269249,
            0.9947733879089355,
            0.0
          ],
          [
            0.0,
            0.0,
            0.0,
            1.0
          ]
        ],
        "rotation_mode": "QUATERNION"
      },
      "armature_space": {
        "head": {
          "x": -0.0033303755335509777,
          "y": -0.00019706785678863525,
          "z": -0.002310942392796278
        },
        "tail": {
          "x": -0.013962337747216225,
          "y": -0.034486252814531326,
          "z": 0.4843714237213135
        }
      },
      "world_space": {
        "head": {
          "x": -0.0033303755335509777,
          "y": 0.06304693222045898,
          "z": 0.9475430846214294
        },
        "tail": {
          "x": -0.013962337747216225,
          "y": 0.028757747262716293,
          "z": 1.4342254400253296
        },
        "rotation_quaternion": {
          "w": 0.6804429292678833,
          "x": 0.7308964729309082,
          "y": -0.04318588599562645,
          "z": -0.030378825962543488
        },
        "matrix": [
          [
            0.9944242238998413,
            -0.021786751225590706,
            -0.10317869484424591,
            -0.0033303755335509777
          ],
          [
            -0.10447102785110474,
            -0.0702645480632782,
            -0.9920427799224854,
            0.06304693222045898
          ],
          [
            0.014363587833940983,
            0.9972974061965942,
            -0.07215026021003723,
            0.9475430846214294
          ],
          [
            0.0,
            0.0,
            0.0,
            1.0
          ]
        ]
      },
      "bone_length_armature_space": 0.48800460634799186,
      "parent": "Root",
      "has_children": true,
      "is_end_bone": false
    },
    "neck_01": {
      "name": "neck_01",
      "local": {
        "location": {
          "x": 0.0,
          "y": 0.0,
          "z": 0.0
        },
        "rotation_quaternion": {
          "w": 0.9945043325424194,
          "x": 0.017491711303591728,
          "y": -0.00447726808488369,
          "z": -0.10312683880329132
        },
        "scale": {
          "x": 1.0,
          "y": 1.0,
          "z": 1.0
        },
        "matrix_basis": [
          [
            0.9786896109580994,
            0.2049635499715805,
            -0.0125130545347929,
            0.0
          ],
          [
            -0.20527680218219757,
            0.9781177639961243,
            -0.03386771306395531,
            0.0
          ],
          [
            0.005297595169395208,
            0.03571461886167526,
            0.999347984790802,
            0.0
          ],
          [
            0.0,
            0.0,
            0.0,
            1.0
          ]
        ],
        "rotation_mode": "QUATERNION"
      },
      "armature_space": {
        "head": {
          "x": -0.019135810434818268,
          "y": -0.0740353986620903,
          "z": 0.5548897981643677
        },
        "tail": {
          "x": -0.004520167596638203,
          "y": -0.12383520603179932,
          "z": 0.6433041095733643
        }
      },
      "world_space": {
        "head": {
          "x": -0.019135810434818268,
          "y": -0.010791398584842682,
          "z": 1.5047438144683838
        },
        "tail": {
          "x": -0.004520167596638203,
          "y": -0.0605912059545517,
          "z": 1.5931581258773804
        },
        "rotation_quaternion": {
          "w": 0.5057700276374817,
          "x": 0.8582506775856018,
          "y": 0.0363483801484108,
          "z": -0.07925521582365036
        },
        "matrix": [
          [
            0.9847948551177979,
            0.14256195724010468,
            -0.09927314519882202,
            -0.019135810434818268
          ],
          [
            -0.01777719147503376,
            -0.4857507050037384,
            -0.8739168047904968,
            -0.010791398584842682
          ],
          [
            -0.17281045019626617,
            0.8623989224433899,
            -0.47583454847335815,
            1.5047438144683838
          ],
          [
            0.0,
            0.0,
            0.0,
            1.0
          ]
        ]
      },
      "bone_length_armature_space": 0.10252184283332544,
      "parent": "spine_01",
      "has_children": true,
      "is_end_bone": false
    },
    "head": {
      "name": "head",
      "local": {
        "location": {
          "x": 0.0,
          "y": 0.0,
          "z": 0.0
        },
        "rotation_quaternion": {
          "w": 0.9931079149246216,
          "x": -0.03140078857541084,
          "y": -0.0023819836787879467,
          "z": -0.11289431899785995
        },
        "scale": {
          "x": 1.0,
          "y": 1.0,
          "z": 1.0
        },
        "matrix_basis": [
          [
            0.9744983911514282,
            0.22438207268714905,
            0.002358807483687997,
            0.0
          ],
          [
            -0.22408288717269897,
            0.9725377559661865,
            0.06290657073259354,
            0.0
          ],
          [
            0.011821075342595577,
            -0.06183091923594475,
            0.9980166554450989,
            0.0
          ],
          [
            0.0,
            0.0,
            0.0,
            1.0
          ]
        ],
        "rotation_mode": "QUATERNION"
      },
      "armature_space": {
        "head": {
          "x": -0.004520193673670292,
          "y": -0.12383531033992767,
          "z": 0.6433039903640747
        },
        "tail": {
          "x": 0.05553911253809929,
          "y": -0.13572287559509277,
          "z": 0.7857990264892578
        }
      },
      "world_space": {
        "head": {
          "x": -0.004520193673670292,
          "y": -0.060591310262680054,
          "z": 1.5931580066680908
        },
        "tail": {
          "x": 0.05553911253809929,
          "y": -0.07247887551784515,
          "z": 1.735653042793274
        },
        "rotation_quaternion": {
          "w": 0.6660874485969543,
          "x": 0.7190641760826111,
          "y": 0.13417445123195648,
          "z": -0.14584699273109436
        },
        "matrix": [
          [
            0.92145174741745,
            0.387253999710083,
            -0.031000755727291107,
            -0.004520193673670292
          ],
          [
            -0.001331346109509468,
            -0.07664935290813446,
            -0.9970574378967285,
            -0.060591310262680054
          ],
          [
            -0.38849326968193054,
            0.9187878370285034,
            -0.07011453807353973,
            1.5931580066680908
          ],
          [
            0.0,
            0.0,
            0.0,
            1.0
          ]
        ]
      },
      "bone_length_armature_space": 0.15509116288164862,
      "parent": "neck_01",
      "has_children": false,
      "is_end_bone": true
    },
    "upperarm_l": {
      "name": "upperarm_l",
      "local": {
        "location": {
          "x": 0.0,
          "y": 0.0,
          "z": 0.0
        },
        "rotation_quaternion": {
          "w": 0.8067257404327393,
          "x": 0.4982697367668152,
          "y": 0.09955662488937378,
          "z": 0.3016778230667114
        },
        "scale": {
          "x": 1.0,
          "y": 1.0,
          "z": 1.0
        },
        "matrix_basis": [
          [
            0.7981579303741455,
            -0.3875304162502289,
            0.46126365661621094,
            0.0
          ],
          [
            0.5859546661376953,
            0.32143551111221313,
            -0.743865966796875,
            0.0
          ],
          [
            0.14000406861305237,
            0.8640021085739136,
            0.4836314916610718,
            0.0
          ],
          [
            0.0,
            0.0,
            0.0,
            1.0
          ]
        ],
        "rotation_mode": "QUATERNION"
      },
      "armature_space": {
        "head": {
          "x": 0.13116301596164703,
          "y": -0.08814748376607895,
          "z": 0.48978811502456665
        },
        "tail": {
          "x": 0.20211440324783325,
          "y": -0.33363693952560425,
          "z": 0.5704635977745056
        }
      },
      "world_space": {
        "head": {
          "x": 0.13116301596164703,
          "y": -0.02490348368883133,
          "z": 1.4396421909332275
        },
        "tail": {
          "x": 0.20211440324783325,
          "y": -0.2703929543495178,
          "z": 1.520317554473877
        },
        "rotation_quaternion": {
          "w": 0.19917233288288116,
          "x": 0.8653385639190674,
          "y": 0.04770325496792793,
          "z": -0.4574317932128906
        },
        "matrix": [
          [
            0.5769613981246948,
            0.2647741734981537,
            -0.7726645469665527,
            0.13116301596164703
          ],
          [
            -0.09965658187866211,
            -0.9161099195480347,
            -0.38834482431411743,
            -0.02490348368883133
          ],
          [
            -0.8106748461723328,
            0.30106234550476074,
            -0.5021772384643555,
            1.4396421909332275
          ],
          [
            0.0,
            0.0,
            0.0,
            1.0
          ]
        ]
      },
      "bone_length_armature_space": 0.2679695890861142,
      "parent": "spine_01",
      "has_children": true,
      "is_end_bone": false
    },
    "lowerarm_l": {
      "name": "lowerarm_l",
      "local": {
        "location": {
          "x": 0.0,
          "y": 0.0,
          "z": 0.0
        },
        "rotation_quaternion": {
          "w": 0.8611505031585693,
          "x": 0.48534348607063293,
          "y": -0.03274122253060341,
          "z": 0.14761315286159515
        },
        "scale": {
          "x": 1.0,
          "y": 1.0,
          "z": 1.0
        },
        "matrix_basis": [
          [
            0.9542767405509949,
            -0.28601574897766113,
            0.08689592033624649,
            0.0
          ],
          [
            0.2224528044462204,
            0.4853041172027588,
            -0.8455736637115479,
            0.0
          ],
          [
            0.19967640936374664,
            0.8262414932250977,
            0.5267394185066223,
            0.0
          ],
          [
            0.0,
            0.0,
            0.0,
            1.0
          ]
        ],
        "rotation_mode": "QUATERNION"
      },
      "armature_space": {
        "head": {
          "x": 0.2021143138408661,
          "y": -0.3336370289325714,
          "z": 0.5704637169837952
        },
        "tail": {
          "x": -0.00946807861328125,
          "y": -0.4969598650932312,
          "z": 0.5817738175392151
        }
      },
      "world_space": {
        "head": {
          "x": 0.2021143138408661,
          "y": -0.2703930139541626,
          "z": 1.520317792892456
        },
        "tail": {
          "x": -0.00946807861328125,
          "y": -0.4337158799171448,
          "z": 1.531627893447876
        },
        "rotation_quaternion": {
          "w": 0.19283674657344818,
          "x": -0.7850701212882996,
          "y": 0.3969445824623108,
          "z": 0.43464240431785583
        },
        "matrix": [
          [
            0.3070414662361145,
            -0.7908898591995239,
            -0.5293573141098022,
            0.2021143138408661
          ],
          [
            -0.45562943816185,
            -0.6104968190193176,
            0.647839367389679,
            -0.2703930139541626
          ],
          [
            -0.8355465531349182,
            0.04227694869041443,
            -0.5478036403656006,
            1.520317792892456
          ],
          [
            0.0,
            0.0,
            0.0,
            1.0
          ]
        ]
      },
      "bone_length_armature_space": 0.26752453168543966,
      "parent": "upperarm_l",
      "has_children": true,
      "is_end_bone": false
    },
    "metacarpal_thumb_l": {
      "name": "metacarpal_thumb_l",
      "local": {
        "location": {
          "x": 0.0,
          "y": 0.0,
          "z": 0.0
        },
        "rotation_quaternion": {
          "w": 0.9999474883079529,
          "x": 0.008532378822565079,
          "y": -0.005286787636578083,
          "z": 0.0020843660458922386
        },
        "scale": {
          "x": 1.0,
          "y": 1.0,
          "z": 1.0
        },
        "matrix_basis": [
          [
            0.9999353885650635,
            -0.004258730914443731,
            -0.010537451133131981,
            0.0
          ],
          [
            0.004078295547515154,
            0.9998456835746765,
            -0.017085900530219078,
            0.0
          ],
          [
            0.01060858927667141,
            0.017041822895407677,
            0.9997984766960144,
            0.0
          ],
          [
            0.0,
            0.0,
            0.0,
            1.0
          ]
        ],
        "rotation_mode": "QUATERNION"
      },
      "armature_space": {
        "head": {
          "x": -0.00946807861328125,
          "y": -0.4969598650932312,
          "z": 0.5817738175392151
        },
        "tail": {
          "x": -0.05256938189268112,
          "y": -0.506154477596283,
          "z": 0.5591612458229065
        }
      },
      "world_space": {
        "head": {
          "x": -0.00946807861328125,
          "y": -0.4337158799171448,
          "z": 1.531627893447876
        },
        "tail": {
          "x": -0.05256938189268112,
          "y": -0.44291049242019653,
          "z": 1.5090153217315674
        },
        "rotation_quaternion": {
          "w": 0.03688107430934906,
          "x": -0.7013425230979919,
          "y": 0.637045681476593,
          "z": -0.31769683957099915
        },
        "matrix": [
          [
            -0.013519031926989555,
            -0.8701415657997131,
            0.49261653423309326,
            -0.00946807861328125
          ],
          [
            -0.9170078635215759,
            -0.18562373518943787,
            -0.35304516553878784,
            -0.4337158799171448
          ],
          [
            0.39864251017570496,
            -0.45650920271873474,
            -0.7954227924346924,
            1.531627893447876
          ],
          [
            0.0,
            0.0,
            0.0,
            1.0
          ]
        ]
      },
      "bone_length_armature_space": 0.04953374197989422,
      "parent": "lowerarm_l",
      "has_children": true,
      "is_end_bone": false
    },
    "thumb_01_l": {
      "name": "thumb_01_l",
      "local": {
        "location": {
          "x": 0.0,
          "y": 0.0,
          "z": 0.0
        },
        "rotation_quaternion": {
          "w": 0.9991240501403809,
          "x": 0.03939676657319069,
          "y": -0.010507287457585335,
          "z": -0.009421861730515957
        },
        "scale": {
          "x": 1.0,
          "y": 1.0,
          "z": 1.0
        },
        "matrix_basis": [
          [
            0.9996016621589661,
            0.01799931190907955,
            -0.021738549694418907,
            0.0
          ],
          [
            -0.019655123353004456,
            0.9967182278633118,
            -0.07852651923894882,
            0.0
          ],
          [
            0.020253784954547882,
            0.07892251014709473,
            0.9966749548912048,
            0.0
          ],
          [
            0.0,
            0.0,
            0.0,
            1.0
          ]
        ],
        "rotation_mode": "QUATERNION"
      },
      "armature_space": {
        "head": {
          "x": -0.05256938189268112,
          "y": -0.506154477596283,
          "z": 0.5591612458229065
        },
        "tail": {
          "x": -0.060326166450977325,
          "y": -0.5179337859153748,
          "z": 0.5281819105148315
        }
      },
      "world_space": {
        "head": {
          "x": -0.05256938189268112,
          "y": -0.44291049242019653,
          "z": 1.5090153217315674
        },
        "tail": {
          "x": -0.060326166450977325,
          "y": -0.45468980073928833,
          "z": 1.4780359268188477
        },
        "rotation_quaternion": {
          "w": 0.0959518700838089,
          "x": 0.06289680302143097,
          "y": -0.5637062191963196,
          "z": 0.8179685473442078
        },
        "matrix": [
          [
            -0.973674476146698,
            -0.22788210213184357,
            -0.0052833110094070435,
            -0.05256938189268112
          ],
          [
            0.08606176823377609,
            -0.34605759382247925,
            -0.9342580437660217,
            -0.44291049242019653
          ],
          [
            0.2110738307237625,
            -0.9101242423057556,
            0.35656100511550903,
            1.5090153217315674
          ],
          [
            0.0,
            0.0,
            0.0,
            1.0
          ]
        ]
      },
      "bone_length_armature_space": 0.034038787436069556,
      "parent": "metacarpal_thumb_l",
      "has_children": true,
      "is_end_bone": false
    },
    "thumb_02_l": {
      "name": "thumb_02_l",
      "local": {
        "location": {
          "x": 0.0,
          "y": 0.0,
          "z": 0.0
        },
        "rotation_quaternion": {
          "w": 0.98834228515625,
          "x": 0.15207715332508087,
          "y": 0.0060341558419167995,
          "z": -0.003971806261688471
        },
        "scale": {
          "x": 1.0,
          "y": 1.0,
          "z": 1.0
        },
        "matrix_basis": [
          [
            0.9998956322669983,
            0.009686322882771492,
            0.010719580575823784,
            0.0
          ],
          [
            -0.00601569376885891,
            0.9537135362625122,
            -0.3006564974784851,
            0.0
          ],
          [
            -0.013135665096342564,
            0.3005606234073639,
            0.9536722302436829,
            0.0
          ],
          [
            0.0,
            0.0,
            0.0,
            1.0
          ]
        ],
        "rotation_mode": "QUATERNION"
      },
      "armature_space": {
        "head": {
          "x": -0.06032612547278404,
          "y": -0.51793372631073,
          "z": 0.5281819105148315
        },
        "tail": {
          "x": -0.08935295045375824,
          "y": -0.5444309115409851,
          "z": 0.536459743976593
        }
      },
      "world_space": {
        "head": {
          "x": -0.06032612547278404,
          "y": -0.45468974113464355,
          "z": 1.4780359268188477
        },
        "tail": {
          "x": -0.08935295045375824,
          "y": -0.4811869263648987,
          "z": 1.486313819885254
        },
        "rotation_quaternion": {
          "w": 0.4009438157081604,
          "x": 0.037091657519340515,
          "y": 0.09687540680170059,
          "z": 0.9102106690406799
        },
        "matrix": [
          [
            -0.6757365465164185,
            -0.7227002382278442,
            0.14520591497421265,
            -0.06032612547278404
          ],
          [
            0.7370734214782715,
            -0.6597186326980591,
            0.14661069214344025,
            -0.45468974113464355
          ],
          [
            -0.010160056874155998,
            0.20609846711158752,
            0.9784855842590332,
            1.4780359268188477
          ],
          [
            0.0,
            0.0,
            0.0,
            1.0
          ]
        ]
      },
      "bone_length_armature_space": 0.04016441111532991,
      "parent": "thumb_01_l",
      "has_children": true,
      "is_end_bone": false
    },
    "thumb_03_l": {
      "name": "thumb_03_l",
      "local": {
        "location": {
          "x": 0.0,
          "y": 0.0,
          "z": 0.0
        },
        "rotation_quaternion": {
          "w": 0.9983147978782654,
          "x": 0.0577726773917675,
          "y": 0.0036504757590591908,
          "z": 0.004067604895681143
        },
        "scale": {
          "x": 1.0,
          "y": 1.0,
          "z": 1.0
        },
        "matrix_basis": [
          [
            0.9999402761459351,
            -0.0076997047290205956,
            0.007758640684187412,
            0.0
          ],
          [
            0.008543295785784721,
            0.9932915568351746,
            -0.11532094329595566,
            0.0
          ],
          [
            -0.0068186549469828606,
            0.11538033187389374,
            0.9932979941368103,
            0.0
          ],
          [
            0.0,
            0.0,
            0.0,
            1.0
          ]
        ],
        "rotation_mode": "QUATERNION"
      },
      "armature_space": {
        "head": {
          "x": -0.08935296535491943,
          "y": -0.5444308519363403,
          "z": 0.5364596843719482
        },
        "tail": {
          "x": -0.10538668185472488,
          "y": -0.5639543533325195,
          "z": 0.5534493327140808
        }
      },
      "world_space": {
        "head": {
          "x": -0.08935296535491943,
          "y": -0.4811868667602539,
          "z": 1.4863137006759644
        },
        "tail": {
          "x": -0.10538668185472488,
          "y": -0.5007103681564331,
          "z": 1.5033032894134521
        },
        "rotation_quaternion": {
          "w": 0.26901936531066895,
          "x": -0.061718057841062546,
          "y": 0.3270955979824066,
          "z": 0.9037854075431824
        },
        "matrix": [
          [
            -0.8476387858390808,
            -0.5266472697257996,
            0.0644315704703331,
            -0.08935296535491943
          ],
          [
            0.44589701294898987,
            -0.6412737965583801,
            0.6244552731513977,
            -0.4811868667602539
          ],
          [
            -0.2875509262084961,
            0.558045506477356,
            0.7784045338630676,
            1.4863137006759644
          ],
          [
            0.0,
            0.0,
            0.0,
            1.0
          ]
        ]
      },
      "bone_length_armature_space": 0.030444955723899988,
      "parent": "thumb_02_l",
      "has_children": false,
      "is_end_bone": true
    },
    "metacarpal_index_l": {
      "name": "metacarpal_index_l",
      "local": {
        "location": {
          "x": 0.0,
          "y": 0.0,
          "z": 0.0
        },
        "rotation_quaternion": {
          "w": 0.9998399019241333,
          "x": -0.0006843703449703753,
          "y": -0.012051234021782875,
          "z": -0.013212436810135841
        },
        "scale": {
          "x": 1.0,
          "y": 1.0,
          "z": 1.0
        },
        "matrix_basis": [
          [
            0.9993603825569153,
            0.02643713727593422,
            -0.02408052422106266,
            0.0
          ],
          [
            -0.02640414796769619,
            0.9996499419212341,
            0.0016869738465175033,
            0.0
          ],
          [
            0.024116693064570427,
            -0.0010500692296773195,
            0.9997085928916931,
            0.0
          ],
          [
            0.0,
            0.0,
            0.0,
            1.0
          ]
        ],
        "rotation_mode": "QUATERNION"
      },
      "armature_space": {
        "head": {
          "x": -0.00946807861328125,
          "y": -0.4969598650932312,
          "z": 0.5817738175392151
        },
        "tail": {
          "x": -0.11338507384061813,
          "y": -0.547324001789093,
          "z": 0.5619258284568787
        }
      },
      "world_space": {
        "head": {
          "x": -0.00946807861328125,
          "y": -0.4337158799171448,
          "z": 1.531627893447876
        },
        "tail": {
          "x": -0.11338507384061813,
          "y": -0.4840800166130066,
          "z": 1.51177978515625
        },
        "rotation_quaternion": {
          "w": 0.09072311967611313,
          "x": -0.8453904390335083,
          "y": 0.5261686444282532,
          "z": -0.015201686881482601
        },
        "matrix": [
          [
            0.4458308517932892,
            -0.8868776559829712,
            0.12117490917444229,
            -0.00946807861328125
          ],
          [
            -0.8923943638801575,
            -0.429831862449646,
            0.13739465177059174,
            -0.4337158799171448
          ],
          [
            -0.06976866722106934,
            -0.16939213871955872,
            -0.9830834269523621,
            1.531627893447876
          ],
          [
            0.0,
            0.0,
            0.0,
            1.0
          ]
        ]
      },
      "bone_length_armature_space": 0.1171718009476476,
      "parent": "lowerarm_l",
      "has_children": true,
      "is_end_bone": false
    },
    "index_01_l": {
      "name": "index_01_l",
      "local": {
        "location": {
          "x": 0.0,
          "y": 0.0,
          "z": 0.0
        },
        "rotation_quaternion": {
          "w": 0.9980771541595459,
          "x": -0.05532390624284744,
          "y": 0.025206241756677628,
          "z": -0.01208565104752779
        },
        "scale": {
          "x": 1.0,
          "y": 1.0,
          "z": 1.0
        },
        "matrix_basis": [
          [
            0.9984371662139893,
            0.02133580856025219,
            0.05165280029177666,
            0.0
          ],
          [
            -0.0269138403236866,
            0.9935864210128784,
            0.10982578247785568,
            0.0
          ],
          [
            -0.0489782989025116,
            -0.11104432493448257,
            0.992607831954956,
            0.0
          ],
          [
            0.0,
            0.0,
            0.0,
            1.0
          ]
        ],
        "rotation_mode": "QUATERNION"
      },
      "armature_space": {
        "head": {
          "x": -0.11338507384061813,
          "y": -0.547324001789093,
          "z": 0.5619258284568787
        },
        "tail": {
          "x": -0.13252946734428406,
          "y": -0.5683849453926086,
          "z": 0.5636577606201172
        }
      },
      "world_space": {
        "head": {
          "x": -0.11338507384061813,
          "y": -0.4840800166130066,
          "z": 1.51177978515625
        },
        "tail": {
          "x": -0.13252946734428406,
          "y": -0.5051409602165222,
          "z": 1.5135117769241333
        },
        "rotation_quaternion": {
          "w": 0.03813962638378143,
          "x": 0.9322528839111328,
          "y": -0.3595021367073059,
          "z": 0.014427660033106804
        },
        "matrix": [
          [
            0.7411002516746521,
            -0.6713945269584656,
            -0.0005221590399742126,
            -0.11338507384061813
          ],
          [
            -0.6691933870315552,
            -0.7386073470115662,
            -0.0814855769276619,
            -0.4840800166130066
          ],
          [
            0.05432307347655296,
            0.06073812395334244,
            -0.9966816306114197,
            1.51177978515625
          ],
          [
            0.0,
            0.0,
            0.0,
            1.0
          ]
        ]
      },
      "bone_length_armature_space": 0.028514394899834653,
      "parent": "metacarpal_index_l",
      "has_children": true,
      "is_end_bone": false
    },
    "index_02_l": {
      "name": "index_02_l",
      "local": {
        "location": {
          "x": 0.0,
          "y": 0.0,
          "z": 0.0
        },
        "rotation_quaternion": {
          "w": 0.9818352460861206,
          "x": 0.18919482827186584,
          "y": -0.009517747908830643,
          "z": -0.010688803158700466
        },
        "scale": {
          "x": 1.0,
          "y": 1.0,
          "z": 1.0
        },
        "matrix_basis": [
          [
            0.9995903372764587,
            0.01738787069916725,
            -0.022734252735972404,
            0.0
          ],
          [
            -0.02459070459008217,
            0.9281821250915527,
            -0.37131282687187195,
            0.0
          ],
          [
            0.014645188115537167,
            0.3717197775840759,
            0.9282294511795044,
            0.0
          ],
          [
            0.0,
            0.0,
            0.0,
            1.0
          ]
        ],
        "rotation_mode": "QUATERNION"
      },
      "armature_space": {
        "head": {
          "x": -0.13252989947795868,
          "y": -0.5683850646018982,
          "z": 0.5636574625968933
        },
        "tail": {
          "x": -0.14830879867076874,
          "y": -0.5872902274131775,
          "z": 0.5564663410186768
        }
      },
      "world_space": {
        "head": {
          "x": -0.13252989947795868,
          "y": -0.5051410794258118,
          "z": 1.5135114192962646
        },
        "tail": {
          "x": -0.14830879867076874,
          "y": -0.5240462422370911,
          "z": 1.5063203573226929
        },
        "rotation_quaternion": {
          "w": 0.13840512931346893,
          "x": -0.9313146471977234,
          "y": 0.33521491289138794,
          "z": -0.03358875587582588
        },
        "matrix": [
          [
            0.7730054259300232,
            -0.6150835752487183,
            0.1553550660610199,
            -0.13252989947795868
          ],
          [
            -0.633679211139679,
            -0.736950159072876,
            0.23527774214744568,
            -0.5051410794258118
          ],
          [
            -0.0302273016422987,
            -0.28031882643699646,
            -0.9594384431838989,
            1.5135114192962646
          ],
          [
            0.0,
            0.0,
            0.0,
            1.0
          ]
        ]
      },
      "bone_length_armature_space": 0.025653286116074724,
      "parent": "index_01_l",
      "has_children": true,
      "is_end_bone": false
    },
    "index_03_l": {
      "name": "index_03_l",
      "local": {
        "location": {
          "x": 0.0,
          "y": 0.0,
          "z": 0.0
        },
        "rotation_quaternion": {
          "w": 0.9776472449302673,
          "x": 0.2101074755191803,
          "y": 0.006566308438777924,
          "z": 0.004192778374999762
        },
        "scale": {
          "x": 1.0,
          "y": 1.0,
          "z": 1.0
        },
        "matrix_basis": [
          [
            0.9998785853385925,
            -0.00543885538354516,
            0.014600934460759163,
            0.0
          ],
          [
            0.010957377031445503,
            0.9116745591163635,
            -0.41076692938804626,
            0.0
          ],
          [
            -0.011077198199927807,
            0.4108770489692688,
            0.911623477935791,
            0.0
          ],
          [
            0.0,
            0.0,
            0.0,
            1.0
          ]
        ],
        "rotation_mode": "QUATERNION"
      },
      "armature_space": {
        "head": {
          "x": -0.14830882847309113,
          "y": -0.5872902870178223,
          "z": 0.5564665198326111
        },
        "tail": {
          "x": -0.15928606688976288,
          "y": -0.6045206785202026,
          "z": 0.5355774760246277
        }
      },
      "world_space": {
        "head": {
          "x": -0.14830882847309113,
          "y": -0.5240463018417358,
          "z": 1.5063204765319824
        },
        "tail": {
          "x": -0.15928606688976288,
          "y": -0.5412766933441162,
          "z": 1.485431432723999
        },
        "rotation_quaternion": {
          "w": 0.3585396409034729,
          "x": -0.8781543374061584,
          "y": 0.27676165103912354,
          "z": -0.1539396494626999
        },
        "matrix": [
          [
            0.7994106411933899,
            -0.3756924867630005,
            0.46882641315460205,
            -0.14830882847309113
          ],
          [
            -0.5964667797088623,
            -0.5897049307823181,
            0.5444961786270142,
            -0.5240463018417358
          ],
          [
            0.07190605998039246,
            -0.7149207592010498,
            -0.695508599281311,
            1.5063204765319824
          ],
          [
            0.0,
            0.0,
            0.0,
            1.0
          ]
        ]
      },
      "bone_length_armature_space": 0.029218800766897274,
      "parent": "index_02_l",
      "has_children": false,
      "is_end_bone": true
    },
    "metacarpal_pinky_l": {
      "name": "metacarpal_pinky_l",
      "local": {
        "location": {
          "x": 0.0,
          "y": 0.0,
          "z": 0.0
        },
        "rotation_quaternion": {
          "w": 0.999752402305603,
          "x": -0.020198151469230652,
          "y": 0.007525147870182991,
          "z": -0.0055377851240336895
        },
        "scale": {
          "x": 1.0,
          "y": 1.0,
          "z": 1.0
        },
        "matrix_basis": [
          [
            0.9998254179954529,
            0.010768840089440346,
            0.015270275063812733,
            0.0
          ],
          [
            -0.011376815848052502,
            0.9991227388381958,
            0.040302954614162445,
            0.0
          ],
          [
            -0.014822863042354584,
            -0.04046964645385742,
            0.9990708231925964,
            0.0
          ],
          [
            0.0,
            0.0,
            0.0,
            1.0
          ]
        ],
        "rotation_mode": "QUATERNION"
      },
      "armature_space": {
        "head": {
          "x": -0.00946807861328125,
          "y": -0.4969598650932312,
          "z": 0.5817738175392151
        },
        "tail": {
          "x": -0.06957842409610748,
          "y": -0.5801869630813599,
          "z": 0.599186897277832
        }
      },
      "world_space": {
        "head": {
          "x": -0.00946807861328125,
          "y": -0.4337158799171448,
          "z": 1.531627893447876
        },
        "tail": {
          "x": -0.06957842409610748,
          "y": -0.5169429779052734,
          "z": 1.5490409135818481
        },
        "rotation_quaternion": {
          "w": 0.2484472393989563,
          "x": -0.35834020376205444,
          "y": 0.19658546149730682,
          "z": 0.8781916499137878
        },
        "matrix": [
          [
            -0.6197324991226196,
            -0.577258288860321,
            -0.5317000150680542,
            -0.00946807861328125
          ],
          [
            0.2954798638820648,
            -0.799255907535553,
            0.5233375430107117,
            -0.4337158799171448
          ],
          [
            -0.7270698547363281,
            0.16722305119037628,
            0.6658979058265686,
            1.531627893447876
          ],
          [
            0.0,
            0.0,
            0.0,
            1.0
          ]
        ]
      },
      "bone_length_armature_space": 0.104130777246106,
      "parent": "lowerarm_l",
      "has_children": true,
      "is_end_bone": false
    },
    "pinky_01_l": {
      "name": "pinky_01_l",
      "local": {
        "location": {
          "x": 0.0,
          "y": 0.0,
          "z": 0.0
        },
        "rotation_quaternion": {
          "w": 0.9983857870101929,
          "x": 0.05327405035495758,
          "y": 0.005000248085707426,
          "z": 0.019046563655138016
        },
        "scale": {
          "x": 1.0,
          "y": 1.0,
          "z": 1.0
        },
        "matrix_basis": [
          [
            0.9992244243621826,
            -0.03749886900186539,
            0.012013728730380535,
            0.0
          ],
          [
            0.03856440261006355,
            0.993598222732544,
            -0.10618563741445541,
            0.0
          ],
          [
            -0.007954978384077549,
            0.10656658560037613,
            0.9942737221717834,
            0.0
          ],
          [
            0.0,
            0.0,
            0.0,
            1.0
          ]
        ],
        "rotation_mode": "QUATERNION"
      },
      "armature_space": {
        "head": {
          "x": -0.06957842409610748,
