{
  "metadata": {
    "armature_name": "KIM_caucasian_male",
    "export_time": "2026-01-13T21:05:24.408777",
    "blender_version": "4.4.1",
    "bone_count": 56,
    "end_bone_count": 13,
    "spaces_included": [
      "LOCAL_CHANNELS",
      "ARMATURE_SPACE",
      "WORLD_SPACE"
    ],
    "note": "LOCAL matches Transform panel; replay pose via local.matrix_basis for best fidelity."
  },
  "bones": {
    "Root": {
      "name": "Root",
      "local": {
        "location": {
          "x": 0.0,
          "y": 0.0,
          "z": 0.0
        },
        "rotation_quaternion": {
          "w": 0.9999331831932068,
          "x": 0.007482503540813923,
          "y": 0.007626145146787167,
          "z": 0.0044362107291817665
        },
        "scale": {
          "x": 1.0,
          "y": 1.0,
          "z": 1.0
        },
        "matrix_basis": [
          [
            0.9998443126678467,
            -0.008757703006267548,
            0.015317658893764019,
            0.0
          ],
          [
            0.008985954336822033,
            0.9998486638069153,
            -0.014896344393491745,
            0.0
          ],
          [
            -0.015184883028268814,
            0.015031669288873672,
            0.9997717142105103,
            0.0
          ],
          [
            0.0,
            0.0,
            0.0,
            1.0
          ]
        ],
        "rotation_mode": "QUATERNION"
      },
      "armature_space": {
        "head": {
          "x": 0.0,
          "y": 0.07072800397872925,
          "z": -0.009595036506652832
        },
        "tail": {
          "x": -0.0006250886362977326,
          "y": -0.00013352185487747192,
          "z": -0.0010646199807524681
        }
      },
      "world_space": {
        "head": {
          "x": 0.0,
          "y": 0.13397200405597687,
          "z": 0.9402589797973633
        },
        "tail": {
          "x": -0.0006250886362977326,
          "y": 0.06311047822237015,
          "z": 0.9487894177436829
        },
        "rotation_quaternion": {
          "w": 0.05989764630794525,
          "x": 0.9981655478477478,
          "y": -0.003912375774234533,
          "z": 0.007907679304480553
        },
        "matrix": [
          [
            0.9998443126678467,
            -0.008757703006267548,
            0.015317658893764019,
            0.0
          ],
          [
            -0.006863091140985489,
            -0.9927939176559448,
            -0.1196378767490387,
            0.13397200405597687
          ],
          [
            0.01625513844192028,
            0.11951401829719543,
            -0.9927065372467041,
            0.9402589797973633
          ],
          [
            0.0,
            0.0,
            0.0,
            1.0
          ]
        ]
      },
      "bone_length_armature_space": 0.07137586980894092,
      "parent": null,
      "has_children": true,
      "is_end_bone": false
    },
    "spine_01": {
      "name": "spine_01",
      "local": {
        "location": {
          "x": 0.0,
          "y": 0.0,
          "z": 0.0
        },
        "rotation_quaternion": {
          "w": 0.9948288202285767,
          "x": -0.06255713850259781,
          "y": 0.04496726766228676,
          "z": -0.06618419289588928
        },
        "scale": {
          "x": 1.0,
          "y": 1.0,
          "z": 1.0
        },
        "matrix_basis": [
          [
            0.9871951937675476,
            0.12605783343315125,
            0.09775005280971527,
            0.0
          ],
          [
            -0.1373099386692047,
            0.983412504196167,
            0.11851504445075989,
            0.0
          ],
          [
            -0.0811888799071312,
            -0.1304195374250412,
            0.9881290793418884,
            0.0
          ],
          [
            0.0,
            0.0,
            0.0,
            1.0
          ]
        ],
        "rotation_mode": "QUATERNION"
      },
      "armature_space": {
        "head": {
          "x": -0.0006250886362977326,
          "y": -0.00013352185487747192,
          "z": -0.0010646199807524681
        },
        "tail": {
          "x": 0.05365890637040138,
          "y": 0.07833518832921982,
          "z": 0.47752124071121216
        }
      },
      "world_space": {
        "head": {
          "x": -0.0006250886362977326,
          "y": 0.06311047822237015,
          "z": 0.9487894177436829
        },
        "tail": {
          "x": 0.05365890637040138,
          "y": 0.14157918095588684,
          "z": 1.427375316619873
        },
        "rotation_quaternion": {
          "w": 0.7586191892623901,
          "x": 0.6476246118545532,
          "y": 0.06996221095323563,
          "z": -0.013589777983725071
        },
        "matrix": [
          [
            0.9898412227630615,
            0.11123741418123245,
            0.08854648470878601,
            -0.0006250886362977326
          ],
          [
            0.06999877840280533,
            0.1607961356639862,
            -0.984502375125885,
            0.06311047822237015
          ],
          [
            -0.12375224381685257,
            0.9807062745094299,
            0.15137633681297302,
            0.9487894177436829
          ],
          [
            0.0,
            0.0,
            0.0,
            1.0
          ]
        ]
      },
      "bone_length_armature_space": 0.48800463947714073,
      "parent": "Root",
      "has_children": true,
      "is_end_bone": false
    },
    "neck_01": {
      "name": "neck_01",
      "local": {
        "location": {
          "x": 0.0,
          "y": 0.0,
          "z": 0.0
        },
        "rotation_quaternion": {
          "w": 0.9994030594825745,
          "x": 0.023848986253142357,
          "y": 0.009228620678186417,
          "z": -0.023230386897921562
        },
        "scale": {
          "x": 1.0,
          "y": 1.0,
          "z": 1.0
        },
        "matrix_basis": [
          [
            0.9987503886222839,
            0.04687322676181793,
            0.017338180914521217,
            0.0
          ],
          [
            -0.04599285125732422,
            0.9977831244468689,
            -0.04809826985001564,
            0.0
          ],
          [
            -0.019554266706109047,
            0.0472407303750515,
            0.9986920952796936,
            0.0
          ],
          [
            0.0,
            0.0,
            0.0,
            1.0
          ]
        ],
        "rotation_mode": "QUATERNION"
      },
      "armature_space": {
        "head": {
          "x": 0.06487436592578888,
          "y": 0.05596546456217766,
          "z": 0.5545768737792969
        },
        "tail": {
          "x": 0.08378192037343979,
          "y": 0.028542567044496536,
          "z": 0.6515368819236755
        }
      },
      "world_space": {
        "head": {
          "x": 0.06487436592578888,
          "y": 0.11920946836471558,
          "z": 1.504430890083313
        },
        "tail": {
          "x": 0.08378192037343979,
          "y": 0.09178656339645386,
          "z": 1.6013908386230469
        },
        "rotation_quaternion": {
          "w": 0.5986634492874146,
          "x": 0.7952530980110168,
          "y": 0.08865393698215485,
          "z": -0.036264751106500626
        },
        "matrix": [
          [
            0.9816506505012512,
            0.18442556262016296,
            0.048469431698322296,
            0.06487436592578888
          ],
          [
            0.09758483618497849,
            -0.26748478412628174,
            -0.958608090877533,
            0.11920946836471558
          ],
          [
            -0.1638280600309372,
            0.9457542300224304,
            -0.28057652711868286,
            1.504430890083313
          ],
          [
            0.0,
            0.0,
            0.0,
            1.0
          ]
        ]
      },
      "bone_length_armature_space": 0.10252196901760305,
      "parent": "spine_01",
      "has_children": true,
      "is_end_bone": false
    },
    "head": {
      "name": "head",
      "local": {
        "location": {
          "x": 0.0,
          "y": 0.0,
          "z": 0.0
        },
        "rotation_quaternion": {
          "w": 0.9794400930404663,
          "x": -0.10520073026418686,
          "y": 0.1510923206806183,
          "z": -0.08246906846761703
        },
        "scale": {
          "x": 1.0,
          "y": 1.0,
          "z": 1.0
        },
        "matrix_basis": [
          [
            0.9407399296760559,
            0.12975697219371796,
            0.31332337856292725,
            0.0
          ],
          [
            -0.1933370679616928,
            0.9642633199691772,
            0.1811547428369522,
            0.0
          ],
          [
            -0.2786201536655426,
            -0.2309965193271637,
            0.9322078227996826,
            0.0
          ],
          [
            0.0,
            0.0,
            0.0,
            1.0
          ]
        ],
        "rotation_mode": "QUATERNION"
      },
      "armature_space": {
        "head": {
          "x": 0.08378191292285919,
          "y": 0.02854243852198124,
          "z": 0.6515367031097412
        },
        "tail": {
          "x": 0.12264622747898102,
          "y": 0.08046005666255951,
          "z": 0.7924174666404724
        }
      },
      "world_space": {
        "head": {
          "x": 0.08378191292285919,
          "y": 0.09178643673658371,
          "z": 1.6013907194137573
        },
        "tail": {
          "x": 0.12264622747898102,
          "y": 0.14370405673980713,
          "z": 1.7422714233398438
        },
        "rotation_quaternion": {
          "w": 0.7747472524642944,
          "x": 0.5759057402610779,
          "y": 0.25912341475486755,
          "z": 0.030893448740243912
        },
        "matrix": [
          [
            0.8638020753860474,
            0.2505916953086853,
            0.43709248304367065,
            0.08378191292285919
          ],
          [
            0.3463289737701416,
            0.334757536649704,
            -0.8763526678085327,
            0.09178643673658371
          ],
          [
            -0.36592888832092285,
            0.9083795547485352,
            0.20237766206264496,
            1.6013907194137573
          ],
          [
            0.0,
            0.0,
            0.0,
            1.0
          ]
        ]
      },
      "bone_length_armature_space": 0.15509114533578558,
      "parent": "neck_01",
      "has_children": false,
      "is_end_bone": true
    },
    "upperarm_l": {
      "name": "upperarm_l",
      "local": {
        "location": {
          "x": 0.0,
          "y": 0.0,
          "z": 0.0
        },
        "rotation_quaternion": {
          "w": 0.7707231044769287,
          "x": 0.5877442359924316,
          "y": -0.1429082155227661,
          "z": 0.20029950141906738
        },
        "scale": {
          "x": 1.0,
          "y": 1.0,
          "z": 1.0
        },
        "matrix_basis": [
          [
            0.8789147138595581,
            -0.4767378568649292,
            0.01516442745923996,
            0.0
          ],
          [
            0.14076395332813263,
            0.22887364029884338,
            -0.9632250070571899,
            0.0
          ],
          [
            0.45573508739471436,
            0.8487272262573242,
            0.2682678997516632,
            0.0
          ],
          [
            0.0,
            0.0,
            0.0,
            1.0
          ]
        ],
        "rotation_mode": "QUATERNION"
      },
      "armature_space": {
        "head": {
          "x": 0.206156924366951,
          "y": 0.05251883342862129,
          "z": 0.47058573365211487
        },
        "tail": {
          "x": 0.3119879961013794,
          "y": -0.14728327095508575,
          "z": 0.6144146919250488
        }
      },
      "world_space": {
        "head": {
          "x": 0.206156924366951,
          "y": 0.11576282978057861,
          "z": 1.4204397201538086
        },
        "tail": {
          "x": 0.3119879961013794,
          "y": -0.08403927087783813,
          "z": 1.564268708229065
        },
        "rotation_quaternion": {
          "w": 0.3511132299900055,
          "x": 0.6437360048294067,
          "y": -0.06253838539123535,
          "z": -0.6770616173744202
        },
        "matrix": [
          [
            0.07535336911678314,
            0.39493706822395325,
            -0.9156126976013184,
            0.206156924366951
          ],
          [
            -0.5559677481651306,
            -0.7456153035163879,
            -0.3673661947250366,
            0.11576282978057861
          ],
          [
            -0.8277876377105713,
            0.5367364287376404,
            0.16338853538036346,
            1.4204397201538086
          ],
          [
            0.0,
            0.0,
            0.0,
            1.0
          ]
        ]
      },
      "bone_length_armature_space": 0.2679698923214512,
      "parent": "spine_01",
      "has_children": true,
      "is_end_bone": false
    },
    "lowerarm_l": {
      "name": "lowerarm_l",
      "local": {
        "location": {
          "x": 0.0,
          "y": 0.0,
          "z": 0.0
        },
        "rotation_quaternion": {
          "w": 0.9923396706581116,
          "x": 0.0734022930264473,
          "y": 0.03196267411112785,
          "z": -0.09408839046955109
        },
        "scale": {
          "x": 1.0,
          "y": 1.0,
          "z": 1.0
        },
        "matrix_basis": [
          [
            0.9802515506744385,
            0.1914275586605072,
            0.04962305352091789,
            0.0
          ],
          [
            -0.18204301595687866,
            0.9715189337730408,
            -0.1516946405172348,
            0.0
          ],
          [
            -0.07724826782941818,
            0.1396653801202774,
            0.9871810078620911,
            0.0
          ],
          [
            0.0,
            0.0,
            0.0,
            1.0
          ]
        ],
        "rotation_mode": "QUATERNION"
      },
      "armature_space": {
        "head": {
          "x": 0.311987966299057,
          "y": -0.14728330075740814,
          "z": 0.6144148111343384
        },
        "tail": {
          "x": 0.3471207916736603,
          "y": -0.3801466226577759,
          "z": 0.7413395047187805
        }
      },
      "world_space": {
        "head": {
          "x": 0.311987966299057,
          "y": -0.08403930068016052,
          "z": 1.5642688274383545
        },
        "tail": {
          "x": 0.3471207916736603,
          "y": -0.31690263748168945,
          "z": 1.6911935806274414
        },
        "rotation_quaternion": {
          "w": 0.2185271829366684,
          "x": 0.6679563522338867,
          "y": -0.13048706948757172,
          "z": -0.6993234753608704
        },
        "matrix": [
          [
            -0.012160785496234894,
            0.1313256174325943,
            -0.9912647008895874,
            0.311987966299057
          ],
          [
            -0.4799623489379883,
            -0.8704373836517334,
            -0.10943001508712769,
            -0.08403930068016052
          ],
          [
            -0.8772115111351013,
            0.47444137930870056,
            0.0736171156167984,
            1.5642688274383545
          ],
          [
            0.0,
            0.0,
            0.0,
            1.0
          ]
        ]
      },
      "bone_length_armature_space": 0.26752480115662153,
      "parent": "upperarm_l",
      "has_children": true,
      "is_end_bone": false
    },
    "metacarpal_thumb_l": {
      "name": "metacarpal_thumb_l",
      "local": {
        "location": {
          "x": 0.0,
          "y": 0.0,
          "z": 0.0
        },
        "rotation_quaternion": {
          "w": 0.9980806708335876,
          "x": -0.06162962689995766,
          "y": 0.0014292323030531406,
          "z": 0.00589572312310338
        },
        "scale": {
          "x": 1.0,
          "y": 1.0,
          "z": 1.0
        },
        "matrix_basis": [
          [
            0.9999263882637024,
            -0.01194498036056757,
            0.002126275794580579,
            0.0
          ],
          [
            0.011592648923397064,
            0.9923340678215027,
            0.12303952872753143,
            0.0
          ],
          [
            -0.003579680807888508,
            -0.12300582230091095,
            0.9923995137214661,
            0.0
          ],
          [
            0.0,
            0.0,
            0.0,
            1.0
          ]
        ],
        "rotation_mode": "QUATERNION"
      },
      "armature_space": {
        "head": {
          "x": 0.3471207916736603,
          "y": -0.3801466226577759,
          "z": 0.7413395047187805
        },
        "tail": {
          "x": 0.3228388726711273,
          "y": -0.4192247986793518,
          "z": 0.7596936225891113
        }
      },
      "world_space": {
        "head": {
          "x": 0.3471207916736603,
          "y": -0.31690263748168945,
          "z": 1.6911935806274414
        },
        "tail": {
          "x": 0.3228388726711273,
          "y": -0.3559808135032654,
          "z": 1.7095476388931274
        },
        "rotation_quaternion": {
          "w": 0.20460720360279083,
          "x": 0.9452106952667236,
          "y": -0.252339243888855,
          "z": 0.032214585691690445
        },
        "matrix": [
          [
            0.8705741763114929,
            -0.4902101457118988,
            -0.042362283915281296,
            0.3471207916736603
          ],
          [
            -0.46384501457214355,
            -0.7889211773872375,
            -0.40305206179618835,
            -0.31690263748168945
          ],
          [
            0.16416029632091522,
            0.3705380856990814,
            -0.9142029881477356,
            1.6911935806274414
          ],
          [
            0.0,
            0.0,
            0.0,
            1.0
          ]
        ]
      },
      "bone_length_armature_space": 0.04953371634777193,
      "parent": "lowerarm_l",
      "has_children": true,
      "is_end_bone": false
    },
    "thumb_01_l": {
      "name": "thumb_01_l",
      "local": {
        "location": {
          "x": 0.0,
          "y": 0.0,
          "z": 0.0
        },
        "rotation_quaternion": {
          "w": 0.9516394138336182,
          "x": 0.3071715235710144,
          "y": -0.004923855420202017,
          "z": -0.001971036195755005
        },
        "scale": {
          "x": 1.0,
          "y": 1.0,
          "z": 1.0
        },
        "matrix_basis": [
          [
            0.999943733215332,
            0.0007264951127581298,
            -0.010582362301647663,
            0.0
          ],
          [
            -0.0067763677798211575,
            0.811283528804779,
            -0.5846136212348938,
            0.0
          ],
          [
            0.008160577155649662,
            0.5846524834632874,
            0.8112428188323975,
            0.0
          ],
          [
            0.0,
            0.0,
            0.0,
            1.0
          ]
        ],
        "rotation_mode": "QUATERNION"
      },
      "armature_space": {
        "head": {
          "x": 0.3228388726711273,
          "y": -0.4192247986793518,
          "z": 0.7596936225891113
        },
        "tail": {
          "x": 0.3264247477054596,
          "y": -0.4514933228492737,
          "z": 0.7494705319404602
        }
      },
      "world_space": {
        "head": {
          "x": 0.3228388726711273,
          "y": -0.3559808135032654,
          "z": 1.7095476388931274
        },
        "tail": {
          "x": 0.3264247477054596,
          "y": -0.38824933767318726,
          "z": 1.699324607849121
        },
        "rotation_quaternion": {
          "w": 0.13065874576568604,
          "x": -0.5631909370422363,
          "y": 0.09449491649866104,
          "z": -0.8104413151741028
        },
        "matrix": [
          [
            -0.3314889669418335,
            0.10534721612930298,
            0.9375591278076172,
            0.3228388726711273
          ],
          [
            -0.31821954250335693,
            -0.9479981660842896,
            -0.005991637706756592,
            -0.3559808135032654
          ],
          [
            0.8881789445877075,
            -0.300339013338089,
            0.3477768301963806,
            1.7095476388931274
          ],
          [
            0.0,
            0.0,
            0.0,
            1.0
          ]
        ]
      },
      "bone_length_armature_space": 0.03403862105419241,
      "parent": "metacarpal_thumb_l",
      "has_children": true,
      "is_end_bone": false
    },
    "thumb_02_l": {
      "name": "thumb_02_l",
      "local": {
        "location": {
          "x": 0.0,
          "y": 0.0,
          "z": 0.0
        },
        "rotation_quaternion": {
          "w": 0.9041463136672974,
          "x": 0.4271727502346039,
          "y": 0.0050733936950564384,
          "z": 0.004157258663326502
        },
        "scale": {
          "x": 1.0,
          "y": 1.0,
          "z": 1.0
        },
        "matrix_basis": [
          [
            0.9999139308929443,
            -0.0031831092201173306,
            0.012725915759801865,
            0.0
          ],
          [
            0.011851971037685871,
            0.6350123286247253,
            -0.7724111676216125,
            0.0
          ],
          [
            -0.00562244514003396,
            0.7724955081939697,
            0.6349954009056091,
            0.0
          ],
          [
            0.0,
            0.0,
            0.0,
            1.0
          ]
        ],
        "rotation_mode": "QUATERNION"
      },
      "armature_space": {
        "head": {
          "x": 0.3264247179031372,
          "y": -0.4514932930469513,
          "z": 0.7494704723358154
        },
        "tail": {
          "x": 0.34347495436668396,
          "y": -0.44580650329589844,
          "z": 0.7853890657424927
        }
      },
      "world_space": {
        "head": {
          "x": 0.3264247179031372,
          "y": -0.3882492780685425,
          "z": 1.6993244886398315
        },
        "tail": {
          "x": 0.34347495436668396,
          "y": -0.382562518119812,
          "z": 1.7352430820465088
        },
        "rotation_quaternion": {
          "w": 0.21941117942333221,
          "x": -0.09695592522621155,
          "y": -0.7229468822479248,
          "z": -0.647924542427063
        },
        "matrix": [
          [
            -0.884917140007019,
            0.4245114028453827,
            -0.19160325825214386,
            0.3264247179031372
          ],
          [
            -0.14413300156593323,
            0.14158812165260315,
            0.9793766140937805,
            -0.3882492780685425
          ],
          [
            0.4428882598876953,
            0.8942899107933044,
            -0.0641070008277893,
            1.6993244886398315
          ],
          [
            0.0,
            0.0,
            0.0,
            1.0
          ]
        ]
      },
      "bone_length_armature_space": 0.04016460472357019,
      "parent": "thumb_01_l",
      "has_children": true,
      "is_end_bone": false
    },
    "thumb_03_l": {
      "name": "thumb_03_l",
      "local": {
        "location": {
          "x": 0.0,
          "y": 0.0,
          "z": 0.0
        },
        "rotation_quaternion": {
          "w": 0.9893353581428528,
          "x": 0.1456371694803238,
          "y": 0.002306749112904072,
          "z": 0.0003705121926032007
        },
        "scale": {
          "x": 1.0,
          "y": 1.0,
          "z": 1.0
        },
        "matrix_basis": [
          [
            0.9999890923500061,
            -6.122480408521369e-05,
            0.004672217648476362,
            0.0
          ],
          [
            0.0014050184981897473,
            0.9575793743133545,
            -0.2881662845611572,
            0.0
          ],
          [
            -0.004456376191228628,
            0.2881697118282318,
            0.9575690031051636,
            0.0
          ],
          [
            0.0,
            0.0,
            0.0,
            1.0
          ]
        ],
        "rotation_mode": "QUATERNION"
      },
      "armature_space": {
        "head": {
          "x": 0.3434748947620392,
          "y": -0.4458065629005432,
          "z": 0.7853890657424927
        },
        "tail": {
          "x": 0.35263872146606445,
          "y": -0.4264557957649231,
          "z": 0.8070332407951355
        }
      },
      "world_space": {
        "head": {
          "x": 0.3434748947620392,
          "y": -0.3825625777244568,
          "z": 1.7352430820465088
        },
        "tail": {
          "x": 0.35263872146606445,
          "y": -0.36321181058883667,
          "z": 1.7568871974945068
        },
        "rotation_quaternion": {
          "w": 0.4281451404094696,
          "x": 0.03950781747698784,
          "y": -0.796549379825592,
          "z": -0.42501768469810486
        },
        "matrix": [
          [
            -0.6302630305290222,
            0.30099716782569885,
            -0.7156600952148438,
            0.3434748947620392
          ],
          [
            -0.42687690258026123,
            0.6355997920036316,
            0.6432645320892334,
            -0.3825625777244568
          ],
          [
            0.6484982371330261,
            0.7109302282333374,
            -0.27210748195648193,
            1.7352430820465088
          ],
          [
            0.0,
            0.0,
            0.0,
            1.0
          ]
        ]
      },
      "bone_length_armature_space": 0.03044500292385416,
      "parent": "thumb_02_l",
      "has_children": false,
      "is_end_bone": true
    },
    "metacarpal_index_l": {
      "name": "metacarpal_index_l",
      "local": {
        "location": {
          "x": 0.0,
          "y": 0.0,
          "z": 0.0
        },
        "rotation_quaternion": {
          "w": 0.9994778633117676,
          "x": -0.02727390080690384,
          "y": 0.010639768093824387,
          "z": 0.013675985857844353
        },
        "scale": {
          "x": 1.0,
          "y": 1.0,
          "z": 1.0
        },
        "matrix_basis": [
          [
            0.9993995428085327,
            -0.027918066829442978,
            0.020522430539131165,
            0.0
          ],
          [
            0.026757314801216125,
            0.9981381893157959,
            0.05481033772230148,
            0.0
          ],
          [
            -0.022014420479536057,
            -0.05422830209136009,
            0.9982858300209045,
            0.0
          ],
          [
            0.0,
            0.0,
            0.0,
            1.0
          ]
        ],
        "rotation_mode": "QUATERNION"
      },
      "armature_space": {
        "head": {
          "x": 0.3471207916736603,
          "y": -0.3801466226577759,
          "z": 0.7413395047187805
        },
        "tail": {
          "x": 0.32734572887420654,
          "y": -0.48078736662864685,
          "z": 0.7979931235313416
        }
      },
      "world_space": {
        "head": {
          "x": 0.3471207916736603,
          "y": -0.31690263748168945,
          "z": 1.6911935806274414
        },
        "tail": {
          "x": 0.32734572887420654,
          "y": -0.41754335165023804,
          "z": 1.747847080230713
        },
        "rotation_quaternion": {
          "w": 0.21584178507328033,
          "x": 0.9248546361923218,
          "y": -0.1547708362340927,
          "z": -0.2722173035144806
        },
        "matrix": [
          [
            0.8038874864578247,
            -0.1687699258327484,
            -0.5703346729278564,
            0.3471207916736603
          ],
          [
            -0.40379300713539124,
            -0.8589166402816772,
            -0.314981609582901,
            -0.31690263748168945
          ],
          [
            -0.436714231967926,
            0.4835094213485718,
            -0.7586260437965393,
            1.6911935806274414
          ],
          [
            0.0,
            0.0,
            0.0,
            1.0
          ]
        ]
      },
      "bone_length_armature_space": 0.11717186205057824,
      "parent": "lowerarm_l",
      "has_children": true,
      "is_end_bone": false
    },
    "index_01_l": {
      "name": "index_01_l",
      "local": {
        "location": {
          "x": 0.0,
          "y": 0.0,
          "z": 0.0
        },
        "rotation_quaternion": {
          "w": 0.9546865820884705,
          "x": 0.29675301909446716,
          "y": 0.013972035609185696,
          "z": 0.017777321860194206
        },
        "scale": {
          "x": 1.0,
          "y": 1.0,
          "z": 1.0
        },
        "matrix_basis": [
          [
            0.9989774823188782,
            -0.025651054456830025,
            0.0372287780046463,
            0.0
          ],
          [
            0.04223603010177612,
            0.8232432007789612,
            -0.5661154985427856,
            0.0
          ],
          [
            -0.016126882284879684,
            0.5671090483665466,
            0.8234848380088806,
            0.0
          ],
          [
            0.0,
            0.0,
            0.0,
            1.0
          ]
        ],
        "rotation_mode": "QUATERNION"
      },
      "armature_space": {
        "head": {
          "x": 0.32734572887420654,
          "y": -0.48078736662864685,
          "z": 0.7979931235313416
        },
        "tail": {
          "x": 0.3225993514060974,
          "y": -0.5088464021682739,
          "z": 0.7961956858634949
        }
      },
      "world_space": {
        "head": {
          "x": 0.32734572887420654,
          "y": -0.41754335165023804,
          "z": 1.747847080230713
        },
        "tail": {
          "x": 0.3225993514060974,
          "y": -0.4456024169921875,
          "z": 1.7460496425628662
        },
        "rotation_quaternion": {
          "w": 0.053762875497341156,
          "x": -0.9562104940414429,
          "y": 0.07136880606412888,
          "z": 0.2787068784236908
        },
        "matrix": [
          [
            0.83445805311203,
            -0.16645537316799164,
            -0.525330662727356,
            0.32734572887420654
          ],
          [
            -0.10651926696300507,
            -0.984032154083252,
            0.14259880781173706,
            -0.41754335165023804
          ],
          [
            -0.5406827330589294,
            -0.06303638219833374,
            -0.8388699293136597,
            1.747847080230713
          ],
          [
            0.0,
            0.0,
            0.0,
            1.0
          ]
        ]
      },
      "bone_length_armature_space": 0.028514353714114742,
      "parent": "metacarpal_index_l",
      "has_children": true,
      "is_end_bone": false
    },
    "index_02_l": {
      "name": "index_02_l",
      "local": {
        "location": {
          "x": 0.0,
          "y": 0.0,
          "z": 0.0
        },
        "rotation_quaternion": {
          "w": 0.8931355476379395,
          "x": 0.44971007108688354,
          "y": 0.0029396447353065014,
          "z": 0.007823261432349682
        },
        "scale": {
          "x": 1.0,
          "y": 1.0,
          "z": 1.0
        },
        "matrix_basis": [
          [
            0.9998602867126465,
            -0.011330490000545979,
            0.012287401594221592,
            0.0
          ],
          [
            0.01661844179034233,
            0.5953993201255798,
            -0.8032581210136414,
            0.0
          ],
          [
            0.0017853964818641543,
            0.8033500909805298,
            0.5955044031143188,
            0.0
          ],
          [
            0.0,
            0.0,
            0.0,
            1.0
          ]
        ],
        "rotation_mode": "QUATERNION"
      },
      "armature_space": {
        "head": {
          "x": 0.3225989043712616,
          "y": -0.5088467001914978,
          "z": 0.7961955666542053
        },
        "tail": {
          "x": 0.30846261978149414,
          "y": -0.5216341018676758,
          "z": 0.77902752161026
        }
      },
      "world_space": {
        "head": {
          "x": 0.3225989043712616,
          "y": -0.4456027150154114,
          "z": 1.7460496425628662
        },
        "tail": {
          "x": 0.30846261978149414,
          "y": -0.45839011669158936,
          "z": 1.728881597518921
        },
        "rotation_quaternion": {
          "w": 0.4625101089477539,
          "x": -0.8280801177024841,
          "y": 0.1919625699520111,
          "z": 0.2520282566547394
        },
        "matrix": [
          [
            0.7992646098136902,
            -0.5510520935058594,
            -0.23982837796211243,
            0.3225989043712616
          ],
          [
            -0.08479186147451401,
            -0.4984704256057739,
            0.8627500534057617,
            -0.4456027150154114
          ],
          [
            -0.5949720144271851,
            -0.669235348701477,
            -0.4451366364955902,
            1.7460496425628662
          ],
          [
            0.0,
            0.0,
            0.0,
            1.0
          ]
        ]
      },
      "bone_length_armature_space": 0.025653341919572845,
      "parent": "index_01_l",
      "has_children": true,
      "is_end_bone": false
    },
    "index_03_l": {
      "name": "index_03_l",
      "local": {
        "location": {
          "x": 0.0,
          "y": 0.0,
          "z": 0.0
        },
        "rotation_quaternion": {
          "w": 0.9301043748855591,
          "x": 0.3671736419200897,
          "y": -0.0038578291423618793,
          "z": -0.008626751601696014
        },
        "scale": {
          "x": 1.0,
          "y": 1.0,
          "z": 1.0
        },
        "matrix_basis": [
          [
            0.9998213648796082,
            0.013214572332799435,
            -0.013511398807168007,
            0.0
          ],
          [
            -0.01888054609298706,
            0.7302181720733643,
            -0.6829530596733093,
            0.0
          ],
          [
            0.0008413359173573554,
            0.6830861568450928,
            0.7303372621536255,
            0.0
          ],
          [
            0.0,
            0.0,
            0.0,
            1.0
          ]
        ],
        "rotation_mode": "QUATERNION"
      },
      "armature_space": {
        "head": {
          "x": 0.30846261978149414,
          "y": -0.5216342210769653,
          "z": 0.7790275812149048
        },
        "tail": {
          "x": 0.29558083415031433,
          "y": -0.5128403306007385,
          "z": 0.754319965839386
        }
      },
      "world_space": {
        "head": {
          "x": 0.30846261978149414,
          "y": -0.4583902359008789,
          "z": 1.728881597518921
        },
        "tail": {
          "x": 0.29558083415031433,
          "y": -0.4495963454246521,
          "z": 1.7041740417480469
        },
        "rotation_quaternion": {
          "w": 0.7724086046218872,
          "x": -0.5807045102119446,
          "y": 0.23209774494171143,
          "z": 0.11089658737182617
        },
        "matrix": [
          [
            0.8676656484603882,
            -0.44087520241737366,
            0.22975046932697296,
            0.30846261978149414
          ],
          [
            -0.09824322164058685,
            0.3009689152240753,
            0.9485599398612976,
            -0.4583902359008789
          ],
          [
            -0.4873480498790741,
            -0.8456099033355713,
            0.217830091714859,
            1.728881597518921
          ],
          [
            0.0,
            0.0,
            0.0,
            1.0
          ]
        ]
      },
      "bone_length_armature_space": 0.029218814960822844,
      "parent": "index_02_l",
      "has_children": false,
      "is_end_bone": true
    },
    "metacarpal_pinky_l": {
      "name": "metacarpal_pinky_l",
      "local": {
        "location": {
          "x": 0.0,
          "y": 0.0,
          "z": 0.0
        },
        "rotation_quaternion": {
          "w": 0.9996399879455566,
          "x": -0.02588750422000885,
          "y": -0.005332518834620714,
          "z": 0.0046281213872134686
        },
        "scale": {
          "x": 1.0,
          "y": 1.0,
          "z": 1.0
        },
        "matrix_basis": [
          [
            0.9999002814292908,
            -0.00897681899368763,
            -0.01090081874281168,
            0.0
          ],
          [
            0.009529002010822296,
            0.9986168146133423,
            0.051707010716199875,
            0.0
          ],
          [
            0.010421576909720898,
            -0.05180572718381882,
            0.9986028075218201,
            0.0
          ],
          [
            0.0,
            0.0,
            0.0,
            1.0
          ]
        ],
        "rotation_mode": "QUATERNION"
      },
      "armature_space": {
        "head": {
          "x": 0.3471207916736603,
          "y": -0.3801466226577759,
          "z": 0.7413395047187805
        },
        "tail": {
          "x": 0.39348146319389343,
          "y": -0.46468186378479004,
          "z": 0.7806804776191711
        }
      },
      "world_space": {
        "head": {
          "x": 0.3471207916736603,
          "y": -0.31690263748168945,
          "z": 1.6911935806274414
        },
        "tail": {
          "x": 0.39348146319389343,
          "y": -0.4014378786087036,
          "z": 1.730534553527832
        },
        "rotation_quaternion": {
          "w": 0.24517466127872467,
          "x": 0.05610261484980583,
          "y": -0.1843372881412506,
          "z": -0.950137734413147
        },
        "matrix": [
          [
            -0.8734837174415588,
            0.44521579146385193,
            -0.19700059294700623,
            0.3471207916736603
          ],
          [
            -0.48658329248428345,
            -0.8118181228637695,
            0.32278189063072205,
            -0.31690263748168945
          ],
          [
            -0.016221508383750916,
            0.37780362367630005,
            0.9257513284683228,
            1.6911935806274414
          ],
          [
            0.0,
            0.0,
            0.0,
            1.0
          ]
        ]
      },
      "bone_length_armature_space": 0.10413083649861968,
      "parent": "lowerarm_l",
      "has_children": true,
      "is_end_bone": false
    },
    "pinky_01_l": {
      "name": "pinky_01_l",
      "local": {
        "location": {
          "x": 0.0,
          "y": 0.0,
          "z": 0.0
        },
        "rotation_quaternion": {
          "w": 0.9454106092453003,
          "x": 0.32516616582870483,
          "y": 0.018402308225631714,
          "z": -0.011272680945694447
        },
        "scale": {
          "x": 1.0,
          "y": 1.0,
          "z": 1.0
        },
        "matrix_basis": [
          [
            0.999068558216095,
            0.033282238990068436,
            0.02746448665857315,
            0.0
          ],
          [
            -0.009347008541226387,
            0.7882797718048096,
            -0.6152459979057312,
            0.0
          ],
          [
            -0.04212646558880806,
            0.6144161820411682,
            0.7878566384315491,
            0.0
          ],
          [
            0.0,
            0.0,
            0.0,
            1.0
          ]
        ],
        "rotation_mode": "QUATERNION"
      },
      "armature_space": {
        "head": {
          "x": 0.39348146319389343,
          "y": -0.46468186378479004,
          "z": 0.7806804776191711
        },
        "tail": {
          "x": 0.3953397274017334,
