{
  "metadata": {
    "armature_name": "KIM_caucasian_male",
    "export_time": "2026-01-13T21:12:23.743642",
    "blender_version": "4.4.1",
    "bone_count": 56,
    "end_bone_count": 13,
    "spaces_included": [
      "LOCAL_CHANNELS",
      "ARMATURE_SPACE",
      "WORLD_SPACE"
    ],
    "note": "LOCAL matches Transform panel; replay pose via local.matrix_basis for best fidelity."
  },
  "bones": {
    "Root": {
      "name": "Root",
      "local": {
        "location": {
          "x": 0.0,
          "y": 0.0,
          "z": 0.0
        },
        "rotation_quaternion": {
          "w": 0.9997301697731018,
          "x": 0.006332424469292164,
          "y": 0.00691140815615654,
          "z": 0.021253665909171104
        },
        "scale": {
          "x": 1.0,
          "y": 1.0,
          "z": 1.0
        },
        "matrix_basis": [
          [
            0.9990010261535645,
            -0.042408328503370285,
            0.014088260941207409,
            0.0
          ],
          [
            0.042583394795656204,
            0.9990163445472717,
            -0.01236764620989561,
            0.0
          ],
          [
            -0.01354991178959608,
            0.012955216690897942,
            0.9998242855072021,
            0.0
          ],
          [
            0.0,
            0.0,
            0.0,
            1.0
          ]
        ],
        "rotation_mode": "QUATERNION"
      },
      "armature_space": {
        "head": {
          "x": 0.0,
          "y": 0.07072800397872925,
          "z": -0.009595036506652832
        },
        "tail": {
          "x": -0.0030269313137978315,
          "y": -5.473196506500244e-05,
          "z": -0.0009257420897483826
        }
      },
      "world_space": {
        "head": {
          "x": 0.0,
          "y": 0.13397200405597687,
          "z": 0.9402589797973633
        },
        "tail": {
          "x": -0.0030269313137978315,
          "y": 0.06318926811218262,
          "z": 0.9489282965660095
        },
        "rotation_quaternion": {
          "w": 0.06103144958615303,
          "x": 0.9978857040405273,
          "y": -0.020739778876304626,
          "z": 0.008327522315084934
        },
        "matrix": [
          [
            0.9990010261535645,
            -0.042408328503370285,
            0.014088260941207409,
            0.0
          ],
          [
            -0.04037536308169365,
            -0.9916900396347046,
            -0.12215068936347961,
            0.13397200405597687
          ],
          [
            0.019151490181684494,
            0.12145974487066269,
            -0.992418646812439,
            0.9402589797973633
          ],
          [
            0.0,
            0.0,
            0.0,
            1.0
          ]
        ]
      },
      "bone_length_armature_space": 0.07137586789400802,
      "parent": null,
      "has_children": true,
      "is_end_bone": false
    },
    "spine_01": {
      "name": "spine_01",
      "local": {
        "location": {
          "x": 0.0,
          "y": 0.0,
          "z": 0.0
        },
        "rotation_quaternion": {
          "w": 0.9971104860305786,
          "x": -0.035033971071243286,
          "y": 0.015457740984857082,
          "z": -0.06560827791690826
        },
        "scale": {
          "x": 1.0,
          "y": 1.0,
          "z": 1.0
        },
        "matrix_basis": [
          [
            0.9909132122993469,
            0.12975430488586426,
            0.03542318940162659,
            0.0
          ],
          [
            -0.13192050158977509,
            0.9889363646507263,
            0.0678371712565422,
            0.0
          ],
          [
            -0.026229113340377808,
            -0.07189378887414932,
            0.9970673322677612,
            0.0
          ],
          [
            0.0,
            0.0,
            0.0,
            1.0
          ]
        ],
        "rotation_mode": "QUATERNION"
      },
      "armature_space": {
        "head": {
          "x": -0.0030269313137978315,
          "y": -5.473196506500244e-05,
          "z": -0.0009257420897483826
        },
        "tail": {
          "x": 0.05309561640024185,
          "y": 0.04904396831989288,
          "z": 0.4813481271266937
        }
      },
      "world_space": {
        "head": {
          "x": -0.0030269313137978315,
          "y": 0.06318926811218262,
          "z": 0.9489282965660095
        },
        "tail": {
          "x": 0.05309561640024185,
          "y": 0.1122879683971405,
          "z": 1.4312021732330322
        },
        "rotation_quaternion": {
          "w": 0.7409464716911316,
          "x": 0.6690811514854431,
          "y": 0.03611152991652489,
          "z": -0.04499775171279907
        },
        "matrix": [
          [
            0.9933422803878784,
            0.11500493437051773,
            -0.006701614707708359,
            -0.0030269313137978315
          ],
          [
            -0.01835957169532776,
            0.10061183571815491,
            -0.9947563409805298,
            0.06318926811218262
          ],
          [
            -0.11372846364974976,
            0.9882636666297913,
            0.10205322504043579,
            0.9489282965660095
          ],
          [
            0.0,
            0.0,
            0.0,
            1.0
          ]
        ]
      },
      "bone_length_armature_space": 0.4880046313663142,
      "parent": "Root",
      "has_children": true,
      "is_end_bone": false
    },
    "neck_01": {
      "name": "neck_01",
      "local": {
        "location": {
          "x": 0.0,
          "y": 0.0,
          "z": 0.0
        },
        "rotation_quaternion": {
          "w": 0.9821784496307373,
          "x": -0.0848570391535759,
          "y": 0.13240554928779602,
          "z": 0.10292504727840424
        },
        "scale": {
          "x": 1.0,
          "y": 1.0,
          "z": 1.0
        },
        "matrix_basis": [
          [
            0.9437503814697266,
            -0.22465261816978455,
            0.2426239252090454,
            0.0
          ],
          [
            0.17971044778823853,
            0.9644114375114441,
            0.19394519925117493,
            0.0
          ],
          [
            -0.2775595784187317,
            -0.139433816075325,
            0.9505361318588257,
            0.0
          ],
          [
            0.0,
            0.0,
            0.0,
            1.0
          ]
        ],
        "rotation_mode": "QUATERNION"
      },
      "armature_space": {
        "head": {
          "x": 0.06128368526697159,
          "y": 0.021912023425102234,
          "z": 0.5572465062141418
        },
        "tail": {
          "x": 0.049411922693252563,
          "y": 0.007910204119980335,
          "z": 0.6581116318702698
        }
      },
      "world_space": {
        "head": {
          "x": 0.06128368526697159,
          "y": 0.08515602350234985,
          "z": 1.5071005821228027
        },
        "tail": {
          "x": 0.049411922693252563,
          "y": 0.07115420699119568,
          "z": 1.6079657077789307
        },
        "rotation_quaternion": {
          "w": 0.6564973592758179,
          "x": 0.7444443106651306,
          "y": 0.02690393477678299,
          "z": 0.11870191991329193
        },
        "matrix": [
          [
            0.970372200012207,
            -0.1157979741692543,
            0.21205779910087585,
            0.06128368526697159
          ],
          [
            0.19591115415096283,
            -0.13657468557357788,
            -0.9710646271705627,
            0.08515602350234985
          ],
          [
            0.14141018688678741,
            0.9838452935218811,
            -0.10984387993812561,
            1.5071005821228027
          ],
          [
            0.0,
            0.0,
            0.0,
            1.0
          ]
        ]
      },
      "bone_length_armature_space": 0.10252201266398463,
      "parent": "spine_01",
      "has_children": true,
      "is_end_bone": false
    },
    "head": {
      "name": "head",
      "local": {
        "location": {
          "x": 0.0,
          "y": 0.0,
          "z": 0.0
        },
        "rotation_quaternion": {
          "w": 0.9756202697753906,
          "x": -0.01714017614722252,
          "y": 0.05584638938307762,
          "z": 0.21154828369617462
        },
        "scale": {
          "x": 1.0,
          "y": 1.0,
          "z": 1.0
        },
        "matrix_basis": [
          [
            0.9042569994926453,
            -0.41469600796699524,
            0.10171779245138168,
            0.0
          ],
          [
            0.4108671545982361,
            0.9099071025848389,
            0.05707302317023277,
            0.0
          ],
          [
            -0.11622168868780136,
            -0.009816191159188747,
            0.9931747913360596,
            0.0
          ],
          [
            0.0,
            0.0,
            0.0,
            1.0
          ]
        ],
        "rotation_mode": "QUATERNION"
      },
      "armature_space": {
        "head": {
          "x": 0.04941196367144585,
          "y": 0.007910063490271568,
          "z": 0.658111572265625
        },
        "tail": {
          "x": -0.03939332440495491,
          "y": 0.028491342440247536,
          "z": 0.7835836410522461
        }
      },
      "world_space": {
        "head": {
          "x": 0.04941196367144585,
          "y": 0.07115406543016434,
          "z": 1.6079655885696411
        },
        "tail": {
          "x": -0.03939332440495491,
          "y": 0.09173534065485,
          "z": 1.7334376573562622
        },
        "rotation_quaternion": {
          "w": 0.7478018999099731,
          "x": 0.5768383741378784,
          "y": -0.0845271646976471,
          "z": 0.31765541434288025
        },
        "matrix": [
          [
            0.7838993072509766,
            -0.5726040601730347,
            0.2400548905134201,
            0.04941196367144585
          ],
          [
            0.3775727152824402,
            0.1327052116394043,
            -0.9164215922355652,
            0.07115406543016434
          ],
          [
            0.4928940236568451,
            0.8090262413024902,
            0.3202285170555115,
            1.6079655885696411
          ],
          [
            0.0,
            0.0,
            0.0,
            1.0
          ]
        ]
      },
      "bone_length_armature_space": 0.1550909694079048,
      "parent": "neck_01",
      "has_children": false,
      "is_end_bone": true
    },
    "upperarm_l": {
      "name": "upperarm_l",
      "local": {
        "location": {
          "x": 0.0,
          "y": 0.0,
          "z": 0.0
        },
        "rotation_quaternion": {
          "w": 0.9828411340713501,
          "x": -0.026100648567080498,
          "y": -0.12263081222772598,
          "z": 0.13529202342033386
        },
        "scale": {
          "x": 1.0,
          "y": 1.0,
          "z": 1.0
        },
        "matrix_basis": [
          [
            0.9333155155181885,
            -0.2595396339893341,
            -0.2481156289577484,
            0.0
          ],
          [
            0.27234262228012085,
            0.9620296359062195,
            0.01812363974750042,
            0.0
          ],
          [
            0.23399078845977783,
            -0.08448752015829086,
            0.9685608744621277,
            0.0
          ],
          [
            0.0,
            0.0,
            0.0,
            1.0
          ]
        ],
        "rotation_mode": "QUATERNION"
      },
      "armature_space": {
        "head": {
          "x": 0.20253443717956543,
          "y": 0.009223788976669312,
          "z": 0.4740937352180481
        },
        "tail": {
          "x": 0.4666834771633148,
          "y": 0.04184561222791672,
          "z": 0.5052182078361511
        }
      },
      "world_space": {
        "head": {
          "x": 0.20253443717956543,
          "y": 0.07246778905391693,
          "z": 1.423947811126709
        },
        "tail": {
          "x": 0.4666834771633148,
          "y": 0.10508961230516434,
          "z": 1.4550721645355225
        },
        "rotation_quaternion": {
          "w": 0.6290952563285828,
          "x": 0.42221176624298096,
          "y": 0.40633535385131836,
          "z": -0.5107525587081909
        },
        "matrix": [
          [
            0.14804597198963165,
            0.9857432246208191,
            0.07995478063821793,
            0.20253443717956543
          ],
          [
            -0.29950597882270813,
            0.12173710763454437,
            -0.946296215057373,
            0.07246778905391693
          ],
          [
            -0.9425453543663025,
            0.11614925414323807,
            0.31325995922088623,
            1.423947811126709
          ],
          [
            0.0,
            0.0,
            0.0,
            1.0
          ]
        ]
      },
      "bone_length_armature_space": 0.26796946320859377,
      "parent": "spine_01",
      "has_children": true,
      "is_end_bone": false
    },
    "lowerarm_l": {
      "name": "lowerarm_l",
      "local": {
        "location": {
          "x": 0.0,
          "y": 0.0,
          "z": 0.0
        },
        "rotation_quaternion": {
          "w": 0.8924123048782349,
          "x": 0.44354698061943054,
          "y": -0.026819072663784027,
          "z": -0.0784040316939354
        },
        "scale": {
          "x": 1.0,
          "y": 1.0,
          "z": 1.0
        },
        "matrix_basis": [
          [
            0.98626708984375,
            0.11614640802145004,
            -0.11741908639669418,
            0.0
          ],
          [
            -0.1637284755706787,
            0.594237744808197,
            -0.7874481081962585,
            0.0
          ],
          [
            -0.021684402599930763,
            0.7958590388298035,
            0.6050935983657837,
            0.0
          ],
          [
            0.0,
            0.0,
            0.0,
            1.0
          ]
        ],
        "rotation_mode": "QUATERNION"
      },
      "armature_space": {
        "head": {
          "x": 0.4666835367679596,
          "y": 0.04184561222791672,
          "z": 0.5052183270454407
        },
        "tail": {
          "x": 0.6146296262741089,
          "y": -0.15874436497688293,
          "z": 0.6024041175842285
        }
      },
      "world_space": {
        "head": {
          "x": 0.4666835367679596,
          "y": 0.10508961230516434,
          "z": 1.4550724029541016
        },
        "tail": {
          "x": 0.6146296262741089,
          "y": -0.09550036489963531,
          "z": 1.5522581338882446
        },
        "rotation_quaternion": {
          "w": 0.34888845682144165,
          "x": 0.6349947452545166,
          "y": 0.05810263380408287,
          "z": -0.6867916584014893
        },
        "matrix": [
          [
            0.04988337680697441,
            0.5530189871788025,
            -0.8316739797592163,
            0.4666835367679596
          ],
          [
            -0.40543821454048157,
            -0.7498005032539368,
            -0.522895336151123,
            0.10508961230516434
          ],
          [
            -0.912767231464386,
            0.36327803134918213,
            0.1868133842945099,
            1.4550724029541016
          ],
          [
            0.0,
            0.0,
            0.0,
            1.0
          ]
        ]
      },
      "bone_length_armature_space": 0.26752470172320125,
      "parent": "upperarm_l",
      "has_children": true,
      "is_end_bone": false
    },
    "metacarpal_thumb_l": {
      "name": "metacarpal_thumb_l",
      "local": {
        "location": {
          "x": 0.0,
          "y": 0.0,
          "z": 0.0
        },
        "rotation_quaternion": {
          "w": 0.9996507167816162,
          "x": 0.024283533915877342,
          "y": -0.007303605787456036,
          "z": 0.007454088889062405
        },
        "scale": {
          "x": 1.0,
          "y": 1.0,
          "z": 1.0
        },
        "matrix_basis": [
          [
            0.9997822046279907,
            -0.01525768544524908,
            -0.014240086078643799,
            0.0
          ],
          [
            0.014548256061971188,
            0.998709499835968,
            -0.04865898936986923,
            0.0
          ],
          [
            0.014964132569730282,
            0.048441220074892044,
            0.9987139105796814,
            0.0
          ],
          [
            0.0,
            0.0,
            0.0,
            1.0
          ]
        ],
        "rotation_mode": "QUATERNION"
      },
      "armature_space": {
        "head": {
          "x": 0.6146296262741089,
          "y": -0.15874436497688293,
          "z": 0.6024041175842285
        },
        "tail": {
          "x": 0.6116645932197571,
          "y": -0.2073589414358139,
          "z": 0.6114272475242615
        }
      },
      "world_space": {
        "head": {
          "x": 0.6146296262741089,
          "y": -0.09550036489963531,
          "z": 1.5522581338882446
        },
        "tail": {
          "x": 0.6116645932197571,
          "y": -0.14411494135856628,
          "z": 1.5612812042236328
        },
        "rotation_quaternion": {
          "w": 0.09122776985168457,
          "x": 0.995309054851532,
          "y": -0.0309031642973423,
          "z": -0.00908625964075327
        },
        "matrix": [
          [
            0.9979248642921448,
            -0.05985850468277931,
            -0.023725710809230804,
            0.6146296262741089
          ],
          [
            -0.06317427009344101,
            -0.9814450144767761,
            -0.18103842437267303,
            -0.09550036489963531
          ],
          [
            -0.012448993511497974,
            0.1821620613336563,
            -0.9831968545913696,
            1.5522581338882446
          ],
          [
            0.0,
            0.0,
            0.0,
            1.0
          ]
        ]
      },
      "bone_length_armature_space": 0.04953367857892572,
      "parent": "lowerarm_l",
      "has_children": true,
      "is_end_bone": false
    },
    "thumb_01_l": {
      "name": "thumb_01_l",
      "local": {
        "location": {
          "x": 0.0,
          "y": 0.0,
          "z": 0.0
        },
        "rotation_quaternion": {
          "w": 0.9974448680877686,
          "x": -0.06940123438835144,
          "y": 0.013748913072049618,
          "z": 0.00991069432348013
        },
        "scale": {
          "x": 1.0,
          "y": 1.0,
          "z": 1.0
        },
        "matrix_basis": [
          [
            0.99942547082901,
            -0.021679125726222992,
            0.02605193667113781,
            0.0
          ],
          [
            0.017862359061837196,
            0.9901704788208008,
            0.1387203335762024,
            0.0
          ],
          [
            -0.02880319394171238,
            -0.13817529380321503,
            0.9899888634681702,
            0.0
          ],
          [
            0.0,
            0.0,
            0.0,
            1.0
          ]
        ],
        "rotation_mode": "QUATERNION"
      },
      "armature_space": {
        "head": {
          "x": 0.6116645932197571,
          "y": -0.2073589414358139,
          "z": 0.6114272475242615
        },
        "tail": {
          "x": 0.601067066192627,
          "y": -0.23225389420986176,
          "z": 0.5907737612724304
        }
      },
      "world_space": {
        "head": {
          "x": 0.6116645932197571,
          "y": -0.14411494135856628,
          "z": 1.5612812042236328
        },
        "tail": {
          "x": 0.601067066192627,
          "y": -0.16900989413261414,
          "z": 1.5406277179718018
        },
        "rotation_quaternion": {
          "w": 0.12045542895793915,
          "x": -0.6732408404350281,
          "y": 0.3461253046989441,
          "z": -0.6422107219696045
        },
        "matrix": [
          [
            -0.06447459757328033,
            -0.3113391101360321,
            0.9481091499328613,
            0.6116645932197571
          ],
          [
            -0.6207671165466309,
            -0.7313745617866516,
            -0.28238236904144287,
            -0.14411494135856628
          ],
          [
            0.7813442945480347,
            -0.6067663431167603,
            -0.14611530303955078,
            1.5612812042236328
          ],
          [
            0.0,
            0.0,
            0.0,
            1.0
          ]
        ]
      },
      "bone_length_armature_space": 0.03403869482663303,
      "parent": "metacarpal_thumb_l",
      "has_children": true,
      "is_end_bone": false
    },
    "thumb_02_l": {
      "name": "thumb_02_l",
      "local": {
        "location": {
          "x": 0.0,
          "y": 0.0,
          "z": 0.0
        },
        "rotation_quaternion": {
          "w": 0.9923434853553772,
          "x": 0.12323258817195892,
          "y": -0.007038061507046223,
          "z": 0.00431475043296814
        },
        "scale": {
          "x": 1.0,
          "y": 1.0,
          "z": 1.0
        },
        "matrix_basis": [
          [
            0.9998636841773987,
            -0.010298065841197968,
            -0.012904913164675236,
            0.0
          ],
          [
            0.006828791927546263,
            0.9695902466773987,
            -0.2446388453245163,
            0.0
          ],
          [
            0.015031784772872925,
            0.24451737105846405,
            0.9695283770561218,
            0.0
          ],
          [
            0.0,
            0.0,
            0.0,
            1.0
          ]
        ],
        "rotation_mode": "QUATERNION"
      },
      "armature_space": {
        "head": {
          "x": 0.6010670065879822,
          "y": -0.23225384950637817,
          "z": 0.5907737612724304
        },
        "tail": {
          "x": 0.6224340200424194,
          "y": -0.2645854651927948,
          "z": 0.6013234853744507
        }
      },
      "world_space": {
        "head": {
          "x": 0.6010670065879822,
          "y": -0.16900984942913055,
          "z": 1.5406277179718018
        },
        "tail": {
          "x": 0.6224340200424194,
          "y": -0.20134146511554718,
          "z": 1.5511775016784668
        },
        "rotation_quaternion": {
          "w": 0.20503683388233185,
          "x": -0.366312712430954,
          "y": -0.23551800847053528,
          "z": -0.8765307664871216
        },
        "matrix": [
          [
            -0.6475498080253601,
            0.5319891571998596,
            0.5455884337425232,
            0.6010670065879822
          ],
          [
            -0.18689608573913574,
            -0.80498206615448,
            0.5630932450294495,
            -0.16900984942913055
          ],
          [
            0.7387533187866211,
            0.2626636028289795,
            0.6206973791122437,
            1.5406277179718018
          ],
          [
            0.0,
            0.0,
            0.0,
            1.0
          ]
        ]
      },
      "bone_length_armature_space": 0.04016440305396072,
      "parent": "thumb_01_l",
      "has_children": true,
      "is_end_bone": false
    },
    "thumb_03_l": {
      "name": "thumb_03_l",
      "local": {
        "location": {
          "x": 0.0,
          "y": 0.0,
          "z": 0.0
        },
        "rotation_quaternion": {
          "w": 0.9985146522521973,
          "x": 0.05440126359462738,
          "y": 0.0019231492187827826,
          "z": -0.002301032654941082
        },
        "scale": {
          "x": 1.0,
          "y": 1.0,
          "z": 1.0
        },
        "matrix_basis": [
          [
            0.9999819993972778,
            0.004804473370313644,
            0.0035902271047234535,
            0.0
          ],
          [
            -0.004385986365377903,
            0.9940704107284546,
            -0.10864976793527603,
            0.0
          ],
          [
            -0.004090943373739719,
            0.10863206535577774,
            0.9940736293792725,
            0.0
          ],
          [
            0.0,
            0.0,
            0.0,
            1.0
          ]
        ],
        "rotation_mode": "QUATERNION"
      },
      "armature_space": {
        "head": {
          "x": 0.6224339008331299,
          "y": -0.2645854949951172,
          "z": 0.6013234853744507
        },
        "tail": {
          "x": 0.6457114219665527,
          "y": -0.2803134024143219,
          "z": 0.6130573153495789
        }
      },
      "world_space": {
        "head": {
          "x": 0.6224339008331299,
          "y": -0.20134149491786957,
          "z": 1.5511775016784668
        },
        "tail": {
          "x": 0.6457114219665527,
          "y": -0.21706940233707428,
          "z": 1.5629112720489502
        },
        "rotation_quaternion": {
          "w": 0.3875323235988617,
          "x": -0.1695086807012558,
          "y": -0.302517831325531,
          "z": -0.8541478514671326
        },
        "matrix": [
          [
            -0.6421706676483154,
            0.7645789384841919,
            0.0550985261797905,
            0.6224339008331299
          ],
          [
            -0.5594618916511536,
            -0.5166023373603821,
            0.6481703519821167,
            -0.20134149491786957
          ],
          [
            0.524044394493103,
            0.38541263341903687,
            0.7595055103302002,
            1.5511775016784668
          ],
          [
            0.0,
            0.0,
            0.0,
            1.0
          ]
        ]
      },
      "bone_length_armature_space": 0.030444915096032733,
      "parent": "thumb_02_l",
      "has_children": false,
      "is_end_bone": true
    },
    "metacarpal_index_l": {
      "name": "metacarpal_index_l",
      "local": {
        "location": {
          "x": 0.0,
          "y": 0.0,
          "z": 0.0
        },
        "rotation_quaternion": {
          "w": 0.9987791776657104,
          "x": -0.0435846745967865,
          "y": -0.013221440836787224,
          "z": 0.01912882924079895
        },
        "scale": {
          "x": 1.0,
          "y": 1.0,
          "z": 1.0
        },
        "matrix_basis": [
          [
            0.9989185333251953,
            -0.03705844655632973,
            -0.028078047558665276,
            0.0
          ],
          [
            0.03936345875263214,
            0.9954689145088196,
            0.08655711263418198,
            0.0
          ],
          [
            0.024743152782320976,
            -0.0875687524676323,
            0.9958511590957642,
            0.0
          ],
          [
            0.0,
            0.0,
            0.0,
            1.0
          ]
        ],
        "rotation_mode": "QUATERNION"
      },
      "armature_space": {
        "head": {
          "x": 0.6146296262741089,
          "y": -0.15874436497688293,
          "z": 0.6024041175842285
        },
        "tail": {
          "x": 0.6486520767211914,
          "y": -0.258327454328537,
          "z": 0.653930127620697
        }
      },
      "world_space": {
        "head": {
          "x": 0.6146296262741089,
          "y": -0.09550036489963531,
          "z": 1.5522581338882446
        },
        "tail": {
          "x": 0.6486520767211914,
          "y": -0.19508345425128937,
          "z": 1.6037840843200684
        },
        "rotation_quaternion": {
          "w": 0.26513195037841797,
          "x": 0.9101566076278687,
          "y": 0.06899333000183105,
          "z": -0.31074076890945435
        },
        "matrix": [
          [
            0.7973604202270508,
            0.29036420583724976,
            -0.5290604829788208,
            0.6146296262741089
          ],
          [
            -0.03918495029211044,
            -0.8498900532722473,
            -0.5255014896392822,
            -0.09550036489963531
          ],
          [
            -0.6022343635559082,
            0.43974754214286804,
            -0.6662958264350891,
            1.5522581338882446
          ],
          [
            0.0,
            0.0,
            0.0,
            1.0
          ]
        ]
      },
      "bone_length_armature_space": 0.1171718755876053,
      "parent": "lowerarm_l",
      "has_children": true,
      "is_end_bone": false
    },
    "index_01_l": {
      "name": "index_01_l",
      "local": {
        "location": {
          "x": 0.0,
          "y": 0.0,
          "z": 0.0
        },
        "rotation_quaternion": {
          "w": 0.9904944896697998,
          "x": -0.13643740117549896,
          "y": -0.012037593871355057,
          "z": -0.012672921642661095
        },
        "scale": {
          "x": 1.0,
          "y": 1.0,
          "z": 1.0
        },
        "matrix_basis": [
          [
            0.9993889927864075,
            0.028389673680067062,
            -0.020388219505548477,
            0.0
          ],
          [
            -0.02182016149163246,
            0.9624484777450562,
            0.2705861032009125,
            0.0
          ],
          [
            0.02730446122586727,
            -0.269975870847702,
            0.9624798893928528,
            0.0
          ],
          [
            0.0,
            0.0,
            0.0,
            1.0
          ]
        ],
        "rotation_mode": "QUATERNION"
      },
      "armature_space": {
        "head": {
          "x": 0.6486520767211914,
          "y": -0.258327454328537,
          "z": 0.653930127620697
        },
        "tail": {
          "x": 0.669467568397522,
          "y": -0.27342358231544495,
          "z": 0.6662546396255493
        }
      },
      "world_space": {
        "head": {
          "x": 0.6486520767211914,
          "y": -0.19508345425128937,
          "z": 1.6037840843200684
        },
        "tail": {
          "x": 0.669467568397522,
          "y": -0.21017958223819733,
          "z": 1.6161086559295654
        },
        "rotation_quaternion": {
          "w": 0.3783431351184845,
          "x": 0.8184013366699219,
          "y": 0.3035540282726288,
          "z": -0.3081083595752716
        },
        "matrix": [
          [
            0.6258482933044434,
            0.7299999594688416,
            -0.27461618185043335,
            0.6486520767211914
          ],
          [
            0.2637179493904114,
            -0.5294222831726074,
            -0.806328296661377,
            -0.19508345425128937
          ],
          [
            -0.7340124249458313,
            0.43222033977508545,
            -0.523856520652771,
            1.6037840843200684
          ],
          [
            0.0,
            0.0,
            0.0,
            1.0
          ]
        ]
      },
      "bone_length_armature_space": 0.028514406334542854,
      "parent": "metacarpal_index_l",
      "has_children": true,
      "is_end_bone": false
    },
    "index_02_l": {
      "name": "index_02_l",
      "local": {
        "location": {
          "x": 0.0,
          "y": 0.0,
          "z": 0.0
        },
        "rotation_quaternion": {
          "w": 0.9983209371566772,
          "x": 0.05745970830321312,
          "y": -0.007245024666190147,
          "z": 0.001160241779871285
        },
        "scale": {
          "x": 1.0,
          "y": 1.0,
          "z": 1.0
        },
        "matrix_basis": [
          [
            0.9998923540115356,
            -0.0031491813715547323,
            -0.01433238573372364,
            0.0
          ],
          [
            0.0014839933719485998,
            0.9933940768241882,
            -0.11474326997995377,
            0.0
          ],
          [
            0.014599054120481014,
            0.11470964550971985,
            0.9932917952537537,
            0.0
          ],
          [
            0.0,
            0.0,
            0.0,
            1.0
          ]
        ],
        "rotation_mode": "QUATERNION"
      },
      "armature_space": {
        "head": {
          "x": 0.6694676280021667,
          "y": -0.2734241187572479,
          "z": 0.6662547588348389
        },
        "tail": {
          "x": 0.6878944039344788,
          "y": -0.2884736657142639,
          "z": 0.6758493781089783
        }
      },
      "world_space": {
        "head": {
          "x": 0.6694676280021667,
          "y": -0.2101801186800003,
          "z": 1.616108775138855
        },
        "tail": {
          "x": 0.6878944039344788,
          "y": -0.2252296656370163,
          "z": 1.6257033348083496
        },
        "rotation_quaternion": {
          "w": 0.3541090786457062,
          "x": 0.8158411383628845,
          "y": 0.2850976288318634,
          "z": -0.3573925197124481
        },
        "matrix": [
          [
            0.5819798707962036,
            0.7183010578155518,
            -0.38123881816864014,
            0.6694676280021667
          ],
          [
            0.21207794547080994,
            -0.5866519212722778,
            -0.7815772294998169,
            -0.2101801186800003
          ],
          [
            -0.7850674986839294,
            0.374011754989624,
            -0.4937596619129181,
            1.616108775138855
          ],
          [
            0.0,
            0.0,
            0.0,
            1.0
          ]
        ]
      },
      "bone_length_armature_space": 0.025653296964794788,
      "parent": "index_01_l",
      "has_children": true,
      "is_end_bone": false
    },
    "index_03_l": {
      "name": "index_03_l",
      "local": {
        "location": {
          "x": 0.0,
          "y": 0.0,
          "z": 0.0
        },
        "rotation_quaternion": {
          "w": 0.9996190667152405,
          "x": 0.027152089402079582,
          "y": 0.0038896563928574324,
          "z": 0.003092479193583131
        },
        "scale": {
          "x": 1.0,
          "y": 1.0,
          "z": 1.0
        },
        "matrix_basis": [
          [
            0.9999505877494812,
            -0.005971377715468407,
            0.00794428400695324,
            0.0
          ],
          [
            0.00639382703229785,
            0.9985064268112183,
            -0.05425943434238434,
            0.0
          ],
          [
            -0.007608414627611637,
            0.05430755019187927,
            0.9984952807426453,
            0.0
          ],
          [
            0.0,
            0.0,
            0.0,
            1.0
          ]
        ],
        "rotation_mode": "QUATERNION"
      },
      "armature_space": {
        "head": {
          "x": 0.6878944635391235,
          "y": -0.28847354650497437,
          "z": 0.675849437713623
        },
        "tail": {
          "x": 0.7085022330284119,
          "y": -0.3080753684043884,
          "z": 0.6825442910194397
        }
      },
      "world_space": {
        "head": {
          "x": 0.6878944635391235,
          "y": -0.22522954642772675,
          "z": 1.6257034540176392
        },
        "tail": {
          "x": 0.7085022330284119,
          "y": -0.2448313683271408,
          "z": 1.6323983669281006
        },
        "rotation_quaternion": {
          "w": 0.26726463437080383,
          "x": 0.8400272130966187,
          "y": 0.3051820993423462,
          "z": -0.36026081442832947
        },
        "matrix": [
          [
            0.5541518926620483,
            0.7052932977676392,
            -0.44212806224823,
            0.6878944635391235
          ],
          [
            0.3201531171798706,
            -0.6708662509918213,
            -0.6689102649688721,
            -0.22522954642772675
          ],
          [
            -0.7683916687965393,
            0.22912994027137756,
            -0.5975684523582458,
            1.6257034540176392
          ],
          [
            0.0,
            0.0,
            0.0,
            1.0
          ]
        ]
      },
      "bone_length_armature_space": 0.029218703463616612,
      "parent": "index_02_l",
      "has_children": false,
      "is_end_bone": true
    },
    "metacarpal_pinky_l": {
      "name": "metacarpal_pinky_l",
      "local": {
        "location": {
          "x": 0.0,
          "y": 0.0,
          "z": 0.0
        },
        "rotation_quaternion": {
          "w": 0.9997211694717407,
          "x": -0.021479761227965355,
          "y": -0.005537136923521757,
          "z": 0.008104425854980946
        },
        "scale": {
          "x": 1.0,
          "y": 1.0,
          "z": 1.0
        },
        "matrix_basis": [
          [
            0.9998072981834412,
            -0.01596646010875702,
            -0.011419348418712616,
            0.0
          ],
          [
            0.016442205756902695,
            0.9989458918571472,
            0.04285779222846031,
            0.0
          ],
          [
            0.010723023675382137,
            -0.0430372953414917,
            0.9990159273147583,
            0.0
          ],
          [
            0.0,
            0.0,
            0.0,
            1.0
          ]
        ],
        "rotation_mode": "QUATERNION"
      },
      "armature_space": {
        "head": {
          "x": 0.6146296262741089,
          "y": -0.15874436497688293,
          "z": 0.6024041175842285
        },
        "tail": {
          "x": 0.6976658701896667,
          "y": -0.2162834256887436,
          "z": 0.6276522278785706
        }
      },
      "world_space": {
        "head": {
          "x": 0.6146296262741089,
          "y": -0.09550036489963531,
          "z": 1.5522581338882446
        },
        "tail": {
          "x": 0.6976658701896667,
          "y": -0.15303942561149597,
          "z": 1.5775063037872314
        },
        "rotation_quaternion": {
          "w": 0.4576699733734131,
          "x": 0.03522123396396637,
          "y": -0.11939626187086105,
          "z": -0.8803648352622986
        },
        "matrix": [
          [
            -0.5785951614379883,
            0.7974225878715515,
            -0.17130371928215027,
            0.6146296262741089
          ],
          [
            -0.8142439126968384,
            -0.5525654554367065,
            0.17798496782779694,
            -0.09550036489963531
          ],
          [
            0.047272417694330215,
            0.24246542155742645,
            0.9690149426460266,
            1.5522581338882446
          ],
          [
            0.0,
            0.0,
            0.0,
            1.0
          ]
        ]
      },
      "bone_length_armature_space": 0.1041308233624521,
      "parent": "lowerarm_l",
      "has_children": true,
      "is_end_bone": false
    },
    "pinky_01_l": {
      "name": "pinky_01_l",
      "local": {
        "location": {
          "x": 0.0,
          "y": 0.0,
          "z": 0.0
        },
        "rotation_quaternion": {
          "w": 0.9913974404335022,
          "x": -0.1292629987001419,
          "y": 0.018319720402359962,
          "z": 0.009306075982749462
        },
        "scale": {
          "x": 1.0,
          "y": 1.0,
          "z": 1.0
        },
        "matrix_basis": [
          [
            0.999155580997467,
            -0.023188164457678795,
            0.033918384462594986,
            0.0
          ],
          [
            0.013715915381908417,
            0.9664089679718018,
            0.2566429674625397,
            0.0
          ],
          [
            -0.038730110973119736,
            -0.25596103072166443,
            0.9659109115600586,
            0.0
          ],
          [
            0.0,
            0.0,
            0.0,
            1.0
          ]
        ],
        "rotation_mode": "QUATERNION"
      },
      "armature_space": {
        "head": {
          "x": 0.6976658701896667,
          "y": -0.2162834256887436,
          "z": 0.6276522278785706
        },
        "tail": {
          "x": 0.7126880288124084,
