{
  "metadata": {
    "armature_name": "KIM_caucasian_male",
    "export_time": "2026-01-13T21:12:53.302050",
    "blender_version": "4.4.1",
    "bone_count": 56,
    "end_bone_count": 13,
    "spaces_included": [
      "LOCAL_CHANNELS",
      "ARMATURE_SPACE",
      "WORLD_SPACE"
    ],
    "note": "LOCAL matches Transform panel; replay pose via local.matrix_basis for best fidelity."
  },
  "bones": {
    "Root": {
      "name": "Root",
      "local": {
        "location": {
          "x": 0.0,
          "y": 0.0,
          "z": 0.0
        },
        "rotation_quaternion": {
          "w": 0.9999077320098877,
          "x": -0.005841019097715616,
          "y": 0.011810394003987312,
          "z": 0.0033364512491971254
        },
        "scale": {
          "x": 1.0,
          "y": 1.0,
          "z": 1.0
        },
        "matrix_basis": [
          [
            0.9996987581253052,
            -0.006810256280004978,
            0.023579632863402367,
            0.0
          ],
          [
            0.006534317508339882,
            0.999909520149231,
            0.011759770102798939,
            0.0
          ],
          [
            -0.023657584562897682,
            -0.011602150276303291,
            0.9996528029441833,
            0.0
          ],
          [
            0.0,
            0.0,
            0.0,
            1.0
          ]
        ],
        "rotation_mode": "QUATERNION"
      },
      "armature_space": {
        "head": {
          "x": 0.0,
          "y": 0.07072800397872925,
          "z": -0.009595036506652832
        },
        "tail": {
          "x": -0.0004860879562329501,
          "y": 0.00011772662401199341,
          "z": 0.0008197342976927757
        }
      },
      "world_space": {
        "head": {
          "x": 0.0,
          "y": 0.13397200405597687,
          "z": 0.9402589797973633
        },
        "tail": {
          "x": -0.0004860879562329501,
          "y": 0.06336172670125961,
          "z": 0.9506737589836121
        },
        "rotation_quaternion": {
          "w": 0.07318918406963348,
          "x": 0.9972425699234009,
          "y": -0.0025332304649055004,
          "z": 0.012008334510028362
        },
        "matrix": [
          [
            0.9996987581253052,
            -0.006810256280004978,
            0.023579632863402367,
            0.0
          ],
          [
            -0.0032947249710559845,
            -0.9892738461494446,
            -0.1460360586643219,
            0.13397200405597687
          ],
          [
            0.02432142198085785,
            0.1459144502878189,
            -0.9890053272247314,
            0.9402589797973633
          ],
          [
            0.0,
            0.0,
            0.0,
            1.0
          ]
        ]
      },
      "bone_length_armature_space": 0.07137587072449705,
      "parent": null,
      "has_children": true,
      "is_end_bone": false
    },
    "spine_01": {
      "name": "spine_01",
      "local": {
        "location": {
          "x": 0.0,
          "y": 0.0,
          "z": 0.0
        },
        "rotation_quaternion": {
          "w": 0.9967717528343201,
          "x": 0.05775311961770058,
          "y": 0.0007105109980329871,
          "z": -0.05576973035931587
        },
        "scale": {
          "x": 1.0,
          "y": 1.0,
          "z": 1.0
        },
        "matrix_basis": [
          [
            0.9937784671783447,
            0.11126144975423813,
            -0.0050253174267709255,
            0.0
          ],
          [
            -0.1110973134636879,
            0.9871086478233337,
            -0.11521260440349579,
            0.0
          ],
          [
            -0.007858186028897762,
            0.11505410820245743,
            0.9933281540870667,
            0.0
          ],
          [
            0.0,
            0.0,
            0.0,
            1.0
          ]
        ],
        "rotation_mode": "QUATERNION"
      },
      "armature_space": {
        "head": {
          "x": -0.0004860879562329501,
          "y": 0.00011772662401199341,
          "z": 0.0008197342976927757
        },
        "tail": {
          "x": 0.04192574694752693,
          "y": -0.027958087623119354,
          "z": 0.4861665368080139
        }
      },
      "world_space": {
        "head": {
          "x": -0.0004860879562329501,
          "y": 0.06336172670125961,
          "z": 0.9506737589836121
        },
        "tail": {
          "x": 0.04192574694752693,
          "y": 0.035285912454128265,
          "z": 1.4360206127166748
        },
        "rotation_quaternion": {
          "w": 0.6858413219451904,
          "x": 0.7264419198036194,
          "y": 0.02924739196896553,
          "z": -0.03238080441951752
        },
        "matrix": [
          [
            0.9961920976638794,
            0.08690927922725677,
            -0.0069268010556697845,
            -0.0004860879562329501
          ],
          [
            -0.0019225506111979485,
            -0.057532262057065964,
            -0.9983419179916382,
            0.06336172670125961
          ],
          [
            -0.08716430515050888,
            0.9945605993270874,
            -0.057147424668073654,
            0.9506737589836121
          ],
          [
            0.0,
            0.0,
            0.0,
            1.0
          ]
        ]
      },
      "bone_length_armature_space": 0.4880046310681221,
      "parent": "Root",
      "has_children": true,
      "is_end_bone": false
    },
    "neck_01": {
      "name": "neck_01",
      "local": {
        "location": {
          "x": 0.0,
          "y": 0.0,
          "z": 0.0
        },
        "rotation_quaternion": {
          "w": 0.98872971534729,
          "x": 0.011171049438416958,
          "y": 0.11689025163650513,
          "z": -0.09287386387586594
        },
        "scale": {
          "x": 1.0,
          "y": 1.0,
          "z": 1.0
        },
        "matrix_basis": [
          [
            0.9554222226142883,
            0.18626587092876434,
            0.2290707379579544,
            0.0
          ],
          [
            -0.18104273080825806,
            0.9824993014335632,
            -0.04380239546298981,
            0.0
          ],
          [
            -0.23322072625160217,
            0.0003781984269153327,
            0.9724237322807312,
            0.0
          ],
          [
            0.0,
            0.0,
            0.0,
            1.0
          ]
        ],
        "rotation_mode": "QUATERNION"
      },
      "armature_space": {
        "head": {
          "x": 0.04804888740181923,
          "y": -0.06679344922304153,
          "z": 0.5570048093795776
        },
        "tail": {
          "x": 0.07490219920873642,
          "y": -0.1104586124420166,
          "z": 0.6457909941673279
        }
      },
      "world_space": {
        "head": {
          "x": 0.04804888740181923,
          "y": -0.003549449145793915,
          "z": 1.5068588256835938
        },
        "tail": {
          "x": 0.07490219920873642,
          "y": -0.04721461236476898,
          "z": 1.5956449508666992
        },
        "rotation_quaternion": {
          "w": 0.510678768157959,
          "x": 0.844290554523468,
          "y": 0.16201992332935333,
          "z": 0.011411297135055065
        },
        "matrix": [
          [
            0.9472383260726929,
            0.2619290053844452,
            0.18475021421909332,
            0.04804888740181923
          ],
          [
            0.2852398157119751,
            -0.4259129762649536,
            -0.8586249947547913,
            -0.003549449145793915
          ],
          [
            -0.14621201157569885,
            0.8660261631011963,
            -0.47815781831741333,
            1.5068588256835938
          ],
          [
            0.0,
            0.0,
            0.0,
            1.0
          ]
        ]
      },
      "bone_length_armature_space": 0.10252186653724545,
      "parent": "spine_01",
      "has_children": true,
      "is_end_bone": false
    },
    "head": {
      "name": "head",
      "local": {
        "location": {
          "x": 0.0,
          "y": 0.0,
          "z": 0.0
        },
        "rotation_quaternion": {
          "w": 0.977838397026062,
          "x": -0.08184100687503815,
          "y": -0.019338032230734825,
          "z": 0.19172944128513336
        },
        "scale": {
          "x": 1.0,
          "y": 1.0,
          "z": 1.0
        },
        "matrix_basis": [
          [
            0.9257317185401917,
            -0.37179553508758545,
            -0.06920160353183746,
            0.0
          ],
          [
            0.3781261146068573,
            0.9130837321281433,
            0.1526392251253128,
            0.0
          ],
          [
            0.006436279974877834,
            -0.16746990382671356,
            0.9858561754226685,
            0.0
          ],
          [
            0.0,
            0.0,
            0.0,
            1.0
          ]
        ],
        "rotation_mode": "QUATERNION"
      },
      "armature_space": {
        "head": {
          "x": 0.07490220665931702,
          "y": -0.11045871675014496,
          "z": 0.6457908153533936
        },
        "tail": {
          "x": 0.038412079215049744,
          "y": -0.11422833055257797,
          "z": 0.7964810729026794
        }
      },
      "world_space": {
        "head": {
          "x": 0.07490220665931702,
          "y": -0.04721471667289734,
          "z": 1.5956448316574097
        },
        "tail": {
          "x": 0.038412079215049744,
          "y": -0.05098433047533035,
          "z": 1.7463350296020508
        },
        "rotation_quaternion": {
          "w": 0.6984448432922363,
          "x": 0.6966515779495239,
          "y": -0.004647534806281328,
          "z": 0.16379818320274353
        },
        "matrix": [
          [
            0.946296751499176,
            -0.2352832406759262,
            0.22173002362251282,
            0.07490220665931702
          ],
          [
            0.2223343700170517,
            -0.024305954575538635,
            -0.9746677279472351,
            -0.04721471667289734
          ],
          [
            0.23471423983573914,
            0.971629798412323,
            0.029310211539268494,
            1.5956448316574097
          ],
          [
            0.0,
            0.0,
            0.0,
            1.0
          ]
        ]
      },
      "bone_length_armature_space": 0.15509124061531038,
      "parent": "neck_01",
      "has_children": false,
      "is_end_bone": true
    },
    "upperarm_l": {
      "name": "upperarm_l",
      "local": {
        "location": {
          "x": 0.0,
          "y": 0.0,
          "z": 0.0
        },
        "rotation_quaternion": {
          "w": 0.9374643564224243,
          "x": -0.02466469816863537,
          "y": -0.15825852751731873,
          "z": 0.309041291475296
        },
        "scale": {
          "x": 1.0,
          "y": 1.0,
          "z": 1.0
        },
        "matrix_basis": [
          [
            0.7588954567909241,
            -0.5716235637664795,
            -0.31196826696395874,
            0.0
          ],
          [
            0.5872371792793274,
            0.8077702522277832,
            -0.0515722893178463,
            0.0
          ],
          [
            0.2814786434173584,
            -0.1440613865852356,
            0.9486917853355408,
            0.0
          ],
          [
            0.0,
            0.0,
            0.0,
            1.0
          ]
        ],
        "rotation_mode": "QUATERNION"
      },
      "armature_space": {
        "head": {
          "x": 0.19161464273929596,
          "y": -0.06639906018972397,
          "z": 0.4769057631492615
        },
        "tail": {
          "x": 0.4223133325576782,
          "y": -0.03210759907960892,
          "z": 0.6088529825210571
        }
      },
      "world_space": {
        "head": {
          "x": 0.19161464273929596,
          "y": -0.003155060112476349,
          "z": 1.4267597198486328
        },
        "tail": {
          "x": 0.4223133325576782,
          "y": 0.031136400997638702,
          "z": 1.5587069988250732
        },
        "rotation_quaternion": {
          "w": 0.6838140487670898,
          "x": 0.5354591012001038,
          "y": 0.31045424938201904,
          "z": -0.3863937258720398
        },
        "matrix": [
          [
            0.5086356401443481,
            0.8609141707420349,
            0.010789137333631516,
            0.19161464273929596
          ],
          [
            -0.1959749460220337,
            0.12796780467033386,
            -0.9722234010696411,
            -0.003155060112476349
          ],
          [
            -0.838387668132782,
            0.49239662289619446,
            0.23380732536315918,
            1.4267597198486328
          ],
          [
            0.0,
            0.0,
            0.0,
            1.0
          ]
        ]
      },
      "bone_length_armature_space": 0.26796988124337545,
      "parent": "spine_01",
      "has_children": true,
      "is_end_bone": false
    },
    "lowerarm_l": {
      "name": "lowerarm_l",
      "local": {
        "location": {
          "x": 0.0,
          "y": 0.0,
          "z": 0.0
        },
        "rotation_quaternion": {
          "w": 0.9903771877288818,
          "x": 0.11825887113809586,
          "y": -0.07042796909809113,
          "z": 0.014412482269108295
        },
        "scale": {
          "x": 1.0,
          "y": 1.0,
          "z": 1.0
        },
        "matrix_basis": [
          [
            0.9896643757820129,
            -0.04520505294203758,
            -0.1360916942358017,
            0.0
          ],
          [
            0.011890122666954994,
            0.9716142416000366,
            -0.23627185821533203,
            0.0
          ],
          [
            0.14290931820869446,
            0.23221169412136078,
            0.9621095061302185,
            0.0
          ],
          [
            0.0,
            0.0,
            0.0,
            1.0
          ]
        ],
        "rotation_mode": "QUATERNION"
      },
      "armature_space": {
        "head": {
          "x": 0.4223133325576782,
          "y": -0.03210761770606041,
          "z": 0.6088531613349915
        },
        "tail": {
          "x": 0.617996335029602,
          "y": -0.07946348190307617,
          "z": 0.7850216031074524
        }
      },
      "world_space": {
        "head": {
          "x": 0.4223133325576782,
          "y": 0.03113638237118721,
          "z": 1.5587072372436523
        },
        "tail": {
          "x": 0.617996335029602,
          "y": -0.016219481825828552,
          "z": 1.7348756790161133
        },
        "rotation_quaternion": {
          "w": 0.6314621567726135,
          "x": 0.6056135296821594,
          "y": 0.11290746182203293,
          "z": -0.4708925485610962
        },
        "matrix": [
          [
            0.5310220122337341,
            0.731458306312561,
            -0.42776626348495483,
            0.4223133325576782
          ],
          [
            -0.45794880390167236,
            -0.17701506614685059,
            -0.8711767792701721,
            0.03113638237118721
          ],
          [
            -0.7129560708999634,
            0.6585134267807007,
            0.24097251892089844,
            1.5587072372436523
          ],
          [
            0.0,
            0.0,
            0.0,
            1.0
          ]
        ]
      },
      "bone_length_armature_space": 0.2675252043293888,
      "parent": "upperarm_l",
      "has_children": true,
      "is_end_bone": false
    },
    "metacarpal_thumb_l": {
      "name": "metacarpal_thumb_l",
      "local": {
        "location": {
          "x": 0.0,
          "y": 0.0,
          "z": 0.0
        },
        "rotation_quaternion": {
          "w": 0.9988796710968018,
          "x": -0.04680710658431053,
          "y": -0.006857334170490503,
          "z": -0.0012853260850533843
        },
        "scale": {
          "x": 1.0,
          "y": 1.0,
          "z": 1.0
        },
        "matrix_basis": [
          [
            0.9999026656150818,
            0.00320971617475152,
            -0.01357897836714983,
            0.0
          ],
          [
            -0.0019258282845839858,
            0.9956148862838745,
            0.09352695941925049,
            0.0
          ],
          [
            0.013819628395140171,
            -0.09349170327186584,
            0.9955241680145264,
            0.0
          ],
          [
            0.0,
            0.0,
            0.0,
            1.0
          ]
        ],
        "rotation_mode": "QUATERNION"
      },
      "armature_space": {
        "head": {
          "x": 0.617996335029602,
          "y": -0.07946348190307617,
          "z": 0.7850216031074524
        },
        "tail": {
          "x": 0.6370477080345154,
          "y": -0.1139194518327713,
          "z": 0.8150786757469177
        }
      },
      "world_space": {
        "head": {
          "x": 0.617996335029602,
          "y": -0.016219481825828552,
          "z": 1.7348756790161133
        },
        "tail": {
          "x": 0.6370477080345154,
          "y": -0.05067545175552368,
          "z": 1.764932632446289
        },
        "rotation_quaternion": {
          "w": 0.28973931074142456,
          "x": 0.9076773524284363,
          "y": 0.2612423300743103,
          "z": 0.1546790450811386
        },
        "matrix": [
          [
            0.8156531453132629,
            0.38461434841156006,
            0.4321820139884949,
            0.617996335029602
          ],
          [
            0.5638812184333801,
            -0.69560706615448,
            -0.4451618790626526,
            -0.016219481825828552
          ],
          [
            0.12941451370716095,
            0.6068004965782166,
            -0.7842569947242737,
            1.7348756790161133
          ],
          [
            0.0,
            0.0,
            0.0,
            1.0
          ]
        ]
      },
      "bone_length_armature_space": 0.049533788617102774,
      "parent": "lowerarm_l",
      "has_children": true,
      "is_end_bone": false
    },
    "thumb_01_l": {
      "name": "thumb_01_l",
      "local": {
        "location": {
          "x": 0.0,
          "y": 0.0,
          "z": 0.0
        },
        "rotation_quaternion": {
          "w": 0.9987531900405884,
          "x": 0.04785146564245224,
          "y": -0.012571712955832481,
          "z": 0.006650005467236042
        },
        "scale": {
          "x": 1.0,
          "y": 1.0,
          "z": 1.0
        },
        "matrix_basis": [
          [
            0.9995954632759094,
            -0.014486578293144703,
            -0.02447565272450447,
            0.0
          ],
          [
            0.012080278247594833,
            0.9953320026397705,
            -0.09575080871582031,
            0.0
          ],
          [
            0.02574850246310234,
            0.09541640430688858,
            0.9951043725013733,
            0.0
          ],
          [
            0.0,
            0.0,
            0.0,
            1.0
          ]
        ],
        "rotation_mode": "QUATERNION"
      },
      "armature_space": {
        "head": {
          "x": 0.6370477080345154,
          "y": -0.1139194518327713,
          "z": 0.8150786757469177
        },
        "tail": {
          "x": 0.6560180187225342,
          "y": -0.1413566917181015,
          "z": 0.8082998991012573
        }
      },
      "world_space": {
        "head": {
          "x": 0.6370477080345154,
          "y": -0.05067545175552368,
          "z": 1.764932632446289
        },
        "tail": {
          "x": 0.6560180187225342,
          "y": -0.07811269164085388,
          "z": 1.7581539154052734
        },
        "rotation_quaternion": {
          "w": 0.28433600068092346,
          "x": -0.6568470001220703,
          "y": -0.12696820497512817,
          "z": -0.6867198944091797
        },
        "matrix": [
          [
            0.02459033392369747,
            0.5573173761367798,
            0.8299351930618286,
            0.6370477080345154
          ],
          [
            -0.22372068464756012,
            -0.8060632348060608,
            0.5479155778884888,
            -0.05067545175552368
          ],
          [
            0.9743496179580688,
            -0.19914939999580383,
            0.10486321151256561,
            1.764932632446289
          ],
          [
            0.0,
            0.0,
            0.0,
            1.0
          ]
        ]
      },
      "bone_length_armature_space": 0.034038604728578184,
      "parent": "metacarpal_thumb_l",
      "has_children": true,
      "is_end_bone": false
    },
    "thumb_02_l": {
      "name": "thumb_02_l",
      "local": {
        "location": {
          "x": 0.0,
          "y": 0.0,
          "z": 0.0
        },
        "rotation_quaternion": {
          "w": 0.9926395416259766,
          "x": 0.1207689493894577,
          "y": -0.0051794094033539295,
          "z": -0.007403187453746796
        },
        "scale": {
          "x": 1.0,
          "y": 1.0,
          "z": 1.0
        },
        "matrix_basis": [
          [
            0.9998367428779602,
            0.013446369208395481,
            -0.012070723809301853,
            0.0
          ],
          [
            -0.01594841666519642,
            0.970720112323761,
            -0.2396833747625351,
            0.0
          ],
          [
            0.008494422771036625,
            0.23983675241470337,
            0.9707760810852051,
            0.0
          ],
          [
            0.0,
            0.0,
            0.0,
            1.0
          ]
        ],
        "rotation_mode": "QUATERNION"
      },
      "armature_space": {
        "head": {
          "x": 0.6560179591178894,
          "y": -0.1413567066192627,
          "z": 0.8082998991012573
        },
        "tail": {
          "x": 0.6851806640625,
          "y": -0.14126913249492645,
          "z": 0.8359172344207764
        }
      },
      "world_space": {
        "head": {
          "x": 0.6560179591178894,
          "y": -0.07811270654201508,
          "z": 1.7581539154052734
        },
        "tail": {
          "x": 0.6851806640625,
          "y": -0.07802513241767883,
          "z": 1.7857712507247925
        },
        "rotation_quaternion": {
          "w": 0.4204642176628113,
          "x": -0.12410145252943039,
          "y": -0.5694729089736938,
          "z": -0.69534832239151
        },
        "matrix": [
          [
            -0.6156154870986938,
            0.7260832786560059,
            -0.3063010573387146,
            0.6560179591178894
          ],
          [
            -0.44339635968208313,
            0.0021803975105285645,
            0.8963231444358826,
            -0.07811270654201508
          ],
          [
            0.6514773964881897,
            0.6876078844070435,
            0.3206035792827606,
            1.7581539154052734
          ],
          [
            0.0,
            0.0,
            0.0,
            1.0
          ]
        ]
      },
      "bone_length_armature_space": 0.04016451455890557,
      "parent": "thumb_01_l",
      "has_children": true,
      "is_end_bone": false
    },
    "thumb_03_l": {
      "name": "thumb_03_l",
      "local": {
        "location": {
          "x": 0.0,
          "y": 0.0,
          "z": 0.0
        },
        "rotation_quaternion": {
          "w": 0.9979716539382935,
          "x": 0.06334630399942398,
          "y": 0.006039400584995747,
          "z": 0.0018238406628370285
        },
        "scale": {
          "x": 1.0,
          "y": 1.0,
          "z": 1.0
        },
        "matrix_basis": [
          [
            0.9999204277992249,
            -0.0028751350473612547,
            0.012285368517041206,
            0.0
          ],
          [
            0.004405430052429438,
            0.9919678568840027,
            -0.12641359865665436,
            0.0
          ],
          [
            -0.011823234148323536,
            0.12645766139030457,
            0.9919015169143677,
            0.0
          ],
          [
            0.0,
            0.0,
            0.0,
            1.0
          ]
        ],
        "rotation_mode": "QUATERNION"
      },
      "armature_space": {
        "head": {
          "x": 0.6851806044578552,
          "y": -0.14126922190189362,
          "z": 0.8359172344207764
        },
        "tail": {
          "x": 0.703992486000061,
          "y": -0.12920814752578735,
          "z": 0.8565942645072937
        }
      },
      "world_space": {
        "head": {
          "x": 0.6851806044578552,
          "y": -0.078025221824646,
          "z": 1.7857712507247925
        },
        "tail": {
          "x": 0.703992486000061,
          "y": -0.06596414744853973,
          "z": 1.806448221206665
        },
        "rotation_quaternion": {
          "w": 0.6051996946334839,
          "x": 0.03946301341056824,
          "y": -0.5760343074798584,
          "z": -0.5480515956878662
        },
        "matrix": [
          [
            -0.26435425877571106,
            0.6178997755050659,
            -0.7404839396476746,
            0.6851806044578552
          ],
          [
            -0.7088249921798706,
            0.39616096019744873,
            0.5836299657821655,
            -0.078025221824646
          ],
          [
            0.6539795994758606,
            0.6791636347770691,
            0.33325904607772827,
            1.7857712507247925
          ],
          [
            0.0,
            0.0,
            0.0,
            1.0
          ]
        ]
      },
      "bone_length_armature_space": 0.03044496647832636,
      "parent": "thumb_02_l",
      "has_children": false,
      "is_end_bone": true
    },
    "metacarpal_index_l": {
      "name": "metacarpal_index_l",
      "local": {
        "location": {
          "x": 0.0,
          "y": 0.0,
          "z": 0.0
        },
        "rotation_quaternion": {
          "w": 0.9994630813598633,
          "x": -0.032217562198638916,
          "y": 0.005855273455381393,
          "z": -0.0011442273389548063
        },
        "scale": {
          "x": 1.0,
          "y": 1.0,
          "z": 1.0
        },
        "matrix_basis": [
          [
            0.9999288320541382,
            0.0019099407363682985,
            0.011777987703680992,
            0.0
          ],
          [
            -0.002664511324837804,
            0.9979214668273926,
            0.06438712775707245,
            0.0
          ],
          [
            -0.011630530469119549,
            -0.06441392749547958,
            0.9978554844856262,
            0.0
          ],
          [
            0.0,
            0.0,
            0.0,
            1.0
          ]
        ],
        "rotation_mode": "QUATERNION"
      },
      "armature_space": {
        "head": {
          "x": 0.617996335029602,
          "y": -0.07946348190307617,
          "z": 0.7850216031074524
        },
        "tail": {
          "x": 0.6870951056480408,
          "y": -0.12676241993904114,
          "z": 0.8669817447662354
        }
      },
      "world_space": {
        "head": {
          "x": 0.617996335029602,
          "y": -0.016219481825828552,
          "z": 1.7348756790161133
        },
        "tail": {
          "x": 0.6870951056480408,
          "y": -0.06351841986179352,
          "z": 1.8168357610702515
        },
        "rotation_quaternion": {
          "w": 0.4604681730270386,
          "x": 0.8303552269935608,
          "y": 0.2934837341308594,
          "z": -0.11111588776111603
        },
        "matrix": [
          [
            0.8030405044555664,
            0.5897223949432373,
            0.08575057983398438,
            0.617996335029602
          ],
          [
            0.3850628137588501,
            -0.4036719799041748,
            -0.8299252986907959,
            -0.016219481825828552
          ],
          [
            -0.45481348037719727,
            0.6994873881340027,
            -0.5512496829032898,
            1.7348756790161133
          ],
          [
            0.0,
            0.0,
            0.0,
            1.0
          ]
        ]
      },
      "bone_length_armature_space": 0.11717207330253802,
      "parent": "lowerarm_l",
      "has_children": true,
      "is_end_bone": false
    },
    "index_01_l": {
      "name": "index_01_l",
      "local": {
        "location": {
          "x": 0.0,
          "y": 0.0,
          "z": 0.0
        },
        "rotation_quaternion": {
          "w": 0.9978172779083252,
          "x": -0.06516323983669281,
          "y": 0.0054022809490561485,
          "z": 0.009236758574843407
        },
        "scale": {
          "x": 1.0,
          "y": 1.0,
          "z": 1.0
        },
        "matrix_basis": [
          [
            0.999770998954773,
            -0.019137253984808922,
            0.009577183984220028,
            0.0
          ],
          [
            0.0177291352301836,
            0.9913368821144104,
            0.13014180958271027,
            0.0
          ],
          [
            -0.011984772980213165,
            -0.12994220852851868,
            0.9914491176605225,
            0.0
          ],
          [
            0.0,
            0.0,
            0.0,
            1.0
          ]
        ],
        "rotation_mode": "QUATERNION"
      },
      "armature_space": {
        "head": {
          "x": 0.6870951056480408,
          "y": -0.12676241993904114,
          "z": 0.8669817447662354
        },
        "tail": {
          "x": 0.7090308666229248,
          "y": -0.12763090431690216,
          "z": 0.8851790428161621
        }
      },
      "world_space": {
        "head": {
          "x": 0.6870951056480408,
          "y": -0.06351841986179352,
          "z": 1.8168357610702515
        },
        "tail": {
          "x": 0.7090308666229248,
          "y": -0.06438690423965454,
          "z": 1.8350330591201782
        },
        "rotation_quaternion": {
          "w": 0.5272931456565857,
          "x": 0.7078447937965393,
          "y": 0.45467838644981384,
          "z": -0.11910241097211838
        },
        "matrix": [
          [
            0.5581626296043396,
            0.7692873477935791,
            0.31088799238204956,
            0.6870951056480408
          ],
          [
            0.5180824398994446,
            -0.030457623302936554,
            -0.8547884821891785,
            -0.06351841986179352
          ],
          [
            -0.6481132507324219,
            0.6381807327270508,
            -0.41555824875831604,
            1.8168357610702515
          ],
          [
            0.0,
            0.0,
            0.0,
            1.0
          ]
        ]
      },
      "bone_length_armature_space": 0.028514444533930556,
      "parent": "metacarpal_index_l",
      "has_children": true,
      "is_end_bone": false
    },
    "index_02_l": {
      "name": "index_02_l",
      "local": {
        "location": {
          "x": 0.0,
          "y": 0.0,
          "z": 0.0
        },
        "rotation_quaternion": {
          "w": 0.9879999160766602,
          "x": 0.15429608523845673,
          "y": -0.006093956530094147,
          "z": 0.00344141386449337
        },
        "scale": {
          "x": 1.0,
          "y": 1.0,
          "z": 1.0
        },
        "matrix_basis": [
          [
            0.999902069568634,
            -0.008680780418217182,
            -0.010979663580656052,
            0.0
          ],
          [
            0.004919685889035463,
            0.9523617625236511,
            -0.30493098497390747,
            0.0
          ],
          [
            0.013103650882840157,
            0.3048470914363861,
            0.9523111581802368,
            0.0
          ],
          [
            0.0,
            0.0,
            0.0,
            1.0
          ]
        ],
        "rotation_mode": "QUATERNION"
      },
      "armature_space": {
        "head": {
          "x": 0.7090311050415039,
          "y": -0.1276313066482544,
          "z": 0.885179340839386
        },
        "tail": {
          "x": 0.7302044034004211,
          "y": -0.134299635887146,
          "z": 0.8980368375778198
        }
      },
      "world_space": {
        "head": {
          "x": 0.7090311050415039,
          "y": -0.06438730657100677,
          "z": 1.8350334167480469
        },
        "tail": {
          "x": 0.7302044034004211,
          "y": -0.07105563580989838,
          "z": 1.847890853881836
        },
        "rotation_quaternion": {
          "w": 0.4431208670139313,
          "x": 0.7648807168006897,
          "y": 0.416740745306015,
          "z": -0.21196380257606506
        },
        "matrix": [
          [
            0.5627962350845337,
            0.8253653645515442,
            0.04508095979690552,
            0.7090311050415039
          ],
          [
            0.44966480135917664,
            -0.2599409520626068,
            -0.8545365333557129,
            -0.06438730657100677
          ],
          [
            -0.6935911178588867,
            0.501204252243042,
            -0.5174358487129211,
            1.8350334167480469
          ],
          [
            0.0,
            0.0,
            0.0,
            1.0
          ]
        ]
      },
      "bone_length_armature_space": 0.02565327285652174,
      "parent": "index_01_l",
      "has_children": true,
      "is_end_bone": false
    },
    "index_03_l": {
      "name": "index_03_l",
      "local": {
        "location": {
          "x": 0.0,
          "y": 0.0,
          "z": 0.0
        },
        "rotation_quaternion": {
          "w": 0.9760465621948242,
          "x": 0.21739283204078674,
          "y": 0.008583455346524715,
          "z": 8.009759039850906e-05
        },
        "scale": {
          "x": 1.0,
          "y": 1.0,
          "z": 1.0
        },
        "matrix_basis": [
          [
            0.9998526573181152,
            0.0035756053403019905,
            0.01679052971303463,
            0.0
          ],
          [
            0.003888321341946721,
            0.905480682849884,
            -0.4243696630001068,
            0.0
          ],
          [
            -0.016720877960324287,
            0.42437243461608887,
            0.9053333401679993,
            0.0
          ],
          [
            0.0,
            0.0,
            0.0,
            1.0
          ]
        ],
        "rotation_mode": "QUATERNION"
      },
      "armature_space": {
        "head": {
          "x": 0.7302044034004211,
          "y": -0.13429953157901764,
          "z": 0.8980369567871094
        },
        "tail": {
          "x": 0.7534309029579163,
          "y": -0.15182393789291382,
          "z": 0.9007121324539185
        }
      },
      "world_space": {
        "head": {
          "x": 0.7302044034004211,
          "y": -0.07105553150177002,
          "z": 1.8478909730911255
        },
        "tail": {
          "x": 0.7534309029579163,
          "y": -0.0885799378156662,
          "z": 1.8505661487579346
        },
        "rotation_quaternion": {
          "w": 0.2018626183271408,
          "x": 0.8390636444091797,
          "y": 0.3992082178592682,
          "z": -0.30960726737976074
        },
        "matrix": [
          [
            0.48955199122428894,
            0.7949191331863403,
            -0.3583884835243225,
            0.7302044034004211
          ],
          [
            0.5449262857437134,
            -0.5997673869132996,
            -0.5859477519989014,
            -0.07105553150177002
          ],
          [
            -0.6807354092597961,
            0.09155657887458801,
            -0.726794958114624,
            1.8478909730911255
          ],
          [
            0.0,
            0.0,
            0.0,
            1.0
          ]
        ]
      },
      "bone_length_armature_space": 0.02921868694288187,
      "parent": "index_02_l",
      "has_children": false,
      "is_end_bone": true
    },
    "metacarpal_pinky_l": {
      "name": "metacarpal_pinky_l",
      "local": {
        "location": {
          "x": 0.0,
          "y": 0.0,
          "z": 0.0
        },
        "rotation_quaternion": {
          "w": 0.9996029138565063,
          "x": 0.02776769921183586,
          "y": 0.0032736361026763916,
          "z": -0.003492912743240595
        },
        "scale": {
          "x": 1.0,
          "y": 1.0,
          "z": 1.0
        },
        "matrix_basis": [
          [
            0.9999541640281677,
            0.0071648540906608105,
            0.006350691895931959,
            0.0
          ],
          [
            -0.006801248993724585,
            0.998433530330658,
            -0.055536214262247086,
            0.0
          ],
          [
            -0.006738652475178242,
            0.05549047887325287,
            0.998436450958252,
            0.0
          ],
          [
            0.0,
            0.0,
            0.0,
            1.0
          ]
        ],
        "rotation_mode": "QUATERNION"
      },
      "armature_space": {
        "head": {
          "x": 0.617996335029602,
          "y": -0.07946348190307617,
          "z": 0.7850216031074524
        },
        "tail": {
          "x": 0.7010054588317871,
          "y": -0.06929139792919159,
          "z": 0.847064197063446
        }
      },
      "world_space": {
        "head": {
          "x": 0.617996335029602,
          "y": -0.016219481825828552,
          "z": 1.7348756790161133
        },
        "tail": {
          "x": 0.7010054588317871,
          "y": -0.00604739785194397,
          "z": 1.7969181537628174
        },
        "rotation_quaternion": {
          "w": 0.6769485473632812,
          "x": 0.1488674283027649,
          "y": -0.30097201466560364,
          "z": -0.6549771428108215
        },
        "matrix": [
          [
            -0.03916136547923088,
            0.7971620559692383,
            -0.6024936437606812,
            0.617996335029602
          ],
          [
            -0.9763811826705933,
            0.09768570959568024,
            0.1927119344472885,
            -0.016219481825828552
          ],
          [
            0.21247832477092743,
            0.5958143472671509,
            0.7745141983032227,
            1.7348756790161133
          ],
          [
            0.0,
            0.0,
            0.0,
            1.0
          ]
        ]
      },
      "bone_length_armature_space": 0.10413102187212686,
      "parent": "lowerarm_l",
      "has_children": true,
      "is_end_bone": false
    },
    "pinky_01_l": {
      "name": "pinky_01_l",
      "local": {
        "location": {
          "x": 0.0,
          "y": 0.0,
          "z": 0.0
        },
        "rotation_quaternion": {
          "w": 0.999498724937439,
          "x": 0.021673209965229034,
          "y": -0.01853327266871929,
          "z": -0.013756031170487404
        },
        "scale": {
          "x": 1.0,
          "y": 1.0,
          "z": 1.0
        },
        "matrix_basis": [
          [
            0.9989345669746399,
            0.026694919914007187,
            -0.037644241005182266,
            0.0
          ],
          [
            -0.028301622718572617,
            0.9986820816993713,
            -0.04281480237841606,
            0.0
          ],
          [
            0.03645168989896774,
            0.04383457824587822,
            0.9983735680580139,
            0.0
          ],
          [
            0.0,
            0.0,
            0.0,
            1.0
          ]
        ],
        "rotation_mode": "QUATERNION"
      },
      "armature_space": {
        "head": {
          "x": 0.7010054588317871,
          "y": -0.06929139792919159,
          "z": 0.847064197063446
        },
        "tail": {
