{
  "metadata": {
    "armature_name": "KIM_caucasian_male",
    "export_time": "2026-01-13T19:11:11.438898",
    "blender_version": "4.4.1",
    "bone_count": 56,
    "end_bone_count": 13,
    "spaces_included": [
      "LOCAL_CHANNELS",
      "ARMATURE_SPACE",
      "WORLD_SPACE"
    ],
    "note": "LOCAL matches Transform panel; replay pose via local.matrix_basis for best fidelity."
  },
  "bones": {
    "Root": {
      "name": "Root",
      "local": {
        "location": {
          "x": 0.0,
          "y": 0.0,
          "z": 0.0
        },
        "rotation_quaternion": {
          "w": 0.9998538494110107,
          "x": 0.009784144349396229,
          "y": 0.005474523641169071,
          "z": -0.012912279926240444
        },
        "scale": {
          "x": 1.0,
          "y": 1.0,
          "z": 1.0
        },
        "matrix_basis": [
          [
            0.9996066093444824,
            0.025927912443876266,
            0.010694775730371475,
            0.0
          ],
          [
            -0.025713657960295677,
            0.9994750618934631,
            -0.019706806167960167,
            0.0
          ],
          [
            -0.011200117878615856,
            0.01942405104637146,
            0.9997485876083374,
            0.0
          ],
          [
            0.0,
            0.0,
            0.0,
            1.0
          ]
        ],
        "rotation_mode": "QUATERNION"
      },
      "armature_space": {
        "head": {
          "x": 0.0,
          "y": 0.07072800397872925,
          "z": -0.009595036506652832
        },
        "tail": {
          "x": 0.001850627246312797,
          "y": -0.0001492425799369812,
          "z": -0.001378871500492096
        }
      },
      "world_space": {
        "head": {
          "x": 0.0,
          "y": 0.13397200405597687,
          "z": 0.9402589797973633
        },
        "tail": {
          "x": 0.001850627246312797,
          "y": 0.06309475749731064,
          "z": 0.9484751224517822
        },
        "rotation_quaternion": {
          "w": 0.057595882564783096,
          "x": 0.9982414841651917,
          "y": 0.013251752592623234,
          "z": 0.004592214245349169
        },
        "matrix": [
          [
            0.9996066093444824,
            0.025927912443876266,
            0.010694775730371475,
            0.0
          ],
          [
            0.026985887438058853,
            -0.9930141568183899,
            -0.11486797034740448,
            0.13397200405597687
          ],
          [
            0.007641855627298355,
            0.11511124670505524,
            -0.9933302402496338,
            0.9402589797973633
          ],
          [
            0.0,
            0.0,
            0.0,
            1.0
          ]
        ]
      },
      "bone_length_armature_space": 0.07137586723618533,
      "parent": null,
      "has_children": true,
      "is_end_bone": false
    },
    "spine_01": {
      "name": "spine_01",
      "local": {
        "location": {
          "x": 0.0,
          "y": 0.0,
          "z": 0.0
        },
        "rotation_quaternion": {
          "w": 0.9932036995887756,
          "x": 0.11374520510435104,
          "y": 0.01992618665099144,
          "z": 0.014544845558702946
        },
        "scale": {
          "x": 1.0,
          "y": 1.0,
          "z": 1.0
        },
        "matrix_basis": [
          [
            0.9987828135490417,
            -0.024358972907066345,
            0.042890336364507675,
            0.0
          ],
          [
            0.03342500701546669,
            0.9737009406089783,
            -0.22536467015743256,
            0.0
          ],
          [
            -0.03627271205186844,
            0.2265239655971527,
            0.9733299612998962,
            0.0
          ],
          [
            0.0,
            0.0,
            0.0,
            1.0
          ]
        ],
        "rotation_mode": "QUATERNION"
      },
      "armature_space": {
        "head": {
          "x": 0.001850627246312797,
          "y": -0.0001492425799369812,
          "z": -0.001378871500492096
        },
        "tail": {
          "x": -0.011051162146031857,
          "y": -0.09807126969099045,
          "z": 0.4765261113643646
        }
      },
      "world_space": {
        "head": {
          "x": 0.001850627246312797,
          "y": 0.06309475749731064,
          "z": 0.9484751224517822
        },
        "tail": {
          "x": -0.011051162146031857,
          "y": -0.03482726961374283,
          "z": 1.4263801574707031
        },
        "rotation_quaternion": {
          "w": 0.632077693939209,
          "x": 0.7739816308021545,
          "y": 0.012166361324489117,
          "z": 0.03581136837601662
        },
        "matrix": [
          [
            0.9971390962600708,
            -0.026438027620315552,
            0.07081461697816849,
            0.001850627246312797
          ],
          [
            0.06410400569438934,
            -0.20065937936306,
            -0.9775615334510803,
            0.06309475749731064
          ],
          [
            0.04005475342273712,
            0.9793109893798828,
            -0.1983928233385086,
            0.9484751224517822
          ],
          [
            0.0,
            0.0,
            0.0,
            1.0
          ]
        ]
      },
      "bone_length_armature_space": 0.4880044533604753,
      "parent": "Root",
      "has_children": true,
      "is_end_bone": false
    },
    "neck_01": {
      "name": "neck_01",
      "local": {
        "location": {
          "x": 0.0,
          "y": 0.0,
          "z": 0.0
        },
        "rotation_quaternion": {
          "w": 0.9878302216529846,
          "x": -0.11949285864830017,
          "y": -0.09072672575712204,
          "z": 0.04100693389773369
        },
        "scale": {
          "x": 1.0,
          "y": 1.0,
          "z": 1.0
        },
        "matrix_basis": [
          [
            0.98017418384552,
            -0.05933338403701782,
            -0.1890452802181244,
            0.0
          ],
          [
            0.10269816964864731,
            0.9680798053741455,
            0.2286364585161209,
            0.0
          ],
          [
            0.16944512724876404,
            -0.2435181587934494,
            0.9549802541732788,
            0.0
          ],
          [
            0.0,
            0.0,
            0.0,
            1.0
          ]
        ],
        "rotation_mode": "QUATERNION"
      },
      "armature_space": {
        "head": {
          "x": -0.010531032457947731,
          "y": -0.1466655135154724,
          "z": 0.5413493514060974
        },
        "tail": {
          "x": -0.018197279423475266,
          "y": -0.1816520243883133,
          "z": 0.6374114155769348
        }
      },
      "world_space": {
        "head": {
          "x": -0.010531032457947731,
          "y": -0.08342151343822479,
          "z": 1.4912033081054688
        },
        "tail": {
          "x": -0.018197279423475266,
          "y": -0.11840802431106567,
          "z": 1.5872654914855957
        },
        "rotation_quaternion": {
          "w": 0.570280909538269,
          "x": 0.8184788227081299,
          "y": -0.06441424787044525,
          "z": -0.02688714675605297
        },
        "matrix": [
          [
            0.9902558326721191,
            -0.07477708160877228,
            -0.11748182773590088,
            -0.010531032457947731
          ],
          [
            -0.13611015677452087,
            -0.34126073122024536,
            -0.9300620555877686,
            -0.08342151343822479
          ],
          [
            0.029455438256263733,
            0.9369958639144897,
            -0.3481166958808899,
            1.4912033081054688
          ],
          [
            0.0,
            0.0,
            0.0,
            1.0
          ]
        ]
      },
      "bone_length_armature_space": 0.10252193693927497,
      "parent": "spine_01",
      "has_children": true,
      "is_end_bone": false
    },
    "head": {
      "name": "head",
      "local": {
        "location": {
          "x": 0.0,
          "y": 0.0,
          "z": 0.0
        },
        "rotation_quaternion": {
          "w": 0.9678032398223877,
          "x": -0.15231910347938538,
          "y": 0.10417000204324722,
          "z": -0.1711851954460144
        },
        "scale": {
          "x": 1.0,
          "y": 1.0,
          "z": 1.0
        },
        "matrix_basis": [
          [
            0.9196884632110596,
            0.29961299896240234,
            0.25378167629241943,
            0.0
          ],
          [
            -0.36308133602142334,
            0.894989013671875,
            0.25916510820388794,
            0.0
          ],
          [
            -0.1494825780391693,
            -0.33049458265304565,
            0.9318950176239014,
            0.0
          ],
          [
            0.0,
            0.0,
            0.0,
            1.0
          ]
        ],
        "rotation_mode": "QUATERNION"
      },
      "armature_space": {
        "head": {
          "x": -0.01819729059934616,
          "y": -0.18165214359760284,
          "z": 0.6374112963676453
        },
        "tail": {
          "x": 0.031080707907676697,
          "y": -0.13484971225261688,
          "z": 0.7768188714981079
        }
      },
      "world_space": {
        "head": {
          "x": -0.01819729059934616,
          "y": -0.11840814352035522,
          "z": 1.5872652530670166
        },
        "tail": {
          "x": 0.031080707907676697,
          "y": -0.07160571217536926,
          "z": 1.726672887802124
        },
        "rotation_quaternion": {
          "w": 0.7941746711730957,
          "x": 0.5830448269844055,
          "y": 0.14203518629074097,
          "z": -0.09576719999313354
        },
        "matrix": [
          [
            0.9413095712661743,
            0.3177376389503479,
            0.11392679810523987,
            -0.01819729059934616
          ],
          [
            0.01351211965084076,
            0.3017755150794983,
            -0.953283429145813,
            -0.11840814352035522
          ],
          [
            -0.3372766673564911,
            0.8988806009292603,
            0.2797718644142151,
            1.5872652530670166
          ],
          [
            0.0,
            0.0,
            0.0,
            1.0
          ]
        ]
      },
      "bone_length_armature_space": 0.15509113895547127,
      "parent": "neck_01",
      "has_children": false,
      "is_end_bone": true
    },
    "upperarm_l": {
      "name": "upperarm_l",
      "local": {
        "location": {
          "x": 0.0,
          "y": 0.0,
          "z": 0.0
        },
        "rotation_quaternion": {
          "w": 0.8863472938537598,
          "x": 0.23377907276153564,
          "y": 0.37569648027420044,
          "z": 0.13633809983730316
        },
        "scale": {
          "x": 1.0,
          "y": 1.0,
          "z": 1.0
        },
        "matrix_basis": [
          [
            0.6805281639099121,
            -0.06602586060762405,
            0.729741096496582,
            0.0
          ],
          [
            0.4173457622528076,
            0.853518545627594,
            -0.3119754195213318,
            0.0
          ],
          [
            -0.6022491455078125,
            0.5168623924255371,
            0.608398973941803,
            0.0
          ],
          [
            0.0,
            0.0,
            0.0,
            1.0
          ]
        ],
        "rotation_mode": "QUATERNION"
      },
      "armature_space": {
        "head": {
          "x": 0.14104251563549042,
          "y": -0.1266815960407257,
          "z": 0.4809076189994812
        },
        "tail": {
          "x": 0.3835597038269043,
          "y": -0.24043259024620056,
          "z": 0.4735761284828186
        }
      },
      "world_space": {
        "head": {
          "x": 0.14104251563549042,
          "y": -0.06343759596347809,
          "z": 1.4307615756988525
        },
        "tail": {
          "x": 0.3835597038269043,
          "y": -0.17718859016895294,
          "z": 1.4234302043914795
        },
        "rotation_quaternion": {
          "w": 0.13359059393405914,
          "x": 0.8106331825256348,
          "y": 0.5195254683494568,
          "z": -0.2347780466079712
        },
        "matrix": [
          [
            0.349944531917572,
            0.905018150806427,
            -0.24182866513729095,
            0.14104251563549042
          ],
          [
            0.7795608639717102,
            -0.42449241876602173,
            -0.4605337083339691,
            -0.06343759596347809
          ],
          [
            -0.5194486975669861,
            -0.027359478175640106,
            -0.8540717959403992,
            1.4307615756988525
          ],
          [
            0.0,
            0.0,
            0.0,
            1.0
          ]
        ]
      },
      "bone_length_armature_space": 0.2679694464760565,
      "parent": "spine_01",
      "has_children": true,
      "is_end_bone": false
    },
    "lowerarm_l": {
      "name": "lowerarm_l",
      "local": {
        "location": {
          "x": 0.0,
          "y": 0.0,
          "z": 0.0
        },
        "rotation_quaternion": {
          "w": 0.9226107597351074,
          "x": 0.2991328239440918,
          "y": -0.09350617974996567,
          "z": 0.22486817836761475
        },
        "scale": {
          "x": 1.0,
          "y": 1.0,
          "z": 1.0
        },
        "matrix_basis": [
          [
            0.8813818097114563,
            -0.4708731472492218,
            -0.038008708506822586,
            0.0
          ],
          [
            0.3589900732040405,
            0.7199077010154724,
            -0.5940194725990295,
            0.0
          ],
          [
            0.3070705235004425,
            0.5099132061004639,
            0.8035522699356079,
            0.0
          ],
          [
            0.0,
            0.0,
            0.0,
            1.0
          ]
        ],
        "rotation_mode": "QUATERNION"
      },
      "armature_space": {
        "head": {
          "x": 0.3835597336292267,
          "y": -0.2404327541589737,
          "z": 0.473576158285141
        },
        "tail": {
          "x": 0.44645988941192627,
          "y": -0.4971781373023987,
          "z": 0.43240824341773987
        }
      },
      "world_space": {
        "head": {
          "x": 0.3835597336292267,
          "y": -0.17718875408172607,
          "z": 1.4234302043914795
        },
        "tail": {
          "x": 0.44645988941192627,
          "y": -0.43393415212631226,
          "z": 1.3822622299194336
        },
        "rotation_quaternion": {
          "w": 0.01029121596366167,
          "x": -0.8653743863105774,
          "y": -0.1415630728006363,
          "z": 0.48060518503189087
        },
        "matrix": [
          [
            0.49795693159103394,
            0.23511923849582672,
            -0.834720253944397,
            0.3835597336292267
          ],
          [
            0.2549022138118744,
            -0.9597079157829285,
            -0.11826187372207642,
            -0.17718875408172607
          ],
          [
            -0.8288987278938293,
            -0.15388469398021698,
            -0.5378295183181763,
            1.4234302043914795
          ],
          [
            0.0,
            0.0,
            0.0,
            1.0
          ]
        ]
      },
      "bone_length_armature_space": 0.2675246279640319,
      "parent": "upperarm_l",
      "has_children": true,
      "is_end_bone": false
    },
    "metacarpal_thumb_l": {
      "name": "metacarpal_thumb_l",
      "local": {
        "location": {
          "x": 0.0,
          "y": 0.0,
          "z": 0.0
        },
        "rotation_quaternion": {
          "w": 0.9992614984512329,
          "x": -0.03739162161946297,
          "y": 0.006891385652124882,
          "z": 0.0055534313432872295
        },
        "scale": {
          "x": 1.0,
          "y": 1.0,
          "z": 1.0
        },
        "matrix_basis": [
          [
            0.9998433589935303,
            -0.011614019982516766,
            0.013357289135456085,
            0.0
          ],
          [
            0.010583300143480301,
            0.9971420764923096,
            0.07480455935001373,
            0.0
          ],
          [
            -0.014187896624207497,
            -0.07465147227048874,
            0.9971087574958801,
            0.0
          ],
          [
            0.0,
            0.0,
            0.0,
            1.0
          ]
        ],
        "rotation_mode": "QUATERNION"
      },
      "armature_space": {
        "head": {
          "x": 0.44645988941192627,
          "y": -0.4971781373023987,
          "z": 0.43240824341773987
        },
        "tail": {
          "x": 0.433566689491272,
          "y": -0.5370261669158936,
          "z": 0.4059602618217468
        }
      },
      "world_space": {
        "head": {
          "x": 0.44645988941192627,
          "y": -0.43393415212631226,
          "z": 1.3822622299194336
        },
        "tail": {
          "x": 0.433566689491272,
          "y": -0.47378218173980713,
          "z": 1.3558142185211182
        },
        "rotation_quaternion": {
          "w": 0.2441583126783371,
          "x": -0.9267227053642273,
          "y": 0.195333331823349,
          "z": -0.20836661756038666
        },
        "matrix": [
          [
            0.8368562459945679,
            -0.26029133796691895,
            0.48158082365989685,
            0.44645988941192627
          ],
          [
            -0.46378883719444275,
            -0.8044635653495789,
            0.3711313009262085,
            -0.43393415212631226
          ],
          [
            0.2908136546611786,
            -0.5339397192001343,
            -0.7939457893371582,
            1.3822622299194336
          ],
          [
            0.0,
            0.0,
            0.0,
            1.0
          ]
        ]
      },
      "bone_length_armature_space": 0.0495337837697729,
      "parent": "lowerarm_l",
      "has_children": true,
      "is_end_bone": false
    },
    "thumb_01_l": {
      "name": "thumb_01_l",
      "local": {
        "location": {
          "x": 0.0,
          "y": 0.0,
          "z": 0.0
        },
        "rotation_quaternion": {
          "w": 0.964532732963562,
          "x": 0.2628021538257599,
          "y": -0.024633612483739853,
          "z": -0.0021963699255138636
        },
        "scale": {
          "x": 1.0,
          "y": 1.0,
          "z": 1.0
        },
        "matrix_basis": [
          [
            0.9987767338752747,
            -0.008710591122508049,
            -0.04867427423596382,
            0.0
          ],
          [
            -0.01718447357416153,
            0.8618603944778442,
            -0.5068543553352356,
            0.0
          ],
          [
            0.04636542871594429,
            0.507070779800415,
            0.8606564402580261,
            0.0
          ],
          [
            0.0,
            0.0,
            0.0,
            1.0
          ]
        ],
        "rotation_mode": "QUATERNION"
      },
      "armature_space": {
        "head": {
          "x": 0.433566689491272,
          "y": -0.5370261669158936,
          "z": 0.4059602618217468
        },
        "tail": {
          "x": 0.4508718252182007,
          "y": -0.5511813759803772,
          "z": 0.38029325008392334
        }
      },
      "world_space": {
        "head": {
          "x": 0.433566689491272,
          "y": -0.47378218173980713,
          "z": 1.3558142185211182
        },
        "tail": {
          "x": 0.4508718252182007,
          "y": -0.48793739080429077,
          "z": 1.3301472663879395
        },
        "rotation_quaternion": {
          "w": 0.43107864260673523,
          "x": -0.2727849781513214,
          "y": 0.32594746351242065,
          "z": -0.7959383726119995
        },
        "matrix": [
          [
            -0.47951751947402954,
            0.5083977580070496,
            0.7152585387229919,
            0.433566689491272
          ],
          [
            -0.8640519380569458,
            -0.4158586263656616,
            -0.28368285298347473,
            -0.47378218173980713
          ],
          [
            0.15322308242321014,
            -0.754056990146637,
            0.6386978030204773,
            1.3558142185211182
          ],
          [
            0.0,
            0.0,
            0.0,
            1.0
          ]
        ]
      },
      "bone_length_armature_space": 0.03403870081178599,
      "parent": "metacarpal_thumb_l",
      "has_children": true,
      "is_end_bone": false
    },
    "thumb_02_l": {
      "name": "thumb_02_l",
      "local": {
        "location": {
          "x": 0.0,
          "y": 0.0,
          "z": 0.0
        },
        "rotation_quaternion": {
          "w": 0.8885383605957031,
          "x": 0.4587879776954651,
          "y": 0.00016422884073108435,
          "z": -0.0036368374712765217
        },
        "scale": {
          "x": 1.0,
          "y": 1.0,
          "z": 1.0
        },
        "matrix_basis": [
          [
            0.999973475933075,
            0.00661363173276186,
            -0.0030452273786067963,
            0.0
          ],
          [
            -0.006312246900051832,
            0.57900071144104,
            -0.8153026103973389,
            0.0
          ],
          [
            -0.003628921927884221,
            0.8153002262115479,
            0.5790271162986755,
            0.0
          ],
          [
            0.0,
            0.0,
            0.0,
            1.0
          ]
        ],
        "rotation_mode": "QUATERNION"
      },
      "armature_space": {
        "head": {
          "x": 0.4508717954158783,
          "y": -0.5511813759803772,
          "z": 0.38029322028160095
        },
        "tail": {
          "x": 0.45052120089530945,
          "y": -0.5724624991416931,
          "z": 0.41435471177101135
        }
      },
      "world_space": {
        "head": {
          "x": 0.4508717954158783,
          "y": -0.48793739080429077,
          "z": 1.3301472663879395
        },
        "tail": {
          "x": 0.45052120089530945,
          "y": -0.5092185139656067,
          "z": 1.364208698272705
        },
        "rotation_quaternion": {
          "w": 0.11156269907951355,
          "x": 0.20999553799629211,
          "y": -0.47183504700660706,
          "z": -0.849015474319458
        },
        "matrix": [
          [
            -0.8869115114212036,
            -0.008729174733161926,
            -0.461856871843338,
            0.4508717954158783
          ],
          [
            -0.3876032531261444,
            -0.529850959777832,
            0.7543354034423828,
            -0.48793739080429077
          ],
          [
            -0.25130221247673035,
            0.8480515480041504,
            0.466551274061203,
            1.3301472663879395
          ],
          [
            0.0,
            0.0,
            0.0,
            1.0
          ]
        ]
      },
      "bone_length_armature_space": 0.04016459023288196,
      "parent": "thumb_01_l",
      "has_children": true,
      "is_end_bone": false
    },
    "thumb_03_l": {
      "name": "thumb_03_l",
      "local": {
        "location": {
          "x": 0.0,
          "y": 0.0,
          "z": 0.0
        },
        "rotation_quaternion": {
          "w": 0.9907395839691162,
          "x": 0.13570493459701538,
          "y": -0.003678374458104372,
          "z": -0.0023991817142814398
        },
        "scale": {
          "x": 1.0,
          "y": 1.0,
          "z": 1.0
        },
        "matrix_basis": [
          [
            0.9999614357948303,
            0.0037555815652012825,
            -0.007939783856272697,
            0.0
          ],
          [
            -0.005752275697886944,
            0.9631568193435669,
            -0.26887884736061096,
            0.0
          ],
          [
            0.0066374605521559715,
            0.2689141631126404,
            0.9631412625312805,
            0.0
          ],
          [
            0.0,
            0.0,
            0.0,
            1.0
          ]
        ],
        "rotation_mode": "QUATERNION"
      },
      "armature_space": {
        "head": {
          "x": 0.45052117109298706,
          "y": -0.5724625587463379,
          "z": 0.4143546223640442
        },
        "tail": {
          "x": 0.44452691078186035,
          "y": -0.5742945075035095,
          "z": 0.4441474974155426
        }
      },
      "world_space": {
        "head": {
          "x": 0.45052117109298706,
          "y": -0.5092185735702515,
          "z": 1.364208698272705
        },
        "tail": {
          "x": 0.44452691078186035,
          "y": -0.5110505223274231,
          "z": 1.3940014839172363
        },
        "rotation_quaternion": {
          "w": 0.210513636469841,
          "x": 0.3558636009693146,
          "y": -0.6523786187171936,
          "z": -0.6351749897003174
        },
        "matrix": [
          [
            -0.6580888032913208,
            -0.19688932597637177,
            -0.7267417907714844,
            0.45052117109298706
          ],
          [
            -0.7317429184913635,
            -0.060172393918037415,
            0.6789196133613586,
            -0.5092185735702515
          ],
          [
            -0.17740367352962494,
            0.978584349155426,
            -0.10447388887405396,
            1.364208698272705
          ],
          [
            0.0,
            0.0,
            0.0,
            1.0
          ]
        ]
      },
      "bone_length_armature_space": 0.03044507553098257,
      "parent": "thumb_02_l",
      "has_children": false,
      "is_end_bone": true
    },
    "metacarpal_index_l": {
      "name": "metacarpal_index_l",
      "local": {
        "location": {
          "x": 0.0,
          "y": 0.0,
          "z": 0.0
        },
        "rotation_quaternion": {
          "w": 0.9995229244232178,
          "x": -0.023046821355819702,
          "y": -0.018046285957098007,
          "z": -0.00985767599195242
        },
        "scale": {
          "x": 1.0,
          "y": 1.0,
          "z": 1.0
        },
        "matrix_basis": [
          [
            0.9991543292999268,
            0.020537765696644783,
            -0.035620976239442825,
            0.0
          ],
          [
            -0.01887412741780281,
            0.9987433552742004,
            0.04642743989825249,
            0.0
          ],
          [
            0.03652973100543022,
            -0.04571586474776268,
            0.9982863664627075,
            0.0
          ],
          [
            0.0,
            0.0,
            0.0,
            1.0
          ]
        ],
        "rotation_mode": "QUATERNION"
      },
      "armature_space": {
        "head": {
          "x": 0.44645988941192627,
          "y": -0.4971781373023987,
          "z": 0.43240824341773987
        },
        "tail": {
          "x": 0.4487011134624481,
          "y": -0.6085045337677002,
          "z": 0.39593014121055603
        }
      },
      "world_space": {
        "head": {
          "x": 0.44645988941192627,
          "y": -0.43393415212631226,
          "z": 1.3822622299194336
        },
        "tail": {
          "x": 0.4487011134624481,
          "y": -0.5452605485916138,
          "z": 1.3457841873168945
        },
        "rotation_quaternion": {
          "w": 0.156626358628273,
          "x": -0.9852028489112854,
          "y": -0.020290931686758995,
          "z": 0.06657165288925171
        },
        "matrix": [
          [
            0.9903129935264587,
            0.01912759244441986,
            -0.13752935826778412,
            0.44645988941192627
          ],
          [
            0.06083516404032707,
            -0.9501131772994995,
            0.3059154152870178,
            -0.43393415212631226
          ],
          [
            -0.12481780350208282,
            -0.3113217055797577,
            -0.9420794248580933,
            1.3822622299194336
          ],
          [
            0.0,
            0.0,
            0.0,
            1.0
          ]
        ]
      },
      "bone_length_armature_space": 0.11717184725803668,
      "parent": "lowerarm_l",
      "has_children": true,
      "is_end_bone": false
    },
    "index_01_l": {
      "name": "index_01_l",
      "local": {
        "location": {
          "x": 0.0,
          "y": 0.0,
          "z": 0.0
        },
        "rotation_quaternion": {
          "w": 0.9403126239776611,
          "x": 0.3401799201965332,
          "y": -0.008101148530840874,
          "z": -0.004930669907480478
        },
        "scale": {
          "x": 1.0,
          "y": 1.0,
          "z": 1.0
        },
        "matrix_basis": [
          [
            0.9998201131820679,
            0.003761046100407839,
            -0.01858985424041748,
            0.0
          ],
          [
            -0.014784438535571098,
            0.768506646156311,
            -0.6396710872650146,
            0.0
          ],
          [
            0.011880594305694103,
            0.6398308277130127,
            0.7684239745140076,
            0.0
          ],
          [
            0.0,
            0.0,
            0.0,
            1.0
          ]
        ],
        "rotation_mode": "QUATERNION"
      },
      "armature_space": {
        "head": {
          "x": 0.4487011134624481,
          "y": -0.6085045337677002,
          "z": 0.39593014121055603
        },
        "tail": {
          "x": 0.4556282162666321,
          "y": -0.6247550845146179,
          "z": 0.373546838760376
        }
      },
      "world_space": {
        "head": {
          "x": 0.4487011134624481,
          "y": -0.5452605485916138,
          "z": 1.3457841873168945
        },
        "tail": {
          "x": 0.4556282162666321,
          "y": -0.5615110993385315,
          "z": 1.323400855064392
        },
        "rotation_quaternion": {
          "w": 0.4263027310371399,
          "x": -0.8811521530151367,
          "y": -0.18251779675483704,
          "z": 0.09232673794031143
        },
        "matrix": [
          [
            0.9163258075714111,
            0.2429339438676834,
            -0.31832414865493774,
            0.4487011134624481
          ],
          [
            0.4003710150718689,
            -0.5699068307876587,
            0.7175719738006592,
            -0.5452605485916138
          ],
          [
            -0.007092158310115337,
            -0.7849834561347961,
            -0.6194877028465271,
            1.3457841873168945
          ],
          [
            0.0,
            0.0,
            0.0,
            1.0
          ]
        ]
      },
      "bone_length_armature_space": 0.028514512037597646,
      "parent": "metacarpal_index_l",
      "has_children": true,
      "is_end_bone": false
    },
    "index_02_l": {
      "name": "index_02_l",
      "local": {
        "location": {
          "x": 0.0,
          "y": 0.0,
          "z": 0.0
        },
        "rotation_quaternion": {
          "w": 0.8898933529853821,
          "x": 0.45613011717796326,
          "y": -0.005931132007390261,
          "z": 5.471979966387153e-05
        },
        "scale": {
          "x": 1.0,
          "y": 1.0,
          "z": 1.0
        },
        "matrix_basis": [
          [
            0.999929666519165,
            -0.00550812529399991,
            -0.01050623133778572,
            0.0
          ],
          [
            -0.005313346162438393,
            0.5838906168937683,
            -0.8118149638175964,
            0.0
          ],
          [
            0.010606068186461926,
            0.8118136525154114,
            0.5838202834129333,
            0.0
          ],
          [
            0.0,
            0.0,
            0.0,
            1.0
          ]
        ],
        "rotation_mode": "QUATERNION"
      },
      "armature_space": {
        "head": {
          "x": 0.45562800765037537,
          "y": -0.6247551441192627,
          "z": 0.3735463321208954
        },
        "tail": {
          "x": 0.4520653784275055,
          "y": -0.6196046471595764,
          "z": 0.34866905212402344
        }
      },
      "world_space": {
        "head": {
          "x": 0.45562800765037537,
          "y": -0.5615111589431763,
          "z": 1.3234003782272339
        },
        "tail": {
          "x": 0.4520653784275055,
          "y": -0.55636066198349,
          "z": 1.2985230684280396
        },
        "rotation_quaternion": {
          "w": 0.7621983289718628,
          "x": -0.5994242429733276,
          "y": -0.1394314020872116,
          "z": 0.20075714588165283
        },
        "matrix": [
          [
            0.8805108070373535,
            -0.13887670636177063,
            -0.4532265067100525,
            0.45562800765037537
          ],
          [
            0.47319114208221436,
            0.2007739543914795,
            0.8577763438224792,
            -0.5615111589431763
          ],
          [
            -0.02812879905104637,
            -0.9697506427764893,
            0.24250119924545288,
            1.3234003782272339
          ],
          [
            0.0,
            0.0,
            0.0,
            1.0
          ]
        ]
      },
      "bone_length_armature_space": 0.02565344010719939,
      "parent": "index_01_l",
      "has_children": true,
      "is_end_bone": false
    },
    "index_03_l": {
      "name": "index_03_l",
      "local": {
        "location": {
          "x": 0.0,
          "y": 0.0,
          "z": 0.0
        },
        "rotation_quaternion": {
          "w": 0.9158032536506653,
          "x": 0.4015921950340271,
          "y": 0.005251975730061531,
          "z": -0.0008088885806500912
        },
        "scale": {
          "x": 1.0,
          "y": 1.0,
          "z": 1.0
        },
        "matrix_basis": [
          [
            0.9999435544013977,
            0.005699870642274618,
            0.008969866670668125,
            0.0
          ],
          [
            0.0027367393486201763,
            0.6774461269378662,
            -0.7355673909187317,
            0.0
          ],
          [
            -0.01026923954486847,
            0.7355504035949707,
            0.6773922443389893,
            0.0
          ],
          [
            0.0,
            0.0,
            0.0,
            1.0
          ]
        ],
        "rotation_mode": "QUATERNION"
      },
      "armature_space": {
        "head": {
          "x": 0.4520654082298279,
          "y": -0.619604766368866,
          "z": 0.34866905212402344
        },
        "tail": {
          "x": 0.44215908646583557,
          "y": -0.5946662425994873,
          "z": 0.3371075689792633
        }
      },
      "world_space": {
        "head": {
          "x": 0.4520654082298279,
          "y": -0.5563607811927795,
          "z": 1.2985230684280396
        },
        "tail": {
          "x": 0.44215908646583557,
          "y": -0.5314222574234009,
          "z": 1.286961555480957
        },
        "rotation_quaternion": {
          "w": 0.9611982703208923,
          "x": -0.19542230665683746,
          "y": -0.05342727527022362,
          "z": 0.18722592294216156
        },
        "matrix": [
          [
            0.9241840243339539,
            -0.3390408158302307,
            -0.17588499188423157,
            0.4520654082298279
          ],
          [
            0.38080456852912903,
            0.8535131216049194,
            0.3556733727455139,
            -0.5563607811927795
          ],
          [
            0.02953294664621353,
            -0.3956875801086426,
            0.9179180860519409,
            1.2985230684280396
          ],
          [
            0.0,
            0.0,
            0.0,
            1.0
          ]
        ]
      },
      "bone_length_armature_space": 0.02921871062285816,
      "parent": "index_02_l",
      "has_children": false,
      "is_end_bone": true
    },
    "metacarpal_pinky_l": {
      "name": "metacarpal_pinky_l",
      "local": {
        "location": {
          "x": 0.0,
          "y": 0.0,
          "z": 0.0
        },
        "rotation_quaternion": {
          "w": 0.9998624920845032,
          "x": -0.002302918117493391,
          "y": 0.01573268510401249,
          "z": -0.004726092331111431
        },
        "scale": {
          "x": 1.0,
          "y": 1.0,
          "z": 1.0
        },
        "matrix_basis": [
          [
            0.9994602799415588,
            0.009378422982990742,
            0.03148281201720238,
            0.0
          ],
          [
            -0.009523347020149231,
            0.9999447464942932,
            0.004456494469195604,
            0.0
          ],
          [
            -0.03143927454948425,
            -0.0047539109364151955,
            0.9994943737983704,
            0.0
          ],
          [
            0.0,
            0.0,
            0.0,
            1.0
          ]
        ],
        "rotation_mode": "QUATERNION"
      },
      "armature_space": {
        "head": {
          "x": 0.44645988941192627,
          "y": -0.4971781373023987,
          "z": 0.43240824341773987
        },
        "tail": {
          "x": 0.49623778462409973,
          "y": -0.5886403322219849,
          "z": 0.4326243996620178
        }
      },
      "world_space": {
        "head": {
          "x": 0.44645988941192627,
          "y": -0.43393415212631226,
          "z": 1.3822622299194336
        },
        "tail": {
          "x": 0.49623778462409973,
          "y": -0.5253963470458984,
          "z": 1.3824784755706787
        },
        "rotation_quaternion": {
          "w": 0.2226976454257965,
          "x": 0.4202965795993805,
          "y": 0.10599887371063232,
          "z": -0.8732244968414307
        },
        "matrix": [
          [
            -0.5475131869316101,
            0.47803252935409546,
            -0.6868146657943726,
            0.44645988941192627
          ],
          [
            -0.2998288571834564,
            -0.8783398270606995,
            -0.3723200559616089,
            -0.43393415212631226
          ],
          [
            -0.7812434434890747,
            0.002075944794341922,
            0.6242344379425049,
            1.3822622299194336
          ],
          [
            0.0,
            0.0,
            0.0,
            1.0
          ]
        ]
      },
      "bone_length_armature_space": 0.10413077688387726,
      "parent": "lowerarm_l",
      "has_children": true,
      "is_end_bone": false
    },
    "pinky_01_l": {
      "name": "pinky_01_l",
      "local": {
        "location": {
          "x": 0.0,
          "y": 0.0,
          "z": 0.0
        },
        "rotation_quaternion": {
          "w": 0.948086142539978,
          "x": 0.317731112241745,
          "y": 0.004549429286271334,
          "z": 0.012605675496160984
        },
        "scale": {
          "x": 1.0,
          "y": 1.0,
          "z": 1.0
        },
        "matrix_basis": [
          [
            0.9996408224105835,
            -0.02101154252886772,
            0.016636932268738747,
            0.0
          ],
          [
            0.026793522760272026,
            0.7977761030197144,
            -0.6023582220077515,
            0.0
          ],
          [
            -0.0006160711054690182,
            0.6025876402854919,
            0.7980524897575378,
            0.0
          ],
          [
            0.0,
            0.0,
            0.0,
            1.0
          ]
        ],
        "rotation_mode": "QUATERNION"
      },
      "armature_space": {
        "head": {
          "x": 0.49623778462409973,
          "y": -0.5886403322219849,
          "z": 0.4326243996620178
        },
        "tail": {
