{
  "metadata": {
    "armature_name": "KIM_caucasian_male",
    "export_time": "2026-01-13T21:05:44.634642",
    "blender_version": "4.4.1",
    "bone_count": 56,
    "end_bone_count": 13,
    "spaces_included": [
      "LOCAL_CHANNELS",
      "ARMATURE_SPACE",
      "WORLD_SPACE"
    ],
    "note": "LOCAL matches Transform panel; replay pose via local.matrix_basis for best fidelity."
  },
  "bones": {
    "Root": {
      "name": "Root",
      "local": {
        "location": {
          "x": 0.0,
          "y": 0.0,
          "z": 0.0
        },
        "rotation_quaternion": {
          "w": 0.9998375177383423,
          "x": -0.013955246657133102,
          "y": -0.011266933754086494,
          "z": 0.0018215031595900655
        },
        "scale": {
          "x": 1.0,
          "y": 1.0,
          "z": 1.0
        },
        "matrix_basis": [
          [
            0.9997394680976868,
            -0.0033279487397521734,
            -0.02258104458451271,
            0.0
          ],
          [
            0.0039568799547851086,
            0.9996038675308228,
            0.027864912524819374,
            0.0
          ],
          [
            0.02247936651110649,
            -0.02794700302183628,
            0.9993566274642944,
            0.0
          ],
          [
            0.0,
            0.0,
            0.0,
            1.0
          ]
        ],
        "rotation_mode": "QUATERNION"
      },
      "armature_space": {
        "head": {
          "x": 0.0,
          "y": 0.07072800397872925,
          "z": -0.009595036506652832
        },
        "tail": {
          "x": -0.00023753523419145495,
          "y": 0.0002961680293083191,
          "z": 0.001972847618162632
        }
      },
      "world_space": {
        "head": {
          "x": 0.0,
          "y": 0.13397200405597687,
          "z": 0.9402589797973633
        },
        "tail": {
          "x": -0.00023753523419145495,
          "y": 0.06354016810655594,
          "z": 0.9518268704414368
        },
        "rotation_quaternion": {
          "w": 0.08128024637699127,
          "x": 0.9966259598731995,
          "y": -0.002576394472271204,
          "z": -0.011118627153337002
        },
        "matrix": [
          [
            0.9997394680976868,
            -0.0033279487397521734,
            -0.02258104458451271,
            0.0
          ],
          [
            -0.00694285798817873,
            -0.9867737293243408,
            -0.16195519268512726,
            0.13397200405597687
          ],
          [
            -0.02174356020987034,
            0.16206996142864227,
            -0.9865468144416809,
            0.9402589797973633
          ],
          [
            0.0,
            0.0,
            0.0,
            1.0
          ]
        ]
      },
      "bone_length_armature_space": 0.07137587803518294,
      "parent": null,
      "has_children": true,
      "is_end_bone": false
    },
    "spine_01": {
      "name": "spine_01",
      "local": {
        "location": {
          "x": 0.0,
          "y": 0.0,
          "z": 0.0
        },
        "rotation_quaternion": {
          "w": 0.9980490207672119,
          "x": -0.030669523403048515,
          "y": 0.042995985597372055,
          "z": -0.033299513161182404
        },
        "scale": {
          "x": 1.0,
          "y": 1.0,
          "z": 1.0
        },
        "matrix_basis": [
          [
            0.9940849542617798,
            0.06383176147937775,
            0.08786676079034805,
            0.0
          ],
          [
            -0.06910642236471176,
            0.9959010481834412,
            0.05835588648915291,
            0.0
          ],
          [
            -0.0837816447019577,
            -0.06408286839723587,
            0.9944214224815369,
            0.0
          ],
          [
            0.0,
            0.0,
            0.0,
            1.0
          ]
        ],
        "rotation_mode": "QUATERNION"
      },
      "armature_space": {
        "head": {
          "x": -0.00023753523419145495,
          "y": 0.0002961680293083191,
          "z": 0.001972847618162632
        },
        "tail": {
          "x": 0.0418597012758255,
          "y": 0.06748242676258087,
          "z": 0.48349374532699585
        }
      },
      "world_space": {
        "head": {
          "x": -0.00023753523419145495,
          "y": 0.06354016810655594,
          "z": 0.9518268704414368
        },
        "tail": {
          "x": 0.0418597012758255,
          "y": 0.1307264268398285,
          "z": 1.4333477020263672
        },
        "rotation_quaternion": {
          "w": 0.7518178224563599,
          "x": 0.6566109657287598,
          "y": 0.060066062957048416,
          "z": -0.004911122377961874
        },
        "matrix": [
          [
            0.9927359223365784,
            0.08626461029052734,
            0.08386750519275665,
            -0.00023753523419145495
          ],
          [
            0.0714949294924736,
            0.1376764178276062,
            -0.9878935813903809,
            0.06354016810655594
          ],
          [
            -0.09676744788885117,
            0.9867206811904907,
            0.13050884008407593,
            0.9518268704414368
          ],
          [
            0.0,
            0.0,
            0.0,
            1.0
          ]
        ]
      },
      "bone_length_armature_space": 0.488004648542182,
      "parent": "Root",
      "has_children": true,
      "is_end_bone": false
    },
    "neck_01": {
      "name": "neck_01",
      "local": {
        "location": {
          "x": 0.0,
          "y": 0.0,
          "z": 0.0
        },
        "rotation_quaternion": {
          "w": 0.9936122894287109,
          "x": -0.0101061025634408,
          "y": -0.09162980318069458,
          "z": -0.0650881752371788
        },
        "scale": {
          "x": 1.0,
          "y": 1.0,
          "z": 1.0
        },
        "matrix_basis": [
          [
            0.9747350215911865,
            0.13119685649871826,
            -0.18077342212200165,
            0.0
          ],
          [
            -0.1274927854537964,
            0.9913228154182434,
            0.03201112896203995,
            0.0
          ],
          [
            0.1834045797586441,
            -0.00815506186336279,
            0.9830036759376526,
            0.0
          ],
          [
            0.0,
            0.0,
            0.0,
            1.0
          ]
        ],
        "rotation_mode": "QUATERNION"
      },
      "armature_space": {
        "head": {
          "x": 0.051084425300359726,
          "y": 0.043302297592163086,
          "z": 0.5602660179138184
        },
        "tail": {
          "x": 0.07575025409460068,
          "y": 0.01984982378780842,
          "z": 0.6569734811782837
        }
      },
      "world_space": {
        "head": {
          "x": 0.051084425300359726,
          "y": 0.1065462976694107,
          "z": 1.5101200342178345
        },
        "tail": {
          "x": 0.07575025409460068,
          "y": 0.08309382200241089,
          "z": 1.6068274974822998
        },
        "rotation_quaternion": {
          "w": 0.6187428832054138,
          "x": 0.7732102870941162,
          "y": 0.052713122218847275,
          "z": -0.1285472810268402
        },
        "matrix": [
          [
            0.9613940119743347,
            0.24059216678142548,
            -0.13355502486228943,
            0.051084425300359726
          ],
          [
            -0.07755738496780396,
            -0.22875700891017914,
            -0.970389187335968,
            0.1065462976694107
          ],
          [
            -0.2640216052532196,
            0.9432910084724426,
            -0.2012682557106018,
            1.5101200342178345
          ],
          [
            0.0,
            0.0,
            0.0,
            1.0
          ]
        ]
      },
      "bone_length_armature_space": 0.10252197554681904,
      "parent": "spine_01",
      "has_children": true,
      "is_end_bone": false
    },
    "head": {
      "name": "head",
      "local": {
        "location": {
          "x": 0.0,
          "y": 0.0,
          "z": 0.0
        },
        "rotation_quaternion": {
          "w": 0.9931461811065674,
          "x": -0.06762009114027023,
          "y": -0.0521140992641449,
          "z": 0.07982797920703888
        },
        "scale": {
          "x": 1.0,
          "y": 1.0,
          "z": 1.0
        },
        "matrix_basis": [
          [
            0.981823205947876,
            -0.15151378512382507,
            -0.11430978775024414,
            0.0
          ],
          [
            0.16560962796211243,
            0.9781100153923035,
            0.12599293887615204,
            0.0
          ],
          [
            0.09271788597106934,
            -0.1426336020231247,
            0.9854232668876648,
            0.0
          ],
          [
            0.0,
            0.0,
            0.0,
            1.0
          ]
        ],
        "rotation_mode": "QUATERNION"
      },
      "armature_space": {
        "head": {
          "x": 0.07575021684169769,
          "y": 0.019849687814712524,
          "z": 0.6569733619689941
        },
        "tail": {
          "x": 0.09531299024820328,
          "y": 0.06444543600082397,
          "z": 0.8042208552360535
        }
      },
      "world_space": {
        "head": {
          "x": 0.07575021684169769,
          "y": 0.08309368789196014,
          "z": 1.6068273782730103
        },
        "tail": {
          "x": 0.09531299024820328,
          "y": 0.1276894360780716,
          "z": 1.7540748119354248
        },
        "rotation_quaternion": {
          "w": 0.8023028373718262,
          "x": 0.5907146334648132,
          "y": -0.009140306152403355,
          "z": -0.08533965051174164
        },
        "matrix": [
          [
            0.9852671027183533,
            0.12613803148269653,
            -0.11548998206853867,
            0.07575021684169769
          ],
          [
            -0.1477358192205429,
            0.28754714131355286,
            -0.9463038444519043,
            0.08309368789196014
          ],
          [
            -0.08615675568580627,
            0.9494311213493347,
            0.30194708704948425,
            1.6068273782730103
          ],
          [
            0.0,
            0.0,
            0.0,
            1.0
          ]
        ]
      },
      "bone_length_armature_space": 0.15509128757919557,
      "parent": "neck_01",
      "has_children": false,
      "is_end_bone": true
    },
    "upperarm_l": {
      "name": "upperarm_l",
      "local": {
        "location": {
          "x": 0.0,
          "y": 0.0,
          "z": 0.0
        },
        "rotation_quaternion": {
          "w": 0.9226362705230713,
          "x": -0.19040992856025696,
          "y": 0.30548110604286194,
          "z": -0.13844788074493408
        },
        "scale": {
          "x": 1.0,
          "y": 1.0,
          "z": 1.0
        },
        "matrix_basis": [
          [
            0.7750269770622253,
            0.1391407996416092,
            0.6164196133613586,
            0.0
          ],
          [
            -0.371807336807251,
            0.889152467250824,
            0.2667717933654785,
            0.0
          ],
          [
            -0.5109722018241882,
            -0.43594464659690857,
            0.7408506870269775,
            0.0
          ],
          [
            0.0,
            0.0,
            0.0,
            1.0
          ]
        ],
        "rotation_mode": "QUATERNION"
      },
      "armature_space": {
        "head": {
          "x": 0.19446463882923126,
          "y": 0.04162309691309929,
          "z": 0.4798518121242523
        },
        "tail": {
          "x": 0.4113781452178955,
          "y": 0.17818644642829895,
          "z": 0.4017066955566406
        }
      },
      "world_space": {
        "head": {
          "x": 0.19446463882923126,
          "y": 0.10486710071563721,
          "z": 1.4297058582305908
        },
        "tail": {
          "x": 0.4113781452178955,
          "y": 0.24143044650554657,
          "z": 1.3515607118606567
        },
        "rotation_quaternion": {
          "w": 0.3278158903121948,
          "x": 0.36809608340263367,
          "y": 0.8045798540115356,
          "z": -0.3311997950077057
        },
        "matrix": [
          [
            -0.5140835642814636,
            0.809471070766449,
            0.28368014097213745,
            0.19446463882923126
          ],
          [
            0.37518128752708435,
            0.5096228718757629,
            -0.7742892503738403,
            0.10486710071563721
          ],
          [
            -0.7713397741317749,
            -0.29161956906318665,
            -0.5656918287277222,
            1.4297058582305908
          ],
          [
            0.0,
            0.0,
            0.0,
            1.0
          ]
        ]
      },
      "bone_length_armature_space": 0.2679695473803676,
      "parent": "spine_01",
      "has_children": true,
      "is_end_bone": false
    },
    "lowerarm_l": {
      "name": "lowerarm_l",
      "local": {
        "location": {
          "x": 0.0,
          "y": 0.0,
          "z": 0.0
        },
        "rotation_quaternion": {
          "w": 0.8921551704406738,
          "x": 0.45059260725975037,
          "y": -0.03198203817009926,
          "z": -0.0016549243591725826
        },
        "scale": {
          "x": 1.0,
          "y": 1.0,
          "z": 1.0
        },
        "matrix_basis": [
          [
            0.9979488253593445,
            -0.025868840515613556,
            -0.05855727568268776,
            0.0
          ],
          [
            -0.03177464008331299,
            0.5939271450042725,
            -0.8038911819458008,
            0.0
          ],
          [
            0.05557448789477348,
            0.804102897644043,
            0.5918868780136108,
            0.0
          ],
          [
            0.0,
            0.0,
            0.0,
            1.0
          ]
        ],
        "rotation_mode": "QUATERNION"
      },
      "armature_space": {
        "head": {
          "x": 0.41137826442718506,
          "y": 0.17818640172481537,
          "z": 0.401706725358963
        },
        "tail": {
          "x": 0.6061450242996216,
          "y": 0.04964090883731842,
          "z": 0.27089545130729675
        }
      },
      "world_space": {
        "head": {
          "x": 0.41137826442718506,
          "y": 0.241430401802063,
          "z": 1.3515607118606567
        },
        "tail": {
          "x": 0.6061450242996216,
          "y": 0.11288490891456604,
          "z": 1.2207494974136353
        },
        "rotation_quaternion": {
          "w": 0.17945197224617004,
          "x": 0.49959596991539,
          "y": 0.47702017426490784,
          "z": -0.7004660964012146
        },
        "matrix": [
          [
            -0.4364026188850403,
            0.7280334234237671,
            -0.5286961793899536,
            0.41137826442718506
          ],
          [
            0.22523240745067596,
            -0.48049992322921753,
            -0.8475791811943054,
            0.241430401802063
          ],
          [
            -0.8711104989051819,
            -0.4889693558216095,
            0.045714303851127625,
            1.3515607118606567
          ],
          [
            0.0,
            0.0,
            0.0,
            1.0
          ]
        ]
      },
      "bone_length_armature_space": 0.26752499937061597,
      "parent": "upperarm_l",
      "has_children": true,
      "is_end_bone": false
    },
    "metacarpal_thumb_l": {
      "name": "metacarpal_thumb_l",
      "local": {
        "location": {
          "x": 0.0,
          "y": 0.0,
          "z": 0.0
        },
        "rotation_quaternion": {
          "w": 0.9994583129882812,
          "x": -0.02632047049701214,
          "y": -0.015323515050113201,
          "z": -0.012474054470658302
        },
        "scale": {
          "x": 1.0,
          "y": 1.0,
          "z": 1.0
        },
        "matrix_basis": [
          [
            0.9992191791534424,
            0.02574124000966549,
            -0.02997378259897232,
            0.0
          ],
          [
            -0.02412795089185238,
            0.998303234577179,
            0.05299472063779831,
            0.0
          ],
          [
            0.03128707408905029,
            -0.05223013460636139,
            0.9981448650360107,
            0.0
          ],
          [
            0.0,
            0.0,
            0.0,
            1.0
          ]
        ],
        "rotation_mode": "QUATERNION"
      },
      "armature_space": {
        "head": {
          "x": 0.6061450242996216,
          "y": 0.04964090883731842,
          "z": 0.27089545130729675
        },
        "tail": {
          "x": 0.6176456212997437,
          "y": 0.007918503135442734,
          "z": 0.24680039286613464
        }
      },
      "world_space": {
        "head": {
          "x": 0.6061450242996216,
          "y": 0.11288490891456604,
          "z": 1.2207494974136353
        },
        "tail": {
          "x": 0.6176456212997437,
          "y": 0.07116250693798065,
          "z": 1.1966544389724731
        },
        "rotation_quaternion": {
          "w": 0.21201205253601074,
          "x": -0.9250540137290955,
          "y": -0.18411701917648315,
          "z": 0.25578686594963074
        },
        "matrix": [
          [
            0.8013476729393005,
            0.23217728734016418,
            -0.5513032674789429,
            0.6061450242996216
          ],
          [
            0.44909635186195374,
            -0.842303991317749,
            0.29805469512939453,
            0.11288490891456604
          ],
          [
            -0.39516597986221313,
            -0.48643791675567627,
            -0.7792536020278931,
            1.2207494974136353
          ],
          [
            0.0,
            0.0,
            0.0,
            1.0
          ]
        ]
      },
      "bone_length_armature_space": 0.049533773046889995,
      "parent": "lowerarm_l",
      "has_children": true,
      "is_end_bone": false
    },
    "thumb_01_l": {
      "name": "thumb_01_l",
      "local": {
        "location": {
          "x": 0.0,
          "y": 0.0,
          "z": 0.0
        },
        "rotation_quaternion": {
          "w": 0.9994933009147644,
          "x": -0.028005355969071388,
          "y": 0.012895530089735985,
          "z": 0.007910397835075855
        },
        "scale": {
          "x": 1.0,
          "y": 1.0,
          "z": 1.0
        },
        "matrix_basis": [
          [
            0.999542236328125,
            -0.016535067930817604,
            0.025334924459457397,
            0.0
          ],
          [
            0.015090491622686386,
            0.9983062744140625,
            0.05618634819984436,
            0.0
          ],
          [
            -0.026221059262752533,
            -0.05577831342816353,
            0.9980987906455994,
            0.0
          ],
          [
            0.0,
            0.0,
            0.0,
            1.0
          ]
        ],
        "rotation_mode": "QUATERNION"
      },
      "armature_space": {
        "head": {
          "x": 0.6176456212997437,
          "y": 0.007918503135442734,
          "z": 0.24680039286613464
        },
        "tail": {
          "x": 0.6039119362831116,
          "y": -0.005610868334770203,
          "z": 0.21874724328517914
        }
      },
      "world_space": {
        "head": {
          "x": 0.6176456212997437,
          "y": 0.07116250693798065,
          "z": 1.1966544389724731
        },
        "tail": {
          "x": 0.6039119362831116,
          "y": 0.05763313174247742,
          "z": 1.1686012744903564
        },
        "rotation_quaternion": {
          "w": 0.37736761569976807,
          "x": -0.7830674648284912,
          "y": 0.39856964349746704,
          "z": -0.2924746870994568
        },
        "matrix": [
          [
            0.5112001895904541,
            -0.40347352623939514,
            0.7588696479797363,
            0.6176456212997437
          ],
          [
            -0.8449555039405823,
            -0.39747169613838196,
            0.3578639626502991,
            0.07116250693798065
          ],
          [
            0.15724097192287445,
            -0.8241574764251709,
            -0.544108510017395,
            1.1966544389724731
          ],
          [
            0.0,
            0.0,
            0.0,
            1.0
          ]
        ]
      },
      "bone_length_armature_space": 0.03403876066325777,
      "parent": "metacarpal_thumb_l",
      "has_children": true,
      "is_end_bone": false
    },
    "thumb_02_l": {
      "name": "thumb_02_l",
      "local": {
        "location": {
          "x": 0.0,
          "y": 0.0,
          "z": 0.0
        },
        "rotation_quaternion": {
          "w": 0.9934759140014648,
          "x": 0.11375179141759872,
          "y": 0.006938211619853973,
          "z": 0.004240999463945627
        },
        "scale": {
          "x": 1.0,
          "y": 1.0,
          "z": 1.0
        },
        "matrix_basis": [
          [
            0.9998677372932434,
            -0.00684819370508194,
            0.014750734902918339,
            0.0
          ],
          [
            0.010005129501223564,
            0.9740850925445557,
            -0.22596047818660736,
            0.0
          ],
          [
            -0.012821049429476261,
            0.22607818245887756,
            0.974024772644043,
            0.0
          ],
          [
            0.0,
            0.0,
            0.0,
            1.0
          ]
        ],
        "rotation_mode": "QUATERNION"
      },
      "armature_space": {
        "head": {
          "x": 0.6039118766784668,
          "y": -0.005610848776996136,
          "z": 0.21874728798866272
        },
        "tail": {
          "x": 0.6340327262878418,
          "y": -0.02301672473549843,
          "z": 0.1986735761165619
        }
      },
      "world_space": {
        "head": {
          "x": 0.6039118766784668,
          "y": 0.05763315036892891,
          "z": 1.1686012744903564
        },
        "tail": {
          "x": 0.6340327262878418,
          "y": 0.04022727534174919,
          "z": 1.1485276222229004
        },
        "rotation_quaternion": {
          "w": 0.5302211046218872,
          "x": -0.4058483839035034,
          "y": 0.0467107892036438,
          "z": -0.7429474592208862
        },
        "matrix": [
          [
            -0.10830336809158325,
            0.7499396204948425,
            0.6525800228118896,
            0.6039118766784668
          ],
          [
            -0.825767457485199,
            -0.43336570262908936,
            0.36097434163093567,
            0.05763315036892891
          ],
          [
            0.5535180568695068,
            -0.49978870153427124,
            0.6662156581878662,
            1.1686012744903564
          ],
          [
            0.0,
            0.0,
            0.0,
            1.0
          ]
        ]
      },
      "bone_length_armature_space": 0.04016446147620643,
      "parent": "thumb_01_l",
      "has_children": true,
      "is_end_bone": false
    },
    "thumb_03_l": {
      "name": "thumb_03_l",
      "local": {
        "location": {
          "x": 0.0,
          "y": 0.0,
          "z": 0.0
        },
        "rotation_quaternion": {
          "w": 0.9977313280105591,
          "x": 0.06662648916244507,
          "y": -0.007705712225288153,
          "z": -0.00581356231123209
        },
        "scale": {
          "x": 1.0,
          "y": 1.0,
          "z": 1.0
        },
        "matrix_basis": [
          [
            0.9998136758804321,
            0.010573937557637691,
            -0.01615113578736782,
            0.0
          ],
          [
            -0.012627555988729,
            0.9910542368888855,
            -0.13286107778549194,
            0.0
          ],
          [
            0.014601786620914936,
            0.13304026424884796,
            0.9910030364990234,
            0.0
          ],
          [
            0.0,
            0.0,
            0.0,
            1.0
          ]
        ],
        "rotation_mode": "QUATERNION"
      },
      "armature_space": {
        "head": {
          "x": 0.634032666683197,
          "y": -0.02301677316427231,
          "z": 0.1986735761165619
        },
        "tail": {
          "x": 0.6629555821418762,
          "y": -0.028415756300091743,
          "z": 0.19085009396076202
        }
      },
      "world_space": {
        "head": {
          "x": 0.634032666683197,
          "y": 0.04022722691297531,
          "z": 1.1485276222229004
        },
        "tail": {
          "x": 0.6629555821418762,
          "y": 0.034828245639801025,
          "z": 1.1407041549682617
        },
        "rotation_quaternion": {
          "w": 0.639947235584259,
          "x": -0.15091195702552795,
          "y": 0.04241854324936867,
          "z": -0.7522592544555664
        },
        "matrix": [
          [
            -0.13538560271263123,
            0.9500095844268799,
            0.28134047985076904,
            0.634032666683197
          ],
          [
            -0.9756150245666504,
            -0.17733632028102875,
            0.1293340027332306,
            0.04022722691297531
          ],
          [
            0.17276081442832947,
            -0.25697219371795654,
            0.9508591890335083,
            1.1485276222229004
          ],
          [
            0.0,
            0.0,
            0.0,
            1.0
          ]
        ]
      },
      "bone_length_armature_space": 0.03044488399775359,
      "parent": "thumb_02_l",
      "has_children": false,
      "is_end_bone": true
    },
    "metacarpal_index_l": {
      "name": "metacarpal_index_l",
      "local": {
        "location": {
          "x": 0.0,
          "y": 0.0,
          "z": 0.0
        },
        "rotation_quaternion": {
          "w": 0.9982357025146484,
          "x": -0.057008106261491776,
          "y": -0.005792785435914993,
          "z": -0.015559108927845955
        },
        "scale": {
          "x": 1.0,
          "y": 1.0,
          "z": 1.0
        },
        "matrix_basis": [
          [
            0.9994487166404724,
            0.031723786145448685,
            -0.009791139513254166,
            0.0
          ],
          [
            -0.03040284477174282,
            0.9930160045623779,
            0.11399531364440918,
            0.0
          ],
          [
            0.013339120894670486,
            -0.11363479495048523,
            0.9934330582618713,
            0.0
          ],
          [
            0.0,
            0.0,
            0.0,
            1.0
          ]
        ],
        "rotation_mode": "QUATERNION"
      },
      "armature_space": {
        "head": {
          "x": 0.6061450242996216,
          "y": 0.04964090883731842,
          "z": 0.27089545130729675
        },
        "tail": {
          "x": 0.6771972179412842,
          "y": -0.027417078614234924,
          "z": 0.21852262318134308
        }
      },
      "world_space": {
        "head": {
          "x": 0.6061450242996216,
          "y": 0.11288490891456604,
          "z": 1.2207494974136353
        },
        "tail": {
          "x": 0.6771972179412842,
          "y": 0.035826921463012695,
          "z": 1.1683766841888428
        },
        "rotation_quaternion": {
          "w": 0.058289214968681335,
          "x": -0.8016241192817688,
          "y": -0.4096057713031769,
          "z": 0.43153709173202515
        },
        "matrix": [
          [
            0.2919962406158447,
            0.6063938736915588,
            -0.7396108508110046,
            0.6061450242996216
          ],
          [
            0.7070078253746033,
            -0.6576499938964844,
            -0.2600707709789276,
            0.11288490891456604
          ],
          [
            -0.6441143751144409,
            -0.4469749331474304,
            -0.6207612752914429,
            1.2207494974136353
          ],
          [
            0.0,
            0.0,
            0.0,
            1.0
          ]
        ]
      },
      "bone_length_armature_space": 0.11717192824538379,
      "parent": "lowerarm_l",
      "has_children": true,
      "is_end_bone": false
    },
    "index_01_l": {
      "name": "index_01_l",
      "local": {
        "location": {
          "x": 0.0,
          "y": 0.0,
          "z": 0.0
        },
        "rotation_quaternion": {
          "w": 0.9929742217063904,
          "x": -0.1142694503068924,
          "y": -0.02824387140572071,
          "z": -0.012122035026550293
        },
        "scale": {
          "x": 1.0,
          "y": 1.0,
          "z": 1.0
        },
        "matrix_basis": [
          [
            0.9981106519699097,
            0.030528560280799866,
            -0.053320515900850296,
            0.0
          ],
          [
            -0.01761891320347786,
            0.9735910892486572,
            0.22761797904968262,
            0.0
          ],
          [
            0.058861229568719864,
            -0.22624848783016205,
            0.9722895622253418,
            0.0
          ],
          [
            0.0,
            0.0,
            0.0,
            1.0
          ]
        ],
        "rotation_mode": "QUATERNION"
      },
      "armature_space": {
        "head": {
          "x": 0.6771972179412842,
          "y": -0.027417078614234924,
          "z": 0.21852262318134308
        },
        "tail": {
          "x": 0.7025765180587769,
          "y": -0.03397457301616669,
          "z": 0.20729932188987732
        }
      },
      "world_space": {
        "head": {
          "x": 0.6771972179412842,
          "y": 0.035826921463012695,
          "z": 1.1683766841888428
        },
        "tail": {
          "x": 0.7025765180587769,
          "y": 0.029269427061080933,
          "z": 1.1571533679962158
        },
        "rotation_quaternion": {
          "w": 0.006788420956581831,
          "x": 0.7136985659599304,
          "y": 0.6204572319984436,
          "z": -0.32499396800994873
        },
        "matrix": [
          [
            0.01882137358188629,
            0.890052318572998,
            -0.45546919107437134,
            0.6771972179412842
          ],
          [
            0.8812257051467896,
            -0.22997164726257324,
            -0.4129825532436371,
            0.035826921463012695
          ],
          [
            -0.47232362627983093,
            -0.3936014771461487,
            -0.7886715531349182,
            1.1683766841888428
          ],
          [
            0.0,
            0.0,
            0.0,
            1.0
          ]
        ]
      },
      "bone_length_armature_space": 0.028514419029136828,
      "parent": "metacarpal_index_l",
      "has_children": true,
      "is_end_bone": false
    },
    "index_02_l": {
      "name": "index_02_l",
      "local": {
        "location": {
          "x": 0.0,
          "y": 0.0,
          "z": 0.0
        },
        "rotation_quaternion": {
          "w": 0.9998701214790344,
          "x": 0.015742961317300797,
          "y": 0.0011698976159095764,
          "z": 0.003273302223533392
        },
        "scale": {
          "x": 1.0,
          "y": 1.0,
          "z": 1.0
        },
        "matrix_basis": [
          [
            0.999975860118866,
            -0.006508918944746256,
            0.0024425543379038572,
            0.0
          ],
          [
            0.006582589354366064,
            0.9994828701019287,
            -0.031474173069000244,
            0.0
          ],
          [
            -0.002236428437754512,
            0.03148949146270752,
            0.9995015859603882,
            0.0
          ],
          [
            0.0,
            0.0,
            0.0,
            1.0
          ]
        ],
        "rotation_mode": "QUATERNION"
      },
      "armature_space": {
        "head": {
          "x": 0.7025766968727112,
          "y": -0.03397500142455101,
          "z": 0.20729903876781464
        },
        "tail": {
          "x": 0.7254561185836792,
          "y": -0.03932545334100723,
          "z": 0.1970035433769226
        }
      },
      "world_space": {
        "head": {
          "x": 0.7025766968727112,
          "y": 0.02926899865269661,
          "z": 1.1571530103683472
        },
        "tail": {
          "x": 0.7254561185836792,
          "y": 0.023918546736240387,
          "z": 1.146857500076294
        },
        "rotation_quaternion": {
          "w": 0.024356357753276825,
          "x": 0.6960097551345825,
          "y": 0.6285870671272278,
          "z": -0.34620171785354614
        },
        "matrix": [
          [
            -0.029956799000501633,
            0.89187091588974,
            -0.45129647850990295,
            0.7025766968727112
          ],
          [
            0.8581399321556091,
            -0.20856799185276031,
            -0.46914342045783997,
            0.02926899865269661
          ],
          [
            -0.5125441551208496,
            -0.401332825422287,
            -0.7591080069541931,
            1.1571530103683472
          ],
          [
            0.0,
            0.0,
            0.0,
            1.0
          ]
        ]
      },
      "bone_length_armature_space": 0.025653313982385652,
      "parent": "index_01_l",
      "has_children": true,
      "is_end_bone": false
    },
    "index_03_l": {
      "name": "index_03_l",
      "local": {
        "location": {
          "x": 0.0,
          "y": 0.0,
          "z": 0.0
        },
        "rotation_quaternion": {
          "w": 0.9983341097831726,
          "x": 0.05734263360500336,
          "y": -0.005422801245003939,
          "z": -0.0034111770801246166
        },
        "scale": {
          "x": 1.0,
          "y": 1.0,
          "z": 1.0
        },
        "matrix_basis": [
          [
            0.9999179244041443,
            0.0061890734359622,
            -0.01121874712407589,
            0.0
          ],
          [
            -0.007432904094457626,
            0.9934003949165344,
            -0.11445721983909607,
            0.0
          ],
          [
            0.01043632347136736,
            0.11453121155500412,
            0.9933648109436035,
            0.0
          ],
          [
            0.0,
            0.0,
            0.0,
            1.0
          ]
        ],
        "rotation_mode": "QUATERNION"
      },
      "armature_space": {
        "head": {
          "x": 0.725456178188324,
          "y": -0.03932540491223335,
          "z": 0.19700366258621216
        },
        "tail": {
          "x": 0.7481022477149963,
          "y": -0.04540689289569855,
          "z": 0.179570734500885
        }
      },
      "world_space": {
        "head": {
          "x": 0.725456178188324,
          "y": 0.023918595165014267,
          "z": 1.146857738494873
        },
        "tail": {
          "x": 0.7481022477149963,
          "y": 0.017837107181549072,
          "z": 1.129424810409546
        },
        "rotation_quaternion": {
          "w": 0.08174139261245728,
          "x": -0.6722440719604492,
          "y": -0.6238980293273926,
          "z": 0.39007362723350525
        },
        "matrix": [
          [
            -0.08281560242176056,
            0.7750545740127563,
            -0.6264435052871704,
            0.725456178188324
          ],
          [
            0.9025930166244507,
            -0.20813702046871185,
            -0.37683558464050293,
            0.023918595165014267
          ],
          [
            -0.4224563539028168,
            -0.596636176109314,
            -0.682327151298523,
            1.146857738494873
          ],
          [
            0.0,
            0.0,
            0.0,
            1.0
          ]
        ]
      },
      "bone_length_armature_space": 0.02921876011495826,
      "parent": "index_02_l",
      "has_children": false,
      "is_end_bone": true
    },
    "metacarpal_pinky_l": {
      "name": "metacarpal_pinky_l",
      "local": {
        "location": {
          "x": 0.0,
          "y": 0.0,
          "z": 0.0
        },
        "rotation_quaternion": {
          "w": 0.9981316328048706,
          "x": -0.05779343470931053,
          "y": 0.014317969791591167,
          "z": -0.013724085874855518
        },
        "scale": {
          "x": 1.0,
          "y": 1.0,
          "z": 1.0
        },
        "matrix_basis": [
          [
            0.9992132782936096,
            0.02574191987514496,
            0.03016876056790352,
            0.0
          ],
          [
            -0.029051857069134712,
            0.9929431080818176,
            0.11497791111469269,
            0.0
          ],
          [
            -0.02699611335992813,
            -0.11576391011476517,
            0.992909848690033,
            0.0
          ],
          [
            0.0,
            0.0,
            0.0,
            1.0
          ]
        ],
        "rotation_mode": "QUATERNION"
      },
      "armature_space": {
        "head": {
          "x": 0.6061450242996216,
          "y": 0.04964090883731842,
          "z": 0.27089545130729675
        },
        "tail": {
          "x": 0.6889719367027283,
          "y": 0.03245803713798523,
          "z": 0.21016886830329895
        }
      },
      "world_space": {
        "head": {
          "x": 0.6061450242996216,
          "y": 0.11288490891456604,
          "z": 1.2207494974136353
        },
        "tail": {
          "x": 0.6889719367027283,
          "y": 0.09570203721523285,
          "z": 1.1600228548049927
        },
        "rotation_quaternion": {
          "w": 0.5356061458587646,
          "x": -0.029794106259942055,
          "y": 0.3614128530025482,
          "z": -0.762639582157135
        },
        "matrix": [
          [
            -0.42447447776794434,
            0.7954126596450806,
            0.43259650468826294,
            0.6061450242996216
          ],
          [
            -0.8384868502616882,
            -0.1650124341249466,
            -0.5193371772766113,
            0.11288490891456604
          ],
          [
            -0.3417067229747772,
            -0.5831762552261353,
            0.7369914054870605,
            1.2207494974136353
          ],
          [
            0.0,
            0.0,
            0.0,
            1.0
          ]
        ]
      },
      "bone_length_armature_space": 0.10413100726864732,
      "parent": "lowerarm_l",
      "has_children": true,
      "is_end_bone": false
    },
    "pinky_01_l": {
      "name": "pinky_01_l",
      "local": {
        "location": {
          "x": 0.0,
          "y": 0.0,
          "z": 0.0
        },
        "rotation_quaternion": {
          "w": 0.9664917588233948,
          "x": 0.25633999705314636,
          "y": 0.012480505742132664,
          "z": -0.005274745170027018
        },
        "scale": {
          "x": 1.0,
          "y": 1.0,
          "z": 1.0
        },
        "matrix_basis": [
          [
            0.9996328353881836,
            0.016594501212239265,
            0.021420355886220932,
            0.0
          ],
          [
            -0.0037974899169057608,
            0.8685239553451538,
            -0.4956326484680176,
            0.0
          ],
          [
            -0.026828868314623833,
            0.4953693151473999,
            0.8682680726051331,
            0.0
          ],
          [
            0.0,
            0.0,
            0.0,
            1.0
          ]
        ],
        "rotation_mode": "QUATERNION"
      },
      "armature_space": {
        "head": {
          "x": 0.6889719367027283,
          "y": 0.03245803713798523,
          "z": 0.21016886830329895
        },
        "tail": {
