{
  "metadata": {
    "armature_name": "KIM_caucasian_male",
    "export_time": "2026-01-13T21:16:04.097431",
    "blender_version": "4.4.1",
    "bone_count": 56,
    "end_bone_count": 13,
    "spaces_included": [
      "LOCAL_CHANNELS",
      "ARMATURE_SPACE",
      "WORLD_SPACE"
    ],
    "note": "LOCAL matches Transform panel; replay pose via local.matrix_basis for best fidelity."
  },
  "bones": {
    "Root": {
      "name": "Root",
      "local": {
        "location": {
          "x": 0.0,
          "y": 0.0,
          "z": 0.0
        },
        "rotation_quaternion": {
          "w": 0.9996030330657959,
          "x": 0.002305016154423356,
          "y": 0.009822585619986057,
          "z": -0.02630820870399475
        },
        "scale": {
          "x": 1.0,
          "y": 1.0,
          "z": 1.0
        },
        "matrix_basis": [
          [
            0.9984228014945984,
            0.05264081433415413,
            0.01951609179377556,
            0.0
          ],
          [
            -0.05255024880170822,
            0.9986051321029663,
            -0.005125031340867281,
            0.0
          ],
          [
            -0.01975865475833416,
            0.0040913731791079044,
            0.9997963905334473,
            0.0
          ],
          [
            0.0,
            0.0,
            0.0,
            1.0
          ]
        ],
        "rotation_mode": "QUATERNION"
      },
      "armature_space": {
        "head": {
          "x": 0.0,
          "y": 0.07072800397872925,
          "z": -0.009595036506652832
        },
        "tail": {
          "x": 0.003757283790037036,
          "y": 5.940347909927368e-05,
          "z": -0.00030276086181402206
        }
      },
      "world_space": {
        "head": {
          "x": 0.0,
          "y": 0.13397200405597687,
          "z": 0.9402589797973633
        },
        "tail": {
          "x": 0.003757283790037036,
          "y": 0.0633034035563469,
          "z": 0.9495512843132019
        },
        "rotation_quaternion": {
          "w": 0.06504112482070923,
          "x": 0.9974874258041382,
          "y": 0.026910170912742615,
          "z": 0.008027942851185799
        },
        "matrix": [
          [
            0.9984228014945984,
            0.05264081433415413,
            0.01951609179377556,
            0.0
          ],
          [
            0.0547294095158577,
            -0.9900909662246704,
            -0.129323810338974,
            0.13397200405597687
          ],
          [
            0.012515134178102016,
            0.13018791377544403,
            -0.991417407989502,
            0.9402589797973633
          ],
          [
            0.0,
            0.0,
            0.0,
            1.0
          ]
        ]
      },
      "bone_length_armature_space": 0.07137586870314581,
      "parent": null,
      "has_children": true,
      "is_end_bone": false
    },
    "spine_01": {
      "name": "spine_01",
      "local": {
        "location": {
          "x": 0.0,
          "y": 0.0,
          "z": 0.0
        },
        "rotation_quaternion": {
          "w": 0.9987644553184509,
          "x": 0.020972784608602524,
          "y": -0.03968608006834984,
          "z": -0.02132454887032509
        },
        "scale": {
          "x": 1.0,
          "y": 1.0,
          "z": 1.0
        },
        "matrix_basis": [
          [
            0.9959405660629272,
            0.04093174636363983,
            -0.08016856014728546,
            0.0
          ],
          [
            -0.044261056929826736,
            0.9982107877731323,
            -0.04020116850733757,
            0.0
          ],
          [
            0.07837962359189987,
            0.04358631744980812,
            0.9959703087806702,
            0.0
          ],
          [
            0.0,
            0.0,
            0.0,
            1.0
          ]
        ],
        "rotation_mode": "QUATERNION"
      },
      "armature_space": {
        "head": {
          "x": 0.003757283790037036,
          "y": 5.940347909927368e-05,
          "z": -0.00030276086181402206
        },
        "tail": {
          "x": 0.01763816736638546,
          "y": 0.0002583958557806909,
          "z": 0.48750436305999756
        }
      },
      "world_space": {
        "head": {
          "x": 0.003757283790037036,
          "y": 0.0633034035563469,
          "z": 0.9495512843132019
        },
        "tail": {
          "x": 0.01763816736638546,
          "y": 0.06350239366292953,
          "z": 1.4373583793640137
        },
        "rotation_quaternion": {
          "w": 0.7072499990463257,
          "x": 0.7067052721977234,
          "y": 0.0010298643028363585,
          "z": -0.01908007077872753
        },
        "matrix": [
          [
            0.9992697238922119,
            0.028444360941648483,
            -0.025511424988508224,
            0.003757283790037036
          ],
          [
            -0.02553335204720497,
            0.0004077702760696411,
            -0.9996739625930786,
            0.0633034035563469
          ],
          [
            -0.028424907475709915,
            0.9996022582054138,
            0.0011328384280204773,
            0.9495512843132019
          ],
          [
            0.0,
            0.0,
            0.0,
            1.0
          ]
        ]
      },
      "bone_length_armature_space": 0.4880046231981096,
      "parent": "Root",
      "has_children": true,
      "is_end_bone": false
    },
    "neck_01": {
      "name": "neck_01",
      "local": {
        "location": {
          "x": 0.0,
          "y": 0.0,
          "z": 0.0
        },
        "rotation_quaternion": {
          "w": 0.9856071472167969,
          "x": -0.14478245377540588,
          "y": -0.02095414325594902,
          "z": 0.0847209244966507
        },
        "scale": {
          "x": 1.0,
          "y": 1.0,
          "z": 1.0
        },
        "matrix_basis": [
          [
            0.9847666025161743,
            -0.16093550622463226,
            -0.0658373162150383,
            0.0
          ],
          [
            0.17307068407535553,
            0.943720817565918,
            0.2818467319011688,
            0.0
          ],
          [
            0.01677289977669716,
            -0.2889477610588074,
            0.957197904586792,
            0.0
          ],
          [
            0.0,
            0.0,
            0.0,
            1.0
          ]
        ],
        "rotation_mode": "QUATERNION"
      },
      "armature_space": {
        "head": {
          "x": 0.018836071714758873,
          "y": -0.03438088297843933,
          "z": 0.5607330203056335
        },
        "tail": {
          "x": 0.005028611049056053,
          "y": -0.04324384778738022,
          "z": 0.6619336605072021
        }
      },
      "world_space": {
        "head": {
          "x": 0.018836071714758873,
          "y": 0.02886311709880829,
          "z": 1.5105869770050049
        },
        "tail": {
          "x": 0.005028611049056053,
          "y": 0.0200001522898674,
          "z": 1.6117876768112183
        },
        "rotation_quaternion": {
          "w": 0.6708225607872009,
          "x": 0.7369706034660339,
          "y": -0.08229140192270279,
          "z": 0.009977399371564388
        },
        "matrix": [
          [
            0.9862570762634277,
            -0.1346789002418518,
            -0.09570059180259705,
            0.018836071714758873
          ],
          [
            -0.10790737718343735,
            -0.08644995093345642,
            -0.990395188331604,
            0.02886311709880829
          ],
          [
            0.12511278688907623,
            0.9871176481246948,
            -0.09979638457298279,
            1.5105869770050049
          ],
          [
            0.0,
            0.0,
            0.0,
            1.0
          ]
        ]
      },
      "bone_length_armature_space": 0.10252203697110777,
      "parent": "spine_01",
      "has_children": true,
      "is_end_bone": false
    },
    "head": {
      "name": "head",
      "local": {
        "location": {
          "x": 0.0,
          "y": 0.0,
          "z": 0.0
        },
        "rotation_quaternion": {
          "w": 0.9747589826583862,
          "x": -0.1214027851819992,
          "y": 0.10221663862466812,
          "z": -0.15702900290489197
        },
        "scale": {
          "x": 1.0,
          "y": 1.0,
          "z": 1.0
        },
        "matrix_basis": [
          [
            0.929787278175354,
            0.28131207823753357,
            0.23740069568157196,
            0.0
          ],
          [
            -0.3309496343135834,
            0.921206533908844,
            0.20457495748996735,
            0.0
          ],
          [
            -0.1611456573009491,
            -0.26877886056900024,
            0.9496262669563293,
            0.0
          ],
          [
            0.0,
            0.0,
            0.0,
            1.0
          ]
        ],
        "rotation_mode": "QUATERNION"
      },
      "armature_space": {
        "head": {
          "x": 0.0050286054611206055,
          "y": -0.04324399307370186,
          "z": 0.6619335412979126
        },
        "tail": {
          "x": 0.04082336276769638,
          "y": 0.03135735169053078,
          "z": 0.7931075096130371
        }
      },
      "world_space": {
        "head": {
          "x": 0.0050286054611206055,
          "y": 0.02000000700354576,
          "z": 1.6117875576019287
        },
        "tail": {
          "x": 0.04082336276769638,
          "y": 0.0946013480424881,
          "z": 1.7429615259170532
        },
        "rotation_quaternion": {
          "w": 0.8553398847579956,
          "x": 0.5031747817993164,
          "y": 0.09435557574033737,
          "z": -0.07940985262393951
        },
        "matrix": [
          [
            0.9695823192596436,
            0.230799600481987,
            0.08149705827236176,
            0.0050286054611206055
          ],
          [
            -0.04089133441448212,
            0.4810190200805664,
            -0.8757560849189758,
            0.02000000700354576
          ],
          [
            -0.24132749438285828,
            0.8457914590835571,
            0.47582757472991943,
            1.6117875576019287
          ],
          [
            0.0,
            0.0,
            0.0,
            1.0
          ]
        ]
      },
      "bone_length_armature_space": 0.1550910526335458,
      "parent": "neck_01",
      "has_children": false,
      "is_end_bone": true
    },
    "upperarm_l": {
      "name": "upperarm_l",
      "local": {
        "location": {
          "x": 0.0,
          "y": 0.0,
          "z": 0.0
        },
        "rotation_quaternion": {
          "w": 0.9164997935295105,
          "x": 0.12734898924827576,
          "y": 0.3781754672527313,
          "z": 0.028173333033919334
        },
        "scale": {
          "x": 1.0,
          "y": 1.0,
          "z": 1.0
        },
        "matrix_basis": [
          [
            0.7123791575431824,
            0.04467881843447685,
            0.7003711462020874,
            0.0
          ],
          [
            0.14796222746372223,
            0.9659770131111145,
            -0.21212172508239746,
            0.0
          ],
          [
            -0.686019778251648,
            0.25473958253860474,
            0.6815311312675476,
            0.0
          ],
          [
            0.0,
            0.0,
            0.0,
            1.0
          ]
        ],
        "rotation_mode": "QUATERNION"
      },
      "armature_space": {
        "head": {
          "x": 0.1667335033416748,
          "y": -0.04142637923359871,
          "z": 0.48929187655448914
        },
        "tail": {
          "x": 0.4254719913005829,
          "y": -0.10584881901741028,
          "z": 0.4626130163669586
        }
      },
      "world_space": {
        "head": {
          "x": 0.1667335033416748,
          "y": 0.02181762084364891,
          "z": 1.4391459226608276
        },
        "tail": {
          "x": 0.4254719913005829,
          "y": -0.04260481894016266,
          "z": 1.4124670028686523
        },
        "rotation_quaternion": {
          "w": 0.1983046531677246,
          "x": 0.7157219648361206,
          "y": 0.5834973454475403,
          "z": -0.3285549581050873
        },
        "matrix": [
          [
            0.103163942694664,
            0.9655522704124451,
            -0.23888462781906128,
            0.1667335033416748
          ],
          [
            0.7049353122711182,
            -0.24040968716144562,
            -0.6672853827476501,
            0.02181762084364891
          ],
          [
            -0.7017332315444946,
            -0.09955937415361404,
            -0.7054589986801147,
            1.4391459226608276
          ],
          [
            0.0,
            0.0,
            0.0,
            1.0
          ]
        ]
      },
      "bone_length_armature_space": 0.26796943475309776,
      "parent": "spine_01",
      "has_children": true,
      "is_end_bone": false
    },
    "lowerarm_l": {
      "name": "lowerarm_l",
      "local": {
        "location": {
          "x": 0.0,
          "y": 0.0,
          "z": 0.0
        },
        "rotation_quaternion": {
          "w": 0.9032518863677979,
          "x": 0.3677099049091339,
          "y": 0.13709916174411774,
          "z": -0.17357853055000305
        },
        "scale": {
          "x": 1.0,
          "y": 1.0,
          "z": 1.0
        },
        "matrix_basis": [
          [
            0.9021486043930054,
            0.4143957197666168,
            0.12001706659793854,
            0.0
          ],
          [
            -0.2127448320388794,
            0.6693198680877686,
            -0.7118642926216125,
            0.0
          ],
          [
            -0.37532323598861694,
            0.6166743636131287,
            0.6919865012168884,
            0.0
          ],
          [
            0.0,
            0.0,
            0.0,
            1.0
          ]
        ],
        "rotation_mode": "QUATERNION"
      },
      "armature_space": {
        "head": {
          "x": 0.42547208070755005,
          "y": -0.10584896057844162,
          "z": 0.462613046169281
        },
        "tail": {
          "x": 0.5429248809814453,
          "y": -0.22525373101234436,
          "z": 0.25400489568710327
        }
      },
      "world_space": {
        "head": {
          "x": 0.42547208070755005,
          "y": -0.042604960501194,
          "z": 1.4124670028686523
        },
        "tail": {
          "x": 0.5429248809814453,
          "y": -0.16200973093509674,
          "z": 1.2038588523864746
        },
        "rotation_quaternion": {
          "w": 0.22123457491397858,
          "x": -0.6901187896728516,
          "y": -0.47737690806388855,
          "z": 0.49689316749572754
        },
        "matrix": [
          [
            0.050415560603141785,
            0.43903571367263794,
            -0.8970539569854736,
            0.42547208070755005
          ],
          [
            0.878753662109375,
            -0.44633209705352783,
            -0.16905656456947327,
            -0.042604960501194
          ],
          [
            -0.4746081233024597,
            -0.779772162437439,
            -0.40830928087234497,
            1.4124670028686523
          ],
          [
            0.0,
            0.0,
            0.0,
            1.0
          ]
        ]
      },
      "bone_length_armature_space": 0.26752573391428075,
      "parent": "upperarm_l",
      "has_children": true,
      "is_end_bone": false
    },
    "metacarpal_thumb_l": {
      "name": "metacarpal_thumb_l",
      "local": {
        "location": {
          "x": 0.0,
          "y": 0.0,
          "z": 0.0
        },
        "rotation_quaternion": {
          "w": 0.9994416236877441,
          "x": -0.03148327022790909,
          "y": -0.010770268738269806,
          "z": 0.0030502749141305685
        },
        "scale": {
          "x": 1.0,
          "y": 1.0,
          "z": 1.0
        },
        "matrix_basis": [
          [
            0.9997494220733643,
            -0.00541897676885128,
            -0.02172057516872883,
            0.0
          ],
          [
            0.006775309797376394,
            0.9979990124702454,
            0.06286567449569702,
            0.0
          ],
          [
            0.021336443722248077,
            -0.06299708783626556,
            0.9977856278419495,
            0.0
          ],
          [
            0.0,
            0.0,
            0.0,
            1.0
          ]
        ],
        "rotation_mode": "QUATERNION"
      },
      "armature_space": {
        "head": {
          "x": 0.5429248809814453,
          "y": -0.22525373101234436,
          "z": 0.25400489568710327
        },
        "tail": {
          "x": 0.5341013073921204,
          "y": -0.24259105324745178,
          "z": 0.2084507942199707
        }
      },
      "world_space": {
        "head": {
          "x": 0.5429248809814453,
          "y": -0.16200973093509674,
          "z": 1.2038588523864746
        },
        "tail": {
          "x": 0.5341013073921204,
          "y": -0.17934705317020416,
          "z": 1.1583048105239868
        },
        "rotation_quaternion": {
          "w": 0.5659775733947754,
          "x": -0.819503128528595,
          "y": 0.06829550862312317,
          "z": 0.058479368686676025
        },
        "matrix": [
          [
            0.9838317036628723,
            -0.1781328320503235,
            -0.01853964850306511,
            0.5429248809814453
          ],
          [
            -0.04574180394411087,
            -0.35001081228256226,
            0.9356284141540527,
            -0.16200973093509674
          ],
          [
            -0.1731564849615097,
            -0.9196593761444092,
            -0.3525013327598572,
            1.2038588523864746
          ],
          [
            0.0,
            0.0,
            0.0,
            1.0
          ]
        ]
      },
      "bone_length_armature_space": 0.04953397222773332,
      "parent": "lowerarm_l",
      "has_children": true,
      "is_end_bone": false
    },
    "thumb_01_l": {
      "name": "thumb_01_l",
      "local": {
        "location": {
          "x": 0.0,
          "y": 0.0,
          "z": 0.0
        },
        "rotation_quaternion": {
          "w": 0.9963058233261108,
          "x": -0.08481895923614502,
          "y": -0.013402886688709259,
          "z": -0.0009528228547424078
        },
        "scale": {
          "x": 1.0,
          "y": 1.0,
          "z": 1.0
        },
        "matrix_basis": [
          [
            0.9996389150619507,
            0.004172243643552065,
            -0.02654511295258999,
            0.0
          ],
          [
            0.00037503187195397913,
            0.9856096506118774,
            0.16903679072856903,
            0.0
          ],
          [
            0.026868382468819618,
            -0.16898570954799652,
            0.9852522015571594,
            0.0
          ],
          [
            0.0,
            0.0,
            0.0,
            1.0
          ]
        ],
        "rotation_mode": "QUATERNION"
      },
      "armature_space": {
        "head": {
          "x": 0.5341013073921204,
          "y": -0.24259105324745178,
          "z": 0.2084507942199707
        },
        "tail": {
          "x": 0.5201594829559326,
          "y": -0.22705493867397308,
          "z": 0.18156421184539795
        }
      },
      "world_space": {
        "head": {
          "x": 0.5341013073921204,
          "y": -0.17934705317020416,
          "z": 1.1583048105239868
        },
        "tail": {
          "x": 0.5201594829559326,
          "y": -0.16381093859672546,
          "z": 1.131418228149414
        },
        "rotation_quaternion": {
          "w": 0.4875202775001526,
          "x": -0.46136921644210815,
          "y": 0.700384259223938,
          "z": -0.24274331331253052
        },
        "matrix": [
          [
            -0.09892396628856659,
            -0.4095895290374756,
            0.9068905115127563,
            0.5341013073921204
          ],
          [
            -0.882956862449646,
            0.45642685890197754,
            0.10982801020145416,
            -0.17934705317020416
          ],
          [
            -0.45891743898391724,
            -0.7898854613304138,
            -0.4068041443824768,
            1.1583048105239868
          ],
          [
            0.0,
            0.0,
            0.0,
            1.0
          ]
        ]
      },
      "bone_length_armature_space": 0.03403870829322572,
      "parent": "metacarpal_thumb_l",
      "has_children": true,
      "is_end_bone": false
    },
    "thumb_02_l": {
      "name": "thumb_02_l",
      "local": {
        "location": {
          "x": 0.0,
          "y": 0.0,
          "z": 0.0
        },
        "rotation_quaternion": {
          "w": 0.997300922870636,
          "x": 0.07280535995960236,
          "y": -0.009204907342791557,
          "z": -0.0023756350856274366
        },
        "scale": {
          "x": 1.0,
          "y": 1.0,
          "z": 1.0
        },
        "matrix_basis": [
          [
            0.999819278717041,
            0.003398112952709198,
            -0.01870604231953621,
            0.0
          ],
          [
            -0.006078779231756926,
            0.9893874526023865,
            -0.14517396688461304,
            0.0
          ],
          [
            0.01801420748233795,
            0.14526143670082092,
            0.9892293214797974,
            0.0
          ],
          [
            0.0,
            0.0,
            0.0,
            1.0
          ]
        ],
        "rotation_mode": "QUATERNION"
      },
      "armature_space": {
        "head": {
          "x": 0.5201594233512878,
          "y": -0.2270549088716507,
          "z": 0.18156425654888153
        },
        "tail": {
          "x": 0.5354576110839844,
          "y": -0.2412254363298416,
          "z": 0.14723703265190125
        }
      },
      "world_space": {
        "head": {
          "x": 0.5201594233512878,
          "y": -0.16381090879440308,
          "z": 1.131418228149414
        },
        "tail": {
          "x": 0.5354576110839844,
          "y": -0.177981436252594,
          "z": 1.0970910787582397
        },
        "rotation_quaternion": {
          "w": 0.3637305796146393,
          "x": -0.222928985953331,
          "y": 0.43737104535102844,
          "z": -0.7916497588157654
        },
        "matrix": [
          [
            -0.6360042691230774,
            0.3808895945549011,
            0.6711346507072449,
            0.5201594233512878
          ],
          [
            -0.7709009647369385,
            -0.3528132140636444,
            -0.5303159952163696,
            -0.16381090879440308
          ],
          [
            0.034792862832546234,
            -0.8546676635742188,
            0.5180217623710632,
            1.131418228149414
          ],
          [
            0.0,
            0.0,
            0.0,
            1.0
          ]
        ]
      },
      "bone_length_armature_space": 0.04016462034805415,
      "parent": "thumb_01_l",
      "has_children": true,
      "is_end_bone": false
    },
    "thumb_03_l": {
      "name": "thumb_03_l",
      "local": {
        "location": {
          "x": 0.0,
          "y": 0.0,
          "z": 0.0
        },
        "rotation_quaternion": {
          "w": 0.9983904361724854,
          "x": 0.056136034429073334,
          "y": 0.005340902134776115,
          "z": -0.006072111427783966
        },
        "scale": {
          "x": 1.0,
          "y": 1.0,
          "z": 1.0
        },
        "matrix_basis": [
          [
            0.9998692274093628,
            0.012724310159683228,
            0.009982882998883724,
            0.0
          ],
          [
            -0.011525041423738003,
            0.9936237335205078,
            -0.1121562197804451,
            0.0
          ],
          [
            -0.01134634017944336,
            0.11202649772167206,
            0.9936404228210449,
            0.0
          ],
          [
            0.0,
            0.0,
            0.0,
            1.0
          ]
        ],
        "rotation_mode": "QUATERNION"
      },
      "armature_space": {
        "head": {
          "x": 0.5354574918746948,
          "y": -0.2412254363298416,
          "z": 0.14723704755306244
        },
        "tail": {
          "x": 0.5556923747062683,
          "y": -0.2545933723449707,
          "z": 0.12883202731609344
        }
      },
      "world_space": {
        "head": {
          "x": 0.5354574918746948,
          "y": -0.177981436252594,
          "z": 1.0970910787582397
        },
        "tail": {
          "x": 0.5556923747062683,
          "y": -0.19134937226772308,
          "z": 1.078685998916626
        },
        "rotation_quaternion": {
          "w": 0.37275564670562744,
          "x": 0.04399963095784187,
          "y": 0.376177579164505,
          "z": -0.8471173048019409
        },
        "matrix": [
          [
            -0.7182336449623108,
            0.6646392345428467,
            0.2059009075164795,
            0.5354574918746948
          ],
          [
            -0.5984341502189636,
            -0.4390868842601776,
            -0.6701341271400452,
            -0.177981436252594
          ],
          [
            -0.35499200224876404,
            -0.6045355200767517,
            0.7131139039993286,
            1.0970910787582397
          ],
          [
            0.0,
            0.0,
            0.0,
            1.0
          ]
        ]
      },
      "bone_length_armature_space": 0.030444982490465258,
      "parent": "thumb_02_l",
      "has_children": false,
      "is_end_bone": true
    },
    "metacarpal_index_l": {
      "name": "metacarpal_index_l",
      "local": {
        "location": {
          "x": 0.0,
          "y": 0.0,
          "z": 0.0
        },
        "rotation_quaternion": {
          "w": 0.9990293979644775,
          "x": -0.04401707276701927,
          "y": 0.0014045208226889372,
          "z": -0.000932523631490767
        },
        "scale": {
          "x": 1.0,
          "y": 1.0,
          "z": 1.0
        },
        "matrix_basis": [
          [
            0.9999943375587463,
            0.0017395912436768413,
            0.002888409188017249,
            0.0
          ],
          [
            -0.001986882882192731,
            0.9961232542991638,
            0.0879460796713829,
            0.0
          ],
          [
            -0.002724221209064126,
            -0.08795131742954254,
            0.9961210489273071,
            0.0
          ],
          [
            0.0,
            0.0,
            0.0,
            1.0
          ]
        ],
        "rotation_mode": "QUATERNION"
      },
      "armature_space": {
        "head": {
          "x": 0.5429248809814453,
          "y": -0.22525373101234436,
          "z": 0.25400489568710327
        },
        "tail": {
          "x": 0.5657668113708496,
          "y": -0.282914400100708,
          "z": 0.15459232032299042
        }
      },
      "world_space": {
        "head": {
          "x": 0.5429248809814453,
          "y": -0.16200973093509674,
          "z": 1.2038588523864746
        },
        "tail": {
          "x": 0.5657668113708496,
          "y": -0.2196704000234604,
          "z": 1.104446291923523
        },
        "rotation_quaternion": {
          "w": 0.45333409309387207,
          "x": -0.8417568206787109,
          "y": -0.22008293867111206,
          "z": 0.19364184141159058
        },
        "matrix": [
          [
            0.8281322717666626,
            0.19494418799877167,
            -0.5255411863327026,
            0.5429248809814453
          ],
          [
            0.546082079410553,
            -0.49210384488105774,
            0.677959144115448,
            -0.16200973093509674
          ],
          [
            -0.12645696103572845,
            -0.8484348058700562,
            -0.5139854550361633,
            1.2038588523864746
          ],
          [
            0.0,
            0.0,
            0.0,
            1.0
          ]
        ]
      },
      "bone_length_armature_space": 0.11717237881616241,
      "parent": "lowerarm_l",
      "has_children": true,
      "is_end_bone": false
    },
    "index_01_l": {
      "name": "index_01_l",
      "local": {
        "location": {
          "x": 0.0,
          "y": 0.0,
          "z": 0.0
        },
        "rotation_quaternion": {
          "w": 0.9930164217948914,
          "x": -0.11621420085430145,
          "y": 0.008026059716939926,
          "z": -0.018664320930838585
        },
        "scale": {
          "x": 1.0,
          "y": 1.0,
          "z": 1.0
        },
        "matrix_basis": [
          [
            0.9991744756698608,
            0.03520246967673302,
            0.020278137177228928,
            0.0
          ],
          [
            -0.03893343731760979,
            0.9722918272018433,
            0.23050561547279358,
            0.0
          ],
          [
            -0.01160189975053072,
            -0.23110482096672058,
            0.9728596806526184,
            0.0
          ],
          [
            0.0,
            0.0,
            0.0,
            1.0
          ]
        ],
        "rotation_mode": "QUATERNION"
      },
      "armature_space": {
        "head": {
          "x": 0.5657668113708496,
          "y": -0.282914400100708,
          "z": 0.15459232032299042
        },
        "tail": {
          "x": 0.5843146443367004,
          "y": -0.29644790291786194,
          "z": 0.13768385350704193
        }
      },
      "world_space": {
        "head": {
          "x": 0.5657668113708496,
          "y": -0.2196704000234604,
          "z": 1.104446291923523
        },
        "tail": {
          "x": 0.5843146443367004,
          "y": -0.23320390284061432,
          "z": 1.0875378847122192
        },
        "rotation_quaternion": {
          "w": 0.3347418010234833,
          "x": -0.8583431839942932,
          "y": -0.38812047243118286,
          "z": 0.023612547665834427
        },
        "matrix": [
          [
            0.6976089477539062,
            0.6504730582237244,
            -0.3003773093223572,
            0.5657668113708496
          ],
          [
            0.6820908784866333,
            -0.47462064027786255,
            0.5563162565231323,
            -0.2196704000234604
          ],
          [
            0.21930566430091858,
            -0.5929803848266602,
            -0.7747859954833984,
            1.104446291923523
          ],
          [
            0.0,
            0.0,
            0.0,
            1.0
          ]
        ]
      },
      "bone_length_armature_space": 0.02851445354054212,
      "parent": "metacarpal_index_l",
      "has_children": true,
      "is_end_bone": false
    },
    "index_02_l": {
      "name": "index_02_l",
      "local": {
        "location": {
          "x": 0.0,
          "y": 0.0,
          "z": 0.0
        },
        "rotation_quaternion": {
          "w": 0.9980874061584473,
          "x": 0.06094450503587723,
          "y": -0.010369649156928062,
          "z": -0.00011555060336831957
        },
        "scale": {
          "x": 1.0,
          "y": 1.0,
          "z": 1.0
        },
        "matrix_basis": [
          [
            0.9997848868370056,
            -0.0010332870297133923,
            -0.020713716745376587,
            0.0
          ],
          [
            -0.0014946054434403777,
            0.9925715327262878,
            -0.1216534897685051,
            0.0
          ],
          [
            0.020685547962784767,
            0.12165828049182892,
            0.9923564791679382,
            0.0
          ],
          [
            0.0,
            0.0,
            0.0,
            1.0
          ]
        ],
        "rotation_mode": "QUATERNION"
      },
      "armature_space": {
        "head": {
          "x": 0.5843145847320557,
          "y": -0.29644808173179626,
          "z": 0.13768334686756134
        },
        "tail": {
          "x": 0.6006568670272827,
          "y": -0.3069497346878052,
          "z": 0.12092804908752441
        }
      },
      "world_space": {
        "head": {
          "x": 0.5843145847320557,
          "y": -0.23320408165454865,
          "z": 1.087537407875061
        },
        "tail": {
          "x": 0.6006568670272827,
          "y": -0.24370573461055756,
          "z": 1.0707820653915405
        },
        "rotation_quaternion": {
          "w": 0.35423415899276733,
          "x": -0.8362177014350891,
          "y": -0.41210854053497314,
          "z": 0.07365314662456512
        },
        "matrix": [
          [
            0.649482250213623,
            0.6370440721511841,
            -0.4151476323604584,
            0.5843145847320557
          ],
          [
            0.7414074540138245,
            -0.40936917066574097,
            0.5317259430885315,
            -0.23320408165454865
          ],
          [
            0.16878610849380493,
            -0.6531449556350708,
            -0.7381916642189026,
            1.087537407875061
          ],
          [
            0.0,
            0.0,
            0.0,
            1.0
          ]
        ]
      },
      "bone_length_armature_space": 0.02565336063888937,
      "parent": "index_01_l",
      "has_children": true,
      "is_end_bone": false
    },
    "index_03_l": {
      "name": "index_03_l",
      "local": {
        "location": {
          "x": 0.0,
          "y": 0.0,
          "z": 0.0
        },
        "rotation_quaternion": {
          "w": 0.9991798996925354,
          "x": 0.0401749350130558,
          "y": 0.004529084078967571,
          "z": 0.0022486618254333735
        },
        "scale": {
          "x": 1.0,
          "y": 1.0,
          "z": 1.0
        },
        "matrix_basis": [
          [
            0.9999488592147827,
            -0.004129724111407995,
            0.009231419302523136,
            0.0
          ],
          [
            0.004857546649873257,
            0.9967618584632874,
            -0.08026360720396042,
            0.0
          ],
          [
            -0.008870059624314308,
            0.0803043469786644,
            0.9967309236526489,
            0.0
          ],
          [
            0.0,
            0.0,
            0.0,
            1.0
          ]
        ],
        "rotation_mode": "QUATERNION"
      },
      "armature_space": {
        "head": {
          "x": 0.6006568670272827,
          "y": -0.3069498538970947,
          "z": 0.12092815339565277
        },
        "tail": {
          "x": 0.6186314821243286,
          "y": -0.31409549713134766,
          "z": 0.0990285873413086
        }
      },
      "world_space": {
        "head": {
          "x": 0.6006568670272827,
          "y": -0.2437058538198471,
          "z": 1.07078218460083
        },
        "tail": {
          "x": 0.6186314821243286,
          "y": -0.25085151195526123,
          "z": 1.0488826036453247
        },
        "rotation_quaternion": {
          "w": 0.4431888461112976,
          "x": -0.7864418029785156,
          "y": -0.42579877376556396,
          "z": 0.06154947727918625
        },
        "matrix": [
          [
            0.6298122406005859,
            0.6151759624481201,
            -0.4742307960987091,
            0.6006568670272827
          ],
          [
            0.7242903113365173,
            -0.24455741047859192,
            0.6446672081947327,
            -0.2437058538198471
          ],
          [
            0.28060978651046753,
            -0.7495054602622986,
            -0.5995946526527405,
            1.07078218460083
          ],
          [
            0.0,
            0.0,
            0.0,
            1.0
          ]
        ]
      },
      "bone_length_armature_space": 0.029218795537554538,
      "parent": "index_02_l",
      "has_children": false,
      "is_end_bone": true
    },
    "metacarpal_pinky_l": {
      "name": "metacarpal_pinky_l",
      "local": {
        "location": {
          "x": 0.0,
          "y": 0.0,
          "z": 0.0
        },
        "rotation_quaternion": {
          "w": 0.9980674982070923,
          "x": -0.06141934171319008,
          "y": -0.008391981944441795,
          "z": -0.004321500193327665
        },
        "scale": {
          "x": 1.0,
          "y": 1.0,
          "z": 1.0
        },
        "matrix_basis": [
          [
            0.9998217821121216,
            0.009657157585024834,
            -0.016220681369304657,
            0.0
          ],
          [
            -0.007595437578856945,
            0.9924179911613464,
            0.12267383188009262,
            0.0
          ],
          [
            0.017282376065850258,
            -0.12252876907587051,
            0.9923144578933716,
            0.0
          ],
          [
            0.0,
            0.0,
            0.0,
            1.0
          ]
        ],
        "rotation_mode": "QUATERNION"
      },
      "armature_space": {
        "head": {
          "x": 0.5429248809814453,
          "y": -0.22525373101234436,
          "z": 0.25400489568710327
        },
        "tail": {
          "x": 0.6166908740997314,
          "y": -0.25161832571029663,
          "z": 0.18539899587631226
        }
      },
      "world_space": {
        "head": {
          "x": 0.5429248809814453,
          "y": -0.16200973093509674,
          "z": 1.2038588523864746
        },
        "tail": {
          "x": 0.6166908740997314,
          "y": -0.188374325633049,
          "z": 1.1352529525756836
        },
        "rotation_quaternion": {
          "w": 0.26202985644340515,
          "x": 0.2924795150756836,
          "y": 0.5520393252372742,
          "z": -0.7355601787567139
        },
        "matrix": [
          [
            -0.6915923953056335,
            0.7083977460861206,
            -0.140969917178154,
            0.5429248809814453
          ],
          [
            -0.06256028264760971,
            -0.25318750739097595,
            -0.9653924703598022,
            -0.16200973093509674
          ],
          [
            -0.7195786237716675,
            -0.6588436961174011,
            0.21942052245140076,
            1.2038588523864746
          ],
          [
            0.0,
            0.0,
            0.0,
            1.0
          ]
        ]
      },
      "bone_length_armature_space": 0.10413108664447318,
      "parent": "lowerarm_l",
      "has_children": true,
      "is_end_bone": false
    },
    "pinky_01_l": {
      "name": "pinky_01_l",
      "local": {
        "location": {
          "x": 0.0,
          "y": 0.0,
          "z": 0.0
        },
        "rotation_quaternion": {
          "w": 0.9961668252944946,
          "x": -0.08677183091640472,
          "y": -2.916203811764717e-05,
          "z": -0.011056986637413502
        },
        "scale": {
          "x": 1.0,
          "y": 1.0,
          "z": 1.0
        },
        "matrix_basis": [
          [
            0.9997555017471313,
            0.022034266963601112,
            0.0018607694655656815,
            0.0
          ],
          [
            -0.02202414534986019,
            0.9846968054771423,
            0.17287908494472504,
            0.0
          ],
          [
            0.001976970350369811,
            -0.17287778854370117,
            0.984941303730011,
            0.0
          ],
          [
            0.0,
            0.0,
            0.0,
            1.0
          ]
        ],
        "rotation_mode": "QUATERNION"
      },
      "armature_space": {
        "head": {
          "x": 0.6166908740997314,
          "y": -0.25161832571029663,
          "z": 0.18539899587631226
        },
        "tail": {
